[name]
unknown

[dist]
# distance from previous block
# <min> <max>
24	42

[block]
# block no. 0 follows, 25 sequences, length 16
# corresponding to MSA columns:
# 63-78
name=unknown_A
#
# <colnr> <probs for GDERKNQSTAVLIFYWHMCP>
#	G	D	E	R	K	N	Q	S	T	A	V	L	I	F	Y	W	H	M	C	P
0	0.02199	0.08846	0.14004	0.02416	0.13923	0.27906	0.05297	0.02613	0.01876	0.02213	0.01311	0.01582	0.01065	0.00721	0.00696	0.00202	0.01111	0.00556	0.00386	0.11077
1	0.01970	0.59447	0.16931	0.01502	0.02262	0.02816	0.01633	0.02348	0.01588	0.01950	0.01140	0.01322	0.00992	0.00678	0.00545	0.00182	0.00892	0.00446	0.00331	0.01025
2	0.06440	0.03787	0.07746	0.02042	0.09618	0.01856	0.05571	0.25194	0.07260	0.08799	0.02080	0.08255	0.01707	0.01088	0.00895	0.04258	0.00820	0.00831	0.00631	0.01123
3	0.02011	0.02260	0.03110	0.09033	0.09449	0.17349	0.22070	0.02403	0.01711	0.02146	0.01311	0.01811	0.01086	0.00887	0.01270	0.00265	0.19777	0.00716	0.00375	0.00961
4	0.01108	0.00762	0.00885	0.00917	0.00958	0.00748	0.00575	0.01169	0.01271	0.01668	0.03180	0.11165	0.08249	0.54552	0.03186	0.00639	0.00695	0.07220	0.00534	0.00521
5	0.01007	0.00789	0.00910	0.00880	0.01103	0.00693	0.00660	0.01287	0.01980	0.02600	0.37560	0.06630	0.37579	0.01775	0.00915	0.00253	0.00379	0.01520	0.00787	0.00693
6	0.02607	0.16608	0.02535	0.08283	0.02472	0.02178	0.01423	0.31970	0.02632	0.14604	0.01868	0.01954	0.01362	0.01147	0.04690	0.00281	0.00903	0.00660	0.00652	0.01171
7	0.01917	0.08350	0.08260	0.01440	0.01910	0.07115	0.01250	0.07154	0.18944	0.08603	0.06902	0.09466	0.10435	0.01212	0.00781	0.00244	0.00705	0.00992	0.03306	0.01015
8	0.00958	0.00708	0.00897	0.01017	0.01115	0.00646	0.00699	0.01131	0.01618	0.02135	0.12471	0.53177	0.16093	0.02248	0.00968	0.00297	0.00430	0.02011	0.00736	0.00646
9	0.02223	0.02246	0.06053	0.09979	0.13338	0.15162	0.01679	0.15566	0.16046	0.02990	0.01898	0.02067	0.01451	0.00862	0.00747	0.00233	0.00930	0.00689	0.04733	0.01108
10	0.06222	0.19391	0.10552	0.10286	0.08443	0.10183	0.05338	0.10115	0.01921	0.02509	0.01575	0.07160	0.01385	0.00878	0.00703	0.00226	0.00955	0.00705	0.00442	0.01011
11	0.00932	0.00786	0.00806	0.00801	0.01057	0.00661	0.00601	0.01142	0.01803	0.02179	0.12840	0.07322	0.62561	0.01932	0.00916	0.00260	0.00390	0.01617	0.00731	0.00661
12	0.01073	0.00790	0.01007	0.00980	0.01165	0.00724	0.00739	0.01403	0.02078	0.02872	0.52833	0.09825	0.15025	0.01711	0.00927	0.00256	0.00392	0.04664	0.00821	0.00715
13	0.01483	0.01404	0.02330	0.65200	0.05067	0.01777	0.02116	0.01972	0.01520	0.01972	0.01348	0.02037	0.01032	0.00823	0.00921	0.00265	0.06840	0.00688	0.00344	0.00860
14	0.61995	0.01612	0.01474	0.01472	0.08039	0.01827	0.01063	0.09694	0.01636	0.03553	0.01208	0.01394	0.00934	0.00742	0.00542	0.00238	0.00661	0.00479	0.00505	0.00934
15	0.02118	0.02196	0.02820	0.11489	0.44281	0.16189	0.02130	0.05119	0.01911	0.02435	0.01411	0.01823	0.01162	0.00733	0.00754	0.00227	0.01032	0.00650	0.00399	0.01121

[dist]
# distance from previous block
# <min> <max>
0	2

[block]
# block no. 1 follows, 25 sequences, length 9
# corresponding to MSA columns:
# 81-89
name=unknown_B
#
# <colnr> <probs for GDERKNQSTAVLIFYWHMCP>
#	G	D	E	R	K	N	Q	S	T	A	V	L	I	F	Y	W	H	M	C	P
0	0.01895	0.02112	0.03348	0.14953	0.10873	0.13436	0.31502	0.02388	0.01812	0.02264	0.01654	0.07000	0.01411	0.00832	0.00842	0.00251	0.01170	0.00872	0.00408	0.00978
1	0.02603	0.01915	0.02082	0.01663	0.02185	0.02100	0.01344	0.54292	0.03274	0.04387	0.02276	0.13952	0.01973	0.01188	0.00812	0.00247	0.00784	0.00957	0.00766	0.01200
2	0.01347	0.00673	0.01010	0.01010	0.01010	0.00673	0.00673	0.01010	0.01010	0.01347	0.01347	0.02357	0.01347	0.02694	0.03030	0.77441	0.00673	0.00673	0.00337	0.00337
3	0.02054	0.02373	0.10681	0.11392	0.31583	0.12771	0.04929	0.07350	0.04741	0.02565	0.01508	0.01864	0.01193	0.00756	0.00762	0.00234	0.01037	0.00664	0.00423	0.01121
4	0.01466	0.05994	0.01413	0.01115	0.01448	0.01232	0.00881	0.12537	0.07024	0.02890	0.20727	0.08471	0.28724	0.01558	0.00857	0.00249	0.00514	0.01305	0.00742	0.00853
5	0.03315	0.01443	0.02048	0.01552	0.02167	0.01298	0.05960	0.08388	0.02299	0.58646	0.02856	0.02539	0.01818	0.00935	0.00790	0.00241	0.00723	0.00784	0.00903	0.01299
6	0.00983	0.00712	0.00867	0.00974	0.01046	0.00663	0.00639	0.01097	0.01450	0.01888	0.04461	0.45409	0.15320	0.18793	0.01668	0.00408	0.00511	0.01855	0.00661	0.00597
7	0.02507	0.10960	0.02210	0.01676	0.02085	0.35792	0.01296	0.15870	0.02248	0.02455	0.01539	0.02110	0.01379	0.13171	0.01250	0.00298	0.01105	0.00640	0.00483	0.00925
8	0.02553	0.20174	0.02669	0.07164	0.02514	0.33493	0.01492	0.13808	0.04834	0.02466	0.01378	0.01554	0.01112	0.00797	0.00673	0.00204	0.01103	0.00544	0.00460	0.01006

[dist]
# distance from previous block
# <min> <max>
3	6

[block]
# block no. 2 follows, 25 sequences, length 66
# corresponding to MSA columns:
# 96-161
name=unknown_C
#
# <colnr> <probs for GDERKNQSTAVLIFYWHMCP>
#	G	D	E	R	K	N	Q	S	T	A	V	L	I	F	Y	W	H	M	C	P
0	0.00993	0.00727	0.00939	0.01065	0.01157	0.00661	0.00719	0.01138	0.01489	0.02001	0.04147	0.62971	0.06995	0.04876	0.01069	0.00316	0.00467	0.02033	0.00694	0.05543
1	0.01856	0.01790	0.03063	0.12899	0.52506	0.01839	0.06305	0.02425	0.05059	0.02496	0.01542	0.01999	0.01258	0.00718	0.00779	0.00238	0.00944	0.00714	0.00400	0.01170
2	0.01796	0.01581	0.01813	0.01356	0.02005	0.03810	0.03508	0.06821	0.08986	0.02751	0.01611	0.01780	0.01291	0.00664	0.00630	0.00149	0.00658	0.00542	0.00514	0.57734
3	0.04514	0.01657	0.02359	0.05508	0.02280	0.02159	0.06122	0.04354	0.04030	0.02193	0.03676	0.02111	0.03506	0.01253	0.02016	0.00313	0.49900	0.00751	0.00413	0.00885
4	0.01684	0.01680	0.02372	0.05562	0.02205	0.02341	0.01720	0.01872	0.01206	0.01872	0.01036	0.01715	0.01019	0.01327	0.02454	0.00335	0.67731	0.00679	0.00340	0.00849
5	0.01088	0.00792	0.01024	0.00966	0.01153	0.00728	0.00724	0.01445	0.02173	0.03057	0.64436	0.05878	0.10418	0.01605	0.00915	0.00245	0.00367	0.01414	0.00847	0.00728
6	0.01555	0.04011	0.68733	0.02210	0.03356	0.01801	0.02865	0.02455	0.01637	0.02455	0.01391	0.01637	0.00982	0.00737	0.00737	0.00246	0.01146	0.00573	0.00327	0.01146
7	0.01769	0.02419	0.20307	0.09082	0.32182	0.01848	0.16297	0.02390	0.01729	0.02458	0.01459	0.01896	0.01138	0.00701	0.00793	0.00243	0.01073	0.00710	0.00368	0.01137
8	0.01032	0.00784	0.00950	0.00920	0.01121	0.00702	0.00686	0.01332	0.02022	0.02728	0.45282	0.09742	0.26374	0.01749	0.00919	0.00253	0.00379	0.01518	0.00804	0.00702
9	0.00945	0.00675	0.00900	0.01080	0.01125	0.00630	0.00720	0.01080	0.01484	0.01979	0.04274	0.72245	0.05128	0.02429	0.00990	0.00315	0.00450	0.02204	0.00720	0.00630
10	0.00939	0.00769	0.00832	0.00878	0.01092	0.00662	0.00650	0.01131	0.01711	0.02083	0.06937	0.20646	0.51701	0.02067	0.00939	0.00277	0.00421	0.04893	0.00720	0.00653
11	0.19657	0.02017	0.03054	0.07435	0.03127	0.10504	0.32991	0.02387	0.01691	0.02537	0.01452	0.02007	0.01175	0.05525	0.00979	0.00281	0.01097	0.00744	0.00415	0.00927
12	0.02058	0.01854	0.01818	0.01622	0.02067	0.07360	0.01262	0.07188	0.58142	0.03221	0.02933	0.02720	0.02204	0.01026	0.00781	0.00256	0.00689	0.00837	0.00757	0.01206
13	0.00954	0.00696	0.00898	0.01039	0.01119	0.00641	0.00706	0.01114	0.01572	0.02082	0.09718	0.59779	0.12207	0.02310	0.00976	0.00303	0.00437	0.02077	0.00730	0.00641
14	0.02084	0.67513	0.03924	0.04083	0.02139	0.02988	0.01365	0.04860	0.01658	0.01954	0.01121	0.01301	0.01010	0.00679	0.00520	0.00172	0.00838	0.00437	0.00350	0.01003
15	0.02171	0.60433	0.06396	0.01459	0.02104	0.12592	0.01413	0.02438	0.01667	0.01860	0.01108	0.01282	0.00995	0.00686	0.00536	0.00174	0.00924	0.00433	0.00341	0.00987
16	0.02225	0.01694	0.01869	0.01410	0.02022	0.01652	0.01147	0.31801	0.02570	0.03671	0.01708	0.01841	0.01303	0.00771	0.00666	0.00176	0.00687	0.00595	0.07371	0.34823
17	0.01569	0.01485	0.02514	0.55725	0.19688	0.01750	0.02205	0.02072	0.01600	0.02108	0.01397	0.02033	0.01078	0.00756	0.00773	0.00252	0.01008	0.00689	0.00354	0.00945
18	0.00945	0.00675	0.00900	0.01080	0.01125	0.00630	0.00720	0.01080	0.01484	0.01979	0.04274	0.72245	0.05128	0.02429	0.00990	0.00315	0.00450	0.02204	0.00720	0.00630
19	0.14002	0.01379	0.01728	0.01345	0.01929	0.01275	0.01111	0.06043	0.02150	0.56728	0.02732	0.02413	0.01743	0.00925	0.00737	0.00240	0.00659	0.00726	0.00885	0.01252
20	0.00945	0.00675	0.00900	0.01080	0.01125	0.00630	0.00720	0.01080	0.01484	0.01979	0.04274	0.72245	0.05128	0.02429	0.00990	0.00315	0.00450	0.02204	0.00720	0.00630
21	0.01464	0.01378	0.02326	0.70887	0.05340	0.01723	0.02153	0.01981	0.01550	0.01981	0.01378	0.02067	0.01034	0.00775	0.00775	0.00258	0.01034	0.00689	0.00345	0.00861
22	0.01128	0.00752	0.00846	0.00846	0.00846	0.00752	0.00470	0.01128	0.01128	0.01503	0.02443	0.05074	0.02819	0.72751	0.03946	0.00752	0.00752	0.01128	0.00470	0.00470
23	0.01128	0.00752	0.00846	0.00846	0.00846	0.00752	0.00470	0.01128	0.01128	0.01503	0.02443	0.05074	0.02819	0.72751	0.03946	0.00752	0.00752	0.01128	0.00470	0.00470
24	0.02896	0.03695	0.02197	0.01998	0.02397	0.69638	0.01498	0.03096	0.02197	0.01898	0.01199	0.01398	0.00999	0.00799	0.00699	0.00200	0.01398	0.00499	0.00400	0.00899
25	0.01128	0.00752	0.00846	0.00846	0.00846	0.00752	0.00470	0.01128	0.01128	0.01503	0.02443	0.05074	0.02819	0.72751	0.03946	0.00752	0.00752	0.01128	0.00470	0.00470
26	0.00958	0.00684	0.00915	0.01095	0.01145	0.00641	0.00743	0.01102	0.01497	0.01994	0.04266	0.69508	0.05100	0.02417	0.00993	0.00317	0.00461	0.04811	0.00719	0.00633
27	0.78228	0.01499	0.01140	0.01020	0.01499	0.01739	0.00840	0.02279	0.01320	0.03479	0.01080	0.01260	0.00840	0.00720	0.00480	0.00240	0.00600	0.00420	0.00480	0.00840
28	0.00945	0.00675	0.00900	0.01080	0.01125	0.00630	0.00720	0.01080	0.01484	0.01979	0.04274	0.72245	0.05128	0.02429	0.00990	0.00315	0.00450	0.02204	0.00720	0.00630
29	0.01674	0.01664	0.02333	0.02006	0.02011	0.02322	0.01669	0.01848	0.01190	0.01864	0.01057	0.01747	0.01052	0.01524	0.05053	0.00373	0.68744	0.00684	0.00342	0.00842
30	0.01645	0.01550	0.02601	0.30250	0.36250	0.01688	0.02123	0.02105	0.01648	0.02251	0.01745	0.02290	0.04086	0.01107	0.05186	0.00308	0.01016	0.00740	0.00385	0.01025
31	0.23642	0.07346	0.02019	0.01653	0.02110	0.38934	0.01294	0.07825	0.04219	0.02615	0.01277	0.01438	0.01027	0.00788	0.00635	0.00213	0.01071	0.00501	0.00461	0.00933
32	0.01143	0.00770	0.00898	0.00920	0.00943	0.00770	0.00570	0.01189	0.01212	0.01608	0.02657	0.05546	0.03030	0.63681	0.03577	0.00701	0.00747	0.09036	0.00501	0.00501
33	0.02302	0.17355	0.02577	0.01790	0.02185	0.31138	0.03659	0.06516	0.01936	0.02145	0.04660	0.01803	0.01417	0.01244	0.05756	0.00292	0.11274	0.00604	0.00425	0.00921
34	0.01696	0.01696	0.02375	0.02036	0.02036	0.02375	0.01696	0.01866	0.01187	0.01866	0.01018	0.01696	0.01018	0.01357	0.02545	0.00339	0.71332	0.00679	0.00339	0.00848
35	0.02947	0.02172	0.02327	0.01784	0.02404	0.02404	0.01474	0.65329	0.03646	0.04887	0.01862	0.01862	0.01319	0.00931	0.00776	0.00233	0.00853	0.00698	0.00776	0.01319
36	0.02016	0.01747	0.01741	0.01562	0.01997	0.06371	0.01213	0.03901	0.56468	0.05968	0.03232	0.02987	0.05189	0.01072	0.00788	0.00258	0.00658	0.00881	0.00767	0.01184
37	0.02578	0.01501	0.04642	0.01466	0.01987	0.01401	0.01234	0.03556	0.24268	0.35085	0.03285	0.03375	0.04680	0.01118	0.00811	0.00259	0.00660	0.06045	0.00844	0.01205
38	0.02947	0.02172	0.02327	0.01784	0.02404	0.02404	0.01474	0.65329	0.03646	0.04887	0.01862	0.01862	0.01319	0.00931	0.00776	0.00233	0.00853	0.00698	0.00776	0.01319
39	0.01128	0.00752	0.00846	0.00846	0.00846	0.00752	0.00470	0.01128	0.01128	0.01503	0.02443	0.05074	0.02819	0.72751	0.03946	0.00752	0.00752	0.01128	0.00470	0.00470
40	0.01837	0.00838	0.00930	0.00849	0.01110	0.00803	0.00657	0.02186	0.01740	0.15507	0.02631	0.02842	0.01974	0.00914	0.00588	0.00192	0.00419	0.00734	0.62411	0.00838
41	0.00930	0.00786	0.00805	0.00800	0.01056	0.00660	0.00600	0.01140	0.01800	0.02172	0.12421	0.07334	0.62985	0.01935	0.00916	0.00260	0.00391	0.01618	0.00730	0.00660
42	0.00945	0.00675	0.00900	0.01080	0.01125	0.00630	0.00720	0.01080	0.01484	0.01979	0.04274	0.72245	0.05128	0.02429	0.00990	0.00315	0.00450	0.02204	0.00720	0.00630
43	0.00975	0.00788	0.00866	0.00847	0.01083	0.00679	0.00635	0.01225	0.01905	0.02421	0.27043	0.06925	0.48208	0.01842	0.00916	0.00256	0.00384	0.01561	0.00763	0.00679
44	0.01696	0.01696	0.02375	0.02036	0.02036	0.02375	0.01696	0.01866	0.01187	0.01866	0.01018	0.01696	0.01018	0.01357	0.02545	0.00339	0.71332	0.00679	0.00339	0.00848
45	0.05882	0.01551	0.01917	0.01474	0.02076	0.01495	0.01218	0.20023	0.02566	0.49412	0.02675	0.02386	0.01724	0.00944	0.00768	0.00238	0.00709	0.00746	0.00895	0.01303
46	0.00945	0.00675	0.00900	0.01080	0.01125	0.00630	0.00720	0.01080	0.01484	0.01979	0.04274	0.72245	0.05128	0.02429	0.00990	0.00315	0.00450	0.02204	0.00720	0.00630
47	0.01337	0.00842	0.01109	0.01022	0.01242	0.00769	0.00773	0.01686	0.02166	0.09819	0.58059	0.08387	0.06662	0.01558	0.00904	0.00247	0.00400	0.01373	0.00859	0.00788
48	0.01918	0.02141	0.03593	0.02964	0.10461	0.10610	0.37003	0.02403	0.01791	0.02353	0.04869	0.02117	0.01456	0.00832	0.01119	0.00261	0.11874	0.00826	0.00408	0.01001
49	0.06719	0.01949	0.01965	0.01570	0.02102	0.09565	0.01272	0.33205	0.02836	0.19051	0.07076	0.02301	0.01883	0.00961	0.00754	0.00230	0.00800	0.00735	0.03847	0.01177
50	0.06595	0.03192	0.02206	0.07807	0.05544	0.52399	0.01557	0.07596	0.02187	0.02238	0.01269	0.01505	0.01028	0.00798	0.00703	0.00211	0.01265	0.00535	0.00427	0.00939
51	0.00977	0.00719	0.00964	0.01121	0.01164	0.00706	0.00762	0.01114	0.01472	0.01974	0.04132	0.69175	0.04949	0.02382	0.01057	0.00316	0.03534	0.02138	0.00703	0.00639
52	0.01115	0.00770	0.00955	0.00962	0.01000	0.00805	0.00613	0.01194	0.01173	0.01601	0.02416	0.07142	0.02674	0.52151	0.21378	0.00867	0.01094	0.01090	0.00465	0.00535
53	0.01347	0.00673	0.01010	0.01010	0.01010	0.00673	0.00673	0.01010	0.01010	0.01347	0.01347	0.02357	0.01347	0.02694	0.03030	0.77441	0.00673	0.00673	0.00337	0.00337
54	0.01608	0.01378	0.01608	0.01148	0.01837	0.01034	0.00919	0.01952	0.01608	0.02527	0.01378	0.01608	0.01148	0.00574	0.00574	0.00115	0.00574	0.00459	0.00459	0.77491
55	0.03479	0.01320	0.01799	0.01380	0.01979	0.01140	0.01140	0.03779	0.02219	0.68451	0.03059	0.02639	0.01919	0.00960	0.00780	0.00240	0.00660	0.00780	0.00960	0.01320
56	0.02760	0.02278	0.02209	0.01775	0.02335	0.10957	0.01433	0.46488	0.14600	0.04211	0.02006	0.01985	0.01463	0.00935	0.00768	0.00234	0.00881	0.00704	0.00730	0.01248
57	0.02947	0.02172	0.02327	0.01784	0.02404	0.02404	0.01474	0.65329	0.03646	0.04887	0.01862	0.01862	0.01319	0.00931	0.00776	0.00233	0.00853	0.00698	0.00776	0.01319
58	0.00943	0.00681	0.00894	0.01064	0.01121	0.00631	0.00713	0.01081	0.01499	0.01985	0.04461	0.68862	0.08391	0.02405	0.00986	0.00312	0.00447	0.02175	0.00720	0.00631
59	0.00952	0.00692	0.00898	0.01046	0.01120	0.00639	0.00709	0.01107	0.01556	0.02062	0.08646	0.62093	0.10958	0.02333	0.00978	0.00306	0.00439	0.02101	0.00728	0.00639
60	0.01812	0.02037	0.04272	0.03098	0.03775	0.02018	0.56375	0.02399	0.01742	0.02399	0.01493	0.02037	0.01155	0.00750	0.01139	0.00272	0.10941	0.00882	0.00385	0.01019
61	0.01929	0.01666	0.01753	0.01578	0.02016	0.01929	0.01227	0.04120	0.66513	0.03243	0.03156	0.02893	0.02367	0.01052	0.00789	0.00263	0.00614	0.00877	0.00789	0.01227
62	0.00945	0.00675	0.00900	0.01080	0.01125	0.00630	0.00720	0.01080	0.01484	0.01979	0.04274	0.72245	0.05128	0.02429	0.00990	0.00315	0.00450	0.02204	0.00720	0.00630
63	0.00972	0.00690	0.00903	0.01051	0.01100	0.00648	0.00697	0.01109	0.01496	0.02006	0.08144	0.61562	0.05047	0.09108	0.01268	0.00352	0.00473	0.02050	0.00704	0.00621
64	0.01145	0.00952	0.01505	0.01409	0.01562	0.00944	0.09563	0.01363	0.01549	0.02107	0.09588	0.45855	0.04331	0.08237	0.01332	0.00341	0.05121	0.01759	0.00641	0.00696
65	0.01503	0.01423	0.02372	0.63028	0.08397	0.01771	0.02136	0.01995	0.01538	0.02003	0.01359	0.02036	0.01043	0.00808	0.00888	0.00262	0.05526	0.00688	0.00346	0.00880

[dist]
# distance from previous block
# <min> <max>
0	1

[block]
# block no. 3 follows, 25 sequences, length 22
# corresponding to MSA columns:
# 163,164,166-185
name=unknown_D
#
# <colnr> <probs for GDERKNQSTAVLIFYWHMCP>
#	G	D	E	R	K	N	Q	S	T	A	V	L	I	F	Y	W	H	M	C	P
0	0.36744	0.01700	0.07060	0.01718	0.09820	0.01692	0.01304	0.02533	0.06887	0.09408	0.01619	0.01800	0.01232	0.00837	0.00773	0.00245	0.06778	0.00583	0.06283	0.00983
1	0.01706	0.01263	0.01586	0.01408	0.01707	0.01306	0.04937	0.22244	0.02267	0.03107	0.06945	0.34949	0.03498	0.01648	0.00872	0.00269	0.00622	0.01457	0.07315	0.00895
2	0.02515	0.11462	0.07539	0.02123	0.08769	0.29834	0.01646	0.16467	0.02294	0.02673	0.01370	0.01570	0.01096	0.00809	0.00766	0.00211	0.03774	0.00562	0.00467	0.04052
3	0.01961	0.01399	0.01666	0.01210	0.01882	0.01102	0.00975	0.04632	0.01783	0.13271	0.01668	0.01784	0.01279	0.00650	0.00615	0.00139	0.00599	0.00520	0.00552	0.62312
4	0.02275	0.05723	0.13160	0.12492	0.07407	0.10056	0.01774	0.20421	0.02347	0.08694	0.04371	0.02197	0.03883	0.00895	0.00757	0.00234	0.00946	0.00707	0.00560	0.01102
5	0.04759	0.06942	0.26435	0.01755	0.02382	0.01501	0.09547	0.01965	0.01551	0.02213	0.02345	0.03346	0.07147	0.13237	0.06629	0.00413	0.01033	0.05477	0.00434	0.00890
6	0.01314	0.00859	0.01096	0.01031	0.01253	0.00796	0.00774	0.01701	0.04506	0.08907	0.46494	0.13416	0.11577	0.01640	0.00906	0.00254	0.00415	0.01440	0.00833	0.00786
7	0.01128	0.00752	0.00846	0.00846	0.00846	0.00752	0.00470	0.01128	0.01128	0.01503	0.02443	0.05074	0.02819	0.72751	0.03946	0.00752	0.00752	0.01128	0.00470	0.00470
8	0.11394	0.23180	0.18371	0.05330	0.08071	0.04184	0.06962	0.07589	0.01772	0.02553	0.01303	0.01570	0.01036	0.00741	0.00709	0.00223	0.03007	0.00562	0.00398	0.01048
9	0.02139	0.02027	0.10088	0.01733	0.04906	0.12350	0.01446	0.09431	0.01980	0.12175	0.08021	0.02428	0.01946	0.01476	0.06760	0.04004	0.09057	0.00739	0.06321	0.00973
10	0.01032	0.00719	0.00907	0.00999	0.01034	0.00707	0.00640	0.01124	0.01322	0.01773	0.03357	0.39563	0.03938	0.30936	0.07854	0.00567	0.00705	0.01659	0.00594	0.00571
11	0.01120	0.00763	0.00992	0.01067	0.01130	0.00764	0.00718	0.03486	0.01409	0.01896	0.03226	0.39980	0.03722	0.17510	0.09513	0.09183	0.00735	0.01597	0.00592	0.00596
12	0.02235	0.24415	0.08217	0.04437	0.07171	0.07711	0.01586	0.13388	0.02005	0.08227	0.01531	0.01768	0.01222	0.01200	0.06005	0.00296	0.06445	0.00598	0.00480	0.01062
13	0.02260	0.01432	0.01603	0.01329	0.01753	0.01511	0.01063	0.23168	0.11838	0.13420	0.11971	0.02940	0.02592	0.01042	0.00744	0.00228	0.00604	0.00845	0.18577	0.01081
14	0.01158	0.00891	0.01287	0.01260	0.01369	0.01056	0.00965	0.01391	0.01226	0.01768	0.02037	0.03192	0.01975	0.13892	0.55954	0.01110	0.07520	0.00856	0.00416	0.00677
15	0.01785	0.02451	0.20860	0.09256	0.34303	0.06835	0.02291	0.02344	0.01780	0.02464	0.06873	0.02135	0.01630	0.00793	0.00767	0.00236	0.00983	0.00703	0.00405	0.01108
16	0.02023	0.08238	0.07922	0.11442	0.29602	0.09251	0.04768	0.02450	0.01764	0.07245	0.01598	0.04530	0.01330	0.00825	0.00821	0.00236	0.03734	0.00710	0.00427	0.01082
17	0.01292	0.00749	0.00863	0.00870	0.01001	0.00775	0.00624	0.01556	0.01444	0.02355	0.02494	0.06345	0.02275	0.15995	0.15520	0.00518	0.00796	0.00888	0.42976	0.00663
18	0.19348	0.02459	0.05479	0.05518	0.25914	0.24076	0.01758	0.02580	0.01792	0.02511	0.01282	0.01592	0.01046	0.00738	0.00679	0.00224	0.01021	0.00561	0.00406	0.01014
19	0.01126	0.00736	0.00843	0.00873	0.00897	0.00729	0.00518	0.01181	0.01232	0.01708	0.02752	0.15937	0.03124	0.54640	0.03150	0.00628	0.00667	0.01268	0.07472	0.00519
20	0.10641	0.01764	0.01946	0.01573	0.02051	0.01969	0.01285	0.35627	0.06989	0.08922	0.07572	0.02325	0.01916	0.01309	0.05153	0.00308	0.06049	0.00754	0.00711	0.01137
21	0.02629	0.02026	0.02308	0.07517	0.02585	0.02324	0.01546	0.49725	0.05893	0.04208	0.01775	0.01903	0.01304	0.00975	0.00991	0.00249	0.09431	0.00703	0.00688	0.01220

[dist]
# distance from previous block
# <min> <max>
0	2

[block]
# block no. 4 follows, 25 sequences, length 28
# corresponding to MSA columns:
# 188-215
name=unknown_E
#
# <colnr> <probs for GDERKNQSTAVLIFYWHMCP>
#	G	D	E	R	K	N	Q	S	T	A	V	L	I	F	Y	W	H	M	C	P
0	0.02462	0.01876	0.02006	0.01626	0.02128	0.02093	0.01297	0.40951	0.21455	0.04057	0.02295	0.02497	0.01778	0.08549	0.01114	0.00296	0.00774	0.00795	0.00747	0.01203
1	0.01427	0.01044	0.01239	0.01220	0.01425	0.01058	0.00890	0.16332	0.02061	0.02748	0.07964	0.47014	0.08534	0.01989	0.00929	0.00287	0.00536	0.01758	0.00742	0.00801
2	0.62878	0.01602	0.01361	0.01159	0.01667	0.01824	0.00956	0.12661	0.01737	0.06339	0.01288	0.01414	0.00962	0.00764	0.00540	0.00239	0.00644	0.00480	0.00548	0.00938
3	0.01128	0.00752	0.00846	0.00846	0.00846	0.00752	0.00470	0.01128	0.01128	0.01503	0.02443	0.05074	0.02819	0.72751	0.03946	0.00752	0.00752	0.01128	0.00470	0.00470
4	0.02018	0.65910	0.10891	0.01420	0.02134	0.02934	0.01489	0.02336	0.01582	0.01891	0.01111	0.01285	0.00994	0.00671	0.00523	0.00174	0.00863	0.00431	0.00331	0.01011
5	0.00969	0.00689	0.00913	0.01083	0.01132	0.00649	0.00731	0.01107	0.01479	0.01970	0.04167	0.65668	0.04973	0.06196	0.01152	0.00340	0.00478	0.04971	0.00706	0.00625
6	0.00961	0.00687	0.00914	0.01069	0.01128	0.00641	0.00721	0.01120	0.01559	0.02099	0.10950	0.65228	0.05359	0.02340	0.00982	0.00307	0.00441	0.02120	0.00734	0.00641
7	0.01019	0.00844	0.00900	0.00876	0.01133	0.00753	0.00660	0.01379	0.06024	0.02380	0.19959	0.06820	0.50861	0.01826	0.00908	0.00258	0.00401	0.01539	0.00752	0.00707
8	0.01889	0.02161	0.04209	0.03067	0.03752	0.06517	0.54878	0.02466	0.01794	0.02386	0.01492	0.02008	0.01150	0.00730	0.01054	0.00265	0.07912	0.00865	0.00388	0.01017
9	0.08208	0.02113	0.01960	0.01669	0.02021	0.18932	0.01335	0.13158	0.04212	0.11335	0.01705	0.01904	0.01314	0.00987	0.01129	0.00247	0.17553	0.00642	0.08578	0.01000
10	0.01108	0.00831	0.01246	0.01246	0.01385	0.00969	0.00969	0.01385	0.01246	0.01800	0.02077	0.03046	0.01938	0.05815	0.69678	0.01246	0.02077	0.00831	0.00415	0.00692
11	0.01087	0.00783	0.01030	0.01009	0.01175	0.00727	0.00754	0.01425	0.02092	0.02940	0.57122	0.13730	0.06926	0.01710	0.00931	0.00257	0.00392	0.04359	0.00831	0.00719
12	0.01767	0.01861	0.03755	0.14059	0.03912	0.01838	0.45331	0.06281	0.01871	0.02512	0.01784	0.07974	0.01495	0.00840	0.00890	0.00264	0.01161	0.00973	0.00436	0.00998
13	0.07616	0.10649	0.02288	0.01877	0.07088	0.28448	0.01394	0.18186	0.02334	0.02888	0.01501	0.01683	0.01189	0.00814	0.00669	0.00207	0.00999	0.00572	0.08583	0.01016
14	0.07543	0.01599	0.02434	0.37689	0.22014	0.01826	0.02010	0.07558	0.05261	0.02560	0.01514	0.01992	0.01169	0.00776	0.00752	0.00247	0.00932	0.00680	0.00426	0.01020
15	0.01484	0.01399	0.02362	0.67955	0.08115	0.01728	0.02163	0.01999	0.01560	0.02006	0.01382	0.02061	0.01042	0.00771	0.00775	0.00257	0.01029	0.00689	0.00346	0.00878
16	0.01490	0.01031	0.03441	0.01086	0.01405	0.00855	0.00870	0.01851	0.02087	0.11821	0.47744	0.04765	0.05595	0.03405	0.00941	0.00244	0.00465	0.01183	0.00798	0.08922
17	0.01203	0.00822	0.01035	0.01095	0.01213	0.00796	0.00779	0.04212	0.01654	0.04152	0.10525	0.35781	0.06658	0.16744	0.01586	0.00395	0.00560	0.09429	0.00691	0.00671
18	0.02018	0.65910	0.10891	0.01420	0.02134	0.02934	0.01489	0.02336	0.01582	0.01891	0.01111	0.01285	0.00994	0.00671	0.00523	0.00174	0.00863	0.00431	0.00331	0.01011
19	0.46709	0.01578	0.01512	0.01244	0.01778	0.01716	0.01026	0.14040	0.01956	0.19297	0.01695	0.01699	0.01185	0.00815	0.00605	0.00239	0.00660	0.00556	0.00648	0.01041
20	0.09249	0.00849	0.00989	0.00954	0.01147	0.00827	0.00705	0.01507	0.01911	0.02889	0.43517	0.10814	0.08059	0.06279	0.01049	0.00279	0.00424	0.01307	0.06532	0.00713
21	0.01390	0.00932	0.01232	0.05580	0.01591	0.00920	0.00939	0.05813	0.01952	0.07608	0.25693	0.26871	0.04999	0.03879	0.01015	0.00292	0.00534	0.07222	0.00756	0.00781
22	0.01048	0.00791	0.00968	0.00924	0.01128	0.00711	0.00693	0.01367	0.02078	0.02832	0.51196	0.06248	0.23798	0.01689	0.00915	0.00249	0.00373	0.01466	0.00817	0.00711
23	0.01108	0.00781	0.00983	0.00944	0.01066	0.00747	0.00656	0.01352	0.01813	0.02539	0.43933	0.05454	0.05654	0.24788	0.04531	0.00447	0.00556	0.01291	0.00713	0.00645
24	0.01795	0.02020	0.07695	0.33819	0.24643	0.09482	0.05079	0.02293	0.01711	0.02205	0.01393	0.01913	0.01094	0.00743	0.00768	0.00242	0.01060	0.00670	0.00364	0.01012
25	0.01040	0.00725	0.00987	0.01155	0.01228	0.00693	0.00839	0.01197	0.01524	0.02018	0.04049	0.53165	0.04734	0.02380	0.01138	0.05231	0.00525	0.16047	0.00694	0.00631
26	0.01418	0.00925	0.01291	0.01424	0.01635	0.00911	0.01241	0.01771	0.01818	0.07320	0.04026	0.08284	0.04270	0.02053	0.01049	0.00348	0.00710	0.58015	0.00733	0.00760
27	0.06410	0.01175	0.01622	0.18165	0.06847	0.01275	0.01345	0.02088	0.08697	0.07316	0.02966	0.17469	0.04661	0.04695	0.01000	0.00305	0.00722	0.11771	0.00605	0.00864

[dist]
# distance from previous block
# <min> <max>
1	3

[block]
# block no. 5 follows, 25 sequences, length 33
# corresponding to MSA columns:
# 219-251
name=unknown_F
#
# <colnr> <probs for GDERKNQSTAVLIFYWHMCP>
#	G	D	E	R	K	N	Q	S	T	A	V	L	I	F	Y	W	H	M	C	P
0	0.01886	0.01643	0.01674	0.05627	0.04158	0.13471	0.01208	0.06428	0.01856	0.05453	0.08176	0.02749	0.05248	0.01283	0.03998	0.00281	0.13571	0.00786	0.19640	0.00866
1	0.23756	0.02057	0.05544	0.04746	0.09504	0.10497	0.01458	0.16195	0.02090	0.09286	0.01558	0.01751	0.01174	0.01026	0.03529	0.00277	0.03354	0.00599	0.00547	0.01051
2	0.00954	0.00690	0.00886	0.01038	0.01100	0.00640	0.00692	0.01086	0.01488	0.01960	0.04488	0.62052	0.10739	0.06809	0.01169	0.00337	0.00464	0.02084	0.00704	0.00622
3	0.01049	0.00749	0.00996	0.01095	0.01202	0.00709	0.00799	0.01285	0.01738	0.02363	0.23645	0.38762	0.05600	0.04968	0.01099	0.00318	0.00479	0.11727	0.00750	0.00668
4	0.01708	0.01375	0.01618	0.01161	0.01845	0.01039	0.00931	0.02050	0.01641	0.06068	0.01468	0.01663	0.01190	0.00595	0.00585	0.00122	0.00579	0.00477	0.00486	0.73399
5	0.01596	0.03726	0.59234	0.02367	0.03459	0.01824	0.12079	0.02460	0.01666	0.02460	0.01418	0.01704	0.01011	0.00724	0.00763	0.00248	0.01170	0.00624	0.00337	0.01131
6	0.01091	0.00822	0.01013	0.00981	0.01177	0.00766	0.00729	0.01493	0.05184	0.02824	0.47529	0.12412	0.17665	0.01709	0.00916	0.00255	0.00391	0.01497	0.00813	0.00732
7	0.01483	0.01398	0.02360	0.68114	0.07965	0.01728	0.02163	0.01998	0.01559	0.02004	0.01381	0.02061	0.01042	0.00772	0.00775	0.00257	0.01029	0.00689	0.00346	0.00877
8	0.01872	0.01606	0.01704	0.01537	0.01957	0.01847	0.01193	0.03938	0.62110	0.03234	0.07561	0.03091	0.02706	0.01088	0.00798	0.00262	0.00597	0.00913	0.00793	0.01193
9	0.01052	0.00761	0.00974	0.01096	0.01187	0.00725	0.00752	0.04286	0.01646	0.02195	0.08046	0.62075	0.07724	0.02285	0.00971	0.00304	0.00462	0.02058	0.00730	0.00671
10	0.02943	0.02305	0.02316	0.01803	0.02404	0.08267	0.01476	0.59903	0.03519	0.04626	0.01804	0.01821	0.01291	0.00919	0.00769	0.00230	0.00901	0.00681	0.00743	0.01282
11	0.15053	0.05718	0.01880	0.01378	0.01952	0.01547	0.01145	0.09941	0.07501	0.42160	0.02511	0.02277	0.01668	0.00909	0.00716	0.00237	0.00677	0.00701	0.00813	0.01217
12	0.00995	0.00714	0.00945	0.01045	0.01136	0.00664	0.00724	0.01207	0.01721	0.02355	0.25312	0.50134	0.05856	0.02148	0.00965	0.00291	0.00422	0.01937	0.00764	0.00664
13	0.00967	0.00684	0.00893	0.01051	0.01091	0.00645	0.00689	0.01085	0.01441	0.01921	0.04050	0.64048	0.04846	0.11011	0.01350	0.00368	0.00487	0.02073	0.00689	0.00610
14	0.02599	0.03122	0.02248	0.01997	0.02307	0.49554	0.01546	0.05822	0.02016	0.02035	0.01186	0.01495	0.01019	0.00945	0.01164	0.00236	0.18846	0.00554	0.00403	0.00907
15	0.64104	0.07336	0.01448	0.01083	0.01590	0.01784	0.00911	0.02441	0.01436	0.10215	0.01289	0.01404	0.00967	0.00741	0.00513	0.00234	0.00625	0.00457	0.00518	0.00903
16	0.00957	0.00680	0.00896	0.01064	0.01106	0.00638	0.00703	0.01083	0.01460	0.01947	0.04148	0.67647	0.04970	0.07243	0.01192	0.00345	0.00471	0.02131	0.00703	0.00619
17	0.01436	0.00863	0.01076	0.01008	0.01264	0.00764	0.00760	0.01704	0.01962	0.14010	0.29072	0.16455	0.23205	0.01721	0.00904	0.00260	0.00438	0.01490	0.00812	0.00796
18	0.06431	0.01535	0.02468	0.42960	0.20929	0.01816	0.02086	0.02092	0.01557	0.02207	0.01346	0.01943	0.01070	0.00805	0.00921	0.00258	0.07589	0.00672	0.00363	0.00953
19	0.01014	0.00778	0.00824	0.00814	0.01032	0.00682	0.00596	0.01233	0.01760	0.02271	0.16051	0.06553	0.46110	0.08384	0.01162	0.00297	0.00419	0.01467	0.07896	0.00656
20	0.01464	0.01378	0.02326	0.70887	0.05340	0.01723	0.02153	0.01981	0.01550	0.01981	0.01378	0.02067	0.01034	0.00775	0.00775	0.00258	0.01034	0.00689	0.00345	0.00861
21	0.01685	0.01714	0.03035	0.25464	0.12608	0.01980	0.18400	0.02134	0.01553	0.02155	0.01340	0.01952	0.01093	0.00892	0.01296	0.00278	0.20363	0.00745	0.00361	0.00955
22	0.01125	0.00760	0.00887	0.00887	0.00902	0.00774	0.00522	0.01154	0.01140	0.01534	0.02405	0.04864	0.02728	0.65812	0.10761	0.00803	0.00889	0.01097	0.00464	0.00493
23	0.25010	0.22741	0.02290	0.11282	0.02266	0.07932	0.01235	0.02184	0.01557	0.02416	0.01776	0.01990	0.07163	0.00845	0.00652	0.00216	0.02820	0.00587	0.00427	0.04613
24	0.01152	0.00991	0.03972	0.01213	0.01397	0.00894	0.00939	0.01643	0.10160	0.02328	0.10629	0.42840	0.07304	0.02035	0.00952	0.00301	0.00523	0.09249	0.00725	0.00752
25	0.01735	0.00934	0.01241	0.01084	0.01378	0.00841	0.00841	0.02084	0.02201	0.20615	0.50239	0.04947	0.05870	0.01418	0.00878	0.00243	0.00445	0.01235	0.00882	0.00889
26	0.01040	0.00721	0.00943	0.01066	0.01159	0.00679	0.00759	0.01233	0.01620	0.02216	0.13083	0.47644	0.07202	0.02177	0.01018	0.02621	0.00464	0.08169	0.05535	0.00651
27	0.01700	0.02967	0.38909	0.02513	0.09242	0.01771	0.14001	0.02403	0.01718	0.05279	0.06003	0.02078	0.01517	0.00825	0.00905	0.00253	0.05694	0.00720	0.00408	0.01095
28	0.01020	0.00720	0.00930	0.01035	0.01101	0.00683	0.00700	0.01180	0.01551	0.02096	0.14583	0.45095	0.05024	0.15668	0.01544	0.00388	0.00506	0.04860	0.00694	0.00621
29	0.01128	0.00752	0.00846	0.00846	0.00846	0.00752	0.00470	0.01128	0.01128	0.01503	0.02443	0.05074	0.02819	0.72751	0.03946	0.00752	0.00752	0.01128	0.00470	0.00470
30	0.02049	0.55783	0.11841	0.01600	0.02312	0.07194	0.05535	0.02399	0.01640	0.01947	0.01155	0.01355	0.01005	0.00681	0.00566	0.00184	0.00935	0.00471	0.00339	0.01010
31	0.01827	0.12924	0.36019	0.02211	0.06505	0.10012	0.08207	0.02518	0.04477	0.02297	0.01473	0.01835	0.01167	0.04247	0.00877	0.00255	0.01093	0.00622	0.00373	0.01061
32	0.01570	0.01094	0.03176	0.01196	0.01495	0.00988	0.00983	0.07632	0.01991	0.10772	0.13317	0.08823	0.19017	0.07890	0.01186	0.00322	0.00600	0.16387	0.00739	0.00822

[dist]
# distance from previous block
# <min> <max>
2	4

[block]
# block no. 6 follows, 25 sequences, length 160
# corresponding to MSA columns:
# 256-291,293-416
name=unknown_G
#
# <colnr> <probs for GDERKNQSTAVLIFYWHMCP>
#	G	D	E	R	K	N	Q	S	T	A	V	L	I	F	Y	W	H	M	C	P
0	0.01965	0.05254	0.01495	0.01202	0.01545	0.01086	0.00949	0.06544	0.02067	0.22634	0.19281	0.19083	0.08335	0.01528	0.00862	0.00258	0.00549	0.03618	0.00806	0.00938
1	0.68590	0.01643	0.01287	0.01126	0.01615	0.04369	0.00922	0.07995	0.01562	0.03546	0.01155	0.01319	0.00889	0.00742	0.00515	0.00238	0.00653	0.00448	0.00503	0.00885
2	0.01001	0.00772	0.00898	0.00899	0.01087	0.00686	0.00653	0.01241	0.01854	0.02427	0.29532	0.15141	0.32973	0.06015	0.01102	0.00291	0.00411	0.01593	0.00756	0.00670
3	0.01627	0.01623	0.06638	0.43034	0.16479	0.01696	0.02056	0.06022	0.01730	0.02347	0.01603	0.04915	0.01303	0.00841	0.00768	0.00249	0.00949	0.00746	0.04413	0.00961
4	0.06791	0.01337	0.01541	0.01148	0.01777	0.01061	0.00913	0.02021	0.01615	0.06277	0.01640	0.06215	0.01429	0.00726	0.00606	0.00143	0.00573	0.00588	0.00506	0.63093
5	0.02128	0.68571	0.03938	0.01372	0.02017	0.07517	0.01338	0.02373	0.01617	0.01829	0.01086	0.01254	0.00995	0.00672	0.00511	0.00168	0.00867	0.00420	0.00336	0.00989
6	0.03877	0.01407	0.10210	0.01202	0.01672	0.01006	0.01092	0.02108	0.01947	0.16357	0.24284	0.04166	0.13952	0.01245	0.00800	0.00230	0.00563	0.01046	0.03984	0.08853
7	0.01109	0.00824	0.01214	0.01214	0.01341	0.00952	0.00929	0.01364	0.01236	0.01776	0.02107	0.03211	0.02010	0.11255	0.64336	0.01206	0.01969	0.00855	0.00420	0.00674
8	0.01158	0.00932	0.01061	0.01070	0.01326	0.00896	0.00850	0.01690	0.10747	0.02446	0.14615	0.06899	0.35616	0.01827	0.00934	0.00282	0.00494	0.15654	0.00747	0.00758
9	0.01299	0.01053	0.01372	0.01315	0.01441	0.03809	0.01025	0.01552	0.01308	0.01911	0.01955	0.02876	0.01819	0.07969	0.46611	0.00937	0.11887	0.00800	0.08348	0.00715
10	0.02226	0.01901	0.01915	0.01651	0.02130	0.05865	0.01301	0.18671	0.47877	0.03560	0.02736	0.02562	0.02039	0.01009	0.00781	0.00252	0.00715	0.00813	0.00764	0.01231
11	0.16777	0.01228	0.01500	0.01240	0.01714	0.01159	0.01015	0.02932	0.02020	0.40052	0.14768	0.03354	0.02884	0.01106	0.00767	0.00248	0.00597	0.04719	0.00835	0.01083
12	0.01074	0.00792	0.01004	0.00951	0.01144	0.00722	0.00713	0.01418	0.02139	0.02978	0.59771	0.06008	0.15132	0.01634	0.00915	0.00246	0.00369	0.01433	0.00836	0.00722
13	0.00984	0.00777	0.00889	0.00904	0.01111	0.00682	0.00673	0.01226	0.01849	0.02370	0.23791	0.15670	0.39961	0.01928	0.00932	0.00268	0.00406	0.04147	0.00757	0.00675
14	0.01579	0.01503	0.02498	0.50914	0.17798	0.01808	0.02156	0.02052	0.01560	0.02083	0.01361	0.02002	0.01072	0.00813	0.00940	0.00260	0.07626	0.00688	0.00352	0.00935
15	0.02813	0.01965	0.02121	0.01645	0.02216	0.02149	0.01353	0.54898	0.03344	0.08257	0.02002	0.02018	0.01426	0.00929	0.00750	0.00227	0.00788	0.00705	0.09138	0.01253
16	0.00965	0.00687	0.00912	0.01084	0.01132	0.00646	0.00731	0.01103	0.01482	0.01973	0.04189	0.66817	0.05003	0.05396	0.01118	0.00335	0.00473	0.04619	0.00709	0.00626
17	0.01445	0.00723	0.00723	0.00723	0.00903	0.00723	0.00542	0.01807	0.01626	0.02891	0.02529	0.02891	0.01987	0.00903	0.00542	0.00181	0.00361	0.00723	0.77055	0.00723
18	0.01555	0.04011	0.68733	0.02210	0.03356	0.01801	0.02865	0.02455	0.01637	0.02455	0.01391	0.01637	0.00982	0.00737	0.00737	0.00246	0.01146	0.00573	0.00327	0.01146
19	0.01121	0.00803	0.01003	0.01120	0.01222	0.00792	0.00773	0.04035	0.05670	0.02235	0.03999	0.60856	0.04610	0.02190	0.00942	0.00300	0.00472	0.01971	0.05183	0.00702
20	0.01877	0.01799	0.03071	0.10874	0.62128	0.01831	0.02359	0.02343	0.01746	0.02482	0.01451	0.01933	0.01210	0.00699	0.00768	0.00233	0.00932	0.00691	0.00380	0.01194
21	0.02129	0.61900	0.07644	0.01448	0.02112	0.09962	0.01434	0.02411	0.01644	0.01869	0.01109	0.01283	0.00995	0.00682	0.00533	0.00174	0.00907	0.00433	0.00339	0.00994
22	0.01078	0.00736	0.00877	0.00917	0.00945	0.00719	0.00558	0.01146	0.01315	0.01770	0.08779	0.22383	0.03817	0.48281	0.02914	0.00594	0.00639	0.01429	0.00569	0.00534
23	0.04263	0.10815	0.12378	0.01457	0.01932	0.04568	0.01353	0.13680	0.02114	0.02922	0.18808	0.05908	0.05340	0.03400	0.00970	0.00253	0.04972	0.00915	0.03012	0.00941
24	0.05941	0.01531	0.02517	0.46137	0.24810	0.01761	0.02150	0.02123	0.01605	0.02239	0.01387	0.01975	0.01084	0.00746	0.00756	0.00249	0.00974	0.00674	0.00365	0.00976
25	0.03344	0.01290	0.01756	0.01357	0.01933	0.01117	0.01117	0.03648	0.02218	0.64762	0.06698	0.02817	0.02224	0.00995	0.00787	0.00240	0.00643	0.00815	0.00954	0.01286
26	0.01828	0.05791	0.02743	0.16765	0.40992	0.06301	0.02043	0.02247	0.01720	0.02327	0.01614	0.06022	0.01422	0.00823	0.00753	0.00233	0.00918	0.00752	0.03642	0.01066
27	0.04042	0.07822	0.59038	0.05998	0.03329	0.01868	0.02670	0.02415	0.01618	0.02425	0.01362	0.01626	0.00981	0.00734	0.00717	0.00241	0.01104	0.00565	0.00334	0.01111
28	0.01219	0.00931	0.01315	0.01569	0.08264	0.00901	0.01123	0.01549	0.01847	0.02482	0.20024	0.15032	0.09584	0.01874	0.00979	0.00303	0.00592	0.28940	0.00716	0.00757
29	0.00990	0.00795	0.00892	0.00916	0.01143	0.00697	0.00706	0.01231	0.01821	0.02275	0.16340	0.10771	0.46657	0.01954	0.00940	0.00275	0.00434	0.09754	0.00740	0.00673
30	0.04588	0.01684	0.01905	0.05651	0.02109	0.13357	0.07840	0.06032	0.01907	0.04635	0.14664	0.09508	0.02800	0.01232	0.01059	0.02438	0.08917	0.00961	0.07861	0.00852
31	0.01464	0.01253	0.02259	0.16969	0.02793	0.01344	0.16874	0.01670	0.01390	0.01871	0.01660	0.06731	0.01549	0.04728	0.05903	0.24174	0.05418	0.00861	0.00386	0.00703
32	0.01514	0.00923	0.01273	0.01338	0.01566	0.00887	0.01130	0.01850	0.01879	0.11455	0.12408	0.11760	0.04538	0.01925	0.01005	0.00323	0.00643	0.42023	0.00767	0.00794
33	0.06700	0.06676	0.61569	0.02094	0.03176	0.01848	0.02666	0.02438	0.01613	0.02498	0.01358	0.01596	0.00973	0.00733	0.00710	0.00242	0.01096	0.00556	0.00338	0.01119
34	0.08080	0.01760	0.04767	0.10232	0.02501	0.01844	0.01445	0.28717	0.02511	0.12953	0.05766	0.04611	0.01806	0.01206	0.03681	0.00289	0.05277	0.00779	0.00668	0.01106
35	0.02722	0.02806	0.02130	0.01818	0.02294	0.35501	0.01417	0.25597	0.08591	0.03112	0.01966	0.02020	0.04730	0.00931	0.00746	0.00221	0.01077	0.00665	0.00588	0.01068
36	0.61957	0.01618	0.01355	0.06249	0.03933	0.06236	0.01023	0.02281	0.01446	0.03219	0.03935	0.01540	0.01151	0.00765	0.00543	0.00238	0.00685	0.00495	0.00477	0.00853
37	0.01713	0.01017	0.01086	0.00971	0.01211	0.01047	0.00720	0.13131	0.01908	0.05691	0.02589	0.03333	0.04228	0.16957	0.01365	0.00322	0.00550	0.00841	0.40524	0.00796
38	0.01962	0.26553	0.27108	0.02261	0.11415	0.02266	0.06034	0.07270	0.01818	0.04526	0.01395	0.01620	0.01087	0.00723	0.00676	0.00217	0.00982	0.00573	0.00395	0.01119
39	0.00977	0.00700	0.00929	0.01058	0.01132	0.00651	0.00722	0.01161	0.01635	0.02219	0.17699	0.58135	0.05593	0.02250	0.00974	0.00300	0.00432	0.02034	0.00748	0.00651
40	0.02927	0.02775	0.02276	0.01869	0.02402	0.29021	0.01483	0.40692	0.03072	0.03703	0.01599	0.01678	0.01192	0.00879	0.00745	0.00220	0.01069	0.00619	0.00627	0.01152
41	0.01027	0.00790	0.00938	0.00901	0.01115	0.00702	0.00676	0.01326	0.02028	0.02713	0.44224	0.06444	0.30844	0.01733	0.00915	0.00251	0.00376	0.01494	0.00801	0.00702
42	0.01159	0.00811	0.01031	0.00965	0.01173	0.00736	0.00727	0.01500	0.02139	0.05338	0.57237	0.05900	0.15141	0.01613	0.00910	0.00246	0.00380	0.01411	0.00840	0.00743
43	0.01534	0.01266	0.01450	0.01302	0.01687	0.01269	0.01005	0.02569	0.27082	0.02771	0.10833	0.15170	0.03281	0.01307	0.00804	0.00239	0.00552	0.05195	0.00698	0.19986
44	0.01128	0.00861	0.01286	0.01274	0.01407	0.01019	0.00995	0.01401	0.01244	0.01802	0.02040	0.02999	0.01906	0.05659	0.67320	0.01214	0.04509	0.00825	0.00413	0.00698
45	0.02896	0.03695	0.02197	0.01998	0.02397	0.69638	0.01498	0.03096	0.02197	0.01898	0.01199	0.01398	0.00999	0.00799	0.00699	0.00200	0.01398	0.00499	0.00400	0.00899
46	0.01072	0.00792	0.01001	0.00949	0.01143	0.00721	0.00711	0.01414	0.02134	0.02966	0.59073	0.06028	0.15838	0.01639	0.00915	0.00246	0.00370	0.01435	0.00835	0.00721
47	0.00984	0.00691	0.00888	0.01029	0.01064	0.00656	0.00666	0.01090	0.01407	0.01877	0.03878	0.57738	0.04629	0.17616	0.01628	0.00409	0.00515	0.01972	0.00666	0.00595
48	0.00916	0.00785	0.00785	0.00785	0.01047	0.00655	0.00589	0.01113	0.01767	0.02095	0.07855	0.07462	0.67599	0.01964	0.00916	0.00262	0.00393	0.01636	0.00720	0.00655
49	0.01951	0.08538	0.02496	0.08463	0.02416	0.12280	0.01665	0.05425	0.01535	0.02036	0.01128	0.01655	0.01030	0.01134	0.01825	0.00290	0.44237	0.00630	0.00371	0.00895
50	0.78228	0.01499	0.01140	0.01020	0.01499	0.01739	0.00840	0.02279	0.01320	0.03479	0.01080	0.01260	0.00840	0.00720	0.00480	0.00240	0.00600	0.00420	0.00480	0.00840
51	0.00945	0.00675	0.00900	0.01080	0.01125	0.00630	0.00720	0.01080	0.01484	0.01979	0.04274	0.72245	0.05128	0.02429	0.00990	0.00315	0.00450	0.02204	0.00720	0.00630
52	0.01579	0.00852	0.00866	0.00817	0.01037	0.00873	0.00625	0.07466	0.01806	0.03069	0.02470	0.02799	0.01928	0.00906	0.00563	0.00185	0.00405	0.00720	0.70259	0.00776
53	0.01914	0.01856	0.03228	0.04675	0.64308	0.01849	0.05921	0.02385	0.01769	0.02530	0.01465	0.01929	0.01225	0.00689	0.00776	0.00232	0.00943	0.00704	0.00384	0.01218
54	0.20738	0.04852	0.02125	0.02009	0.10857	0.21385	0.01415	0.19798	0.02287	0.03209	0.01425	0.01603	0.01110	0.00800	0.00665	0.00221	0.00941	0.00564	0.02953	0.01041
55	0.16316	0.06413	0.03648	0.02681	0.05996	0.02018	0.40966	0.02379	0.01661	0.02582	0.01395	0.01840	0.01090	0.00727	0.00935	0.00256	0.06941	0.00760	0.00400	0.00995
56	0.04831	0.01500	0.02483	0.51227	0.20980	0.01754	0.02155	0.02094	0.01595	0.02184	0.01386	0.01996	0.01075	0.00752	0.00761	0.00251	0.00987	0.00678	0.00360	0.00953
57	0.05701	0.00894	0.01121	0.01039	0.01287	0.00837	0.00806	0.01739	0.02094	0.09860	0.49018	0.05508	0.09982	0.01532	0.00886	0.00252	0.00435	0.05392	0.00826	0.00793
58	0.08650	0.01068	0.05638	0.03335	0.01409	0.00959	0.00910	0.03903	0.01277	0.01892	0.05127	0.02481	0.01661	0.05050	0.02391	0.51917	0.00703	0.00704	0.00402	0.00523
59	0.01588	0.08359	0.64670	0.02154	0.03270	0.01880	0.02768	0.02447	0.01633	0.02416	0.01372	0.01612	0.00983	0.00732	0.00722	0.00241	0.01126	0.00563	0.00328	0.01136
