[name]
unknown

[dist]
# distance from previous block
# <min> <max>
0	29

[block]
# block no. 0 follows, 28 sequences, length 28
# corresponding to MSA columns:
# 32-59
name=unknown_A
#
# <colnr> <probs for GDERKNQSTAVLIFYWHMCP>
#	G	D	E	R	K	N	Q	S	T	A	V	L	I	F	Y	W	H	M	C	P
0	0.01783	0.01710	0.02921	0.07114	0.67397	0.01723	0.02223	0.02216	0.01647	0.02355	0.01364	0.01804	0.01144	0.00651	0.00720	0.00217	0.00868	0.00648	0.00358	0.01138
1	0.01871	0.01863	0.02881	0.04259	0.64617	0.07197	0.02166	0.02283	0.01687	0.02328	0.01348	0.01761	0.01135	0.00656	0.00715	0.00214	0.00899	0.00634	0.00361	0.01127
2	0.01207	0.00778	0.00998	0.00940	0.01144	0.00703	0.00705	0.01501	0.01938	0.09186	0.48370	0.12799	0.13832	0.01559	0.00853	0.00238	0.00381	0.01367	0.00781	0.00720
3	0.00884	0.00744	0.00770	0.00784	0.01023	0.00631	0.00601	0.01079	0.01658	0.01980	0.07088	0.07090	0.64497	0.01854	0.00870	0.00252	0.00392	0.06509	0.00675	0.00618
4	0.75811	0.04981	0.01202	0.00970	0.01428	0.01691	0.00809	0.02139	0.01249	0.03186	0.01012	0.01180	0.00794	0.00672	0.00451	0.00222	0.00573	0.00393	0.00443	0.00794
5	0.00886	0.00633	0.00843	0.01012	0.01054	0.00590	0.00675	0.01012	0.01392	0.01856	0.04006	0.73979	0.04808	0.02277	0.00928	0.00295	0.00422	0.02066	0.00675	0.00590
6	0.01943	0.74891	0.03809	0.01244	0.01866	0.02876	0.01244	0.02177	0.01477	0.01710	0.01011	0.01166	0.00933	0.00622	0.00466	0.00155	0.00777	0.00389	0.00311	0.00933
7	0.01884	0.66210	0.11972	0.01345	0.02022	0.02731	0.01420	0.02192	0.01484	0.01782	0.01046	0.01211	0.00931	0.00630	0.00494	0.00165	0.00814	0.00407	0.00310	0.00950
8	0.00886	0.00633	0.00843	0.01012	0.01054	0.00590	0.00675	0.01012	0.01392	0.01856	0.04006	0.73979	0.04808	0.02277	0.00928	0.00295	0.00422	0.02066	0.00675	0.00590
9	0.00899	0.00638	0.00840	0.00995	0.01034	0.00599	0.00657	0.01016	0.01366	0.01821	0.03874	0.68641	0.04641	0.07844	0.01142	0.00327	0.00444	0.01989	0.00657	0.00579
10	0.02238	0.04550	0.05527	0.01730	0.02246	0.14325	0.06095	0.24186	0.23133	0.03186	0.04034	0.02069	0.01627	0.00869	0.00721	0.00222	0.00850	0.00694	0.00611	0.01087
11	0.01876	0.65057	0.13055	0.01358	0.02043	0.02712	0.01443	0.02194	0.01485	0.01792	0.01051	0.01217	0.00931	0.00631	0.00497	0.00166	0.00818	0.00409	0.00310	0.00952
12	0.01304	0.01134	0.01536	0.01387	0.01411	0.01457	0.01068	0.01427	0.01104	0.01621	0.01599	0.02913	0.01695	0.27121	0.15857	0.00610	0.34926	0.00807	0.00373	0.00646
13	0.01135	0.00895	0.01377	0.01568	0.09941	0.01003	0.01055	0.01405	0.01225	0.01762	0.01889	0.02805	0.01769	0.07860	0.59660	0.01028	0.01756	0.00774	0.00388	0.00703
14	0.01755	0.01733	0.03108	0.09151	0.54713	0.01737	0.12580	0.02220	0.01650	0.02330	0.01378	0.01835	0.01131	0.00648	0.00742	0.00222	0.00929	0.00681	0.00358	0.01099
15	0.01434	0.05770	0.51396	0.01955	0.02839	0.01590	0.07879	0.02156	0.01620	0.02357	0.10179	0.02263	0.01802	0.00824	0.00728	0.00232	0.00970	0.02623	0.00387	0.00999
16	0.01749	0.01928	0.07298	0.03816	0.42006	0.01765	0.25975	0.02270	0.01670	0.02354	0.01401	0.01843	0.01121	0.00637	0.00768	0.00227	0.01008	0.00718	0.00360	0.01085
17	0.08892	0.10341	0.02137	0.01639	0.05319	0.11288	0.01274	0.35126	0.02518	0.03380	0.01696	0.07183	0.01418	0.00907	0.00671	0.00211	0.00802	0.00687	0.03476	0.01036
18	0.01817	0.13356	0.03005	0.11866	0.45606	0.01927	0.04344	0.05444	0.01693	0.02316	0.01324	0.01718	0.01097	0.00663	0.00685	0.00211	0.00872	0.00614	0.00366	0.01074
19	0.01037	0.00818	0.01096	0.03702	0.06536	0.00792	0.00848	0.01337	0.04833	0.02143	0.14913	0.41396	0.14108	0.01842	0.00874	0.00267	0.00461	0.01646	0.00662	0.00687
20	0.01136	0.04531	0.01258	0.01194	0.06498	0.00882	0.00819	0.01394	0.01682	0.02271	0.20839	0.16118	0.23400	0.01464	0.00789	0.00221	0.00456	0.01266	0.00626	0.13158
21	0.01594	0.09749	0.46324	0.02639	0.20988	0.01808	0.02431	0.02271	0.01562	0.02267	0.01294	0.01572	0.00984	0.00673	0.00678	0.00219	0.00990	0.00553	0.00322	0.01082
22	0.04469	0.01981	0.07744	0.23528	0.32415	0.10667	0.02018	0.04605	0.01690	0.02254	0.01311	0.01733	0.01044	0.00696	0.00702	0.00221	0.00955	0.00607	0.00364	0.00997
23	0.01723	0.02746	0.37370	0.07463	0.13366	0.03912	0.06780	0.05574	0.01730	0.06727	0.04645	0.01880	0.01323	0.00743	0.00720	0.00227	0.00976	0.00637	0.00404	0.01053
24	0.02539	0.01999	0.01964	0.05212	0.04620	0.17124	0.01316	0.23123	0.02336	0.17145	0.01761	0.01830	0.01273	0.00829	0.00770	0.00208	0.04401	0.00612	0.04007	0.06931
25	0.01665	0.01589	0.02689	0.20334	0.52180	0.01660	0.02120	0.02100	0.01608	0.02238	0.01568	0.02021	0.03604	0.00710	0.00726	0.00223	0.00870	0.00680	0.00363	0.01051
26	0.07678	0.01475	0.02498	0.28061	0.21062	0.01571	0.12096	0.02121	0.01582	0.07320	0.01724	0.04719	0.03342	0.00789	0.00736	0.00235	0.00885	0.00747	0.00417	0.00942
27	0.02346	0.01474	0.04655	0.08522	0.12225	0.01354	0.08569	0.02880	0.07572	0.33400	0.07445	0.02485	0.01947	0.00861	0.00752	0.00230	0.00744	0.00771	0.00668	0.01101

[dist]
# distance from previous block
# <min> <max>
3	8

[block]
# block no. 1 follows, 28 sequences, length 7
# corresponding to MSA columns:
# 68-74
name=unknown_B
#
# <colnr> <probs for GDERKNQSTAVLIFYWHMCP>
#	G	D	E	R	K	N	Q	S	T	A	V	L	I	F	Y	W	H	M	C	P
0	0.01868	0.02253	0.21167	0.01858	0.08858	0.07986	0.01629	0.16283	0.04026	0.04831	0.09727	0.02344	0.01935	0.03555	0.03063	0.00264	0.00866	0.00709	0.05783	0.00994
1	0.01653	0.09492	0.02099	0.02184	0.21002	0.04795	0.01384	0.01955	0.01492	0.07855	0.04111	0.02293	0.01627	0.02589	0.28179	0.00582	0.04698	0.00692	0.00427	0.00892
2	0.01886	0.21924	0.13892	0.07195	0.10622	0.13173	0.01673	0.04513	0.07663	0.02176	0.04276	0.01743	0.01340	0.00772	0.00723	0.00208	0.04274	0.00575	0.00400	0.00971
3	0.02504	0.08249	0.02472	0.02180	0.15435	0.02205	0.01536	0.49126	0.02906	0.03903	0.01608	0.01706	0.01194	0.00807	0.00703	0.00212	0.00810	0.00630	0.00620	0.01194
4	0.01686	0.53802	0.03058	0.01222	0.01704	0.02316	0.01148	0.01927	0.01389	0.01704	0.01277	0.01647	0.01184	0.01996	0.20700	0.00444	0.01110	0.00500	0.00333	0.00852
5	0.01740	0.45024	0.31891	0.01591	0.02403	0.02377	0.01849	0.02229	0.01501	0.01959	0.01134	0.01321	0.00928	0.00651	0.00561	0.00187	0.00902	0.00451	0.00309	0.00992
6	0.01997	0.50372	0.18189	0.01431	0.02145	0.02397	0.01538	0.02370	0.01563	0.10189	0.01301	0.01406	0.01036	0.00671	0.00548	0.00180	0.00823	0.00463	0.00382	0.01001

[dist]
# distance from previous block
# <min> <max>
3	5

[block]
# block no. 2 follows, 28 sequences, length 13
# corresponding to MSA columns:
# 80-92
name=unknown_C
#
# <colnr> <probs for GDERKNQSTAVLIFYWHMCP>
#	G	D	E	R	K	N	Q	S	T	A	V	L	I	F	Y	W	H	M	C	P
0	0.01589	0.02956	0.49483	0.01888	0.02759	0.01490	0.06320	0.02289	0.01676	0.09096	0.11466	0.02225	0.01889	0.00823	0.00730	0.00230	0.00932	0.00690	0.00441	0.01027
1	0.02893	0.06893	0.06237	0.01410	0.01979	0.08224	0.01222	0.03327	0.06887	0.49511	0.02471	0.02224	0.01628	0.00858	0.00703	0.00218	0.00724	0.00675	0.00757	0.01160
2	0.01911	0.01586	0.08636	0.04063	0.20277	0.01383	0.04199	0.06814	0.05986	0.15685	0.04786	0.10765	0.02100	0.01182	0.02628	0.02267	0.00774	0.03370	0.00573	0.01015
3	0.00909	0.00646	0.00849	0.00989	0.01037	0.00606	0.00658	0.01041	0.01415	0.01899	0.08592	0.63967	0.04796	0.07521	0.01126	0.00320	0.00437	0.01938	0.00667	0.00586
4	0.02193	0.01670	0.01773	0.01471	0.01873	0.05132	0.01168	0.34794	0.11211	0.06020	0.02108	0.06776	0.01754	0.06689	0.05642	0.00325	0.03721	0.00798	0.03855	0.01028
5	0.01884	0.04735	0.18024	0.14764	0.05549	0.11995	0.14415	0.10957	0.01858	0.02405	0.01337	0.01684	0.01019	0.00748	0.00829	0.00230	0.05571	0.00629	0.00390	0.00978
6	0.01188	0.00897	0.01120	0.01214	0.05733	0.00914	0.00835	0.01695	0.10687	0.02349	0.14420	0.14738	0.14536	0.02067	0.11906	0.00382	0.00677	0.01172	0.12722	0.00746
7	0.00967	0.00716	0.00903	0.00907	0.01061	0.00652	0.00661	0.01234	0.01837	0.02511	0.44008	0.21515	0.16886	0.01728	0.00874	0.00247	0.00365	0.01525	0.00750	0.00652
8	0.01981	0.51457	0.10821	0.01429	0.02039	0.14410	0.01407	0.02279	0.01609	0.01841	0.04100	0.01421	0.01195	0.00690	0.00541	0.00172	0.00883	0.00460	0.00343	0.00922
9	0.01774	0.14828	0.27966	0.02553	0.19341	0.01965	0.08010	0.07934	0.04492	0.02449	0.01392	0.01643	0.01077	0.00689	0.00680	0.00215	0.00942	0.00590	0.00380	0.01078
10	0.01306	0.00687	0.00720	0.00720	0.00870	0.00695	0.00527	0.01606	0.01456	0.02518	0.02337	0.02921	0.01937	0.08377	0.05266	0.00285	0.00475	0.00721	0.65927	0.00652
11	0.01663	0.02026	0.10292	0.05722	0.09971	0.01869	0.40816	0.02200	0.01580	0.02214	0.01350	0.01840	0.01059	0.00739	0.01079	0.00253	0.13248	0.00760	0.00351	0.00968
12	0.02178	0.02636	0.07264	0.02849	0.21904	0.30578	0.14633	0.05177	0.01898	0.02204	0.01298	0.01610	0.01041	0.00695	0.00719	0.00211	0.01130	0.00608	0.00379	0.00989

[dist]
# distance from previous block
# <min> <max>
0	10

[block]
# block no. 3 follows, 28 sequences, length 46
# corresponding to MSA columns:
# 103-148
name=unknown_D
#
# <colnr> <probs for GDERKNQSTAVLIFYWHMCP>
#	G	D	E	R	K	N	Q	S	T	A	V	L	I	F	Y	W	H	M	C	P
0	0.07359	0.02088	0.10859	0.02923	0.09054	0.01798	0.50308	0.02304	0.01657	0.02397	0.01411	0.01846	0.01065	0.00628	0.00799	0.00240	0.01131	0.00773	0.00367	0.00990
1	0.01086	0.00787	0.01067	0.01219	0.01368	0.00767	0.01016	0.01365	0.01615	0.02092	0.04192	0.21374	0.10112	0.02048	0.00976	0.00319	0.00593	0.46686	0.00671	0.00648
2	0.06841	0.02454	0.04840	0.09476	0.25597	0.30680	0.01743	0.02552	0.05114	0.02162	0.01314	0.01608	0.01067	0.00717	0.00677	0.00209	0.01034	0.00562	0.00385	0.00965
3	0.01900	0.10657	0.34248	0.06397	0.08380	0.01746	0.07588	0.04647	0.01702	0.13633	0.01565	0.01739	0.01116	0.00716	0.00693	0.00221	0.00946	0.00600	0.00431	0.01073
4	0.00940	0.00737	0.00827	0.00859	0.01040	0.00658	0.00639	0.01127	0.01589	0.01980	0.10489	0.12320	0.42425	0.11253	0.01251	0.00319	0.00454	0.09838	0.00653	0.00602
5	0.29987	0.01571	0.01621	0.01330	0.01790	0.01757	0.01092	0.27665	0.02163	0.10552	0.01594	0.01738	0.01189	0.01331	0.08607	0.00331	0.03512	0.00583	0.00593	0.00994
6	0.36743	0.07693	0.10705	0.01417	0.01983	0.03206	0.06010	0.08491	0.07477	0.05141	0.03924	0.01670	0.01266	0.00753	0.00591	0.00222	0.00726	0.00554	0.00491	0.00935
7	0.01579	0.19536	0.47513	0.02036	0.08194	0.01922	0.02249	0.02233	0.01551	0.02197	0.03778	0.01618	0.01163	0.00701	0.00649	0.00212	0.00963	0.00541	0.00330	0.01034
8	0.01753	0.33823	0.37546	0.01700	0.02541	0.04773	0.01984	0.04454	0.01593	0.02108	0.01188	0.01377	0.00937	0.00670	0.00596	0.00197	0.00948	0.00476	0.00325	0.01011
9	0.01635	0.29476	0.33412	0.01797	0.02601	0.02069	0.09429	0.02191	0.01572	0.02132	0.06178	0.01731	0.01378	0.00714	0.00640	0.00204	0.00929	0.00576	0.00351	0.00983
10	0.01508	0.01309	0.01306	0.01239	0.01530	0.08290	0.00989	0.11080	0.09039	0.02512	0.07420	0.07508	0.22558	0.01679	0.03614	0.00294	0.00680	0.15993	0.00652	0.00799
11	0.02067	0.01574	0.02097	0.03755	0.02200	0.01567	0.10554	0.27104	0.02227	0.07164	0.01666	0.02050	0.01323	0.06842	0.01098	0.05956	0.00775	0.00668	0.00553	0.18761
12	0.01337	0.04198	0.16263	0.01333	0.01745	0.01225	0.01256	0.06467	0.05160	0.02340	0.10418	0.17614	0.08430	0.05890	0.03081	0.00298	0.03977	0.02996	0.00551	0.05421
13	0.01263	0.00631	0.00947	0.00947	0.00947	0.00631	0.00631	0.00947	0.00947	0.01263	0.01263	0.02210	0.01263	0.02525	0.02841	0.78851	0.00631	0.00631	0.00316	0.00316
14	0.79588	0.01406	0.01068	0.00956	0.01406	0.01631	0.00787	0.02137	0.01237	0.03261	0.01012	0.01181	0.00787	0.00675	0.00450	0.00225	0.00562	0.00394	0.00450	0.00787
15	0.00929	0.00684	0.00867	0.00962	0.01067	0.00629	0.00679	0.01113	0.01564	0.02072	0.16396	0.44650	0.15830	0.04048	0.00985	0.00289	0.00421	0.05513	0.00691	0.00612
16	0.01628	0.01503	0.02732	0.12815	0.11648	0.01514	0.27402	0.06293	0.01732	0.02475	0.03917	0.02279	0.01490	0.03207	0.00839	0.00239	0.00892	0.00773	0.15715	0.00906
17	0.01126	0.00770	0.01006	0.00969	0.01157	0.00711	0.00746	0.01448	0.01969	0.05680	0.53479	0.08115	0.10082	0.01566	0.00870	0.00243	0.00394	0.08188	0.00778	0.00700
18	0.01057	0.00705	0.00793	0.00793	0.00793	0.00705	0.00440	0.01057	0.01057	0.01409	0.02290	0.04757	0.02643	0.74454	0.03700	0.00705	0.00705	0.01057	0.00440	0.00440
19	0.76654	0.01401	0.01110	0.03648	0.01541	0.01630	0.00833	0.02126	0.01245	0.03209	0.01023	0.01209	0.00794	0.00677	0.00460	0.00226	0.00578	0.00403	0.00445	0.00788
20	0.01982	0.41520	0.12574	0.01492	0.02090	0.16624	0.01448	0.02429	0.06513	0.01959	0.04331	0.01554	0.01295	0.00723	0.00574	0.00182	0.00894	0.00499	0.00377	0.00939
21	0.01716	0.01995	0.06270	0.03167	0.10132	0.01823	0.58976	0.02318	0.01704	0.02332	0.01455	0.01932	0.01102	0.00619	0.00839	0.00242	0.01186	0.00827	0.00365	0.01000
22	0.01751	0.01783	0.05475	0.09265	0.59341	0.01723	0.05559	0.02211	0.01639	0.02332	0.01365	0.01808	0.01127	0.00653	0.00726	0.00220	0.00898	0.00654	0.00356	0.01115
23	0.02039	0.01452	0.01572	0.01308	0.01774	0.04540	0.01033	0.08542	0.24377	0.16473	0.04838	0.04777	0.07819	0.00991	0.00715	0.00212	0.00601	0.00812	0.00692	0.15432
24	0.01394	0.01127	0.01336	0.01105	0.01539	0.00951	0.00858	0.03888	0.04023	0.02281	0.02126	0.12343	0.02138	0.08408	0.00976	0.00228	0.00565	0.08153	0.00513	0.46049
25	0.01454	0.01210	0.01473	0.01125	0.01669	0.00963	0.02760	0.01820	0.04115	0.03899	0.02098	0.10058	0.06022	0.00846	0.00624	0.00150	0.00537	0.00720	0.00495	0.57961
26	0.01802	0.01345	0.01751	0.01456	0.05964	0.01146	0.04394	0.05417	0.04721	0.11653	0.01821	0.07221	0.01522	0.00766	0.00640	0.00163	0.00610	0.00659	0.00534	0.46418
27	0.01215	0.00910	0.01152	0.01242	0.04740	0.00889	0.00835	0.09507	0.01727	0.02336	0.10272	0.45272	0.06671	0.05452	0.01005	0.00286	0.00500	0.01605	0.00657	0.03728
28	0.01694	0.06854	0.14961	0.01369	0.01884	0.01398	0.01294	0.09673	0.10105	0.08822	0.20155	0.07762	0.03064	0.01072	0.00738	0.00220	0.00640	0.00897	0.00628	0.06768
29	0.01297	0.00943	0.01119	0.01044	0.01144	0.01016	0.00717	0.09812	0.01486	0.02023	0.07188	0.11965	0.02844	0.42338	0.06162	0.00555	0.06118	0.01093	0.00519	0.00616
30	0.01535	0.01242	0.01460	0.01092	0.01668	0.00981	0.00865	0.01936	0.04908	0.05046	0.05989	0.04700	0.01684	0.00705	0.00592	0.00134	0.00526	0.00583	0.00498	0.63855
31	0.04048	0.27099	0.34146	0.01936	0.05162	0.05581	0.08175	0.02285	0.01554	0.02113	0.01207	0.01440	0.00947	0.00661	0.00624	0.00204	0.00979	0.00514	0.00324	0.01001
32	0.00884	0.00637	0.00839	0.01000	0.01051	0.00591	0.00669	0.01013	0.01403	0.01860	0.04153	0.71063	0.07630	0.02258	0.00925	0.00293	0.00419	0.02043	0.00675	0.00591
33	0.23017	0.09608	0.14815	0.13250	0.13212	0.01829	0.07055	0.05109	0.01553	0.02549	0.01235	0.01548	0.00958	0.00680	0.00627	0.00221	0.00854	0.00548	0.00381	0.00951
34	0.02494	0.04920	0.07101	0.01622	0.02199	0.04691	0.01406	0.50092	0.06995	0.03997	0.01772	0.01807	0.01287	0.00850	0.00700	0.00214	0.00797	0.00640	0.05257	0.01160
35	0.01420	0.00744	0.00773	0.00747	0.00926	0.00755	0.00562	0.05006	0.01580	0.02703	0.02261	0.02625	0.01789	0.00967	0.00684	0.05739	0.00383	0.00673	0.68981	0.00680
36	0.02067	0.01578	0.03595	0.01371	0.01761	0.10320	0.03261	0.14659	0.05053	0.14952	0.14434	0.07928	0.02695	0.01240	0.03474	0.00257	0.00732	0.00884	0.08799	0.00941
37	0.01017	0.00748	0.00897	0.00969	0.01078	0.00711	0.00662	0.05054	0.01521	0.01982	0.04292	0.47178	0.16940	0.11866	0.01277	0.00336	0.00472	0.01741	0.00646	0.00614
38	0.00900	0.00647	0.00831	0.00972	0.01024	0.00603	0.00644	0.01019	0.01378	0.01821	0.04078	0.62681	0.09149	0.09127	0.01187	0.00331	0.00445	0.01933	0.00652	0.00578
39	0.01697	0.01970	0.07612	0.05614	0.15150	0.03834	0.38290	0.02214	0.01611	0.02218	0.01383	0.01873	0.01096	0.00852	0.03137	0.00273	0.09088	0.00755	0.00356	0.00975
40	0.02473	0.02275	0.11863	0.01686	0.02292	0.07078	0.01510	0.43805	0.07822	0.06833	0.01796	0.01879	0.01311	0.03040	0.00806	0.00235	0.00848	0.00652	0.00642	0.01154
41	0.01163	0.00794	0.00899	0.00880	0.00927	0.00805	0.00534	0.05884	0.01264	0.01687	0.02433	0.11879	0.02770	0.61448	0.03190	0.00626	0.00682	0.01135	0.00486	0.00514
42	0.01185	0.00933	0.01290	0.01532	0.08152	0.00954	0.01094	0.01533	0.04975	0.02095	0.03691	0.23097	0.09011	0.04498	0.01093	0.00314	0.03892	0.29325	0.00620	0.00715
43	0.05694	0.05644	0.07194	0.05209	0.07867	0.36687	0.01555	0.16966	0.02204	0.02547	0.01292	0.01480	0.01014	0.00755	0.00666	0.00202	0.01077	0.00531	0.00445	0.00971
44	0.02373	0.14018	0.02312	0.01723	0.02103	0.40160	0.01385	0.10146	0.01992	0.02118	0.01324	0.01790	0.01170	0.00883	0.00862	0.00211	0.09716	0.04411	0.00417	0.00887
45	0.01579	0.02799	0.39091	0.07756	0.20993	0.01712	0.09216	0.02298	0.03440	0.02313	0.01383	0.01710	0.01040	0.00682	0.00720	0.00229	0.01013	0.00615	0.00340	0.01068

[dist]
# distance from previous block
# <min> <max>
0	1

[block]
# block no. 4 follows, 28 sequences, length 8
# corresponding to MSA columns:
# 150-157
name=unknown_E
#
# <colnr> <probs for GDERKNQSTAVLIFYWHMCP>
#	G	D	E	R	K	N	Q	S	T	A	V	L	I	F	Y	W	H	M	C	P
0	0.02462	0.07990	0.02499	0.02236	0.09911	0.52192	0.07998	0.02722	0.01941	0.01895	0.01177	0.01420	0.00977	0.00716	0.00670	0.00194	0.01216	0.00521	0.00368	0.00897
1	0.02222	0.01662	0.01817	0.01484	0.01933	0.01821	0.01189	0.44074	0.11194	0.03871	0.09721	0.11055	0.02420	0.01126	0.00768	0.00232	0.00675	0.00921	0.00730	0.01086
2	0.01144	0.01059	0.07027	0.01160	0.01369	0.00864	0.00937	0.07223	0.01724	0.02352	0.15740	0.45502	0.04503	0.01854	0.00880	0.00272	0.00509	0.04499	0.00671	0.00712
3	0.00984	0.00715	0.00885	0.00887	0.01015	0.00662	0.00623	0.01206	0.01707	0.02329	0.37315	0.18165	0.14310	0.14332	0.01363	0.00326	0.00424	0.01439	0.00698	0.00616
4	0.14600	0.17571	0.37393	0.01798	0.02622	0.04473	0.07603	0.02273	0.01508	0.02325	0.01204	0.01430	0.00917	0.00670	0.00618	0.00214	0.00951	0.00508	0.00339	0.00982
5	0.01039	0.00837	0.01060	0.01057	0.01207	0.00826	0.00775	0.01226	0.01503	0.02047	0.12223	0.38254	0.15774	0.01817	0.01031	0.00262	0.08510	0.01557	0.00627	0.08371
6	0.06671	0.04272	0.01987	0.01823	0.10391	0.04710	0.01310	0.25900	0.11543	0.07055	0.01856	0.01961	0.01400	0.00861	0.00787	0.00220	0.05647	0.00651	0.09891	0.01064
7	0.01678	0.01339	0.01607	0.01399	0.03502	0.03388	0.04782	0.11727	0.14025	0.06493	0.15059	0.09462	0.10999	0.01180	0.00769	0.00223	0.00593	0.01016	0.00665	0.10094

[dist]
# distance from previous block
# <min> <max>
0	1

[block]
# block no. 5 follows, 28 sequences, length 37
# corresponding to MSA columns:
# 159-195
name=unknown_F
#
# <colnr> <probs for GDERKNQSTAVLIFYWHMCP>
#	G	D	E	R	K	N	Q	S	T	A	V	L	I	F	Y	W	H	M	C	P
0	0.04001	0.02378	0.17109	0.03036	0.30736	0.11266	0.08075	0.04970	0.03870	0.02399	0.01492	0.01973	0.01225	0.00746	0.00723	0.00224	0.00975	0.03359	0.00394	0.01050
1	0.72365	0.01623	0.07505	0.01059	0.01567	0.01636	0.00963	0.02152	0.01265	0.03173	0.01039	0.01214	0.00800	0.00676	0.00472	0.00225	0.00610	0.00407	0.00437	0.00814
2	0.04370	0.16615	0.31541	0.01654	0.02380	0.06971	0.01799	0.06199	0.11657	0.02451	0.01571	0.01705	0.01197	0.00746	0.00634	0.00210	0.00876	0.00558	0.05851	0.01014
3	0.02230	0.01770	0.07485	0.01488	0.01983	0.06471	0.01266	0.09840	0.28571	0.20007	0.02729	0.05304	0.03845	0.01011	0.00744	0.00237	0.00694	0.02511	0.00711	0.01104
4	0.01041	0.00703	0.00793	0.00800	0.00812	0.00696	0.00456	0.01055	0.01097	0.01452	0.02575	0.07948	0.05481	0.68251	0.03459	0.00668	0.00678	0.01122	0.00461	0.00454
5	0.00891	0.00640	0.00837	0.00992	0.01041	0.00596	0.00660	0.01015	0.01390	0.01842	0.04081	0.68370	0.07476	0.05140	0.01036	0.00309	0.00431	0.02004	0.00665	0.00585
6	0.01531	0.03657	0.67878	0.02040	0.03094	0.01663	0.02620	0.02353	0.01557	0.05075	0.01368	0.01573	0.00957	0.00699	0.00692	0.00230	0.01056	0.00545	0.00331	0.01081
7	0.74845	0.01399	0.01136	0.05307	0.01624	0.01630	0.00862	0.02120	0.01250	0.03176	0.01029	0.01227	0.00798	0.00678	0.00467	0.00226	0.00587	0.00409	0.00442	0.00788
8	0.00886	0.00633	0.00843	0.01012	0.01054	0.00590	0.00675	0.01012	0.01392	0.01856	0.04006	0.73979	0.04808	0.02277	0.00928	0.00295	0.00422	0.02066	0.00675	0.00590
9	0.00885	0.00636	0.00840	0.01003	0.01052	0.00591	0.00671	0.01013	0.01401	0.01859	0.04121	0.71692	0.07021	0.02262	0.00925	0.00294	0.00420	0.02048	0.00675	0.00591
10	0.01190	0.00854	0.01110	0.01108	0.03517	0.00818	0.00804	0.01644	0.06863	0.05334	0.51775	0.08099	0.08172	0.01470	0.00849	0.00238	0.00407	0.04229	0.00769	0.00749
11	0.02607	0.07694	0.02175	0.01836	0.02206	0.63591	0.01405	0.02796	0.01973	0.01773	0.01107	0.01317	0.00937	0.00770	0.00738	0.00192	0.05196	0.00473	0.00368	0.00846
12	0.79588	0.01406	0.01068	0.00956	0.01406	0.01631	0.00787	0.02137	0.01237	0.03261	0.01012	0.01181	0.00787	0.00675	0.00450	0.00225	0.00562	0.00394	0.00450	0.00787
13	0.01263	0.00631	0.00947	0.00947	0.00947	0.00631	0.00631	0.00947	0.00947	0.01263	0.01263	0.02210	0.01263	0.02525	0.02841	0.78851	0.00631	0.00631	0.00316	0.00316
14	0.00886	0.00633	0.00843	0.01012	0.01054	0.00590	0.00675	0.01012	0.01392	0.01856	0.04006	0.73979	0.04808	0.02277	0.00928	0.00295	0.00422	0.02066	0.00675	0.00590
15	0.01896	0.01435	0.01598	0.01380	0.01752	0.01536	0.01072	0.31157	0.12323	0.03278	0.02687	0.27010	0.02616	0.01359	0.00788	0.00243	0.00620	0.01158	0.00694	0.05397
16	0.01850	0.01845	0.02754	0.09344	0.55860	0.08086	0.02093	0.02333	0.04531	0.02309	0.01407	0.01804	0.01163	0.00677	0.00715	0.00217	0.00900	0.00639	0.00375	0.01097
17	0.00891	0.00642	0.00844	0.00995	0.01052	0.00596	0.00670	0.01030	0.01434	0.01908	0.07096	0.67803	0.07906	0.02222	0.00921	0.00290	0.00416	0.02008	0.00680	0.00596
18	0.01214	0.00793	0.00981	0.00905	0.01137	0.00706	0.00689	0.01507	0.01949	0.09677	0.45375	0.05556	0.23719	0.01523	0.00845	0.00233	0.00379	0.01315	0.00776	0.00723
19	0.01314	0.01037	0.01363	0.04665	0.05253	0.01079	0.03559	0.06050	0.10461	0.02142	0.02956	0.20510	0.05638	0.23280	0.01697	0.00398	0.00652	0.06648	0.00571	0.00727
20	0.01750	0.04945	0.01647	0.04485	0.09160	0.07001	0.01124	0.02309	0.13283	0.12435	0.07011	0.14829	0.08023	0.05394	0.00939	0.00266	0.00654	0.03228	0.00622	0.00894
21	0.01783	0.01293	0.01568	0.01549	0.08677	0.01463	0.01103	0.16862	0.04760	0.02950	0.01904	0.02201	0.01504	0.00911	0.00913	0.00214	0.13033	0.00668	0.35749	0.00895
22	0.59110	0.01352	0.01183	0.02937	0.01543	0.01518	0.00854	0.05273	0.01458	0.10395	0.01367	0.01496	0.01013	0.00724	0.00505	0.00220	0.00571	0.00473	0.07160	0.00847
23	0.01452	0.01454	0.04302	0.26762	0.05703	0.01764	0.03855	0.01782	0.01319	0.01884	0.01374	0.05772	0.01249	0.01234	0.04436	0.00312	0.30817	0.00730	0.02990	0.00807
24	0.01097	0.00743	0.00978	0.00949	0.01113	0.00684	0.00700	0.01397	0.01934	0.05595	0.54450	0.18111	0.06260	0.01609	0.00865	0.00241	0.00369	0.01430	0.00781	0.00692
25	0.01534	0.03742	0.66526	0.02060	0.03092	0.05924	0.02608	0.02338	0.01567	0.02270	0.01294	0.01521	0.00922	0.00694	0.00688	0.00228	0.01089	0.00533	0.00311	0.01060
26	0.01711	0.01976	0.12544	0.03885	0.53729	0.01676	0.05005	0.02204	0.01642	0.02351	0.01503	0.02131	0.01288	0.00729	0.00737	0.00226	0.00898	0.04287	0.00370	0.01106
27	0.02107	0.01544	0.01684	0.01346	0.01791	0.01626	0.01073	0.40026	0.02621	0.03600	0.05980	0.06455	0.04690	0.06643	0.00942	0.00246	0.00664	0.00814	0.06644	0.09505
28	0.00908	0.00723	0.00817	0.00841	0.01034	0.00632	0.00623	0.01119	0.01689	0.02136	0.18633	0.18382	0.43795	0.01855	0.00876	0.00254	0.00384	0.03975	0.00699	0.00626
29	0.08839	0.01167	0.01489	0.01176	0.01671	0.01053	0.00963	0.03159	0.01933	0.55170	0.02651	0.02410	0.01731	0.00875	0.00676	0.00217	0.00573	0.00697	0.12432	0.01119
30	0.01778	0.01386	0.01951	0.02428	0.27124	0.01401	0.01442	0.05427	0.14318	0.10203	0.05595	0.03536	0.13088	0.01084	0.00775	0.00237	0.00663	0.05941	0.00601	0.01021
31	0.01263	0.00631	0.00947	0.00947	0.00947	0.00631	0.00631	0.00947	0.00947	0.01263	0.01263	0.02210	0.01263	0.02525	0.02841	0.78851	0.00631	0.00631	0.00316	0.00316
32	0.01984	0.01522	0.01649	0.01457	0.01886	0.01719	0.01141	0.03824	0.60555	0.11195	0.02948	0.02683	0.02168	0.00976	0.00739	0.00244	0.00581	0.00811	0.00759	0.01161
33	0.01024	0.00691	0.00803	0.00835	0.00843	0.00683	0.00485	0.01048	0.01121	0.01495	0.02619	0.18023	0.03058	0.60621	0.03169	0.00626	0.00650	0.01251	0.00485	0.00469
34	0.02528	0.02936	0.02078	0.01894	0.04309	0.50565	0.01413	0.11725	0.02111	0.02174	0.01241	0.01531	0.01044	0.03307	0.00938	0.00223	0.08138	0.00536	0.00420	0.00889
35	0.00994	0.00756	0.00929	0.01039	0.01148	0.00740	0.00719	0.01360	0.09554	0.02011	0.04243	0.58110	0.11505	0.02074	0.00898	0.00284	0.00435	0.01858	0.00683	0.00661
36	0.01053	0.00771	0.01024	0.01167	0.01315	0.00742	0.00955	0.01314	0.01601	0.02064	0.04418	0.24350	0.14210	0.02050	0.00963	0.00311	0.00562	0.39818	0.00672	0.00641

[dist]
# distance from previous block
# <min> <max>
0	6

[block]
# block no. 6 follows, 28 sequences, length 23
# corresponding to MSA columns:
# 202-224
name=unknown_G
#
# <colnr> <probs for GDERKNQSTAVLIFYWHMCP>
#	G	D	E	R	K	N	Q	S	T	A	V	L	I	F	Y	W	H	M	C	P
0	0.01001	0.00675	0.00896	0.01035	0.01102	0.00635	0.00714	0.01142	0.01417	0.04171	0.03841	0.61481	0.04511	0.06970	0.01110	0.00323	0.00468	0.07233	0.00666	0.00609
1	0.01038	0.00779	0.01168	0.01168	0.01298	0.00909	0.00909	0.01298	0.01168	0.01687	0.01947	0.02856	0.01817	0.05452	0.71573	0.01168	0.01947	0.00779	0.00389	0.00649
2	0.02805	0.01969	0.02140	0.01641	0.02221	0.02155	0.01355	0.62134	0.03306	0.10101	0.01839	0.01806	0.01283	0.00875	0.00727	0.00219	0.00785	0.00661	0.00742	0.01236
3	0.02525	0.01895	0.02054	0.01560	0.02154	0.02011	0.01283	0.55064	0.03056	0.04162	0.01659	0.01700	0.01206	0.00809	0.00691	0.00197	0.00750	0.00612	0.00671	0.15939
4	0.01641	0.01920	0.12863	0.08729	0.49646	0.01623	0.02148	0.02118	0.01623	0.02293	0.01838	0.02190	0.06650	0.00756	0.00727	0.00222	0.00863	0.00703	0.00375	0.01071
5	0.01433	0.03582	0.66584	0.02004	0.03025	0.01629	0.02568	0.02247	0.01565	0.02338	0.05321	0.01764	0.01270	0.00737	0.00700	0.00230	0.01031	0.00583	0.00336	0.01051
6	0.06224	0.19586	0.34131	0.01603	0.02345	0.01824	0.01808	0.02322	0.07167	0.05394	0.04827	0.06533	0.01601	0.00850	0.00654	0.00218	0.00835	0.00664	0.00427	0.00988
7	0.00886	0.00633	0.00843	0.01012	0.01054	0.00590	0.00675	0.01012	0.01392	0.01856	0.04006	0.73979	0.04808	0.02277	0.00928	0.00295	0.00422	0.02066	0.00675	0.00590
8	0.01469	0.01349	0.02215	0.51597	0.04196	0.01590	0.07556	0.05061	0.05521	0.02101	0.01634	0.02497	0.01343	0.03628	0.00870	0.00265	0.00931	0.04938	0.00398	0.00840
9	0.02294	0.02063	0.10160	0.01543	0.02077	0.12227	0.01349	0.14086	0.19486	0.17173	0.02620	0.02499	0.07260	0.00948	0.00727	0.00226	0.00778	0.00745	0.00658	0.01082
10	0.02897	0.01821	0.02048	0.01570	0.02147	0.01935	0.01297	0.50291	0.03058	0.22293	0.02047	0.01941	0.01388	0.00880	0.00728	0.00220	0.00751	0.00675	0.00774	0.01236
11	0.03186	0.01359	0.01762	0.01351	0.01916	0.01249	0.01116	0.13277	0.02284	0.60400	0.02697	0.02363	0.01714	0.00896	0.00730	0.00224	0.00646	0.00719	0.00873	0.01237
12	0.01515	0.00896	0.00947	0.00871	0.01087	0.00946	0.00669	0.09256	0.04291	0.02878	0.05348	0.02757	0.02032	0.03206	0.00711	0.00202	0.02478	0.00720	0.58436	0.00756
13	0.01945	0.42124	0.22273	0.01589	0.02294	0.14843	0.01677	0.02342	0.01598	0.01889	0.01113	0.01295	0.00930	0.00664	0.00563	0.00182	0.00956	0.00445	0.00321	0.00956
14	0.01057	0.00705	0.00793	0.00793	0.00793	0.00705	0.00440	0.01057	0.01057	0.01409	0.02290	0.04757	0.02643	0.74454	0.03700	0.00705	0.00705	0.01057	0.00440	0.00440
15	0.01267	0.00633	0.00935	0.00935	0.00942	0.00633	0.00626	0.00981	0.00973	0.01328	0.01313	0.02232	0.01290	0.02449	0.02735	0.75278	0.00618	0.00633	0.03865	0.00332
16	0.01395	0.00797	0.00928	0.01022	0.05890	0.00828	0.00691	0.01708	0.01492	0.02586	0.02188	0.02571	0.01745	0.00914	0.00701	0.03032	0.03999	0.00672	0.66136	0.00704
17	0.05659	0.12991	0.02117	0.01383	0.01938	0.01773	0.01171	0.23815	0.05509	0.30248	0.02312	0.02161	0.03922	0.00877	0.00683	0.00214	0.00689	0.00673	0.00719	0.01145
18	0.00888	0.00731	0.00781	0.00781	0.01003	0.00624	0.00581	0.01094	0.01706	0.02111	0.17201	0.10716	0.55648	0.01810	0.00863	0.00246	0.00367	0.01530	0.00695	0.00624
19	0.00906	0.00647	0.00867	0.01036	0.01087	0.00608	0.00711	0.01048	0.01412	0.01879	0.03995	0.69230	0.04763	0.02258	0.00933	0.00298	0.00440	0.06612	0.00674	0.00596
20	0.01816	0.01308	0.01474	0.01306	0.01615	0.01393	0.01002	0.32909	0.02371	0.03218	0.02815	0.34671	0.02902	0.01510	0.00804	0.00250	0.00597	0.01298	0.05834	0.00906
21	0.08575	0.01705	0.01792	0.01567	0.06573	0.06219	0.01153	0.24937	0.07004	0.03145	0.01625	0.01929	0.01318	0.06908	0.00896	0.00229	0.00722	0.00604	0.00550	0.22550
22	0.06932	0.02151	0.15516	0.06639	0.34185	0.04915	0.07720	0.02415	0.08030	0.02427	0.01478	0.01794	0.01163	0.00696	0.00708	0.00225	0.00913	0.00637	0.00392	0.01066

[dist]
# distance from previous block
# <min> <max>
1	5

[block]
# block no. 7 follows, 28 sequences, length 28
# corresponding to MSA columns:
# 230-257
name=unknown_H
#
# <colnr> <probs for GDERKNQSTAVLIFYWHMCP>
#	G	D	E	R	K	N	Q	S	T	A	V	L	I	F	Y	W	H	M	C	P
0	0.01617	0.01259	0.04679	0.01474	0.01885	0.01077	0.12429	0.04456	0.01804	0.12728	0.17935	0.12847	0.03297	0.05046	0.00957	0.00257	0.00658	0.05019	0.00630	0.09947
1	0.01865	0.01442	0.01707	0.01405	0.03990	0.01375	0.01095	0.16312	0.05654	0.06469	0.01782	0.02316	0.01501	0.03322	0.00852	0.00199	0.04629	0.05512	0.00548	0.38025
2	0.01080	0.00774	0.00916	0.00889	0.01064	0.00717	0.00639	0.01367	0.04330	0.04605	0.30405	0.11742	0.23103	0.13584	0.01321	0.00318	0.00435	0.01362	0.00696	0.00654
3	0.01595	0.02277	0.24427	0.08107	0.32221	0.01639	0.05786	0.02233	0.04743	0.02337	0.03495	0.04913	0.01430	0.00774	0.00732	0.00229	0.00911	0.00711	0.00384	0.01056
4	0.00926	0.00753	0.00830	0.00852	0.01077	0.00657	0.00666	0.01150	0.01697	0.02087	0.12569	0.07047	0.53055	0.01835	0.00883	0.00259	0.00415	0.11927	0.00686	0.00629
5	0.05626	0.42728	0.17242	0.01625	0.05769	0.02350	0.01584	0.02123	0.01441	0.01948	0.01136	0.01401	0.00983	0.00947	0.04427	0.00244	0.06687	0.00474	0.00324	0.00941
6	0.01268	0.00662	0.01005	0.04319	0.01138	0.00678	0.00697	0.00990	0.00971	0.01291	0.01264	0.02197	0.01249	0.02441	0.02742	0.75157	0.00647	0.00632	0.00316	0.00339
7	0.01047	0.00734	0.00914	0.00987	0.01047	0.00728	0.00661	0.03679	0.01357	0.01813	0.03186	0.38336	0.03699	0.28614	0.05253	0.00485	0.00627	0.05686	0.00578	0.00569
8	0.01590	0.01289	0.01516	0.01087	0.01729	0.00974	0.00871	0.01911	0.01534	0.05557	0.01366	0.01553	0.01111	0.00555	0.00547	0.00113	0.00542	0.00445	0.00453	0.75259
9	0.02431	0.02585	0.08749	0.04687	0.06825	0.24828	0.01577	0.28308	0.07656	0.03074	0.01551	0.01668	0.01168	0.00803	0.00701	0.00212	0.00987	0.00594	0.00532	0.01063
10	0.01115	0.00886	0.01293	0.01250	0.01355	0.01078	0.00977	0.01347	0.01155	0.01681	0.01829	0.02784	0.01743	0.08592	0.58434	0.01027	0.11639	0.00774	0.00382	0.00658
11	0.02262	0.01623	0.02106	0.03759	0.04082	0.01690	0.08413	0.30149	0.08470	0.12899	0.02235	0.11421	0.01841	0.01016	0.00760	0.00230	0.00745	0.00877	0.00671	0.04751
12	0.01627	0.25025	0.44637	0.01911	0.02819	0.02059	0.07997	0.02267	0.01533	0.02126	0.01231	0.01462	0.00941	0.00663	0.00638	0.00209	0.00998	0.00521	0.00314	0.01023
13	0.00895	0.00640	0.00852	0.01006	0.01056	0.00597	0.00675	0.01036	0.01435	0.01925	0.08277	0.69512	0.04941	0.02226	0.00923	0.00291	0.00417	0.02017	0.00683	0.00597
14	0.06070	0.01911	0.05712	0.21561	0.35709	0.10272	0.04113	0.02217	0.01626	0.02211	0.01299	0.01734	0.01045	0.00683	0.00702	0.00221	0.00951	0.00613	0.00355	0.00995
15	0.04855	0.01956	0.17847	0.29792	0.06592	0.01631	0.05471	0.10373	0.01793	0.02507	0.07104	0.02193	0.03152	0.00814	0.00728	0.00234	0.00898	0.00700	0.00428	0.00933
16	0.03261	0.01237	0.01687	0.01293	0.01856	0.01068	0.01068	0.03543	0.02081	0.70423	0.02868	0.02474	0.01799	0.00900	0.00731	0.00225	0.00619	0.00731	0.00900	0.01237
17	0.00886	0.00633	0.00843	0.01012	0.01054	0.00590	0.00675	0.01012	0.01392	0.01856	0.04006	0.73979	0.04808	0.02277	0.00928	0.00295	0.00422	0.02066	0.00675	0.00590
18	0.01555	0.12538	0.53247	0.01838	0.02751	0.01726	0.02262	0.02246	0.01569	0.05120	0.04592	0.04505	0.01384	0.00789	0.00680	0.00223	0.00958	0.00621	0.00370	0.01026
19	0.01739	0.01337	0.01393	0.01214	0.01579	0.04569	0.00951	0.13074	0.19558	0.08633	0.14811	0.04105	0.21487	0.01269	0.00785	0.00234	0.00555	0.01049	0.00726	0.00932
20	0.01054	0.00774	0.01144	0.01144	0.01276	0.00897	0.00889	0.01318	0.01186	0.01738	0.01968	0.02848	0.01820	0.05222	0.68034	0.01118	0.01867	0.00774	0.04279	0.00650
21	0.79588	0.01406	0.01068	0.00956	0.01406	0.01631	0.00787	0.02137	0.01237	0.03261	0.01012	0.01181	0.00787	0.00675	0.00450	0.00225	0.00562	0.00394	0.00450	0.00787
22	0.01055	0.00715	0.00843	0.00843	0.00860	0.00732	0.00503	0.01089	0.01072	0.01446	0.02245	0.04505	0.02533	0.65299	0.12705	0.00766	0.00870	0.01020	0.00434	0.00468
23	0.01053	0.00974	0.04219	0.14963	0.02048	0.00907	0.04595	0.01317	0.01473	0.01952	0.06226	0.45909	0.08016	0.01760	0.00868	0.00274	0.00591	0.01597	0.00580	0.00679
24	0.01067	0.00771	0.00904	0.00919	0.01024	0.00744	0.00608	0.04149	0.01382	0.01825	0.03525	0.26501	0.13330	0.31965	0.05005	0.00483	0.00616	0.01395	0.00560	0.03224
25	0.02051	0.20073	0.09469	0.02002	0.11693	0.22943	0.01543	0.05803	0.03919	0.02077	0.01492	0.01789	0.03418	0.03897	0.00858	0.00222	0.04851	0.00573	0.00390	0.00935
26	0.01683	0.01204	0.01323	0.01160	0.01401	0.01290	0.00843	0.23968	0.06335	0.02729	0.02377	0.12537	0.02375	0.31028	0.01953	0.00426	0.00672	0.01015	0.04891	0.00791
27	0.02418	0.01831	0.01996	0.01508	0.02108	0.01900	0.01238	0.49422	0.02892	0.03972	0.01620	0.01680	0.01192	0.00781	0.00675	0.00188	0.00728	0.00593	0.00646	0.22612

[dist]
# distance from previous block
# <min> <max>
4	12

[block]
# block no. 8 follows, 28 sequences, length 7
# corresponding to MSA columns:
# 270-276
name=unknown_I
#
# <colnr> <probs for GDERKNQSTAVLIFYWHMCP>
#	G	D	E	R	K	N	Q	S	T	A	V	L	I	F	Y	W	H	M	C	P
0	0.08701	0.06379	0.05795	0.01226	0.01616	0.06911	0.01029	0.05773	0.04608	0.12721	0.15964	0.14731	0.06504	0.01219	0.00737	0.00227	0.00614	0.01013	0.00639	0.03592
1	0.02063	0.12474	0.11484	0.01746	0.05409	0.21496	0.01480	0.12758	0.01937	0.02385	0.01482	0.05350	0.01279	0.01044	0.03814	0.00246	0.04721	0.00618	0.03735	0.04481
2	0.13195	0.01665	0.01635	0.01385	0.01847	0.08792	0.01107	0.13833	0.17782	0.13701	0.02196	0.04905	0.01742	0.00945	0.00688	0.00222	0.00691	0.04308	0.00647	0.08715
3	0.12399	0.48666	0.03039	0.01316	0.01877	0.11831	0.01206	0.05917	0.01654	0.04802	0.01140	0.01271	0.00965	0.00671	0.00514	0.00175	0.00816	0.00428	0.00384	0.00930
4	0.02426	0.01779	0.01926	0.01529	0.02006	0.01952	0.01228	0.55021	0.03008	0.04030	0.02017	0.09137	0.01714	0.07565	0.01012	0.00269	0.00754	0.00830	0.00696	0.01102
5	0.14705	0.22458	0.09845	0.01671	0.08637	0.07983	0.01385	0.08107	0.01787	0.08025	0.07610	0.01833	0.01572	0.00776	0.00610	0.00202	0.00779	0.00575	0.00473	0.00967
6	0.06122	0.04260	0.01765	0.16951	0.02354	0.04516	0.01270	0.14027	0.04482	0.02595	0.01933	0.02323	0.05237	0.03988	0.01043	0.00250	0.11627	0.00695	0.13705	0.00855

[dist]
# distance from previous block
# <min> <max>
0	1

[block]
# block no. 9 follows, 28 sequences, length 21
# corresponding to MSA columns:
# 278-298
name=unknown_J
#
# <colnr> <probs for GDERKNQSTAVLIFYWHMCP>
#	G	D	E	R	K	N	Q	S	T	A	V	L	I	F	Y	W	H	M	C	P
0	0.19637	0.01535	0.06220	0.16795	0.07068	0.01468	0.10683	0.02354	0.01626	0.17248	0.04410	0.02186	0.04104	0.00802	0.00691	0.00232	0.00788	0.00691	0.00517	0.00947
1	0.72070	0.01371	0.01123	0.04724	0.01581	0.01589	0.00848	0.02089	0.01284	0.03173	0.04000	0.01405	0.01060	0.00713	0.00482	0.00226	0.00574	0.00447	0.00458	0.00784
2	0.01507	0.01292	0.01507	0.01077	0.01723	0.00969	0.00861	0.01830	0.01507	0.02369	0.01292	0.01507	0.01077	0.00538	0.00538	0.00108	0.00538	0.00431	0.00431	0.78898
3	0.01707	0.01322	0.01553	0.01122	0.01758	0.01037	0.00902	0.05027	0.01642	0.07952	0.01440	0.01596	0.01142	0.00583	0.00563	0.00122	0.00557	0.00465	0.00482	0.69025
4	0.01660	0.02037	0.09936	0.02875	0.06039	0.01761	0.53544	0.02316	0.04096	0.02331	0.01624	0.05299	0.01301	0.00712	0.00837	0.00245	0.01137	0.00876	0.00390	0.00983
5	0.02715	0.03464	0.02060	0.01873	0.02247	0.71536	0.01404	0.02903	0.02060	0.01779	0.01124	0.01311	0.00936	0.00749	0.00655	0.00187	0.01311	0.00468	0.00375	0.00843
6	0.00941	0.00801	0.00818	0.00813	0.01062	0.00714	0.00609	0.01280	0.07309	0.02049	0.06825	0.09948	0.60713	0.01790	0.00852	0.00248	0.00388	0.01500	0.00680	0.00658
7	0.01359	0.01274	0.02096	0.57449	0.11291	0.01513	0.01874	0.01804	0.01498	0.01923	0.01989	0.02498	0.08782	0.00845	0.00741	0.00240	0.00890	0.00747	0.00367	0.00821
8	0.05984	0.04149	0.01792	0.01345	0.01875	0.01391	0.01111	0.13734	0.06452	0.46375	0.02496	0.02290	0.01662	0.01129	0.04557	0.00274	0.00721	0.00700	0.00793	0.01170
9	0.01263	0.00631	0.00947	0.00947	0.00947	0.00631	0.00631	0.00947	0.00947	0.01263	0.01263	0.02210	0.01263	0.02525	0.02841	0.78851	0.00631	0.00631	0.00316	0.00316
10	0.00903	0.00728	0.00809	0.00843	0.01043	0.00634	0.00632	0.01105	0.01655	0.02054	0.12518	0.17444	0.48458	0.01888	0.00881	0.00258	0.00397	0.06442	0.00687	0.00621
11	0.01732	0.01640	0.02686	0.15017	0.52192	0.01718	0.02080	0.02348	0.08886	0.02365	0.01528	0.01920	0.01238	0.00697	0.00723	0.00223	0.00849	0.00666	0.00395	0.01096
12	0.01030	0.00710	0.00875	0.00898	0.00929	0.00730	0.00566	0.01099	0.01125	0.01526	0.02456	0.13821	0.02773	0.50827	0.16876	0.00741	0.00914	0.01139	0.00462	0.00503
13	0.01500	0.00951	0.01169	0.01055	0.01337	0.00915	0.00820	0.02071	0.12063	0.13954	0.38167	0.04829	0.13183	0.01377	0.00824	0.00237	0.00439	0.03485	0.00787	0.00838
14	0.05590	0.04562	0.04302	0.01446	0.01965	0.01690	0.01209	0.14219	0.29658	0.23648	0.02510	0.02311	0.01770	0.00903	0.00710	0.00230	0.00652	0.00721	0.00741	0.01165
15	0.02111	0.01138	0.01407	0.01177	0.01568	0.01093	0.00936	0.07282	0.11118	0.29166	0.24477	0.03785	0.09233	0.01177	0.00783	0.00230	0.00516	0.00993	0.00815	0.00996
16	0.04684	0.00822	0.00875	0.00815	0.01044	0.00836	0.00630	0.05003	0.01627	0.08107	0.02300	0.02593	0.01782	0.01122	0.04803	0.00238	0.00489	0.00675	0.60804	0.00751
17	0.01547	0.00863	0.00883	0.00813	0.01039	0.00892	0.00627	0.10665	0.01783	0.02965	0.02286	0.02578	0.01778	0.00850	0.00538	0.00176	0.00402	0.00674	0.67888	0.00754
18	0.01501	0.01605	0.03299	0.05384	0.03117	0.01554	0.45950	0.01974	0.01601	0.02171	0.02034	0.18832	0.01959	0.01038	0.00939	0.00260	0.04348	0.01122	0.00436	0.00873
19	0.01387	0.00913	0.01100	0.01011	0.01274	0.00870	0.00779	0.01892	0.10419	0.11382	0.32538	0.05167	0.19723	0.04076	0.00936	0.00257	0.00443	0.04285	0.00757	0.00791
20	0.01394	0.01313	0.02218	0.69348	0.08201	0.01621	0.02029	0.01876	0.01463	0.01883	0.01296	0.01931	0.00978	0.00723	0.00726	0.00241	0.00964	0.00646	0.00325	0.00824

[dist]
# distance from previous block
# <min> <max>
0	14

[block]
# block no. 10 follows, 28 sequences, length 104
# corresponding to MSA columns:
# 313-416
name=unknown_K
#
# <colnr> <probs for GDERKNQSTAVLIFYWHMCP>
#	G	D	E	R	K	N	Q	S	T	A	V	L	I	F	Y	W	H	M	C	P
0	0.01952	0.01679	0.02616	0.03624	0.51247	0.01710	0.01923	0.09782	0.05957	0.06188	0.01630	0.02022	0.01330	0.04148	0.00861	0.00241	0.00818	0.00683	0.00457	0.01132
1	0.01697	0.01706	0.02382	0.08632	0.21044	0.11508	0.11541	0.02022	0.01548	0.02046	0.01534	0.04498	0.01371	0.05143	0.05367	0.03234	0.07964	0.00732	0.05163	0.00870
2	0.02271	0.01609	0.03983	0.01366	0.01895	0.04508	0.01139	0.22909	0.02260	0.18114	0.02297	0.02629	0.05127	0.04341	0.00843	0.00225	0.00697	0.04525	0.00650	0.18611
3	0.00936	0.00749	0.00843	0.00846	0.01064	0.00656	0.00652	0.01177	0.01761	0.02230	0.22950	0.06721	0.46568	0.01768	0.00874	0.00251	0.00394	0.08216	0.00707	0.00638
4	0.01023	0.00696	0.00827	0.00859	0.00876	0.00696	0.00516	0.01064	0.01128	0.01513	0.02596	0.17869	0.03003	0.56184	0.07567	0.00656	0.00731	0.01232	0.00482	0.00483
5	0.02385	0.01778	0.01927	0.01554	0.02038	0.01961	0.01253	0.50952	0.09987	0.04015	0.02208	0.12537	0.01868	0.01092	0.00758	0.00233	0.00720	0.00881	0.00721	0.01132
6	0.02040	0.01564	0.01691	0.01475	0.01915	0.01764	0.01160	0.08879	0.56292	0.10395	0.02853	0.02610	0.02096	0.00968	0.00738	0.00242	0.00598	0.00799	0.00756	0.01167
7	0.02370	0.01768	0.02163	0.01874	0.08072	0.01890	0.05280	0.43439	0.05045	0.07378	0.08901	0.04543	0.01981	0.00951	0.00755	0.00224	0.00754	0.00790	0.00689	0.01133
8	0.01544	0.11688	0.55120	0.02095	0.03077	0.01842	0.10217	0.02291	0.01550	0.02237	0.01291	0.01543	0.00944	0.00673	0.00685	0.00223	0.01058	0.00558	0.00315	0.01047
9	0.02111	0.01006	0.01308	0.01097	0.01459	0.00919	0.00870	0.02518	0.05625	0.33518	0.30112	0.03716	0.03898	0.01140	0.00765	0.00223	0.00480	0.00970	0.07306	0.00960
