[name]
unknown

[dist]
# distance from previous block
# <min> <max>
0	15

[block]
# block no. 0 follows, 28 sequences, length 7
# corresponding to MSA columns:
# 15-21
name=unknown_A
#
# <colnr> <probs for GDERKNQSTAVLIFYWHMCP>
#	G	D	E	R	K	N	Q	S	T	A	V	L	I	F	Y	W	H	M	C	P
0	0.01330	0.00957	0.01256	0.01342	0.01545	0.00979	0.01141	0.09353	0.01851	0.02428	0.03615	0.14807	0.03901	0.01902	0.00962	0.00316	0.00657	0.50254	0.00677	0.00728
1	0.01806	0.02137	0.07640	0.06158	0.06167	0.10187	0.36408	0.02493	0.09186	0.02273	0.01530	0.01902	0.01180	0.00736	0.00920	0.00242	0.06914	0.00749	0.00400	0.00973
2	0.01631	0.01474	0.01647	0.01392	0.01684	0.10753	0.08799	0.13547	0.01879	0.02365	0.07750	0.09520	0.10785	0.21680	0.01607	0.00364	0.00774	0.01043	0.00551	0.00757
3	0.06008	0.00805	0.01036	0.01052	0.01216	0.00748	0.03462	0.01207	0.01413	0.01986	0.03790	0.48112	0.11729	0.06857	0.01046	0.00297	0.00486	0.01653	0.00613	0.06484
4	0.03879	0.01306	0.01975	0.19487	0.16614	0.01412	0.04866	0.02115	0.11511	0.02292	0.02648	0.03907	0.07374	0.01138	0.00802	0.00260	0.00770	0.16245	0.00510	0.00889
5	0.01182	0.00885	0.05318	0.06383	0.01395	0.00770	0.00850	0.01176	0.01177	0.01627	0.02086	0.19659	0.02223	0.07766	0.01994	0.37542	0.00619	0.01009	0.05840	0.00501
6	0.01152	0.00825	0.01035	0.00975	0.01159	0.00790	0.00727	0.06490	0.01993	0.02759	0.48284	0.12740	0.10196	0.01616	0.00978	0.05123	0.00407	0.01320	0.00742	0.00690

[dist]
# distance from previous block
# <min> <max>
13	32

[block]
# block no. 1 follows, 28 sequences, length 38
# corresponding to MSA columns:
# 55-92
name=unknown_B
#
# <colnr> <probs for GDERKNQSTAVLIFYWHMCP>
#	G	D	E	R	K	N	Q	S	T	A	V	L	I	F	Y	W	H	M	C	P
0	0.04659	0.01740	0.07111	0.01887	0.02477	0.01583	0.20207	0.12235	0.06682	0.17940	0.04546	0.02349	0.04555	0.00855	0.00819	0.00230	0.03604	0.00775	0.00595	0.05148
1	0.02125	0.01838	0.11201	0.01778	0.02434	0.01501	0.14817	0.07786	0.12846	0.19563	0.02030	0.02060	0.01441	0.00762	0.00719	0.00212	0.00795	0.00688	0.00592	0.14811
2	0.04938	0.01341	0.01778	0.01333	0.01905	0.01160	0.07525	0.05120	0.04427	0.14350	0.08677	0.02169	0.01840	0.00744	0.00649	0.00169	0.00614	0.00640	0.00570	0.40051
3	0.08757	0.00845	0.00921	0.00868	0.01134	0.00771	0.00662	0.01463	0.01739	0.08797	0.21080	0.09148	0.38048	0.01576	0.00811	0.00240	0.00407	0.01323	0.00705	0.00706
4	0.01355	0.00678	0.00678	0.00678	0.00847	0.00678	0.00508	0.01694	0.01524	0.02710	0.02371	0.02710	0.01863	0.00847	0.00508	0.00169	0.00339	0.00678	0.78489	0.00678
5	0.02481	0.01669	0.01817	0.01452	0.01923	0.04762	0.01170	0.36736	0.05106	0.16781	0.09936	0.02519	0.02114	0.04748	0.03163	0.00275	0.00758	0.00768	0.00729	0.01093
6	0.02009	0.02831	0.41526	0.01859	0.02713	0.01637	0.04579	0.13242	0.01972	0.15573	0.03922	0.01891	0.01341	0.00783	0.00716	0.00228	0.00925	0.00631	0.00507	0.01115
7	0.05189	0.01675	0.09310	0.01727	0.02338	0.01393	0.14475	0.03082	0.10984	0.35606	0.04900	0.02373	0.01782	0.00847	0.00748	0.00233	0.00769	0.00759	0.00690	0.01120
8	0.01943	0.74891	0.03809	0.01244	0.01866	0.02876	0.01244	0.02177	0.01477	0.01710	0.01011	0.01166	0.00933	0.00622	0.00466	0.00155	0.00777	0.00389	0.00311	0.00933
9	0.01373	0.01292	0.02180	0.72707	0.05006	0.01615	0.02019	0.01857	0.01453	0.01857	0.01292	0.01938	0.00969	0.00727	0.00727	0.00242	0.00969	0.00646	0.00323	0.00807
10	0.02526	0.01193	0.04040	0.05306	0.01891	0.01012	0.01088	0.02813	0.01895	0.47647	0.06451	0.15947	0.02550	0.01171	0.00773	0.00239	0.00604	0.01000	0.00798	0.01057
11	0.02944	0.01397	0.01748	0.01365	0.01900	0.01342	0.01119	0.16351	0.07205	0.48879	0.05958	0.02491	0.01968	0.00930	0.00737	0.00225	0.00638	0.00751	0.00848	0.01203
12	0.00886	0.00633	0.00843	0.01012	0.01054	0.00590	0.00675	0.01012	0.01392	0.01856	0.04006	0.73979	0.04808	0.02277	0.00928	0.00295	0.00422	0.02066	0.00675	0.00590
13	0.00951	0.00721	0.01035	0.01105	0.01207	0.00672	0.03996	0.01133	0.01496	0.02003	0.10733	0.58488	0.07270	0.02087	0.00917	0.00285	0.00460	0.04144	0.00672	0.00623
14	0.39479	0.04284	0.05043	0.01308	0.01828	0.05498	0.01126	0.23009	0.02052	0.05921	0.03399	0.01559	0.01169	0.00773	0.00584	0.00219	0.00705	0.00527	0.00549	0.00965
15	0.01057	0.00705	0.00793	0.00793	0.00793	0.00705	0.00440	0.01057	0.01057	0.01409	0.02290	0.04757	0.02643	0.74454	0.03700	0.00705	0.00705	0.01057	0.00440	0.00440
16	0.01799	0.01727	0.02950	0.04462	0.69919	0.01727	0.02231	0.02231	0.01655	0.02375	0.01367	0.01799	0.01151	0.00648	0.00720	0.00216	0.00864	0.00648	0.00360	0.01151
17	0.08023	0.06146	0.01875	0.01345	0.01893	0.01496	0.01122	0.18897	0.02312	0.42815	0.04989	0.02243	0.01739	0.00884	0.00699	0.00219	0.00658	0.00691	0.00786	0.01166
18	0.06028	0.01627	0.02363	0.24396	0.25595	0.01806	0.01826	0.17564	0.01984	0.05177	0.01454	0.01813	0.01112	0.00757	0.00768	0.00229	0.03367	0.00638	0.00458	0.01037
19	0.00859	0.00736	0.00736	0.00736	0.00982	0.00614	0.00552	0.01043	0.01657	0.01964	0.07364	0.06996	0.69624	0.01841	0.00859	0.00245	0.00368	0.01534	0.00675	0.00614
20	0.01212	0.00900	0.01055	0.01036	0.01216	0.00893	0.00747	0.10228	0.04226	0.02431	0.15690	0.31829	0.14818	0.08891	0.01141	0.00303	0.00484	0.01511	0.00684	0.00705
21	0.01715	0.01756	0.05449	0.03908	0.53118	0.01660	0.10982	0.02180	0.01690	0.02408	0.06693	0.02094	0.01581	0.00710	0.00748	0.00221	0.00880	0.00724	0.00393	0.01089
22	0.01943	0.74891	0.03809	0.01244	0.01866	0.02876	0.01244	0.02177	0.01477	0.01710	0.01011	0.01166	0.00933	0.00622	0.00466	0.00155	0.00777	0.00389	0.00311	0.00933
23	0.01846	0.01580	0.01665	0.01487	0.01905	0.01826	0.01160	0.06395	0.66012	0.03102	0.02910	0.02674	0.02180	0.00982	0.00739	0.00245	0.00584	0.00815	0.00739	0.01154
24	0.01896	0.01605	0.01693	0.01497	0.01924	0.01849	0.01172	0.09719	0.62607	0.03183	0.02847	0.02623	0.02128	0.00976	0.00738	0.00244	0.00596	0.00806	0.00738	0.01158
25	0.37232	0.28412	0.08006	0.01324	0.01904	0.04365	0.05618	0.02202	0.01408	0.02508	0.01070	0.01261	0.00877	0.00655	0.00510	0.00200	0.00751	0.00437	0.00380	0.00878
26	0.01274	0.04834	0.01167	0.00959	0.01229	0.01007	0.00731	0.05881	0.08936	0.04518	0.15611	0.05187	0.32927	0.11151	0.01189	0.00296	0.00489	0.01215	0.00663	0.00738
27	0.00886	0.00633	0.00843	0.01012	0.01054	0.00590	0.00675	0.01012	0.01392	0.01856	0.04006	0.73979	0.04808	0.02277	0.00928	0.00295	0.00422	0.02066	0.00675	0.00590
28	0.02636	0.13357	0.05402	0.01580	0.02187	0.02189	0.01382	0.47070	0.02878	0.11636	0.01741	0.01730	0.01240	0.00829	0.00685	0.00210	0.00788	0.00617	0.00664	0.01182
29	0.02612	0.01961	0.02097	0.01642	0.02197	0.02184	0.01345	0.57443	0.13716	0.04338	0.01937	0.01898	0.01391	0.00891	0.00729	0.00223	0.00764	0.00681	0.00729	0.01223
30	0.01263	0.00631	0.00947	0.00947	0.00947	0.00631	0.00631	0.00947	0.00947	0.01263	0.01263	0.02210	0.01263	0.02525	0.02841	0.78851	0.00631	0.00631	0.00316	0.00316
31	0.01420	0.01180	0.01337	0.03954	0.01649	0.01285	0.00978	0.02610	0.35488	0.02781	0.22290	0.04261	0.12065	0.01276	0.00801	0.00246	0.00503	0.04232	0.00729	0.00915
32	0.79588	0.01406	0.01068	0.00956	0.01406	0.01631	0.00787	0.02137	0.01237	0.03261	0.01012	0.01181	0.00787	0.00675	0.00450	0.00225	0.00562	0.00394	0.00450	0.00787
33	0.01734	0.01524	0.02187	0.18591	0.27146	0.03880	0.01712	0.02515	0.17138	0.05929	0.02037	0.06857	0.01714	0.00908	0.00747	0.00237	0.00788	0.02841	0.00498	0.01017
34	0.02025	0.67370	0.03625	0.01310	0.01906	0.10106	0.01261	0.02253	0.01538	0.01717	0.01022	0.01181	0.00933	0.00635	0.00486	0.00159	0.00834	0.00397	0.00318	0.00923
35	0.01355	0.00678	0.00678	0.00678	0.00847	0.00678	0.00508	0.01694	0.01524	0.02710	0.02371	0.02710	0.01863	0.00847	0.00508	0.00169	0.00339	0.00678	0.78489	0.00678
36	0.01355	0.00678	0.00678	0.00678	0.00847	0.00678	0.00508	0.01694	0.01524	0.02710	0.02371	0.02710	0.01863	0.00847	0.00508	0.00169	0.00339	0.00678	0.78489	0.00678
37	0.37072	0.14752	0.05534	0.01322	0.01835	0.15635	0.01152	0.08111	0.01682	0.05422	0.01187	0.01323	0.00928	0.00707	0.00541	0.00205	0.00797	0.00451	0.00446	0.00896

[dist]
# distance from previous block
# <min> <max>
0	1

[block]
# block no. 2 follows, 28 sequences, length 9
# corresponding to MSA columns:
# 94-102
name=unknown_C
#
# <colnr> <probs for GDERKNQSTAVLIFYWHMCP>
#	G	D	E	R	K	N	Q	S	T	A	V	L	I	F	Y	W	H	M	C	P
0	0.42995	0.26949	0.07344	0.01176	0.01739	0.02096	0.01119	0.05488	0.01453	0.02721	0.01071	0.01231	0.00870	0.00668	0.00488	0.00201	0.00687	0.00416	0.00405	0.00882
1	0.01263	0.00631	0.00947	0.00947	0.00947	0.00631	0.00631	0.00947	0.00947	0.01263	0.01263	0.02210	0.01263	0.02525	0.02841	0.78851	0.00631	0.00631	0.00316	0.00316
2	0.01458	0.03760	0.70688	0.02072	0.03146	0.01688	0.02686	0.02302	0.01535	0.02302	0.01304	0.01535	0.00921	0.00691	0.00691	0.00230	0.01074	0.00537	0.00307	0.01074
3	0.79588	0.01406	0.01068	0.00956	0.01406	0.01631	0.00787	0.02137	0.01237	0.03261	0.01012	0.01181	0.00787	0.00675	0.00450	0.00225	0.00562	0.00394	0.00450	0.00787
4	0.01000	0.00742	0.00932	0.00884	0.01068	0.00674	0.00663	0.01316	0.01989	0.02753	0.58952	0.05696	0.17544	0.01546	0.00858	0.00231	0.00347	0.01352	0.00779	0.00674
5	0.05053	0.02468	0.27767	0.02319	0.03112	0.01673	0.30227	0.02432	0.05261	0.06898	0.04493	0.01996	0.01377	0.00720	0.00765	0.00237	0.01029	0.00731	0.00423	0.01019
6	0.01355	0.00678	0.00678	0.00678	0.00847	0.00678	0.00508	0.01694	0.01524	0.02710	0.02371	0.02710	0.01863	0.00847	0.00508	0.00169	0.00339	0.00678	0.78489	0.00678
7	0.13972	0.26722	0.02489	0.01528	0.01995	0.38415	0.01259	0.02548	0.01744	0.01978	0.01070	0.01244	0.00913	0.00696	0.00562	0.00182	0.01023	0.00431	0.00365	0.00864
8	0.01621	0.01191	0.01434	0.01083	0.01635	0.00928	0.00856	0.01925	0.01608	0.10120	0.07127	0.07544	0.01909	0.00790	0.00616	0.00145	0.00523	0.00662	0.00532	0.57750

[dist]
# distance from previous block
# <min> <max>
0	2

[block]
# block no. 3 follows, 28 sequences, length 12
# corresponding to MSA columns:
# 105-116
name=unknown_D
#
# <colnr> <probs for GDERKNQSTAVLIFYWHMCP>
#	G	D	E	R	K	N	Q	S	T	A	V	L	I	F	Y	W	H	M	C	P
0	0.02028	0.01556	0.01683	0.01471	0.01910	0.01755	0.01156	0.07871	0.57167	0.10529	0.02872	0.02624	0.02110	0.00969	0.00738	0.00242	0.00594	0.00801	0.00756	0.01165
1	0.73343	0.01397	0.01157	0.06685	0.01693	0.01629	0.00886	0.02114	0.01254	0.03149	0.01034	0.01241	0.00802	0.00679	0.00472	0.00226	0.00595	0.00414	0.00440	0.00789
2	0.01459	0.01380	0.02336	0.58921	0.18119	0.01638	0.02062	0.01933	0.01494	0.01962	0.01307	0.01910	0.01006	0.00711	0.00725	0.00237	0.00948	0.00646	0.00330	0.00877
3	0.01029	0.00743	0.00972	0.00914	0.01086	0.00686	0.00686	0.01372	0.02058	0.02915	0.69536	0.05430	0.06859	0.01486	0.00857	0.00229	0.00343	0.01315	0.00800	0.00686
4	0.02031	0.02077	0.01785	0.01689	0.04783	0.21844	0.01246	0.03397	0.43402	0.02643	0.05608	0.02403	0.02031	0.00928	0.00720	0.00227	0.00788	0.00737	0.00622	0.01039
5	0.20155	0.01534	0.01751	0.14841	0.02409	0.08532	0.05551	0.04216	0.07045	0.06888	0.09582	0.02676	0.02031	0.00957	0.00768	0.00240	0.03658	0.05781	0.00526	0.00860
6	0.00895	0.00640	0.00852	0.01006	0.01056	0.00597	0.00675	0.01036	0.01435	0.01925	0.08297	0.69491	0.04942	0.02226	0.00923	0.00291	0.00417	0.02017	0.00683	0.00597
7	0.01418	0.01261	0.06426	0.01427	0.01820	0.01056	0.12275	0.01920	0.06115	0.08991	0.30108	0.04487	0.14003	0.01274	0.00834	0.00240	0.00605	0.04234	0.00673	0.00833
8	0.00882	0.00645	0.00831	0.00979	0.01046	0.00593	0.00660	0.01016	0.01423	0.01868	0.04405	0.66019	0.12511	0.02225	0.00920	0.00289	0.00415	0.02003	0.00675	0.00593
9	0.01689	0.01909	0.04125	0.08485	0.03893	0.01821	0.62199	0.02292	0.01695	0.02292	0.01457	0.01959	0.01093	0.00622	0.00848	0.00245	0.01206	0.00841	0.00364	0.00967
10	0.10710	0.01814	0.02020	0.31720	0.05912	0.12363	0.01600	0.14490	0.07785	0.02636	0.01469	0.01784	0.01110	0.00771	0.00686	0.00227	0.00905	0.00608	0.00459	0.00934
11	0.01937	0.01486	0.01696	0.01246	0.01871	0.01315	0.01010	0.19300	0.02044	0.06719	0.01499	0.01624	0.01159	0.00647	0.00599	0.00143	0.00612	0.00506	0.00535	0.54053

[dist]
# distance from previous block
# <min> <max>
0	14

[block]
# block no. 4 follows, 28 sequences, length 134
# corresponding to MSA columns:
# 131-264
name=unknown_E
#
# <colnr> <probs for GDERKNQSTAVLIFYWHMCP>
#	G	D	E	R	K	N	Q	S	T	A	V	L	I	F	Y	W	H	M	C	P
0	0.07874	0.00970	0.01145	0.04254	0.01453	0.01014	0.00875	0.05805	0.06057	0.02478	0.16744	0.22609	0.15084	0.01609	0.00887	0.00261	0.03177	0.06315	0.00659	0.00732
1	0.01042	0.00765	0.01101	0.01101	0.01207	0.00872	0.00824	0.01255	0.01148	0.01637	0.02009	0.03198	0.01966	0.17883	0.59346	0.01085	0.01723	0.00829	0.00399	0.00611
2	0.01171	0.00837	0.01171	0.01339	0.01506	0.00837	0.01171	0.01506	0.01673	0.02175	0.03849	0.08199	0.04183	0.02008	0.01004	0.00335	0.00669	0.65027	0.00669	0.00669
3	0.01692	0.01731	0.06029	0.12861	0.55763	0.01667	0.02160	0.02140	0.01624	0.02289	0.01590	0.02008	0.03801	0.00707	0.00725	0.00221	0.00868	0.00677	0.00365	0.01083
4	0.79588	0.01406	0.01068	0.00956	0.01406	0.01631	0.00787	0.02137	0.01237	0.03261	0.01012	0.01181	0.00787	0.00675	0.00450	0.00225	0.00562	0.00394	0.00450	0.00787
5	0.01765	0.01508	0.01585	0.01421	0.01824	0.01720	0.01107	0.06430	0.59654	0.03012	0.03303	0.03057	0.08277	0.01059	0.00750	0.00245	0.00566	0.00879	0.00733	0.01106
6	0.00886	0.00633	0.00843	0.01012	0.01054	0.00590	0.00675	0.01012	0.01392	0.01856	0.04006	0.73979	0.04808	0.02277	0.00928	0.00295	0.00422	0.02066	0.00675	0.00590
7	0.02714	0.02007	0.02155	0.01649	0.02233	0.02204	0.01361	0.64922	0.03343	0.04494	0.01727	0.01736	0.01230	0.00860	0.00720	0.00214	0.00790	0.00646	0.00716	0.04280
8	0.01928	0.01411	0.01639	0.01211	0.01828	0.01212	0.00978	0.12342	0.04357	0.11051	0.01617	0.01707	0.01232	0.00651	0.00599	0.00144	0.00590	0.00517	0.00546	0.54440
9	0.02777	0.01814	0.02020	0.01570	0.02131	0.01950	0.01290	0.47167	0.09608	0.18841	0.02112	0.02001	0.01457	0.00890	0.00729	0.00222	0.00738	0.00688	0.00766	0.01228
10	0.00886	0.00633	0.00843	0.01012	0.01054	0.00590	0.00675	0.01012	0.01392	0.01856	0.04006	0.73979	0.04808	0.02277	0.00928	0.00295	0.00422	0.02066	0.00675	0.00590
11	0.76202	0.01398	0.01096	0.00971	0.01426	0.01606	0.00800	0.02199	0.01274	0.06241	0.01094	0.01238	0.00832	0.00685	0.00462	0.00225	0.00565	0.00409	0.00470	0.00807
12	0.02512	0.20434	0.02534	0.01781	0.05124	0.37483	0.01388	0.14021	0.02139	0.04385	0.01269	0.01409	0.01024	0.00740	0.00627	0.00187	0.01051	0.00497	0.00436	0.00959
13	0.00886	0.00633	0.00843	0.01012	0.01054	0.00590	0.00675	0.01012	0.01392	0.01856	0.04006	0.73979	0.04808	0.02277	0.00928	0.00295	0.00422	0.02066	0.00675	0.00590
14	0.06845	0.01690	0.02504	0.21204	0.05281	0.06601	0.15710	0.07347	0.01677	0.02334	0.05916	0.01998	0.01409	0.00870	0.01070	0.00249	0.15297	0.00707	0.00410	0.00881
15	0.01345	0.00929	0.01027	0.00941	0.01039	0.00966	0.00599	0.12249	0.01455	0.01944	0.02199	0.04250	0.02406	0.62058	0.03199	0.00623	0.00721	0.00989	0.00489	0.00575
16	0.00897	0.00641	0.00856	0.01025	0.01072	0.00600	0.00694	0.01031	0.01403	0.01868	0.04000	0.71414	0.04783	0.02267	0.00931	0.00297	0.00431	0.04522	0.00675	0.00593
17	0.01460	0.03532	0.63762	0.02097	0.03116	0.01662	0.06921	0.02270	0.01565	0.02326	0.03760	0.01703	0.01146	0.00714	0.00708	0.00231	0.01058	0.00586	0.00329	0.01054
18	0.01211	0.00937	0.01129	0.01060	0.01282	0.00956	0.00800	0.01962	0.18423	0.02875	0.48750	0.09330	0.05578	0.01416	0.00833	0.00237	0.00405	0.01243	0.00777	0.00794
19	0.01007	0.00728	0.00978	0.01134	0.01245	0.00699	0.00881	0.01228	0.01532	0.02002	0.04176	0.40752	0.09125	0.02130	0.00956	0.00309	0.00525	0.29293	0.00672	0.00626
20	0.01290	0.00871	0.01025	0.00951	0.01194	0.00807	0.00721	0.06131	0.01895	0.08575	0.25867	0.09759	0.28009	0.06305	0.01030	0.00272	0.00448	0.03400	0.00724	0.00726
21	0.00865	0.00737	0.00745	0.00743	0.00986	0.00616	0.00557	0.01055	0.01671	0.01998	0.09579	0.06940	0.67388	0.01828	0.00859	0.00245	0.00367	0.01526	0.00679	0.00616
22	0.02551	0.01930	0.02062	0.01629	0.02173	0.02155	0.01330	0.53330	0.17930	0.04238	0.02015	0.01960	0.01455	0.00898	0.00730	0.00224	0.00750	0.00692	0.00730	0.01217
23	0.76180	0.01434	0.01118	0.00988	0.01443	0.01658	0.00814	0.05036	0.01334	0.03320	0.01045	0.01206	0.00807	0.00684	0.00462	0.00225	0.00573	0.00405	0.00462	0.00807
24	0.01368	0.01149	0.01281	0.01385	0.01584	0.08123	0.01170	0.01790	0.06127	0.02167	0.03460	0.07019	0.03671	0.04182	0.01039	0.00326	0.00730	0.52082	0.00636	0.00711
25	0.01796	0.01735	0.02998	0.04412	0.67568	0.01731	0.04544	0.02234	0.01657	0.02373	0.01371	0.01805	0.01150	0.00646	0.00725	0.00217	0.00876	0.00655	0.00360	0.01145
26	0.01426	0.01346	0.01990	0.08295	0.02053	0.01731	0.05875	0.01619	0.01187	0.01733	0.01424	0.04551	0.01456	0.15743	0.05671	0.00422	0.41605	0.00786	0.00360	0.00726
27	0.00860	0.00731	0.00742	0.00750	0.00985	0.00613	0.00558	0.01042	0.01644	0.01958	0.07199	0.10279	0.66447	0.01862	0.00862	0.00248	0.00371	0.01560	0.00675	0.00613
28	0.05400	0.01515	0.03798	0.07387	0.02184	0.01543	0.01242	0.08219	0.29011	0.27814	0.02569	0.02392	0.01792	0.00903	0.00722	0.00235	0.00655	0.00736	0.00738	0.01144
29	0.79588	0.01406	0.01068	0.00956	0.01406	0.01631	0.00787	0.02137	0.01237	0.03261	0.01012	0.01181	0.00787	0.00675	0.00450	0.00225	0.00562	0.00394	0.00450	0.00787
30	0.07527	0.01758	0.01882	0.01729	0.09257	0.08042	0.01241	0.18096	0.11931	0.09825	0.01776	0.01829	0.01330	0.00761	0.00656	0.00193	0.00722	0.00596	0.00582	0.20267
31	0.00859	0.00736	0.00736	0.00736	0.00982	0.00614	0.00552	0.01043	0.01657	0.01964	0.07364	0.06996	0.69624	0.01841	0.00859	0.00245	0.00368	0.01534	0.00675	0.00614
32	0.01507	0.01292	0.01507	0.01077	0.01723	0.00969	0.00861	0.01830	0.01507	0.02369	0.01292	0.01507	0.01077	0.00538	0.00538	0.00108	0.00538	0.00431	0.00431	0.78898
33	0.01841	0.15062	0.41093	0.01923	0.02760	0.13689	0.04999	0.06439	0.01739	0.02261	0.01261	0.01469	0.00953	0.00697	0.00658	0.00211	0.01056	0.00523	0.00348	0.01018
34	0.02629	0.01966	0.02068	0.01630	0.02176	0.04253	0.01330	0.52224	0.13946	0.07243	0.01975	0.01923	0.01413	0.00889	0.00727	0.00222	0.00771	0.00680	0.00726	0.01210
35	0.01007	0.00688	0.00803	0.00845	0.00865	0.00673	0.00503	0.01045	0.01164	0.01542	0.02914	0.22035	0.05787	0.53703	0.02901	0.00585	0.00621	0.01326	0.00508	0.00484
36	0.02541	0.01897	0.02093	0.01726	0.04790	0.02092	0.01357	0.57073	0.05713	0.04207	0.01888	0.05115	0.01455	0.01096	0.03275	0.00257	0.00818	0.00729	0.00699	0.01179
37	0.08795	0.02826	0.02079	0.02124	0.11894	0.47520	0.01448	0.05107	0.04936	0.04812	0.01321	0.01494	0.01056	0.00749	0.00657	0.00200	0.01108	0.00521	0.00428	0.00926
38	0.00971	0.00697	0.00904	0.01042	0.01109	0.00666	0.00707	0.04040	0.01484	0.01980	0.03903	0.70689	0.04645	0.02213	0.00919	0.00292	0.00439	0.02002	0.00677	0.00620
39	0.01990	0.01519	0.01695	0.04873	0.02035	0.01690	0.01177	0.09635	0.47121	0.10144	0.05151	0.02611	0.02148	0.00955	0.00733	0.00235	0.00610	0.00791	0.00725	0.04160
40	0.01721	0.01566	0.02295	0.30567	0.05332	0.01956	0.04080	0.13462	0.01696	0.02333	0.01261	0.01778	0.01021	0.00939	0.01318	0.00264	0.26468	0.00652	0.00395	0.00895
41	0.00886	0.00633	0.00843	0.01012	0.01054	0.00590	0.00675	0.01012	0.01392	0.01856	0.04006	0.73979	0.04808	0.02277	0.00928	0.00295	0.00422	0.02066	0.00675	0.00590
42	0.01946	0.01636	0.02183	0.09477	0.15768	0.01798	0.05357	0.11453	0.33158	0.06015	0.02226	0.02273	0.01669	0.00852	0.00739	0.00235	0.00742	0.00746	0.00606	0.01121
43	0.01705	0.01905	0.03966	0.02879	0.03521	0.01880	0.57623	0.02319	0.04026	0.02289	0.01466	0.01946	0.01126	0.00699	0.01024	0.00253	0.09199	0.00832	0.00375	0.00966
44	0.00909	0.00649	0.00870	0.01039	0.01091	0.00610	0.00715	0.01052	0.01415	0.01882	0.03994	0.68628	0.04757	0.02255	0.00934	0.00298	0.00442	0.07189	0.00674	0.00597
45	0.01111	0.00840	0.00985	0.00916	0.01142	0.00790	0.00702	0.03706	0.01881	0.04692	0.33118	0.05755	0.35262	0.01599	0.00917	0.00240	0.03585	0.01343	0.00722	0.00695
46	0.00886	0.00633	0.00843	0.01012	0.01054	0.00590	0.00675	0.01012	0.01392	0.01856	0.04006	0.73979	0.04808	0.02277	0.00928	0.00295	0.00422	0.02066	0.00675	0.00590
47	0.01721	0.42241	0.34507	0.01624	0.02453	0.02331	0.01906	0.02234	0.01503	0.01982	0.01145	0.01335	0.00927	0.00653	0.00569	0.00190	0.00914	0.00457	0.00309	0.00998
48	0.07527	0.66134	0.03535	0.01244	0.01852	0.02757	0.01218	0.05320	0.01553	0.01959	0.01046	0.01195	0.00937	0.00638	0.00478	0.00163	0.00763	0.00402	0.00341	0.00937
49	0.02715	0.03464	0.02060	0.01873	0.02247	0.71536	0.01404	0.02903	0.02060	0.01779	0.01124	0.01311	0.00936	0.00749	0.00655	0.00187	0.01311	0.00468	0.00375	0.00843
50	0.02766	0.01889	0.02082	0.01606	0.02169	0.02054	0.01325	0.56923	0.03166	0.12939	0.01897	0.01878	0.01329	0.01039	0.03247	0.00253	0.00817	0.00669	0.00737	0.01215
51	0.00884	0.00639	0.00837	0.00994	0.01050	0.00592	0.00667	0.01014	0.01409	0.01863	0.04224	0.69638	0.09008	0.02249	0.00923	0.00292	0.00418	0.02032	0.00675	0.00592
52	0.14386	0.05437	0.16335	0.02274	0.02971	0.01725	0.35458	0.02190	0.01587	0.02445	0.03691	0.05297	0.01375	0.00747	0.00744	0.00237	0.00999	0.00771	0.00396	0.00936
53	0.79588	0.01406	0.01068	0.00956	0.01406	0.01631	0.00787	0.02137	0.01237	0.03261	0.01012	0.01181	0.00787	0.00675	0.00450	0.00225	0.00562	0.00394	0.00450	0.00787
54	0.02122	0.07148	0.01786	0.01482	0.01808	0.34207	0.01146	0.04877	0.01834	0.06759	0.04758	0.05480	0.01696	0.01788	0.14521	0.00387	0.01181	0.00678	0.05520	0.00824
55	0.00883	0.00734	0.00771	0.00770	0.00998	0.00622	0.00574	0.01086	0.01701	0.02086	0.15508	0.09168	0.58978	0.01809	0.00861	0.00245	0.00367	0.01524	0.00692	0.00622
56	0.01487	0.01271	0.01486	0.01075	0.01701	0.00957	0.00855	0.01804	0.01504	0.02352	0.01380	0.03854	0.01197	0.00595	0.00551	0.00114	0.00535	0.00484	0.00439	0.76362
57	0.02392	0.01805	0.01966	0.01494	0.02072	0.01881	0.01220	0.48875	0.02861	0.03922	0.01651	0.01789	0.01245	0.03313	0.00782	0.00207	0.00732	0.00613	0.00644	0.20536
58	0.39803	0.01614	0.01479	0.01226	0.01695	0.04009	0.01001	0.24859	0.02099	0.05926	0.03879	0.01679	0.01271	0.00794	0.00581	0.00218	0.00649	0.00550	0.05719	0.00950
59	0.00884	0.00638	0.00838	0.00999	0.01051	0.00592	0.00669	0.01014	0.01404	0.01861	0.04168	0.70753	0.07930	0.02256	0.00924	0.00293	0.00419	0.02041	0.00675	0.00592
60	0.74361	0.01449	0.01144	0.01005	0.01463	0.01673	0.00828	0.06584	0.01385	0.03351	0.01062	0.01219	0.00818	0.00688	0.00469	0.00224	0.00578	0.00411	0.00469	0.00818
61	0.01530	0.04731	0.02394	0.21230	0.02867	0.01998	0.06799	0.01816	0.01279	0.01826	0.01202	0.04373	0.01111	0.01081	0.01675	0.00284	0.41958	0.00698	0.00336	0.00812
62	0.00908	0.00656	0.00867	0.01014	0.01078	0.00604	0.00681	0.01041	0.01396	0.01874	0.03910	0.71404	0.04675	0.02216	0.00914	0.00289	0.00426	0.02008	0.00666	0.03373
63	0.02054	0.01777	0.06534	0.01529	0.04194	0.01635	0.01267	0.31701	0.04385	0.03394	0.04916	0.01896	0.01481	0.00914	0.02841	0.00212	0.00739	0.00612	0.00581	0.27339
64	0.01901	0.01579	0.01550	0.01370	0.01676	0.10532	0.01040	0.27798	0.02269	0.02921	0.04807	0.23619	0.02616	0.08421	0.04182	0.00325	0.00779	0.01117	0.00626	0.00873
65	0.00884	0.00638	0.00838	0.00999	0.01051	0.00592	0.00669	0.01014	0.01405	0.01861	0.04171	0.70696	0.07985	0.02256	0.00924	0.00293	0.00419	0.02040	0.00675	0.00592
66	0.01799	0.04725	0.14763	0.05868	0.08699	0.10673	0.38141	0.02364	0.01706	0.02218	0.01368	0.01769	0.01044	0.00651	0.00775	0.00230	0.01157	0.00715	0.00354	0.00983
67	0.01949	0.01457	0.01578	0.01374	0.01798	0.01600	0.01082	0.09876	0.44799	0.11152	0.03431	0.03175	0.11341	0.01082	0.00754	0.00241	0.00575	0.00892	0.00749	0.01096
68	0.00890	0.00648	0.00840	0.00982	0.01049	0.00597	0.00664	0.01033	0.01449	0.01917	0.07528	0.64446	0.10881	0.02198	0.00918	0.00287	0.00413	0.01981	0.00681	0.00597
69	0.02637	0.01956	0.02092	0.01620	0.02180	0.02159	0.01333	0.61987	0.05697	0.04399	0.02060	0.02033	0.04566	0.00923	0.00734	0.00220	0.00771	0.00703	0.00725	0.01203
70	0.00890	0.00636	0.00847	0.01009	0.01055	0.00593	0.00675	0.01022	0.01411	0.01886	0.05880	0.72019	0.04866	0.02255	0.00926	0.00293	0.00419	0.02045	0.00678	0.00593
71	0.12741	0.05319	0.01932	0.01462	0.01988	0.07468	0.01209	0.31061	0.02505	0.20973	0.01950	0.02091	0.01419	0.00884	0.00686	0.00221	0.00757	0.03545	0.00684	0.01106
72	0.77240	0.01477	0.03161	0.00989	0.01458	0.01632	0.00844	0.02142	0.01246	0.03233	0.01021	0.01191	0.00791	0.00675	0.00457	0.00225	0.00578	0.00398	0.00446	0.00796
73	0.02715	0.03464	0.02060	0.01873	0.02247	0.71536	0.01404	0.02903	0.02060	0.01779	0.01124	0.01311	0.00936	0.00749	0.00655	0.00187	0.01311	0.00468	0.00375	0.00843
74	0.01477	0.01447	0.02331	0.41508	0.03758	0.01861	0.05985	0.01846	0.01341	0.01846	0.01175	0.01808	0.00972	0.00926	0.01363	0.00271	0.28292	0.00656	0.00324	0.00814
75	0.00944	0.00657	0.00826	0.00937	0.00965	0.00629	0.00595	0.01027	0.01278	0.01703	0.03421	0.50368	0.04069	0.26896	0.01873	0.00435	0.00518	0.01722	0.00595	0.00539
76	0.05512	0.01686	0.02074	0.14474	0.14055	0.03724	0.01521	0.21976	0.16165	0.05737	0.02058	0.02176	0.03904	0.00857	0.00719	0.00229	0.00774	0.00706	0.00579	0.01075
77	0.79588	0.01406	0.01068	0.00956	0.01406	0.01631	0.00787	0.02137	0.01237	0.03261	0.01012	0.01181	0.00787	0.00675	0.00450	0.00225	0.00562	0.00394	0.00450	0.00787
78	0.01489	0.01541	0.02997	0.02252	0.02765	0.01467	0.38949	0.01931	0.01610	0.02239	0.05823	0.15495	0.02112	0.01010	0.00939	0.00243	0.05884	0.01045	0.00454	0.09754
79	0.00918	0.00743	0.00818	0.00812	0.01034	0.00643	0.00617	0.01151	0.01761	0.02220	0.23295	0.06648	0.50218	0.01757	0.00866	0.00245	0.00376	0.04536	0.00707	0.00635
80	0.01507	0.01292	0.01507	0.01077	0.01723	0.00969	0.00861	0.01830	0.01507	0.02369	0.01292	0.01507	0.01077	0.00538	0.00538	0.00108	0.00538	0.00431	0.00431	0.78898
81	0.01969	0.01535	0.05037	0.01270	0.01897	0.01261	0.01076	0.15031	0.01959	0.11815	0.01666	0.03671	0.01299	0.00707	0.00619	0.00156	0.00624	0.00565	0.00552	0.47293
82	0.02284	0.01755	0.01881	0.01526	0.02016	0.01949	0.01232	0.41276	0.22853	0.03903	0.06942	0.02491	0.04581	0.00986	0.00745	0.00228	0.00684	0.00784	0.00734	0.01149
83	0.00912	0.00664	0.00816	0.00924	0.00994	0.00615	0.00611	0.01026	0.01378	0.01794	0.04283	0.49802	0.15729	0.15221	0.01416	0.00360	0.00463	0.01791	0.00633	0.00567
84	0.76820	0.01400	0.01091	0.00968	0.01422	0.01610	0.00797	0.02188	0.01268	0.05697	0.01079	0.01228	0.00824	0.00683	0.00460	0.00225	0.00564	0.00406	0.00466	0.00804
85	0.05087	0.03053	0.02069	0.01925	0.05177	0.54686	0.01416	0.09117	0.04530	0.02170	0.01252	0.01430	0.01017	0.00780	0.00718	0.00199	0.03540	0.00510	0.00422	0.00902
86	0.00931	0.00655	0.00846	0.00969	0.01005	0.00631	0.00632	0.01035	0.01305	0.01746	0.03524	0.55048	0.04182	0.18890	0.04672	0.00427	0.00553	0.01779	0.00609	0.00559
87	0.04411	0.01662	0.05409	0.35312	0.27320	0.04393	0.01995	0.02198	0.06176	0.02188	0.01417	0.01873	0.01109	0.00714	0.00711	0.00230	0.00908	0.00638	0.00371	0.00965
88	0.08514	0.02718	0.01997	0.09815	0.04949	0.45163	0.01429	0.09096	0.02004	0.02203	0.01245	0.01509	0.01009	0.00980	0.04133	0.00249	0.01177	0.00523	0.00410	0.00876
89	0.00892	0.00638	0.00849	0.01008	0.01056	0.00595	0.00675	0.01029	0.01422	0.01904	0.06991	0.70857	0.04901	0.02241	0.00925	0.00292	0.00418	0.02032	0.00680	0.00595
90	0.01583	0.01522	0.04360	0.01804	0.02238	0.04770	0.21828	0.06412	0.08762	0.04644	0.21139	0.12065	0.03321	0.01142	0.00827	0.00241	0.00762	0.01089	0.00604	0.00886
91	0.01490	0.01552	0.03053	0.02297	0.02835	0.01478	0.41850	0.02085	0.06160	0.02327	0.07243	0.05477	0.09941	0.01153	0.03376	0.00284	0.00986	0.05040	0.00488	0.00885
92	0.00913	0.00675	0.00852	0.00982	0.01076	0.00622	0.00691	0.01068	0.01462	0.01895	0.04611	0.52049	0.17666	0.04378	0.01006	0.00302	0.00444	0.08042	0.00667	0.00598
93	0.08800	0.02745	0.01891	0.01673	0.02080	0.44790	0.01290	0.14273	0.05134	0.02476	0.01695	0.01928	0.04500	0.00867	0.00676	0.00206	0.01061	0.02527	0.00483	0.00905
94	0.00889	0.00642	0.00834	0.00985	0.01041	0.00596	0.00659	0.01016	0.01401	0.01850	0.04202	0.66900	0.09536	0.04460	0.01008	0.00304	0.00426	0.01996	0.00668	0.00588
95	0.16586	0.01332	0.01642	0.01362	0.04024	0.01271	0.01075	0.06397	0.04139	0.50956	0.02440	0.02196	0.01586	0.00853	0.00681	0.00225	0.00624	0.00668	0.00789	0.01152
96	0.11620	0.06394	0.02287	0.46135	0.16136	0.01723	0.01845	0.01983	0.01464	0.02123	0.01250	0.01762	0.00976	0.00698	0.00672	0.00229	0.00884	0.00596	0.00345	0.00876
97	0.02715	0.03464	0.02060	0.01873	0.02247	0.71536	0.01404	0.02903	0.02060	0.01779	0.01124	0.01311	0.00936	0.00749	0.00655	0.00187	0.01311	0.00468	0.00375	0.00843
98	0.01734	0.01257	0.01433	0.01265	0.01536	0.01350	0.00957	0.28873	0.02153	0.02891	0.02479	0.19287	0.02529	0.18215	0.07985	0.00437	0.00793	0.03374	0.00617	0.00835
99	0.00923	0.00654	0.00858	0.00993	0.01044	0.00617	0.00668	0.01058	0.01414	0.01896	0.08481	0.59870	0.04711	0.09611	0.01209	0.00334	0.00453	0.03961	0.00659	0.00584
100	0.02288	0.01804	0.04921	0.04342	0.02207	0.01901	0.01335	0.28716	0.31157	0.09883	0.02335	0.02227	0.01687	0.00910	0.00731	0.00232	0.00705	0.00728	0.00714	0.01176
101	0.79588	0.01406	0.01068	0.00956	0.01406	0.01631	0.00787	0.02137	0.01237	0.03261	0.01012	0.01181	0.00787	0.00675	0.00450	0.00225	0.00562	0.00394	0.00450	0.00787
102	0.01762	0.01382	0.01595	0.01178	0.01777	0.01177	0.00948	0.13296	0.01900	0.05445	0.06076	0.01853	0.01526	0.00675	0.00600	0.00140	0.00574	0.00541	0.00526	0.57029
103	0.00859	0.00736	0.00736	0.00736	0.00982	0.00614	0.00552	0.01043	0.01657	0.01964	0.07364	0.06996	0.69624	0.01841	0.00859	0.00245	0.00368	0.01534	0.00675	0.00614
104	0.01507	0.01292	0.01507	0.01077	0.01723	0.00969	0.00861	0.01830	0.01507	0.02369	0.01292	0.01507	0.01077	0.00538	0.00538	0.00108	0.00538	0.00431	0.00431	0.78898
105	0.01426	0.01077	0.01352	0.01152	0.01517	0.00980	0.04063	0.05580	0.07186	0.07276	0.11948	0.16764	0.17270	0.01342	0.00775	0.00220	0.00514	0.01166	0.00647	0.17746
106	0.10442	0.01639	0.01665	0.01425	0.01878	0.04235	0.01131	0.15994	0.37144	0.09372	0.02639	0.02482	0.04859	0.00953	0.00708	0.00235	0.00639	0.00755	0.00705	0.01101
107	0.01035	0.00697	0.00806	0.00825	0.00836	0.00690	0.00479	0.01063	0.01135	0.01519	0.04902	0.13453	0.03064	0.62811	0.03251	0.00636	0.00656	0.01193	0.00483	0.00468
108	0.01667	0.01624	0.02825	0.10381	0.50748	0.01630	0.08956	0.02101	0.01643	0.02285	0.01900	0.02288	0.07169	0.00757	0.00747	0.00224	0.00868	0.00748	0.00385	0.01054
109	0.02627	0.02939	0.02000	0.01769	0.02181	0.50891	0.01352	0.10420	0.11089	0.05631	0.01525	0.01604	0.01184	0.00802	0.00679	0.00201	0.01121	0.00549	0.00489	0.00948
110	0.00922	0.00649	0.00838	0.00969	0.01008	0.00614	0.00632	0.01032	0.01352	0.01808	0.05805	0.59127	0.04478	0.15435	0.01432	0.00368	0.00471	0.01858	0.00636	0.00566
111	0.01432	0.01123	0.01704	0.05976	0.05170	0.01187	0.07262	0.01695	0.01548	0.08516	0.11307	0.20982	0.07308	0.04623	0.01224	0.00280	0.13094	0.01184	0.00565	0.03819
112	0.02460	0.04866	0.02363	0.04578	0.20703	0.12932	0.01590	0.23558	0.02323	0.13071	0.01647	0.01779	0.01222	0.00792	0.00750	0.00215	0.02858	0.00623	0.00557	0.01114
113	0.00886	0.00633	0.00843	0.01012	0.01054	0.00590	0.00675	0.01012	0.01392	0.01856	0.04006	0.73979	0.04808	0.02277	0.00928	0.00295	0.00422	0.02066	0.00675	0.00590
114	0.01741	0.02309	0.13546	0.02849	0.03610	0.06152	0.54042	0.02360	0.01711	0.02291	0.01426	0.01860	0.01067	0.00632	0.00822	0.00239	0.01209	0.00788	0.00359	0.00985
115	0.01898	0.01523	0.01615	0.01392	0.01727	0.06214	0.01084	0.25992	0.11970	0.02913	0.02016	0.02596	0.01723	0.12653	0.20776	0.00553	0.01105	0.00759	0.00571	0.00921
116	0.00929	0.00661	0.00849	0.00983	0.01035	0.00624	0.00660	0.01050	0.01367	0.01808	0.03884	0.55799	0.07546	0.13809	0.01373	0.00361	0.00479	0.05572	0.00637	0.00572
117	0.01904	0.69104	0.09250	0.01311	0.01970	0.02780	0.01361	0.02187	0.01482	0.01758	0.01034	0.01196	0.00932	0.00627	0.00485	0.00162	0.00802	0.00401	0.00311	0.00944
118	0.00898	0.00638	0.00840	0.00997	0.01036	0.00599	0.00658	0.01015	0.01368	0.01824	0.03884	0.69061	0.04654	0.07406	0.01125	0.00324	0.00442	0.01995	0.00658	0.00580
119	0.05495	0.02014	0.02142	0.01647	0.02224	0.02232	0.01360	0.65172	0.03340	0.04534	0.01719	0.01725	0.01220	0.00866	0.00717	0.00218	0.00791	0.00645	0.00717	0.01220
120	0.01686	0.01386	0.01604	0.04509	0.01711	0.04879	0.01089	0.18174	0.01748	0.02357	0.01739	0.02806	0.01679	0.24671	0.12146	0.00526	0.15255	0.00786	0.00473	0.00777
121	0.02715	0.03464	0.02060	0.01873	0.02247	0.71536	0.01404	0.02903	0.02060	0.01779	0.01124	0.01311	0.00936	0.00749	0.00655	0.00187	0.01311	0.00468	0.00375	0.00843
122	0.01221	0.00872	0.01132	0.01265	0.03944	0.00866	0.00880	0.06733	0.04579	0.04369	0.03620	0.52722	0.04097	0.01969	0.00897	0.00286	0.00510	0.08641	0.00676	0.00719
123	0.00899	0.00644	0.00843	0.00989	0.01041	0.00600	0.00660	0.01029	0.01409	0.01878	0.06581	0.65858	0.06770	0.05771	0.01059	0.00311	0.00431	0.01971	0.00668	0.00588
124	0.02729	0.02019	0.02162	0.01666	0.02241	0.02238	0.01373	0.65216	0.05753	0.04526	0.01789	0.01780	0.01271	0.00877	0.00728	0.00219	0.00792	0.00660	0.00728	0.01233
125	0.77129	0.01400	0.01088	0.00967	0.01420	0.01613	0.00796	0.02182	0.01264	0.05426	0.01072	0.01223	0.00820	0.00682	0.00459	0.00225	0.00564	0.00404	0.00464	0.00802
126	0.01408	0.01040	0.01243	0.01048	0.01392	0.00916	0.00784	0.06895	0.01720	0.05093	0.16580	0.14971	0.03199	0.11519	0.01141	0.00263	0.00525	0.01011	0.00594	0.28658
127	0.00907	0.00737	0.00795	0.00781	0.01000	0.00634	0.00581	0.01123	0.01733	0.02173	0.22140	0.06542	0.52235	0.04246	0.00956	0.00257	0.00374	0.01465	0.00697	0.00625
128	0.01507	0.01292	0.01507	0.01077	0.01723	0.00969	0.00861	0.01830	0.01507	0.02369	0.01292	0.01507	0.01077	0.00538	0.00538	0.00108	0.00538	0.00431	0.00431	0.78898
129	0.01960	0.57750	0.12694	0.01414	0.02079	0.07364	0.01455	0.04612	0.01595	0.01899	0.01085	0.01247	0.00942	0.00649	0.00519	0.00170	0.00855	0.00424	0.00330	0.00957
130	0.01190	0.00799	0.00919	0.00884	0.00934	0.00824	0.00545	0.01305	0.04118	0.04220	0.02478	0.04536	0.05003	0.62778	0.03296	0.00634	0.03502	0.01035	0.00476	0.00523
131	0.01027	0.00763	0.00917	0.00927	0.01079	0.00713	0.00661	0.04169	0.01734	0.02311	0.25910	0.26580	0.20275	0.08206	0.01124	0.00294	0.00426	0.01544	0.00697	0.00643
132	0.76510	0.01380	0.01065	0.00954	0.01393	0.01594	0.00783	0.02107	0.01269	0.03248	0.03698	0.01347	0.01025	0.00707	0.00466	0.00225	0.00554	0.00430	0.00464	0.00783
133	0.04176	0.02101	0.13864	0.08085	0.03444	0.01788	0.40959	0.02205	0.01586	0.02266	0.01360	0.01813	0.01039	0.00694	0.00937	0.00242	0.07843	0.00737	0.00356	0.04507

[dist]
# distance from previous block
# <min> <max>
0	2

[block]
# block no. 5 follows, 28 sequences, length 93
# corresponding to MSA columns:
# 267-359
name=unknown_F
#
# <colnr> <probs for GDERKNQSTAVLIFYWHMCP>
#	G	D	E	R	K	N	Q	S	T	A	V	L	I	F	Y	W	H	M	C	P
0	0.01085	0.00742	0.00862	0.00883	0.00917	0.00741	0.00537	0.03785	0.01236	0.01650	0.02688	0.21595	0.03115	0.53735	0.02898	0.00584	0.00639	0.01288	0.00510	0.00510
1	0.01569	0.01671	0.05318	0.11810	0.11335	0.01642	0.24462	0.02009	0.01525	0.02159	0.01487	0.06408	0.01295	0.00830	0.01005	0.00235	0.11816	0.00774	0.00380	0.12270
2	0.02685	0.03356	0.02095	0.01957	0.04619	0.66783	0.01433	0.05029	0.02091	0.01893	0.01153	0.01342	0.00954	0.00750	0.00660	0.00189	0.01278	0.00481	0.00386	0.00867
3	0.00902	0.00648	0.00845	0.00996	0.01052	0.00605	0.00672	0.01032	0.01399	0.01850	0.04103	0.64736	0.08285	0.05814	0.01064	0.00314	0.00441	0.03992	0.00663	0.00587
4	0.01808	0.01561	0.01644	0.01479	0.01890	0.01808	0.01151	0.03863	0.68606	0.03041	0.02959	0.02712	0.02219	0.00986	0.00740	0.00247	0.00575	0.00822	0.00740	0.01151
5	0.01579	0.01518	0.01336	0.01269	0.01454	0.18553	0.00921	0.05842	0.03720	0.01879	0.02065	0.10214	0.02102	0.21948	0.21745	0.00620	0.01183	0.00902	0.00461	0.00689
6	0.00887	0.00678	0.00798	0.00888	0.01008	0.00608	0.00610	0.01028	0.01473	0.01867	0.05210	0.42782	0.30194	0.07117	0.01093	0.00304	0.00420	0.01787	0.00659	0.00589
7	0.01795	0.56987	0.03180	0.01227	0.01738	0.05388	0.01154	0.02028	0.01492	0.01776	0.05455	0.01736	0.01454	0.03643	0.08031	0.00285	0.00893	0.00513	0.00357	0.00867
8	0.00901	0.00639	0.00839	0.00992	0.01030	0.00601	0.00653	0.01016	0.01361	0.01814	0.03848	0.67578	0.04607	0.08952	0.01184	0.00333	0.00448	0.01973	0.00653	0.00577
9	0.02638	0.01955	0.02095	0.01627	0.02175	0.02167	0.01331	0.60956	0.07418	0.04363	0.01842	0.01921	0.01352	0.03700	0.00842	0.00239	0.00782	0.00680	0.00717	0.01200
10	0.02438	0.05944	0.02213	0.01877	0.06389	0.23553	0.01424	0.30388	0.02451	0.03009	0.01437	0.01642	0.01135	0.01128	0.05250	0.00273	0.07321	0.00590	0.00518	0.01019
11	0.02715	0.03464	0.02060	0.01873	0.02247	0.71536	0.01404	0.02903	0.02060	0.01779	0.01124	0.01311	0.00936	0.00749	0.00655	0.00187	0.01311	0.00468	0.00375	0.00843
12	0.01502	0.01699	0.07480	0.24965	0.06546	0.01659	0.27918	0.01999	0.01540	0.02088	0.01609	0.08979	0.01404	0.00869	0.00921	0.00252	0.06444	0.00862	0.00376	0.00887
13	0.00933	0.00657	0.00825	0.00938	0.00977	0.00624	0.00603	0.01026	0.01307	0.01733	0.03654	0.51546	0.06816	0.22822	0.01715	0.00410	0.00500	0.01757	0.00608	0.00549
14	0.02636	0.01973	0.02110	0.01647	0.02206	0.02195	0.01351	0.59007	0.12113	0.04376	0.01907	0.01874	0.01367	0.00888	0.00729	0.00222	0.00770	0.00677	0.00729	0.01225
15	0.79588	0.01406	0.01068	0.00956	0.01406	0.01631	0.00787	0.02137	0.01237	0.03261	0.01012	0.01181	0.00787	0.00675	0.00450	0.00225	0.00562	0.00394	0.00450	0.00787
16	0.12182	0.01845	0.09473	0.02484	0.12064	0.01635	0.28342	0.02202	0.01599	0.05706	0.03944	0.04971	0.01437	0.00783	0.00837	0.00236	0.04947	0.00767	0.00426	0.04118
17	0.00913	0.00712	0.00823	0.00878	0.01041	0.00633	0.00639	0.01098	0.01594	0.02016	0.11944	0.26430	0.37356	0.04939	0.01006	0.00283	0.00416	0.05991	0.00677	0.00611
18	0.01507	0.01292	0.01507	0.01077	0.01723	0.00969	0.00861	0.01830	0.01507	0.02369	0.01292	0.01507	0.01077	0.00538	0.00538	0.00108	0.00538	0.00431	0.00431	0.78898
19	0.01069	0.00913	0.00947	0.00913	0.01141	0.03866	0.00684	0.01438	0.06458	0.02368	0.29008	0.08450	0.36845	0.01622	0.00844	0.00239	0.00417	0.01379	0.00711	0.00686
20	0.02763	0.02036	0.02182	0.01672	0.02254	0.02254	0.01382	0.67496	0.03418	0.04581	0.01745	0.01745	0.01236	0.00873	0.00727	0.00218	0.00800	0.00654	0.00727	0.01236
21	0.00914	0.00673	0.00857	0.00960	0.01060	0.00617	0.00671	0.01092	0.01555	0.02062	0.15692	0.49865	0.15460	0.02066	0.00907	0.00277	0.00406	0.03557	0.00696	0.00613
22	0.04916	0.00739	0.00837	0.00840	0.00938	0.00770	0.00569	0.01342	0.01244	0.01964	0.02280	0.07061	0.02282	0.33149	0.13988	0.00577	0.00784	0.00912	0.24235	0.00572
23	0.22077	0.02324	0.01863	0.01555	0.02039	0.23753	0.01239	0.30861	0.02445	0.03373	0.01366	0.01467	0.01030	0.00784	0.00635	0.00210	0.00900	0.00531	0.00547	0.01000
24	0.00886	0.00633	0.00843	0.01012	0.01054	0.00590	0.00675	0.01012	0.01392	0.01856	0.04006	0.73979	0.04808	0.02277	0.00928	0.00295	0.00422	0.02066	0.00675	0.00590
25	0.13403	0.01239	0.01305	0.05813	0.01684	0.06368	0.00909	0.01851	0.01656	0.07731	0.16658	0.12899	0.05196	0.01112	0.00696	0.00207	0.00571	0.00927	0.00581	0.19194
26	0.02162	0.02073	0.02482	0.07511	0.35555	0.16217	0.01816	0.11756	0.05718	0.05470	0.01518	0.01779	0.01194	0.00735	0.00709	0.00214	0.00927	0.00625	0.00457	0.01082
27	0.00895	0.00640	0.00851	0.01006	0.01056	0.00596	0.00675	0.01035	0.01433	0.01922	0.08118	0.69678	0.04936	0.02228	0.00923	0.00291	0.00417	0.02019	0.00683	0.00596
28	0.01936	0.01616	0.02394	0.01876	0.02348	0.01665	0.19691	0.30316	0.02364	0.03175	0.02310	0.22312	0.02213	0.01198	0.00821	0.00248	0.00812	0.01112	0.00611	0.00981
29	0.04323	0.46384	0.07124	0.01233	0.01736	0.02219	0.01174	0.04000	0.03860	0.01904	0.01487	0.02245	0.01445	0.13759	0.01095	0.00274	0.00764	0.03737	0.00384	0.00854
30	0.00953	0.00686	0.00916	0.01067	0.01151	0.00649	0.00778	0.01137	0.01493	0.01975	0.06914	0.53723	0.07633	0.02165	0.00938	0.00299	0.00470	0.15760	0.00679	0.00613
31	0.02687	0.01979	0.02127	0.01646	0.02206	0.02187	0.01353	0.64803	0.03336	0.04471	0.01837	0.04671	0.01381	0.00929	0.00735	0.00221	0.00785	0.00712	0.00725	0.01210
32	0.00903	0.00653	0.00859	0.01017	0.01080	0.00608	0.00700	0.01047	0.01427	0.01884	0.04207	0.65403	0.08833	0.02232	0.00929	0.00295	0.00435	0.06219	0.00674	0.00597
33	0.04979	0.24855	0.14303	0.01590	0.02256	0.04638	0.01541	0.31780	0.02376	0.03167	0.01397	0.01496	0.01063	0.00753	0.00628	0.00200	0.00848	0.00537	0.00506	0.01086
34	0.01674	0.04871	0.02499	0.14049	0.02706	0.09557	0.11059	0.01967	0.01380	0.01849	0.01169	0.01733	0.01029	0.01260	0.05923	0.00326	0.35135	0.00650	0.00336	0.00826
