[name]
unknown

[dist]
# distance from previous block
# <min> <max>
18	126

[block]
# block no. 0 follows, 27 sequences, length 11
# corresponding to MSA columns:
# 198-208
name=unknown_A
#
# <colnr> <probs for GDERKNQSTAVLIFYWHMCP>
#	G	D	E	R	K	N	Q	S	T	A	V	L	I	F	Y	W	H	M	C	P
0	0.01793	0.01943	0.15114	0.11445	0.15456	0.01591	0.07893	0.08174	0.07132	0.07631	0.04631	0.02479	0.06043	0.00868	0.00751	0.00233	0.00844	0.00769	0.04175	0.01036
1	0.01808	0.09274	0.24026	0.01958	0.07476	0.01709	0.07099	0.07904	0.06888	0.06169	0.01695	0.04888	0.01353	0.00784	0.00693	0.00210	0.00855	0.00663	0.00464	0.14085
2	0.01658	0.05651	0.23001	0.01867	0.08328	0.01496	0.04014	0.07969	0.04652	0.05461	0.08136	0.11360	0.02188	0.01001	0.00739	0.00224	0.00782	0.00858	0.00515	0.10100
3	0.01619	0.01624	0.10434	0.01503	0.04357	0.01301	0.03642	0.10313	0.04361	0.04577	0.13977	0.05919	0.05353	0.04117	0.00922	0.00229	0.03259	0.00848	0.00568	0.21078
4	0.08837	0.02065	0.25503	0.01465	0.02055	0.01323	0.01514	0.05126	0.06542	0.05497	0.08060	0.15323	0.07186	0.01179	0.00751	0.00241	0.00714	0.00984	0.00549	0.05086
5	0.13366	0.01462	0.10040	0.01242	0.01668	0.01204	0.01126	0.07948	0.04215	0.05916	0.16940	0.07768	0.11231	0.01289	0.00774	0.00245	0.00599	0.08148	0.00640	0.04179
6	0.27569	0.09013	0.10529	0.01475	0.02030	0.01626	0.09797	0.05183	0.01654	0.02794	0.09937	0.02515	0.05012	0.00896	0.00660	0.00226	0.00730	0.03396	0.00493	0.04465
7	0.01985	0.74357	0.03890	0.01270	0.01905	0.02937	0.01270	0.02223	0.01508	0.01747	0.01032	0.01191	0.00953	0.00635	0.00476	0.00159	0.00794	0.00397	0.00318	0.00953
8	0.00904	0.00761	0.00789	0.00803	0.01048	0.00646	0.00617	0.01105	0.01694	0.02024	0.07220	0.07247	0.63566	0.01894	0.00890	0.00258	0.00402	0.06813	0.00689	0.00631
9	0.01489	0.03840	0.70064	0.02116	0.03213	0.01724	0.02743	0.02351	0.01567	0.02351	0.01332	0.01567	0.00940	0.00705	0.00705	0.00235	0.01097	0.00549	0.00313	0.01097
10	0.01985	0.74357	0.03890	0.01270	0.01905	0.02937	0.01270	0.02223	0.01508	0.01747	0.01032	0.01191	0.00953	0.00635	0.00476	0.00159	0.00794	0.00397	0.00318	0.00953

[dist]
# distance from previous block
# <min> <max>
0	5

[block]
# block no. 1 follows, 27 sequences, length 11
# corresponding to MSA columns:
# 214-224
name=unknown_B
#
# <colnr> <probs for GDERKNQSTAVLIFYWHMCP>
#	G	D	E	R	K	N	Q	S	T	A	V	L	I	F	Y	W	H	M	C	P
0	0.01080	0.00720	0.00810	0.00810	0.00810	0.00720	0.00450	0.01080	0.01080	0.01439	0.02339	0.04858	0.02699	0.73910	0.03779	0.00720	0.00720	0.01080	0.00450	0.00450
1	0.11835	0.01836	0.01975	0.07466	0.02343	0.02056	0.01334	0.44805	0.09031	0.04021	0.02011	0.02047	0.04132	0.00907	0.00715	0.00230	0.00762	0.00689	0.00672	0.01135
2	0.16286	0.08307	0.21846	0.05130	0.23090	0.01756	0.03746	0.02185	0.01553	0.02470	0.01682	0.01945	0.05474	0.00759	0.00666	0.00225	0.00859	0.00623	0.00385	0.01010
3	0.01865	0.30434	0.22476	0.02328	0.16510	0.07644	0.04637	0.02336	0.01620	0.02093	0.01223	0.01479	0.01003	0.00670	0.00628	0.00200	0.00961	0.00522	0.00334	0.01035
4	0.01626	0.08011	0.55953	0.02136	0.03128	0.06367	0.07969	0.02386	0.01615	0.02281	0.01316	0.01566	0.00958	0.00698	0.00703	0.00229	0.01107	0.00562	0.00324	0.01065
5	0.01771	0.01393	0.01529	0.01353	0.01731	0.01535	0.01055	0.08541	0.41539	0.06173	0.17981	0.03507	0.06371	0.01150	0.00787	0.00244	0.00545	0.00968	0.00773	0.01054
6	0.01708	0.01868	0.07575	0.02290	0.06971	0.05928	0.24004	0.08080	0.01734	0.02334	0.01857	0.12270	0.01771	0.07202	0.01293	0.00298	0.10504	0.00957	0.00450	0.00907
7	0.09040	0.02082	0.12753	0.10644	0.33615	0.04808	0.07152	0.02387	0.05994	0.02457	0.01449	0.01805	0.01144	0.00704	0.00715	0.00230	0.00927	0.00641	0.00391	0.01064
8	0.01110	0.00790	0.00853	0.00831	0.01093	0.00668	0.00625	0.01302	0.01708	0.08366	0.06776	0.12765	0.56816	0.01830	0.00871	0.00253	0.00405	0.01539	0.00711	0.00684
9	0.01402	0.01319	0.02227	0.72126	0.05113	0.01649	0.02062	0.01897	0.01484	0.01897	0.01319	0.01979	0.00990	0.00742	0.00742	0.00247	0.00990	0.00660	0.00330	0.00825
10	0.04549	0.03798	0.12401	0.01752	0.02348	0.01538	0.08202	0.12121	0.02166	0.25829	0.04913	0.06158	0.02184	0.01133	0.00843	0.00272	0.00834	0.07088	0.00720	0.01152

[dist]
# distance from previous block
# <min> <max>
0	1

[block]
# block no. 2 follows, 27 sequences, length 19
# corresponding to MSA columns:
# 226-244
name=unknown_C
#
# <colnr> <probs for GDERKNQSTAVLIFYWHMCP>
#	G	D	E	R	K	N	Q	S	T	A	V	L	I	F	Y	W	H	M	C	P
0	0.10699	0.02005	0.02113	0.01672	0.02234	0.02160	0.01352	0.51699	0.03146	0.08426	0.01973	0.02062	0.01449	0.00990	0.00780	0.00256	0.00816	0.00703	0.04192	0.01271
1	0.01123	0.00804	0.01022	0.01181	0.01250	0.00737	0.00803	0.01208	0.01551	0.02085	0.04181	0.67641	0.04931	0.02384	0.01022	0.00335	0.00513	0.05777	0.00744	0.00709
2	0.00904	0.00646	0.00861	0.01034	0.01077	0.00603	0.00689	0.01034	0.01421	0.01895	0.04092	0.73426	0.04910	0.02326	0.00948	0.00301	0.00431	0.02110	0.00689	0.00603
3	0.11565	0.25774	0.29684	0.01926	0.07790	0.04892	0.04382	0.02309	0.01548	0.02268	0.01203	0.01430	0.00953	0.00677	0.00609	0.00208	0.00933	0.00500	0.00343	0.01007
4	0.01289	0.00645	0.00967	0.00967	0.00967	0.00645	0.00645	0.00967	0.00967	0.01289	0.01289	0.02257	0.01289	0.02579	0.02901	0.78401	0.00645	0.00645	0.00322	0.00322
5	0.01061	0.00795	0.01193	0.01193	0.01326	0.00928	0.00928	0.01326	0.01193	0.01723	0.01988	0.02916	0.01856	0.05568	0.70968	0.01193	0.01988	0.00795	0.00398	0.00663
6	0.10027	0.66758	0.03598	0.01240	0.01856	0.02805	0.01222	0.02219	0.01483	0.01912	0.01032	0.01192	0.00937	0.00641	0.00475	0.00166	0.00771	0.00397	0.00332	0.00937
7	0.01523	0.04689	0.09036	0.08529	0.13462	0.05171	0.04384	0.01933	0.03611	0.04532	0.09028	0.21447	0.02752	0.01268	0.00897	0.00252	0.04983	0.01105	0.00518	0.00880
8	0.02690	0.03324	0.02065	0.01866	0.02247	0.63782	0.01408	0.06287	0.02132	0.01965	0.01223	0.01441	0.01017	0.01011	0.04177	0.00243	0.01343	0.00504	0.00402	0.00872
9	0.01632	0.01708	0.03331	0.28102	0.13101	0.01797	0.31900	0.02166	0.01621	0.02186	0.01400	0.01956	0.01077	0.00701	0.00875	0.00248	0.04130	0.00760	0.00356	0.00953
10	0.01402	0.01319	0.02227	0.72126	0.05113	0.01649	0.02062	0.01897	0.01484	0.01897	0.01319	0.01979	0.00990	0.00742	0.00742	0.00247	0.00990	0.00660	0.00330	0.00825
11	0.01939	0.57291	0.13603	0.01509	0.02205	0.05995	0.04407	0.02285	0.01557	0.01867	0.01103	0.01290	0.00959	0.00651	0.00537	0.00176	0.00885	0.00445	0.00323	0.00972
12	0.00904	0.00646	0.00861	0.01034	0.01077	0.00603	0.00689	0.01034	0.01421	0.01895	0.04092	0.73426	0.04910	0.02326	0.00948	0.00301	0.00431	0.02110	0.00689	0.00603
13	0.01539	0.01319	0.01539	0.01100	0.01759	0.00990	0.00880	0.01869	0.01539	0.02419	0.01319	0.01539	0.01100	0.00550	0.00550	0.00110	0.00550	0.00440	0.00440	0.78449
14	0.01289	0.00645	0.00967	0.00967	0.00967	0.00645	0.00645	0.00967	0.00967	0.01289	0.01289	0.02257	0.01289	0.02579	0.02901	0.78401	0.00645	0.00645	0.00322	0.00322
15	0.01402	0.01319	0.02227	0.72126	0.05113	0.01649	0.02062	0.01897	0.01484	0.01897	0.01319	0.01979	0.00990	0.00742	0.00742	0.00247	0.00990	0.00660	0.00330	0.00825
16	0.01972	0.02044	0.11923	0.18550	0.15595	0.04793	0.01863	0.14662	0.13168	0.05439	0.01765	0.01984	0.01316	0.00802	0.00735	0.00234	0.00886	0.00672	0.00509	0.01089
17	0.01621	0.01378	0.02043	0.15713	0.10750	0.01471	0.07213	0.04695	0.10313	0.06364	0.02877	0.06872	0.12497	0.01110	0.00909	0.00248	0.05933	0.02782	0.00537	0.04673
18	0.01887	0.06015	0.14578	0.16219	0.08815	0.06945	0.01780	0.14834	0.08750	0.02658	0.01697	0.04792	0.01386	0.03120	0.00873	0.00249	0.03207	0.00703	0.00475	0.01015

[dist]
# distance from previous block
# <min> <max>
1	18

[block]
# block no. 3 follows, 27 sequences, length 46
# corresponding to MSA columns:
# 263-308
name=unknown_D
#
# <colnr> <probs for GDERKNQSTAVLIFYWHMCP>
#	G	D	E	R	K	N	Q	S	T	A	V	L	I	F	Y	W	H	M	C	P
0	0.01533	0.03561	0.04389	0.19362	0.21392	0.01445	0.04151	0.04543	0.01735	0.02435	0.11950	0.07353	0.02308	0.00942	0.00747	0.00226	0.00761	0.00852	0.05578	0.04736
1	0.01683	0.18893	0.51363	0.01907	0.02872	0.02023	0.02338	0.06567	0.01681	0.02374	0.01297	0.01501	0.00964	0.00702	0.00659	0.00218	0.01013	0.00524	0.00343	0.01077
2	0.01671	0.06463	0.05136	0.27740	0.26787	0.04471	0.01930	0.02268	0.07597	0.02258	0.05354	0.02112	0.01510	0.00775	0.00727	0.00229	0.00884	0.00687	0.00410	0.00993
3	0.01425	0.01343	0.02268	0.68591	0.08470	0.01655	0.02073	0.01917	0.01495	0.01924	0.01324	0.01972	0.00999	0.00738	0.00742	0.00246	0.00984	0.00660	0.00332	0.00843
4	0.14961	0.01261	0.01583	0.01245	0.01779	0.01158	0.01024	0.03268	0.01990	0.55648	0.06422	0.02495	0.01974	0.00918	0.00709	0.00230	0.00607	0.00727	0.00842	0.01160
5	0.01061	0.00795	0.01193	0.01193	0.01326	0.00928	0.00928	0.01326	0.01193	0.01723	0.01988	0.02916	0.01856	0.05568	0.70968	0.01193	0.01988	0.00795	0.00398	0.00663
6	0.28658	0.01812	0.13716	0.08058	0.02353	0.01483	0.04042	0.02692	0.01657	0.26084	0.01791	0.01834	0.01218	0.00774	0.00646	0.00233	0.00753	0.00591	0.00578	0.01025
7	0.01044	0.00759	0.00983	0.00927	0.01105	0.00698	0.00695	0.01389	0.02086	0.02941	0.66615	0.05605	0.09299	0.01531	0.00876	0.00234	0.00351	0.01351	0.00812	0.00698
8	0.01289	0.00645	0.00967	0.00967	0.00967	0.00645	0.00645	0.00967	0.00967	0.01289	0.01289	0.02257	0.01289	0.02579	0.02901	0.78401	0.00645	0.00645	0.00322	0.00322
9	0.01051	0.00759	0.00992	0.00934	0.01109	0.00700	0.00700	0.01401	0.02101	0.02977	0.68888	0.05545	0.07005	0.01518	0.00876	0.00233	0.00350	0.01343	0.00817	0.00700
10	0.02822	0.02079	0.02228	0.01708	0.02302	0.02302	0.01411	0.66804	0.03490	0.04679	0.01782	0.01782	0.01262	0.00891	0.00743	0.00223	0.00817	0.00668	0.00743	0.01262
11	0.01489	0.03840	0.70064	0.02116	0.03213	0.01724	0.02743	0.02351	0.01567	0.02351	0.01332	0.01567	0.00940	0.00705	0.00705	0.00235	0.01097	0.00549	0.00313	0.01097
12	0.00991	0.00757	0.00910	0.00871	0.01073	0.00675	0.00654	0.01286	0.01961	0.02643	0.47795	0.06095	0.28306	0.01642	0.00876	0.00239	0.00359	0.01420	0.00773	0.00675
13	0.01196	0.00854	0.01196	0.01367	0.01538	0.00854	0.01196	0.01538	0.01709	0.02222	0.03931	0.08374	0.04272	0.02051	0.01025	0.00342	0.00684	0.64283	0.00684	0.00684
14	0.00904	0.00646	0.00861	0.01034	0.01077	0.00603	0.00689	0.01034	0.01421	0.01895	0.04092	0.73426	0.04910	0.02326	0.00948	0.00301	0.00431	0.02110	0.00689	0.00603
15	0.01752	0.02003	0.04380	0.03129	0.03880	0.01877	0.66583	0.02378	0.01752	0.02378	0.01502	0.02003	0.01126	0.00626	0.00876	0.00250	0.01252	0.00876	0.00375	0.01001
16	0.01752	0.02003	0.04380	0.03129	0.03880	0.01877	0.66583	0.02378	0.01752	0.02378	0.01502	0.02003	0.01126	0.00626	0.00876	0.00250	0.01252	0.00876	0.00375	0.01001
17	0.01846	0.01595	0.01679	0.01511	0.01930	0.01846	0.01175	0.03945	0.67938	0.03105	0.03022	0.02770	0.02266	0.01007	0.00755	0.00252	0.00588	0.00839	0.00755	0.01175
18	0.01402	0.01319	0.02227	0.72126	0.05113	0.01649	0.02062	0.01897	0.01484	0.01897	0.01319	0.01979	0.00990	0.00742	0.00742	0.00247	0.00990	0.00660	0.00330	0.00825
19	0.01051	0.00759	0.00992	0.00934	0.01109	0.00700	0.00700	0.01401	0.02101	0.02977	0.68888	0.05545	0.07005	0.01518	0.00876	0.00233	0.00350	0.01343	0.00817	0.00700
20	0.01923	0.06850	0.06603	0.02746	0.03479	0.02007	0.49659	0.12360	0.01998	0.02692	0.01508	0.01898	0.01129	0.00671	0.00822	0.00239	0.01148	0.00799	0.00426	0.01042
21	0.01932	0.01576	0.01681	0.01500	0.01928	0.01803	0.01170	0.03926	0.64159	0.06935	0.03016	0.02756	0.02242	0.01002	0.00755	0.00251	0.00590	0.00834	0.00765	0.01180
22	0.01051	0.00759	0.00992	0.00934	0.01109	0.00700	0.00700	0.01401	0.02101	0.02977	0.68888	0.05545	0.07005	0.01518	0.00876	0.00233	0.00350	0.01343	0.00817	0.00700
23	0.00959	0.00764	0.00867	0.00886	0.01102	0.00673	0.00685	0.01199	0.01769	0.02231	0.19465	0.09389	0.44892	0.01846	0.00900	0.00262	0.00416	0.10331	0.00715	0.00649
24	0.04241	0.35850	0.10452	0.06453	0.05176	0.05918	0.09661	0.02331	0.01589	0.05954	0.01269	0.01521	0.01033	0.00713	0.00716	0.00204	0.05033	0.00540	0.00370	0.00975
25	0.01061	0.00792	0.01174	0.01174	0.01300	0.00918	0.00904	0.01314	0.01187	0.01709	0.02006	0.03012	0.01897	0.08930	0.67663	0.01170	0.01926	0.00809	0.00400	0.00652
26	0.01068	0.00765	0.01039	0.01039	0.01118	0.00844	0.00736	0.01227	0.01147	0.01609	0.02129	0.03697	0.02195	0.33037	0.43962	0.01003	0.01479	0.00910	0.00419	0.00577
27	0.02329	0.02759	0.02291	0.02621	0.22050	0.43306	0.01634	0.02593	0.01919	0.02009	0.01635	0.01879	0.05500	0.00827	0.00767	0.00209	0.03730	0.00610	0.00396	0.00937
28	0.01402	0.01319	0.02227	0.72126	0.05113	0.01649	0.02062	0.01897	0.01484	0.01897	0.01319	0.01979	0.00990	0.00742	0.00742	0.00247	0.00990	0.00660	0.00330	0.00825
29	0.01289	0.00645	0.00967	0.00967	0.00967	0.00645	0.00645	0.00967	0.00967	0.01289	0.01289	0.02257	0.01289	0.02579	0.02901	0.78401	0.00645	0.00645	0.00322	0.00322
30	0.01170	0.00844	0.01160	0.01311	0.01487	0.00834	0.01137	0.01502	0.01722	0.02234	0.06495	0.08192	0.08630	0.02020	0.01010	0.00332	0.00651	0.57898	0.00689	0.00680
31	0.04520	0.01990	0.05826	0.04770	0.02414	0.14940	0.14215	0.08174	0.03786	0.02332	0.01972	0.17529	0.01928	0.01168	0.01022	0.00256	0.10818	0.00978	0.00483	0.00881
32	0.01803	0.01729	0.02952	0.09817	0.64284	0.01755	0.02261	0.02249	0.01674	0.02384	0.01390	0.01848	0.01161	0.00668	0.00736	0.00223	0.00890	0.00661	0.00365	0.01149
33	0.01289	0.00645	0.00967	0.00967	0.00967	0.00645	0.00645	0.00967	0.00967	0.01289	0.01289	0.02257	0.01289	0.02579	0.02901	0.78401	0.00645	0.00645	0.00322	0.00322
34	0.01539	0.01319	0.01539	0.01100	0.01759	0.00990	0.00880	0.01869	0.01539	0.02419	0.01319	0.01539	0.01100	0.00550	0.00550	0.00110	0.00550	0.00440	0.00440	0.78449
35	0.01846	0.01595	0.01679	0.01511	0.01930	0.01846	0.01175	0.03945	0.67938	0.03105	0.03022	0.02770	0.02266	0.01007	0.00755	0.00252	0.00588	0.00839	0.00755	0.01175
36	0.00907	0.00706	0.00824	0.00894	0.01046	0.00624	0.00633	0.01086	0.01615	0.02056	0.12247	0.36027	0.34613	0.02039	0.00908	0.00271	0.00397	0.01782	0.00702	0.00624
37	0.01591	0.01619	0.02310	0.04207	0.02204	0.06910	0.10972	0.01863	0.01382	0.01947	0.05710	0.02137	0.01535	0.01847	0.12992	0.00436	0.38404	0.00740	0.00381	0.00812
38	0.01728	0.14441	0.02501	0.01780	0.01928	0.02327	0.01513	0.05568	0.01349	0.01950	0.01153	0.04359	0.01141	0.01199	0.01935	0.00289	0.52961	0.00663	0.00362	0.00855
39	0.00904	0.00646	0.00861	0.01034	0.01077	0.00603	0.00689	0.01034	0.01421	0.01895	0.04092	0.73426	0.04910	0.02326	0.00948	0.00301	0.00431	0.02110	0.00689	0.00603
40	0.06233	0.01428	0.01796	0.01382	0.01956	0.01348	0.01142	0.15786	0.02355	0.54566	0.02632	0.02330	0.01685	0.00904	0.00734	0.00228	0.00665	0.00718	0.00867	0.01245
41	0.01687	0.01796	0.03580	0.08502	0.07431	0.01809	0.43978	0.04288	0.01698	0.02322	0.01633	0.07321	0.01392	0.00841	0.01012	0.00259	0.08183	0.00909	0.00402	0.00957
42	0.03331	0.01263	0.01723	0.01321	0.01895	0.01091	0.01091	0.03618	0.02125	0.69794	0.02929	0.02527	0.01838	0.00919	0.00747	0.00230	0.00632	0.00747	0.00919	0.01263
43	0.02822	0.02079	0.02228	0.01708	0.02302	0.02302	0.01411	0.66804	0.03490	0.04679	0.01782	0.01782	0.01262	0.00891	0.00743	0.00223	0.00817	0.00668	0.00743	0.01262
44	0.00902	0.00655	0.00852	0.01009	0.01070	0.00605	0.00678	0.01036	0.01445	0.01905	0.04391	0.67646	0.10497	0.02287	0.00941	0.00297	0.00426	0.02063	0.00689	0.00605
45	0.01489	0.03840	0.70064	0.02116	0.03213	0.01724	0.02743	0.02351	0.01567	0.02351	0.01332	0.01567	0.00940	0.00705	0.00705	0.00235	0.01097	0.00549	0.00313	0.01097

[dist]
# distance from previous block
# <min> <max>
0	19

[block]
# block no. 4 follows, 27 sequences, length 27
# corresponding to MSA columns:
# 328-330,335-358
name=unknown_E
#
# <colnr> <probs for GDERKNQSTAVLIFYWHMCP>
#	G	D	E	R	K	N	Q	S	T	A	V	L	I	F	Y	W	H	M	C	P
0	0.01489	0.03840	0.70064	0.02116	0.03213	0.01724	0.02743	0.02351	0.01567	0.02351	0.01332	0.01567	0.00940	0.00705	0.00705	0.00235	0.01097	0.00549	0.00313	0.01097
1	0.01051	0.00759	0.00992	0.00934	0.01109	0.00700	0.00700	0.01401	0.02101	0.02977	0.68888	0.05545	0.07005	0.01518	0.00876	0.00233	0.00350	0.01343	0.00817	0.00700
2	0.02773	0.03538	0.02104	0.01913	0.02295	0.70930	0.01434	0.02964	0.02104	0.01817	0.01148	0.01339	0.00956	0.00765	0.00669	0.00191	0.01339	0.00478	0.00383	0.00861
3	0.01504	0.03732	0.66199	0.02176	0.03252	0.01733	0.06500	0.02353	0.01578	0.02353	0.01342	0.01593	0.00951	0.00701	0.00715	0.00236	0.01106	0.00568	0.00317	0.01091
4	0.01160	0.00837	0.01149	0.01308	0.01478	0.00826	0.01127	0.01481	0.01694	0.02191	0.04195	0.11344	0.08928	0.02051	0.01011	0.00333	0.00650	0.56877	0.00684	0.00676
5	0.01289	0.00645	0.00967	0.00967	0.00967	0.00645	0.00645	0.00967	0.00967	0.01289	0.01289	0.02257	0.01289	0.02579	0.02901	0.78401	0.00645	0.00645	0.00322	0.00322
6	0.03331	0.01263	0.01723	0.01321	0.01895	0.01091	0.01091	0.03618	0.02125	0.69794	0.02929	0.02527	0.01838	0.00919	0.00747	0.00230	0.00632	0.00747	0.00919	0.01263
7	0.79154	0.01436	0.01091	0.00976	0.01436	0.01665	0.00804	0.02182	0.01263	0.03331	0.01034	0.01206	0.00804	0.00689	0.00459	0.00230	0.00574	0.00402	0.00459	0.00804
8	0.00904	0.00646	0.00861	0.01034	0.01077	0.00603	0.00689	0.01034	0.01421	0.01895	0.04092	0.73426	0.04910	0.02326	0.00948	0.00301	0.00431	0.02110	0.00689	0.00603
9	0.79154	0.01436	0.01091	0.00976	0.01436	0.01665	0.00804	0.02182	0.01263	0.03331	0.01034	0.01206	0.00804	0.00689	0.00459	0.00230	0.00574	0.00402	0.00459	0.00804
10	0.01061	0.00795	0.01193	0.01193	0.01326	0.00928	0.00928	0.01326	0.01193	0.01723	0.01988	0.02916	0.01856	0.05568	0.70968	0.01193	0.01988	0.00795	0.00398	0.00663
11	0.01061	0.00795	0.01193	0.01193	0.01326	0.00928	0.00928	0.01326	0.01193	0.01723	0.01988	0.02916	0.01856	0.05568	0.70968	0.01193	0.01988	0.00795	0.00398	0.00663
12	0.01402	0.01319	0.02227	0.72126	0.05113	0.01649	0.02062	0.01897	0.01484	0.01897	0.01319	0.01979	0.00990	0.00742	0.00742	0.00247	0.00990	0.00660	0.00330	0.00825
13	0.01402	0.01319	0.02227	0.72126	0.05113	0.01649	0.02062	0.01897	0.01484	0.01897	0.01319	0.01979	0.00990	0.00742	0.00742	0.00247	0.00990	0.00660	0.00330	0.00825
14	0.03049	0.01201	0.01633	0.01273	0.01798	0.01043	0.01043	0.03344	0.02122	0.61536	0.11080	0.02900	0.02476	0.00993	0.00762	0.00230	0.00597	0.00820	0.00906	0.01194
15	0.01402	0.01319	0.02227	0.72126	0.05113	0.01649	0.02062	0.01897	0.01484	0.01897	0.01319	0.01979	0.00990	0.00742	0.00742	0.00247	0.00990	0.00660	0.00330	0.00825
16	0.01098	0.00718	0.00803	0.00803	0.00813	0.00718	0.00454	0.01118	0.01108	0.01519	0.02344	0.04734	0.02652	0.69562	0.03584	0.00687	0.00697	0.01056	0.05069	0.00464
17	0.00904	0.00646	0.00861	0.01034	0.01077	0.00603	0.00689	0.01034	0.01421	0.01895	0.04092	0.73426	0.04910	0.02326	0.00948	0.00301	0.00431	0.02110	0.00689	0.00603
18	0.00914	0.00650	0.00859	0.01022	0.01063	0.00609	0.00676	0.01036	0.01403	0.01871	0.03999	0.69786	0.04793	0.06126	0.01098	0.00324	0.00446	0.02056	0.00676	0.00595
19	0.01521	0.03613	0.61947	0.02241	0.03295	0.01743	0.10632	0.02354	0.01590	0.02354	0.01353	0.01621	0.00963	0.00695	0.00726	0.00237	0.01116	0.00589	0.00321	0.01085
20	0.79154	0.01436	0.01091	0.00976	0.01436	0.01665	0.00804	0.02182	0.01263	0.03331	0.01034	0.01206	0.00804	0.00689	0.00459	0.00230	0.00574	0.00402	0.00459	0.00804
21	0.03331	0.01263	0.01723	0.01321	0.01895	0.01091	0.01091	0.03618	0.02125	0.69794	0.02929	0.02527	0.01838	0.00919	0.00747	0.00230	0.00632	0.00747	0.00919	0.01263
22	0.01798	0.01737	0.03004	0.10127	0.61226	0.01759	0.04922	0.02251	0.01676	0.02379	0.01394	0.01856	0.01158	0.00667	0.00741	0.00224	0.00906	0.00670	0.00365	0.01139
23	0.01337	0.01534	0.14112	0.01885	0.10823	0.01150	0.01554	0.01819	0.03988	0.02241	0.02996	0.09282	0.03115	0.05823	0.01076	0.00323	0.00772	0.34784	0.00562	0.00825
24	0.00962	0.00755	0.00870	0.00841	0.01055	0.00663	0.00631	0.01230	0.01893	0.02482	0.37646	0.06359	0.38555	0.01702	0.00876	0.00242	0.00363	0.01457	0.00752	0.00663
25	0.01198	0.00882	0.01102	0.01011	0.01224	0.00856	0.00768	0.05429	0.05666	0.03085	0.61409	0.05175	0.06412	0.01453	0.00861	0.00234	0.00391	0.01276	0.00809	0.00759
26	0.02488	0.02215	0.23906	0.01881	0.06035	0.01467	0.05558	0.06421	0.04295	0.34809	0.02194	0.02121	0.01457	0.00821	0.00740	0.00233	0.00839	0.00685	0.00648	0.01187

[dist]
# distance from previous block
# <min> <max>
0	1

[block]
# block no. 5 follows, 27 sequences, length 148
# corresponding to MSA columns:
# 360-507
name=unknown_F
#
# <colnr> <probs for GDERKNQSTAVLIFYWHMCP>
#	G	D	E	R	K	N	Q	S	T	A	V	L	I	F	Y	W	H	M	C	P
0	0.59139	0.01594	0.04120	0.01701	0.14075	0.01692	0.01164	0.02269	0.03701	0.03118	0.01182	0.01392	0.00930	0.00696	0.00530	0.00229	0.00652	0.00471	0.00447	0.00897
1	0.45080	0.14521	0.11475	0.01201	0.01762	0.01835	0.01167	0.04411	0.01474	0.02919	0.03778	0.01518	0.01157	0.00729	0.00526	0.00215	0.00676	0.00482	0.04194	0.00879
2	0.30030	0.01896	0.10105	0.10004	0.07254	0.01821	0.09340	0.10815	0.04044	0.02974	0.01350	0.01628	0.01026	0.00752	0.00726	0.00238	0.03994	0.00586	0.00453	0.00965
3	0.01057	0.00723	0.00803	0.00803	0.00831	0.00709	0.00463	0.01078	0.01148	0.01503	0.02920	0.05115	0.10133	0.65831	0.03453	0.00667	0.00681	0.01134	0.00477	0.00470
4	0.01539	0.01319	0.01539	0.01100	0.01759	0.00990	0.00880	0.01869	0.01539	0.02419	0.01319	0.01539	0.01100	0.00550	0.00550	0.00110	0.00550	0.00440	0.00440	0.78449
5	0.02076	0.02667	0.13056	0.08720	0.27134	0.26036	0.01988	0.02572	0.04721	0.02186	0.01364	0.01673	0.01095	0.00727	0.00709	0.00216	0.01072	0.00587	0.00378	0.01024
6	0.01824	0.01619	0.02065	0.01816	0.04886	0.01789	0.09775	0.06443	0.48946	0.03047	0.07294	0.02779	0.02356	0.00973	0.00778	0.00248	0.00681	0.00864	0.00693	0.01123
7	0.01833	0.00957	0.01256	0.01099	0.01407	0.00877	0.00852	0.02227	0.05236	0.25075	0.37895	0.10586	0.04868	0.01368	0.00833	0.00239	0.00463	0.01190	0.00836	0.00902
8	0.02683	0.02102	0.04583	0.01846	0.05457	0.02235	0.01486	0.58524	0.06441	0.04417	0.01808	0.01825	0.01296	0.00880	0.00742	0.00225	0.00819	0.00672	0.00711	0.01249
9	0.02112	0.19298	0.12339	0.01676	0.02297	0.02029	0.06294	0.18378	0.08881	0.08466	0.01981	0.02529	0.01620	0.00928	0.00717	0.00228	0.00830	0.07761	0.00562	0.01072
10	0.00904	0.00646	0.00861	0.01034	0.01077	0.00603	0.00689	0.01034	0.01421	0.01895	0.04092	0.73426	0.04910	0.02326	0.00948	0.00301	0.00431	0.02110	0.00689	0.00603
11	0.01330	0.01305	0.05201	0.50707	0.04073	0.01430	0.01832	0.01785	0.01522	0.01974	0.01998	0.08979	0.01876	0.01096	0.00806	0.00268	0.00896	0.11706	0.00420	0.00795
12	0.01851	0.01936	0.06114	0.04113	0.58457	0.06223	0.02194	0.02291	0.01712	0.02372	0.01499	0.02106	0.01299	0.00737	0.00743	0.00225	0.00913	0.03706	0.00381	0.01128
13	0.00977	0.00756	0.00891	0.00857	0.01064	0.00669	0.00643	0.01259	0.01928	0.02566	0.42937	0.06222	0.33212	0.01671	0.00876	0.00241	0.00361	0.01437	0.00763	0.00669
14	0.01615	0.01465	0.02134	0.13684	0.24460	0.01350	0.01529	0.02008	0.01580	0.02337	0.01345	0.01708	0.01107	0.00617	0.00642	0.00168	0.00730	0.00548	0.00398	0.40574
15	0.79154	0.01436	0.01091	0.00976	0.01436	0.01665	0.00804	0.02182	0.01263	0.03331	0.01034	0.01206	0.00804	0.00689	0.00459	0.00230	0.00574	0.00402	0.00459	0.00804
16	0.00877	0.00752	0.00752	0.00752	0.01003	0.00627	0.00564	0.01065	0.01692	0.02005	0.07520	0.07144	0.68978	0.01880	0.00877	0.00251	0.00376	0.01567	0.00689	0.00627
17	0.79154	0.01436	0.01091	0.00976	0.01436	0.01665	0.00804	0.02182	0.01263	0.03331	0.01034	0.01206	0.00804	0.00689	0.00459	0.00230	0.00574	0.00402	0.00459	0.00804
18	0.01854	0.34417	0.29156	0.01881	0.05758	0.08874	0.04200	0.02351	0.01605	0.02041	0.01193	0.01410	0.00965	0.00675	0.00609	0.00197	0.00983	0.00493	0.00327	0.01012
19	0.01061	0.00795	0.01193	0.01193	0.01326	0.00928	0.00928	0.01326	0.01193	0.01723	0.01988	0.02916	0.01856	0.05568	0.70968	0.01193	0.01988	0.00795	0.00398	0.00663
20	0.01846	0.01595	0.01679	0.01511	0.01930	0.01846	0.01175	0.03945	0.67938	0.03105	0.03022	0.02770	0.02266	0.01007	0.00755	0.00252	0.00588	0.00839	0.00755	0.01175
21	0.03258	0.01380	0.01795	0.01376	0.01953	0.01264	0.01137	0.12626	0.02319	0.60510	0.02765	0.02421	0.01756	0.00915	0.00746	0.00229	0.00658	0.00735	0.00894	0.01263
22	0.79154	0.01436	0.01091	0.00976	0.01436	0.01665	0.00804	0.02182	0.01263	0.03331	0.01034	0.01206	0.00804	0.00689	0.00459	0.00230	0.00574	0.00402	0.00459	0.00804
23	0.03331	0.01263	0.01723	0.01321	0.01895	0.01091	0.01091	0.03618	0.02125	0.69794	0.02929	0.02527	0.01838	0.00919	0.00747	0.00230	0.00632	0.00747	0.00919	0.01263
24	0.00877	0.00752	0.00752	0.00752	0.01003	0.00627	0.00564	0.01065	0.01692	0.02005	0.07520	0.07144	0.68978	0.01880	0.00877	0.00251	0.00376	0.01567	0.00689	0.00627
25	0.03313	0.01292	0.01741	0.01334	0.01909	0.01134	0.01102	0.05836	0.02173	0.67508	0.02889	0.02501	0.01817	0.00918	0.00746	0.00229	0.00638	0.00744	0.00913	0.01263
26	0.02822	0.02079	0.02228	0.01708	0.02302	0.02302	0.01411	0.66804	0.03490	0.04679	0.01782	0.01782	0.01262	0.00891	0.00743	0.00223	0.00817	0.00668	0.00743	0.01262
27	0.00877	0.00752	0.00752	0.00752	0.01003	0.00627	0.00564	0.01065	0.01692	0.02005	0.07520	0.07144	0.68978	0.01880	0.00877	0.00251	0.00376	0.01567	0.00689	0.00627
28	0.03331	0.01263	0.01723	0.01321	0.01895	0.01091	0.01091	0.03618	0.02125	0.69794	0.02929	0.02527	0.01838	0.00919	0.00747	0.00230	0.00632	0.00747	0.00919	0.01263
29	0.01073	0.00717	0.00812	0.00818	0.00819	0.00716	0.00458	0.01078	0.01092	0.01455	0.02401	0.07271	0.02777	0.71391	0.03679	0.00705	0.00710	0.01116	0.00458	0.00455
30	0.11286	0.05635	0.02646	0.05379	0.37195	0.18187	0.04683	0.02419	0.01725	0.02338	0.01279	0.01624	0.01061	0.00689	0.00681	0.00214	0.00969	0.00584	0.00379	0.01027
31	0.01555	0.03434	0.56681	0.02542	0.13574	0.01737	0.05486	0.02341	0.01595	0.02364	0.01350	0.01629	0.00985	0.00695	0.00717	0.00233	0.01070	0.00581	0.00325	0.01105
32	0.02322	0.01040	0.01400	0.01150	0.01547	0.00918	0.00918	0.02637	0.02114	0.40245	0.32098	0.03862	0.04123	0.01184	0.00804	0.00231	0.00507	0.01010	0.00874	0.01014
33	0.01051	0.00759	0.00992	0.00934	0.01109	0.00700	0.00700	0.01401	0.02101	0.02977	0.68888	0.05545	0.07005	0.01518	0.00876	0.00233	0.00350	0.01343	0.00817	0.00700
34	0.01539	0.01319	0.01539	0.01100	0.01759	0.00990	0.00880	0.01869	0.01539	0.02419	0.01319	0.01539	0.01100	0.00550	0.00550	0.00110	0.00550	0.00440	0.00440	0.78449
35	0.01051	0.00759	0.00992	0.00934	0.01109	0.00700	0.00700	0.01401	0.02101	0.02977	0.68888	0.05545	0.07005	0.01518	0.00876	0.00233	0.00350	0.01343	0.00817	0.00700
36	0.01051	0.00759	0.00992	0.00934	0.01109	0.00700	0.00700	0.01401	0.02101	0.02977	0.68888	0.05545	0.07005	0.01518	0.00876	0.00233	0.00350	0.01343	0.00817	0.00700
37	0.01985	0.74357	0.03890	0.01270	0.01905	0.02937	0.01270	0.02223	0.01508	0.01747	0.01032	0.01191	0.00953	0.00635	0.00476	0.00159	0.00794	0.00397	0.00318	0.00953
38	0.79154	0.01436	0.01091	0.00976	0.01436	0.01665	0.00804	0.02182	0.01263	0.03331	0.01034	0.01206	0.00804	0.00689	0.00459	0.00230	0.00574	0.00402	0.00459	0.00804
39	0.02773	0.03538	0.02104	0.01913	0.02295	0.70930	0.01434	0.02964	0.02104	0.01817	0.01148	0.01339	0.00956	0.00765	0.00669	0.00191	0.01339	0.00478	0.00383	0.00861
40	0.01051	0.00759	0.00992	0.00934	0.01109	0.00700	0.00700	0.01401	0.02101	0.02977	0.68888	0.05545	0.07005	0.01518	0.00876	0.00233	0.00350	0.01343	0.00817	0.00700
41	0.01034	0.00771	0.00896	0.00856	0.01080	0.00676	0.00645	0.01302	0.01900	0.04503	0.36598	0.06244	0.37458	0.01679	0.00873	0.00242	0.00371	0.01435	0.00757	0.00681
42	0.01402	0.01319	0.02227	0.72126	0.05113	0.01649	0.02062	0.01897	0.01484	0.01897	0.01319	0.01979	0.00990	0.00742	0.00742	0.00247	0.00990	0.00660	0.00330	0.00825
43	0.01051	0.00759	0.00992	0.00934	0.01109	0.00700	0.00700	0.01401	0.02101	0.02977	0.68888	0.05545	0.07005	0.01518	0.00876	0.00233	0.00350	0.01343	0.00817	0.00700
44	0.00922	0.00741	0.00827	0.00887	0.01064	0.00660	0.00634	0.01155	0.03919	0.02002	0.06040	0.32553	0.41921	0.02021	0.00900	0.00270	0.00405	0.01751	0.00692	0.00637
45	0.03072	0.01431	0.01796	0.01404	0.01963	0.01372	0.01151	0.13539	0.10269	0.51574	0.02761	0.02440	0.01799	0.00925	0.00747	0.00231	0.00655	0.00746	0.00872	0.01253
46	0.01402	0.01319	0.02227	0.72126	0.05113	0.01649	0.02062	0.01897	0.01484	0.01897	0.01319	0.01979	0.00990	0.00742	0.00742	0.00247	0.00990	0.00660	0.00330	0.00825
47	0.00910	0.00651	0.00867	0.01030	0.01078	0.00607	0.00690	0.01049	0.01449	0.01939	0.06727	0.70665	0.04995	0.02293	0.00945	0.00299	0.00427	0.02079	0.00694	0.00607
48	0.01737	0.01661	0.02831	0.20196	0.54428	0.01737	0.02228	0.02190	0.01643	0.02303	0.01379	0.01870	0.01133	0.00680	0.00737	0.00227	0.00907	0.00661	0.00359	0.01095
49	0.03089	0.01317	0.01716	0.01352	0.01901	0.01214	0.01105	0.03671	0.12834	0.58942	0.02944	0.02566	0.01907	0.00933	0.00748	0.00233	0.00625	0.00762	0.00892	0.01249
50	0.00909	0.00753	0.00797	0.00786	0.01022	0.00640	0.00589	0.01128	0.01768	0.02185	0.18885	0.06848	0.57502	0.01813	0.00877	0.00247	0.00371	0.01525	0.00713	0.00640
51	0.02840	0.02051	0.02210	0.01695	0.02288	0.02260	0.01400	0.64598	0.03443	0.06952	0.01822	0.01808	0.01283	0.00892	0.00743	0.00223	0.00810	0.00671	0.00749	0.01263
52	0.06576	0.01432	0.04614	0.01365	0.01951	0.01230	0.01167	0.06572	0.04496	0.58402	0.02724	0.02400	0.01741	0.00901	0.00732	0.00230	0.00656	0.00722	0.00858	0.01233
53	0.02773	0.03538	0.02104	0.01913	0.02295	0.70930	0.01434	0.02964	0.02104	0.01817	0.01148	0.01339	0.00956	0.00765	0.00669	0.00191	0.01339	0.00478	0.00383	0.00861
54	0.01539	0.01319	0.01539	0.01100	0.01759	0.00990	0.00880	0.01869	0.01539	0.02419	0.01319	0.01539	0.01100	0.00550	0.00550	0.00110	0.00550	0.00440	0.00440	0.78449
55	0.01837	0.01764	0.03013	0.04557	0.69279	0.01764	0.02278	0.02278	0.01690	0.02425	0.01396	0.01837	0.01176	0.00661	0.00735	0.00220	0.00882	0.00661	0.00367	0.01176
56	0.02005	0.67426	0.03726	0.01334	0.01926	0.06178	0.01295	0.02237	0.01519	0.01752	0.01035	0.01219	0.00954	0.00674	0.00581	0.00168	0.04295	0.00413	0.00321	0.00941
57	0.02378	0.01652	0.02076	0.13903	0.08085	0.01773	0.01467	0.28980	0.07549	0.15059	0.02038	0.04861	0.01524	0.00902	0.00743	0.00228	0.00775	0.00740	0.00657	0.04610
58	0.02278	0.01384	0.04826	0.03699	0.04915	0.01253	0.01191	0.10418	0.07285	0.29574	0.05828	0.10746	0.08861	0.01201	0.00793	0.00245	0.00639	0.03055	0.00754	0.01056
59	0.01797	0.01533	0.01622	0.01464	0.01866	0.01755	0.01136	0.05899	0.59884	0.03060	0.03217	0.06090	0.05177	0.01099	0.00769	0.00253	0.00580	0.00921	0.00749	0.01129
60	0.01240	0.00807	0.01015	0.00935	0.01165	0.00724	0.00711	0.01551	0.02020	0.09353	0.49920	0.05574	0.19098	0.01532	0.00863	0.00237	0.00383	0.01330	0.00801	0.00741
61	0.01795	0.01720	0.02936	0.11204	0.62966	0.01753	0.02257	0.02241	0.01670	0.02373	0.01389	0.01851	0.01158	0.00669	0.00736	0.00223	0.00893	0.00661	0.00364	0.01141
62	0.02409	0.02594	0.02392	0.07393	0.17465	0.34992	0.04559	0.08611	0.05168	0.05303	0.01455	0.01684	0.01143	0.00764	0.00712	0.00212	0.01095	0.00596	0.00449	0.01004
63	0.01035	0.00732	0.00824	0.00835	0.00905	0.00701	0.00526	0.01110	0.01295	0.01678	0.06556	0.07772	0.17164	0.49799	0.02816	0.00568	0.00619	0.04016	0.00536	0.00514
64	0.01289	0.00645	0.00967	0.00967	0.00967	0.00645	0.00645	0.00967	0.00967	0.01289	0.01289	0.02257	0.01289	0.02579	0.02901	0.78401	0.00645	0.00645	0.00322	0.00322
65	0.01781	0.01809	0.05780	0.10895	0.60362	0.01751	0.02277	0.02245	0.01666	0.02372	0.01386	0.01839	0.01148	0.00671	0.00734	0.00224	0.00901	0.00657	0.00362	0.01139
66	0.01012	0.00678	0.00895	0.01035	0.01110	0.00626	0.00702	0.01151	0.01464	0.04945	0.04185	0.67436	0.07488	0.02244	0.00936	0.00296	0.00437	0.02026	0.00699	0.00634
67	0.03331	0.01263	0.01723	0.01321	0.01895	0.01091	0.01091	0.03618	0.02125	0.69794	0.02929	0.02527	0.01838	0.00919	0.00747	0.00230	0.00632	0.00747	0.00919	0.01263
68	0.25547	0.01344	0.01557	0.04642	0.01917	0.01350	0.01060	0.03137	0.07238	0.41394	0.02298	0.02130	0.01526	0.00850	0.00662	0.00232	0.00628	0.00648	0.00741	0.01099
69	0.01752	0.02003	0.04380	0.03129	0.03880	0.01877	0.66583	0.02378	0.01752	0.02378	0.01502	0.02003	0.01126	0.00626	0.00876	0.00250	0.01252	0.00876	0.00375	0.01001
70	0.00904	0.00646	0.00861	0.01034	0.01077	0.00603	0.00689	0.01034	0.01421	0.01895	0.04092	0.73426	0.04910	0.02326	0.00948	0.00301	0.00431	0.02110	0.00689	0.00603
71	0.01051	0.00759	0.00992	0.00934	0.01109	0.00700	0.00700	0.01401	0.02101	0.02977	0.68888	0.05545	0.07005	0.01518	0.00876	0.00233	0.00350	0.01343	0.00817	0.00700
72	0.01985	0.74357	0.03890	0.01270	0.01905	0.02937	0.01270	0.02223	0.01508	0.01747	0.01032	0.01191	0.00953	0.00635	0.00476	0.00159	0.00794	0.00397	0.00318	0.00953
73	0.01569	0.01443	0.04756	0.01173	0.01822	0.01069	0.00984	0.04914	0.01627	0.02499	0.01466	0.04777	0.01271	0.00653	0.00584	0.00130	0.00583	0.00531	0.00459	0.67691
74	0.01701	0.10297	0.01531	0.01083	0.01393	0.01372	0.00860	0.17974	0.02016	0.02881	0.07069	0.09312	0.05001	0.09005	0.01002	0.00262	0.00570	0.00900	0.24939	0.00832
75	0.01449	0.01391	0.02423	0.63772	0.08130	0.01672	0.06824	0.01951	0.01514	0.01958	0.01337	0.01974	0.01009	0.00730	0.00752	0.00246	0.01004	0.00676	0.00335	0.00855
76	0.01539	0.01319	0.01539	0.01100	0.01759	0.00990	0.00880	0.01869	0.01539	0.02419	0.01319	0.01539	0.01100	0.00550	0.00550	0.00110	0.00550	0.00440	0.00440	0.78449
77	0.79154	0.01436	0.01091	0.00976	0.01436	0.01665	0.00804	0.02182	0.01263	0.03331	0.01034	0.01206	0.00804	0.00689	0.00459	0.00230	0.00574	0.00402	0.00459	0.00804
78	0.01966	0.71646	0.06435	0.01303	0.01956	0.02891	0.01327	0.02228	0.01511	0.01770	0.01044	0.01205	0.00952	0.00638	0.00485	0.00162	0.00806	0.00403	0.00317	0.00958
79	0.01073	0.00717	0.00812	0.00819	0.00820	0.00715	0.00459	0.01078	0.01093	0.01458	0.02409	0.07581	0.02787	0.71068	0.03666	0.00703	0.00708	0.01121	0.00459	0.00456
80	0.02773	0.03538	0.02104	0.01913	0.02295	0.70930	0.01434	0.02964	0.02104	0.01817	0.01148	0.01339	0.00956	0.00765	0.00669	0.00191	0.01339	0.00478	0.00383	0.00861
81	0.01752	0.02003	0.04380	0.03129	0.03880	0.01877	0.66583	0.02378	0.01752	0.02378	0.01502	0.02003	0.01126	0.00626	0.00876	0.00250	0.01252	0.00876	0.00375	0.01001
82	0.06670	0.01621	0.01909	0.01470	0.02048	0.01636	0.01215	0.30598	0.02669	0.38803	0.02349	0.02146	0.01543	0.00896	0.00731	0.00227	0.00708	0.00697	0.00822	0.01241
83	0.00903	0.00651	0.00856	0.01020	0.01073	0.00604	0.00683	0.01035	0.01434	0.01900	0.04257	0.70236	0.07993	0.02304	0.00944	0.00299	0.00428	0.02084	0.00689	0.00604
84	0.01196	0.00854	0.01196	0.01367	0.01538	0.00854	0.01196	0.01538	0.01709	0.02222	0.03931	0.08374	0.04272	0.02051	0.01025	0.00342	0.00684	0.64283	0.00684	0.00684
85	0.01489	0.03840	0.70064	0.02116	0.03213	0.01724	0.02743	0.02351	0.01567	0.02351	0.01332	0.01567	0.00940	0.00705	0.00705	0.00235	0.01097	0.00549	0.00313	0.01097
86	0.00904	0.00646	0.00861	0.01034	0.01077	0.00603	0.00689	0.01034	0.01421	0.01895	0.04092	0.73426	0.04910	0.02326	0.00948	0.00301	0.00431	0.02110	0.00689	0.00603
87	0.79154	0.01436	0.01091	0.00976	0.01436	0.01665	0.00804	0.02182	0.01263	0.03331	0.01034	0.01206	0.00804	0.00689	0.00459	0.00230	0.00574	0.00402	0.00459	0.00804
88	0.03331	0.01263	0.01723	0.01321	0.01895	0.01091	0.01091	0.03618	0.02125	0.69794	0.02929	0.02527	0.01838	0.00919	0.00747	0.00230	0.00632	0.00747	0.00919	0.01263
89	0.01809	0.01555	0.01646	0.01484	0.01892	0.01792	0.01153	0.03825	0.64836	0.03099	0.06125	0.02901	0.02489	0.01031	0.00761	0.00251	0.00576	0.00863	0.00758	0.01153
90	0.01067	0.00723	0.00936	0.00987	0.01120	0.00661	0.00700	0.01283	0.01707	0.05533	0.25880	0.41139	0.11580	0.01947	0.00907	0.00271	0.00408	0.01738	0.00743	0.00669
91	0.01384	0.00692	0.00692	0.00692	0.00865	0.00692	0.00519	0.01730	0.01557	0.02768	0.02422	0.02768	0.01903	0.00865	0.00519	0.00173	0.00346	0.00692	0.78031	0.00692
92	0.02195	0.01741	0.01912	0.01708	0.05203	0.01958	0.01297	0.23240	0.42807	0.05737	0.02560	0.02414	0.01892	0.00952	0.00750	0.00241	0.00674	0.00775	0.00739	0.01205
93	0.01324	0.01081	0.01303	0.01052	0.01500	0.00860	0.00808	0.01624	0.01643	0.02452	0.16653	0.14674	0.03048	0.01065	0.00689	0.00170	0.00486	0.00923	0.00565	0.48079
94	0.01916	0.01444	0.01636	0.01432	0.01765	0.01583	0.01111	0.31940	0.08556	0.03298	0.02780	0.30354	0.02793	0.01490	0.00900	0.00261	0.03806	0.01257	0.00704	0.00972
95	0.02575	0.02919	0.02324	0.02463	0.17049	0.44943	0.01617	0.12816	0.02230	0.02399	0.01302	0.01518	0.01053	0.00762	0.00695	0.00203	0.01156	0.00548	0.00436	0.00993
96	0.01539	0.01319	0.01539	0.01100	0.01759	0.00990	0.00880	0.01869	0.01539	0.02419	0.01319	0.01539	0.01100	0.00550	0.00550	0.00110	0.00550	0.00440	0.00440	0.78449
97	0.14661	0.02052	0.01967	0.01567	0.02103	0.08575	0.01277	0.47511	0.02925	0.04069	0.01883	0.01910	0.04442	0.00896	0.00698	0.00222	0.00807	0.00652	0.00662	0.01122
98	0.01384	0.00692	0.00692	0.00692	0.00865	0.00692	0.00519	0.01730	0.01557	0.02768	0.02422	0.02768	0.01903	0.00865	0.00519	0.00173	0.00346	0.00692	0.78031	0.00692
99	0.05415	0.01886	0.02067	0.01623	0.02167	0.02081	0.01333	0.47326	0.10374	0.12241	0.02003	0.01957	0.01417	0.00916	0.00800	0.00231	0.03518	0.00687	0.00739	0.01219
100	0.02613	0.01789	0.02046	0.01616	0.02161	0.01930	0.03222	0.38101	0.17284	0.15609	0.04247	0.02248	0.01750	0.00932	0.00754	0.00231	0.00733	0.00746	0.00768	0.01219
101	0.01384	0.00692	0.00692	0.00692	0.00865	0.00692	0.00519	0.01730	0.01557	0.02768	0.02422	0.02768	0.01903	0.00865	0.00519	0.00173	0.00346	0.00692	0.78031	0.00692
102	0.01539	0.01319	0.01539	0.01100	0.01759	0.00990	0.00880	0.01869	0.01539	0.02419	0.01319	0.01539	0.01100	0.00550	0.00550	0.00110	0.00550	0.00440	0.00440	0.78449
103	0.01349	0.00834	0.01036	0.00942	0.01199	0.00739	0.00722	0.01644	0.01991	0.12855	0.41777	0.05532	0.23482	0.01528	0.00856	0.00238	0.00400	0.01314	0.00797	0.00765
104	0.02687	0.01976	0.02124	0.01648	0.02199	0.02181	0.01346	0.61898	0.03321	0.04450	0.01876	0.04053	0.01436	0.04209	0.00885	0.00247	0.00801	0.00730	0.00728	0.01206
105	0.11492	0.14608	0.09786	0.01453	0.02037	0.01903	0.01347	0.19787	0.02140	0.16646	0.02124	0.02121	0.06165	0.00899	0.00750	0.00222	0.04198	0.00656	0.00598	0.01067
106	0.01666	0.01804	0.03675	0.02801	0.06397	0.01787	0.48708	0.02160	0.01603	0.02207	0.01531	0.02272	0.01288	0.08925	0.01373	0.00310	0.09327	0.00863	0.00378	0.00926
107	0.01384	0.00692	0.00692	0.00692	0.00865	0.00692	0.00519	0.01730	0.01557	0.02768	0.02422	0.02768	0.01903	0.00865	0.00519	0.00173	0.00346	0.00692	0.78031	0.00692
108	0.05243	0.01616	0.05491	0.23983	0.03258	0.01776	0.14608	0.05126	0.01553	0.02283	0.01403	0.01920	0.01115	0.00868	0.01134	0.00256	0.18015	0.00687	0.08790	0.00875
109	0.03075	0.01207	0.01641	0.01277	0.01807	0.01047	0.01047	0.03369	0.02122	0.62301	0.10325	0.02865	0.02417	0.00986	0.00761	0.00230	0.00600	0.00813	0.00907	0.01200
110	0.00940	0.00674	0.00908	0.01043	0.01097	0.00660	0.00709	0.01081	0.01364	0.01839	0.03655	0.58118	0.04298	0.07603	0.11788	0.00465	0.00687	0.01842	0.00629	0.00602
111	0.02706	0.01911	0.02093	0.01632	0.02182	0.02090	0.01338	0.57050	0.03219	0.08969	0.01977	0.05234	0.01494	0.01123	0.03197	0.00261	0.00827	0.00746	0.00740	0.01211
112	0.01173	0.01044	0.01041	0.01088	0.01263	0.08045	0.00802	0.01442	0.04001	0.02130	0.13085	0.31237	0.21140	0.01870	0.00892	0.00270	0.00531	0.07596	0.00676	0.00676
113	0.02654	0.01867	0.02036	0.01582	0.02114	0.02034	0.01288	0.54796	0.03159	0.08913	0.04748	0.02220	0.01651	0.06282	0.00971	0.00260	0.00777	0.00733	0.00737	0.01179
114	0.07117	0.01891	0.10228	0.22487	0.24616	0.05949	0.06109	0.02118	0.01607	0.02251	0.01713	0.04927	0.04195	0.00817	0.00734	0.00235	0.00927	0.00731	0.00386	0.00963
115	0.01847	0.02305	0.16630	0.05617	0.08509	0.07267	0.22094	0.05441	0.01726	0.04947	0.01458	0.01838	0.01122	0.00794	0.01005	0.00245	0.11414	0.00694	0.04051	0.00997
116	0.02280	0.38348	0.03109	0.01649	0.02162	0.28572	0.04497	0.04453	0.01788	0.01895	0.01118	0.01325	0.00973	0.00724	0.00672	0.00185	0.04498	0.00471	0.00358	0.00923
117	0.05051	0.02344	0.20733	0.17685	0.07275	0.05078	0.01910	0.17466	0.06723	0.02871	0.01537	0.01785	0.01138	0.00771	0.00709	0.00227	0.00922	0.00615	0.00468	0.04691
118	0.02492	0.01789	0.01951	0.01568	0.02070	0.01963	0.01263	0.44539	0.14348	0.08640	0.02260	0.07181	0.01785	0.03564	0.00866	0.00251	0.00733	0.00820	0.00743	0.01172
119	0.01095	0.00778	0.00951	0.00896	0.01111	0.00695	0.00676	0.01394	0.01980	0.05518	0.47692	0.05897	0.25367	0.01601	0.00871	0.00238	0.00370	0.01385	0.00783	0.00702
120	0.01763	0.01334	0.01899	0.01572	0.01907	0.01400	0.09104	0.11182	0.04178	0.10157	0.10162	0.19612	0.02839	0.01324	0.01076	0.00256	0.11893	0.01116	0.00626	0.06600
