[name]
unknown

[dist]
# distance from previous block
# <min> <max>
0	119

[block]
# block no. 0 follows, 28 sequences, length 138
# corresponding to MSA columns:
# 149,150,158-169,178-301
name=unknown_A
#
# <colnr> <probs for GDERKNQSTAVLIFYWHMCP>
#	G	D	E	R	K	N	Q	S	T	A	V	L	I	F	Y	W	H	M	C	P
0	0.01114	0.00802	0.01101	0.01251	0.01407	0.00789	0.01059	0.01416	0.01653	0.02156	0.06772	0.16422	0.07406	0.02013	0.00981	0.00321	0.00610	0.51394	0.00676	0.00657
1	0.00952	0.00684	0.00902	0.04727	0.01200	0.00671	0.00690	0.01067	0.01316	0.01750	0.03458	0.53823	0.04094	0.19266	0.01573	0.00389	0.00517	0.01753	0.00601	0.00566
2	0.01654	0.01337	0.10412	0.01360	0.01749	0.01009	0.07782	0.01998	0.01658	0.17264	0.11795	0.16079	0.02955	0.08643	0.03615	0.00318	0.00696	0.01073	0.07760	0.00844
3	0.01568	0.01220	0.01325	0.01270	0.01494	0.05397	0.00949	0.20296	0.02014	0.02631	0.03065	0.42293	0.03372	0.01774	0.00932	0.03298	0.00607	0.05050	0.00657	0.00786
4	0.12139	0.12023	0.10674	0.04087	0.04596	0.35183	0.01495	0.05220	0.01808	0.02161	0.01186	0.01413	0.00967	0.00881	0.03082	0.00232	0.01092	0.00488	0.00381	0.00895
5	0.00874	0.00731	0.00754	0.00759	0.00984	0.00619	0.00561	0.01057	0.01645	0.01986	0.09897	0.09960	0.61782	0.03985	0.00946	0.00261	0.00379	0.01535	0.00674	0.00611
6	0.01500	0.01406	0.02293	0.52208	0.18212	0.01655	0.01986	0.02113	0.07458	0.02070	0.01456	0.01978	0.01118	0.00733	0.00726	0.00237	0.00912	0.00662	0.00368	0.00909
7	0.01507	0.01292	0.01507	0.01077	0.01723	0.00969	0.00861	0.01830	0.01507	0.02369	0.01292	0.01507	0.01077	0.00538	0.00538	0.00108	0.00538	0.00431	0.00431	0.78898
8	0.02690	0.03300	0.02055	0.01846	0.02236	0.64276	0.01395	0.07621	0.04288	0.02023	0.01227	0.01387	0.00999	0.00766	0.00663	0.00191	0.01250	0.00493	0.00412	0.00881
9	0.01467	0.03694	0.68247	0.02108	0.03170	0.01694	0.05060	0.02303	0.01541	0.02303	0.01311	0.01550	0.00928	0.00688	0.00697	0.00231	0.01080	0.00549	0.00309	0.01071
10	0.01055	0.00715	0.00844	0.00844	0.00861	0.00732	0.00504	0.01090	0.01072	0.01447	0.02244	0.04500	0.02531	0.65134	0.12867	0.00767	0.00873	0.01020	0.00434	0.00469
11	0.01843	0.01579	0.01663	0.01486	0.01904	0.01824	0.01159	0.06201	0.66210	0.03097	0.02914	0.02677	0.02183	0.00982	0.00739	0.00246	0.00584	0.00816	0.00739	0.01154
12	0.01042	0.00699	0.00797	0.00812	0.00815	0.00695	0.00461	0.01053	0.01086	0.01448	0.02438	0.10693	0.02828	0.68264	0.03462	0.00670	0.00680	0.01144	0.00461	0.00453
13	0.69770	0.01416	0.01168	0.01014	0.01479	0.01606	0.00836	0.04871	0.01399	0.09254	0.01206	0.01318	0.00895	0.00703	0.00486	0.00225	0.00577	0.00434	0.00501	0.00845
14	0.01879	0.01493	0.01616	0.01424	0.01831	0.01682	0.01114	0.08314	0.53036	0.06934	0.09846	0.02912	0.02609	0.01025	0.00751	0.00241	0.00570	0.00856	0.00754	0.01113
15	0.01109	0.00757	0.00987	0.00930	0.01113	0.00694	0.00697	0.01432	0.02008	0.05642	0.61099	0.09214	0.08519	0.01517	0.00856	0.00233	0.00360	0.01340	0.00793	0.00701
16	0.00912	0.00757	0.00804	0.00820	0.01044	0.00662	0.00614	0.01164	0.03825	0.02036	0.09336	0.13578	0.55679	0.01849	0.00868	0.00253	0.00391	0.04091	0.00682	0.00634
17	0.11598	0.01638	0.02016	0.05398	0.02071	0.06567	0.03988	0.01921	0.01307	0.02086	0.01073	0.01537	0.00961	0.00971	0.01535	0.00252	0.39055	0.00566	0.00362	0.15098
18	0.02719	0.01937	0.02102	0.01626	0.02186	0.02123	0.01337	0.61333	0.03264	0.08181	0.01896	0.04572	0.01406	0.00928	0.00735	0.00222	0.00775	0.00713	0.00735	0.01211
19	0.02786	0.01999	0.02159	0.01655	0.02236	0.02199	0.01367	0.64534	0.03356	0.07631	0.01797	0.01779	0.01262	0.00874	0.00727	0.00218	0.00791	0.00658	0.00735	0.01236
20	0.01633	0.01403	0.01531	0.01477	0.04833	0.03884	0.01092	0.05268	0.40267	0.02916	0.18192	0.03607	0.05583	0.01149	0.00778	0.00242	0.00566	0.03864	0.00717	0.00996
21	0.04374	0.01124	0.01340	0.01158	0.01482	0.01116	0.00894	0.14460	0.04062	0.17810	0.20563	0.13881	0.06606	0.06555	0.01002	0.00271	0.00543	0.01117	0.00745	0.00894
22	0.01032	0.00756	0.00977	0.01085	0.01161	0.00753	0.00751	0.05380	0.01515	0.02030	0.03758	0.66870	0.04447	0.02152	0.00963	0.00291	0.02847	0.01927	0.00666	0.00639
23	0.25713	0.06970	0.07384	0.11895	0.25683	0.04144	0.04084	0.02180	0.01494	0.02505	0.01213	0.01552	0.00973	0.00670	0.00620	0.00219	0.00823	0.00544	0.00376	0.00956
24	0.02141	0.56601	0.03361	0.01405	0.01963	0.20458	0.01285	0.02363	0.01626	0.01728	0.01040	0.01203	0.00934	0.00654	0.00515	0.00164	0.00914	0.00409	0.00327	0.00910
25	0.03780	0.00805	0.00976	0.00992	0.01165	0.00755	0.00718	0.03867	0.01660	0.02305	0.19448	0.35831	0.11673	0.04192	0.00948	0.00271	0.00443	0.03765	0.00675	0.05732
26	0.02054	0.02317	0.04309	0.04995	0.10822	0.30708	0.04473	0.06978	0.01898	0.02205	0.06278	0.02186	0.03799	0.03717	0.03181	0.00261	0.04826	0.00675	0.03445	0.00875
27	0.01129	0.00831	0.01002	0.01029	0.01181	0.00807	0.00734	0.08903	0.01754	0.02330	0.13605	0.43571	0.14049	0.04308	0.00975	0.00283	0.00456	0.01681	0.00691	0.00679
28	0.76762	0.01429	0.01109	0.00982	0.01437	0.01654	0.00809	0.04541	0.01317	0.03310	0.01039	0.01202	0.00804	0.00682	0.00460	0.00225	0.00571	0.00403	0.00460	0.00804
29	0.01732	0.01659	0.02830	0.15177	0.59727	0.01710	0.02198	0.02172	0.01623	0.02294	0.01355	0.01821	0.01123	0.00660	0.00721	0.00220	0.00880	0.00647	0.00354	0.01097
30	0.01716	0.01961	0.04289	0.03064	0.03799	0.01838	0.67279	0.02328	0.01716	0.02328	0.01471	0.01961	0.01103	0.00613	0.00858	0.00245	0.01225	0.00858	0.00368	0.00980
31	0.00919	0.00654	0.00833	0.00955	0.01005	0.00615	0.00627	0.01033	0.01368	0.01816	0.06008	0.55896	0.07894	0.15091	0.01416	0.00363	0.00467	0.01834	0.00637	0.00568
32	0.01590	0.01590	0.02226	0.01908	0.01908	0.02226	0.01590	0.01749	0.01113	0.01749	0.00954	0.01590	0.00954	0.01272	0.02385	0.00318	0.73123	0.00636	0.00318	0.00795
33	0.24647	0.01222	0.01361	0.01115	0.01569	0.01215	0.00909	0.06111	0.01843	0.34472	0.07580	0.02331	0.01895	0.00875	0.00635	0.00218	0.00557	0.00671	0.09774	0.00999
34	0.01226	0.00773	0.00961	0.03215	0.01172	0.00829	0.00730	0.01496	0.01447	0.02282	0.09385	0.03375	0.04413	0.06563	0.15191	0.03242	0.04051	0.03045	0.35951	0.00652
35	0.02909	0.01354	0.01712	0.01340	0.01865	0.01286	0.01097	0.14208	0.06573	0.49662	0.07920	0.02598	0.02128	0.00947	0.00741	0.00225	0.00625	0.00770	0.00852	0.01188
36	0.01149	0.00936	0.01129	0.01249	0.04896	0.00925	0.00911	0.01692	0.13034	0.02202	0.04899	0.17411	0.28116	0.01745	0.00877	0.00274	0.00510	0.16634	0.00668	0.00743
37	0.01765	0.01691	0.02869	0.04325	0.67384	0.01686	0.02169	0.02187	0.01655	0.02360	0.01588	0.01990	0.03670	0.00692	0.00725	0.00217	0.00845	0.00680	0.00371	0.01132
38	0.01299	0.00952	0.01140	0.01129	0.01369	0.00952	0.00890	0.03929	0.13156	0.05570	0.16625	0.14926	0.17061	0.01653	0.00872	0.00268	0.00501	0.16210	0.00720	0.00777
39	0.75265	0.01441	0.01131	0.00996	0.01454	0.01666	0.00821	0.05815	0.01360	0.03336	0.01053	0.01213	0.00812	0.00686	0.00465	0.00225	0.00576	0.00408	0.00465	0.00812
40	0.00909	0.00642	0.00837	0.00982	0.01018	0.00606	0.00643	0.01018	0.01346	0.01794	0.03771	0.64489	0.04511	0.12172	0.01308	0.00351	0.00461	0.01928	0.00643	0.00570
41	0.04965	0.06001	0.04692	0.01729	0.02101	0.20285	0.03756	0.10799	0.01887	0.11974	0.03663	0.01763	0.01297	0.00937	0.01147	0.00237	0.20718	0.00613	0.00489	0.00947
42	0.05158	0.04661	0.02033	0.01519	0.02063	0.02050	0.01253	0.50692	0.07005	0.04080	0.01782	0.01814	0.01302	0.00842	0.00683	0.00208	0.00731	0.00634	0.05952	0.05536
43	0.02368	0.08803	0.02064	0.01696	0.02051	0.53318	0.01308	0.02557	0.01903	0.01792	0.01805	0.01957	0.08661	0.00897	0.00780	0.00200	0.06025	0.00593	0.00399	0.00821
44	0.01106	0.00760	0.00996	0.00928	0.01113	0.00699	0.00699	0.01447	0.02058	0.05258	0.67222	0.05327	0.06683	0.01466	0.00853	0.00228	0.00353	0.01294	0.00804	0.00705
45	0.01053	0.00720	0.00869	0.00869	0.00895	0.00746	0.00535	0.01106	0.01079	0.01465	0.02221	0.04374	0.02476	0.60540	0.17386	0.00798	0.00955	0.01001	0.00430	0.00483
46	0.01029	0.00743	0.00972	0.00914	0.01086	0.00686	0.00686	0.01372	0.02058	0.02915	0.69536	0.05430	0.06859	0.01486	0.00857	0.00229	0.00343	0.01315	0.00800	0.00686
47	0.79588	0.01406	0.01068	0.00956	0.01406	0.01631	0.00787	0.02137	0.01237	0.03261	0.01012	0.01181	0.00787	0.00675	0.00450	0.00225	0.00562	0.00394	0.00450	0.00787
48	0.02645	0.01977	0.02115	0.01649	0.02209	0.02199	0.01353	0.59605	0.11501	0.04390	0.01896	0.01865	0.01358	0.00887	0.00729	0.00222	0.00772	0.00675	0.00729	0.01226
49	0.03045	0.01256	0.01670	0.01281	0.01836	0.01096	0.01054	0.05905	0.02094	0.60838	0.05033	0.02482	0.01904	0.00895	0.00722	0.00217	0.00611	0.00728	0.00858	0.06478
50	0.01112	0.00817	0.01028	0.01055	0.01217	0.00793	0.00794	0.05325	0.03559	0.02477	0.27114	0.29513	0.09977	0.01810	0.00891	0.00268	0.00451	0.10384	0.00723	0.00691
51	0.00947	0.00696	0.00894	0.01022	0.01101	0.00666	0.00698	0.01199	0.05230	0.02000	0.08627	0.62884	0.07041	0.02135	0.00910	0.00286	0.00423	0.01926	0.00687	0.00629
52	0.02110	0.59597	0.03442	0.01369	0.01947	0.14352	0.01277	0.05281	0.01663	0.01853	0.01063	0.01217	0.00947	0.00655	0.00510	0.00164	0.00868	0.00414	0.00341	0.00932
53	0.01079	0.00680	0.00854	0.00941	0.01019	0.00644	0.00631	0.01226	0.01407	0.04792	0.05990	0.47698	0.04024	0.14060	0.01326	0.00342	0.00464	0.01636	0.10580	0.00607
54	0.01038	0.00779	0.01168	0.01168	0.01298	0.00909	0.00909	0.01298	0.01168	0.01687	0.01947	0.02856	0.01817	0.05452	0.71573	0.01168	0.01947	0.00779	0.00389	0.00649
55	0.02150	0.01042	0.01343	0.01113	0.01471	0.00955	0.00870	0.06334	0.02022	0.33604	0.25111	0.03837	0.05974	0.09515	0.01116	0.00281	0.00539	0.00987	0.00796	0.00940
56	0.01799	0.01727	0.02950	0.04462	0.69919	0.01727	0.02231	0.02231	0.01655	0.02375	0.01367	0.01799	0.01151	0.00648	0.00720	0.00216	0.00864	0.00648	0.00360	0.01151
57	0.00891	0.00636	0.00848	0.01009	0.01055	0.00594	0.00675	0.01024	0.01414	0.01892	0.06239	0.71644	0.04878	0.02250	0.00925	0.00293	0.00419	0.02041	0.00679	0.00594
58	0.06141	0.01955	0.02008	0.04320	0.02219	0.05984	0.01316	0.51816	0.05441	0.04083	0.01743	0.01798	0.01264	0.00853	0.00697	0.00216	0.00787	0.00639	0.05581	0.01138
59	0.02220	0.01638	0.01772	0.01469	0.01932	0.01808	0.01170	0.28550	0.30842	0.09117	0.02674	0.02631	0.05343	0.04382	0.00877	0.00255	0.00662	0.00797	0.00731	0.01130
60	0.01059	0.00811	0.00899	0.00892	0.01113	0.00746	0.00657	0.01420	0.07784	0.04509	0.13003	0.17542	0.40970	0.04100	0.00947	0.00266	0.00413	0.01491	0.00695	0.00683
61	0.01592	0.12797	0.44515	0.01990	0.05096	0.04369	0.05598	0.02342	0.05604	0.02266	0.03620	0.01942	0.01324	0.00768	0.00688	0.00224	0.00976	0.02897	0.00370	0.01022
62	0.01556	0.21218	0.50474	0.01819	0.02732	0.01941	0.02235	0.02218	0.01501	0.02123	0.01265	0.01513	0.00971	0.00924	0.04359	0.00261	0.01047	0.00513	0.00312	0.01017
63	0.05618	0.01242	0.01668	0.01283	0.01842	0.01086	0.01060	0.03499	0.02054	0.68349	0.02810	0.02434	0.01768	0.00893	0.00722	0.00225	0.00617	0.00721	0.00886	0.01223
64	0.01525	0.01675	0.05901	0.26245	0.07269	0.04026	0.23177	0.02058	0.03969	0.02101	0.01889	0.06854	0.04920	0.00878	0.00861	0.00247	0.04277	0.00849	0.00397	0.00884
65	0.01432	0.01315	0.02028	0.33975	0.19588	0.03644	0.01715	0.01816	0.01534	0.02019	0.04153	0.07511	0.01928	0.06194	0.00981	0.00280	0.00847	0.07789	0.00418	0.00833
66	0.02291	0.01075	0.01395	0.01142	0.01538	0.00983	0.00914	0.06890	0.02127	0.37089	0.27271	0.03527	0.03626	0.01110	0.00764	0.00222	0.00512	0.00937	0.05586	0.01000
67	0.01057	0.00705	0.00793	0.00793	0.00793	0.00705	0.00440	0.01057	0.01057	0.01409	0.02290	0.04757	0.02643	0.74454	0.03700	0.00705	0.00705	0.01057	0.00440	0.00440
68	0.05130	0.22093	0.39496	0.06533	0.02720	0.01970	0.02047	0.02162	0.01469	0.02110	0.01236	0.01519	0.00969	0.00941	0.04396	0.00263	0.03135	0.00514	0.00320	0.00975
69	0.01916	0.70888	0.07573	0.01290	0.01938	0.02809	0.01325	0.02184	0.01480	0.01744	0.01027	0.01187	0.00932	0.00626	0.00479	0.00160	0.00794	0.00397	0.00311	0.00941
70	0.01612	0.01391	0.01456	0.01326	0.01703	0.01562	0.01027	0.03281	0.54791	0.02819	0.03868	0.03596	0.16128	0.01163	0.00764	0.00246	0.00533	0.00969	0.00726	0.01040
71	0.01504	0.05384	0.05110	0.14021	0.05816	0.01761	0.13801	0.01850	0.01382	0.01962	0.01495	0.06807	0.01380	0.03554	0.03980	0.00310	0.24343	0.00781	0.03929	0.00830
72	0.01644	0.16854	0.25635	0.02243	0.12806	0.04381	0.08307	0.02140	0.01527	0.02086	0.01415	0.02003	0.01219	0.03467	0.03230	0.00271	0.05883	0.03573	0.00349	0.00967
73	0.01507	0.01292	0.01507	0.01077	0.01723	0.00969	0.00861	0.01830	0.01507	0.02369	0.01292	0.01507	0.01077	0.00538	0.00538	0.00108	0.00538	0.00431	0.00431	0.78898
74	0.02715	0.03464	0.02060	0.01873	0.02247	0.71536	0.01404	0.02903	0.02060	0.01779	0.01124	0.01311	0.00936	0.00749	0.00655	0.00187	0.01311	0.00468	0.00375	0.00843
75	0.01113	0.00763	0.00993	0.00924	0.01114	0.00699	0.00697	0.01448	0.02046	0.05582	0.64970	0.05360	0.08578	0.01473	0.00852	0.00229	0.00355	0.01298	0.00800	0.00706
76	0.01023	0.00743	0.00963	0.00908	0.01082	0.00683	0.00681	0.01360	0.02043	0.02881	0.67299	0.05486	0.09117	0.01499	0.00857	0.00229	0.00344	0.01322	0.00796	0.00683
77	0.02698	0.02004	0.02145	0.01659	0.02229	0.02224	0.01366	0.63132	0.07888	0.04476	0.01828	0.01812	0.01304	0.00880	0.00728	0.00220	0.00784	0.00666	0.00728	0.01230
78	0.01033	0.00775	0.01129	0.01134	0.01267	0.00881	0.00879	0.01281	0.01210	0.01709	0.02344	0.03342	0.05989	0.07609	0.62656	0.01070	0.01767	0.02868	0.00417	0.00640
79	0.01884	0.01544	0.01646	0.01470	0.01888	0.01769	0.01146	0.03846	0.65111	0.06581	0.02954	0.02700	0.02197	0.00982	0.00739	0.00245	0.00578	0.00817	0.00748	0.01155
80	0.02123	0.01844	0.01765	0.01543	0.01979	0.10719	0.01207	0.11551	0.48350	0.06861	0.02570	0.02401	0.01911	0.00937	0.00727	0.00234	0.00699	0.00751	0.00701	0.01127
81	0.00896	0.00640	0.00855	0.01024	0.01070	0.00599	0.00693	0.01030	0.01402	0.01867	0.04001	0.71625	0.04785	0.02268	0.00931	0.00297	0.00431	0.04320	0.00675	0.00593
82	0.00898	0.00734	0.00797	0.00826	0.01039	0.00634	0.00625	0.01097	0.01653	0.02024	0.10214	0.14035	0.53783	0.01881	0.00878	0.00257	0.00398	0.06925	0.00682	0.00620
83	0.07259	0.01511	0.01630	0.07195	0.01949	0.04322	0.01139	0.28231	0.02237	0.03285	0.01760	0.02010	0.01351	0.00988	0.02627	0.00238	0.06835	0.00638	0.23860	0.00936
84	0.69088	0.01409	0.01169	0.01015	0.01481	0.01592	0.00836	0.04410	0.01396	0.10345	0.01231	0.01335	0.00908	0.00705	0.00488	0.00225	0.00576	0.00437	0.00506	0.00849
85	0.01027	0.00768	0.01145	0.01157	0.01280	0.00886	0.00892	0.01277	0.01184	0.01700	0.02096	0.08017	0.02034	0.05221	0.66446	0.01105	0.01836	0.00872	0.00410	0.00645
86	0.00897	0.00663	0.00833	0.00964	0.01048	0.00608	0.00661	0.01038	0.01441	0.01873	0.04586	0.56280	0.17167	0.04692	0.01014	0.00301	0.00430	0.04245	0.00666	0.00593
87	0.01805	0.01871	0.05988	0.06222	0.62513	0.04290	0.02215	0.02248	0.01659	0.02335	0.01353	0.01773	0.01128	0.00656	0.00716	0.00216	0.00893	0.00636	0.00357	0.01127
88	0.01700	0.02121	0.15703	0.15456	0.33659	0.05914	0.04634	0.04315	0.01682	0.02286	0.01621	0.01988	0.04234	0.00737	0.00723	0.00224	0.00939	0.00665	0.00371	0.01029
89	0.25035	0.05364	0.26825	0.01884	0.06475	0.04988	0.06028	0.02202	0.01432	0.02478	0.01167	0.01454	0.00912	0.00752	0.00837	0.00235	0.10111	0.00525	0.00362	0.00935
90	0.01562	0.01732	0.11042	0.43627	0.16797	0.01672	0.02075	0.06815	0.01653	0.02221	0.01408	0.02010	0.01102	0.00752	0.00728	0.00236	0.00942	0.02323	0.00367	0.00935
91	0.01029	0.00705	0.00783	0.00792	0.00837	0.00684	0.00472	0.01075	0.01181	0.01561	0.03142	0.08641	0.12746	0.57261	0.03019	0.00596	0.00627	0.01168	0.03200	0.00482
92	0.07522	0.26590	0.36721	0.01701	0.02492	0.06026	0.01953	0.02257	0.01504	0.02126	0.01161	0.01378	0.00917	0.00697	0.00676	0.00207	0.04290	0.00479	0.00323	0.00981
93	0.01714	0.41330	0.35364	0.01634	0.02470	0.02316	0.01924	0.02236	0.01504	0.01989	0.01149	0.01340	0.00927	0.00654	0.00572	0.00191	0.00917	0.00459	0.00309	0.01000
94	0.03261	0.01237	0.01687	0.01293	0.01856	0.01068	0.01068	0.03543	0.02081	0.70423	0.02868	0.02474	0.01799	0.00900	0.00731	0.00225	0.00619	0.00731	0.00900	0.01237
95	0.01000	0.00870	0.04635	0.04384	0.01414	0.00746	0.00919	0.01224	0.01476	0.01978	0.07346	0.49651	0.04368	0.04380	0.01005	0.00306	0.00528	0.12494	0.00638	0.00640
96	0.01897	0.02021	0.15878	0.11724	0.07138	0.01663	0.15490	0.15625	0.01991	0.08035	0.05137	0.02058	0.01446	0.00884	0.00883	0.05010	0.00921	0.00712	0.00485	0.01003
97	0.00923	0.00690	0.00858	0.00918	0.01047	0.00625	0.00650	0.01130	0.01657	0.02205	0.24862	0.37493	0.20416	0.01934	0.00890	0.00263	0.00385	0.01713	0.00713	0.00625
98	0.01057	0.00705	0.00793	0.00793	0.00793	0.00705	0.00440	0.01057	0.01057	0.01409	0.02290	0.04757	0.02643	0.74454	0.03700	0.00705	0.00705	0.01057	0.00440	0.00440
99	0.01630	0.05223	0.07762	0.33156	0.13610	0.06485	0.12766	0.02100	0.01551	0.02024	0.01286	0.01790	0.01009	0.00727	0.00840	0.00235	0.05905	0.00649	0.00337	0.00913
100	0.04571	0.02332	0.27940	0.01790	0.07087	0.04411	0.01717	0.05870	0.12118	0.07689	0.08553	0.02670	0.08251	0.00942	0.00726	0.00230	0.00790	0.00767	0.00532	0.01013
101	0.01119	0.00820	0.01098	0.01237	0.01417	0.00799	0.01067	0.01428	0.01671	0.02140	0.04443	0.07996	0.15251	0.01980	0.00980	0.00320	0.00618	0.54289	0.00670	0.00660
102	0.01507	0.01292	0.01507	0.01077	0.01723	0.00969	0.00861	0.01830	0.01507	0.02369	0.01292	0.01507	0.01077	0.00538	0.00538	0.00108	0.00538	0.00431	0.00431	0.78898
103	0.01463	0.03682	0.68238	0.02066	0.03102	0.01707	0.02646	0.02282	0.01520	0.02282	0.01292	0.01537	0.00922	0.00711	0.00751	0.00233	0.03653	0.00541	0.00307	0.01064
104	0.01428	0.01348	0.02280	0.63859	0.13422	0.01630	0.02046	0.01906	0.01480	0.01924	0.01302	0.01920	0.00993	0.00716	0.00726	0.00239	0.00955	0.00646	0.00328	0.00852
105	0.02721	0.03282	0.02075	0.01847	0.02248	0.62695	0.01402	0.11145	0.02233	0.02137	0.01203	0.01366	0.00975	0.00765	0.00665	0.00191	0.01246	0.00492	0.00420	0.00893
106	0.01125	0.00765	0.00997	0.00926	0.01118	0.00701	0.00699	0.01460	0.02046	0.05966	0.64470	0.05346	0.08669	0.01471	0.00852	0.00229	0.00356	0.01295	0.00801	0.00709
107	0.01029	0.00743	0.00972	0.00914	0.01086	0.00686	0.00686	0.01372	0.02058	0.02915	0.69536	0.05430	0.06859	0.01486	0.00857	0.00229	0.00343	0.01315	0.00800	0.00686
108	0.02528	0.01919	0.02049	0.01625	0.02164	0.02144	0.01325	0.51794	0.19504	0.04201	0.02045	0.01984	0.01479	0.00901	0.00730	0.00225	0.00744	0.00696	0.00730	0.01215
109	0.01263	0.00631	0.00947	0.00947	0.00947	0.00631	0.00631	0.00947	0.00947	0.01263	0.01263	0.02210	0.01263	0.02525	0.02841	0.78851	0.00631	0.00631	0.00316	0.00316
110	0.02715	0.03464	0.02060	0.01873	0.02247	0.71536	0.01404	0.02903	0.02060	0.01779	0.01124	0.01311	0.00936	0.00749	0.00655	0.00187	0.01311	0.00468	0.00375	0.00843
111	0.02999	0.01255	0.01655	0.01293	0.01820	0.01134	0.01059	0.06363	0.05636	0.58901	0.07692	0.02669	0.02165	0.00946	0.00741	0.00226	0.00605	0.00775	0.00876	0.01192
112	0.01147	0.00821	0.01138	0.01267	0.01435	0.00811	0.01089	0.01483	0.01738	0.02301	0.14971	0.07730	0.04636	0.01920	0.00979	0.00317	0.00614	0.54239	0.00691	0.00672
113	0.00887	0.00737	0.00776	0.00766	0.00999	0.00626	0.00575	0.01098	0.01724	0.02123	0.17764	0.06734	0.59125	0.01782	0.00859	0.00243	0.00364	0.01497	0.00696	0.00626
114	0.46948	0.01616	0.01478	0.01218	0.01707	0.01829	0.01003	0.27110	0.02083	0.03743	0.01349	0.01460	0.01004	0.00758	0.00558	0.00220	0.00644	0.00505	0.03812	0.00954
115	0.79588	0.01406	0.01068	0.00956	0.01406	0.01631	0.00787	0.02137	0.01237	0.03261	0.01012	0.01181	0.00787	0.00675	0.00450	0.00225	0.00562	0.00394	0.00450	0.00787
116	0.01135	0.00760	0.00949	0.00936	0.01013	0.00828	0.00653	0.01295	0.01191	0.01781	0.02141	0.03592	0.02146	0.34059	0.24788	0.00727	0.04050	0.00872	0.16513	0.00571
117	0.06799	0.02003	0.02123	0.01635	0.02210	0.02221	0.01350	0.64062	0.03303	0.04512	0.01707	0.01716	0.01213	0.00862	0.00713	0.00219	0.00787	0.00641	0.00713	0.01213
118	0.01722	0.01914	0.04025	0.03212	0.12836	0.01838	0.55784	0.02293	0.01684	0.02312	0.01436	0.01924	0.01104	0.00643	0.00898	0.00244	0.03948	0.00820	0.00365	0.00997
119	0.01872	0.01575	0.02056	0.02419	0.23471	0.01708	0.01504	0.06512	0.36546	0.05662	0.02447	0.02740	0.01946	0.00940	0.00750	0.00240	0.00687	0.05178	0.00620	0.01126
120	0.79588	0.01406	0.01068	0.00956	0.01406	0.01631	0.00787	0.02137	0.01237	0.03261	0.01012	0.01181	0.00787	0.00675	0.00450	0.00225	0.00562	0.00394	0.00450	0.00787
121	0.01507	0.01388	0.02124	0.14047	0.08097	0.01738	0.06057	0.01809	0.01322	0.01996	0.01357	0.01943	0.01175	0.01307	0.06341	0.00328	0.34288	0.00670	0.11694	0.00813
122	0.02717	0.03405	0.02065	0.01864	0.02247	0.68645	0.01404	0.05597	0.02117	0.01896	0.01150	0.01329	0.00949	0.00754	0.00658	0.00189	0.01290	0.00476	0.00389	0.00859
123	0.01458	0.03760	0.70688	0.02072	0.03146	0.01688	0.02686	0.02302	0.01535	0.02302	0.01304	0.01535	0.00921	0.00691	0.00691	0.00230	0.01074	0.00537	0.00307	0.01074
124	0.01496	0.09394	0.65391	0.02006	0.03045	0.01782	0.02571	0.02292	0.01530	0.02255	0.01281	0.01505	0.00922	0.00685	0.00673	0.00224	0.01051	0.00525	0.00307	0.01063
125	0.03261	0.01237	0.01687	0.01293	0.01856	0.01068	0.01068	0.03543	0.02081	0.70423	0.02868	0.02474	0.01799	0.00900	0.00731	0.00225	0.00619	0.00731	0.00900	0.01237
126	0.01029	0.00743	0.00972	0.00914	0.01086	0.00686	0.00686	0.01372	0.02058	0.02915	0.69536	0.05430	0.06859	0.01486	0.00857	0.00229	0.00343	0.01315	0.00800	0.00686
127	0.02524	0.05989	0.02206	0.04566	0.06876	0.56135	0.01484	0.04815	0.01987	0.01908	0.01154	0.01387	0.00962	0.00765	0.00737	0.00197	0.04557	0.00497	0.00378	0.00876
128	0.01034	0.00771	0.00929	0.01014	0.01107	0.00769	0.00684	0.01386	0.09922	0.01930	0.03757	0.47777	0.08056	0.15630	0.01420	0.00363	0.00491	0.01685	0.00639	0.00635
129	0.01057	0.00705	0.00793	0.00793	0.00793	0.00705	0.00440	0.01057	0.01057	0.01409	0.02290	0.04757	0.02643	0.74454	0.03700	0.00705	0.00705	0.01057	0.00440	0.00440
130	0.00967	0.00763	0.00874	0.00842	0.01057	0.00682	0.00633	0.01280	0.03774	0.02445	0.36655	0.06131	0.37985	0.01648	0.00855	0.00238	0.00362	0.01410	0.00736	0.00663
131	0.06899	0.18010	0.40887	0.06751	0.02768	0.05819	0.02066	0.02233	0.01546	0.02206	0.03720	0.01593	0.01137	0.00710	0.00635	0.00213	0.00957	0.00529	0.00341	0.00979
132	0.01171	0.00837	0.01171	0.01339	0.01506	0.00837	0.01171	0.01506	0.01673	0.02175	0.03849	0.08199	0.04183	0.02008	0.01004	0.00335	0.00669	0.65027	0.00669	0.00669
133	0.00899	0.00642	0.00858	0.01027	0.01075	0.00602	0.00697	0.01035	0.01405	0.01870	0.03999	0.70976	0.04779	0.02265	0.00931	0.00297	0.00433	0.04941	0.00675	0.00594
134	0.01373	0.01292	0.02180	0.72707	0.05006	0.01615	0.02019	0.01857	0.01453	0.01857	0.01292	0.01938	0.00969	0.00727	0.00727	0.00242	0.00969	0.00646	0.00323	0.00807
135	0.01587	0.03212	0.48341	0.09562	0.03290	0.07640	0.09240	0.02290	0.01575	0.02195	0.01293	0.01605	0.00947	0.00711	0.00768	0.00232	0.03603	0.00580	0.00321	0.01007
136	0.73540	0.04757	0.01229	0.03265	0.01542	0.01687	0.00847	0.02130	0.01255	0.03146	0.01021	0.01204	0.00800	0.00674	0.00459	0.00222	0.00585	0.00401	0.00439	0.00795
137	0.01023	0.00730	0.00880	0.00907	0.01008	0.00706	0.00615	0.01250	0.03937	0.02043	0.18223	0.23759	0.10965	0.23165	0.04099	0.00418	0.00536	0.01405	0.03735	0.00596

[dist]
# distance from previous block
# <min> <max>
0	1

[block]
# block no. 1 follows, 28 sequences, length 36
# corresponding to MSA columns:
# 303-338
name=unknown_B
#
# <colnr> <probs for GDERKNQSTAVLIFYWHMCP>
#	G	D	E	R	K	N	Q	S	T	A	V	L	I	F	Y	W	H	M	C	P
0	0.01206	0.00855	0.01062	0.01075	0.01285	0.00824	0.00846	0.01648	0.08115	0.06015	0.22646	0.15204	0.17016	0.01712	0.00886	0.00269	0.00477	0.17404	0.00726	0.00729
1	0.01507	0.01292	0.01507	0.01077	0.01723	0.00969	0.00861	0.01830	0.01507	0.02369	0.01292	0.01507	0.01077	0.00538	0.00538	0.00108	0.00538	0.00431	0.00431	0.78898
2	0.02405	0.21038	0.02460	0.01637	0.02104	0.36384	0.01327	0.10762	0.11010	0.02274	0.01418	0.01516	0.01144	0.00764	0.00628	0.00191	0.01015	0.00518	0.00451	0.00955
3	0.01596	0.02565	0.28445	0.06342	0.03514	0.01794	0.36286	0.02260	0.01600	0.02260	0.01370	0.01782	0.01020	0.00685	0.00878	0.00244	0.05308	0.00716	0.00340	0.00995
4	0.02599	0.01994	0.02074	0.04184	0.02264	0.05796	0.01350	0.55782	0.05658	0.04176	0.01776	0.01817	0.01282	0.00864	0.00712	0.00216	0.00800	0.00652	0.04836	0.01167
5	0.01808	0.01561	0.01644	0.01479	0.01890	0.01808	0.01151	0.03863	0.68606	0.03041	0.02959	0.02712	0.02219	0.00986	0.00740	0.00247	0.00575	0.00822	0.00740	0.01151
6	0.01051	0.00706	0.00811	0.00817	0.00824	0.00710	0.00469	0.01066	0.01073	0.01437	0.02332	0.06957	0.02677	0.68961	0.06668	0.00712	0.00751	0.01078	0.00446	0.00455
7	0.01600	0.01351	0.01556	0.01132	0.01763	0.01086	0.00907	0.06062	0.04526	0.02537	0.01393	0.01574	0.01136	0.00579	0.00559	0.00121	0.00556	0.00462	0.00463	0.70638
8	0.01610	0.00923	0.00950	0.00857	0.01101	0.00963	0.00666	0.13595	0.01867	0.03048	0.02258	0.02536	0.01750	0.00852	0.00548	0.00178	0.00422	0.00673	0.64425	0.00779
9	0.02102	0.01033	0.01344	0.01162	0.01514	0.00958	0.00906	0.02554	0.08752	0.33561	0.20749	0.15881	0.03713	0.01307	0.00800	0.00240	0.00506	0.01130	0.00817	0.00968
10	0.00913	0.00721	0.00782	0.00792	0.00968	0.00634	0.00560	0.01077	0.01572	0.01961	0.12770	0.13153	0.45237	0.14041	0.01343	0.00326	0.00427	0.01484	0.00649	0.00590
11	0.01828	0.01373	0.01455	0.01233	0.01620	0.01472	0.00979	0.25817	0.16393	0.03295	0.07002	0.03498	0.17671	0.01150	0.00736	0.00224	0.00563	0.00932	0.11793	0.00965
12	0.03214	0.01313	0.01734	0.01329	0.01893	0.01180	0.01098	0.09587	0.02207	0.64200	0.02762	0.02405	0.01746	0.00897	0.00731	0.00224	0.00636	0.00724	0.00883	0.01237
13	0.02689	0.01149	0.01512	0.01200	0.01676	0.01016	0.00976	0.05474	0.02089	0.51533	0.13039	0.03304	0.08876	0.01073	0.00761	0.00227	0.00562	0.00889	0.00857	0.01098
14	0.07198	0.01409	0.01755	0.01353	0.01913	0.01340	0.01117	0.16534	0.02309	0.53418	0.02540	0.02257	0.01631	0.00882	0.00715	0.00224	0.00653	0.00698	0.00841	0.01213
15	0.02715	0.03464	0.02060	0.01873	0.02247	0.71536	0.01404	0.02903	0.02060	0.01779	0.01124	0.01311	0.00936	0.00749	0.00655	0.00187	0.01311	0.00468	0.00375	0.00843
16	0.00929	0.00759	0.00833	0.00871	0.01099	0.00663	0.00690	0.01147	0.01661	0.02011	0.06579	0.07264	0.55016	0.01878	0.00891	0.00265	0.00435	0.15708	0.00674	0.00626
17	0.11519	0.01255	0.01620	0.01257	0.01807	0.01129	0.01038	0.03390	0.01989	0.63157	0.02667	0.02334	0.01690	0.00875	0.00701	0.00225	0.00612	0.00694	0.00851	0.01188
18	0.05912	0.01443	0.01768	0.01368	0.01914	0.01401	0.01127	0.21148	0.02419	0.46477	0.05565	0.02359	0.01838	0.00911	0.00725	0.00223	0.00654	0.00724	0.00830	0.01194
19	0.01000	0.00810	0.01059	0.01119	0.01186	0.00869	0.00809	0.01141	0.01387	0.01855	0.04029	0.51115	0.14502	0.02039	0.01162	0.00291	0.12642	0.01741	0.00615	0.00629
20	0.79588	0.01406	0.01068	0.00956	0.01406	0.01631	0.00787	0.02137	0.01237	0.03261	0.01012	0.01181	0.00787	0.00675	0.00450	0.00225	0.00562	0.00394	0.00450	0.00787
21	0.04042	0.01048	0.01481	0.07184	0.12769	0.01035	0.01230	0.01763	0.01693	0.08804	0.06957	0.05500	0.17219	0.01476	0.00854	0.00270	0.00635	0.24618	0.00615	0.00806
22	0.79588	0.01406	0.01068	0.00956	0.01406	0.01631	0.00787	0.02137	0.01237	0.03261	0.01012	0.01181	0.00787	0.00675	0.00450	0.00225	0.00562	0.00394	0.00450	0.00787
23	0.01636	0.01560	0.02655	0.30608	0.45049	0.01684	0.02150	0.02088	0.01578	0.02176	0.01338	0.01852	0.01082	0.00678	0.00722	0.00226	0.00904	0.00647	0.00346	0.01020
24	0.02763	0.02036	0.02182	0.01672	0.02254	0.02254	0.01382	0.67496	0.03418	0.04581	0.01745	0.01745	0.01236	0.00873	0.00727	0.00218	0.00800	0.00654	0.00727	0.01236
25	0.00995	0.00708	0.00802	0.00818	0.00885	0.00682	0.00510	0.01061	0.01231	0.01592	0.03597	0.11866	0.18091	0.47733	0.05919	0.00582	0.00658	0.01251	0.00514	0.00504
26	0.01590	0.01590	0.02226	0.01908	0.01908	0.02226	0.01590	0.01749	0.01113	0.01749	0.00954	0.01590	0.00954	0.01272	0.02385	0.00318	0.73123	0.00636	0.00318	0.00795
27	0.13795	0.01260	0.01602	0.01247	0.01794	0.01146	0.01030	0.03349	0.01964	0.61154	0.02612	0.02296	0.01660	0.00869	0.00692	0.00225	0.00611	0.00684	0.00838	0.01175
28	0.01434	0.00807	0.00853	0.00807	0.00996	0.00835	0.00605	0.07466	0.01629	0.02697	0.02282	0.02815	0.01874	0.07669	0.05296	0.00284	0.00514	0.00716	0.59719	0.00704
29	0.02843	0.01144	0.01553	0.01222	0.01711	0.00997	0.00997	0.03136	0.02076	0.57767	0.15366	0.03028	0.02748	0.01010	0.00755	0.00226	0.00567	0.00840	0.00881	0.01134
30	0.00952	0.00727	0.00849	0.00840	0.01012	0.00651	0.00607	0.01179	0.01741	0.02296	0.32544	0.11747	0.31171	0.09079	0.01152	0.00289	0.00396	0.01439	0.00704	0.00624
31	0.01799	0.01727	0.02950	0.04462	0.69919	0.01727	0.02231	0.02231	0.01655	0.02375	0.01367	0.01799	0.01151	0.00648	0.00720	0.00216	0.00864	0.00648	0.00360	0.01151
32	0.01402	0.00996	0.01052	0.00984	0.01128	0.04630	0.00684	0.07442	0.01464	0.03893	0.02289	0.03658	0.03946	0.36783	0.13491	0.00595	0.00874	0.00887	0.13170	0.00633
33	0.00985	0.00711	0.00902	0.01021	0.01099	0.00680	0.00693	0.04331	0.01492	0.01978	0.03998	0.63820	0.07988	0.05301	0.01034	0.00306	0.00450	0.01924	0.00667	0.00617
34	0.72433	0.01339	0.01033	0.00930	0.01355	0.01543	0.00762	0.02096	0.01263	0.03211	0.01136	0.01321	0.00886	0.00691	0.00455	0.00220	0.00542	0.00420	0.07588	0.00777
35	0.04235	0.09690	0.15823	0.03060	0.32162	0.08475	0.08772	0.02378	0.04431	0.02288	0.01362	0.01674	0.01093	0.00674	0.00689	0.00214	0.00953	0.00605	0.00366	0.01056

[dist]
# distance from previous block
# <min> <max>
1	3

[block]
# block no. 2 follows, 28 sequences, length 29
# corresponding to MSA columns:
# 342-370
name=unknown_C
#
# <colnr> <probs for GDERKNQSTAVLIFYWHMCP>
#	G	D	E	R	K	N	Q	S	T	A	V	L	I	F	Y	W	H	M	C	P
0	0.31458	0.25717	0.02250	0.01324	0.01807	0.23036	0.01120	0.02380	0.01562	0.02316	0.01045	0.01215	0.00879	0.00680	0.00517	0.00191	0.00857	0.00414	0.00382	0.00851
1	0.01112	0.03884	0.01331	0.01109	0.01338	0.00855	0.05566	0.01431	0.01868	0.02613	0.47251	0.16879	0.05582	0.01484	0.00840	0.00233	0.00447	0.01337	0.00710	0.04130
2	0.01057	0.00705	0.00793	0.00793	0.00793	0.00705	0.00440	0.01057	0.01057	0.01409	0.02290	0.04757	0.02643	0.74454	0.03700	0.00705	0.00705	0.01057	0.00440	0.00440
3	0.01013	0.00773	0.00935	0.00900	0.01095	0.00714	0.00672	0.01383	0.05011	0.02617	0.46816	0.09336	0.22850	0.01597	0.00856	0.00237	0.00364	0.01389	0.00758	0.00684
4	0.56137	0.04366	0.01291	0.01034	0.01475	0.01554	0.00851	0.05471	0.01447	0.11136	0.01328	0.01474	0.00999	0.00830	0.00649	0.05142	0.00587	0.00470	0.02922	0.00836
5	0.02715	0.03464	0.02060	0.01873	0.02247	0.71536	0.01404	0.02903	0.02060	0.01779	0.01124	0.01311	0.00936	0.00749	0.00655	0.00187	0.01311	0.00468	0.00375	0.00843
6	0.02822	0.01942	0.02123	0.01628	0.02207	0.02115	0.01345	0.59989	0.03261	0.12309	0.01877	0.01831	0.01302	0.00876	0.00728	0.00219	0.00779	0.00663	0.00747	0.01236
7	0.00886	0.00633	0.00843	0.01012	0.01054	0.00590	0.00675	0.01012	0.01392	0.01856	0.04006	0.73979	0.04808	0.02277	0.00928	0.00295	0.00422	0.02066	0.00675	0.00590
8	0.00905	0.00738	0.00800	0.00784	0.01010	0.00633	0.00588	0.01132	0.01765	0.02220	0.24130	0.06573	0.52698	0.01745	0.00859	0.00241	0.00361	0.01475	0.00709	0.00633
9	0.02712	0.02010	0.02153	0.01662	0.02235	0.02230	0.01369	0.64065	0.06932	0.04498	0.01811	0.01797	0.01289	0.00879	0.00728	0.00220	0.00788	0.00663	0.00728	0.01232
10	0.01070	0.00704	0.00788	0.00788	0.00795	0.00704	0.00443	0.01084	0.01077	0.01465	0.02294	0.04670	0.02610	0.71325	0.03564	0.00682	0.00689	0.01041	0.03758	0.00451
11	0.01038	0.00779	0.01168	0.01168	0.01298	0.00909	0.00909	0.01298	0.01168	0.01687	0.01947	0.02856	0.01817	0.05452	0.71573	0.01168	0.01947	0.00779	0.00389	0.00649
12	0.03175	0.01375	0.01772	0.01359	0.01924	0.01273	0.01122	0.14567	0.02311	0.59073	0.02674	0.02348	0.01702	0.00895	0.00730	0.00224	0.00650	0.00718	0.00870	0.01237
13	0.01799	0.01727	0.02950	0.04462	0.69919	0.01727	0.02231	0.02231	0.01655	0.02375	0.01367	0.01799	0.01151	0.00648	0.00720	0.00216	0.00864	0.00648	0.00360	0.01151
14	0.01355	0.00678	0.00678	0.00678	0.00847	0.00678	0.00508	0.01694	0.01524	0.02710	0.02371	0.02710	0.01863	0.00847	0.00508	0.00169	0.00339	0.00678	0.78489	0.00678
15	0.79588	0.01406	0.01068	0.00956	0.01406	0.01631	0.00787	0.02137	0.01237	0.03261	0.01012	0.01181	0.00787	0.00675	0.00450	0.00225	0.00562	0.00394	0.00450	0.00787
16	0.02477	0.02105	0.01915	0.01560	0.02037	0.15908	0.01249	0.42177	0.05432	0.03635	0.02053	0.02090	0.05266	0.00906	0.00701	0.00210	0.00827	0.00677	0.07706	0.01067
17	0.01107	0.00791	0.01096	0.01252	0.01394	0.00780	0.01047	0.01401	0.01638	0.02151	0.07354	0.21067	0.04448	0.02034	0.00981	0.00321	0.00603	0.49201	0.00677	0.00655
18	0.01512	0.11631	0.63287	0.01980	0.03004	0.01820	0.02526	0.02288	0.01528	0.02237	0.01272	0.01494	0.00922	0.00683	0.00666	0.00222	0.01041	0.00521	0.00307	0.01059
19	0.01959	0.68668	0.06458	0.01307	0.01936	0.06018	0.01310	0.02215	0.01506	0.01738	0.01028	0.01188	0.00933	0.00631	0.00484	0.00160	0.00814	0.00398	0.00314	0.00934
20	0.05973	0.01855	0.01963	0.01529	0.02058	0.02049	0.01257	0.57210	0.03109	0.04312	0.01784	0.01829	0.01287	0.00861	0.00690	0.00213	0.00737	0.00646	0.09484	0.01153
21	0.00927	0.00673	0.00905	0.03899	0.01202	0.00646	0.00716	0.01078	0.01429	0.01916	0.09111	0.61455	0.04692	0.06366	0.01076	0.00312	0.00454	0.01889	0.00657	0.00598
22	0.00989	0.00785	0.01195	0.09217	0.01660	0.00779	0.04717	0.01184	0.01418	0.01883	0.03552	0.61649	0.04158	0.02005	0.00901	0.00286	0.00530	0.01836	0.00617	0.00638
23	0.01394	0.00880	0.01132	0.01035	0.01278	0.00828	0.00812	0.05194	0.02079	0.10889	0.48886	0.05221	0.08269	0.01450	0.00850	0.00239	0.00434	0.07564	0.00790	0.00776
24	0.01057	0.00705	0.00793	0.00793	0.00793	0.00705	0.00440	0.01057	0.01057	0.01409	0.02290	0.04757	0.02643	0.74454	0.03700	0.00705	0.00705	0.01057	0.00440	0.00440
25	0.02131	0.27066	0.02602	0.01690	0.04943	0.31317	0.01341	0.02354	0.01705	0.01828	0.04382	0.01596	0.01279	0.01060	0.04907	0.00249	0.07795	0.00523	0.00368	0.00863
26	0.05383	0.01751	0.07301	0.18821	0.45200	0.01699	0.02103	0.02217	0.04317	0.02327	0.01395	0.01819	0.01122	0.00683	0.00707	0.00224	0.00875	0.00635	0.00368	0.01054
27	0.00950	0.00730	0.01048	0.01117	0.01226	0.00678	0.04380	0.01128	0.01472	0.01949	0.06699	0.58503	0.09795	0.02105	0.00920	0.00288	0.00472	0.05257	0.00662	0.00622
28	0.01484	0.01427	0.07201	0.06853	0.01988	0.01225	0.03011	0.04455	0.05253	0.02362	0.03636	0.04867	0.01628	0.06177	0.00992	0.00222	0.06434	0.00677	0.09458	0.30650

[dist]
# distance from previous block
# <min> <max>
0	2

[block]
# block no. 3 follows, 28 sequences, length 31
# corresponding to MSA columns:
# 373-403
name=unknown_D
#
# <colnr> <probs for GDERKNQSTAVLIFYWHMCP>
#	G	D	E	R	K	N	Q	S	T	A	V	L	I	F	Y	W	H	M	C	P
0	0.12346	0.11728	0.30413	0.02175	0.12835	0.01834	0.06297	0.03938	0.01577	0.02442	0.04416	0.01697	0.01237	0.00730	0.00713	0.00222	0.03447	0.00580	0.00374	0.00999
1	0.01470	0.01392	0.02356	0.57091	0.19859	0.01641	0.02067	0.01943	0.01500	0.01976	0.01309	0.01906	0.01011	0.00709	0.00725	0.00236	0.00945	0.00646	0.00331	0.00886
2	0.02715	0.03464	0.02060	0.01873	0.02247	0.71536	0.01404	0.02903	0.02060	0.01779	0.01124	0.01311	0.00936	0.00749	0.00655	0.00187	0.01311	0.00468	0.00375	0.00843
3	0.00998	0.00810	0.00970	0.06253	0.01358	0.00760	0.00737	0.01334	0.04186	0.02369	0.31228	0.05846	0.37339	0.01587	0.00844	0.00239	0.00411	0.01355	0.00700	0.00676
4	0.01029	0.00743	0.00972	0.00914	0.01086	0.00686	0.00686	0.01372	0.02058	0.02915	0.69536	0.05430	0.06859	0.01486	0.00857	0.00229	0.00343	0.01315	0.00800	0.00686
5	0.02606	0.01958	0.02093	0.01641	0.02194	0.02181	0.01344	0.57027	0.14142	0.04328	0.01945	0.01904	0.01398	0.00891	0.00729	0.00223	0.00763	0.00682	0.00729	0.01222
6	0.01270	0.00635	0.00927	0.00927	0.00939	0.00635	0.00622	0.01003	0.00990	0.01372	0.01346	0.02247	0.01308	0.02399	0.02665	0.72926	0.00609	0.00635	0.06203	0.00343
7	0.02715	0.03464	0.02060	0.01873	0.02247	0.71536	0.01404	0.02903	0.02060	0.01779	0.01124	0.01311	0.00936	0.00749	0.00655	0.00187	0.01311	0.00468	0.00375	0.00843
8	0.03196	0.01341	0.01751	0.01343	0.01908	0.01223	0.01109	0.11891	0.02255	0.61828	0.02721	0.02379	0.01726	0.00896	0.00730	0.00224	0.00642	0.00721	0.00877	0.01237
9	0.00964	0.00702	0.00915	0.00996	0.01112	0.00653	0.00727	0.01191	0.01666	0.02250	0.25783	0.38117	0.10823	0.01949	0.00908	0.00274	0.00421	0.09202	0.00715	0.00633
10	0.00867	0.00732	0.00750	0.00756	0.00989	0.00615	0.00563	0.01054	0.01659	0.01993	0.09465	0.10170	0.64213	0.01849	0.00862	0.00247	0.00370	0.01552	0.00680	0.00615
11	0.05183	0.00842	0.00799	0.00784	0.00955	0.04166	0.00581	0.01676	0.01461	0.02502	0.02100	0.02503	0.01688	0.01053	0.00817	0.10444	0.00435	0.00648	0.60719	0.00644
12	0.66291	0.01376	0.01176	0.01015	0.01484	0.01533	0.00836	0.02382	0.01384	0.14962	0.01335	0.01406	0.00964	0.00714	0.00499	0.00225	0.00572	0.00452	0.00528	0.00866
13	0.01140	0.00900	0.01249	0.01194	0.01265	0.01082	0.00898	0.01310	0.01128	0.01622	0.01869	0.03159	0.01894	0.23734	0.40821	0.00892	0.14005	0.00831	0.00391	0.00617
14	0.03261	0.01237	0.01687	0.01293	0.01856	0.01068	0.01068	0.03543	0.02081	0.70423	0.02868	0.02474	0.01799	0.00900	0.00731	0.00225	0.00619	0.00731	0.00900	0.01237
15	0.01750	0.01979	0.03778	0.02780	0.03358	0.05930	0.51280	0.02254	0.01624	0.02189	0.01355	0.01854	0.01066	0.00743	0.01130	0.00255	0.14584	0.00794	0.00359	0.00938
16	0.02650	0.03356	0.02070	0.01875	0.02228	0.67538	0.01415	0.02836	0.02005	0.01777	0.01114	0.01327	0.00937	0.00779	0.00755	0.00195	0.05452	0.00478	0.00371	0.00840
17	0.79588	0.01406	0.01068	0.00956	0.01406	0.01631	0.00787	0.02137	0.01237	0.03261	0.01012	0.01181	0.00787	0.00675	0.00450	0.00225	0.00562	0.00394	0.00450	0.00787
18	0.03618	0.01634	0.10224	0.51296	0.07486	0.01626	0.04448	0.04104	0.01550	0.02093	0.01418	0.02121	0.01116	0.00772	0.00731	0.00242	0.00956	0.03338	0.00356	0.00869
19	0.73840	0.01393	0.01115	0.00981	0.01440	0.01588	0.00808	0.02243	0.01301	0.08319	0.01152	0.01278	0.00863	0.00692	0.00471	0.00225	0.00567	0.00419	0.00484	0.00821
20	0.01492	0.07541	0.37054	0.02376	0.18366	0.01594	0.02126	0.02096	0.01621	0.02318	0.08165	0.02526	0.04230	0.00869	0.00722	0.00228	0.00886	0.04383	0.00401	0.01006
21	0.01813	0.08870	0.50976	0.01958	0.02854	0.01748	0.02284	0.02410	0.01753	0.07054	0.06351	0.02376	0.04175	0.00962	0.00798	0.00270	0.01011	0.00708	0.00483	0.01148
22	0.03261	0.01237	0.01687	0.01293	0.01856	0.01068	0.01068	0.03543	0.02081	0.70423	0.02868	0.02474	0.01799	0.00900	0.00731	0.00225	0.00619	0.00731	0.00900	0.01237
23	0.00892	0.00737	0.00785	0.00795	0.01020	0.00631	0.00600	0.01097	0.01687	0.02066	0.13403	0.09706	0.57409	0.01831	0.00869	0.00250	0.00382	0.04529	0.00688	0.00623
24	0.05783	0.08800	0.19818	0.01773	0.04217	0.06939	0.07736	0.11636	0.01903	0.11416	0.02042	0.02168	0.06486	0.01097	0.04784	0.00274	0.00946	0.00678	0.00497	0.01008
25	0.01121	0.00795	0.00946	0.00979	0.01066	0.00797	0.00669	0.04008	0.03888	0.01875	0.04961	0.21320	0.06549	0.36881	0.02253	0.00489	0.00607	0.09647	0.00569	0.00580
26	0.01124	0.00773	0.00919	0.00897	0.00945	0.00806	0.00564	0.03858	0.01175	0.01591	0.02205	0.04287	0.02435	0.58888	0.15885	0.00769	0.00934	0.00990	0.00443	0.00511
27	0.01616	0.06630	0.47711	0.02439	0.11336	0.05166	0.10428	0.02320	0.01595	0.02261	0.01310	0.01591	0.00973	0.00675	0.00702	0.00225	0.01064	0.00580	0.00324	0.01054
28	0.01597	0.01592	0.05695	0.40959	0.23242	0.01695	0.02017	0.05186	0.06664	0.02244	0.01461	0.01928	0.01126	0.00729	0.00724	0.00233	0.00906	0.00655	0.00383	0.00965
29	0.01158	0.00827	0.01156	0.01324	0.01485	0.00825	0.01148	0.01483	0.01660	0.02161	0.03856	0.11255	0.04212	0.02021	0.01000	0.00333	0.00658	0.62103	0.00670	0.00666
30	0.05325	0.01487	0.06798	0.16194	0.15663	0.01386	0.11447	0.03546	0.01652	0.02349	0.07076	0.04812	0.11634	0.00959	0.00747	0.00231	0.00778	0.00875	0.06166	0.00876

[dist]
# distance from previous block
# <min> <max>
0	1

[block]
# block no. 4 follows, 28 sequences, length 35
# corresponding to MSA columns:
# 405-439
name=unknown_E
#
# <colnr> <probs for GDERKNQSTAVLIFYWHMCP>
#	G	D	E	R	K	N	Q	S	T	A	V	L	I	F	Y	W	H	M	C	P
0	0.01768	0.17876	0.04031	0.01208	0.01595	0.01479	0.01024	0.08875	0.04749	0.12527	0.11861	0.15265	0.05636	0.03525	0.05096	0.00294	0.00686	0.01003	0.00616	0.00886
1	0.01990	0.01601	0.05621	0.01668	0.07038	0.04405	0.01304	0.13314	0.18432	0.12486	0.06957	0.03606	0.05502	0.01144	0.00785	0.00247	0.00691	0.11503	0.00681	0.01026
2	0.63887	0.01782	0.03227	0.01141	0.01603	0.11381	0.00949	0.04616	0.01439	0.03076	0.01063	0.01229	0.00828	0.00693	0.00495	0.00220	0.00690	0.00418	0.00445	0.00819
