[name]
unknown

[dist]
# distance from previous block
# <min> <max>
0	0

[block]
# block no. 0 follows, 30 sequences, length 13
# corresponding to MSA columns:
# 0-12
name=unknown_A
#
# <colnr> <probs for GDERKNQSTAVLIFYWHMCP>
#	G	D	E	R	K	N	Q	S	T	A	V	L	I	F	Y	W	H	M	C	P
0	0.01124	0.00803	0.01124	0.01285	0.01446	0.00803	0.01124	0.01446	0.01606	0.02088	0.03695	0.07871	0.04016	0.01928	0.00964	0.00321	0.00643	0.66426	0.00643	0.00643
1	0.00997	0.00748	0.01121	0.01121	0.01246	0.00872	0.00872	0.01246	0.01121	0.01620	0.01869	0.02741	0.01745	0.05234	0.72710	0.01121	0.01869	0.00748	0.00374	0.00623
2	0.01647	0.01882	0.04118	0.02941	0.03647	0.01765	0.68588	0.02235	0.01647	0.02235	0.01412	0.01882	0.01059	0.00588	0.00824	0.00235	0.01176	0.00824	0.00353	0.00941
3	0.01187	0.00606	0.00902	0.00913	0.00916	0.00603	0.00609	0.00913	0.00939	0.01252	0.01396	0.07202	0.01449	0.02408	0.02599	0.74162	0.00592	0.00702	0.00327	0.00321
4	0.01318	0.01240	0.02093	0.73798	0.04806	0.01550	0.01938	0.01783	0.01395	0.01783	0.01240	0.01860	0.00930	0.00698	0.00698	0.00233	0.00930	0.00620	0.00310	0.00775
5	0.01727	0.01658	0.02832	0.04283	0.71123	0.01658	0.02142	0.02142	0.01589	0.02280	0.01313	0.01727	0.01105	0.00622	0.00691	0.00207	0.00829	0.00622	0.00345	0.01105
6	0.01015	0.00677	0.00761	0.00761	0.00761	0.00677	0.00423	0.01015	0.01015	0.01353	0.02199	0.04567	0.02537	0.75476	0.03552	0.00677	0.00677	0.01015	0.00423	0.00423
7	0.01554	0.27481	0.49337	0.01726	0.02614	0.01997	0.02121	0.02170	0.01455	0.02022	0.01159	0.01356	0.00888	0.00641	0.00592	0.00197	0.00937	0.00469	0.00296	0.00986
8	0.01015	0.00677	0.00761	0.00761	0.00761	0.00677	0.00423	0.01015	0.01015	0.01353	0.02199	0.04567	0.02537	0.75476	0.03552	0.00677	0.00677	0.01015	0.00423	0.00423
9	0.01015	0.00677	0.00761	0.00761	0.00761	0.00677	0.00423	0.01015	0.01015	0.01353	0.02199	0.04567	0.02537	0.75476	0.03552	0.00677	0.00677	0.01015	0.00423	0.00423
10	0.01400	0.03610	0.71860	0.01989	0.03020	0.01621	0.02578	0.02210	0.01473	0.02210	0.01252	0.01473	0.00884	0.00663	0.00663	0.00221	0.01031	0.00516	0.00295	0.01031
11	0.01422	0.03478	0.67217	0.02143	0.07601	0.01623	0.02549	0.02205	0.01481	0.02215	0.01256	0.01490	0.00899	0.00660	0.00665	0.00220	0.01018	0.00523	0.00298	0.01036
12	0.01727	0.01658	0.02832	0.04283	0.71123	0.01658	0.02142	0.02142	0.01589	0.02280	0.01313	0.01727	0.01105	0.00622	0.00691	0.00207	0.00829	0.00622	0.00345	0.01105

[dist]
# distance from previous block
# <min> <max>
8	23

[block]
# block no. 1 follows, 30 sequences, length 40
# corresponding to MSA columns:
# 37-76
name=unknown_B
#
# <colnr> <probs for GDERKNQSTAVLIFYWHMCP>
#	G	D	E	R	K	N	Q	S	T	A	V	L	I	F	Y	W	H	M	C	P
0	0.04590	0.02120	0.19867	0.01751	0.06483	0.01717	0.01580	0.18365	0.22668	0.10665	0.01993	0.01968	0.01435	0.00809	0.00684	0.00221	0.00747	0.00647	0.00586	0.01103
1	0.61166	0.01362	0.01319	0.04219	0.08916	0.01521	0.00977	0.02185	0.01320	0.09855	0.01197	0.01350	0.00897	0.00669	0.00497	0.00216	0.00591	0.00446	0.00461	0.00837
2	0.07207	0.08767	0.12009	0.07042	0.41188	0.07875	0.01939	0.02176	0.01553	0.02195	0.01226	0.01563	0.01005	0.00639	0.00642	0.00203	0.00871	0.00553	0.00340	0.01008
3	0.00826	0.00702	0.00712	0.00719	0.00946	0.00588	0.00535	0.01000	0.01579	0.01880	0.06925	0.09767	0.67881	0.01786	0.00828	0.00238	0.00356	0.01496	0.00648	0.00588
4	0.04066	0.02538	0.27549	0.02242	0.02979	0.08152	0.29152	0.02353	0.06946	0.02280	0.03963	0.01835	0.01259	0.00687	0.00728	0.00224	0.01033	0.00680	0.00378	0.00958
5	0.01339	0.00702	0.00720	0.00702	0.00878	0.00714	0.00532	0.04073	0.01518	0.02632	0.02240	0.02573	0.01765	0.00972	0.03077	0.00199	0.00397	0.00653	0.73645	0.00669
6	0.01416	0.00723	0.00742	0.00709	0.00901	0.00726	0.00540	0.04531	0.01557	0.04841	0.02266	0.02555	0.01761	0.00816	0.00503	0.00166	0.00352	0.00651	0.73552	0.00690
7	0.02653	0.01955	0.02094	0.01606	0.02164	0.02164	0.01326	0.68796	0.03281	0.04398	0.01675	0.01675	0.01187	0.00838	0.00698	0.00209	0.00768	0.00628	0.00698	0.01187
8	0.02653	0.01955	0.02094	0.01606	0.02164	0.02164	0.01326	0.68796	0.03281	0.04398	0.01675	0.01675	0.01187	0.00838	0.00698	0.00209	0.00768	0.00628	0.00698	0.01187
9	0.80405	0.01350	0.01026	0.00918	0.01350	0.01565	0.00756	0.02051	0.01188	0.03131	0.00972	0.01134	0.00756	0.00648	0.00432	0.00216	0.00540	0.00378	0.00432	0.00756
10	0.01380	0.01303	0.02205	0.63302	0.14820	0.01567	0.01969	0.01837	0.01425	0.01858	0.01251	0.01840	0.00957	0.00686	0.00697	0.00229	0.00915	0.00620	0.00315	0.00825
11	0.80405	0.01350	0.01026	0.00918	0.01350	0.01565	0.00756	0.02051	0.01188	0.03131	0.00972	0.01134	0.00756	0.00648	0.00432	0.00216	0.00540	0.00378	0.00432	0.00756
12	0.01647	0.01577	0.02688	0.17840	0.58189	0.01637	0.02102	0.02072	0.01551	0.02183	0.01299	0.01753	0.01071	0.00637	0.00692	0.00212	0.00849	0.00621	0.00339	0.01041
13	0.00924	0.00700	0.00852	0.00837	0.01009	0.00628	0.00619	0.01185	0.01792	0.02416	0.44514	0.13096	0.25662	0.01610	0.00831	0.00231	0.00345	0.01402	0.00719	0.00628
14	0.01310	0.00820	0.01062	0.00951	0.01176	0.00764	0.00729	0.04321	0.02031	0.11045	0.59847	0.04731	0.05786	0.01336	0.00804	0.00219	0.00379	0.01170	0.00777	0.00743
15	0.00949	0.00774	0.00851	0.00867	0.01068	0.00721	0.00635	0.01332	0.09406	0.02055	0.11103	0.22617	0.41602	0.01746	0.00827	0.00246	0.00387	0.01500	0.00665	0.00649
16	0.80405	0.01350	0.01026	0.00918	0.01350	0.01565	0.00756	0.02051	0.01188	0.03131	0.00972	0.01134	0.00756	0.00648	0.00432	0.00216	0.00540	0.00378	0.00432	0.00756
17	0.01747	0.01116	0.01175	0.01002	0.01286	0.01190	0.00777	0.25358	0.02056	0.03095	0.02055	0.02499	0.01661	0.09402	0.00914	0.00238	0.00522	0.00684	0.42409	0.00814
18	0.04260	0.54871	0.05990	0.01423	0.02009	0.11111	0.05932	0.04056	0.01549	0.01834	0.01045	0.01219	0.00911	0.00622	0.00511	0.00165	0.00844	0.00426	0.00325	0.00897
19	0.01842	0.72235	0.07110	0.01234	0.01853	0.02703	0.01264	0.02096	0.01421	0.01671	0.00984	0.01137	0.00895	0.00600	0.00459	0.00153	0.00761	0.00380	0.00298	0.00902
20	0.80405	0.01350	0.01026	0.00918	0.01350	0.01565	0.00756	0.02051	0.01188	0.03131	0.00972	0.01134	0.00756	0.00648	0.00432	0.00216	0.00540	0.00378	0.00432	0.00756
21	0.05314	0.01552	0.01681	0.01425	0.01835	0.01763	0.01137	0.21644	0.37232	0.05727	0.07423	0.02413	0.02065	0.00950	0.00783	0.00230	0.04326	0.00750	0.00684	0.01065
22	0.01311	0.00785	0.01036	0.00933	0.01154	0.00714	0.00714	0.01632	0.01979	0.13188	0.60487	0.04784	0.05851	0.01342	0.00805	0.00219	0.00369	0.01177	0.00783	0.00738
23	0.02496	0.01847	0.01925	0.01502	0.02009	0.04168	0.01231	0.59038	0.03032	0.04108	0.01726	0.01769	0.01247	0.00831	0.00672	0.00203	0.00732	0.00625	0.09726	0.01113
24	0.00904	0.00634	0.00789	0.00891	0.00926	0.00604	0.00568	0.00987	0.01240	0.01644	0.03432	0.48876	0.06632	0.26463	0.01770	0.00412	0.00493	0.01642	0.00573	0.00520
25	0.00868	0.00619	0.00800	0.00938	0.00981	0.00580	0.00618	0.00978	0.01308	0.01736	0.03772	0.64485	0.06741	0.10593	0.01194	0.00327	0.00434	0.01854	0.00622	0.00551
26	0.01866	0.75896	0.03657	0.01194	0.01791	0.02761	0.01194	0.02090	0.01418	0.01642	0.00970	0.01119	0.00896	0.00597	0.00448	0.00149	0.00746	0.00373	0.00299	0.00896
27	0.01318	0.01240	0.02093	0.73798	0.04806	0.01550	0.01938	0.01783	0.01395	0.01783	0.01240	0.01860	0.00930	0.00698	0.00698	0.00233	0.00930	0.00620	0.00310	0.00775
28	0.72451	0.01379	0.01098	0.00975	0.01408	0.01596	0.00798	0.04309	0.06019	0.03157	0.01124	0.01253	0.00865	0.00675	0.00460	0.00217	0.00548	0.00414	0.00460	0.00794
29	0.00872	0.00630	0.00796	0.00913	0.00974	0.00586	0.00607	0.00991	0.01344	0.01770	0.06008	0.56475	0.11898	0.11207	0.01211	0.00325	0.00430	0.01784	0.00623	0.00554
30	0.01868	0.01971	0.02706	0.03528	0.47964	0.14829	0.06553	0.02229	0.01622	0.02121	0.01243	0.01635	0.01048	0.00687	0.00821	0.00212	0.07004	0.00603	0.00345	0.01011
31	0.00998	0.00669	0.00766	0.00783	0.00787	0.00665	0.00446	0.01010	0.01048	0.01397	0.02367	0.11757	0.02749	0.67996	0.03280	0.00636	0.00649	0.01114	0.00446	0.00438
32	0.02432	0.13399	0.02243	0.01690	0.02083	0.48962	0.01336	0.10876	0.01998	0.02033	0.01127	0.01309	0.00936	0.00751	0.00727	0.00188	0.06183	0.00472	0.00389	0.00865
33	0.01260	0.00939	0.01250	0.06154	0.01519	0.01062	0.00914	0.10886	0.01426	0.01970	0.01869	0.02923	0.01780	0.19501	0.42449	0.00833	0.01388	0.00780	0.00426	0.00671
34	0.51501	0.01440	0.01340	0.01110	0.01586	0.01588	0.00915	0.15411	0.01742	0.15447	0.01424	0.01459	0.01012	0.00723	0.00532	0.00215	0.00594	0.00484	0.00560	0.00917
35	0.01015	0.00677	0.00761	0.00761	0.00761	0.00677	0.00423	0.01015	0.01015	0.01353	0.02199	0.04567	0.02537	0.75476	0.03552	0.00677	0.00677	0.01015	0.00423	0.00423
36	0.01573	0.01727	0.03600	0.05659	0.03366	0.01612	0.55622	0.02105	0.01601	0.02197	0.01511	0.05542	0.01231	0.00667	0.00791	0.00225	0.01062	0.00833	0.00372	0.08704
37	0.02937	0.01194	0.01600	0.01218	0.01767	0.01015	0.01003	0.03212	0.01934	0.63639	0.02579	0.02269	0.01648	0.00824	0.00680	0.00203	0.00585	0.00669	0.00812	0.10215
38	0.01527	0.01527	0.02137	0.01832	0.01832	0.02137	0.01527	0.01679	0.01069	0.01679	0.00916	0.01527	0.00916	0.01221	0.02290	0.00305	0.74198	0.00611	0.00305	0.00763
39	0.02576	0.01917	0.02051	0.01590	0.02135	0.02128	0.01308	0.63381	0.08820	0.04275	0.01772	0.01753	0.01265	0.00847	0.00699	0.00212	0.00750	0.00642	0.00699	0.01180

[dist]
# distance from previous block
# <min> <max>
0	1

[block]
# block no. 2 follows, 30 sequences, length 27
# corresponding to MSA columns:
# 78-104
name=unknown_C
#
# <colnr> <probs for GDERKNQSTAVLIFYWHMCP>
#	G	D	E	R	K	N	Q	S	T	A	V	L	I	F	Y	W	H	M	C	P
0	0.02650	0.02033	0.02088	0.01617	0.02164	0.06176	0.01328	0.65040	0.03207	0.04245	0.01641	0.01652	0.01170	0.00831	0.00694	0.00208	0.00796	0.00618	0.00679	0.01165
1	0.01085	0.00732	0.00961	0.00899	0.01077	0.00673	0.00676	0.01404	0.01954	0.06056	0.65145	0.07533	0.06283	0.01426	0.00820	0.00222	0.00345	0.01261	0.00769	0.00681
2	0.00966	0.00694	0.00892	0.01012	0.01086	0.00669	0.00691	0.05324	0.01461	0.01949	0.03707	0.70314	0.04395	0.02100	0.00878	0.00279	0.00428	0.01897	0.00651	0.00607
3	0.01052	0.00748	0.00884	0.00865	0.00867	0.00800	0.00530	0.01071	0.01034	0.01401	0.02161	0.07505	0.02489	0.65610	0.03320	0.00626	0.07131	0.01023	0.00423	0.00459
4	0.00855	0.00616	0.00810	0.00956	0.01010	0.00571	0.00643	0.00987	0.01373	0.01826	0.06657	0.69259	0.07577	0.02138	0.00885	0.00279	0.00400	0.01933	0.00653	0.00571
5	0.01636	0.01851	0.03943	0.02844	0.03487	0.01797	0.62690	0.02186	0.01596	0.02186	0.01368	0.01851	0.01046	0.00644	0.00953	0.00241	0.07599	0.00805	0.00349	0.00926
6	0.01538	0.01677	0.03450	0.02558	0.03096	0.01657	0.51489	0.02021	0.01550	0.02123	0.01677	0.08560	0.01496	0.00867	0.01009	0.00252	0.09680	0.04040	0.00387	0.00873
7	0.00850	0.00607	0.00810	0.00972	0.01012	0.00567	0.00648	0.00972	0.01336	0.01781	0.03846	0.75020	0.04615	0.02186	0.00891	0.00283	0.00405	0.01984	0.00648	0.00567
8	0.01727	0.01658	0.02832	0.04283	0.71123	0.01658	0.02142	0.02142	0.01589	0.02280	0.01313	0.01727	0.01105	0.00622	0.00691	0.00207	0.00829	0.00622	0.00345	0.01105
9	0.01647	0.01882	0.04118	0.02941	0.03647	0.01765	0.68588	0.02235	0.01647	0.02235	0.01412	0.01882	0.01059	0.00588	0.00824	0.00235	0.01176	0.00824	0.00353	0.00941
10	0.01318	0.01240	0.02093	0.73798	0.04806	0.01550	0.01938	0.01783	0.01395	0.01783	0.01240	0.01860	0.00930	0.00698	0.00698	0.00233	0.00930	0.00620	0.00310	0.00775
11	0.02607	0.03326	0.01978	0.01798	0.02157	0.72674	0.01348	0.02787	0.01978	0.01708	0.01079	0.01258	0.00899	0.00719	0.00629	0.00180	0.01258	0.00449	0.00360	0.00809
12	0.01003	0.00681	0.00805	0.00814	0.00830	0.00692	0.00486	0.01038	0.01045	0.01408	0.02255	0.08369	0.02566	0.63368	0.11215	0.00704	0.00796	0.01040	0.00430	0.00454
13	0.00850	0.00607	0.00810	0.00972	0.01012	0.00567	0.00648	0.00972	0.01336	0.01781	0.03846	0.75020	0.04615	0.02186	0.00891	0.00283	0.00405	0.01984	0.00648	0.00567
14	0.00975	0.00704	0.00922	0.00886	0.01040	0.00650	0.00657	0.01286	0.01918	0.02707	0.64765	0.11461	0.06408	0.01495	0.00829	0.00225	0.00336	0.01327	0.00757	0.00650
15	0.01835	0.01548	0.01634	0.01440	0.01852	0.01782	0.01129	0.10754	0.62654	0.03079	0.02714	0.02503	0.02028	0.00935	0.00709	0.00234	0.00576	0.00772	0.00709	0.01113
16	0.00932	0.00711	0.00856	0.00820	0.01009	0.00635	0.00615	0.01210	0.01845	0.02488	0.49137	0.05723	0.28395	0.01542	0.00824	0.00225	0.00337	0.01334	0.00727	0.00635
17	0.80405	0.01350	0.01026	0.00918	0.01350	0.01565	0.00756	0.02051	0.01188	0.03131	0.00972	0.01134	0.00756	0.00648	0.00432	0.00216	0.00540	0.00378	0.00432	0.00756
18	0.03958	0.05552	0.62149	0.02051	0.05227	0.01661	0.05499	0.02200	0.01474	0.02226	0.01244	0.01479	0.00896	0.00656	0.00657	0.00219	0.01007	0.00525	0.00304	0.01017
19	0.01866	0.75896	0.03657	0.01194	0.01791	0.02761	0.01194	0.02090	0.01418	0.01642	0.00970	0.01119	0.00896	0.00597	0.00448	0.00149	0.00746	0.00373	0.00299	0.00896
20	0.01373	0.03424	0.67309	0.01918	0.02893	0.01559	0.02455	0.02153	0.01506	0.02248	0.05712	0.01713	0.01250	0.00712	0.00673	0.00221	0.00986	0.00564	0.00325	0.01007
21	0.01625	0.02034	0.10076	0.02857	0.03592	0.01752	0.62783	0.02233	0.01632	0.02233	0.01398	0.01846	0.01043	0.00595	0.00809	0.00234	0.01164	0.00796	0.00348	0.00949
22	0.00891	0.00700	0.00809	0.00834	0.01015	0.00618	0.00624	0.01107	0.01645	0.02106	0.21827	0.17306	0.39676	0.01763	0.00845	0.00246	0.00377	0.06328	0.00677	0.00606
23	0.02547	0.01732	0.01914	0.01494	0.02029	0.01860	0.01223	0.45836	0.12357	0.15141	0.01997	0.01911	0.01401	0.00843	0.00692	0.00210	0.00697	0.00653	0.00714	0.04750
24	0.01663	0.01292	0.01496	0.01132	0.01682	0.01103	0.00901	0.11429	0.03725	0.06136	0.01657	0.08032	0.01438	0.00740	0.00591	0.00144	0.00548	0.00608	0.00507	0.55175
25	0.01647	0.01882	0.04118	0.02941	0.03647	0.01765	0.68588	0.02235	0.01647	0.02235	0.01412	0.01882	0.01059	0.00588	0.00824	0.00235	0.01176	0.00824	0.00353	0.00941
26	0.01718	0.01644	0.03041	0.02565	0.12723	0.01606	0.35152	0.07477	0.01708	0.05535	0.01638	0.07913	0.01392	0.00794	0.00864	0.00226	0.05636	0.00824	0.00430	0.07111

[dist]
# distance from previous block
# <min> <max>
0	1

[block]
# block no. 3 follows, 30 sequences, length 13
# corresponding to MSA columns:
# 106-118
name=unknown_D
#
# <colnr> <probs for GDERKNQSTAVLIFYWHMCP>
#	G	D	E	R	K	N	Q	S	T	A	V	L	I	F	Y	W	H	M	C	P
0	0.20784	0.01369	0.01572	0.01235	0.01754	0.01363	0.01020	0.15358	0.02052	0.43277	0.02142	0.01959	0.01403	0.00809	0.00639	0.00215	0.00614	0.00614	0.00733	0.01088
1	0.01024	0.00754	0.01008	0.05207	0.01353	0.00744	0.00854	0.01273	0.01564	0.02079	0.19107	0.16397	0.10065	0.10965	0.01217	0.00324	0.00531	0.24297	0.00626	0.00611
2	0.01270	0.00657	0.00678	0.00673	0.00836	0.00651	0.00505	0.01596	0.01514	0.02621	0.09001	0.02858	0.02260	0.00873	0.00521	0.00168	0.00326	0.00710	0.71633	0.00651
3	0.00850	0.00607	0.00810	0.00972	0.01012	0.00567	0.00648	0.00972	0.01336	0.01781	0.03846	0.75020	0.04615	0.02186	0.00891	0.00283	0.00405	0.01984	0.00648	0.00567
4	0.01727	0.01658	0.02832	0.04283	0.71123	0.01658	0.02142	0.02142	0.01589	0.02280	0.01313	0.01727	0.01105	0.00622	0.00691	0.00207	0.00829	0.00622	0.00345	0.01105
5	0.00959	0.00712	0.00894	0.00848	0.01025	0.00646	0.00636	0.01262	0.01908	0.02640	0.59690	0.05474	0.17748	0.01486	0.00823	0.00222	0.00333	0.01299	0.00747	0.00646
6	0.01013	0.00682	0.00789	0.00789	0.00799	0.00692	0.00458	0.01033	0.01023	0.01374	0.02173	0.04424	0.02475	0.70007	0.08936	0.00711	0.00769	0.00994	0.00419	0.00438
7	0.01866	0.75896	0.03657	0.01194	0.01791	0.02761	0.01194	0.02090	0.01418	0.01642	0.00970	0.01119	0.00896	0.00597	0.00448	0.00149	0.00746	0.00373	0.00299	0.00896
8	0.00850	0.00607	0.00810	0.00972	0.01012	0.00567	0.00648	0.00972	0.01336	0.01781	0.03846	0.75020	0.04615	0.02186	0.00891	0.00283	0.00405	0.01984	0.00648	0.00567
9	0.01836	0.71228	0.08060	0.01245	0.01870	0.02688	0.01283	0.02097	0.01421	0.01678	0.00988	0.01142	0.00895	0.00601	0.00462	0.00154	0.00765	0.00382	0.00298	0.00904
10	0.01658	0.01588	0.02708	0.15989	0.59956	0.01640	0.02107	0.02081	0.01556	0.02196	0.01300	0.01750	0.01076	0.00635	0.00692	0.00212	0.00846	0.00621	0.00339	0.01050
11	0.01330	0.00978	0.01279	0.09056	0.01802	0.01027	0.01094	0.01946	0.13797	0.06384	0.11740	0.05531	0.09359	0.01482	0.00845	0.00270	0.00591	0.30074	0.00648	0.00769
12	0.01519	0.02104	0.17416	0.02556	0.03262	0.01618	0.48641	0.02106	0.01582	0.02186	0.01619	0.08982	0.01373	0.00760	0.00798	0.00237	0.01072	0.00876	0.00370	0.00923

[dist]
# distance from previous block
# <min> <max>
5	7

[block]
# block no. 4 follows, 30 sequences, length 66
# corresponding to MSA columns:
# 127-192
name=unknown_E
#
# <colnr> <probs for GDERKNQSTAVLIFYWHMCP>
#	G	D	E	R	K	N	Q	S	T	A	V	L	I	F	Y	W	H	M	C	P
0	0.02152	0.01625	0.01804	0.01586	0.04760	0.01805	0.01221	0.26919	0.36007	0.08588	0.02378	0.02374	0.01775	0.00917	0.00712	0.00227	0.00647	0.02675	0.00700	0.01127
1	0.02284	0.01627	0.01784	0.01445	0.01932	0.01765	0.01172	0.35211	0.22675	0.11555	0.02399	0.02390	0.04361	0.00928	0.00708	0.00219	0.00656	0.02469	0.00708	0.03712
2	0.02372	0.01625	0.01797	0.01414	0.01899	0.01739	0.01155	0.46673	0.05068	0.12125	0.09761	0.02526	0.06698	0.00973	0.00721	0.00214	0.00663	0.00770	0.00723	0.01085
3	0.01447	0.01240	0.01447	0.01034	0.01654	0.00930	0.00827	0.01757	0.01447	0.02274	0.01240	0.01447	0.01034	0.00517	0.00517	0.00103	0.00517	0.00413	0.00413	0.79742
4	0.01703	0.50606	0.27518	0.01472	0.02221	0.02362	0.01678	0.02132	0.01437	0.01841	0.01069	0.01243	0.00891	0.00620	0.00523	0.00174	0.00846	0.00423	0.00297	0.00943
5	0.01301	0.00650	0.00650	0.00650	0.00813	0.00650	0.00488	0.01626	0.01463	0.02602	0.02276	0.02602	0.01789	0.00813	0.00488	0.00163	0.00325	0.00650	0.79350	0.00650
6	0.00856	0.00701	0.00747	0.00748	0.00955	0.00601	0.00551	0.01045	0.01613	0.01993	0.15850	0.10177	0.55747	0.04180	0.00918	0.00251	0.00363	0.01455	0.00658	0.00592
7	0.45678	0.01562	0.02309	0.01756	0.02303	0.01629	0.28502	0.02171	0.01402	0.04999	0.01210	0.01480	0.00911	0.00630	0.00601	0.00224	0.00802	0.00571	0.00414	0.00846
8	0.00825	0.00707	0.00707	0.00707	0.00943	0.00589	0.00530	0.01001	0.01591	0.01885	0.07069	0.06716	0.70839	0.01767	0.00825	0.00236	0.00353	0.01473	0.00648	0.00589
9	0.00850	0.00607	0.00810	0.00972	0.01012	0.00567	0.00648	0.00972	0.01336	0.01781	0.03846	0.75020	0.04615	0.02186	0.00891	0.00283	0.00405	0.01984	0.00648	0.00567
10	0.01318	0.01240	0.02093	0.73798	0.04806	0.01550	0.01938	0.01783	0.01395	0.01783	0.01240	0.01860	0.00930	0.00698	0.00698	0.00233	0.00930	0.00620	0.00310	0.00775
11	0.00846	0.00708	0.00736	0.00729	0.00956	0.00598	0.00547	0.01043	0.01641	0.02004	0.15385	0.06519	0.62450	0.01723	0.00825	0.00234	0.00350	0.01445	0.00664	0.00598
12	0.01015	0.00677	0.00761	0.00761	0.00761	0.00677	0.00423	0.01015	0.01015	0.01353	0.02199	0.04567	0.02537	0.75476	0.03552	0.00677	0.00677	0.01015	0.00423	0.00423
13	0.01736	0.01499	0.01578	0.01420	0.01815	0.01736	0.01105	0.03708	0.69862	0.02919	0.02840	0.02604	0.02130	0.00947	0.00710	0.00237	0.00552	0.00789	0.00710	0.01105
14	0.02552	0.08898	0.02116	0.01738	0.02129	0.62665	0.01335	0.06997	0.02018	0.01877	0.01109	0.01275	0.00917	0.00717	0.00620	0.00179	0.01187	0.00455	0.00377	0.00840
15	0.01660	0.07643	0.04016	0.02768	0.03442	0.01855	0.61102	0.02205	0.01610	0.02171	0.01361	0.01811	0.01041	0.00610	0.00843	0.00231	0.03571	0.00781	0.00347	0.00932
16	0.01015	0.00677	0.00761	0.00761	0.00761	0.00677	0.00423	0.01015	0.01015	0.01353	0.02199	0.04567	0.02537	0.75476	0.03552	0.00677	0.00677	0.01015	0.00423	0.00423
17	0.01447	0.01240	0.01447	0.01034	0.01654	0.00930	0.00827	0.01757	0.01447	0.02274	0.01240	0.01447	0.01034	0.00517	0.00517	0.00103	0.00517	0.00413	0.00413	0.79742
18	0.01432	0.03336	0.61609	0.02088	0.03042	0.01657	0.09833	0.02192	0.01476	0.02192	0.01257	0.01521	0.00905	0.00677	0.00745	0.00226	0.03948	0.00553	0.00302	0.01011
19	0.03131	0.01188	0.01619	0.01242	0.01781	0.01026	0.01026	0.03401	0.01997	0.71606	0.02753	0.02375	0.01727	0.00864	0.00702	0.00216	0.00594	0.00702	0.00864	0.01188
20	0.01727	0.01652	0.02781	0.04166	0.68289	0.01661	0.02099	0.02206	0.04380	0.02306	0.01375	0.01763	0.01147	0.00635	0.00692	0.00208	0.00818	0.00629	0.00360	0.01105
21	0.00825	0.00707	0.00707	0.00707	0.00943	0.00589	0.00530	0.01001	0.01591	0.01885	0.07069	0.06716	0.70839	0.01767	0.00825	0.00236	0.00353	0.01473	0.00648	0.00589
22	0.01736	0.01499	0.01578	0.01420	0.01815	0.01736	0.01105	0.03708	0.69862	0.02919	0.02840	0.02604	0.02130	0.00947	0.00710	0.00237	0.00552	0.00789	0.00710	0.01105
23	0.02653	0.01955	0.02094	0.01606	0.02164	0.02164	0.01326	0.68796	0.03281	0.04398	0.01675	0.01675	0.01187	0.00838	0.00698	0.00209	0.00768	0.00628	0.00698	0.01187
24	0.01015	0.00677	0.00761	0.00761	0.00761	0.00677	0.00423	0.01015	0.01015	0.01353	0.02199	0.04567	0.02537	0.75476	0.03552	0.00677	0.00677	0.01015	0.00423	0.00423
25	0.00997	0.00722	0.00912	0.01005	0.01101	0.00697	0.00696	0.06282	0.01533	0.02045	0.07479	0.62677	0.07164	0.02022	0.00869	0.00272	0.00427	0.01818	0.00658	0.00621
26	0.00988	0.00713	0.00933	0.00878	0.01043	0.00658	0.00658	0.01317	0.01975	0.02798	0.70754	0.05213	0.06584	0.01427	0.00823	0.00219	0.00329	0.01262	0.00768	0.00658
27	0.00865	0.00613	0.00805	0.00953	0.00990	0.00576	0.00628	0.00975	0.01308	0.01744	0.03701	0.68813	0.04432	0.08644	0.01125	0.00318	0.00429	0.01898	0.00628	0.00554
28	0.01400	0.03610	0.71860	0.01989	0.03020	0.01621	0.02578	0.02210	0.01473	0.02210	0.01252	0.01473	0.00884	0.00663	0.00663	0.00221	0.01031	0.00516	0.00295	0.01031
29	0.01400	0.03610	0.71860	0.01989	0.03020	0.01621	0.02578	0.02210	0.01473	0.02210	0.01252	0.01473	0.00884	0.00663	0.00663	0.00221	0.01031	0.00516	0.00295	0.01031
30	0.02585	0.01067	0.01444	0.01149	0.01593	0.00932	0.00932	0.02870	0.01992	0.54072	0.20081	0.03098	0.02965	0.01007	0.00733	0.00217	0.00526	0.00845	0.00839	0.01053
31	0.01447	0.01240	0.01447	0.01034	0.01654	0.00930	0.00827	0.01757	0.01447	0.02274	0.01240	0.01447	0.01034	0.00517	0.00517	0.00103	0.00517	0.00413	0.00413	0.79742
32	0.01447	0.01240	0.01447	0.01034	0.01654	0.00930	0.00827	0.01757	0.01447	0.02274	0.01240	0.01447	0.01034	0.00517	0.00517	0.00103	0.00517	0.00413	0.00413	0.79742
33	0.00829	0.00690	0.00725	0.00753	0.00955	0.00585	0.00551	0.00996	0.01546	0.01867	0.06508	0.18605	0.59312	0.01840	0.00836	0.00244	0.00362	0.01562	0.00648	0.00585
34	0.00853	0.00616	0.00808	0.00954	0.01009	0.00571	0.00642	0.00984	0.01370	0.01820	0.06167	0.69036	0.08312	0.02139	0.00885	0.00279	0.00400	0.01933	0.00652	0.00571
35	0.00859	0.00611	0.00807	0.00960	0.00998	0.00573	0.00635	0.00974	0.01318	0.01758	0.03756	0.71155	0.04501	0.06207	0.01037	0.00305	0.00420	0.01931	0.00635	0.00559
36	0.00825	0.00707	0.00707	0.00707	0.00943	0.00589	0.00530	0.01001	0.01591	0.01885	0.07069	0.06716	0.70839	0.01767	0.00825	0.00236	0.00353	0.01473	0.00648	0.00589
37	0.02926	0.01142	0.01554	0.01207	0.01711	0.00991	0.00991	0.03201	0.01995	0.65024	0.09258	0.02647	0.02192	0.00918	0.00713	0.00216	0.00568	0.00755	0.00855	0.01137
38	0.00841	0.00699	0.00717	0.00726	0.00932	0.00595	0.00528	0.01001	0.01532	0.01838	0.06513	0.10295	0.61879	0.07539	0.01041	0.00273	0.00381	0.01465	0.00630	0.00575
39	0.80405	0.01350	0.01026	0.00918	0.01350	0.01565	0.00756	0.02051	0.01188	0.03131	0.00972	0.01134	0.00756	0.00648	0.00432	0.00216	0.00540	0.00378	0.00432	0.00756
40	0.00850	0.00607	0.00810	0.00972	0.01012	0.00567	0.00648	0.00972	0.01336	0.01781	0.03846	0.75020	0.04615	0.02186	0.00891	0.00283	0.00405	0.01984	0.00648	0.00567
41	0.01849	0.73315	0.06091	0.01222	0.01835	0.02720	0.01243	0.02094	0.01420	0.01662	0.00980	0.01132	0.00895	0.00599	0.00455	0.00152	0.00756	0.00378	0.00298	0.00900
42	0.02607	0.03326	0.01978	0.01798	0.02157	0.72674	0.01348	0.02787	0.01978	0.01708	0.01079	0.01258	0.00899	0.00719	0.00629	0.00180	0.01258	0.00449	0.00360	0.00809
43	0.80405	0.01350	0.01026	0.00918	0.01350	0.01565	0.00756	0.02051	0.01188	0.03131	0.00972	0.01134	0.00756	0.00648	0.00432	0.00216	0.00540	0.00378	0.00432	0.00756
44	0.05010	0.01039	0.01067	0.00928	0.01205	0.01106	0.00728	0.20091	0.01937	0.03076	0.02053	0.02350	0.01604	0.03293	0.00645	0.00195	0.00468	0.00645	0.51765	0.00795
45	0.00830	0.00707	0.00715	0.00713	0.00946	0.00591	0.00535	0.01012	0.01604	0.01917	0.09266	0.06664	0.68623	0.01756	0.00825	0.00235	0.00353	0.01465	0.00652	0.00591
46	0.00997	0.00748	0.01121	0.01121	0.01246	0.00872	0.00872	0.01246	0.01121	0.01620	0.01869	0.02741	0.01745	0.05234	0.72710	0.01121	0.01869	0.00748	0.00374	0.00623
47	0.01277	0.00658	0.00687	0.00687	0.00847	0.00668	0.00518	0.01596	0.01437	0.02525	0.02245	0.02613	0.01785	0.01158	0.06121	0.00237	0.00446	0.00658	0.73190	0.00648
48	0.00850	0.00708	0.00742	0.00733	0.00958	0.00600	0.00550	0.01050	0.01650	0.02026	0.16874	0.06484	0.60947	0.01715	0.00824	0.00233	0.00350	0.01440	0.00667	0.00600
49	0.01674	0.01684	0.03111	0.09354	0.48280	0.01678	0.19526	0.02138	0.01589	0.02229	0.01333	0.01778	0.01080	0.00619	0.00726	0.00217	0.00928	0.00674	0.00345	0.01037
50	0.80405	0.01350	0.01026	0.00918	0.01350	0.01565	0.00756	0.02051	0.01188	0.03131	0.00972	0.01134	0.00756	0.00648	0.00432	0.00216	0.00540	0.00378	0.00432	0.00756
51	0.01866	0.75896	0.03657	0.01194	0.01791	0.02761	0.01194	0.02090	0.01418	0.01642	0.00970	0.01119	0.00896	0.00597	0.00448	0.00149	0.00746	0.00373	0.00299	0.00896
52	0.00825	0.00707	0.00707	0.00707	0.00943	0.00589	0.00530	0.01001	0.01591	0.01885	0.07069	0.06716	0.70839	0.01767	0.00825	0.00236	0.00353	0.01473	0.00648	0.00589
53	0.05938	0.01193	0.01598	0.01230	0.01766	0.01045	0.01016	0.03352	0.01968	0.69118	0.02688	0.02330	0.01692	0.00856	0.00692	0.00216	0.00592	0.00690	0.00848	0.01172
54	0.01318	0.01240	0.02093	0.73798	0.04806	0.01550	0.01938	0.01783	0.01395	0.01783	0.01240	0.01860	0.00930	0.00698	0.00698	0.00233	0.00930	0.00620	0.00310	0.00775
55	0.01425	0.03457	0.66476	0.02168	0.08332	0.01624	0.02544	0.02205	0.01482	0.02215	0.01257	0.01493	0.00901	0.00660	0.00665	0.00220	0.01016	0.00524	0.00299	0.01037
56	0.01344	0.01290	0.02251	0.68272	0.04716	0.01567	0.07137	0.01818	0.01415	0.01818	0.01254	0.01862	0.00940	0.00689	0.00707	0.00233	0.00949	0.00636	0.00313	0.00788
57	0.00825	0.00707	0.00707	0.00707	0.00943	0.00589	0.00530	0.01001	0.01591	0.01885	0.07069	0.06716	0.70839	0.01767	0.00825	0.00236	0.00353	0.01473	0.00648	0.00589
58	0.01850	0.01658	0.02067	0.02424	0.25416	0.04107	0.01486	0.09406	0.37998	0.02804	0.02150	0.02172	0.01650	0.00818	0.00700	0.00222	0.00691	0.00705	0.00573	0.01103
59	0.01318	0.01240	0.02093	0.73798	0.04806	0.01550	0.01938	0.01783	0.01395	0.01783	0.01240	0.01860	0.00930	0.00698	0.00698	0.00233	0.00930	0.00620	0.00310	0.00775
60	0.01000	0.00679	0.00757	0.00757	0.00775	0.00670	0.00431	0.01014	0.01060	0.01395	0.02579	0.04734	0.07865	0.69727	0.03339	0.00642	0.00651	0.01051	0.00440	0.00436
61	0.01695	0.01611	0.02701	0.06160	0.63894	0.01630	0.02058	0.02174	0.04473	0.02286	0.01454	0.01971	0.01239	0.00681	0.00701	0.00213	0.00814	0.02797	0.00370	0.01080
62	0.00850	0.00607	0.00810	0.00972	0.01012	0.00567	0.00648	0.00972	0.01336	0.01781	0.03846	0.75020	0.04615	0.02186	0.00891	0.00283	0.00405	0.01984	0.00648	0.00567
63	0.01601	0.02024	0.11659	0.02747	0.03460	0.01699	0.58231	0.02176	0.01596	0.02189	0.01385	0.01846	0.01045	0.00674	0.00886	0.03596	0.01136	0.00779	0.00344	0.00924
64	0.00981	0.00713	0.00924	0.00871	0.01039	0.00656	0.00653	0.01304	0.01960	0.02762	0.68230	0.05272	0.09131	0.01440	0.00823	0.00220	0.00330	0.01270	0.00763	0.00656
65	0.01769	0.55409	0.20940	0.01414	0.02114	0.04511	0.01550	0.02140	0.01448	0.01788	0.01045	0.01213	0.00893	0.00617	0.00508	0.00168	0.00834	0.00412	0.00299	0.00928

[dist]
# distance from previous block
# <min> <max>
1	8

[block]
# block no. 5 follows, 30 sequences, length 272
# corresponding to MSA columns:
# 201-472
name=unknown_F
#
# <colnr> <probs for GDERKNQSTAVLIFYWHMCP>
#	G	D	E	R	K	N	Q	S	T	A	V	L	I	F	Y	W	H	M	C	P
0	0.04514	0.04137	0.02996	0.12538	0.05738	0.07858	0.34360	0.04093	0.01607	0.02137	0.01539	0.08679	0.01346	0.00808	0.00830	0.00233	0.04516	0.00817	0.00385	0.00868
1	0.02435	0.01682	0.01831	0.01442	0.01929	0.01831	0.01177	0.51386	0.05255	0.09211	0.01960	0.05136	0.01478	0.00901	0.00685	0.00209	0.00684	0.00702	0.08964	0.01100
2	0.05491	0.01603	0.01798	0.01390	0.01928	0.01649	0.01137	0.37697	0.05088	0.18432	0.01921	0.03877	0.01396	0.00830	0.00667	0.00198	0.00666	0.00647	0.00680	0.12904
3	0.00876	0.00709	0.00777	0.00760	0.00974	0.00611	0.00570	0.01100	0.01711	0.02170	0.26955	0.06246	0.50776	0.01661	0.00824	0.00231	0.00346	0.01407	0.00686	0.00611
4	0.01715	0.01475	0.01563	0.01416	0.01802	0.01704	0.01105	0.03631	0.67544	0.02891	0.02869	0.02782	0.02194	0.00980	0.00719	0.00240	0.00555	0.03018	0.00708	0.01089
5	0.80405	0.01350	0.01026	0.00918	0.01350	0.01565	0.00756	0.02051	0.01188	0.03131	0.00972	0.01134	0.00756	0.00648	0.00432	0.00216	0.00540	0.00378	0.00432	0.00756
6	0.00861	0.00615	0.00822	0.00984	0.01029	0.00576	0.00666	0.00990	0.01346	0.01793	0.03840	0.72429	0.04592	0.02176	0.00894	0.00285	0.00414	0.04471	0.00648	0.00570
7	0.74292	0.01418	0.03438	0.00968	0.01425	0.01543	0.00829	0.02117	0.01233	0.06160	0.01061	0.01201	0.00803	0.00658	0.00452	0.00216	0.00559	0.00397	0.00447	0.00784
8	0.01015	0.00677	0.00761	0.00761	0.00761	0.00677	0.00423	0.01015	0.01015	0.01353	0.02199	0.04567	0.02537	0.75476	0.03552	0.00677	0.00677	0.01015	0.00423	0.00423
9	0.01343	0.01244	0.02084	0.66613	0.08814	0.01522	0.01895	0.01799	0.01410	0.01846	0.01285	0.01881	0.00974	0.00697	0.00689	0.00228	0.00901	0.00621	0.03362	0.00791
10	0.01071	0.00840	0.01000	0.01004	0.01162	0.04127	0.00770	0.01365	0.01830	0.02493	0.47251	0.14467	0.05616	0.01577	0.00847	0.00243	0.00437	0.12536	0.00711	0.00651
11	0.01866	0.75896	0.03657	0.01194	0.01791	0.02761	0.01194	0.02090	0.01418	0.01642	0.00970	0.01119	0.00896	0.00597	0.00448	0.00149	0.00746	0.00373	0.00299	0.00896
12	0.80405	0.01350	0.01026	0.00918	0.01350	0.01565	0.00756	0.02051	0.01188	0.03131	0.00972	0.01134	0.00756	0.00648	0.00432	0.00216	0.00540	0.00378	0.00432	0.00756
13	0.01577	0.01731	0.03616	0.02698	0.05901	0.01608	0.55675	0.02103	0.01606	0.02208	0.01566	0.07025	0.01311	0.00697	0.00798	0.00227	0.01055	0.00865	0.00378	0.07355
14	0.02550	0.01235	0.01564	0.01257	0.01715	0.01178	0.01029	0.13823	0.05217	0.42990	0.12951	0.03014	0.02523	0.01009	0.00735	0.00222	0.00583	0.04530	0.00802	0.01072
15	0.00905	0.00655	0.00843	0.00977	0.01031	0.00631	0.00652	0.01106	0.04599	0.01803	0.03671	0.66131	0.04336	0.07759	0.01087	0.00311	0.00433	0.01852	0.00633	0.00582
16	0.01455	0.01569	0.03264	0.02435	0.02958	0.01497	0.50029	0.01917	0.01552	0.02107	0.01965	0.19062	0.01889	0.00988	0.00896	0.00249	0.03813	0.01088	0.00420	0.00846
17	0.00850	0.00607	0.00810	0.00972	0.01012	0.00567	0.00648	0.00972	0.01336	0.01781	0.03846	0.75020	0.04615	0.02186	0.00891	0.00283	0.00405	0.01984	0.00648	0.00567
18	0.01015	0.00677	0.00761	0.00761	0.00761	0.00677	0.00423	0.01015	0.01015	0.01353	0.02199	0.04567	0.02537	0.75476	0.03552	0.00677	0.00677	0.01015	0.00423	0.00423
19	0.03131	0.01188	0.01619	0.01242	0.01781	0.01026	0.01026	0.03401	0.01997	0.71606	0.02753	0.02375	0.01727	0.00864	0.00702	0.00216	0.00594	0.00702	0.00864	0.01188
20	0.00988	0.00713	0.00933	0.00878	0.01043	0.00658	0.00658	0.01317	0.01975	0.02798	0.70754	0.05213	0.06584	0.01427	0.00823	0.00219	0.00329	0.01262	0.00768	0.00658
21	0.01764	0.01513	0.01594	0.01426	0.01825	0.01749	0.01111	0.05699	0.67826	0.02964	0.02805	0.02575	0.02101	0.00943	0.00710	0.00236	0.00559	0.00784	0.00710	0.01107
22	0.01493	0.01268	0.01472	0.01055	0.01673	0.00977	0.00846	0.04322	0.01517	0.02355	0.01257	0.01456	0.01039	0.00529	0.00524	0.00107	0.00526	0.00422	0.00424	0.76736
23	0.02354	0.18124	0.04733	0.01544	0.02049	0.23133	0.01304	0.21107	0.09852	0.07019	0.01532	0.01574	0.01169	0.00759	0.00624	0.00192	0.00883	0.00539	0.00510	0.00997
24	0.02593	0.01877	0.02025	0.01571	0.02114	0.02071	0.01292	0.59795	0.09218	0.07489	0.01832	0.01793	0.01298	0.00849	0.00699	0.00212	0.00740	0.00646	0.00707	0.01179
25	0.00983	0.00710	0.00929	0.00881	0.01042	0.00655	0.00658	0.01306	0.01955	0.02766	0.68600	0.07460	0.06521	0.01451	0.00825	0.00222	0.00332	0.01285	0.00764	0.00655
26	0.02544	0.02380	0.01989	0.01637	0.02108	0.26943	0.01300	0.41041	0.05006	0.03315	0.01688	0.01731	0.03483	0.00831	0.00679	0.00201	0.00919	0.00599	0.00577	0.01031
27	0.00978	0.00703	0.00901	0.01017	0.01094	0.00680	0.00696	0.05779	0.01474	0.01967	0.03692	0.69821	0.04372	0.02091	0.00877	0.00278	0.00431	0.01888	0.00651	0.00611
28	0.01015	0.00677	0.00761	0.00761	0.00761	0.00677	0.00423	0.01015	0.01015	0.01353	0.02199	0.04567	0.02537	0.75476	0.03552	0.00677	0.00677	0.01015	0.00423	0.00423
29	0.05366	0.02392	0.01900	0.01589	0.02039	0.31186	0.01253	0.32347	0.02510	0.05448	0.01790	0.01834	0.05576	0.00843	0.00668	0.00199	0.00930	0.00602	0.00551	0.00976
30	0.00970	0.00691	0.00937	0.01091	0.01179	0.00669	0.00834	0.01169	0.01433	0.01888	0.03710	0.44267	0.04276	0.05355	0.01040	0.00317	0.00515	0.28433	0.00636	0.00592
31	0.01601	0.01727	0.03250	0.02548	0.05920	0.01912	0.38192	0.02004	0.01408	0.02010	0.01205	0.01730	0.01003	0.00849	0.01417	0.00263	0.31026	0.00727	0.00333	0.00876
32	0.02319	0.06476	0.01843	0.01461	0.01889	0.19465	0.01163	0.11467	0.19586	0.17417	0.02031	0.02017	0.01504	0.01198	0.06749	0.00284	0.00890	0.00635	0.00600	0.01005
33	0.01650	0.01875	0.04076	0.02984	0.05825	0.01761	0.66443	0.02232	0.01645	0.02237	0.01409	0.01877	0.01060	0.00589	0.00819	0.00234	0.01165	0.00817	0.00353	0.00946
34	0.01688	0.01295	0.01509	0.01112	0.01706	0.01066	0.00893	0.05869	0.06427	0.08687	0.01514	0.01625	0.01182	0.00597	0.00557	0.00129	0.00541	0.00478	0.00491	0.62634
35	0.01671	0.01282	0.01504	0.01089	0.01698	0.01018	0.00876	0.06235	0.01613	0.08413	0.01399	0.01542	0.01104	0.00568	0.00545	0.00120	0.00540	0.00452	0.00471	0.67861
36	0.01690	0.01417	0.02115	0.34265	0.18730	0.01604	0.01713	0.05386	0.16179	0.07300	0.01727	0.02018	0.01295	0.00752	0.00699	0.00226	0.00795	0.00663	0.00461	0.00968
37	0.12133	0.01143	0.01718	0.50848	0.03657	0.01378	0.01546	0.01676	0.01356	0.01968	0.01665	0.14726	0.01559	0.00955	0.00695	0.00239	0.00783	0.00828	0.00387	0.00736
38	0.01647	0.01882	0.04118	0.02941	0.03647	0.01765	0.68588	0.02235	0.01647	0.02235	0.01412	0.01882	0.01059	0.00588	0.00824	0.00235	0.01176	0.00824	0.00353	0.00941
39	0.01638	0.01385	0.01479	0.01351	0.01704	0.01579	0.01045	0.05124	0.57409	0.02783	0.02993	0.07290	0.04268	0.03604	0.00829	0.00256	0.00551	0.02997	0.00692	0.01022
40	0.00850	0.00607	0.00810	0.00972	0.01012	0.00567	0.00648	0.00972	0.01336	0.01781	0.03846	0.75020	0.04615	0.02186	0.00891	0.00283	0.00405	0.01984	0.00648	0.00567
41	0.01866	0.75896	0.03657	0.01194	0.01791	0.02761	0.01194	0.02090	0.01418	0.01642	0.00970	0.01119	0.00896	0.00597	0.00448	0.00149	0.00746	0.00373	0.00299	0.00896
42	0.01664	0.01837	0.03141	0.05853	0.02934	0.07465	0.36023	0.02057	0.01453	0.01973	0.01199	0.01705	0.00989	0.00831	0.01329	0.00256	0.27391	0.00708	0.00334	0.00859
43	0.00825	0.00707	0.00707	0.00707	0.00943	0.00589	0.00530	0.01001	0.01591	0.01885	0.07069	0.06716	0.70839	0.01767	0.00825	0.00236	0.00353	0.01473	0.00648	0.00589
44	0.80405	0.01350	0.01026	0.00918	0.01350	0.01565	0.00756	0.02051	0.01188	0.03131	0.00972	0.01134	0.00756	0.00648	0.00432	0.00216	0.00540	0.00378	0.00432	0.00756
45	0.12796	0.01249	0.01258	0.01055	0.01407	0.01360	0.00848	0.27531	0.02125	0.03366	0.01864	0.02042	0.01414	0.00800	0.00561	0.00188	0.00525	0.00604	0.38136	0.00871
46	0.15329	0.04713	0.04576	0.01556	0.02019	0.25245	0.01280	0.25778	0.05491	0.02961	0.01352	0.01462	0.01035	0.00772	0.00681	0.00204	0.03567	0.00523	0.00501	0.00956
47	0.01142	0.00823	0.01025	0.00949	0.01156	0.00798	0.00720	0.01661	0.10124	0.05005	0.58353	0.04856	0.07953	0.01362	0.00806	0.00222	0.00365	0.01194	0.00760	0.00727
48	0.02458	0.02834	0.01951	0.01832	0.05402	0.52935	0.01337	0.05864	0.12008	0.04708	0.01440	0.01540	0.01135	0.00759	0.00650	0.00192	0.01087	0.00525	0.00445	0.00898
49	0.05201	0.01853	0.01965	0.01549	0.02074	0.02067	0.01267	0.54934	0.15008	0.04092	0.01857	0.01821	0.01339	0.00850	0.00691	0.00214	0.00722	0.00648	0.00691	0.01157
50	0.00982	0.00713	0.00925	0.00872	0.01039	0.00656	0.00654	0.01306	0.01962	0.02768	0.68610	0.05263	0.08748	0.01438	0.00823	0.00220	0.00330	0.01269	0.00764	0.00656
51	0.02571	0.01313	0.01603	0.01313	0.01795	0.01311	0.01057	0.03524	0.29256	0.44017	0.02788	0.02467	0.01889	0.00897	0.00705	0.00224	0.00577	0.00737	0.00802	0.01154
52	0.01124	0.00803	0.01124	0.01285	0.01446	0.00803	0.01124	0.01446	0.01606	0.02088	0.03695	0.07871	0.04016	0.01928	0.00964	0.00321	0.00643	0.66426	0.00643	0.00643
53	0.02489	0.01978	0.01995	0.01588	0.02102	0.07380	0.01289	0.52442	0.14845	0.03937	0.01835	0.01807	0.01330	0.00848	0.00695	0.00212	0.00767	0.00643	0.00675	0.01144
54	0.01836	0.71359	0.07937	0.01244	0.01868	0.02690	0.01281	0.02097	0.01421	0.01677	0.00988	0.01142	0.00895	0.00601	0.00461	0.00154	0.00764	0.00382	0.00298	0.00904
55	0.01301	0.01218	0.02047	0.71207	0.04671	0.01515	0.01892	0.01754	0.01393	0.01783	0.01333	0.04463	0.01061	0.00751	0.00705	0.00234	0.00912	0.00669	0.00322	0.00768
56	0.04729	0.01564	0.01715	0.01409	0.01830	0.01697	0.01124	0.47010	0.02671	0.06081	0.02245	0.20387	0.02066	0.01176	0.00739	0.00229	0.00662	0.00968	0.00683	0.01015
57	0.01400	0.03610	0.71860	0.01989	0.03020	0.01621	0.02578	0.02210	0.01473	0.02210	0.01252	0.01473	0.00884	0.00663	0.00663	0.00221	0.01031	0.00516	0.00295	0.01031
58	0.00884	0.00622	0.00800	0.00928	0.00960	0.00590	0.00601	0.00981	0.01269	0.01693	0.03505	0.60420	0.04185	0.17374	0.01442	0.00365	0.00461	0.01783	0.00601	0.00537
59	0.00825	0.00707	0.00707	0.00707	0.00943	0.00589	0.00530	0.01001	0.01591	0.01885	0.07069	0.06716	0.70839	0.01767	0.00825	0.00236	0.00353	0.01473	0.00648	0.00589
60	0.00868	0.00708	0.00771	0.00776	0.00986	0.00610	0.00585	0.01076	0.01647	0.02051	0.18051	0.09778	0.53289	0.01734	0.00834	0.00239	0.00365	0.04362	0.00669	0.00603
61	0.80405	0.01350	0.01026	0.00918	0.01350	0.01565	0.00756	0.02051	0.01188	0.03131	0.00972	0.01134	0.00756	0.00648	0.00432	0.00216	0.00540	0.00378	0.00432	0.00756
62	0.01318	0.01240	0.02093	0.73798	0.04806	0.01550	0.01938	0.01783	0.01395	0.01783	0.01240	0.01860	0.00930	0.00698	0.00698	0.00233	0.00930	0.00620	0.00310	0.00775
63	0.01487	0.01273	0.01492	0.01081	0.01676	0.01013	0.00868	0.03841	0.01490	0.02318	0.01242	0.01457	0.01034	0.00552	0.00587	0.00114	0.03210	0.00427	0.00418	0.74417
64	0.01400	0.03610	0.71860	0.01989	0.03020	0.01621	0.02578	0.02210	0.01473	0.02210	0.01252	0.01473	0.00884	0.00663	0.00663	0.00221	0.01031	0.00516	0.00295	0.01031
65	0.03131	0.01188	0.01619	0.01242	0.01781	0.01026	0.01026	0.03401	0.01997	0.71606	0.02753	0.02375	0.01727	0.00864	0.00702	0.00216	0.00594	0.00702	0.00864	0.01188
66	0.00959	0.00712	0.00893	0.00848	0.01025	0.00646	0.00636	0.01262	0.01908	0.02638	0.59600	0.05476	0.17839	0.01486	0.00823	0.00222	0.00333	0.01299	0.00747	0.00646
67	0.00997	0.00748	0.01121	0.01121	0.01246	0.00872	0.00872	0.01246	0.01121	0.01620	0.01869	0.02741	0.01745	0.05234	0.72710	0.01121	0.01869	0.00748	0.00374	0.00623
68	0.01015	0.00677	0.00761	0.00761	0.00761	0.00677	0.00423	0.01015	0.01015	0.01353	0.02199	0.04567	0.02537	0.75476	0.03552	0.00677	0.00677	0.01015	0.00423	0.00423
69	0.00997	0.00748	0.01121	0.01121	0.01246	0.00872	0.00872	0.01246	0.01121	0.01620	0.01869	0.02741	0.01745	0.05234	0.72710	0.01121	0.01869	0.00748	0.00374	0.00623
70	0.01400	0.03610	0.71860	0.01989	0.03020	0.01621	0.02578	0.02210	0.01473	0.02210	0.01252	0.01473	0.00884	0.00663	0.00663	0.00221	0.01031	0.00516	0.00295	0.01031
71	0.01014	0.04320	0.01042	0.00877	0.01069	0.00753	0.00672	0.01324	0.01912	0.02657	0.61415	0.05158	0.12356	0.01419	0.00805	0.00218	0.00352	0.01239	0.00734	0.00663
72	0.01866	0.75896	0.03657	0.01194	0.01791	0.02761	0.01194	0.02090	0.01418	0.01642	0.00970	0.01119	0.00896	0.00597	0.00448	0.00149	0.00746	0.00373	0.00299	0.00896
73	0.80405	0.01350	0.01026	0.00918	0.01350	0.01565	0.00756	0.02051	0.01188	0.03131	0.00972	0.01134	0.00756	0.00648	0.00432	0.00216	0.00540	0.00378	0.00432	0.00756
74	0.01318	0.01240	0.02093	0.73798	0.04806	0.01550	0.01938	0.01783	0.01395	0.01783	0.01240	0.01860	0.00930	0.00698	0.00698	0.00233	0.00930	0.00620	0.00310	0.00775
75	0.80405	0.01350	0.01026	0.00918	0.01350	0.01565	0.00756	0.02051	0.01188	0.03131	0.00972	0.01134	0.00756	0.00648	0.00432	0.00216	0.00540	0.00378	0.00432	0.00756
76	0.01447	0.01240	0.01447	0.01034	0.01654	0.00930	0.00827	0.01757	0.01447	0.02274	0.01240	0.01447	0.01034	0.00517	0.00517	0.00103	0.00517	0.00413	0.00413	0.79742
