[name]
unknown

[dist]
# distance from previous block
# <min> <max>
0	19

[block]
# block no. 0 follows, 30 sequences, length 38
# corresponding to MSA columns:
# 19-56
name=unknown_A
#
# <colnr> <probs for GDERKNQSTAVLIFYWHMCP>
#	G	D	E	R	K	N	Q	S	T	A	V	L	I	F	Y	W	H	M	C	P
0	0.01074	0.00956	0.04397	0.01147	0.01336	0.00849	0.03197	0.04512	0.01489	0.01985	0.03661	0.40428	0.12548	0.05075	0.01034	0.00285	0.03732	0.08454	0.00590	0.03248
1	0.01767	0.07354	0.13657	0.04951	0.25772	0.01663	0.01721	0.05501	0.11893	0.07490	0.01804	0.01969	0.03577	0.00759	0.00721	0.00210	0.03196	0.00635	0.00454	0.04903
2	0.00960	0.00801	0.00849	0.00820	0.01063	0.00736	0.00620	0.01375	0.09705	0.02164	0.17540	0.05972	0.51673	0.01612	0.00811	0.00233	0.00373	0.01356	0.00676	0.00662
3	0.01411	0.01357	0.01936	0.06026	0.01897	0.01855	0.01423	0.01601	0.01099	0.01674	0.01122	0.01784	0.01079	0.01974	0.15965	0.00461	0.55643	0.00638	0.00319	0.00737
4	0.00884	0.00622	0.00811	0.00937	0.00986	0.00582	0.00623	0.00989	0.01331	0.01772	0.06713	0.60314	0.07127	0.08166	0.01179	0.03569	0.00430	0.01794	0.00621	0.00549
5	0.00988	0.00713	0.00933	0.00878	0.01043	0.00658	0.00658	0.01317	0.01975	0.02798	0.70754	0.05213	0.06584	0.01427	0.00823	0.00219	0.00329	0.01262	0.00768	0.00658
6	0.02408	0.01782	0.01913	0.01522	0.02029	0.01980	0.01239	0.49006	0.19285	0.06199	0.02009	0.01949	0.01450	0.00864	0.00695	0.00215	0.00697	0.00670	0.02935	0.01152
7	0.09735	0.01783	0.01908	0.01490	0.02023	0.01954	0.01226	0.50924	0.07642	0.11572	0.01812	0.01768	0.01273	0.00831	0.00675	0.00213	0.00713	0.00625	0.00693	0.01142
8	0.01591	0.01419	0.01443	0.01269	0.01673	0.04532	0.00985	0.02956	0.45956	0.02610	0.03155	0.02988	0.12308	0.00994	0.00694	0.00213	0.00547	0.00819	0.00639	0.13209
9	0.01880	0.59279	0.12293	0.01357	0.01986	0.09632	0.01388	0.02175	0.01481	0.01722	0.01017	0.01179	0.00894	0.00618	0.00494	0.00162	0.00834	0.00399	0.00304	0.00904
10	0.02569	0.01913	0.02047	0.01589	0.02132	0.02125	0.01306	0.62857	0.09356	0.04263	0.01782	0.01760	0.01273	0.00848	0.00699	0.00212	0.00748	0.00643	0.00699	0.01179
11	0.01779	0.03775	0.01624	0.01136	0.01740	0.01168	0.00925	0.11095	0.01747	0.08870	0.01429	0.01552	0.01113	0.00595	0.00556	0.00130	0.00566	0.00468	0.00490	0.59242
12	0.01400	0.03610	0.71860	0.01989	0.03020	0.01621	0.02578	0.02210	0.01473	0.02210	0.01252	0.01473	0.00884	0.00663	0.00663	0.00221	0.01031	0.00516	0.00295	0.01031
13	0.01015	0.00677	0.00761	0.00761	0.00761	0.00677	0.00423	0.01015	0.01015	0.01353	0.02199	0.04567	0.02537	0.75476	0.03552	0.00677	0.00677	0.01015	0.00423	0.00423
14	0.01874	0.01651	0.01650	0.08036	0.02095	0.10616	0.01186	0.03290	0.47254	0.07508	0.05427	0.02463	0.02030	0.00910	0.00703	0.00227	0.00669	0.00745	0.00643	0.01023
15	0.01342	0.03510	0.01913	0.13341	0.02170	0.01668	0.03402	0.01553	0.01215	0.01737	0.01698	0.19449	0.01822	0.01333	0.01591	0.00281	0.39912	0.00945	0.00391	0.00727
16	0.00864	0.00613	0.00806	0.00953	0.00990	0.00576	0.00628	0.00975	0.01308	0.01744	0.03704	0.68923	0.04436	0.08529	0.01121	0.00317	0.00428	0.01900	0.00628	0.00554
17	0.02006	0.01690	0.01914	0.02002	0.15064	0.06455	0.01342	0.11938	0.39023	0.07492	0.02272	0.02209	0.01702	0.00850	0.00699	0.00222	0.00683	0.00707	0.00626	0.01101
18	0.01447	0.01565	0.12303	0.24995	0.02878	0.01458	0.05789	0.06827	0.01445	0.02023	0.01339	0.01877	0.01086	0.01231	0.04335	0.12466	0.09888	0.00622	0.05658	0.00766
19	0.02669	0.01527	0.01785	0.01399	0.01913	0.01573	0.01145	0.31293	0.10011	0.31993	0.05586	0.02238	0.01775	0.00889	0.00707	0.00216	0.00651	0.00707	0.00771	0.01153
20	0.00867	0.00620	0.00799	0.00935	0.00981	0.00580	0.00617	0.00978	0.01312	0.01738	0.03817	0.63839	0.07581	0.10366	0.01185	0.00325	0.00433	0.01851	0.00623	0.00552
21	0.09054	0.01522	0.01582	0.01388	0.01807	0.01741	0.01093	0.10262	0.54516	0.05329	0.02547	0.02366	0.01894	0.00906	0.00683	0.00231	0.00575	0.00732	0.00688	0.01084
22	0.01456	0.01449	0.02411	0.34973	0.06295	0.01800	0.10705	0.01820	0.01317	0.01826	0.01147	0.01735	0.00949	0.00873	0.01300	0.00259	0.27921	0.00644	0.00316	0.00807
23	0.02578	0.01917	0.02052	0.01590	0.02135	0.02129	0.01308	0.63473	0.08726	0.04277	0.01771	0.01751	0.01264	0.00847	0.00699	0.00212	0.00750	0.00641	0.00699	0.01180
24	0.02259	0.01715	0.01893	0.03707	0.02076	0.01931	0.01258	0.42635	0.19518	0.05426	0.02052	0.05519	0.01583	0.00944	0.00781	0.00225	0.03965	0.00735	0.00674	0.01105
25	0.00973	0.00690	0.00857	0.00883	0.01033	0.00621	0.00636	0.01188	0.01653	0.04598	0.28874	0.30554	0.21336	0.01763	0.00844	0.00246	0.00371	0.01553	0.00699	0.00627
26	0.00865	0.00709	0.00763	0.00749	0.00967	0.00606	0.00562	0.01079	0.01686	0.02111	0.22815	0.06344	0.54953	0.01683	0.00824	0.00232	0.00347	0.01421	0.00678	0.00606
27	0.52921	0.01292	0.01237	0.01033	0.01503	0.01373	0.00852	0.02531	0.01476	0.27485	0.01605	0.01575	0.01101	0.00725	0.00528	0.00216	0.00559	0.00493	0.00585	0.00909
28	0.00850	0.00607	0.00810	0.00972	0.01012	0.00567	0.00648	0.00972	0.01336	0.01781	0.03846	0.75020	0.04615	0.02186	0.00891	0.00283	0.00405	0.01984	0.00648	0.00567
29	0.01866	0.75896	0.03657	0.01194	0.01791	0.02761	0.01194	0.02090	0.01418	0.01642	0.00970	0.01119	0.00896	0.00597	0.00448	0.00149	0.00746	0.00373	0.00299	0.00896
30	0.03131	0.01188	0.01619	0.01242	0.01781	0.01026	0.01026	0.03401	0.01997	0.71606	0.02753	0.02375	0.01727	0.00864	0.00702	0.00216	0.00594	0.00702	0.00864	0.01188
31	0.01400	0.03610	0.71860	0.01989	0.03020	0.01621	0.02578	0.02210	0.01473	0.02210	0.01252	0.01473	0.00884	0.00663	0.00663	0.00221	0.01031	0.00516	0.00295	0.01031
32	0.01212	0.00606	0.00909	0.00909	0.00909	0.00606	0.00606	0.00909	0.00909	0.01212	0.01212	0.02121	0.01212	0.02424	0.02727	0.79697	0.00606	0.00606	0.00303	0.00303
33	0.01727	0.01658	0.02832	0.04283	0.71123	0.01658	0.02142	0.02142	0.01589	0.02280	0.01313	0.01727	0.01105	0.00622	0.00691	0.00207	0.00829	0.00622	0.00345	0.01105
34	0.01447	0.01240	0.01447	0.01034	0.01654	0.00930	0.00827	0.01757	0.01447	0.02274	0.01240	0.01447	0.01034	0.00517	0.00517	0.00103	0.00517	0.00413	0.00413	0.79742
35	0.01168	0.01100	0.01490	0.01262	0.01541	0.06123	0.12601	0.01461	0.01725	0.02232	0.28019	0.09760	0.22838	0.04415	0.00926	0.00247	0.00573	0.01226	0.00609	0.00684
36	0.01370	0.01313	0.02223	0.61270	0.07760	0.01614	0.04880	0.01812	0.01389	0.01819	0.01225	0.01827	0.00943	0.00732	0.00835	0.00237	0.07010	0.00628	0.00313	0.00798
37	0.04366	0.01673	0.01860	0.07577	0.05384	0.04214	0.01303	0.23279	0.31072	0.05436	0.02079	0.02074	0.01546	0.00870	0.00762	0.00226	0.03900	0.00684	0.00624	0.01070

[dist]
# distance from previous block
# <min> <max>
0	12

[block]
# block no. 1 follows, 30 sequences, length 13
# corresponding to MSA columns:
# 69-81
name=unknown_B
#
# <colnr> <probs for GDERKNQSTAVLIFYWHMCP>
#	G	D	E	R	K	N	Q	S	T	A	V	L	I	F	Y	W	H	M	C	P
0	0.02179	0.01697	0.01773	0.01481	0.01932	0.05063	0.01183	0.28492	0.33073	0.07846	0.02255	0.02178	0.01665	0.01119	0.04567	0.00270	0.00741	0.00704	0.00681	0.01102
1	0.01014	0.00681	0.00783	0.00783	0.00791	0.00688	0.00450	0.01029	0.01021	0.01369	0.02179	0.04455	0.02489	0.71183	0.07778	0.00704	0.00749	0.00998	0.00420	0.00435
2	0.01447	0.01240	0.01447	0.01034	0.01654	0.00930	0.00827	0.01757	0.01447	0.02274	0.01240	0.01447	0.01034	0.00517	0.00517	0.00103	0.00517	0.00413	0.00413	0.79742
3	0.01640	0.01427	0.01589	0.09544	0.02105	0.01653	0.01168	0.03346	0.58488	0.02736	0.02886	0.02740	0.05671	0.00963	0.00715	0.00236	0.00584	0.00807	0.00662	0.01040
4	0.00988	0.00713	0.00933	0.00878	0.01043	0.00658	0.00658	0.01317	0.01975	0.02798	0.70754	0.05213	0.06584	0.01427	0.00823	0.00219	0.00329	0.01262	0.00768	0.00658
5	0.02364	0.01666	0.01827	0.01478	0.01963	0.01826	0.01194	0.38370	0.22822	0.12284	0.02249	0.05150	0.01680	0.00931	0.00710	0.00221	0.00667	0.00743	0.00720	0.01136
6	0.00861	0.00621	0.00815	0.00951	0.01011	0.00576	0.00643	0.01003	0.01403	0.01873	0.09729	0.65709	0.08020	0.02101	0.00882	0.00276	0.00396	0.01897	0.00658	0.00576
7	0.00850	0.00607	0.00810	0.00972	0.01012	0.00567	0.00648	0.00972	0.01336	0.01781	0.03846	0.75020	0.04615	0.02186	0.00891	0.00283	0.00405	0.01984	0.00648	0.00567
8	0.01647	0.01882	0.04118	0.02941	0.03647	0.01765	0.68588	0.02235	0.01647	0.02235	0.01412	0.01882	0.01059	0.00588	0.00824	0.00235	0.01176	0.00824	0.00353	0.00941
9	0.00863	0.00668	0.00787	0.00843	0.00988	0.00592	0.00600	0.01043	0.01552	0.01997	0.16519	0.34143	0.33149	0.01880	0.00851	0.00252	0.00370	0.01644	0.00668	0.00592
10	0.03131	0.01188	0.01619	0.01242	0.01781	0.01026	0.01026	0.03401	0.01997	0.71606	0.02753	0.02375	0.01727	0.00864	0.00702	0.00216	0.00594	0.00702	0.00864	0.01188
11	0.01301	0.00650	0.00650	0.00650	0.00813	0.00650	0.00488	0.01626	0.01463	0.02602	0.02276	0.02602	0.01789	0.00813	0.00488	0.00163	0.00325	0.00650	0.79350	0.00650
12	0.08262	0.01708	0.06760	0.25566	0.03722	0.01685	0.35144	0.02051	0.01495	0.02143	0.01291	0.01776	0.00977	0.00657	0.00797	0.00235	0.03826	0.00695	0.00341	0.00870

[dist]
# distance from previous block
# <min> <max>
0	13

[block]
# block no. 2 follows, 30 sequences, length 51
# corresponding to MSA columns:
# 95-145
name=unknown_C
#
# <colnr> <probs for GDERKNQSTAVLIFYWHMCP>
#	G	D	E	R	K	N	Q	S	T	A	V	L	I	F	Y	W	H	M	C	P
0	0.01694	0.23956	0.27166	0.01761	0.08339	0.04229	0.01710	0.06603	0.01671	0.04062	0.08464	0.01811	0.01548	0.00733	0.00617	0.00192	0.00818	0.00568	0.00398	0.03661
1	0.02441	0.04098	0.01968	0.01485	0.01974	0.01935	0.01216	0.55261	0.02895	0.06236	0.04110	0.01852	0.01391	0.01010	0.00897	0.08133	0.00729	0.00643	0.00654	0.01071
2	0.09228	0.11099	0.01430	0.00987	0.01333	0.01095	0.00791	0.01654	0.01613	0.06888	0.24429	0.13797	0.05686	0.01149	0.00676	0.00197	0.00472	0.00968	0.00587	0.15920
3	0.01108	0.00759	0.00984	0.00911	0.01100	0.00709	0.00689	0.01486	0.04089	0.05933	0.65547	0.05002	0.06225	0.01386	0.00814	0.00220	0.00348	0.01222	0.00771	0.00696
4	0.01015	0.00677	0.00761	0.00761	0.00761	0.00677	0.00423	0.01015	0.01015	0.01353	0.02199	0.04567	0.02537	0.75476	0.03552	0.00677	0.00677	0.01015	0.00423	0.00423
5	0.00864	0.00618	0.00822	0.00962	0.01015	0.00576	0.00649	0.01006	0.01400	0.01883	0.10517	0.68060	0.04812	0.02110	0.00884	0.00277	0.00397	0.01912	0.00660	0.00576
6	0.00866	0.00652	0.00802	0.00884	0.00998	0.00588	0.00618	0.01038	0.01513	0.01981	0.16003	0.44658	0.22974	0.01944	0.00861	0.00260	0.00378	0.01723	0.00668	0.00588
7	0.01866	0.75896	0.03657	0.01194	0.01791	0.02761	0.01194	0.02090	0.01418	0.01642	0.00970	0.01119	0.00896	0.00597	0.00448	0.00149	0.00746	0.00373	0.00299	0.00896
8	0.00850	0.00607	0.00810	0.00972	0.01012	0.00567	0.00648	0.00972	0.01336	0.01781	0.03846	0.75020	0.04615	0.02186	0.00891	0.00283	0.00405	0.01984	0.00648	0.00567
9	0.02101	0.04148	0.06665	0.01453	0.01923	0.01520	0.04218	0.22404	0.11802	0.17158	0.02371	0.14369	0.01994	0.01202	0.03134	0.00258	0.00713	0.00892	0.00657	0.01020
10	0.02494	0.01850	0.04274	0.01544	0.02077	0.01945	0.01294	0.54955	0.05636	0.08946	0.01924	0.06450	0.01472	0.00924	0.00710	0.00216	0.00732	0.00723	0.00694	0.01139
11	0.00852	0.00697	0.00752	0.00762	0.00965	0.00597	0.00563	0.01045	0.01619	0.02009	0.16178	0.14221	0.53788	0.01764	0.00832	0.00239	0.00356	0.01499	0.00666	0.00597
12	0.01481	0.01303	0.01603	0.03629	0.01791	0.01234	0.01017	0.03594	0.03704	0.02205	0.01329	0.03964	0.01167	0.00738	0.00892	0.00160	0.14871	0.00529	0.00414	0.54375
13	0.00868	0.00615	0.00805	0.00950	0.00986	0.00578	0.00624	0.00976	0.01302	0.01736	0.03673	0.67611	0.04397	0.09894	0.01171	0.00325	0.00433	0.01882	0.00624	0.00552
14	0.07407	0.01576	0.01947	0.01465	0.02031	0.01543	0.08632	0.28489	0.02177	0.03153	0.01532	0.04882	0.01240	0.00737	0.00634	0.00176	0.00687	0.00613	0.00532	0.30548
15	0.02528	0.01861	0.02005	0.01562	0.02084	0.02053	0.01279	0.64085	0.03146	0.04216	0.01826	0.06770	0.01425	0.00931	0.00711	0.00215	0.00743	0.00722	0.00695	0.01144
16	0.00858	0.00695	0.00762	0.00773	0.00970	0.00599	0.00569	0.01057	0.01630	0.02042	0.18539	0.15190	0.50362	0.01757	0.00833	0.00239	0.00356	0.01499	0.00670	0.00599
17	0.01273	0.00795	0.01109	0.01060	0.01164	0.00864	0.00781	0.07808	0.01227	0.01687	0.01512	0.02316	0.01415	0.03349	0.29508	0.41476	0.01109	0.00663	0.00370	0.00515
18	0.01455	0.03145	0.54744	0.02192	0.05285	0.01680	0.12050	0.02173	0.01473	0.02178	0.01253	0.01545	0.00919	0.00691	0.00804	0.00229	0.06307	0.00571	0.00306	0.01001
19	0.00965	0.00759	0.01103	0.01115	0.01259	0.00686	0.05385	0.01138	0.01369	0.01862	0.03417	0.62605	0.04011	0.01909	0.00849	0.00262	0.00470	0.01747	0.00604	0.08487
20	0.00875	0.00653	0.00817	0.00942	0.01026	0.00608	0.00643	0.01065	0.03600	0.01836	0.04354	0.61209	0.15650	0.02076	0.00874	0.00274	0.00401	0.01859	0.00650	0.00588
21	0.01612	0.01645	0.02292	0.43853	0.23690	0.11237	0.01917	0.02023	0.01531	0.01917	0.01239	0.01740	0.00977	0.00679	0.00686	0.00218	0.00945	0.00597	0.00327	0.00876
22	0.07182	0.42649	0.22736	0.01469	0.02161	0.04243	0.04202	0.02131	0.01444	0.01964	0.01115	0.01305	0.00919	0.00630	0.00529	0.00179	0.00831	0.00443	0.02953	0.00916
23	0.01407	0.00808	0.01082	0.01053	0.01270	0.00745	0.00831	0.01682	0.01774	0.15793	0.28782	0.17253	0.06697	0.01573	0.00843	0.00254	0.00466	0.16215	0.00734	0.00740
24	0.00977	0.00660	0.00772	0.00810	0.00819	0.00651	0.00475	0.01005	0.01089	0.01452	0.02581	0.20908	0.03019	0.58477	0.02935	0.00585	0.00614	0.01240	0.00475	0.00456
25	0.01135	0.00849	0.03771	0.00956	0.01167	0.00712	0.00758	0.01458	0.01893	0.07311	0.56752	0.11834	0.05835	0.01434	0.00815	0.00226	0.00382	0.01267	0.00744	0.00700
26	0.02463	0.06960	0.02059	0.01482	0.02003	0.02055	0.01234	0.57465	0.02970	0.04027	0.01686	0.01729	0.01227	0.00819	0.00660	0.00201	0.00722	0.00613	0.08512	0.01113
27	0.01454	0.01414	0.06342	0.01113	0.01754	0.01006	0.00958	0.01856	0.03830	0.02292	0.01297	0.01489	0.01061	0.00542	0.00534	0.00116	0.00554	0.00434	0.00416	0.71538
28	0.01861	0.53620	0.03109	0.01467	0.06581	0.11419	0.01231	0.02087	0.01467	0.01684	0.01112	0.01408	0.01025	0.03374	0.05785	0.00244	0.00896	0.00448	0.00319	0.00864
29	0.00894	0.00710	0.00803	0.00780	0.00985	0.00619	0.00585	0.01136	0.01755	0.02276	0.34298	0.06073	0.43367	0.01622	0.00824	0.00229	0.00343	0.01383	0.00699	0.00619
30	0.00849	0.00612	0.00805	0.00960	0.01009	0.00568	0.00642	0.00973	0.01348	0.01786	0.03991	0.71941	0.07601	0.02167	0.00888	0.00281	0.00403	0.01961	0.00648	0.00568
31	0.01727	0.01658	0.02832	0.04283	0.71123	0.01658	0.02142	0.02142	0.01589	0.02280	0.01313	0.01727	0.01105	0.00622	0.00691	0.00207	0.00829	0.00622	0.00345	0.01105
32	0.00850	0.00607	0.00810	0.00972	0.01012	0.00567	0.00648	0.00972	0.01336	0.01781	0.03846	0.75020	0.04615	0.02186	0.00891	0.00283	0.00405	0.01984	0.00648	0.00567
33	0.80405	0.01350	0.01026	0.00918	0.01350	0.01565	0.00756	0.02051	0.01188	0.03131	0.00972	0.01134	0.00756	0.00648	0.00432	0.00216	0.00540	0.00378	0.00432	0.00756
34	0.01015	0.00677	0.00761	0.00761	0.00761	0.00677	0.00423	0.01015	0.01015	0.01353	0.02199	0.04567	0.02537	0.75476	0.03552	0.00677	0.00677	0.01015	0.00423	0.00423
35	0.09240	0.01288	0.02052	0.60340	0.10369	0.01561	0.01838	0.01842	0.01392	0.01962	0.01220	0.01776	0.00928	0.00686	0.00671	0.00229	0.00882	0.00596	0.00325	0.00803
36	0.01015	0.00677	0.00761	0.00761	0.00761	0.00677	0.00423	0.01015	0.01015	0.01353	0.02199	0.04567	0.02537	0.75476	0.03552	0.00677	0.00677	0.01015	0.00423	0.00423
37	0.01727	0.01658	0.02832	0.04283	0.71123	0.01658	0.02142	0.02142	0.01589	0.02280	0.01313	0.01727	0.01105	0.00622	0.00691	0.00207	0.00829	0.00622	0.00345	0.01105
38	0.01647	0.01882	0.04118	0.02941	0.03647	0.01765	0.68588	0.02235	0.01647	0.02235	0.01412	0.01882	0.01059	0.00588	0.00824	0.00235	0.01176	0.00824	0.00353	0.00941
39	0.01866	0.75896	0.03657	0.01194	0.01791	0.02761	0.01194	0.02090	0.01418	0.01642	0.00970	0.01119	0.00896	0.00597	0.00448	0.00149	0.00746	0.00373	0.00299	0.00896
40	0.00850	0.00607	0.00810	0.00972	0.01012	0.00567	0.00648	0.00972	0.01336	0.01781	0.03846	0.75020	0.04615	0.02186	0.00891	0.00283	0.00405	0.01984	0.00648	0.00567
41	0.01016	0.00789	0.00987	0.00999	0.03829	0.00737	0.00709	0.01397	0.05346	0.02566	0.49300	0.05301	0.21506	0.01452	0.00812	0.00224	0.00366	0.01263	0.00720	0.00682
42	0.00998	0.00743	0.01098	0.01098	0.01215	0.00860	0.00843	0.01231	0.01115	0.01603	0.01890	0.02860	0.01796	0.09781	0.68233	0.01093	0.01792	0.00765	0.00377	0.00610
43	0.00850	0.00607	0.00810	0.00972	0.01012	0.00567	0.00648	0.00972	0.01336	0.01781	0.03846	0.75020	0.04615	0.02186	0.00891	0.00283	0.00405	0.01984	0.00648	0.00567
44	0.02653	0.01955	0.02094	0.01606	0.02164	0.02164	0.01326	0.68796	0.03281	0.04398	0.01675	0.01675	0.01187	0.00838	0.00698	0.00209	0.00768	0.00628	0.00698	0.01187
45	0.02611	0.01934	0.02071	0.01597	0.02148	0.02145	0.01316	0.65835	0.06310	0.04331	0.01728	0.01718	0.01230	0.00843	0.00699	0.00211	0.00758	0.00636	0.00699	0.01183
46	0.01736	0.01499	0.01578	0.01420	0.01815	0.01736	0.01105	0.03708	0.69862	0.02919	0.02840	0.02604	0.02130	0.00947	0.00710	0.00237	0.00552	0.00789	0.00710	0.01105
47	0.01015	0.00677	0.00761	0.00761	0.00761	0.00677	0.00423	0.01015	0.01015	0.01353	0.02199	0.04567	0.02537	0.75476	0.03552	0.00677	0.00677	0.01015	0.00423	0.00423
48	0.04156	0.00966	0.01052	0.05430	0.01374	0.01042	0.00772	0.08838	0.10966	0.02814	0.07977	0.02631	0.02090	0.00873	0.00579	0.00188	0.00447	0.00708	0.46318	0.00779
49	0.02467	0.01984	0.09929	0.01761	0.02388	0.01839	0.10539	0.40334	0.02623	0.16327	0.01793	0.01811	0.01236	0.00789	0.00712	0.00215	0.00820	0.00656	0.00638	0.01137
50	0.04143	0.01850	0.05162	0.04248	0.02664	0.09087	0.28426	0.02021	0.01443	0.01985	0.01297	0.01919	0.01114	0.01071	0.04527	0.00294	0.24537	0.03026	0.00349	0.00838

[dist]
# distance from previous block
# <min> <max>
1	5

[block]
# block no. 3 follows, 30 sequences, length 22
# corresponding to MSA columns:
# 151-172
name=unknown_D
#
# <colnr> <probs for GDERKNQSTAVLIFYWHMCP>
#	G	D	E	R	K	N	Q	S	T	A	V	L	I	F	Y	W	H	M	C	P
0	0.72662	0.01359	0.01150	0.01115	0.05155	0.01546	0.00843	0.02117	0.01246	0.06163	0.01070	0.01222	0.00818	0.00656	0.00458	0.00215	0.00558	0.00406	0.00447	0.00794
1	0.01003	0.00672	0.00765	0.00776	0.00779	0.00669	0.00439	0.01012	0.01038	0.01384	0.02317	0.09646	0.02687	0.70192	0.03360	0.00648	0.00657	0.01085	0.00439	0.00433
2	0.01829	0.54711	0.08890	0.01503	0.02101	0.06329	0.08284	0.02130	0.01458	0.01753	0.01041	0.01255	0.00913	0.00641	0.00611	0.00174	0.04723	0.00448	0.00307	0.00899
3	0.01460	0.01821	0.15500	0.32053	0.26063	0.01567	0.04381	0.01964	0.01480	0.02042	0.01377	0.04683	0.01132	0.00722	0.00701	0.00224	0.00903	0.00663	0.00334	0.00929
4	0.00976	0.00713	0.00917	0.00866	0.01035	0.00653	0.00649	0.01294	0.01948	0.02733	0.66163	0.05321	0.11216	0.01451	0.00823	0.00221	0.00331	0.01277	0.00760	0.00653
5	0.01471	0.03174	0.56192	0.02459	0.15877	0.01633	0.05089	0.02198	0.01502	0.02224	0.01270	0.01537	0.00933	0.00652	0.00675	0.00219	0.00999	0.00548	0.00307	0.01042
6	0.01485	0.01361	0.01950	0.01393	0.02029	0.01087	0.13595	0.01847	0.01485	0.02267	0.01273	0.01529	0.01038	0.00530	0.00575	0.00128	0.00641	0.00491	0.00402	0.64894
7	0.01003	0.00722	0.00994	0.00994	0.01074	0.00803	0.00713	0.01164	0.01084	0.01525	0.01986	0.03389	0.02026	0.30158	0.48171	0.00964	0.01446	0.00842	0.00391	0.00552
8	0.00897	0.00660	0.00852	0.00987	0.01082	0.00614	0.00717	0.01065	0.01428	0.01855	0.04341	0.51442	0.15254	0.02070	0.00894	0.00283	0.00441	0.13888	0.00647	0.00585
9	0.01866	0.75896	0.03657	0.01194	0.01791	0.02761	0.01194	0.02090	0.01418	0.01642	0.00970	0.01119	0.00896	0.00597	0.00448	0.00149	0.00746	0.00373	0.00299	0.00896
10	0.00825	0.00707	0.00707	0.00707	0.00943	0.00589	0.00530	0.01001	0.01591	0.01885	0.07069	0.06716	0.70839	0.01767	0.00825	0.00236	0.00353	0.01473	0.00648	0.00589
11	0.01837	0.01390	0.01578	0.05713	0.01948	0.01557	0.01135	0.05931	0.48268	0.10684	0.05822	0.02923	0.02287	0.00997	0.00728	0.00237	0.00583	0.04630	0.00702	0.01050
12	0.11364	0.01933	0.01907	0.01516	0.02031	0.07635	0.01236	0.48597	0.08302	0.06113	0.01678	0.01679	0.01209	0.00817	0.00664	0.00210	0.00758	0.00601	0.00647	0.01101
13	0.00861	0.00708	0.00757	0.00745	0.00965	0.00605	0.00559	0.01072	0.01676	0.02088	0.21228	0.06382	0.56554	0.01692	0.00824	0.00232	0.00348	0.01426	0.00675	0.00605
14	0.01114	0.00928	0.01260	0.01221	0.01342	0.03766	0.00958	0.01350	0.01149	0.01629	0.01740	0.02559	0.01626	0.04644	0.62645	0.01001	0.09335	0.00722	0.00366	0.00645
15	0.05751	0.02532	0.01998	0.01911	0.07517	0.43091	0.03293	0.05158	0.01771	0.01940	0.01302	0.01593	0.02609	0.01122	0.06043	0.00271	0.10353	0.00544	0.00377	0.00826
16	0.01523	0.01406	0.01640	0.01455	0.01553	0.08748	0.01146	0.01714	0.02972	0.04836	0.01761	0.02549	0.05461	0.14934	0.09970	0.00440	0.36045	0.00741	0.00395	0.00709
17	0.00889	0.00669	0.00969	0.01067	0.01139	0.00625	0.03928	0.01033	0.01351	0.01803	0.03729	0.71489	0.04444	0.02109	0.00887	0.00281	0.00442	0.01928	0.00634	0.00585
18	0.01591	0.01768	0.03709	0.06924	0.03463	0.01746	0.56268	0.02121	0.01562	0.02137	0.01380	0.01887	0.01068	0.00842	0.03948	0.00278	0.07268	0.00791	0.00347	0.00903
19	0.01608	0.01668	0.02316	0.01866	0.02119	0.07814	0.12743	0.01865	0.01306	0.01869	0.01097	0.01592	0.00985	0.01092	0.03952	0.00278	0.41495	0.00606	0.00338	0.13391
20	0.01754	0.01631	0.02676	0.12822	0.56899	0.01687	0.02047	0.07762	0.01708	0.02397	0.01334	0.01740	0.01090	0.00650	0.00692	0.00211	0.00837	0.00622	0.00371	0.01071
21	0.01586	0.01678	0.03332	0.16238	0.09918	0.01684	0.42013	0.03640	0.01597	0.02173	0.01414	0.03678	0.01125	0.00680	0.00834	0.00232	0.03860	0.00771	0.00360	0.03188

[dist]
# distance from previous block
# <min> <max>
0	2

[block]
# block no. 4 follows, 30 sequences, length 69
# corresponding to MSA columns:
# 175-243
name=unknown_E
#
# <colnr> <probs for GDERKNQSTAVLIFYWHMCP>
#	G	D	E	R	K	N	Q	S	T	A	V	L	I	F	Y	W	H	M	C	P
0	0.01386	0.01310	0.02217	0.62140	0.15928	0.01568	0.01972	0.01843	0.01428	0.01866	0.01252	0.01838	0.00960	0.00685	0.00697	0.00228	0.00913	0.00620	0.00316	0.00831
1	0.01600	0.01693	0.06647	0.24553	0.40565	0.03865	0.02041	0.02028	0.01502	0.02070	0.01254	0.01724	0.01021	0.00690	0.00797	0.00221	0.05819	0.00609	0.00330	0.00971
2	0.01451	0.00973	0.03556	0.01201	0.05087	0.00841	0.00877	0.01790	0.05593	0.16431	0.13189	0.25751	0.17434	0.01515	0.00800	0.00242	0.00476	0.01322	0.00684	0.00788
3	0.05378	0.01525	0.01709	0.01301	0.01852	0.01499	0.01060	0.26481	0.05856	0.08530	0.01582	0.01655	0.01188	0.00714	0.00664	0.00170	0.03075	0.00540	0.00566	0.34654
4	0.01727	0.01658	0.02832	0.04283	0.71123	0.01658	0.02142	0.02142	0.01589	0.02280	0.01313	0.01727	0.01105	0.00622	0.00691	0.00207	0.00829	0.00622	0.00345	0.01105
5	0.05964	0.22600	0.14529	0.02064	0.02741	0.04962	0.30068	0.02168	0.01558	0.02116	0.04000	0.01672	0.01183	0.00645	0.00664	0.00205	0.00969	0.00627	0.00350	0.00916
6	0.01726	0.01525	0.01464	0.01288	0.01664	0.07920	0.01006	0.14770	0.32342	0.02789	0.03656	0.03468	0.21158	0.01137	0.00733	0.00226	0.00600	0.00921	0.00659	0.00948
7	0.01727	0.01658	0.02832	0.04283	0.71123	0.01658	0.02142	0.02142	0.01589	0.02280	0.01313	0.01727	0.01105	0.00622	0.00691	0.00207	0.00829	0.00622	0.00345	0.01105
8	0.02653	0.01955	0.02094	0.01606	0.02164	0.02164	0.01326	0.68796	0.03281	0.04398	0.01675	0.01675	0.01187	0.00838	0.00698	0.00209	0.00768	0.00628	0.00698	0.01187
9	0.00850	0.00607	0.00810	0.00972	0.01012	0.00567	0.00648	0.00972	0.01336	0.01781	0.03846	0.75020	0.04615	0.02186	0.00891	0.00283	0.00405	0.01984	0.00648	0.00567
10	0.03023	0.01361	0.01727	0.01324	0.01868	0.01283	0.01094	0.18166	0.02287	0.56432	0.02510	0.02217	0.01605	0.00858	0.00701	0.00214	0.00633	0.00685	0.00826	0.01187
11	0.02369	0.01446	0.01616	0.01347	0.01792	0.04158	0.01068	0.09789	0.30269	0.29975	0.02589	0.02478	0.01854	0.04947	0.00857	0.00248	0.00624	0.00738	0.00740	0.01097
12	0.00830	0.00707	0.00714	0.00713	0.00946	0.00591	0.00534	0.01012	0.01603	0.01915	0.09156	0.06667	0.68734	0.01756	0.00825	0.00235	0.00353	0.01466	0.00652	0.00591
13	0.01301	0.00650	0.00650	0.00650	0.00813	0.00650	0.00488	0.01626	0.01463	0.02602	0.02276	0.02602	0.01789	0.00813	0.00488	0.00163	0.00325	0.00650	0.79350	0.00650
14	0.04261	0.02229	0.19398	0.02842	0.27169	0.05906	0.13476	0.04578	0.04281	0.07006	0.01458	0.01722	0.01105	0.00668	0.00697	0.00216	0.00926	0.00625	0.00399	0.01039
15	0.01442	0.10172	0.65668	0.01917	0.02909	0.01724	0.02453	0.02199	0.01468	0.02158	0.01227	0.01441	0.00885	0.00657	0.00643	0.00214	0.01005	0.00503	0.00295	0.01019
16	0.00945	0.00691	0.00893	0.00924	0.01061	0.00639	0.00685	0.01200	0.01723	0.02355	0.39365	0.25094	0.12402	0.01720	0.00855	0.00248	0.00382	0.07483	0.00711	0.00624
17	0.00850	0.00607	0.00810	0.00972	0.01012	0.00567	0.00648	0.00972	0.01336	0.01781	0.03846	0.75020	0.04615	0.02186	0.00891	0.00283	0.00405	0.01984	0.00648	0.00567
18	0.65862	0.12202	0.01452	0.00994	0.01433	0.01762	0.00850	0.02042	0.01216	0.02857	0.00969	0.01147	0.00782	0.00663	0.00508	0.00210	0.03480	0.00386	0.00407	0.00776
19	0.00884	0.00721	0.00769	0.00774	0.00969	0.00642	0.00562	0.01098	0.03384	0.01881	0.08732	0.10764	0.52142	0.09314	0.03976	0.00318	0.00454	0.01404	0.00621	0.00589
20	0.02569	0.01914	0.02073	0.01593	0.02134	0.02119	0.01316	0.63964	0.03135	0.04223	0.01632	0.01662	0.01171	0.00840	0.00749	0.00209	0.03419	0.00620	0.00674	0.03984
21	0.00849	0.00612	0.00805	0.00960	0.01009	0.00568	0.00643	0.00973	0.01347	0.01786	0.03983	0.72131	0.07417	0.02169	0.00888	0.00281	0.00403	0.01962	0.00648	0.00568
22	0.02653	0.01955	0.02094	0.01606	0.02164	0.02164	0.01326	0.68796	0.03281	0.04398	0.01675	0.01675	0.01187	0.00838	0.00698	0.00209	0.00768	0.00628	0.00698	0.01187
23	0.01727	0.01658	0.02832	0.04283	0.71123	0.01658	0.02142	0.02142	0.01589	0.02280	0.01313	0.01727	0.01105	0.00622	0.00691	0.00207	0.00829	0.00622	0.00345	0.01105
24	0.01463	0.03520	0.69274	0.01961	0.02975	0.01599	0.02521	0.02254	0.01493	0.04765	0.01308	0.01507	0.00915	0.00670	0.00664	0.00221	0.01015	0.00523	0.00316	0.01037
25	0.00850	0.00607	0.00810	0.00972	0.01012	0.00567	0.00648	0.00972	0.01336	0.01781	0.03846	0.75020	0.04615	0.02186	0.00891	0.00283	0.00405	0.01984	0.00648	0.00567
26	0.01647	0.01882	0.04118	0.02941	0.03647	0.01765	0.68588	0.02235	0.01647	0.02235	0.01412	0.01882	0.01059	0.00588	0.00824	0.00235	0.01176	0.00824	0.00353	0.00941
27	0.01301	0.00650	0.00650	0.00650	0.00813	0.00650	0.00488	0.01626	0.01463	0.02602	0.02276	0.02602	0.01789	0.00813	0.00488	0.00163	0.00325	0.00650	0.79350	0.00650
28	0.02653	0.01955	0.02094	0.01606	0.02164	0.02164	0.01326	0.68796	0.03281	0.04398	0.01675	0.01675	0.01187	0.00838	0.00698	0.00209	0.00768	0.00628	0.00698	0.01187
29	0.01866	0.75896	0.03657	0.01194	0.01791	0.02761	0.01194	0.02090	0.01418	0.01642	0.00970	0.01119	0.00896	0.00597	0.00448	0.00149	0.00746	0.00373	0.00299	0.00896
30	0.01212	0.00606	0.00909	0.00909	0.00909	0.00606	0.00606	0.00909	0.00909	0.01212	0.01212	0.02121	0.01212	0.02424	0.02727	0.79697	0.00606	0.00606	0.00303	0.00303
31	0.02618	0.01937	0.02074	0.01598	0.02151	0.02148	0.01318	0.66302	0.05832	0.04341	0.01720	0.01711	0.01223	0.00842	0.00699	0.00210	0.00760	0.00634	0.00699	0.01184
32	0.01472	0.01520	0.05241	0.06842	0.02349	0.04340	0.19733	0.01841	0.01443	0.02091	0.07474	0.02184	0.01626	0.01161	0.05358	0.00292	0.21705	0.00730	0.11805	0.00792
33	0.01318	0.01240	0.02093	0.73798	0.04806	0.01550	0.01938	0.01783	0.01395	0.01783	0.01240	0.01860	0.00930	0.00698	0.00698	0.00233	0.00930	0.00620	0.00310	0.00775
34	0.01447	0.01240	0.01447	0.01034	0.01654	0.00930	0.00827	0.01757	0.01447	0.02274	0.01240	0.01447	0.01034	0.00517	0.00517	0.00103	0.00517	0.00413	0.00413	0.79742
35	0.00850	0.00607	0.00810	0.00972	0.01012	0.00567	0.00648	0.00972	0.01336	0.01781	0.03846	0.75020	0.04615	0.02186	0.00891	0.00283	0.00405	0.01984	0.00648	0.00567
36	0.01790	0.01526	0.01609	0.01431	0.01835	0.01761	0.01118	0.07582	0.65900	0.03007	0.02771	0.02548	0.02074	0.00940	0.00709	0.00235	0.00565	0.00779	0.00709	0.01109
37	0.01400	0.03610	0.71860	0.01989	0.03020	0.01621	0.02578	0.02210	0.01473	0.02210	0.01252	0.01473	0.00884	0.00663	0.00663	0.00221	0.01031	0.00516	0.00295	0.01031
38	0.01425	0.07540	0.68152	0.01946	0.02953	0.01683	0.02503	0.02203	0.01470	0.02179	0.01237	0.01454	0.00885	0.00659	0.00651	0.00217	0.01016	0.00508	0.00295	0.01024
39	0.01647	0.01882	0.04118	0.02941	0.03647	0.01765	0.68588	0.02235	0.01647	0.02235	0.01412	0.01882	0.01059	0.00588	0.00824	0.00235	0.01176	0.00824	0.00353	0.00941
40	0.01354	0.01230	0.01926	0.06591	0.36937	0.01214	0.01514	0.01685	0.01572	0.02105	0.03233	0.06590	0.19779	0.01164	0.00772	0.00235	0.00669	0.10088	0.00475	0.00869
41	0.01607	0.01535	0.04931	0.11867	0.02576	0.04265	0.16858	0.02499	0.22720	0.06595	0.02423	0.12882	0.04070	0.01009	0.00759	0.00238	0.00772	0.00938	0.00539	0.00917
42	0.00997	0.00748	0.01121	0.01121	0.01246	0.00872	0.00872	0.01246	0.01121	0.01620	0.01869	0.02741	0.01745	0.05234	0.72710	0.01121	0.01869	0.00748	0.00374	0.00623
43	0.03131	0.01188	0.01619	0.01242	0.01781	0.01026	0.01026	0.03401	0.01997	0.71606	0.02753	0.02375	0.01727	0.00864	0.00702	0.00216	0.00594	0.00702	0.00864	0.01188
44	0.03131	0.01188	0.01619	0.01242	0.01781	0.01026	0.01026	0.03401	0.01997	0.71606	0.02753	0.02375	0.01727	0.00864	0.00702	0.00216	0.00594	0.00702	0.00864	0.01188
45	0.01572	0.01054	0.01319	0.04158	0.04097	0.01070	0.00991	0.02277	0.18638	0.14206	0.15318	0.06761	0.12817	0.01305	0.00789	0.00244	0.00527	0.11297	0.00696	0.00865
46	0.01866	0.75896	0.03657	0.01194	0.01791	0.02761	0.01194	0.02090	0.01418	0.01642	0.00970	0.01119	0.00896	0.00597	0.00448	0.00149	0.00746	0.00373	0.00299	0.00896
47	0.03131	0.01188	0.01619	0.01242	0.01781	0.01026	0.01026	0.03401	0.01997	0.71606	0.02753	0.02375	0.01727	0.00864	0.00702	0.00216	0.00594	0.00702	0.00864	0.01188
48	0.01429	0.01402	0.02072	0.04134	0.01931	0.01862	0.05762	0.01623	0.01146	0.01725	0.01299	0.08577	0.01330	0.01521	0.06686	0.00351	0.55297	0.00763	0.00345	0.00747
49	0.01301	0.00650	0.00650	0.00650	0.00813	0.00650	0.00488	0.01626	0.01463	0.02602	0.02276	0.02602	0.01789	0.00813	0.00488	0.00163	0.00325	0.00650	0.79350	0.00650
50	0.00850	0.00607	0.00810	0.00972	0.01012	0.00567	0.00648	0.00972	0.01336	0.01781	0.03846	0.75020	0.04615	0.02186	0.00891	0.00283	0.00405	0.01984	0.00648	0.00567
51	0.00848	0.00637	0.00786	0.00898	0.00995	0.00576	0.00617	0.00990	0.01424	0.01840	0.06768	0.54673	0.22316	0.02051	0.00871	0.00269	0.00389	0.01825	0.00652	0.00576
52	0.06792	0.07404	0.32139	0.02011	0.04735	0.01719	0.13697	0.02038	0.01430	0.02144	0.01409	0.03827	0.01203	0.00840	0.00924	0.00238	0.11658	0.04529	0.00348	0.00916
53	0.00826	0.00704	0.00710	0.00716	0.00945	0.00588	0.00534	0.01000	0.01582	0.01882	0.06960	0.09021	0.68605	0.01781	0.00827	0.00237	0.00355	0.01490	0.00648	0.00588
54	0.01004	0.00672	0.00764	0.00775	0.00778	0.00669	0.00438	0.01012	0.01036	0.01381	0.02308	0.09244	0.02675	0.70610	0.03375	0.00650	0.00658	0.01079	0.00438	0.00432
55	0.02039	0.26566	0.13098	0.02041	0.13989	0.21658	0.01616	0.07533	0.01756	0.02070	0.01156	0.01358	0.00954	0.00664	0.00591	0.00183	0.00946	0.00478	0.00354	0.00951
56	0.00949	0.00706	0.00869	0.00837	0.01004	0.00641	0.00617	0.01219	0.01816	0.02484	0.50700	0.07896	0.20462	0.05554	0.00974	0.00250	0.00356	0.01320	0.00719	0.00627
57	0.01005	0.00672	0.00764	0.00774	0.00776	0.00670	0.00436	0.01012	0.01034	0.01379	0.02297	0.08759	0.02661	0.71114	0.03393	0.00653	0.00660	0.01072	0.00436	0.00431
58	0.01588	0.01710	0.05244	0.13597	0.25138	0.01687	0.29452	0.02073	0.01535	0.02129	0.01336	0.01825	0.01064	0.00809	0.03242	0.00259	0.05313	0.00705	0.00340	0.00951
59	0.02345	0.01494	0.10458	0.01362	0.01882	0.01170	0.04817	0.08946	0.01932	0.37771	0.08210	0.02580	0.02014	0.06059	0.00899	0.00246	0.00664	0.00745	0.05380	0.01023
60	0.01745	0.01715	0.02515	0.07340	0.48443	0.07748	0.01912	0.03928	0.01612	0.02194	0.01429	0.02104	0.01266	0.00787	0.00852	0.00223	0.07610	0.05205	0.00372	0.01000
61	0.01109	0.00772	0.00972	0.00933	0.01101	0.00733	0.00685	0.03438	0.03943	0.05012	0.45639	0.17283	0.08088	0.05928	0.00986	0.00259	0.00394	0.01329	0.00721	0.00674
62	0.01270	0.03968	0.01091	0.00910	0.01148	0.00812	0.00705	0.03451	0.01878	0.09339	0.42578	0.07076	0.15726	0.01363	0.00774	0.00217	0.00392	0.01173	0.05409	0.00721
63	0.01745	0.02115	0.14577	0.03263	0.42442	0.07494	0.04640	0.04340	0.06188	0.02316	0.01551	0.01838	0.02951	0.00694	0.00691	0.00211	0.00880	0.00631	0.00381	0.01051
64	0.10901	0.03066	0.53728	0.02182	0.12345	0.01619	0.02299	0.02181	0.01455	0.02330	0.01227	0.01468	0.00900	0.00655	0.00639	0.00218	0.00944	0.00514	0.00318	0.01009
65	0.64153	0.05692	0.01136	0.00903	0.01317	0.01495	0.00749	0.01901	0.01260	0.02861	0.01859	0.01945	0.10960	0.00808	0.00490	0.00215	0.00525	0.00537	0.00455	0.00740
66	0.01967	0.09618	0.09085	0.01654	0.06646	0.21365	0.01324	0.06353	0.13799	0.05982	0.02108	0.02232	0.07338	0.03786	0.00769	0.00218	0.00837	0.00654	0.00484	0.03780
67	0.01736	0.01244	0.01448	0.01267	0.01551	0.01349	0.00983	0.27157	0.04276	0.05671	0.08346	0.24336	0.02801	0.03606	0.03177	0.00279	0.04991	0.01115	0.03801	0.00865
68	0.05466	0.00872	0.01203	0.01070	0.01301	0.00826	0.06370	0.01454	0.01561	0.05003	0.23318	0.15980	0.07742	0.08733	0.05346	0.00320	0.00574	0.01141	0.06353	0.05369

[dist]
# distance from previous block
# <min> <max>
1	13

[block]
# block no. 5 follows, 30 sequences, length 9
# corresponding to MSA columns:
# 258-266
name=unknown_F
#
# <colnr> <probs for GDERKNQSTAVLIFYWHMCP>
#	G	D	E	R	K	N	Q	S	T	A	V	L	I	F	Y	W	H	M	C	P
0	0.06473	0.07517	0.13678	0.04869	0.02183	0.21446	0.04468	0.03998	0.05312	0.02113	0.05720	0.02203	0.08198	0.00897	0.00819	0.00215	0.07962	0.00661	0.00420	0.00845
1	0.01201	0.00799	0.01051	0.01141	0.05445	0.00735	0.00785	0.01428	0.01633	0.09257	0.20620	0.21901	0.17956	0.06030	0.00994	0.00273	0.00458	0.06937	0.00667	0.00689
2	0.02271	0.23105	0.02464	0.01706	0.05876	0.35365	0.01321	0.11847	0.01939	0.02099	0.01189	0.01385	0.00996	0.00938	0.04455	0.00227	0.01055	0.00479	0.00391	0.00893
3	0.01011	0.00760	0.00968	0.01009	0.01132	0.00746	0.00719	0.01305	0.05583	0.02103	0.16470	0.46883	0.04374	0.01772	0.00889	0.00254	0.03538	0.01570	0.03563	0.05351
4	0.80405	0.01350	0.01026	0.00918	0.01350	0.01565	0.00756	0.02051	0.01188	0.03131	0.00972	0.01134	0.00756	0.00648	0.00432	0.00216	0.00540	0.00378	0.00432	0.00756
5	0.00850	0.00607	0.00810	0.00972	0.01012	0.00567	0.00648	0.00972	0.01336	0.01781	0.03846	0.75020	0.04615	0.02186	0.00891	0.00283	0.00405	0.01984	0.00648	0.00567
6	0.01718	0.01685	0.02984	0.04125	0.63153	0.01671	0.09990	0.02153	0.01596	0.02275	0.01324	0.01745	0.01100	0.00618	0.00707	0.00211	0.00870	0.00646	0.00346	0.01086
7	0.05889	0.06724	0.36709	0.02028	0.02802	0.01605	0.20756	0.02078	0.01526	0.02248	0.05592	0.05899	0.01479	0.00769	0.00705	0.00224	0.00951	0.00714	0.00367	0.00934
8	0.00854	0.00698	0.00755	0.00762	0.00966	0.00598	0.00563	0.01051	0.01628	0.02026	0.17278	0.13371	0.53517	0.01753	0.00831	0.00238	0.00355	0.01490	0.00668	0.00598

[dist]
# distance from previous block
# <min> <max>
0	1

[block]
# block no. 6 follows, 30 sequences, length 26
# corresponding to MSA columns:
# 268-293
name=unknown_G
#
# <colnr> <probs for GDERKNQSTAVLIFYWHMCP>
#	G	D	E	R	K	N	Q	S	T	A	V	L	I	F	Y	W	H	M	C	P
0	0.00972	0.00721	0.00951	0.06313	0.01312	0.00730	0.00752	0.01204	0.04857	0.01784	0.03320	0.50757	0.03839	0.14241	0.01315	0.00345	0.00508	0.04900	0.00588	0.00590
1	0.03735	0.11345	0.27623	0.10643	0.05763	0.04195	0.06190	0.02323	0.11592	0.02197	0.01629	0.02134	0.01323	0.00789	0.00674	0.00222	0.00880	0.05400	0.00396	0.00948
2	0.07758	0.02012	0.16789	0.04480	0.14255	0.05840	0.06234	0.04412	0.16660	0.02488	0.04839	0.02460	0.01715	0.00858	0.00703	0.00228	0.00803	0.06023	0.00475	0.00967
3	0.01832	0.01590	0.02293	0.01747	0.02216	0.01647	0.16799	0.23144	0.01994	0.02779	0.01561	0.05336	0.01339	0.05617	0.01098	0.00240	0.10698	0.00717	0.00487	0.16866
4	0.01794	0.41026	0.06196	0.01587	0.02120	0.08042	0.11340	0.02223	0.06523	0.01916	0.04699	0.01605	0.01298	0.00722	0.00701	0.00189	0.06213	0.00546	0.00366	0.00895
5	0.08242	0.01307	0.01236	0.01140	0.01422	0.10063	0.00885	0.06178	0.11810	0.04717	0.12175	0.03571	0.12073	0.04157	0.08292	0.00330	0.00727	0.04735	0.06159	0.00779
6	0.14978	0.03929	0.03401	0.01213	0.01620	0.01605	0.01012	0.25562	0.10350	0.03289	0.01806	0.01922	0.01368	0.00811	0.00636	0.00202	0.02751	0.00600	0.22012	0.00933
7	0.02200	0.13640	0.02195	0.01718	0.06768	0.27650	0.01297	0.18626	0.04348	0.02446	0.01742	0.01871	0.06177	0.00964	0.02955	0.00224	0.03199	0.00594	0.00464	0.00922
8	0.01826	0.01599	0.02410	0.06063	0.43435	0.06664	0.04676	0.02200	0.01677	0.09771	0.05259	0.02435	0.03884	0.00803	0.00719	0.00216	0.00804	0.04102	0.00449	0.01009
9	0.00932	0.00724	0.00848	0.00883	0.01055	0.00661	0.00663	0.01189	0.03491	0.02072	0.17862	0.18475	0.33475	0.04936	0.00968	0.00271	0.00414	0.09806	0.00662	0.00612
10	0.01100	0.00736	0.00884	0.00875	0.01035	0.00700	0.00634	0.01429	0.05180	0.04642	0.28960	0.18715	0.12180	0.06909	0.00977	0.00260	0.00392	0.01278	0.12460	0.00654
11	0.11681	0.01481	0.02006	0.31559	0.06634	0.01710	0.04999	0.13928	0.14220	0.02667	0.01587	0.01866	0.01188	0.00752	0.00673	0.00226	0.00791	0.00632	0.00470	0.00930
12	0.01621	0.01155	0.01374	0.08441	0.01820	0.01219	0.01009	0.09102	0.19586	0.11111	0.08596	0.06921	0.16988	0.03286	0.00840	0.00248	0.00561	0.04577	0.00665	0.00880
13	0.01723	0.01749	0.02592	0.17757	0.44484	0.09138	0.03956	0.02113	0.01562	0.02083	0.01253	0.01697	0.01036	0.00682	0.00784	0.00216	0.05245	0.00609	0.00338	0.00983
14	0.01036	0.00725	0.00849	0.00858	0.00924	0.00718	0.00548	0.04022	0.01295	0.01725	0.07645	0.19401	0.08177	0.44004	0.04649	0.00523	0.00613	0.01244	0.00521	0.00522
15	0.10913	0.01116	0.01100	0.03216	0.01325	0.03981	0.00768	0.12780	0.01706	0.02774	0.01872	0.02283	0.01516	0.06375	0.00801	0.00219	0.02254	0.00624	0.41106	0.03270
16	0.01654	0.10660	0.41669	0.02396	0.17969	0.09598	0.02201	0.02246	0.01549	0.02111	0.01217	0.01469	0.00936	0.00653	0.00643	0.00206	0.00982	0.00517	0.00314	0.01009
17	0.03131	0.01188	0.01619	0.01242	0.01781	0.01026	0.01026	0.03401	0.01997	0.71606	0.02753	0.02375	0.01727	0.00864	0.00702	0.00216	0.00594	0.00702	0.00864	0.01188
18	0.01502	0.01032	0.01228	0.01161	0.01395	0.01061	0.00865	0.15364	0.09027	0.07963	0.09568	0.40137	0.03616	0.01605	0.00811	0.00252	0.00502	0.01413	0.00693	0.00807
19	0.01999	0.34413	0.10965	0.01679	0.07746	0.12466	0.01450	0.04956	0.01619	0.08102	0.01271	0.01455	0.01036	0.00888	0.03791	0.00225	0.04137	0.00488	0.00381	0.00936
20	0.00943	0.00736	0.00871	0.00908	0.01109	0.00665	0.00729	0.01190	0.01665	0.02112	0.17701	0.06782	0.39424	0.01752	0.00865	0.00258	0.00434	0.20569	0.00668	0.00618
21	0.00935	0.00711	0.00859	0.00822	0.01010	0.00636	0.00617	0.01215	0.01850	0.02502	0.50084	0.05700	0.27440	0.01537	0.00824	0.00225	0.00337	0.01330	0.00729	0.00636
22	0.01442	0.01774	0.12028	0.39964	0.04172	0.01633	0.24903	0.01995	0.01492	0.01995	0.01301	0.01817	0.00968	0.00656	0.00736	0.00232	0.01028	0.00676	0.00323	0.00866
23	0.02947	0.01297	0.01665	0.01297	0.01824	0.01212	0.01064	0.10231	0.08646	0.58023	0.02649	0.02324	0.01710	0.00869	0.00702	0.00217	0.00608	0.00702	0.00832	0.01180
24	0.01544	0.01276	0.01392	0.01296	0.01625	0.01414	0.01021	0.07639	0.42292	0.02705	0.03461	0.08936	0.10877	0.01263	0.00771	0.00250	0.00546	0.10060	0.00688	0.00945
25	0.02136	0.03635	0.01596	0.01258	0.01705	0.01370	0.01013	0.11593	0.22261	0.24008	0.10636	0.02799	0.05746	0.00965	0.00704	0.00213	0.00561	0.00793	0.00727	0.06281

[dist]
# distance from previous block
# <min> <max>
14	19

[block]
# block no. 7 follows, 30 sequences, length 41
# corresponding to MSA columns:
# 313-353
name=unknown_H
#
# <colnr> <probs for GDERKNQSTAVLIFYWHMCP>
#	G	D	E	R	K	N	Q	S	T	A	V	L	I	F	Y	W	H	M	C	P
0	0.01585	0.01189	0.01324	0.01097	0.01480	0.01183	0.00862	0.15417	0.10712	0.02759	0.05814	0.02622	0.06306	0.04354	0.06332	0.00271	0.00629	0.00713	0.14617	0.20735
1	0.04199	0.10337	0.09130	0.30519	0.02923	0.01468	0.01481	0.05151	0.01485	0.01984	0.02034	0.12449	0.05944	0.01087	0.00795	0.04025	0.00761	0.03048	0.00411	0.00769
2	0.01914	0.02061	0.02115	0.03916	0.06672	0.27155	0.13380	0.08539	0.01893	0.02231	0.07525	0.02477	0.07392	0.04746	0.00854	0.00229	0.00931	0.00742	0.04401	0.00829
3	0.01851	0.01362	0.01563	0.05113	0.01884	0.01517	0.01100	0.03181	0.44015	0.13440	0.02779	0.02638	0.05328	0.00958	0.00785	0.00230	0.04521	0.00774	0.03253	0.03709
4	0.01538	0.01638	0.04709	0.02020	0.15955	0.15837	0.04320	0.01855	0.01672	0.02059	0.06291	0.09960	0.07453	0.01281	0.00797	0.00246	0.00791	0.20285	0.00503	0.00792
