[name]
unknown

[dist]
# distance from previous block
# <min> <max>
0	7

[block]
# block no. 0 follows, 31 sequences, length 23
# corresponding to MSA columns:
# 7-29
name=unknown_A
#
# <colnr> <probs for GDERKNQSTAVLIFYWHMCP>
#	G	D	E	R	K	N	Q	S	T	A	V	L	I	F	Y	W	H	M	C	P
0	0.01102	0.00787	0.01102	0.01260	0.01417	0.00787	0.01102	0.01417	0.01575	0.02047	0.03622	0.07717	0.03937	0.01890	0.00945	0.00315	0.00630	0.67084	0.00630	0.00630
1	0.01829	0.76368	0.03585	0.01171	0.01756	0.02707	0.01171	0.02049	0.01390	0.01610	0.00951	0.01097	0.00878	0.00585	0.00439	0.00146	0.00732	0.00366	0.00293	0.00878
2	0.01419	0.01216	0.01419	0.01013	0.01621	0.00912	0.00811	0.01723	0.01419	0.02229	0.01216	0.01419	0.01013	0.00507	0.00507	0.00101	0.00507	0.00405	0.00405	0.80139
3	0.00834	0.00595	0.00794	0.00953	0.00992	0.00556	0.00635	0.00953	0.01310	0.01746	0.03771	0.75510	0.04525	0.02143	0.00873	0.00278	0.00397	0.01945	0.00635	0.00556
4	0.02301	0.01768	0.01885	0.01514	0.02008	0.01982	0.01228	0.47513	0.25599	0.03829	0.02023	0.01945	0.01471	0.00857	0.00688	0.00214	0.00682	0.00668	0.00688	0.01137
5	0.01972	0.00901	0.01214	0.01063	0.01373	0.00799	0.00821	0.02209	0.01771	0.36871	0.18328	0.23514	0.03553	0.01334	0.00767	0.00231	0.00472	0.01164	0.00766	0.00877
6	0.00834	0.00595	0.00794	0.00953	0.00992	0.00556	0.00635	0.00953	0.01310	0.01746	0.03771	0.75510	0.04525	0.02143	0.00873	0.00278	0.00397	0.01945	0.00635	0.00556
7	0.01365	0.01290	0.02183	0.61629	0.16828	0.01539	0.01936	0.01812	0.01402	0.01836	0.01229	0.01800	0.00943	0.00671	0.00683	0.00224	0.00894	0.00608	0.00310	0.00819
8	0.01696	0.46813	0.28375	0.01478	0.02207	0.05434	0.01668	0.02122	0.01434	0.01814	0.01056	0.01229	0.00874	0.00614	0.00523	0.00173	0.00855	0.00420	0.00294	0.00922
9	0.00994	0.00693	0.00885	0.00893	0.00943	0.00735	0.00600	0.01094	0.01061	0.01453	0.02121	0.04035	0.02298	0.47991	0.27123	0.00794	0.01060	0.04324	0.00409	0.00493
10	0.01702	0.01470	0.01547	0.01392	0.01779	0.01702	0.01083	0.03635	0.70453	0.02862	0.02785	0.02553	0.02088	0.00928	0.00696	0.00232	0.00541	0.00773	0.00696	0.01083
11	0.00985	0.00805	0.00893	0.00904	0.01134	0.00758	0.00716	0.01404	0.09682	0.02063	0.09593	0.06260	0.45214	0.01651	0.00824	0.00248	0.00428	0.15140	0.00648	0.00652
12	0.01292	0.01216	0.02052	0.74312	0.04712	0.01520	0.01900	0.01748	0.01368	0.01748	0.01216	0.01824	0.00912	0.00684	0.00684	0.00228	0.00912	0.00608	0.00304	0.00760
13	0.47879	0.02043	0.01406	0.01249	0.01657	0.26638	0.00984	0.07052	0.01581	0.02670	0.01038	0.01192	0.00820	0.00673	0.00510	0.00199	0.00791	0.00412	0.00417	0.00789
14	0.01567	0.26346	0.47855	0.01689	0.02547	0.01962	0.02050	0.04938	0.01501	0.02081	0.01158	0.01344	0.00883	0.00637	0.00585	0.00194	0.00913	0.00466	0.00307	0.00976
15	0.00855	0.00617	0.00810	0.00926	0.00994	0.00572	0.00632	0.01011	0.01426	0.01919	0.15335	0.60698	0.07665	0.02000	0.00859	0.00265	0.00382	0.01804	0.00655	0.00572
16	0.01793	0.51676	0.10356	0.01385	0.01916	0.05172	0.01371	0.04886	0.01443	0.01790	0.01005	0.01221	0.00892	0.00698	0.00748	0.00180	0.11846	0.00429	0.00312	0.00881
17	0.01721	0.01677	0.02706	0.10193	0.57551	0.04669	0.04870	0.04362	0.01615	0.02236	0.01287	0.01690	0.01061	0.00626	0.00681	0.00205	0.00852	0.00611	0.00348	0.01038
18	0.00820	0.00694	0.00709	0.00705	0.00931	0.00582	0.00529	0.01004	0.01586	0.01912	0.11506	0.06479	0.66796	0.01709	0.00808	0.00230	0.00345	0.01429	0.00644	0.00582
19	0.01131	0.01321	0.13944	0.01137	0.01475	0.00973	0.01054	0.01703	0.09294	0.02581	0.46294	0.04121	0.07550	0.01220	0.00810	0.00221	0.02725	0.01044	0.00644	0.00760
20	0.01330	0.01290	0.02287	0.65862	0.04578	0.01545	0.09862	0.01800	0.01397	0.01800	0.01236	0.01827	0.00927	0.00671	0.00699	0.00228	0.00941	0.00632	0.00309	0.00779
21	0.01071	0.00830	0.00974	0.00927	0.01119	0.00824	0.00685	0.01625	0.14245	0.02447	0.38967	0.08833	0.15418	0.07771	0.01019	0.00263	0.00400	0.01205	0.00689	0.00690
22	0.46567	0.05866	0.01479	0.01228	0.01634	0.25790	0.00975	0.02333	0.04711	0.02513	0.01074	0.01220	0.00859	0.00670	0.00502	0.00197	0.00778	0.00413	0.00406	0.00782

[dist]
# distance from previous block
# <min> <max>
0	1

[block]
# block no. 1 follows, 31 sequences, length 22
# corresponding to MSA columns:
# 31-52
name=unknown_B
#
# <colnr> <probs for GDERKNQSTAVLIFYWHMCP>
#	G	D	E	R	K	N	Q	S	T	A	V	L	I	F	Y	W	H	M	C	P
0	0.07945	0.47301	0.06115	0.01253	0.01797	0.09620	0.01184	0.02288	0.04058	0.08870	0.03172	0.01417	0.01148	0.00666	0.00511	0.00169	0.00748	0.00452	0.00392	0.00895
1	0.01620	0.19104	0.43706	0.01715	0.02481	0.10947	0.01978	0.02151	0.01463	0.01932	0.01134	0.01367	0.00883	0.00722	0.00724	0.03032	0.03350	0.00473	0.00298	0.00921
2	0.00963	0.00681	0.00862	0.00877	0.00934	0.00710	0.00585	0.01063	0.01092	0.01482	0.02488	0.10835	0.06506	0.41557	0.25662	0.00742	0.00998	0.01028	0.00433	0.00501
3	0.01265	0.01179	0.01978	0.69975	0.04492	0.01463	0.01825	0.01701	0.01365	0.01748	0.01367	0.06181	0.01126	0.00770	0.00695	0.00231	0.00882	0.00687	0.00324	0.00748
4	0.00987	0.00660	0.00748	0.00756	0.00758	0.00658	0.00425	0.00993	0.01009	0.01346	0.02230	0.07766	0.02582	0.72539	0.03361	0.00645	0.00651	0.01039	0.00425	0.00421
5	0.68537	0.04153	0.01212	0.00979	0.01423	0.01613	0.00814	0.07995	0.01378	0.05287	0.01068	0.01196	0.00813	0.00656	0.00455	0.00209	0.00558	0.00402	0.00455	0.00796
6	0.02301	0.08085	0.08410	0.01579	0.02097	0.19925	0.01359	0.27936	0.12985	0.06215	0.01631	0.01653	0.01212	0.00776	0.00647	0.00199	0.00855	0.00570	0.00544	0.01022
7	0.04163	0.42457	0.25636	0.01469	0.02156	0.02244	0.01620	0.05934	0.01489	0.01992	0.01078	0.01261	0.00887	0.00652	0.00611	0.00182	0.04487	0.00437	0.00318	0.00927
8	0.00977	0.00733	0.01100	0.01100	0.01222	0.00855	0.00855	0.01222	0.01100	0.01588	0.01833	0.02688	0.01710	0.05131	0.73245	0.01100	0.01833	0.00733	0.00367	0.00611
9	0.02279	0.01710	0.01838	0.01488	0.01973	0.01908	0.01203	0.41137	0.28873	0.06955	0.02129	0.02023	0.01542	0.00863	0.00689	0.00216	0.00664	0.00680	0.00697	0.01133
10	0.00995	0.00663	0.00746	0.00746	0.00746	0.00663	0.00415	0.00995	0.00995	0.01327	0.02156	0.04477	0.02487	0.75957	0.03482	0.00663	0.00663	0.00995	0.00415	0.00415
11	0.01508	0.01222	0.01431	0.01036	0.01633	0.00944	0.00830	0.01867	0.03835	0.05632	0.01342	0.01502	0.01083	0.00538	0.00522	0.00111	0.00512	0.00432	0.00437	0.73585
12	0.01494	0.00791	0.00825	0.00759	0.00975	0.00804	0.00586	0.08452	0.01638	0.06091	0.02196	0.02449	0.01692	0.00802	0.00509	0.00167	0.00375	0.00638	0.68043	0.00716
13	0.02289	0.01617	0.01774	0.01553	0.05300	0.06902	0.01178	0.24940	0.16759	0.17212	0.01971	0.01982	0.01436	0.00985	0.00920	0.07444	0.03439	0.00648	0.00629	0.01021
14	0.03476	0.00955	0.01097	0.00992	0.01294	0.00917	0.00773	0.05240	0.10522	0.15639	0.12664	0.10095	0.28525	0.01385	0.00765	0.00230	0.00452	0.03489	0.00695	0.00795
15	0.01394	0.03408	0.67639	0.02104	0.07672	0.01591	0.02498	0.02162	0.01452	0.02171	0.01232	0.01461	0.00882	0.00647	0.00652	0.00216	0.00997	0.00513	0.00292	0.01016
16	0.01702	0.01470	0.01547	0.01392	0.01779	0.01702	0.01083	0.03635	0.70453	0.02862	0.02785	0.02553	0.02088	0.00928	0.00696	0.00232	0.00541	0.00773	0.00696	0.01083
17	0.03070	0.01164	0.01588	0.01217	0.01746	0.01006	0.01006	0.03334	0.01958	0.72163	0.02699	0.02329	0.01694	0.00847	0.00688	0.00212	0.00582	0.00688	0.00847	0.01164
18	0.00978	0.00729	0.01080	0.01080	0.01195	0.00844	0.00831	0.01209	0.01094	0.01574	0.01851	0.02787	0.01754	0.09076	0.69360	0.01075	0.01767	0.00748	0.00369	0.00600
19	0.01292	0.01216	0.02052	0.74312	0.04712	0.01520	0.01900	0.01748	0.01368	0.01748	0.01216	0.01824	0.00912	0.00684	0.00684	0.00228	0.00912	0.00608	0.00304	0.00760
20	0.02601	0.01916	0.02053	0.01574	0.02122	0.02122	0.01300	0.69408	0.03217	0.04312	0.01643	0.01643	0.01163	0.00821	0.00684	0.00205	0.00753	0.00616	0.00684	0.01163
21	0.01695	0.01599	0.02570	0.03727	0.59927	0.01638	0.01929	0.02358	0.13148	0.02341	0.01539	0.01838	0.01253	0.00663	0.00680	0.00208	0.00767	0.00637	0.00399	0.01084

[dist]
# distance from previous block
# <min> <max>
1	4

[block]
# block no. 2 follows, 31 sequences, length 72
# corresponding to MSA columns:
# 57-128
name=unknown_C
#
# <colnr> <probs for GDERKNQSTAVLIFYWHMCP>
#	G	D	E	R	K	N	Q	S	T	A	V	L	I	F	Y	W	H	M	C	P
0	0.69465	0.01311	0.01089	0.00952	0.01386	0.01483	0.00782	0.02214	0.03711	0.10633	0.01209	0.01296	0.00893	0.00669	0.00462	0.00212	0.00535	0.00420	0.00479	0.00799
1	0.02469	0.02879	0.01938	0.04288	0.02189	0.55630	0.01325	0.13000	0.06049	0.02151	0.01252	0.01393	0.00995	0.00735	0.00634	0.00186	0.01109	0.00493	0.00422	0.00866
2	0.00975	0.00792	0.01210	0.20602	0.02050	0.00842	0.02668	0.01196	0.01333	0.01758	0.03029	0.54001	0.03473	0.01715	0.00821	0.00263	0.00553	0.01560	0.00539	0.00619
3	0.00977	0.00733	0.01100	0.01100	0.01222	0.00855	0.00855	0.01222	0.01100	0.01588	0.01833	0.02688	0.01710	0.05131	0.73245	0.01100	0.01833	0.00733	0.00367	0.00611
4	0.01738	0.01546	0.01564	0.01408	0.01793	0.04733	0.01093	0.03597	0.67549	0.02812	0.02711	0.02497	0.02037	0.00919	0.00693	0.00230	0.00571	0.00759	0.00682	0.01071
5	0.00834	0.00595	0.00794	0.00953	0.00992	0.00556	0.00635	0.00953	0.01310	0.01746	0.03771	0.75510	0.04525	0.02143	0.00873	0.00278	0.00397	0.01945	0.00635	0.00556
6	0.01393	0.03345	0.65105	0.02003	0.02952	0.01619	0.06764	0.02147	0.01439	0.02147	0.01224	0.01472	0.00879	0.00668	0.00726	0.00221	0.04080	0.00529	0.00293	0.00995
7	0.01882	0.01429	0.01552	0.01369	0.01775	0.01610	0.01073	0.03596	0.61399	0.12023	0.02773	0.02523	0.02036	0.00917	0.00695	0.00229	0.00547	0.00762	0.00716	0.01094
8	0.00842	0.00602	0.00802	0.00947	0.00994	0.00561	0.00636	0.00974	0.01350	0.01810	0.08106	0.70992	0.04649	0.02096	0.00869	0.00274	0.00392	0.01899	0.00643	0.00561
9	0.00929	0.00685	0.00869	0.00850	0.01005	0.00625	0.00627	0.01205	0.01804	0.02492	0.53807	0.14564	0.14915	0.01541	0.00816	0.00226	0.00336	0.01358	0.00722	0.00625
10	0.01359	0.01301	0.01453	0.01334	0.01421	0.10916	0.01026	0.01510	0.01173	0.01561	0.01501	0.02503	0.01509	0.18777	0.25540	0.00624	0.24792	0.00708	0.00354	0.00636
11	0.00986	0.00698	0.00923	0.00923	0.00984	0.00759	0.00635	0.01109	0.01047	0.01458	0.01994	0.03580	0.02098	0.40465	0.38441	0.00882	0.01249	0.00864	0.00390	0.00513
12	0.00925	0.00709	0.00788	0.00760	0.00979	0.00611	0.00573	0.01147	0.01687	0.04206	0.26662	0.06004	0.49318	0.01603	0.00804	0.00226	0.00346	0.01358	0.00678	0.00616
13	0.01737	0.01730	0.02568	0.05410	0.37792	0.07130	0.11161	0.02521	0.18247	0.02322	0.01643	0.01891	0.01299	0.00692	0.00696	0.00213	0.00830	0.00664	0.00426	0.01028
14	0.02438	0.03065	0.01956	0.01766	0.02080	0.65322	0.01341	0.02611	0.01840	0.01671	0.01040	0.01263	0.00883	0.00760	0.00797	0.00190	0.09383	0.00458	0.00347	0.00788
15	0.01508	0.01414	0.02193	0.06125	0.02140	0.01765	0.11444	0.04179	0.01307	0.04144	0.03793	0.05459	0.01385	0.01356	0.06269	0.00326	0.43303	0.00732	0.00375	0.00781
16	0.01692	0.01826	0.02119	0.01819	0.01902	0.14994	0.03290	0.01858	0.01225	0.01666	0.00940	0.01458	0.00899	0.01091	0.01911	0.00275	0.59386	0.00576	0.00310	0.00761
17	0.00946	0.00705	0.00905	0.04056	0.01199	0.00682	0.00708	0.04390	0.01475	0.01947	0.08110	0.56111	0.12361	0.01921	0.00844	0.00263	0.00426	0.01719	0.00631	0.00603
18	0.01665	0.01591	0.02690	0.07039	0.65941	0.01591	0.02038	0.02069	0.01544	0.02214	0.01281	0.01687	0.01073	0.00608	0.00671	0.00200	0.00804	0.00601	0.00340	0.04352
19	0.01451	0.01430	0.02067	0.01746	0.01805	0.01904	0.05409	0.01619	0.01095	0.01676	0.01094	0.03579	0.01110	0.06296	0.02162	0.00314	0.61319	0.00667	0.00321	0.02938
20	0.12056	0.01380	0.01451	0.01287	0.01648	0.01583	0.01015	0.02942	0.46201	0.02674	0.02594	0.02502	0.06857	0.00947	0.00789	0.00227	0.06834	0.00733	0.00605	0.05675
21	0.01577	0.33847	0.40747	0.01602	0.02409	0.02060	0.01901	0.02178	0.04287	0.01963	0.01177	0.01346	0.00922	0.00635	0.00564	0.00188	0.00875	0.00458	0.00307	0.00959
22	0.00977	0.00733	0.01100	0.01100	0.01222	0.00855	0.00855	0.01222	0.01100	0.01588	0.01833	0.02688	0.01710	0.05131	0.73245	0.01100	0.01833	0.00733	0.00367	0.00611
23	0.00897	0.00696	0.00815	0.00883	0.01046	0.00630	0.00677	0.01084	0.01481	0.01845	0.05233	0.19482	0.38136	0.06567	0.01024	0.00288	0.00445	0.17574	0.00620	0.00576
24	0.01546	0.01694	0.03473	0.11863	0.07566	0.01689	0.49838	0.02055	0.01538	0.02089	0.01487	0.01950	0.03107	0.00671	0.00886	0.00234	0.06305	0.00774	0.00346	0.00889
25	0.02173	0.02210	0.02178	0.06505	0.04601	0.28841	0.10421	0.17187	0.02049	0.05650	0.01637	0.01836	0.04523	0.00943	0.03331	0.00236	0.03703	0.00622	0.00457	0.00898
26	0.02606	0.01428	0.01692	0.01350	0.01847	0.01458	0.01098	0.19712	0.19697	0.37789	0.02460	0.02216	0.01663	0.00861	0.00689	0.00215	0.00614	0.00692	0.00768	0.01143
27	0.07940	0.01030	0.01484	0.36779	0.02873	0.01196	0.01277	0.01638	0.05503	0.02033	0.11060	0.15377	0.02429	0.05462	0.00876	0.00259	0.00674	0.00939	0.00462	0.00706
28	0.02303	0.01598	0.01844	0.01769	0.11088	0.05827	0.01249	0.20894	0.18383	0.20796	0.02200	0.05469	0.01647	0.00880	0.00692	0.00215	0.00679	0.00722	0.00661	0.01084
29	0.01630	0.01678	0.01984	0.01676	0.01986	0.19503	0.16960	0.03865	0.01646	0.04524	0.06239	0.26666	0.02510	0.01233	0.00844	0.00234	0.04469	0.01102	0.00495	0.00757
30	0.25587	0.01422	0.01836	0.21185	0.15794	0.01618	0.01438	0.11233	0.01605	0.04554	0.01307	0.01733	0.01039	0.00738	0.00685	0.00221	0.04188	0.02516	0.00424	0.00878
31	0.00841	0.00677	0.00750	0.00769	0.00953	0.00585	0.00562	0.01030	0.01580	0.01985	0.17549	0.18704	0.48119	0.01748	0.00820	0.00237	0.00351	0.01498	0.00656	0.00585
32	0.01427	0.01223	0.01422	0.01025	0.01626	0.00935	0.00819	0.01779	0.03458	0.02248	0.01262	0.01452	0.01045	0.00519	0.00512	0.00105	0.00508	0.00416	0.00414	0.77803
33	0.02770	0.01344	0.01656	0.01296	0.01803	0.01310	0.01062	0.17592	0.09491	0.48069	0.02466	0.02211	0.01623	0.00848	0.00682	0.00211	0.00607	0.00680	0.03142	0.01140
34	0.00957	0.00699	0.00899	0.00849	0.01015	0.00641	0.00637	0.01270	0.01911	0.02682	0.66909	0.05212	0.10913	0.01422	0.00807	0.00216	0.00324	0.01251	0.00745	0.00641
35	0.01702	0.01470	0.01547	0.01392	0.01779	0.01702	0.01083	0.03635	0.70453	0.02862	0.02785	0.02553	0.02088	0.00928	0.00696	0.00232	0.00541	0.00773	0.00696	0.01083
36	0.00894	0.00621	0.00776	0.00875	0.00899	0.00596	0.00552	0.00969	0.01191	0.01588	0.03161	0.48707	0.03756	0.29996	0.01858	0.00423	0.00497	0.01586	0.00552	0.00502
37	0.01292	0.01090	0.01261	0.00989	0.01463	0.00883	0.00772	0.01682	0.06362	0.02220	0.06375	0.08619	0.09834	0.00870	0.00604	0.00147	0.00470	0.00732	0.00493	0.53841
38	0.01829	0.76368	0.03585	0.01171	0.01756	0.02707	0.01171	0.02049	0.01390	0.01610	0.00951	0.01097	0.00878	0.00585	0.00439	0.00146	0.00732	0.00366	0.00293	0.00878
39	0.01292	0.01216	0.02052	0.74312	0.04712	0.01520	0.01900	0.01748	0.01368	0.01748	0.01216	0.01824	0.00912	0.00684	0.00684	0.00228	0.00912	0.00608	0.00304	0.00760
40	0.01693	0.01626	0.02777	0.04199	0.71689	0.01626	0.02100	0.02100	0.01558	0.02235	0.01287	0.01693	0.01084	0.00610	0.00677	0.00203	0.00813	0.00610	0.00339	0.01084
41	0.01419	0.01216	0.01419	0.01013	0.01621	0.00912	0.00811	0.01723	0.01419	0.02229	0.01216	0.01419	0.01013	0.00507	0.00507	0.00101	0.00507	0.00405	0.00405	0.80139
42	0.00832	0.00602	0.00787	0.00936	0.00988	0.00557	0.00628	0.00954	0.01326	0.01753	0.03972	0.71127	0.08778	0.02117	0.00869	0.00275	0.00394	0.01913	0.00635	0.00557
43	0.00846	0.00618	0.00816	0.00945	0.01010	0.00588	0.00647	0.00982	0.01310	0.01739	0.03845	0.62322	0.09933	0.02409	0.08145	0.00356	0.00537	0.01780	0.00608	0.00563
44	0.01788	0.55899	0.14262	0.01401	0.02025	0.06967	0.03485	0.02104	0.01431	0.01720	0.01013	0.01195	0.00882	0.00620	0.00545	0.00166	0.02896	0.00413	0.00298	0.00891
45	0.00977	0.00733	0.01100	0.01100	0.01222	0.00855	0.00855	0.01222	0.01100	0.01588	0.01833	0.02688	0.01710	0.05131	0.73245	0.01100	0.01833	0.00733	0.00367	0.00611
46	0.00834	0.00595	0.00794	0.00953	0.00992	0.00556	0.00635	0.00953	0.01310	0.01746	0.03771	0.75510	0.04525	0.02143	0.00873	0.00278	0.00397	0.01945	0.00635	0.00556
47	0.01649	0.01692	0.06442	0.01836	0.02321	0.01722	0.19029	0.03072	0.44894	0.02585	0.02232	0.02249	0.01682	0.00833	0.00799	0.00234	0.04390	0.00758	0.00561	0.01020
48	0.80789	0.01323	0.01006	0.00900	0.01323	0.01535	0.00741	0.02011	0.01164	0.03070	0.00953	0.01111	0.00741	0.00635	0.00423	0.00212	0.00529	0.00370	0.00423	0.00741
49	0.01500	0.01405	0.02288	0.19541	0.43322	0.01476	0.01801	0.01987	0.05581	0.02169	0.06212	0.02304	0.05920	0.00767	0.00697	0.00213	0.00758	0.00712	0.00397	0.00950
50	0.01154	0.00907	0.01039	0.00985	0.01211	0.00914	0.00741	0.05686	0.15419	0.02504	0.28606	0.15606	0.19647	0.01461	0.00788	0.00231	0.00409	0.01264	0.00693	0.00734
51	0.02589	0.10131	0.02145	0.01464	0.02011	0.01832	0.03603	0.37885	0.04640	0.23884	0.01901	0.01818	0.01311	0.00797	0.00662	0.00202	0.00708	0.00620	0.00676	0.01120
52	0.02480	0.01856	0.01985	0.01550	0.02075	0.02065	0.01271	0.60552	0.12270	0.04116	0.01796	0.01765	0.01288	0.00836	0.00686	0.00209	0.00724	0.00637	0.00686	0.01153
53	0.02360	0.01734	0.01871	0.01496	0.01994	0.01924	0.01216	0.45376	0.23368	0.08230	0.02054	0.01960	0.01476	0.00855	0.00688	0.00214	0.00678	0.00668	0.00698	0.01139
54	0.01802	0.72036	0.07679	0.01217	0.01828	0.02641	0.01251	0.02056	0.01393	0.01643	0.00968	0.01118	0.00877	0.00589	0.00452	0.00151	0.00748	0.00374	0.00292	0.00886
55	0.02668	0.01703	0.02051	0.01559	0.02111	0.01786	0.05576	0.46724	0.02764	0.23039	0.01920	0.01846	0.01303	0.00813	0.00693	0.00209	0.00731	0.00648	0.00708	0.01148
56	0.00809	0.00693	0.00693	0.00693	0.00924	0.00578	0.00520	0.00982	0.01559	0.01848	0.06931	0.06584	0.71411	0.01733	0.00809	0.00231	0.00347	0.01444	0.00635	0.00578
57	0.01371	0.12371	0.40556	0.01710	0.02447	0.01547	0.09024	0.01964	0.01562	0.02221	0.16399	0.02236	0.02097	0.00796	0.00673	0.00209	0.00840	0.00678	0.00396	0.00905
58	0.01054	0.00739	0.00906	0.00893	0.00966	0.00764	0.00588	0.01225	0.05503	0.01529	0.02145	0.08784	0.02307	0.43827	0.16885	0.06320	0.00859	0.00947	0.00430	0.03329
59	0.01064	0.00893	0.01020	0.05286	0.01329	0.05827	0.00762	0.01265	0.01508	0.02005	0.20125	0.39842	0.04202	0.05107	0.00924	0.00258	0.00488	0.01432	0.00599	0.06062
60	0.01290	0.03664	0.01400	0.01404	0.10738	0.00920	0.00918	0.01539	0.01483	0.05529	0.08533	0.25317	0.07140	0.01208	0.00696	0.00195	0.00499	0.01066	0.00531	0.25930
61	0.01472	0.01438	0.09963	0.01145	0.01605	0.03969	0.00987	0.04861	0.01476	0.06567	0.01823	0.11796	0.01755	0.13585	0.01102	0.00249	0.00627	0.00751	0.00462	0.34366
62	0.01712	0.08455	0.05024	0.02025	0.07387	0.07939	0.23945	0.05317	0.05729	0.02246	0.01353	0.01615	0.01069	0.00607	0.00647	0.00179	0.00860	0.00589	0.00393	0.22910
63	0.01916	0.08501	0.02519	0.01790	0.02310	0.15077	0.21281	0.09378	0.04626	0.05694	0.01463	0.01815	0.01183	0.06001	0.00858	0.00220	0.00898	0.00621	0.00432	0.13418
64	0.01772	0.01606	0.02234	0.01816	0.05606	0.03249	0.14790	0.16544	0.09847	0.02640	0.01685	0.01887	0.03660	0.00779	0.00873	0.00202	0.10281	0.00646	0.00477	0.19405
65	0.01829	0.12226	0.08392	0.01717	0.07767	0.24050	0.03500	0.06850	0.01707	0.02013	0.06016	0.04481	0.03809	0.05457	0.04450	0.00268	0.03580	0.00661	0.00408	0.00822
66	0.01897	0.08987	0.12091	0.01366	0.01874	0.03614	0.05787	0.07150	0.01736	0.20443	0.08244	0.07097	0.03735	0.06235	0.00874	0.00235	0.00691	0.00774	0.00559	0.06609
67	0.05581	0.07308	0.06226	0.01524	0.02000	0.11181	0.12479	0.05249	0.07557	0.03841	0.04932	0.06725	0.01672	0.06134	0.00850	0.00224	0.00774	0.00708	0.00454	0.14581
68	0.01770	0.12659	0.06207	0.06698	0.06102	0.03932	0.03425	0.12445	0.11227	0.07246	0.02076	0.04947	0.05677	0.07253	0.00931	0.00245	0.02398	0.00722	0.00501	0.03540
69	0.06769	0.07821	0.04520	0.01458	0.01929	0.01420	0.12211	0.10283	0.07027	0.08797	0.06538	0.08866	0.03622	0.01154	0.04991	0.00257	0.00744	0.00790	0.00527	0.10275
70	0.03648	0.07037	0.05434	0.06267	0.17249	0.11833	0.01356	0.05932	0.05680	0.02215	0.03364	0.06800	0.04703	0.00815	0.00638	0.00188	0.00742	0.00673	0.00431	0.14995
71	0.01486	0.05915	0.01846	0.01411	0.01781	0.08645	0.12108	0.03725	0.01584	0.05315	0.07292	0.15696	0.09491	0.01308	0.04349	0.00251	0.03380	0.00960	0.00496	0.12959

[dist]
# distance from previous block
# <min> <max>
0	34

[block]
# block no. 3 follows, 31 sequences, length 54
# corresponding to MSA columns:
# 163-216
name=unknown_D
#
# <colnr> <probs for GDERKNQSTAVLIFYWHMCP>
#	G	D	E	R	K	N	Q	S	T	A	V	L	I	F	Y	W	H	M	C	P
0	0.07704	0.19871	0.07789	0.01267	0.01714	0.08595	0.01143	0.04457	0.01685	0.16324	0.14103	0.04568	0.02164	0.00897	0.00710	0.00200	0.04722	0.00679	0.00527	0.00879
1	0.04199	0.08767	0.08183	0.07155	0.01882	0.06646	0.04648	0.06435	0.01612	0.05874	0.14564	0.06894	0.02467	0.14065	0.01221	0.00291	0.03019	0.00829	0.00488	0.00761
2	0.06706	0.06044	0.09798	0.07586	0.01999	0.10506	0.01227	0.06702	0.06220	0.09850	0.10345	0.07716	0.03771	0.01109	0.03123	0.00241	0.00749	0.02455	0.00525	0.03327
3	0.09210	0.12842	0.14506	0.01475	0.02023	0.04526	0.07978	0.11421	0.05090	0.06731	0.11657	0.02328	0.05676	0.00848	0.00652	0.00205	0.00730	0.00694	0.00503	0.00906
4	0.16035	0.08824	0.11702	0.03777	0.07903	0.01320	0.01175	0.01850	0.01379	0.06890	0.03937	0.08215	0.01630	0.09489	0.00924	0.00247	0.00653	0.00680	0.00434	0.12936
5	0.13457	0.05722	0.14607	0.01430	0.04061	0.01379	0.05268	0.06387	0.04312	0.04253	0.13016	0.06307	0.02218	0.07540	0.00967	0.00254	0.03675	0.00762	0.00482	0.03904
6	0.15071	0.05712	0.08300	0.14158	0.14079	0.05872	0.03695	0.04297	0.03461	0.05128	0.09139	0.04962	0.01740	0.00808	0.00644	0.00212	0.00742	0.00674	0.00441	0.00866
7	0.14716	0.08599	0.10027	0.01500	0.02015	0.05984	0.11407	0.11191	0.01819	0.08243	0.13398	0.02295	0.04280	0.00836	0.00655	0.00207	0.00734	0.00697	0.00512	0.00885
8	0.17492	0.06577	0.09901	0.01211	0.01658	0.05994	0.01075	0.06120	0.05355	0.12608	0.05963	0.09233	0.01867	0.06388	0.00829	0.00239	0.00651	0.00727	0.00525	0.05587
9	0.01716	0.11837	0.20975	0.01642	0.06405	0.01500	0.05041	0.05804	0.06178	0.11989	0.11214	0.04588	0.01995	0.00833	0.00663	0.00202	0.00722	0.00700	0.00502	0.05494
10	0.01692	0.16826	0.18231	0.01655	0.07917	0.13217	0.01462	0.02160	0.05410	0.03920	0.05528	0.03811	0.04152	0.00770	0.00612	0.00184	0.00795	0.00600	0.00405	0.10654
11	0.05458	0.03942	0.10072	0.04754	0.01766	0.01028	0.08021	0.01585	0.01572	0.06038	0.21355	0.22753	0.06305	0.01304	0.00760	0.00232	0.00581	0.01166	0.00568	0.00739
12	0.02062	0.53025	0.03065	0.01352	0.01871	0.22334	0.01218	0.04923	0.01616	0.01735	0.01008	0.01157	0.00890	0.00628	0.00498	0.00157	0.00872	0.00397	0.00325	0.00866
13	0.05657	0.03389	0.01197	0.01023	0.01284	0.00939	0.00787	0.04073	0.01381	0.02052	0.09377	0.13449	0.02429	0.06769	0.25601	0.00525	0.00951	0.00875	0.00473	0.17770
14	0.04194	0.00778	0.00880	0.00912	0.01130	0.00729	0.00736	0.01285	0.04324	0.02072	0.10856	0.06418	0.40270	0.01675	0.00829	0.00254	0.00444	0.20951	0.00637	0.00626
15	0.12638	0.04820	0.16151	0.01568	0.04802	0.01657	0.01437	0.22536	0.07850	0.08570	0.01835	0.02348	0.01474	0.00879	0.00664	0.00222	0.00731	0.08280	0.00547	0.00992
16	0.00903	0.00656	0.00867	0.01011	0.01100	0.00620	0.00749	0.01079	0.01403	0.01836	0.04018	0.51156	0.10437	0.02038	0.00887	0.00284	0.00455	0.19291	0.00634	0.00578
17	0.00819	0.00690	0.00709	0.00713	0.00932	0.00581	0.00531	0.00998	0.01571	0.01895	0.10449	0.09179	0.65139	0.01730	0.00811	0.00232	0.00347	0.01452	0.00642	0.00581
18	0.01378	0.01272	0.02106	0.43958	0.17186	0.01468	0.04426	0.01893	0.05519	0.01940	0.01423	0.01949	0.01125	0.01104	0.07543	0.00304	0.00947	0.00639	0.02992	0.00831
19	0.07389	0.01583	0.05713	0.01372	0.01919	0.01492	0.01181	0.25702	0.06458	0.36768	0.02157	0.01986	0.01433	0.00819	0.00669	0.00211	0.00659	0.00639	0.00725	0.01125
20	0.10638	0.01261	0.01265	0.01237	0.05127	0.09358	0.00915	0.06225	0.01778	0.11403	0.14595	0.03949	0.17856	0.01185	0.00715	0.00220	0.00576	0.07691	0.03226	0.00780
21	0.01372	0.03539	0.72412	0.01950	0.02961	0.01589	0.02528	0.02167	0.01444	0.02167	0.01228	0.01444	0.00867	0.00650	0.00650	0.00217	0.01011	0.00506	0.00289	0.01011
22	0.01419	0.01345	0.02281	0.52169	0.25865	0.01553	0.01963	0.01859	0.01428	0.01902	0.01238	0.01783	0.00966	0.00660	0.00682	0.00220	0.00881	0.00608	0.00315	0.00862
23	0.01419	0.01216	0.01419	0.01013	0.01621	0.00912	0.00811	0.01723	0.01419	0.02229	0.01216	0.01419	0.01013	0.00507	0.00507	0.00101	0.00507	0.00405	0.00405	0.80139
24	0.00840	0.00608	0.00782	0.00918	0.00972	0.00564	0.00612	0.00958	0.01314	0.01732	0.03962	0.65337	0.10384	0.06280	0.01015	0.00295	0.00407	0.01846	0.00623	0.00550
25	0.01661	0.01593	0.02719	0.09838	0.66302	0.01617	0.02084	0.02071	0.01543	0.02196	0.01281	0.01704	0.01070	0.00616	0.00678	0.00205	0.00821	0.00609	0.00336	0.01058
26	0.01919	0.67731	0.03407	0.01217	0.01798	0.02639	0.01186	0.09862	0.01602	0.01923	0.01031	0.01161	0.00911	0.00613	0.00467	0.00153	0.00734	0.00395	0.00338	0.00911
27	0.01292	0.01216	0.02052	0.74312	0.04712	0.01520	0.01900	0.01748	0.01368	0.01748	0.01216	0.01824	0.00912	0.00684	0.00684	0.00228	0.00912	0.00608	0.00304	0.00760
28	0.01535	0.11864	0.54675	0.01900	0.02790	0.07487	0.06257	0.02200	0.01488	0.02064	0.01191	0.01411	0.00879	0.00643	0.00632	0.00206	0.01005	0.00502	0.00298	0.00973
29	0.09655	0.01510	0.03984	0.01335	0.01871	0.01459	0.01130	0.24529	0.04940	0.39201	0.02160	0.01980	0.01427	0.00817	0.00663	0.00211	0.00645	0.00634	0.00733	0.01119
30	0.00849	0.00652	0.00781	0.00861	0.00991	0.00584	0.00616	0.01016	0.01471	0.01882	0.10419	0.39561	0.30533	0.01911	0.00847	0.00257	0.00384	0.05167	0.00644	0.00575
31	0.00834	0.00595	0.00794	0.00953	0.00992	0.00556	0.00635	0.00953	0.01310	0.01746	0.03771	0.75510	0.04525	0.02143	0.00873	0.00278	0.00397	0.01945	0.00635	0.00556
32	0.01355	0.02593	0.42850	0.01954	0.02709	0.01440	0.16778	0.01981	0.01484	0.02131	0.05249	0.02428	0.01555	0.06443	0.00928	0.00261	0.00951	0.05652	0.00361	0.00899
33	0.01260	0.00639	0.00643	0.00643	0.00794	0.00639	0.00475	0.01562	0.01411	0.02485	0.02228	0.02653	0.01793	0.04804	0.00638	0.00186	0.00337	0.00657	0.75525	0.00626
34	0.01696	0.01529	0.02586	0.16368	0.56184	0.01574	0.02006	0.02104	0.01546	0.05877	0.01350	0.01750	0.01086	0.00635	0.00679	0.00208	0.00818	0.00613	0.00360	0.01031
35	0.10106	0.02762	0.01997	0.01748	0.02105	0.52727	0.06180	0.02568	0.04236	0.01890	0.01120	0.01334	0.00924	0.00736	0.00744	0.00195	0.06973	0.00485	0.00367	0.00804
36	0.01302	0.01225	0.02054	0.67372	0.08892	0.01496	0.01867	0.01745	0.01387	0.01783	0.01409	0.01973	0.03252	0.00714	0.00688	0.00227	0.00887	0.00636	0.00317	0.00775
37	0.01900	0.69230	0.03424	0.01228	0.01791	0.09591	0.01185	0.02115	0.01444	0.01616	0.00962	0.01111	0.00878	0.00597	0.00456	0.00149	0.00781	0.00373	0.00298	0.00870
38	0.00995	0.00663	0.00746	0.00746	0.00746	0.00663	0.00415	0.00995	0.00995	0.01327	0.02156	0.04477	0.02487	0.75957	0.03482	0.00663	0.00663	0.00995	0.00415	0.00415
39	0.00995	0.00759	0.01133	0.01123	0.01241	0.00897	0.00877	0.01236	0.01098	0.01590	0.01801	0.02647	0.01683	0.04998	0.70849	0.01073	0.04292	0.00728	0.00364	0.00615
40	0.16698	0.01802	0.01830	0.01435	0.01952	0.04203	0.01180	0.50700	0.02722	0.08583	0.01571	0.01580	0.01114	0.00786	0.00636	0.00206	0.00716	0.00571	0.00638	0.01076
41	0.00950	0.00695	0.00892	0.00851	0.01013	0.00636	0.00635	0.01252	0.01881	0.02631	0.63405	0.08088	0.11601	0.01456	0.00810	0.00219	0.00328	0.01283	0.00739	0.00636
42	0.00869	0.00617	0.00811	0.00933	0.00974	0.00596	0.00620	0.00981	0.01246	0.01671	0.03372	0.58961	0.03992	0.13495	0.07086	0.00402	0.00552	0.01704	0.00580	0.00539
43	0.01199	0.00940	0.01116	0.01038	0.01268	0.00976	0.00795	0.02018	0.23063	0.02757	0.47982	0.04406	0.05026	0.01269	0.00777	0.00224	0.00400	0.03233	0.00732	0.00780
44	0.13565	0.01512	0.01593	0.01277	0.01769	0.09585	0.01037	0.09541	0.04150	0.45695	0.02169	0.01975	0.01430	0.00801	0.00643	0.00208	0.00666	0.00611	0.00711	0.01061
45	0.02878	0.01472	0.01778	0.01363	0.01900	0.01462	0.01126	0.30374	0.02473	0.44396	0.02267	0.02048	0.01477	0.00836	0.00687	0.00209	0.00652	0.00659	0.00780	0.01164
46	0.01501	0.01268	0.01373	0.01291	0.01597	0.01437	0.00979	0.03016	0.54484	0.02604	0.03012	0.19402	0.02651	0.01209	0.00737	0.00243	0.00508	0.01044	0.00682	0.00961
47	0.01539	0.01468	0.02497	0.31225	0.45872	0.01585	0.02023	0.01964	0.01485	0.02047	0.01260	0.01744	0.01018	0.00638	0.00680	0.00213	0.00851	0.00609	0.00325	0.00959
48	0.01292	0.01216	0.02052	0.74312	0.04712	0.01520	0.01900	0.01748	0.01368	0.01748	0.01216	0.01824	0.00912	0.00684	0.00684	0.00228	0.00912	0.00608	0.00304	0.00760
49	0.01550	0.21199	0.51723	0.01750	0.02621	0.05910	0.02130	0.02170	0.01459	0.02004	0.01151	0.01348	0.00870	0.00637	0.00597	0.00197	0.00956	0.00468	0.00293	0.00966
50	0.01378	0.03307	0.64505	0.01988	0.02945	0.01568	0.07827	0.02139	0.01475	0.02188	0.03602	0.01600	0.01069	0.00669	0.00668	0.00218	0.00999	0.00554	0.00309	0.00992
51	0.01399	0.07890	0.68300	0.01903	0.02889	0.01656	0.02447	0.02160	0.01441	0.02133	0.01211	0.01424	0.00867	0.00646	0.00637	0.00212	0.00994	0.00497	0.00289	0.01003
52	0.01324	0.01249	0.02110	0.68674	0.10098	0.01528	0.01916	0.01776	0.01383	0.01787	0.01222	0.01813	0.00926	0.00678	0.00683	0.00226	0.00904	0.00608	0.00307	0.00786
53	0.01576	0.01862	0.07532	0.02590	0.03236	0.01687	0.54334	0.02107	0.01542	0.02148	0.01322	0.01760	0.01015	0.00627	0.00893	0.00225	0.07177	0.00741	0.00344	0.07284

[dist]
# distance from previous block
# <min> <max>
0	4

[block]
# block no. 4 follows, 31 sequences, length 15
# corresponding to MSA columns:
# 221-235
name=unknown_E
#
# <colnr> <probs for GDERKNQSTAVLIFYWHMCP>
#	G	D	E	R	K	N	Q	S	T	A	V	L	I	F	Y	W	H	M	C	P
0	0.01388	0.01450	0.02800	0.02161	0.02543	0.01499	0.37626	0.01759	0.01420	0.01965	0.01906	0.20920	0.01916	0.01110	0.01117	0.00257	0.15901	0.01061	0.00412	0.00792
1	0.01615	0.01845	0.04037	0.02884	0.03576	0.01730	0.69204	0.02191	0.01615	0.02191	0.01384	0.01845	0.01038	0.00577	0.00807	0.00231	0.01153	0.00807	0.00346	0.00923
2	0.01292	0.01216	0.02052	0.74312	0.04712	0.01520	0.01900	0.01748	0.01368	0.01748	0.01216	0.01824	0.00912	0.00684	0.00684	0.00228	0.00912	0.00608	0.00304	0.00760
3	0.01693	0.01626	0.02777	0.04199	0.71689	0.01626	0.02100	0.02100	0.01558	0.02235	0.01287	0.01693	0.01084	0.00610	0.00677	0.00203	0.00813	0.00610	0.00339	0.01084
4	0.01829	0.76368	0.03585	0.01171	0.01756	0.02707	0.01171	0.02049	0.01390	0.01610	0.00951	0.01097	0.00878	0.00585	0.00439	0.00146	0.00732	0.00366	0.00293	0.00878
5	0.57423	0.01516	0.01199	0.01077	0.01486	0.07572	0.00862	0.02417	0.15960	0.02909	0.01351	0.01428	0.01039	0.00703	0.00498	0.00213	0.00591	0.00462	0.00475	0.00818
6	0.01198	0.01170	0.01029	0.01103	0.01225	0.16004	0.00771	0.01333	0.01464	0.01740	0.03459	0.53947	0.09351	0.01803	0.00813	0.00252	0.00571	0.01583	0.00575	0.00608
7	0.00968	0.00699	0.00914	0.00861	0.01022	0.00646	0.00646	0.01291	0.01937	0.02743	0.71328	0.05110	0.06455	0.01399	0.00807	0.00215	0.00323	0.01237	0.00753	0.00646
8	0.19593	0.01198	0.01464	0.01150	0.01656	0.01118	0.00949	0.03053	0.01789	0.57473	0.02328	0.02070	0.01491	0.00802	0.00632	0.00212	0.00571	0.00620	0.00757	0.01074
9	0.18509	0.01561	0.02400	0.03498	0.56729	0.01606	0.01811	0.02081	0.01474	0.02412	0.01216	0.01570	0.01011	0.00615	0.00623	0.00205	0.00752	0.00559	0.00357	0.01011
10	0.02578	0.02584	0.01996	0.01668	0.02118	0.37425	0.01311	0.36296	0.02582	0.03002	0.01352	0.01440	0.01023	0.00764	0.00651	0.00191	0.00992	0.00529	0.00520	0.00980
11	0.01377	0.01303	0.02206	0.59406	0.18952	0.01542	0.01942	0.01823	0.01408	0.01852	0.01231	0.01796	0.00948	0.00668	0.00683	0.00223	0.00891	0.00608	0.00311	0.00829
12	0.17824	0.00783	0.00805	0.00853	0.01040	0.00771	0.00619	0.01188	0.01363	0.02062	0.04242	0.36344	0.26378	0.01684	0.00756	0.00248	0.00408	0.01440	0.00590	0.00602
13	0.01271	0.08602	0.17319	0.16935	0.02491	0.01301	0.01594	0.01713	0.01485	0.01969	0.02329	0.04453	0.02327	0.01236	0.00777	0.00259	0.00784	0.31937	0.00453	0.00765
14	0.34722	0.01317	0.01455	0.18007	0.02262	0.01419	0.01086	0.07605	0.01481	0.06446	0.01222	0.01452	0.00926	0.00646	0.00538	0.00191	0.00635	0.00471	0.00437	0.17684

[dist]
# distance from previous block
# <min> <max>
13	38

[block]
# block no. 5 follows, 31 sequences, length 43
# corresponding to MSA columns:
# 274-316
name=unknown_F
#
# <colnr> <probs for GDERKNQSTAVLIFYWHMCP>
#	G	D	E	R	K	N	Q	S	T	A	V	L	I	F	Y	W	H	M	C	P
0	0.01701	0.01657	0.02640	0.03911	0.64256	0.05068	0.02004	0.02091	0.01577	0.02197	0.01410	0.02017	0.01238	0.00688	0.00690	0.00208	0.00823	0.04424	0.00356	0.01043
1	0.00836	0.00692	0.00719	0.00732	0.00937	0.00592	0.00544	0.01002	0.01513	0.01818	0.06338	0.08912	0.61195	0.06847	0.01001	0.00266	0.00383	0.04484	0.00620	0.00568
2	0.80789	0.01323	0.01006	0.00900	0.01323	0.01535	0.00741	0.02011	0.01164	0.03070	0.00953	0.01111	0.00741	0.00635	0.00423	0.00212	0.00529	0.00370	0.00423	0.00741
3	0.01394	0.07090	0.69056	0.01912	0.02902	0.01643	0.02462	0.02161	0.01442	0.02139	0.01214	0.01427	0.00867	0.00647	0.00640	0.00213	0.00997	0.00499	0.00289	0.01005
4	0.80789	0.01323	0.01006	0.00900	0.01323	0.01535	0.00741	0.02011	0.01164	0.03070	0.00953	0.01111	0.00741	0.00635	0.00423	0.00212	0.00529	0.00370	0.00423	0.00741
5	0.00968	0.00699	0.00914	0.00861	0.01022	0.00646	0.00646	0.01291	0.01937	0.02743	0.71328	0.05110	0.06455	0.01399	0.00807	0.00215	0.00323	0.01237	0.00753	0.00646
6	0.01419	0.01216	0.01419	0.01013	0.01621	0.00912	0.00811	0.01723	0.01419	0.02229	0.01216	0.01419	0.01013	0.00507	0.00507	0.00101	0.00507	0.00405	0.00405	0.80139
7	0.00809	0.00693	0.00693	0.00693	0.00924	0.00578	0.00520	0.00982	0.01559	0.01848	0.06931	0.06584	0.71411	0.01733	0.00809	0.00231	0.00347	0.01444	0.00635	0.00578
8	0.00809	0.00693	0.00693	0.00693	0.00924	0.00578	0.00520	0.00982	0.01559	0.01848	0.06931	0.06584	0.71411	0.01733	0.00809	0.00231	0.00347	0.01444	0.00635	0.00578
9	0.00834	0.00595	0.00794	0.00953	0.00992	0.00556	0.00635	0.00953	0.01310	0.01746	0.03771	0.75510	0.04525	0.02143	0.00873	0.00278	0.00397	0.01945	0.00635	0.00556
10	0.00968	0.00699	0.00914	0.00861	0.01022	0.00646	0.00646	0.01291	0.01937	0.02743	0.71328	0.05110	0.06455	0.01399	0.00807	0.00215	0.00323	0.01237	0.00753	0.00646
11	0.01419	0.01216	0.01419	0.01013	0.01621	0.00912	0.00811	0.01723	0.01419	0.02229	0.01216	0.01419	0.01013	0.00507	0.00507	0.00101	0.00507	0.00405	0.00405	0.80139
12	0.02601	0.01916	0.02053	0.01574	0.02122	0.02122	0.01300	0.69408	0.03217	0.04312	0.01643	0.01643	0.01163	0.00821	0.00684	0.00205	0.00753	0.00616	0.00684	0.01163
13	0.03070	0.01164	0.01588	0.01217	0.01746	0.01006	0.01006	0.03334	0.01958	0.72163	0.02699	0.02329	0.01694	0.00847	0.00688	0.00212	0.00582	0.00688	0.00847	0.01164
14	0.01357	0.00946	0.01041	0.00933	0.01056	0.00992	0.00614	0.16410	0.01496	0.01999	0.02040	0.03838	0.02189	0.59027	0.02852	0.00560	0.00683	0.00910	0.00475	0.00583
15	0.01892	0.01916	0.03472	0.02520	0.03164	0.04500	0.50012	0.18697	0.02020	0.02692	0.01435	0.01773	0.01063	0.00641	0.00770	0.00222	0.01058	0.00747	0.00429	0.00977
16	0.01702	0.01470	0.01547	0.01392	0.01779	0.01702	0.01083	0.03635	0.70453	0.02862	0.02785	0.02553	0.02088	0.00928	0.00696	0.00232	0.00541	0.00773	0.00696	0.01083
17	0.00834	0.00595	0.00794	0.00953	0.00992	0.00556	0.00635	0.00953	0.01310	0.01746	0.03771	0.75510	0.04525	0.02143	0.00873	0.00278	0.00397	0.01945	0.00635	0.00556
18	0.00809	0.00693	0.00693	0.00693	0.00924	0.00578	0.00520	0.00982	0.01559	0.01848	0.06931	0.06584	0.71411	0.01733	0.00809	0.00231	0.00347	0.01444	0.00635	0.00578
19	0.01702	0.01470	0.01547	0.01392	0.01779	0.01702	0.01083	0.03635	0.70453	0.02862	0.02785	0.02553	0.02088	0.00928	0.00696	0.00232	0.00541	0.00773	0.00696	0.01083
20	0.00809	0.00693	0.00693	0.00693	0.00924	0.00578	0.00520	0.00982	0.01559	0.01848	0.06931	0.06584	0.71411	0.01733	0.00809	0.00231	0.00347	0.01444	0.00635	0.00578
21	0.00997	0.00762	0.01137	0.01126	0.01243	0.00902	0.00879	0.01238	0.01098	0.01590	0.01797	0.02643	0.01680	0.04983	0.70567	0.01069	0.04582	0.00728	0.00364	0.00616
22	0.02556	0.03261	0.01939	0.01763	0.02115	0.73210	0.01322	0.02732	0.01939	0.01674	0.01058	0.01234	0.00881	0.00705	0.00617	0.00176	0.01234	0.00441	0.00353	0.00793
23	0.00968	0.00699	0.00914	0.00861	0.01022	0.00646	0.00646	0.01291	0.01937	0.02743	0.71328	0.05110	0.06455	0.01399	0.00807	0.00215	0.00323	0.01237	0.00753	0.00646
24	0.01693	0.01626	0.02777	0.04199	0.71689	0.01626	0.02100	0.02100	0.01558	0.02235	0.01287	0.01693	0.01084	0.00610	0.00677	0.00203	0.00813	0.00610	0.00339	0.01084
25	0.01447	0.15445	0.61160	0.01823	0.02764	0.01772	0.02306	0.02147	0.01436	0.02076	0.01183	0.01388	0.00868	0.00639	0.00615	0.00205	0.00965	0.00483	0.00289	0.00989
26	0.00995	0.00663	0.00746	0.00746	0.00746	0.00663	0.00415	0.00995	0.00995	0.01327	0.02156	0.04477	0.02487	0.75957	0.03482	0.00663	0.00663	0.00995	0.00415	0.00415
27	0.00834	0.00595	0.00794	0.00953	0.00992	0.00556	0.00635	0.00953	0.01310	0.01746	0.03771	0.75510	0.04525	0.02143	0.00873	0.00278	0.00397	0.01945	0.00635	0.00556
28	0.01372	0.03539	0.72412	0.01950	0.02961	0.01589	0.02528	0.02167	0.01444	0.02167	0.01228	0.01444	0.00867	0.00650	0.00650	0.00217	0.01011	0.00506	0.00289	0.01011
29	0.01829	0.76368	0.03585	0.01171	0.01756	0.02707	0.01171	0.02049	0.01390	0.01610	0.00951	0.01097	0.00878	0.00585	0.00439	0.00146	0.00732	0.00366	0.00293	0.00878
30	0.80789	0.01323	0.01006	0.00900	0.01323	0.01535	0.00741	0.02011	0.01164	0.03070	0.00953	0.01111	0.00741	0.00635	0.00423	0.00212	0.00529	0.00370	0.00423	0.00741
31	0.00962	0.00699	0.00906	0.00854	0.01018	0.00643	0.00641	0.01279	0.01922	0.02708	0.68757	0.05169	0.09049	0.01412	0.00807	0.00216	0.00324	0.01246	0.00748	0.00643
32	0.00986	0.00697	0.00918	0.00918	0.00977	0.00757	0.00629	0.01105	0.01046	0.01454	0.01998	0.03607	0.02109	0.41503	0.37419	0.00875	0.01232	0.00867	0.00391	0.00510
33	0.00828	0.00694	0.00720	0.00714	0.00936	0.00586	0.00535	0.01020	0.01605	0.01957	0.14794	0.06404	0.63480	0.01692	0.00808	0.00229	0.00344	0.01419	0.00650	0.00586
34	0.01416	0.01327	0.04817	0.01058	0.01685	0.00944	0.00893	0.01744	0.01420	0.02226	0.01217	0.01420	0.01006	0.00514	0.00514	0.00107	0.00531	0.00410	0.00400	0.76351
35	0.01845	0.01701	0.01617	0.01444	0.01835	0.10120	0.01121	0.06678	0.59188	0.02792	0.02527	0.02354	0.01902	0.00897	0.00686	0.00224	0.00633	0.00727	0.00655	0.01053
36	0.01812	0.73653	0.06151	0.01200	0.01801	0.02665	0.01221	0.02053	0.01392	0.01630	0.00961	0.01110	0.00878	0.00588	0.00447	0.00149	0.00742	0.00371	0.00293	0.00883
37	0.00992	0.00863	0.05026	0.00923	0.01134	0.00700	0.00754	0.01341	0.01908	0.02710	0.67297	0.04900	0.06134	0.01356	0.00798	0.00215	0.00362	0.01195	0.00726	0.00667
38	0.01693	0.01626	0.02777	0.04199	0.71689	0.01626	0.02100	0.02100	0.01558	0.02235	0.01287	0.01693	0.01084	0.00610	0.00677	0.00203	0.00813	0.00610	0.00339	0.01084
39	0.01429	0.00788	0.01056	0.00999	0.01215	0.00718	0.00765	0.01688	0.01757	0.18373	0.33174	0.21962	0.04672	0.01497	0.00808	0.00238	0.00427	0.06958	0.00735	0.00741
40	0.01693	0.01626	0.02777	0.04199	0.71689	0.01626	0.02100	0.02100	0.01558	0.02235	0.01287	0.01693	0.01084	0.00610	0.00677	0.00203	0.00813	0.00610	0.00339	0.01084
41	0.01568	0.02053	0.13165	0.02607	0.03294	0.04005	0.53868	0.02135	0.01585	0.02145	0.01489	0.06006	0.01210	0.00681	0.00783	0.00230	0.01093	0.00819	0.00355	0.00909
42	0.01194	0.00805	0.01125	0.01258	0.01433	0.00798	0.01098	0.01507	0.01593	0.05309	0.03579	0.07466	0.03833	0.01841	0.00933	0.00310	0.00628	0.63995	0.00640	0.00655

[dist]
# distance from previous block
# <min> <max>
0	3

[block]
# block no. 6 follows, 31 sequences, length 13
# corresponding to MSA columns:
# 320-332
name=unknown_G
#
# <colnr> <probs for GDERKNQSTAVLIFYWHMCP>
#	G	D	E	R	K	N	Q	S	T	A	V	L	I	F	Y	W	H	M	C	P
0	0.04924	0.01194	0.01454	0.01189	0.01630	0.01127	0.00955	0.10360	0.07970	0.30900	0.04956	0.10978	0.02126	0.01006	0.00687	0.00208	0.00556	0.03607	0.00693	0.13482
1	0.01566	0.01495	0.02546	0.26501	0.50384	0.01592	0.02036	0.01988	0.01497	0.02080	0.01264	0.01735	0.01029	0.00633	0.00679	0.00211	0.00844	0.00609	0.00328	0.00981
2	0.01419	0.01216	0.01419	0.01013	0.01621	0.00912	0.00811	0.01723	0.01419	0.02229	0.01216	0.01419	0.01013	0.00507	0.00507	0.00101	0.00507	0.00405	0.00405	0.80139
3	0.01717	0.58534	0.20439	0.01361	0.02051	0.02433	0.01503	0.02077	0.01403	0.01746	0.01019	0.01182	0.00875	0.00601	0.00491	0.00164	0.00800	0.00400	0.00292	0.00911
4	0.01275	0.00638	0.00638	0.00638	0.00797	0.00638	0.00478	0.01594	0.01435	0.02551	0.02232	0.02551	0.01754	0.00797	0.00478	0.00159	0.00319	0.00638	0.79755	0.00638
