[name]
unknown

[dist]
# distance from previous block
# <min> <max>
15	49

[block]
# block no. 0 follows, 29 sequences, length 11
# corresponding to MSA columns:
# 59-69
name=unknown_A
#
# <colnr> <probs for GDERKNQSTAVLIFYWHMCP>
#	G	D	E	R	K	N	Q	S	T	A	V	L	I	F	Y	W	H	M	C	P
0	0.00958	0.00691	0.00832	0.00891	0.01039	0.00615	0.00632	0.01133	0.01560	0.04470	0.12861	0.38913	0.28946	0.01934	0.00869	0.00261	0.00392	0.01699	0.00683	0.00621
1	0.01596	0.00907	0.01162	0.01106	0.01333	0.00862	0.00819	0.08432	0.01807	0.17758	0.12603	0.41368	0.03970	0.01681	0.00836	0.00257	0.00483	0.01488	0.00733	0.00798
2	0.42130	0.01285	0.01202	0.01060	0.01452	0.01401	0.00846	0.12404	0.01680	0.08450	0.02308	0.12562	0.08561	0.01053	0.00614	0.00231	0.00553	0.00804	0.00573	0.00831
3	0.01773	0.00906	0.01162	0.01013	0.01329	0.00802	0.00799	0.02042	0.01886	0.27239	0.26316	0.04731	0.18125	0.03807	0.00897	0.00248	0.00469	0.04838	0.00774	0.00843
4	0.07402	0.01005	0.01248	0.01081	0.01433	0.00933	0.00846	0.02344	0.05476	0.31596	0.16462	0.13863	0.10774	0.01281	0.00764	0.00234	0.00492	0.01087	0.00767	0.00911
5	0.63946	0.01413	0.01351	0.01455	0.11433	0.01577	0.00993	0.02191	0.01322	0.07230	0.01153	0.01322	0.00884	0.00671	0.00496	0.00219	0.00597	0.00442	0.00455	0.00850
6	0.01233	0.00733	0.00901	0.00911	0.01015	0.00688	0.00600	0.01327	0.01327	0.10399	0.03312	0.29595	0.08610	0.33708	0.02062	0.00451	0.00554	0.01387	0.00589	0.00596
7	0.01036	0.00828	0.00942	0.00920	0.01134	0.00792	0.00685	0.01528	0.11531	0.02380	0.27586	0.14118	0.30637	0.01617	0.00832	0.00241	0.00388	0.01393	0.00712	0.00699
8	0.01105	0.00829	0.01109	0.11461	0.01623	0.00868	0.00854	0.05287	0.01484	0.01990	0.09807	0.35019	0.03605	0.17536	0.03820	0.00385	0.00615	0.01408	0.00568	0.00628
9	0.02662	0.01142	0.01482	0.01188	0.01633	0.01037	0.00943	0.03040	0.07539	0.52265	0.02921	0.02955	0.04817	0.11673	0.01144	0.00291	0.00604	0.00803	0.00794	0.01066
10	0.00906	0.00731	0.00935	0.00948	0.01113	0.00652	0.03593	0.01084	0.01518	0.01929	0.09032	0.34780	0.33603	0.04582	0.00971	0.00276	0.00431	0.01662	0.00646	0.00605

[dist]
# distance from previous block
# <min> <max>
8	23

[block]
# block no. 1 follows, 29 sequences, length 46
# corresponding to MSA columns:
# 98-143
name=unknown_B
#
# <colnr> <probs for GDERKNQSTAVLIFYWHMCP>
#	G	D	E	R	K	N	Q	S	T	A	V	L	I	F	Y	W	H	M	C	P
0	0.04997	0.16229	0.02299	0.01681	0.05625	0.20968	0.01299	0.20755	0.07567	0.02655	0.01456	0.01695	0.01194	0.04662	0.00854	0.00225	0.03825	0.00566	0.00483	0.00966
1	0.07300	0.10072	0.02120	0.07134	0.02169	0.01937	0.01284	0.31224	0.02307	0.14197	0.01667	0.01846	0.01246	0.03901	0.00951	0.00240	0.08152	0.00621	0.00592	0.01040
2	0.11127	0.04073	0.04647	0.01611	0.05598	0.05791	0.04380	0.25953	0.03844	0.03054	0.02033	0.18148	0.01922	0.01090	0.00711	0.00227	0.00721	0.00907	0.00573	0.03590
3	0.04957	0.19274	0.24450	0.01680	0.05930	0.01798	0.03812	0.06898	0.03820	0.04489	0.01750	0.01883	0.05846	0.00745	0.00622	0.00195	0.00800	0.00582	0.00413	0.10057
4	0.01898	0.15003	0.05515	0.06441	0.29530	0.13369	0.04036	0.02251	0.01621	0.05131	0.01350	0.01694	0.01119	0.01064	0.06765	0.00279	0.01009	0.00578	0.00369	0.00975
5	0.01618	0.01178	0.01500	0.01498	0.07470	0.01230	0.01038	0.16574	0.01820	0.06841	0.02451	0.25506	0.02513	0.08534	0.07239	0.00361	0.05073	0.01122	0.00579	0.05857
6	0.01088	0.00717	0.00967	0.07585	0.01340	0.00738	0.00751	0.01227	0.01321	0.01878	0.06830	0.25908	0.03048	0.11316	0.05787	0.11827	0.00609	0.03278	0.13220	0.00566
7	0.01175	0.00897	0.01082	0.01083	0.01237	0.00928	0.00784	0.06792	0.09289	0.02313	0.14621	0.37905	0.08407	0.06024	0.01069	0.00288	0.03224	0.01509	0.00666	0.00707
8	0.01086	0.00745	0.00967	0.00918	0.01100	0.00683	0.00693	0.01400	0.01952	0.05540	0.58611	0.08435	0.10192	0.01503	0.00842	0.00231	0.00362	0.03283	0.00771	0.00685
9	0.01477	0.01266	0.01477	0.01055	0.01687	0.00949	0.00844	0.01793	0.01477	0.02320	0.01266	0.01477	0.01055	0.00527	0.00527	0.00105	0.00527	0.00422	0.00422	0.79328
10	0.80005	0.01377	0.01047	0.00936	0.01377	0.01597	0.00771	0.02093	0.01212	0.03195	0.00991	0.01157	0.00771	0.00661	0.00441	0.00220	0.00551	0.00386	0.00441	0.00771
11	0.00868	0.00620	0.00826	0.00991	0.01033	0.00578	0.00661	0.00991	0.01363	0.01818	0.03925	0.74510	0.04710	0.02231	0.00909	0.00289	0.00413	0.02024	0.00661	0.00578
12	0.01646	0.01971	0.07581	0.07451	0.03764	0.01779	0.60302	0.02250	0.01655	0.02250	0.01421	0.01897	0.01063	0.00611	0.00824	0.00239	0.01177	0.00811	0.00354	0.00954
13	0.02660	0.03394	0.02018	0.01834	0.02201	0.72116	0.01376	0.02843	0.02018	0.01743	0.01101	0.01284	0.00917	0.00734	0.00642	0.00183	0.01284	0.00459	0.00367	0.00825
14	0.00867	0.00624	0.00822	0.00981	0.01030	0.00579	0.00656	0.00993	0.01373	0.01822	0.04049	0.71957	0.07182	0.02215	0.00906	0.00287	0.00411	0.02005	0.00661	0.00579
15	0.71658	0.01507	0.04139	0.01116	0.01600	0.01613	0.05238	0.02112	0.01254	0.03096	0.01033	0.01221	0.00797	0.00658	0.00476	0.00222	0.00614	0.00421	0.00430	0.00795
16	0.02624	0.03325	0.02053	0.01937	0.04956	0.69277	0.01408	0.02817	0.02002	0.01766	0.01110	0.01303	0.00926	0.00730	0.00645	0.00185	0.01266	0.00466	0.00366	0.00838
17	0.02662	0.03336	0.02023	0.01826	0.02202	0.69208	0.01375	0.05561	0.02073	0.01857	0.01126	0.01302	0.00929	0.00739	0.00645	0.00185	0.01263	0.00466	0.00381	0.00842
18	0.01327	0.00664	0.00664	0.00664	0.00830	0.00664	0.00498	0.01659	0.01493	0.02655	0.02323	0.02655	0.01825	0.00830	0.00498	0.00166	0.00332	0.00664	0.78928	0.00664
19	0.01036	0.00690	0.00777	0.00777	0.00777	0.00690	0.00431	0.01036	0.01036	0.01381	0.02244	0.04660	0.02589	0.74975	0.03624	0.00690	0.00690	0.01036	0.00431	0.00431
20	0.00875	0.00623	0.00824	0.00982	0.01021	0.00583	0.00651	0.00993	0.01349	0.01798	0.03850	0.71422	0.04616	0.05447	0.01029	0.00307	0.00425	0.01981	0.00651	0.00572
21	0.02660	0.03394	0.02018	0.01834	0.02201	0.72116	0.01376	0.02843	0.02018	0.01743	0.01101	0.01284	0.00917	0.00734	0.00642	0.00183	0.01284	0.00459	0.00367	0.00825
22	0.01107	0.00750	0.00983	0.00913	0.01098	0.00689	0.00689	0.01440	0.02017	0.05936	0.67114	0.05188	0.06495	0.01430	0.00834	0.00224	0.00348	0.01262	0.00788	0.00696
23	0.00916	0.00724	0.00824	0.00799	0.01007	0.00633	0.00599	0.01166	0.01798	0.02340	0.35339	0.06167	0.41859	0.01648	0.00841	0.00233	0.00350	0.01407	0.00716	0.00633
24	0.00868	0.00620	0.00826	0.00991	0.01033	0.00578	0.00661	0.00991	0.01363	0.01818	0.03925	0.74510	0.04710	0.02231	0.00909	0.00289	0.00413	0.02024	0.00661	0.00578
25	0.01681	0.01921	0.04202	0.03001	0.03721	0.01801	0.67947	0.02281	0.01681	0.02281	0.01441	0.01921	0.01080	0.00600	0.00840	0.00240	0.01200	0.00840	0.00360	0.00960
26	0.03164	0.01262	0.01684	0.01291	0.01843	0.01121	0.01066	0.07614	0.02122	0.66764	0.02739	0.02378	0.01727	0.00880	0.00716	0.00220	0.00617	0.00711	0.00870	0.01212
27	0.00868	0.00620	0.00826	0.00991	0.01033	0.00578	0.00661	0.00991	0.01363	0.01818	0.03925	0.74510	0.04710	0.02231	0.00909	0.00289	0.00413	0.02024	0.00661	0.00578
28	0.03195	0.01212	0.01652	0.01267	0.01818	0.01047	0.01047	0.03470	0.02038	0.71026	0.02809	0.02424	0.01763	0.00881	0.00716	0.00220	0.00606	0.00716	0.00881	0.01212
29	0.02707	0.01995	0.02137	0.01638	0.02208	0.02208	0.01353	0.68159	0.03348	0.04488	0.01710	0.01710	0.01211	0.00855	0.00712	0.00214	0.00784	0.00641	0.00712	0.01211
30	0.01327	0.00664	0.00664	0.00664	0.00830	0.00664	0.00498	0.01659	0.01493	0.02655	0.02323	0.02655	0.01825	0.00830	0.00498	0.00166	0.00332	0.00664	0.78928	0.00664
31	0.01923	0.01528	0.01973	0.02221	0.21989	0.01620	0.01371	0.26351	0.07486	0.03076	0.04950	0.07161	0.01910	0.08814	0.01031	0.00270	0.00712	0.00816	0.03791	0.01008
32	0.05471	0.12316	0.01730	0.01201	0.01547	0.01558	0.00990	0.21234	0.01892	0.02708	0.01746	0.02210	0.01477	0.05471	0.22874	0.00507	0.01044	0.00649	0.12526	0.00849
33	0.01036	0.00690	0.00777	0.00777	0.00777	0.00690	0.00431	0.01036	0.01036	0.01381	0.02244	0.04660	0.02589	0.74975	0.03624	0.00690	0.00690	0.01036	0.00431	0.00431
34	0.05835	0.01578	0.02854	0.27657	0.06497	0.01672	0.28074	0.08031	0.01695	0.02342	0.01523	0.06176	0.01248	0.00765	0.00760	0.00237	0.00976	0.00786	0.00399	0.00897
35	0.10812	0.01595	0.01953	0.01927	0.15424	0.03731	0.03992	0.18359	0.01981	0.05220	0.01479	0.01673	0.01145	0.00685	0.00619	0.00182	0.00698	0.00557	0.05521	0.22446
36	0.01090	0.00743	0.00866	0.00849	0.00883	0.00765	0.00516	0.03325	0.01126	0.01517	0.02186	0.04341	0.02447	0.64292	0.11582	0.00728	0.00837	0.00990	0.00435	0.00482
37	0.00881	0.00630	0.00838	0.00983	0.01036	0.00587	0.00662	0.01024	0.01424	0.01914	0.10082	0.68078	0.04896	0.02159	0.00902	0.00283	0.00406	0.01956	0.00672	0.00587
38	0.05693	0.05265	0.20347	0.05762	0.03137	0.01842	0.32168	0.02150	0.01500	0.02189	0.01273	0.01689	0.00985	0.00726	0.00984	0.00243	0.12097	0.00676	0.00338	0.00936
39	0.01671	0.06450	0.06191	0.05734	0.29587	0.07370	0.11280	0.01995	0.01559	0.02077	0.05788	0.01991	0.01452	0.00971	0.01022	0.12054	0.00876	0.00668	0.00369	0.00895
40	0.01137	0.00783	0.01006	0.04357	0.01271	0.00735	0.00738	0.01420	0.01815	0.06581	0.42663	0.05323	0.16340	0.08045	0.01083	0.00274	0.00434	0.04610	0.00709	0.00676
41	0.00996	0.00789	0.01101	0.01067	0.01257	0.00724	0.05010	0.01259	0.01693	0.02249	0.25930	0.22605	0.20629	0.01739	0.00876	0.00258	0.00458	0.10030	0.00681	0.00649
42	0.11463	0.14065	0.37916	0.01806	0.06041	0.01840	0.01939	0.06555	0.04392	0.05744	0.01368	0.01523	0.01013	0.00695	0.00621	0.00212	0.00876	0.00520	0.00393	0.01021
43	0.01555	0.18682	0.50662	0.01990	0.04867	0.01910	0.06503	0.02229	0.01506	0.02136	0.01229	0.01461	0.00923	0.00656	0.00641	0.00211	0.00994	0.00519	0.00307	0.01019
44	0.01750	0.01048	0.01206	0.01074	0.01319	0.03298	0.00826	0.07362	0.03751	0.14878	0.02242	0.04717	0.01867	0.10456	0.12643	0.00414	0.04260	0.00766	0.25322	0.00799
45	0.14006	0.04849	0.32100	0.10317	0.07607	0.01656	0.05080	0.06958	0.01590	0.02477	0.01435	0.06213	0.01178	0.00782	0.00663	0.00227	0.00883	0.00639	0.00385	0.00955

[dist]
# distance from previous block
# <min> <max>
1	6

[block]
# block no. 2 follows, 29 sequences, length 76
# corresponding to MSA columns:
# 150-225
name=unknown_C
#
# <colnr> <probs for GDERKNQSTAVLIFYWHMCP>
#	G	D	E	R	K	N	Q	S	T	A	V	L	I	F	Y	W	H	M	C	P
0	0.12537	0.01427	0.08339	0.09374	0.04353	0.01308	0.08737	0.04413	0.03861	0.02311	0.05148	0.20120	0.02238	0.01338	0.03286	0.02554	0.03593	0.00992	0.00482	0.03591
1	0.06381	0.26527	0.13370	0.03970	0.02113	0.05234	0.01406	0.16276	0.01965	0.04819	0.09878	0.01916	0.01719	0.00799	0.00619	0.00196	0.00773	0.00596	0.00480	0.00962
2	0.03613	0.08845	0.50112	0.10066	0.03110	0.01741	0.04557	0.04108	0.01555	0.04046	0.01304	0.01555	0.00942	0.00683	0.00665	0.00221	0.00990	0.00542	0.00335	0.01010
3	0.04266	0.23931	0.04645	0.01597	0.02108	0.13236	0.09704	0.12625	0.01892	0.04802	0.01773	0.02052	0.05391	0.00824	0.00690	0.00201	0.03069	0.02677	0.03595	0.00922
4	0.00983	0.00712	0.00914	0.01029	0.01117	0.00691	0.00740	0.01216	0.04061	0.01915	0.06443	0.44013	0.07229	0.11314	0.01255	0.00341	0.00496	0.14290	0.00638	0.00601
5	0.01486	0.01296	0.01590	0.01144	0.01762	0.01014	0.03146	0.01807	0.01472	0.02301	0.01262	0.01494	0.01052	0.00551	0.00590	0.00116	0.02660	0.00442	0.00417	0.74397
6	0.00887	0.00635	0.00844	0.00978	0.01037	0.00591	0.00663	0.01041	0.01455	0.01963	0.13222	0.64798	0.04992	0.02122	0.00899	0.00280	0.00402	0.01921	0.00678	0.00591
7	0.01773	0.01272	0.01427	0.01266	0.01628	0.01366	0.00985	0.06670	0.36738	0.12106	0.12775	0.08089	0.08478	0.01171	0.00761	0.00238	0.00523	0.00991	0.00744	0.00999
8	0.01436	0.00933	0.01068	0.00994	0.01206	0.03948	0.00728	0.01702	0.03774	0.13634	0.24369	0.13170	0.12402	0.13856	0.03296	0.00336	0.00547	0.01202	0.00679	0.00721
9	0.02919	0.01542	0.01843	0.01425	0.01975	0.01551	0.01173	0.29273	0.06395	0.40621	0.02376	0.02152	0.01566	0.00876	0.00715	0.00219	0.00674	0.00691	0.00805	0.01207
10	0.00868	0.00620	0.00826	0.00991	0.01033	0.00578	0.00661	0.00991	0.01363	0.01818	0.03925	0.74510	0.04710	0.02231	0.00909	0.00289	0.00413	0.02024	0.00661	0.00578
11	0.02811	0.08394	0.01948	0.01376	0.01912	0.04751	0.01143	0.15341	0.09256	0.41953	0.02367	0.02144	0.01586	0.00853	0.00689	0.00213	0.00680	0.00669	0.00756	0.01157
12	0.02624	0.13488	0.02137	0.01405	0.01950	0.01810	0.01184	0.24057	0.12082	0.28637	0.02175	0.02021	0.01508	0.00841	0.00674	0.00210	0.00682	0.00651	0.00711	0.01151
13	0.00866	0.00626	0.00819	0.00973	0.01028	0.00580	0.00653	0.00994	0.01381	0.01825	0.04144	0.69995	0.09083	0.02202	0.00904	0.00286	0.00410	0.01989	0.00661	0.00580
14	0.00899	0.00646	0.00843	0.00955	0.01026	0.00601	0.00649	0.01060	0.01481	0.01996	0.16241	0.56269	0.07552	0.04987	0.01002	0.00291	0.00408	0.01828	0.00675	0.00591
15	0.01503	0.05325	0.53095	0.02241	0.03201	0.01723	0.18405	0.02258	0.01545	0.02245	0.01309	0.01594	0.00946	0.00656	0.00710	0.00227	0.01080	0.00598	0.00315	0.01026
16	0.01471	0.10125	0.65218	0.01957	0.02969	0.01758	0.02504	0.02244	0.01498	0.02203	0.01252	0.01471	0.00903	0.00670	0.00657	0.00219	0.01026	0.00513	0.00301	0.01040
17	0.00885	0.00632	0.00846	0.01011	0.01060	0.00593	0.00691	0.01021	0.01380	0.01837	0.03915	0.70440	0.04672	0.02215	0.00913	0.00292	0.00428	0.05925	0.00661	0.00583
18	0.11323	0.01191	0.01278	0.06402	0.01613	0.01323	0.00914	0.19717	0.01940	0.03118	0.01862	0.02117	0.01430	0.00823	0.00637	0.00196	0.03390	0.00620	0.39269	0.00839
19	0.01887	0.01363	0.03294	0.01304	0.01708	0.01383	0.01062	0.11195	0.28365	0.14440	0.07564	0.06045	0.11279	0.01172	0.00764	0.00239	0.00571	0.04631	0.00728	0.01007
20	0.01543	0.00914	0.01154	0.01013	0.01291	0.00839	0.00772	0.03948	0.03980	0.16522	0.36439	0.08945	0.07560	0.05937	0.00968	0.00251	0.00452	0.01126	0.00741	0.05604
21	0.39223	0.01508	0.01880	0.18011	0.02616	0.01718	0.09747	0.10751	0.01599	0.02885	0.01205	0.01511	0.00915	0.00709	0.00649	0.00229	0.03012	0.00542	0.00434	0.00858
22	0.15924	0.09576	0.13098	0.08724	0.04542	0.01808	0.01494	0.05814	0.04128	0.02389	0.05900	0.04367	0.01490	0.00922	0.01000	0.00238	0.16653	0.00642	0.00418	0.00873
23	0.22829	0.01882	0.15415	0.19669	0.13629	0.01623	0.06231	0.02185	0.03864	0.04443	0.01320	0.01644	0.00996	0.00686	0.00640	0.00226	0.00838	0.00568	0.00387	0.00925
24	0.05129	0.01460	0.02145	0.43923	0.12613	0.04717	0.04064	0.06319	0.01618	0.02161	0.01655	0.02098	0.05231	0.00767	0.00702	0.00225	0.00881	0.00669	0.00381	0.03242
25	0.01658	0.01214	0.01605	0.06412	0.11214	0.01254	0.01152	0.12422	0.08887	0.08688	0.30491	0.05985	0.03749	0.01128	0.00773	0.00225	0.00566	0.00982	0.00680	0.00916
26	0.01235	0.00873	0.01085	0.00977	0.01225	0.00821	0.00746	0.01731	0.08820	0.06685	0.52406	0.04686	0.08072	0.01325	0.00800	0.00218	0.00388	0.01157	0.00754	0.05996
27	0.01157	0.00836	0.01033	0.01093	0.01218	0.00835	0.00770	0.11565	0.01676	0.02238	0.03576	0.63050	0.04159	0.02014	0.00878	0.00277	0.00471	0.01807	0.00669	0.00678
28	0.02664	0.02159	0.02101	0.01657	0.02193	0.11321	0.01348	0.57115	0.05747	0.04070	0.01676	0.01691	0.01210	0.00843	0.00704	0.00211	0.00840	0.00624	0.00668	0.01157
29	0.01477	0.01266	0.01477	0.01055	0.01687	0.00949	0.00844	0.01793	0.01477	0.02320	0.01266	0.01477	0.01055	0.00527	0.00527	0.00105	0.00527	0.00422	0.00422	0.79328
30	0.01354	0.01286	0.02135	0.57498	0.04249	0.01603	0.04195	0.01772	0.01388	0.01823	0.01394	0.06303	0.01182	0.00867	0.00930	0.00250	0.09928	0.00724	0.00338	0.00783
31	0.01661	0.01692	0.05182	0.18021	0.50030	0.01677	0.07093	0.02121	0.01582	0.02219	0.01330	0.01793	0.01081	0.00649	0.00716	0.00219	0.00900	0.00646	0.00344	0.01045
32	0.01022	0.00751	0.00963	0.00948	0.01102	0.00715	0.00696	0.01409	0.05729	0.02643	0.52318	0.19777	0.06034	0.01591	0.00848	0.00239	0.00365	0.01416	0.00755	0.00678
33	0.01147	0.00820	0.01147	0.01311	0.01475	0.00820	0.01147	0.01475	0.01639	0.02131	0.03770	0.08032	0.04098	0.01967	0.00984	0.00328	0.00656	0.65741	0.00656	0.00656
34	0.01258	0.00916	0.01238	0.03299	0.01412	0.01007	0.00940	0.03268	0.01494	0.06609	0.09882	0.36767	0.03696	0.04695	0.01249	0.00298	0.13617	0.07057	0.00607	0.00691
35	0.02894	0.01352	0.03870	0.01318	0.01858	0.01193	0.01110	0.07694	0.08074	0.55694	0.05325	0.02480	0.01928	0.00903	0.00720	0.00222	0.00618	0.00735	0.00834	0.01178
36	0.01058	0.00763	0.01040	0.01194	0.01332	0.00745	0.00987	0.01325	0.01568	0.02039	0.04020	0.24813	0.08303	0.02024	0.00956	0.00313	0.00576	0.45654	0.00657	0.00633
37	0.02420	0.05033	0.04494	0.01565	0.02095	0.05980	0.05676	0.15112	0.22568	0.23929	0.02304	0.02171	0.01621	0.00855	0.00709	0.00222	0.00729	0.00700	0.00690	0.01127
38	0.01622	0.10463	0.04476	0.04774	0.02036	0.05687	0.07698	0.11868	0.01695	0.02235	0.02027	0.17017	0.03677	0.01590	0.07908	0.00331	0.12665	0.00934	0.00469	0.00831
39	0.01063	0.00831	0.01233	0.01206	0.01323	0.01000	0.00947	0.01309	0.01140	0.01658	0.01824	0.02692	0.01708	0.04991	0.66201	0.01073	0.08026	0.00751	0.00376	0.00648
40	0.01241	0.01031	0.01007	0.00945	0.01227	0.05182	0.00720	0.01709	0.11506	0.06159	0.12527	0.05488	0.45552	0.01527	0.00805	0.00234	0.00458	0.01270	0.00678	0.00734
41	0.01536	0.01569	0.05161	0.08947	0.04683	0.01328	0.20160	0.02021	0.03450	0.02275	0.01364	0.01688	0.01079	0.00588	0.00652	0.00169	0.00792	0.00583	0.00395	0.41560
42	0.04746	0.07171	0.02242	0.01854	0.02237	0.57185	0.05803	0.02675	0.01883	0.01816	0.01104	0.01332	0.00925	0.00747	0.00743	0.00194	0.05660	0.00488	0.00362	0.00835
43	0.01036	0.00690	0.00777	0.00777	0.00777	0.00690	0.00431	0.01036	0.01036	0.01381	0.02244	0.04660	0.02589	0.74975	0.03624	0.00690	0.00690	0.01036	0.00431	0.00431
44	0.02476	0.14979	0.02461	0.01786	0.02242	0.47082	0.05790	0.11029	0.02071	0.02118	0.01183	0.01358	0.00965	0.00720	0.00634	0.00186	0.01129	0.00495	0.00400	0.00898
45	0.00868	0.00620	0.00826	0.00991	0.01033	0.00578	0.00661	0.00991	0.01363	0.01818	0.03925	0.74510	0.04710	0.02231	0.00909	0.00289	0.00413	0.02024	0.00661	0.00578
46	0.01819	0.01552	0.01663	0.03904	0.01979	0.01794	0.01171	0.08013	0.62542	0.03040	0.02763	0.02568	0.02068	0.00950	0.00723	0.00240	0.00591	0.00788	0.00710	0.01121
47	0.02586	0.02092	0.02056	0.03834	0.02233	0.11069	0.01340	0.53749	0.04776	0.03951	0.01670	0.01719	0.01212	0.00837	0.00696	0.00210	0.00831	0.00623	0.03390	0.01127
48	0.01671	0.01991	0.06891	0.02962	0.03696	0.01795	0.65329	0.02280	0.01674	0.02280	0.01434	0.01904	0.01073	0.00603	0.00834	0.00240	0.01195	0.00828	0.00358	0.00964
49	0.01681	0.01921	0.04202	0.03001	0.03721	0.01801	0.67947	0.02281	0.01681	0.02281	0.01441	0.01921	0.01080	0.00600	0.00840	0.00240	0.01200	0.00840	0.00360	0.00960
50	0.01904	0.75404	0.03731	0.01218	0.01828	0.02818	0.01218	0.02132	0.01447	0.01675	0.00990	0.01142	0.00914	0.00609	0.00457	0.00152	0.00761	0.00381	0.00305	0.00914
51	0.03195	0.01212	0.01652	0.01267	0.01818	0.01047	0.01047	0.03470	0.02038	0.71026	0.02809	0.02424	0.01763	0.00881	0.00716	0.00220	0.00606	0.00716	0.00881	0.01212
52	0.02454	0.02249	0.30867	0.01587	0.02348	0.01301	0.01711	0.02960	0.01814	0.42173	0.02167	0.02038	0.01402	0.00795	0.00699	0.00223	0.00793	0.00636	0.00638	0.01145
53	0.01428	0.03683	0.71286	0.02030	0.03082	0.01654	0.02631	0.02255	0.01503	0.02255	0.01278	0.01503	0.00902	0.00677	0.00677	0.00226	0.01052	0.00526	0.00301	0.01052
54	0.03195	0.01212	0.01652	0.01267	0.01818	0.01047	0.01047	0.03470	0.02038	0.71026	0.02809	0.02424	0.01763	0.00881	0.00716	0.00220	0.00606	0.00716	0.00881	0.01212
55	0.00972	0.00664	0.00795	0.00857	0.00873	0.00648	0.00518	0.01019	0.01159	0.01545	0.02875	0.30877	0.03385	0.47672	0.02605	0.00540	0.00586	0.01407	0.00518	0.00487
56	0.01411	0.01046	0.01206	0.01191	0.01364	0.03754	0.00870	0.13633	0.01776	0.05468	0.03237	0.52040	0.03632	0.01818	0.00909	0.00269	0.03385	0.01593	0.00655	0.00742
57	0.01548	0.01545	0.02179	0.05058	0.02005	0.02154	0.01577	0.01718	0.01105	0.01718	0.00950	0.01573	0.00935	0.01222	0.02264	0.00308	0.70424	0.00624	0.00312	0.00779
58	0.00879	0.00635	0.00835	0.00990	0.01049	0.00591	0.00676	0.01015	0.01392	0.01839	0.04119	0.67329	0.08694	0.02193	0.00908	0.00288	0.00421	0.04905	0.00661	0.00583
59	0.00873	0.00643	0.00821	0.00960	0.01037	0.00591	0.00659	0.01014	0.01414	0.01846	0.04437	0.61492	0.15004	0.02154	0.00901	0.00283	0.00414	0.04212	0.00661	0.00585
60	0.02453	0.01788	0.01911	0.01500	0.01998	0.01974	0.01222	0.55308	0.06997	0.04100	0.01860	0.01972	0.01381	0.03753	0.00806	0.00229	0.00723	0.00668	0.08233	0.01123
61	0.02572	0.01865	0.01993	0.01543	0.02074	0.02057	0.01270	0.61670	0.03167	0.04309	0.01769	0.01802	0.01271	0.00852	0.00691	0.00209	0.00739	0.00643	0.08345	0.01158
62	0.00868	0.00620	0.00826	0.00991	0.01033	0.00578	0.00661	0.00991	0.01363	0.01818	0.03925	0.74510	0.04710	0.02231	0.00909	0.00289	0.00413	0.02024	0.00661	0.00578
63	0.01412	0.01384	0.02488	0.59755	0.07050	0.01620	0.12370	0.01905	0.01471	0.01910	0.01296	0.01897	0.00976	0.00692	0.00732	0.00237	0.00985	0.00666	0.00325	0.00830
64	0.01708	0.08123	0.57003	0.01868	0.02821	0.01646	0.02314	0.02417	0.01575	0.11870	0.01474	0.01608	0.01024	0.00701	0.00667	0.00220	0.00970	0.00543	0.00382	0.01065
65	0.01428	0.03683	0.71286	0.02030	0.03082	0.01654	0.02631	0.02255	0.01503	0.02255	0.01278	0.01503	0.00902	0.00677	0.00677	0.00226	0.01052	0.00526	0.00301	0.01052
66	0.00962	0.00678	0.00765	0.00809	0.00901	0.00633	0.00529	0.01073	0.01325	0.01756	0.04076	0.23840	0.21810	0.28931	0.01861	0.00414	0.00494	0.01399	0.07206	0.00537
67	0.09659	0.01569	0.01688	0.01367	0.01802	0.01708	0.01104	0.42859	0.02723	0.03834	0.16749	0.07139	0.02598	0.01056	0.00727	0.00221	0.00639	0.00847	0.00698	0.01010
68	0.06758	0.25777	0.30766	0.01464	0.02148	0.01822	0.01650	0.02009	0.01536	0.02205	0.12830	0.02118	0.01937	0.03333	0.00719	0.00218	0.00793	0.00616	0.00397	0.00904
69	0.01666	0.01115	0.01231	0.01074	0.01334	0.01204	0.00833	0.21820	0.01975	0.02899	0.02394	0.07097	0.05715	0.06832	0.03797	0.02795	0.03850	0.00817	0.30753	0.00797
70	0.01091	0.00847	0.01126	0.01120	0.01248	0.03396	0.00855	0.01327	0.01183	0.01681	0.01922	0.02877	0.01812	0.10195	0.61276	0.01033	0.01724	0.00768	0.03893	0.00628
71	0.04992	0.00981	0.01326	0.15225	0.02007	0.01008	0.01035	0.04064	0.01728	0.09041	0.23230	0.11527	0.03513	0.01372	0.03298	0.00263	0.00606	0.05325	0.03756	0.05702
72	0.01586	0.01318	0.01596	0.01224	0.01722	0.01211	0.00988	0.04918	0.04153	0.04656	0.01395	0.01658	0.01157	0.00967	0.05189	0.00212	0.10895	0.00506	0.00445	0.54203
73	0.02176	0.19584	0.02521	0.01928	0.10617	0.25914	0.04332	0.08221	0.06311	0.04647	0.03758	0.01825	0.03649	0.00777	0.00642	0.00193	0.00926	0.00589	0.00445	0.00945
74	0.01532	0.01696	0.07073	0.04489	0.07013	0.04726	0.24885	0.01948	0.01496	0.02083	0.01769	0.02459	0.04018	0.01314	0.07638	0.00331	0.14593	0.04467	0.05620	0.00851
75	0.18989	0.01791	0.01748	0.01403	0.01894	0.05119	0.01145	0.42869	0.04968	0.03869	0.01626	0.01691	0.01193	0.00810	0.00632	0.00210	0.00708	0.00586	0.07698	0.01047

[dist]
# distance from previous block
# <min> <max>
0	1

[block]
# block no. 3 follows, 29 sequences, length 6
# corresponding to MSA columns:
# 227-232
name=unknown_D
#
# <colnr> <probs for GDERKNQSTAVLIFYWHMCP>
#	G	D	E	R	K	N	Q	S	T	A	V	L	I	F	Y	W	H	M	C	P
0	0.02526	0.02116	0.02024	0.01604	0.02136	0.12950	0.01296	0.47665	0.07524	0.03764	0.01658	0.01688	0.01218	0.00815	0.00686	0.00201	0.00824	0.00605	0.00634	0.08068
1	0.00865	0.00631	0.00814	0.00961	0.01025	0.00581	0.00647	0.00995	0.01393	0.01830	0.04296	0.66868	0.12112	0.02183	0.00901	0.00284	0.00407	0.01965	0.00661	0.00581
2	0.02544	0.01273	0.01588	0.01272	0.01736	0.01231	0.01030	0.13162	0.09349	0.40247	0.15708	0.02899	0.02681	0.00998	0.00740	0.00222	0.00577	0.00825	0.00820	0.01098
3	0.05484	0.46664	0.15625	0.01291	0.01909	0.02197	0.01361	0.02005	0.01509	0.01979	0.07610	0.01981	0.06289	0.00783	0.00558	0.00182	0.00739	0.00567	0.00378	0.00889
4	0.01465	0.00869	0.01081	0.00971	0.01238	0.00790	0.00746	0.04611	0.01937	0.16067	0.34332	0.10749	0.19420	0.01458	0.00816	0.00232	0.00421	0.01256	0.00762	0.00779
5	0.01467	0.01037	0.01201	0.01119	0.01353	0.01060	0.00838	0.12444	0.08800	0.05307	0.05100	0.19003	0.06589	0.17292	0.01408	0.00344	0.00580	0.08055	0.02942	0.04061

[dist]
# distance from previous block
# <min> <max>
1	2

[block]
# block no. 4 follows, 29 sequences, length 9
# corresponding to MSA columns:
# 235-243
name=unknown_E
#
# <colnr> <probs for GDERKNQSTAVLIFYWHMCP>
#	G	D	E	R	K	N	Q	S	T	A	V	L	I	F	Y	W	H	M	C	P
0	0.01969	0.01541	0.01991	0.13791	0.02534	0.01608	0.06074	0.25188	0.07916	0.06539	0.07531	0.02137	0.01706	0.00812	0.00699	0.00203	0.00728	0.00686	0.00580	0.15767
1	0.02426	0.08983	0.02100	0.01679	0.02101	0.42721	0.01310	0.11889	0.15464	0.02357	0.01530	0.01602	0.01206	0.00786	0.00652	0.00196	0.01028	0.00545	0.00480	0.00945
2	0.07694	0.01544	0.01409	0.04540	0.01692	0.13545	0.00996	0.18190	0.01979	0.02760	0.02066	0.14345	0.01889	0.01257	0.04085	0.00256	0.00743	0.00838	0.19347	0.00825
3	0.01345	0.01266	0.02136	0.73264	0.04904	0.01582	0.01978	0.01819	0.01424	0.01819	0.01266	0.01898	0.00949	0.00712	0.00712	0.00237	0.00949	0.00633	0.00316	0.00791
4	0.00908	0.00739	0.00814	0.00837	0.01058	0.00644	0.00656	0.01127	0.01659	0.02038	0.11924	0.06926	0.53571	0.01802	0.00866	0.00254	0.00409	0.12482	0.00671	0.00616
5	0.00897	0.00658	0.00843	0.00935	0.01031	0.00603	0.00649	0.01078	0.01550	0.02076	0.19960	0.49719	0.13387	0.01994	0.00884	0.00268	0.00388	0.01785	0.00690	0.00603
6	0.08847	0.01437	0.01618	0.05599	0.01970	0.01548	0.01117	0.14466	0.26108	0.19200	0.02784	0.02627	0.07629	0.00958	0.00706	0.00229	0.00616	0.00770	0.00706	0.01066
7	0.01668	0.01342	0.01804	0.01387	0.01900	0.01207	0.09324	0.10527	0.05337	0.06178	0.01915	0.11713	0.01735	0.03957	0.00792	0.00199	0.00643	0.00782	0.00525	0.37067
8	0.01660	0.01907	0.13192	0.13095	0.21420	0.04410	0.06257	0.07917	0.05189	0.02421	0.01891	0.02165	0.06105	0.00778	0.00701	0.00214	0.00841	0.00686	0.04004	0.05148

[dist]
# distance from previous block
# <min> <max>
1	3

[block]
# block no. 5 follows, 29 sequences, length 46
# corresponding to MSA columns:
# 247-292
name=unknown_F
#
# <colnr> <probs for GDERKNQSTAVLIFYWHMCP>
#	G	D	E	R	K	N	Q	S	T	A	V	L	I	F	Y	W	H	M	C	P
0	0.04305	0.11999	0.36020	0.01862	0.05833	0.04355	0.03495	0.02183	0.01512	0.06580	0.01664	0.03863	0.04488	0.00834	0.00823	0.00225	0.07988	0.00625	0.00379	0.00966
1	0.23413	0.09676	0.01675	0.01321	0.04728	0.07751	0.03231	0.07448	0.06041	0.02629	0.06968	0.02395	0.08426	0.00969	0.00716	0.04141	0.00647	0.00676	0.06330	0.00819
2	0.01371	0.01799	0.15854	0.03730	0.02536	0.01344	0.23116	0.01827	0.01513	0.02124	0.02211	0.17126	0.05854	0.01049	0.00850	0.00232	0.04419	0.00991	0.00434	0.11618
3	0.02271	0.01875	0.01914	0.01701	0.06022	0.09836	0.01300	0.40628	0.06289	0.03495	0.02303	0.04775	0.06086	0.01043	0.00745	0.00227	0.00782	0.07021	0.00642	0.01046
4	0.01466	0.09441	0.65862	0.01964	0.02981	0.01747	0.02517	0.02245	0.01499	0.02209	0.01255	0.01474	0.00903	0.00671	0.00659	0.00220	0.01029	0.00515	0.00301	0.01041
5	0.01353	0.01355	0.02627	0.02183	0.06827	0.01262	0.33268	0.01738	0.01540	0.02104	0.02403	0.30489	0.02512	0.01241	0.00840	0.00250	0.00828	0.01269	0.00482	0.05431
6	0.01608	0.05573	0.41578	0.02654	0.18572	0.01710	0.11729	0.02272	0.01569	0.04179	0.01347	0.01635	0.01004	0.00659	0.00699	0.00221	0.01003	0.00596	0.00337	0.01056
7	0.01382	0.01296	0.02149	0.67131	0.07793	0.01595	0.01952	0.01917	0.04236	0.01891	0.01336	0.01924	0.01008	0.00719	0.00712	0.00236	0.00929	0.00640	0.00335	0.00820
8	0.01237	0.00618	0.00928	0.00928	0.00928	0.00618	0.00618	0.00928	0.00928	0.01237	0.01237	0.02165	0.01237	0.02474	0.02783	0.79283	0.00618	0.00618	0.00309	0.00309
9	0.01672	0.01792	0.03166	0.10743	0.09517	0.05079	0.33160	0.02193	0.04848	0.02116	0.01354	0.01829	0.01084	0.00784	0.01132	0.00251	0.17270	0.00730	0.00362	0.00918
10	0.05834	0.01869	0.07819	0.12247	0.19005	0.01727	0.36503	0.02187	0.01597	0.02279	0.01360	0.01814	0.01046	0.00631	0.00761	0.00231	0.01042	0.00722	0.00353	0.00973
11	0.01743	0.01575	0.02156	0.01796	0.01971	0.02001	0.05332	0.15987	0.01628	0.02345	0.01343	0.05321	0.01245	0.01439	0.06360	0.00339	0.45415	0.00719	0.00423	0.00863
12	0.01111	0.00773	0.00928	0.00926	0.00989	0.00798	0.00601	0.05419	0.01261	0.01702	0.02463	0.16818	0.02763	0.46729	0.13069	0.00654	0.00826	0.01148	0.00484	0.00539
13	0.00958	0.00728	0.01027	0.12313	0.01617	0.00746	0.00846	0.01125	0.01342	0.01777	0.03351	0.56636	0.03923	0.08741	0.01130	0.00318	0.00523	0.01714	0.00586	0.00598
14	0.72180	0.01357	0.01126	0.01092	0.04537	0.01552	0.00831	0.02057	0.01274	0.03137	0.04712	0.01407	0.01106	0.00702	0.00474	0.00220	0.00553	0.00445	0.00455	0.00782
15	0.01477	0.01266	0.01477	0.01055	0.01687	0.00949	0.00844	0.01793	0.01477	0.02320	0.01266	0.01477	0.01055	0.00527	0.00527	0.00105	0.00527	0.00422	0.00422	0.79328
16	0.01026	0.00692	0.00774	0.00774	0.00786	0.00686	0.00437	0.01035	0.01065	0.01408	0.02491	0.04769	0.05954	0.71336	0.03486	0.00668	0.00674	0.01059	0.00443	0.00440
17	0.02097	0.57040	0.03294	0.01375	0.01923	0.20489	0.01259	0.02314	0.01592	0.01692	0.01018	0.01178	0.00915	0.00641	0.00504	0.00160	0.00895	0.00401	0.00320	0.00891
18	0.80005	0.01377	0.01047	0.00936	0.01377	0.01597	0.00771	0.02093	0.01212	0.03195	0.00991	0.01157	0.00771	0.00661	0.00441	0.00220	0.00551	0.00386	0.00441	0.00771
19	0.00842	0.00721	0.00721	0.00721	0.00962	0.00601	0.00541	0.01022	0.01623	0.01924	0.07213	0.06853	0.70244	0.01803	0.00842	0.00240	0.00361	0.01503	0.00661	0.00601
20	0.00864	0.00634	0.00812	0.00954	0.01023	0.00582	0.00644	0.00996	0.01400	0.01832	0.04383	0.65073	0.13851	0.02171	0.00899	0.00282	0.00406	0.01952	0.00661	0.00582
21	0.52163	0.01470	0.01402	0.08066	0.01906	0.01670	0.01018	0.14603	0.01696	0.08349	0.01288	0.01426	0.00945	0.00719	0.00538	0.00221	0.00637	0.00482	0.00513	0.00889
22	0.02707	0.01995	0.02137	0.01638	0.02208	0.02208	0.01353	0.68159	0.03348	0.04488	0.01710	0.01710	0.01211	0.00855	0.00712	0.00214	0.00784	0.00641	0.00712	0.01211
23	0.01266	0.00999	0.01050	0.00963	0.01211	0.01006	0.00707	0.09790	0.12305	0.02275	0.04638	0.05020	0.34455	0.19443	0.01487	0.00347	0.00526	0.01172	0.00621	0.00718
24	0.00868	0.00620	0.00826	0.00991	0.01033	0.00578	0.00661	0.00991	0.01363	0.01818	0.03925	0.74510	0.04710	0.02231	0.00909	0.00289	0.00413	0.02024	0.00661	0.00578
25	0.01743	0.01480	0.01535	0.01414	0.01780	0.05055	0.01121	0.05303	0.48271	0.04618	0.03104	0.03588	0.05498	0.01144	0.00766	0.00251	0.00613	0.11002	0.00697	0.01019
26	0.01327	0.00664	0.00664	0.00664	0.00830	0.00664	0.00498	0.01659	0.01493	0.02655	0.02323	0.02655	0.01825	0.00830	0.00498	0.00166	0.00332	0.00664	0.78928	0.00664
27	0.01580	0.01716	0.03500	0.22336	0.03928	0.01765	0.45416	0.02117	0.01571	0.02117	0.01359	0.01891	0.01035	0.00673	0.00902	0.00244	0.05835	0.00769	0.00345	0.00902
28	0.02475	0.01865	0.01991	0.01569	0.02098	0.02070	0.01282	0.54747	0.14166	0.04132	0.02133	0.02079	0.04223	0.00912	0.00720	0.00219	0.00730	0.00704	0.00712	0.01172
29	0.01327	0.00664	0.00664	0.00664	0.00830	0.00664	0.00498	0.01659	0.01493	0.02655	0.02323	0.02655	0.01825	0.00830	0.00498	0.00166	0.00332	0.00664	0.78928	0.00664
30	0.02632	0.01939	0.02084	0.01612	0.02161	0.02142	0.01325	0.65436	0.03267	0.04379	0.01799	0.04661	0.01353	0.00911	0.00720	0.00217	0.00769	0.00697	0.00710	0.01185
31	0.02206	0.01707	0.01743	0.01415	0.01811	0.06313	0.01104	0.43190	0.04517	0.03401	0.01844	0.02479	0.01581	0.19465	0.03723	0.00361	0.00822	0.00736	0.00610	0.00971
32	0.01651	0.02125	0.11991	0.02888	0.03647	0.01784	0.60363	0.02278	0.01660	0.02278	0.01422	0.01872	0.01060	0.00609	0.00821	0.00238	0.01183	0.00804	0.00353	0.00971
33	0.00842	0.00721	0.00721	0.00721	0.00962	0.00601	0.00541	0.01022	0.01623	0.01924	0.07213	0.06853	0.70244	0.01803	0.00842	0.00240	0.00361	0.01503	0.00661	0.00601
34	0.02546	0.01874	0.02021	0.01587	0.02116	0.02070	0.01311	0.60268	0.05433	0.04249	0.01888	0.02139	0.01430	0.00923	0.00723	0.00220	0.00756	0.04477	0.02808	0.01161
35	0.00991	0.00809	0.00981	0.01082	0.01179	0.04183	0.02392	0.01146	0.01439	0.01852	0.03958	0.60118	0.09268	0.02068	0.00893	0.00281	0.00486	0.05627	0.00639	0.00606
36	0.02091	0.39423	0.13756	0.01541	0.02153	0.20796	0.01492	0.07559	0.01756	0.02006	0.01121	0.01281	0.00936	0.00672	0.00560	0.00177	0.00946	0.00445	0.00353	0.00936
37	0.01018	0.00686	0.00797	0.00814	0.00823	0.00687	0.00474	0.01041	0.01073	0.01436	0.02402	0.11734	0.02773	0.64707	0.06125	0.00668	0.00711	0.01126	0.00453	0.00455
38	0.06199	0.02438	0.25687	0.02490	0.03255	0.01766	0.38458	0.02225	0.01557	0.02289	0.01328	0.01717	0.00995	0.00671	0.00861	0.00239	0.05818	0.00697	0.00342	0.00967
39	0.01298	0.00968	0.01167	0.01089	0.01181	0.01075	0.00764	0.10222	0.01417	0.01933	0.02266	0.15361	0.02497	0.39176	0.07067	0.00542	0.09793	0.01078	0.00490	0.00618
40	0.01036	0.00690	0.00777	0.00777	0.00777	0.00690	0.00431	0.01036	0.01036	0.01381	0.02244	0.04660	0.02589	0.74975	0.03624	0.00690	0.00690	0.01036	0.00431	0.00431
41	0.01655	0.10812	0.02365	0.01787	0.01881	0.05695	0.01507	0.01821	0.01180	0.01710	0.00950	0.01493	0.00931	0.01142	0.02020	0.00286	0.61068	0.00585	0.00313	0.00798
42	0.02191	0.01703	0.01721	0.01425	0.01865	0.05557	0.01140	0.34268	0.22276	0.03581	0.02132	0.02128	0.01584	0.00877	0.00675	0.00212	0.00668	0.00683	0.14246	0.01071
43	0.00868	0.00620	0.00826	0.00991	0.01033	0.00578	0.00661	0.00991	0.01363	0.01818	0.03925	0.74510	0.04710	0.02231	0.00909	0.00289	0.00413	0.02024	0.00661	0.00578
44	0.01568	0.01356	0.01664	0.01300	0.01737	0.01336	0.01053	0.07879	0.01541	0.02333	0.01346	0.03882	0.01192	0.01014	0.04493	0.00220	0.17517	0.00556	0.00429	0.47587
45	0.00875	0.00625	0.00833	0.00986	0.01034	0.00583	0.00662	0.01010	0.01398	0.01873	0.07472	0.70805	0.04817	0.02189	0.00905	0.00286	0.00409	0.01985	0.00668	0.00583

[dist]
# distance from previous block
# <min> <max>
0	9

[block]
# block no. 6 follows, 29 sequences, length 91
# corresponding to MSA columns:
# 302-392
name=unknown_G
#
# <colnr> <probs for GDERKNQSTAVLIFYWHMCP>
#	G	D	E	R	K	N	Q	S	T	A	V	L	I	F	Y	W	H	M	C	P
0	0.02280	0.01879	0.01758	0.01494	0.01951	0.15013	0.01175	0.12227	0.32422	0.13921	0.02279	0.02156	0.01668	0.00866	0.00694	0.00215	0.00735	0.00679	0.00662	0.05926
1	0.00951	0.00745	0.00793	0.00786	0.01028	0.00634	0.00602	0.01153	0.01663	0.04390	0.10746	0.06674	0.60055	0.01760	0.00845	0.00244	0.00385	0.05240	0.00676	0.00630
2	0.01123	0.00849	0.01178	0.07749	0.01693	0.00849	0.01096	0.01439	0.01623	0.02122	0.08405	0.10861	0.09911	0.01768	0.00916	0.00295	0.00615	0.43509	0.00626	0.03374
3	0.06152	0.08922	0.01545	0.01094	0.01458	0.01205	0.00861	0.03804	0.03751	0.17122	0.08414	0.07399	0.02284	0.15619	0.01298	0.00295	0.03123	0.00811	0.00575	0.14267
4	0.75379	0.01371	0.01111	0.05190	0.01584	0.01596	0.00842	0.02077	0.01224	0.03114	0.01008	0.01200	0.00782	0.00664	0.00457	0.00221	0.00574	0.00400	0.00433	0.00772
5	0.01395	0.00747	0.00761	0.00731	0.00912	0.00761	0.00547	0.05730	0.01581	0.02693	0.02280	0.02714	0.01832	0.05191	0.00695	0.00200	0.00381	0.00684	0.69481	0.00684
6	0.02005	0.01691	0.01763	0.03814	0.02044	0.04173	0.01215	0.18688	0.49509	0.03252	0.02510	0.02367	0.01869	0.00924	0.00719	0.00233	0.00651	0.00750	0.00697	0.01126
7	0.00898	0.00648	0.00850	0.00958	0.01037	0.00600	0.00658	0.01072	0.01520	0.02054	0.18876	0.56121	0.07986	0.02039	0.00891	0.00272	0.00394	0.01837	0.00688	0.00600
8	0.01441	0.03186	0.58525	0.05877	0.02953	0.01535	0.02358	0.02176	0.01541	0.04624	0.05314	0.04389	0.01399	0.00785	0.00697	0.00228	0.00968	0.00635	0.00362	0.01005
9	0.06763	0.47331	0.05221	0.01411	0.01897	0.12043	0.01309	0.02166	0.01457	0.01803	0.01006	0.01238	0.00908	0.00730	0.00779	0.00188	0.12119	0.00434	0.00322	0.00876
10	0.01375	0.00710	0.00715	0.00697	0.00877	0.00717	0.00527	0.03966	0.01558	0.02718	0.02302	0.02622	0.01804	0.00830	0.00505	0.00168	0.00348	0.00663	0.76215	0.00683
11	0.00898	0.00649	0.00857	0.01013	0.01080	0.00608	0.00710	0.01049	0.01411	0.01860	0.04100	0.62832	0.08492	0.02175	0.00914	0.00291	0.00438	0.09374	0.00660	0.00589
12	0.01750	0.01689	0.02753	0.08291	0.62087	0.04000	0.02095	0.02145	0.01600	0.02241	0.01324	0.01768	0.01114	0.00702	0.00770	0.02763	0.00859	0.00628	0.00349	0.01071
13	0.01667	0.01823	0.03742	0.07286	0.14563	0.01794	0.49252	0.02203	0.01619	0.02226	0.01383	0.01871	0.01071	0.00652	0.00903	0.00240	0.05605	0.00781	0.00353	0.00967
14	0.01036	0.00690	0.00777	0.00777	0.00777	0.00690	0.00431	0.01036	0.01036	0.01381	0.02244	0.04660	0.02589	0.74975	0.03624	0.00690	0.00690	0.01036	0.00431	0.00431
15	0.01059	0.00795	0.00919	0.00931	0.01056	0.00791	0.00635	0.01436	0.10493	0.02004	0.13528	0.22708	0.13582	0.24845	0.01721	0.00393	0.00502	0.01364	0.00615	0.00623
16	0.04372	0.01233	0.03443	0.01148	0.01480	0.05273	0.00930	0.08016	0.04363	0.15470	0.32924	0.06253	0.08022	0.01242	0.00777	0.00226	0.00533	0.02715	0.00727	0.00854
17	0.03002	0.01236	0.01639	0.01266	0.01812	0.01088	0.01040	0.03392	0.06358	0.62579	0.02724	0.02383	0.01748	0.00866	0.00706	0.00215	0.00599	0.00705	0.00844	0.05800
18	0.01428	0.03683	0.71286	0.02030	0.03082	0.01654	0.02631	0.02255	0.01503	0.02255	0.01278	0.01503	0.00902	0.00677	0.00677	0.00226	0.01052	0.00526	0.00301	0.01052
19	0.01666	0.01741	0.03091	0.12405	0.23038	0.03897	0.25207	0.02099	0.01525	0.02108	0.01280	0.01782	0.01044	0.00754	0.01067	0.00243	0.15062	0.00699	0.00343	0.00948
20	0.00944	0.00695	0.00883	0.00901	0.01041	0.00634	0.00651	0.01195	0.01768	0.02420	0.41902	0.26264	0.14596	0.01734	0.00861	0.00246	0.00362	0.01537	0.00731	0.00634
21	0.01442	0.07892	0.61039	0.01947	0.02912	0.01676	0.04527	0.02197	0.01534	0.02254	0.05109	0.01707	0.01233	0.00713	0.00677	0.00221	0.00999	0.00570	0.00330	0.01020
22	0.02579	0.07785	0.02129	0.01797	0.02168	0.65667	0.01372	0.02764	0.01954	0.01738	0.01089	0.01284	0.00918	0.00742	0.00683	0.00185	0.03497	0.00459	0.00361	0.00830
23	0.01018	0.00760	0.01130	0.01130	0.01253	0.00882	0.00873	0.01263	0.01140	0.01643	0.01920	0.02868	0.01811	0.07987	0.69549	0.01127	0.01861	0.00773	0.00383	0.00628
24	0.01498	0.01340	0.01743	0.15602	0.10916	0.05910	0.01306	0.05564	0.01422	0.01929	0.01579	0.02596	0.01511	0.20976	0.05937	0.00414	0.14211	0.00738	0.04061	0.00748
25	0.01327	0.00664	0.00664	0.00664	0.00830	0.00664	0.00498	0.01659	0.01493	0.02655	0.02323	0.02655	0.01825	0.00830	0.00498	0.00166	0.00332	0.00664	0.78928	0.00664
26	0.02409	0.01946	0.02115	0.01680	0.02147	0.06801	0.03399	0.47907	0.05679	0.03706	0.01642	0.01778	0.01234	0.01155	0.05179	0.00280	0.08587	0.00647	0.00616	0.01093
27	0.01549	0.01534	0.02241	0.22134	0.02865	0.05133	0.07439	0.04048	0.01361	0.01883	0.01197	0.01793	0.01038	0.01379	0.08055	0.00352	0.34207	0.00651	0.00340	0.00802
28	0.01327	0.00664	0.00664	0.00664	0.00830	0.00664	0.00498	0.01659	0.01493	0.02655	0.02323	0.02655	0.01825	0.00830	0.00498	0.00166	0.00332	0.00664	0.78928	0.00664
29	0.01237	0.00618	0.00928	0.00928	0.00928	0.00618	0.00618	0.00928	0.00928	0.01237	0.01237	0.02165	0.01237	0.02474	0.02783	0.79283	0.00618	0.00618	0.00309	0.00309
30	0.01558	0.01558	0.02181	0.01869	0.01869	0.02181	0.01558	0.01714	0.01091	0.01714	0.00935	0.01558	0.00935	0.01246	0.02337	0.00312	0.73672	0.00623	0.00312	0.00779
31	0.11566	0.01356	0.01174	0.01077	0.01402	0.10097	0.00831	0.05820	0.13127	0.02449	0.08363	0.04311	0.33157	0.01303	0.00737	0.00228	0.00560	0.01045	0.00616	0.00780
32	0.03174	0.01246	0.01673	0.01283	0.01835	0.01097	0.01060	0.06261	0.02095	0.68156	0.02762	0.02393	0.01739	0.00880	0.00716	0.00220	0.00614	0.00713	0.00874	0.01212
33	0.07956	0.01222	0.01615	0.01246	0.01790	0.01081	0.01030	0.03385	0.01987	0.66822	0.02697	0.02345	0.01701	0.00868	0.00699	0.00220	0.00602	0.00696	0.00854	0.01185
34	0.04170	0.00947	0.02694	0.00981	0.01245	0.00867	0.00771	0.01683	0.10855	0.06173	0.18982	0.13984	0.28832	0.01552	0.00812	0.00244	0.00437	0.03342	0.00691	0.00738
35	0.01769	0.05142	0.02930	0.04223	0.67317	0.01745	0.02140	0.02183	0.01613	0.02296	0.01323	0.01733	0.01118	0.00633	0.00693	0.00209	0.00842	0.00623	0.00350	0.01118
36	0.01020	0.00750	0.01081	0.01081	0.01186	0.00856	0.00811	0.01231	0.01126	0.01606	0.01965	0.03118	0.01919	0.17337	0.60347	0.01066	0.01698	0.00810	0.00390	0.00601
37	0.00948	0.00680	0.00887	0.01001	0.01077	0.00646	0.00686	0.03312	0.01514	0.02041	0.12333	0.63182	0.04848	0.02085	0.00893	0.00278	0.00416	0.01883	0.00678	0.00612
38	0.02543	0.01870	0.02019	0.01579	0.02100	0.02062	0.01294	0.61663	0.03154	0.04225	0.01864	0.04342	0.01461	0.03365	0.00823	0.00235	0.00765	0.02791	0.00700	0.01147
39	0.01758	0.01065	0.01281	0.01124	0.01430	0.01044	0.00870	0.15922	0.02099	0.16144	0.18888	0.20021	0.10071	0.01408	0.00794	0.00236	0.00504	0.01209	0.03268	0.00863
