[name]
unknown

[dist]
# distance from previous block
# <min> <max>
15	93

[block]
# block no. 0 follows, 30 sequences, length 8
# corresponding to MSA columns:
# 95-102
name=unknown_A
#
# <colnr> <probs for GDERKNQSTAVLIFYWHMCP>
#	G	D	E	R	K	N	Q	S	T	A	V	L	I	F	Y	W	H	M	C	P
0	0.01906	0.40055	0.05203	0.01264	0.01836	0.06262	0.01164	0.02396	0.10448	0.07690	0.01425	0.01495	0.01149	0.00660	0.00534	0.00163	0.00709	0.00471	0.00422	0.14749
1	0.01624	0.01559	0.02607	0.06778	0.41096	0.01479	0.10474	0.02037	0.01550	0.02247	0.01303	0.01682	0.01072	0.00594	0.00664	0.00185	0.00799	0.00594	0.00362	0.21292
2	0.01679	0.01564	0.02426	0.03340	0.49907	0.01541	0.01776	0.02279	0.10484	0.02362	0.01500	0.01793	0.01227	0.00646	0.00663	0.00193	0.00738	0.00607	0.00405	0.14871
3	0.01346	0.01010	0.01208	0.01191	0.01432	0.01039	0.00964	0.13273	0.07487	0.02535	0.08722	0.17009	0.12830	0.01640	0.00855	0.00269	0.00555	0.25208	0.00669	0.00757
4	0.01556	0.01445	0.02380	0.10967	0.47721	0.01514	0.01836	0.02039	0.05529	0.02149	0.01493	0.01971	0.01259	0.01456	0.13300	0.00372	0.01005	0.00654	0.00368	0.00986
5	0.01946	0.01559	0.01910	0.01482	0.01930	0.03712	0.08318	0.28900	0.02148	0.04554	0.01682	0.03889	0.01454	0.13858	0.01242	0.00278	0.03659	0.00703	0.00534	0.16241
6	0.01550	0.05599	0.03099	0.02407	0.07548	0.04605	0.38277	0.01965	0.01537	0.02060	0.01748	0.14567	0.01657	0.00926	0.00910	0.00237	0.06978	0.00944	0.00399	0.02988
7	0.03451	0.05497	0.01944	0.03794	0.18535	0.01307	0.03080	0.05658	0.01658	0.19498	0.02156	0.05357	0.05013	0.01619	0.13291	0.00366	0.00890	0.00739	0.00529	0.05618

[dist]
# distance from previous block
# <min> <max>
31	83

[block]
# block no. 1 follows, 30 sequences, length 45
# corresponding to MSA columns:
# 187-231
name=unknown_B
#
# <colnr> <probs for GDERKNQSTAVLIFYWHMCP>
#	G	D	E	R	K	N	Q	S	T	A	V	L	I	F	Y	W	H	M	C	P
0	0.01651	0.01334	0.01365	0.01245	0.01508	0.12112	0.03033	0.06613	0.05780	0.09510	0.10744	0.19963	0.03033	0.08320	0.01028	0.00273	0.00651	0.05630	0.02913	0.03294
1	0.01121	0.00908	0.01072	0.00920	0.01258	0.00741	0.00693	0.01367	0.01547	0.02190	0.16680	0.15576	0.16347	0.03687	0.00800	0.00201	0.00434	0.01070	0.00569	0.32819
2	0.01918	0.70724	0.03537	0.01237	0.01817	0.07743	0.01205	0.02139	0.01458	0.01646	0.00978	0.01129	0.00896	0.00606	0.00461	0.00151	0.00783	0.00379	0.00303	0.00889
3	0.03067	0.01291	0.01683	0.01291	0.01833	0.01179	0.01066	0.12201	0.02170	0.62562	0.02608	0.02281	0.01655	0.00860	0.00701	0.00215	0.00617	0.00692	0.00841	0.01187
4	0.02699	0.02168	0.01804	0.01524	0.01974	0.30408	0.01195	0.09190	0.10573	0.28393	0.01983	0.01884	0.01390	0.00813	0.00673	0.00203	0.00875	0.00603	0.00624	0.01023
5	0.02653	0.01955	0.02094	0.01606	0.02164	0.02164	0.01326	0.68796	0.03281	0.04398	0.01675	0.01675	0.01187	0.00838	0.00698	0.00209	0.00768	0.00628	0.00698	0.01187
6	0.01400	0.03610	0.71860	0.01989	0.03020	0.01621	0.02578	0.02210	0.01473	0.02210	0.01252	0.01473	0.00884	0.00663	0.00663	0.00221	0.01031	0.00516	0.00295	0.01031
7	0.01727	0.01658	0.02832	0.04283	0.71123	0.01658	0.02142	0.02142	0.01589	0.02280	0.01313	0.01727	0.01105	0.00622	0.00691	0.00207	0.00829	0.00622	0.00345	0.01105
8	0.01487	0.17091	0.59140	0.01841	0.02791	0.01833	0.02320	0.02187	0.01463	0.02104	0.01200	0.01407	0.00886	0.00651	0.00623	0.00208	0.00978	0.00489	0.00295	0.01006
9	0.01031	0.00897	0.01561	0.01419	0.01610	0.00839	0.16076	0.01259	0.01407	0.01884	0.03293	0.58412	0.03808	0.01823	0.00875	0.00272	0.00580	0.01720	0.00581	0.00652
10	0.80405	0.01350	0.01026	0.00918	0.01350	0.01565	0.00756	0.02051	0.01188	0.03131	0.00972	0.01134	0.00756	0.00648	0.00432	0.00216	0.00540	0.00378	0.00432	0.00756
11	0.02607	0.03326	0.01978	0.01798	0.02157	0.72674	0.01348	0.02787	0.01978	0.01708	0.01079	0.01258	0.00899	0.00719	0.00629	0.00180	0.01258	0.00449	0.00360	0.00809
12	0.01400	0.03610	0.71860	0.01989	0.03020	0.01621	0.02578	0.02210	0.01473	0.02210	0.01252	0.01473	0.00884	0.00663	0.00663	0.00221	0.01031	0.00516	0.00295	0.01031
13	0.01124	0.00851	0.01004	0.00985	0.01070	0.04011	0.00698	0.01275	0.01149	0.01617	0.01973	0.03348	0.01999	0.32466	0.32371	0.00779	0.03665	0.00827	0.08229	0.00559
14	0.01015	0.00677	0.00761	0.00761	0.00761	0.00677	0.00423	0.01015	0.01015	0.01353	0.02199	0.04567	0.02537	0.75476	0.03552	0.00677	0.00677	0.01015	0.00423	0.00423
15	0.01727	0.01658	0.02832	0.04283	0.71123	0.01658	0.02142	0.02142	0.01589	0.02280	0.01313	0.01727	0.01105	0.00622	0.00691	0.00207	0.00829	0.00622	0.00345	0.01105
16	0.01647	0.01882	0.04118	0.02941	0.03647	0.01765	0.68588	0.02235	0.01647	0.02235	0.01412	0.01882	0.01059	0.00588	0.00824	0.00235	0.01176	0.00824	0.00353	0.00941
17	0.01685	0.01615	0.02756	0.11449	0.64286	0.01647	0.02121	0.02105	0.01569	0.02229	0.01305	0.01741	0.01087	0.00630	0.00692	0.00210	0.00839	0.00622	0.00342	0.01071
18	0.01727	0.01658	0.02832	0.04283	0.71123	0.01658	0.02142	0.02142	0.01589	0.02280	0.01313	0.01727	0.01105	0.00622	0.00691	0.00207	0.00829	0.00622	0.00345	0.01105
19	0.01013	0.00683	0.00792	0.00792	0.00802	0.00693	0.00461	0.01034	0.01024	0.01376	0.02171	0.04412	0.02470	0.69545	0.09391	0.00714	0.00777	0.00992	0.00419	0.00440
20	0.02005	0.04643	0.02573	0.05360	0.38925	0.25046	0.04768	0.02395	0.03867	0.02074	0.01275	0.01592	0.01055	0.00664	0.00669	0.00199	0.00977	0.00571	0.00359	0.00983
21	0.01400	0.03610	0.71860	0.01989	0.03020	0.01621	0.02578	0.02210	0.01473	0.02210	0.01252	0.01473	0.00884	0.00663	0.00663	0.00221	0.01031	0.00516	0.00295	0.01031
22	0.03131	0.01188	0.01619	0.01242	0.01781	0.01026	0.01026	0.03401	0.01997	0.71606	0.02753	0.02375	0.01727	0.00864	0.00702	0.00216	0.00594	0.00702	0.00864	0.01188
23	0.00856	0.00741	0.00796	0.05383	0.01190	0.00651	0.00620	0.01051	0.01578	0.01879	0.06696	0.06405	0.66367	0.01699	0.00817	0.00235	0.00390	0.01418	0.00626	0.00601
24	0.01821	0.68901	0.10257	0.01271	0.01910	0.02651	0.01328	0.02101	0.01423	0.01697	0.00997	0.01154	0.00894	0.00603	0.00469	0.00156	0.00774	0.00387	0.00298	0.00909
25	0.01301	0.00650	0.00650	0.00650	0.00813	0.00650	0.00488	0.01626	0.01463	0.02602	0.02276	0.02602	0.01789	0.00813	0.00488	0.00163	0.00325	0.00650	0.79350	0.00650
26	0.00997	0.00748	0.01121	0.01121	0.01246	0.00872	0.00872	0.01246	0.01121	0.01620	0.01869	0.02741	0.01745	0.05234	0.72710	0.01121	0.01869	0.00748	0.00374	0.00623
27	0.02653	0.01955	0.02094	0.01606	0.02164	0.02164	0.01326	0.68796	0.03281	0.04398	0.01675	0.01675	0.01187	0.00838	0.00698	0.00209	0.00768	0.00628	0.00698	0.01187
28	0.01318	0.01240	0.02093	0.73798	0.04806	0.01550	0.01938	0.01783	0.01395	0.01783	0.01240	0.01860	0.00930	0.00698	0.00698	0.00233	0.00930	0.00620	0.00310	0.00775
29	0.02653	0.01955	0.02094	0.01606	0.02164	0.02164	0.01326	0.68796	0.03281	0.04398	0.01675	0.01675	0.01187	0.00838	0.00698	0.00209	0.00768	0.00628	0.00698	0.01187
30	0.00827	0.00698	0.00716	0.00731	0.00949	0.00587	0.00541	0.00999	0.01568	0.01876	0.06779	0.12876	0.64867	0.01805	0.00831	0.00240	0.00358	0.01519	0.00648	0.00587
31	0.06512	0.01195	0.01593	0.01227	0.01762	0.01049	0.01014	0.03342	0.01962	0.68610	0.02675	0.02321	0.01685	0.00854	0.00690	0.00216	0.00591	0.00688	0.00845	0.01169
32	0.00872	0.00616	0.00803	0.00944	0.00979	0.00581	0.00618	0.00977	0.01294	0.01725	0.03630	0.65782	0.04343	0.11796	0.01240	0.00335	0.00440	0.01857	0.00618	0.00548
33	0.02482	0.01835	0.01978	0.01551	0.02064	0.02027	0.01267	0.61310	0.05484	0.04146	0.01883	0.07317	0.01482	0.00945	0.00713	0.00216	0.00733	0.00738	0.00695	0.01136
34	0.01532	0.01238	0.01456	0.01044	0.01660	0.00935	0.00837	0.01840	0.01475	0.05759	0.01316	0.01494	0.01068	0.00534	0.00526	0.00109	0.00521	0.00428	0.00436	0.75793
35	0.01995	0.01904	0.01706	0.01513	0.01916	0.15833	0.01174	0.09697	0.50097	0.02819	0.02381	0.02249	0.01797	0.00891	0.00693	0.00223	0.00713	0.00706	0.00639	0.01054
36	0.03131	0.01188	0.01619	0.01242	0.01781	0.01026	0.01026	0.03401	0.01997	0.71606	0.02753	0.02375	0.01727	0.00864	0.00702	0.00216	0.00594	0.00702	0.00864	0.01188
37	0.00981	0.00713	0.00923	0.00871	0.01038	0.00655	0.00653	0.01303	0.01959	0.02759	0.68029	0.05277	0.09334	0.01441	0.00823	0.00220	0.00330	0.01271	0.00763	0.00655
38	0.03039	0.01255	0.01652	0.01275	0.01810	0.01136	0.01050	0.08074	0.04906	0.63965	0.02680	0.02335	0.01706	0.00865	0.00702	0.00216	0.00604	0.00700	0.00846	0.01184
39	0.01022	0.00773	0.01120	0.01107	0.01210	0.00903	0.00843	0.01235	0.01106	0.01588	0.01870	0.02922	0.01810	0.14038	0.60788	0.01029	0.04882	0.00776	0.00377	0.00604
40	0.03131	0.01188	0.01619	0.01242	0.01781	0.01026	0.01026	0.03401	0.01997	0.71606	0.02753	0.02375	0.01727	0.00864	0.00702	0.00216	0.00594	0.00702	0.00864	0.01188
41	0.02607	0.03326	0.01978	0.01798	0.02157	0.72674	0.01348	0.02787	0.01978	0.01708	0.01079	0.01258	0.00899	0.00719	0.00629	0.00180	0.01258	0.00449	0.00360	0.00809
42	0.01318	0.01240	0.02093	0.73798	0.04806	0.01550	0.01938	0.01783	0.01395	0.01783	0.01240	0.01860	0.00930	0.00698	0.00698	0.00233	0.00930	0.00620	0.00310	0.00775
43	0.03131	0.01188	0.01619	0.01242	0.01781	0.01026	0.01026	0.03401	0.01997	0.71606	0.02753	0.02375	0.01727	0.00864	0.00702	0.00216	0.00594	0.00702	0.00864	0.01188
44	0.01124	0.00803	0.01124	0.01285	0.01446	0.00803	0.01124	0.01446	0.01606	0.02088	0.03695	0.07871	0.04016	0.01928	0.00964	0.00321	0.00643	0.66426	0.00643	0.00643

[dist]
# distance from previous block
# <min> <max>
0	19

[block]
# block no. 2 follows, 30 sequences, length 68
# corresponding to MSA columns:
# 261-328
name=unknown_C
#
# <colnr> <probs for GDERKNQSTAVLIFYWHMCP>
#	G	D	E	R	K	N	Q	S	T	A	V	L	I	F	Y	W	H	M	C	P
0	0.01011	0.00690	0.00828	0.00828	0.00851	0.00713	0.00506	0.01058	0.01035	0.01402	0.02138	0.04229	0.02390	0.62475	0.16352	0.00759	0.00897	0.00965	0.00414	0.00460
1	0.01580	0.01733	0.03620	0.18250	0.07154	0.01713	0.51041	0.02133	0.01590	0.02140	0.01370	0.01870	0.01033	0.00613	0.00790	0.00233	0.01107	0.00770	0.00343	0.00913
2	0.01400	0.03610	0.71860	0.01989	0.03020	0.01621	0.02578	0.02210	0.01473	0.02210	0.01252	0.01473	0.00884	0.00663	0.00663	0.00221	0.01031	0.00516	0.00295	0.01031
3	0.03131	0.01188	0.01619	0.01242	0.01781	0.01026	0.01026	0.03401	0.01997	0.71606	0.02753	0.02375	0.01727	0.00864	0.00702	0.00216	0.00594	0.00702	0.00864	0.01188
4	0.01416	0.06180	0.69435	0.01961	0.02977	0.01661	0.02529	0.02206	0.01471	0.02190	0.01242	0.01461	0.00884	0.00661	0.00655	0.00218	0.01021	0.00511	0.00295	0.01026
5	0.04283	0.35257	0.02488	0.01305	0.01748	0.23568	0.01118	0.02190	0.01684	0.04321	0.10602	0.02029	0.05191	0.00814	0.00580	0.00176	0.00816	0.00581	0.00421	0.00829
6	0.01866	0.75896	0.03657	0.01194	0.01791	0.02761	0.01194	0.02090	0.01418	0.01642	0.00970	0.01119	0.00896	0.00597	0.00448	0.00149	0.00746	0.00373	0.00299	0.00896
7	0.01301	0.00650	0.00650	0.00650	0.00813	0.00650	0.00488	0.01626	0.01463	0.02602	0.02276	0.02602	0.01789	0.00813	0.00488	0.00163	0.00325	0.00650	0.79350	0.00650
8	0.01810	0.01524	0.01616	0.01435	0.01839	0.01751	0.01128	0.10215	0.61085	0.03044	0.02748	0.02668	0.02092	0.00965	0.00716	0.00236	0.00577	0.02745	0.00707	0.01099
9	0.01400	0.03610	0.71860	0.01989	0.03020	0.01621	0.02578	0.02210	0.01473	0.02210	0.01252	0.01473	0.00884	0.00663	0.00663	0.00221	0.01031	0.00516	0.00295	0.01031
10	0.03131	0.01188	0.01619	0.01242	0.01781	0.01026	0.01026	0.03401	0.01997	0.71606	0.02753	0.02375	0.01727	0.00864	0.00702	0.00216	0.00594	0.00702	0.00864	0.01188
11	0.00850	0.00607	0.00810	0.00972	0.01012	0.00567	0.00648	0.00972	0.01336	0.01781	0.03846	0.75020	0.04615	0.02186	0.00891	0.00283	0.00405	0.01984	0.00648	0.00567
12	0.02568	0.07093	0.02065	0.01766	0.02138	0.69045	0.01340	0.02750	0.01948	0.01704	0.01073	0.01251	0.00899	0.00713	0.00620	0.00178	0.01232	0.00445	0.00356	0.00813
13	0.00850	0.00607	0.00810	0.00972	0.01012	0.00567	0.00648	0.00972	0.01336	0.01781	0.03846	0.75020	0.04615	0.02186	0.00891	0.00283	0.00405	0.01984	0.00648	0.00567
14	0.01866	0.75896	0.03657	0.01194	0.01791	0.02761	0.01194	0.02090	0.01418	0.01642	0.00970	0.01119	0.00896	0.00597	0.00448	0.00149	0.00746	0.00373	0.00299	0.00896
15	0.01866	0.75896	0.03657	0.01194	0.01791	0.02761	0.01194	0.02090	0.01418	0.01642	0.00970	0.01119	0.00896	0.00597	0.00448	0.00149	0.00746	0.00373	0.00299	0.00896
16	0.01318	0.01240	0.02093	0.73798	0.04806	0.01550	0.01938	0.01783	0.01395	0.01783	0.01240	0.01860	0.00930	0.00698	0.00698	0.00233	0.00930	0.00620	0.00310	0.00775
17	0.00997	0.00748	0.01121	0.01121	0.01246	0.00872	0.00872	0.01246	0.01121	0.01620	0.01869	0.02741	0.01745	0.05234	0.72710	0.01121	0.01869	0.00748	0.00374	0.00623
18	0.00871	0.00747	0.00751	0.00743	0.00986	0.00647	0.00559	0.01138	0.05024	0.01937	0.06857	0.06509	0.67384	0.01726	0.00819	0.00236	0.00363	0.01438	0.00651	0.00615
19	0.01727	0.01658	0.02832	0.04283	0.71123	0.01658	0.02142	0.02142	0.01589	0.02280	0.01313	0.01727	0.01105	0.00622	0.00691	0.00207	0.00829	0.00622	0.00345	0.01105
20	0.03131	0.01188	0.01619	0.01242	0.01781	0.01026	0.01026	0.03401	0.01997	0.71606	0.02753	0.02375	0.01727	0.00864	0.00702	0.00216	0.00594	0.00702	0.00864	0.01188
21	0.00997	0.00748	0.01121	0.01121	0.01246	0.00872	0.00872	0.01246	0.01121	0.01620	0.01869	0.02741	0.01745	0.05234	0.72710	0.01121	0.01869	0.00748	0.00374	0.00623
22	0.02653	0.01955	0.02094	0.01606	0.02164	0.02164	0.01326	0.68796	0.03281	0.04398	0.01675	0.01675	0.01187	0.00838	0.00698	0.00209	0.00768	0.00628	0.00698	0.01187
23	0.01318	0.01240	0.02093	0.73798	0.04806	0.01550	0.01938	0.01783	0.01395	0.01783	0.01240	0.01860	0.00930	0.00698	0.00698	0.00233	0.00930	0.00620	0.00310	0.00775
24	0.01318	0.01240	0.02093	0.73798	0.04806	0.01550	0.01938	0.01783	0.01395	0.01783	0.01240	0.01860	0.00930	0.00698	0.00698	0.00233	0.00930	0.00620	0.00310	0.00775
25	0.03014	0.01375	0.01735	0.01330	0.01875	0.01303	0.01099	0.19362	0.02311	0.55202	0.02490	0.02204	0.01595	0.00857	0.00701	0.00214	0.00636	0.00684	0.00823	0.01187
26	0.01706	0.01465	0.01556	0.01414	0.01797	0.01691	0.01106	0.03599	0.66567	0.02879	0.02881	0.02858	0.02221	0.00994	0.00722	0.00241	0.00557	0.03958	0.00707	0.01082
27	0.03098	0.01240	0.01652	0.01266	0.01808	0.01104	0.01046	0.07875	0.02085	0.67008	0.02679	0.02327	0.01690	0.00862	0.00702	0.00215	0.00606	0.00697	0.00852	0.01188
28	0.01318	0.01240	0.02093	0.73798	0.04806	0.01550	0.01938	0.01783	0.01395	0.01783	0.01240	0.01860	0.00930	0.00698	0.00698	0.00233	0.00930	0.00620	0.00310	0.00775
29	0.01704	0.01634	0.02790	0.08230	0.67357	0.01652	0.02130	0.02121	0.01578	0.02252	0.01309	0.01735	0.01095	0.00626	0.00691	0.00209	0.00835	0.00622	0.00343	0.01087
30	0.01495	0.03427	0.65955	0.01985	0.02980	0.01596	0.04812	0.02271	0.01506	0.05701	0.01333	0.01533	0.00933	0.00670	0.00671	0.00221	0.01014	0.00536	0.00325	0.01036
31	0.00850	0.00607	0.00810	0.00972	0.01012	0.00567	0.00648	0.00972	0.01336	0.01781	0.03846	0.75020	0.04615	0.02186	0.00891	0.00283	0.00405	0.01984	0.00648	0.00567
32	0.63117	0.01370	0.01354	0.06696	0.01785	0.01571	0.04741	0.02092	0.01264	0.06227	0.01101	0.01307	0.00839	0.00680	0.00558	0.00222	0.03405	0.00446	0.00434	0.00789
33	0.01582	0.01465	0.02455	0.09501	0.52719	0.01491	0.01936	0.01983	0.01576	0.02203	0.01748	0.02875	0.01630	0.00870	0.00742	0.00230	0.00803	0.12801	0.00397	0.00992
34	0.01097	0.00831	0.00927	0.00962	0.01090	0.04523	0.00676	0.01247	0.01412	0.05144	0.07149	0.32933	0.16113	0.12727	0.09481	0.00415	0.00653	0.01428	0.00585	0.00605
35	0.01708	0.01638	0.02797	0.07587	0.67971	0.01653	0.02132	0.02125	0.01580	0.02256	0.01309	0.01733	0.01097	0.00625	0.00691	0.00208	0.00834	0.00622	0.00344	0.01090
36	0.01458	0.09244	0.60540	0.02008	0.02976	0.01724	0.08180	0.02203	0.01484	0.02167	0.01244	0.01480	0.00900	0.00651	0.00660	0.00216	0.01021	0.00531	0.00300	0.01013
37	0.02755	0.01672	0.01897	0.01460	0.01999	0.01758	0.01204	0.46167	0.02820	0.25239	0.02031	0.01925	0.01375	0.00845	0.00692	0.00210	0.00699	0.00652	0.03432	0.01169
38	0.01101	0.00901	0.01228	0.01531	0.12853	0.00863	0.00997	0.01403	0.03604	0.02039	0.06846	0.15789	0.24574	0.04156	0.00939	0.00276	0.00535	0.19071	0.00595	0.00699
39	0.01440	0.09917	0.65909	0.01920	0.02913	0.01720	0.02457	0.02199	0.01468	0.02160	0.01228	0.01442	0.00885	0.00657	0.00644	0.00215	0.01006	0.00503	0.00295	0.01019
40	0.01866	0.75896	0.03657	0.01194	0.01791	0.02761	0.01194	0.02090	0.01418	0.01642	0.00970	0.01119	0.00896	0.00597	0.00448	0.00149	0.00746	0.00373	0.00299	0.00896
41	0.02952	0.01236	0.01624	0.01259	0.01778	0.01121	0.01035	0.08654	0.03949	0.60973	0.05899	0.02459	0.01925	0.00891	0.00707	0.00216	0.00594	0.00725	0.00841	0.01160
42	0.01431	0.05864	0.66312	0.02074	0.06268	0.01659	0.02512	0.02203	0.01477	0.02195	0.01246	0.01474	0.00895	0.00659	0.00657	0.00218	0.01012	0.00516	0.00297	0.01030
43	0.01015	0.00677	0.00761	0.00761	0.00761	0.00677	0.00423	0.01015	0.01015	0.01353	0.02199	0.04567	0.02537	0.75476	0.03552	0.00677	0.00677	0.01015	0.00423	0.00423
44	0.06549	0.01195	0.01593	0.01227	0.01762	0.01050	0.01014	0.03341	0.01961	0.68577	0.02674	0.02320	0.01684	0.00854	0.00690	0.00216	0.00591	0.00687	0.00845	0.01168
45	0.00990	0.00744	0.01045	0.01109	0.01212	0.00714	0.03981	0.04536	0.01459	0.01947	0.03612	0.65712	0.04249	0.02032	0.00880	0.00278	0.00468	0.03776	0.00636	0.00619
46	0.01314	0.01216	0.02047	0.70976	0.04655	0.01514	0.01886	0.01749	0.01377	0.01761	0.01239	0.01871	0.00941	0.00765	0.00776	0.03309	0.00918	0.00620	0.00310	0.00757
47	0.00849	0.00613	0.00804	0.00957	0.01008	0.00568	0.00641	0.00973	0.01350	0.01787	0.04029	0.71142	0.08376	0.02162	0.00887	0.00281	0.00402	0.01955	0.00648	0.00568
48	0.01400	0.03610	0.71860	0.01989	0.03020	0.01621	0.02578	0.02210	0.01473	0.02210	0.01252	0.01473	0.00884	0.00663	0.00663	0.00221	0.01031	0.00516	0.00295	0.01031
49	0.01447	0.01240	0.01447	0.01034	0.01654	0.00930	0.00827	0.01757	0.01447	0.02274	0.01240	0.01447	0.01034	0.00517	0.00517	0.00103	0.00517	0.00413	0.00413	0.79742
50	0.01920	0.02370	0.09697	0.05000	0.02849	0.23931	0.28029	0.02340	0.01671	0.04461	0.01329	0.01690	0.01040	0.00953	0.04909	0.00270	0.05648	0.00646	0.00364	0.00882
51	0.02574	0.02985	0.01980	0.01744	0.02142	0.56252	0.01333	0.15048	0.05445	0.02263	0.01273	0.01400	0.01011	0.00752	0.00646	0.00188	0.01134	0.00499	0.00439	0.00893
52	0.01601	0.02066	0.12847	0.02685	0.03428	0.01689	0.55268	0.02199	0.01611	0.02235	0.01379	0.01799	0.01034	0.00593	0.00781	0.00224	0.01112	0.00755	0.00349	0.06344
53	0.01420	0.06807	0.68843	0.01954	0.02966	0.01671	0.02517	0.02205	0.01471	0.02185	0.01240	0.01458	0.00884	0.00660	0.00653	0.00218	0.01019	0.00509	0.00295	0.01025
54	0.00866	0.00689	0.00780	0.00817	0.00995	0.00603	0.00601	0.01057	0.01584	0.01994	0.14839	0.22451	0.43733	0.01825	0.00846	0.00248	0.00375	0.04436	0.00664	0.00596
55	0.01723	0.01669	0.02897	0.04216	0.67729	0.01663	0.05483	0.02146	0.01592	0.02278	0.01318	0.01735	0.01103	0.00620	0.00698	0.00209	0.00846	0.00632	0.00346	0.01097
56	0.01712	0.01642	0.02804	0.06922	0.68605	0.01654	0.02134	0.02128	0.01582	0.02261	0.01310	0.01732	0.01099	0.00625	0.00691	0.00208	0.00833	0.00622	0.00344	0.01093
57	0.01647	0.01882	0.04118	0.02941	0.03647	0.01765	0.68588	0.02235	0.01647	0.02235	0.01412	0.01882	0.01059	0.00588	0.00824	0.00235	0.01176	0.00824	0.00353	0.00941
58	0.01092	0.00888	0.01309	0.04673	0.01487	0.01090	0.01007	0.01326	0.01129	0.01633	0.01750	0.04440	0.01674	0.06446	0.54206	0.00915	0.13161	0.00760	0.00369	0.00645
59	0.12054	0.01315	0.01562	0.01261	0.01756	0.01306	0.01026	0.06466	0.17338	0.44592	0.02507	0.02244	0.01676	0.00855	0.00671	0.00220	0.00586	0.00679	0.00769	0.01117
60	0.01622	0.31364	0.43165	0.01677	0.02517	0.04599	0.02003	0.02184	0.01470	0.01974	0.01138	0.01330	0.00889	0.00640	0.00579	0.00192	0.00930	0.00459	0.00298	0.00971
61	0.01704	0.00930	0.01157	0.01000	0.01299	0.00855	0.00772	0.06458	0.01900	0.23056	0.25877	0.07733	0.16278	0.06610	0.00977	0.00256	0.00471	0.01108	0.00739	0.00818
62	0.01689	0.01636	0.02844	0.09938	0.61824	0.01655	0.05898	0.02117	0.01576	0.02236	0.01312	0.01747	0.01088	0.00626	0.00699	0.00211	0.00857	0.00633	0.00343	0.01069
63	0.02784	0.01745	0.01964	0.01506	0.02059	0.01852	0.01244	0.50898	0.02930	0.22792	0.01970	0.01867	0.01335	0.00845	0.00699	0.00211	0.00720	0.00648	0.00743	0.01187
64	0.00858	0.00611	0.00807	0.00961	0.01000	0.00572	0.00637	0.00974	0.01321	0.01761	0.03767	0.71614	0.04515	0.05729	0.01019	0.00302	0.00418	0.01937	0.00637	0.00560
65	0.00958	0.00709	0.01030	0.01070	0.01175	0.00782	0.00803	0.01177	0.01219	0.01719	0.05720	0.21876	0.02734	0.04248	0.50340	0.00857	0.01409	0.01098	0.00465	0.00610
66	0.07591	0.09977	0.60173	0.01834	0.02779	0.01720	0.02311	0.02187	0.01446	0.02230	0.01205	0.01415	0.00875	0.00656	0.00626	0.00214	0.00967	0.00492	0.00306	0.00998
67	0.01727	0.01658	0.02832	0.04283	0.71123	0.01658	0.02142	0.02142	0.01589	0.02280	0.01313	0.01727	0.01105	0.00622	0.00691	0.00207	0.00829	0.00622	0.00345	0.01105

[dist]
# distance from previous block
# <min> <max>
0	24

[block]
# block no. 3 follows, 30 sequences, length 7
# corresponding to MSA columns:
# 353-359
name=unknown_D
#
# <colnr> <probs for GDERKNQSTAVLIFYWHMCP>
#	G	D	E	R	K	N	Q	S	T	A	V	L	I	F	Y	W	H	M	C	P
0	0.05129	0.07367	0.52727	0.01775	0.02664	0.01613	0.02155	0.02412	0.04370	0.11223	0.01484	0.01601	0.01040	0.00696	0.00647	0.00217	0.00916	0.00537	0.00392	0.01034
1	0.00841	0.00701	0.00733	0.00739	0.00956	0.00594	0.00549	0.01027	0.01608	0.01958	0.12436	0.10875	0.61060	0.01764	0.00829	0.00237	0.00355	0.01486	0.00659	0.00594
2	0.00904	0.00672	0.00878	0.04774	0.01187	0.00643	0.00685	0.01066	0.01422	0.01887	0.12532	0.48250	0.12010	0.08371	0.01097	0.00301	0.00441	0.01676	0.00626	0.00580
3	0.01704	0.02006	0.14499	0.02904	0.22918	0.01720	0.23869	0.02192	0.01536	0.06469	0.01365	0.01746	0.01063	0.00723	0.00972	0.00234	0.12049	0.00674	0.00366	0.00993
4	0.01648	0.01577	0.02690	0.17685	0.58337	0.01637	0.02102	0.02072	0.01552	0.02184	0.01299	0.01753	0.01072	0.00636	0.00692	0.00212	0.00849	0.00621	0.00339	0.01042
5	0.02325	0.01054	0.01391	0.01135	0.01541	0.00956	0.00910	0.02737	0.06868	0.44029	0.25134	0.03325	0.03354	0.01055	0.00742	0.00219	0.00504	0.00892	0.00821	0.01008
6	0.02509	0.01784	0.01946	0.01518	0.02054	0.01938	0.01243	0.50254	0.12500	0.10335	0.01919	0.01861	0.01363	0.00840	0.00691	0.00209	0.00709	0.00647	0.00701	0.04978

[dist]
# distance from previous block
# <min> <max>
4	12

[block]
# block no. 4 follows, 30 sequences, length 7
# corresponding to MSA columns:
# 372-378
name=unknown_E
#
# <colnr> <probs for GDERKNQSTAVLIFYWHMCP>
#	G	D	E	R	K	N	Q	S	T	A	V	L	I	F	Y	W	H	M	C	P
0	0.01580	0.01796	0.12103	0.09206	0.44609	0.01515	0.01987	0.02037	0.01544	0.02216	0.01448	0.02081	0.01245	0.00710	0.00688	0.00208	0.00822	0.04932	0.00362	0.08913
1	0.14558	0.05309	0.01312	0.01079	0.01373	0.01246	0.00849	0.07605	0.13575	0.02797	0.28223	0.09453	0.03642	0.01376	0.04382	0.00269	0.00549	0.00964	0.00639	0.00801
2	0.33811	0.01896	0.16639	0.01798	0.13419	0.01546	0.01452	0.06380	0.01568	0.13387	0.01405	0.01529	0.01017	0.00691	0.00582	0.00215	0.00715	0.00513	0.00471	0.00965
3	0.12262	0.01774	0.02389	0.06788	0.43815	0.07612	0.01776	0.10904	0.01780	0.02597	0.01292	0.01610	0.01044	0.00665	0.00653	0.00208	0.00824	0.00576	0.00402	0.01029
4	0.01873	0.01706	0.08765	0.01667	0.07663	0.01586	0.01312	0.29671	0.09830	0.03118	0.02148	0.16986	0.01955	0.01068	0.00720	0.00220	0.00679	0.00898	0.00596	0.07540
5	0.07464	0.21793	0.11917	0.01391	0.05572	0.07171	0.01226	0.01928	0.01655	0.04710	0.21922	0.02737	0.06008	0.00932	0.00643	0.00197	0.00669	0.00740	0.00491	0.00835
6	0.01756	0.15277	0.04736	0.02096	0.19686	0.05784	0.01417	0.08808	0.15925	0.02438	0.04122	0.02582	0.07352	0.00897	0.00675	0.00210	0.00719	0.04046	0.00498	0.00976

[dist]
# distance from previous block
# <min> <max>
1	24

[block]
# block no. 5 follows, 30 sequences, length 9
# corresponding to MSA columns:
# 403-411
name=unknown_F
#
# <colnr> <probs for GDERKNQSTAVLIFYWHMCP>
#	G	D	E	R	K	N	Q	S	T	A	V	L	I	F	Y	W	H	M	C	P
0	0.04167	0.00982	0.01335	0.04370	0.01590	0.00943	0.06594	0.01785	0.07210	0.10285	0.20926	0.04770	0.24626	0.01336	0.00792	0.00235	0.00516	0.06112	0.00659	0.00765
1	0.01565	0.01604	0.02498	0.14268	0.08630	0.06257	0.18211	0.01910	0.01411	0.01935	0.01265	0.01872	0.01094	0.05931	0.01294	0.00261	0.19071	0.00661	0.00346	0.09916
2	0.02045	0.01559	0.01822	0.01552	0.07456	0.01520	0.01154	0.27213	0.07494	0.07255	0.01624	0.01700	0.01223	0.00700	0.00625	0.00169	0.00644	0.00557	0.00565	0.33123
3	0.01175	0.04228	0.01097	0.00939	0.01146	0.00830	0.00719	0.04369	0.01814	0.05636	0.38334	0.11006	0.14419	0.06582	0.00996	0.00260	0.00430	0.04647	0.00690	0.00682
4	0.06245	0.01683	0.01855	0.05748	0.02124	0.01809	0.01215	0.47187	0.02666	0.03692	0.01716	0.07103	0.01385	0.00877	0.00674	0.00202	0.00705	0.00687	0.00619	0.11807
5	0.15992	0.06084	0.12284	0.03580	0.02076	0.16775	0.01382	0.16460	0.01927	0.02709	0.07500	0.01745	0.01449	0.00818	0.00748	0.00212	0.06323	0.00571	0.00464	0.00900
6	0.09091	0.03832	0.01921	0.15942	0.02519	0.05323	0.01339	0.32049	0.12890	0.03271	0.03870	0.01885	0.01394	0.00816	0.00670	0.00216	0.00756	0.00634	0.00573	0.01010
7	0.04433	0.01720	0.01853	0.01758	0.08828	0.10921	0.04640	0.13086	0.25751	0.06093	0.08144	0.02524	0.05327	0.00917	0.00707	0.00219	0.00711	0.00761	0.00608	0.01000
8	0.01620	0.02139	0.17866	0.08426	0.11499	0.01716	0.33165	0.04619	0.07465	0.02332	0.01483	0.01830	0.01113	0.00656	0.00749	0.00228	0.01017	0.00708	0.00379	0.00989

[dist]
# distance from previous block
# <min> <max>
9	64

[block]
# block no. 6 follows, 30 sequences, length 142
# corresponding to MSA columns:
# 480-621
name=unknown_G
#
# <colnr> <probs for GDERKNQSTAVLIFYWHMCP>
#	G	D	E	R	K	N	Q	S	T	A	V	L	I	F	Y	W	H	M	C	P
0	0.01649	0.01771	0.07687	0.03161	0.33884	0.01607	0.20704	0.04703	0.04705	0.02344	0.01612	0.05139	0.01380	0.00749	0.00740	0.00222	0.00891	0.03134	0.00400	0.03519
1	0.10591	0.01388	0.04168	0.36164	0.16525	0.01504	0.01656	0.04348	0.04303	0.02231	0.03975	0.02237	0.06487	0.00796	0.00679	0.00225	0.00784	0.00681	0.00401	0.00855
2	0.02230	0.08013	0.02023	0.01737	0.04801	0.45899	0.01299	0.04423	0.06993	0.01910	0.01510	0.01687	0.04093	0.00940	0.02977	0.00222	0.05631	0.00545	0.00402	0.02666
3	0.04339	0.01892	0.04334	0.01910	0.02177	0.12720	0.12155	0.02035	0.03541	0.01917	0.01115	0.01557	0.00977	0.00951	0.01521	0.00254	0.39431	0.00602	0.00345	0.06227
4	0.01484	0.01394	0.02070	0.25612	0.26951	0.04610	0.01659	0.02013	0.07468	0.02210	0.12344	0.05364	0.02126	0.00868	0.00721	0.00222	0.00762	0.00783	0.00444	0.00894
5	0.01937	0.01757	0.01657	0.01485	0.03959	0.12969	0.01132	0.19818	0.23767	0.02872	0.02837	0.02895	0.12487	0.01016	0.00712	0.00217	0.00700	0.02969	0.00615	0.04196
6	0.26096	0.01561	0.06679	0.21187	0.11451	0.01599	0.01451	0.10477	0.03808	0.02671	0.01631	0.01888	0.05252	0.00761	0.00620	0.00221	0.00735	0.00596	0.00434	0.00881
7	0.01742	0.01827	0.05813	0.03761	0.53713	0.04682	0.09387	0.02276	0.05686	0.02286	0.01402	0.01766	0.01143	0.00643	0.00703	0.00212	0.00878	0.00642	0.00366	0.01071
8	0.01525	0.01537	0.05536	0.04792	0.08625	0.01333	0.28668	0.01953	0.01546	0.05121	0.01788	0.13179	0.01628	0.00843	0.00736	0.00209	0.00836	0.00868	0.00430	0.18846
9	0.01442	0.03180	0.59818	0.01890	0.02814	0.01513	0.05026	0.02171	0.01530	0.05252	0.04552	0.01924	0.04305	0.00751	0.00685	0.00222	0.00958	0.00611	0.00358	0.00999
10	0.00979	0.00704	0.00902	0.01009	0.01098	0.00678	0.00717	0.04011	0.01472	0.01953	0.06603	0.52802	0.07304	0.06859	0.01060	0.00306	0.00463	0.09841	0.00640	0.00599
11	0.01774	0.04913	0.06387	0.03871	0.60051	0.01679	0.03707	0.02199	0.01595	0.05211	0.01359	0.01720	0.01110	0.00632	0.00683	0.00207	0.00834	0.00614	0.00363	0.01092
12	0.02220	0.01720	0.16402	0.01371	0.01985	0.01200	0.01313	0.05138	0.06859	0.33536	0.04173	0.05285	0.01717	0.00846	0.00677	0.00204	0.00662	0.00693	0.00644	0.13357
13	0.02653	0.01955	0.02094	0.01606	0.02164	0.02164	0.01326	0.68796	0.03281	0.04398	0.01675	0.01675	0.01187	0.00838	0.00698	0.00209	0.00768	0.00628	0.00698	0.01187
14	0.00978	0.00709	0.00921	0.00876	0.01038	0.00653	0.00654	0.01294	0.01940	0.02733	0.66331	0.07809	0.08511	0.01465	0.00826	0.00222	0.00333	0.01295	0.00760	0.00653
15	0.01643	0.01925	0.06086	0.02966	0.06293	0.01756	0.63997	0.02231	0.01640	0.02236	0.01403	0.01864	0.01055	0.00592	0.00814	0.00234	0.01158	0.00806	0.00351	0.00950
16	0.01469	0.07717	0.56519	0.02098	0.03049	0.01714	0.13404	0.02207	0.01499	0.02180	0.01262	0.01519	0.00914	0.00647	0.00676	0.00219	0.01038	0.00558	0.00305	0.01008
17	0.00850	0.00607	0.00810	0.00972	0.01012	0.00567	0.00648	0.00972	0.01336	0.01781	0.03846	0.75020	0.04615	0.02186	0.00891	0.00283	0.00405	0.01984	0.00648	0.00567
18	0.03070	0.01174	0.01600	0.01231	0.01761	0.01015	0.01015	0.03342	0.01997	0.69664	0.04672	0.02455	0.01864	0.00880	0.00705	0.00216	0.00586	0.00718	0.00861	0.01173
19	0.02668	0.01564	0.01810	0.01424	0.01938	0.01626	0.01163	0.34631	0.09612	0.29575	0.02290	0.04932	0.01624	0.00912	0.00708	0.00218	0.00665	0.00726	0.00760	0.01154
20	0.01386	0.01353	0.02370	0.53482	0.07006	0.01610	0.10887	0.01830	0.01408	0.01855	0.01301	0.03580	0.01042	0.00760	0.00855	0.00239	0.07224	0.00680	0.00325	0.00805
21	0.03131	0.01188	0.01619	0.01242	0.01781	0.01026	0.01026	0.03401	0.01997	0.71606	0.02753	0.02375	0.01727	0.00864	0.00702	0.00216	0.00594	0.00702	0.00864	0.01188
22	0.03071	0.01201	0.01618	0.01249	0.01783	0.01056	0.01029	0.03414	0.04895	0.68674	0.02757	0.02385	0.01745	0.00867	0.00702	0.00217	0.00592	0.00705	0.00857	0.01184
23	0.06636	0.01936	0.02002	0.01558	0.02098	0.04948	0.01280	0.58389	0.04660	0.07001	0.01688	0.01682	0.01198	0.00827	0.00682	0.00209	0.00764	0.00615	0.00678	0.01147
24	0.01126	0.00980	0.01566	0.43904	0.03249	0.01147	0.01408	0.01450	0.01371	0.01782	0.02310	0.31892	0.02443	0.01309	0.00777	0.00253	0.00715	0.01180	0.00449	0.00690
25	0.03021	0.01199	0.01610	0.01241	0.01766	0.01057	0.01022	0.05985	0.02049	0.65944	0.05590	0.02467	0.01911	0.00886	0.00707	0.00216	0.00590	0.00722	0.00853	0.01165
26	0.01400	0.01108	0.01647	0.05138	0.19307	0.01134	0.01393	0.01893	0.07536	0.04544	0.05742	0.05301	0.03015	0.01402	0.00846	0.00273	0.00679	0.36243	0.00571	0.00825
27	0.02565	0.01358	0.04584	0.01296	0.01795	0.01226	0.01092	0.08867	0.13026	0.44487	0.09759	0.02611	0.02220	0.00925	0.00714	0.00219	0.00593	0.00760	0.00790	0.01112
28	0.01390	0.08242	0.61142	0.01844	0.02766	0.01611	0.02319	0.02110	0.01485	0.02178	0.04291	0.04819	0.01289	0.00757	0.00665	0.00219	0.00955	0.00602	0.00330	0.00986
29	0.02921	0.01141	0.01552	0.01206	0.01709	0.00990	0.00990	0.03197	0.01995	0.64861	0.09419	0.02653	0.02204	0.00919	0.00714	0.00216	0.00568	0.00757	0.00854	0.01136
30	0.03027	0.01293	0.01677	0.01292	0.01830	0.01189	0.01065	0.11513	0.04332	0.61077	0.02622	0.02296	0.01673	0.00863	0.00702	0.00216	0.00614	0.00695	0.00838	0.01185
31	0.01699	0.01826	0.08771	0.04086	0.65264	0.01655	0.02179	0.02148	0.01579	0.02274	0.01307	0.01705	0.01086	0.00625	0.00688	0.00208	0.00846	0.00613	0.00341	0.01099
32	0.02532	0.03130	0.02000	0.01880	0.05064	0.64233	0.01370	0.04911	0.05043	0.01872	0.01187	0.01352	0.00972	0.00729	0.00638	0.00184	0.01193	0.00478	0.00385	0.00847
33	0.00831	0.00707	0.00716	0.00713	0.00946	0.00592	0.00535	0.01014	0.01605	0.01920	0.09503	0.06658	0.68384	0.01754	0.00825	0.00235	0.00353	0.01465	0.00653	0.00592
34	0.04958	0.01369	0.01692	0.04515	0.12888	0.01468	0.01210	0.08669	0.27483	0.11535	0.05306	0.05783	0.04817	0.00956	0.00701	0.00224	0.00602	0.00809	0.04002	0.01013
35	0.01903	0.01259	0.01544	0.01217	0.03889	0.01037	0.00939	0.02330	0.06691	0.19850	0.01744	0.01777	0.01293	0.00640	0.00583	0.00145	0.00549	0.00521	0.00547	0.51540
36	0.01447	0.01240	0.01447	0.01034	0.01654	0.00930	0.00827	0.01757	0.01447	0.02274	0.01240	0.01447	0.01034	0.00517	0.00517	0.00103	0.00517	0.00413	0.00413	0.79742
37	0.02196	0.02340	0.02050	0.02166	0.15763	0.31287	0.01436	0.10107	0.20794	0.02449	0.01677	0.01769	0.01311	0.00776	0.00671	0.00204	0.00925	0.00597	0.00490	0.00991
38	0.02453	0.01856	0.01982	0.01565	0.02088	0.02071	0.01278	0.54654	0.17748	0.04077	0.01928	0.01877	0.01392	0.00861	0.00701	0.00215	0.00721	0.00663	0.00701	0.01169
39	0.03131	0.01188	0.01619	0.01242	0.01781	0.01026	0.01026	0.03401	0.01997	0.71606	0.02753	0.02375	0.01727	0.00864	0.00702	0.00216	0.00594	0.00702	0.00864	0.01188
40	0.00997	0.00748	0.01121	0.01121	0.01246	0.00872	0.00872	0.01246	0.01121	0.01620	0.01869	0.02741	0.01745	0.05234	0.72710	0.01121	0.01869	0.00748	0.00374	0.00623
41	0.01580	0.02350	0.22441	0.02684	0.03478	0.01726	0.50734	0.02228	0.01600	0.02228	0.01369	0.01772	0.01012	0.00608	0.00780	0.00231	0.01137	0.00740	0.00337	0.00966
42	0.01015	0.00677	0.00761	0.00761	0.00761	0.00677	0.00423	0.01015	0.01015	0.01353	0.02199	0.04567	0.02537	0.75476	0.03552	0.00677	0.00677	0.01015	0.00423	0.00423
43	0.01400	0.03610	0.71860	0.01989	0.03020	0.01621	0.02578	0.02210	0.01473	0.02210	0.01252	0.01473	0.00884	0.00663	0.00663	0.00221	0.01031	0.00516	0.00295	0.01031
44	0.01330	0.01138	0.01122	0.01040	0.01248	0.11903	0.00782	0.01627	0.01958	0.05602	0.54924	0.06553	0.05427	0.01314	0.00790	0.00215	0.00488	0.01132	0.00705	0.00702
45	0.02461	0.01829	0.01969	0.01544	0.02058	0.02022	0.01262	0.59151	0.08144	0.04134	0.03996	0.04751	0.01561	0.00917	0.00710	0.00215	0.00724	0.00714	0.00699	0.01140
46	0.01212	0.00606	0.00909	0.00909	0.00909	0.00606	0.00606	0.00909	0.00909	0.01212	0.01212	0.02121	0.01212	0.02424	0.02727	0.79697	0.00606	0.00606	0.00303	0.00303
47	0.01342	0.01287	0.02240	0.68638	0.04722	0.01566	0.06792	0.01816	0.01414	0.01816	0.01253	0.01862	0.00940	0.00690	0.00707	0.00233	0.00948	0.00635	0.00313	0.00787
48	0.56614	0.01467	0.01311	0.01096	0.01565	0.01648	0.00904	0.16738	0.01716	0.09451	0.01282	0.01361	0.00936	0.00708	0.00514	0.00215	0.00594	0.00461	0.00528	0.00888
49	0.00954	0.00651	0.00779	0.00839	0.00853	0.00636	0.00506	0.00999	0.01133	0.01511	0.02805	0.30484	0.03302	0.48515	0.02573	0.00532	0.00577	0.01371	0.00506	0.00476
50	0.05879	0.01777	0.01929	0.01508	0.02023	0.01947	0.01238	0.56086	0.02943	0.08982	0.01810	0.04423	0.01355	0.01054	0.03537	0.00249	0.00776	0.00677	0.00684	0.01123
51	0.74025	0.04477	0.01172	0.00965	0.01400	0.04511	0.00798	0.02083	0.01229	0.03012	0.00976	0.01138	0.00767	0.00649	0.00441	0.00212	0.00578	0.00381	0.00423	0.00764
52	0.01866	0.75896	0.03657	0.01194	0.01791	0.02761	0.01194	0.02090	0.01418	0.01642	0.00970	0.01119	0.00896	0.00597	0.00448	0.00149	0.00746	0.00373	0.00299	0.00896
53	0.01404	0.01328	0.02020	0.51339	0.03878	0.04526	0.04430	0.03892	0.01461	0.01897	0.01487	0.08221	0.01289	0.00874	0.00837	0.00238	0.06689	0.00741	0.02677	0.00774
54	0.02837	0.03472	0.01836	0.01501	0.04630	0.11560	0.01167	0.12751	0.05190	0.44286	0.02260	0.02067	0.01503	0.00827	0.00685	0.00209	0.00726	0.00648	0.00726	0.01119
55	0.00930	0.00679	0.00907	0.04078	0.01211	0.00662	0.00725	0.03268	0.01403	0.01869	0.03663	0.69475	0.04345	0.02078	0.00876	0.00279	0.00439	0.01881	0.00635	0.00596
56	0.01637	0.01862	0.04053	0.05196	0.03684	0.01758	0.66468	0.02221	0.01639	0.02221	0.01406	0.01882	0.01055	0.00592	0.00820	0.00235	0.01169	0.00817	0.00352	0.00936
57	0.02464	0.01318	0.01620	0.01395	0.03983	0.01327	0.01073	0.05447	0.26872	0.38906	0.02680	0.02514	0.01874	0.04227	0.00832	0.00244	0.00595	0.00743	0.00766	0.01120
58	0.01597	0.01467	0.02408	0.27655	0.06230	0.01685	0.15470	0.09791	0.01629	0.02272	0.01378	0.01853	0.01078	0.00791	0.00980	0.00235	0.13684	0.00665	0.08274	0.00858
59	0.00856	0.00612	0.00821	0.00977	0.01021	0.00578	0.00656	0.00982	0.01328	0.01775	0.03774	0.72381	0.04511	0.02298	0.03513	0.00314	0.00458	0.01939	0.00638	0.00569
60	0.00850	0.00607	0.00810	0.00972	0.01012	0.00567	0.00648	0.00972	0.01336	0.01781	0.03846	0.75020	0.04615	0.02186	0.00891	0.00283	0.00405	0.01984	0.00648	0.00567
61	0.01720	0.01677	0.02942	0.04168	0.65351	0.01667	0.07825	0.02150	0.01594	0.02276	0.01321	0.01740	0.01101	0.00619	0.00702	0.00210	0.00859	0.00639	0.00346	0.01091
62	0.01932	0.00948	0.01252	0.01055	0.01389	0.00859	0.00833	0.02303	0.04759	0.32150	0.38976	0.03896	0.04331	0.01167	0.00767	0.00219	0.00451	0.01004	0.00807	0.00902
63	0.01380	0.01161	0.01259	0.01193	0.01504	0.01260	0.00940	0.02581	0.39559	0.02518	0.06237	0.04550	0.20919	0.01324	0.00781	0.00248	0.00505	0.10511	0.00686	0.00886
64	0.02472	0.05189	0.02084	0.01544	0.02090	0.02094	0.01276	0.56298	0.09917	0.04033	0.01744	0.01735	0.01263	0.00824	0.00680	0.00205	0.00734	0.00624	0.00669	0.04523
65	0.01447	0.01240	0.01447	0.01034	0.01654	0.00930	0.00827	0.01757	0.01447	0.02274	0.01240	0.01447	0.01034	0.00517	0.00517	0.00103	0.00517	0.00413	0.00413	0.79742
66	0.04525	0.01669	0.01766	0.05866	0.02033	0.09203	0.01199	0.24735	0.08694	0.15884	0.10768	0.02293	0.01999	0.00925	0.00795	0.00219	0.05060	0.00711	0.00648	0.01008
67	0.02480	0.01647	0.10176	0.01542	0.04813	0.01397	0.01323	0.13525	0.12147	0.36016	0.02404	0.02445	0.01692	0.00892	0.00711	0.00224	0.00680	0.04047	0.00714	0.01125
68	0.00850	0.00607	0.00810	0.00972	0.01012	0.00567	0.00648	0.00972	0.01336	0.01781	0.03846	0.75020	0.04615	0.02186	0.00891	0.00283	0.00405	0.01984	0.00648	0.00567
69	0.01447	0.01240	0.01447	0.01034	0.01654	0.00930	0.00827	0.01757	0.01447	0.02274	0.01240	0.01447	0.01034	0.00517	0.00517	0.00103	0.00517	0.00413	0.00413	0.79742
70	0.04809	0.01707	0.03409	0.09534	0.13183	0.01692	0.44491	0.02116	0.01573	0.02208	0.01447	0.02082	0.01168	0.00690	0.00839	0.00237	0.03845	0.03688	0.00362	0.00922
71	0.00825	0.00707	0.00707	0.00707	0.00943	0.00589	0.00530	0.01001	0.01591	0.01885	0.07069	0.06716	0.70839	0.01767	0.00825	0.00236	0.00353	0.01473	0.00648	0.00589
72	0.01015	0.00677	0.00761	0.00761	0.00761	0.00677	0.00423	0.01015	0.01015	0.01353	0.02199	0.04567	0.02537	0.75476	0.03552	0.00677	0.00677	0.01015	0.00423	0.00423
73	0.01727	0.01658	0.02832	0.04283	0.71123	0.01658	0.02142	0.02142	0.01589	0.02280	0.01313	0.01727	0.01105	0.00622	0.00691	0.00207	0.00829	0.00622	0.00345	0.01105
74	0.02579	0.06139	0.02048	0.01767	0.02143	0.67219	0.01341	0.05282	0.02005	0.01808	0.01097	0.01269	0.00910	0.00719	0.00625	0.00180	0.01219	0.00453	0.00370	0.00827
75	0.03092	0.01250	0.01658	0.01271	0.01813	0.01118	0.01050	0.08720	0.02102	0.66139	0.02665	0.02318	0.01683	0.00862	0.00701	0.00215	0.00608	0.00696	0.00850	0.01188
76	0.00878	0.00627	0.00842	0.01004	0.01057	0.00591	0.00697	0.01020	0.01364	0.01813	0.03831	0.68112	0.04554	0.02160	0.00898	0.00287	0.00429	0.08613	0.00647	0.00575
77	0.02326	0.01792	0.01910	0.01539	0.02039	0.02011	0.01247	0.45579	0.27030	0.03870	0.02091	0.02006	0.01523	0.00877	0.00702	0.00219	0.00691	0.00686	0.00702	0.01157
78	0.02814	0.01359	0.01692	0.01311	0.01824	0.01309	0.01077	0.21300	0.02350	0.47107	0.08305	0.02426	0.01996	0.00905	0.00711	0.00214	0.00619	0.00730	0.00810	0.01142
79	0.01627	0.01361	0.01567	0.01192	0.01734	0.01238	0.00957	0.10668	0.09902	0.02581	0.01495	0.01660	0.01203	0.00790	0.02918	0.00174	0.03813	0.00506	0.00480	0.54135
80	0.00934	0.00711	0.00873	0.00936	0.01100	0.00650	0.00725	0.01164	0.01613	0.02083	0.17343	0.20866	0.28709	0.01831	0.00873	0.00264	0.00431	0.17615	0.00669	0.00611
81	0.00850	0.00607	0.00810	0.00972	0.01012	0.00567	0.00648	0.00972	0.01336	0.01781	0.03846	0.75020	0.04615	0.02186	0.00891	0.00283	0.00405	0.01984	0.00648	0.00567
82	0.00937	0.00719	0.00858	0.00871	0.01053	0.00650	0.00670	0.01181	0.01694	0.02211	0.28383	0.09188	0.32449	0.04509	0.00953	0.00262	0.00405	0.11710	0.00680	0.00614
83	0.01820	0.68763	0.10386	0.01272	0.01912	0.02649	0.01331	0.02101	0.01423	0.01698	0.00998	0.01154	0.00894	0.00604	0.00469	0.00156	0.00774	0.00387	0.00298	0.00909
84	0.00825	0.00707	0.00707	0.00707	0.00943	0.00589	0.00530	0.01001	0.01591	0.01885	0.07069	0.06716	0.70839	0.01767	0.00825	0.00236	0.00353	0.01473	0.00648	0.00589
85	0.00872	0.00704	0.00776	0.00767	0.00974	0.00608	0.00572	0.01090	0.01689	0.02140	0.25050	0.09270	0.49664	0.01689	0.00827	0.00233	0.00349	0.01435	0.00682	0.00608
86	0.01623	0.01552	0.02644	0.21977	0.54243	0.01631	0.02090	0.02050	0.01540	0.02153	0.01294	0.01761	0.01061	0.00641	0.00693	0.00214	0.00855	0.00621	0.00336	0.01021
87	0.01287	0.00653	0.00662	0.00660	0.00823	0.00651	0.00495	0.01613	0.01485	0.02610	0.05200	0.02713	0.01993	0.00839	0.00502	0.00165	0.00325	0.00677	0.75995	0.00651
88	0.00941	0.00705	0.00873	0.00844	0.01017	0.00637	0.00628	0.01222	0.01846	0.02523	0.51814	0.09843	0.21435	0.01553	0.00828	0.00227	0.00340	0.01355	0.00733	0.00637
89	0.03041	0.01248	0.01647	0.01272	0.01806	0.01126	0.01048	0.07423	0.05039	0.64487	0.02691	0.02342	0.01712	0.00866	0.00702	0.00216	0.00603	0.00701	0.00847	0.01184
