[name]
unknown

[dist]
# distance from previous block
# <min> <max>
0	60

[block]
# block no. 0 follows, 31 sequences, length 79
# corresponding to MSA columns:
# 65-143
name=unknown_A
#
# <colnr> <probs for GDERKNQSTAVLIFYWHMCP>
#	G	D	E	R	K	N	Q	S	T	A	V	L	I	F	Y	W	H	M	C	P
0	0.07457	0.00930	0.01305	0.08460	0.11068	0.00963	0.01109	0.01446	0.01433	0.02026	0.04833	0.19730	0.04836	0.06833	0.01001	0.00295	0.00611	0.24450	0.00532	0.00681
1	0.03045	0.01204	0.01612	0.01236	0.01766	0.01064	0.01021	0.06784	0.02024	0.68620	0.02644	0.02293	0.01666	0.00845	0.00688	0.00211	0.00591	0.00684	0.00838	0.01164
2	0.02679	0.01325	0.01621	0.01266	0.01759	0.01287	0.01038	0.21126	0.04197	0.44147	0.04568	0.02424	0.04783	0.00895	0.00689	0.00210	0.00600	0.00718	0.03567	0.01102
3	0.01569	0.01466	0.02384	0.15276	0.48799	0.01520	0.01848	0.04166	0.03787	0.02225	0.03557	0.02209	0.06708	0.00747	0.00693	0.00211	0.00770	0.00696	0.00389	0.00982
4	0.01807	0.65000	0.08064	0.01276	0.01851	0.05084	0.01284	0.02060	0.01395	0.01651	0.00971	0.01146	0.00878	0.00626	0.00554	0.00160	0.04631	0.00390	0.00295	0.00877
5	0.71091	0.01407	0.03542	0.00975	0.01428	0.01521	0.00835	0.04028	0.01281	0.07261	0.01088	0.01212	0.00815	0.00654	0.00455	0.00212	0.00556	0.00401	0.00452	0.00788
6	0.01372	0.03539	0.72412	0.01950	0.02961	0.01589	0.02528	0.02167	0.01444	0.02167	0.01228	0.01444	0.00867	0.00650	0.00650	0.00217	0.01011	0.00506	0.00289	0.01011
7	0.00855	0.00609	0.00810	0.00962	0.01007	0.00573	0.00653	0.00981	0.01313	0.01748	0.03701	0.68963	0.04414	0.04933	0.00976	0.00295	0.00420	0.05607	0.00626	0.00555
8	0.01292	0.01216	0.02052	0.74312	0.04712	0.01520	0.01900	0.01748	0.01368	0.01748	0.01216	0.01824	0.00912	0.00684	0.00684	0.00228	0.00912	0.00608	0.00304	0.00760
9	0.00954	0.00699	0.00894	0.00845	0.01013	0.00639	0.00634	0.01263	0.01902	0.02662	0.65443	0.05245	0.12391	0.01429	0.00807	0.00217	0.00325	0.01256	0.00742	0.00639
10	0.00995	0.00663	0.00746	0.00746	0.00746	0.00663	0.00415	0.00995	0.00995	0.01327	0.02156	0.04477	0.02487	0.75957	0.03482	0.00663	0.00663	0.00995	0.00415	0.00415
11	0.00828	0.00678	0.00730	0.00750	0.00944	0.00581	0.00550	0.01007	0.01556	0.01918	0.12615	0.17246	0.54695	0.01765	0.00819	0.00237	0.00352	0.01503	0.00647	0.00581
12	0.00969	0.00698	0.00909	0.00857	0.01012	0.00646	0.00637	0.01281	0.01903	0.02694	0.68891	0.05088	0.06315	0.04026	0.00901	0.00231	0.00335	0.01229	0.00741	0.00637
13	0.02992	0.01289	0.01665	0.01276	0.01809	0.01191	0.01054	0.14306	0.02167	0.60895	0.02524	0.02215	0.01606	0.00843	0.00687	0.00211	0.00610	0.00676	0.00820	0.01164
14	0.80789	0.01323	0.01006	0.00900	0.01323	0.01535	0.00741	0.02011	0.01164	0.03070	0.00953	0.01111	0.00741	0.00635	0.00423	0.00212	0.00529	0.00370	0.00423	0.00741
15	0.01372	0.03539	0.72412	0.01950	0.02961	0.01589	0.02528	0.02167	0.01444	0.02167	0.01228	0.01444	0.00867	0.00650	0.00650	0.00217	0.01011	0.00506	0.00289	0.01011
16	0.01088	0.00726	0.00953	0.00881	0.01063	0.00666	0.00666	0.01407	0.01938	0.06685	0.67431	0.04952	0.06185	0.01367	0.00800	0.00215	0.00337	0.01206	0.00758	0.00675
17	0.02601	0.01916	0.02053	0.01574	0.02122	0.02122	0.01300	0.69408	0.03217	0.04312	0.01643	0.01643	0.01163	0.00821	0.00684	0.00205	0.00753	0.00616	0.00684	0.01163
18	0.80789	0.01323	0.01006	0.00900	0.01323	0.01535	0.00741	0.02011	0.01164	0.03070	0.00953	0.01111	0.00741	0.00635	0.00423	0.00212	0.00529	0.00370	0.00423	0.00741
19	0.01829	0.76368	0.03585	0.01171	0.01756	0.02707	0.01171	0.02049	0.01390	0.01610	0.00951	0.01097	0.00878	0.00585	0.00439	0.00146	0.00732	0.00366	0.00293	0.00878
20	0.02148	0.01763	0.01696	0.01435	0.01867	0.11361	0.01135	0.22205	0.31198	0.09530	0.02473	0.02342	0.05930	0.00910	0.00688	0.00215	0.00687	0.00717	0.00657	0.01043
21	0.00809	0.00693	0.00693	0.00693	0.00924	0.00578	0.00520	0.00982	0.01559	0.01848	0.06931	0.06584	0.71411	0.01733	0.00809	0.00231	0.00347	0.01444	0.00635	0.00578
22	0.58289	0.01277	0.01174	0.00992	0.01446	0.01382	0.00818	0.02394	0.01394	0.23072	0.01458	0.01464	0.01017	0.00696	0.00500	0.00212	0.00545	0.00462	0.00546	0.00863
23	0.02634	0.01862	0.02020	0.01549	0.02095	0.02042	0.01279	0.64670	0.03126	0.09177	0.01718	0.01692	0.01201	0.00823	0.00685	0.00206	0.00741	0.00621	0.00696	0.01164
24	0.01298	0.01224	0.02053	0.72122	0.04624	0.01537	0.01888	0.01745	0.01358	0.01745	0.01206	0.01814	0.00912	0.00700	0.00731	0.00230	0.03141	0.00608	0.00304	0.00760
25	0.00860	0.00614	0.00811	0.00931	0.00988	0.00573	0.00629	0.01006	0.01394	0.01884	0.14074	0.62118	0.04747	0.04724	0.00958	0.00282	0.00395	0.01802	0.00645	0.00564
26	0.01086	0.00782	0.01079	0.01228	0.01389	0.00776	0.01069	0.01393	0.01574	0.02036	0.03810	0.07653	0.07768	0.01881	0.00937	0.00310	0.00614	0.63357	0.00630	0.00627
27	0.06374	0.01499	0.01674	0.01321	0.01822	0.06160	0.01078	0.19606	0.05433	0.42410	0.02239	0.02045	0.01484	0.00824	0.00665	0.00207	0.00657	0.00642	0.02756	0.01103
28	0.02604	0.01798	0.01959	0.01507	0.02040	0.01959	0.01243	0.60473	0.03030	0.11106	0.01769	0.01742	0.01237	0.00823	0.00678	0.00204	0.00721	0.00624	0.03338	0.01146
29	0.00845	0.00604	0.00807	0.00966	0.01011	0.00566	0.00656	0.00973	0.01322	0.01760	0.03764	0.72512	0.04499	0.02132	0.00876	0.00279	0.00407	0.04826	0.00635	0.00559
30	0.01613	0.01632	0.04607	0.09314	0.48818	0.03873	0.04329	0.02136	0.06932	0.02194	0.01796	0.02104	0.06162	0.00724	0.00691	0.00210	0.00799	0.00680	0.00384	0.01003
31	0.03946	0.01621	0.02217	0.05545	0.42392	0.08565	0.01662	0.04373	0.07712	0.02245	0.01732	0.11675	0.01604	0.00865	0.00693	0.00214	0.00767	0.00781	0.00424	0.00965
32	0.00868	0.00645	0.00834	0.00949	0.01003	0.00626	0.00645	0.00986	0.01304	0.01726	0.03859	0.61505	0.10682	0.06640	0.01084	0.00298	0.03398	0.01784	0.00608	0.00557
33	0.02530	0.01795	0.01935	0.01494	0.02013	0.01970	0.01230	0.61797	0.03038	0.07191	0.01730	0.01736	0.01228	0.00821	0.00670	0.00202	0.00715	0.00621	0.06158	0.01127
34	0.01466	0.01244	0.01444	0.01036	0.01641	0.00961	0.00830	0.04446	0.01491	0.02313	0.01233	0.01428	0.01019	0.00519	0.00514	0.00106	0.00517	0.00414	0.00417	0.76961
35	0.00982	0.00699	0.00846	0.00874	0.00945	0.00689	0.00573	0.01205	0.05526	0.01852	0.17346	0.26719	0.03941	0.32502	0.01930	0.00422	0.00500	0.01330	0.00572	0.00548
36	0.01419	0.01216	0.01419	0.01013	0.01621	0.00912	0.00811	0.01723	0.01419	0.02229	0.01216	0.01419	0.01013	0.00507	0.00507	0.00101	0.00507	0.00405	0.00405	0.80139
37	0.00954	0.00736	0.00879	0.00875	0.01048	0.00690	0.00643	0.01319	0.06976	0.02307	0.34890	0.19744	0.23188	0.01605	0.00812	0.00234	0.00361	0.01402	0.00693	0.00642
38	0.01464	0.01420	0.02133	0.53943	0.06418	0.05370	0.03699	0.04804	0.01454	0.01875	0.01195	0.01741	0.00929	0.00748	0.00875	0.00232	0.09975	0.00604	0.00325	0.00794
39	0.00984	0.00665	0.00743	0.00743	0.00756	0.00658	0.00421	0.00994	0.01027	0.01356	0.02427	0.04597	0.06400	0.71742	0.03330	0.00639	0.00645	0.01020	0.00427	0.00424
40	0.02606	0.01529	0.01754	0.01386	0.01842	0.05155	0.01135	0.26291	0.02305	0.33761	0.04581	0.02070	0.01574	0.00878	0.00811	0.00213	0.06895	0.00661	0.03479	0.01073
41	0.80789	0.01323	0.01006	0.00900	0.01323	0.01535	0.00741	0.02011	0.01164	0.03070	0.00953	0.01111	0.00741	0.00635	0.00423	0.00212	0.00529	0.00370	0.00423	0.00741
42	0.00957	0.00699	0.00898	0.00848	0.01015	0.00641	0.00636	0.01268	0.01909	0.02678	0.66626	0.05218	0.11198	0.01423	0.00807	0.00216	0.00324	0.01252	0.00745	0.00641
43	0.80789	0.01323	0.01006	0.00900	0.01323	0.01535	0.00741	0.02011	0.01164	0.03070	0.00953	0.01111	0.00741	0.00635	0.00423	0.00212	0.00529	0.00370	0.00423	0.00741
44	0.80789	0.01323	0.01006	0.00900	0.01323	0.01535	0.00741	0.02011	0.01164	0.03070	0.00953	0.01111	0.00741	0.00635	0.00423	0.00212	0.00529	0.00370	0.00423	0.00741
45	0.02112	0.01599	0.01845	0.01724	0.10749	0.03465	0.01222	0.35406	0.06701	0.07574	0.04537	0.04832	0.04257	0.03526	0.00783	0.00218	0.00682	0.00724	0.00609	0.07436
46	0.01176	0.00913	0.01338	0.03996	0.10974	0.00925	0.01211	0.01532	0.03480	0.02053	0.03222	0.14012	0.03466	0.01679	0.00885	0.00291	0.00636	0.46930	0.00582	0.00700
47	0.01102	0.00787	0.01102	0.01260	0.01417	0.00787	0.01102	0.01417	0.01575	0.02047	0.03622	0.07717	0.03937	0.01890	0.00945	0.00315	0.00630	0.67084	0.00630	0.00630
48	0.02347	0.01529	0.01757	0.01527	0.06884	0.01623	0.01152	0.41050	0.02553	0.14249	0.01894	0.01930	0.01355	0.00805	0.00644	0.00197	0.00646	0.00631	0.16172	0.01055
49	0.01853	0.01852	0.05537	0.06066	0.43144	0.08340	0.01835	0.13033	0.01823	0.02459	0.01391	0.04215	0.01175	0.00733	0.00736	0.00209	0.03538	0.00637	0.00401	0.01023
50	0.01539	0.02097	0.17092	0.02622	0.07132	0.01697	0.44135	0.02096	0.01517	0.02127	0.01371	0.03804	0.01093	0.00694	0.00903	0.00234	0.07837	0.00750	0.00338	0.00923
51	0.80789	0.01323	0.01006	0.00900	0.01323	0.01535	0.00741	0.02011	0.01164	0.03070	0.00953	0.01111	0.00741	0.00635	0.00423	0.00212	0.00529	0.00370	0.00423	0.00741
52	0.00853	0.00609	0.00816	0.00974	0.01023	0.00572	0.00668	0.00986	0.01329	0.01768	0.03760	0.70694	0.04483	0.02125	0.00878	0.00280	0.00413	0.06573	0.00635	0.00561
53	0.01930	0.02161	0.05146	0.02901	0.32916	0.22075	0.08585	0.04534	0.06977	0.02195	0.03155	0.01720	0.01230	0.00686	0.00677	0.00201	0.00940	0.00606	0.00390	0.00973
54	0.02413	0.01792	0.01929	0.01483	0.02019	0.01940	0.01218	0.58467	0.05023	0.04003	0.01653	0.01677	0.01195	0.00792	0.00660	0.00194	0.00708	0.00600	0.03178	0.09055
55	0.00869	0.00647	0.00903	0.00997	0.01074	0.00601	0.02809	0.01022	0.01382	0.01848	0.09510	0.64705	0.07030	0.02016	0.00863	0.00269	0.00413	0.01831	0.00636	0.00576
56	0.00995	0.00663	0.00746	0.00746	0.00746	0.00663	0.00415	0.00995	0.00995	0.01327	0.02156	0.04477	0.02487	0.75957	0.03482	0.00663	0.00663	0.00995	0.00415	0.00415
57	0.01461	0.01227	0.01425	0.01045	0.01619	0.00968	0.00832	0.05877	0.01524	0.02333	0.01376	0.05301	0.01206	0.00612	0.00537	0.00117	0.00516	0.00499	0.00435	0.71089
58	0.01072	0.00778	0.01060	0.01201	0.01366	0.00766	0.01042	0.01372	0.01573	0.02027	0.03964	0.07600	0.10914	0.01874	0.00931	0.00306	0.00601	0.60297	0.00631	0.00625
59	0.01388	0.06059	0.70030	0.01923	0.02919	0.01628	0.02481	0.02163	0.01443	0.02147	0.01218	0.01432	0.00867	0.00648	0.00643	0.00214	0.01001	0.00501	0.00289	0.01006
60	0.01883	0.66575	0.03372	0.01251	0.01791	0.09222	0.01198	0.02096	0.01427	0.01617	0.00959	0.01126	0.00879	0.00621	0.00528	0.00155	0.03755	0.00382	0.00298	0.00865
61	0.00813	0.00676	0.00710	0.00737	0.00936	0.00574	0.00539	0.00977	0.01517	0.01831	0.06392	0.18323	0.60020	0.01803	0.00820	0.00239	0.00355	0.01529	0.00635	0.00574
62	0.02972	0.01321	0.01685	0.01292	0.01825	0.01238	0.01067	0.17115	0.02221	0.58011	0.02479	0.02186	0.01583	0.00841	0.00687	0.00210	0.00618	0.00673	0.00813	0.01164
63	0.00962	0.00699	0.00906	0.00855	0.01018	0.00643	0.00641	0.01280	0.01923	0.02711	0.68966	0.05164	0.08837	0.01411	0.00807	0.00216	0.00324	0.01245	0.00749	0.00643
64	0.01102	0.00787	0.01102	0.01260	0.01417	0.00787	0.01102	0.01417	0.01575	0.02047	0.03622	0.07717	0.03937	0.01890	0.00945	0.00315	0.00630	0.67084	0.00630	0.00630
65	0.80789	0.01323	0.01006	0.00900	0.01323	0.01535	0.00741	0.02011	0.01164	0.03070	0.00953	0.01111	0.00741	0.00635	0.00423	0.00212	0.00529	0.00370	0.00423	0.00741
66	0.00827	0.00677	0.00732	0.00766	0.00956	0.00582	0.00564	0.00998	0.01522	0.01859	0.07965	0.19993	0.54474	0.01808	0.00825	0.00242	0.00365	0.03629	0.00638	0.00577
67	0.01168	0.00594	0.00886	0.00895	0.00897	0.00592	0.00596	0.00895	0.00915	0.01220	0.01334	0.06227	0.01377	0.02364	0.02572	0.75587	0.00583	0.00670	0.00316	0.00312
68	0.01372	0.03539	0.72412	0.01950	0.02961	0.01589	0.02528	0.02167	0.01444	0.02167	0.01228	0.01444	0.00867	0.00650	0.00650	0.00217	0.01011	0.00506	0.00289	0.01011
69	0.00834	0.00595	0.00794	0.00953	0.00992	0.00556	0.00635	0.00953	0.01310	0.01746	0.03771	0.75510	0.04525	0.02143	0.00873	0.00278	0.00397	0.01945	0.00635	0.00556
70	0.00841	0.00602	0.00788	0.00933	0.00977	0.00562	0.00620	0.00956	0.01302	0.01728	0.03792	0.69502	0.06649	0.05984	0.01007	0.00296	0.00409	0.01879	0.00624	0.00549
71	0.01480	0.01253	0.01452	0.01043	0.01647	0.00975	0.00836	0.05257	0.01513	0.02338	0.01238	0.01430	0.01021	0.00523	0.00516	0.00107	0.00520	0.00416	0.00420	0.76015
72	0.01428	0.01396	0.01964	0.01704	0.01720	0.01932	0.01412	0.01590	0.01055	0.01639	0.01022	0.01654	0.01005	0.01717	0.11624	0.00405	0.65078	0.00616	0.00308	0.00730
73	0.00843	0.00604	0.00786	0.00927	0.00973	0.00564	0.00615	0.00957	0.01300	0.01723	0.03802	0.67669	0.07345	0.07105	0.01046	0.00302	0.00413	0.01859	0.00620	0.00547
74	0.04380	0.01873	0.01588	0.01560	0.05313	0.29697	0.01141	0.04398	0.01534	0.01807	0.01426	0.01925	0.01267	0.02689	0.32979	0.00595	0.04131	0.00589	0.00371	0.00737
75	0.01770	0.01786	0.02661	0.12433	0.36513	0.09339	0.12169	0.05761	0.06598	0.02259	0.01394	0.01743	0.01109	0.00658	0.00693	0.00210	0.00900	0.00634	0.00380	0.00990
76	0.00927	0.00665	0.00736	0.00750	0.00819	0.00629	0.00465	0.00987	0.01183	0.01512	0.03649	0.11675	0.22064	0.48214	0.02487	0.00506	0.00549	0.01210	0.00497	0.00474
77	0.01340	0.01282	0.02218	0.65137	0.09538	0.01540	0.05736	0.01799	0.01396	0.01809	0.01231	0.01816	0.00932	0.00672	0.00691	0.00226	0.00918	0.00619	0.00309	0.00793
78	0.01199	0.00987	0.07228	0.01008	0.01270	0.00760	0.00857	0.01543	0.01841	0.09251	0.51925	0.09558	0.05302	0.01347	0.00790	0.00222	0.00422	0.03058	0.00710	0.00720

[dist]
# distance from previous block
# <min> <max>
0	2

[block]
# block no. 1 follows, 31 sequences, length 39
# corresponding to MSA columns:
# 146-184
name=unknown_B
#
# <colnr> <probs for GDERKNQSTAVLIFYWHMCP>
#	G	D	E	R	K	N	Q	S	T	A	V	L	I	F	Y	W	H	M	C	P
0	0.01527	0.01460	0.02288	0.35959	0.33881	0.04867	0.01882	0.01940	0.01482	0.02004	0.01296	0.01779	0.01033	0.00658	0.00667	0.00211	0.00850	0.00603	0.04717	0.00897
1	0.00834	0.00595	0.00794	0.00953	0.00992	0.00556	0.00635	0.00953	0.01310	0.01746	0.03771	0.75510	0.04525	0.02143	0.00873	0.00278	0.00397	0.01945	0.00635	0.00556
2	0.01747	0.01749	0.02798	0.03954	0.62820	0.06464	0.06157	0.02148	0.01587	0.02195	0.01277	0.01672	0.01067	0.00614	0.00681	0.00203	0.00862	0.00610	0.00340	0.01054
3	0.01440	0.02864	0.47387	0.05958	0.06230	0.01645	0.16427	0.02119	0.01459	0.02125	0.01244	0.01562	0.00917	0.00665	0.00774	0.00224	0.05103	0.00584	0.00304	0.00968
4	0.01856	0.01465	0.01574	0.01386	0.01792	0.01664	0.01087	0.06684	0.61699	0.08608	0.02724	0.02492	0.02013	0.00917	0.00695	0.00229	0.00555	0.00759	0.00708	0.01093
5	0.00911	0.00712	0.00820	0.00799	0.00988	0.00641	0.00592	0.01191	0.03675	0.02239	0.34212	0.08978	0.35829	0.04274	0.00905	0.00242	0.00356	0.01343	0.00680	0.00614
6	0.01540	0.15573	0.50596	0.02012	0.08657	0.01766	0.03975	0.02180	0.01467	0.04410	0.01239	0.01447	0.00919	0.00640	0.00622	0.00204	0.00936	0.00505	0.00314	0.00998
7	0.02981	0.01184	0.01587	0.01222	0.01740	0.01045	0.01007	0.06263	0.02014	0.66871	0.04844	0.02386	0.01822	0.00863	0.00692	0.00212	0.00582	0.00702	0.00836	0.01148
8	0.03070	0.01164	0.01588	0.01217	0.01746	0.01006	0.01006	0.03334	0.01958	0.72163	0.02699	0.02329	0.01694	0.00847	0.00688	0.00212	0.00582	0.00688	0.00847	0.01164
9	0.01143	0.00946	0.04900	0.00997	0.01181	0.00827	0.00760	0.06553	0.04059	0.03866	0.13289	0.28962	0.09594	0.18106	0.01398	0.00338	0.00512	0.01328	0.00596	0.00647
10	0.01418	0.01095	0.01421	0.01493	0.08242	0.01130	0.02618	0.17610	0.04975	0.02534	0.06384	0.38569	0.03264	0.01535	0.00800	0.00249	0.00555	0.04696	0.00620	0.00793
11	0.00995	0.00663	0.00746	0.00746	0.00746	0.00663	0.00415	0.00995	0.00995	0.01327	0.02156	0.04477	0.02487	0.75957	0.03482	0.00663	0.00663	0.00995	0.00415	0.00415
12	0.01564	0.02105	0.17832	0.14480	0.18652	0.06327	0.20718	0.02079	0.01523	0.02063	0.01336	0.03795	0.01077	0.00687	0.00750	0.00221	0.02860	0.00669	0.00333	0.00928
13	0.01419	0.01216	0.01419	0.01013	0.01621	0.00912	0.00811	0.01723	0.01419	0.02229	0.01216	0.01419	0.01013	0.00507	0.00507	0.00101	0.00507	0.00405	0.00405	0.80139
14	0.01497	0.01497	0.02095	0.01796	0.01796	0.02095	0.01497	0.01646	0.01048	0.01646	0.00898	0.01497	0.00898	0.01197	0.02245	0.00299	0.74704	0.00599	0.00299	0.00748
15	0.01030	0.00715	0.00924	0.00863	0.01041	0.00654	0.00650	0.01342	0.01915	0.05042	0.65145	0.05104	0.10185	0.01400	0.00803	0.00216	0.00333	0.01231	0.00749	0.00659
16	0.00942	0.00698	0.00878	0.00833	0.01006	0.00634	0.00625	0.01240	0.01875	0.02597	0.60767	0.05352	0.17108	0.01453	0.00807	0.00218	0.00327	0.01271	0.00734	0.00634
17	0.00918	0.00661	0.00870	0.00895	0.01011	0.00612	0.00642	0.01165	0.01703	0.02372	0.46170	0.31326	0.05736	0.01676	0.00832	0.00239	0.00350	0.01501	0.00709	0.00612
18	0.01702	0.01470	0.01547	0.01392	0.01779	0.01702	0.01083	0.03635	0.70453	0.02862	0.02785	0.02553	0.02088	0.00928	0.00696	0.00232	0.00541	0.00773	0.00696	0.01083
19	0.00950	0.00699	0.00889	0.00841	0.01011	0.00638	0.00631	0.01255	0.01893	0.02639	0.63817	0.05282	0.14032	0.01438	0.00807	0.00217	0.00326	0.01261	0.00739	0.00638
20	0.01829	0.76368	0.03585	0.01171	0.01756	0.02707	0.01171	0.02049	0.01390	0.01610	0.00951	0.01097	0.00878	0.00585	0.00439	0.00146	0.00732	0.00366	0.00293	0.00878
21	0.02608	0.01734	0.01922	0.01488	0.02011	0.01867	0.01223	0.55322	0.02924	0.15777	0.01910	0.04801	0.01392	0.00880	0.00693	0.00209	0.00709	0.00683	0.00710	0.01139
22	0.01693	0.01626	0.02777	0.04199	0.71689	0.01626	0.02100	0.02100	0.01558	0.02235	0.01287	0.01693	0.01084	0.00610	0.00677	0.00203	0.00813	0.00610	0.00339	0.01084
23	0.80789	0.01323	0.01006	0.00900	0.01323	0.01535	0.00741	0.02011	0.01164	0.03070	0.00953	0.01111	0.00741	0.00635	0.00423	0.00212	0.00529	0.00370	0.00423	0.00741
24	0.00995	0.00663	0.00746	0.00746	0.00746	0.00663	0.00415	0.00995	0.00995	0.01327	0.02156	0.04477	0.02487	0.75957	0.03482	0.00663	0.00663	0.00995	0.00415	0.00415
25	0.02601	0.01916	0.02053	0.01574	0.02122	0.02122	0.01300	0.69408	0.03217	0.04312	0.01643	0.01643	0.01163	0.00821	0.00684	0.00205	0.00753	0.00616	0.00684	0.01163
26	0.00989	0.00661	0.00748	0.00754	0.00755	0.00659	0.00423	0.00993	0.01007	0.01342	0.02215	0.07097	0.02562	0.73234	0.03386	0.00649	0.00653	0.01030	0.00423	0.00420
27	0.04444	0.01220	0.02010	0.71401	0.04578	0.01521	0.01854	0.01758	0.01360	0.01800	0.01206	0.01796	0.00905	0.00682	0.00674	0.00227	0.00897	0.00599	0.00309	0.00759
28	0.00900	0.00623	0.00774	0.00868	0.00892	0.00600	0.00545	0.00970	0.01181	0.01575	0.03110	0.46456	0.03691	0.32334	0.01940	0.00435	0.00506	0.01556	0.00545	0.00498
29	0.00834	0.00595	0.00794	0.00953	0.00992	0.00556	0.00635	0.00953	0.01310	0.01746	0.03771	0.75510	0.04525	0.02143	0.00873	0.00278	0.00397	0.01945	0.00635	0.00556
30	0.01677	0.01609	0.02747	0.07086	0.68931	0.01621	0.02091	0.02085	0.01550	0.02215	0.01284	0.01699	0.01077	0.00613	0.00678	0.00204	0.00817	0.00610	0.00337	0.01070
31	0.01515	0.01958	0.13367	0.05121	0.03156	0.01699	0.44342	0.02036	0.01487	0.02074	0.01398	0.05179	0.01152	0.00752	0.00987	0.00241	0.11526	0.00780	0.00343	0.00888
32	0.00832	0.00600	0.00789	0.00939	0.00989	0.00557	0.00629	0.00954	0.01323	0.01752	0.03933	0.71968	0.07962	0.02122	0.00870	0.00275	0.00394	0.01919	0.00635	0.00557
33	0.01292	0.01216	0.02052	0.74312	0.04712	0.01520	0.01900	0.01748	0.01368	0.01748	0.01216	0.01824	0.00912	0.00684	0.00684	0.00228	0.00912	0.00608	0.00304	0.00760
34	0.02953	0.01139	0.01550	0.01197	0.01706	0.00986	0.00986	0.03221	0.01957	0.68323	0.06495	0.02482	0.01957	0.00877	0.00695	0.00212	0.00568	0.00718	0.00842	0.01136
35	0.05209	0.01340	0.01914	0.53005	0.03857	0.03335	0.01659	0.05266	0.11486	0.04128	0.01490	0.01888	0.01108	0.00729	0.00672	0.00225	0.00831	0.00619	0.00401	0.00837
36	0.01063	0.00749	0.01051	0.01037	0.01162	0.00869	0.00808	0.01318	0.01166	0.01788	0.01871	0.02604	0.01681	0.04060	0.55031	0.00870	0.04927	0.00707	0.16616	0.00623
37	0.08457	0.01824	0.01654	0.07432	0.03736	0.20568	0.01160	0.18529	0.02083	0.06538	0.13696	0.02315	0.03697	0.01083	0.04059	0.00244	0.00834	0.00686	0.00539	0.00865
38	0.01505	0.01637	0.03446	0.06261	0.03229	0.01579	0.54420	0.01985	0.01526	0.02069	0.01571	0.08622	0.01354	0.00819	0.00930	0.03404	0.03542	0.00886	0.00367	0.00850

[dist]
# distance from previous block
# <min> <max>
0	4

[block]
# block no. 2 follows, 31 sequences, length 61
# corresponding to MSA columns:
# 189-249
name=unknown_C
#
# <colnr> <probs for GDERKNQSTAVLIFYWHMCP>
#	G	D	E	R	K	N	Q	S	T	A	V	L	I	F	Y	W	H	M	C	P
0	0.01714	0.27807	0.04382	0.01396	0.04239	0.17743	0.01153	0.02023	0.03705	0.02013	0.20257	0.02322	0.02445	0.00883	0.00709	0.00188	0.05110	0.00659	0.00446	0.00806
1	0.22456	0.01406	0.01438	0.09023	0.01872	0.03670	0.01019	0.24006	0.03995	0.03040	0.03538	0.04180	0.03536	0.05825	0.00794	0.00239	0.00640	0.00657	0.07817	0.00850
2	0.01517	0.01237	0.01446	0.01039	0.01642	0.00955	0.00834	0.04017	0.01497	0.04817	0.01283	0.01459	0.01043	0.00529	0.00519	0.00109	0.00518	0.00422	0.00430	0.74685
3	0.01273	0.00837	0.01084	0.03174	0.01306	0.00797	0.00784	0.05956	0.01810	0.09060	0.35159	0.22557	0.04673	0.01464	0.00795	0.00230	0.00433	0.04073	0.00695	0.03841
4	0.01475	0.01475	0.02121	0.01806	0.01835	0.02020	0.04130	0.01641	0.01080	0.01672	0.01031	0.04429	0.01047	0.01210	0.02134	0.00296	0.68876	0.00660	0.00314	0.00748
5	0.01010	0.00700	0.00802	0.00789	0.00796	0.00721	0.00464	0.01022	0.01015	0.01356	0.02252	0.04417	0.04582	0.70453	0.03346	0.00634	0.03797	0.00992	0.00417	0.00434
6	0.01497	0.01497	0.02095	0.01796	0.01796	0.02095	0.01497	0.01646	0.01048	0.01646	0.00898	0.01497	0.00898	0.01197	0.02245	0.00299	0.74704	0.00599	0.00299	0.00748
7	0.00978	0.00730	0.01085	0.01085	0.01201	0.00847	0.00836	0.01212	0.01095	0.01577	0.01846	0.02764	0.01743	0.08139	0.70283	0.01081	0.01783	0.00744	0.00369	0.00603
8	0.00968	0.00699	0.00914	0.00861	0.01022	0.00646	0.00646	0.01291	0.01937	0.02743	0.71328	0.05110	0.06455	0.01399	0.00807	0.00215	0.00323	0.01237	0.00753	0.00646
9	0.03009	0.01261	0.01648	0.01263	0.01795	0.01150	0.01044	0.11873	0.02121	0.63394	0.02563	0.02240	0.01625	0.00843	0.00688	0.00211	0.00604	0.00679	0.00826	0.01164
10	0.01419	0.01216	0.01419	0.01013	0.01621	0.00912	0.00811	0.01723	0.01419	0.02229	0.01216	0.01419	0.01013	0.00507	0.00507	0.00101	0.00507	0.00405	0.00405	0.80139
11	0.02601	0.01916	0.02053	0.01574	0.02122	0.02122	0.01300	0.69408	0.03217	0.04312	0.01643	0.01643	0.01163	0.00821	0.00684	0.00205	0.00753	0.00616	0.00684	0.01163
12	0.00995	0.00663	0.00746	0.00746	0.00746	0.00663	0.00415	0.00995	0.00995	0.01327	0.02156	0.04477	0.02487	0.75957	0.03482	0.00663	0.00663	0.00995	0.00415	0.00415
13	0.01188	0.00594	0.00891	0.00891	0.00891	0.00594	0.00594	0.00891	0.00891	0.01188	0.01188	0.02080	0.01188	0.02377	0.02674	0.80095	0.00594	0.00594	0.00297	0.00297
14	0.03070	0.01164	0.01588	0.01217	0.01746	0.01006	0.01006	0.03334	0.01958	0.72163	0.02699	0.02329	0.01694	0.00847	0.00688	0.00212	0.00582	0.00688	0.00847	0.01164
15	0.01188	0.00594	0.00891	0.00891	0.00891	0.00594	0.00594	0.00891	0.00891	0.01188	0.01188	0.02080	0.01188	0.02377	0.02674	0.80095	0.00594	0.00594	0.00297	0.00297
16	0.01651	0.01582	0.02700	0.11619	0.64601	0.01614	0.02079	0.02062	0.01538	0.02184	0.01279	0.01707	0.01066	0.00617	0.00678	0.00206	0.00823	0.00609	0.00335	0.01049
17	0.80789	0.01323	0.01006	0.00900	0.01323	0.01535	0.00741	0.02011	0.01164	0.03070	0.00953	0.01111	0.00741	0.00635	0.00423	0.00212	0.00529	0.00370	0.00423	0.00741
18	0.80789	0.01323	0.01006	0.00900	0.01323	0.01535	0.00741	0.02011	0.01164	0.03070	0.00953	0.01111	0.00741	0.00635	0.00423	0.00212	0.00529	0.00370	0.00423	0.00741
19	0.01445	0.03438	0.69390	0.01919	0.02909	0.01564	0.02463	0.02216	0.01466	0.05153	0.01291	0.01482	0.00902	0.00658	0.00652	0.00216	0.00993	0.00513	0.00313	0.01018
20	0.02693	0.01651	0.11458	0.01503	0.04740	0.01321	0.01314	0.15604	0.02109	0.46971	0.02242	0.02052	0.01456	0.00806	0.00682	0.00211	0.00682	0.00646	0.00719	0.01140
21	0.01292	0.01216	0.02052	0.74312	0.04712	0.01520	0.01900	0.01748	0.01368	0.01748	0.01216	0.01824	0.00912	0.00684	0.00684	0.00228	0.00912	0.00608	0.00304	0.00760
22	0.00834	0.00595	0.00794	0.00953	0.00992	0.00556	0.00635	0.00953	0.01310	0.01746	0.03771	0.75510	0.04525	0.02143	0.00873	0.00278	0.00397	0.01945	0.00635	0.00556
23	0.18676	0.01462	0.02206	0.17123	0.40628	0.01561	0.01725	0.02061	0.01452	0.05111	0.01257	0.01619	0.01001	0.00639	0.00624	0.00210	0.00762	0.00561	0.00370	0.00950
24	0.72649	0.01525	0.01103	0.00989	0.01405	0.08992	0.00801	0.02086	0.01245	0.02924	0.00964	0.01124	0.00756	0.00642	0.00444	0.00208	0.00603	0.00378	0.00416	0.00746
25	0.00834	0.00595	0.00794	0.00953	0.00992	0.00556	0.00635	0.00953	0.01310	0.01746	0.03771	0.75510	0.04525	0.02143	0.00873	0.00278	0.00397	0.01945	0.00635	0.00556
26	0.02414	0.01313	0.01582	0.01286	0.01723	0.01314	0.01032	0.23233	0.06919	0.33306	0.04991	0.13446	0.02161	0.01063	0.00720	0.00221	0.00594	0.00884	0.00751	0.01047
27	0.03973	0.04972	0.42609	0.02163	0.08265	0.05876	0.11745	0.02204	0.01494	0.04595	0.01263	0.01523	0.00937	0.00673	0.00745	0.00217	0.04890	0.00556	0.00329	0.00971
28	0.00995	0.00663	0.00746	0.00746	0.00746	0.00663	0.00415	0.00995	0.00995	0.01327	0.02156	0.04477	0.02487	0.75957	0.03482	0.00663	0.00663	0.00995	0.00415	0.00415
29	0.00962	0.00699	0.00906	0.00855	0.01018	0.00643	0.00641	0.01280	0.01923	0.02711	0.68967	0.05164	0.08837	0.01411	0.00807	0.00216	0.00324	0.01245	0.00749	0.00643
30	0.01829	0.76368	0.03585	0.01171	0.01756	0.02707	0.01171	0.02049	0.01390	0.01610	0.00951	0.01097	0.00878	0.00585	0.00439	0.00146	0.00732	0.00366	0.00293	0.00878
31	0.01480	0.01478	0.02119	0.01804	0.01831	0.02035	0.03650	0.01647	0.01068	0.01662	0.00951	0.01555	0.00935	0.01333	0.04999	0.00329	0.69464	0.00611	0.00304	0.00749
32	0.00897	0.00665	0.00836	0.00859	0.00995	0.00605	0.00619	0.01128	0.01670	0.02265	0.38253	0.27538	0.17762	0.01694	0.00828	0.00238	0.00350	0.01498	0.00694	0.00605
33	0.00910	0.00628	0.00771	0.00855	0.00876	0.00607	0.00531	0.00973	0.01161	0.01548	0.03006	0.41893	0.03561	0.37077	0.02108	0.00460	0.00523	0.01495	0.00531	0.00489
34	0.01275	0.00638	0.00638	0.00638	0.00797	0.00638	0.00478	0.01594	0.01435	0.02551	0.02232	0.02551	0.01754	0.00797	0.00478	0.00159	0.00319	0.00638	0.79755	0.00638
35	0.00810	0.00689	0.00697	0.00704	0.00927	0.00577	0.00525	0.00981	0.01549	0.01844	0.06796	0.09513	0.68569	0.01750	0.00811	0.00233	0.00349	0.01465	0.00635	0.00577
36	0.00834	0.00595	0.00794	0.00953	0.00992	0.00556	0.00635	0.00953	0.01310	0.01746	0.03771	0.75510	0.04525	0.02143	0.00873	0.00278	0.00397	0.01945	0.00635	0.00556
37	0.01419	0.01216	0.01419	0.01013	0.01621	0.00912	0.00811	0.01723	0.01419	0.02229	0.01216	0.01419	0.01013	0.00507	0.00507	0.00101	0.00507	0.00405	0.00405	0.80139
38	0.02018	0.02370	0.01543	0.01428	0.01664	0.48261	0.01028	0.02144	0.01618	0.01566	0.01422	0.02274	0.01401	0.23585	0.04565	0.00362	0.01087	0.00620	0.00372	0.00671
39	0.01372	0.03539	0.72412	0.01950	0.02961	0.01589	0.02528	0.02167	0.01444	0.02167	0.01228	0.01444	0.00867	0.00650	0.00650	0.00217	0.01011	0.00506	0.00289	0.01011
40	0.01809	0.12333	0.47812	0.01687	0.02536	0.01602	0.02015	0.02412	0.01552	0.17699	0.01520	0.01597	0.01052	0.00686	0.00631	0.00207	0.00880	0.00528	0.00414	0.01028
41	0.01773	0.02605	0.41959	0.08922	0.07265	0.01519	0.02048	0.06691	0.03736	0.14632	0.01564	0.01699	0.01087	0.00705	0.00665	0.00216	0.00882	0.00570	0.00430	0.01030
42	0.07495	0.00750	0.00886	0.00837	0.01031	0.00707	0.00633	0.01300	0.01812	0.02624	0.55052	0.05022	0.16575	0.01390	0.00776	0.00217	0.00344	0.01200	0.00707	0.00642
43	0.01275	0.00638	0.00638	0.00638	0.00797	0.00638	0.00478	0.01594	0.01435	0.02551	0.02232	0.02551	0.01754	0.00797	0.00478	0.00159	0.00319	0.00638	0.79755	0.00638
44	0.01414	0.01375	0.02241	0.51098	0.19046	0.03677	0.04747	0.01845	0.01444	0.01875	0.01443	0.01953	0.03539	0.00702	0.00690	0.00221	0.00890	0.00642	0.00327	0.00832
45	0.01735	0.01674	0.12772	0.01393	0.01825	0.01442	0.01242	0.32554	0.02230	0.03029	0.05052	0.27074	0.02477	0.01270	0.00748	0.00232	0.00655	0.01079	0.00607	0.00910
46	0.02350	0.02910	0.01999	0.01872	0.05032	0.58841	0.01383	0.02532	0.01781	0.01694	0.01042	0.01295	0.00893	0.00779	0.00879	0.00197	0.12906	0.00473	0.00343	0.00798
47	0.77955	0.01319	0.01043	0.03517	0.01444	0.01534	0.00782	0.02002	0.01172	0.03022	0.00962	0.01137	0.00747	0.00637	0.00433	0.00212	0.00543	0.00379	0.00419	0.00742
48	0.00859	0.00615	0.00816	0.00936	0.00998	0.00572	0.00637	0.01016	0.01426	0.01932	0.16342	0.62410	0.04884	0.02005	0.00861	0.00266	0.00383	0.01813	0.00657	0.00572
49	0.04731	0.04121	0.12924	0.01367	0.01928	0.04158	0.01268	0.09235	0.03820	0.30885	0.04007	0.01977	0.01478	0.00930	0.03124	0.00230	0.03165	0.00609	0.00603	0.09439
50	0.03070	0.01164	0.01588	0.01217	0.01746	0.01006	0.01006	0.03334	0.01958	0.72163	0.02699	0.02329	0.01694	0.00847	0.00688	0.00212	0.00582	0.00688	0.00847	0.01164
51	0.01736	0.01541	0.01563	0.01407	0.01792	0.04557	0.01092	0.03599	0.67717	0.02814	0.02716	0.02500	0.02040	0.00919	0.00693	0.00230	0.00569	0.00760	0.00682	0.01071
52	0.01133	0.00697	0.00802	0.00777	0.00813	0.00686	0.00454	0.01150	0.01059	0.06031	0.02192	0.04334	0.02435	0.70969	0.03297	0.00633	0.00658	0.00975	0.00443	0.00464
53	0.00968	0.00699	0.00914	0.00861	0.01022	0.00646	0.00646	0.01291	0.01937	0.02743	0.71328	0.05110	0.06455	0.01399	0.00807	0.00215	0.00323	0.01237	0.00753	0.00646
54	0.80789	0.01323	0.01006	0.00900	0.01323	0.01535	0.00741	0.02011	0.01164	0.03070	0.00953	0.01111	0.00741	0.00635	0.00423	0.00212	0.00529	0.00370	0.00423	0.00741
55	0.01497	0.01497	0.02095	0.01796	0.01796	0.02095	0.01497	0.01646	0.01048	0.01646	0.00898	0.01497	0.00898	0.01197	0.02245	0.00299	0.74704	0.00599	0.00299	0.00748
56	0.01419	0.01216	0.01419	0.01013	0.01621	0.00912	0.00811	0.01723	0.01419	0.02229	0.01216	0.01419	0.01013	0.00507	0.00507	0.00101	0.00507	0.00405	0.00405	0.80139
57	0.01151	0.00902	0.01005	0.00944	0.01196	0.00894	0.00718	0.01814	0.19070	0.04520	0.24533	0.07485	0.30301	0.01419	0.00778	0.00228	0.00398	0.01209	0.00692	0.00742
58	0.00850	0.00607	0.00811	0.00962	0.01011	0.00569	0.00655	0.00984	0.01343	0.01794	0.06143	0.70150	0.04568	0.02106	0.00874	0.00277	0.00404	0.04688	0.00639	0.00562
59	0.01372	0.03539	0.72412	0.01950	0.02961	0.01589	0.02528	0.02167	0.01444	0.02167	0.01228	0.01444	0.00867	0.00650	0.00650	0.00217	0.01011	0.00506	0.00289	0.01011
60	0.01829	0.76368	0.03585	0.01171	0.01756	0.02707	0.01171	0.02049	0.01390	0.01610	0.00951	0.01097	0.00878	0.00585	0.00439	0.00146	0.00732	0.00366	0.00293	0.00878

[dist]
# distance from previous block
# <min> <max>
10	13

[block]
# block no. 3 follows, 31 sequences, length 8
# corresponding to MSA columns:
# 263-270
name=unknown_D
#
# <colnr> <probs for GDERKNQSTAVLIFYWHMCP>
#	G	D	E	R	K	N	Q	S	T	A	V	L	I	F	Y	W	H	M	C	P
0	0.04507	0.02592	0.45358	0.11324	0.02780	0.01405	0.02000	0.02074	0.01484	0.08570	0.02020	0.02166	0.09213	0.00799	0.00668	0.00219	0.00862	0.00641	0.00388	0.00931
1	0.01283	0.00874	0.01372	0.01214	0.01357	0.00901	0.08737	0.05639	0.01234	0.01706	0.01660	0.10842	0.01640	0.02185	0.09007	0.41103	0.03234	0.00798	0.04690	0.00523
2	0.01732	0.01912	0.06515	0.17384	0.43724	0.12840	0.01963	0.02134	0.01574	0.02048	0.01234	0.01632	0.01006	0.00641	0.00668	0.00205	0.00910	0.00577	0.00331	0.00971
3	0.01069	0.00717	0.00891	0.00898	0.01079	0.00645	0.00675	0.01293	0.01644	0.07746	0.24627	0.22728	0.24315	0.01677	0.00826	0.00244	0.00396	0.07200	0.00687	0.00644
4	0.01643	0.05738	0.32343	0.01999	0.05701	0.01589	0.13679	0.02242	0.04334	0.10309	0.01598	0.05930	0.01268	0.00803	0.00836	0.00227	0.07712	0.00681	0.00404	0.00963
5	0.68501	0.01330	0.01121	0.05550	0.01578	0.01549	0.00845	0.02145	0.07573	0.02967	0.01138	0.01289	0.00876	0.00665	0.00465	0.00215	0.00554	0.00423	0.00441	0.00774
6	0.02244	0.07981	0.01977	0.01720	0.05725	0.44274	0.01263	0.12433	0.01990	0.02105	0.01494	0.10733	0.01397	0.00891	0.00650	0.00193	0.00996	0.00661	0.00433	0.00841
7	0.15038	0.01400	0.01615	0.09799	0.02062	0.01494	0.01117	0.25190	0.02138	0.23066	0.01841	0.01862	0.01275	0.00780	0.00624	0.00206	0.00645	0.00598	0.08252	0.00998

[dist]
# distance from previous block
# <min> <max>
0	5

[block]
# block no. 4 follows, 31 sequences, length 6
# corresponding to MSA columns:
# 276-281
name=unknown_E
#
# <colnr> <probs for GDERKNQSTAVLIFYWHMCP>
#	G	D	E	R	K	N	Q	S	T	A	V	L	I	F	Y	W	H	M	C	P
0	0.09772	0.06662	0.08425	0.08961	0.40680	0.07317	0.01824	0.02168	0.03939	0.02212	0.01255	0.01579	0.01022	0.00639	0.00630	0.00202	0.00827	0.00553	0.00351	0.00980
1	0.01332	0.01275	0.01392	0.01303	0.01421	0.12365	0.01006	0.01517	0.01207	0.01582	0.01559	0.02432	0.01508	0.12143	0.39030	0.00740	0.16496	0.00691	0.00356	0.00644
2	0.26232	0.05643	0.06276	0.03751	0.01872	0.06685	0.01131	0.15129	0.01869	0.20178	0.03949	0.01705	0.01284	0.00754	0.00590	0.00205	0.00684	0.00547	0.00564	0.00952
3	0.00864	0.00691	0.00777	0.00792	0.00984	0.00603	0.00596	0.01073	0.01615	0.02041	0.20069	0.13311	0.46480	0.01713	0.00824	0.00238	0.00365	0.05712	0.00660	0.00593
4	0.01950	0.01436	0.01638	0.01212	0.01793	0.01309	0.00986	0.23597	0.02045	0.09329	0.01489	0.01574	0.01124	0.00639	0.00580	0.00145	0.00593	0.00499	0.00536	0.47526
5	0.02286	0.06981	0.01926	0.01373	0.01893	0.01771	0.01131	0.40676	0.06161	0.10497	0.01724	0.01834	0.01292	0.04619	0.00785	0.00211	0.00681	0.00602	0.00618	0.12942

[dist]
# distance from previous block
# <min> <max>
0	1

[block]
# block no. 5 follows, 31 sequences, length 31
# corresponding to MSA columns:
# 283-313
name=unknown_F
#
# <colnr> <probs for GDERKNQSTAVLIFYWHMCP>
#	G	D	E	R	K	N	Q	S	T	A	V	L	I	F	Y	W	H	M	C	P
0	0.59526	0.15968	0.04693	0.03257	0.01584	0.01764	0.00939	0.02017	0.01227	0.02706	0.00973	0.01145	0.00778	0.00628	0.00444	0.00200	0.00602	0.00383	0.00388	0.00780
1	0.05807	0.01527	0.01773	0.01376	0.01901	0.01569	0.01133	0.33165	0.06284	0.34972	0.02158	0.01983	0.01439	0.00832	0.00677	0.00210	0.00655	0.00648	0.00749	0.01143
2	0.01595	0.01387	0.01639	0.05035	0.08507	0.01486	0.01167	0.02916	0.43757	0.02585	0.02314	0.02499	0.01832	0.00858	0.00671	0.00209	0.00583	0.04255	0.00585	0.16121
3	0.00919	0.00696	0.00837	0.00802	0.00979	0.00625	0.00595	0.01180	0.01775	0.02397	0.47823	0.05551	0.26938	0.04767	0.00924	0.00240	0.00345	0.01292	0.00701	0.00614
4	0.00824	0.00689	0.00717	0.00720	0.00936	0.00583	0.00536	0.01008	0.01581	0.01923	0.12475	0.09720	0.62498	0.01723	0.00811	0.00232	0.00347	0.01449	0.00646	0.00583
5	0.02435	0.01834	0.01960	0.01541	0.02058	0.02044	0.01260	0.57285	0.15610	0.04044	0.01853	0.01810	0.01334	0.00841	0.00687	0.00210	0.00714	0.00645	0.00687	0.01149
6	0.00859	0.00621	0.00812	0.00921	0.00995	0.00574	0.00631	0.01021	0.01446	0.01948	0.17216	0.58139	0.08329	0.01976	0.00857	0.00263	0.00380	0.01780	0.00658	0.00574
7	0.00834	0.00595	0.00794	0.00953	0.00992	0.00556	0.00635	0.00953	0.01310	0.01746	0.03771	0.75510	0.04525	0.02143	0.00873	0.00278	0.00397	0.01945	0.00635	0.00556
8	0.01419	0.01216	0.01419	0.01013	0.01621	0.00912	0.00811	0.01723	0.01419	0.02229	0.01216	0.01419	0.01013	0.00507	0.00507	0.00101	0.00507	0.00405	0.00405	0.80139
9	0.80789	0.01323	0.01006	0.00900	0.01323	0.01535	0.00741	0.02011	0.01164	0.03070	0.00953	0.01111	0.00741	0.00635	0.00423	0.00212	0.00529	0.00370	0.00423	0.00741
10	0.02601	0.01916	0.02053	0.01574	0.02122	0.02122	0.01300	0.69408	0.03217	0.04312	0.01643	0.01643	0.01163	0.00821	0.00684	0.00205	0.00753	0.00616	0.00684	0.01163
11	0.01292	0.01216	0.02052	0.74312	0.04712	0.01520	0.01900	0.01748	0.01368	0.01748	0.01216	0.01824	0.00912	0.00684	0.00684	0.00228	0.00912	0.00608	0.00304	0.00760
12	0.00842	0.00608	0.00798	0.00933	0.00991	0.00563	0.00630	0.00979	0.01369	0.01826	0.08952	0.66755	0.08088	0.02067	0.00865	0.00271	0.00389	0.01867	0.00644	0.00563
13	0.01615	0.01845	0.04037	0.02884	0.03576	0.01730	0.69204	0.02191	0.01615	0.02191	0.01384	0.01845	0.01038	0.00577	0.00807	0.00231	0.01153	0.00807	0.00346	0.00923
14	0.01372	0.03539	0.72412	0.01950	0.02961	0.01589	0.02528	0.02167	0.01444	0.02167	0.01228	0.01444	0.00867	0.00650	0.00650	0.00217	0.01011	0.00506	0.00289	0.01011
15	0.01069	0.00722	0.00947	0.00878	0.01057	0.00663	0.00663	0.01389	0.01938	0.06072	0.68038	0.04977	0.06227	0.01372	0.00801	0.00215	0.00335	0.01211	0.00758	0.00670
16	0.01838	0.01827	0.12553	0.04588	0.08753	0.01679	0.01454	0.11595	0.37678	0.07312	0.02192	0.02143	0.01617	0.00827	0.00685	0.00222	0.00683	0.00685	0.00593	0.01075
17	0.01292	0.01216	0.02052	0.74312	0.04712	0.01520	0.01900	0.01748	0.01368	0.01748	0.01216	0.01824	0.00912	0.00684	0.00684	0.00228	0.00912	0.00608	0.00304	0.00760
18	0.01102	0.00787	0.01102	0.01260	0.01417	0.00787	0.01102	0.01417	0.01575	0.02047	0.03622	0.07717	0.03937	0.01890	0.00945	0.00315	0.00630	0.67084	0.00630	0.00630
19	0.00973	0.00640	0.00823	0.00922	0.00988	0.00597	0.00613	0.01083	0.01302	0.05288	0.03583	0.57305	0.06819	0.14115	0.01287	0.00335	0.00448	0.01705	0.00610	0.00565
20	0.01691	0.01378	0.01565	0.01143	0.01737	0.01191	0.00924	0.17338	0.01833	0.02710	0.01314	0.01470	0.01048	0.00579	0.00548	0.00125	0.00563	0.00454	0.00470	0.61919
21	0.00818	0.00686	0.00711	0.00721	0.00934	0.00579	0.00534	0.00993	0.01557	0.01880	0.09562	0.11871	0.63316	0.01750	0.00814	0.00234	0.00349	0.01474	0.00641	0.00579
22	0.00993	0.00671	0.00787	0.00787	0.00801	0.00685	0.00465	0.01021	0.01007	0.01357	0.02118	0.04270	0.02398	0.67779	0.11537	0.00714	0.00798	0.00965	0.00409	0.00437
23	0.02520	0.01501	0.01718	0.01349	0.01833	0.01556	0.01102	0.39080	0.02570	0.25287	0.02330	0.05888	0.04442	0.00934	0.00690	0.00210	0.00643	0.00742	0.04522	0.01083
24	0.02047	0.10997	0.05182	0.05727	0.26714	0.21682	0.01641	0.11842	0.03754	0.02293	0.01270	0.01508	0.01026	0.00677	0.00633	0.00192	0.00916	0.00535	0.00392	0.00973
25	0.01910	0.01423	0.01553	0.01366	0.01774	0.01596	0.01071	0.03589	0.60012	0.13426	0.02772	0.02518	0.02028	0.00916	0.00695	0.00229	0.00548	0.00760	0.00719	0.01095
26	0.01026	0.00739	0.01007	0.01131	0.01272	0.00720	0.00938	0.01302	0.01575	0.02076	0.12441	0.18953	0.07401	0.01864	0.00909	0.00292	0.00538	0.44554	0.00647	0.00617
27	0.01554	0.02906	0.45021	0.04902	0.22211	0.07293	0.02292	0.02179	0.01513	0.02133	0.01230	0.01510	0.00930	0.00644	0.00656	0.00210	0.00970	0.00533	0.00308	0.01006
28	0.01014	0.00931	0.03655	0.01322	0.01510	0.00839	0.11225	0.01245	0.01386	0.01855	0.03360	0.50545	0.06694	0.01785	0.00904	0.00270	0.02971	0.07281	0.00568	0.00640
29	0.00854	0.00610	0.00817	0.00975	0.01024	0.00573	0.00670	0.00987	0.01330	0.01769	0.03760	0.70473	0.04481	0.02125	0.00879	0.00281	0.00414	0.06785	0.00635	0.00561
30	0.01730	0.01648	0.02802	0.04024	0.65544	0.01652	0.05089	0.05078	0.01634	0.02325	0.01307	0.01698	0.01085	0.00617	0.00683	0.00205	0.00825	0.00619	0.00354	0.01080

[dist]
# distance from previous block
# <min> <max>
0	1

[block]
# block no. 6 follows, 31 sequences, length 24
# corresponding to MSA columns:
# 315-338
name=unknown_G
#
# <colnr> <probs for GDERKNQSTAVLIFYWHMCP>
#	G	D	E	R	K	N	Q	S	T	A	V	L	I	F	Y	W	H	M	C	P
0	0.02270	0.01753	0.01913	0.01496	0.01976	0.03942	0.01226	0.46069	0.04643	0.05295	0.01561	0.01659	0.01165	0.00933	0.02813	0.00225	0.07844	0.00590	0.00595	0.12031
1	0.00997	0.00721	0.00862	0.04419	0.01061	0.00723	0.00578	0.01165	0.03977	0.01672	0.10751	0.13254	0.09586	0.44648	0.02354	0.00485	0.00569	0.01154	0.00507	0.00517
2	0.01609	0.01456	0.05053	0.01239	0.01765	0.01273	0.01044	0.13393	0.03942	0.02527	0.01431	0.04970	0.01221	0.00723	0.00731	0.00156	0.07524	0.00549	0.00458	0.48937
3	0.01662	0.21929	0.28259	0.04302	0.10454	0.08560	0.07627	0.02142	0.01480	0.01945	0.01142	0.01412	0.00913	0.00658	0.00695	0.00199	0.04870	0.00509	0.00307	0.00935
4	0.00834	0.00595	0.00794	0.00953	0.00992	0.00556	0.00635	0.00953	0.01310	0.01746	0.03771	0.75510	0.04525	0.02143	0.00873	0.00278	0.00397	0.01945	0.00635	0.00556
5	0.01135	0.00890	0.01125	0.06102	0.01488	0.00920	0.00896	0.01741	0.14386	0.02439	0.31878	0.07896	0.10071	0.01421	0.00809	0.00244	0.00472	0.14693	0.00672	0.00722
6	0.01932	0.01376	0.01522	0.01313	0.01733	0.01493	0.01035	0.05756	0.48585	0.15878	0.02887	0.02649	0.05676	0.00935	0.00693	0.00222	0.00545	0.00773	0.00709	0.04290
7	0.01290	0.00760	0.00987	0.00922	0.01132	0.00685	0.00693	0.01552	0.01791	0.14425	0.41160	0.17387	0.11598	0.01470	0.00798	0.00227	0.00383	0.01290	0.00737	0.00712
8	0.00854	0.00701	0.00756	0.00759	0.00974	0.00603	0.00580	0.01061	0.01620	0.02003	0.16863	0.06430	0.56503	0.01691	0.00818	0.00234	0.00362	0.05943	0.00654	0.00592
9	0.01451	0.01435	0.02006	0.01738	0.01741	0.01989	0.01437	0.01599	0.01066	0.01653	0.01096	0.06607	0.01148	0.01263	0.02150	0.00298	0.69574	0.00692	0.00323	0.00735
