[name]
unknown

[dist]
# distance from previous block
# <min> <max>
0	19

[block]
# block no. 0 follows, 25 sequences, length 8
# corresponding to MSA columns:
# 23-30
name=unknown_A
#
# <colnr> <probs for GDERKNQSTAVLIFYWHMCP>
#	G	D	E	R	K	N	Q	S	T	A	V	L	I	F	Y	W	H	M	C	P
0	0.01292	0.01117	0.01784	0.41992	0.03661	0.01307	0.01634	0.01682	0.01566	0.02029	0.02555	0.22122	0.02637	0.01420	0.00876	0.00288	0.00829	0.09933	0.00499	0.00777
1	0.01568	0.01380	0.01723	0.01463	0.01634	0.06551	0.08453	0.06482	0.01495	0.01962	0.01996	0.03710	0.02113	0.42989	0.02894	0.00553	0.10927	0.00957	0.00460	0.00690
2	0.01265	0.01109	0.01738	0.37129	0.03361	0.01315	0.01527	0.01599	0.01498	0.01972	0.02553	0.31140	0.02730	0.01502	0.00988	0.00287	0.05706	0.01317	0.00500	0.00764
3	0.01469	0.01358	0.02265	0.49508	0.15562	0.01588	0.01988	0.01922	0.01578	0.02076	0.01804	0.12037	0.01650	0.00996	0.00804	0.00262	0.00931	0.00905	0.00405	0.00892
4	0.01228	0.01108	0.01333	0.01183	0.01431	0.01160	0.00935	0.01437	0.01577	0.02095	0.04888	0.08452	0.36739	0.01616	0.01292	0.00262	0.18926	0.01235	0.00581	0.12523
5	0.01648	0.01421	0.01941	0.30125	0.03310	0.01436	0.01476	0.08278	0.01782	0.02509	0.01578	0.05511	0.01326	0.00790	0.00699	0.00197	0.00786	0.00670	0.00457	0.34061
6	0.01490	0.01413	0.02331	0.63348	0.04978	0.01794	0.02103	0.01968	0.01511	0.01968	0.01339	0.02027	0.01032	0.00839	0.00969	0.00267	0.08731	0.00688	0.00344	0.00860
7	0.01866	0.31447	0.03793	0.02138	0.02694	0.02436	0.24104	0.02240	0.01591	0.02074	0.01387	0.04845	0.01251	0.00867	0.01044	0.00239	0.13922	0.00723	0.00372	0.00970

[dist]
# distance from previous block
# <min> <max>
4	9

[block]
# block no. 1 follows, 25 sequences, length 71
# corresponding to MSA columns:
# 40-110
name=unknown_B
#
# <colnr> <probs for GDERKNQSTAVLIFYWHMCP>
#	G	D	E	R	K	N	Q	S	T	A	V	L	I	F	Y	W	H	M	C	P
0	0.01336	0.01085	0.01303	0.05189	0.01683	0.01073	0.00932	0.01996	0.16128	0.02378	0.05301	0.29847	0.06555	0.05943	0.01029	0.00284	0.00557	0.01369	0.00653	0.15359
1	0.01957	0.02017	0.02890	0.10246	0.44747	0.11642	0.05987	0.02378	0.01796	0.02354	0.01582	0.05914	0.01398	0.00812	0.00780	0.00235	0.00998	0.00764	0.00402	0.01100
2	0.01125	0.04868	0.01135	0.01094	0.01181	0.00801	0.00778	0.01190	0.01445	0.01917	0.07019	0.45277	0.04150	0.02320	0.01407	0.17105	0.00532	0.05438	0.00621	0.00598
3	0.01939	0.49864	0.07171	0.04469	0.02379	0.02669	0.07120	0.02268	0.01568	0.01967	0.01163	0.01435	0.01023	0.00727	0.00743	0.00195	0.07062	0.00505	0.00345	0.05390
4	0.01850	0.01842	0.01695	0.01329	0.01918	0.15954	0.01033	0.02151	0.01729	0.02358	0.01506	0.05626	0.01345	0.00730	0.00625	0.00145	0.00747	0.00568	0.00461	0.56385
5	0.01208	0.01011	0.01601	0.02007	0.15841	0.00970	0.04785	0.01444	0.01566	0.02129	0.03505	0.52890	0.04051	0.01948	0.00937	0.00293	0.00602	0.01800	0.00628	0.00784
6	0.00984	0.00695	0.00884	0.01018	0.01061	0.00657	0.00661	0.01091	0.01417	0.01880	0.04000	0.55343	0.06815	0.17730	0.01631	0.00408	0.00514	0.01950	0.00665	0.00596
7	0.02009	0.64623	0.12094	0.01436	0.02160	0.02911	0.01518	0.02338	0.01583	0.01903	0.01117	0.01293	0.00993	0.00672	0.00527	0.00176	0.00869	0.00434	0.00331	0.01014
8	0.05638	0.07081	0.62162	0.02106	0.03194	0.01856	0.02686	0.02440	0.01617	0.02480	0.01360	0.01599	0.00975	0.00732	0.00712	0.00242	0.01102	0.00558	0.00336	0.01123
9	0.02799	0.07532	0.02353	0.02104	0.05804	0.62322	0.01535	0.03015	0.02139	0.01927	0.01205	0.01417	0.01011	0.00786	0.00691	0.00199	0.01341	0.00505	0.00395	0.00922
10	0.00985	0.00715	0.00941	0.01077	0.01161	0.00655	0.00730	0.01143	0.01531	0.02069	0.07713	0.65109	0.05062	0.02293	0.00966	0.00301	0.00451	0.02075	0.00715	0.04309
11	0.01599	0.09867	0.63261	0.02135	0.03240	0.01908	0.02735	0.02444	0.01632	0.02402	0.01365	0.01604	0.00983	0.00730	0.00716	0.00239	0.01119	0.00560	0.00328	0.01133
12	0.01830	0.02092	0.04575	0.03268	0.04052	0.01961	0.65098	0.02484	0.01830	0.02484	0.01569	0.02092	0.01176	0.00654	0.00915	0.00261	0.01307	0.00915	0.00392	0.01046
13	0.01347	0.00673	0.01010	0.01010	0.01010	0.00673	0.00673	0.01010	0.01010	0.01347	0.01347	0.02357	0.01347	0.02694	0.03030	0.77441	0.00673	0.00673	0.00337	0.00337
14	0.01608	0.01378	0.01608	0.01148	0.01837	0.01034	0.00919	0.01952	0.01608	0.02527	0.01378	0.01608	0.01148	0.00574	0.00574	0.00115	0.00574	0.00459	0.00459	0.77491
15	0.01667	0.01653	0.02319	0.01996	0.02003	0.02305	0.01660	0.01842	0.01190	0.01863	0.01071	0.01764	0.01064	0.01579	0.05890	0.00384	0.67880	0.00686	0.00343	0.00840
16	0.00945	0.00675	0.00900	0.01080	0.01125	0.00630	0.00720	0.01080	0.01484	0.01979	0.04274	0.72245	0.05128	0.02429	0.00990	0.00315	0.00450	0.02204	0.00720	0.00630
17	0.02715	0.03222	0.02268	0.02168	0.07230	0.52004	0.01560	0.08254	0.05207	0.02257	0.01354	0.01562	0.01107	0.00845	0.00819	0.00216	0.05237	0.00558	0.00445	0.00971
18	0.01607	0.03646	0.56557	0.02411	0.03488	0.01831	0.14676	0.02461	0.01674	0.02461	0.01425	0.01723	0.01019	0.00721	0.00771	0.00249	0.01177	0.00638	0.00340	0.01127
19	0.00945	0.00675	0.00900	0.01080	0.01125	0.00630	0.00720	0.01080	0.01484	0.01979	0.04274	0.72245	0.05128	0.02429	0.00990	0.00315	0.00450	0.02204	0.00720	0.00630
20	0.01089	0.00792	0.01025	0.00967	0.01153	0.00728	0.00725	0.01447	0.02175	0.03062	0.64744	0.05869	0.10106	0.01603	0.00915	0.00245	0.00367	0.01413	0.00847	0.00728
21	0.01772	0.01982	0.04187	0.03044	0.03719	0.01928	0.56080	0.02355	0.01755	0.02402	0.01661	0.05730	0.01369	0.00809	0.01064	0.00271	0.07499	0.00961	0.00405	0.01006
22	0.01538	0.00812	0.00821	0.00788	0.00996	0.00826	0.00599	0.05709	0.01750	0.03013	0.02488	0.02827	0.01946	0.00905	0.00556	0.00184	0.00392	0.00721	0.72370	0.00759
23	0.01108	0.00831	0.01246	0.01246	0.01385	0.00969	0.00969	0.01385	0.01246	0.01800	0.02077	0.03046	0.01938	0.05815	0.69678	0.01246	0.02077	0.00831	0.00415	0.00692
24	0.20947	0.01545	0.02017	0.31384	0.10167	0.01808	0.01657	0.05614	0.12532	0.02771	0.01634	0.01977	0.01243	0.00807	0.00703	0.00250	0.00833	0.00654	0.00479	0.00978
25	0.02301	0.01680	0.01836	0.01575	0.02062	0.01871	0.01246	0.12174	0.48347	0.13441	0.02970	0.02717	0.02160	0.01022	0.00786	0.00255	0.00652	0.00838	0.00813	0.01253
26	0.01975	0.60083	0.16336	0.01494	0.02249	0.02827	0.01619	0.02347	0.01587	0.01944	0.01137	0.01318	0.00993	0.00677	0.00543	0.00181	0.00889	0.00445	0.00331	0.01024
27	0.01347	0.00673	0.01010	0.01010	0.01010	0.00673	0.00673	0.01010	0.01010	0.01347	0.01347	0.02357	0.01347	0.02694	0.03030	0.77441	0.00673	0.00673	0.00337	0.00337
28	0.01079	0.00792	0.01012	0.00957	0.01147	0.00724	0.00717	0.01428	0.02152	0.03009	0.61586	0.05958	0.13298	0.01623	0.00915	0.00246	0.00368	0.01425	0.00840	0.00724
29	0.01891	0.01814	0.03097	0.08821	0.64070	0.01835	0.02366	0.02355	0.01752	0.02499	0.01454	0.01928	0.01216	0.00696	0.00768	0.00232	0.00928	0.00691	0.00381	0.01206
30	0.02073	0.73217	0.04063	0.01327	0.01990	0.03068	0.01327	0.02322	0.01575	0.01824	0.01078	0.01244	0.00995	0.00663	0.00498	0.00166	0.00829	0.00415	0.00332	0.00995
31	0.01723	0.20648	0.39835	0.01777	0.02642	0.01935	0.02099	0.02356	0.01729	0.05882	0.10449	0.02161	0.01902	0.00846	0.00704	0.00225	0.00935	0.00658	0.00434	0.01061
32	0.02778	0.03402	0.02193	0.01969	0.02357	0.59020	0.01496	0.06044	0.05313	0.02104	0.01314	0.01511	0.01081	0.00852	0.00820	0.00213	0.05630	0.00538	0.00433	0.00932
33	0.01919	0.01842	0.03147	0.04759	0.67914	0.01842	0.02380	0.02380	0.01765	0.02533	0.01458	0.01919	0.01228	0.00691	0.00768	0.00230	0.00921	0.00691	0.00384	0.01228
34	0.01108	0.00831	0.01246	0.01246	0.01385	0.00969	0.00969	0.01385	0.01246	0.01800	0.02077	0.03046	0.01938	0.05815	0.69678	0.01246	0.02077	0.00831	0.00415	0.00692
35	0.78228	0.01499	0.01140	0.01020	0.01499	0.01739	0.00840	0.02279	0.01320	0.03479	0.01080	0.01260	0.00840	0.00720	0.00480	0.00240	0.00600	0.00420	0.00480	0.00840
36	0.01696	0.01696	0.02375	0.02036	0.02036	0.02375	0.01696	0.01866	0.01187	0.01866	0.01018	0.01696	0.01018	0.01357	0.02545	0.00339	0.71332	0.00679	0.00339	0.00848
37	0.01109	0.00827	0.01227	0.01227	0.01359	0.00959	0.00945	0.01372	0.01240	0.01786	0.02095	0.03144	0.01981	0.09051	0.66501	0.01222	0.02013	0.00845	0.00418	0.00682
38	0.01610	0.11298	0.61924	0.02117	0.03212	0.01934	0.02703	0.02441	0.01631	0.02389	0.01358	0.01596	0.00984	0.00729	0.00711	0.00237	0.01113	0.00556	0.00328	0.01130
39	0.02684	0.02252	0.02194	0.01759	0.02307	0.11498	0.01421	0.42806	0.11501	0.04016	0.01882	0.01913	0.01392	0.00923	0.00819	0.00229	0.03418	0.00680	0.00692	0.05614
40	0.01152	0.00950	0.01032	0.00983	0.01256	0.00911	0.00746	0.01763	0.13839	0.02582	0.23157	0.06165	0.39212	0.01693	0.00892	0.00257	0.00426	0.01433	0.00769	0.00781
41	0.26362	0.01691	0.01866	0.14587	0.02608	0.01880	0.01343	0.24578	0.02277	0.09135	0.01597	0.01762	0.01155	0.00817	0.00671	0.00234	0.00775	0.00602	0.00598	0.05463
42	0.01651	0.01392	0.01611	0.01193	0.01835	0.01116	0.00948	0.05060	0.04379	0.02642	0.01626	0.05372	0.01415	0.00708	0.00615	0.00137	0.00583	0.00579	0.00502	0.66636
43	0.01588	0.18116	0.01953	0.01175	0.01599	0.01506	0.00978	0.02171	0.10951	0.04697	0.28994	0.03639	0.05951	0.01134	0.00743	0.00209	0.00551	0.00942	0.00661	0.12444
44	0.02607	0.01953	0.02131	0.01711	0.02241	0.02190	0.01391	0.43504	0.18419	0.06670	0.02245	0.04160	0.01687	0.01024	0.00870	0.00248	0.04145	0.00786	0.00763	0.01254
45	0.01119	0.00748	0.00848	0.00857	0.00859	0.00746	0.00482	0.01125	0.01145	0.01526	0.02531	0.08284	0.02929	0.69390	0.03805	0.00731	0.00737	0.01179	0.00482	0.00477
46	0.01802	0.02151	0.07708	0.03086	0.03809	0.01995	0.55328	0.02419	0.01754	0.02419	0.01503	0.02027	0.01150	0.00730	0.01073	0.00269	0.08491	0.00873	0.00383	0.01031
47	0.02752	0.03200	0.02143	0.01907	0.02339	0.51197	0.01453	0.10580	0.12369	0.02459	0.01581	0.01685	0.01249	0.00854	0.00722	0.00213	0.01212	0.00581	0.00504	0.00999
48	0.01830	0.02092	0.04575	0.03268	0.04052	0.01961	0.65098	0.02484	0.01830	0.02484	0.01569	0.02092	0.01176	0.00654	0.00915	0.00261	0.01307	0.00915	0.00392	0.01046
49	0.00974	0.00835	0.00840	0.00830	0.01102	0.00727	0.00625	0.01283	0.05430	0.02160	0.07589	0.07203	0.63909	0.01912	0.00909	0.00262	0.00405	0.01593	0.00724	0.00687
50	0.01120	0.00782	0.01001	0.01001	0.01055	0.00836	0.00664	0.01227	0.01174	0.01619	0.02301	0.04287	0.02477	0.46760	0.29470	0.00944	0.01266	0.01012	0.00449	0.00556
51	0.01555	0.04011	0.68733	0.02210	0.03356	0.01801	0.02865	0.02455	0.01637	0.02455	0.01391	0.01637	0.00982	0.00737	0.00737	0.00246	0.01146	0.00573	0.00327	0.01146
52	0.78228	0.01499	0.01140	0.01020	0.01499	0.01739	0.00840	0.02279	0.01320	0.03479	0.01080	0.01260	0.00840	0.00720	0.00480	0.00240	0.00600	0.00420	0.00480	0.00840
53	0.01608	0.01378	0.01608	0.01148	0.01837	0.01034	0.00919	0.01952	0.01608	0.02527	0.01378	0.01608	0.01148	0.00574	0.00574	0.00115	0.00574	0.00459	0.00459	0.77491
54	0.02073	0.73217	0.04063	0.01327	0.01990	0.03068	0.01327	0.02322	0.01575	0.01824	0.01078	0.01244	0.00995	0.00663	0.00498	0.00166	0.00829	0.00415	0.00332	0.00995
55	0.01929	0.01666	0.01753	0.01578	0.02016	0.01929	0.01227	0.04120	0.66513	0.03243	0.03156	0.02893	0.02367	0.01052	0.00789	0.00263	0.00614	0.00877	0.00789	0.01227
56	0.02073	0.73217	0.04063	0.01327	0.01990	0.03068	0.01327	0.02322	0.01575	0.01824	0.01078	0.01244	0.00995	0.00663	0.00498	0.00166	0.00829	0.00415	0.00332	0.00995
57	0.01129	0.00959	0.00998	0.00975	0.01266	0.00911	0.00751	0.01714	0.14056	0.02326	0.06733	0.06674	0.51341	0.01802	0.00902	0.00268	0.00454	0.05243	0.00733	0.00767
58	0.01555	0.04011	0.68733	0.02210	0.03356	0.01801	0.02865	0.02455	0.01637	0.02455	0.01391	0.01637	0.00982	0.00737	0.00737	0.00246	0.01146	0.00573	0.00327	0.01146
59	0.01929	0.01666	0.01753	0.01578	0.02016	0.01929	0.01227	0.04120	0.66513	0.03243	0.03156	0.02893	0.02367	0.01052	0.00789	0.00263	0.00614	0.00877	0.00789	0.01227
60	0.01555	0.04011	0.68733	0.02210	0.03356	0.01801	0.02865	0.02455	0.01637	0.02455	0.01391	0.01637	0.00982	0.00737	0.00737	0.00246	0.01146	0.00573	0.00327	0.01146
61	0.01260	0.00942	0.01211	0.01323	0.01528	0.00948	0.01116	0.01746	0.07741	0.02332	0.04442	0.07834	0.12821	0.05755	0.01176	0.00356	0.00663	0.45357	0.00709	0.00740
62	0.01685	0.01896	0.06835	0.30925	0.03892	0.05860	0.13891	0.02137	0.01545	0.02068	0.01305	0.01904	0.01051	0.00912	0.01284	0.00277	0.20555	0.00711	0.00354	0.00912
63	0.00945	0.00675	0.00900	0.01080	0.01125	0.00630	0.00720	0.01080	0.01484	0.01979	0.04274	0.72245	0.05128	0.02429	0.00990	0.00315	0.00450	0.02204	0.00720	0.00630
64	0.03352	0.01417	0.01847	0.01427	0.02021	0.01298	0.01175	0.09585	0.05557	0.59222	0.02951	0.02579	0.01885	0.00962	0.00780	0.00240	0.00676	0.00777	0.00934	0.01315
65	0.08643	0.02584	0.05817	0.01740	0.02262	0.24134	0.01441	0.30229	0.02659	0.03412	0.01599	0.01758	0.01220	0.01102	0.04148	0.00271	0.01065	0.00612	0.04231	0.01074
66	0.03361	0.01337	0.01792	0.01388	0.01969	0.01182	0.01141	0.06656	0.02262	0.62967	0.03045	0.05127	0.02007	0.01012	0.00787	0.00242	0.00662	0.00827	0.00942	0.01294
67	0.01464	0.01378	0.02326	0.70887	0.05340	0.01723	0.02153	0.01981	0.01550	0.01981	0.01378	0.02067	0.01034	0.00775	0.00775	0.00258	0.01034	0.00689	0.00345	0.00861
68	0.01851	0.01734	0.02974	0.38284	0.04412	0.01921	0.20165	0.14148	0.02029	0.02677	0.01525	0.02035	0.01129	0.00770	0.00816	0.00254	0.01078	0.00756	0.00440	0.01001
69	0.04915	0.01470	0.01608	0.01346	0.01838	0.03556	0.01069	0.05417	0.23749	0.21646	0.03497	0.03264	0.12424	0.01093	0.00768	0.00235	0.00620	0.00889	0.00765	0.09828
70	0.01900	0.01931	0.06593	0.04011	0.51755	0.01856	0.02188	0.02714	0.14046	0.02664	0.01777	0.02088	0.01430	0.00762	0.00770	0.00237	0.00875	0.00719	0.00458	0.01223

[dist]
# distance from previous block
# <min> <max>
0	4

[block]
# block no. 2 follows, 25 sequences, length 13
# corresponding to MSA columns:
# 115-127
name=unknown_C
#
# <colnr> <probs for GDERKNQSTAVLIFYWHMCP>
#	G	D	E	R	K	N	Q	S	T	A	V	L	I	F	Y	W	H	M	C	P
0	0.01684	0.01434	0.01465	0.01331	0.01684	0.04604	0.01023	0.10290	0.28080	0.02975	0.10294	0.10990	0.18095	0.01427	0.00845	0.00259	0.00588	0.01197	0.00752	0.00982
1	0.01867	0.48263	0.24048	0.01579	0.02362	0.02565	0.01765	0.02307	0.01574	0.02006	0.01240	0.01546	0.01077	0.04074	0.00734	0.00218	0.00924	0.00497	0.00337	0.01017
2	0.12836	0.36716	0.25140	0.01580	0.02376	0.02371	0.01763	0.02424	0.01588	0.05192	0.01270	0.01438	0.01009	0.00709	0.00587	0.00206	0.00895	0.00484	0.00379	0.01037
3	0.01960	0.49154	0.23195	0.01623	0.02417	0.06032	0.01793	0.02400	0.01625	0.02016	0.01177	0.01368	0.00991	0.00692	0.00579	0.00191	0.00952	0.00466	0.00334	0.01035
4	0.01164	0.00819	0.00998	0.00997	0.01216	0.00735	0.00766	0.01437	0.01907	0.06097	0.26812	0.14002	0.28678	0.01855	0.00936	0.00273	0.00446	0.09365	0.00777	0.00722
5	0.02161	0.01361	0.01664	0.01217	0.01879	0.01065	0.00984	0.02493	0.01789	0.22029	0.01875	0.01913	0.01376	0.00688	0.00635	0.00152	0.00600	0.00554	0.00607	0.54957
6	0.02947	0.02172	0.02327	0.01784	0.02404	0.02404	0.01474	0.65329	0.03646	0.04887	0.01862	0.01862	0.01319	0.00931	0.00776	0.00233	0.00853	0.00698	0.00776	0.01319
7	0.01803	0.01518	0.01606	0.01436	0.01846	0.01698	0.01118	0.08287	0.47783	0.03186	0.07528	0.03691	0.12719	0.01215	0.00815	0.00259	0.00584	0.01011	0.00781	0.01117
8	0.02947	0.02172	0.02327	0.01784	0.02404	0.02404	0.01474	0.65329	0.03646	0.04887	0.01862	0.01862	0.01319	0.00931	0.00776	0.00233	0.00853	0.00698	0.00776	0.01319
9	0.78228	0.01499	0.01140	0.01020	0.01499	0.01739	0.00840	0.02279	0.01320	0.03479	0.01080	0.01260	0.00840	0.00720	0.00480	0.00240	0.00600	0.00420	0.00480	0.00840
10	0.01785	0.01491	0.02194	0.48897	0.04315	0.01781	0.01875	0.07667	0.13274	0.06299	0.01830	0.02230	0.01345	0.00848	0.00778	0.00256	0.00923	0.00728	0.00494	0.00990
11	0.01753	0.01847	0.03512	0.02537	0.03228	0.01719	0.40808	0.02275	0.01711	0.02446	0.01467	0.01915	0.01155	0.00688	0.00948	0.00224	0.06841	0.00760	0.00408	0.23760
12	0.01114	0.00891	0.03971	0.00971	0.01039	0.00790	0.00651	0.01194	0.01220	0.01647	0.02699	0.16700	0.03096	0.53341	0.06887	0.00678	0.00789	0.01277	0.00505	0.00541

[dist]
# distance from previous block
# <min> <max>
0	15

[block]
# block no. 3 follows, 25 sequences, length 34
# corresponding to MSA columns:
# 143-176
name=unknown_D
#
# <colnr> <probs for GDERKNQSTAVLIFYWHMCP>
#	G	D	E	R	K	N	Q	S	T	A	V	L	I	F	Y	W	H	M	C	P
0	0.06758	0.01697	0.01844	0.01476	0.02008	0.01759	0.01182	0.33399	0.07125	0.03724	0.02143	0.12021	0.01875	0.01061	0.00744	0.00220	0.00699	0.00857	0.00678	0.18732
1	0.01850	0.02046	0.10170	0.08861	0.56806	0.01830	0.02417	0.02361	0.01737	0.02488	0.01446	0.01898	0.01189	0.00701	0.00765	0.00234	0.00953	0.00678	0.00375	0.01195
2	0.01704	0.01719	0.02501	0.02106	0.02151	0.02351	0.05330	0.01901	0.01224	0.01901	0.01049	0.01719	0.01027	0.01317	0.02451	0.00335	0.67319	0.00692	0.00342	0.00859
3	0.01083	0.00740	0.00852	0.00883	0.00906	0.00725	0.00520	0.01118	0.01227	0.01621	0.03074	0.16979	0.06936	0.56374	0.03255	0.00647	0.00678	0.01345	0.00528	0.00508
4	0.78228	0.01499	0.01140	0.01020	0.01499	0.01739	0.00840	0.02279	0.01320	0.03479	0.01080	0.01260	0.00840	0.00720	0.00480	0.00240	0.00600	0.00420	0.00480	0.00840
5	0.01652	0.02075	0.15708	0.02292	0.02915	0.01629	0.27341	0.02171	0.01673	0.05285	0.02196	0.12895	0.04408	0.01078	0.01041	0.00266	0.08536	0.01017	0.00466	0.05358
6	0.02726	0.02041	0.02208	0.01679	0.02311	0.02178	0.01382	0.54855	0.03309	0.04497	0.01782	0.01820	0.01290	0.00872	0.00742	0.00213	0.00807	0.00659	0.00723	0.13907
7	0.01608	0.01378	0.01608	0.01148	0.01837	0.01034	0.00919	0.01952	0.01608	0.02527	0.01378	0.01608	0.01148	0.00574	0.00574	0.00115	0.00574	0.00459	0.00459	0.77491
8	0.00943	0.00680	0.00894	0.01065	0.01121	0.00631	0.00713	0.01081	0.01498	0.01985	0.04447	0.69099	0.08162	0.02407	0.00986	0.00312	0.00447	0.02177	0.00720	0.00631
9	0.01608	0.01378	0.01608	0.01148	0.01837	0.01034	0.00919	0.01952	0.01608	0.02527	0.01378	0.01608	0.01148	0.00574	0.00574	0.00115	0.00574	0.00459	0.00459	0.77491
10	0.03092	0.01406	0.01788	0.01429	0.01989	0.01337	0.01161	0.03864	0.18268	0.52174	0.03083	0.02702	0.02031	0.00983	0.00782	0.00246	0.00648	0.00804	0.00917	0.01297
11	0.01108	0.00831	0.01246	0.01246	0.01385	0.00969	0.00969	0.01385	0.01246	0.01800	0.02077	0.03046	0.01938	0.05815	0.69678	0.01246	0.02077	0.00831	0.00415	0.00692
12	0.01555	0.04011	0.68733	0.02210	0.03356	0.01801	0.02865	0.02455	0.01637	0.02455	0.01391	0.01637	0.00982	0.00737	0.00737	0.00246	0.01146	0.00573	0.00327	0.01146
13	0.01608	0.01378	0.01608	0.01148	0.01837	0.01034	0.00919	0.01952	0.01608	0.02527	0.01378	0.01608	0.01148	0.00574	0.00574	0.00115	0.00574	0.00459	0.00459	0.77491
14	0.02862	0.01183	0.01602	0.01275	0.01767	0.01034	0.01034	0.03179	0.02213	0.51522	0.19756	0.03456	0.03317	0.01122	0.00815	0.00241	0.00584	0.00941	0.00932	0.01167
15	0.01128	0.00752	0.00846	0.00846	0.00846	0.00752	0.00470	0.01128	0.01128	0.01503	0.02443	0.05074	0.02819	0.72751	0.03946	0.00752	0.00752	0.01128	0.00470	0.00470
16	0.02073	0.73217	0.04063	0.01327	0.01990	0.03068	0.01327	0.02322	0.01575	0.01824	0.01078	0.01244	0.00995	0.00663	0.00498	0.00166	0.00829	0.00415	0.00332	0.00995
17	0.01347	0.00673	0.01010	0.01010	0.01010	0.00673	0.00673	0.01010	0.01010	0.01347	0.01347	0.02357	0.01347	0.02694	0.03030	0.77441	0.00673	0.00673	0.00337	0.00337
18	0.06971	0.08307	0.56083	0.02128	0.03175	0.01889	0.06151	0.02436	0.01622	0.02487	0.01359	0.01610	0.00984	0.00726	0.00713	0.00241	0.01096	0.00571	0.00342	0.01109
19	0.02854	0.03437	0.02189	0.01955	0.02379	0.59298	0.01482	0.09615	0.05531	0.02275	0.01364	0.01520	0.01100	0.00825	0.00712	0.00206	0.01303	0.00539	0.00458	0.00959
20	0.01555	0.04011	0.68733	0.02210	0.03356	0.01801	0.02865	0.02455	0.01637	0.02455	0.01391	0.01637	0.00982	0.00737	0.00737	0.00246	0.01146	0.00573	0.00327	0.01146
21	0.01464	0.01378	0.02326	0.70887	0.05340	0.01723	0.02153	0.01981	0.01550	0.01981	0.01378	0.02067	0.01034	0.00775	0.00775	0.00258	0.01034	0.00689	0.00345	0.00861
22	0.02864	0.01998	0.02186	0.01704	0.02288	0.02180	0.01396	0.53688	0.06202	0.10916	0.02145	0.05145	0.01595	0.01006	0.00786	0.00238	0.00805	0.00782	0.00792	0.01284
23	0.01246	0.00924	0.01212	0.01338	0.01514	0.00940	0.01092	0.01762	0.09219	0.02382	0.07105	0.23445	0.04521	0.02059	0.01011	0.00330	0.00621	0.37793	0.00731	0.00754
24	0.01071	0.00911	0.00938	0.00909	0.01192	0.00840	0.00688	0.01561	0.10995	0.02318	0.10737	0.06713	0.54741	0.01812	0.00898	0.00261	0.00423	0.01514	0.00738	0.00741
25	0.01148	0.00754	0.00860	0.00860	0.00880	0.00762	0.00503	0.01189	0.01169	0.01616	0.02428	0.04809	0.02712	0.64005	0.07441	0.00740	0.00800	0.01083	0.05741	0.00500
26	0.78228	0.01499	0.01140	0.01020	0.01499	0.01739	0.00840	0.02279	0.01320	0.03479	0.01080	0.01260	0.00840	0.00720	0.00480	0.00240	0.00600	0.00420	0.00480	0.00840
27	0.01830	0.02092	0.04575	0.03268	0.04052	0.01961	0.65098	0.02484	0.01830	0.02484	0.01569	0.02092	0.01176	0.00654	0.00915	0.00261	0.01307	0.00915	0.00392	0.01046
28	0.01464	0.01378	0.02326	0.70887	0.05340	0.01723	0.02153	0.01981	0.01550	0.01981	0.01378	0.02067	0.01034	0.00775	0.00775	0.00258	0.01034	0.00689	0.00345	0.00861
29	0.01130	0.00946	0.01005	0.00984	0.01252	0.00906	0.00737	0.01721	0.14348	0.02386	0.11298	0.12882	0.43957	0.01803	0.00899	0.00266	0.00439	0.01527	0.00744	0.00769
30	0.01782	0.01510	0.01839	0.01329	0.02014	0.01246	0.04093	0.09726	0.01868	0.02813	0.01446	0.01662	0.01171	0.00622	0.00615	0.00136	0.00644	0.00511	0.00495	0.64478
31	0.01712	0.07758	0.60635	0.02105	0.03187	0.01829	0.02663	0.02535	0.01672	0.06788	0.01484	0.01681	0.01045	0.00747	0.00726	0.00241	0.01096	0.00578	0.00369	0.01149
32	0.02447	0.01713	0.01889	0.01586	0.02095	0.01886	0.01265	0.17643	0.40450	0.15888	0.02850	0.02616	0.02050	0.01008	0.00784	0.00252	0.00676	0.00819	0.00818	0.01265
33	0.01926	0.01708	0.02172	0.01660	0.02193	0.06018	0.08150	0.05269	0.01727	0.06899	0.01451	0.01746	0.01176	0.00798	0.01038	0.00195	0.14888	0.00589	0.00473	0.39926

[dist]
# distance from previous block
# <min> <max>
1	4

[block]
# block no. 4 follows, 25 sequences, length 53
# corresponding to MSA columns:
# 181-233
name=unknown_E
#
# <colnr> <probs for GDERKNQSTAVLIFYWHMCP>
#	G	D	E	R	K	N	Q	S	T	A	V	L	I	F	Y	W	H	M	C	P
0	0.28411	0.01741	0.01728	0.01439	0.01950	0.01962	0.01168	0.25053	0.16749	0.06472	0.01940	0.01965	0.01438	0.01082	0.03434	0.00283	0.00754	0.00651	0.00670	0.01109
1	0.02534	0.01997	0.02338	0.07182	0.02543	0.02345	0.01579	0.45267	0.02896	0.03940	0.01623	0.01838	0.01225	0.01021	0.01198	0.00260	0.17713	0.00693	0.00638	0.01171
2	0.78228	0.01499	0.01140	0.01020	0.01499	0.01739	0.00840	0.02279	0.01320	0.03479	0.01080	0.01260	0.00840	0.00720	0.00480	0.00240	0.00600	0.00420	0.00480	0.00840
3	0.00971	0.00694	0.00930	0.01110	0.01167	0.00653	0.00766	0.01126	0.01511	0.02009	0.04259	0.66679	0.05070	0.02404	0.00997	0.00319	0.00473	0.07506	0.00719	0.00637
4	0.01894	0.01817	0.03102	0.08398	0.64471	0.01836	0.02367	0.02358	0.01754	0.02503	0.01454	0.01927	0.01217	0.00695	0.00768	0.00232	0.00927	0.00691	0.00382	0.01208
5	0.00925	0.00786	0.00798	0.00795	0.01053	0.00658	0.00596	0.01130	0.01788	0.02144	0.10732	0.07381	0.64692	0.01945	0.00916	0.00261	0.00391	0.01625	0.00726	0.00658
6	0.03043	0.02019	0.02232	0.01711	0.02328	0.02177	0.01414	0.54280	0.03390	0.16297	0.02076	0.02001	0.01426	0.00936	0.00776	0.00234	0.00818	0.00713	0.00809	0.01319
7	0.01097	0.00793	0.01036	0.00975	0.01158	0.00732	0.00732	0.01463	0.02195	0.03109	0.67505	0.05792	0.07316	0.01585	0.00914	0.00244	0.00366	0.01402	0.00854	0.00732
8	0.01828	0.01750	0.02983	0.17938	0.55444	0.01818	0.02334	0.02300	0.01723	0.02423	0.01442	0.01949	0.01189	0.00708	0.00769	0.00236	0.00944	0.00690	0.00376	0.01155
9	0.01097	0.00793	0.01036	0.00975	0.01158	0.00732	0.00732	0.01463	0.02195	0.03109	0.67505	0.05792	0.07316	0.01585	0.00914	0.00244	0.00366	0.01402	0.00854	0.00732
10	0.01122	0.00939	0.01527	0.01463	0.01624	0.00912	0.10440	0.01347	0.01539	0.02067	0.03729	0.55831	0.04338	0.02106	0.01045	0.00310	0.03443	0.04858	0.00655	0.00705
11	0.02947	0.02172	0.02327	0.01784	0.02404	0.02404	0.01474	0.65329	0.03646	0.04887	0.01862	0.01862	0.01319	0.00931	0.00776	0.00233	0.00853	0.00698	0.00776	0.01319
12	0.00945	0.00675	0.00900	0.01080	0.01125	0.00630	0.00720	0.01080	0.01484	0.01979	0.04274	0.72245	0.05128	0.02429	0.00990	0.00315	0.00450	0.02204	0.00720	0.00630
13	0.02863	0.01894	0.02225	0.01722	0.02306	0.02009	0.04259	0.45738	0.03129	0.17243	0.02254	0.06909	0.01696	0.01028	0.00798	0.00241	0.00807	0.00829	0.00791	0.01259
14	0.01120	0.00748	0.00848	0.00856	0.00858	0.00746	0.00481	0.01125	0.01143	0.01524	0.02524	0.08031	0.02921	0.69655	0.03816	0.00732	0.00738	0.01175	0.00481	0.00477
15	0.01830	0.02092	0.04575	0.03268	0.04052	0.01961	0.65098	0.02484	0.01830	0.02484	0.01569	0.02092	0.01176	0.00654	0.00915	0.00261	0.01307	0.00915	0.00392	0.01046
16	0.03077	0.01453	0.01831	0.01425	0.01980	0.01382	0.01168	0.17619	0.02543	0.46192	0.10363	0.02832	0.02416	0.01027	0.00795	0.00239	0.00670	0.00834	0.00905	0.01250
17	0.74529	0.01621	0.04400	0.01077	0.01589	0.01742	0.00937	0.02288	0.01335	0.03429	0.01095	0.01278	0.00847	0.00721	0.00492	0.00240	0.00626	0.00427	0.00472	0.00854
18	0.00964	0.00692	0.00901	0.01047	0.01108	0.00645	0.00701	0.01110	0.01527	0.02037	0.08717	0.61075	0.07915	0.06219	0.01144	0.00332	0.00458	0.02064	0.00715	0.00629
19	0.01321	0.00842	0.01108	0.01013	0.01235	0.00770	0.00770	0.01680	0.02197	0.09234	0.61464	0.05496	0.06810	0.01526	0.00902	0.00243	0.00393	0.01344	0.00863	0.00787
20	0.01555	0.04011	0.68733	0.02210	0.03356	0.01801	0.02865	0.02455	0.01637	0.02455	0.01391	0.01637	0.00982	0.00737	0.00737	0.00246	0.01146	0.00573	0.00327	0.01146
21	0.01608	0.01378	0.01608	0.01148	0.01837	0.01034	0.00919	0.01952	0.01608	0.02527	0.01378	0.01608	0.01148	0.00574	0.00574	0.00115	0.00574	0.00459	0.00459	0.77491
22	0.01128	0.00752	0.00846	0.00846	0.00846	0.00752	0.00470	0.01128	0.01128	0.01503	0.02443	0.05074	0.02819	0.72751	0.03946	0.00752	0.00752	0.01128	0.00470	0.00470
23	0.01168	0.00902	0.01292	0.01259	0.01362	0.01071	0.00960	0.01390	0.01221	0.01759	0.02032	0.03239	0.01990	0.16081	0.52646	0.01079	0.08596	0.00863	0.00417	0.00672
24	0.78228	0.01499	0.01140	0.01020	0.01499	0.01739	0.00840	0.02279	0.01320	0.03479	0.01080	0.01260	0.00840	0.00720	0.00480	0.00240	0.00600	0.00420	0.00480	0.00840
25	0.02132	0.01766	0.01868	0.01619	0.02094	0.02023	0.01276	0.16318	0.53985	0.03571	0.02898	0.02687	0.02158	0.01028	0.00786	0.00257	0.00661	0.00841	0.00786	0.01245
26	0.00931	0.00790	0.00806	0.00814	0.01072	0.00665	0.00618	0.01135	0.01768	0.02105	0.07689	0.07519	0.64807	0.01972	0.00923	0.00266	0.00407	0.04336	0.00720	0.00657
27	0.01807	0.00911	0.00980	0.00887	0.01152	0.00909	0.00688	0.07213	0.01860	0.10779	0.02537	0.02777	0.01925	0.00912	0.00589	0.00192	0.00437	0.00727	0.61875	0.00842
28	0.00940	0.00692	0.00882	0.01033	0.01112	0.00634	0.00699	0.01085	0.01529	0.01998	0.04839	0.62019	0.14989	0.02356	0.00978	0.00307	0.00441	0.02115	0.00720	0.00634
29	0.01108	0.00831	0.01246	0.01246	0.01385	0.00969	0.00969	0.01385	0.01246	0.01800	0.02077	0.03046	0.01938	0.05815	0.69678	0.01246	0.02077	0.00831	0.00415	0.00692
30	0.02896	0.03695	0.02197	0.01998	0.02397	0.69638	0.01498	0.03096	0.02197	0.01898	0.01199	0.01398	0.00999	0.00799	0.00699	0.00200	0.01398	0.00499	0.00400	0.00899
31	0.01622	0.01607	0.02927	0.45057	0.16774	0.01792	0.14740	0.02156	0.01646	0.02184	0.01431	0.02044	0.01098	0.00735	0.00802	0.00254	0.01067	0.00734	0.00361	0.00967
32	0.01555	0.04011	0.68733	0.02210	0.03356	0.01801	0.02865	0.02455	0.01637	0.02455	0.01391	0.01637	0.00982	0.00737	0.00737	0.00246	0.01146	0.00573	0.00327	0.01146
33	0.01496	0.01410	0.02383	0.66300	0.09680	0.01731	0.02169	0.02009	0.01565	0.02019	0.01384	0.02057	0.01047	0.00769	0.00775	0.00256	0.01026	0.00689	0.00347	0.00887
34	0.01555	0.01471	0.02489	0.57709	0.17810	0.01746	0.02198	0.02060	0.01593	0.02091	0.01394	0.02038	0.01072	0.00758	0.00774	0.00253	0.01011	0.00689	0.00352	0.00934
35	0.01609	0.11258	0.61961	0.02117	0.03213	0.01933	0.02704	0.02441	0.01631	0.02389	0.01359	0.01596	0.00984	0.00729	0.00712	0.00237	0.01113	0.00556	0.00328	0.01130
36	0.01919	0.01842	0.03147	0.04759	0.67914	0.01842	0.02380	0.02380	0.01765	0.02533	0.01458	0.01919	0.01228	0.00691	0.00768	0.00230	0.00921	0.00691	0.00384	0.01228
37	0.00945	0.00675	0.00900	0.01080	0.01125	0.00630	0.00720	0.01080	0.01484	0.01979	0.04274	0.72245	0.05128	0.02429	0.00990	0.00315	0.00450	0.02204	0.00720	0.00630
38	0.02947	0.02172	0.02327	0.01784	0.02404	0.02404	0.01474	0.65329	0.03646	0.04887	0.01862	0.01862	0.01319	0.00931	0.00776	0.00233	0.00853	0.00698	0.00776	0.01319
39	0.01555	0.04011	0.68733	0.02210	0.03356	0.01801	0.02865	0.02455	0.01637	0.02455	0.01391	0.01637	0.00982	0.00737	0.00737	0.00246	0.01146	0.00573	0.00327	0.01146
40	0.02073	0.73217	0.04063	0.01327	0.01990	0.03068	0.01327	0.02322	0.01575	0.01824	0.01078	0.01244	0.00995	0.00663	0.00498	0.00166	0.00829	0.00415	0.00332	0.00995
41	0.01128	0.00752	0.00846	0.00846	0.00846	0.00752	0.00470	0.01128	0.01128	0.01503	0.02443	0.05074	0.02819	0.72751	0.03946	0.00752	0.00752	0.01128	0.00470	0.00470
42	0.01209	0.01043	0.01266	0.01228	0.01394	0.04777	0.00949	0.01444	0.01412	0.01869	0.03310	0.03954	0.17215	0.06653	0.42160	0.00869	0.07069	0.01000	0.00482	0.00699
43	0.01128	0.00752	0.00846	0.00846	0.00846	0.00752	0.00470	0.01128	0.01128	0.01503	0.02443	0.05074	0.02819	0.72751	0.03946	0.00752	0.00752	0.01128	0.00470	0.00470
44	0.01838	0.01683	0.02453	0.20153	0.03069	0.02118	0.06325	0.12200	0.01743	0.02467	0.01344	0.01893	0.01117	0.01068	0.01602	0.00289	0.33790	0.00703	0.03207	0.00937
45	0.01213	0.01011	0.03578	0.01093	0.01336	0.00911	0.00892	0.01526	0.01935	0.05252	0.34946	0.05846	0.24816	0.01657	0.01050	0.00264	0.06442	0.04731	0.00746	0.00755
46	0.01336	0.00892	0.01227	0.01239	0.01408	0.00853	0.03459	0.04047	0.04058	0.08328	0.06394	0.55024	0.04504	0.02078	0.00949	0.00298	0.00523	0.01880	0.00738	0.00763
47	0.01608	0.01378	0.01608	0.01148	0.01837	0.01034	0.00919	0.01952	0.01608	0.02527	0.01378	0.01608	0.01148	0.00574	0.00574	0.00115	0.00574	0.00459	0.00459	0.77491
48	0.02139	0.01671	0.01850	0.01698	0.04925	0.01869	0.01277	0.10717	0.49100	0.08882	0.03084	0.02864	0.04308	0.01045	0.00790	0.00256	0.00650	0.00865	0.00782	0.01226
49	0.01660	0.17964	0.55694	0.02032	0.03080	0.02056	0.02555	0.02429	0.01625	0.02328	0.01328	0.01558	0.00985	0.00722	0.00688	0.00229	0.01082	0.00541	0.00328	0.01115
50	0.01398	0.01013	0.01363	0.01531	0.04775	0.01023	0.01209	0.01933	0.08724	0.04956	0.07468	0.11757	0.06397	0.01894	0.00995	0.00324	0.00662	0.41044	0.00724	0.00810
51	0.01815	0.02213	0.08957	0.03266	0.07075	0.01944	0.57765	0.02477	0.01814	0.02484	0.01551	0.02052	0.01165	0.00661	0.00896	0.00259	0.01277	0.00881	0.00387	0.01061
52	0.05430	0.43905	0.21127	0.01812	0.06921	0.05018	0.01796	0.02388	0.01616	0.02121	0.01193	0.01402	0.01001	0.00692	0.00587	0.00196	0.00931	0.00480	0.00343	0.01041

[dist]
# distance from previous block
# <min> <max>
2	5

[block]
# block no. 5 follows, 25 sequences, length 79
# corresponding to MSA columns:
# 239-317
name=unknown_F
#
# <colnr> <probs for GDERKNQSTAVLIFYWHMCP>
#	G	D	E	R	K	N	Q	S	T	A	V	L	I	F	Y	W	H	M	C	P
0	0.01665	0.06643	0.63059	0.02136	0.03238	0.01821	0.02724	0.02511	0.01661	0.05485	0.01456	0.01668	0.01026	0.00744	0.00729	0.00242	0.01111	0.00576	0.00357	0.01148
1	0.02028	0.01857	0.01950	0.11897	0.02533	0.12624	0.01324	0.08427	0.01893	0.05797	0.01452	0.01725	0.01152	0.00755	0.00805	0.00185	0.06200	0.00556	0.00479	0.36361
2	0.01521	0.01408	0.02278	0.60610	0.04831	0.01758	0.02042	0.04429	0.01604	0.02087	0.01474	0.04541	0.01190	0.00883	0.00913	0.00265	0.06178	0.00743	0.00374	0.00870
3	0.56503	0.01339	0.01138	0.01009	0.01444	0.01490	0.00820	0.02325	0.01486	0.09745	0.03965	0.01808	0.01359	0.00803	0.00535	0.00231	0.00561	0.00537	0.12035	0.00865
4	0.00961	0.00791	0.00847	0.00846	0.01091	0.00678	0.00642	0.01192	0.01838	0.02271	0.17464	0.07246	0.54876	0.01910	0.00923	0.00263	0.00403	0.04346	0.00742	0.00670
5	0.01128	0.00752	0.00846	0.00846	0.00846	0.00752	0.00470	0.01128	0.01128	0.01503	0.02443	0.05074	0.02819	0.72751	0.03946	0.00752	0.00752	0.01128	0.00470	0.00470
6	0.01214	0.00988	0.01469	0.04824	0.01679	0.01218	0.01137	0.01486	0.01252	0.01819	0.01883	0.02795	0.01755	0.04896	0.56178	0.01061	0.12421	0.00801	0.00400	0.00724
7	0.00952	0.00681	0.00906	0.01074	0.01126	0.00635	0.00720	0.01099	0.01520	0.02035	0.07414	0.68944	0.05237	0.02387	0.00986	0.00311	0.00446	0.02164	0.00726	0.00635
8	0.02046	0.69590	0.07453	0.01373	0.02062	0.03002	0.01407	0.02329	0.01579	0.01857	0.01094	0.01264	0.00994	0.00667	0.00510	0.00170	0.00846	0.00423	0.00331	0.01003
9	0.03099	0.01265	0.01697	0.01335	0.01873	0.01120	0.01090	0.03489	0.04966	0.57071	0.11536	0.03064	0.02648	0.01046	0.00798	0.00241	0.00619	0.00866	0.00938	0.01238
10	0.01608	0.01378	0.01608	0.01148	0.01837	0.01034	0.00919	0.01952	0.01608	0.02527	0.01378	0.01608	0.01148	0.00574	0.00574	0.00115	0.00574	0.00459	0.00459	0.77491
11	0.02947	0.02172	0.02327	0.01784	0.02404	0.02404	0.01474	0.65329	0.03646	0.04887	0.01862	0.01862	0.01319	0.00931	0.00776	0.00233	0.00853	0.00698	0.00776	0.01319
12	0.03429	0.01400	0.01849	0.01418	0.02019	0.01259	0.01171	0.09565	0.02353	0.62476	0.02946	0.02566	0.01863	0.00957	0.00779	0.00239	0.00678	0.00772	0.00942	0.01319
13	0.02969	0.02138	0.02306	0.01768	0.02388	0.02354	0.01460	0.62876	0.03589	0.07419	0.01909	0.01893	0.01343	0.00932	0.00776	0.00233	0.00846	0.00701	0.00783	0.01319
14	0.01044	0.00790	0.00962	0.00919	0.01125	0.00709	0.00689	0.01359	0.02068	0.02808	0.49789	0.06288	0.25220	0.01698	0.00915	0.00249	0.00374	0.01472	0.00814	0.00709
15	0.01445	0.00723	0.00723	0.00723	0.00903	0.00723	0.00542	0.01807	0.01626	0.02891	0.02529	0.02891	0.01987	0.00903	0.00542	0.00181	0.00361	0.00723	0.77055	0.00723
16	0.00945	0.00675	0.00900	0.01080	0.01125	0.00630	0.00720	0.01080	0.01484	0.01979	0.04274	0.72245	0.05128	0.02429	0.00990	0.00315	0.00450	0.02204	0.00720	0.00630
17	0.00954	0.00679	0.00897	0.01067	0.01110	0.00636	0.00707	0.01082	0.01466	0.01954	0.04178	0.68724	0.05007	0.06115	0.01145	0.00338	0.00466	0.02148	0.00707	0.00621
18	0.00916	0.00785	0.00785	0.00785	0.01047	0.00655	0.00589	0.01113	0.01767	0.02095	0.07855	0.07462	0.67599	0.01964	0.00916	0.00262	0.00393	0.01636	0.00720	0.00655
19	0.01830	0.02092	0.04575	0.03268	0.04052	0.01961	0.65098	0.02484	0.01830	0.02484	0.01569	0.02092	0.01176	0.00654	0.00915	0.00261	0.01307	0.00915	0.00392	0.01046
20	0.00945	0.00675	0.00900	0.01080	0.01125	0.00630	0.00720	0.01080	0.01484	0.01979	0.04274	0.72245	0.05128	0.02429	0.00990	0.00315	0.00450	0.02204	0.00720	0.00630
21	0.01555	0.04011	0.68733	0.02210	0.03356	0.01801	0.02865	0.02455	0.01637	0.02455	0.01391	0.01637	0.00982	0.00737	0.00737	0.00246	0.01146	0.00573	0.00327	0.01146
22	0.01899	0.01821	0.03110	0.07735	0.65098	0.01837	0.02369	0.02362	0.01756	0.02508	0.01455	0.01926	0.01219	0.00695	0.00768	0.00232	0.00926	0.00691	0.00382	0.01212
23	0.01682	0.01501	0.01815	0.01431	0.01914	0.01501	0.01155	0.02287	0.12146	0.02486	0.01583	0.01840	0.01317	0.00840	0.01081	0.00193	0.17505	0.00580	0.00485	0.46658
24	0.03479	0.01320	0.01799	0.01380	0.01979	0.01140	0.01140	0.03779	0.02219	0.68451	0.03059	0.02639	0.01919	0.00960	0.00780	0.00240	0.00660	0.00780	0.00960	0.01320
25	0.01929	0.01666	0.01753	0.01578	0.02016	0.01929	0.01227	0.04120	0.66513	0.03243	0.03156	0.02893	0.02367	0.01052	0.00789	0.00263	0.00614	0.00877	0.00789	0.01227
26	0.01555	0.04011	0.68733	0.02210	0.03356	0.01801	0.02865	0.02455	0.01637	0.02455	0.01391	0.01637	0.00982	0.00737	0.00737	0.00246	0.01146	0.00573	0.00327	0.01146
27	0.01555	0.04011	0.68733	0.02210	0.03356	0.01801	0.02865	0.02455	0.01637	0.02455	0.01391	0.01637	0.00982	0.00737	0.00737	0.00246	0.01146	0.00573	0.00327	0.01146
28	0.74840	0.01530	0.01193	0.01054	0.01540	0.01769	0.00868	0.05117	0.01424	0.03542	0.01115	0.01287	0.00861	0.00729	0.00493	0.00240	0.00611	0.00432	0.00493	0.00861
29	0.78228	0.01499	0.01140	0.01020	0.01499	0.01739	0.00840	0.02279	0.01320	0.03479	0.01080	0.01260	0.00840	0.00720	0.00480	0.00240	0.00600	0.00420	0.00480	0.00840
30	0.01078	0.00792	0.01009	0.00955	0.01146	0.00723	0.00716	0.01425	0.02148	0.02999	0.61038	0.05973	0.13851	0.01626	0.00915	0.00246	0.00369	0.01428	0.00839	0.00723
31	0.02129	0.01765	0.01866	0.01618	0.02092	0.02022	0.01276	0.16141	0.54166	0.03566	0.02902	0.02690	0.02161	0.01028	0.00786	0.00257	0.00661	0.00842	0.00786	0.01245
32	0.02120	0.01630	0.01837	0.01384	0.02024	0.01517	0.01119	0.20362	0.08505	0.06725	0.01776	0.01859	0.01355	0.00743	0.00663	0.00169	0.00662	0.00585	0.00608	0.44356
33	0.02978	0.02123	0.02297	0.01761	0.02380	0.02333	0.01455	0.61827	0.03564	0.08503	0.01930	0.01906	0.01353	0.00932	0.00776	0.00233	0.00842	0.00703	0.00786	0.01319
34	0.01097	0.00793	0.01036	0.00975	0.01158	0.00732	0.00732	0.01463	0.02195	0.03109	0.67505	0.05792	0.07316	0.01585	0.00914	0.00244	0.00366	0.01402	0.00854	0.00732
35	0.01108	0.00831	0.01246	0.01246	0.01385	0.00969	0.00969	0.01385	0.01246	0.01800	0.02077	0.03046	0.01938	0.05815	0.69678	0.01246	0.02077	0.00831	0.00415	0.00692
36	0.02947	0.02172	0.02327	0.01784	0.02404	0.02404	0.01474	0.65329	0.03646	0.04887	0.01862	0.01862	0.01319	0.00931	0.00776	0.00233	0.00853	0.00698	0.00776	0.01319
37	0.01477	0.01396	0.02328	0.66970	0.05152	0.01760	0.02127	0.01975	0.01530	0.01975	0.01358	0.02046	0.01033	0.00808	0.00876	0.00263	0.05033	0.00688	0.00344	0.00861
38	0.01919	0.01842	0.03147	0.04759	0.67914	0.01842	0.02380	0.02380	0.01765	0.02533	0.01458	0.01919	0.01228	0.00691	0.00768	0.00230	0.00921	0.00691	0.00384	0.01228
39	0.01579	0.07228	0.65727	0.02169	0.03292	0.01860	0.02793	0.02449	0.01634	0.02426	0.01377	0.01619	0.00983	0.00733	0.00726	0.00242	0.01131	0.00566	0.00328	0.01139
40	0.01608	0.01378	0.01608	0.01148	0.01837	0.01034	0.00919	0.01952	0.01608	0.02527	0.01378	0.01608	0.01148	0.00574	0.00574	0.00115	0.00574	0.00459	0.00459	0.77491
41	0.04760	0.00975	0.01101	0.01030	0.01238	0.04329	0.00776	0.01585	0.02154	0.03064	0.61014	0.05356	0.06691	0.01505	0.00883	0.00241	0.00430	0.01310	0.00813	0.00745
42	0.01711	0.01739	0.02613	0.02169	0.02254	0.02330	0.08570	0.01933	0.01257	0.01933	0.01078	0.01739	0.01035	0.01281	0.02368	0.00331	0.63740	0.00704	0.00345	0.00870
43	0.00958	0.00684	0.00915	0.01095	0.01145	0.00641	0.00742	0.01102	0.01497	0.01994	0.04266	0.69529	0.05100	0.02417	0.00993	0.00317	0.00461	0.04792	0.00720	0.00633
44	0.02104	0.01834	0.01847	0.01625	0.02084	0.05536	0.01272	0.11583	0.55422	0.03375	0.02894	0.02688	0.02166	0.01024	0.00783	0.00256	0.00684	0.00835	0.00767	0.01221
45	0.01555	0.04011	0.68733	0.02210	0.03356	0.01801	0.02865	0.02455	0.01637	0.02455	0.01391	0.01637	0.00982	0.00737	0.00737	0.00246	0.01146	0.00573	0.00327	0.01146
46	0.01507	0.01422	0.02403	0.64671	0.11223	0.01734	0.02175	0.02019	0.01571	0.02033	0.01386	0.02053	0.01052	0.00767	0.00774	0.00256	0.01023	0.00689	0.00348	0.00896
47	0.01555	0.04011	0.68733	0.02210	0.03356	0.01801	0.02865	0.02455	0.01637	0.02455	0.01391	0.01637	0.00982	0.00737	0.00737	0.00246	0.01146	0.00573	0.00327	0.01146
48	0.01808	0.01729	0.02946	0.20928	0.52614	0.01813	0.02324	0.02282	0.01713	0.02398	0.01439	0.01955	0.01181	0.00711	0.00769	0.00237	0.00949	0.00690	0.00374	0.01138
49	0.01830	0.02092	0.04575	0.03268	0.04052	0.01961	0.65098	0.02484	0.01830	0.02484	0.01569	0.02092	0.01176	0.00654	0.00915	0.00261	0.01307	0.00915	0.00392	0.01046
50	0.01919	0.01842	0.03147	0.04759	0.67914	0.01842	0.02380	0.02380	0.01765	0.02533	0.01458	0.01919	0.01228	0.00691	0.00768	0.00230	0.00921	0.00691	0.00384	0.01228
51	0.00945	0.00675	0.00900	0.01080	0.01125	0.00630	0.00720	0.01080	0.01484	0.01979	0.04274	0.72245	0.05128	0.02429	0.00990	0.00315	0.00450	0.02204	0.00720	0.00630
52	0.01830	0.02092	0.04575	0.03268	0.04052	0.01961	0.65098	0.02484	0.01830	0.02484	0.01569	0.02092	0.01176	0.00654	0.00915	0.00261	0.01307	0.00915	0.00392	0.01046
53	0.01091	0.00787	0.01030	0.00980	0.01157	0.00727	0.00731	0.01446	0.02163	0.03058	0.64652	0.08790	0.07217	0.01623	0.00918	0.00247	0.00370	0.01438	0.00847	0.00727
54	0.01347	0.00673	0.01010	0.01010	0.01010	0.00673	0.00673	0.01010	0.01010	0.01347	0.01347	0.02357	0.01347	0.02694	0.03030	0.77441	0.00673	0.00673	0.00337	0.00337
55	0.02947	0.02172	0.02327	0.01784	0.02404	0.02404	0.01474	0.65329	0.03646	0.04887	0.01862	0.01862	0.01319	0.00931	0.00776	0.00233	0.00853	0.00698	0.00776	0.01319
56	0.01552	0.01549	0.02864	0.54713	0.05032	0.01780	0.17209	0.02101	0.01617	0.02101	0.01424	0.02073	0.01068	0.00746	0.00809	0.00259	0.01099	0.00743	0.00356	0.00905
