[name]
unknown

[dist]
# distance from previous block
# <min> <max>
0	23

[block]
# block no. 0 follows, 31 sequences, length 6
# corresponding to MSA columns:
# 23-28
name=unknown_A
#
# <colnr> <probs for GDERKNQSTAVLIFYWHMCP>
#	G	D	E	R	K	N	Q	S	T	A	V	L	I	F	Y	W	H	M	C	P
0	0.01102	0.00787	0.01102	0.01260	0.01417	0.00787	0.01102	0.01417	0.01575	0.02047	0.03622	0.07717	0.03937	0.01890	0.00945	0.00315	0.00630	0.67084	0.00630	0.00630
1	0.80789	0.01323	0.01006	0.00900	0.01323	0.01535	0.00741	0.02011	0.01164	0.03070	0.00953	0.01111	0.00741	0.00635	0.00423	0.00212	0.00529	0.00370	0.00423	0.00741
2	0.02556	0.03261	0.01939	0.01763	0.02115	0.73210	0.01322	0.02732	0.01939	0.01674	0.01058	0.01234	0.00881	0.00705	0.00617	0.00176	0.01234	0.00441	0.00353	0.00793
3	0.02738	0.01697	0.01917	0.01470	0.02012	0.01796	0.01214	0.50124	0.02849	0.24114	0.01951	0.01843	0.01318	0.00829	0.00685	0.00207	0.00703	0.00637	0.00732	0.01164
4	0.05769	0.02127	0.08382	0.02430	0.03038	0.11847	0.44067	0.05619	0.01674	0.02237	0.01291	0.01663	0.00987	0.00650	0.00824	0.00224	0.05217	0.00690	0.00361	0.00904
5	0.02477	0.01843	0.01987	0.01515	0.02069	0.01995	0.01249	0.62330	0.03029	0.04094	0.01598	0.01619	0.01148	0.00788	0.00666	0.00194	0.00727	0.00594	0.00655	0.09422

[dist]
# distance from previous block
# <min> <max>
1	4

[block]
# block no. 1 follows, 31 sequences, length 107
# corresponding to MSA columns:
# 33-139
name=unknown_B
#
# <colnr> <probs for GDERKNQSTAVLIFYWHMCP>
#	G	D	E	R	K	N	Q	S	T	A	V	L	I	F	Y	W	H	M	C	P
0	0.02191	0.01444	0.01633	0.01477	0.06008	0.05977	0.01099	0.09370	0.23467	0.25176	0.10213	0.02514	0.02199	0.00899	0.00693	0.00212	0.00610	0.00741	0.00697	0.03380
1	0.02177	0.39466	0.02747	0.01444	0.01907	0.31986	0.01239	0.02378	0.01632	0.04953	0.01076	0.01228	0.00918	0.00671	0.00595	0.00168	0.03800	0.00421	0.00344	0.00851
2	0.01533	0.01268	0.01523	0.01129	0.01662	0.01089	0.00913	0.03945	0.01456	0.05113	0.01255	0.01472	0.01033	0.00610	0.00718	0.00132	0.08977	0.00446	0.00420	0.65306
3	0.01292	0.01216	0.02052	0.74312	0.04712	0.01520	0.01900	0.01748	0.01368	0.01748	0.01216	0.01824	0.00912	0.00684	0.00684	0.00228	0.00912	0.00608	0.00304	0.00760
4	0.00985	0.00666	0.00780	0.00788	0.00801	0.00675	0.00465	0.01013	0.01020	0.01371	0.02205	0.07790	0.02517	0.65937	0.09667	0.00684	0.00756	0.01018	0.00421	0.00439
5	0.01971	0.04309	0.01460	0.01191	0.01560	0.03293	0.00950	0.02705	0.21269	0.26353	0.14483	0.07573	0.04905	0.01098	0.00724	0.00223	0.00536	0.03724	0.00722	0.00953
6	0.02289	0.01698	0.01844	0.01463	0.01941	0.01851	0.01185	0.55413	0.05039	0.03839	0.01940	0.11369	0.01628	0.00985	0.00702	0.00211	0.00689	0.00787	0.00666	0.04459
7	0.02999	0.01222	0.01616	0.01245	0.01772	0.01098	0.01027	0.07591	0.04060	0.65756	0.02634	0.02291	0.01671	0.00848	0.00688	0.00212	0.00592	0.00686	0.00832	0.01162
8	0.02193	0.01586	0.01861	0.01752	0.11030	0.01698	0.01250	0.34939	0.14010	0.10683	0.02360	0.02315	0.07291	0.00890	0.00691	0.00211	0.00661	0.00719	0.02783	0.01076
9	0.01292	0.01216	0.02052	0.74312	0.04712	0.01520	0.01900	0.01748	0.01368	0.01748	0.01216	0.01824	0.00912	0.00684	0.00684	0.00228	0.00912	0.00608	0.00304	0.00760
10	0.03020	0.01244	0.01637	0.01255	0.01786	0.01124	0.01037	0.10370	0.02092	0.64938	0.02587	0.02256	0.01637	0.00844	0.00688	0.00211	0.00600	0.00680	0.00829	0.01164
11	0.00995	0.00663	0.00746	0.00746	0.00746	0.00663	0.00415	0.00995	0.00995	0.01327	0.02156	0.04477	0.02487	0.75957	0.03482	0.00663	0.00663	0.00995	0.00415	0.00415
12	0.01886	0.01494	0.01601	0.01399	0.01812	0.01697	0.01100	0.10312	0.58978	0.07693	0.02662	0.02445	0.01968	0.00912	0.00694	0.00228	0.00566	0.00752	0.00705	0.01097
13	0.01531	0.01998	0.15510	0.02357	0.05802	0.01571	0.37714	0.02063	0.01511	0.02163	0.01291	0.01667	0.00996	0.00616	0.00806	0.00207	0.05492	0.00658	0.00344	0.15704
14	0.01660	0.01611	0.02394	0.10279	0.41646	0.04650	0.01813	0.02235	0.11093	0.02160	0.01419	0.01777	0.01170	0.00756	0.00920	0.00223	0.12202	0.00624	0.00380	0.00988
15	0.05098	0.02824	0.48254	0.02427	0.20089	0.01561	0.02259	0.02098	0.01444	0.02198	0.01258	0.01550	0.00955	0.00850	0.04057	0.00255	0.00978	0.00536	0.00311	0.00998
16	0.00834	0.00595	0.00794	0.00953	0.00992	0.00556	0.00635	0.00953	0.01310	0.01746	0.03771	0.75510	0.04525	0.02143	0.00873	0.00278	0.00397	0.01945	0.00635	0.00556
17	0.05185	0.23536	0.41155	0.01804	0.02628	0.01916	0.10620	0.02130	0.01438	0.02056	0.01158	0.01384	0.00886	0.00622	0.00601	0.00199	0.00929	0.00499	0.00303	0.00950
18	0.01820	0.65101	0.06588	0.01255	0.01814	0.02559	0.01253	0.02062	0.01384	0.03736	0.01012	0.01180	0.00903	0.00642	0.00593	0.00163	0.06343	0.00399	0.00309	0.00883
19	0.00834	0.00595	0.00794	0.00953	0.00992	0.00556	0.00635	0.00953	0.01310	0.01746	0.03771	0.75510	0.04525	0.02143	0.00873	0.00278	0.00397	0.01945	0.00635	0.00556
20	0.01623	0.01699	0.07817	0.17495	0.51200	0.01620	0.02065	0.04362	0.01570	0.02208	0.01281	0.01698	0.01037	0.00634	0.00677	0.00209	0.00845	0.00602	0.00340	0.01018
21	0.02563	0.01914	0.02129	0.01624	0.02177	0.02107	0.03889	0.66845	0.03156	0.04231	0.01633	0.01650	0.01159	0.00812	0.00689	0.00206	0.00768	0.00623	0.00671	0.01154
22	0.00888	0.00665	0.00956	0.01048	0.01122	0.00625	0.03812	0.01033	0.01324	0.01765	0.03592	0.66257	0.04259	0.04873	0.00973	0.00292	0.00453	0.04880	0.00613	0.00571
23	0.01047	0.00723	0.00820	0.00798	0.00820	0.00742	0.00474	0.02853	0.01074	0.01433	0.02254	0.04378	0.04570	0.69381	0.03286	0.00627	0.02858	0.00987	0.00425	0.00450
24	0.01862	0.16561	0.07204	0.01386	0.03746	0.09670	0.04302	0.02147	0.01658	0.17707	0.12437	0.11086	0.02415	0.03892	0.00781	0.00221	0.00695	0.00830	0.00543	0.00859
25	0.02530	0.01889	0.02056	0.01588	0.02101	0.02120	0.01313	0.65042	0.03077	0.04140	0.01595	0.01633	0.01146	0.00846	0.00785	0.00211	0.05517	0.00615	0.00660	0.01137
26	0.00834	0.00595	0.00794	0.00953	0.00992	0.00556	0.00635	0.00953	0.01310	0.01746	0.03771	0.75510	0.04525	0.02143	0.00873	0.00278	0.00397	0.01945	0.00635	0.00556
27	0.02992	0.01167	0.01580	0.01208	0.01741	0.01001	0.00996	0.03258	0.01933	0.68877	0.02629	0.02286	0.01662	0.00831	0.00679	0.00207	0.00579	0.00675	0.00826	0.04874
28	0.02829	0.01397	0.01713	0.01330	0.01853	0.01371	0.01093	0.21646	0.07833	0.47792	0.02414	0.02157	0.01579	0.00846	0.00688	0.00212	0.00626	0.00675	0.00790	0.01157
29	0.01651	0.01865	0.03844	0.02986	0.10588	0.03853	0.60226	0.02198	0.01619	0.02181	0.01364	0.01811	0.01038	0.00584	0.00788	0.00226	0.01121	0.00776	0.00345	0.00936
30	0.02601	0.01916	0.02053	0.01574	0.02122	0.02122	0.01300	0.69408	0.03217	0.04312	0.01643	0.01643	0.01163	0.00821	0.00684	0.00205	0.00753	0.00616	0.00684	0.01163
31	0.01686	0.02042	0.06851	0.02620	0.03247	0.09988	0.54096	0.02200	0.01618	0.02100	0.01392	0.03869	0.01108	0.00660	0.00825	0.00227	0.03445	0.00777	0.00351	0.00896
32	0.02407	0.01861	0.01942	0.01529	0.02046	0.04352	0.01247	0.53851	0.14078	0.03907	0.01793	0.01769	0.01299	0.00823	0.00677	0.00205	0.00725	0.00628	0.00665	0.04198
33	0.02374	0.14471	0.04442	0.01766	0.04738	0.55809	0.01366	0.04020	0.01851	0.01758	0.01068	0.01246	0.00894	0.00684	0.00594	0.00175	0.01123	0.00441	0.00348	0.00832
34	0.46378	0.18490	0.01740	0.04462	0.01650	0.01717	0.00937	0.02221	0.01354	0.13857	0.01247	0.01339	0.00935	0.00660	0.00482	0.00197	0.00602	0.00432	0.00456	0.00842
35	0.01687	0.04698	0.05100	0.07588	0.20443	0.09989	0.26064	0.03901	0.01623	0.02115	0.01465	0.07061	0.01269	0.00729	0.00717	0.00212	0.00954	0.00740	0.00370	0.03274
36	0.01135	0.00852	0.01161	0.01106	0.01216	0.01005	0.00849	0.04079	0.01195	0.01754	0.01799	0.02762	0.01713	0.14781	0.44879	0.00819	0.10032	0.00743	0.07497	0.00623
37	0.00924	0.00734	0.00835	0.00803	0.01010	0.00663	0.00604	0.01251	0.05100	0.02301	0.35745	0.05723	0.38751	0.01543	0.00802	0.00224	0.00345	0.01318	0.00691	0.00633
38	0.02601	0.01916	0.02053	0.01574	0.02122	0.02122	0.01300	0.69408	0.03217	0.04312	0.01643	0.01643	0.01163	0.00821	0.00684	0.00205	0.00753	0.00616	0.00684	0.01163
39	0.01424	0.01153	0.01371	0.01085	0.01545	0.01004	0.00853	0.09651	0.01575	0.02327	0.01676	0.10957	0.01572	0.01406	0.10889	0.00278	0.00710	0.00671	0.00462	0.49391
40	0.02276	0.05451	0.01969	0.01438	0.01984	0.04922	0.01184	0.46242	0.05861	0.03570	0.01550	0.01595	0.01150	0.00745	0.00633	0.00181	0.00712	0.00560	0.00594	0.17382
41	0.01018	0.00710	0.00913	0.00856	0.01025	0.00652	0.00638	0.01317	0.01876	0.04560	0.62691	0.05096	0.10074	0.04474	0.00914	0.00234	0.00345	0.01224	0.00735	0.00646
42	0.00987	0.00660	0.00748	0.00756	0.00758	0.00658	0.00425	0.00993	0.01009	0.01346	0.02230	0.07746	0.02581	0.72560	0.03362	0.00646	0.00651	0.01039	0.00425	0.00421
43	0.01648	0.01753	0.03505	0.03439	0.32347	0.01686	0.40858	0.02153	0.01591	0.02210	0.01343	0.01781	0.01057	0.00591	0.00752	0.00219	0.01010	0.00724	0.00343	0.00991
44	0.05909	0.01618	0.11056	0.04471	0.05259	0.03421	0.01282	0.11146	0.04301	0.31244	0.06451	0.04247	0.04742	0.00893	0.00685	0.00214	0.00671	0.00726	0.00646	0.01018
45	0.00978	0.00730	0.01083	0.01083	0.01200	0.00846	0.00835	0.01211	0.01095	0.01576	0.01847	0.02770	0.01746	0.08398	0.70027	0.01079	0.01779	0.00745	0.00369	0.00602
46	0.01027	0.00727	0.00815	0.00800	0.00874	0.00719	0.00504	0.04150	0.01217	0.01588	0.03047	0.07681	0.14907	0.52629	0.06037	0.00568	0.00654	0.01087	0.00474	0.00494
47	0.69266	0.01351	0.01235	0.04096	0.08965	0.01544	0.00931	0.02010	0.01214	0.02929	0.00998	0.01201	0.00784	0.00634	0.00461	0.00211	0.00574	0.00405	0.00410	0.00778
48	0.00877	0.00664	0.00849	0.00931	0.01019	0.00636	0.00653	0.01036	0.01433	0.01907	0.14195	0.50788	0.15550	0.01927	0.00909	0.00262	0.03442	0.01703	0.00639	0.00581
49	0.01723	0.05506	0.11428	0.11667	0.15639	0.04494	0.01670	0.13440	0.01693	0.02358	0.01263	0.01605	0.01015	0.00785	0.00962	0.00218	0.15726	0.00568	0.03654	0.04585
50	0.74313	0.04442	0.01155	0.00939	0.01374	0.01607	0.00782	0.04789	0.01258	0.03060	0.00981	0.01133	0.00764	0.00641	0.00435	0.00209	0.00547	0.00380	0.00429	0.00764
51	0.01628	0.01232	0.01435	0.01071	0.01616	0.01032	0.00860	0.09503	0.01658	0.07734	0.01694	0.01835	0.04379	0.00823	0.03550	0.00170	0.00582	0.00519	0.02685	0.55991
52	0.00909	0.00652	0.00849	0.00971	0.01037	0.00621	0.00661	0.03583	0.01421	0.01905	0.07784	0.68428	0.04514	0.02048	0.00862	0.00271	0.00406	0.01851	0.00644	0.00584
53	0.77465	0.01316	0.01030	0.00913	0.01341	0.01512	0.00752	0.02068	0.01198	0.06025	0.01027	0.01163	0.00782	0.00644	0.00435	0.00212	0.00531	0.00384	0.00441	0.00759
54	0.01614	0.36488	0.39187	0.01592	0.02391	0.04208	0.01878	0.02130	0.01434	0.01900	0.01098	0.01281	0.00872	0.00622	0.00554	0.00184	0.00891	0.00440	0.00292	0.00944
55	0.01332	0.01237	0.02052	0.72105	0.04633	0.01538	0.01882	0.03801	0.01424	0.01826	0.01229	0.01818	0.00920	0.00688	0.00684	0.00227	0.00907	0.00608	0.00316	0.00772
56	0.00997	0.00723	0.00974	0.01108	0.01239	0.00699	0.00902	0.01247	0.01519	0.01982	0.07260	0.26024	0.10031	0.01922	0.00907	0.00293	0.00527	0.40404	0.00638	0.00606
57	0.00994	0.00666	0.00762	0.00762	0.00768	0.00672	0.00435	0.01005	0.01000	0.01339	0.02141	0.04395	0.02452	0.72697	0.06693	0.00683	0.00717	0.00983	0.00412	0.00424
58	0.01863	0.61965	0.07350	0.01281	0.01853	0.10548	0.01259	0.02112	0.01448	0.01649	0.01002	0.01173	0.00899	0.00717	0.02309	0.00178	0.00832	0.00392	0.00301	0.00869
59	0.00876	0.00626	0.00841	0.00993	0.01054	0.00591	0.00702	0.01029	0.01367	0.01820	0.05873	0.63684	0.04502	0.02084	0.00881	0.00281	0.00428	0.11160	0.00638	0.00569
60	0.01087	0.00731	0.00945	0.00886	0.01075	0.00668	0.00677	0.01393	0.01889	0.06811	0.58556	0.05190	0.11621	0.01417	0.00806	0.00221	0.00355	0.04260	0.00743	0.00670
61	0.01765	0.01488	0.01568	0.01384	0.01782	0.01702	0.01084	0.10884	0.60094	0.02982	0.02828	0.02617	0.04840	0.00949	0.00699	0.00229	0.00557	0.00783	0.00692	0.01071
62	0.01615	0.01845	0.04037	0.02884	0.03576	0.01730	0.69204	0.02191	0.01615	0.02191	0.01384	0.01845	0.01038	0.00577	0.00807	0.00231	0.01153	0.00807	0.00346	0.00923
63	0.06426	0.01960	0.11316	0.05122	0.33820	0.07102	0.08785	0.02079	0.01470	0.02124	0.01190	0.01582	0.00982	0.00713	0.00910	0.00222	0.12323	0.00588	0.00332	0.00954
64	0.01292	0.01216	0.02052	0.74312	0.04712	0.01520	0.01900	0.01748	0.01368	0.01748	0.01216	0.01824	0.00912	0.00684	0.00684	0.00228	0.00912	0.00608	0.00304	0.00760
65	0.01671	0.01627	0.02652	0.10742	0.60035	0.03702	0.02030	0.02063	0.01527	0.02145	0.01256	0.01683	0.01053	0.00647	0.00749	0.00209	0.04243	0.00604	0.00334	0.01029
66	0.01829	0.76368	0.03585	0.01171	0.01756	0.02707	0.01171	0.02049	0.01390	0.01610	0.00951	0.01097	0.00878	0.00585	0.00439	0.00146	0.00732	0.00366	0.00293	0.00878
67	0.09242	0.18519	0.06588	0.02180	0.04891	0.01963	0.34141	0.02074	0.01445	0.02081	0.01178	0.01543	0.00951	0.00662	0.00846	0.00217	0.09642	0.00621	0.00333	0.00884
68	0.01614	0.01557	0.02694	0.17404	0.56108	0.01610	0.04932	0.02037	0.01524	0.02141	0.01278	0.01724	0.01049	0.00622	0.00684	0.00209	0.00846	0.00618	0.00332	0.01016
69	0.00856	0.00617	0.00816	0.00967	0.01026	0.00577	0.00671	0.00995	0.01345	0.01778	0.03912	0.66173	0.07745	0.02101	0.00876	0.00279	0.00415	0.07652	0.00635	0.00563
70	0.04123	0.01503	0.01510	0.01363	0.01743	0.04421	0.01058	0.03441	0.62836	0.02780	0.02832	0.02623	0.04856	0.00944	0.00689	0.00229	0.00560	0.00776	0.00672	0.01040
71	0.00991	0.00678	0.00819	0.00819	0.00844	0.00703	0.00505	0.01041	0.01016	0.01380	0.02089	0.04111	0.02328	0.61454	0.17767	0.00753	0.00903	0.00941	0.00405	0.00455
72	0.01377	0.03455	0.69512	0.01944	0.02913	0.01610	0.02485	0.02145	0.01428	0.02145	0.01214	0.01447	0.00868	0.00673	0.00716	0.00220	0.04050	0.00509	0.00289	0.01000
73	0.01829	0.76368	0.03585	0.01171	0.01756	0.02707	0.01171	0.02049	0.01390	0.01610	0.00951	0.01097	0.00878	0.00585	0.00439	0.00146	0.00732	0.00366	0.00293	0.00878
74	0.00834	0.00595	0.00794	0.00953	0.00992	0.00556	0.00635	0.00953	0.01310	0.01746	0.03771	0.75510	0.04525	0.02143	0.00873	0.00278	0.00397	0.01945	0.00635	0.00556
75	0.00968	0.00699	0.00914	0.00861	0.01022	0.00646	0.00646	0.01291	0.01937	0.02743	0.71328	0.05110	0.06455	0.01399	0.00807	0.00215	0.00323	0.01237	0.00753	0.00646
76	0.00866	0.00718	0.00760	0.00746	0.00968	0.00625	0.00560	0.01120	0.03742	0.02045	0.18736	0.06187	0.57249	0.01646	0.00805	0.00228	0.00348	0.01385	0.00659	0.00606
77	0.02911	0.01200	0.01583	0.01237	0.01750	0.01086	0.01014	0.03369	0.09884	0.64143	0.02709	0.02355	0.01739	0.00856	0.00689	0.00214	0.00577	0.00698	0.00829	0.01155
78	0.01693	0.01626	0.02777	0.04199	0.71689	0.01626	0.02100	0.02100	0.01558	0.02235	0.01287	0.01693	0.01084	0.00610	0.00677	0.00203	0.00813	0.00610	0.00339	0.01084
79	0.41590	0.01303	0.01336	0.01088	0.01566	0.01357	0.00898	0.07918	0.01664	0.32503	0.01749	0.01670	0.01179	0.00740	0.00556	0.00211	0.00569	0.00525	0.00624	0.00954
80	0.01562	0.01348	0.01414	0.01283	0.01646	0.01526	0.00995	0.03221	0.59704	0.02704	0.03431	0.03182	0.12905	0.01054	0.00714	0.00232	0.00511	0.00878	0.00687	0.01004
81	0.00978	0.00731	0.01088	0.01088	0.01206	0.00849	0.00841	0.01214	0.01096	0.01580	0.01843	0.02745	0.01735	0.07396	0.71015	0.01086	0.01795	0.00741	0.00368	0.00605
82	0.01360	0.03455	0.70303	0.01918	0.02904	0.01561	0.02472	0.02141	0.01459	0.02184	0.03295	0.01553	0.01031	0.00672	0.00655	0.00217	0.00991	0.00527	0.00303	0.01000
83	0.01693	0.01626	0.02777	0.04199	0.71689	0.01626	0.02100	0.02100	0.01558	0.02235	0.01287	0.01693	0.01084	0.00610	0.00677	0.00203	0.00813	0.00610	0.00339	0.01084
84	0.80789	0.01323	0.01006	0.00900	0.01323	0.01535	0.00741	0.02011	0.01164	0.03070	0.00953	0.01111	0.00741	0.00635	0.00423	0.00212	0.00529	0.00370	0.00423	0.00741
85	0.01824	0.01488	0.01585	0.01398	0.01802	0.01702	0.01095	0.08275	0.62767	0.05929	0.02700	0.02479	0.02006	0.00917	0.00695	0.00229	0.00558	0.00759	0.00702	0.01092
86	0.01891	0.12634	0.02490	0.17362	0.27076	0.23374	0.01692	0.02211	0.01610	0.01878	0.01156	0.01497	0.00958	0.00650	0.00627	0.00192	0.00949	0.00524	0.00329	0.00901
87	0.01875	0.64201	0.08999	0.01261	0.01868	0.05569	0.01280	0.02141	0.01442	0.04603	0.01051	0.01183	0.00911	0.00607	0.00474	0.00156	0.00770	0.00394	0.00318	0.00897
88	0.01497	0.23399	0.53643	0.01737	0.02632	0.01894	0.02158	0.02134	0.01430	0.02015	0.01152	0.01350	0.00870	0.00632	0.00592	0.00197	0.00935	0.00467	0.00290	0.00975
89	0.00823	0.00698	0.00713	0.00721	0.00948	0.00588	0.00548	0.01003	0.01560	0.01858	0.06769	0.06640	0.68110	0.01740	0.00815	0.00235	0.00360	0.04655	0.00635	0.00580
90	0.01634	0.06554	0.59201	0.01810	0.02733	0.01558	0.02249	0.02327	0.01515	0.12067	0.01424	0.01554	0.00984	0.00675	0.00646	0.00213	0.00937	0.00525	0.00368	0.01027
91	0.01401	0.06282	0.66591	0.01963	0.02943	0.01639	0.05551	0.02163	0.01450	0.02146	0.01224	0.01449	0.00875	0.00644	0.00649	0.00215	0.01007	0.00514	0.00292	0.01002
92	0.00994	0.00666	0.00758	0.00758	0.00762	0.00670	0.00429	0.01002	0.00998	0.01335	0.02145	0.04418	0.02462	0.73620	0.05784	0.00678	0.00702	0.00986	0.00413	0.00421
93	0.00820	0.00692	0.00712	0.00725	0.00944	0.00584	0.00545	0.00996	0.01548	0.01850	0.06671	0.09795	0.66002	0.01757	0.00816	0.00236	0.00359	0.03735	0.00635	0.00578
94	0.00981	0.00719	0.01031	0.01031	0.01129	0.00818	0.00770	0.01178	0.01079	0.01537	0.01895	0.03035	0.01861	0.18872	0.59711	0.01015	0.01606	0.00784	0.00376	0.00573
95	0.01512	0.01692	0.05451	0.18216	0.09167	0.01624	0.44512	0.02037	0.01539	0.02081	0.01434	0.04854	0.01153	0.00669	0.00768	0.00229	0.01039	0.00786	0.00347	0.00888
96	0.00955	0.00724	0.00896	0.01003	0.01101	0.00719	0.00693	0.01334	0.11126	0.01909	0.03779	0.61926	0.07322	0.01952	0.00845	0.00269	0.00415	0.01755	0.00644	0.00631
97	0.00870	0.00609	0.00801	0.00927	0.00987	0.00570	0.00629	0.01022	0.01389	0.01900	0.11602	0.63918	0.04623	0.01994	0.00847	0.00265	0.00385	0.01802	0.04290	0.00570
98	0.01865	0.72792	0.03504	0.01200	0.01773	0.06156	0.01178	0.02082	0.01417	0.01613	0.00956	0.01104	0.00878	0.00591	0.00448	0.00148	0.00756	0.00369	0.00296	0.00874
99	0.00958	0.00696	0.00902	0.00857	0.01017	0.00640	0.00640	0.01269	0.01903	0.02678	0.66750	0.07379	0.08871	0.01435	0.00809	0.00218	0.00326	0.01267	0.00745	0.00640
100	0.05284	0.02128	0.01744	0.01489	0.01879	0.25593	0.01151	0.25711	0.14045	0.02806	0.01673	0.01953	0.01357	0.09036	0.00961	0.00251	0.00858	0.00617	0.00536	0.00927
101	0.43224	0.30636	0.02086	0.01060	0.01551	0.04192	0.00950	0.04072	0.01358	0.04355	0.01023	0.01158	0.00837	0.00629	0.00450	0.00185	0.00638	0.00387	0.00389	0.00820
102	0.01954	0.63827	0.03303	0.01272	0.01818	0.14801	0.01197	0.02166	0.01484	0.01621	0.00969	0.01121	0.00879	0.00606	0.00469	0.00151	0.00818	0.00379	0.00303	0.00863
103	0.62838	0.01706	0.05464	0.01109	0.01541	0.10524	0.00953	0.02095	0.01273	0.02780	0.00980	0.01163	0.00773	0.00669	0.00539	0.00211	0.03819	0.00397	0.00401	0.00764
104	0.01214	0.01083	0.01161	0.01237	0.07426	0.06991	0.00821	0.01641	0.09731	0.02205	0.25260	0.04492	0.21831	0.10626	0.01101	0.00273	0.00518	0.01084	0.00602	0.00701
105	0.00952	0.00667	0.00863	0.00895	0.01020	0.00612	0.00640	0.01176	0.01644	0.04006	0.36156	0.34694	0.10665	0.01724	0.00832	0.00243	0.00362	0.01537	0.00697	0.00616
106	0.46167	0.04808	0.01325	0.01079	0.01496	0.01590	0.00878	0.04493	0.20377	0.05813	0.04788	0.01757	0.01433	0.00763	0.00536	0.00214	0.00541	0.00541	0.00533	0.00867

[dist]
# distance from previous block
# <min> <max>
0	6

[block]
# block no. 2 follows, 31 sequences, length 17
# corresponding to MSA columns:
# 146-162
name=unknown_C
#
# <colnr> <probs for GDERKNQSTAVLIFYWHMCP>
#	G	D	E	R	K	N	Q	S	T	A	V	L	I	F	Y	W	H	M	C	P
0	0.01285	0.01173	0.01971	0.69211	0.04447	0.01456	0.01809	0.01688	0.01335	0.01709	0.01214	0.01842	0.00931	0.00802	0.00822	0.05777	0.00890	0.00607	0.00304	0.00728
1	0.02587	0.01839	0.01998	0.01529	0.02077	0.02001	0.01262	0.62405	0.03064	0.08759	0.01697	0.01680	0.01193	0.00811	0.00678	0.00202	0.00732	0.00613	0.00685	0.04190
2	0.01829	0.76368	0.03585	0.01171	0.01756	0.02707	0.01171	0.02049	0.01390	0.01610	0.00951	0.01097	0.00878	0.00585	0.00439	0.00146	0.00732	0.00366	0.00293	0.00878
3	0.00834	0.00595	0.00794	0.00953	0.00992	0.00556	0.00635	0.00953	0.01310	0.01746	0.03771	0.75510	0.04525	0.02143	0.00873	0.00278	0.00397	0.01945	0.00635	0.00556
4	0.01429	0.06929	0.60690	0.02114	0.07640	0.01654	0.05885	0.02157	0.01458	0.02145	0.01226	0.01465	0.00891	0.00640	0.00650	0.00213	0.00991	0.00521	0.00295	0.01005
5	0.05198	0.01445	0.01650	0.01310	0.01777	0.01496	0.01066	0.33440	0.04574	0.25018	0.05583	0.05608	0.04420	0.00947	0.00690	0.00212	0.00620	0.00756	0.03132	0.01056
6	0.00970	0.00698	0.00906	0.00855	0.01009	0.00646	0.00634	0.01277	0.01892	0.02676	0.68020	0.05080	0.06266	0.04964	0.00935	0.00237	0.00339	0.01226	0.00737	0.00634
7	0.00923	0.00693	0.00928	0.01037	0.01106	0.00698	0.00756	0.01087	0.01377	0.01846	0.07644	0.53907	0.06991	0.01984	0.00969	0.00279	0.05383	0.11187	0.00619	0.00585
8	0.01460	0.01213	0.01211	0.01106	0.01394	0.07967	0.00861	0.06748	0.15426	0.06101	0.21986	0.04384	0.20449	0.01286	0.00762	0.00224	0.00524	0.05442	0.00666	0.00792
9	0.02268	0.01473	0.09234	0.01291	0.01769	0.04659	0.01150	0.05823	0.05472	0.37442	0.14433	0.03001	0.02538	0.00987	0.00718	0.00219	0.00625	0.05183	0.00715	0.00999
10	0.00938	0.00719	0.00878	0.00933	0.01114	0.00659	0.00748	0.01182	0.01614	0.02067	0.16924	0.11499	0.32374	0.01756	0.00859	0.00260	0.00442	0.23772	0.00654	0.00606
11	0.00925	0.00634	0.00767	0.00835	0.00853	0.00617	0.00510	0.00977	0.01131	0.01508	0.02854	0.35190	0.03368	0.44042	0.02354	0.00497	0.00548	0.01406	0.00510	0.00476
12	0.04032	0.27471	0.12343	0.09365	0.16561	0.15633	0.01637	0.02174	0.01528	0.01881	0.01105	0.01366	0.00919	0.00633	0.00575	0.00183	0.00895	0.00474	0.00318	0.00906
13	0.02095	0.11396	0.02018	0.01511	0.01885	0.26271	0.01215	0.17687	0.08289	0.02373	0.01592	0.01773	0.03377	0.01271	0.08345	0.00292	0.06687	0.00577	0.00459	0.00886
14	0.00862	0.00685	0.00773	0.00772	0.00962	0.00597	0.00571	0.01077	0.01654	0.02122	0.27009	0.12938	0.44224	0.01668	0.00814	0.00231	0.00344	0.01428	0.00673	0.00597
15	0.01281	0.00893	0.01000	0.00928	0.01037	0.00928	0.00609	0.14001	0.01455	0.01945	0.02252	0.12455	0.02480	0.52817	0.02637	0.00530	0.00648	0.01037	0.00492	0.00574
16	0.02064	0.01634	0.01930	0.05019	0.04504	0.03913	0.04590	0.37355	0.02357	0.03255	0.01601	0.03540	0.01251	0.00834	0.00802	0.00204	0.07679	0.00638	0.10050	0.06779

[dist]
# distance from previous block
# <min> <max>
7	13

[block]
# block no. 3 follows, 31 sequences, length 13
# corresponding to MSA columns:
# 176-188
name=unknown_D
#
# <colnr> <probs for GDERKNQSTAVLIFYWHMCP>
#	G	D	E	R	K	N	Q	S	T	A	V	L	I	F	Y	W	H	M	C	P
0	0.01352	0.07323	0.01279	0.01016	0.01314	0.01040	0.00832	0.06292	0.07623	0.08001	0.14155	0.05065	0.28218	0.01410	0.00772	0.00232	0.00487	0.12187	0.00648	0.00753
1	0.01019	0.00705	0.00877	0.00879	0.01051	0.00635	0.00655	0.01254	0.01681	0.06043	0.32295	0.21205	0.22376	0.01647	0.00823	0.00238	0.00376	0.04911	0.00695	0.00635
2	0.06088	0.33862	0.09321	0.01664	0.04930	0.13515	0.06939	0.06396	0.01582	0.01996	0.01082	0.01306	0.00911	0.00680	0.00695	0.00187	0.07146	0.00472	0.00340	0.00889
3	0.01298	0.00867	0.00996	0.00897	0.01173	0.00800	0.00693	0.05506	0.05335	0.11411	0.24495	0.05112	0.35945	0.01427	0.00779	0.00222	0.00404	0.01204	0.00703	0.00733
4	0.00968	0.00657	0.00750	0.00768	0.00782	0.00647	0.00445	0.00989	0.01055	0.01398	0.02545	0.12886	0.05613	0.64202	0.03065	0.00600	0.00619	0.01125	0.00450	0.00438
5	0.00842	0.00614	0.00794	0.00919	0.00988	0.00565	0.00624	0.00983	0.01386	0.01838	0.09614	0.62894	0.11334	0.02042	0.00861	0.00268	0.00386	0.01837	0.00645	0.00565
6	0.02272	0.11728	0.02237	0.07891	0.09773	0.51141	0.01435	0.02501	0.01785	0.01733	0.01082	0.01315	0.00905	0.00679	0.00607	0.00180	0.01102	0.00463	0.00340	0.00832
7	0.03030	0.01228	0.01627	0.01248	0.01778	0.01100	0.01031	0.08944	0.02065	0.66402	0.02609	0.02270	0.01649	0.00845	0.00688	0.00211	0.00597	0.00682	0.00833	0.01164
8	0.03070	0.01164	0.01588	0.01217	0.01746	0.01006	0.01006	0.03334	0.01958	0.72163	0.02699	0.02329	0.01694	0.00847	0.00688	0.00212	0.00582	0.00688	0.00847	0.01164
9	0.02085	0.02198	0.01875	0.04503	0.08829	0.29129	0.01321	0.08315	0.29602	0.02421	0.01828	0.01864	0.01411	0.00794	0.00663	0.00206	0.00864	0.00611	0.00514	0.00966
10	0.01080	0.00737	0.00840	0.00830	0.00872	0.00746	0.00504	0.05547	0.01187	0.01584	0.02345	0.14127	0.02681	0.60726	0.02934	0.00579	0.00632	0.01101	0.00463	0.00484
11	0.02374	0.01756	0.01890	0.01506	0.02008	0.01951	0.01226	0.47949	0.21817	0.07200	0.02011	0.01928	0.01446	0.00852	0.00688	0.00213	0.00686	0.00663	0.00696	0.01141
12	0.01585	0.01798	0.13879	0.02766	0.35049	0.01512	0.01771	0.06663	0.11189	0.02416	0.03646	0.06195	0.03579	0.00869	0.00706	0.00220	0.00748	0.03953	0.00451	0.01002

[dist]
# distance from previous block
# <min> <max>
1	8

[block]
# block no. 4 follows, 31 sequences, length 29
# corresponding to MSA columns:
# 197-225
name=unknown_E
#
# <colnr> <probs for GDERKNQSTAVLIFYWHMCP>
#	G	D	E	R	K	N	Q	S	T	A	V	L	I	F	Y	W	H	M	C	P
0	0.16029	0.01433	0.01670	0.05966	0.01946	0.01567	0.04878	0.26764	0.06160	0.08947	0.01719	0.01919	0.01296	0.03057	0.05722	0.00281	0.00749	0.00618	0.08344	0.00935
1	0.01056	0.00760	0.01032	0.01170	0.01315	0.00749	0.00989	0.01329	0.01522	0.01971	0.03776	0.12507	0.08491	0.06056	0.01073	0.00326	0.00595	0.54057	0.00619	0.00609
2	0.02458	0.01830	0.01971	0.01539	0.02056	0.02034	0.01264	0.61008	0.08906	0.04077	0.01748	0.01763	0.01265	0.01004	0.03612	0.00244	0.00778	0.00634	0.00673	0.01134
3	0.00978	0.00660	0.00771	0.00786	0.00797	0.00663	0.00461	0.01003	0.01032	0.01383	0.02297	0.11406	0.02645	0.64676	0.07140	0.00650	0.00703	0.01074	0.00434	0.00440
4	0.01452	0.05730	0.64400	0.01952	0.02917	0.01614	0.05957	0.02200	0.01467	0.04304	0.01272	0.01482	0.00901	0.00650	0.00653	0.00215	0.00996	0.00523	0.00309	0.01007
5	0.01802	0.61410	0.13750	0.01320	0.01956	0.06498	0.01381	0.02105	0.01429	0.01696	0.00998	0.01157	0.00876	0.00602	0.00480	0.00158	0.00801	0.00391	0.00295	0.00893
6	0.00985	0.00659	0.00749	0.00759	0.00762	0.00656	0.00429	0.00992	0.01015	0.01353	0.02258	0.08994	0.02617	0.71263	0.03316	0.00639	0.00646	0.01055	0.00429	0.00424
7	0.01425	0.01367	0.02366	0.50341	0.23949	0.01561	0.05510	0.01873	0.01436	0.01912	0.01245	0.01787	0.00968	0.00657	0.00689	0.00221	0.00896	0.00619	0.00316	0.00862
8	0.02282	0.07071	0.02130	0.08237	0.07942	0.18797	0.01384	0.33678	0.04456	0.03016	0.01443	0.01584	0.01094	0.00751	0.00646	0.00196	0.00865	0.00562	0.02871	0.00997
9	0.01175	0.00599	0.00882	0.00882	0.00882	0.00599	0.00582	0.00898	0.00898	0.01198	0.01253	0.02240	0.01275	0.07293	0.02728	0.74787	0.00599	0.00621	0.00305	0.00305
10	0.01328	0.00707	0.00719	0.00694	0.00864	0.00718	0.00518	0.05144	0.01501	0.02566	0.02196	0.02625	0.01769	0.05578	0.00680	0.00194	0.00364	0.00659	0.70525	0.00651
11	0.06528	0.01469	0.01696	0.01398	0.01802	0.01625	0.01132	0.22041	0.18255	0.20056	0.02165	0.06204	0.01649	0.00963	0.00872	0.00229	0.09483	0.00731	0.00664	0.01037
12	0.01044	0.00875	0.01242	0.10214	0.01629	0.01023	0.00980	0.01212	0.01244	0.01708	0.02719	0.45823	0.03136	0.03866	0.03778	0.00316	0.16647	0.01419	0.00506	0.00621
13	0.00874	0.00640	0.00821	0.00892	0.00994	0.00587	0.00625	0.01065	0.01541	0.02079	0.25856	0.44723	0.13066	0.01855	0.00844	0.00252	0.00367	0.01658	0.00673	0.00587
14	0.01419	0.01216	0.01419	0.01013	0.01621	0.00912	0.00811	0.01723	0.01419	0.02229	0.01216	0.01419	0.01013	0.00507	0.00507	0.00101	0.00507	0.00405	0.00405	0.80139
15	0.02464	0.01796	0.01938	0.01523	0.02040	0.01987	0.01246	0.54122	0.15211	0.07633	0.01903	0.01842	0.01357	0.00842	0.00687	0.00210	0.00706	0.00648	0.00695	0.01149
16	0.01220	0.00755	0.00966	0.00881	0.01086	0.00685	0.00663	0.01499	0.01837	0.11374	0.51329	0.04867	0.12303	0.06345	0.00971	0.00246	0.00381	0.01173	0.00730	0.00689
17	0.06660	0.01280	0.02083	0.59604	0.13849	0.01536	0.01850	0.01815	0.01381	0.01904	0.01208	0.01758	0.00925	0.00670	0.00666	0.00223	0.00873	0.00592	0.00317	0.00804
18	0.01693	0.01626	0.02777	0.04199	0.71689	0.01626	0.02100	0.02100	0.01558	0.02235	0.01287	0.01693	0.01084	0.00610	0.00677	0.00203	0.00813	0.00610	0.00339	0.01084
19	0.00974	0.00667	0.00808	0.00826	0.00850	0.00682	0.00510	0.01026	0.01048	0.01416	0.02289	0.12311	0.02596	0.56191	0.14342	0.00689	0.00820	0.01062	0.00432	0.00462
20	0.00834	0.00595	0.00794	0.00953	0.00992	0.00556	0.00635	0.00953	0.01310	0.01746	0.03771	0.75510	0.04525	0.02143	0.00873	0.00278	0.00397	0.01945	0.00635	0.00556
21	0.70346	0.01344	0.01097	0.00964	0.01394	0.01540	0.00791	0.04522	0.04939	0.06227	0.01153	0.01261	0.00870	0.00667	0.00459	0.00213	0.00540	0.00415	0.00466	0.00793
22	0.06994	0.01889	0.01999	0.01671	0.05737	0.04533	0.01299	0.55969	0.06712	0.03957	0.01627	0.01651	0.01177	0.00801	0.00667	0.00206	0.00748	0.00604	0.00640	0.01117
23	0.00834	0.00595	0.00794	0.00953	0.00992	0.00556	0.00635	0.00953	0.01310	0.01746	0.03771	0.75510	0.04525	0.02143	0.00873	0.00278	0.00397	0.01945	0.00635	0.00556
24	0.00841	0.00598	0.00792	0.00943	0.00981	0.00561	0.00625	0.00955	0.01296	0.01727	0.03698	0.72298	0.04433	0.05481	0.00991	0.00295	0.00409	0.01902	0.00625	0.00549
25	0.01296	0.00987	0.01261	0.03394	0.05169	0.01011	0.00999	0.11559	0.05013	0.02471	0.14800	0.17836	0.09058	0.01534	0.00826	0.00256	0.00546	0.20603	0.00638	0.00743
26	0.01444	0.01219	0.01415	0.01045	0.01613	0.00967	0.00830	0.04474	0.03734	0.02308	0.01421	0.05430	0.01242	0.00621	0.00540	0.00119	0.00512	0.00508	0.00438	0.70119
27	0.01746	0.01356	0.01654	0.12065	0.02192	0.01256	0.01086	0.15666	0.01813	0.07031	0.01398	0.01583	0.01072	0.00619	0.00581	0.00148	0.00622	0.00497	0.00475	0.47140
28	0.13021	0.52770	0.04687	0.01219	0.01780	0.04557	0.01164	0.10273	0.01599	0.02159	0.01046	0.01178	0.00893	0.00626	0.00477	0.00165	0.00728	0.00403	0.00360	0.00894

[dist]
# distance from previous block
# <min> <max>
1	4

[block]
# block no. 5 follows, 31 sequences, length 9
# corresponding to MSA columns:
# 230-238
name=unknown_F
#
# <colnr> <probs for GDERKNQSTAVLIFYWHMCP>
#	G	D	E	R	K	N	Q	S	T	A	V	L	I	F	Y	W	H	M	C	P
0	0.80789	0.01323	0.01006	0.00900	0.01323	0.01535	0.00741	0.02011	0.01164	0.03070	0.00953	0.01111	0.00741	0.00635	0.00423	0.00212	0.00529	0.00370	0.00423	0.00741
1	0.02064	0.01572	0.01692	0.03999	0.01888	0.04104	0.01132	0.39860	0.10260	0.03348	0.01836	0.02065	0.01425	0.04388	0.09708	0.00333	0.00840	0.00659	0.07846	0.00981
2	0.01574	0.02078	0.14527	0.02748	0.07081	0.01723	0.51313	0.02152	0.01553	0.02159	0.01327	0.01755	0.01006	0.00625	0.00857	0.00231	0.05284	0.00738	0.00334	0.00935
3	0.00939	0.00698	0.00874	0.00830	0.01004	0.00633	0.00622	0.01234	0.01867	0.02578	0.59455	0.05382	0.18431	0.01460	0.00807	0.00218	0.00327	0.01275	0.00731	0.00633
4	0.01419	0.01216	0.01419	0.01013	0.01621	0.00912	0.00811	0.01723	0.01419	0.02229	0.01216	0.01419	0.01013	0.00507	0.00507	0.00101	0.00507	0.00405	0.00405	0.80139
5	0.01612	0.01621	0.02132	0.09486	0.14380	0.11500	0.08280	0.04258	0.01549	0.02031	0.04181	0.02633	0.04031	0.00994	0.01083	0.00240	0.18079	0.08403	0.02686	0.00820
6	0.00834	0.00595	0.00794	0.00953	0.00992	0.00556	0.00635	0.00953	0.01310	0.01746	0.03771	0.75510	0.04525	0.02143	0.00873	0.00278	0.00397	0.01945	0.00635	0.00556
7	0.01010	0.00800	0.01137	0.01093	0.01267	0.00752	0.06314	0.04228	0.01589	0.02116	0.16784	0.39266	0.14978	0.01739	0.00839	0.00253	0.00462	0.04100	0.00636	0.00637
8	0.01203	0.01025	0.01430	0.01304	0.01436	0.01244	0.03358	0.01552	0.06474	0.01832	0.02190	0.08094	0.07020	0.02695	0.28062	0.00571	0.22225	0.00838	0.06753	0.00693

[dist]
# distance from previous block
# <min> <max>
0	1

[block]
# block no. 6 follows, 31 sequences, length 7
# corresponding to MSA columns:
# 240-246
name=unknown_G
#
# <colnr> <probs for GDERKNQSTAVLIFYWHMCP>
#	G	D	E	R	K	N	Q	S	T	A	V	L	I	F	Y	W	H	M	C	P
0	0.01650	0.23116	0.33350	0.01953	0.09646	0.07111	0.04568	0.02275	0.06439	0.02036	0.01264	0.01455	0.00988	0.00649	0.00602	0.00195	0.00902	0.00504	0.00331	0.00968
1	0.06582	0.16413	0.02202	0.01521	0.01981	0.33576	0.01235	0.18962	0.02110	0.07443	0.01293	0.01381	0.01001	0.00718	0.00595	0.00182	0.00938	0.00484	0.00462	0.00924
2	0.00876	0.00690	0.00800	0.00794	0.00980	0.00615	0.00591	0.01101	0.01647	0.02139	0.28937	0.11166	0.39761	0.01832	0.04738	0.00276	0.00423	0.01372	0.00662	0.00601
3	0.01915	0.62564	0.03297	0.01266	0.01807	0.05878	0.01206	0.08073	0.01561	0.01856	0.01015	0.01173	0.00905	0.00643	0.00560	0.00161	0.04494	0.00403	0.00331	0.00893
4	0.02195	0.06463	0.01958	0.01394	0.01950	0.01825	0.01154	0.43792	0.06806	0.03519	0.01560	0.01607	0.01164	0.00733	0.00624	0.00177	0.00676	0.00556	0.00589	0.21259
5	0.08124	0.12968	0.02150	0.01698	0.06587	0.34635	0.01279	0.14284	0.02005	0.08282	0.01293	0.01401	0.01003	0.00709	0.00600	0.00184	0.00944	0.00488	0.00449	0.00917
6	0.01164	0.01197	0.06517	0.11616	0.01997	0.03998	0.05468	0.01551	0.03719	0.02037	0.10349	0.10141	0.17876	0.01401	0.00807	0.00251	0.00644	0.18022	0.00545	0.00700

[dist]
# distance from previous block
# <min> <max>
0	1

[block]
# block no. 7 follows, 31 sequences, length 45
# corresponding to MSA columns:
# 248-292
name=unknown_H
#
# <colnr> <probs for GDERKNQSTAVLIFYWHMCP>
#	G	D	E	R	K	N	Q	S	T	A	V	L	I	F	Y	W	H	M	C	P
0	0.00829	0.00613	0.00776	0.00906	0.00980	0.00560	0.00614	0.00958	0.01355	0.01765	0.04341	0.63064	0.16602	0.02069	0.00862	0.00269	0.00388	0.01854	0.00635	0.00560
1	0.00912	0.00615	0.00822	0.00962	0.01019	0.00572	0.00648	0.01037	0.01333	0.04228	0.03733	0.72931	0.04425	0.02098	0.00867	0.00276	0.00403	0.01901	0.00643	0.00577
2	0.01557	0.01566	0.02279	0.43604	0.26484	0.09095	0.01905	0.01967	0.01490	0.01901	0.01223	0.01719	0.00965	0.00662	0.00675	0.00214	0.00913	0.00591	0.00321	0.00870
3	0.01624	0.06060	0.16579	0.05862	0.52108	0.01674	0.02127	0.02099	0.01520	0.02172	0.01255	0.01616	0.01024	0.00619	0.00659	0.00204	0.00851	0.00576	0.00325	0.01048
4	0.01312	0.03162	0.62917	0.01798	0.02700	0.01461	0.02273	0.02037	0.01494	0.02205	0.07778	0.01994	0.04382	0.00764	0.00671	0.00217	0.00921	0.00611	0.00345	0.00960
5	0.01002	0.00770	0.01147	0.01133	0.01249	0.00915	0.00886	0.01242	0.01097	0.01591	0.01788	0.02631	0.01671	0.04943	0.69848	0.01061	0.05319	0.00727	0.00363	0.00617
6	0.03070	0.01164	0.01588	0.01217	0.01746	0.01006	0.01006	0.03334	0.01958	0.72163	0.02699	0.02329	0.01694	0.00847	0.00688	0.00212	0.00582	0.00688	0.00847	0.01164
7	0.01188	0.00594	0.00891	0.00891	0.00891	0.00594	0.00594	0.00891	0.00891	0.01188	0.01188	0.02080	0.01188	0.02377	0.02674	0.80095	0.00594	0.00594	0.00297	0.00297
8	0.01443	0.01423	0.01989	0.01727	0.01730	0.01970	0.01426	0.01590	0.01069	0.01655	0.01133	0.07542	0.01194	0.01275	0.02133	0.00298	0.68635	0.00709	0.00327	0.00733
9	0.00827	0.00695	0.00721	0.00735	0.00956	0.00589	0.00558	0.01007	0.01552	0.01856	0.06627	0.09005	0.65134	0.01756	0.00819	0.00238	0.00365	0.05345	0.00635	0.00580
10	0.77679	0.01319	0.01046	0.03772	0.01456	0.01534	0.00786	0.02001	0.01172	0.03018	0.00963	0.01139	0.00748	0.00637	0.00434	0.00212	0.00544	0.00380	0.00419	0.00742
11	0.80789	0.01323	0.01006	0.00900	0.01323	0.01535	0.00741	0.02011	0.01164	0.03070	0.00953	0.01111	0.00741	0.00635	0.00423	0.00212	0.00529	0.00370	0.00423	0.00741
12	0.02639	0.01064	0.01435	0.01148	0.01598	0.00924	0.00929	0.02890	0.01881	0.58428	0.07304	0.09290	0.05226	0.01036	0.00717	0.00219	0.00539	0.00868	0.00813	0.01052
13	0.00834	0.00595	0.00794	0.00953	0.00992	0.00556	0.00635	0.00953	0.01310	0.01746	0.03771	0.75510	0.04525	0.02143	0.00873	0.00278	0.00397	0.01945	0.00635	0.00556
14	0.01989	0.01574	0.01801	0.01350	0.01922	0.01539	0.03160	0.33357	0.05584	0.03229	0.01495	0.01591	0.01136	0.00676	0.00608	0.00160	0.00643	0.00534	0.00547	0.37106
15	0.01550	0.01791	0.07507	0.02379	0.04604	0.01783	0.36578	0.01978	0.01404	0.02016	0.01202	0.01674	0.00981	0.00780	0.01243	0.00243	0.25109	0.00688	0.00331	0.06158
16	0.06528	0.10866	0.08563	0.01854	0.02240	0.01878	0.17569	0.01941	0.04050	0.01977	0.01275	0.05104	0.01142	0.00905	0.01248	0.00242	0.28296	0.00663	0.00352	0.03307
17	0.01425	0.11942	0.64470	0.01860	0.02822	0.01718	0.02371	0.02153	0.01438	0.02102	0.01196	0.01404	0.00868	0.00643	0.00626	0.00209	0.00979	0.00489	0.00289	0.00996
18	0.00834	0.00595	0.00794	0.00953	0.00992	0.00556	0.00635	0.00953	0.01310	0.01746	0.03771	0.75510	0.04525	0.02143	0.00873	0.00278	0.00397	0.01945	0.00635	0.00556
19	0.10435	0.05515	0.41485	0.01646	0.02319	0.01593	0.01879	0.02016	0.01415	0.04476	0.08070	0.01790	0.01433	0.00810	0.00877	0.00226	0.12167	0.00577	0.00369	0.00904
20	0.01436	0.12398	0.59484	0.01844	0.02739	0.01759	0.02295	0.02119	0.01413	0.02065	0.01173	0.01405	0.00870	0.00677	0.00725	0.00213	0.05623	0.00494	0.00290	0.00978
21	0.01188	0.00594	0.00891	0.00891	0.00891	0.00594	0.00594	0.00891	0.00891	0.01188	0.01188	0.02080	0.01188	0.02377	0.02674	0.80095	0.00594	0.00594	0.00297	0.00297
22	0.01623	0.01679	0.04665	0.25430	0.43972	0.06795	0.01995	0.02040	0.01524	0.02043	0.01247	0.01692	0.01010	0.00641	0.00674	0.00209	0.00880	0.00594	0.00327	0.00961
23	0.00832	0.00600	0.00789	0.00941	0.00989	0.00557	0.00630	0.00954	0.01321	0.01751	0.03912	0.72435	0.07509	0.02125	0.00870	0.00276	0.00395	0.01923	0.00635	0.00557
24	0.00834	0.00595	0.00794	0.00953	0.00992	0.00556	0.00635	0.00953	0.01310	0.01746	0.03771	0.75510	0.04525	0.02143	0.00873	0.00278	0.00397	0.01945	0.00635	0.00556
25	0.00977	0.00733	0.01100	0.01100	0.01222	0.00855	0.00855	0.01222	0.01100	0.01588	0.01833	0.02688	0.01710	0.05131	0.73245	0.01100	0.01833	0.00733	0.00367	0.00611
26	0.01497	0.01497	0.02095	0.01796	0.01796	0.02095	0.01497	0.01646	0.01048	0.01646	0.00898	0.01497	0.00898	0.01197	0.02245	0.00299	0.74704	0.00599	0.00299	0.00748
27	0.02601	0.01916	0.02053	0.01574	0.02122	0.02122	0.01300	0.69408	0.03217	0.04312	0.01643	0.01643	0.01163	0.00821	0.00684	0.00205	0.00753	0.00616	0.00684	0.01163
28	0.02570	0.01567	0.01787	0.01407	0.01908	0.01652	0.01146	0.35858	0.13056	0.26123	0.02177	0.02085	0.01515	0.02959	0.00766	0.00224	0.00662	0.00674	0.00732	0.01130
29	0.00933	0.00673	0.00876	0.00897	0.01009	0.00641	0.00643	0.01156	0.01582	0.02186	0.36299	0.23835	0.07673	0.09511	0.06845	0.00351	0.00506	0.03144	0.00648	0.00592
30	0.02099	0.02411	0.02014	0.01765	0.01977	0.37874	0.01396	0.06465	0.01633	0.01829	0.01025	0.01374	0.00906	0.00926	0.01328	0.00231	0.33079	0.00520	0.00350	0.00797
31	0.80789	0.01323	0.01006	0.00900	0.01323	0.01535	0.00741	0.02011	0.01164	0.03070	0.00953	0.01111	0.00741	0.00635	0.00423	0.00212	0.00529	0.00370	0.00423	0.00741
32	0.00998	0.00858	0.01475	0.01358	0.01535	0.00802	0.15030	0.01213	0.01374	0.01840	0.03270	0.60045	0.03793	0.01814	0.00859	0.00268	0.00556	0.01706	0.00574	0.00633
33	0.02601	0.01916	0.02053	0.01574	0.02122	0.02122	0.01300	0.69408	0.03217	0.04312	0.01643	0.01643	0.01163	0.00821	0.00684	0.00205	0.00753	0.00616	0.00684	0.01163
34	0.00995	0.00663	0.00746	0.00746	0.00746	0.00663	0.00415	0.00995	0.00995	0.01327	0.02156	0.04477	0.02487	0.75957	0.03482	0.00663	0.00663	0.00995	0.00415	0.00415
35	0.02523	0.02935	0.01940	0.01711	0.02100	0.57082	0.01307	0.14693	0.05445	0.02203	0.01245	0.01370	0.00989	0.00736	0.00633	0.00184	0.01115	0.00488	0.00428	0.00873
36	0.01702	0.01470	0.01547	0.01392	0.01779	0.01702	0.01083	0.03635	0.70453	0.02862	0.02785	0.02553	0.02088	0.00928	0.00696	0.00232	0.00541	0.00773	0.00696	0.01083
37	0.00995	0.00663	0.00746	0.00746	0.00746	0.00663	0.00415	0.00995	0.00995	0.01327	0.02156	0.04477	0.02487	0.75957	0.03482	0.00663	0.00663	0.00995	0.00415	0.00415
38	0.00851	0.00608	0.00813	0.00962	0.01013	0.00570	0.00656	0.00988	0.01348	0.01802	0.06610	0.69520	0.04580	0.02101	0.00874	0.00277	0.00404	0.04821	0.00640	0.00563
39	0.80789	0.01323	0.01006	0.00900	0.01323	0.01535	0.00741	0.02011	0.01164	0.03070	0.00953	0.01111	0.00741	0.00635	0.00423	0.00212	0.00529	0.00370	0.00423	0.00741
40	0.02335	0.02657	0.01980	0.01837	0.05854	0.47155	0.01357	0.12347	0.01973	0.02119	0.01174	0.01396	0.00964	0.00784	0.00838	0.00198	0.10708	0.00503	0.02968	0.00853
41	0.00975	0.00800	0.00873	0.00847	0.01079	0.00749	0.00646	0.01419	0.10650	0.02201	0.21545	0.05753	0.44252	0.01555	0.00799	0.00231	0.00378	0.03917	0.00671	0.00662
42	0.02410	0.01872	0.01919	0.01526	0.02012	0.06455	0.01237	0.56451	0.06197	0.03866	0.01835	0.07709	0.01465	0.00927	0.00696	0.00211	0.00744	0.00721	0.00660	0.01086
43	0.02388	0.05074	0.01977	0.01808	0.05013	0.62384	0.01324	0.02581	0.01878	0.01747	0.04441	0.01445	0.01159	0.00747	0.00676	0.00182	0.03522	0.00489	0.00368	0.00799
44	0.08575	0.36583	0.02593	0.01327	0.01782	0.05993	0.01177	0.08844	0.10583	0.05314	0.01335	0.01453	0.01091	0.00751	0.00739	0.00192	0.09841	0.00491	0.00423	0.00913

[dist]
