[name]
unknown

[dist]
# distance from previous block
# <min> <max>
0	28

[block]
# block no. 0 follows, 29 sequences, length 37
# corresponding to MSA columns:
# 28-64
name=unknown_A
#
# <colnr> <probs for GDERKNQSTAVLIFYWHMCP>
#	G	D	E	R	K	N	Q	S	T	A	V	L	I	F	Y	W	H	M	C	P
0	0.04597	0.01442	0.01681	0.01370	0.01836	0.01461	0.03864	0.20253	0.15525	0.03025	0.04176	0.10481	0.02020	0.00992	0.00699	0.00205	0.00620	0.03420	0.00607	0.21725
1	0.01997	0.01492	0.01805	0.06460	0.02091	0.06231	0.05866	0.17897	0.04029	0.12430	0.03552	0.12907	0.01896	0.01075	0.00824	0.04122	0.00714	0.00846	0.00589	0.13178
2	0.01423	0.14666	0.02007	0.01357	0.01700	0.01405	0.09502	0.06315	0.01614	0.03909	0.03187	0.23630	0.15274	0.01369	0.00869	0.00235	0.05728	0.01174	0.00532	0.04103
3	0.02101	0.36632	0.02800	0.06202	0.02121	0.09849	0.01291	0.11617	0.01797	0.07090	0.01268	0.01432	0.01031	0.00723	0.00685	0.00183	0.05906	0.00487	0.00420	0.06367
4	0.01407	0.01331	0.04506	0.58151	0.04232	0.01546	0.01832	0.01832	0.01398	0.04257	0.01365	0.02070	0.01089	0.05884	0.01026	0.00273	0.06009	0.00659	0.00344	0.00790
5	0.01367	0.01299	0.02262	0.39361	0.12820	0.01437	0.10688	0.01798	0.01511	0.01981	0.02050	0.07538	0.05850	0.00956	0.00771	0.00245	0.00873	0.05970	0.00399	0.00822
6	0.06320	0.00798	0.00845	0.00812	0.01071	0.00715	0.00619	0.01295	0.01624	0.06833	0.10576	0.07911	0.51560	0.01801	0.03827	0.00276	0.00456	0.01343	0.00658	0.00660
7	0.01567	0.06790	0.03186	0.04689	0.04929	0.01794	0.36023	0.01967	0.01464	0.02015	0.01503	0.06698	0.01366	0.05534	0.01310	0.00280	0.16820	0.00838	0.00368	0.00859
8	0.02020	0.01474	0.01638	0.01360	0.01721	0.01609	0.01061	0.41560	0.02486	0.03340	0.02121	0.12268	0.01974	0.13952	0.07732	0.00389	0.00819	0.00908	0.00628	0.00941
9	0.00870	0.00656	0.00806	0.00910	0.01015	0.00591	0.00629	0.01025	0.01482	0.01921	0.09544	0.50848	0.23009	0.02057	0.00885	0.00271	0.00393	0.01827	0.00670	0.00591
10	0.01025	0.00686	0.00780	0.00790	0.00793	0.00683	0.00446	0.01033	0.01056	0.01409	0.02351	0.09130	0.02724	0.70320	0.03451	0.00665	0.00673	0.01099	0.00446	0.00441
11	0.01496	0.01359	0.01910	0.06381	0.02202	0.01115	0.10463	0.01864	0.01502	0.02280	0.01290	0.01569	0.01051	0.00551	0.00585	0.00134	0.00653	0.00496	0.00406	0.62695
12	0.01094	0.00730	0.00929	0.00922	0.01091	0.00660	0.00675	0.01342	0.01772	0.07128	0.37112	0.24946	0.15534	0.01689	0.00851	0.00245	0.00380	0.01490	0.00737	0.00672
13	0.02573	0.01062	0.01440	0.01181	0.01606	0.00929	0.00942	0.02830	0.01926	0.52183	0.10502	0.14454	0.02794	0.01165	0.00761	0.00232	0.00544	0.00992	0.00835	0.01049
14	0.00868	0.00620	0.00826	0.00991	0.01033	0.00578	0.00661	0.00991	0.01363	0.01818	0.03925	0.74510	0.04710	0.02231	0.00909	0.00289	0.00413	0.02024	0.00661	0.00578
15	0.02114	0.01019	0.01335	0.01130	0.01499	0.00944	0.00898	0.02501	0.06367	0.36124	0.16643	0.06055	0.09389	0.01632	0.08674	0.00329	0.00663	0.00963	0.00767	0.00954
16	0.02693	0.01857	0.02029	0.01563	0.02108	0.02020	0.01283	0.58396	0.03112	0.11617	0.01851	0.01907	0.01327	0.03850	0.00830	0.00234	0.00760	0.00665	0.00719	0.01180
17	0.00887	0.00656	0.00820	0.00919	0.01013	0.00599	0.00630	0.01044	0.01483	0.01952	0.12846	0.49910	0.17643	0.04868	0.00992	0.00287	0.00404	0.01792	0.00668	0.00589
18	0.00889	0.00629	0.00820	0.00964	0.01000	0.00593	0.00632	0.00997	0.01321	0.01762	0.03709	0.65549	0.04437	0.11563	0.01257	0.00341	0.00449	0.01897	0.00632	0.00560
19	0.00997	0.00766	0.00903	0.00888	0.01066	0.00718	0.00648	0.01355	0.06453	0.02361	0.34144	0.14406	0.24146	0.06700	0.01033	0.00271	0.00393	0.01393	0.00704	0.00655
20	0.00878	0.00636	0.00831	0.00965	0.01031	0.00588	0.00654	0.01025	0.01439	0.01918	0.10094	0.63773	0.09271	0.02133	0.00898	0.00280	0.00403	0.01923	0.00672	0.00588
21	0.75365	0.01367	0.01083	0.00956	0.01404	0.01564	0.00788	0.02176	0.01262	0.07292	0.01101	0.01233	0.00831	0.00674	0.00457	0.00220	0.00554	0.00406	0.00467	0.00798
22	0.01975	0.01422	0.01586	0.01380	0.01781	0.01550	0.01097	0.16813	0.33254	0.11304	0.05127	0.07854	0.05115	0.01134	0.00759	0.00241	0.00596	0.05229	0.00731	0.01051
23	0.04683	0.01093	0.01372	0.01172	0.01546	0.01046	0.00917	0.02718	0.12731	0.35210	0.13799	0.12486	0.03018	0.03805	0.00858	0.00250	0.00531	0.00997	0.00781	0.00985
24	0.01395	0.01351	0.02387	0.63344	0.06853	0.01610	0.09249	0.01882	0.01458	0.01886	0.01287	0.01897	0.00969	0.00697	0.00726	0.00237	0.00974	0.00656	0.00322	0.00820
25	0.00962	0.00656	0.00839	0.00907	0.00976	0.00616	0.00609	0.01041	0.01370	0.01823	0.12713	0.36860	0.11345	0.13040	0.01566	0.11565	0.00468	0.01518	0.00593	0.00533
26	0.00956	0.00710	0.00876	0.00864	0.01021	0.00646	0.00628	0.01212	0.01789	0.02435	0.44197	0.14481	0.19685	0.06081	0.01018	0.00264	0.00373	0.01413	0.00721	0.00630
27	0.00898	0.00632	0.00817	0.00953	0.00987	0.00599	0.00620	0.00999	0.01304	0.01739	0.03621	0.61895	0.04327	0.15369	0.01399	0.00362	0.00463	0.01846	0.00620	0.00552
28	0.01872	0.70606	0.08250	0.01273	0.01912	0.02740	0.01313	0.02140	0.01451	0.01714	0.01009	0.01166	0.00913	0.00614	0.00472	0.00157	0.00781	0.00390	0.00304	0.00923
29	0.02446	0.08645	0.11989	0.01719	0.02261	0.34348	0.01506	0.16916	0.04200	0.07320	0.01423	0.01517	0.01076	0.00759	0.00655	0.00198	0.01032	0.00530	0.00474	0.00984
30	0.00878	0.00627	0.00839	0.01004	0.01050	0.00588	0.00680	0.01010	0.01374	0.01830	0.03919	0.71935	0.04686	0.02221	0.00912	0.00291	0.00423	0.04493	0.00661	0.00581
31	0.01717	0.01667	0.02908	0.10905	0.59603	0.01689	0.06708	0.02157	0.01606	0.02274	0.01339	0.01786	0.01107	0.00640	0.00715	0.00216	0.00880	0.00649	0.00350	0.01084
32	0.02577	0.02351	0.02023	0.01662	0.02145	0.23766	0.01328	0.42525	0.04937	0.03466	0.01746	0.01898	0.02904	0.00873	0.00701	0.00209	0.00918	0.02308	0.00603	0.01060
33	0.07846	0.02493	0.02034	0.06826	0.11676	0.38062	0.01451	0.09784	0.01937	0.02258	0.01255	0.01523	0.01022	0.00891	0.02902	0.00231	0.03917	0.00531	0.02469	0.00892
34	0.09977	0.06578	0.10609	0.04856	0.11472	0.06738	0.18945	0.02105	0.01495	0.02173	0.01457	0.01822	0.03909	0.00800	0.00986	0.00236	0.13919	0.00656	0.00360	0.00907
35	0.02400	0.01990	0.01947	0.01569	0.02006	0.11574	0.01256	0.46020	0.02733	0.03540	0.01804	0.02091	0.03544	0.07978	0.01097	0.00263	0.05865	0.00681	0.00609	0.01034
36	0.01567	0.01559	0.02130	0.15000	0.04661	0.10199	0.13654	0.03706	0.06220	0.02044	0.06187	0.02548	0.01762	0.11722	0.08107	0.00385	0.06555	0.00774	0.00424	0.00797

[dist]
# distance from previous block
# <min> <max>
8	15

[block]
# block no. 1 follows, 29 sequences, length 8
# corresponding to MSA columns:
# 82-89
name=unknown_B
#
# <colnr> <probs for GDERKNQSTAVLIFYWHMCP>
#	G	D	E	R	K	N	Q	S	T	A	V	L	I	F	Y	W	H	M	C	P
0	0.07612	0.01454	0.02309	0.39364	0.17827	0.01707	0.04877	0.04447	0.01496	0.02142	0.01248	0.01768	0.00987	0.00752	0.00877	0.00238	0.09039	0.00623	0.00350	0.00882
1	0.01264	0.04237	0.07137	0.10882	0.09881	0.01182	0.03610	0.01612	0.01577	0.02193	0.16898	0.17169	0.06253	0.01213	0.00832	0.00229	0.03970	0.01060	0.00516	0.08285
2	0.01879	0.01274	0.01537	0.01174	0.01719	0.01106	0.00945	0.07926	0.04597	0.15812	0.01746	0.01879	0.01335	0.01182	0.08603	0.00259	0.00721	0.00553	0.00545	0.45211
3	0.00951	0.00723	0.00880	0.00880	0.01060	0.00652	0.00665	0.01216	0.01798	0.02399	0.38350	0.12458	0.27034	0.01681	0.00858	0.00243	0.00376	0.06416	0.00723	0.00639
4	0.01250	0.01119	0.03171	0.03671	0.01313	0.08420	0.00783	0.01437	0.01531	0.03849	0.16630	0.10032	0.13551	0.25787	0.01738	0.00386	0.00629	0.03521	0.00560	0.00621
5	0.01069	0.00830	0.01139	0.01271	0.08825	0.00775	0.00827	0.01389	0.01902	0.02654	0.52991	0.08215	0.12525	0.01435	0.00828	0.00227	0.00399	0.01270	0.00717	0.00711
6	0.02056	0.01544	0.01694	0.01431	0.01829	0.01691	0.01128	0.39734	0.12927	0.03519	0.02503	0.21942	0.02324	0.01252	0.00768	0.00239	0.00648	0.01048	0.00700	0.01024
7	0.01799	0.07158	0.08581	0.01982	0.15685	0.01485	0.04425	0.09477	0.01754	0.06180	0.01401	0.01608	0.01101	0.00627	0.00616	0.00165	0.00720	0.00530	0.00442	0.34262

[dist]
# distance from previous block
# <min> <max>
0	6

[block]
# block no. 2 follows, 29 sequences, length 21
# corresponding to MSA columns:
# 96-116
name=unknown_C
#
# <colnr> <probs for GDERKNQSTAVLIFYWHMCP>
#	G	D	E	R	K	N	Q	S	T	A	V	L	I	F	Y	W	H	M	C	P
0	0.01718	0.06518	0.40418	0.02457	0.15890	0.07409	0.06281	0.06871	0.01704	0.02357	0.01302	0.01558	0.00980	0.00678	0.00681	0.00216	0.01008	0.00562	0.00348	0.01047
1	0.01691	0.47373	0.25062	0.01472	0.02188	0.02313	0.01645	0.02111	0.01444	0.01858	0.01145	0.01372	0.00970	0.00960	0.05516	0.00245	0.00934	0.00454	0.00309	0.00939
2	0.01342	0.01417	0.06810	0.36214	0.03427	0.01428	0.08554	0.01994	0.10300	0.02100	0.04943	0.06136	0.10407	0.00970	0.00755	0.00240	0.00809	0.00871	0.00451	0.00832
3	0.00976	0.05912	0.00984	0.00836	0.01037	0.00787	0.00628	0.01135	0.01486	0.01818	0.05349	0.11919	0.42615	0.14659	0.01322	0.00325	0.00475	0.06546	0.00595	0.00595
4	0.01600	0.23680	0.28762	0.02150	0.15418	0.01903	0.04295	0.02104	0.01523	0.02081	0.01625	0.01835	0.05786	0.00719	0.00630	0.00199	0.00867	0.00580	0.00343	0.03899
5	0.01614	0.28957	0.43766	0.01866	0.06203	0.02068	0.02108	0.02208	0.01490	0.02054	0.01179	0.01389	0.00918	0.00650	0.00600	0.00199	0.00939	0.00480	0.00305	0.01007
6	0.23305	0.07215	0.06133	0.05250	0.02126	0.14346	0.01289	0.24819	0.02129	0.03103	0.01314	0.01473	0.01003	0.00868	0.02562	0.00233	0.00864	0.00518	0.00494	0.00956
7	0.01327	0.00664	0.00664	0.00664	0.00830	0.00664	0.00498	0.01659	0.01493	0.02655	0.02323	0.02655	0.01825	0.00830	0.00498	0.00166	0.00332	0.00664	0.78928	0.00664
8	0.02614	0.07796	0.02123	0.01797	0.02178	0.67880	0.01366	0.02800	0.01983	0.01739	0.01094	0.01275	0.00917	0.00726	0.00631	0.00182	0.01252	0.00454	0.00363	0.00831
9	0.00981	0.00717	0.00921	0.00892	0.01053	0.00657	0.00661	0.01284	0.01920	0.02680	0.58689	0.12292	0.11474	0.01560	0.00847	0.00232	0.00346	0.01377	0.00762	0.00657
10	0.01036	0.00690	0.00777	0.00777	0.00777	0.00690	0.00431	0.01036	0.01036	0.01381	0.02244	0.04660	0.02589	0.74975	0.03624	0.00690	0.00690	0.01036	0.00431	0.00431
11	0.01460	0.07084	0.65560	0.02026	0.03045	0.01715	0.04960	0.02250	0.01507	0.02228	0.01270	0.01501	0.00909	0.00670	0.00672	0.00223	0.01044	0.00531	0.00303	0.01042
12	0.80005	0.01377	0.01047	0.00936	0.01377	0.01597	0.00771	0.02093	0.01212	0.03195	0.00991	0.01157	0.00771	0.00661	0.00441	0.00220	0.00551	0.00386	0.00441	0.00771
13	0.01802	0.01958	0.05378	0.09286	0.35454	0.09785	0.15628	0.02379	0.07003	0.02256	0.01448	0.01813	0.01153	0.00673	0.00727	0.00219	0.00963	0.00666	0.00380	0.01027
14	0.01237	0.00618	0.00928	0.00928	0.00928	0.00618	0.00618	0.00928	0.00928	0.01237	0.01237	0.02165	0.01237	0.02474	0.02783	0.79283	0.00618	0.00618	0.00309	0.00309
15	0.01005	0.00863	0.04219	0.00947	0.01157	0.00709	0.00762	0.01335	0.01900	0.02643	0.54152	0.09057	0.13580	0.01516	0.00840	0.00233	0.00386	0.03283	0.00737	0.00676
16	0.01299	0.00767	0.01218	0.01116	0.01193	0.00770	0.05895	0.01181	0.04522	0.01408	0.01339	0.02171	0.01273	0.02250	0.02525	0.69028	0.00661	0.00645	0.00335	0.00402
17	0.08024	0.66851	0.03456	0.01220	0.01807	0.05398	0.01190	0.02157	0.01451	0.01796	0.00994	0.01149	0.00903	0.00618	0.00463	0.00159	0.00765	0.00384	0.00318	0.00899
18	0.02660	0.03394	0.02018	0.01834	0.02201	0.72116	0.01376	0.02843	0.02018	0.01743	0.01101	0.01284	0.00917	0.00734	0.00642	0.00183	0.01284	0.00459	0.00367	0.00825
19	0.07367	0.01094	0.06353	0.01140	0.03279	0.00925	0.00924	0.01724	0.05373	0.06000	0.49064	0.04416	0.05117	0.01275	0.00785	0.00227	0.00455	0.03007	0.00706	0.00769
20	0.02513	0.01898	0.02028	0.01599	0.02134	0.02117	0.01306	0.54795	0.17028	0.04174	0.01956	0.01906	0.01411	0.00878	0.00715	0.00219	0.00738	0.00675	0.00715	0.01194

[dist]
# distance from previous block
# <min> <max>
0	1

[block]
# block no. 3 follows, 29 sequences, length 83
# corresponding to MSA columns:
# 118-200
name=unknown_D
#
# <colnr> <probs for GDERKNQSTAVLIFYWHMCP>
#	G	D	E	R	K	N	Q	S	T	A	V	L	I	F	Y	W	H	M	C	P
0	0.01176	0.00879	0.01299	0.05030	0.01542	0.01021	0.00997	0.01439	0.01204	0.04514	0.01821	0.02603	0.01652	0.04461	0.58131	0.00964	0.06510	0.00732	0.00395	0.03628
1	0.01477	0.01266	0.01477	0.01055	0.01687	0.00949	0.00844	0.01793	0.01477	0.02320	0.01266	0.01477	0.01055	0.00527	0.00527	0.00105	0.00527	0.00422	0.00422	0.79328
2	0.01002	0.00804	0.01139	0.01181	0.01239	0.00857	0.03166	0.01143	0.01322	0.01802	0.03340	0.58689	0.03954	0.04886	0.01219	0.00306	0.11003	0.01742	0.00591	0.00615
3	0.01017	0.00763	0.01144	0.01144	0.01272	0.00890	0.00890	0.01272	0.01144	0.01653	0.01907	0.02797	0.01780	0.05340	0.72153	0.01144	0.01907	0.00763	0.00381	0.00636
4	0.01815	0.01980	0.13860	0.09480	0.10765	0.01794	0.04496	0.13458	0.29007	0.02870	0.02011	0.02090	0.01502	0.00817	0.00716	0.00230	0.00784	0.00694	0.00548	0.01086
5	0.01428	0.03683	0.71286	0.02030	0.03082	0.01654	0.02631	0.02255	0.01503	0.02255	0.01278	0.01503	0.00902	0.00677	0.00677	0.00226	0.01052	0.00526	0.00301	0.01052
6	0.01631	0.11144	0.42689	0.02379	0.13276	0.06075	0.08598	0.02269	0.01563	0.02173	0.01260	0.01530	0.00956	0.00659	0.00670	0.00214	0.01017	0.00553	0.00319	0.01026
7	0.02540	0.01976	0.02149	0.01676	0.02224	0.04414	0.04085	0.54827	0.11907	0.04108	0.01835	0.01829	0.01323	0.00855	0.00717	0.00217	0.00788	0.00665	0.00688	0.01177
8	0.01327	0.00664	0.00664	0.00664	0.00830	0.00664	0.00498	0.01659	0.01493	0.02655	0.02323	0.02655	0.01825	0.00830	0.00498	0.00166	0.00332	0.00664	0.78928	0.00664
9	0.01590	0.01293	0.01531	0.03298	0.01812	0.01024	0.00907	0.04560	0.01573	0.05090	0.01344	0.01536	0.01086	0.00560	0.00548	0.00118	0.00554	0.00449	0.00448	0.70679
10	0.01015	0.00744	0.01065	0.01071	0.01172	0.00841	0.00797	0.01217	0.01133	0.01610	0.02047	0.05927	0.02042	0.17967	0.56838	0.01028	0.01626	0.00862	0.00401	0.00596
11	0.00868	0.00620	0.00826	0.00991	0.01033	0.00578	0.00661	0.00991	0.01363	0.01818	0.03925	0.74510	0.04710	0.02231	0.00909	0.00289	0.00413	0.02024	0.00661	0.00578
12	0.01008	0.00728	0.00952	0.00896	0.01064	0.00672	0.00672	0.01344	0.02016	0.02855	0.70158	0.05319	0.06719	0.01456	0.00840	0.00224	0.00336	0.01288	0.00784	0.00672
13	0.01762	0.01692	0.02890	0.04371	0.70533	0.01692	0.02185	0.02185	0.01621	0.02326	0.01339	0.01762	0.01128	0.00634	0.00705	0.00211	0.00846	0.00634	0.00352	0.01128
14	0.01681	0.01921	0.04202	0.03001	0.03721	0.01801	0.67947	0.02281	0.01681	0.02281	0.01441	0.01921	0.01080	0.00600	0.00840	0.00240	0.01200	0.00840	0.00360	0.00960
15	0.01409	0.01149	0.01297	0.01186	0.01477	0.01249	0.00911	0.02625	0.37315	0.02920	0.34843	0.03921	0.04332	0.01199	0.00779	0.00233	0.00455	0.01034	0.00753	0.00911
16	0.01847	0.01513	0.01612	0.01439	0.01850	0.01733	0.01123	0.03767	0.65672	0.06598	0.02893	0.02644	0.02152	0.00962	0.00724	0.00240	0.00566	0.00800	0.00733	0.01132
17	0.01327	0.00664	0.00664	0.00664	0.00830	0.00664	0.00498	0.01659	0.01493	0.02655	0.02323	0.02655	0.01825	0.00830	0.00498	0.00166	0.00332	0.00664	0.78928	0.00664
18	0.01511	0.01603	0.02983	0.04505	0.08250	0.04519	0.37123	0.01930	0.01567	0.02098	0.01992	0.19738	0.01958	0.01055	0.00930	0.00252	0.05618	0.01079	0.00430	0.00857
19	0.01567	0.01526	0.02431	0.42825	0.30872	0.04645	0.02034	0.02009	0.01528	0.02018	0.01288	0.01818	0.01019	0.00682	0.00706	0.00225	0.00923	0.00626	0.00333	0.00926
20	0.02660	0.03394	0.02018	0.01834	0.02201	0.72116	0.01376	0.02843	0.02018	0.01743	0.01101	0.01284	0.00917	0.00734	0.00642	0.00183	0.01284	0.00459	0.00367	0.00825
21	0.80005	0.01377	0.01047	0.00936	0.01377	0.01597	0.00771	0.02093	0.01212	0.03195	0.00991	0.01157	0.00771	0.00661	0.00441	0.00220	0.00551	0.00386	0.00441	0.00771
22	0.01345	0.01266	0.02136	0.73264	0.04904	0.01582	0.01978	0.01819	0.01424	0.01819	0.01266	0.01898	0.00949	0.00712	0.00712	0.00237	0.00949	0.00633	0.00316	0.00791
23	0.01537	0.01305	0.01508	0.01094	0.01715	0.01032	0.00875	0.04479	0.04308	0.02432	0.01349	0.01534	0.01106	0.00558	0.00543	0.00115	0.00539	0.00446	0.00446	0.73080
24	0.01904	0.75404	0.03731	0.01218	0.01828	0.02818	0.01218	0.02132	0.01447	0.01675	0.00990	0.01142	0.00914	0.00609	0.00457	0.00152	0.00761	0.00381	0.00305	0.00914
25	0.02704	0.02069	0.02131	0.01649	0.02208	0.05927	0.01355	0.64685	0.03277	0.04342	0.01677	0.01687	0.01195	0.00848	0.00709	0.00212	0.00810	0.00631	0.00694	0.01190
26	0.01208	0.01001	0.03859	0.01019	0.01144	0.03193	0.00737	0.05762	0.01310	0.01747	0.02258	0.09028	0.02451	0.44719	0.14286	0.00654	0.00912	0.03677	0.00460	0.00576
27	0.01018	0.00760	0.01132	0.01132	0.01255	0.00883	0.00874	0.01263	0.01141	0.01644	0.01919	0.02861	0.01808	0.07720	0.69812	0.01129	0.01866	0.00772	0.00383	0.00629
28	0.01707	0.01847	0.03781	0.03440	0.25131	0.01766	0.46874	0.02250	0.01662	0.02295	0.01408	0.01870	0.01096	0.00611	0.00797	0.00231	0.01087	0.00774	0.00358	0.01014
29	0.02510	0.03082	0.02019	0.01957	0.07099	0.60979	0.01384	0.04766	0.01979	0.01853	0.01198	0.01512	0.01031	0.04680	0.00807	0.00213	0.01205	0.00508	0.00380	0.00839
30	0.01217	0.00618	0.00922	0.00931	0.00933	0.00616	0.00621	0.00931	0.00951	0.01268	0.01380	0.06010	0.01421	0.02461	0.02683	0.75084	0.00608	0.00693	0.00328	0.00324
31	0.01361	0.01282	0.02165	0.70585	0.07456	0.01586	0.01986	0.01834	0.01432	0.01839	0.01268	0.01893	0.00956	0.00709	0.00712	0.00236	0.00945	0.00633	0.00318	0.00804
32	0.01237	0.00618	0.00928	0.00928	0.00928	0.00618	0.00618	0.00928	0.00928	0.01237	0.01237	0.02165	0.01237	0.02474	0.02783	0.79283	0.00618	0.00618	0.00309	0.00309
33	0.01696	0.01879	0.03963	0.03250	0.15859	0.01781	0.56000	0.02264	0.01670	0.02289	0.01422	0.01892	0.01089	0.00606	0.00816	0.00235	0.01136	0.00803	0.00359	0.00991
34	0.01477	0.01266	0.01477	0.01055	0.01687	0.00949	0.00844	0.01793	0.01477	0.02320	0.01266	0.01477	0.01055	0.00527	0.00527	0.00105	0.00527	0.00422	0.00422	0.79328
35	0.02274	0.07314	0.02286	0.04553	0.04680	0.36493	0.03634	0.10987	0.01913	0.02131	0.01164	0.01448	0.00973	0.00840	0.01004	0.00217	0.16273	0.00537	0.00394	0.00886
36	0.34115	0.10964	0.01908	0.01301	0.01823	0.01779	0.04876	0.14774	0.03755	0.16176	0.01554	0.01588	0.01119	0.00738	0.00577	0.00212	0.00670	0.00534	0.00562	0.00977
37	0.01327	0.00664	0.00664	0.00664	0.00830	0.00664	0.00498	0.01659	0.01493	0.02655	0.02323	0.02655	0.01825	0.00830	0.00498	0.00166	0.00332	0.00664	0.78928	0.00664
38	0.02364	0.16178	0.02484	0.02171	0.14227	0.47060	0.01490	0.02598	0.01844	0.01834	0.01123	0.01343	0.00954	0.00694	0.00620	0.00183	0.01112	0.00476	0.00353	0.00895
39	0.00868	0.00620	0.00826	0.00991	0.01033	0.00578	0.00661	0.00991	0.01363	0.01818	0.03925	0.74510	0.04710	0.02231	0.00909	0.00289	0.00413	0.02024	0.00661	0.00578
40	0.01477	0.01266	0.01477	0.01055	0.01687	0.00949	0.00844	0.01793	0.01477	0.02320	0.01266	0.01477	0.01055	0.00527	0.00527	0.00105	0.00527	0.00422	0.00422	0.79328
41	0.01345	0.01266	0.02136	0.73264	0.04904	0.01582	0.01978	0.01819	0.01424	0.01819	0.01266	0.01898	0.00949	0.00712	0.00712	0.00237	0.00949	0.00633	0.00316	0.00791
42	0.01036	0.00690	0.00777	0.00777	0.00777	0.00690	0.00431	0.01036	0.01036	0.01381	0.02244	0.04660	0.02589	0.74975	0.03624	0.00690	0.00690	0.01036	0.00431	0.00431
43	0.02244	0.43042	0.02961	0.01495	0.01996	0.33961	0.01289	0.02452	0.01703	0.01706	0.01040	0.01206	0.00915	0.00665	0.00540	0.00166	0.00996	0.00416	0.00333	0.00874
44	0.06584	0.01242	0.01549	0.01164	0.01742	0.01037	0.00950	0.02720	0.01768	0.39707	0.02090	0.01974	0.01424	0.00727	0.00625	0.00174	0.00571	0.00580	0.00673	0.32698
45	0.00901	0.00659	0.00903	0.01117	0.03610	0.00620	0.00718	0.01036	0.01373	0.01837	0.03829	0.71813	0.04577	0.02172	0.00901	0.00286	0.00429	0.01973	0.00650	0.00599
46	0.01737	0.01649	0.02763	0.04119	0.64730	0.01659	0.02097	0.02224	0.04517	0.02346	0.01507	0.02061	0.01296	0.00704	0.00717	0.00218	0.00826	0.03341	0.00381	0.01108
47	0.00944	0.00675	0.00913	0.01070	0.01147	0.00643	0.00786	0.01128	0.01456	0.01933	0.06130	0.55115	0.04621	0.02137	0.00926	0.00297	0.00473	0.18340	0.00664	0.00601
48	0.00877	0.00633	0.00833	0.00989	0.01045	0.00589	0.00673	0.01011	0.01387	0.01835	0.04094	0.68441	0.08170	0.02198	0.00908	0.00288	0.00419	0.04367	0.00661	0.00582
49	0.03902	0.28939	0.26243	0.05576	0.02614	0.04623	0.08652	0.02162	0.01473	0.01990	0.01148	0.01424	0.00927	0.00695	0.00745	0.00207	0.06910	0.00514	0.00316	0.00941
50	0.00988	0.00760	0.00925	0.00977	0.01175	0.00697	0.00795	0.01252	0.01701	0.02172	0.17375	0.07021	0.33587	0.01802	0.00895	0.00271	0.00468	0.25823	0.00681	0.00635
51	0.00874	0.00630	0.00829	0.00975	0.01032	0.00584	0.00657	0.01011	0.01409	0.01877	0.07582	0.68028	0.07533	0.02172	0.00902	0.00284	0.00407	0.01964	0.00668	0.00584
52	0.01345	0.01266	0.02136	0.73264	0.04904	0.01582	0.01978	0.01819	0.01424	0.01819	0.01266	0.01898	0.00949	0.00712	0.00712	0.00237	0.00949	0.00633	0.00316	0.00791
53	0.21816	0.38207	0.02613	0.01306	0.01810	0.20321	0.01146	0.02305	0.01534	0.02076	0.01019	0.01182	0.00879	0.00654	0.00500	0.00177	0.00843	0.00402	0.00355	0.00855
54	0.01762	0.01692	0.02890	0.04371	0.70533	0.01692	0.02185	0.02185	0.01621	0.02326	0.01339	0.01762	0.01128	0.00634	0.00705	0.00211	0.00846	0.00634	0.00352	0.01128
55	0.01345	0.01266	0.02136	0.73264	0.04904	0.01582	0.01978	0.01819	0.01424	0.01819	0.01266	0.01898	0.00949	0.00712	0.00712	0.00237	0.00949	0.00633	0.00316	0.00791
56	0.00891	0.00656	0.00840	0.00971	0.01059	0.00605	0.00682	0.01047	0.01448	0.01893	0.06492	0.55988	0.15305	0.02116	0.00902	0.00282	0.00422	0.07146	0.00664	0.00591
57	0.01147	0.00820	0.01147	0.01311	0.01475	0.00820	0.01147	0.01475	0.01639	0.02131	0.03770	0.08032	0.04098	0.01967	0.00984	0.00328	0.00656	0.65741	0.00656	0.00656
58	0.01036	0.00690	0.00777	0.00777	0.00777	0.00690	0.00431	0.01036	0.01036	0.01381	0.02244	0.04660	0.02589	0.74975	0.03624	0.00690	0.00690	0.01036	0.00431	0.00431
59	0.00904	0.00724	0.00808	0.00787	0.01000	0.00628	0.00590	0.01143	0.01771	0.02275	0.30957	0.06274	0.46281	0.01672	0.00841	0.00234	0.00351	0.01422	0.00707	0.00628
60	0.80005	0.01377	0.01047	0.00936	0.01377	0.01597	0.00771	0.02093	0.01212	0.03195	0.00991	0.01157	0.00771	0.00661	0.00441	0.00220	0.00551	0.00386	0.00441	0.00771
61	0.01904	0.75404	0.03731	0.01218	0.01828	0.02818	0.01218	0.02132	0.01447	0.01675	0.00990	0.01142	0.00914	0.00609	0.00457	0.00152	0.00761	0.00381	0.00305	0.00914
62	0.02707	0.01995	0.02137	0.01638	0.02208	0.02208	0.01353	0.68159	0.03348	0.04488	0.01710	0.01710	0.01211	0.00855	0.00712	0.00214	0.00784	0.00641	0.00712	0.01211
63	0.00933	0.00706	0.00861	0.00863	0.01028	0.00634	0.00632	0.01184	0.01779	0.02389	0.39399	0.18746	0.24845	0.01702	0.00853	0.00241	0.00358	0.01489	0.00725	0.00634
64	0.01681	0.01921	0.04202	0.03001	0.03721	0.01801	0.67947	0.02281	0.01681	0.02281	0.01441	0.01921	0.01080	0.00600	0.00840	0.00240	0.01200	0.00840	0.00360	0.00960
65	0.01345	0.01266	0.02136	0.73264	0.04904	0.01582	0.01978	0.01819	0.01424	0.01819	0.01266	0.01898	0.00949	0.00712	0.00712	0.00237	0.00949	0.00633	0.00316	0.00791
66	0.51014	0.01507	0.01393	0.01152	0.01638	0.01675	0.00950	0.18470	0.01844	0.12379	0.01405	0.01458	0.01009	0.00737	0.00543	0.00219	0.00615	0.00491	0.00565	0.00937
67	0.01556	0.01576	0.03013	0.02326	0.02853	0.01542	0.40408	0.02302	0.12013	0.02349	0.02267	0.03617	0.02030	0.01010	0.00860	0.00263	0.00962	0.17653	0.00493	0.00907
68	0.01036	0.00690	0.00777	0.00777	0.00777	0.00690	0.00431	0.01036	0.01036	0.01381	0.02244	0.04660	0.02589	0.74975	0.03624	0.00690	0.00690	0.01036	0.00431	0.00431
69	0.01525	0.18239	0.57576	0.01865	0.02827	0.01890	0.02344	0.02230	0.01492	0.02137	0.01219	0.01430	0.00904	0.00663	0.00632	0.00211	0.00993	0.00497	0.00301	0.01024
70	0.02707	0.01995	0.02137	0.01638	0.02208	0.02208	0.01353	0.68159	0.03348	0.04488	0.01710	0.01710	0.01211	0.00855	0.00712	0.00214	0.00784	0.00641	0.00712	0.01211
71	0.01127	0.00805	0.01124	0.01288	0.01442	0.00802	0.01111	0.01439	0.01619	0.02108	0.03782	0.12970	0.04143	0.01987	0.00978	0.00325	0.00638	0.61008	0.00656	0.00650
72	0.00979	0.00727	0.00911	0.00865	0.01046	0.00659	0.00649	0.01287	0.01947	0.02692	0.59127	0.05588	0.17851	0.01517	0.00840	0.00227	0.00340	0.01325	0.00762	0.00659
73	0.01327	0.00664	0.00664	0.00664	0.00830	0.00664	0.00498	0.01659	0.01493	0.02655	0.02323	0.02655	0.01825	0.00830	0.00498	0.00166	0.00332	0.00664	0.78928	0.00664
74	0.00981	0.00701	0.00957	0.01121	0.01213	0.00676	0.00859	0.01188	0.01475	0.01945	0.03862	0.47511	0.04461	0.02124	0.00939	0.00305	0.00512	0.27902	0.00659	0.00610
75	0.00983	0.00721	0.00920	0.00882	0.01051	0.00659	0.00657	0.01291	0.01939	0.02701	0.59901	0.09164	0.13408	0.01534	0.00844	0.00229	0.00343	0.01350	0.00764	0.00659
76	0.01670	0.01890	0.04028	0.02904	0.03562	0.01833	0.62234	0.02232	0.01630	0.02232	0.01397	0.01890	0.01068	0.00656	0.00969	0.00246	0.07437	0.00822	0.00356	0.00945
77	0.02707	0.01995	0.02137	0.01638	0.02208	0.02208	0.01353	0.68159	0.03348	0.04488	0.01710	0.01710	0.01211	0.00855	0.00712	0.00214	0.00784	0.00641	0.00712	0.01211
78	0.01428	0.00823	0.01073	0.00956	0.01205	0.00741	0.00736	0.01741	0.01991	0.16280	0.52125	0.04860	0.10483	0.01368	0.00815	0.00224	0.00391	0.01191	0.00794	0.00773
79	0.00849	0.00712	0.00738	0.00752	0.00972	0.00601	0.00556	0.01030	0.01612	0.01945	0.08978	0.12938	0.62219	0.01831	0.00848	0.00244	0.00365	0.01543	0.00665	0.00601
80	0.01709	0.01258	0.01526	0.03792	0.01826	0.00986	0.00914	0.02026	0.01552	0.11809	0.01479	0.01623	0.01149	0.00583	0.00560	0.00126	0.00554	0.00470	0.00481	0.65574
81	0.01743	0.30821	0.26530	0.02042	0.09010	0.02154	0.10330	0.05707	0.01613	0.02160	0.01216	0.01453	0.00967	0.00646	0.00617	0.00197	0.00925	0.00527	0.00337	0.01003
82	0.59073	0.01531	0.01306	0.01345	0.07869	0.07788	0.00959	0.02100	0.01344	0.02892	0.03358	0.01449	0.01067	0.00940	0.04308	0.00265	0.00708	0.00465	0.00434	0.00799

[dist]
# distance from previous block
# <min> <max>
0	1

[block]
# block no. 4 follows, 29 sequences, length 87
# corresponding to MSA columns:
# 202-288
name=unknown_E
#
# <colnr> <probs for GDERKNQSTAVLIFYWHMCP>
#	G	D	E	R	K	N	Q	S	T	A	V	L	I	F	Y	W	H	M	C	P
0	0.01749	0.09783	0.03014	0.03831	0.56361	0.01797	0.06380	0.02157	0.01591	0.02230	0.01326	0.01738	0.01122	0.00779	0.02962	0.00237	0.00894	0.00624	0.00349	0.01078
1	0.01718	0.01649	0.02698	0.06464	0.54932	0.01761	0.02036	0.02184	0.04880	0.02253	0.01356	0.01783	0.01145	0.00741	0.00938	0.00228	0.11164	0.00641	0.00364	0.01066
2	0.02535	0.01890	0.02040	0.01587	0.02130	0.02085	0.01303	0.58812	0.07892	0.04200	0.01787	0.01810	0.01296	0.01020	0.03390	0.00247	0.00801	0.00650	0.00691	0.03835
3	0.00916	0.00652	0.00800	0.00898	0.00948	0.00615	0.00579	0.01008	0.01290	0.01696	0.03751	0.46329	0.10788	0.24307	0.01728	0.00406	0.00492	0.01670	0.00591	0.00536
4	0.01533	0.01802	0.10514	0.10226	0.12233	0.01807	0.15320	0.01939	0.01404	0.02027	0.03674	0.01872	0.01227	0.01067	0.04004	0.00293	0.27135	0.00688	0.00346	0.00888
5	0.01372	0.01294	0.02186	0.68715	0.09238	0.01589	0.01991	0.01843	0.01437	0.01853	0.01270	0.01889	0.00961	0.00707	0.00711	0.00236	0.00942	0.00633	0.00319	0.00813
6	0.01068	0.06076	0.01095	0.03410	0.01218	0.00834	0.00697	0.01313	0.01731	0.04245	0.27896	0.05540	0.36765	0.03942	0.00897	0.00243	0.00420	0.01279	0.00665	0.00667
7	0.01538	0.01264	0.01483	0.01062	0.01692	0.00953	0.00851	0.01853	0.01496	0.04760	0.01320	0.01510	0.01080	0.00540	0.00534	0.00110	0.00530	0.00432	0.00438	0.76555
8	0.01558	0.01314	0.01520	0.01093	0.01722	0.01032	0.00877	0.06175	0.01600	0.02463	0.01295	0.01492	0.01065	0.00549	0.00540	0.00113	0.00544	0.00436	0.00441	0.74170
9	0.01279	0.01083	0.01719	0.34749	0.07619	0.01229	0.01599	0.01681	0.01539	0.02000	0.02453	0.04785	0.02447	0.01299	0.00840	0.00278	0.00804	0.31368	0.00479	0.00749
10	0.01762	0.01692	0.02890	0.04371	0.70533	0.01692	0.02185	0.02185	0.01621	0.02326	0.01339	0.01762	0.01128	0.00634	0.00705	0.00211	0.00846	0.00634	0.00352	0.01128
11	0.00850	0.00722	0.00733	0.00730	0.00967	0.00605	0.00547	0.01038	0.01642	0.01970	0.10324	0.06777	0.67105	0.01786	0.00841	0.00240	0.00359	0.01492	0.00667	0.00605
12	0.01036	0.00690	0.00777	0.00777	0.00777	0.00690	0.00431	0.01036	0.01036	0.01381	0.02244	0.04660	0.02589	0.74975	0.03624	0.00690	0.00690	0.01036	0.00431	0.00431
13	0.01576	0.01485	0.02479	0.26650	0.41844	0.01606	0.01992	0.02065	0.04070	0.02140	0.01411	0.01909	0.01152	0.00983	0.05426	0.00283	0.00939	0.00649	0.00357	0.00985
14	0.02113	0.00981	0.01259	0.01044	0.01433	0.00850	0.00834	0.02376	0.01923	0.38444	0.17933	0.04207	0.21088	0.01247	0.00775	0.00226	0.00484	0.01045	0.00802	0.00937
15	0.01509	0.03177	0.53287	0.02520	0.14632	0.01674	0.08736	0.02246	0.01540	0.02270	0.01304	0.01587	0.00957	0.00662	0.00697	0.00224	0.01031	0.00574	0.00315	0.01057
16	0.01464	0.09102	0.66181	0.01968	0.02987	0.01742	0.02524	0.02246	0.01499	0.02211	0.01256	0.01476	0.00903	0.00671	0.00660	0.00220	0.01030	0.00515	0.00301	0.01042
17	0.01025	0.00732	0.00987	0.00987	0.01060	0.00805	0.00694	0.01171	0.01098	0.01537	0.02051	0.03593	0.02126	0.35088	0.42878	0.00950	0.01387	0.00879	0.00403	0.00548
18	0.02591	0.09979	0.02175	0.01778	0.02167	0.65779	0.01361	0.02778	0.01966	0.01737	0.01091	0.01271	0.00917	0.00722	0.00625	0.00181	0.01236	0.00451	0.00361	0.00834
19	0.02853	0.01160	0.01558	0.01225	0.01719	0.01024	0.01000	0.03201	0.04508	0.59508	0.11718	0.02815	0.02433	0.00960	0.00733	0.00222	0.00569	0.00795	0.00863	0.01137
20	0.02569	0.01926	0.02060	0.01611	0.02156	0.02144	0.01320	0.58704	0.13027	0.04266	0.01884	0.01849	0.01352	0.00871	0.00714	0.00218	0.00751	0.00665	0.00714	0.01199
21	0.00842	0.00721	0.00721	0.00721	0.00962	0.00601	0.00541	0.01022	0.01623	0.01924	0.07213	0.06853	0.70244	0.01803	0.00842	0.00240	0.00361	0.01503	0.00661	0.00601
22	0.01428	0.03683	0.71286	0.02030	0.03082	0.01654	0.02631	0.02255	0.01503	0.02255	0.01278	0.01503	0.00902	0.00677	0.00677	0.00226	0.01052	0.00526	0.00301	0.01052
23	0.01019	0.00755	0.01105	0.01105	0.01219	0.00869	0.00842	0.01247	0.01133	0.01624	0.01943	0.02994	0.01866	0.12710	0.64901	0.01096	0.01779	0.00792	0.00387	0.00614
24	0.01017	0.00763	0.01144	0.01144	0.01272	0.00890	0.00890	0.01272	0.01144	0.01653	0.01907	0.02797	0.01780	0.05340	0.72153	0.01144	0.01907	0.00763	0.00381	0.00636
25	0.01237	0.00618	0.00928	0.00928	0.00928	0.00618	0.00618	0.00928	0.00928	0.01237	0.01237	0.02165	0.01237	0.02474	0.02783	0.79283	0.00618	0.00618	0.00309	0.00309
26	0.03195	0.01212	0.01652	0.01267	0.01818	0.01047	0.01047	0.03470	0.02038	0.71026	0.02809	0.02424	0.01763	0.00881	0.00716	0.00220	0.00606	0.00716	0.00881	0.01212
27	0.01477	0.01266	0.01477	0.01055	0.01687	0.00949	0.00844	0.01793	0.01477	0.02320	0.01266	0.01477	0.01055	0.00527	0.00527	0.00105	0.00527	0.00422	0.00422	0.79328
28	0.01036	0.00690	0.00777	0.00777	0.00777	0.00690	0.00431	0.01036	0.01036	0.01381	0.02244	0.04660	0.02589	0.74975	0.03624	0.00690	0.00690	0.01036	0.00431	0.00431
29	0.00886	0.00727	0.00789	0.00824	0.01039	0.00630	0.00635	0.01083	0.01606	0.01945	0.06483	0.12123	0.56029	0.01859	0.00867	0.00256	0.00406	0.10545	0.00660	0.00607
30	0.01032	0.00762	0.00968	0.00911	0.01092	0.00715	0.00685	0.01432	0.04859	0.02815	0.64184	0.05281	0.09664	0.01452	0.00835	0.00226	0.00347	0.01278	0.00775	0.00688
31	0.01428	0.03683	0.71286	0.02030	0.03082	0.01654	0.02631	0.02255	0.01503	0.02255	0.01278	0.01503	0.00902	0.00677	0.00677	0.00226	0.01052	0.00526	0.00301	0.01052
32	0.02707	0.01995	0.02137	0.01638	0.02208	0.02208	0.01353	0.68159	0.03348	0.04488	0.01710	0.01710	0.01211	0.00855	0.00712	0.00214	0.00784	0.00641	0.00712	0.01211
33	0.01148	0.01156	0.00947	0.00914	0.01170	0.12239	0.00685	0.01339	0.01713	0.01954	0.10284	0.05848	0.54864	0.01607	0.00809	0.00230	0.00509	0.01319	0.00621	0.00642
34	0.02707	0.01995	0.02137	0.01638	0.02208	0.02208	0.01353	0.68159	0.03348	0.04488	0.01710	0.01710	0.01211	0.00855	0.00712	0.00214	0.00784	0.00641	0.00712	0.01211
35	0.01904	0.75404	0.03731	0.01218	0.01828	0.02818	0.01218	0.02132	0.01447	0.01675	0.00990	0.01142	0.00914	0.00609	0.00457	0.00152	0.00761	0.00381	0.00305	0.00914
36	0.01558	0.01558	0.02181	0.01869	0.01869	0.02181	0.01558	0.01714	0.01091	0.01714	0.00935	0.01558	0.00935	0.01246	0.02337	0.00312	0.73672	0.00623	0.00312	0.00779
37	0.03163	0.01264	0.01684	0.01291	0.01844	0.01123	0.01067	0.07742	0.02125	0.66633	0.02737	0.02376	0.01726	0.00880	0.00716	0.00220	0.00618	0.00711	0.00870	0.01212
38	0.01771	0.01530	0.01610	0.01449	0.01852	0.01771	0.01127	0.03784	0.69247	0.02979	0.02898	0.02657	0.02174	0.00966	0.00725	0.00242	0.00564	0.00805	0.00725	0.01127
39	0.02542	0.03170	0.02133	0.02168	0.11187	0.62856	0.01482	0.02757	0.01966	0.01819	0.01132	0.01347	0.00945	0.00721	0.00650	0.00187	0.01226	0.00482	0.00365	0.00865
40	0.01558	0.01558	0.02181	0.01869	0.01869	0.02181	0.01558	0.01714	0.01091	0.01714	0.00935	0.01558	0.00935	0.01246	0.02337	0.00312	0.73672	0.00623	0.00312	0.00779
41	0.01808	0.01548	0.01631	0.01457	0.01866	0.01788	0.01136	0.06309	0.66662	0.03038	0.02852	0.02620	0.02136	0.00962	0.00724	0.00240	0.00572	0.00799	0.00724	0.01130
42	0.01008	0.00728	0.00952	0.00896	0.01064	0.00672	0.00672	0.01344	0.02016	0.02855	0.70158	0.05319	0.06719	0.01456	0.00840	0.00224	0.00336	0.01288	0.00784	0.00672
43	0.01271	0.01079	0.01463	0.01414	0.01488	0.01310	0.01123	0.04672	0.01408	0.01967	0.02654	0.31203	0.02996	0.01742	0.01454	0.00301	0.28228	0.12997	0.00530	0.00700
44	0.01762	0.01692	0.02890	0.04371	0.70533	0.01692	0.02185	0.02185	0.01621	0.02326	0.01339	0.01762	0.01128	0.00634	0.00705	0.00211	0.00846	0.00634	0.00352	0.01128
45	0.01345	0.01266	0.02136	0.73264	0.04904	0.01582	0.01978	0.01819	0.01424	0.01819	0.01266	0.01898	0.00949	0.00712	0.00712	0.00237	0.00949	0.00633	0.00316	0.00791
46	0.00976	0.00697	0.00916	0.01054	0.01130	0.00672	0.00750	0.03224	0.01458	0.01936	0.03770	0.59445	0.04427	0.04740	0.01011	0.00307	0.00472	0.11757	0.00654	0.00605
47	0.01008	0.00728	0.00952	0.00896	0.01064	0.00672	0.00672	0.01344	0.02016	0.02855	0.70158	0.05319	0.06719	0.01456	0.00840	0.00224	0.00336	0.01288	0.00784	0.00672
48	0.01943	0.04129	0.02478	0.10955	0.37720	0.21938	0.01842	0.02292	0.01710	0.02073	0.01394	0.01987	0.01214	0.00748	0.00697	0.00211	0.00970	0.04360	0.00369	0.00970
49	0.00868	0.00620	0.00826	0.00991	0.01033	0.00578	0.00661	0.00991	0.01363	0.01818	0.03925	0.74510	0.04710	0.02231	0.00909	0.00289	0.00413	0.02024	0.00661	0.00578
50	0.01887	0.72938	0.06054	0.01246	0.01871	0.02778	0.01267	0.02136	0.01449	0.01695	0.01000	0.01155	0.00913	0.00612	0.00464	0.00155	0.00771	0.00386	0.00304	0.00919
51	0.02692	0.01826	0.02063	0.06311	0.02326	0.01989	0.01348	0.53868	0.03020	0.14505	0.01849	0.01831	0.01278	0.00849	0.00713	0.00216	0.00767	0.00652	0.00712	0.01183
52	0.00880	0.00723	0.00774	0.00761	0.00985	0.00617	0.00571	0.01096	0.01713	0.02137	0.21619	0.06502	0.55706	0.01724	0.00841	0.00237	0.00355	0.01454	0.00689	0.00617
53	0.02548	0.04791	0.22339	0.01560	0.02252	0.05524	0.01570	0.09504	0.01989	0.37588	0.02083	0.01969	0.01374	0.00800	0.00690	0.00217	0.00800	0.00626	0.00643	0.01132
54	0.02044	0.02180	0.02622	0.03574	0.49228	0.21530	0.01932	0.04371	0.01785	0.02228	0.01283	0.01626	0.01071	0.00669	0.00687	0.00204	0.00967	0.00585	0.00367	0.01045
55	0.01558	0.01558	0.02181	0.01869	0.01869	0.02181	0.01558	0.01714	0.01091	0.01714	0.00935	0.01558	0.00935	0.01246	0.02337	0.00312	0.73672	0.00623	0.00312	0.00779
56	0.39386	0.01620	0.01617	0.09180	0.02109	0.01848	0.01145	0.29386	0.02119	0.03578	0.01319	0.01467	0.00973	0.00747	0.00583	0.00219	0.00691	0.00518	0.00539	0.00955
57	0.01764	0.01846	0.05620	0.09985	0.54712	0.07090	0.02094	0.02187	0.01630	0.02229	0.01381	0.01905	0.01171	0.00689	0.00707	0.00215	0.00892	0.02468	0.00357	0.01059
58	0.01894	0.01914	0.08519	0.01794	0.02187	0.06476	0.08581	0.22283	0.04329	0.02737	0.01761	0.12004	0.01609	0.01100	0.01154	0.00252	0.19119	0.00837	0.00506	0.00943
59	0.01237	0.00618	0.00928	0.00928	0.00928	0.00618	0.00618	0.00928	0.00928	0.01237	0.01237	0.02165	0.01237	0.02474	0.02783	0.79283	0.00618	0.00618	0.00309	0.00309
60	0.01515	0.03125	0.51064	0.02509	0.12524	0.01683	0.13037	0.02250	0.01548	0.02269	0.01312	0.01606	0.00962	0.00658	0.00707	0.00226	0.01048	0.00592	0.00317	0.01048
61	0.76674	0.01390	0.01125	0.01083	0.04321	0.01601	0.00831	0.02097	0.01229	0.03158	0.01006	0.01183	0.00786	0.00660	0.00452	0.00220	0.00563	0.00396	0.00437	0.00786
62	0.01209	0.00772	0.01016	0.00930	0.01133	0.00706	0.00706	0.01539	0.02018	0.09127	0.63962	0.05053	0.06263	0.01403	0.00828	0.00224	0.00361	0.01235	0.00793	0.00722
63	0.01904	0.75404	0.03731	0.01218	0.01828	0.02818	0.01218	0.02132	0.01447	0.01675	0.00990	0.01142	0.00914	0.00609	0.00457	0.00152	0.00761	0.00381	0.00305	0.00914
64	0.00925	0.00723	0.00829	0.00808	0.01000	0.00645	0.00597	0.01155	0.01716	0.02233	0.30777	0.05965	0.38773	0.06755	0.03707	0.00299	0.00432	0.01361	0.00682	0.00618
65	0.00868	0.00620	0.00826	0.00991	0.01033	0.00578	0.00661	0.00991	0.01363	0.01818	0.03925	0.74510	0.04710	0.02231	0.00909	0.00289	0.00413	0.02024	0.00661	0.00578
66	0.00994	0.00727	0.00933	0.00881	0.01055	0.00666	0.00661	0.01317	0.01983	0.02779	0.64975	0.05445	0.11949	0.01484	0.00840	0.00225	0.00338	0.01305	0.00774	0.00666
67	0.01035	0.00693	0.00791	0.00791	0.00796	0.00698	0.00450	0.01045	0.01040	0.01392	0.02230	0.04586	0.02557	0.72203	0.06352	0.00708	0.00739	0.01025	0.00429	0.00440
68	0.01428	0.03683	0.71286	0.02030	0.03082	0.01654	0.02631	0.02255	0.01503	0.02255	0.01278	0.01503	0.00902	0.00677	0.00677	0.00226	0.01052	0.00526	0.00301	0.01052
69	0.02707	0.01995	0.02137	0.01638	0.02208	0.02208	0.01353	0.68159	0.03348	0.04488	0.01710	0.01710	0.01211	0.00855	0.00712	0.00214	0.00784	0.00641	0.00712	0.01211
70	0.01017	0.00763	0.01144	0.01144	0.01272	0.00890	0.00890	0.01272	0.01144	0.01653	0.01907	0.02797	0.01780	0.05340	0.72153	0.01144	0.01907	0.00763	0.00381	0.00636
71	0.01002	0.00728	0.00943	0.00889	0.01060	0.00669	0.00667	0.01332	0.02001	0.02820	0.67794	0.05377	0.09104	0.01469	0.00840	0.00225	0.00337	0.01296	0.00779	0.00669
72	0.01237	0.00618	0.00928	0.00928	0.00928	0.00618	0.00618	0.00928	0.00928	0.01237	0.01237	0.02165	0.01237	0.02474	0.02783	0.79283	0.00618	0.00618	0.00309	0.00309
73	0.01237	0.00618	0.00928	0.00928	0.00928	0.00618	0.00618	0.00928	0.00928	0.01237	0.01237	0.02165	0.01237	0.02474	0.02783	0.79283	0.00618	0.00618	0.00309	0.00309
74	0.01155	0.00837	0.01185	0.04041	0.01605	0.00849	0.01179	0.01488	0.01631	0.02119	0.03675	0.07799	0.03979	0.01919	0.00973	0.00324	0.00667	0.63271	0.00643	0.00661
75	0.01290	0.01164	0.01668	0.01510	0.01573	0.01542	0.01227	0.01495	0.01117	0.01684	0.01416	0.02172	0.01353	0.03274	0.36910	0.00724	0.38134	0.00692	0.00346	0.00708
76	0.01755	0.03876	0.03044	0.08151	0.52358	0.03797	0.12196	0.02196	0.01625	0.02253	0.01333	0.01763	0.01098	0.00636	0.00717	0.00215	0.00917	0.00653	0.00351	0.01067
77	0.01477	0.01266	0.01477	0.01055	0.01687	0.00949	0.00844	0.01793	0.01477	0.02320	0.01266	0.01477	0.01055	0.00527	0.00527	0.00105	0.00527	0.00422	0.00422	0.79328
78	0.01272	0.01078	0.01504	0.01684	0.11983	0.01100	0.05017	0.01871	0.16254	0.02127	0.03150	0.29581	0.07434	0.11176	0.01187	0.00314	0.00593	0.01308	0.00579	0.00788
79	0.00842	0.00721	0.00721	0.00721	0.00962	0.00601	0.00541	0.01022	0.01623	0.01924	0.07213	0.06853	0.70244	0.01803	0.00842	0.00240	0.00361	0.01503	0.00661	0.00601
80	0.02660	0.03394	0.02018	0.01834	0.02201	0.72116	0.01376	0.02843	0.02018	0.01743	0.01101	0.01284	0.00917	0.00734	0.00642	0.00183	0.01284	0.00459	0.00367	0.00825
81	0.03195	0.01212	0.01652	0.01267	0.01818	0.01047	0.01047	0.03470	0.02038	0.71026	0.02809	0.02424	0.01763	0.00881	0.00716	0.00220	0.00606	0.00716	0.00881	0.01212
82	0.01771	0.01530	0.01610	0.01449	0.01852	0.01771	0.01127	0.03784	0.69247	0.02979	0.02898	0.02657	0.02174	0.00966	0.00725	0.00242	0.00564	0.00805	0.00725	0.01127
83	0.01020	0.00753	0.01095	0.01095	0.01205	0.00863	0.00828	0.01240	0.01130	0.01616	0.01953	0.03049	0.01889	0.14744	0.62899	0.01083	0.01743	0.00800	0.00388	0.00608
84	0.80005	0.01377	0.01047	0.00936	0.01377	0.01597	0.00771	0.02093	0.01212	0.03195	0.00991	0.01157	0.00771	0.00661	0.00441	0.00220	0.00551	0.00386	0.00441	0.00771
85	0.05240	0.13539	0.02258	0.01511	0.02042	0.06793	0.01262	0.44254	0.05348	0.05631	0.01629	0.01736	0.01232	0.03449	0.00762	0.00221	0.00788	0.00602	0.00611	0.01092
86	0.04515	0.01254	0.01398	0.03864	0.01708	0.04085	0.00934	0.02100	0.12175	0.06340	0.06035	0.13477	0.02239	0.01000	0.00669	0.00188	0.00562	0.02859	0.00556	0.34044

[dist]
# distance from previous block
# <min> <max>
0	1

[block]
# block no. 5 follows, 29 sequences, length 23
# corresponding to MSA columns:
# 290-312
name=unknown_F
#
# <colnr> <probs for GDERKNQSTAVLIFYWHMCP>
#	G	D	E	R	K	N	Q	S	T	A	V	L	I	F	Y	W	H	M	C	P
