[name]
unknown

[dist]
# distance from previous block
# <min> <max>
0	2

[block]
# block no. 0 follows, 29 sequences, length 85
# corresponding to MSA columns:
# 6-79,123-133
name=unknown_A
#
# <colnr> <probs for GDERKNQSTAVLIFYWHMCP>
#	G	D	E	R	K	N	Q	S	T	A	V	L	I	F	Y	W	H	M	C	P
0	0.01791	0.01525	0.02061	0.39710	0.09729	0.07397	0.01712	0.09059	0.03720	0.08167	0.01681	0.02361	0.01341	0.00841	0.00727	0.00234	0.00887	0.05704	0.00452	0.00904
1	0.59100	0.01557	0.04360	0.01362	0.07516	0.01646	0.01042	0.08676	0.01504	0.05994	0.01179	0.01330	0.00892	0.00688	0.00512	0.00219	0.00623	0.00452	0.00472	0.00875
2	0.01690	0.01469	0.01742	0.08092	0.07450	0.01560	0.01224	0.05099	0.38991	0.02710	0.02188	0.02197	0.01674	0.00806	0.00673	0.00204	0.00619	0.00676	0.00584	0.20352
3	0.24437	0.31294	0.12852	0.01315	0.01918	0.07884	0.01302	0.02307	0.01483	0.07859	0.01191	0.01317	0.00941	0.00667	0.00522	0.00191	0.00775	0.00438	0.00395	0.00911
4	0.08256	0.01429	0.02390	0.45056	0.19888	0.01627	0.07384	0.01967	0.01473	0.02095	0.01274	0.01804	0.00987	0.00680	0.00698	0.00230	0.00911	0.00629	0.00339	0.00882
5	0.00913	0.00641	0.00824	0.00952	0.00987	0.00610	0.00622	0.01015	0.01297	0.01728	0.03541	0.56929	0.04214	0.18652	0.01524	0.00381	0.00482	0.03533	0.00609	0.00547
6	0.00990	0.00808	0.01147	0.01089	0.01291	0.00736	0.06477	0.01244	0.01657	0.02178	0.21258	0.24559	0.24530	0.01744	0.00872	0.00258	0.00468	0.07381	0.00665	0.00649
7	0.01698	0.04611	0.02846	0.09349	0.42917	0.01625	0.12470	0.02114	0.01601	0.04852	0.01615	0.08075	0.01430	0.00782	0.00735	0.00223	0.00861	0.00780	0.00396	0.01020
8	0.07500	0.02403	0.02029	0.01787	0.05039	0.33254	0.05493	0.17772	0.02152	0.06780	0.01471	0.01797	0.01192	0.07158	0.00922	0.00244	0.01003	0.00594	0.00488	0.00923
9	0.01139	0.00734	0.00962	0.00949	0.01113	0.00671	0.00694	0.01398	0.01800	0.08142	0.41641	0.26572	0.08132	0.01662	0.00851	0.00244	0.00383	0.01477	0.00749	0.00685
10	0.01756	0.01681	0.02761	0.03667	0.50754	0.01718	0.08145	0.02509	0.14932	0.02450	0.01656	0.01953	0.01329	0.00696	0.00722	0.00220	0.00824	0.00687	0.00426	0.01112
11	0.08257	0.02048	0.07628	0.03069	0.22947	0.07809	0.33211	0.02284	0.01642	0.02322	0.01334	0.01730	0.01043	0.00632	0.00740	0.00224	0.01041	0.00689	0.00361	0.00988
12	0.01020	0.00691	0.00812	0.00826	0.00841	0.00698	0.00490	0.01052	0.01072	0.01440	0.02354	0.10282	0.02695	0.62946	0.09311	0.00696	0.00772	0.01094	0.00446	0.00461
13	0.02391	0.01122	0.01449	0.01215	0.01623	0.01049	0.00961	0.04411	0.10452	0.42310	0.09734	0.14913	0.02797	0.01177	0.00762	0.00235	0.00545	0.01004	0.00810	0.01040
14	0.11096	0.64361	0.03365	0.01199	0.01787	0.02655	0.01170	0.04246	0.01480	0.01944	0.01013	0.01162	0.00907	0.00623	0.00463	0.00162	0.00737	0.00390	0.00334	0.00907
15	0.08276	0.07751	0.03772	0.01308	0.04341	0.08844	0.00993	0.02116	0.04648	0.15248	0.10911	0.15840	0.02736	0.08883	0.01017	0.00273	0.00650	0.00972	0.00592	0.00829
16	0.01627	0.01812	0.03830	0.13363	0.03836	0.01781	0.56009	0.02194	0.01623	0.02194	0.01398	0.01906	0.01056	0.00638	0.00870	0.00242	0.03536	0.00803	0.00352	0.00929
17	0.01020	0.00745	0.01055	0.01050	0.01155	0.00832	0.00780	0.01230	0.01195	0.01698	0.07625	0.03381	0.02352	0.19017	0.52474	0.00977	0.01533	0.00861	0.00425	0.00598
18	0.01786	0.01891	0.05084	0.09637	0.50053	0.07768	0.08992	0.02224	0.01642	0.02227	0.01321	0.01741	0.01083	0.00647	0.00713	0.00215	0.00936	0.00637	0.00350	0.01054
19	0.01384	0.01614	0.12511	0.01699	0.02104	0.03521	0.17522	0.01757	0.01483	0.04105	0.09124	0.07615	0.04209	0.13752	0.09150	0.00415	0.05877	0.00929	0.00451	0.00777
20	0.00999	0.00682	0.00780	0.00804	0.00825	0.00669	0.00471	0.01028	0.01120	0.01478	0.02800	0.14810	0.07190	0.59902	0.03058	0.00604	0.00630	0.01207	0.00479	0.00463
21	0.02199	0.01988	0.01798	0.03564	0.02037	0.16586	0.01220	0.24750	0.24765	0.03134	0.02180	0.02166	0.03716	0.00891	0.00692	0.00215	0.00778	0.00686	0.05599	0.01036
22	0.02148	0.01831	0.02103	0.12029	0.05081	0.11144	0.06886	0.15043	0.23015	0.10230	0.02017	0.02071	0.01479	0.00826	0.00717	0.00224	0.00823	0.00691	0.00589	0.01050
23	0.01548	0.01312	0.02146	0.56767	0.08555	0.01592	0.01876	0.01976	0.01462	0.07813	0.01376	0.01907	0.01030	0.00766	0.00846	0.00240	0.06933	0.00639	0.00367	0.00848
24	0.01080	0.00862	0.01262	0.01233	0.01335	0.01044	0.00964	0.01310	0.01155	0.01675	0.01939	0.08562	0.01905	0.04513	0.56531	0.00958	0.11779	0.00848	0.00395	0.00651
25	0.73606	0.01428	0.01137	0.00995	0.01446	0.01648	0.00819	0.07562	0.01389	0.03302	0.01051	0.01203	0.00808	0.00677	0.00463	0.00220	0.00570	0.00407	0.00463	0.00808
26	0.01628	0.02188	0.15401	0.02745	0.03498	0.01761	0.52959	0.02245	0.01628	0.02262	0.01393	0.01826	0.01045	0.00629	0.00846	0.00236	0.03218	0.00768	0.00351	0.03372
27	0.01726	0.06513	0.03457	0.02633	0.09200	0.03968	0.42333	0.02416	0.09553	0.02315	0.01548	0.01886	0.01195	0.00645	0.00758	0.00219	0.01013	0.00742	0.00404	0.07476
28	0.00929	0.00673	0.00858	0.00916	0.01017	0.00623	0.00636	0.01124	0.01595	0.02165	0.27859	0.38015	0.11173	0.07704	0.01094	0.00293	0.00403	0.01634	0.00687	0.00602
29	0.01253	0.00900	0.00988	0.00926	0.01211	0.00828	0.00725	0.07138	0.03734	0.07931	0.07390	0.08028	0.47906	0.01639	0.00830	0.00245	0.00448	0.06467	0.00688	0.00725
30	0.01924	0.63069	0.09593	0.01341	0.01970	0.08451	0.01357	0.02202	0.01499	0.01732	0.01025	0.01186	0.00913	0.00625	0.00492	0.00161	0.00831	0.00400	0.00309	0.00919
31	0.00865	0.00716	0.00760	0.00773	0.00989	0.00611	0.00577	0.01058	0.01635	0.01998	0.12150	0.12354	0.57836	0.01814	0.00851	0.00245	0.00370	0.03120	0.00671	0.00607
32	0.00966	0.00657	0.00796	0.00873	0.00897	0.00637	0.00540	0.01034	0.01202	0.01623	0.03028	0.37092	0.03552	0.38891	0.02266	0.00488	0.00551	0.01484	0.02915	0.00507
33	0.08400	0.32637	0.37767	0.01606	0.02425	0.02122	0.01896	0.02191	0.01455	0.02100	0.01136	0.01327	0.00896	0.00648	0.00567	0.00195	0.00891	0.00455	0.00314	0.00972
34	0.01000	0.00685	0.00777	0.00796	0.00822	0.00670	0.00467	0.01029	0.01123	0.01477	0.02862	0.12746	0.08665	0.60438	0.03077	0.00606	0.00631	0.01188	0.00477	0.00463
35	0.01477	0.01266	0.01477	0.01055	0.01687	0.00949	0.00844	0.01793	0.01477	0.02320	0.01266	0.01477	0.01055	0.00527	0.00527	0.00105	0.00527	0.00422	0.00422	0.79328
36	0.00882	0.00718	0.00749	0.00744	0.00947	0.00619	0.00539	0.01053	0.01583	0.01938	0.12306	0.06430	0.55710	0.11232	0.01201	0.00297	0.00401	0.01423	0.00643	0.00586
37	0.01801	0.01765	0.02853	0.04262	0.67594	0.04721	0.02151	0.02214	0.01638	0.02301	0.01329	0.01742	0.01119	0.00639	0.00702	0.00210	0.00865	0.00627	0.00353	0.01115
38	0.00907	0.00671	0.00848	0.00916	0.01030	0.00611	0.00644	0.01107	0.01611	0.02159	0.25144	0.41486	0.16415	0.01917	0.00876	0.00261	0.00380	0.01706	0.00699	0.00611
39	0.00996	0.00719	0.00941	0.00904	0.01061	0.00664	0.00671	0.01313	0.01959	0.02766	0.64444	0.11288	0.06545	0.01523	0.00846	0.00230	0.00343	0.01351	0.00773	0.00664
40	0.00882	0.00626	0.00822	0.00973	0.01011	0.00588	0.00641	0.00995	0.01335	0.01780	0.03780	0.68485	0.04527	0.08506	0.01143	0.00324	0.00437	0.01939	0.00641	0.00566
41	0.02713	0.01909	0.02075	0.01599	0.02161	0.02091	0.01318	0.60100	0.05773	0.10170	0.01850	0.01808	0.01296	0.00861	0.00713	0.00215	0.00760	0.00654	0.00727	0.01208
42	0.01477	0.01266	0.01477	0.01055	0.01687	0.00949	0.00844	0.01793	0.01477	0.02320	0.01266	0.01477	0.01055	0.00527	0.00527	0.00105	0.00527	0.00422	0.00422	0.79328
43	0.01007	0.00686	0.00777	0.00791	0.00812	0.00674	0.00459	0.01031	0.01105	0.01457	0.02740	0.10841	0.07552	0.63529	0.03193	0.00624	0.00643	0.01154	0.00467	0.00456
44	0.01771	0.01530	0.01610	0.01449	0.01852	0.01771	0.01127	0.03784	0.69247	0.02979	0.02898	0.02657	0.02174	0.00966	0.00725	0.00242	0.00564	0.00805	0.00725	0.01127
45	0.00865	0.00630	0.00816	0.00964	0.01026	0.00581	0.00649	0.00995	0.01389	0.01828	0.04255	0.67722	0.11285	0.02188	0.00902	0.00284	0.00408	0.01972	0.00661	0.00581
46	0.02885	0.01197	0.01591	0.01218	0.01765	0.01016	0.01000	0.03161	0.01952	0.59720	0.02811	0.02499	0.04623	0.00878	0.00699	0.00207	0.00586	0.00714	0.00816	0.10661
47	0.01168	0.00922	0.00957	0.00947	0.01010	0.06630	0.00617	0.01220	0.01158	0.01482	0.02220	0.06180	0.04235	0.46849	0.15881	0.05699	0.00942	0.00956	0.00423	0.00504
48	0.01895	0.70712	0.03597	0.01233	0.01829	0.02751	0.01213	0.02237	0.05753	0.01758	0.01111	0.01238	0.00994	0.00632	0.00474	0.00158	0.00749	0.00408	0.00331	0.00927
49	0.00863	0.00722	0.00751	0.00744	0.00975	0.00610	0.00558	0.01064	0.01674	0.02045	0.15435	0.06652	0.61947	0.01758	0.00841	0.00238	0.00357	0.01475	0.00677	0.00610
50	0.02953	0.01232	0.01628	0.01264	0.01781	0.01108	0.01038	0.08630	0.02144	0.59247	0.08913	0.02631	0.02173	0.00932	0.00727	0.00220	0.00596	0.00762	0.00858	0.01162
51	0.80005	0.01377	0.01047	0.00936	0.01377	0.01597	0.00771	0.02093	0.01212	0.03195	0.00991	0.01157	0.00771	0.00661	0.00441	0.00220	0.00551	0.00386	0.00441	0.00771
52	0.02707	0.01995	0.02137	0.01638	0.02208	0.02208	0.01353	0.68159	0.03348	0.04488	0.01710	0.01710	0.01211	0.00855	0.00712	0.00214	0.00784	0.00641	0.00712	0.01211
53	0.03195	0.01212	0.01652	0.01267	0.01818	0.01047	0.01047	0.03470	0.02038	0.71026	0.02809	0.02424	0.01763	0.00881	0.00716	0.00220	0.00606	0.00716	0.00881	0.01212
54	0.01484	0.01290	0.01577	0.01126	0.01762	0.00981	0.03314	0.01811	0.01484	0.02319	0.01272	0.01493	0.01056	0.00530	0.00539	0.00110	0.00552	0.00437	0.00420	0.76443
55	0.01345	0.01266	0.02136	0.73264	0.04904	0.01582	0.01978	0.01819	0.01424	0.01819	0.01266	0.01898	0.00949	0.00712	0.00712	0.00237	0.00949	0.00633	0.00316	0.00791
56	0.80005	0.01377	0.01047	0.00936	0.01377	0.01597	0.00771	0.02093	0.01212	0.03195	0.00991	0.01157	0.00771	0.00661	0.00441	0.00220	0.00551	0.00386	0.00441	0.00771
57	0.01036	0.00690	0.00777	0.00777	0.00777	0.00690	0.00431	0.01036	0.01036	0.01381	0.02244	0.04660	0.02589	0.74975	0.03624	0.00690	0.00690	0.01036	0.00431	0.00431
58	0.80005	0.01377	0.01047	0.00936	0.01377	0.01597	0.00771	0.02093	0.01212	0.03195	0.00991	0.01157	0.00771	0.00661	0.00441	0.00220	0.00551	0.00386	0.00441	0.00771
59	0.00956	0.00726	0.00879	0.00841	0.01032	0.00650	0.00631	0.01243	0.01892	0.02562	0.50364	0.05801	0.26695	0.01565	0.00840	0.00229	0.00344	0.01355	0.00745	0.00650
60	0.01477	0.01266	0.01477	0.01055	0.01687	0.00949	0.00844	0.01793	0.01477	0.02320	0.01266	0.01477	0.01055	0.00527	0.00527	0.00105	0.00527	0.00422	0.00422	0.79328
61	0.01449	0.03557	0.66942	0.02178	0.07366	0.01656	0.02603	0.02251	0.01511	0.02260	0.01282	0.01520	0.00916	0.00674	0.00678	0.00225	0.01039	0.00533	0.00304	0.01057
62	0.00965	0.00661	0.00797	0.00866	0.00884	0.00644	0.00527	0.01017	0.01173	0.01563	0.02946	0.33856	0.03475	0.44570	0.02489	0.00523	0.00574	0.01449	0.00527	0.00493
63	0.00856	0.00722	0.00742	0.00737	0.00971	0.00607	0.00553	0.01051	0.01658	0.02007	0.12860	0.06715	0.64546	0.01772	0.00841	0.00239	0.00358	0.01484	0.00672	0.00607
64	0.02707	0.01995	0.02137	0.01638	0.02208	0.02208	0.01353	0.68159	0.03348	0.04488	0.01710	0.01710	0.01211	0.00855	0.00712	0.00214	0.00784	0.00641	0.00712	0.01211
65	0.01762	0.01692	0.02890	0.04371	0.70533	0.01692	0.02185	0.02185	0.01621	0.02326	0.01339	0.01762	0.01128	0.00634	0.00705	0.00211	0.00846	0.00634	0.00352	0.01128
66	0.00887	0.00647	0.00816	0.00930	0.01003	0.00597	0.00625	0.01022	0.01412	0.01861	0.08439	0.54780	0.13672	0.08398	0.01129	0.00313	0.00425	0.01820	0.00649	0.00575
67	0.02707	0.01995	0.02137	0.01638	0.02208	0.02208	0.01353	0.68159	0.03348	0.04488	0.01710	0.01710	0.01211	0.00855	0.00712	0.00214	0.00784	0.00641	0.00712	0.01211
68	0.01365	0.00840	0.01202	0.01137	0.01317	0.00922	0.00883	0.01606	0.01281	0.11940	0.02056	0.02834	0.01814	0.09170	0.52595	0.00921	0.03289	0.00768	0.03349	0.00712
69	0.02178	0.01353	0.01581	0.01342	0.01742	0.01408	0.01063	0.22727	0.13698	0.20102	0.04957	0.17834	0.02520	0.01225	0.00769	0.00240	0.00605	0.02882	0.00746	0.01029
70	0.02729	0.01740	0.01953	0.01521	0.02067	0.01859	0.01249	0.44227	0.10373	0.21535	0.02127	0.02000	0.01461	0.00874	0.00715	0.00219	0.00713	0.00679	0.00757	0.01202
71	0.00915	0.00724	0.00824	0.00799	0.01007	0.00633	0.00599	0.01165	0.01798	0.02338	0.35186	0.06171	0.42013	0.01649	0.00841	0.00233	0.00350	0.01407	0.00716	0.00633
72	0.01036	0.00690	0.00777	0.00777	0.00777	0.00690	0.00431	0.01036	0.01036	0.01381	0.02244	0.04660	0.02589	0.74975	0.03624	0.00690	0.00690	0.01036	0.00431	0.00431
73	0.02502	0.01057	0.01429	0.01152	0.01579	0.00926	0.00928	0.02791	0.02015	0.49516	0.22371	0.05074	0.03274	0.01082	0.00757	0.00223	0.00523	0.00915	0.00848	0.01039
74	0.01123	0.00844	0.01004	0.00921	0.01144	0.00796	0.00702	0.07453	0.02040	0.02772	0.47995	0.05370	0.22176	0.01487	0.00828	0.00227	0.00384	0.01282	0.00746	0.00704
75	0.03008	0.01162	0.01566	0.01216	0.01724	0.01012	0.00993	0.03273	0.01966	0.64631	0.02760	0.02540	0.01805	0.04382	0.00844	0.00240	0.00597	0.00729	0.04401	0.01150
76	0.02059	0.01401	0.01565	0.01355	0.01760	0.01529	0.01055	0.06229	0.45182	0.17991	0.02767	0.02750	0.02080	0.07800	0.00991	0.00277	0.00594	0.00800	0.00732	0.01085
77	0.00895	0.00637	0.00822	0.00950	0.00999	0.00598	0.00628	0.01015	0.01360	0.01813	0.06910	0.59949	0.06673	0.11669	0.01258	0.00337	0.00444	0.01844	0.00637	0.00564
78	0.72673	0.01307	0.01026	0.00942	0.01345	0.01503	0.00761	0.01991	0.01226	0.03067	0.01263	0.07953	0.01136	0.00806	0.00484	0.00227	0.00538	0.00537	0.00461	0.00753
79	0.01815	0.01559	0.01693	0.01591	0.04984	0.01788	0.01186	0.06755	0.63063	0.03020	0.02771	0.02571	0.02081	0.00946	0.00723	0.00239	0.00587	0.00790	0.00707	0.01131
80	0.01138	0.00800	0.01121	0.01097	0.01235	0.00907	0.00841	0.04434	0.01259	0.01831	0.01905	0.02778	0.01759	0.07732	0.55328	0.05962	0.01587	0.00752	0.06897	0.00635
81	0.01829	0.68477	0.03454	0.01182	0.01744	0.02614	0.01159	0.02058	0.01445	0.01728	0.01186	0.04542	0.01129	0.00693	0.00479	0.00159	0.00725	0.00469	0.04038	0.00887
82	0.00878	0.00712	0.00740	0.00740	0.00959	0.00603	0.00548	0.01013	0.01559	0.01860	0.06660	0.06418	0.63851	0.01865	0.01021	0.07564	0.00385	0.01421	0.00629	0.00574
83	0.02965	0.01230	0.01696	0.07945	0.02105	0.01126	0.01136	0.03330	0.04743	0.61818	0.02670	0.02385	0.01704	0.00869	0.00716	0.00223	0.00636	0.00712	0.00823	0.01169
84	0.00940	0.00663	0.00867	0.01003	0.01056	0.00635	0.00696	0.01074	0.01349	0.01790	0.03608	0.52097	0.04246	0.14854	0.01393	0.00365	0.00499	0.11679	0.00620	0.00565

[dist]
# distance from previous block
# <min> <max>
4	24

[block]
# block no. 1 follows, 29 sequences, length 95
# corresponding to MSA columns:
# 158-195,217-242,244-274
name=unknown_B
#
# <colnr> <probs for GDERKNQSTAVLIFYWHMCP>
#	G	D	E	R	K	N	Q	S	T	A	V	L	I	F	Y	W	H	M	C	P
0	0.01678	0.01597	0.02694	0.04044	0.64081	0.01590	0.02038	0.02076	0.01610	0.02284	0.01744	0.05130	0.04737	0.00761	0.00721	0.00216	0.00803	0.00737	0.00381	0.01078
1	0.00992	0.00718	0.00924	0.00889	0.01043	0.00663	0.00653	0.01289	0.01902	0.02666	0.59244	0.10391	0.09085	0.05203	0.00984	0.00253	0.00360	0.01338	0.00752	0.00650
2	0.00916	0.00881	0.04348	0.00910	0.01129	0.00719	0.00724	0.01121	0.01550	0.01951	0.08888	0.22623	0.44923	0.01810	0.00913	0.00254	0.03544	0.01532	0.00634	0.00629
3	0.01538	0.00897	0.00977	0.00982	0.04503	0.00926	0.00699	0.10783	0.01753	0.02889	0.02190	0.02481	0.01706	0.00823	0.00537	0.00175	0.00419	0.00659	0.64299	0.00762
4	0.01643	0.01835	0.03919	0.02809	0.03494	0.01711	0.61703	0.02203	0.01643	0.02244	0.01466	0.02016	0.01144	0.03780	0.00944	0.00253	0.01145	0.00828	0.00366	0.04856
5	0.01362	0.01298	0.02239	0.69751	0.04845	0.01593	0.05276	0.01842	0.01437	0.01842	0.01274	0.01900	0.00956	0.00706	0.00718	0.00237	0.00962	0.00643	0.00319	0.00799
6	0.02327	0.31766	0.02699	0.01592	0.02043	0.42573	0.01319	0.02527	0.01763	0.01715	0.01052	0.01237	0.00916	0.00701	0.00622	0.00175	0.03338	0.00433	0.00341	0.00859
7	0.01327	0.00664	0.00664	0.00664	0.00830	0.00664	0.00498	0.01659	0.01493	0.02655	0.02323	0.02655	0.01825	0.00830	0.00498	0.00166	0.00332	0.00664	0.78928	0.00664
8	0.06056	0.01719	0.05652	0.34310	0.18715	0.06696	0.09815	0.02060	0.01519	0.02075	0.01263	0.01753	0.00989	0.00699	0.00767	0.00229	0.03817	0.00626	0.00339	0.00899
9	0.01748	0.01503	0.01593	0.01444	0.01838	0.01736	0.01128	0.03698	0.66737	0.02947	0.02931	0.02856	0.02245	0.01003	0.00734	0.00245	0.00567	0.03215	0.00722	0.01110
10	0.01327	0.00664	0.00664	0.00664	0.00830	0.00664	0.00498	0.01659	0.01493	0.02655	0.02323	0.02655	0.01825	0.00830	0.00498	0.00166	0.00332	0.00664	0.78928	0.00664
11	0.02628	0.03080	0.01997	0.01767	0.02162	0.58382	0.01346	0.13647	0.02223	0.02225	0.01238	0.01396	0.00993	0.00757	0.00649	0.00188	0.01173	0.00495	0.02770	0.00885
12	0.80005	0.01377	0.01047	0.00936	0.01377	0.01597	0.00771	0.02093	0.01212	0.03195	0.00991	0.01157	0.00771	0.00661	0.00441	0.00220	0.00551	0.00386	0.00441	0.00771
13	0.01237	0.00618	0.00928	0.00928	0.00928	0.00618	0.00618	0.00928	0.00928	0.01237	0.01237	0.02165	0.01237	0.02474	0.02783	0.79283	0.00618	0.00618	0.00309	0.00309
14	0.01688	0.01913	0.03872	0.07918	0.03676	0.05010	0.58376	0.02252	0.01677	0.02219	0.01475	0.02053	0.01144	0.00651	0.00826	0.00240	0.01172	0.02541	0.00365	0.00934
15	0.03195	0.01212	0.01652	0.01267	0.01818	0.01047	0.01047	0.03470	0.02038	0.71026	0.02809	0.02424	0.01763	0.00881	0.00716	0.00220	0.00606	0.00716	0.00881	0.01212
16	0.00893	0.00638	0.00856	0.01021	0.01073	0.00601	0.00706	0.01036	0.01389	0.01846	0.03910	0.68411	0.04653	0.02207	0.00916	0.00293	0.00435	0.07870	0.00661	0.00585
17	0.01427	0.01427	0.02644	0.55991	0.04614	0.01636	0.18195	0.01933	0.01487	0.01933	0.01309	0.01904	0.00981	0.00684	0.00743	0.00238	0.01011	0.00684	0.00327	0.00833
18	0.01327	0.00664	0.00664	0.00664	0.00830	0.00664	0.00498	0.01659	0.01493	0.02655	0.02323	0.02655	0.01825	0.00830	0.00498	0.00166	0.00332	0.00664	0.78928	0.00664
19	0.01846	0.01567	0.01604	0.01436	0.01840	0.04468	0.01117	0.03659	0.61721	0.06022	0.02939	0.02704	0.03923	0.00975	0.00724	0.00238	0.00588	0.00806	0.00716	0.01105
20	0.01160	0.00850	0.01211	0.01432	0.04772	0.00846	0.01161	0.01484	0.01638	0.02148	0.05675	0.10595	0.04062	0.01899	0.00962	0.00317	0.00644	0.57820	0.00645	0.00676
21	0.01327	0.00664	0.00664	0.00664	0.00830	0.00664	0.00498	0.01659	0.01493	0.02655	0.02323	0.02655	0.01825	0.00830	0.00498	0.00166	0.00332	0.00664	0.78928	0.00664
22	0.01570	0.01496	0.02543	0.36034	0.40370	0.01641	0.02090	0.02017	0.01531	0.02093	0.01305	0.01825	0.01046	0.00670	0.00708	0.00223	0.00893	0.00634	0.00336	0.00973
23	0.80005	0.01377	0.01047	0.00936	0.01377	0.01597	0.00771	0.02093	0.01212	0.03195	0.00991	0.01157	0.00771	0.00661	0.00441	0.00220	0.00551	0.00386	0.00441	0.00771
24	0.02459	0.01872	0.01998	0.01588	0.02114	0.02093	0.01294	0.51141	0.20769	0.04089	0.02024	0.01960	0.01465	0.00884	0.00716	0.00221	0.00725	0.00684	0.00716	0.01189
25	0.80005	0.01377	0.01047	0.00936	0.01377	0.01597	0.00771	0.02093	0.01212	0.03195	0.00991	0.01157	0.00771	0.00661	0.00441	0.00220	0.00551	0.00386	0.00441	0.00771
26	0.01812	0.01786	0.02639	0.17321	0.34564	0.08814	0.08719	0.07716	0.01775	0.02334	0.01459	0.02055	0.01216	0.00739	0.00728	0.00223	0.00933	0.03777	0.00392	0.00997
27	0.01008	0.00728	0.00952	0.00896	0.01064	0.00672	0.00672	0.01344	0.02016	0.02855	0.70158	0.05319	0.06719	0.01456	0.00840	0.00224	0.00336	0.01288	0.00784	0.00672
28	0.01610	0.01666	0.02423	0.02009	0.02140	0.05434	0.11300	0.01841	0.01247	0.01818	0.01148	0.01897	0.01102	0.01160	0.01972	0.00296	0.56141	0.03658	0.00337	0.00802
29	0.01019	0.00757	0.01114	0.01114	0.01231	0.00874	0.00853	0.01252	0.01136	0.01631	0.01935	0.02949	0.01846	0.11013	0.66571	0.01107	0.01808	0.00785	0.00386	0.00619
30	0.01681	0.01921	0.04202	0.03001	0.03721	0.01801	0.67947	0.02281	0.01681	0.02281	0.01441	0.01921	0.01080	0.00600	0.00840	0.00240	0.01200	0.00840	0.00360	0.00960
31	0.00977	0.00727	0.00909	0.00863	0.01045	0.00659	0.00648	0.01284	0.01943	0.02683	0.58478	0.05604	0.18506	0.01520	0.00840	0.00227	0.00341	0.01328	0.00761	0.00659
32	0.01778	0.01737	0.02829	0.06983	0.65489	0.04231	0.02148	0.02195	0.01628	0.02285	0.01328	0.01750	0.01113	0.00641	0.00703	0.00211	0.00866	0.00628	0.00352	0.01104
33	0.04828	0.16402	0.02379	0.01703	0.02148	0.44406	0.04260	0.06722	0.06982	0.02060	0.01263	0.01411	0.01031	0.00727	0.00621	0.00188	0.01076	0.00496	0.00405	0.00892
34	0.01058	0.00782	0.01138	0.01127	0.01249	0.00915	0.00874	0.01307	0.01163	0.01715	0.01910	0.02796	0.01776	0.06843	0.62899	0.01036	0.04319	0.00759	0.05696	0.00637
35	0.02254	0.01903	0.01778	0.01514	0.01968	0.14530	0.01191	0.15050	0.34208	0.10950	0.02272	0.02155	0.01673	0.00874	0.00697	0.00217	0.00738	0.00685	0.00662	0.04682
36	0.00868	0.00620	0.00826	0.00991	0.01033	0.00578	0.00661	0.00991	0.01363	0.01818	0.03925	0.74510	0.04710	0.02231	0.00909	0.00289	0.00413	0.02024	0.00661	0.00578
37	0.01529	0.01454	0.02469	0.42798	0.33927	0.01631	0.02069	0.01981	0.01511	0.02044	0.01298	0.01838	0.01028	0.00678	0.00709	0.00226	0.00904	0.00634	0.00332	0.00940
38	0.02517	0.01893	0.02137	0.11634	0.02584	0.02121	0.01441	0.58901	0.03079	0.04115	0.01648	0.01736	0.01174	0.00835	0.00712	0.00217	0.00807	0.00640	0.00657	0.01152
39	0.80005	0.01377	0.01047	0.00936	0.01377	0.01597	0.00771	0.02093	0.01212	0.03195	0.00991	0.01157	0.00771	0.00661	0.00441	0.00220	0.00551	0.00386	0.00441	0.00771
40	0.01494	0.03592	0.68702	0.02001	0.03035	0.01631	0.02572	0.02300	0.01523	0.04807	0.01335	0.01538	0.00934	0.00684	0.00678	0.00225	0.01036	0.00533	0.00322	0.01058
41	0.01743	0.01672	0.02856	0.07529	0.67525	0.01687	0.02176	0.02169	0.01612	0.02303	0.01336	0.01769	0.01120	0.00638	0.00705	0.00213	0.00851	0.00634	0.00351	0.01112
42	0.02534	0.01343	0.04785	0.01230	0.01832	0.01042	0.01051	0.02848	0.01824	0.44670	0.02218	0.02062	0.01484	0.00752	0.00651	0.00182	0.00600	0.00608	0.00700	0.27587
43	0.01771	0.01530	0.01610	0.01449	0.01852	0.01771	0.01127	0.03784	0.69247	0.02979	0.02898	0.02657	0.02174	0.00966	0.00725	0.00242	0.00564	0.00805	0.00725	0.01127
44	0.03112	0.01214	0.01644	0.01257	0.01811	0.01042	0.01037	0.03389	0.02011	0.67714	0.02735	0.02378	0.01729	0.00864	0.00707	0.00215	0.00602	0.00702	0.00859	0.04978
45	0.01593	0.16884	0.55719	0.01846	0.02794	0.01843	0.02300	0.02285	0.01516	0.05142	0.01291	0.01476	0.00942	0.00673	0.00637	0.00212	0.00979	0.00507	0.00327	0.01034
46	0.01998	0.01337	0.01370	0.01147	0.01486	0.04421	0.00916	0.26821	0.02227	0.06436	0.02018	0.02194	0.01524	0.00850	0.00652	0.00192	0.02846	0.00647	0.40010	0.00906
47	0.00944	0.00725	0.00863	0.00828	0.01024	0.00645	0.00621	0.01219	0.01864	0.02495	0.45834	0.05912	0.31267	0.01590	0.00841	0.00230	0.00345	0.01371	0.00736	0.00645
48	0.03195	0.01212	0.01652	0.01267	0.01818	0.01047	0.01047	0.03470	0.02038	0.71026	0.02809	0.02424	0.01763	0.00881	0.00716	0.00220	0.00606	0.00716	0.00881	0.01212
49	0.01944	0.69188	0.06287	0.01252	0.01876	0.02691	0.01266	0.02198	0.01476	0.04877	0.01085	0.01215	0.00952	0.00624	0.00477	0.00158	0.00766	0.00402	0.00331	0.00933
50	0.03195	0.01212	0.01652	0.01267	0.01818	0.01047	0.01047	0.03470	0.02038	0.71026	0.02809	0.02424	0.01763	0.00881	0.00716	0.00220	0.00606	0.00716	0.00881	0.01212
51	0.00848	0.00722	0.00730	0.00728	0.00965	0.00604	0.00546	0.01034	0.01637	0.01957	0.09487	0.06797	0.67950	0.01791	0.00842	0.00240	0.00360	0.01495	0.00666	0.00604
52	0.02539	0.01165	0.01513	0.01206	0.01653	0.01072	0.00977	0.10055	0.02177	0.44887	0.21225	0.03141	0.03066	0.01036	0.00750	0.00221	0.00551	0.00865	0.00836	0.01063
53	0.01898	0.43235	0.22313	0.01549	0.02241	0.14170	0.01639	0.02286	0.01559	0.01849	0.01089	0.01267	0.00911	0.00649	0.00549	0.00178	0.00931	0.00434	0.00314	0.00938
54	0.02660	0.03394	0.02018	0.01834	0.02201	0.72116	0.01376	0.02843	0.02018	0.01743	0.01101	0.01284	0.00917	0.00734	0.00642	0.00183	0.01284	0.00459	0.00367	0.00825
55	0.01356	0.01287	0.02203	0.70975	0.04866	0.01589	0.04126	0.01834	0.01432	0.01834	0.01271	0.01899	0.00953	0.00708	0.00716	0.00237	0.00957	0.00640	0.00318	0.00797
56	0.03195	0.01212	0.01652	0.01267	0.01818	0.01047	0.01047	0.03470	0.02038	0.71026	0.02809	0.02424	0.01763	0.00881	0.00716	0.00220	0.00606	0.00716	0.00881	0.01212
57	0.01428	0.03683	0.71286	0.02030	0.03082	0.01654	0.02631	0.02255	0.01503	0.02255	0.01278	0.01503	0.00902	0.00677	0.00677	0.00226	0.01052	0.00526	0.00301	0.01052
58	0.00866	0.00624	0.00822	0.00980	0.01030	0.00579	0.00656	0.00993	0.01375	0.01822	0.04070	0.71510	0.07615	0.02212	0.00906	0.00287	0.00411	0.02001	0.00661	0.00579
59	0.01000	0.00728	0.00941	0.00887	0.01059	0.00668	0.00666	0.01328	0.01997	0.02811	0.67123	0.05393	0.09781	0.01472	0.00840	0.00225	0.00337	0.01298	0.00778	0.00668
60	0.01558	0.01558	0.02181	0.01869	0.01869	0.02181	0.01558	0.01714	0.01091	0.01714	0.00935	0.01558	0.00935	0.01246	0.02337	0.00312	0.73672	0.00623	0.00312	0.00779
61	0.00868	0.00620	0.00826	0.00991	0.01033	0.00578	0.00661	0.00991	0.01363	0.01818	0.03925	0.74510	0.04710	0.02231	0.00909	0.00289	0.00413	0.02024	0.00661	0.00578
62	0.01477	0.01266	0.01477	0.01055	0.01687	0.00949	0.00844	0.01793	0.01477	0.02320	0.01266	0.01477	0.01055	0.00527	0.00527	0.00105	0.00527	0.00422	0.00422	0.79328
63	0.02729	0.01958	0.02115	0.01621	0.02190	0.02155	0.01339	0.65168	0.03287	0.07564	0.01760	0.01743	0.01236	0.00856	0.00713	0.00214	0.00775	0.00645	0.00720	0.01211
64	0.02368	0.01709	0.01860	0.01516	0.02013	0.01892	0.01223	0.33652	0.30975	0.11436	0.02336	0.02190	0.01680	0.00905	0.00718	0.00226	0.00671	0.00719	0.00737	0.01176
65	0.01025	0.00735	0.00898	0.00927	0.01104	0.00667	0.00704	0.01252	0.01664	0.04635	0.20694	0.19346	0.27584	0.04304	0.00967	0.00274	0.00431	0.11462	0.00690	0.00638
66	0.02099	0.56801	0.03289	0.01378	0.01924	0.20719	0.01259	0.02316	0.01594	0.01693	0.01019	0.01179	0.00915	0.00641	0.00505	0.00160	0.00897	0.00401	0.00321	0.00891
67	0.00945	0.00707	0.00935	0.01041	0.01074	0.00726	0.00710	0.01057	0.01302	0.01758	0.03478	0.60277	0.04146	0.10567	0.01343	0.00337	0.06620	0.01792	0.00605	0.00578
68	0.05561	0.02165	0.02280	0.01889	0.02185	0.21091	0.08063	0.14423	0.01825	0.02359	0.01177	0.01530	0.00989	0.00944	0.01342	0.00247	0.30036	0.00593	0.00412	0.00889
69	0.01831	0.01251	0.01364	0.01241	0.01555	0.06168	0.00955	0.04862	0.18605	0.17665	0.12777	0.18359	0.05160	0.01327	0.00785	0.00243	0.00566	0.03650	0.00724	0.00912
70	0.01477	0.01266	0.01477	0.01055	0.01687	0.00949	0.00844	0.01793	0.01477	0.02320	0.01266	0.01477	0.01055	0.00527	0.00527	0.00105	0.00527	0.00422	0.00422	0.79328
71	0.00868	0.00620	0.00826	0.00991	0.01033	0.00578	0.00661	0.00991	0.01363	0.01818	0.03925	0.74510	0.04710	0.02231	0.00909	0.00289	0.00413	0.02024	0.00661	0.00578
72	0.01477	0.01266	0.01477	0.01055	0.01687	0.00949	0.00844	0.01793	0.01477	0.02320	0.01266	0.01477	0.01055	0.00527	0.00527	0.00105	0.00527	0.00422	0.00422	0.79328
73	0.02538	0.01866	0.02002	0.01564	0.02089	0.02062	0.01281	0.60015	0.06014	0.04244	0.01869	0.04494	0.01409	0.00910	0.00711	0.00216	0.00741	0.00700	0.04117	0.01160
74	0.01762	0.01692	0.02890	0.04371	0.70533	0.01692	0.02185	0.02185	0.01621	0.02326	0.01339	0.01762	0.01128	0.00634	0.00705	0.00211	0.00846	0.00634	0.00352	0.01128
75	0.01766	0.54601	0.23326	0.01454	0.02191	0.02480	0.01628	0.02168	0.01463	0.01843	0.01073	0.01247	0.00910	0.00629	0.00521	0.00174	0.00846	0.00423	0.00303	0.00954
76	0.01327	0.00664	0.00664	0.00664	0.00830	0.00664	0.00498	0.01659	0.01493	0.02655	0.02323	0.02655	0.01825	0.00830	0.00498	0.00166	0.00332	0.00664	0.78928	0.00664
77	0.01468	0.04664	0.01551	0.01059	0.01664	0.01019	0.00853	0.01772	0.01470	0.02267	0.01375	0.04809	0.01216	0.00609	0.00542	0.00116	0.00533	0.00493	0.00427	0.72093
78	0.02023	0.05004	0.01838	0.01500	0.01945	0.05719	0.01192	0.17262	0.48676	0.03173	0.02465	0.02315	0.01846	0.00914	0.00706	0.00229	0.00658	0.00733	0.00684	0.01119
79	0.01327	0.00664	0.00664	0.00664	0.00830	0.00664	0.00498	0.01659	0.01493	0.02655	0.02323	0.02655	0.01825	0.00830	0.00498	0.00166	0.00332	0.00664	0.78928	0.00664
80	0.01883	0.72281	0.06673	0.01254	0.01882	0.02767	0.01280	0.02138	0.01449	0.01701	0.01002	0.01158	0.00913	0.00612	0.00466	0.00155	0.00774	0.00387	0.00304	0.00920
81	0.80005	0.01377	0.01047	0.00936	0.01377	0.01597	0.00771	0.02093	0.01212	0.03195	0.00991	0.01157	0.00771	0.00661	0.00441	0.00220	0.00551	0.00386	0.00441	0.00771
82	0.02030	0.01644	0.01752	0.01501	0.01945	0.01868	0.01196	0.23122	0.46854	0.03403	0.02572	0.02570	0.01955	0.00970	0.00730	0.00236	0.00633	0.03166	0.00718	0.01135
83	0.80005	0.01377	0.01047	0.00936	0.01377	0.01597	0.00771	0.02093	0.01212	0.03195	0.00991	0.01157	0.00771	0.00661	0.00441	0.00220	0.00551	0.00386	0.00441	0.00771
84	0.01158	0.00761	0.01000	0.00921	0.01116	0.00698	0.00698	0.01490	0.02017	0.07531	0.65539	0.05120	0.06379	0.01416	0.00831	0.00224	0.00354	0.01249	0.00791	0.00709
85	0.01147	0.00820	0.01147	0.01311	0.01475	0.00820	0.01147	0.01475	0.01639	0.02131	0.03770	0.08032	0.04098	0.01967	0.00984	0.00328	0.00656	0.65741	0.00656	0.00656
86	0.23961	0.01666	0.02065	0.05746	0.23008	0.01847	0.01488	0.22089	0.01987	0.03162	0.01325	0.01570	0.01032	0.00750	0.00735	0.00222	0.05284	0.00566	0.00482	0.01015
87	0.01327	0.00664	0.00664	0.00664	0.00830	0.00664	0.00498	0.01659	0.01493	0.02655	0.02323	0.02655	0.01825	0.00830	0.00498	0.00166	0.00332	0.00664	0.78928	0.00664
88	0.01533	0.01322	0.01521	0.01150	0.01723	0.01135	0.00916	0.02156	0.13910	0.02424	0.01556	0.01696	0.01257	0.00628	0.00615	0.00136	0.02614	0.00498	0.00474	0.62735
89	0.01428	0.03683	0.71286	0.02030	0.03082	0.01654	0.02631	0.02255	0.01503	0.02255	0.01278	0.01503	0.00902	0.00677	0.00677	0.00226	0.01052	0.00526	0.00301	0.01052
90	0.01391	0.00725	0.00732	0.00709	0.00893	0.00735	0.00537	0.04734	0.01579	0.02739	0.02295	0.02611	0.01797	0.00831	0.00508	0.00168	0.00353	0.00663	0.75312	0.00689
91	0.01762	0.01692	0.02890	0.04371	0.70533	0.01692	0.02185	0.02185	0.01621	0.02326	0.01339	0.01762	0.01128	0.00634	0.00705	0.00211	0.00846	0.00634	0.00352	0.01128
92	0.13713	0.18627	0.04217	0.04117	0.02050	0.27888	0.01343	0.02297	0.01552	0.01955	0.01038	0.01316	0.00899	0.00795	0.00911	0.00211	0.15418	0.00471	0.00349	0.00833
93	0.01733	0.01661	0.02836	0.09289	0.65848	0.01684	0.02170	0.02159	0.01607	0.02290	0.01334	0.01772	0.01115	0.00640	0.00705	0.00213	0.00853	0.00634	0.00350	0.01104
94	0.00867	0.00623	0.00823	0.00982	0.01030	0.00579	0.00657	0.00993	0.01373	0.01821	0.04042	0.72104	0.07040	0.02216	0.00906	0.00287	0.00411	0.02006	0.00661	0.00579

[dist]
# distance from previous block
# <min> <max>
0	1

[block]
# block no. 2 follows, 29 sequences, length 28
# corresponding to MSA columns:
# 276-303
name=unknown_C
#
# <colnr> <probs for GDERKNQSTAVLIFYWHMCP>
#	G	D	E	R	K	N	Q	S	T	A	V	L	I	F	Y	W	H	M	C	P
0	0.01656	0.01826	0.03746	0.02787	0.05738	0.01765	0.53968	0.02185	0.01606	0.02232	0.01375	0.01845	0.01066	0.00657	0.00953	0.00235	0.08031	0.00779	0.00360	0.07190
1	0.00943	0.00713	0.00870	0.00857	0.01031	0.00640	0.00633	0.01208	0.01822	0.02459	0.43874	0.14215	0.24834	0.01651	0.00849	0.00237	0.00353	0.01440	0.00733	0.00640
2	0.01378	0.01293	0.02146	0.67729	0.07449	0.01594	0.01954	0.01909	0.04020	0.01884	0.01331	0.01922	0.01003	0.00718	0.00712	0.00236	0.00930	0.00639	0.00333	0.00818
3	0.00842	0.00721	0.00721	0.00721	0.00962	0.00601	0.00541	0.01022	0.01623	0.01924	0.07213	0.06853	0.70244	0.01803	0.00842	0.00240	0.00361	0.01503	0.00661	0.00601
4	0.02707	0.01995	0.02137	0.01638	0.02208	0.02208	0.01353	0.68159	0.03348	0.04488	0.01710	0.01710	0.01211	0.00855	0.00712	0.00214	0.00784	0.00641	0.00712	0.01211
5	0.06122	0.01231	0.01627	0.01261	0.01802	0.01097	0.01039	0.03429	0.04732	0.65631	0.02742	0.02384	0.01741	0.00876	0.00706	0.00221	0.00602	0.00707	0.00858	0.01191
6	0.01904	0.75404	0.03731	0.01218	0.01828	0.02818	0.01218	0.02132	0.01447	0.01675	0.00990	0.01142	0.00914	0.00609	0.00457	0.00152	0.00761	0.00381	0.00305	0.00914
7	0.07729	0.69882	0.03531	0.01197	0.01794	0.02727	0.01185	0.02129	0.01429	0.01789	0.00990	0.01143	0.00903	0.00613	0.00456	0.00157	0.00746	0.00381	0.00315	0.00903
8	0.00842	0.00721	0.00721	0.00721	0.00962	0.00601	0.00541	0.01022	0.01623	0.01924	0.07213	0.06853	0.70244	0.01803	0.00842	0.00240	0.00361	0.01503	0.00661	0.00601
9	0.01133	0.00815	0.01128	0.01284	0.01452	0.00810	0.01119	0.01454	0.01638	0.02121	0.03929	0.07978	0.07150	0.01959	0.00977	0.00324	0.00642	0.62776	0.00656	0.00653
10	0.01428	0.03683	0.71286	0.02030	0.03082	0.01654	0.02631	0.02255	0.01503	0.02255	0.01278	0.01503	0.00902	0.00677	0.00677	0.00226	0.01052	0.00526	0.00301	0.01052
11	0.01477	0.01266	0.01477	0.01055	0.01687	0.00949	0.00844	0.01793	0.01477	0.02320	0.01266	0.01477	0.01055	0.00527	0.00527	0.00105	0.00527	0.00422	0.00422	0.79328
12	0.01477	0.01266	0.01477	0.01055	0.01687	0.00949	0.00844	0.01793	0.01477	0.02320	0.01266	0.01477	0.01055	0.00527	0.00527	0.00105	0.00527	0.00422	0.00422	0.79328
13	0.01237	0.00618	0.00928	0.00928	0.00928	0.00618	0.00618	0.00928	0.00928	0.01237	0.01237	0.02165	0.01237	0.02474	0.02783	0.79283	0.00618	0.00618	0.00309	0.00309
14	0.01719	0.01677	0.02937	0.03916	0.55371	0.01670	0.11271	0.02232	0.04868	0.02333	0.01522	0.04472	0.01302	0.00704	0.00732	0.00220	0.00866	0.00722	0.00383	0.01084
15	0.03195	0.01212	0.01652	0.01267	0.01818	0.01047	0.01047	0.03470	0.02038	0.71026	0.02809	0.02424	0.01763	0.00881	0.00716	0.00220	0.00606	0.00716	0.00881	0.01212
16	0.01017	0.00763	0.01144	0.01144	0.01272	0.00890	0.00890	0.01272	0.01144	0.01653	0.01907	0.02797	0.01780	0.05340	0.72153	0.01144	0.01907	0.00763	0.00381	0.00636
17	0.02633	0.06210	0.02096	0.01795	0.02187	0.64092	0.01368	0.07687	0.02094	0.01945	0.01142	0.01310	0.00939	0.00738	0.00640	0.00184	0.01226	0.00469	0.00390	0.00858
18	0.00938	0.00725	0.00856	0.00823	0.01021	0.00642	0.00617	0.01209	0.01852	0.02467	0.43892	0.05959	0.33227	0.01601	0.00841	0.00231	0.00346	0.01377	0.00733	0.00642
19	0.00957	0.00684	0.00929	0.01094	0.01174	0.00656	0.00817	0.01146	0.01452	0.01918	0.03875	0.53243	0.04514	0.02146	0.00933	0.00302	0.00491	0.22408	0.00659	0.00603
20	0.01473	0.01570	0.07514	0.47883	0.23885	0.01619	0.02087	0.01958	0.01487	0.02000	0.01288	0.01829	0.00998	0.00687	0.00707	0.00229	0.00927	0.00625	0.00326	0.00909
21	0.01762	0.01692	0.02890	0.04371	0.70533	0.01692	0.02185	0.02185	0.01621	0.02326	0.01339	0.01762	0.01128	0.00634	0.00705	0.00211	0.00846	0.00634	0.00352	0.01128
22	0.01147	0.00820	0.01147	0.01311	0.01475	0.00820	0.01147	0.01475	0.01639	0.02131	0.03770	0.08032	0.04098	0.01967	0.00984	0.00328	0.00656	0.65741	0.00656	0.00656
23	0.01865	0.68446	0.06870	0.01288	0.01889	0.02732	0.01302	0.02118	0.01432	0.01705	0.01001	0.01179	0.00914	0.00643	0.00558	0.00163	0.04276	0.00399	0.00305	0.00914
24	0.01017	0.00763	0.01144	0.01144	0.01272	0.00890	0.00890	0.01272	0.01144	0.01653	0.01907	0.02797	0.01780	0.05340	0.72153	0.01144	0.01907	0.00763	0.00381	0.00636
25	0.01477	0.01266	0.01477	0.01055	0.01687	0.00949	0.00844	0.01793	0.01477	0.02320	0.01266	0.01477	0.01055	0.00527	0.00527	0.00105	0.00527	0.00422	0.00422	0.79328
26	0.01017	0.00763	0.01144	0.01144	0.01272	0.00890	0.00890	0.01272	0.01144	0.01653	0.01907	0.02797	0.01780	0.05340	0.72153	0.01144	0.01907	0.00763	0.00381	0.00636
27	0.01428	0.03683	0.71286	0.02030	0.03082	0.01654	0.02631	0.02255	0.01503	0.02255	0.01278	0.01503	0.00902	0.00677	0.00677	0.00226	0.01052	0.00526	0.00301	0.01052

[dist]
# distance from previous block
# <min> <max>
0	2

[block]
# block no. 3 follows, 29 sequences, length 40
# corresponding to MSA columns:
# 306-345
name=unknown_D
#
# <colnr> <probs for GDERKNQSTAVLIFYWHMCP>
#	G	D	E	R	K	N	Q	S	T	A	V	L	I	F	Y	W	H	M	C	P
0	0.01558	0.01558	0.02181	0.01869	0.01869	0.02181	0.01558	0.01714	0.01091	0.01714	0.00935	0.01558	0.00935	0.01246	0.02337	0.00312	0.73672	0.00623	0.00312	0.00779
1	0.00852	0.00717	0.00740	0.00744	0.00971	0.00604	0.00554	0.01039	0.01634	0.01973	0.10728	0.09832	0.63575	0.01803	0.00845	0.00242	0.00362	0.01514	0.00668	0.00604
2	0.01021	0.00772	0.01030	0.06881	0.01373	0.00741	0.00769	0.01355	0.01932	0.02687	0.58851	0.05172	0.11886	0.01425	0.00829	0.00227	0.00389	0.01253	0.00734	0.00675
3	0.01657	0.22979	0.06263	0.01741	0.02004	0.02320	0.04526	0.01888	0.01241	0.01756	0.00991	0.01452	0.00934	0.01004	0.01642	0.00258	0.45635	0.00558	0.00311	0.00840
4	0.02707	0.01995	0.02137	0.01638	0.02208	0.02208	0.01353	0.68159	0.03348	0.04488	0.01710	0.01710	0.01211	0.00855	0.00712	0.00214	0.00784	0.00641	0.00712	0.01211
5	0.01147	0.00820	0.01147	0.01311	0.01475	0.00820	0.01147	0.01475	0.01639	0.02131	0.03770	0.08032	0.04098	0.01967	0.00984	0.00328	0.00656	0.65741	0.00656	0.00656
6	0.01741	0.01670	0.02852	0.07903	0.67168	0.01686	0.02175	0.02167	0.01611	0.02300	0.01336	0.01769	0.01119	0.00638	0.00705	0.00213	0.00851	0.00634	0.00351	0.01111
7	0.01904	0.75404	0.03731	0.01218	0.01828	0.02818	0.01218	0.02132	0.01447	0.01675	0.00990	0.01142	0.00914	0.00609	0.00457	0.00152	0.00761	0.00381	0.00305	0.00914
8	0.01477	0.01266	0.01477	0.01055	0.01687	0.00949	0.00844	0.01793	0.01477	0.02320	0.01266	0.01477	0.01055	0.00527	0.00527	0.00105	0.00527	0.00422	0.00422	0.79328
9	0.05573	0.01972	0.02097	0.01612	0.02177	0.02186	0.01332	0.65709	0.03269	0.04440	0.01683	0.01689	0.01195	0.00848	0.00702	0.00214	0.00775	0.00632	0.00702	0.01195
10	0.00842	0.00721	0.00721	0.00721	0.00962	0.00601	0.00541	0.01022	0.01623	0.01924	0.07213	0.06853	0.70244	0.01803	0.00842	0.00240	0.00361	0.01503	0.00661	0.00601
11	0.03195	0.01212	0.01652	0.01267	0.01818	0.01047	0.01047	0.03470	0.02038	0.71026	0.02809	0.02424	0.01763	0.00881	0.00716	0.00220	0.00606	0.00716	0.00881	0.01212
12	0.02938	0.01653	0.04219	0.01394	0.01924	0.11779	0.01160	0.03357	0.07334	0.52772	0.02505	0.02238	0.01637	0.00859	0.00704	0.00217	0.00720	0.00678	0.00771	0.01141
13	0.01036	0.00690	0.00777	0.00777	0.00777	0.00690	0.00431	0.01036	0.01036	0.01381	0.02244	0.04660	0.02589	0.74975	0.03624	0.00690	0.00690	0.01036	0.00431	0.00431
14	0.01237	0.00618	0.00928	0.00928	0.00928	0.00618	0.00618	0.00928	0.00928	0.01237	0.01237	0.02165	0.01237	0.02474	0.02783	0.79283	0.00618	0.00618	0.00309	0.00309
15	0.00868	0.00620	0.00826	0.00991	0.01033	0.00578	0.00661	0.00991	0.01363	0.01818	0.03925	0.74510	0.04710	0.02231	0.00909	0.00289	0.00413	0.02024	0.00661	0.00578
16	0.00901	0.00699	0.00776	0.00818	0.00966	0.00625	0.00575	0.01042	0.01455	0.01806	0.05384	0.20378	0.40089	0.16289	0.01410	0.00343	0.00451	0.04812	0.00616	0.00566
17	0.01832	0.01560	0.01644	0.01461	0.01875	0.01799	0.01142	0.07938	0.64995	0.03076	0.02822	0.02596	0.02112	0.00959	0.00724	0.00240	0.00578	0.00794	0.00724	0.01132
18	0.00952	0.00667	0.00861	0.00983	0.01032	0.00643	0.00673	0.01074	0.01319	0.01751	0.03467	0.46632	0.04071	0.21010	0.01622	0.00399	0.00521	0.11170	0.00601	0.00552
19	0.01477	0.01266	0.01477	0.01055	0.01687	0.00949	0.00844	0.01793	0.01477	0.02320	0.01266	0.01477	0.01055	0.00527	0.00527	0.00105	0.00527	0.00422	0.00422	0.79328
20	0.01653	0.01944	0.06402	0.06956	0.03767	0.01783	0.61946	0.02254	0.01660	0.02254	0.01425	0.01905	0.01067	0.00609	0.00827	0.00239	0.01181	0.00818	0.00356	0.00954
21	0.00858	0.00722	0.00744	0.00738	0.00972	0.00608	0.00554	0.01053	0.01661	0.02015	0.13355	0.06703	0.64046	0.01769	0.00841	0.00239	0.00358	0.01482	0.00673	0.00608
22	0.01133	0.00771	0.01031	0.01019	0.01202	0.00726	0.00811	0.01465	0.01919	0.05449	0.50143	0.05906	0.05835	0.01565	0.00872	0.00251	0.00430	0.18028	0.00754	0.00690
23	0.80005	0.01377	0.01047	0.00936	0.01377	0.01597	0.00771	0.02093	0.01212	0.03195	0.00991	0.01157	0.00771	0.00661	0.00441	0.00220	0.00551	0.00386	0.00441	0.00771
24	0.80005	0.01377	0.01047	0.00936	0.01377	0.01597	0.00771	0.02093	0.01212	0.03195	0.00991	0.01157	0.00771	0.00661	0.00441	0.00220	0.00551	0.00386	0.00441	0.00771
25	0.01028	0.00695	0.00809	0.00811	0.00829	0.00697	0.00478	0.01066	0.01109	0.01495	0.06228	0.06702	0.02847	0.64546	0.07271	0.00677	0.00730	0.01065	0.00456	0.00461
26	0.01912	0.26764	0.23844	0.01640	0.02302	0.18164	0.01677	0.02558	0.10860	0.02047	0.01365	0.01493	0.01083	0.00707	0.00603	0.00194	0.00943	0.00501	0.00375	0.00965
27	0.01021	0.00746	0.01059	0.01059	0.01157	0.00844	0.00784	0.01217	0.01119	0.01590	0.01985	0.03229	0.01968	0.21479	0.56271	0.01039	0.01625	0.00826	0.00393	0.00588
28	0.08380	0.69265	0.03509	0.01195	0.01790	0.02716	0.01181	0.02129	0.01427	0.01801	0.00990	0.01143	0.00902	0.00613	0.00456	0.00158	0.00744	0.00381	0.00316	0.00902
29	0.01804	0.60293	0.17964	0.01389	0.02092	0.02572	0.01516	0.02158	0.01459	0.01797	0.01051	0.01218	0.00911	0.00623	0.00503	0.00168	0.00823	0.00411	0.00304	0.00943
30	0.01845	0.51171	0.20790	0.01476	0.02178	0.08268	0.01591	0.02222	0.01509	0.01829	0.01072	0.01246	0.00911	0.00637	0.00528	0.00174	0.00879	0.00424	0.00309	0.00942
