[name]
unknown

[dist]
# distance from previous block
# <min> <max>
0	8

[block]
# block no. 0 follows, 31 sequences, length 9
# corresponding to MSA columns:
# 8-16
name=unknown_A
#
# <colnr> <probs for GDERKNQSTAVLIFYWHMCP>
#	G	D	E	R	K	N	Q	S	T	A	V	L	I	F	Y	W	H	M	C	P
0	0.01322	0.00867	0.01234	0.01400	0.05431	0.00848	0.01123	0.01637	0.01633	0.08993	0.07422	0.06689	0.03704	0.01685	0.00896	0.00293	0.00617	0.52855	0.00642	0.00709
1	0.65028	0.01365	0.01169	0.00999	0.01446	0.01537	0.00823	0.08775	0.01449	0.10370	0.01202	0.01290	0.00881	0.00675	0.00477	0.00211	0.00557	0.00428	0.00493	0.00826
2	0.01417	0.08853	0.43887	0.01814	0.02594	0.03777	0.10208	0.02030	0.01526	0.02161	0.09033	0.04149	0.01623	0.00762	0.00671	0.00209	0.00902	0.00651	0.00364	0.03371
3	0.01703	0.01709	0.02506	0.14703	0.50841	0.09476	0.01944	0.02088	0.01571	0.02090	0.01343	0.01900	0.01147	0.00682	0.00682	0.00208	0.00867	0.03209	0.00346	0.00983
4	0.01044	0.00705	0.00817	0.00811	0.00831	0.00737	0.00501	0.01096	0.01069	0.01511	0.02207	0.09250	0.02461	0.57899	0.02888	0.00558	0.04964	0.01001	0.09179	0.00469
5	0.06041	0.00981	0.08746	0.00969	0.01114	0.00777	0.00774	0.01152	0.01028	0.01514	0.01528	0.05239	0.01558	0.18287	0.02342	0.42844	0.00634	0.00711	0.03309	0.00451
6	0.01328	0.01516	0.18370	0.01547	0.08522	0.01025	0.01299	0.01727	0.03677	0.08379	0.07132	0.23169	0.02825	0.09550	0.01067	0.00290	0.00651	0.06612	0.00527	0.00786
7	0.02192	0.02606	0.06560	0.02591	0.25938	0.38356	0.01660	0.08109	0.01886	0.02119	0.01196	0.01438	0.00973	0.00679	0.00645	0.00190	0.01036	0.00517	0.00372	0.00937
8	0.10272	0.02830	0.47819	0.01975	0.02816	0.01567	0.15479	0.02103	0.01441	0.02255	0.01336	0.04635	0.01042	0.00697	0.00665	0.00221	0.00959	0.00612	0.00330	0.00944

[dist]
# distance from previous block
# <min> <max>
0	1

[block]
# block no. 1 follows, 31 sequences, length 22
# corresponding to MSA columns:
# 18-39
name=unknown_B
#
# <colnr> <probs for GDERKNQSTAVLIFYWHMCP>
#	G	D	E	R	K	N	Q	S	T	A	V	L	I	F	Y	W	H	M	C	P
0	0.01747	0.61187	0.15184	0.01419	0.04649	0.02477	0.01436	0.02070	0.01406	0.01728	0.01011	0.01179	0.00884	0.00597	0.00484	0.00160	0.00782	0.00399	0.00294	0.00908
1	0.01575	0.01505	0.02563	0.24906	0.51908	0.01594	0.02041	0.01996	0.01502	0.02091	0.01266	0.01732	0.01033	0.00632	0.00679	0.00211	0.00842	0.00609	0.00328	0.00988
2	0.07090	0.01114	0.01451	0.04329	0.01712	0.01039	0.00966	0.06228	0.01947	0.46226	0.17509	0.02808	0.02618	0.00947	0.00698	0.00213	0.00546	0.00782	0.00769	0.01008
3	0.01125	0.00907	0.01126	0.01273	0.04913	0.04183	0.00979	0.01412	0.01646	0.02139	0.17441	0.10747	0.11546	0.01668	0.00868	0.00271	0.00560	0.35913	0.00628	0.00654
4	0.00961	0.00697	0.00917	0.00940	0.01083	0.00652	0.00720	0.01241	0.01746	0.02403	0.44383	0.17549	0.09033	0.01630	0.00843	0.00245	0.00392	0.13237	0.00705	0.00624
5	0.01412	0.07277	0.64443	0.01968	0.02936	0.01657	0.06683	0.02162	0.01452	0.02139	0.01223	0.01452	0.00878	0.00642	0.00649	0.00214	0.01005	0.00517	0.00293	0.00998
6	0.19767	0.01856	0.01817	0.01436	0.01946	0.05667	0.01179	0.51162	0.02700	0.03903	0.01461	0.01505	0.01056	0.00774	0.00624	0.00205	0.00729	0.00553	0.00610	0.01052
7	0.01090	0.00778	0.00969	0.00911	0.01105	0.00740	0.00686	0.01527	0.07855	0.05247	0.53254	0.08944	0.11447	0.01408	0.00797	0.00221	0.00358	0.01235	0.00735	0.00692
8	0.00856	0.00630	0.00803	0.00897	0.00988	0.00577	0.00620	0.01024	0.01470	0.01958	0.17555	0.51606	0.14627	0.01937	0.00851	0.00259	0.00375	0.01733	0.00658	0.00577
9	0.80789	0.01323	0.01006	0.00900	0.01323	0.01535	0.00741	0.02011	0.01164	0.03070	0.00953	0.01111	0.00741	0.00635	0.00423	0.00212	0.00529	0.00370	0.00423	0.00741
10	0.02005	0.01406	0.01722	0.12369	0.04205	0.01534	0.01235	0.21720	0.18256	0.13775	0.10086	0.02581	0.02119	0.00924	0.00710	0.00220	0.00649	0.02826	0.00652	0.01005
11	0.01372	0.03539	0.72412	0.01950	0.02961	0.01589	0.02528	0.02167	0.01444	0.02167	0.01228	0.01444	0.00867	0.00650	0.00650	0.00217	0.01011	0.00506	0.00289	0.01011
12	0.07408	0.01173	0.01555	0.01199	0.01723	0.01035	0.00991	0.03260	0.01914	0.68306	0.02602	0.02261	0.01640	0.00835	0.00673	0.00212	0.00579	0.00670	0.00823	0.01141
13	0.01183	0.00682	0.00765	0.00745	0.00894	0.00675	0.00547	0.01504	0.03869	0.02460	0.21076	0.03346	0.03065	0.05819	0.00888	0.04671	0.00365	0.00826	0.45996	0.00622
14	0.01656	0.18280	0.42631	0.01871	0.06157	0.01783	0.05475	0.02285	0.03507	0.08234	0.01356	0.01516	0.00997	0.00656	0.00620	0.00202	0.00898	0.00521	0.00356	0.00998
15	0.00972	0.00668	0.00816	0.00835	0.00862	0.00685	0.00521	0.01031	0.01052	0.01425	0.02295	0.12848	0.02596	0.54106	0.15786	0.00695	0.00842	0.01064	0.00433	0.00467
16	0.00903	0.00625	0.00773	0.00863	0.00886	0.00602	0.00540	0.00971	0.01174	0.01565	0.03072	0.44772	0.03643	0.34085	0.02002	0.00445	0.00512	0.01534	0.00540	0.00495
17	0.01231	0.00988	0.01015	0.00935	0.01213	0.02983	0.00717	0.08418	0.09184	0.04677	0.11098	0.08778	0.43210	0.01485	0.00777	0.00227	0.00443	0.01240	0.00656	0.00723
18	0.02111	0.01420	0.01655	0.01408	0.03851	0.01528	0.01072	0.40549	0.02325	0.06981	0.01619	0.04159	0.01305	0.01333	0.01298	0.24606	0.00685	0.00655	0.00563	0.00877
19	0.02110	0.01429	0.01638	0.05109	0.01890	0.01536	0.01104	0.37263	0.05645	0.11437	0.02267	0.16957	0.01978	0.01092	0.00713	0.00221	0.00634	0.00905	0.05088	0.00985
20	0.10071	0.01190	0.01434	0.01152	0.01609	0.03729	0.00930	0.02791	0.01813	0.49323	0.08125	0.06668	0.02096	0.00925	0.00671	0.00209	0.00565	0.00753	0.00744	0.05201
21	0.02368	0.01778	0.01859	0.01479	0.01959	0.05003	0.01204	0.50674	0.09726	0.05923	0.01806	0.01840	0.01321	0.01054	0.04503	0.00252	0.00782	0.00634	0.04752	0.01083

[dist]
# distance from previous block
# <min> <max>
7	12

[block]
# block no. 2 follows, 31 sequences, length 31
# corresponding to MSA columns:
# 52-82
name=unknown_C
#
# <colnr> <probs for GDERKNQSTAVLIFYWHMCP>
#	G	D	E	R	K	N	Q	S	T	A	V	L	I	F	Y	W	H	M	C	P
0	0.08795	0.01439	0.01558	0.12021	0.02115	0.07486	0.01070	0.09046	0.04203	0.06358	0.03276	0.05353	0.01370	0.00734	0.00597	0.00170	0.00653	0.00585	0.00473	0.32700
1	0.34795	0.01472	0.01486	0.05329	0.01829	0.01646	0.01042	0.26034	0.04171	0.07706	0.01598	0.04810	0.01280	0.00836	0.00594	0.00218	0.00632	0.03043	0.00561	0.00918
2	0.01822	0.57204	0.03194	0.01399	0.04610	0.06666	0.03371	0.04618	0.01505	0.01782	0.01177	0.01564	0.01086	0.00835	0.03198	0.00199	0.00815	0.03750	0.00334	0.00871
3	0.03843	0.00913	0.01083	0.01076	0.01260	0.00914	0.00779	0.14371	0.01683	0.02318	0.03112	0.54288	0.03538	0.01739	0.00800	0.00251	0.00477	0.01543	0.00624	0.05386
4	0.54997	0.01759	0.01311	0.01151	0.01573	0.15266	0.00922	0.09221	0.03924	0.02926	0.01108	0.01240	0.00858	0.00678	0.00497	0.00205	0.00687	0.00423	0.00446	0.00807
5	0.00923	0.00687	0.00910	0.04550	0.01188	0.00651	0.00694	0.01166	0.01649	0.02258	0.38038	0.30818	0.10588	0.01662	0.00825	0.00240	0.00381	0.01481	0.00678	0.00613
6	0.01630	0.01842	0.03613	0.07235	0.03397	0.05330	0.54797	0.02136	0.01559	0.02083	0.01309	0.01779	0.01008	0.00652	0.00933	0.00235	0.08480	0.00756	0.00339	0.00889
7	0.01629	0.04604	0.06332	0.02879	0.12612	0.01745	0.51209	0.02254	0.05473	0.02213	0.01428	0.01822	0.01091	0.00604	0.00764	0.00223	0.01052	0.00751	0.00361	0.00955
8	0.49871	0.01303	0.01356	0.14307	0.04603	0.01480	0.01047	0.03733	0.03188	0.09871	0.02837	0.01526	0.01056	0.00694	0.00529	0.00215	0.00615	0.00490	0.00463	0.00817
9	0.00844	0.00603	0.00806	0.00965	0.01009	0.00565	0.00654	0.00971	0.01320	0.01758	0.03765	0.72799	0.04501	0.02133	0.00876	0.00279	0.00406	0.04550	0.00635	0.00559
10	0.01616	0.01124	0.01322	0.16417	0.01968	0.03930	0.01014	0.12056	0.01711	0.05428	0.01827	0.02141	0.01403	0.00798	0.00666	0.00192	0.04749	0.00620	0.40241	0.00777
11	0.01601	0.01773	0.05802	0.02963	0.21411	0.01777	0.33901	0.02046	0.01469	0.02083	0.01246	0.01713	0.01013	0.00724	0.01082	0.00238	0.17199	0.00697	0.00332	0.00931
12	0.00866	0.00661	0.00795	0.00835	0.00978	0.00591	0.00598	0.01066	0.01587	0.02084	0.25380	0.30200	0.28338	0.01775	0.00831	0.00243	0.00357	0.01556	0.00671	0.00591
13	0.00944	0.00684	0.00891	0.00869	0.01015	0.00631	0.00640	0.01233	0.01836	0.02574	0.59753	0.15239	0.08093	0.01515	0.00816	0.00225	0.00334	0.01345	0.00733	0.00631
14	0.01567	0.17800	0.42493	0.04266	0.10911	0.05404	0.04246	0.02151	0.01475	0.02026	0.01175	0.01418	0.00902	0.00634	0.00615	0.00200	0.00944	0.00499	0.00301	0.00972
15	0.68807	0.01322	0.01115	0.05856	0.01573	0.01532	0.00838	0.05345	0.01290	0.03025	0.01049	0.01235	0.00808	0.00653	0.00456	0.00211	0.00559	0.00408	0.03158	0.00760
16	0.02545	0.01873	0.02008	0.01545	0.02074	0.02071	0.01270	0.67040	0.03140	0.04208	0.01660	0.01741	0.01209	0.03421	0.00781	0.00221	0.00750	0.00629	0.00675	0.01138
17	0.02137	0.30836	0.02718	0.01929	0.13627	0.28442	0.01392	0.07823	0.01770	0.01959	0.01103	0.01292	0.00937	0.00653	0.00564	0.00172	0.00932	0.00455	0.00354	0.00905
18	0.01188	0.00594	0.00891	0.00891	0.00891	0.00594	0.00594	0.00891	0.00891	0.01188	0.01188	0.02080	0.01188	0.02377	0.02674	0.80095	0.00594	0.00594	0.00297	0.00297
19	0.02310	0.13064	0.02116	0.01591	0.02007	0.41815	0.01256	0.11218	0.13993	0.02206	0.01418	0.01497	0.01127	0.00742	0.00614	0.00185	0.00981	0.00510	0.00446	0.00902
20	0.00977	0.00733	0.01100	0.01100	0.01222	0.00855	0.00855	0.01222	0.01100	0.01588	0.01833	0.02688	0.01710	0.05131	0.73245	0.01100	0.01833	0.00733	0.00367	0.00611
21	0.03033	0.01223	0.01624	0.01245	0.01776	0.01093	0.01029	0.08523	0.02057	0.66834	0.02616	0.02275	0.01652	0.00845	0.00688	0.00211	0.00596	0.00682	0.00834	0.01164
22	0.00855	0.00689	0.00761	0.00755	0.00956	0.00595	0.00562	0.01067	0.01651	0.02095	0.24901	0.10141	0.49247	0.01662	0.00812	0.00229	0.00343	0.01415	0.00669	0.00595
23	0.00964	0.00668	0.00836	0.00862	0.00897	0.00690	0.00553	0.01041	0.01071	0.01456	0.02344	0.15648	0.02639	0.47436	0.19289	0.00702	0.00892	0.01089	0.00439	0.00483
24	0.01188	0.00594	0.00891	0.00891	0.00891	0.00594	0.00594	0.00891	0.00891	0.01188	0.01188	0.02080	0.01188	0.02377	0.02674	0.80095	0.00594	0.00594	0.00297	0.00297
25	0.01420	0.01474	0.02903	0.10423	0.02950	0.01511	0.39240	0.01849	0.01455	0.02010	0.01693	0.12224	0.01549	0.01045	0.03447	0.00272	0.09390	0.00912	0.03423	0.00811
26	0.01520	0.00858	0.01108	0.00965	0.01232	0.00787	0.00751	0.04557	0.01975	0.19040	0.49153	0.04389	0.08366	0.01262	0.00774	0.00215	0.00402	0.01093	0.00766	0.00785
27	0.02352	0.01349	0.01589	0.01259	0.01700	0.01370	0.01024	0.29922	0.02440	0.26388	0.16103	0.02622	0.02441	0.00945	0.00699	0.00207	0.00585	0.00767	0.05210	0.01029
28	0.19048	0.02059	0.01879	0.06173	0.12407	0.21796	0.01330	0.19019	0.05429	0.02774	0.01310	0.01478	0.01014	0.00715	0.00609	0.00201	0.00848	0.00521	0.00462	0.00930
29	0.01439	0.01061	0.01237	0.01149	0.01382	0.01108	0.00863	0.21801	0.05891	0.02756	0.14802	0.36905	0.03709	0.01547	0.00795	0.00243	0.00499	0.01355	0.00674	0.00784
30	0.01798	0.01839	0.02629	0.06741	0.59145	0.11693	0.01982	0.02174	0.01604	0.02136	0.01252	0.01634	0.01048	0.00626	0.00669	0.00200	0.00876	0.00586	0.00339	0.01029

[dist]
# distance from previous block
# <min> <max>
0	4

[block]
# block no. 3 follows, 31 sequences, length 16
# corresponding to MSA columns:
# 87-102
name=unknown_D
#
# <colnr> <probs for GDERKNQSTAVLIFYWHMCP>
#	G	D	E	R	K	N	Q	S	T	A	V	L	I	F	Y	W	H	M	C	P
0	0.02023	0.03929	0.01626	0.01281	0.01672	0.04022	0.01037	0.37993	0.02383	0.05130	0.02071	0.05621	0.04426	0.01388	0.08753	0.00299	0.00778	0.00718	0.13912	0.00938
1	0.01849	0.00925	0.01182	0.01001	0.01339	0.00828	0.00791	0.02187	0.04749	0.31642	0.27700	0.04114	0.16406	0.01210	0.00753	0.00217	0.00445	0.01026	0.00768	0.00868
2	0.00834	0.00595	0.00794	0.00953	0.00992	0.00556	0.00635	0.00953	0.01310	0.01746	0.03771	0.75510	0.04525	0.02143	0.00873	0.00278	0.00397	0.01945	0.00635	0.00556
3	0.01057	0.00906	0.01055	0.01178	0.08939	0.00844	0.00775	0.04540	0.06125	0.02110	0.08355	0.05483	0.53129	0.01498	0.00781	0.00226	0.00430	0.01260	0.00613	0.00697
4	0.01165	0.00610	0.00915	0.00915	0.00928	0.00623	0.00623	0.00928	0.00915	0.01233	0.01260	0.02147	0.01247	0.02684	0.10551	0.71278	0.00732	0.00610	0.00305	0.00332
5	0.80789	0.01323	0.01006	0.00900	0.01323	0.01535	0.00741	0.02011	0.01164	0.03070	0.00953	0.01111	0.00741	0.00635	0.00423	0.00212	0.00529	0.00370	0.00423	0.00741
6	0.01773	0.67501	0.11965	0.01266	0.01903	0.02571	0.01336	0.02063	0.01397	0.01677	0.00985	0.01140	0.00877	0.00593	0.00465	0.00155	0.00766	0.00383	0.00292	0.00894
7	0.80789	0.01323	0.01006	0.00900	0.01323	0.01535	0.00741	0.02011	0.01164	0.03070	0.00953	0.01111	0.00741	0.00635	0.00423	0.00212	0.00529	0.00370	0.00423	0.00741
8	0.01434	0.01427	0.01857	0.01620	0.01670	0.05208	0.01331	0.01602	0.01170	0.01708	0.04720	0.02086	0.05806	0.01549	0.07970	0.00352	0.56729	0.00688	0.00351	0.00723
9	0.01232	0.00648	0.00689	0.00689	0.00837	0.00661	0.00513	0.01528	0.01380	0.02396	0.02188	0.02656	0.01784	0.04824	0.07886	0.00277	0.00486	0.00664	0.68036	0.00624
10	0.01488	0.01518	0.05987	0.42219	0.08862	0.04917	0.07871	0.04825	0.04517	0.02074	0.01407	0.01856	0.01070	0.00694	0.00672	0.00216	0.00871	0.00623	0.07477	0.00835
11	0.01806	0.35032	0.13859	0.01505	0.04950	0.12474	0.01394	0.02131	0.01566	0.05476	0.09343	0.01747	0.01580	0.00747	0.00638	0.00182	0.03771	0.00537	0.00385	0.00878
12	0.01791	0.01411	0.01836	0.01510	0.05429	0.03135	0.08156	0.12013	0.06110	0.09762	0.03307	0.07398	0.01565	0.00777	0.00641	0.00173	0.00643	0.00678	0.00525	0.33140
13	0.01765	0.01777	0.06086	0.03598	0.52452	0.04487	0.08608	0.02266	0.04947	0.05269	0.01419	0.01747	0.01136	0.00638	0.00688	0.00207	0.00850	0.00629	0.00377	0.01056
14	0.34321	0.03920	0.05867	0.01180	0.04989	0.03722	0.00948	0.01879	0.02824	0.05365	0.08758	0.05509	0.07962	0.00954	0.00593	0.00215	0.00559	0.04026	0.05644	0.00763
15	0.47020	0.08904	0.07152	0.01215	0.04523	0.04438	0.01023	0.02112	0.04723	0.04655	0.07406	0.01627	0.01386	0.00721	0.00517	0.00205	0.00612	0.00500	0.00448	0.00813

[dist]
# distance from previous block
# <min> <max>
6	22

[block]
# block no. 4 follows, 31 sequences, length 20
# corresponding to MSA columns:
# 125-144
name=unknown_E
#
# <colnr> <probs for GDERKNQSTAVLIFYWHMCP>
#	G	D	E	R	K	N	Q	S	T	A	V	L	I	F	Y	W	H	M	C	P
0	0.10886	0.13081	0.15058	0.08351	0.21128	0.06293	0.08642	0.02072	0.01481	0.02132	0.01393	0.01676	0.03630	0.00668	0.00622	0.00202	0.00855	0.00568	0.00343	0.00919
1	0.16368	0.20460	0.19945	0.01574	0.04498	0.08278	0.06068	0.02144	0.04213	0.02234	0.07090	0.01668	0.01387	0.00704	0.00580	0.00196	0.00799	0.00537	0.00382	0.00877
2	0.08338	0.14730	0.44583	0.01710	0.02502	0.12942	0.01976	0.02223	0.01489	0.02079	0.01135	0.01329	0.00860	0.00647	0.00593	0.00199	0.00961	0.00462	0.00311	0.00933
3	0.01385	0.01084	0.01478	0.04563	0.15539	0.01107	0.01079	0.08553	0.07432	0.04148	0.23305	0.14402	0.05413	0.04343	0.00866	0.00241	0.00538	0.01061	0.02651	0.00813
4	0.01641	0.01614	0.02551	0.21503	0.51204	0.05537	0.02007	0.02047	0.01532	0.02083	0.01257	0.01700	0.01030	0.00633	0.00676	0.00208	0.00861	0.00600	0.00331	0.00987
5	0.01571	0.01501	0.02557	0.25517	0.51325	0.01593	0.02039	0.01993	0.01500	0.02087	0.01265	0.01733	0.01031	0.00632	0.00679	0.00211	0.00843	0.00609	0.00328	0.00985
6	0.01249	0.01309	0.07833	0.27503	0.08962	0.01230	0.08400	0.01620	0.01415	0.01882	0.02150	0.14014	0.04536	0.01173	0.00869	0.04625	0.00783	0.09290	0.00414	0.00746
7	0.00968	0.00699	0.00914	0.00861	0.01022	0.00646	0.00646	0.01291	0.01937	0.02743	0.71328	0.05110	0.06455	0.01399	0.00807	0.00215	0.00323	0.01237	0.00753	0.00646
8	0.00834	0.00595	0.00794	0.00953	0.00992	0.00556	0.00635	0.00953	0.01310	0.01746	0.03771	0.75510	0.04525	0.02143	0.00873	0.00278	0.00397	0.01945	0.00635	0.00556
9	0.10798	0.05004	0.06607	0.12298	0.11472	0.01702	0.37942	0.02092	0.01504	0.02213	0.01273	0.01687	0.00977	0.00606	0.00707	0.00220	0.00982	0.00672	0.00343	0.00901
10	0.01656	0.01572	0.02671	0.04013	0.67224	0.01572	0.02036	0.02056	0.01559	0.02223	0.01435	0.02076	0.01265	0.00691	0.00694	0.00210	0.00801	0.04833	0.00357	0.01055
11	0.00838	0.00617	0.00772	0.00893	0.00966	0.00566	0.00601	0.00960	0.01339	0.01742	0.04275	0.58660	0.16972	0.06126	0.01005	0.00290	0.00402	0.01799	0.00623	0.00552
12	0.01519	0.06613	0.02319	0.04593	0.02018	0.02092	0.05792	0.01712	0.01119	0.01682	0.00945	0.01504	0.00906	0.01097	0.01971	0.00282	0.62169	0.00596	0.00302	0.00769
13	0.02387	0.01538	0.07601	0.01366	0.01869	0.01386	0.01181	0.20460	0.10616	0.32008	0.02425	0.10186	0.01845	0.00977	0.00705	0.00220	0.00638	0.00803	0.00715	0.01074
14	0.01614	0.00997	0.01066	0.00934	0.01197	0.01064	0.00736	0.20200	0.01896	0.02953	0.02036	0.02313	0.01588	0.01170	0.06682	0.00251	0.00566	0.00640	0.51316	0.00780
15	0.01012	0.00657	0.00759	0.00759	0.00759	0.00657	0.00430	0.00986	0.00986	0.01314	0.02071	0.04268	0.02374	0.69527	0.03412	0.07605	0.00657	0.00960	0.00404	0.00404
16	0.57916	0.01427	0.01227	0.01247	0.07215	0.06570	0.00896	0.02048	0.03539	0.02861	0.08271	0.01625	0.01409	0.00726	0.00506	0.00209	0.00582	0.00497	0.00454	0.00774
17	0.61645	0.01236	0.01110	0.07183	0.01605	0.01412	0.00854	0.01950	0.01289	0.05226	0.07080	0.01799	0.01390	0.00758	0.00507	0.00217	0.00550	0.02980	0.00463	0.00745
18	0.08948	0.01695	0.01822	0.01442	0.01911	0.01877	0.01176	0.50198	0.05038	0.03729	0.01653	0.04904	0.01293	0.00927	0.00800	0.03206	0.03622	0.00649	0.00619	0.04490
19	0.07403	0.29687	0.30089	0.01476	0.02184	0.01983	0.01650	0.08801	0.01616	0.02283	0.05928	0.01563	0.01272	0.00693	0.00570	0.00189	0.00801	0.00506	0.00371	0.00933

[dist]
# distance from previous block
# <min> <max>
4	7

[block]
# block no. 5 follows, 31 sequences, length 24
# corresponding to MSA columns:
# 152-175
name=unknown_F
#
# <colnr> <probs for GDERKNQSTAVLIFYWHMCP>
#	G	D	E	R	K	N	Q	S	T	A	V	L	I	F	Y	W	H	M	C	P
0	0.01710	0.01589	0.02443	0.21454	0.42679	0.03548	0.01902	0.09113	0.04641	0.02341	0.01364	0.01746	0.01086	0.00667	0.00679	0.00210	0.00831	0.00612	0.00382	0.01003
1	0.03989	0.00870	0.01078	0.05357	0.01400	0.00901	0.00825	0.11333	0.01589	0.02169	0.03094	0.49416	0.03517	0.06349	0.00983	0.00287	0.00514	0.05068	0.00602	0.00661
2	0.16468	0.48809	0.08380	0.01217	0.01776	0.07622	0.01194	0.02079	0.01411	0.01965	0.03175	0.01263	0.01026	0.00634	0.00478	0.00168	0.00741	0.00411	0.00335	0.00850
3	0.22920	0.01550	0.05768	0.08151	0.05024	0.04234	0.03289	0.14266	0.03620	0.13208	0.01784	0.10118	0.01483	0.00887	0.00637	0.00219	0.00685	0.00710	0.00538	0.00908
4	0.01047	0.00692	0.00914	0.00912	0.01055	0.00637	0.00663	0.01299	0.01731	0.06492	0.44995	0.28187	0.05538	0.01612	0.00822	0.00236	0.00362	0.01439	0.00720	0.00646
5	0.02515	0.01952	0.02000	0.01568	0.02090	0.06176	0.01281	0.59490	0.09357	0.04026	0.01714	0.01703	0.01233	0.00824	0.00682	0.00206	0.00761	0.00620	0.00666	0.01135
6	0.04474	0.67730	0.03367	0.01212	0.01762	0.06347	0.01174	0.02071	0.01401	0.01663	0.00955	0.01117	0.00874	0.00612	0.00504	0.00155	0.03040	0.00377	0.00300	0.00865
7	0.00904	0.00667	0.00850	0.00894	0.01023	0.00612	0.00653	0.01130	0.01630	0.02202	0.32668	0.30762	0.15597	0.01750	0.00840	0.00247	0.00373	0.05911	0.00684	0.00602
8	0.01401	0.18593	0.47340	0.01650	0.02435	0.01698	0.01979	0.01984	0.01397	0.01975	0.01393	0.06663	0.01190	0.01082	0.06141	0.00273	0.00971	0.00594	0.00320	0.00920
9	0.01076	0.00770	0.01069	0.01203	0.01356	0.00762	0.01032	0.01384	0.01604	0.02112	0.11141	0.10263	0.04241	0.01846	0.00927	0.00302	0.00586	0.57053	0.00644	0.00629
10	0.00957	0.00647	0.00757	0.00795	0.00804	0.00638	0.00467	0.00985	0.01069	0.01426	0.02536	0.21221	0.02968	0.58557	0.02867	0.00572	0.00600	0.01219	0.00467	0.00448
11	0.00978	0.00729	0.01079	0.01079	0.01194	0.00844	0.00830	0.01209	0.01093	0.01573	0.01851	0.02791	0.01755	0.09209	0.69229	0.01074	0.01765	0.00748	0.00369	0.00600
12	0.00834	0.00595	0.00794	0.00953	0.00992	0.00556	0.00635	0.00953	0.01310	0.01746	0.03771	0.75510	0.04525	0.02143	0.00873	0.00278	0.00397	0.01945	0.00635	0.00556
13	0.02047	0.01416	0.01570	0.01344	0.01770	0.01547	0.01064	0.10004	0.46217	0.17801	0.02826	0.02583	0.04811	0.00934	0.00698	0.00225	0.00563	0.00768	0.00725	0.01087
14	0.02601	0.01916	0.02053	0.01574	0.02122	0.02122	0.01300	0.69408	0.03217	0.04312	0.01643	0.01643	0.01163	0.00821	0.00684	0.00205	0.00753	0.00616	0.00684	0.01163
15	0.01069	0.00792	0.01118	0.01329	0.05422	0.00777	0.01023	0.01349	0.01552	0.02050	0.08756	0.19709	0.05999	0.01820	0.00902	0.00292	0.00566	0.44212	0.00623	0.00643
16	0.01017	0.00743	0.01059	0.01050	0.01156	0.00858	0.00799	0.01236	0.01109	0.01628	0.01867	0.02843	0.01775	0.12748	0.57907	0.00958	0.03958	0.00752	0.05941	0.00595
17	0.00986	0.00699	0.00929	0.00929	0.00992	0.00762	0.00642	0.01112	0.01049	0.01462	0.01989	0.03553	0.02086	0.39382	0.39508	0.00889	0.01267	0.00860	0.00390	0.00516
18	0.01765	0.01331	0.01556	0.01537	0.09599	0.03696	0.01071	0.19782	0.10032	0.08212	0.11483	0.05084	0.13475	0.01283	0.03385	0.03666	0.00640	0.00885	0.00619	0.00899
19	0.00995	0.00663	0.00746	0.00746	0.00746	0.00663	0.00415	0.00995	0.00995	0.01327	0.02156	0.04477	0.02487	0.75957	0.03482	0.00663	0.00663	0.00995	0.00415	0.00415
20	0.13034	0.01280	0.01794	0.25755	0.02746	0.01386	0.06128	0.05298	0.01435	0.02203	0.01331	0.01955	0.01121	0.00814	0.00819	0.03624	0.05660	0.04446	0.00386	0.18785
21	0.05341	0.00720	0.00766	0.00760	0.00879	0.00738	0.00523	0.03335	0.01302	0.02114	0.02237	0.09291	0.02162	0.26248	0.04306	0.00378	0.00523	0.00857	0.36943	0.00576
22	0.01847	0.64898	0.09046	0.01279	0.01881	0.07978	0.01292	0.02110	0.01436	0.01660	0.00982	0.01136	0.00877	0.00600	0.00470	0.00154	0.00792	0.00383	0.00297	0.00882
23	0.02286	0.01739	0.02117	0.02119	0.17832	0.01874	0.01429	0.45904	0.05122	0.05973	0.01751	0.05584	0.01373	0.00847	0.00693	0.00210	0.00734	0.00692	0.00609	0.01111

[dist]
# distance from previous block
# <min> <max>
0	1

[block]
# block no. 6 follows, 31 sequences, length 78
# corresponding to MSA columns:
# 177-254
name=unknown_G
#
# <colnr> <probs for GDERKNQSTAVLIFYWHMCP>
#	G	D	E	R	K	N	Q	S	T	A	V	L	I	F	Y	W	H	M	C	P
0	0.05129	0.01438	0.02051	0.01785	0.10645	0.01335	0.10202	0.10419	0.01770	0.16728	0.01581	0.01712	0.01168	0.00661	0.00674	0.00176	0.02831	0.00572	0.00511	0.28610
1	0.01567	0.01162	0.01451	0.03849	0.01645	0.01319	0.01050	0.23774	0.01855	0.02582	0.01848	0.02560	0.01609	0.02961	0.35606	0.00642	0.03641	0.04572	0.05501	0.00806
2	0.54776	0.01443	0.01267	0.01072	0.01516	0.01637	0.00879	0.18813	0.03805	0.03310	0.01488	0.01569	0.04519	0.00747	0.00517	0.00212	0.00576	0.00499	0.00508	0.00848
3	0.01375	0.01169	0.01372	0.01009	0.01574	0.00885	0.00797	0.01665	0.01410	0.02193	0.01408	0.06998	0.01278	0.00630	0.00534	0.00115	0.00498	0.00521	0.00423	0.74146
4	0.30493	0.01401	0.01482	0.01199	0.01680	0.01476	0.00992	0.20018	0.01989	0.27039	0.01840	0.01937	0.01308	0.00808	0.00604	0.00214	0.00610	0.03271	0.00645	0.00992
5	0.14681	0.02204	0.22546	0.02043	0.06611	0.04273	0.19284	0.08708	0.01621	0.02477	0.01405	0.06029	0.01157	0.00754	0.00723	0.00222	0.03284	0.00667	0.00392	0.00919
6	0.02327	0.01688	0.01823	0.01442	0.01922	0.01857	0.01176	0.50998	0.11327	0.06126	0.06093	0.02042	0.01652	0.00869	0.00681	0.00207	0.00669	0.00677	0.05333	0.01091
7	0.00971	0.00685	0.00896	0.00912	0.00967	0.00731	0.00618	0.01084	0.01070	0.01477	0.02187	0.10969	0.02375	0.39357	0.31870	0.00803	0.01116	0.00984	0.00417	0.00510
8	0.01798	0.01895	0.02182	0.02861	0.38180	0.20142	0.01601	0.02215	0.05745	0.02175	0.10195	0.02220	0.04244	0.00791	0.00683	0.00200	0.00829	0.00682	0.00425	0.00936
9	0.02485	0.01774	0.01910	0.01484	0.01996	0.01950	0.01219	0.58972	0.05921	0.06896	0.01777	0.01775	0.01268	0.00825	0.00670	0.00203	0.00705	0.00627	0.06418	0.01122
10	0.50660	0.01417	0.01267	0.01073	0.01515	0.04406	0.00875	0.09326	0.03505	0.15230	0.03987	0.01573	0.01206	0.00731	0.00527	0.00210	0.00583	0.00498	0.00542	0.00867
11	0.01460	0.01387	0.02355	0.45002	0.32711	0.01564	0.01983	0.01895	0.01447	0.01952	0.01246	0.01769	0.00984	0.00653	0.00681	0.00218	0.00871	0.00609	0.00318	0.00895
12	0.01964	0.01480	0.01653	0.01293	0.01767	0.01504	0.01037	0.35471	0.05832	0.03211	0.04458	0.04230	0.01497	0.00946	0.00827	0.07471	0.00628	0.00631	0.00571	0.23527
13	0.00957	0.00815	0.00826	0.00821	0.01031	0.03213	0.00608	0.03601	0.01634	0.02010	0.12717	0.16789	0.49161	0.01692	0.00807	0.00234	0.00398	0.01434	0.00639	0.00611
14	0.01188	0.00594	0.00891	0.00891	0.00891	0.00594	0.00594	0.00891	0.00891	0.01188	0.01188	0.02080	0.01188	0.02377	0.02674	0.80095	0.00594	0.00594	0.00297	0.00297
15	0.07669	0.01093	0.01328	0.01110	0.01482	0.01071	0.00885	0.06843	0.10323	0.29206	0.27376	0.03232	0.03364	0.01040	0.00713	0.00215	0.00491	0.00870	0.00754	0.00936
16	0.02565	0.01741	0.01921	0.01482	0.02004	0.01881	0.01221	0.56324	0.02969	0.13395	0.06026	0.01946	0.01557	0.00860	0.00692	0.00207	0.00704	0.00664	0.00711	0.01132
17	0.06938	0.66409	0.06512	0.01203	0.01792	0.04300	0.01208	0.02068	0.01391	0.01731	0.00966	0.01117	0.00869	0.00594	0.00452	0.00154	0.00744	0.00374	0.00302	0.00873
18	0.06351	0.00934	0.01175	0.01067	0.01354	0.00893	0.00836	0.04014	0.04691	0.23684	0.18537	0.18043	0.05724	0.01429	0.02333	0.00255	0.00510	0.06636	0.00712	0.00821
19	0.09648	0.01471	0.05806	0.04935	0.16994	0.05235	0.01251	0.02039	0.04341	0.08478	0.12553	0.02359	0.04694	0.00803	0.00640	0.00189	0.00636	0.00673	0.00492	0.16761
20	0.22660	0.01658	0.01656	0.01331	0.01816	0.03666	0.01089	0.37129	0.07876	0.09797	0.01653	0.01656	0.01186	0.00780	0.00611	0.00208	0.00663	0.00568	0.02975	0.01023
21	0.01317	0.00678	0.00683	0.00667	0.00839	0.00685	0.00504	0.03747	0.01491	0.02607	0.02213	0.02522	0.01735	0.00798	0.00485	0.00161	0.00333	0.00637	0.77244	0.00654
22	0.01224	0.00996	0.04129	0.01125	0.01312	0.00926	0.00855	0.15234	0.01712	0.02298	0.03219	0.56978	0.03669	0.01804	0.00824	0.00260	0.00497	0.01607	0.00630	0.00702
23	0.01814	0.23497	0.25722	0.07100	0.02473	0.11706	0.01728	0.10484	0.01689	0.02150	0.01160	0.01374	0.00914	0.00692	0.00678	0.00195	0.04861	0.00484	0.00349	0.00930
24	0.01460	0.01492	0.02346	0.05641	0.02258	0.04595	0.16758	0.01741	0.01238	0.01766	0.01202	0.01800	0.01078	0.01729	0.14738	0.00421	0.37983	0.00665	0.00325	0.00765
25	0.00971	0.00715	0.01033	0.01043	0.01143	0.00810	0.00782	0.01174	0.01099	0.01563	0.01999	0.07532	0.01993	0.14487	0.59268	0.00989	0.01584	0.00845	0.00390	0.00581
26	0.01510	0.02000	0.15078	0.15883	0.03613	0.01682	0.42913	0.02084	0.01518	0.02084	0.01308	0.01760	0.00980	0.00633	0.00815	0.00231	0.03970	0.00712	0.00327	0.00901
27	0.02269	0.01625	0.01866	0.01467	0.01935	0.01748	0.03558	0.49798	0.02792	0.07993	0.10483	0.07267	0.02081	0.00978	0.00717	0.00213	0.00679	0.00797	0.00687	0.01048
28	0.01292	0.01216	0.02052	0.74312	0.04712	0.01520	0.01900	0.01748	0.01368	0.01748	0.01216	0.01824	0.00912	0.00684	0.00684	0.00228	0.00912	0.00608	0.00304	0.00760
29	0.05749	0.01849	0.01984	0.01526	0.02068	0.02033	0.01261	0.62842	0.03061	0.08242	0.01677	0.01662	0.01178	0.00815	0.00674	0.00206	0.00734	0.00610	0.00683	0.01147
30	0.01025	0.00751	0.01031	0.00958	0.01040	0.00766	0.04565	0.01141	0.01140	0.01563	0.08356	0.03995	0.02597	0.49488	0.18093	0.00691	0.00913	0.00950	0.00431	0.00508
31	0.00834	0.00595	0.00794	0.00953	0.00992	0.00556	0.00635	0.00953	0.01310	0.01746	0.03771	0.75510	0.04525	0.02143	0.00873	0.00278	0.00397	0.01945	0.00635	0.00556
32	0.09968	0.01178	0.01536	0.01189	0.01709	0.01053	0.00982	0.03217	0.01888	0.66030	0.02544	0.02221	0.01609	0.00828	0.00665	0.00212	0.00577	0.00660	0.00809	0.01127
33	0.04304	0.01410	0.02314	0.33527	0.36356	0.01553	0.01902	0.01976	0.03698	0.02073	0.01369	0.01950	0.01124	0.00694	0.00680	0.00219	0.00830	0.02754	0.00348	0.00920
34	0.01870	0.01331	0.01511	0.01291	0.01633	0.01417	0.01016	0.37319	0.02415	0.05708	0.09569	0.24410	0.02826	0.01313	0.00762	0.00232	0.00592	0.03192	0.00681	0.00911
35	0.03056	0.01185	0.01601	0.01227	0.01757	0.01037	0.01014	0.05172	0.01993	0.70275	0.02670	0.02310	0.01679	0.00846	0.00688	0.00212	0.00587	0.00686	0.00842	0.01164
36	0.58692	0.01413	0.01291	0.17119	0.02116	0.05736	0.01030	0.01995	0.01255	0.02697	0.01017	0.01275	0.00787	0.00650	0.00492	0.00213	0.00655	0.00427	0.00393	0.00748
37	0.00959	0.00648	0.00757	0.00792	0.00801	0.00639	0.00464	0.00986	0.01065	0.01420	0.02514	0.20251	0.02940	0.59565	0.02903	0.00578	0.00604	0.01206	0.00464	0.00446
38	0.01547	0.02167	0.18757	0.06935	0.06907	0.01682	0.47379	0.02155	0.01560	0.02162	0.01335	0.01749	0.00996	0.00601	0.00759	0.00226	0.01091	0.00720	0.00331	0.00940
39	0.01702	0.01470	0.01547	0.01392	0.01779	0.01702	0.01083	0.03635	0.70453	0.02862	0.02785	0.02553	0.02088	0.00928	0.00696	0.00232	0.00541	0.00773	0.00696	0.01083
40	0.00995	0.00682	0.00899	0.00901	0.01036	0.00630	0.00654	0.01253	0.01744	0.04687	0.48281	0.26718	0.05706	0.01610	0.00823	0.00234	0.00354	0.01438	0.00720	0.00635
41	0.01120	0.00724	0.00953	0.00901	0.01076	0.00663	0.00673	0.01413	0.01861	0.08181	0.57457	0.13613	0.05835	0.01447	0.00806	0.00223	0.00353	0.01281	0.00746	0.00676
42	0.01193	0.00824	0.00935	0.00875	0.00952	0.00858	0.00558	0.09491	0.01278	0.01716	0.02068	0.03991	0.02265	0.61311	0.08389	0.00639	0.00762	0.00928	0.00444	0.00522
43	0.00936	0.00694	0.00863	0.00828	0.00992	0.00631	0.00613	0.01212	0.01811	0.02493	0.54715	0.07499	0.18187	0.04407	0.00914	0.00238	0.00343	0.01287	0.00715	0.00621
44	0.01419	0.01216	0.01419	0.01013	0.01621	0.00912	0.00811	0.01723	0.01419	0.02229	0.01216	0.01419	0.01013	0.00507	0.00507	0.00101	0.00507	0.00405	0.00405	0.80139
45	0.01075	0.00741	0.00958	0.00966	0.01112	0.00706	0.00711	0.04733	0.01742	0.04645	0.35837	0.32153	0.05150	0.01665	0.00830	0.00244	0.00398	0.04979	0.00700	0.00653
46	0.01796	0.01841	0.02747	0.03820	0.59071	0.10504	0.05939	0.02183	0.01608	0.02163	0.01264	0.01645	0.01056	0.00619	0.00677	0.00201	0.00885	0.00600	0.00341	0.01038
47	0.02216	0.06215	0.01878	0.04525	0.01980	0.04740	0.01175	0.41180	0.09095	0.05908	0.01852	0.04756	0.01427	0.00858	0.00654	0.00202	0.00692	0.00666	0.08954	0.01026
48	0.80789	0.01323	0.01006	0.00900	0.01323	0.01535	0.00741	0.02011	0.01164	0.03070	0.00953	0.01111	0.00741	0.00635	0.00423	0.00212	0.00529	0.00370	0.00423	0.00741
49	0.00968	0.00699	0.00914	0.00861	0.01022	0.00646	0.00646	0.01291	0.01937	0.02743	0.71328	0.05110	0.06455	0.01399	0.00807	0.00215	0.00323	0.01237	0.00753	0.00646
50	0.00931	0.00688	0.00870	0.00845	0.01005	0.00626	0.00626	0.01211	0.01817	0.02510	0.54956	0.12478	0.15852	0.01524	0.00814	0.00224	0.00334	0.01340	0.00724	0.00626
51	0.01372	0.03539	0.72412	0.01950	0.02961	0.01589	0.02528	0.02167	0.01444	0.02167	0.01228	0.01444	0.00867	0.00650	0.00650	0.00217	0.01011	0.00506	0.00289	0.01011
52	0.00852	0.00612	0.00793	0.00919	0.00973	0.00570	0.00614	0.00978	0.01338	0.01782	0.07927	0.62545	0.07932	0.07417	0.01055	0.00300	0.00409	0.01807	0.00626	0.00552
53	0.76060	0.01313	0.01041	0.00919	0.01349	0.01503	0.00757	0.02092	0.01213	0.07274	0.01059	0.01185	0.00799	0.00648	0.00439	0.00212	0.00532	0.00390	0.00449	0.00767
54	0.02601	0.01916	0.02053	0.01574	0.02122	0.02122	0.01300	0.69408	0.03217	0.04312	0.01643	0.01643	0.01163	0.00821	0.00684	0.00205	0.00753	0.00616	0.00684	0.01163
55	0.01075	0.00906	0.00995	0.04716	0.01300	0.05297	0.00762	0.03406	0.01639	0.02101	0.20916	0.21346	0.21721	0.04793	0.00925	0.00258	0.00484	0.06110	0.00621	0.00628
56	0.01607	0.01877	0.12009	0.12849	0.43556	0.05572	0.03747	0.02058	0.01541	0.02117	0.01401	0.02022	0.01193	0.00707	0.00691	0.00214	0.00874	0.04636	0.00346	0.00983
57	0.01722	0.01281	0.01457	0.01286	0.01576	0.03109	0.01016	0.28464	0.02201	0.04970	0.11847	0.22524	0.03041	0.01372	0.00851	0.00241	0.04231	0.07309	0.00653	0.00850
58	0.00905	0.00772	0.00793	0.00782	0.00998	0.02709	0.00592	0.01116	0.01653	0.02046	0.20688	0.06149	0.52697	0.01636	0.00808	0.00229	0.00378	0.03796	0.00653	0.00601
59	0.01537	0.01231	0.01497	0.01247	0.05870	0.01007	0.00914	0.06034	0.01556	0.05506	0.01527	0.07645	0.01350	0.00684	0.00567	0.00134	0.00535	0.00572	0.00458	0.60129
60	0.01372	0.03539	0.72412	0.01950	0.02961	0.01589	0.02528	0.02167	0.01444	0.02167	0.01228	0.01444	0.00867	0.00650	0.00650	0.00217	0.01011	0.00506	0.00289	0.01011
61	0.01661	0.39889	0.34424	0.01551	0.02316	0.05827	0.01788	0.02137	0.01443	0.01863	0.01081	0.01260	0.00873	0.00621	0.00543	0.00179	0.00883	0.00432	0.00294	0.00933
62	0.01547	0.01782	0.07544	0.02684	0.11581	0.01615	0.43464	0.02045	0.01535	0.02140	0.01476	0.04350	0.01238	0.00722	0.00871	0.00228	0.06145	0.03113	0.00361	0.05560
63	0.13093	0.02453	0.01809	0.01640	0.04793	0.39316	0.01226	0.17115	0.02083	0.05283	0.01476	0.01579	0.03731	0.00763	0.00618	0.00192	0.00955	0.00526	0.00465	0.00885
64	0.01080	0.03190	0.00989	0.00909	0.01057	0.00771	0.00650	0.03076	0.03997	0.04198	0.25329	0.24775	0.10466	0.14878	0.01281	0.00312	0.00447	0.01337	0.00632	0.00625
65	0.04026	0.00710	0.00825	0.00812	0.00995	0.00646	0.00603	0.01170	0.01700	0.02322	0.37764	0.13393	0.29430	0.01573	0.00800	0.00228	0.00348	0.01357	0.00684	0.00615
66	0.01626	0.12472	0.35080	0.02205	0.07077	0.03832	0.20662	0.02220	0.01528	0.05093	0.01296	0.01556	0.00965	0.00629	0.00668	0.00209	0.00989	0.00583	0.00334	0.00974
67	0.01163	0.00854	0.01184	0.06331	0.01637	0.00882	0.01117	0.04883	0.01616	0.02110	0.03369	0.14405	0.03648	0.01779	0.00906	0.00299	0.00630	0.51917	0.00611	0.00658
68	0.01298	0.00775	0.01004	0.00903	0.01132	0.00698	0.00693	0.01597	0.01905	0.14041	0.54044	0.04792	0.11758	0.01339	0.00788	0.00216	0.00368	0.01167	0.00757	0.00724
69	0.01648	0.01544	0.02563	0.20815	0.51775	0.01628	0.02007	0.05790	0.01605	0.02235	0.01290	0.01722	0.01047	0.00639	0.00679	0.00209	0.00833	0.00610	0.00350	0.01011
70	0.06854	0.01623	0.01673	0.01427	0.01836	0.05695	0.01136	0.16478	0.38690	0.09354	0.02231	0.02128	0.01649	0.00885	0.00763	0.00224	0.04975	0.00681	0.00649	0.01050
71	0.01403	0.00953	0.01117	0.01016	0.01283	0.00932	0.00784	0.10730	0.06878	0.09736	0.22175	0.14792	0.20658	0.01435	0.00784	0.00231	0.00449	0.03174	0.00699	0.00770
72	0.00975	0.00667	0.00768	0.00767	0.00803	0.00652	0.00460	0.01032	0.01164	0.01561	0.11789	0.07575	0.06647	0.59076	0.02878	0.00565	0.00590	0.01089	0.00481	0.00460
73	0.60006	0.01362	0.03336	0.00963	0.01354	0.04447	0.00806	0.01913	0.01350	0.02920	0.14067	0.01872	0.01815	0.00781	0.00510	0.00211	0.00537	0.00539	0.00477	0.00734
74	0.38533	0.01803	0.19609	0.01438	0.07539	0.01388	0.01298	0.01922	0.01416	0.02705	0.14395	0.02004	0.01885	0.00782	0.00576	0.00213	0.00638	0.00590	0.00444	0.00821
75	0.02241	0.01614	0.01779	0.01395	0.01889	0.01707	0.01147	0.47879	0.02702	0.06421	0.05358	0.02229	0.01632	0.00877	0.00676	0.00198	0.00667	0.04670	0.04049	0.10871
76	0.02314	0.11595	0.02161	0.05866	0.02174	0.32266	0.01323	0.18701	0.04510	0.05231	0.01312	0.01462	0.01028	0.00768	0.00742	0.00195	0.06470	0.00517	0.00451	0.00913
77	0.02031	0.01422	0.01591	0.01243	0.01695	0.01431	0.00980	0.31135	0.04929	0.10081	0.01787	0.02218	0.01463	0.14637	0.01159	0.00267	0.00651	0.00649	0.00584	0.20047

[dist]
# distance from previous block
# <min> <max>
2	6

[block]
# block no. 7 follows, 31 sequences, length 10
# corresponding to MSA columns:
# 261-270
name=unknown_H
#
# <colnr> <probs for GDERKNQSTAVLIFYWHMCP>
#	G	D	E	R	K	N	Q	S	T	A	V	L	I	F	Y	W	H	M	C	P
0	0.01502	0.01019	0.01079	0.01005	0.01209	0.06453	0.00730	0.06097	0.01581	0.12569	0.07559	0.17811	0.09920	0.17660	0.05028	0.00363	0.00629	0.01093	0.06000	0.00693
1	0.01441	0.01236	0.01429	0.01043	0.01634	0.00974	0.00832	0.01872	0.06809	0.02279	0.01338	0.01507	0.01097	0.00540	0.00521	0.00112	0.00509	0.00434	0.00428	0.73967
2	0.01640	0.01559	0.02650	0.07829	0.64373	0.01576	0.02036	0.02045	0.01548	0.02199	0.01406	0.02018	0.01225	0.00681	0.00692	0.00210	0.00808	0.04110	0.00352	0.01042
3	0.00828	0.00694	0.00720	0.00714	0.00936	0.00586	0.00535	0.01020	0.01606	0.01958	0.14842	0.06403	0.63431	0.01692	0.00808	0.00229	0.00344	0.01418	0.00650	0.00586
4	0.00995	0.00663	0.00746	0.00746	0.00746	0.00663	0.00415	0.00995	0.00995	0.01327	0.02156	0.04477	0.02487	0.75957	0.03482	0.00663	0.00663	0.00995	0.00415	0.00415
5	0.80789	0.01323	0.01006	0.00900	0.01323	0.01535	0.00741	0.02011	0.01164	0.03070	0.00953	0.01111	0.00741	0.00635	0.00423	0.00212	0.00529	0.00370	0.00423	0.00741
6	0.01418	0.01410	0.02480	0.36508	0.03570	0.01669	0.18012	0.01824	0.01354	0.01866	0.01226	0.01783	0.00976	0.00785	0.01077	0.00243	0.18542	0.00655	0.03810	0.00791
7	0.01434	0.08165	0.59008	0.02019	0.02960	0.01681	0.11044	0.02162	0.01463	0.02133	0.01230	0.01473	0.00890	0.00636	0.00656	0.00214	0.01011	0.00535	0.00297	0.00991
8	0.00834	0.00595	0.00794	0.00953	0.00992	0.00556	0.00635	0.00953	0.01310	0.01746	0.03771	0.75510	0.04525	0.02143	0.00873	0.00278	0.00397	0.01945	0.00635	0.00556
9	0.02595	0.02081	0.02039	0.01597	0.02121	0.10855	0.01303	0.61216	0.03060	0.03988	0.01571	0.01592	0.01129	0.00807	0.00676	0.00202	0.00812	0.00594	0.00644	0.01118

[dist]
# distance from previous block
# <min> <max>
0	11

[block]
# block no. 8 follows, 31 sequences, length 25
# corresponding to MSA columns:
# 283-307
name=unknown_I
#
# <colnr> <probs for GDERKNQSTAVLIFYWHMCP>
#	G	D	E	R	K	N	Q	S	T	A	V	L	I	F	Y	W	H	M	C	P
0	0.01678	0.01719	0.06192	0.04089	0.68318	0.01624	0.02121	0.02103	0.01552	0.02232	0.01284	0.01681	0.01073	0.00612	0.00676	0.00204	0.00822	0.00604	0.00336	0.01080
1	0.02147	0.01647	0.01809	0.01359	0.01929	0.01657	0.01112	0.43404	0.02526	0.03512	0.01479	0.01557	0.01106	0.00700	0.00616	0.00165	0.00658	0.00535	0.00577	0.31505
2	0.19535	0.01458	0.02386	0.26310	0.03221	0.01573	0.23235	0.05300	0.01497	0.02361	0.01268	0.01674	0.00959	0.00644	0.00652	0.00218	0.00863	0.00614	0.03190	0.03044
3	0.02141	0.01635	0.01790	0.01379	0.01910	0.01688	0.01121	0.43981	0.05957	0.03535	0.01685	0.05248	0.01332	0.00804	0.00645	0.00181	0.00656	0.00630	0.00605	0.23075
4	0.00948	0.00768	0.00859	0.00873	0.01088	0.00709	0.00681	0.01301	0.07094	0.02063	0.13501	0.08996	0.44412	0.01671	0.00825	0.00245	0.00408	0.12271	0.00653	0.00634
5	0.02474	0.02139	0.01963	0.01590	0.02076	0.16933	0.01277	0.46892	0.11713	0.03571	0.01669	0.01676	0.01225	0.00811	0.00672	0.00203	0.00826	0.00600	0.00617	0.01076
6	0.00811	0.00685	0.00701	0.00714	0.00930	0.00576	0.00529	0.00980	0.01539	0.01840	0.06678	0.12084	0.66074	0.01765	0.00814	0.00235	0.00351	0.01484	0.00635	0.00576
7	0.02613	0.02793	0.01929	0.01673	0.02082	0.52126	0.01288	0.16211	0.02198	0.08817	0.01329	0.01419	0.01014	0.00742	0.00637	0.00185	0.01076	0.00499	0.00466	0.00902
8	0.00995	0.00663	0.00746	0.00746	0.00746	0.00663	0.00415	0.00995	0.00995	0.01327	0.02156	0.04477	0.02487	0.75957	0.03482	0.00663	0.00663	0.00995	0.00415	0.00415
9	0.02443	0.01743	0.01884	0.01479	0.01985	0.01919	0.01211	0.52909	0.12070	0.08385	0.01893	0.01855	0.01351	0.00836	0.00676	0.00207	0.00692	0.00643	0.04694	0.01126
10	0.01419	0.01216	0.01419	0.01013	0.01621	0.00912	0.00811	0.01723	0.01419	0.02229	0.01216	0.01419	0.01013	0.00507	0.00507	0.00101	0.00507	0.00405	0.00405	0.80139
11	0.01693	0.01626	0.02777	0.04199	0.71689	0.01626	0.02100	0.02100	0.01558	0.02235	0.01287	0.01693	0.01084	0.00610	0.00677	0.00203	0.00813	0.00610	0.00339	0.01084
12	0.01069	0.00766	0.00973	0.00958	0.01131	0.00737	0.00726	0.01481	0.07324	0.04384	0.44191	0.16266	0.08243	0.01523	0.00818	0.00236	0.00389	0.07395	0.00716	0.00676
13	0.01372	0.03539	0.72412	0.01950	0.02961	0.01589	0.02528	0.02167	0.01444	0.02167	0.01228	0.01444	0.00867	0.00650	0.00650	0.00217	0.01011	0.00506	0.00289	0.01011
14	0.04791	0.53232	0.18909	0.01347	0.02012	0.02358	0.01456	0.02154	0.04885	0.01855	0.01106	0.01250	0.00931	0.00619	0.00499	0.00169	0.00777	0.00418	0.00317	0.00913
15	0.04573	0.58561	0.17772	0.01323	0.01990	0.02433	0.01437	0.02072	0.01393	0.01778	0.01009	0.01170	0.00871	0.00601	0.00482	0.00163	0.00782	0.00395	0.00297	0.00901
16	0.01826	0.01287	0.01469	0.01256	0.01614	0.01336	0.00978	0.27673	0.08946	0.08534	0.05189	0.25465	0.02562	0.01252	0.00736	0.00224	0.00568	0.01068	0.00663	0.07353
17	0.33173	0.04335	0.01415	0.01145	0.01549	0.05744	0.00935	0.14521	0.04740	0.08483	0.07122	0.02173	0.03918	0.01083	0.04540	0.00259	0.00677	0.02789	0.00544	0.00852
18	0.00985	0.00666	0.00782	0.00790	0.00803	0.00676	0.00467	0.01014	0.01020	0.01372	0.02205	0.07831	0.02515	0.65647	0.09902	0.00685	0.00760	0.01017	0.00421	0.00440
19	0.08428	0.01494	0.01663	0.01326	0.01826	0.01550	0.01081	0.26170	0.15083	0.19315	0.02046	0.02064	0.01481	0.00821	0.00652	0.00202	0.00622	0.02391	0.00667	0.11118
20	0.05327	0.01458	0.01650	0.01324	0.01779	0.01508	0.01065	0.36382	0.02412	0.17114	0.02164	0.14653	0.01828	0.01025	0.00694	0.00211	0.00629	0.00836	0.00676	0.07262
