[name]
unknown

[dist]
# distance from previous block
# <min> <max>
55	74

[block]
# block no. 0 follows, 26 sequences, length 6
# corresponding to MSA columns:
# 148-153
name=unknown_A
#
# <colnr> <probs for GDERKNQSTAVLIFYWHMCP>
#	G	D	E	R	K	N	Q	S	T	A	V	L	I	F	Y	W	H	M	C	P
0	0.01732	0.01283	0.01600	0.01319	0.01723	0.01235	0.03791	0.17724	0.02247	0.06083	0.21032	0.15680	0.03612	0.01276	0.00802	0.00224	0.00585	0.01110	0.00701	0.16242
1	0.06635	0.13398	0.01981	0.01425	0.01823	0.27693	0.01120	0.02302	0.01848	0.04392	0.11495	0.07654	0.02315	0.03934	0.00813	0.00222	0.00880	0.00760	0.00502	0.08808
2	0.02509	0.01903	0.02075	0.01567	0.02194	0.01969	0.01286	0.47728	0.02996	0.04120	0.01686	0.01750	0.01242	0.00811	0.00702	0.00195	0.00757	0.00616	0.00670	0.23225
3	0.00988	0.00742	0.00933	0.01006	0.01145	0.00662	0.00702	0.01174	0.01593	0.02139	0.12995	0.49267	0.14077	0.02067	0.00918	0.00277	0.00430	0.01847	0.00703	0.06336
4	0.02077	0.41955	0.05966	0.01619	0.02198	0.15151	0.05630	0.02364	0.01646	0.01922	0.01139	0.01377	0.00999	0.00721	0.00721	0.00187	0.06448	0.00483	0.00351	0.07047
5	0.01507	0.00919	0.01136	0.01105	0.01261	0.00906	0.00770	0.08847	0.01653	0.09726	0.03100	0.34060	0.03375	0.20086	0.01808	0.06339	0.00601	0.01446	0.00646	0.00709

[dist]
# distance from previous block
# <min> <max>
1	4

[block]
# block no. 1 follows, 26 sequences, length 17
# corresponding to MSA columns:
# 158-174
name=unknown_B
#
# <colnr> <probs for GDERKNQSTAVLIFYWHMCP>
#	G	D	E	R	K	N	Q	S	T	A	V	L	I	F	Y	W	H	M	C	P
0	0.01897	0.01411	0.01647	0.01234	0.01845	0.01196	0.00987	0.11724	0.01922	0.09041	0.01776	0.06794	0.01497	0.00779	0.00639	0.00155	0.00602	0.00636	0.00560	0.53656
1	0.02522	0.01114	0.01477	0.01228	0.01655	0.00994	0.00975	0.02876	0.04677	0.43767	0.14579	0.12277	0.05933	0.01272	0.00818	0.00247	0.00557	0.01084	0.00875	0.01075
2	0.01438	0.00865	0.01108	0.01138	0.01313	0.00817	0.00814	0.06100	0.01723	0.12309	0.03979	0.54402	0.06926	0.02035	0.00919	0.00289	0.00497	0.01817	0.00744	0.00767
3	0.69977	0.01386	0.01090	0.00984	0.01408	0.01592	0.00791	0.02116	0.01313	0.03250	0.03905	0.01680	0.01220	0.05925	0.00729	0.00271	0.00588	0.00500	0.00484	0.00791
4	0.01038	0.00714	0.00840	0.00893	0.00920	0.00694	0.00540	0.01088	0.01242	0.01643	0.03219	0.25577	0.07009	0.48038	0.02826	0.00580	0.00627	0.01448	0.00547	0.00517
5	0.02600	0.01210	0.01533	0.01238	0.01701	0.01109	0.00992	0.07397	0.04899	0.42280	0.10099	0.03622	0.11464	0.05126	0.00965	0.00266	0.00597	0.00955	0.00850	0.01095
6	0.02883	0.02125	0.02276	0.01745	0.02352	0.02352	0.01442	0.66082	0.03566	0.04780	0.01821	0.01821	0.01290	0.00911	0.00759	0.00228	0.00835	0.00683	0.00759	0.01290
7	0.71632	0.01450	0.01175	0.01031	0.01511	0.01646	0.00849	0.02367	0.01373	0.09574	0.01238	0.01359	0.00921	0.00726	0.00497	0.00235	0.00592	0.00444	0.00513	0.00866
8	0.01327	0.00784	0.01008	0.01028	0.01168	0.00724	0.00712	0.01491	0.01597	0.11487	0.12799	0.37970	0.07124	0.15397	0.01470	0.00366	0.00511	0.01628	0.00710	0.00697
9	0.03223	0.01331	0.01755	0.01373	0.01941	0.01207	0.01125	0.03736	0.09901	0.61301	0.03004	0.02611	0.01930	0.00950	0.00764	0.00237	0.00640	0.00774	0.00919	0.01280
10	0.00961	0.00699	0.00897	0.00998	0.01090	0.00645	0.00686	0.01144	0.01620	0.02176	0.18702	0.49259	0.11352	0.04739	0.01051	0.00303	0.00427	0.01891	0.00724	0.00635
11	0.01357	0.01014	0.01324	0.01235	0.01391	0.01158	0.00933	0.09786	0.01494	0.02088	0.02033	0.03243	0.01978	0.21527	0.40925	0.00919	0.05562	0.00859	0.00461	0.00712
12	0.01079	0.00703	0.00923	0.01049	0.01118	0.00656	0.00701	0.01207	0.01456	0.05591	0.03930	0.61963	0.04610	0.09628	0.01256	0.00348	0.00482	0.01971	0.00692	0.00637
13	0.02883	0.02125	0.02276	0.01745	0.02352	0.02352	0.01442	0.66082	0.03566	0.04780	0.01821	0.01821	0.01290	0.00911	0.00759	0.00228	0.00835	0.00683	0.00759	0.01290
14	0.02413	0.02379	0.02874	0.08137	0.05783	0.18271	0.18950	0.25913	0.02503	0.03118	0.01534	0.01794	0.01151	0.00784	0.00778	0.00230	0.01099	0.00693	0.00519	0.01079
15	0.01774	0.01459	0.02085	0.26069	0.03096	0.01625	0.07458	0.19486	0.02037	0.02705	0.04564	0.02821	0.01775	0.18056	0.01514	0.00360	0.00894	0.00829	0.00508	0.00887
16	0.01822	0.01643	0.02229	0.06341	0.15885	0.08382	0.09714	0.10777	0.01951	0.04776	0.05045	0.19165	0.02444	0.05128	0.00992	0.00277	0.00843	0.01096	0.00550	0.00939

[dist]
# distance from previous block
# <min> <max>
1	19

[block]
# block no. 2 follows, 26 sequences, length 28
# corresponding to MSA columns:
# 194-221
name=unknown_C
#
# <colnr> <probs for GDERKNQSTAVLIFYWHMCP>
#	G	D	E	R	K	N	Q	S	T	A	V	L	I	F	Y	W	H	M	C	P
0	0.02295	0.13831	0.06850	0.01484	0.02052	0.03890	0.01315	0.28618	0.05640	0.08396	0.04788	0.02411	0.06654	0.00947	0.00707	0.00215	0.00752	0.00728	0.04946	0.03480
1	0.01831	0.36901	0.06557	0.01246	0.01749	0.04519	0.01170	0.02152	0.01786	0.07353	0.19863	0.02677	0.02809	0.00944	0.00644	0.00196	0.00684	0.00730	0.05273	0.00915
2	0.00957	0.00746	0.00859	0.00880	0.01062	0.00659	0.00636	0.01173	0.01758	0.02266	0.22748	0.20566	0.36424	0.04547	0.01020	0.00280	0.00402	0.01639	0.00730	0.00648
3	0.72940	0.01517	0.01203	0.01054	0.01534	0.01751	0.00869	0.07082	0.01464	0.03508	0.01114	0.01277	0.00857	0.00720	0.00491	0.00234	0.00606	0.00431	0.00491	0.00857
4	0.01623	0.03762	0.60334	0.02228	0.03277	0.05996	0.07512	0.02443	0.01650	0.02371	0.01363	0.01621	0.00976	0.00718	0.00732	0.00239	0.01148	0.00581	0.00329	0.01099
5	0.01318	0.00659	0.00988	0.00988	0.00988	0.00659	0.00659	0.00988	0.00988	0.01318	0.01318	0.02306	0.01318	0.02635	0.02964	0.77931	0.00659	0.00659	0.00329	0.00329
6	0.00923	0.00755	0.00814	0.00829	0.01048	0.00647	0.00611	0.01128	0.01747	0.02162	0.14981	0.15559	0.52299	0.01932	0.00905	0.00261	0.00388	0.01643	0.00721	0.00647
7	0.00934	0.00664	0.00877	0.01043	0.01084	0.00623	0.00690	0.01059	0.01432	0.01909	0.04077	0.68932	0.04886	0.06471	0.01135	0.00333	0.00457	0.02096	0.00690	0.00607
8	0.01072	0.00722	0.00836	0.00867	0.00874	0.00715	0.00502	0.01095	0.01163	0.01551	0.02699	0.16697	0.03148	0.61077	0.03361	0.00662	0.00684	0.01285	0.00502	0.00487
9	0.02259	0.01676	0.01822	0.01556	0.02037	0.01873	0.01233	0.15219	0.47483	0.11810	0.02846	0.02616	0.02074	0.00996	0.00768	0.00249	0.00648	0.00814	0.00791	0.01228
10	0.02780	0.02015	0.02175	0.01698	0.02280	0.02225	0.01393	0.54633	0.11841	0.07987	0.02049	0.01994	0.01456	0.00928	0.00761	0.00232	0.00794	0.00710	0.00770	0.01278
11	0.01573	0.01348	0.01573	0.01123	0.01798	0.01011	0.00899	0.01910	0.01573	0.02472	0.01348	0.01573	0.01123	0.00562	0.00562	0.00112	0.00562	0.00449	0.00449	0.77980
12	0.01887	0.01629	0.01715	0.01544	0.01972	0.01887	0.01201	0.04031	0.67241	0.03173	0.03087	0.02830	0.02315	0.01029	0.00772	0.00257	0.00600	0.00858	0.00772	0.01201
13	0.01686	0.01345	0.01584	0.01137	0.01806	0.01018	0.00912	0.02020	0.01610	0.06579	0.01449	0.01635	0.01170	0.00585	0.00574	0.00120	0.00567	0.00469	0.00480	0.73255
14	0.01103	0.00735	0.00827	0.00827	0.00827	0.00735	0.00460	0.01103	0.01103	0.01471	0.02390	0.04964	0.02758	0.73343	0.03861	0.00735	0.00735	0.01103	0.00460	0.00460
15	0.02833	0.03615	0.02149	0.01954	0.02345	0.70298	0.01466	0.03029	0.02149	0.01856	0.01172	0.01368	0.00977	0.00782	0.00684	0.00195	0.01368	0.00489	0.00391	0.00879
16	0.01432	0.01348	0.02275	0.71520	0.05224	0.01685	0.02107	0.01938	0.01517	0.01938	0.01348	0.02022	0.01011	0.00758	0.00758	0.00253	0.01011	0.00674	0.00337	0.00843
17	0.01239	0.00841	0.00938	0.00897	0.00943	0.00858	0.00534	0.06048	0.01290	0.01723	0.02347	0.04725	0.02646	0.67831	0.03625	0.00697	0.00743	0.01071	0.00482	0.00523
18	0.01074	0.00775	0.01014	0.00954	0.01133	0.00716	0.00716	0.01431	0.02147	0.03042	0.68211	0.05666	0.07157	0.01551	0.00895	0.00239	0.00358	0.01372	0.00835	0.00716
19	0.01096	0.00855	0.01207	0.01167	0.01317	0.00818	0.05640	0.01392	0.04739	0.02193	0.17254	0.34954	0.08204	0.13882	0.01419	0.00356	0.00541	0.01626	0.00669	0.00671
20	0.00991	0.00745	0.01000	0.01119	0.01170	0.00753	0.00778	0.01143	0.01483	0.02012	0.08811	0.62326	0.04874	0.02234	0.01078	0.00305	0.05868	0.01983	0.00686	0.00640
21	0.01432	0.01348	0.02275	0.71520	0.05224	0.01685	0.02107	0.01938	0.01517	0.01938	0.01348	0.02022	0.01011	0.00758	0.00758	0.00253	0.01011	0.00674	0.00337	0.00843
22	0.01414	0.00707	0.00707	0.00707	0.00884	0.00707	0.00530	0.01767	0.01591	0.02828	0.02474	0.02828	0.01944	0.00884	0.00530	0.00177	0.00353	0.00707	0.77554	0.00707
23	0.04830	0.01508	0.01730	0.04623	0.02060	0.01339	0.01062	0.14768	0.01958	0.02944	0.01431	0.01631	0.01140	0.00647	0.00607	0.00147	0.00639	0.00505	0.00507	0.55925
24	0.02491	0.01831	0.01997	0.01607	0.02102	0.02005	0.01294	0.53068	0.03143	0.04211	0.02293	0.16037	0.02036	0.01204	0.00801	0.00244	0.00756	0.00978	0.00748	0.01155
25	0.00903	0.00741	0.00797	0.00841	0.01044	0.00634	0.00609	0.01080	0.01659	0.02020	0.06797	0.23900	0.52277	0.02036	0.00915	0.00269	0.00398	0.01741	0.00704	0.00634
26	0.02672	0.02022	0.04553	0.01677	0.02257	0.02128	0.01416	0.54816	0.03253	0.06970	0.05386	0.02103	0.01642	0.01168	0.04106	0.00277	0.00870	0.00724	0.00737	0.01224
27	0.01070	0.00721	0.00837	0.00870	0.00878	0.00713	0.00505	0.01094	0.01168	0.01557	0.02723	0.17597	0.03178	0.60136	0.03322	0.00656	0.00680	0.01299	0.00505	0.00489

[dist]
# distance from previous block
# <min> <max>
5	17

[block]
# block no. 3 follows, 26 sequences, length 7
# corresponding to MSA columns:
# 239-245
name=unknown_D
#
# <colnr> <probs for GDERKNQSTAVLIFYWHMCP>
#	G	D	E	R	K	N	Q	S	T	A	V	L	I	F	Y	W	H	M	C	P
0	0.01829	0.03431	0.53805	0.02103	0.03110	0.01776	0.05602	0.08996	0.01858	0.08171	0.01552	0.01727	0.01080	0.00754	0.00737	0.00239	0.01060	0.00606	0.00419	0.01147
1	0.17137	0.29044	0.31774	0.01612	0.02430	0.02204	0.01855	0.02320	0.01517	0.02376	0.01188	0.01387	0.00938	0.00691	0.00585	0.00211	0.00901	0.00474	0.00352	0.01007
2	0.14215	0.01394	0.02078	0.48899	0.09179	0.01671	0.01837	0.02088	0.04257	0.02287	0.01491	0.02188	0.01189	0.00810	0.00723	0.00252	0.00902	0.03269	0.00395	0.00876
3	0.01637	0.02033	0.13384	0.02019	0.02204	0.02231	0.01848	0.01920	0.01234	0.01920	0.01056	0.01650	0.00990	0.01228	0.02198	0.00317	0.60277	0.00647	0.00330	0.00878
4	0.01223	0.00852	0.01025	0.00988	0.01064	0.00901	0.00649	0.05720	0.01304	0.01774	0.02262	0.04256	0.02443	0.51629	0.19991	0.00819	0.01061	0.01002	0.00467	0.00571
5	0.01075	0.00767	0.01005	0.01032	0.01168	0.00726	0.00771	0.01354	0.01851	0.02558	0.39544	0.18012	0.05868	0.09098	0.01235	0.00320	0.00467	0.11727	0.00751	0.00669
6	0.01797	0.01658	0.02195	0.43887	0.07010	0.07438	0.01830	0.10457	0.08547	0.02423	0.01575	0.02029	0.01198	0.00876	0.00838	0.03229	0.00957	0.00678	0.00442	0.00936

[dist]
# distance from previous block
# <min> <max>
0	3

[block]
# block no. 4 follows, 26 sequences, length 7
# corresponding to MSA columns:
# 249-255
name=unknown_E
#
# <colnr> <probs for GDERKNQSTAVLIFYWHMCP>
#	G	D	E	R	K	N	Q	S	T	A	V	L	I	F	Y	W	H	M	C	P
0	0.71751	0.01456	0.01219	0.07340	0.01805	0.01700	0.00937	0.02203	0.01311	0.03271	0.01082	0.01303	0.00839	0.00709	0.00495	0.00236	0.00625	0.00434	0.00457	0.00823
1	0.01694	0.01674	0.02559	0.42244	0.28091	0.06599	0.02142	0.02157	0.01638	0.02129	0.01364	0.01923	0.01078	0.00730	0.00750	0.00239	0.00996	0.00662	0.00355	0.00976
2	0.01052	0.00874	0.00941	0.00952	0.01212	0.00807	0.00747	0.01471	0.08470	0.02201	0.06605	0.07048	0.50950	0.01858	0.00909	0.00272	0.00458	0.11755	0.00710	0.00708
3	0.09446	0.01883	0.12054	0.05671	0.05937	0.04950	0.19553	0.02019	0.01714	0.02440	0.09903	0.03241	0.12877	0.03936	0.00921	0.00264	0.00884	0.00931	0.00487	0.00888
4	0.04728	0.01467	0.08682	0.04666	0.02069	0.01235	0.08569	0.06521	0.04349	0.10251	0.23307	0.12040	0.03693	0.03850	0.00941	0.00267	0.00679	0.01115	0.00667	0.00904
5	0.01910	0.07426	0.05726	0.24616	0.09114	0.01672	0.01680	0.08156	0.06741	0.11367	0.02132	0.06042	0.01795	0.01012	0.00775	0.00250	0.00836	0.07205	0.00544	0.01002
6	0.07299	0.14441	0.16284	0.04082	0.05803	0.09613	0.01666	0.11933	0.10076	0.09217	0.01710	0.01793	0.01273	0.00800	0.00679	0.00221	0.00895	0.00600	0.00521	0.01095

[dist]
# distance from previous block
# <min> <max>
4	14

[block]
# block no. 5 follows, 26 sequences, length 151
# corresponding to MSA columns:
# 270-420
name=unknown_F
#
# <colnr> <probs for GDERKNQSTAVLIFYWHMCP>
#	G	D	E	R	K	N	Q	S	T	A	V	L	I	F	Y	W	H	M	C	P
0	0.04634	0.10094	0.40230	0.02093	0.07964	0.06883	0.02187	0.04734	0.03973	0.02485	0.03934	0.01758	0.01278	0.00757	0.00692	0.00223	0.00992	0.00585	0.00392	0.04114
1	0.01853	0.02268	0.15321	0.07055	0.34604	0.07145	0.02085	0.04741	0.01772	0.02471	0.01393	0.01744	0.01119	0.00689	0.00712	0.00210	0.00932	0.00604	0.00390	0.12895
2	0.00950	0.00680	0.00907	0.01060	0.01123	0.00636	0.00726	0.01112	0.01530	0.02054	0.10195	0.63906	0.05191	0.02287	0.00964	0.00303	0.00443	0.04587	0.00716	0.00629
3	0.01515	0.02576	0.37403	0.04543	0.02553	0.01441	0.01942	0.04636	0.04934	0.05068	0.22186	0.02976	0.02987	0.01008	0.00781	0.00240	0.00828	0.00842	0.00540	0.01001
4	0.01084	0.00813	0.01219	0.01219	0.01354	0.00948	0.00948	0.01354	0.01219	0.01761	0.02032	0.02980	0.01896	0.05689	0.70337	0.01219	0.02032	0.00813	0.00406	0.00677
5	0.01790	0.02046	0.04476	0.03197	0.03964	0.01918	0.65857	0.02430	0.01790	0.02430	0.01535	0.02046	0.01151	0.00639	0.00895	0.00256	0.01279	0.00895	0.00384	0.01023
6	0.01432	0.01348	0.02275	0.71520	0.05224	0.01685	0.02107	0.01938	0.01517	0.01938	0.01348	0.02022	0.01011	0.00758	0.00758	0.00253	0.01011	0.00674	0.00337	0.00843
7	0.01095	0.00924	0.03507	0.01206	0.04970	0.00791	0.00867	0.01426	0.01954	0.02723	0.46544	0.16714	0.11117	0.01640	0.00893	0.00251	0.00431	0.01454	0.00759	0.00734
8	0.01414	0.00707	0.00707	0.00707	0.00884	0.00707	0.00530	0.01767	0.01591	0.02828	0.02474	0.02828	0.01944	0.00884	0.00530	0.00177	0.00353	0.00707	0.77554	0.00707
9	0.00974	0.00744	0.00894	0.00915	0.01087	0.00664	0.00664	0.01217	0.01826	0.02417	0.30958	0.23075	0.28044	0.01887	0.00914	0.00262	0.00388	0.01649	0.00756	0.00664
10	0.10736	0.05039	0.02032	0.07362	0.02347	0.14923	0.01350	0.26264	0.12336	0.03318	0.01869	0.05789	0.01508	0.00940	0.00716	0.00231	0.00864	0.00713	0.00604	0.01060
11	0.05059	0.01578	0.01679	0.01513	0.01937	0.01802	0.01193	0.06145	0.55507	0.05264	0.03018	0.03117	0.02344	0.01083	0.00778	0.00261	0.00617	0.05191	0.00759	0.01156
12	0.04686	0.17904	0.45799	0.01949	0.04991	0.01960	0.02260	0.02400	0.01603	0.05040	0.01355	0.01556	0.01010	0.00707	0.00660	0.00218	0.00989	0.00531	0.00359	0.04023
13	0.02028	0.73799	0.03975	0.01298	0.01947	0.03001	0.01298	0.02271	0.01541	0.01785	0.01055	0.01217	0.00973	0.00649	0.00487	0.00162	0.00811	0.00406	0.00324	0.00973
14	0.78701	0.01467	0.01115	0.00997	0.01467	0.01702	0.00821	0.02230	0.01291	0.03403	0.01056	0.01232	0.00821	0.00704	0.00469	0.00235	0.00587	0.00411	0.00469	0.00821
15	0.78701	0.01467	0.01115	0.00997	0.01467	0.01702	0.00821	0.02230	0.01291	0.03403	0.01056	0.01232	0.00821	0.00704	0.00469	0.00235	0.00587	0.00411	0.00469	0.00821
16	0.01066	0.00775	0.01004	0.00947	0.01129	0.00713	0.00710	0.01418	0.02130	0.03002	0.65774	0.05732	0.09619	0.01566	0.00895	0.00239	0.00359	0.01381	0.00830	0.00713
17	0.00994	0.00756	0.00914	0.00910	0.01093	0.00676	0.00669	0.01264	0.01907	0.02554	0.38973	0.16430	0.26511	0.01796	0.00906	0.00255	0.00379	0.01565	0.00773	0.00676
18	0.02910	0.02082	0.02250	0.01725	0.02331	0.02289	0.01425	0.62915	0.03495	0.08048	0.01881	0.01860	0.01320	0.00912	0.00759	0.00228	0.00825	0.00687	0.00768	0.01290
19	0.00922	0.00668	0.00872	0.01036	0.01095	0.00618	0.00695	0.01058	0.01472	0.01944	0.04429	0.68205	0.09500	0.02344	0.00963	0.00304	0.00436	0.02117	0.00704	0.00618
20	0.02028	0.73799	0.03975	0.01298	0.01947	0.03001	0.01298	0.02271	0.01541	0.01785	0.01055	0.01217	0.00973	0.00649	0.00487	0.00162	0.00811	0.00406	0.00324	0.00973
21	0.01309	0.00662	0.00982	0.00982	0.00982	0.00662	0.00651	0.00993	0.00993	0.01323	0.01359	0.02409	0.01373	0.05382	0.02999	0.74933	0.00662	0.00676	0.00334	0.00334
22	0.01573	0.01348	0.01573	0.01123	0.01798	0.01011	0.00899	0.01910	0.01573	0.02472	0.01348	0.01573	0.01123	0.00562	0.00562	0.00112	0.00562	0.00449	0.00449	0.77980
23	0.03093	0.04309	0.01845	0.01358	0.01920	0.01309	0.01125	0.11081	0.02298	0.53255	0.05612	0.02739	0.04521	0.00986	0.00762	0.00232	0.00654	0.00795	0.00879	0.01229
24	0.02632	0.08946	0.04910	0.01999	0.04739	0.53239	0.01543	0.06065	0.02091	0.02041	0.01204	0.01420	0.01001	0.00797	0.00760	0.00204	0.04574	0.00510	0.00398	0.00926
25	0.00930	0.00665	0.00885	0.01052	0.01101	0.00620	0.00705	0.01071	0.01480	0.01980	0.06710	0.70194	0.05101	0.02344	0.00965	0.00305	0.00437	0.02125	0.00709	0.00620
26	0.02039	0.53927	0.14634	0.01519	0.02216	0.10717	0.01568	0.02382	0.01623	0.01896	0.01119	0.01298	0.00972	0.00676	0.00549	0.00179	0.00928	0.00441	0.00332	0.00987
27	0.00921	0.00672	0.00868	0.01024	0.01092	0.00619	0.00690	0.01060	0.01483	0.01949	0.04576	0.65455	0.12155	0.02325	0.00960	0.00302	0.00434	0.02094	0.00704	0.00619
28	0.01695	0.02467	0.27986	0.23854	0.07999	0.01812	0.02212	0.10438	0.04127	0.02551	0.01492	0.01875	0.01118	0.00968	0.03335	0.00281	0.03704	0.00643	0.00405	0.01037
29	0.04674	0.07733	0.62988	0.02066	0.03135	0.01828	0.02638	0.02388	0.01585	0.02408	0.01332	0.01565	0.00956	0.00716	0.00697	0.00236	0.01082	0.00546	0.00327	0.01101
30	0.01532	0.03852	0.66959	0.02201	0.03309	0.01767	0.05185	0.02403	0.01609	0.02403	0.01368	0.01618	0.00968	0.00718	0.00727	0.00241	0.01127	0.00573	0.00323	0.01117
31	0.01488	0.01422	0.02213	0.26227	0.03095	0.01836	0.04937	0.01806	0.01324	0.01875	0.01337	0.02100	0.01193	0.04124	0.11228	0.00437	0.31484	0.00715	0.00351	0.00810
32	0.78701	0.01467	0.01115	0.00997	0.01467	0.01702	0.00821	0.02230	0.01291	0.03403	0.01056	0.01232	0.00821	0.00704	0.00469	0.00235	0.00587	0.00411	0.00469	0.00821
33	0.00947	0.00677	0.00907	0.01083	0.01137	0.00636	0.00744	0.01096	0.01475	0.01962	0.04168	0.67840	0.04966	0.02354	0.00974	0.00311	0.00460	0.06935	0.00704	0.00623
34	0.02028	0.73799	0.03975	0.01298	0.01947	0.03001	0.01298	0.02271	0.01541	0.01785	0.01055	0.01217	0.00973	0.00649	0.00487	0.00162	0.00811	0.00406	0.00324	0.00973
35	0.02177	0.01774	0.01879	0.01602	0.02083	0.02022	0.01271	0.22112	0.48687	0.03641	0.02718	0.02536	0.02017	0.00995	0.00768	0.00249	0.00669	0.00807	0.00768	0.01227
36	0.01887	0.01629	0.01715	0.01544	0.01972	0.01887	0.01201	0.04031	0.67241	0.03173	0.03087	0.02830	0.02315	0.01029	0.00772	0.00257	0.00600	0.00858	0.00772	0.01201
37	0.00994	0.00729	0.00935	0.00993	0.01123	0.00670	0.00714	0.01234	0.01783	0.02418	0.30982	0.34916	0.13372	0.01971	0.00932	0.00275	0.00410	0.04128	0.00758	0.00663
38	0.00977	0.00718	0.00917	0.00980	0.01103	0.00657	0.00692	0.01203	0.01752	0.02370	0.28937	0.38913	0.13972	0.02004	0.00931	0.00275	0.00402	0.01787	0.00754	0.00657
39	0.00945	0.00714	0.00845	0.00924	0.01046	0.00645	0.00633	0.01099	0.01557	0.02001	0.09723	0.37825	0.26740	0.10165	0.01264	0.00333	0.00448	0.01790	0.00686	0.00614
40	0.01040	0.00774	0.00968	0.00919	0.01113	0.00702	0.00689	0.01367	0.02068	0.02855	0.56819	0.05973	0.18666	0.01620	0.00895	0.00242	0.00363	0.01415	0.00810	0.00702
41	0.01675	0.01345	0.01583	0.01136	0.01805	0.01017	0.00911	0.02010	0.01606	0.06201	0.01440	0.01629	0.01166	0.00583	0.00573	0.00119	0.00566	0.00467	0.00477	0.73690
42	0.78701	0.01467	0.01115	0.00997	0.01467	0.01702	0.00821	0.02230	0.01291	0.03403	0.01056	0.01232	0.00821	0.00704	0.00469	0.00235	0.00587	0.00411	0.00469	0.00821
43	0.01922	0.01647	0.01735	0.01551	0.01986	0.01903	0.01209	0.06246	0.64968	0.03230	0.03042	0.02794	0.02279	0.01025	0.00771	0.00256	0.00609	0.00851	0.00771	0.01204
44	0.02359	0.01452	0.01717	0.01355	0.01926	0.01372	0.01089	0.06714	0.20653	0.25511	0.02432	0.02290	0.01730	0.00843	0.00701	0.00202	0.00617	0.00686	0.00726	0.25626
45	0.01565	0.06251	0.53421	0.02263	0.03267	0.01796	0.13311	0.02354	0.01626	0.02366	0.01479	0.04205	0.01138	0.00763	0.00750	0.00242	0.01111	0.00668	0.00345	0.01081
46	0.78701	0.01467	0.01115	0.00997	0.01467	0.01702	0.00821	0.02230	0.01291	0.03403	0.01056	0.01232	0.00821	0.00704	0.00469	0.00235	0.00587	0.00411	0.00469	0.00821
47	0.02883	0.02125	0.02276	0.01745	0.02352	0.02352	0.01442	0.66082	0.03566	0.04780	0.01821	0.01821	0.01290	0.00911	0.00759	0.00228	0.00835	0.00683	0.00759	0.01290
48	0.01306	0.01064	0.01242	0.01381	0.01562	0.06343	0.01162	0.01614	0.01746	0.02193	0.03946	0.14831	0.06562	0.02015	0.01005	0.00329	0.00712	0.49612	0.00675	0.00702
49	0.01919	0.59238	0.14874	0.01421	0.02131	0.02705	0.01522	0.02274	0.01553	0.01928	0.01160	0.01343	0.01008	0.00670	0.00528	0.00176	0.00846	0.00443	0.03272	0.00988
50	0.01750	0.07830	0.23845	0.08738	0.21666	0.01741	0.04578	0.02345	0.03805	0.05051	0.01483	0.01808	0.01151	0.00776	0.00791	0.02994	0.00930	0.00616	0.00392	0.07707
51	0.14192	0.08366	0.02286	0.04745	0.12053	0.36794	0.01503	0.07368	0.01989	0.02398	0.01237	0.01468	0.01010	0.00752	0.00654	0.00208	0.01083	0.00519	0.00421	0.00954
52	0.00997	0.00772	0.00907	0.00874	0.01086	0.00683	0.00655	0.01282	0.01965	0.02610	0.41914	0.06376	0.33723	0.01712	0.00895	0.00246	0.00369	0.01471	0.00778	0.00683
53	0.01521	0.01451	0.02494	0.57706	0.15778	0.01714	0.04597	0.02022	0.01562	0.02047	0.01368	0.01999	0.01048	0.00740	0.00762	0.00248	0.01003	0.00683	0.00345	0.00910
54	0.05354	0.04400	0.06570	0.01450	0.01933	0.01598	0.01237	0.26894	0.02456	0.14761	0.07676	0.17291	0.02592	0.01246	0.00790	0.00245	0.00690	0.01034	0.00725	0.01058
55	0.01186	0.00800	0.00895	0.00870	0.00899	0.00811	0.00506	0.04144	0.01218	0.01626	0.02363	0.04817	0.02689	0.69954	0.03715	0.00712	0.00740	0.01083	0.00474	0.00498
56	0.01074	0.00775	0.01014	0.00954	0.01133	0.00716	0.00716	0.01431	0.02147	0.03042	0.68211	0.05666	0.07157	0.01551	0.00895	0.00239	0.00358	0.01372	0.00835	0.00716
57	0.01533	0.00994	0.01234	0.01158	0.03624	0.00990	0.03149	0.06948	0.05031	0.05535	0.22922	0.03726	0.05998	0.01124	0.00716	0.00213	0.00469	0.00960	0.32847	0.00827
58	0.01608	0.15820	0.58272	0.02015	0.03055	0.01973	0.02546	0.02380	0.01591	0.02297	0.01309	0.01536	0.00963	0.00708	0.00681	0.00227	0.01068	0.00534	0.00321	0.01096
59	0.02965	0.01332	0.01664	0.01305	0.01823	0.01256	0.01069	0.14085	0.02309	0.46444	0.02700	0.02494	0.01788	0.00924	0.00721	0.00223	0.00627	0.00739	0.14342	0.01188
60	0.00943	0.00675	0.00897	0.01043	0.01104	0.00629	0.00706	0.01104	0.01540	0.02076	0.12298	0.64331	0.05288	0.02272	0.00959	0.00299	0.00430	0.02057	0.00721	0.00629
61	0.09025	0.01418	0.04157	0.44537	0.09100	0.01587	0.01796	0.04159	0.01547	0.02196	0.01517	0.02381	0.01278	0.06010	0.01037	0.03033	0.00914	0.03073	0.00389	0.00843
62	0.01488	0.01395	0.02159	0.63687	0.04800	0.04394	0.01969	0.01970	0.01548	0.01998	0.01421	0.02053	0.01076	0.00768	0.00739	0.00245	0.00979	0.00669	0.05809	0.00834
63	0.78701	0.01467	0.01115	0.00997	0.01467	0.01702	0.00821	0.02230	0.01291	0.03403	0.01056	0.01232	0.00821	0.00704	0.00469	0.00235	0.00587	0.00411	0.00469	0.00821
64	0.01174	0.00735	0.00871	0.00891	0.00995	0.00730	0.00618	0.01387	0.01490	0.02237	0.12822	0.12857	0.03467	0.23480	0.06983	0.00458	0.00622	0.03570	0.23995	0.00620
65	0.01103	0.00735	0.00827	0.00827	0.00827	0.00735	0.00460	0.01103	0.01103	0.01471	0.02390	0.04964	0.02758	0.73343	0.03861	0.00735	0.00735	0.01103	0.00460	0.00460
66	0.01573	0.01348	0.01573	0.01123	0.01798	0.01011	0.00899	0.01910	0.01573	0.02472	0.01348	0.01573	0.01123	0.00562	0.00562	0.00112	0.00562	0.00449	0.00449	0.77980
67	0.01033	0.00770	0.00961	0.00921	0.01111	0.00697	0.00688	0.01351	0.02041	0.02807	0.54043	0.08255	0.19217	0.01652	0.00897	0.00244	0.00366	0.01444	0.00805	0.00697
68	0.01074	0.00775	0.01014	0.00954	0.01133	0.00716	0.00716	0.01431	0.02147	0.03042	0.68211	0.05666	0.07157	0.01551	0.00895	0.00239	0.00358	0.01372	0.00835	0.00716
69	0.01181	0.00851	0.01168	0.01313	0.01487	0.00838	0.01125	0.01515	0.01769	0.02314	0.09827	0.10693	0.07881	0.02050	0.01024	0.00333	0.00643	0.52583	0.00711	0.00694
70	0.02833	0.03615	0.02149	0.01954	0.02345	0.70298	0.01466	0.03029	0.02149	0.01856	0.01172	0.01368	0.00977	0.00782	0.00684	0.00195	0.01368	0.00489	0.00391	0.00879
71	0.01573	0.01348	0.01573	0.01123	0.01798	0.01011	0.00899	0.01910	0.01573	0.02472	0.01348	0.01573	0.01123	0.00562	0.00562	0.00112	0.00562	0.00449	0.00449	0.77980
72	0.01432	0.01348	0.02275	0.71520	0.05224	0.01685	0.02107	0.01938	0.01517	0.01938	0.01348	0.02022	0.01011	0.00758	0.00758	0.00253	0.01011	0.00674	0.00337	0.00843
73	0.78701	0.01467	0.01115	0.00997	0.01467	0.01702	0.00821	0.02230	0.01291	0.03403	0.01056	0.01232	0.00821	0.00704	0.00469	0.00235	0.00587	0.00411	0.00469	0.00821
74	0.01414	0.00707	0.00707	0.00707	0.00884	0.00707	0.00530	0.01767	0.01591	0.02828	0.02474	0.02828	0.01944	0.00884	0.00530	0.00177	0.00353	0.00707	0.77554	0.00707
75	0.06195	0.01344	0.01765	0.01358	0.01942	0.01206	0.01122	0.07131	0.02216	0.63074	0.02854	0.02489	0.01805	0.00928	0.00752	0.00234	0.00654	0.00745	0.00911	0.01273
76	0.64415	0.01527	0.01312	0.03785	0.01726	0.01748	0.00950	0.09240	0.01583	0.06178	0.01230	0.01382	0.00923	0.00738	0.00524	0.00235	0.00632	0.00465	0.00515	0.00892
77	0.02845	0.02106	0.02255	0.01737	0.02338	0.02334	0.01432	0.63694	0.06017	0.04718	0.01870	0.01860	0.01329	0.00915	0.00759	0.00229	0.00826	0.00690	0.00759	0.01286
78	0.01573	0.01348	0.01573	0.01123	0.01798	0.01011	0.00899	0.01910	0.01573	0.02472	0.01348	0.01573	0.01123	0.00562	0.00562	0.00112	0.00562	0.00449	0.00449	0.77980
79	0.00924	0.00660	0.00880	0.01056	0.01100	0.00616	0.00704	0.01056	0.01452	0.01936	0.04181	0.72848	0.05017	0.02376	0.00968	0.00308	0.00440	0.02156	0.00704	0.00616
80	0.01887	0.01629	0.01715	0.01544	0.01972	0.01887	0.01201	0.04031	0.67241	0.03173	0.03087	0.02830	0.02315	0.01029	0.00772	0.00257	0.00600	0.00858	0.00772	0.01201
81	0.01887	0.01629	0.01715	0.01544	0.01972	0.01887	0.01201	0.04031	0.67241	0.03173	0.03087	0.02830	0.02315	0.01029	0.00772	0.00257	0.00600	0.00858	0.00772	0.01201
82	0.02600	0.01347	0.01699	0.01268	0.01892	0.01117	0.01035	0.05269	0.01967	0.38181	0.02245	0.02121	0.01533	0.00776	0.00677	0.00182	0.00617	0.00626	0.00723	0.34127
83	0.01432	0.01348	0.02275	0.71520	0.05224	0.01685	0.02107	0.01938	0.01517	0.01938	0.01348	0.02022	0.01011	0.00758	0.00758	0.00253	0.01011	0.00674	0.00337	0.00843
84	0.00923	0.00664	0.00876	0.01045	0.01097	0.00617	0.00699	0.01057	0.01463	0.01941	0.04322	0.70194	0.07579	0.02358	0.00965	0.00306	0.00438	0.02134	0.00704	0.00617
85	0.01103	0.00735	0.00827	0.00827	0.00827	0.00735	0.00460	0.01103	0.01103	0.01471	0.02390	0.04964	0.02758	0.73343	0.03861	0.00735	0.00735	0.01103	0.00460	0.00460
86	0.02054	0.01713	0.01810	0.01578	0.02036	0.01965	0.01241	0.14481	0.56517	0.03444	0.02874	0.02660	0.02143	0.01009	0.00770	0.00252	0.00640	0.00828	0.00770	0.01216
87	0.03403	0.01291	0.01760	0.01350	0.01936	0.01115	0.01115	0.03697	0.02171	0.69137	0.02992	0.02582	0.01878	0.00939	0.00763	0.00235	0.00645	0.00763	0.00939	0.01291
88	0.14928	0.01318	0.01661	0.01296	0.01864	0.01205	0.01070	0.03472	0.02036	0.59076	0.02696	0.02375	0.01716	0.00903	0.00718	0.00235	0.00636	0.00709	0.00867	0.01219
89	0.02028	0.73799	0.03975	0.01298	0.01947	0.03001	0.01298	0.02271	0.01541	0.01785	0.01055	0.01217	0.00973	0.00649	0.00487	0.00162	0.00811	0.00406	0.00324	0.00973
90	0.02883	0.02125	0.02276	0.01745	0.02352	0.02352	0.01442	0.66082	0.03566	0.04780	0.01821	0.01821	0.01290	0.00911	0.00759	0.00228	0.00835	0.00683	0.00759	0.01290
91	0.02028	0.73799	0.03975	0.01298	0.01947	0.03001	0.01298	0.02271	0.01541	0.01785	0.01055	0.01217	0.00973	0.00649	0.00487	0.00162	0.00811	0.00406	0.00324	0.00973
92	0.02028	0.73799	0.03975	0.01298	0.01947	0.03001	0.01298	0.02271	0.01541	0.01785	0.01055	0.01217	0.00973	0.00649	0.00487	0.00162	0.00811	0.00406	0.00324	0.00973
93	0.00922	0.00769	0.00804	0.00795	0.01040	0.00651	0.00597	0.01139	0.01790	0.02194	0.16506	0.07062	0.59391	0.01867	0.00896	0.00254	0.00380	0.01567	0.00723	0.00651
94	0.02464	0.01740	0.01869	0.01484	0.01971	0.01911	0.01211	0.48385	0.03006	0.04194	0.01980	0.02105	0.01468	0.01128	0.03963	0.00262	0.00781	0.00694	0.18257	0.01128
95	0.02002	0.01631	0.01739	0.01541	0.01985	0.01865	0.01205	0.06378	0.61511	0.06584	0.03034	0.02779	0.02254	0.01020	0.00771	0.00255	0.00612	0.00846	0.00780	0.01209
96	0.03127	0.01268	0.01700	0.01322	0.01865	0.01122	0.01084	0.05993	0.02225	0.59282	0.10080	0.02888	0.02431	0.01005	0.00777	0.00235	0.00622	0.00826	0.00920	0.01228
97	0.00971	0.00753	0.00876	0.00900	0.01082	0.00669	0.00659	0.01196	0.01768	0.02285	0.23139	0.18952	0.34866	0.04661	0.01029	0.00283	0.00414	0.04115	0.00730	0.00652
98	0.01724	0.01864	0.03753	0.16132	0.03973	0.01886	0.46067	0.02439	0.06882	0.02371	0.01601	0.02089	0.01210	0.00719	0.00920	0.00258	0.03872	0.00841	0.00403	0.00995
99	0.01124	0.00779	0.00919	0.00906	0.00916	0.00817	0.00547	0.01152	0.01115	0.01508	0.02305	0.04672	0.02618	0.65061	0.09054	0.00757	0.03745	0.01062	0.00450	0.00492
100	0.00917	0.00748	0.00811	0.00839	0.01048	0.00642	0.00613	0.01111	0.01711	0.02112	0.12151	0.19740	0.50968	0.01977	0.00910	0.00265	0.00393	0.01688	0.00715	0.00642
101	0.02622	0.02918	0.02069	0.01826	0.02260	0.43641	0.01400	0.13304	0.17441	0.02627	0.01719	0.01778	0.01337	0.00859	0.00716	0.00215	0.01105	0.00605	0.00538	0.01019
102	0.01907	0.01988	0.05314	0.09266	0.56390	0.07201	0.02260	0.02357	0.01741	0.02387	0.01399	0.01838	0.01161	0.00692	0.00745	0.00225	0.00954	0.00657	0.00372	0.01147
103	0.02682	0.01619	0.05872	0.02262	0.18903	0.01442	0.01529	0.03328	0.11893	0.38520	0.02519	0.02386	0.01721	0.00874	0.00759	0.00236	0.00730	0.00744	0.00736	0.01245
104	0.01432	0.01348	0.02275	0.71520	0.05224	0.01685	0.02107	0.01938	0.01517	0.01938	0.01348	0.02022	0.01011	0.00758	0.00758	0.00253	0.01011	0.00674	0.00337	0.00843
105	0.01639	0.01388	0.01609	0.01155	0.01826	0.01079	0.00926	0.05168	0.01674	0.02589	0.01372	0.01585	0.01132	0.00579	0.00572	0.00118	0.00576	0.00461	0.00465	0.74086
106	0.05250	0.00701	0.00985	0.00979	0.01009	0.00713	0.00663	0.01077	0.01024	0.01474	0.01343	0.02269	0.01313	0.02478	0.02756	0.71365	0.00645	0.00648	0.02940	0.00367
107	0.02203	0.01894	0.01886	0.01623	0.02094	0.06850	0.01280	0.19506	0.46677	0.03482	0.02634	0.02474	0.01964	0.00982	0.00762	0.00245	0.00713	0.00788	0.00742	0.01200
108	0.01993	0.01631	0.01737	0.01542	0.01984	0.01867	0.01205	0.06196	0.61958	0.06316	0.03038	0.02783	0.02259	0.01021	0.00771	0.00255	0.00611	0.00847	0.00779	0.01208
109	0.00942	0.00687	0.00890	0.01032	0.01112	0.00635	0.00710	0.01104	0.01540	0.02038	0.09069	0.59187	0.11540	0.02262	0.00958	0.00299	0.00438	0.04214	0.00713	0.00629
110	0.01298	0.00971	0.01266	0.01369	0.01577	0.01003	0.01156	0.01910	0.11650	0.02456	0.09169	0.10057	0.04312	0.01901	0.00990	0.00325	0.00645	0.46452	0.00721	0.00772
111	0.45073	0.01626	0.01549	0.01267	0.01794	0.01793	0.01045	0.20665	0.02080	0.14286	0.01583	0.01615	0.01124	0.00800	0.00599	0.00233	0.00667	0.00544	0.00627	0.01030
112	0.01065	0.00775	0.01002	0.00946	0.01128	0.00712	0.00709	0.01415	0.02128	0.02995	0.65379	0.05742	0.10018	0.01568	0.00895	0.00239	0.00359	0.01382	0.00829	0.00712
113	0.73361	0.01454	0.01161	0.01022	0.01500	0.01660	0.00842	0.02334	0.01353	0.08064	0.01193	0.01328	0.00896	0.00721	0.00490	0.00235	0.00591	0.00436	0.00503	0.00855
114	0.01354	0.00819	0.01324	0.11772	0.01750	0.00865	0.03504	0.01190	0.01101	0.01456	0.01331	0.02252	0.01264	0.02270	0.02547	0.63025	0.00737	0.00671	0.00333	0.00435
115	0.78701	0.01467	0.01115	0.00997	0.01467	0.01702	0.00821	0.02230	0.01291	0.03403	0.01056	0.01232	0.00821	0.00704	0.00469	0.00235	0.00587	0.00411	0.00469	0.00821
116	0.01105	0.00845	0.01261	0.01248	0.01379	0.01000	0.00975	0.01372	0.01217	0.01763	0.01993	0.02930	0.01862	0.05524	0.67773	0.01185	0.04674	0.00807	0.00404	0.00683
117	0.78701	0.01467	0.01115	0.00997	0.01467	0.01702	0.00821	0.02230	0.01291	0.03403	0.01056	0.01232	0.00821	0.00704	0.00469	0.00235	0.00587	0.00411	0.00469	0.00821
118	0.03403	0.01291	0.01760	0.01350	0.01936	0.01115	0.01115	0.03697	0.02171	0.69137	0.02992	0.02582	0.01878	0.00939	0.00763	0.00235	0.00645	0.00763	0.00939	0.01291
119	0.02833	0.03615	0.02149	0.01954	0.02345	0.70298	0.01466	0.03029	0.02149	0.01856	0.01172	0.01368	0.00977	0.00782	0.00684	0.00195	0.01368	0.00489	0.00391	0.00879
120	0.01222	0.00873	0.01222	0.01397	0.01572	0.00873	0.01222	0.01572	0.01746	0.02270	0.04016	0.08556	0.04365	0.02095	0.01048	0.00349	0.00698	0.63506	0.00698	0.00698
121	0.00924	0.00660	0.00880	0.01056	0.01100	0.00616	0.00704	0.01056	0.01452	0.01936	0.04181	0.72848	0.05017	0.02376	0.00968	0.00308	0.00440	0.02156	0.00704	0.00616
122	0.01887	0.01629	0.01715	0.01544	0.01972	0.01887	0.01201	0.04031	0.67241	0.03173	0.03087	0.02830	0.02315	0.01029	0.00772	0.00257	0.00600	0.00858	0.00772	0.01201
123	0.01877	0.01802	0.03079	0.04656	0.68612	0.01802	0.02328	0.02328	0.01727	0.02478	0.01427	0.01877	0.01201	0.00676	0.00751	0.00225	0.00901	0.00676	0.00375	0.01201
124	0.01084	0.00813	0.01219	0.01219	0.01354	0.00948	0.00948	0.01354	0.01219	0.01761	0.02032	0.02980	0.01896	0.05689	0.70337	0.01219	0.02032	0.00813	0.00406	0.00677
125	0.00924	0.00660	0.00880	0.01056	0.01100	0.00616	0.00704	0.01056	0.01452	0.01936	0.04181	0.72848	0.05017	0.02376	0.00968	0.00308	0.00440	0.02156	0.00704	0.00616
126	0.03403	0.01291	0.01760	0.01350	0.01936	0.01115	0.01115	0.03697	0.02171	0.69137	0.02992	0.02582	0.01878	0.00939	0.00763	0.00235	0.00645	0.00763	0.00939	0.01291
127	0.01521	0.03923	0.69413	0.02162	0.03283	0.01762	0.02802	0.02402	0.01601	0.02402	0.01361	0.01601	0.00961	0.00721	0.00721	0.00240	0.01121	0.00560	0.00320	0.01121
128	0.01755	0.00966	0.01250	0.01082	0.01390	0.00884	0.00844	0.04652	0.02190	0.20547	0.45175	0.04776	0.08626	0.01381	0.00854	0.00238	0.00455	0.01194	0.00853	0.00887
129	0.78701	0.01467	0.01115	0.00997	0.01467	0.01702	0.00821	0.02230	0.01291	0.03403	0.01056	0.01232	0.00821	0.00704	0.00469	0.00235	0.00587	0.00411	0.00469	0.00821
130	0.01569	0.10499	0.63255	0.02081	0.03157	0.01878	0.02661	0.02390	0.01596	0.02344	0.01332	0.01565	0.00962	0.00714	0.00699	0.00233	0.01092	0.00546	0.00321	0.01107
131	0.01847	0.01719	0.02518	0.32432	0.27183	0.05621	0.02034	0.10288	0.01896	0.02499	0.01520	0.02138	0.01230	0.00797	0.00762	0.00240	0.00958	0.02874	0.00420	0.01025
132	0.01976	0.01674	0.01766	0.01562	0.02007	0.01928	0.01222	0.09604	0.61522	0.03317	0.02973	0.02739	0.02223	0.01018	0.00771	0.00255	0.00621	0.00842	0.00771	0.01209
133	0.01573	0.01348	0.01573	0.01123	0.01798	0.01011	0.00899	0.01910	0.01573	0.02472	0.01348	0.01573	0.01123	0.00562	0.00562	0.00112	0.00562	0.00449	0.00449	0.77980
134	0.00924	0.00660	0.00880	0.01056	0.01100	0.00616	0.00704	0.01056	0.01452	0.01936	0.04181	0.72848	0.05017	0.02376	0.00968	0.00308	0.00440	0.02156	0.00704	0.00616
135	0.01863	0.01603	0.01698	0.01538	0.01958	0.01851	0.01201	0.03944	0.64940	0.03141	0.03120	0.03031	0.02387	0.01067	0.00781	0.00260	0.00604	0.03059	0.00769	0.01183
136	0.03403	0.01291	0.01760	0.01350	0.01936	0.01115	0.01115	0.03697	0.02171	0.69137	0.02992	0.02582	0.01878	0.00939	0.00763	0.00235	0.00645	0.00763	0.00939	0.01291
137	0.03227	0.01252	0.01704	0.01320	0.01876	0.01085	0.01085	0.03525	0.02169	0.64142	0.07921	0.02815	0.02277	0.00985	0.00773	0.00235	0.00624	0.00809	0.00931	0.01247
138	0.01802	0.01450	0.01583	0.01421	0.01810	0.01626	0.01104	0.03516	0.51705	0.06235	0.15580	0.03363	0.03224	0.01125	0.00795	0.00253	0.00556	0.00952	0.00792	0.01112
139	0.01414	0.00707	0.00707	0.00707	0.00884	0.00707	0.00530	0.01767	0.01591	0.02828	0.02474	0.02828	0.01944	0.00884	0.00530	0.00177	0.00353	0.00707	0.77554	0.00707
140	0.00906	0.00769	0.00782	0.00779	0.01031	0.00645	0.00584	0.01108	0.01752	0.02105	0.11070	0.07208	0.64883	0.01900	0.00896	0.00255	0.00383	0.01588	0.00712	0.00645
141	0.02258	0.53745	0.03453	0.01485	0.02061	0.22231	0.01346	0.02488	0.01715	0.01805	0.01088	0.01260	0.00974	0.00687	0.00543	0.00172	0.00970	0.00429	0.00343	0.00947
142	0.02795	0.03535	0.02132	0.01938	0.02330	0.67543	0.01455	0.03069	0.04771	0.01909	0.01250	0.01427	0.01031	0.00792	0.00687	0.00198	0.01337	0.00503	0.00406	0.00892
143	0.01573	0.01348	0.01573	0.01123	0.01798	0.01011	0.00899	0.01910	0.01573	0.02472	0.01348	0.01573	0.01123	0.00562	0.00562	0.00112	0.00562	0.00449	0.00449	0.77980
144	0.01103	0.00735	0.00827	0.00827	0.00827	0.00735	0.00460	0.01103	0.01103	0.01471	0.02390	0.04964	0.02758	0.73343	0.03861	0.00735	0.00735	0.01103	0.00460	0.00460
145	0.02028	0.73799	0.03975	0.01298	0.01947	0.03001	0.01298	0.02271	0.01541	0.01785	0.01055	0.01217	0.00973	0.00649	0.00487	0.00162	0.00811	0.00406	0.00324	0.00973
146	0.00924	0.00660	0.00880	0.01056	0.01100	0.00616	0.00704	0.01056	0.01452	0.01936	0.04181	0.72848	0.05017	0.02376	0.00968	0.00308	0.00440	0.02156	0.00704	0.00616
147	0.01643	0.11767	0.53084	0.02008	0.02991	0.01834	0.04903	0.02390	0.01652	0.05000	0.04791	0.01819	0.01321	0.00760	0.00711	0.00231	0.01033	0.00605	0.00374	0.01086
148	0.01627	0.03776	0.65629	0.02116	0.03208	0.01725	0.02708	0.02475	0.01633	0.06135	0.01452	0.01656	0.01012	0.00733	0.00723	0.00240	0.01094	0.00572	0.00355	0.01130
149	0.02778	0.01184	0.01548	0.01237	0.01735	0.01041	0.01004	0.03133	0.04642	0.51108	0.08843	0.03555	0.12463	0.01141	0.00794	0.00239	0.00581	0.00942	0.00888	0.01143
150	0.01951	0.01644	0.01746	0.01556	0.01991	0.01888	0.01223	0.09596	0.58754	0.03283	0.03010	0.02972	0.02305	0.01062	0.00782	0.00258	0.00626	0.03399	0.00768	0.01188

[dist]
# distance from previous block
# <min> <max>
0	2

[block]
# block no. 6 follows, 26 sequences, length 7
# corresponding to MSA columns:
# 423-429
name=unknown_G
#
# <colnr> <probs for GDERKNQSTAVLIFYWHMCP>
#	G	D	E	R	K	N	Q	S	T	A	V	L	I	F	Y	W	H	M	C	P
0	0.01549	0.01490	0.02551	0.52288	0.10451	0.01738	0.09263	0.02195	0.06797	0.02140	0.01515	0.02076	0.01148	0.00759	0.00774	0.00251	0.00999	0.00714	0.00380	0.00923
1	0.04820	0.01599	0.01754	0.01450	0.01915	0.01733	0.01162	0.27979	0.18951	0.11868	0.07283	0.05670	0.02253	0.01047	0.00754	0.00237	0.00654	0.00846	0.06889	0.01134
2	0.02408	0.01736	0.01894	0.01520	0.02014	0.01878	0.01209	0.36444	0.16295	0.08603	0.02216	0.02475	0.01725	0.10204	0.01148	0.00293	0.00743	0.00765	0.00718	0.05713
3	0.01701	0.01398	0.01614	0.01191	0.01809	0.01163	0.00954	0.10496	0.01896	0.02837	0.07802	0.01997	0.01723	0.00703	0.00620	0.00140	0.00579	0.00569	0.00528	0.60279
4	0.01416	0.01271	0.01416	0.01352	0.01510	0.10296	0.01055	0.01673	0.01374	0.01891	0.01845	0.02599	0.01676	0.04042	0.46123	0.00874	0.09757	0.00742	0.08362	0.00725
5	0.01897	0.07924	0.02553	0.01949	0.02174	0.08742	0.07754	0.07111	0.01565	0.02178	0.01225	0.01715	0.01088	0.01092	0.01738	0.00280	0.42415	0.00652	0.05054	0.00894
6	0.01465	0.07074	0.01557	0.07121	0.01819	0.07853	0.01072	0.04226	0.06927	0.02185	0.04264	0.05067	0.26625	0.05347	0.01070	0.00285	0.03831	0.10838	0.00590	0.00783

[dist]
# distance from previous block
# <min> <max>
0	1

[block]
# block no. 7 follows, 26 sequences, length 79
# corresponding to MSA columns:
# 431-509
name=unknown_H
#
# <colnr> <probs for GDERKNQSTAVLIFYWHMCP>
#	G	D	E	R	K	N	Q	S	T	A	V	L	I	F	Y	W	H	M	C	P
0	0.02728	0.08564	0.01997	0.01403	0.01936	0.01599	0.01165	0.17013	0.08765	0.34062	0.10345	0.02673	0.02333	0.00986	0.00751	0.00229	0.00664	0.00792	0.00810	0.01182
1	0.01045	0.00804	0.00981	0.03082	0.01267	0.00782	0.00747	0.01390	0.07362	0.02139	0.10572	0.40342	0.17388	0.07072	0.01128	0.00315	0.00473	0.01739	0.00694	0.00677
2	0.02077	0.63485	0.03776	0.01585	0.06702	0.07913	0.01383	0.02332	0.01600	0.01839	0.01090	0.01275	0.00990	0.00661	0.00520	0.00169	0.00859	0.00431	0.00333	0.00983
3	0.01815	0.02215	0.08748	0.06007	0.06649	0.06045	0.48416	0.02406	0.01750	0.02342	0.01459	0.01944	0.01115	0.00697	0.00942	0.00254	0.04997	0.00815	0.00374	0.01011
4	0.01833	0.05652	0.03410	0.08861	0.44811	0.01886	0.17752	0.02322	0.01718	0.02391	0.01428	0.01894	0.01164	0.00671	0.00773	0.00231	0.00996	0.00715	0.00372	0.01120
5	0.00987	0.00735	0.00979	0.01109	0.01147	0.00744	0.00757	0.01113	0.01411	0.01901	0.03849	0.63786	0.04598	0.06500	0.01247	0.00335	0.05527	0.01988	0.00663	0.00622
6	0.01934	0.01556	0.01751	0.01676	0.05937	0.01745	0.01228	0.03720	0.54119	0.07734	0.07596	0.02956	0.02561	0.01038	0.00779	0.00252	0.00604	0.00876	0.00764	0.01173
7	0.35509	0.10739	0.01988	0.17897	0.02595	0.06843	0.03009	0.06896	0.01626	0.02800	0.01242	0.01537	0.00971	0.00734	0.00590	0.00225	0.00802	0.00519	0.02591	0.00886
8	0.78701	0.01467	0.01115	0.00997	0.01467	0.01702	0.00821	0.02230	0.01291	0.03403	0.01056	0.01232	0.00821	0.00704	0.00469	0.00235	0.00587	0.00411	0.00469	0.00821
