[name]
unknown

[dist]
# distance from previous block
# <min> <max>
0	0

[block]
# block no. 0 follows, 29 sequences, length 45
# corresponding to MSA columns:
# 14-58
name=unknown_A
#
# <colnr> <probs for GDERKNQSTAVLIFYWHMCP>
#	G	D	E	R	K	N	Q	S	T	A	V	L	I	F	Y	W	H	M	C	P
0	0.01147	0.00820	0.01147	0.01311	0.01475	0.00820	0.01147	0.01475	0.01639	0.02131	0.03770	0.08032	0.04098	0.01967	0.00984	0.00328	0.00656	0.65741	0.00656	0.00656
1	0.01731	0.01660	0.02833	0.09601	0.65551	0.01684	0.02170	0.02158	0.01606	0.02288	0.01334	0.01773	0.01114	0.00640	0.00705	0.00213	0.00854	0.00634	0.00350	0.01102
2	0.80005	0.01377	0.01047	0.00936	0.01377	0.01597	0.00771	0.02093	0.01212	0.03195	0.00991	0.01157	0.00771	0.00661	0.00441	0.00220	0.00551	0.00386	0.00441	0.00771
3	0.80005	0.01377	0.01047	0.00936	0.01377	0.01597	0.00771	0.02093	0.01212	0.03195	0.00991	0.01157	0.00771	0.00661	0.00441	0.00220	0.00551	0.00386	0.00441	0.00771
4	0.01771	0.01530	0.01610	0.01449	0.01852	0.01771	0.01127	0.03784	0.69247	0.02979	0.02898	0.02657	0.02174	0.00966	0.00725	0.00242	0.00564	0.00805	0.00725	0.01127
5	0.00955	0.00716	0.00885	0.00863	0.01036	0.00646	0.00639	0.01233	0.01860	0.02534	0.48803	0.12127	0.21864	0.01612	0.00847	0.00234	0.00349	0.01408	0.00743	0.00646
6	0.01681	0.01921	0.04202	0.03001	0.03721	0.01801	0.67947	0.02281	0.01681	0.02281	0.01441	0.01921	0.01080	0.00600	0.00840	0.00240	0.01200	0.00840	0.00360	0.00960
7	0.00842	0.00721	0.00721	0.00721	0.00962	0.00601	0.00541	0.01022	0.01623	0.01924	0.07213	0.06853	0.70244	0.01803	0.00842	0.00240	0.00361	0.01503	0.00661	0.00601
8	0.02502	0.02879	0.01922	0.01694	0.02089	0.52080	0.01295	0.15249	0.02238	0.02288	0.01780	0.01878	0.07352	0.00855	0.00674	0.00195	0.01103	0.00590	0.00460	0.00879
9	0.01237	0.00618	0.00928	0.00928	0.00928	0.00618	0.00618	0.00928	0.00928	0.01237	0.01237	0.02165	0.01237	0.02474	0.02783	0.79283	0.00618	0.00618	0.00309	0.00309
10	0.01558	0.01558	0.02181	0.01869	0.01869	0.02181	0.01558	0.01714	0.01091	0.01714	0.00935	0.01558	0.00935	0.01246	0.02337	0.00312	0.73672	0.00623	0.00312	0.00779
11	0.06402	0.58645	0.15269	0.01342	0.02018	0.02544	0.01437	0.02151	0.01443	0.01865	0.01040	0.01206	0.00903	0.00624	0.00494	0.00169	0.00799	0.00406	0.00312	0.00929
12	0.16985	0.01574	0.01628	0.05054	0.01983	0.01810	0.01145	0.15458	0.40300	0.03245	0.02224	0.02151	0.01660	0.00873	0.00667	0.00232	0.00622	0.00685	0.00647	0.01057
13	0.01762	0.01692	0.02890	0.04371	0.70533	0.01692	0.02185	0.02185	0.01621	0.02326	0.01339	0.01762	0.01128	0.00634	0.00705	0.00211	0.00846	0.00634	0.00352	0.01128
14	0.01477	0.01266	0.01477	0.01055	0.01687	0.00949	0.00844	0.01793	0.01477	0.02320	0.01266	0.01477	0.01055	0.00527	0.00527	0.00105	0.00527	0.00422	0.00422	0.79328
15	0.01001	0.00728	0.00942	0.00889	0.01060	0.00669	0.00666	0.01330	0.01999	0.02816	0.67523	0.05383	0.09377	0.01470	0.00840	0.00225	0.00337	0.01297	0.00779	0.00669
16	0.00868	0.00620	0.00826	0.00991	0.01033	0.00578	0.00661	0.00991	0.01363	0.01818	0.03925	0.74510	0.04710	0.02231	0.00909	0.00289	0.00413	0.02024	0.00661	0.00578
17	0.01811	0.01404	0.01493	0.01331	0.01713	0.01589	0.01039	0.05963	0.53370	0.06314	0.02762	0.02608	0.02064	0.00937	0.00690	0.00228	0.00540	0.00773	0.12302	0.01066
18	0.00969	0.00644	0.00849	0.00981	0.01049	0.00601	0.00666	0.01115	0.01413	0.04094	0.06022	0.66397	0.04542	0.02094	0.00880	0.00279	0.00413	0.01892	0.04496	0.00606
19	0.01904	0.75404	0.03731	0.01218	0.01828	0.02818	0.01218	0.02132	0.01447	0.01675	0.00990	0.01142	0.00914	0.00609	0.00457	0.00152	0.00761	0.00381	0.00305	0.00914
20	0.01036	0.00690	0.00777	0.00777	0.00777	0.00690	0.00431	0.01036	0.01036	0.01381	0.02244	0.04660	0.02589	0.74975	0.03624	0.00690	0.00690	0.01036	0.00431	0.00431
21	0.01558	0.01558	0.02181	0.01869	0.01869	0.02181	0.01558	0.01714	0.01091	0.01714	0.00935	0.01558	0.00935	0.01246	0.02337	0.00312	0.73672	0.00623	0.00312	0.00779
22	0.01492	0.01320	0.01608	0.01207	0.01722	0.01179	0.00977	0.01778	0.01404	0.02207	0.01204	0.01492	0.01032	0.00662	0.00866	0.00144	0.14200	0.00459	0.00401	0.64645
23	0.00985	0.00814	0.00878	0.00931	0.01086	0.03050	0.00660	0.01253	0.05533	0.01971	0.08883	0.35597	0.29415	0.04376	0.00952	0.00274	0.00436	0.01624	0.00655	0.00628
24	0.02545	0.01914	0.02046	0.01606	0.02147	0.02133	0.01314	0.57033	0.14737	0.04227	0.01915	0.01873	0.01377	0.00874	0.00714	0.00219	0.00746	0.00669	0.00714	0.01196
25	0.63377	0.01341	0.01178	0.01008	0.01472	0.01478	0.00831	0.02391	0.01391	0.17879	0.01385	0.01431	0.00986	0.00709	0.00500	0.00220	0.00563	0.00457	0.00536	0.00867
26	0.01092	0.00859	0.01011	0.01058	0.01222	0.00874	0.00758	0.01692	0.17684	0.02195	0.09587	0.42863	0.12732	0.01809	0.00850	0.00266	0.00436	0.01604	0.00686	0.00720
27	0.00865	0.00628	0.00818	0.00969	0.01027	0.00580	0.00651	0.00994	0.01385	0.01826	0.04197	0.68909	0.10135	0.02195	0.00903	0.00285	0.00409	0.01981	0.00661	0.00580
28	0.03195	0.01212	0.01652	0.01267	0.01818	0.01047	0.01047	0.03470	0.02038	0.71026	0.02809	0.02424	0.01763	0.00881	0.00716	0.00220	0.00606	0.00716	0.00881	0.01212
29	0.01771	0.01530	0.01610	0.01449	0.01852	0.01771	0.01127	0.03784	0.69247	0.02979	0.02898	0.02657	0.02174	0.00966	0.00725	0.00242	0.00564	0.00805	0.00725	0.01127
30	0.51407	0.01316	0.01272	0.01059	0.01541	0.01392	0.00874	0.02606	0.01519	0.28450	0.01668	0.01628	0.01140	0.00743	0.00543	0.00220	0.00571	0.00509	0.00605	0.00935
31	0.80005	0.01377	0.01047	0.00936	0.01377	0.01597	0.00771	0.02093	0.01212	0.03195	0.00991	0.01157	0.00771	0.00661	0.00441	0.00220	0.00551	0.00386	0.00441	0.00771
32	0.03195	0.01212	0.01652	0.01267	0.01818	0.01047	0.01047	0.03470	0.02038	0.71026	0.02809	0.02424	0.01763	0.00881	0.00716	0.00220	0.00606	0.00716	0.00881	0.01212
33	0.01904	0.75404	0.03731	0.01218	0.01828	0.02818	0.01218	0.02132	0.01447	0.01675	0.00990	0.01142	0.00914	0.00609	0.00457	0.00152	0.00761	0.00381	0.00305	0.00914
34	0.01026	0.00729	0.00972	0.00972	0.01040	0.00797	0.00675	0.01161	0.01093	0.01525	0.02065	0.03670	0.02159	0.37960	0.40051	0.00932	0.01337	0.00891	0.00405	0.00540
35	0.01904	0.75404	0.03731	0.01218	0.01828	0.02818	0.01218	0.02132	0.01447	0.01675	0.00990	0.01142	0.00914	0.00609	0.00457	0.00152	0.00761	0.00381	0.00305	0.00914
36	0.00842	0.00721	0.00721	0.00721	0.00962	0.00601	0.00541	0.01022	0.01623	0.01924	0.07213	0.06853	0.70244	0.01803	0.00842	0.00240	0.00361	0.01503	0.00661	0.00601
37	0.01762	0.01692	0.02890	0.04371	0.70533	0.01692	0.02185	0.02185	0.01621	0.02326	0.01339	0.01762	0.01128	0.00634	0.00705	0.00211	0.00846	0.00634	0.00352	0.01128
38	0.00931	0.00668	0.00872	0.01011	0.01083	0.00633	0.00718	0.01084	0.01398	0.01839	0.03952	0.51818	0.08623	0.08949	0.01171	0.00330	0.00479	0.13221	0.00639	0.00580
39	0.01237	0.00618	0.00928	0.00928	0.00928	0.00618	0.00618	0.00928	0.00928	0.01237	0.01237	0.02165	0.01237	0.02474	0.02783	0.79283	0.00618	0.00618	0.00309	0.00309
40	0.01297	0.00907	0.01192	0.01150	0.01336	0.00892	0.03104	0.10259	0.01787	0.05752	0.14946	0.41799	0.04227	0.04159	0.00950	0.00277	0.00505	0.04056	0.00682	0.00722
41	0.00901	0.00754	0.00789	0.00789	0.01018	0.00662	0.00588	0.01179	0.04939	0.02038	0.11517	0.11252	0.57559	0.01766	0.00840	0.00243	0.00372	0.01489	0.00674	0.00631
42	0.02316	0.10502	0.02157	0.01863	0.08304	0.41934	0.01343	0.07481	0.01991	0.04320	0.07294	0.01786	0.01523	0.00943	0.03059	0.00222	0.01066	0.00571	0.00439	0.00885
43	0.02538	0.01875	0.02018	0.01546	0.02106	0.02031	0.01273	0.59380	0.03101	0.04214	0.01692	0.01725	0.01220	0.00823	0.00687	0.00202	0.00742	0.00621	0.03722	0.08484
44	0.49671	0.04280	0.14811	0.01240	0.01824	0.01652	0.01214	0.07574	0.01517	0.08714	0.01256	0.01373	0.00919	0.00696	0.00532	0.00219	0.00678	0.00461	0.00468	0.00902

[dist]
# distance from previous block
# <min> <max>
1	4

[block]
# block no. 1 follows, 29 sequences, length 137
# corresponding to MSA columns:
# 63-199
name=unknown_B
#
# <colnr> <probs for GDERKNQSTAVLIFYWHMCP>
#	G	D	E	R	K	N	Q	S	T	A	V	L	I	F	Y	W	H	M	C	P
0	0.01751	0.01760	0.05216	0.04291	0.68240	0.01691	0.02200	0.02188	0.01617	0.02324	0.01337	0.01754	0.01120	0.00636	0.00704	0.00212	0.00853	0.00631	0.00351	0.01125
1	0.06645	0.00842	0.01010	0.00954	0.01206	0.00768	0.00719	0.01658	0.01692	0.16518	0.17568	0.22950	0.21585	0.01578	0.00806	0.00244	0.00433	0.01359	0.00717	0.00747
2	0.01477	0.01266	0.01477	0.01055	0.01687	0.00949	0.00844	0.01793	0.01477	0.02320	0.01266	0.01477	0.01055	0.00527	0.00527	0.00105	0.00527	0.00422	0.00422	0.79328
3	0.09143	0.01588	0.01700	0.01401	0.01857	0.01751	0.01127	0.29982	0.22950	0.08268	0.10553	0.02444	0.02184	0.00948	0.00708	0.00224	0.00628	0.00753	0.00712	0.01080
4	0.02061	0.00998	0.01316	0.01094	0.01450	0.00905	0.00869	0.05107	0.02082	0.33533	0.37040	0.03867	0.04262	0.01173	0.00779	0.00222	0.00476	0.01004	0.00825	0.00937
5	0.02430	0.01857	0.01981	0.01582	0.02103	0.02079	0.01287	0.49127	0.22831	0.04042	0.02061	0.01990	0.01496	0.00888	0.00716	0.00222	0.00719	0.00690	0.00716	0.01186
6	0.01018	0.00760	0.01129	0.01129	0.01251	0.00882	0.00871	0.01262	0.01140	0.01642	0.01921	0.02873	0.01813	0.08175	0.69364	0.01126	0.01858	0.00774	0.00383	0.00627
7	0.01538	0.01669	0.03405	0.05201	0.03164	0.01664	0.48045	0.02013	0.01556	0.02131	0.01726	0.12171	0.01573	0.00913	0.01023	0.00255	0.09704	0.00975	0.00395	0.00878
8	0.02593	0.02560	0.01982	0.01685	0.02135	0.35723	0.01316	0.24396	0.11194	0.07046	0.01638	0.01672	0.01229	0.00813	0.00680	0.00203	0.00985	0.00579	0.00558	0.01015
9	0.02700	0.02192	0.02120	0.01666	0.02207	0.12091	0.01357	0.58926	0.03160	0.04100	0.01624	0.01649	0.01169	0.00838	0.00702	0.00209	0.00854	0.00615	0.00663	0.01156
10	0.00868	0.00620	0.00826	0.00991	0.01033	0.00578	0.00661	0.00991	0.01363	0.01818	0.03925	0.74510	0.04710	0.02231	0.00909	0.00289	0.00413	0.02024	0.00661	0.00578
11	0.02547	0.01915	0.02047	0.01606	0.02147	0.02134	0.01315	0.57185	0.14581	0.04230	0.01912	0.01871	0.01375	0.00874	0.00714	0.00218	0.00746	0.00669	0.00714	0.01197
12	0.01040	0.00796	0.01188	0.01175	0.01297	0.00944	0.00918	0.01290	0.01142	0.01656	0.01866	0.02745	0.01745	0.05168	0.69218	0.01109	0.04924	0.00757	0.00379	0.00642
13	0.01558	0.01558	0.02181	0.01869	0.01869	0.02181	0.01558	0.01714	0.01091	0.01714	0.00935	0.01558	0.00935	0.01246	0.02337	0.00312	0.73672	0.00623	0.00312	0.00779
14	0.35888	0.01720	0.01602	0.01302	0.01793	0.04242	0.01068	0.34746	0.02306	0.03762	0.01406	0.01497	0.01038	0.00766	0.00584	0.00214	0.00681	0.00526	0.03872	0.00986
15	0.09822	0.01732	0.01807	0.01429	0.01924	0.01918	0.01170	0.49887	0.05799	0.04046	0.01778	0.01829	0.01296	0.00838	0.00658	0.00209	0.00690	0.00627	0.11452	0.01090
16	0.03195	0.01212	0.01652	0.01267	0.01818	0.01047	0.01047	0.03470	0.02038	0.71026	0.02809	0.02424	0.01763	0.00881	0.00716	0.00220	0.00606	0.00716	0.00881	0.01212
17	0.00997	0.00727	0.00936	0.00884	0.01057	0.00667	0.00663	0.01322	0.01989	0.02793	0.65944	0.05422	0.10972	0.01479	0.00840	0.00225	0.00338	0.01302	0.00776	0.00667
18	0.02660	0.03394	0.02018	0.01834	0.02201	0.72116	0.01376	0.02843	0.02018	0.01743	0.01101	0.01284	0.00917	0.00734	0.00642	0.00183	0.01284	0.00459	0.00367	0.00825
19	0.01794	0.01045	0.01266	0.01101	0.01438	0.01023	0.00862	0.02483	0.17434	0.21951	0.26811	0.03942	0.10449	0.01192	0.00765	0.00226	0.00467	0.01013	0.03816	0.00921
20	0.00859	0.00652	0.00793	0.00907	0.01011	0.00585	0.00623	0.01001	0.01445	0.01851	0.04954	0.53325	0.25230	0.02097	0.00888	0.00274	0.00397	0.01861	0.00661	0.00585
21	0.01345	0.01266	0.02136	0.73264	0.04904	0.01582	0.01978	0.01819	0.01424	0.01819	0.01266	0.01898	0.00949	0.00712	0.00712	0.00237	0.00949	0.00633	0.00316	0.00791
22	0.01036	0.00690	0.00777	0.00777	0.00777	0.00690	0.00431	0.01036	0.01036	0.01381	0.02244	0.04660	0.02589	0.74975	0.03624	0.00690	0.00690	0.01036	0.00431	0.00431
23	0.02722	0.01969	0.02121	0.01626	0.02196	0.02171	0.01344	0.66091	0.03306	0.06615	0.01745	0.01732	0.01229	0.00856	0.00712	0.00214	0.00778	0.00643	0.00718	0.01211
24	0.01639	0.01369	0.01648	0.05301	0.04817	0.01184	0.01031	0.11201	0.01742	0.02586	0.01405	0.03559	0.01175	0.00636	0.00582	0.00138	0.00597	0.00518	0.00461	0.58413
25	0.02629	0.01934	0.02070	0.01599	0.02150	0.02142	0.01317	0.63758	0.05527	0.04375	0.01770	0.01773	0.01264	0.00858	0.00706	0.00213	0.00761	0.00647	0.03314	0.01190
26	0.80005	0.01377	0.01047	0.00936	0.01377	0.01597	0.00771	0.02093	0.01212	0.03195	0.00991	0.01157	0.00771	0.00661	0.00441	0.00220	0.00551	0.00386	0.00441	0.00771
27	0.01475	0.08985	0.63885	0.02049	0.05298	0.01742	0.02510	0.02243	0.01503	0.02214	0.01258	0.01485	0.00911	0.00670	0.00661	0.00220	0.01024	0.00519	0.00303	0.01045
28	0.01268	0.01309	0.04759	0.01837	0.02149	0.01256	0.24322	0.01588	0.01427	0.01963	0.02469	0.32788	0.02669	0.03977	0.03549	0.00315	0.09814	0.01308	0.00483	0.00751
29	0.00877	0.00626	0.00837	0.01002	0.01048	0.00587	0.00677	0.01008	0.01373	0.01828	0.03919	0.72265	0.04689	0.02222	0.00911	0.00290	0.00421	0.04177	0.00661	0.00581
30	0.03195	0.01212	0.01652	0.01267	0.01818	0.01047	0.01047	0.03470	0.02038	0.71026	0.02809	0.02424	0.01763	0.00881	0.00716	0.00220	0.00606	0.00716	0.00881	0.01212
31	0.02707	0.01995	0.02137	0.01638	0.02208	0.02208	0.01353	0.68159	0.03348	0.04488	0.01710	0.01710	0.01211	0.00855	0.00712	0.00214	0.00784	0.00641	0.00712	0.01211
32	0.80005	0.01377	0.01047	0.00936	0.01377	0.01597	0.00771	0.02093	0.01212	0.03195	0.00991	0.01157	0.00771	0.00661	0.00441	0.00220	0.00551	0.00386	0.00441	0.00771
33	0.03170	0.01252	0.01677	0.01286	0.01838	0.01106	0.01062	0.06763	0.02105	0.67639	0.02753	0.02387	0.01735	0.00880	0.00716	0.00220	0.00615	0.00712	0.00873	0.01212
34	0.01904	0.75404	0.03731	0.01218	0.01828	0.02818	0.01218	0.02132	0.01447	0.01675	0.00990	0.01142	0.00914	0.00609	0.00457	0.00152	0.00761	0.00381	0.00305	0.00914
35	0.80005	0.01377	0.01047	0.00936	0.01377	0.01597	0.00771	0.02093	0.01212	0.03195	0.00991	0.01157	0.00771	0.00661	0.00441	0.00220	0.00551	0.00386	0.00441	0.00771
36	0.80005	0.01377	0.01047	0.00936	0.01377	0.01597	0.00771	0.02093	0.01212	0.03195	0.00991	0.01157	0.00771	0.00661	0.00441	0.00220	0.00551	0.00386	0.00441	0.00771
37	0.01471	0.10203	0.65144	0.01956	0.02968	0.01760	0.02502	0.02244	0.01498	0.02202	0.01252	0.01471	0.00903	0.00670	0.00657	0.00219	0.01026	0.00513	0.00301	0.01040
38	0.00893	0.00638	0.00856	0.01021	0.01073	0.00600	0.00706	0.01036	0.01389	0.01846	0.03910	0.68421	0.04654	0.02207	0.00916	0.00293	0.00435	0.07861	0.00661	0.00585
39	0.00860	0.00712	0.00740	0.00751	0.00960	0.00607	0.00549	0.01031	0.01583	0.01916	0.08805	0.11950	0.59186	0.05939	0.01003	0.00269	0.00382	0.01510	0.00652	0.00592
40	0.00858	0.00706	0.00756	0.00777	0.00981	0.00603	0.00570	0.01042	0.01612	0.01978	0.11526	0.17368	0.55071	0.01844	0.00852	0.00247	0.00367	0.01568	0.00671	0.00603
41	0.01237	0.00618	0.00928	0.00928	0.00928	0.00618	0.00618	0.00928	0.00928	0.01237	0.01237	0.02165	0.01237	0.02474	0.02783	0.79283	0.00618	0.00618	0.00309	0.00309
42	0.01749	0.01678	0.02866	0.06544	0.68463	0.01688	0.02179	0.02174	0.01615	0.02310	0.01337	0.01767	0.01122	0.00637	0.00705	0.00212	0.00849	0.00634	0.00351	0.01117
43	0.01029	0.00740	0.00941	0.01048	0.01136	0.00721	0.00722	0.06884	0.01537	0.02052	0.03730	0.68124	0.04403	0.02110	0.00892	0.00283	0.00446	0.01903	0.00665	0.00634
44	0.01609	0.01644	0.02173	0.01868	0.01885	0.05452	0.01549	0.01766	0.01134	0.01715	0.00942	0.01545	0.00934	0.01222	0.02258	0.00306	0.70286	0.00615	0.00314	0.00781
45	0.02203	0.01624	0.01778	0.01413	0.01899	0.04007	0.01142	0.29552	0.11570	0.10689	0.08792	0.02220	0.01911	0.00889	0.00756	0.00203	0.03489	0.00692	0.00662	0.14507
46	0.04690	0.01557	0.01693	0.01427	0.01874	0.01717	0.01148	0.24739	0.30906	0.09592	0.05221	0.02780	0.04164	0.01007	0.00732	0.00233	0.00629	0.04075	0.00722	0.01093
47	0.01678	0.41326	0.35829	0.01604	0.02424	0.02265	0.01890	0.02191	0.01474	0.01951	0.01127	0.01314	0.00908	0.00641	0.00561	0.00187	0.00900	0.00450	0.00303	0.00980
48	0.04851	0.10677	0.01904	0.01396	0.01859	0.06196	0.01133	0.05567	0.38133	0.16957	0.02426	0.02252	0.01773	0.00876	0.00675	0.00221	0.00649	0.00693	0.00673	0.01090
49	0.52070	0.04026	0.01462	0.01193	0.01654	0.09521	0.00973	0.14902	0.03591	0.03230	0.01194	0.01318	0.00915	0.00713	0.00523	0.00213	0.00683	0.00454	0.00488	0.00876
50	0.01677	0.01938	0.07197	0.03047	0.14060	0.01746	0.49713	0.02300	0.03999	0.02312	0.01461	0.01885	0.01116	0.00620	0.00796	0.00230	0.01092	0.00777	0.00371	0.03662
51	0.01993	0.01477	0.01615	0.01362	0.01784	0.01611	0.01083	0.22483	0.30235	0.08771	0.11069	0.03035	0.08201	0.01057	0.00744	0.00229	0.00588	0.00867	0.00735	0.01059
52	0.01237	0.00618	0.00928	0.00928	0.00928	0.00618	0.00618	0.00928	0.00928	0.01237	0.01237	0.02165	0.01237	0.02474	0.02783	0.79283	0.00618	0.00618	0.00309	0.00309
53	0.01762	0.01692	0.02890	0.04371	0.70533	0.01692	0.02185	0.02185	0.01621	0.02326	0.01339	0.01762	0.01128	0.00634	0.00705	0.00211	0.00846	0.00634	0.00352	0.01128
54	0.01009	0.00726	0.00943	0.00890	0.01049	0.00673	0.00660	0.01328	0.01966	0.02781	0.66731	0.05286	0.06510	0.05165	0.00980	0.00247	0.00354	0.01275	0.00766	0.00660
55	0.00976	0.00738	0.00975	0.01056	0.01088	0.00781	0.00727	0.01086	0.01272	0.01728	0.03258	0.52774	0.03858	0.14428	0.03531	0.00383	0.08517	0.01669	0.00576	0.00577
56	0.01745	0.01675	0.02860	0.07175	0.67862	0.01687	0.02177	0.02170	0.01613	0.02306	0.01336	0.01768	0.01121	0.00638	0.00705	0.00213	0.00850	0.00634	0.00351	0.01114
57	0.02073	0.01750	0.01763	0.01525	0.01955	0.07118	0.01218	0.23590	0.37476	0.03279	0.02471	0.02747	0.01954	0.01005	0.00738	0.00236	0.00695	0.06631	0.00688	0.01088
58	0.00868	0.00620	0.00826	0.00991	0.01033	0.00578	0.00661	0.00991	0.01363	0.01818	0.03925	0.74510	0.04710	0.02231	0.00909	0.00289	0.00413	0.02024	0.00661	0.00578
59	0.02264	0.01713	0.01969	0.11695	0.02439	0.01890	0.01344	0.48527	0.02809	0.03774	0.05219	0.06409	0.01662	0.00937	0.00723	0.00218	0.00751	0.00749	0.00645	0.04265
60	0.01273	0.00875	0.00970	0.00899	0.00980	0.00906	0.00562	0.10555	0.01363	0.01821	0.02168	0.04241	0.02393	0.64464	0.03211	0.00623	0.00704	0.00980	0.00471	0.00542
61	0.01558	0.01558	0.02181	0.01869	0.01869	0.02181	0.01558	0.01714	0.01091	0.01714	0.00935	0.01558	0.00935	0.01246	0.02337	0.00312	0.73672	0.00623	0.00312	0.00779
62	0.01312	0.01222	0.02019	0.63059	0.04398	0.01521	0.01836	0.01739	0.01401	0.01814	0.01491	0.08482	0.01290	0.00877	0.00813	0.00246	0.04602	0.00759	0.00347	0.00771
63	0.01762	0.01692	0.02890	0.04371	0.70533	0.01692	0.02185	0.02185	0.01621	0.02326	0.01339	0.01762	0.01128	0.00634	0.00705	0.00211	0.00846	0.00634	0.00352	0.01128
64	0.01904	0.75404	0.03731	0.01218	0.01828	0.02818	0.01218	0.02132	0.01447	0.01675	0.00990	0.01142	0.00914	0.00609	0.00457	0.00152	0.00761	0.00381	0.00305	0.00914
65	0.00977	0.00727	0.00909	0.00864	0.01045	0.00659	0.00648	0.01285	0.01943	0.02684	0.58585	0.05601	0.18398	0.01520	0.00840	0.00227	0.00340	0.01327	0.00761	0.00659
66	0.00882	0.00630	0.00843	0.01008	0.01055	0.00591	0.00686	0.01016	0.01377	0.01834	0.03917	0.71126	0.04678	0.02217	0.00913	0.00291	0.00425	0.05268	0.00661	0.00582
67	0.01904	0.75404	0.03731	0.01218	0.01828	0.02818	0.01218	0.02132	0.01447	0.01675	0.00990	0.01142	0.00914	0.00609	0.00457	0.00152	0.00761	0.00381	0.00305	0.00914
68	0.00872	0.00623	0.00831	0.00988	0.01034	0.00582	0.00661	0.01004	0.01386	0.01853	0.06193	0.72141	0.04778	0.02204	0.00907	0.00287	0.00410	0.01999	0.00665	0.00582
69	0.01623	0.02282	0.18333	0.02760	0.03529	0.01781	0.52060	0.02258	0.01625	0.02258	0.01390	0.01821	0.01038	0.00636	0.00852	0.00239	0.03425	0.00767	0.00346	0.00974
70	0.01237	0.00618	0.00928	0.00928	0.00928	0.00618	0.00618	0.00928	0.00928	0.01237	0.01237	0.02165	0.01237	0.02474	0.02783	0.79283	0.00618	0.00618	0.00309	0.00309
71	0.02707	0.01995	0.02137	0.01638	0.02208	0.02208	0.01353	0.68159	0.03348	0.04488	0.01710	0.01710	0.01211	0.00855	0.00712	0.00214	0.00784	0.00641	0.00712	0.01211
72	0.01977	0.01481	0.01743	0.01581	0.06652	0.01549	0.01167	0.10927	0.30242	0.11675	0.02274	0.04269	0.01742	0.00882	0.00751	0.00211	0.03440	0.00717	0.00641	0.16079
73	0.01957	0.70286	0.03610	0.01262	0.01854	0.07743	0.01230	0.02183	0.01487	0.01680	0.00998	0.01152	0.00914	0.00618	0.00470	0.00155	0.00799	0.00386	0.00309	0.00908
74	0.59215	0.11569	0.01511	0.01031	0.01509	0.01732	0.00879	0.04403	0.01395	0.09653	0.01192	0.01297	0.00902	0.00682	0.00479	0.00211	0.00593	0.00426	0.00474	0.00848
75	0.02699	0.01321	0.01648	0.01332	0.01818	0.01282	0.01084	0.13438	0.10799	0.44494	0.02760	0.07302	0.02017	0.01021	0.00740	0.00231	0.00618	0.03448	0.00811	0.01137
76	0.01029	0.00718	0.00916	0.00916	0.00965	0.00766	0.00606	0.01125	0.01077	0.01484	0.02116	0.03952	0.02281	0.48493	0.29686	0.00863	0.01153	0.00932	0.00412	0.00509
77	0.00862	0.00643	0.00802	0.00929	0.01017	0.00584	0.00633	0.00998	0.01423	0.01842	0.04680	0.58980	0.19753	0.02133	0.00893	0.00278	0.00401	0.01905	0.00661	0.00584
78	0.00850	0.00717	0.00727	0.00732	0.00957	0.00604	0.00541	0.01021	0.01592	0.01900	0.06919	0.09021	0.65543	0.04545	0.00948	0.00259	0.00375	0.01503	0.00653	0.00594
79	0.02707	0.01995	0.02137	0.01638	0.02208	0.02208	0.01353	0.68159	0.03348	0.04488	0.01710	0.01710	0.01211	0.00855	0.00712	0.00214	0.00784	0.00641	0.00712	0.01211
80	0.80005	0.01377	0.01047	0.00936	0.01377	0.01597	0.00771	0.02093	0.01212	0.03195	0.00991	0.01157	0.00771	0.00661	0.00441	0.00220	0.00551	0.00386	0.00441	0.00771
81	0.02707	0.01995	0.02137	0.01638	0.02208	0.02208	0.01353	0.68159	0.03348	0.04488	0.01710	0.01710	0.01211	0.00855	0.00712	0.00214	0.00784	0.00641	0.00712	0.01211
82	0.01008	0.00728	0.00952	0.00896	0.01064	0.00672	0.00672	0.01344	0.02016	0.02855	0.70158	0.05319	0.06719	0.01456	0.00840	0.00224	0.00336	0.01288	0.00784	0.00672
83	0.01904	0.75404	0.03731	0.01218	0.01828	0.02818	0.01218	0.02132	0.01447	0.01675	0.00990	0.01142	0.00914	0.00609	0.00457	0.00152	0.00761	0.00381	0.00305	0.00914
84	0.02660	0.03394	0.02018	0.01834	0.02201	0.72116	0.01376	0.02843	0.02018	0.01743	0.01101	0.01284	0.00917	0.00734	0.00642	0.00183	0.01284	0.00459	0.00367	0.00825
85	0.02550	0.01863	0.02002	0.01560	0.02084	0.02054	0.01278	0.61660	0.03161	0.04267	0.01850	0.05427	0.01416	0.00923	0.00712	0.00215	0.00744	0.00712	0.04368	0.01153
86	0.01327	0.00664	0.00664	0.00664	0.00830	0.00664	0.00498	0.01659	0.01493	0.02655	0.02323	0.02655	0.01825	0.00830	0.00498	0.00166	0.00332	0.00664	0.78928	0.00664
87	0.00842	0.00718	0.00725	0.00730	0.00964	0.00600	0.00545	0.01021	0.01614	0.01920	0.07103	0.09132	0.68037	0.01818	0.00844	0.00242	0.00362	0.01520	0.00661	0.00600
88	0.00852	0.00722	0.00736	0.00732	0.00968	0.00606	0.00549	0.01042	0.01648	0.01983	0.11211	0.06755	0.66210	0.01781	0.00841	0.00239	0.00359	0.01489	0.00669	0.00606
89	0.01237	0.00618	0.00928	0.00928	0.00928	0.00618	0.00618	0.00928	0.00928	0.01237	0.01237	0.02165	0.01237	0.02474	0.02783	0.79283	0.00618	0.00618	0.00309	0.00309
90	0.01904	0.75404	0.03731	0.01218	0.01828	0.02818	0.01218	0.02132	0.01447	0.01675	0.00990	0.01142	0.00914	0.00609	0.00457	0.00152	0.00761	0.00381	0.00305	0.00914
91	0.01210	0.00777	0.01027	0.00958	0.01159	0.00715	0.00738	0.01540	0.01991	0.08785	0.59576	0.05256	0.06099	0.01441	0.00839	0.00231	0.00382	0.05775	0.00783	0.00718
92	0.02637	0.05936	0.02094	0.01792	0.02188	0.62427	0.01368	0.09456	0.02132	0.02019	0.01158	0.01322	0.00947	0.00741	0.00642	0.00185	0.01214	0.00474	0.00400	0.00868
93	0.01748	0.01677	0.02864	0.06760	0.68257	0.01688	0.02178	0.02173	0.01615	0.02309	0.01337	0.01767	0.01122	0.00637	0.00705	0.00212	0.00850	0.00634	0.00351	0.01116
94	0.76036	0.01341	0.01027	0.00923	0.01349	0.01550	0.00757	0.02071	0.01226	0.03168	0.01059	0.01232	0.00824	0.00669	0.00444	0.00218	0.00540	0.00400	0.04401	0.00766
95	0.02547	0.01915	0.02047	0.01606	0.02147	0.02134	0.01315	0.57158	0.14609	0.04230	0.01913	0.01871	0.01375	0.00874	0.00714	0.00218	0.00746	0.00669	0.00714	0.01197
96	0.01242	0.01106	0.01103	0.01029	0.01225	0.10804	0.00772	0.01556	0.02016	0.02698	0.60364	0.04747	0.05896	0.01353	0.00812	0.00218	0.00470	0.01170	0.00725	0.00694
97	0.01427	0.01385	0.01993	0.01739	0.01778	0.01850	0.03957	0.01597	0.01163	0.01752	0.01505	0.14379	0.01625	0.01508	0.03980	0.00328	0.56029	0.00881	0.00377	0.00747
98	0.01681	0.01921	0.04202	0.03001	0.03721	0.01801	0.67947	0.02281	0.01681	0.02281	0.01441	0.01921	0.01080	0.00600	0.00840	0.00240	0.01200	0.00840	0.00360	0.00960
99	0.00974	0.00832	0.00852	0.00836	0.01091	0.00766	0.00629	0.01412	0.11202	0.02069	0.06463	0.09102	0.57836	0.01703	0.00828	0.00243	0.00392	0.01426	0.00670	0.00675
100	0.00868	0.00620	0.00826	0.00991	0.01033	0.00578	0.00661	0.00991	0.01363	0.01818	0.03925	0.74510	0.04710	0.02231	0.00909	0.00289	0.00413	0.02024	0.00661	0.00578
101	0.01865	0.69613	0.09186	0.01284	0.01929	0.02724	0.01332	0.02142	0.01451	0.01722	0.01013	0.01171	0.00913	0.00615	0.00475	0.00158	0.00785	0.00392	0.00304	0.00925
102	0.13997	0.01372	0.01628	0.01287	0.01811	0.01352	0.01057	0.12102	0.08486	0.45790	0.02408	0.02167	0.01585	0.00854	0.00677	0.00221	0.00618	0.00667	0.00780	0.01141
103	0.01558	0.01558	0.02181	0.01869	0.01869	0.02181	0.01558	0.01714	0.01091	0.01714	0.00935	0.01558	0.00935	0.01246	0.02337	0.00312	0.73672	0.00623	0.00312	0.00779
104	0.01474	0.00801	0.00972	0.00937	0.01095	0.00766	0.00652	0.03829	0.01469	0.14131	0.02844	0.24781	0.02900	0.24642	0.01653	0.00380	0.00533	0.01198	0.14265	0.00680
105	0.01558	0.01558	0.02181	0.01869	0.01869	0.02181	0.01558	0.01714	0.01091	0.01714	0.00935	0.01558	0.00935	0.01246	0.02337	0.00312	0.73672	0.00623	0.00312	0.00779
106	0.01017	0.00763	0.01144	0.01144	0.01272	0.00890	0.00890	0.01272	0.01144	0.01653	0.01907	0.02797	0.01780	0.05340	0.72153	0.01144	0.01907	0.00763	0.00381	0.00636
107	0.01008	0.00728	0.00952	0.00896	0.01064	0.00672	0.00672	0.01344	0.02016	0.02855	0.70158	0.05319	0.06719	0.01456	0.00840	0.00224	0.00336	0.01288	0.00784	0.00672
108	0.01681	0.01921	0.04202	0.03001	0.03721	0.01801	0.67947	0.02281	0.01681	0.02281	0.01441	0.01921	0.01080	0.00600	0.00840	0.00240	0.01200	0.00840	0.00360	0.00960
109	0.80005	0.01377	0.01047	0.00936	0.01377	0.01597	0.00771	0.02093	0.01212	0.03195	0.00991	0.01157	0.00771	0.00661	0.00441	0.00220	0.00551	0.00386	0.00441	0.00771
110	0.01008	0.00728	0.00952	0.00896	0.01064	0.00672	0.00672	0.01344	0.02016	0.02855	0.70158	0.05319	0.06719	0.01456	0.00840	0.00224	0.00336	0.01288	0.00784	0.00672
111	0.03195	0.01212	0.01652	0.01267	0.01818	0.01047	0.01047	0.03470	0.02038	0.71026	0.02809	0.02424	0.01763	0.00881	0.00716	0.00220	0.00606	0.00716	0.00881	0.01212
112	0.01223	0.00618	0.00924	0.00930	0.00932	0.00617	0.00620	0.00930	0.00945	0.01259	0.01341	0.04970	0.01372	0.02464	0.02710	0.76219	0.00610	0.00673	0.00323	0.00320
113	0.01904	0.75404	0.03731	0.01218	0.01828	0.02818	0.01218	0.02132	0.01447	0.01675	0.00990	0.01142	0.00914	0.00609	0.00457	0.00152	0.00761	0.00381	0.00305	0.00914
114	0.01477	0.01266	0.01477	0.01055	0.01687	0.00949	0.00844	0.01793	0.01477	0.02320	0.01266	0.01477	0.01055	0.00527	0.00527	0.00105	0.00527	0.00422	0.00422	0.79328
115	0.00902	0.00669	0.00947	0.01055	0.01126	0.00625	0.02950	0.01053	0.01407	0.01886	0.07212	0.68520	0.04688	0.02136	0.00903	0.00284	0.00436	0.01947	0.00657	0.00596
116	0.19083	0.04161	0.05281	0.01387	0.01935	0.04071	0.01192	0.25030	0.05086	0.23130	0.01860	0.01796	0.01283	0.00805	0.00644	0.00216	0.00703	0.00595	0.00658	0.01084
117	0.01789	0.01763	0.02927	0.04213	0.64763	0.04140	0.05505	0.02213	0.01638	0.02304	0.01336	0.01754	0.01118	0.00636	0.00710	0.00212	0.00879	0.00639	0.00353	0.01109
118	0.01017	0.00763	0.01144	0.01144	0.01272	0.00890	0.00890	0.01272	0.01144	0.01653	0.01907	0.02797	0.01780	0.05340	0.72153	0.01144	0.01907	0.00763	0.00381	0.00636
119	0.01752	0.00953	0.01230	0.01062	0.01370	0.00891	0.00830	0.02229	0.08412	0.23814	0.43072	0.04176	0.04764	0.01233	0.00791	0.00225	0.00441	0.01066	0.00808	0.00881
120	0.03150	0.01283	0.01697	0.01301	0.01853	0.01152	0.01074	0.09351	0.02157	0.64977	0.02709	0.02359	0.01712	0.00879	0.00716	0.00220	0.00622	0.00709	0.00866	0.01212
121	0.02707	0.01995	0.02137	0.01638	0.02208	0.02208	0.01353	0.68159	0.03348	0.04488	0.01710	0.01710	0.01211	0.00855	0.00712	0.00214	0.00784	0.00641	0.00712	0.01211
122	0.00876	0.00623	0.00824	0.00981	0.01020	0.00584	0.00649	0.00994	0.01347	0.01796	0.03840	0.70986	0.04603	0.05901	0.01046	0.00309	0.00427	0.01974	0.00649	0.00571
123	0.02707	0.01995	0.02137	0.01638	0.02208	0.02208	0.01353	0.68159	0.03348	0.04488	0.01710	0.01710	0.01211	0.00855	0.00712	0.00214	0.00784	0.00641	0.00712	0.01211
124	0.02707	0.01995	0.02137	0.01638	0.02208	0.02208	0.01353	0.68159	0.03348	0.04488	0.01710	0.01710	0.01211	0.00855	0.00712	0.00214	0.00784	0.00641	0.00712	0.01211
125	0.01904	0.75404	0.03731	0.01218	0.01828	0.02818	0.01218	0.02132	0.01447	0.01675	0.00990	0.01142	0.00914	0.00609	0.00457	0.00152	0.00761	0.00381	0.00305	0.00914
126	0.01345	0.01266	0.02136	0.73264	0.04904	0.01582	0.01978	0.01819	0.01424	0.01819	0.01266	0.01898	0.00949	0.00712	0.00712	0.00237	0.00949	0.00633	0.00316	0.00791
127	0.02021	0.01654	0.01751	0.01500	0.01947	0.01888	0.01187	0.20947	0.51677	0.03381	0.02581	0.02404	0.01917	0.00936	0.00721	0.00234	0.00622	0.00761	0.00721	0.01149
128	0.01311	0.00662	0.00670	0.00676	0.00837	0.00661	0.00504	0.01635	0.01489	0.02624	0.02381	0.05284	0.01931	0.00881	0.00513	0.00170	0.00335	0.00713	0.76064	0.00661
129	0.01345	0.01266	0.02136	0.73264	0.04904	0.01582	0.01978	0.01819	0.01424	0.01819	0.01266	0.01898	0.00949	0.00712	0.00712	0.00237	0.00949	0.00633	0.00316	0.00791
130	0.00855	0.00722	0.00740	0.00736	0.00970	0.00607	0.00552	0.01049	0.01656	0.02001	0.12422	0.06726	0.64988	0.01775	0.00841	0.00239	0.00359	0.01485	0.00671	0.00607
131	0.01029	0.00759	0.01127	0.01127	0.01255	0.00882	0.00876	0.01286	0.01157	0.01690	0.01923	0.02792	0.01782	0.05175	0.69531	0.01109	0.01850	0.00759	0.03256	0.00637
132	0.04342	0.00910	0.01081	0.01009	0.01261	0.00877	0.00797	0.07785	0.01953	0.06804	0.31800	0.07557	0.19541	0.01504	0.00826	0.00242	0.00454	0.09798	0.00721	0.00739
133	0.02493	0.03060	0.02052	0.01972	0.06706	0.59638	0.01418	0.04726	0.01961	0.01862	0.01160	0.01399	0.00975	0.00930	0.03491	0.00229	0.04210	0.00495	0.00375	0.00848
134	0.01684	0.01612	0.02749	0.17311	0.58206	0.01671	0.02146	0.02117	0.01584	0.02231	0.01326	0.01788	0.01094	0.00649	0.00706	0.00216	0.00865	0.00634	0.00346	0.01065
135	0.01645	0.01306	0.01551	0.01134	0.01727	0.01069	0.00914	0.04602	0.01571	0.06957	0.01370	0.01553	0.01102	0.00601	0.00639	0.00128	0.04233	0.00461	0.00459	0.66980
136	0.01830	0.01802	0.03137	0.02402	0.04759	0.01879	0.35607	0.12718	0.09978	0.02634	0.01577	0.01903	0.01212	0.00774	0.01003	0.00240	0.11300	0.00752	0.00455	0.04038

[dist]
# distance from previous block
# <min> <max>
0	1

[block]
# block no. 2 follows, 29 sequences, length 25
# corresponding to MSA columns:
# 201-225
name=unknown_C
#
# <colnr> <probs for GDERKNQSTAVLIFYWHMCP>
#	G	D	E	R	K	N	Q	S	T	A	V	L	I	F	Y	W	H	M	C	P
0	0.01762	0.01692	0.02890	0.04371	0.70533	0.01692	0.02185	0.02185	0.01621	0.02326	0.01339	0.01762	0.01128	0.00634	0.00705	0.00211	0.00846	0.00634	0.00352	0.01128
1	0.07974	0.01511	0.01646	0.01377	0.01825	0.01652	0.01102	0.20349	0.29782	0.13646	0.09308	0.02532	0.02218	0.00951	0.00711	0.00228	0.00604	0.00767	0.00730	0.01089
2	0.01762	0.01692	0.02890	0.04371	0.70533	0.01692	0.02185	0.02185	0.01621	0.02326	0.01339	0.01762	0.01128	0.00634	0.00705	0.00211	0.00846	0.00634	0.00352	0.01128
3	0.61445	0.01532	0.01242	0.01076	0.01523	0.05677	0.00877	0.09228	0.01548	0.06183	0.03350	0.01410	0.01058	0.00721	0.00506	0.00218	0.00614	0.00460	0.00495	0.00837
4	0.06662	0.01136	0.01298	0.01135	0.01461	0.01171	0.00896	0.12194	0.12354	0.09775	0.30662	0.04037	0.09400	0.01229	0.00771	0.00230	0.00494	0.03483	0.00737	0.00877
5	0.01458	0.06756	0.65864	0.02030	0.03051	0.01710	0.04970	0.02251	0.01507	0.02231	0.01271	0.01503	0.00909	0.00671	0.00673	0.00223	0.01045	0.00531	0.00303	0.01043
6	0.01762	0.01692	0.02890	0.04371	0.70533	0.01692	0.02185	0.02185	0.01621	0.02326	0.01339	0.01762	0.01128	0.00634	0.00705	0.00211	0.00846	0.00634	0.00352	0.01128
7	0.01064	0.00813	0.01009	0.01104	0.01274	0.00800	0.00872	0.01474	0.08528	0.02082	0.04475	0.26527	0.18482	0.01905	0.00904	0.00289	0.00511	0.26551	0.00666	0.00670
8	0.02539	0.03174	0.01957	0.01783	0.02142	0.65028	0.01341	0.02831	0.05859	0.01810	0.01239	0.01428	0.01026	0.00943	0.03690	0.00228	0.01269	0.00492	0.00388	0.00835
9	0.01020	0.00753	0.01096	0.01096	0.01206	0.00864	0.00829	0.01240	0.01130	0.01617	0.01952	0.03044	0.01887	0.14563	0.63077	0.01084	0.01746	0.00799	0.00388	0.00609
10	0.01087	0.00749	0.00958	0.00893	0.01086	0.00681	0.00674	0.01404	0.01974	0.05793	0.60307	0.05357	0.13409	0.01468	0.00835	0.00226	0.00351	0.01286	0.00775	0.00688
11	0.01327	0.00664	0.00664	0.00664	0.00830	0.00664	0.00498	0.01659	0.01493	0.02655	0.02323	0.02655	0.01825	0.00830	0.00498	0.00166	0.00332	0.00664	0.78928	0.00664
12	0.01678	0.01897	0.04068	0.03002	0.06058	0.01813	0.62740	0.02253	0.01653	0.02258	0.01415	0.01900	0.01076	0.00629	0.00899	0.00242	0.04276	0.00824	0.00358	0.00959
13	0.01613	0.01667	0.02390	0.01989	0.02079	0.04815	0.08618	0.01817	0.01189	0.01775	0.00995	0.01586	0.00950	0.01158	0.02113	0.00299	0.63190	0.00640	0.00319	0.00800
14	0.01035	0.00774	0.00967	0.00921	0.01104	0.00732	0.00689	0.01454	0.06318	0.02723	0.56484	0.08953	0.12159	0.01497	0.00836	0.00230	0.00357	0.01315	0.00762	0.00690
15	0.00857	0.00717	0.00746	0.00750	0.00974	0.00606	0.00558	0.01047	0.01642	0.01996	0.12312	0.10309	0.61451	0.01797	0.00845	0.00242	0.00361	0.01512	0.00671	0.00606
16	0.01993	0.01434	0.01624	0.01415	0.01816	0.01561	0.01150	0.21000	0.26773	0.09791	0.07997	0.03569	0.02577	0.01150	0.00777	0.00246	0.00628	0.12732	0.00728	0.01036
17	0.01762	0.01692	0.02890	0.04371	0.70533	0.01692	0.02185	0.02185	0.01621	0.02326	0.01339	0.01762	0.01128	0.00634	0.00705	0.00211	0.00846	0.00634	0.00352	0.01128
18	0.02562	0.01146	0.01500	0.01205	0.01656	0.01049	0.00974	0.05080	0.06956	0.47929	0.18596	0.03097	0.02939	0.01022	0.00746	0.00223	0.00545	0.00854	0.00842	0.01079
19	0.04642	0.20639	0.52457	0.01794	0.02716	0.01928	0.02222	0.02219	0.01478	0.02154	0.01198	0.01404	0.00900	0.00660	0.00615	0.00208	0.00963	0.00486	0.00307	0.01008
20	0.01721	0.01819	0.02920	0.02242	0.05098	0.08684	0.33445	0.04386	0.01677	0.02266	0.01468	0.05302	0.01237	0.00714	0.00800	0.00204	0.04119	0.00731	0.00401	0.20766
21	0.01576	0.01768	0.06599	0.02322	0.02978	0.01540	0.42198	0.02087	0.01619	0.02300	0.05334	0.01976	0.01385	0.00661	0.00817	0.00209	0.03843	0.00742	0.00394	0.19652
22	0.01602	0.01186	0.01536	0.10228	0.02012	0.01219	0.02873	0.15609	0.04820	0.06609	0.09456	0.22111	0.02926	0.01308	0.00781	0.00237	0.00616	0.05408	0.00624	0.08839
23	0.11230	0.01126	0.01244	0.01085	0.01439	0.01117	0.00841	0.06956	0.11945	0.05715	0.18892	0.12078	0.07552	0.01170	0.00712	0.00214	0.00487	0.00984	0.00644	0.14570
24	0.04574	0.58448	0.10145	0.01603	0.08803	0.02549	0.01437	0.02148	0.01462	0.01850	0.01053	0.01240	0.00929	0.00620	0.00503	0.00168	0.00791	0.00420	0.00314	0.00944

[dist]
# distance from previous block
# <min> <max>
3	6

[block]
# block no. 3 follows, 29 sequences, length 56
# corresponding to MSA columns:
# 232-287
name=unknown_D
#
# <colnr> <probs for GDERKNQSTAVLIFYWHMCP>
#	G	D	E	R	K	N	Q	S	T	A	V	L	I	F	Y	W	H	M	C	P
0	0.01916	0.01193	0.01399	0.01192	0.01564	0.01206	0.00941	0.11925	0.16519	0.19348	0.19754	0.06148	0.11444	0.01196	0.00770	0.00230	0.00520	0.01006	0.00765	0.00965
1	0.01732	0.01661	0.02836	0.09311	0.65827	0.01684	0.02170	0.02159	0.01607	0.02290	0.01334	0.01772	0.01115	0.00640	0.00705	0.00213	0.00853	0.00634	0.00350	0.01104
2	0.05182	0.02264	0.01751	0.01554	0.01904	0.32275	0.01196	0.12755	0.12504	0.02399	0.01826	0.02074	0.03916	0.04432	0.08132	0.00324	0.03498	0.00638	0.00493	0.00884
3	0.01558	0.01558	0.02181	0.01869	0.01869	0.02181	0.01558	0.01714	0.01091	0.01714	0.00935	0.01558	0.00935	0.01246	0.02337	0.00312	0.73672	0.00623	0.00312	0.00779
4	0.00868	0.00620	0.00826	0.00991	0.01033	0.00578	0.00661	0.00991	0.01363	0.01818	0.03925	0.74510	0.04710	0.02231	0.00909	0.00289	0.00413	0.02024	0.00661	0.00578
5	0.01036	0.00690	0.00777	0.00777	0.00777	0.00690	0.00431	0.01036	0.01036	0.01381	0.02244	0.04660	0.02589	0.74975	0.03624	0.00690	0.00690	0.01036	0.00431	0.00431
6	0.01449	0.01404	0.01954	0.01716	0.01722	0.01919	0.01401	0.01595	0.01124	0.01716	0.01373	0.11246	0.01488	0.03940	0.02194	0.00322	0.61513	0.00821	0.00362	0.00741
7	0.01904	0.75404	0.03731	0.01218	0.01828	0.02818	0.01218	0.02132	0.01447	0.01675	0.00990	0.01142	0.00914	0.00609	0.00457	0.00152	0.00761	0.00381	0.00305	0.00914
8	0.01428	0.03683	0.71286	0.02030	0.03082	0.01654	0.02631	0.02255	0.01503	0.02255	0.01278	0.01503	0.00902	0.00677	0.00677	0.00226	0.01052	0.00526	0.00301	0.01052
9	0.01771	0.01530	0.01610	0.01449	0.01852	0.01771	0.01127	0.03784	0.69247	0.02979	0.02898	0.02657	0.02174	0.00966	0.00725	0.00242	0.00564	0.00805	0.00725	0.01127
10	0.00868	0.00620	0.00826	0.00991	0.01033	0.00578	0.00661	0.00991	0.01363	0.01818	0.03925	0.74510	0.04710	0.02231	0.00909	0.00289	0.00413	0.02024	0.00661	0.00578
11	0.01477	0.01266	0.01477	0.01055	0.01687	0.00949	0.00844	0.01793	0.01477	0.02320	0.01266	0.01477	0.01055	0.00527	0.00527	0.00105	0.00527	0.00422	0.00422	0.79328
12	0.02707	0.01995	0.02137	0.01638	0.02208	0.02208	0.01353	0.68159	0.03348	0.04488	0.01710	0.01710	0.01211	0.00855	0.00712	0.00214	0.00784	0.00641	0.00712	0.01211
13	0.01036	0.00690	0.00777	0.00777	0.00777	0.00690	0.00431	0.01036	0.01036	0.01381	0.02244	0.04660	0.02589	0.74975	0.03624	0.00690	0.00690	0.01036	0.00431	0.00431
14	0.01036	0.00690	0.00777	0.00777	0.00777	0.00690	0.00431	0.01036	0.01036	0.01381	0.02244	0.04660	0.02589	0.74975	0.03624	0.00690	0.00690	0.01036	0.00431	0.00431
15	0.01345	0.01266	0.02136	0.73264	0.04904	0.01582	0.01978	0.01819	0.01424	0.01819	0.01266	0.01898	0.00949	0.00712	0.00712	0.00237	0.00949	0.00633	0.00316	0.00791
16	0.01345	0.01266	0.02136	0.73264	0.04904	0.01582	0.01978	0.01819	0.01424	0.01819	0.01266	0.01898	0.00949	0.00712	0.00712	0.00237	0.00949	0.00633	0.00316	0.00791
17	0.00868	0.00620	0.00826	0.00991	0.01033	0.00578	0.00661	0.00991	0.01363	0.01818	0.03925	0.74510	0.04710	0.02231	0.00909	0.00289	0.00413	0.02024	0.00661	0.00578
18	0.02922	0.01521	0.01870	0.01517	0.04395	0.01512	0.01200	0.26775	0.04667	0.42386	0.02363	0.02150	0.01554	0.00866	0.00715	0.00218	0.00677	0.00689	0.00797	0.01206
19	0.01237	0.00618	0.00928	0.00928	0.00928	0.00618	0.00618	0.00928	0.00928	0.01237	0.01237	0.02165	0.01237	0.02474	0.02783	0.79283	0.00618	0.00618	0.00309	0.00309
20	0.02730	0.01957	0.02114	0.01621	0.02189	0.02152	0.01339	0.65053	0.03285	0.07683	0.01762	0.01744	0.01237	0.00856	0.00713	0.00214	0.00775	0.00645	0.00720	0.01211
21	0.01477	0.01266	0.01477	0.01055	0.01687	0.00949	0.00844	0.01793	0.01477	0.02320	0.01266	0.01477	0.01055	0.00527	0.00527	0.00105	0.00527	0.00422	0.00422	0.79328
22	0.01904	0.75404	0.03731	0.01218	0.01828	0.02818	0.01218	0.02132	0.01447	0.01675	0.00990	0.01142	0.00914	0.00609	0.00457	0.00152	0.00761	0.00381	0.00305	0.00914
23	0.80005	0.01377	0.01047	0.00936	0.01377	0.01597	0.00771	0.02093	0.01212	0.03195	0.00991	0.01157	0.00771	0.00661	0.00441	0.00220	0.00551	0.00386	0.00441	0.00771
24	0.02637	0.01943	0.02087	0.01614	0.02164	0.02147	0.01327	0.65620	0.03273	0.04387	0.01793	0.04462	0.01343	0.00907	0.00720	0.00217	0.00770	0.00693	0.00710	0.01187
25	0.01036	0.00690	0.00777	0.00777	0.00777	0.00690	0.00431	0.01036	0.01036	0.01381	0.02244	0.04660	0.02589	0.74975	0.03624	0.00690	0.00690	0.01036	0.00431	0.00431
26	0.00868	0.00620	0.00826	0.00991	0.01033	0.00578	0.00661	0.00991	0.01363	0.01818	0.03925	0.74510	0.04710	0.02231	0.00909	0.00289	0.00413	0.02024	0.00661	0.00578
27	0.00877	0.00632	0.00831	0.00973	0.01032	0.00586	0.00657	0.01018	0.01421	0.01897	0.08838	0.66679	0.07608	0.02157	0.00901	0.00282	0.00405	0.01949	0.00670	0.00586
28	0.00987	0.00727	0.00922	0.00874	0.01051	0.00663	0.00655	0.01303	0.01965	0.02736	0.62108	0.05515	0.14843	0.01500	0.00840	0.00226	0.00339	0.01315	0.00768	0.00663
29	0.01477	0.01266	0.01477	0.01055	0.01687	0.00949	0.00844	0.01793	0.01477	0.02320	0.01266	0.01477	0.01055	0.00527	0.00527	0.00105	0.00527	0.00422	0.00422	0.79328
30	0.03176	0.01242	0.01671	0.01281	0.01833	0.01091	0.01058	0.05946	0.02088	0.68480	0.02767	0.02396	0.01742	0.00880	0.00716	0.00220	0.00613	0.00713	0.00875	0.01212
31	0.80005	0.01377	0.01047	0.00936	0.01377	0.01597	0.00771	0.02093	0.01212	0.03195	0.00991	0.01157	0.00771	0.00661	0.00441	0.00220	0.00551	0.00386	0.00441	0.00771
