[name]
unknown

[dist]
# distance from previous block
# <min> <max>
29	55

[block]
# block no. 0 follows, 30 sequences, length 135
# corresponding to MSA columns:
# 67-201
name=unknown_A
#
# <colnr> <probs for GDERKNQSTAVLIFYWHMCP>
#	G	D	E	R	K	N	Q	S	T	A	V	L	I	F	Y	W	H	M	C	P
0	0.05199	0.16395	0.05690	0.01390	0.01917	0.04671	0.01212	0.20075	0.14404	0.13568	0.01912	0.04674	0.01470	0.00835	0.00638	0.00202	0.00699	0.00642	0.00591	0.03817
1	0.07806	0.07148	0.06460	0.03645	0.07441	0.18319	0.03956	0.08804	0.01885	0.14259	0.05639	0.02322	0.04708	0.00865	0.00672	0.00209	0.00830	0.03582	0.00521	0.00929
2	0.09359	0.16150	0.04873	0.01382	0.01894	0.08251	0.01197	0.25185	0.07121	0.09085	0.04429	0.01965	0.04537	0.00831	0.00630	0.00200	0.00731	0.00616	0.00566	0.00998
3	0.07146	0.25001	0.06643	0.01591	0.07698	0.07438	0.01302	0.10300	0.03292	0.13526	0.06185	0.01795	0.01487	0.00770	0.00652	0.00194	0.02942	0.00569	0.00495	0.00972
4	0.05243	0.08009	0.09391	0.01902	0.09277	0.10715	0.03504	0.33097	0.02406	0.07608	0.01501	0.01596	0.01104	0.00751	0.00660	0.00203	0.00853	0.00575	0.00538	0.01070
5	0.05332	0.12071	0.04679	0.01712	0.05205	0.21639	0.01374	0.34044	0.02460	0.03076	0.01361	0.01463	0.01039	0.00751	0.00635	0.00194	0.00904	0.00532	0.00512	0.01019
6	0.01805	0.15096	0.19968	0.01837	0.02530	0.01827	0.16887	0.14593	0.01891	0.04896	0.06024	0.01822	0.01402	0.00716	0.00672	0.00202	0.00872	0.00632	0.00442	0.05888
7	0.01957	0.01898	0.02339	0.05976	0.30685	0.14520	0.04211	0.09134	0.07525	0.04451	0.01485	0.01765	0.01187	0.00897	0.03572	0.00243	0.03462	0.00613	0.00431	0.03648
8	0.05204	0.01527	0.01701	0.01298	0.01853	0.01496	0.01055	0.29379	0.05343	0.09730	0.01690	0.03559	0.01293	0.00748	0.00623	0.00172	0.00626	0.00584	0.00592	0.31526
9	0.01723	0.01487	0.01572	0.01403	0.01807	0.01699	0.01092	0.03619	0.66754	0.02890	0.02768	0.02551	0.02080	0.00927	0.00701	0.00231	0.00551	0.00772	0.00697	0.04677
10	0.01662	0.01586	0.02671	0.15346	0.58128	0.01643	0.02074	0.02137	0.03871	0.02222	0.01353	0.01778	0.01112	0.00645	0.00693	0.00212	0.00836	0.00627	0.00352	0.01052
11	0.00878	0.00619	0.00802	0.00936	0.00970	0.00585	0.00610	0.00979	0.01282	0.01709	0.03568	0.63115	0.04264	0.14571	0.01340	0.00350	0.00451	0.01820	0.00610	0.00542
12	0.00914	0.00693	0.00842	0.00841	0.01006	0.00621	0.00617	0.01160	0.01747	0.02342	0.39592	0.17712	0.26047	0.01663	0.00835	0.00235	0.00350	0.01451	0.00710	0.00621
13	0.01736	0.01499	0.01578	0.01420	0.01815	0.01736	0.01105	0.03708	0.69862	0.02919	0.02840	0.02604	0.02130	0.00947	0.00710	0.00237	0.00552	0.00789	0.00710	0.01105
14	0.01015	0.00677	0.00761	0.00761	0.00761	0.00677	0.00423	0.01015	0.01015	0.01353	0.02199	0.04567	0.02537	0.75476	0.03552	0.00677	0.00677	0.01015	0.00423	0.00423
15	0.00849	0.00611	0.00806	0.00963	0.01010	0.00568	0.00644	0.00973	0.01345	0.01785	0.03954	0.72730	0.06836	0.02172	0.00888	0.00282	0.00403	0.01967	0.00648	0.00568
16	0.80405	0.01350	0.01026	0.00918	0.01350	0.01565	0.00756	0.02051	0.01188	0.03131	0.00972	0.01134	0.00756	0.00648	0.00432	0.00216	0.00540	0.00378	0.00432	0.00756
17	0.01727	0.01658	0.02832	0.04283	0.71123	0.01658	0.02142	0.02142	0.01589	0.02280	0.01313	0.01727	0.01105	0.00622	0.00691	0.00207	0.00829	0.00622	0.00345	0.01105
18	0.80405	0.01350	0.01026	0.00918	0.01350	0.01565	0.00756	0.02051	0.01188	0.03131	0.00972	0.01134	0.00756	0.00648	0.00432	0.00216	0.00540	0.00378	0.00432	0.00756
19	0.80405	0.01350	0.01026	0.00918	0.01350	0.01565	0.00756	0.02051	0.01188	0.03131	0.00972	0.01134	0.00756	0.00648	0.00432	0.00216	0.00540	0.00378	0.00432	0.00756
20	0.02653	0.01955	0.02094	0.01606	0.02164	0.02164	0.01326	0.68796	0.03281	0.04398	0.01675	0.01675	0.01187	0.00838	0.00698	0.00209	0.00768	0.00628	0.00698	0.01187
21	0.80405	0.01350	0.01026	0.00918	0.01350	0.01565	0.00756	0.02051	0.01188	0.03131	0.00972	0.01134	0.00756	0.00648	0.00432	0.00216	0.00540	0.00378	0.00432	0.00756
22	0.01727	0.01658	0.02832	0.04283	0.71123	0.01658	0.02142	0.02142	0.01589	0.02280	0.01313	0.01727	0.01105	0.00622	0.00691	0.00207	0.00829	0.00622	0.00345	0.01105
23	0.01736	0.01499	0.01578	0.01420	0.01815	0.01736	0.01105	0.03708	0.69862	0.02919	0.02840	0.02604	0.02130	0.00947	0.00710	0.00237	0.00552	0.00789	0.00710	0.01105
24	0.01633	0.01403	0.01475	0.01336	0.01703	0.01601	0.01032	0.03383	0.61624	0.02776	0.03178	0.03023	0.07995	0.03641	0.00820	0.00252	0.00540	0.00855	0.00695	0.01037
25	0.02820	0.01686	0.01928	0.01478	0.02030	0.01766	0.01221	0.45930	0.02832	0.27897	0.02052	0.01920	0.01376	0.00847	0.00699	0.00212	0.00707	0.00654	0.00756	0.01187
26	0.03060	0.01302	0.01690	0.01296	0.01838	0.01195	0.01070	0.13152	0.02189	0.61585	0.02592	0.02271	0.01647	0.00860	0.00701	0.00215	0.00620	0.00691	0.00839	0.01187
27	0.00918	0.00711	0.00837	0.00805	0.01000	0.00629	0.00604	0.01183	0.01811	0.02410	0.43637	0.05853	0.33944	0.01572	0.00824	0.00226	0.00340	0.01352	0.00717	0.00629
28	0.00998	0.00669	0.00766	0.00783	0.00787	0.00665	0.00446	0.01010	0.01048	0.01397	0.02369	0.11859	0.02752	0.67889	0.03276	0.00636	0.00648	0.01115	0.00446	0.00438
29	0.03084	0.01198	0.01618	0.01248	0.01782	0.01049	0.01028	0.03411	0.04259	0.69316	0.02756	0.02383	0.01741	0.00866	0.00702	0.00217	0.00592	0.00705	0.00859	0.01185
30	0.03131	0.01188	0.01619	0.01242	0.01781	0.01026	0.01026	0.03401	0.01997	0.71606	0.02753	0.02375	0.01727	0.00864	0.00702	0.00216	0.00594	0.00702	0.00864	0.01188
31	0.01647	0.01882	0.04118	0.02941	0.03647	0.01765	0.68588	0.02235	0.01647	0.02235	0.01412	0.01882	0.01059	0.00588	0.00824	0.00235	0.01176	0.00824	0.00353	0.00941
32	0.01492	0.01480	0.02069	0.01788	0.01790	0.02057	0.01482	0.01643	0.01082	0.01685	0.01066	0.05290	0.01105	0.01271	0.02218	0.00304	0.70420	0.00681	0.00323	0.00753
33	0.00998	0.00742	0.01091	0.01091	0.01206	0.00856	0.00835	0.01227	0.01113	0.01598	0.01897	0.02893	0.01811	0.11083	0.66952	0.01084	0.01770	0.00770	0.00378	0.00606
34	0.03131	0.01188	0.01619	0.01242	0.01781	0.01026	0.01026	0.03401	0.01997	0.71606	0.02753	0.02375	0.01727	0.00864	0.00702	0.00216	0.00594	0.00702	0.00864	0.01188
35	0.01078	0.00792	0.01124	0.01351	0.04892	0.00781	0.01043	0.01348	0.01530	0.02012	0.03615	0.26422	0.04035	0.01933	0.00929	0.00305	0.00585	0.44951	0.00629	0.00645
36	0.02932	0.01283	0.01654	0.01288	0.01807	0.01191	0.01056	0.12372	0.04503	0.57337	0.02647	0.04977	0.01773	0.00912	0.00709	0.00218	0.00609	0.00742	0.00827	0.01162
37	0.80405	0.01350	0.01026	0.00918	0.01350	0.01565	0.00756	0.02051	0.01188	0.03131	0.00972	0.01134	0.00756	0.00648	0.00432	0.00216	0.00540	0.00378	0.00432	0.00756
38	0.00874	0.00617	0.00803	0.00941	0.00975	0.00583	0.00615	0.00978	0.01289	0.01719	0.03605	0.64707	0.04311	0.12915	0.01280	0.00341	0.00445	0.01842	0.00615	0.00546
39	0.02188	0.01994	0.02303	0.11752	0.23741	0.13373	0.01660	0.28930	0.02306	0.02972	0.01411	0.01647	0.01082	0.00734	0.00685	0.00207	0.00887	0.00596	0.00485	0.01047
40	0.01736	0.01499	0.01578	0.01420	0.01815	0.01736	0.01105	0.03708	0.69862	0.02919	0.02840	0.02604	0.02130	0.00947	0.00710	0.00237	0.00552	0.00789	0.00710	0.01105
41	0.01310	0.00685	0.00709	0.00697	0.00853	0.00709	0.00529	0.01628	0.01448	0.02565	0.02223	0.02559	0.01754	0.00829	0.00559	0.00168	0.03233	0.00649	0.76238	0.00655
42	0.00850	0.00607	0.00810	0.00972	0.01012	0.00567	0.00648	0.00972	0.01336	0.01781	0.03846	0.75020	0.04615	0.02186	0.00891	0.00283	0.00405	0.01984	0.00648	0.00567
43	0.00988	0.00713	0.00933	0.00878	0.01043	0.00658	0.00658	0.01317	0.01975	0.02798	0.70754	0.05213	0.06584	0.01427	0.00823	0.00219	0.00329	0.01262	0.00768	0.00658
44	0.00905	0.00741	0.00807	0.00819	0.01029	0.00662	0.00614	0.01191	0.05099	0.02034	0.13207	0.14382	0.49636	0.01745	0.00833	0.00243	0.00380	0.04387	0.00664	0.00623
45	0.01537	0.01573	0.02464	0.05239	0.02266	0.02049	0.12657	0.01776	0.01179	0.01776	0.01013	0.01601	0.00940	0.01093	0.01976	0.00290	0.58818	0.00646	0.00313	0.00793
46	0.11396	0.02058	0.01896	0.01538	0.02031	0.13553	0.01240	0.43130	0.10292	0.03649	0.01628	0.01650	0.01196	0.00809	0.00658	0.00208	0.00798	0.00589	0.00614	0.01067
47	0.01665	0.01830	0.03874	0.02796	0.03468	0.01733	0.62117	0.05179	0.01718	0.02325	0.01540	0.02180	0.01216	0.00668	0.00825	0.00239	0.01131	0.04174	0.00383	0.00937
48	0.01866	0.75896	0.03657	0.01194	0.01791	0.02761	0.01194	0.02090	0.01418	0.01642	0.00970	0.01119	0.00896	0.00597	0.00448	0.00149	0.00746	0.00373	0.00299	0.00896
49	0.01450	0.01233	0.01468	0.07130	0.01879	0.01094	0.00950	0.04139	0.10818	0.02371	0.04111	0.05698	0.03639	0.00754	0.00603	0.00153	0.00547	0.00629	0.00485	0.50849
50	0.01930	0.01595	0.01687	0.01459	0.01889	0.01826	0.01152	0.17489	0.55765	0.03232	0.02594	0.02407	0.01930	0.00924	0.00708	0.00231	0.00598	0.00755	0.00708	0.01122
51	0.03055	0.01190	0.01612	0.01232	0.01776	0.01021	0.01017	0.03327	0.01973	0.68501	0.02685	0.02334	0.01696	0.00848	0.00693	0.00211	0.00590	0.00689	0.00844	0.04705
52	0.01583	0.32113	0.44967	0.01676	0.02536	0.02070	0.02032	0.02162	0.01451	0.01986	0.01141	0.01334	0.00889	0.00637	0.00578	0.00193	0.00919	0.00459	0.00296	0.00978
53	0.01014	0.00729	0.01026	0.01026	0.01126	0.00822	0.00762	0.01216	0.01115	0.01610	0.01956	0.03111	0.01910	0.19511	0.55174	0.00986	0.01553	0.00798	0.03972	0.00583
54	0.00861	0.00620	0.00799	0.00937	0.00988	0.00577	0.00622	0.00977	0.01328	0.01755	0.03940	0.64791	0.09029	0.07889	0.01094	0.00311	0.00423	0.01873	0.00630	0.00557
55	0.00850	0.00607	0.00810	0.00972	0.01012	0.00567	0.00648	0.00972	0.01336	0.01781	0.03846	0.75020	0.04615	0.02186	0.00891	0.00283	0.00405	0.01984	0.00648	0.00567
56	0.12958	0.08638	0.01984	0.01627	0.02021	0.55357	0.01256	0.04870	0.01873	0.01984	0.01076	0.01245	0.00889	0.00704	0.00591	0.00183	0.01106	0.00440	0.00376	0.00821
57	0.01432	0.00800	0.00816	0.00768	0.00975	0.00830	0.00588	0.07121	0.05277	0.02763	0.02258	0.02527	0.01759	0.00822	0.00517	0.00170	0.00373	0.00656	0.68829	0.00718
58	0.01727	0.01658	0.02832	0.04283	0.71123	0.01658	0.02142	0.02142	0.01589	0.02280	0.01313	0.01727	0.01105	0.00622	0.00691	0.00207	0.00829	0.00622	0.00345	0.01105
59	0.00825	0.00707	0.00707	0.00707	0.00943	0.00589	0.00530	0.01001	0.01591	0.01885	0.07069	0.06716	0.70839	0.01767	0.00825	0.00236	0.00353	0.01473	0.00648	0.00589
60	0.69818	0.04937	0.07438	0.01025	0.01518	0.01625	0.00938	0.02067	0.01223	0.02981	0.00997	0.01163	0.00773	0.00647	0.00453	0.00213	0.00593	0.00390	0.00414	0.00787
61	0.02071	0.01713	0.01714	0.01475	0.01908	0.07356	0.01162	0.16427	0.47200	0.07383	0.02467	0.02301	0.01823	0.00902	0.00701	0.00226	0.00653	0.00725	0.00690	0.01103
62	0.02494	0.01876	0.02005	0.01574	0.02104	0.02090	0.01288	0.57536	0.14799	0.04142	0.01877	0.01836	0.01350	0.00857	0.00700	0.00214	0.00731	0.00656	0.00700	0.01173
63	0.01442	0.01261	0.01519	0.01134	0.01661	0.01075	0.00912	0.01728	0.01396	0.02186	0.01264	0.03292	0.01108	0.00648	0.00752	0.00134	0.09918	0.00478	0.00405	0.67687
64	0.01142	0.00937	0.01035	0.00971	0.01228	0.00942	0.00739	0.01888	0.21346	0.02496	0.27701	0.05018	0.29047	0.01415	0.00791	0.00230	0.00402	0.01204	0.00707	0.00761
65	0.01300	0.01087	0.04381	0.01363	0.07076	0.00998	0.00989	0.01902	0.15216	0.06693	0.10604	0.22093	0.15478	0.01486	0.00803	0.00249	0.00511	0.06328	0.00645	0.00798
66	0.01207	0.00664	0.00678	0.00678	0.00852	0.00648	0.00510	0.01504	0.01473	0.02441	0.03091	0.03319	0.13742	0.01145	0.03263	0.00211	0.00388	0.00796	0.62752	0.00639
67	0.02531	0.02820	0.02050	0.04569	0.05351	0.48658	0.01400	0.19716	0.02274	0.02429	0.01249	0.01409	0.00983	0.00744	0.00652	0.00191	0.01101	0.00510	0.00444	0.00918
68	0.04053	0.37830	0.05260	0.05065	0.10897	0.14076	0.01434	0.07010	0.01647	0.02000	0.01102	0.01325	0.00942	0.00674	0.00628	0.00181	0.04146	0.00463	0.00348	0.00918
69	0.02563	0.03255	0.01954	0.01779	0.02132	0.70709	0.01335	0.02744	0.01954	0.01705	0.01100	0.01299	0.00922	0.00843	0.02602	0.00206	0.01275	0.00458	0.00360	0.00804
70	0.00850	0.00607	0.00810	0.00972	0.01012	0.00567	0.00648	0.00972	0.01336	0.01781	0.03846	0.75020	0.04615	0.02186	0.00891	0.00283	0.00405	0.01984	0.00648	0.00567
71	0.02653	0.01955	0.02094	0.01606	0.02164	0.02164	0.01326	0.68796	0.03281	0.04398	0.01675	0.01675	0.01187	0.00838	0.00698	0.00209	0.00768	0.00628	0.00698	0.01187
72	0.02511	0.01071	0.01434	0.01150	0.01584	0.00950	0.00930	0.02852	0.04211	0.50917	0.20983	0.03143	0.03042	0.01017	0.00735	0.00218	0.00522	0.00855	0.00833	0.01043
73	0.01061	0.00729	0.00922	0.00875	0.01062	0.00659	0.00655	0.01347	0.01867	0.06098	0.51949	0.10366	0.16769	0.01509	0.00822	0.00227	0.00352	0.01320	0.00745	0.00667
74	0.01318	0.01240	0.02093	0.73798	0.04806	0.01550	0.01938	0.01783	0.01395	0.01783	0.01240	0.01860	0.00930	0.00698	0.00698	0.00233	0.00930	0.00620	0.00310	0.00775
75	0.00861	0.00616	0.00803	0.00947	0.00992	0.00575	0.00628	0.00976	0.01321	0.01754	0.03836	0.67608	0.06709	0.07475	0.01081	0.00310	0.00423	0.01896	0.00632	0.00557
76	0.01400	0.03610	0.71860	0.01989	0.03020	0.01621	0.02578	0.02210	0.01473	0.02210	0.01252	0.01473	0.00884	0.00663	0.00663	0.00221	0.01031	0.00516	0.00295	0.01031
77	0.01736	0.01499	0.01578	0.01420	0.01815	0.01736	0.01105	0.03708	0.69862	0.02919	0.02840	0.02604	0.02130	0.00947	0.00710	0.00237	0.00552	0.00789	0.00710	0.01105
78	0.01771	0.01516	0.01598	0.01427	0.01828	0.01752	0.01113	0.06197	0.67316	0.02976	0.02796	0.02568	0.02094	0.00943	0.00710	0.00236	0.00561	0.00783	0.00710	0.01108
79	0.01680	0.01823	0.08607	0.06337	0.57642	0.01660	0.07704	0.02143	0.01578	0.02254	0.01313	0.01724	0.01077	0.00625	0.00700	0.00212	0.00878	0.00630	0.00341	0.01074
80	0.01113	0.00800	0.01109	0.01263	0.01427	0.00795	0.01102	0.01429	0.01606	0.02081	0.03824	0.07827	0.06572	0.01922	0.00959	0.00318	0.00632	0.63942	0.00643	0.00641
81	0.00854	0.00617	0.00801	0.00945	0.00999	0.00572	0.00632	0.00975	0.01344	0.01774	0.04023	0.67698	0.09330	0.04639	0.00976	0.00293	0.00410	0.01914	0.00640	0.00564
82	0.00850	0.00607	0.00810	0.00972	0.01012	0.00567	0.00648	0.00972	0.01336	0.01781	0.03846	0.75020	0.04615	0.02186	0.00891	0.00283	0.00405	0.01984	0.00648	0.00567
83	0.07153	0.09153	0.61350	0.01849	0.02802	0.01707	0.02337	0.02189	0.01448	0.02232	0.01210	0.01421	0.00876	0.00657	0.00629	0.00215	0.00973	0.00494	0.00305	0.01001
84	0.01480	0.01260	0.01465	0.01049	0.01668	0.00964	0.00841	0.03617	0.01498	0.02333	0.01252	0.01453	0.01038	0.00526	0.00522	0.00106	0.00524	0.00419	0.00421	0.77563
85	0.00850	0.00607	0.00810	0.00972	0.01012	0.00567	0.00648	0.00972	0.01336	0.01781	0.03846	0.75020	0.04615	0.02186	0.00891	0.00283	0.00405	0.01984	0.00648	0.00567
86	0.02069	0.02328	0.02425	0.05905	0.37535	0.31096	0.01784	0.02379	0.01724	0.02002	0.01199	0.01531	0.01006	0.00686	0.00721	0.00200	0.03554	0.00550	0.00348	0.00958
87	0.01397	0.01554	0.08365	0.23593	0.13641	0.01440	0.19976	0.01835	0.01474	0.01998	0.01721	0.13696	0.01596	0.00953	0.00828	0.02929	0.00894	0.00888	0.00380	0.00842
88	0.00850	0.00607	0.00810	0.00972	0.01012	0.00567	0.00648	0.00972	0.01336	0.01781	0.03846	0.75020	0.04615	0.02186	0.00891	0.00283	0.00405	0.01984	0.00648	0.00567
89	0.01724	0.01668	0.02890	0.04223	0.68097	0.01663	0.05121	0.02146	0.01592	0.02278	0.01317	0.01734	0.01103	0.00620	0.00697	0.00209	0.00845	0.00631	0.00346	0.01098
90	0.01595	0.01996	0.11703	0.05663	0.12408	0.01694	0.47783	0.02169	0.01601	0.02209	0.01439	0.03766	0.01135	0.00648	0.00784	0.00231	0.01084	0.00784	0.00351	0.00957
91	0.03048	0.01169	0.01593	0.01228	0.01753	0.01012	0.01012	0.03321	0.01996	0.68958	0.05370	0.02484	0.01914	0.00885	0.00706	0.00216	0.00584	0.00723	0.00860	0.01167
92	0.01866	0.75896	0.03657	0.01194	0.01791	0.02761	0.01194	0.02090	0.01418	0.01642	0.00970	0.01119	0.00896	0.00597	0.00448	0.00149	0.00746	0.00373	0.00299	0.00896
93	0.06599	0.01264	0.01635	0.01259	0.01796	0.01152	0.01040	0.09200	0.02076	0.62472	0.02576	0.02256	0.01635	0.00852	0.00689	0.00215	0.00607	0.00680	0.00829	0.01168
94	0.01379	0.01427	0.04773	0.56655	0.04364	0.01626	0.10435	0.01847	0.01405	0.01847	0.01237	0.01824	0.00944	0.00723	0.00837	0.00238	0.06677	0.00642	0.00315	0.00804
95	0.00854	0.00616	0.00809	0.00955	0.01010	0.00571	0.00642	0.00986	0.01373	0.01824	0.06489	0.68937	0.08080	0.02137	0.00885	0.00279	0.00399	0.01931	0.00652	0.00571
96	0.02572	0.03260	0.02011	0.01896	0.04896	0.69854	0.01380	0.02761	0.01962	0.01731	0.01088	0.01277	0.00907	0.00715	0.00632	0.00181	0.01241	0.00456	0.00359	0.00821
97	0.01099	0.00805	0.01080	0.01215	0.01381	0.00801	0.01033	0.01455	0.04210	0.02077	0.03964	0.13146	0.09732	0.01898	0.00936	0.00308	0.00595	0.52969	0.00646	0.00649
98	0.01736	0.01499	0.01578	0.01420	0.01815	0.01736	0.01105	0.03708	0.69862	0.02919	0.02840	0.02604	0.02130	0.00947	0.00710	0.00237	0.00552	0.00789	0.00710	0.01105
99	0.01690	0.01947	0.04022	0.02890	0.03580	0.04944	0.65573	0.02260	0.01662	0.02212	0.01397	0.01854	0.01052	0.00594	0.00815	0.00233	0.01180	0.00807	0.00353	0.00935
100	0.80405	0.01350	0.01026	0.00918	0.01350	0.01565	0.00756	0.02051	0.01188	0.03131	0.00972	0.01134	0.00756	0.00648	0.00432	0.00216	0.00540	0.00378	0.00432	0.00756
101	0.01193	0.00838	0.01050	0.00966	0.01179	0.00815	0.00734	0.01729	0.10641	0.06337	0.58604	0.04734	0.05767	0.01337	0.00802	0.00221	0.00371	0.01173	0.00766	0.00742
102	0.00850	0.00607	0.00810	0.00972	0.01012	0.00567	0.00648	0.00972	0.01336	0.01781	0.03846	0.75020	0.04615	0.02186	0.00891	0.00283	0.00405	0.01984	0.00648	0.00567
103	0.14160	0.03245	0.60420	0.01816	0.02750	0.01612	0.02284	0.02184	0.01427	0.02359	0.01207	0.01418	0.00863	0.00661	0.00626	0.00220	0.00952	0.00493	0.00317	0.00987
104	0.80405	0.01350	0.01026	0.00918	0.01350	0.01565	0.00756	0.02051	0.01188	0.03131	0.00972	0.01134	0.00756	0.00648	0.00432	0.00216	0.00540	0.00378	0.00432	0.00756
105	0.00941	0.00711	0.00867	0.00828	0.01014	0.00638	0.00621	0.01226	0.01864	0.02534	0.52322	0.05648	0.25182	0.01525	0.00824	0.00224	0.00336	0.01323	0.00733	0.00638
106	0.00990	0.00710	0.00918	0.00868	0.01018	0.00660	0.00638	0.01291	0.01893	0.02674	0.64846	0.05157	0.06236	0.07809	0.01058	0.00259	0.00359	0.01241	0.00738	0.00638
107	0.74817	0.01368	0.01087	0.00955	0.01396	0.01571	0.00787	0.04723	0.01296	0.05420	0.01058	0.01196	0.00804	0.00662	0.00451	0.00216	0.00551	0.00398	0.00456	0.00787
108	0.01412	0.05524	0.70053	0.01968	0.02988	0.01651	0.02542	0.02207	0.01472	0.02195	0.01245	0.01464	0.00884	0.00661	0.00657	0.00219	0.01024	0.00512	0.00295	0.01028
109	0.01400	0.03610	0.71860	0.01989	0.03020	0.01621	0.02578	0.02210	0.01473	0.02210	0.01252	0.01473	0.00884	0.00663	0.00663	0.00221	0.01031	0.00516	0.00295	0.01031
110	0.00856	0.00610	0.00808	0.00964	0.01003	0.00571	0.00640	0.00973	0.01325	0.01766	0.03788	0.72539	0.04542	0.04767	0.00984	0.00297	0.00414	0.01950	0.00640	0.00562
111	0.76944	0.01342	0.01052	0.00932	0.01369	0.01541	0.00768	0.02112	0.01224	0.06197	0.01051	0.01189	0.00799	0.00657	0.00444	0.00216	0.00542	0.00392	0.00451	0.00775
112	0.00967	0.00712	0.00904	0.00856	0.01030	0.00650	0.00642	0.01277	0.01926	0.02682	0.62626	0.05404	0.14785	0.01470	0.00823	0.00222	0.00332	0.01289	0.00753	0.00650
113	0.00850	0.00607	0.00810	0.00972	0.01012	0.00567	0.00648	0.00972	0.01336	0.01781	0.03846	0.75020	0.04615	0.02186	0.00891	0.00283	0.00405	0.01984	0.00648	0.00567
114	0.01447	0.01240	0.01447	0.01034	0.01654	0.00930	0.00827	0.01757	0.01447	0.02274	0.01240	0.01447	0.01034	0.00517	0.00517	0.00103	0.00517	0.00413	0.00413	0.79742
115	0.77336	0.01343	0.01049	0.00931	0.01367	0.01544	0.00766	0.02105	0.01220	0.05851	0.01042	0.01183	0.00794	0.00656	0.00443	0.00216	0.00542	0.00391	0.00449	0.00773
116	0.01124	0.00803	0.01124	0.01285	0.01446	0.00803	0.01124	0.01446	0.01606	0.02088	0.03695	0.07871	0.04016	0.01928	0.00964	0.00321	0.00643	0.66426	0.00643	0.00643
117	0.01866	0.75896	0.03657	0.01194	0.01791	0.02761	0.01194	0.02090	0.01418	0.01642	0.00970	0.01119	0.00896	0.00597	0.00448	0.00149	0.00746	0.00373	0.00299	0.00896
118	0.02498	0.01869	0.02009	0.01551	0.02101	0.02043	0.01274	0.59164	0.08039	0.04136	0.01729	0.01727	0.01245	0.00822	0.00686	0.00204	0.00734	0.00625	0.00678	0.06864
119	0.00842	0.00711	0.00730	0.00735	0.00965	0.00600	0.00557	0.01029	0.01605	0.01924	0.09150	0.06707	0.66098	0.01762	0.00830	0.00238	0.00363	0.03909	0.00652	0.00594
120	0.00996	0.00669	0.00767	0.00785	0.00790	0.00664	0.00449	0.01010	0.01052	0.01402	0.02389	0.12694	0.02777	0.67021	0.03245	0.00631	0.00645	0.01127	0.00449	0.00439
121	0.02344	0.01744	0.01886	0.01509	0.01987	0.01923	0.01221	0.54550	0.08750	0.03937	0.02052	0.11116	0.01705	0.01019	0.00724	0.00221	0.00703	0.00815	0.00693	0.01101
122	0.01820	0.01038	0.01302	0.01147	0.01467	0.01005	0.00919	0.10717	0.04646	0.21651	0.23353	0.09890	0.06757	0.01321	0.00794	0.00237	0.00516	0.09792	0.00751	0.00877
123	0.00949	0.00672	0.00852	0.00961	0.01015	0.00648	0.00637	0.03649	0.01359	0.01812	0.03484	0.60285	0.04131	0.14458	0.01331	0.00347	0.00465	0.01767	0.00612	0.00567
124	0.02554	0.01747	0.16939	0.01524	0.02168	0.01198	0.06751	0.02968	0.01855	0.48359	0.05023	0.02254	0.01685	0.00821	0.00708	0.00219	0.00724	0.00694	0.00696	0.01113
125	0.00849	0.00611	0.00806	0.00962	0.01010	0.00568	0.00643	0.00973	0.01345	0.01785	0.03966	0.72490	0.07068	0.02171	0.00888	0.00282	0.00403	0.01965	0.00648	0.00568
126	0.06971	0.03209	0.60944	0.01821	0.02737	0.01537	0.02290	0.02125	0.01495	0.02324	0.07005	0.01760	0.01348	0.00725	0.00660	0.00221	0.00938	0.00568	0.00344	0.00981
127	0.01506	0.01421	0.02200	0.58187	0.10219	0.04244	0.03441	0.06769	0.01578	0.02025	0.01276	0.01814	0.00966	0.00700	0.00698	0.00227	0.00927	0.00619	0.00344	0.00839
128	0.00879	0.00623	0.00817	0.00950	0.00989	0.00595	0.00627	0.00990	0.01283	0.01716	0.03535	0.62243	0.04205	0.12243	0.04471	0.00374	0.00507	0.01797	0.00605	0.00550
129	0.01035	0.00718	0.00941	0.00896	0.01060	0.00661	0.00668	0.01346	0.01923	0.04608	0.63326	0.10932	0.06287	0.01474	0.00825	0.00225	0.00343	0.01307	0.00761	0.00665
130	0.73717	0.01340	0.01116	0.07080	0.01642	0.01564	0.00856	0.02029	0.01205	0.03017	0.00994	0.01195	0.00770	0.00652	0.00454	0.00217	0.00573	0.00398	0.00422	0.00757
131	0.01031	0.00712	0.00819	0.00830	0.00859	0.00723	0.00497	0.01154	0.04582	0.01493	0.02422	0.12961	0.02746	0.60821	0.05002	0.00619	0.00670	0.01113	0.00463	0.00481
132	0.01008	0.00704	0.00840	0.00890	0.00942	0.00691	0.00567	0.04030	0.01280	0.01699	0.03086	0.35769	0.05928	0.36893	0.02143	0.00465	0.00548	0.01444	0.00543	0.00527
133	0.40658	0.01547	0.09040	0.18899	0.02398	0.01530	0.01269	0.04550	0.04086	0.02646	0.03090	0.01583	0.01063	0.00782	0.00657	0.03785	0.00695	0.00512	0.00412	0.00798
134	0.01944	0.05193	0.02090	0.04512	0.05309	0.36102	0.10224	0.02264	0.04006	0.01891	0.02420	0.02683	0.14370	0.00939	0.00704	0.00206	0.00980	0.02929	0.00430	0.00805

[dist]
# distance from previous block
# <min> <max>
0	5

[block]
# block no. 1 follows, 30 sequences, length 67
# corresponding to MSA columns:
# 207-273
name=unknown_B
#
# <colnr> <probs for GDERKNQSTAVLIFYWHMCP>
#	G	D	E	R	K	N	Q	S	T	A	V	L	I	F	Y	W	H	M	C	P
0	0.05636	0.02621	0.02112	0.05514	0.17505	0.43977	0.01510	0.04986	0.05893	0.02067	0.01259	0.01478	0.01023	0.00711	0.00645	0.00194	0.01058	0.00519	0.00390	0.00902
1	0.01940	0.09485	0.02237	0.01840	0.07503	0.07607	0.01412	0.19419	0.06008	0.02514	0.01407	0.04733	0.01231	0.00993	0.01268	0.00241	0.28126	0.00649	0.00454	0.00931
2	0.01652	0.01906	0.07890	0.13291	0.23646	0.07921	0.24473	0.02131	0.01579	0.02098	0.01344	0.01799	0.01068	0.00906	0.04988	0.00273	0.01075	0.00674	0.00342	0.00942
3	0.13632	0.01766	0.05229	0.06425	0.45667	0.04940	0.08084	0.02154	0.01539	0.02354	0.01254	0.01626	0.01023	0.00632	0.00660	0.00212	0.00850	0.00592	0.00356	0.01007
4	0.01695	0.39551	0.22082	0.01784	0.10303	0.02177	0.01665	0.02214	0.05636	0.01978	0.01214	0.01393	0.00998	0.00636	0.00555	0.00179	0.00813	0.00469	0.00333	0.04326
5	0.01782	0.01609	0.02390	0.03248	0.47164	0.03614	0.01753	0.06338	0.08453	0.04441	0.04149	0.02048	0.03186	0.00728	0.00688	0.00204	0.00753	0.00667	0.00446	0.06341
6	0.01013	0.00683	0.00793	0.00793	0.00804	0.00694	0.00462	0.01035	0.01024	0.01376	0.02170	0.04406	0.02467	0.69313	0.09620	0.00716	0.00781	0.00991	0.00419	0.00440
7	0.01890	0.73478	0.03601	0.01214	0.01803	0.05090	0.01199	0.02113	0.01437	0.01644	0.00974	0.01124	0.00896	0.00601	0.00454	0.00150	0.00763	0.00376	0.00301	0.00893
8	0.00908	0.00708	0.00827	0.00820	0.01011	0.00626	0.00617	0.01152	0.01738	0.02273	0.33599	0.10378	0.36745	0.01656	0.00834	0.00235	0.00359	0.04198	0.00698	0.00619
9	0.00863	0.00708	0.00760	0.00747	0.00966	0.00605	0.00560	0.01076	0.01681	0.02100	0.22065	0.06362	0.55709	0.01687	0.00824	0.00232	0.00348	0.01423	0.00676	0.00605
10	0.00869	0.00709	0.00768	0.00754	0.00970	0.00608	0.00565	0.01087	0.01695	0.02134	0.24420	0.06306	0.53333	0.01674	0.00824	0.00231	0.00347	0.01415	0.00681	0.00608
11	0.00997	0.00748	0.01121	0.01121	0.01246	0.00872	0.00872	0.01246	0.01121	0.01620	0.01869	0.02741	0.01745	0.05234	0.72710	0.01121	0.01869	0.00748	0.00374	0.00623
12	0.01866	0.75896	0.03657	0.01194	0.01791	0.02761	0.01194	0.02090	0.01418	0.01642	0.00970	0.01119	0.00896	0.00597	0.00448	0.00149	0.00746	0.00373	0.00299	0.00896
13	0.80405	0.01350	0.01026	0.00918	0.01350	0.01565	0.00756	0.02051	0.01188	0.03131	0.00972	0.01134	0.00756	0.00648	0.00432	0.00216	0.00540	0.00378	0.00432	0.00756
14	0.00899	0.00716	0.00815	0.00846	0.01045	0.00632	0.00655	0.01116	0.01627	0.02037	0.15093	0.11831	0.45904	0.01778	0.00852	0.00251	0.00402	0.12229	0.00664	0.00606
15	0.02587	0.02044	0.02017	0.01583	0.02103	0.09724	0.01291	0.58639	0.03058	0.04026	0.01638	0.01672	0.01183	0.00824	0.00681	0.00204	0.00801	0.00610	0.04192	0.01122
16	0.02037	0.01586	0.01705	0.01443	0.01895	0.01775	0.01146	0.19842	0.47075	0.07329	0.02494	0.02322	0.01836	0.00901	0.00700	0.00224	0.00607	0.00732	0.00707	0.03643
17	0.01436	0.09197	0.66588	0.01928	0.02925	0.01709	0.02471	0.02201	0.01469	0.02166	0.01230	0.01446	0.00885	0.00658	0.00646	0.00215	0.01009	0.00505	0.00295	0.01021
18	0.01502	0.03466	0.67706	0.01945	0.02947	0.01585	0.02486	0.02280	0.01504	0.06314	0.01341	0.01527	0.00934	0.00675	0.00665	0.00221	0.01005	0.00527	0.00328	0.01041
19	0.01682	0.01437	0.01538	0.01408	0.01782	0.01653	0.01106	0.03508	0.63815	0.02846	0.02916	0.03070	0.02297	0.01034	0.00733	0.00244	0.00560	0.06604	0.00704	0.01064
20	0.00842	0.00639	0.00777	0.00886	0.00990	0.00574	0.00610	0.00981	0.01418	0.01815	0.04885	0.53009	0.25956	0.02051	0.00869	0.00268	0.00388	0.01819	0.00648	0.00574
21	0.01318	0.01240	0.02093	0.73798	0.04806	0.01550	0.01938	0.01783	0.01395	0.01783	0.01240	0.01860	0.00930	0.00698	0.00698	0.00233	0.00930	0.00620	0.00310	0.00775
22	0.01060	0.00772	0.01041	0.01176	0.01335	0.00752	0.00997	0.01347	0.01592	0.02059	0.06164	0.13458	0.12219	0.01915	0.00936	0.00305	0.00578	0.51014	0.00648	0.00630
23	0.00841	0.00712	0.00730	0.00739	0.00970	0.00601	0.00563	0.01026	0.01591	0.01896	0.06884	0.06779	0.67177	0.01776	0.00832	0.00240	0.00369	0.05032	0.00648	0.00592
24	0.68918	0.01439	0.01184	0.01019	0.01470	0.01654	0.00840	0.11912	0.01497	0.03318	0.01076	0.01214	0.00819	0.00676	0.00471	0.00215	0.00574	0.00415	0.00471	0.00819
25	0.12095	0.01084	0.01373	0.01134	0.01557	0.00995	0.00908	0.02712	0.01796	0.47505	0.07787	0.13425	0.02409	0.01079	0.00706	0.00226	0.00539	0.00898	0.00771	0.01001
26	0.05394	0.01586	0.01740	0.01417	0.01907	0.01716	0.01143	0.26449	0.28392	0.15938	0.02272	0.02127	0.01623	0.00863	0.00685	0.00217	0.00634	0.00684	0.00710	0.04503
27	0.11234	0.01888	0.01976	0.01530	0.02074	0.02098	0.01263	0.61429	0.03050	0.04258	0.01598	0.01616	0.01139	0.00817	0.00669	0.00210	0.00743	0.00601	0.00669	0.01139
28	0.01764	0.01658	0.02757	0.07104	0.64203	0.01683	0.02085	0.06068	0.01681	0.02384	0.01331	0.01730	0.01103	0.00638	0.00692	0.00208	0.00830	0.00622	0.00365	0.01096
29	0.02509	0.01273	0.01563	0.01264	0.01731	0.01245	0.01022	0.09967	0.16504	0.41379	0.08352	0.02775	0.05252	0.00965	0.00718	0.00221	0.00571	0.00793	0.00797	0.01100
30	0.01318	0.01240	0.02093	0.73798	0.04806	0.01550	0.01938	0.01783	0.01395	0.01783	0.01240	0.01860	0.00930	0.00698	0.00698	0.00233	0.00930	0.00620	0.00310	0.00775
31	0.00850	0.00607	0.00810	0.00972	0.01012	0.00567	0.00648	0.00972	0.01336	0.01781	0.03846	0.75020	0.04615	0.02186	0.00891	0.00283	0.00405	0.01984	0.00648	0.00567
32	0.00997	0.00748	0.01121	0.01121	0.01246	0.00872	0.00872	0.01246	0.01121	0.01620	0.01869	0.02741	0.01745	0.05234	0.72710	0.01121	0.01869	0.00748	0.00374	0.00623
33	0.00951	0.00646	0.00859	0.00964	0.01043	0.00598	0.00662	0.01114	0.01471	0.04311	0.15636	0.60236	0.04866	0.02007	0.00872	0.00270	0.00398	0.01813	0.00676	0.00604
34	0.01692	0.01623	0.02770	0.10178	0.65499	0.01649	0.02124	0.02111	0.01573	0.02238	0.01306	0.01738	0.01091	0.00628	0.00691	0.00209	0.00838	0.00622	0.00342	0.01077
35	0.00998	0.00743	0.01099	0.01099	0.01216	0.00860	0.00845	0.01232	0.01115	0.01604	0.01889	0.02853	0.01793	0.09525	0.68486	0.01094	0.01796	0.00764	0.00377	0.00611
36	0.00860	0.00622	0.00817	0.00969	0.01026	0.00578	0.00661	0.00994	0.01363	0.01801	0.04034	0.68040	0.08587	0.02150	0.00890	0.00282	0.00412	0.04695	0.00648	0.00571
37	0.01318	0.01240	0.02093	0.73798	0.04806	0.01550	0.01938	0.01783	0.01395	0.01783	0.01240	0.01860	0.00930	0.00698	0.00698	0.00233	0.00930	0.00620	0.00310	0.00775
38	0.02436	0.05127	0.02081	0.01815	0.06317	0.32820	0.01354	0.25602	0.10702	0.02817	0.01511	0.01591	0.01162	0.00778	0.00660	0.00198	0.00958	0.00561	0.00516	0.00997
39	0.00994	0.00685	0.00877	0.00958	0.01075	0.00633	0.00692	0.01174	0.01499	0.04689	0.12799	0.42041	0.14316	0.05308	0.00996	0.00288	0.00435	0.09273	0.00661	0.00609
40	0.03131	0.01188	0.01619	0.01242	0.01781	0.01026	0.01026	0.03401	0.01997	0.71606	0.02753	0.02375	0.01727	0.00864	0.00702	0.00216	0.00594	0.00702	0.00864	0.01188
41	0.01423	0.07172	0.68499	0.01950	0.02960	0.01677	0.02510	0.02204	0.01471	0.02182	0.01238	0.01456	0.00885	0.00660	0.00652	0.00217	0.01017	0.00509	0.00295	0.01025
42	0.01710	0.01640	0.02801	0.07262	0.68281	0.01653	0.02133	0.02126	0.01581	0.02259	0.01310	0.01733	0.01098	0.00625	0.00691	0.00208	0.00833	0.00622	0.00344	0.01091
43	0.01736	0.01499	0.01578	0.01420	0.01815	0.01736	0.01105	0.03708	0.69862	0.02919	0.02840	0.02604	0.02130	0.00947	0.00710	0.00237	0.00552	0.00789	0.00710	0.01105
44	0.01837	0.71401	0.07898	0.01243	0.01867	0.02690	0.01280	0.02097	0.01421	0.01677	0.00988	0.01141	0.00895	0.00601	0.00461	0.00154	0.00764	0.00382	0.00298	0.00904
45	0.00877	0.00631	0.00808	0.00931	0.00991	0.00589	0.00625	0.01001	0.01349	0.01784	0.06114	0.57890	0.09881	0.10067	0.01173	0.00321	0.00433	0.03348	0.00627	0.00558
46	0.80405	0.01350	0.01026	0.00918	0.01350	0.01565	0.00756	0.02051	0.01188	0.03131	0.00972	0.01134	0.00756	0.00648	0.00432	0.00216	0.00540	0.00378	0.00432	0.00756
47	0.01318	0.01240	0.02093	0.73798	0.04806	0.01550	0.01938	0.01783	0.01395	0.01783	0.01240	0.01860	0.00930	0.00698	0.00698	0.00233	0.00930	0.00620	0.00310	0.00775
48	0.00874	0.00625	0.00834	0.00980	0.01036	0.00585	0.00672	0.01020	0.01395	0.01869	0.08614	0.66728	0.04726	0.02119	0.00889	0.00281	0.00411	0.05108	0.00656	0.00577
49	0.02794	0.01227	0.01586	0.01260	0.01759	0.01142	0.01026	0.03378	0.14431	0.56407	0.05352	0.02525	0.01986	0.00900	0.00708	0.00220	0.00576	0.00739	0.00832	0.01152
50	0.39143	0.01532	0.01497	0.01218	0.01707	0.01688	0.01002	0.24475	0.05090	0.14121	0.01564	0.01571	0.01111	0.00758	0.00574	0.00215	0.00624	0.00529	0.00599	0.00981
51	0.01447	0.01240	0.01447	0.01034	0.01654	0.00930	0.00827	0.01757	0.01447	0.02274	0.01240	0.01447	0.01034	0.00517	0.00517	0.00103	0.00517	0.00413	0.00413	0.79742
52	0.02653	0.01955	0.02094	0.01606	0.02164	0.02164	0.01326	0.68796	0.03281	0.04398	0.01675	0.01675	0.01187	0.00838	0.00698	0.00209	0.00768	0.00628	0.00698	0.01187
53	0.00865	0.00655	0.00799	0.00877	0.00996	0.00589	0.00614	0.01038	0.01519	0.01982	0.15938	0.42935	0.24797	0.01934	0.00860	0.00258	0.00377	0.01711	0.00668	0.00589
54	0.00905	0.00646	0.00871	0.01027	0.01093	0.00613	0.00736	0.01069	0.01404	0.01867	0.05747	0.60628	0.04562	0.02117	0.00902	0.00289	0.00447	0.13844	0.00650	0.00583
55	0.01388	0.01284	0.02117	0.68485	0.06812	0.01580	0.01918	0.04665	0.01482	0.01911	0.01261	0.01848	0.00947	0.00701	0.00697	0.00231	0.00920	0.00621	0.00328	0.00803
56	0.00874	0.00622	0.00798	0.00930	0.00972	0.00584	0.00609	0.00979	0.01297	0.01721	0.03719	0.61768	0.06816	0.13257	0.01291	0.00341	0.00444	0.01818	0.00614	0.00546
57	0.01165	0.00756	0.00972	0.00893	0.01099	0.00685	0.00679	0.01473	0.01938	0.08923	0.58115	0.05109	0.12698	0.01410	0.00812	0.00221	0.00356	0.01233	0.00765	0.00699
58	0.01862	0.63911	0.10679	0.01314	0.01942	0.06913	0.01348	0.02145	0.01458	0.01705	0.01006	0.01165	0.00895	0.00611	0.00481	0.00159	0.00807	0.00393	0.00302	0.00904
59	0.01419	0.06686	0.68958	0.01955	0.02968	0.01669	0.02519	0.02205	0.01471	0.02186	0.01240	0.01458	0.00884	0.00660	0.00654	0.00218	0.01019	0.00510	0.00295	0.01026
60	0.03041	0.01331	0.01708	0.01310	0.01853	0.01239	0.01082	0.15636	0.02237	0.59031	0.02551	0.02244	0.01626	0.00859	0.00701	0.00215	0.00626	0.00688	0.00833	0.01187
61	0.01068	0.00768	0.01040	0.01174	0.01318	0.00755	0.00983	0.01342	0.01556	0.02027	0.06220	0.14037	0.08028	0.06418	0.01102	0.00331	0.00593	0.49986	0.00634	0.00619
62	0.05958	0.02166	0.01840	0.01619	0.04077	0.23744	0.01235	0.28013	0.12155	0.03009	0.01973	0.04321	0.05037	0.00895	0.00679	0.00208	0.00846	0.00673	0.00567	0.00983
63	0.05812	0.00787	0.00856	0.00883	0.01078	0.00740	0.00649	0.05077	0.01576	0.02079	0.05144	0.30248	0.37165	0.01796	0.00820	0.00252	0.00416	0.03355	0.00638	0.00628
64	0.12431	0.01882	0.01907	0.01508	0.02028	0.04421	0.01234	0.52111	0.09105	0.04010	0.01673	0.01678	0.01209	0.00820	0.00663	0.00212	0.00736	0.00605	0.00654	0.01112
65	0.46857	0.01598	0.01425	0.04444	0.01781	0.05226	0.01006	0.17688	0.08858	0.03271	0.01346	0.01450	0.01013	0.00729	0.00544	0.00216	0.00647	0.00493	0.00513	0.00895
66	0.06723	0.01879	0.02000	0.25558	0.04719	0.14030	0.01497	0.26549	0.02182	0.02843	0.01358	0.01624	0.01018	0.00740	0.00662	0.00208	0.00883	0.00570	0.00474	0.04484

[dist]
# distance from previous block
# <min> <max>
0	1

[block]
# block no. 2 follows, 30 sequences, length 24
# corresponding to MSA columns:
# 275-298
name=unknown_C
#
# <colnr> <probs for GDERKNQSTAVLIFYWHMCP>
#	G	D	E	R	K	N	Q	S	T	A	V	L	I	F	Y	W	H	M	C	P
0	0.05507	0.01784	0.01740	0.01410	0.01870	0.10032	0.01119	0.36406	0.04837	0.03276	0.01782	0.08795	0.01531	0.03982	0.00788	0.00218	0.00732	0.00716	0.00588	0.12887
1	0.04844	0.01706	0.01740	0.05917	0.01986	0.18189	0.04909	0.02067	0.07815	0.01987	0.01632	0.08293	0.01495	0.01553	0.11401	0.00344	0.10313	0.00705	0.00421	0.12684
2	0.01012	0.00716	0.00890	0.03489	0.01091	0.00716	0.00628	0.03911	0.01287	0.01714	0.02972	0.39839	0.03470	0.32725	0.01989	0.00443	0.00553	0.01472	0.00544	0.00540
3	0.06365	0.12053	0.02113	0.01631	0.02041	0.49066	0.01276	0.07408	0.07974	0.02069	0.01258	0.01383	0.01021	0.00729	0.00609	0.00185	0.01061	0.00479	0.00411	0.00870
4	0.75119	0.01307	0.01019	0.00915	0.01329	0.01505	0.00749	0.02002	0.01240	0.03109	0.05616	0.01405	0.01144	0.00700	0.00458	0.00216	0.00526	0.00437	0.00454	0.00749
5	0.01673	0.01701	0.02259	0.14086	0.26919	0.12523	0.06622	0.02133	0.05436	0.02105	0.01879	0.02656	0.04411	0.00862	0.00724	0.00221	0.00867	0.08346	0.00413	0.04164
6	0.01488	0.01112	0.01353	0.05363	0.01755	0.01199	0.01103	0.02434	0.27892	0.07376	0.03393	0.06795	0.07505	0.01400	0.00821	0.00269	0.00595	0.26619	0.00666	0.00862
7	0.02653	0.01955	0.02094	0.01606	0.02164	0.02164	0.01326	0.68796	0.03281	0.04398	0.01675	0.01675	0.01187	0.00838	0.00698	0.00209	0.00768	0.00628	0.00698	0.01187
8	0.05704	0.01554	0.01766	0.01376	0.01902	0.01598	0.01126	0.32472	0.08315	0.24136	0.04361	0.02042	0.01581	0.00838	0.00677	0.00205	0.00650	0.00656	0.00714	0.08329
9	0.01673	0.12706	0.49404	0.06570	0.02821	0.01692	0.02158	0.02315	0.01526	0.10795	0.01402	0.01565	0.00994	0.00682	0.00642	0.00212	0.00932	0.00527	0.00367	0.01016
10	0.00926	0.00759	0.00830	0.00842	0.01068	0.00681	0.00657	0.01222	0.04860	0.02039	0.11560	0.06572	0.52264	0.01725	0.00840	0.00247	0.00404	0.11215	0.00660	0.00627
11	0.01212	0.00606	0.00909	0.00909	0.00909	0.00606	0.00606	0.00909	0.00909	0.01212	0.01212	0.02121	0.01212	0.02424	0.02727	0.79697	0.00606	0.00606	0.00303	0.00303
12	0.01884	0.68168	0.07003	0.01268	0.01874	0.06634	0.01273	0.02135	0.01452	0.01674	0.00990	0.01145	0.00895	0.00607	0.00469	0.00155	0.00789	0.00385	0.00302	0.00898
13	0.01784	0.05915	0.01615	0.01378	0.04427	0.04470	0.01033	0.11649	0.22593	0.09411	0.02842	0.10110	0.08776	0.05240	0.05303	0.00304	0.00693	0.00909	0.00621	0.00929
14	0.00866	0.00624	0.00823	0.00966	0.01025	0.00581	0.00659	0.01008	0.01391	0.01853	0.07736	0.66076	0.07440	0.02118	0.00887	0.00279	0.00406	0.04033	0.00654	0.00575
15	0.06334	0.18363	0.53471	0.01760	0.02665	0.01852	0.02181	0.02175	0.01444	0.02149	0.01177	0.01380	0.00879	0.00648	0.00604	0.00206	0.00942	0.00478	0.00304	0.00986
16	0.01546	0.01578	0.02901	0.26329	0.14878	0.01709	0.25394	0.02111	0.05707	0.02085	0.01382	0.01862	0.01077	0.00710	0.00887	0.00236	0.07645	0.00702	0.00355	0.00907
17	0.01149	0.00838	0.01033	0.01057	0.01235	0.00837	0.00828	0.01599	0.09976	0.03675	0.17430	0.09591	0.11959	0.12265	0.01251	0.00327	0.00524	0.23103	0.00650	0.00672
18	0.00850	0.00607	0.00810	0.00972	0.01012	0.00567	0.00648	0.00972	0.01336	0.01781	0.03846	0.75020	0.04615	0.02186	0.00891	0.00283	0.00405	0.01984	0.00648	0.00567
19	0.04916	0.03379	0.64394	0.01906	0.02872	0.01625	0.02407	0.02295	0.05676	0.02294	0.01338	0.01528	0.00955	0.00680	0.00656	0.00222	0.00980	0.00526	0.00326	0.01024
20	0.01464	0.01390	0.02109	0.50208	0.14383	0.03985	0.01815	0.02083	0.09451	0.02018	0.03417	0.02002	0.01257	0.00737	0.00699	0.00227	0.00865	0.00653	0.00377	0.00862
21	0.70637	0.01265	0.01007	0.00919	0.01310	0.01448	0.00743	0.01940	0.01245	0.03027	0.05423	0.05938	0.01351	0.00790	0.00484	0.00220	0.00519	0.00531	0.00466	0.00738
22	0.02676	0.01789	0.01976	0.01529	0.02073	0.01934	0.01258	0.52888	0.07485	0.16196	0.01944	0.01861	0.01345	0.00850	0.00700	0.00212	0.00723	0.00652	0.00728	0.01181
23	0.02542	0.01907	0.02088	0.01710	0.05188	0.02109	0.01346	0.60917	0.08249	0.04192	0.01748	0.01748	0.01255	0.00836	0.00699	0.00211	0.00754	0.00640	0.00683	0.01177

[dist]
# distance from previous block
# <min> <max>
0	3

[block]
# block no. 3 follows, 30 sequences, length 46
# corresponding to MSA columns:
# 302-347
name=unknown_D
#
# <colnr> <probs for GDERKNQSTAVLIFYWHMCP>
#	G	D	E	R	K	N	Q	S	T	A	V	L	I	F	Y	W	H	M	C	P
0	0.06659	0.27469	0.34312	0.01629	0.02378	0.12621	0.01820	0.02246	0.01512	0.02003	0.01115	0.01302	0.00882	0.00648	0.00572	0.00191	0.00940	0.00450	0.00314	0.00936
1	0.01533	0.01294	0.01492	0.01084	0.01692	0.01037	0.00868	0.06007	0.04105	0.02430	0.01327	0.01504	0.01084	0.00553	0.00535	0.00115	0.00534	0.00441	0.00442	0.71922
2	0.04347	0.06919	0.11914	0.10107	0.13892	0.01722	0.14338	0.02017	0.01428	0.04550	0.01321	0.01748	0.01068	0.01035	0.05453	0.00287	0.13933	0.00629	0.02390	0.00902
3	0.01569	0.01626	0.04300	0.26980	0.30367	0.04987	0.11938	0.02010	0.01536	0.02053	0.01418	0.05442	0.01201	0.00726	0.00719	0.00223	0.00919	0.00709	0.00349	0.00927
4	0.01015	0.00677	0.00761	0.00761	0.00761	0.00677	0.00423	0.01015	0.01015	0.01353	0.02199	0.04567	0.02537	0.75476	0.03552	0.00677	0.00677	0.01015	0.00423	0.00423
5	0.58606	0.01349	0.01303	0.15039	0.02071	0.01568	0.01020	0.05019	0.01353	0.05644	0.01126	0.01347	0.00847	0.00674	0.00506	0.00219	0.00628	0.00449	0.00437	0.00796
6	0.01561	0.00902	0.00929	0.00835	0.01073	0.00942	0.00649	0.14576	0.01814	0.02948	0.02161	0.02423	0.01673	0.00818	0.00528	0.00172	0.00411	0.00646	0.64186	0.00754
7	0.00997	0.00704	0.00924	0.00934	0.00991	0.00757	0.00636	0.01115	0.01081	0.01496	0.02146	0.07768	0.02302	0.40007	0.34210	0.00852	0.01192	0.00951	0.00414	0.00520
8	0.00845	0.00626	0.00790	0.00922	0.00999	0.00571	0.00626	0.00977	0.01384	0.01801	0.04455	0.62111	0.17132	0.02107	0.00878	0.00274	0.00395	0.01887	0.00648	0.00571
9	0.00993	0.00717	0.00940	0.00893	0.01057	0.00664	0.00675	0.01322	0.01962	0.02773	0.68341	0.05308	0.06492	0.01445	0.00828	0.00223	0.00340	0.03607	0.00764	0.00658
10	0.01174	0.00792	0.01074	0.01148	0.01330	0.00763	0.00965	0.01480	0.01702	0.05894	0.19098	0.08966	0.08284	0.01756	0.00908	0.00287	0.00545	0.42483	0.00683	0.00670
11	0.01961	0.63470	0.03375	0.01298	0.01844	0.12677	0.01225	0.02177	0.01487	0.01652	0.00984	0.01151	0.00897	0.00632	0.00526	0.00158	0.02907	0.00391	0.00307	0.00879
12	0.01453	0.01241	0.01536	0.11400	0.02093	0.01055	0.00998	0.04725	0.01516	0.02275	0.01390	0.05206	0.01205	0.00641	0.00569	0.00136	0.00581	0.00531	0.00423	0.61026
