[name]
unknown

[dist]
# distance from previous block
# <min> <max>
15	63

[block]
# block no. 0 follows, 29 sequences, length 10
# corresponding to MSA columns:
# 64-73
name=unknown_A
#
# <colnr> <probs for GDERKNQSTAVLIFYWHMCP>
#	G	D	E	R	K	N	Q	S	T	A	V	L	I	F	Y	W	H	M	C	P
0	0.38836	0.06230	0.11720	0.01603	0.09776	0.01707	0.01301	0.08898	0.04697	0.02969	0.05214	0.01641	0.01291	0.00737	0.00570	0.00216	0.00682	0.00532	0.00462	0.00917
1	0.05555	0.01590	0.01740	0.05734	0.01989	0.08648	0.05474	0.23478	0.04781	0.05660	0.02085	0.04392	0.04510	0.07712	0.05059	0.00309	0.00825	0.00753	0.08802	0.00903
2	0.04483	0.05949	0.01609	0.01454	0.07274	0.09035	0.01048	0.08015	0.10640	0.02607	0.19624	0.03566	0.11653	0.01116	0.00728	0.00214	0.00616	0.03750	0.00601	0.06018
3	0.38375	0.01394	0.01652	0.11770	0.04897	0.01536	0.05535	0.07880	0.01601	0.10167	0.01582	0.02144	0.01277	0.00822	0.00619	0.00233	0.00698	0.06438	0.00504	0.00875
4	0.04906	0.01228	0.04525	0.11835	0.02026	0.01172	0.01117	0.11509	0.02069	0.14260	0.32988	0.03470	0.03744	0.01096	0.00758	0.00224	0.00577	0.00932	0.00685	0.00878
5	0.06871	0.08096	0.10983	0.06877	0.32983	0.06269	0.08796	0.02172	0.01588	0.02239	0.01420	0.02017	0.01213	0.00728	0.00691	0.00219	0.00904	0.04577	0.00366	0.00993
6	0.01828	0.01888	0.02912	0.08123	0.50246	0.09698	0.10458	0.02250	0.01662	0.02223	0.01321	0.01737	0.01087	0.00646	0.00715	0.00214	0.00947	0.00641	0.00353	0.01052
7	0.02464	0.01634	0.01921	0.01699	0.08140	0.01740	0.01266	0.41015	0.02662	0.14832	0.01928	0.01990	0.01389	0.01106	0.04986	0.00266	0.00783	0.00662	0.08402	0.01115
8	0.04153	0.01366	0.01585	0.07492	0.02008	0.01473	0.01147	0.15083	0.23015	0.09033	0.06634	0.03336	0.06710	0.01082	0.00746	0.00235	0.00624	0.08337	0.00668	0.05274
9	0.01784	0.01754	0.02254	0.10148	0.35915	0.12176	0.01710	0.02304	0.07770	0.02264	0.01612	0.02098	0.01346	0.00752	0.00685	0.00209	0.00834	0.03250	0.06750	0.04386

[dist]
# distance from previous block
# <min> <max>
22	63

[block]
# block no. 1 follows, 29 sequences, length 23
# corresponding to MSA columns:
# 140-162
name=unknown_B
#
# <colnr> <probs for GDERKNQSTAVLIFYWHMCP>
#	G	D	E	R	K	N	Q	S	T	A	V	L	I	F	Y	W	H	M	C	P
0	0.01604	0.24339	0.02395	0.10621	0.02153	0.06517	0.03549	0.03977	0.01509	0.01912	0.04109	0.10534	0.06018	0.01046	0.00954	0.00221	0.13838	0.00783	0.00411	0.03511
1	0.01848	0.01482	0.01718	0.08544	0.02138	0.01481	0.01130	0.22997	0.09575	0.02978	0.01719	0.04468	0.01405	0.03448	0.00752	0.00196	0.00657	0.00635	0.00546	0.32283
2	0.02099	0.01578	0.01827	0.04457	0.01986	0.01804	0.01238	0.40090	0.02466	0.03410	0.01754	0.04248	0.01413	0.01528	0.10305	0.00347	0.09601	0.00701	0.08158	0.00993
3	0.12761	0.01618	0.04266	0.02029	0.17136	0.01651	0.01371	0.15031	0.17759	0.11633	0.06041	0.02166	0.01747	0.00839	0.00683	0.00222	0.00674	0.00687	0.00609	0.01075
4	0.01762	0.01692	0.02890	0.04371	0.70533	0.01692	0.02185	0.02185	0.01621	0.02326	0.01339	0.01762	0.01128	0.00634	0.00705	0.00211	0.00846	0.00634	0.00352	0.01128
5	0.00904	0.00739	0.00808	0.00833	0.01056	0.00643	0.00653	0.01119	0.01649	0.02015	0.10406	0.06962	0.55122	0.01810	0.00866	0.00254	0.00410	0.12470	0.00668	0.00615
6	0.01762	0.01692	0.02890	0.04371	0.70533	0.01692	0.02185	0.02185	0.01621	0.02326	0.01339	0.01762	0.01128	0.00634	0.00705	0.00211	0.00846	0.00634	0.00352	0.01128
7	0.00868	0.00620	0.00826	0.00991	0.01033	0.00578	0.00661	0.00991	0.01363	0.01818	0.03925	0.74510	0.04710	0.02231	0.00909	0.00289	0.00413	0.02024	0.00661	0.00578
8	0.01681	0.01921	0.04202	0.03001	0.03721	0.01801	0.67947	0.02281	0.01681	0.02281	0.01441	0.01921	0.01080	0.00600	0.00840	0.00240	0.01200	0.00840	0.00360	0.00960
9	0.00868	0.00620	0.00826	0.00991	0.01033	0.00578	0.00661	0.00991	0.01363	0.01818	0.03925	0.74510	0.04710	0.02231	0.00909	0.00289	0.00413	0.02024	0.00661	0.00578
10	0.01034	0.00695	0.00802	0.00802	0.00810	0.00704	0.00463	0.01052	0.01043	0.01399	0.02221	0.04533	0.02534	0.70250	0.08274	0.00721	0.00773	0.01017	0.00428	0.00445
11	0.01477	0.01266	0.01477	0.01055	0.01687	0.00949	0.00844	0.01793	0.01477	0.02320	0.01266	0.01477	0.01055	0.00527	0.00527	0.00105	0.00527	0.00422	0.00422	0.79328
12	0.00994	0.00867	0.00871	0.00874	0.01072	0.04910	0.00642	0.01202	0.01696	0.02115	0.21135	0.17343	0.40275	0.01728	0.00840	0.00241	0.00419	0.01476	0.00672	0.00628
13	0.02255	0.36027	0.02856	0.01726	0.06668	0.35822	0.01359	0.02475	0.01731	0.01752	0.01067	0.01252	0.00930	0.00670	0.00562	0.00171	0.01017	0.00435	0.00338	0.00886
14	0.01789	0.02802	0.44127	0.04991	0.15435	0.01554	0.02253	0.02434	0.01614	0.14007	0.01551	0.01723	0.01093	0.00705	0.00690	0.00222	0.00934	0.00583	0.00410	0.01084
15	0.12396	0.04678	0.04478	0.01697	0.08607	0.01668	0.03461	0.16877	0.01931	0.02870	0.14396	0.02604	0.06768	0.01023	0.00977	0.00234	0.13128	0.00772	0.00536	0.00901
16	0.01578	0.01362	0.01426	0.01298	0.01667	0.01529	0.01006	0.03211	0.55225	0.02760	0.03793	0.03527	0.16288	0.01140	0.00749	0.00241	0.00521	0.00950	0.00711	0.01018
17	0.01342	0.01177	0.01920	0.62607	0.04306	0.01447	0.01760	0.01796	0.01434	0.01942	0.01421	0.02009	0.01078	0.00729	0.00680	0.00227	0.00859	0.00637	0.11855	0.00772
18	0.01291	0.01554	0.11699	0.01952	0.09019	0.01216	0.17726	0.01766	0.04118	0.02145	0.03463	0.12692	0.19356	0.01270	0.00823	0.00250	0.00756	0.07568	0.00508	0.00828
19	0.55936	0.01318	0.01310	0.17052	0.02167	0.01532	0.01047	0.02057	0.01328	0.05687	0.04079	0.01552	0.01106	0.00715	0.00530	0.00224	0.00633	0.00493	0.00446	0.00790
20	0.00868	0.00620	0.00826	0.00991	0.01033	0.00578	0.00661	0.00991	0.01363	0.01818	0.03925	0.74510	0.04710	0.02231	0.00909	0.00289	0.00413	0.02024	0.00661	0.00578
21	0.01422	0.03482	0.65386	0.02025	0.03026	0.01619	0.05426	0.02218	0.01533	0.02281	0.04168	0.01681	0.01153	0.00706	0.00691	0.00226	0.01029	0.00572	0.00324	0.01032
22	0.01744	0.01673	0.02858	0.07360	0.67686	0.01687	0.02176	0.02169	0.01613	0.02304	0.01336	0.01768	0.01120	0.00638	0.00705	0.00213	0.00850	0.00634	0.00351	0.01113

[dist]
# distance from previous block
# <min> <max>
0	1

[block]
# block no. 2 follows, 29 sequences, length 30
# corresponding to MSA columns:
# 164-193
name=unknown_C
#
# <colnr> <probs for GDERKNQSTAVLIFYWHMCP>
#	G	D	E	R	K	N	Q	S	T	A	V	L	I	F	Y	W	H	M	C	P
0	0.05045	0.68744	0.07069	0.01248	0.01873	0.02709	0.01272	0.02137	0.01440	0.01766	0.01005	0.01161	0.00907	0.00615	0.00467	0.00159	0.00768	0.00388	0.00310	0.00915
1	0.69343	0.01403	0.01175	0.03353	0.01562	0.01608	0.00858	0.06094	0.01384	0.06298	0.01126	0.01271	0.00848	0.00684	0.00478	0.00220	0.00580	0.00424	0.00473	0.00818
2	0.01261	0.00977	0.01281	0.03954	0.01359	0.01193	0.00921	0.01439	0.01208	0.01852	0.01910	0.08211	0.01914	0.19543	0.09521	0.00455	0.23302	0.00854	0.18208	0.00638
3	0.02026	0.02343	0.02045	0.01810	0.01984	0.33833	0.01435	0.02200	0.01514	0.01723	0.01068	0.01508	0.00977	0.01258	0.05740	0.00303	0.36542	0.00557	0.00341	0.00792
4	0.01477	0.01266	0.01477	0.01055	0.01687	0.00949	0.00844	0.01793	0.01477	0.02320	0.01266	0.01477	0.01055	0.00527	0.00527	0.00105	0.00527	0.00422	0.00422	0.79328
5	0.01023	0.00738	0.01019	0.01019	0.01103	0.00822	0.00734	0.01191	0.01107	0.01560	0.02022	0.03432	0.02056	0.29081	0.48790	0.00990	0.01492	0.00856	0.00399	0.00566
6	0.01029	0.00878	0.01497	0.01391	0.01567	0.00821	0.14036	0.01248	0.01426	0.01910	0.03431	0.60081	0.03988	0.01907	0.00895	0.00279	0.00570	0.01789	0.00601	0.00654
7	0.01428	0.03683	0.71286	0.02030	0.03082	0.01654	0.02631	0.02255	0.01503	0.02255	0.01278	0.01503	0.00902	0.00677	0.00677	0.00226	0.01052	0.00526	0.00301	0.01052
8	0.00868	0.00620	0.00826	0.00991	0.01033	0.00578	0.00661	0.00991	0.01363	0.01818	0.03925	0.74510	0.04710	0.02231	0.00909	0.00289	0.00413	0.02024	0.00661	0.00578
9	0.01682	0.01444	0.01529	0.01394	0.01769	0.01655	0.01077	0.03512	0.62619	0.02869	0.03124	0.07110	0.04914	0.01073	0.00740	0.00244	0.00547	0.00904	0.00718	0.01074
10	0.00868	0.00620	0.00826	0.00991	0.01033	0.00578	0.00661	0.00991	0.01363	0.01818	0.03925	0.74510	0.04710	0.02231	0.00909	0.00289	0.00413	0.02024	0.00661	0.00578
11	0.02334	0.01814	0.02209	0.16739	0.09357	0.02029	0.01563	0.48053	0.02783	0.03726	0.01582	0.01754	0.01149	0.00804	0.00712	0.00218	0.00824	0.00639	0.00596	0.01116
12	0.13642	0.01407	0.01650	0.01306	0.01829	0.01404	0.01071	0.14779	0.09150	0.42717	0.02371	0.02145	0.01570	0.00855	0.00678	0.00221	0.00625	0.00666	0.00774	0.01142
13	0.01426	0.01401	0.02474	0.54865	0.06753	0.01665	0.11807	0.01893	0.01443	0.01898	0.01269	0.01871	0.00974	0.00734	0.00857	0.00243	0.06616	0.00663	0.00324	0.00827
14	0.01762	0.01692	0.02890	0.04371	0.70533	0.01692	0.02185	0.02185	0.01621	0.02326	0.01339	0.01762	0.01128	0.00634	0.00705	0.00211	0.00846	0.00634	0.00352	0.01128
15	0.01743	0.01673	0.02856	0.07501	0.67551	0.01687	0.02176	0.02169	0.01612	0.02303	0.01336	0.01769	0.01120	0.00638	0.00705	0.00213	0.00851	0.00634	0.00351	0.01113
16	0.00872	0.00727	0.00763	0.00767	0.00997	0.00618	0.00583	0.01073	0.01658	0.02015	0.12472	0.06781	0.61385	0.01782	0.00849	0.00243	0.00374	0.04761	0.00672	0.00610
17	0.02630	0.01935	0.02075	0.01599	0.02143	0.02139	0.01311	0.65084	0.03242	0.04345	0.01734	0.01845	0.01274	0.04250	0.00846	0.00236	0.00779	0.00659	0.00699	0.01175
18	0.02707	0.01995	0.02137	0.01638	0.02208	0.02208	0.01353	0.68159	0.03348	0.04488	0.01710	0.01710	0.01211	0.00855	0.00712	0.00214	0.00784	0.00641	0.00712	0.01211
19	0.00995	0.00727	0.00934	0.00883	0.01056	0.00667	0.00662	0.01319	0.01986	0.02785	0.65385	0.05435	0.11536	0.01482	0.00840	0.00225	0.00338	0.01304	0.00775	0.00667
20	0.00904	0.00689	0.00837	0.00937	0.01050	0.00638	0.00650	0.01131	0.04328	0.01935	0.07303	0.51207	0.21711	0.02036	0.00881	0.00272	0.00403	0.01809	0.00669	0.00611
21	0.01841	0.01946	0.02914	0.10772	0.41669	0.12342	0.13699	0.02264	0.01672	0.02178	0.01314	0.01732	0.01069	0.00651	0.00720	0.00215	0.00986	0.00644	0.00352	0.01018
22	0.01532	0.01523	0.02176	0.10386	0.02231	0.02110	0.01608	0.01726	0.01130	0.01726	0.00974	0.01599	0.00936	0.01183	0.02143	0.00303	0.64997	0.00624	0.00312	0.00780
23	0.00860	0.00650	0.00795	0.00910	0.01011	0.00585	0.00625	0.01001	0.01442	0.01850	0.04918	0.54070	0.24509	0.02102	0.00889	0.00274	0.00397	0.01867	0.00661	0.00585
24	0.09541	0.06747	0.06396	0.01703	0.03796	0.26360	0.04359	0.02152	0.01569	0.01954	0.01745	0.02056	0.08132	0.03163	0.01111	0.00241	0.17146	0.00635	0.00385	0.00809
25	0.05121	0.01789	0.01906	0.01800	0.09135	0.05983	0.01300	0.26750	0.29518	0.03382	0.02108	0.02083	0.01577	0.00861	0.00695	0.00222	0.00707	0.00687	0.03266	0.01111
26	0.01762	0.01692	0.02890	0.04371	0.70533	0.01692	0.02185	0.02185	0.01621	0.02326	0.01339	0.01762	0.01128	0.00634	0.00705	0.00211	0.00846	0.00634	0.00352	0.01128
27	0.01237	0.00618	0.00928	0.00928	0.00928	0.00618	0.00618	0.00928	0.00928	0.01237	0.01237	0.02165	0.01237	0.02474	0.02783	0.79283	0.00618	0.00618	0.00309	0.00309
28	0.62466	0.01665	0.01281	0.01116	0.01565	0.09112	0.00906	0.10188	0.01556	0.03198	0.01090	0.01237	0.00840	0.00692	0.00495	0.00216	0.00656	0.00424	0.00466	0.00830
29	0.07463	0.01901	0.02026	0.01570	0.02124	0.02100	0.01294	0.58453	0.05919	0.07357	0.01765	0.01747	0.01249	0.00849	0.00696	0.00216	0.00752	0.00636	0.00704	0.01180

[dist]
# distance from previous block
# <min> <max>
0	1

[block]
# block no. 3 follows, 29 sequences, length 14
# corresponding to MSA columns:
# 195-208
name=unknown_D
#
# <colnr> <probs for GDERKNQSTAVLIFYWHMCP>
#	G	D	E	R	K	N	Q	S	T	A	V	L	I	F	Y	W	H	M	C	P
0	0.02284	0.02109	0.10552	0.04437	0.02251	0.07271	0.01432	0.41333	0.06402	0.03605	0.01726	0.01817	0.01261	0.00821	0.00679	0.00210	0.00800	0.00624	0.09306	0.01079
1	0.01015	0.00752	0.00856	0.00848	0.01048	0.00675	0.00620	0.01276	0.03945	0.04821	0.19493	0.16286	0.38113	0.05802	0.00997	0.00269	0.00398	0.01455	0.00685	0.00645
2	0.18603	0.01288	0.01557	0.01221	0.01751	0.01221	0.01008	0.06746	0.01944	0.53741	0.02384	0.02130	0.01533	0.00836	0.00661	0.00220	0.00605	0.00646	0.00783	0.01123
3	0.01138	0.01033	0.03616	0.13038	0.10319	0.00996	0.01158	0.01509	0.05261	0.02027	0.05901	0.32379	0.12459	0.01570	0.00826	0.00259	0.00584	0.04626	0.00564	0.00736
4	0.80005	0.01377	0.01047	0.00936	0.01377	0.01597	0.00771	0.02093	0.01212	0.03195	0.00991	0.01157	0.00771	0.00661	0.00441	0.00220	0.00551	0.00386	0.00441	0.00771
5	0.01489	0.16043	0.49647	0.01858	0.02737	0.01787	0.06186	0.02148	0.01518	0.02159	0.04019	0.04587	0.01296	0.00754	0.00663	0.00216	0.00956	0.00610	0.00338	0.00988
6	0.01220	0.00993	0.01202	0.01028	0.01411	0.00793	0.00767	0.01455	0.01429	0.02108	0.02387	0.32286	0.02596	0.01246	0.00688	0.00183	0.00479	0.01098	0.00523	0.46108
7	0.01258	0.00931	0.01120	0.01131	0.01341	0.00953	0.00881	0.01894	0.16923	0.04720	0.12767	0.15875	0.11162	0.07218	0.01071	0.00303	0.00524	0.18498	0.00681	0.00749
8	0.00876	0.00623	0.00824	0.00980	0.01019	0.00584	0.00649	0.00994	0.01346	0.01795	0.03836	0.70837	0.04598	0.06057	0.01052	0.00310	0.00428	0.01972	0.00649	0.00571
9	0.01023	0.00699	0.00846	0.00855	0.00880	0.00720	0.00527	0.01076	0.01074	0.01455	0.02279	0.08306	0.02564	0.58274	0.15824	0.00749	0.00894	0.01043	0.00436	0.00477
10	0.01477	0.01266	0.01477	0.01055	0.01687	0.00949	0.00844	0.01793	0.01477	0.02320	0.01266	0.01477	0.01055	0.00527	0.00527	0.00105	0.00527	0.00422	0.00422	0.79328
11	0.01019	0.00755	0.01104	0.01104	0.01217	0.00868	0.00839	0.01245	0.01132	0.01623	0.01945	0.03004	0.01870	0.13074	0.64543	0.01094	0.01772	0.00793	0.00387	0.00613
12	0.02164	0.26504	0.06535	0.04455	0.04567	0.22578	0.01416	0.10082	0.01869	0.04895	0.03741	0.01549	0.01205	0.00760	0.00700	0.00192	0.04925	0.00521	0.00413	0.00929
13	0.01629	0.01360	0.01651	0.06051	0.13909	0.03882	0.01206	0.06148	0.21636	0.06517	0.09257	0.03544	0.18001	0.01110	0.00753	0.00229	0.00610	0.00942	0.00621	0.00944

[dist]
# distance from previous block
# <min> <max>
12	16

[block]
# block no. 4 follows, 29 sequences, length 31
# corresponding to MSA columns:
# 225-255
name=unknown_E
#
# <colnr> <probs for GDERKNQSTAVLIFYWHMCP>
#	G	D	E	R	K	N	Q	S	T	A	V	L	I	F	Y	W	H	M	C	P
0	0.10443	0.01553	0.01576	0.01418	0.04658	0.05466	0.01073	0.22351	0.16524	0.05181	0.05926	0.02914	0.13288	0.01029	0.00702	0.00222	0.00630	0.00816	0.03258	0.00975
1	0.12229	0.26862	0.05193	0.01375	0.01870	0.22427	0.01202	0.05061	0.01718	0.08335	0.01325	0.01450	0.01052	0.00705	0.00554	0.00183	0.00854	0.00472	0.06237	0.00896
2	0.01001	0.00826	0.00892	0.00866	0.01104	0.00771	0.00651	0.01454	0.10709	0.02249	0.19315	0.09054	0.45246	0.01640	0.00829	0.00239	0.00385	0.01390	0.00695	0.00685
3	0.02226	0.01809	0.01872	0.04619	0.02136	0.05695	0.01263	0.33827	0.29619	0.03561	0.02155	0.02106	0.01590	0.00886	0.00707	0.00223	0.00715	0.00698	0.03172	0.01121
4	0.02869	0.01206	0.01577	0.01244	0.01755	0.01086	0.01016	0.03314	0.08846	0.58792	0.03157	0.02788	0.07066	0.00961	0.00727	0.00224	0.00583	0.00786	0.00848	0.01156
5	0.52297	0.01376	0.01311	0.07305	0.01785	0.01559	0.00957	0.10179	0.01534	0.08204	0.01258	0.01456	0.00949	0.00836	0.00686	0.05892	0.00623	0.00480	0.00487	0.00827
6	0.02101	0.41250	0.12819	0.01448	0.02092	0.04274	0.04625	0.02442	0.01602	0.16740	0.01475	0.01560	0.01128	0.00818	0.02640	0.00211	0.00840	0.00510	0.00435	0.00989
7	0.01001	0.00728	0.00942	0.00888	0.01059	0.00669	0.00666	0.01330	0.01999	0.02816	0.67478	0.05384	0.09424	0.01471	0.00840	0.00225	0.00337	0.01297	0.00779	0.00669
8	0.01109	0.00898	0.01321	0.01268	0.01373	0.01109	0.01004	0.01347	0.01135	0.01663	0.01742	0.02587	0.01636	0.04645	0.60287	0.01003	0.14104	0.00739	0.00370	0.00660
9	0.02401	0.01523	0.11130	0.01401	0.01945	0.01161	0.03862	0.02924	0.08098	0.41528	0.10417	0.05994	0.02368	0.00980	0.00740	0.00227	0.00646	0.00831	0.00745	0.01080
10	0.02939	0.04140	0.01716	0.01271	0.01797	0.01182	0.01051	0.06257	0.05205	0.58473	0.06294	0.02507	0.01989	0.00904	0.00713	0.00219	0.00604	0.00734	0.00839	0.01167
11	0.00923	0.00740	0.00828	0.00824	0.01029	0.00659	0.00611	0.01204	0.04025	0.02212	0.24515	0.13330	0.43122	0.01721	0.00844	0.00241	0.00366	0.01472	0.00698	0.00637
12	0.69869	0.01675	0.10107	0.01077	0.01597	0.01605	0.01011	0.02114	0.01249	0.03074	0.01028	0.01201	0.00788	0.00663	0.00471	0.00221	0.00616	0.00404	0.00423	0.00807
13	0.05186	0.01823	0.01980	0.08634	0.02359	0.06130	0.01331	0.40617	0.06119	0.15822	0.01862	0.01860	0.01300	0.00837	0.00700	0.00217	0.00780	0.00642	0.00674	0.01127
14	0.01477	0.01266	0.01477	0.01055	0.01687	0.00949	0.00844	0.01793	0.01477	0.02320	0.01266	0.01477	0.01055	0.00527	0.00527	0.00105	0.00527	0.00422	0.00422	0.79328
15	0.02447	0.07956	0.07050	0.01368	0.01928	0.01532	0.01199	0.17799	0.07040	0.29195	0.02119	0.02152	0.01516	0.05413	0.00854	0.00234	0.00688	0.00656	0.00669	0.08185
16	0.00935	0.00737	0.00847	0.00855	0.01043	0.00666	0.00627	0.01226	0.04476	0.02226	0.25237	0.19153	0.35911	0.01747	0.00849	0.00245	0.00372	0.01509	0.00700	0.00640
17	0.01036	0.00690	0.00777	0.00777	0.00777	0.00690	0.00431	0.01036	0.01036	0.01381	0.02244	0.04660	0.02589	0.74975	0.03624	0.00690	0.00690	0.01036	0.00431	0.00431
18	0.01345	0.01266	0.02136	0.73264	0.04904	0.01582	0.01978	0.01819	0.01424	0.01819	0.01266	0.01898	0.00949	0.00712	0.00712	0.00237	0.00949	0.00633	0.00316	0.00791
19	0.00868	0.00620	0.00826	0.00991	0.01033	0.00578	0.00661	0.00991	0.01363	0.01818	0.03925	0.74510	0.04710	0.02231	0.00909	0.00289	0.00413	0.02024	0.00661	0.00578
20	0.01484	0.01374	0.02262	0.58078	0.15769	0.01632	0.01981	0.05250	0.01555	0.02040	0.01301	0.01866	0.00992	0.00706	0.00711	0.00232	0.00923	0.00634	0.00343	0.00869
21	0.01017	0.00763	0.01144	0.01144	0.01272	0.00890	0.00890	0.01272	0.01144	0.01653	0.01907	0.02797	0.01780	0.05340	0.72153	0.01144	0.01907	0.00763	0.00381	0.00636
22	0.74226	0.06854	0.01245	0.00957	0.01410	0.01688	0.00804	0.02096	0.01229	0.03082	0.00991	0.01156	0.00782	0.00657	0.00442	0.00215	0.00566	0.00385	0.00431	0.00782
23	0.01237	0.00618	0.00928	0.00928	0.00928	0.00618	0.00618	0.00928	0.00928	0.01237	0.01237	0.02165	0.01237	0.02474	0.02783	0.79283	0.00618	0.00618	0.00309	0.00309
24	0.01455	0.01039	0.01173	0.01064	0.01242	0.01092	0.00759	0.16913	0.04426	0.02374	0.08226	0.07198	0.02811	0.39771	0.02274	0.00476	0.00662	0.05795	0.00566	0.00685
25	0.02419	0.01787	0.01964	0.03976	0.02136	0.01966	0.01272	0.55272	0.02952	0.03994	0.01726	0.01895	0.01293	0.03445	0.04935	0.00278	0.00827	0.00653	0.03208	0.04003
26	0.04626	0.28523	0.05146	0.01335	0.01843	0.11811	0.01185	0.08187	0.06921	0.11033	0.02132	0.02148	0.08373	0.00976	0.02679	0.00221	0.00798	0.00623	0.00499	0.00942
27	0.05554	0.03912	0.04758	0.01471	0.01837	0.01409	0.09035	0.08193	0.10326	0.05434	0.05739	0.17445	0.05027	0.01191	0.00900	0.00239	0.07878	0.01006	0.04124	0.04520
28	0.04901	0.02456	0.32474	0.02197	0.14621	0.03473	0.04527	0.02191	0.05144	0.02335	0.03714	0.01827	0.01288	0.00893	0.03356	0.00248	0.03230	0.00600	0.03512	0.07011
29	0.01813	0.01804	0.01830	0.01781	0.09303	0.18136	0.03810	0.08283	0.05764	0.02288	0.01911	0.12942	0.01843	0.03200	0.00857	0.00222	0.03689	0.03823	0.00487	0.16213
30	0.01922	0.01971	0.10804	0.07049	0.33602	0.04915	0.01876	0.09916	0.12122	0.06277	0.01674	0.01882	0.01283	0.00737	0.00703	0.00219	0.00834	0.00644	0.00470	0.01099

[dist]
# distance from previous block
# <min> <max>
63	218

[block]
# block no. 5 follows, 29 sequences, length 11
# corresponding to MSA columns:
# 565-575
name=unknown_F
#
# <colnr> <probs for GDERKNQSTAVLIFYWHMCP>
#	G	D	E	R	K	N	Q	S	T	A	V	L	I	F	Y	W	H	M	C	P
0	0.80005	0.01377	0.01047	0.00936	0.01377	0.01597	0.00771	0.02093	0.01212	0.03195	0.00991	0.01157	0.00771	0.00661	0.00441	0.00220	0.00551	0.00386	0.00441	0.00771
1	0.66930	0.01349	0.01150	0.00993	0.01452	0.01504	0.00818	0.02328	0.01352	0.14742	0.01301	0.01372	0.00940	0.00698	0.00488	0.00220	0.00560	0.00442	0.00516	0.00846
2	0.00910	0.00643	0.00808	0.00921	0.00962	0.00609	0.00595	0.01005	0.01291	0.01709	0.03659	0.52727	0.07603	0.21189	0.01614	0.00391	0.00483	0.01739	0.00601	0.00541
3	0.00868	0.00620	0.00826	0.00991	0.01033	0.00578	0.00661	0.00991	0.01363	0.01818	0.03925	0.74510	0.04710	0.02231	0.00909	0.00289	0.00413	0.02024	0.00661	0.00578
4	0.02707	0.01995	0.02137	0.01638	0.02208	0.02208	0.01353	0.68159	0.03348	0.04488	0.01710	0.01710	0.01211	0.00855	0.00712	0.00214	0.00784	0.00641	0.00712	0.01211
5	0.01459	0.08361	0.66880	0.01977	0.03000	0.01730	0.02539	0.02247	0.01500	0.02217	0.01259	0.01480	0.00903	0.00672	0.00662	0.00221	0.01033	0.00517	0.00301	0.01043
6	0.02464	0.01096	0.01449	0.01174	0.01604	0.00992	0.00945	0.02884	0.06921	0.46538	0.22118	0.03270	0.03213	0.01052	0.00752	0.00223	0.00525	0.00886	0.00842	0.01051
7	0.02707	0.01995	0.02137	0.01638	0.02208	0.02208	0.01353	0.68159	0.03348	0.04488	0.01710	0.01710	0.01211	0.00855	0.00712	0.00214	0.00784	0.00641	0.00712	0.01211
8	0.01196	0.00896	0.01173	0.01167	0.01327	0.00891	0.03610	0.11229	0.01683	0.02238	0.03529	0.52710	0.06294	0.04934	0.00989	0.00292	0.00521	0.03988	0.00646	0.00688
9	0.01273	0.01206	0.02244	0.05631	0.02304	0.01151	0.26734	0.01614	0.01498	0.02023	0.04933	0.24717	0.02757	0.09901	0.01177	0.00308	0.00796	0.05637	0.00495	0.03599
10	0.58508	0.01665	0.10500	0.01259	0.04499	0.01544	0.01109	0.02179	0.01335	0.07164	0.01265	0.01575	0.00995	0.00727	0.00521	0.00225	0.00637	0.02994	0.00454	0.00846

[dist]
# distance from previous block
# <min> <max>
31	53

[block]
# block no. 6 follows, 29 sequences, length 20
# corresponding to MSA columns:
# 631-650
name=unknown_G
#
# <colnr> <probs for GDERKNQSTAVLIFYWHMCP>
#	G	D	E	R	K	N	Q	S	T	A	V	L	I	F	Y	W	H	M	C	P
0	0.02282	0.01694	0.01851	0.01477	0.01954	0.01833	0.01192	0.50291	0.04974	0.03897	0.06164	0.10977	0.02002	0.01048	0.00735	0.00219	0.00690	0.00846	0.00696	0.05178
1	0.02619	0.01951	0.02087	0.01621	0.02175	0.02167	0.01332	0.62088	0.09562	0.04345	0.01822	0.01799	0.01302	0.00865	0.00713	0.00216	0.00763	0.00657	0.00713	0.01203
2	0.00842	0.00721	0.00721	0.00721	0.00962	0.00601	0.00541	0.01022	0.01623	0.01924	0.07213	0.06853	0.70244	0.01803	0.00842	0.00240	0.00361	0.01503	0.00661	0.00601
3	0.00868	0.00620	0.00826	0.00991	0.01033	0.00578	0.00661	0.00991	0.01363	0.01818	0.03925	0.74510	0.04710	0.02231	0.00909	0.00289	0.00413	0.02024	0.00661	0.00578
4	0.01904	0.75404	0.03731	0.01218	0.01828	0.02818	0.01218	0.02132	0.01447	0.01675	0.00990	0.01142	0.00914	0.00609	0.00457	0.00152	0.00761	0.00381	0.00305	0.00914
5	0.03195	0.01212	0.01652	0.01267	0.01818	0.01047	0.01047	0.03470	0.02038	0.71026	0.02809	0.02424	0.01763	0.00881	0.00716	0.00220	0.00606	0.00716	0.00881	0.01212
6	0.01461	0.08680	0.66579	0.01973	0.02995	0.01735	0.02532	0.02246	0.01499	0.02215	0.01258	0.01478	0.00903	0.00672	0.00661	0.00220	0.01032	0.00516	0.00301	0.01043
7	0.01657	0.25968	0.30930	0.01743	0.02501	0.01987	0.09065	0.06732	0.01682	0.02285	0.07729	0.01808	0.01495	0.00733	0.00642	0.00203	0.00890	0.00594	0.00383	0.00973
8	0.01905	0.01500	0.01614	0.01432	0.01848	0.01703	0.01119	0.03754	0.62909	0.09396	0.02890	0.02635	0.02135	0.00958	0.00724	0.00240	0.00568	0.00797	0.00739	0.01135
9	0.01327	0.00664	0.00664	0.00664	0.00830	0.00664	0.00498	0.01659	0.01493	0.02655	0.02323	0.02655	0.01825	0.00830	0.00498	0.00166	0.00332	0.00664	0.78928	0.00664
10	0.01604	0.06739	0.02228	0.01793	0.01859	0.04945	0.01505	0.01775	0.01181	0.01734	0.01094	0.01857	0.01098	0.01219	0.02067	0.00296	0.61874	0.04013	0.00331	0.00784
11	0.07669	0.01510	0.08216	0.01345	0.01937	0.01218	0.01201	0.07786	0.02029	0.55770	0.02477	0.02210	0.01583	0.00847	0.00695	0.00220	0.00657	0.00673	0.00788	0.01170
12	0.01036	0.00690	0.00777	0.00777	0.00777	0.00690	0.00431	0.01036	0.01036	0.01381	0.02244	0.04660	0.02589	0.74975	0.03624	0.00690	0.00690	0.01036	0.00431	0.00431
13	0.02173	0.01452	0.01693	0.01258	0.01856	0.01311	0.01025	0.20110	0.02102	0.17441	0.01712	0.01740	0.01247	0.00691	0.00617	0.00159	0.00613	0.00543	0.00598	0.41660
14	0.01059	0.00735	0.00873	0.00890	0.00970	0.00719	0.00594	0.03250	0.01397	0.01887	0.12627	0.17384	0.07713	0.37659	0.02214	0.00471	0.00561	0.05762	0.02687	0.00549
15	0.01633	0.01628	0.03060	0.27668	0.12098	0.01703	0.29969	0.06684	0.01694	0.02290	0.01414	0.01902	0.01073	0.00669	0.00759	0.00231	0.01012	0.00723	0.02860	0.00929
16	0.01718	0.01647	0.02810	0.11682	0.63569	0.01680	0.02163	0.02146	0.01600	0.02273	0.01332	0.01777	0.01109	0.00643	0.00706	0.00214	0.00857	0.00634	0.00349	0.01092
17	0.06762	0.00904	0.01136	0.11044	0.01660	0.00935	0.00860	0.04907	0.01477	0.07294	0.03138	0.29320	0.09554	0.16181	0.01358	0.00343	0.00582	0.01295	0.00572	0.00676
18	0.02300	0.01779	0.02052	0.01609	0.02132	0.01921	0.05291	0.45867	0.12161	0.03806	0.01982	0.06918	0.01570	0.00928	0.00723	0.00217	0.00735	0.00757	0.00669	0.06584
19	0.02202	0.01661	0.01817	0.01483	0.01950	0.01805	0.01198	0.43698	0.12093	0.03706	0.02217	0.10737	0.01899	0.01071	0.00740	0.00226	0.00687	0.04226	0.00687	0.05898

[dist]
# distance from previous block
# <min> <max>
35	65

[block]
# block no. 7 follows, 29 sequences, length 9
# corresponding to MSA columns:
# 719-727
name=unknown_H
#
# <colnr> <probs for GDERKNQSTAVLIFYWHMCP>
#	G	D	E	R	K	N	Q	S	T	A	V	L	I	F	Y	W	H	M	C	P
0	0.04616	0.31438	0.24777	0.01774	0.02499	0.06629	0.12058	0.02200	0.01526	0.02018	0.01258	0.03873	0.01060	0.00694	0.00613	0.00198	0.00936	0.00559	0.00333	0.00942
1	0.01766	0.41424	0.30921	0.01575	0.02360	0.02306	0.01798	0.06678	0.01599	0.02101	0.01155	0.01327	0.00929	0.00653	0.00563	0.00186	0.00881	0.00457	0.00331	0.00990
2	0.02204	0.01981	0.02218	0.17012	0.14405	0.12687	0.01616	0.29588	0.06042	0.03061	0.01526	0.01744	0.01150	0.00775	0.00701	0.00215	0.00893	0.00619	0.00516	0.01046
3	0.15848	0.01866	0.01925	0.01509	0.02049	0.02082	0.01243	0.53667	0.06281	0.04192	0.01647	0.01663	0.01184	0.00827	0.00667	0.00216	0.00733	0.00606	0.00667	0.01132
4	0.00888	0.00633	0.00835	0.00972	0.01023	0.00592	0.00650	0.01025	0.01405	0.01888	0.09738	0.64859	0.04782	0.05798	0.01038	0.00303	0.00420	0.01909	0.00660	0.00579
5	0.66585	0.01358	0.01232	0.13276	0.01979	0.01595	0.00977	0.02046	0.01248	0.02960	0.01038	0.01283	0.00802	0.00670	0.00487	0.00223	0.00619	0.00428	0.00419	0.00775
6	0.00888	0.00628	0.00820	0.00965	0.01002	0.00592	0.00633	0.00997	0.01323	0.01765	0.03720	0.66008	0.04451	0.11085	0.01239	0.00338	0.00447	0.01904	0.00633	0.00560
7	0.02082	0.01583	0.01961	0.06818	0.14273	0.01715	0.01349	0.30600	0.09526	0.06234	0.01882	0.02369	0.01542	0.13464	0.01209	0.00300	0.00758	0.00728	0.00582	0.01026
8	0.52379	0.10150	0.01620	0.13355	0.02086	0.01778	0.01067	0.06301	0.01413	0.02864	0.01084	0.01317	0.00847	0.00676	0.00506	0.00215	0.00659	0.00444	0.00421	0.00820

[dist]
# distance from previous block
# <min> <max>
0	1

[block]
# block no. 8 follows, 29 sequences, length 10
# corresponding to MSA columns:
# 729-738
name=unknown_I
#
# <colnr> <probs for GDERKNQSTAVLIFYWHMCP>
#	G	D	E	R	K	N	Q	S	T	A	V	L	I	F	Y	W	H	M	C	P
0	0.01168	0.01103	0.01387	0.01245	0.01376	0.01322	0.01005	0.01338	0.01380	0.01828	0.04349	0.04437	0.38623	0.01549	0.01524	0.00273	0.33807	0.01101	0.00502	0.00682
1	0.01763	0.01762	0.02688	0.05022	0.29955	0.07030	0.15240	0.04371	0.01680	0.02328	0.01333	0.01688	0.01081	0.00618	0.00684	0.00189	0.00874	0.00610	0.00384	0.20700
2	0.01588	0.01005	0.01276	0.01185	0.01362	0.01059	0.00912	0.17923	0.01681	0.02237	0.01875	0.03254	0.01817	0.01963	0.01894	0.43232	0.00668	0.13982	0.00482	0.00607
3	0.37742	0.01896	0.06618	0.01308	0.01790	0.12597	0.01115	0.04847	0.14182	0.09292	0.01580	0.01619	0.01173	0.00757	0.00577	0.00219	0.00718	0.00525	0.00522	0.00923
4	0.01447	0.29044	0.14330	0.16079	0.02476	0.01801	0.01478	0.01803	0.01431	0.01841	0.01833	0.19783	0.01872	0.01049	0.00661	0.00217	0.00763	0.00870	0.00396	0.00828
5	0.01868	0.01377	0.01551	0.01312	0.01666	0.01472	0.01032	0.35194	0.05073	0.03474	0.19396	0.17584	0.03348	0.01292	0.00785	0.00233	0.00587	0.01093	0.00720	0.00943
6	0.01041	0.00764	0.01020	0.07814	0.01434	0.00778	0.00815	0.03421	0.01400	0.01854	0.03237	0.43521	0.03734	0.16933	0.01449	0.00368	0.00560	0.08677	0.00583	0.00598
7	0.60133	0.01187	0.00991	0.00950	0.01291	0.01342	0.00743	0.01817	0.01250	0.02849	0.01728	0.19577	0.01760	0.01055	0.00558	0.00238	0.00516	0.00797	0.00496	0.00723
8	0.01856	0.01511	0.01674	0.01295	0.01857	0.01461	0.01039	0.18932	0.18061	0.03021	0.01765	0.01816	0.01360	0.00714	0.00621	0.00165	0.00600	0.00568	0.00567	0.41117
9	0.00991	0.00715	0.00858	0.00858	0.00939	0.00722	0.00569	0.01092	0.01183	0.01560	0.03179	0.04642	0.16263	0.42480	0.20262	0.00712	0.00928	0.01063	0.00466	0.00518

[dist]
# distance from previous block
# <min> <max>
0	41

# created by:
# /st0/software/busco_prod/Augustus/scripts/msa2prfl.pl ./align_prep/71626.fa
