[name]
unknown

[dist]
# distance from previous block
# <min> <max>
0	31

[block]
# block no. 0 follows, 29 sequences, length 17
# corresponding to MSA columns:
# 31-47
name=unknown_A
#
# <colnr> <probs for GDERKNQSTAVLIFYWHMCP>
#	G	D	E	R	K	N	Q	S	T	A	V	L	I	F	Y	W	H	M	C	P
0	0.01156	0.00807	0.00976	0.00928	0.01157	0.00743	0.00718	0.01521	0.05229	0.07230	0.36371	0.05703	0.26332	0.01546	0.00838	0.00239	0.00401	0.06660	0.00738	0.00708
1	0.02278	0.22866	0.02662	0.01851	0.05715	0.38142	0.04769	0.04979	0.01807	0.01884	0.01111	0.01338	0.00948	0.00729	0.00728	0.00190	0.06277	0.00484	0.00358	0.00884
2	0.01681	0.01921	0.04202	0.03001	0.03721	0.01801	0.67947	0.02281	0.01681	0.02281	0.01441	0.01921	0.01080	0.00600	0.00840	0.00240	0.01200	0.00840	0.00360	0.00960
3	0.01078	0.00736	0.00959	0.00916	0.01088	0.00674	0.00682	0.01382	0.01928	0.05580	0.57491	0.13098	0.08619	0.01532	0.00843	0.00232	0.00357	0.01355	0.00770	0.00681
4	0.00987	0.00692	0.00896	0.01012	0.01125	0.00642	0.00741	0.01168	0.01496	0.03948	0.06876	0.47634	0.14582	0.02050	0.00904	0.00284	0.00451	0.13225	0.00671	0.00618
5	0.02498	0.01327	0.01619	0.01297	0.01779	0.01298	0.01049	0.12824	0.14337	0.36602	0.11195	0.02681	0.02352	0.00948	0.00723	0.00218	0.00586	0.00779	0.00792	0.05096
6	0.02424	0.01031	0.01386	0.01166	0.01567	0.00904	0.00929	0.02669	0.01867	0.47676	0.06507	0.16828	0.06745	0.01265	0.00777	0.00239	0.00544	0.03658	0.00812	0.01006
7	0.01024	0.00773	0.00975	0.01051	0.01241	0.00724	0.00872	0.01303	0.01691	0.02171	0.14983	0.07226	0.26669	0.01835	0.00914	0.00283	0.00508	0.34441	0.00677	0.00640
8	0.00870	0.00702	0.00774	0.00799	0.00990	0.00607	0.00583	0.01061	0.01627	0.02033	0.15354	0.19986	0.48445	0.01839	0.00855	0.00248	0.00368	0.01576	0.00678	0.00607
9	0.01635	0.01710	0.03351	0.18377	0.24901	0.01720	0.33315	0.02153	0.01607	0.02197	0.01372	0.01866	0.01067	0.00635	0.00771	0.00231	0.01036	0.00732	0.00348	0.00977
10	0.02455	0.17697	0.02368	0.01713	0.02110	0.54821	0.01353	0.02646	0.01858	0.01728	0.01070	0.01269	0.00917	0.00734	0.00688	0.00184	0.04744	0.00451	0.00352	0.00841
11	0.01255	0.01126	0.01881	0.43498	0.03523	0.01302	0.06711	0.01658	0.01456	0.01941	0.05424	0.09050	0.05071	0.01369	0.07387	0.00322	0.00917	0.00865	0.04496	0.00749
12	0.01629	0.01407	0.04813	0.01138	0.01783	0.01040	0.00961	0.04643	0.01589	0.06558	0.01378	0.01545	0.01097	0.00569	0.00553	0.00123	0.00567	0.00454	0.00456	0.67699
13	0.01017	0.00682	0.00782	0.00801	0.00805	0.00678	0.00457	0.01031	0.01072	0.01430	0.02433	0.12522	0.02828	0.66787	0.03319	0.00645	0.00659	0.01147	0.00457	0.00448
14	0.01862	0.58221	0.13371	0.01375	0.02028	0.05662	0.01426	0.02261	0.04760	0.01826	0.01129	0.01274	0.00973	0.00642	0.00510	0.00169	0.00817	0.00426	0.00327	0.00940
15	0.02511	0.01395	0.01656	0.01333	0.01827	0.01400	0.01079	0.15180	0.18676	0.34196	0.04988	0.02630	0.05271	0.00949	0.00721	0.00221	0.00605	0.00771	0.00782	0.03808
16	0.01937	0.01855	0.05383	0.03612	0.13121	0.09735	0.11379	0.11205	0.05173	0.07383	0.07786	0.03769	0.01755	0.00871	0.00883	0.00223	0.07787	0.00734	0.00502	0.04907

[dist]
# distance from previous block
# <min> <max>
1	11

[block]
# block no. 1 follows, 29 sequences, length 32
# corresponding to MSA columns:
# 59-90
name=unknown_B
#
# <colnr> <probs for GDERKNQSTAVLIFYWHMCP>
#	G	D	E	R	K	N	Q	S	T	A	V	L	I	F	Y	W	H	M	C	P
0	0.04118	0.01602	0.01658	0.01438	0.03279	0.07534	0.01112	0.18809	0.18288	0.06250	0.10480	0.04110	0.04506	0.00990	0.00786	0.00217	0.04229	0.00781	0.02460	0.07353
1	0.05393	0.05936	0.02601	0.01901	0.02450	0.06070	0.19254	0.20455	0.10748	0.12303	0.01802	0.01899	0.01311	0.00791	0.00784	0.00224	0.03758	0.00690	0.00572	0.01058
2	0.01995	0.01801	0.02246	0.05316	0.04325	0.12471	0.14685	0.11799	0.05094	0.07829	0.01619	0.01854	0.01240	0.00974	0.04844	0.00248	0.00928	0.00631	0.03742	0.16362
3	0.01263	0.01053	0.01215	0.01019	0.01427	0.00894	0.00779	0.01702	0.08656	0.02264	0.06978	0.15885	0.13872	0.01151	0.00688	0.00183	0.00471	0.00985	0.00559	0.38955
4	0.01177	0.00622	0.00907	0.00930	0.00936	0.00616	0.00617	0.00941	0.00993	0.01324	0.01656	0.12422	0.01781	0.05493	0.02555	0.64888	0.00593	0.00833	0.00364	0.00352
5	0.02008	0.03713	0.01757	0.01447	0.01894	0.01825	0.01154	0.19033	0.45891	0.05738	0.02756	0.02573	0.05066	0.00965	0.00719	0.00231	0.00614	0.00783	0.00712	0.01120
6	0.01815	0.01621	0.01810	0.01490	0.01884	0.09506	0.07161	0.17838	0.13127	0.02984	0.20899	0.03032	0.05734	0.01038	0.00799	0.00219	0.02912	0.00869	0.00635	0.04627
7	0.01739	0.28490	0.33208	0.01837	0.02641	0.05146	0.09979	0.05349	0.01614	0.02138	0.01210	0.01428	0.00943	0.00655	0.00620	0.00199	0.00966	0.00516	0.00332	0.00990
8	0.01933	0.01274	0.01466	0.01269	0.01625	0.01321	0.00989	0.23110	0.10354	0.13742	0.06873	0.22046	0.08223	0.01351	0.00785	0.00241	0.00571	0.01149	0.00726	0.00952
9	0.00995	0.00727	0.00933	0.00882	0.01056	0.00666	0.00661	0.01318	0.01984	0.02781	0.65144	0.05441	0.11779	0.01483	0.00840	0.00225	0.00338	0.01305	0.00774	0.00666
10	0.02485	0.01824	0.01962	0.01547	0.02073	0.02010	0.01264	0.51776	0.13817	0.06921	0.02217	0.02145	0.04777	0.00920	0.00721	0.00220	0.00720	0.00713	0.00719	0.01168
11	0.01813	0.26779	0.18059	0.02072	0.02785	0.10133	0.24381	0.02290	0.01604	0.02014	0.01218	0.01502	0.00969	0.00635	0.00656	0.00201	0.01033	0.00578	0.00330	0.00949
12	0.00964	0.00726	0.00891	0.00850	0.01037	0.00653	0.00637	0.01259	0.01912	0.02609	0.53499	0.05725	0.23532	0.01548	0.00840	0.00228	0.00342	0.01345	0.00751	0.00653
13	0.00868	0.00620	0.00826	0.00991	0.01033	0.00578	0.00661	0.00991	0.01363	0.01818	0.03925	0.74510	0.04710	0.02231	0.00909	0.00289	0.00413	0.02024	0.00661	0.00578
14	0.01380	0.01296	0.02119	0.59045	0.10380	0.01570	0.01886	0.01885	0.03951	0.01909	0.01601	0.02136	0.04242	0.00780	0.00764	0.00237	0.02964	0.00680	0.00351	0.00824
15	0.02463	0.01797	0.01954	0.01542	0.02033	0.01976	0.01252	0.58501	0.03038	0.04072	0.01878	0.08146	0.01521	0.01066	0.00845	0.04622	0.00742	0.00762	0.00685	0.01105
16	0.00870	0.00722	0.00760	0.00751	0.00979	0.00613	0.00563	0.01076	0.01689	0.02081	0.17817	0.06594	0.59543	0.01745	0.00841	0.00238	0.00357	0.01467	0.00682	0.00613
17	0.01620	0.01351	0.01553	0.01123	0.01748	0.01096	0.00903	0.09524	0.01695	0.02573	0.01317	0.01504	0.01073	0.00565	0.00549	0.00118	0.00557	0.00447	0.00456	0.70229
18	0.01379	0.01276	0.02039	0.55913	0.09115	0.01533	0.01809	0.01971	0.07901	0.01970	0.01715	0.05656	0.03105	0.00834	0.00726	0.00238	0.00863	0.00741	0.00384	0.00832
19	0.01045	0.00736	0.00911	0.00915	0.00949	0.00779	0.00596	0.01126	0.01137	0.01572	0.04218	0.12985	0.02741	0.47189	0.13716	0.00664	0.04406	0.01094	0.02710	0.00512
20	0.01051	0.00738	0.00853	0.00882	0.00923	0.00746	0.00542	0.01237	0.06392	0.01612	0.02710	0.21801	0.03082	0.51240	0.02728	0.00556	0.00612	0.01263	0.00511	0.00522
21	0.01035	0.00684	0.00776	0.00789	0.00799	0.00681	0.00452	0.01058	0.01080	0.01467	0.02377	0.09978	0.02721	0.66272	0.03285	0.00638	0.00654	0.01097	0.03708	0.00452
22	0.01555	0.01687	0.03425	0.02526	0.03112	0.01623	0.50611	0.02154	0.05575	0.02244	0.02208	0.05600	0.07698	0.00865	0.00896	0.00248	0.03719	0.02919	0.00429	0.00905
23	0.02635	0.01952	0.02099	0.01604	0.02178	0.02135	0.01324	0.64293	0.03239	0.04361	0.01684	0.01696	0.01202	0.00836	0.00702	0.00207	0.00769	0.00628	0.00695	0.05761
24	0.01627	0.01315	0.01513	0.01146	0.01719	0.01120	0.00911	0.05374	0.11272	0.05232	0.01672	0.04173	0.01374	0.00678	0.00585	0.00141	0.00544	0.00553	0.00506	0.58544
25	0.01408	0.01300	0.02136	0.69923	0.04779	0.01611	0.01948	0.04913	0.01514	0.01944	0.01286	0.01890	0.00961	0.00719	0.00712	0.00236	0.00941	0.00633	0.00335	0.00811
26	0.02707	0.01995	0.02137	0.01638	0.02208	0.02208	0.01353	0.68159	0.03348	0.04488	0.01710	0.01710	0.01211	0.00855	0.00712	0.00214	0.00784	0.00641	0.00712	0.01211
27	0.00868	0.00725	0.00757	0.00757	0.00988	0.00615	0.00573	0.01068	0.01662	0.02022	0.13326	0.06738	0.61901	0.01774	0.00846	0.00242	0.00367	0.03488	0.00673	0.00610
28	0.80005	0.01377	0.01047	0.00936	0.01377	0.01597	0.00771	0.02093	0.01212	0.03195	0.00991	0.01157	0.00771	0.00661	0.00441	0.00220	0.00551	0.00386	0.00441	0.00771
29	0.01414	0.01253	0.01989	0.61402	0.04329	0.01536	0.01793	0.04481	0.04198	0.02041	0.01438	0.01986	0.01083	0.00738	0.00694	0.00230	0.00875	0.00643	0.07068	0.00810
30	0.01681	0.01921	0.04202	0.03001	0.03721	0.01801	0.67947	0.02281	0.01681	0.02281	0.01441	0.01921	0.01080	0.00600	0.00840	0.00240	0.01200	0.00840	0.00360	0.00960
31	0.02126	0.02010	0.02290	0.02564	0.24960	0.13748	0.01611	0.19228	0.09585	0.02793	0.01526	0.01738	0.01209	0.00798	0.00845	0.00216	0.07692	0.00616	0.00487	0.03959

[dist]
# distance from previous block
# <min> <max>
0	1

[block]
# block no. 2 follows, 29 sequences, length 13
# corresponding to MSA columns:
# 92,95-106
name=unknown_C
#
# <colnr> <probs for GDERKNQSTAVLIFYWHMCP>
#	G	D	E	R	K	N	Q	S	T	A	V	L	I	F	Y	W	H	M	C	P
0	0.53060	0.01416	0.01233	0.01092	0.01532	0.01614	0.00879	0.02570	0.21041	0.03086	0.01561	0.01611	0.01195	0.00743	0.00528	0.00220	0.00553	0.00510	0.00522	0.05036
1	0.01246	0.00919	0.01039	0.00975	0.01058	0.01000	0.00638	0.04493	0.10881	0.01768	0.02237	0.04061	0.02371	0.56784	0.03004	0.00583	0.04918	0.00961	0.00479	0.00586
2	0.01345	0.01266	0.02136	0.73264	0.04904	0.01582	0.01978	0.01819	0.01424	0.01819	0.01266	0.01898	0.00949	0.00712	0.00712	0.00237	0.00949	0.00633	0.00316	0.00791
3	0.01511	0.01489	0.02091	0.01806	0.01817	0.02068	0.01500	0.01675	0.01095	0.01708	0.01020	0.01666	0.01008	0.01603	0.08425	0.00384	0.67414	0.00635	0.00318	0.00766
4	0.01345	0.01266	0.02136	0.73264	0.04904	0.01582	0.01978	0.01819	0.01424	0.01819	0.01266	0.01898	0.00949	0.00712	0.00712	0.00237	0.00949	0.00633	0.00316	0.00791
5	0.02376	0.01504	0.01721	0.01393	0.01900	0.01557	0.01121	0.17153	0.27621	0.24111	0.02450	0.02262	0.01727	0.00871	0.00699	0.00215	0.00620	0.00703	0.00739	0.09258
6	0.01489	0.01305	0.01642	0.01173	0.01811	0.01001	0.04912	0.01823	0.01489	0.02318	0.01276	0.01503	0.01056	0.00532	0.00546	0.00114	0.00568	0.00447	0.00418	0.74577
7	0.00868	0.00620	0.00826	0.00991	0.01033	0.00578	0.00661	0.00991	0.01363	0.01818	0.03925	0.74510	0.04710	0.02231	0.00909	0.00289	0.00413	0.02024	0.00661	0.00578
8	0.01689	0.01617	0.02757	0.16546	0.58934	0.01672	0.02149	0.02121	0.01586	0.02237	0.01326	0.01786	0.01096	0.00648	0.00706	0.00216	0.00864	0.00634	0.00346	0.01068
9	0.01681	0.01921	0.04202	0.03001	0.03721	0.01801	0.67947	0.02281	0.01681	0.02281	0.01441	0.01921	0.01080	0.00600	0.00840	0.00240	0.01200	0.00840	0.00360	0.00960
10	0.01345	0.01266	0.02136	0.73264	0.04904	0.01582	0.01978	0.01819	0.01424	0.01819	0.01266	0.01898	0.00949	0.00712	0.00712	0.00237	0.00949	0.00633	0.00316	0.00791
11	0.02292	0.07973	0.02065	0.01853	0.07166	0.48290	0.01338	0.05408	0.01899	0.01902	0.01485	0.01726	0.04030	0.01245	0.08040	0.00287	0.01216	0.00551	0.00391	0.00842
12	0.00909	0.00673	0.00865	0.00977	0.01075	0.00607	0.00666	0.01051	0.01390	0.01861	0.03965	0.64538	0.09041	0.02079	0.00877	0.00273	0.00418	0.01873	0.00644	0.06220

[dist]
# distance from previous block
# <min> <max>
8	17

[block]
# block no. 3 follows, 29 sequences, length 24
# corresponding to MSA columns:
# 124-147
name=unknown_D
#
# <colnr> <probs for GDERKNQSTAVLIFYWHMCP>
#	G	D	E	R	K	N	Q	S	T	A	V	L	I	F	Y	W	H	M	C	P
0	0.02950	0.01459	0.08588	0.04048	0.02059	0.01127	0.01239	0.03287	0.01962	0.61594	0.02599	0.02312	0.01647	0.00855	0.00712	0.00221	0.00663	0.00694	0.00802	0.01180
1	0.01202	0.01025	0.01460	0.01355	0.01428	0.01308	0.01073	0.01399	0.01116	0.01648	0.01610	0.02552	0.01570	0.10440	0.42181	0.00821	0.26045	0.00741	0.00363	0.00665
2	0.01325	0.01238	0.02105	0.52755	0.06162	0.01446	0.06743	0.01774	0.01502	0.01944	0.04566	0.02839	0.05128	0.00900	0.00757	0.00244	0.00883	0.06513	0.00388	0.00787
3	0.01904	0.75404	0.03731	0.01218	0.01828	0.02818	0.01218	0.02132	0.01447	0.01675	0.00990	0.01142	0.00914	0.00609	0.00457	0.00152	0.00761	0.00381	0.00305	0.00914
4	0.01380	0.01165	0.01428	0.01079	0.01594	0.00914	0.02887	0.01659	0.01445	0.02201	0.03409	0.07526	0.01640	0.08081	0.00882	0.00185	0.00551	0.00642	0.00449	0.60880
5	0.09429	0.01794	0.07981	0.04383	0.21471	0.04452	0.13878	0.02266	0.09293	0.02317	0.01523	0.01936	0.01246	0.03012	0.06272	0.00312	0.06408	0.00671	0.00402	0.00954
6	0.01646	0.01862	0.09263	0.17232	0.38081	0.08041	0.01972	0.02069	0.01583	0.02118	0.01537	0.08492	0.01384	0.00812	0.00717	0.00223	0.00887	0.00737	0.00370	0.00975
7	0.00999	0.00728	0.00940	0.00887	0.01058	0.00668	0.00665	0.01327	0.01995	0.02806	0.66839	0.05400	0.10068	0.01474	0.00840	0.00225	0.00337	0.01299	0.00777	0.00668
8	0.02102	0.08770	0.04386	0.05849	0.15703	0.08444	0.11531	0.14378	0.05361	0.08669	0.01541	0.01763	0.01177	0.00766	0.00822	0.00219	0.06371	0.00639	0.00476	0.01033
9	0.00928	0.00701	0.00982	0.08176	0.01437	0.00708	0.00809	0.01101	0.01358	0.01806	0.03589	0.58223	0.06385	0.02354	0.07520	0.00362	0.00604	0.01750	0.00601	0.00606
10	0.80005	0.01377	0.01047	0.00936	0.01377	0.01597	0.00771	0.02093	0.01212	0.03195	0.00991	0.01157	0.00771	0.00661	0.00441	0.00220	0.00551	0.00386	0.00441	0.00771
11	0.00996	0.00728	0.00930	0.00983	0.01107	0.00679	0.00692	0.03642	0.01626	0.02218	0.21581	0.48080	0.07336	0.01892	0.00866	0.00260	0.00409	0.01696	0.00687	0.03589
12	0.01655	0.16552	0.16086	0.02045	0.09123	0.07521	0.12406	0.03764	0.01594	0.02076	0.01698	0.07710	0.01602	0.03195	0.00864	0.00240	0.03812	0.06760	0.00397	0.00901
13	0.01836	0.01845	0.02776	0.06682	0.61303	0.08684	0.02097	0.02237	0.01653	0.02249	0.01313	0.01720	0.01100	0.00647	0.00699	0.00210	0.00893	0.00617	0.00353	0.01085
14	0.03149	0.01285	0.01698	0.01301	0.01854	0.01155	0.01075	0.09493	0.02160	0.64832	0.02707	0.02357	0.01711	0.00879	0.00716	0.00220	0.00622	0.00709	0.00866	0.01212
15	0.01071	0.00813	0.01053	0.03976	0.01380	0.00825	0.00869	0.01507	0.09663	0.02161	0.12410	0.38276	0.06196	0.01851	0.00884	0.00280	0.00491	0.14946	0.00670	0.00682
16	0.09277	0.06137	0.55380	0.01979	0.02922	0.01708	0.08471	0.02236	0.01489	0.02328	0.01253	0.01493	0.00906	0.00665	0.00660	0.00223	0.01005	0.00536	0.00320	0.01010
17	0.01036	0.00690	0.00777	0.00777	0.00777	0.00690	0.00431	0.01036	0.01036	0.01381	0.02244	0.04660	0.02589	0.74975	0.03624	0.00690	0.00690	0.01036	0.00431	0.00431
18	0.01028	0.00718	0.00919	0.00919	0.00968	0.00768	0.00609	0.01127	0.01078	0.01486	0.02113	0.03938	0.02275	0.47986	0.30185	0.00866	0.01162	0.00930	0.00412	0.00511
19	0.01391	0.01250	0.01445	0.06699	0.01685	0.08255	0.01055	0.05634	0.01385	0.01826	0.01923	0.05082	0.04161	0.16001	0.26492	0.00644	0.13166	0.00809	0.00412	0.00685
20	0.01237	0.00618	0.00928	0.00928	0.00928	0.00618	0.00618	0.00928	0.00928	0.01237	0.01237	0.02165	0.01237	0.02474	0.02783	0.79283	0.00618	0.00618	0.00309	0.00309
21	0.00982	0.00727	0.00916	0.00869	0.01048	0.00661	0.00652	0.01294	0.01955	0.02712	0.60463	0.05555	0.16503	0.01509	0.00840	0.00226	0.00340	0.01321	0.00765	0.00661
22	0.01428	0.03683	0.71286	0.02030	0.03082	0.01654	0.02631	0.02255	0.01503	0.02255	0.01278	0.01503	0.00902	0.00677	0.00677	0.00226	0.01052	0.00526	0.00301	0.01052
23	0.01989	0.01631	0.01754	0.10589	0.04430	0.07941	0.01263	0.12236	0.30465	0.09605	0.02687	0.02624	0.07733	0.00953	0.00723	0.00229	0.00703	0.00777	0.00637	0.01031

[dist]
# distance from previous block
# <min> <max>
0	1

[block]
# block no. 4 follows, 29 sequences, length 22
# corresponding to MSA columns:
# 149-170
name=unknown_E
#
# <colnr> <probs for GDERKNQSTAVLIFYWHMCP>
#	G	D	E	R	K	N	Q	S	T	A	V	L	I	F	Y	W	H	M	C	P
0	0.01562	0.01580	0.02337	0.12579	0.07186	0.05601	0.10370	0.01827	0.01299	0.01814	0.01224	0.01979	0.01141	0.08693	0.01830	0.00317	0.36842	0.00688	0.00337	0.00795
1	0.04971	0.00719	0.00768	0.00762	0.00817	0.00730	0.00461	0.01211	0.01135	0.01721	0.02198	0.04092	0.02349	0.56687	0.02851	0.00564	0.00613	0.00930	0.15931	0.00494
2	0.53502	0.11694	0.03733	0.01102	0.01586	0.01760	0.00968	0.04954	0.01417	0.09497	0.01203	0.01324	0.00914	0.00704	0.00553	0.00214	0.03110	0.00440	0.00467	0.00860
3	0.01036	0.00690	0.00777	0.00777	0.00777	0.00690	0.00431	0.01036	0.01036	0.01381	0.02244	0.04660	0.02589	0.74975	0.03624	0.00690	0.00690	0.01036	0.00431	0.00431
4	0.04016	0.07517	0.04436	0.01536	0.01979	0.04525	0.09552	0.09359	0.17302	0.09254	0.08758	0.02896	0.05780	0.04490	0.00915	0.00250	0.02950	0.02939	0.00594	0.00950
5	0.01558	0.01558	0.02181	0.01869	0.01869	0.02181	0.01558	0.01714	0.01091	0.01714	0.00935	0.01558	0.00935	0.01246	0.02337	0.00312	0.73672	0.00623	0.00312	0.00779
6	0.02462	0.14419	0.02265	0.01676	0.02110	0.45768	0.01325	0.10970	0.08475	0.02192	0.01330	0.01445	0.01073	0.00751	0.00629	0.00188	0.01071	0.00502	0.00434	0.00916
7	0.01428	0.03683	0.71286	0.02030	0.03082	0.01654	0.02631	0.02255	0.01503	0.02255	0.01278	0.01503	0.00902	0.00677	0.00677	0.00226	0.01052	0.00526	0.00301	0.01052
8	0.01386	0.01022	0.01478	0.08544	0.05731	0.01003	0.05457	0.05163	0.01704	0.08799	0.05863	0.18246	0.19131	0.01508	0.00838	0.00258	0.00607	0.11875	0.00616	0.00772
9	0.01771	0.01530	0.01610	0.01449	0.01852	0.01771	0.01127	0.03784	0.69247	0.02979	0.02898	0.02657	0.02174	0.00966	0.00725	0.00242	0.00564	0.00805	0.00725	0.01127
10	0.01305	0.00668	0.00683	0.00680	0.00846	0.00664	0.00510	0.01638	0.01529	0.02669	0.06986	0.02838	0.02162	0.00873	0.00521	0.00170	0.00332	0.00707	0.73556	0.00664
11	0.01466	0.01389	0.02354	0.53290	0.23931	0.01614	0.02038	0.01925	0.01481	0.01966	0.01287	0.01859	0.01001	0.00689	0.00710	0.00230	0.00919	0.00633	0.00327	0.00889
12	0.01494	0.13536	0.62006	0.01918	0.02910	0.01814	0.02437	0.02238	0.01496	0.02175	0.01238	0.01454	0.00904	0.00667	0.00646	0.00215	0.01012	0.00506	0.00301	0.01033
13	0.01120	0.00800	0.01116	0.01281	0.01433	0.00796	0.01101	0.01429	0.01613	0.02101	0.03785	0.14440	0.04157	0.01992	0.00976	0.00324	0.00632	0.59599	0.00656	0.00648
14	0.12979	0.01417	0.01688	0.01311	0.01853	0.01390	0.01083	0.18474	0.02239	0.46669	0.02317	0.02093	0.01505	0.00847	0.00680	0.00219	0.00641	0.00656	0.00785	0.01155
15	0.01130	0.00721	0.00819	0.00843	0.00978	0.00699	0.00596	0.04038	0.01545	0.02277	0.09744	0.25031	0.10893	0.09595	0.01045	0.00276	0.00418	0.01264	0.27459	0.00629
16	0.00967	0.00702	0.00912	0.00911	0.01052	0.00647	0.00664	0.01246	0.01843	0.02568	0.51679	0.21943	0.08889	0.01656	0.00856	0.00240	0.00355	0.01473	0.00749	0.00647
17	0.00881	0.00625	0.00822	0.00974	0.01012	0.00588	0.00642	0.00995	0.01336	0.01782	0.03787	0.68774	0.04535	0.08205	0.01132	0.00322	0.00436	0.01943	0.00642	0.00566
18	0.02963	0.01161	0.01578	0.01228	0.01738	0.01007	0.01007	0.03245	0.02036	0.63810	0.09938	0.02730	0.02287	0.00942	0.00729	0.00221	0.00577	0.00777	0.00871	0.01155
19	0.01616	0.01542	0.02626	0.28520	0.47528	0.01653	0.02112	0.02057	0.01552	0.02149	0.01314	0.01810	0.01065	0.00662	0.00707	0.00221	0.00882	0.00634	0.00340	0.01010
20	0.58227	0.01330	0.01218	0.01030	0.01502	0.01441	0.00849	0.02484	0.01446	0.22427	0.01507	0.01516	0.01052	0.00723	0.00519	0.00220	0.00566	0.00479	0.00566	0.00896
21	0.06381	0.02874	0.01905	0.01681	0.02075	0.51761	0.01286	0.14262	0.02180	0.02357	0.01281	0.01440	0.01020	0.00758	0.00635	0.00189	0.01099	0.00500	0.05436	0.00881

[dist]
# distance from previous block
# <min> <max>
0	1

[block]
# block no. 5 follows, 29 sequences, length 12
# corresponding to MSA columns:
# 172-183
name=unknown_F
#
# <colnr> <probs for GDERKNQSTAVLIFYWHMCP>
#	G	D	E	R	K	N	Q	S	T	A	V	L	I	F	Y	W	H	M	C	P
0	0.05049	0.16122	0.04433	0.24101	0.13973	0.11776	0.01638	0.02332	0.05794	0.06307	0.01387	0.01681	0.01085	0.00706	0.00640	0.00207	0.00885	0.00562	0.00392	0.00928
1	0.01100	0.00813	0.00993	0.01044	0.01179	0.00800	0.00746	0.05189	0.05725	0.02073	0.05542	0.42374	0.08048	0.11024	0.01214	0.00325	0.00500	0.07655	0.00635	0.03020
2	0.01823	0.06011	0.06067	0.03740	0.54836	0.05882	0.02043	0.04615	0.01693	0.02325	0.01391	0.01877	0.01187	0.00690	0.00695	0.00211	0.00869	0.02595	0.00371	0.01083
3	0.20190	0.06083	0.01483	0.01321	0.05319	0.07226	0.00961	0.01875	0.01484	0.07950	0.06880	0.19812	0.02377	0.03651	0.00870	0.00244	0.05149	0.00939	0.00526	0.05662
4	0.00882	0.00633	0.00814	0.00953	0.01004	0.00590	0.00631	0.00998	0.01350	0.01784	0.03989	0.63336	0.08948	0.09067	0.01161	0.00324	0.00436	0.01896	0.00639	0.00566
5	0.01237	0.00618	0.00928	0.00928	0.00928	0.00618	0.00618	0.00928	0.00928	0.01237	0.01237	0.02165	0.01237	0.02474	0.02783	0.79283	0.00618	0.00618	0.00309	0.00309
6	0.04618	0.30575	0.23473	0.01685	0.02355	0.16528	0.04851	0.02306	0.01571	0.01946	0.01118	0.01331	0.00915	0.00678	0.00643	0.00193	0.03489	0.00471	0.00324	0.00930
7	0.01036	0.00690	0.00777	0.00777	0.00777	0.00690	0.00431	0.01036	0.01036	0.01381	0.02244	0.04660	0.02589	0.74975	0.03624	0.00690	0.00690	0.01036	0.00431	0.00431
8	0.00868	0.00620	0.00826	0.00991	0.01033	0.00578	0.00661	0.00991	0.01363	0.01818	0.03925	0.74510	0.04710	0.02231	0.00909	0.00289	0.00413	0.02024	0.00661	0.00578
9	0.01650	0.01579	0.02722	0.17515	0.49032	0.01657	0.05760	0.02058	0.01542	0.02164	0.01312	0.01804	0.01087	0.00734	0.00846	0.02981	0.03555	0.00645	0.00343	0.01011
10	0.01665	0.13846	0.24192	0.10652	0.07953	0.06009	0.18444	0.02283	0.04323	0.02125	0.01332	0.01650	0.01023	0.00663	0.00689	0.00216	0.01011	0.00609	0.00343	0.00972
11	0.01120	0.00792	0.01075	0.01188	0.01354	0.00788	0.01011	0.01436	0.01635	0.02192	0.10162	0.07045	0.07751	0.02048	0.05358	0.00354	0.00666	0.47853	0.05519	0.00653

[dist]
# distance from previous block
# <min> <max>
1	10

[block]
# block no. 6 follows, 29 sequences, length 190
# corresponding to MSA columns:
# 203-294,296-393
name=unknown_G
#
# <colnr> <probs for GDERKNQSTAVLIFYWHMCP>
#	G	D	E	R	K	N	Q	S	T	A	V	L	I	F	Y	W	H	M	C	P
0	0.00962	0.00732	0.00983	0.01061	0.01121	0.00754	0.00752	0.01128	0.01456	0.01998	0.15822	0.54567	0.04707	0.01991	0.01037	0.00279	0.07636	0.01750	0.00649	0.00615
1	0.00995	0.00718	0.00941	0.00904	0.01061	0.00664	0.00671	0.01313	0.01958	0.02764	0.64305	0.11433	0.06541	0.01524	0.00846	0.00230	0.00343	0.01353	0.00773	0.00664
2	0.01771	0.01530	0.01610	0.01449	0.01852	0.01771	0.01127	0.03784	0.69247	0.02979	0.02898	0.02657	0.02174	0.00966	0.00725	0.00242	0.00564	0.00805	0.00725	0.01127
3	0.01771	0.01530	0.01610	0.01449	0.01852	0.01771	0.01127	0.03784	0.69247	0.02979	0.02898	0.02657	0.02174	0.00966	0.00725	0.00242	0.00564	0.00805	0.00725	0.01127
4	0.02319	0.01527	0.01977	0.01623	0.05382	0.05524	0.08141	0.08986	0.07120	0.27328	0.05279	0.02162	0.01678	0.00789	0.00691	0.00197	0.00705	0.00676	0.00642	0.17252
5	0.02131	0.01675	0.01788	0.01507	0.01970	0.01894	0.01200	0.25360	0.44956	0.05706	0.02497	0.02331	0.01837	0.00926	0.00720	0.00231	0.00639	0.00747	0.00726	0.01158
6	0.00958	0.00734	0.00883	0.00869	0.01064	0.00659	0.00667	0.01234	0.01831	0.02433	0.39945	0.06159	0.30627	0.01636	0.00854	0.00240	0.00376	0.07464	0.00725	0.00643
7	0.01771	0.01530	0.01610	0.01449	0.01852	0.01771	0.01127	0.03784	0.69247	0.02979	0.02898	0.02657	0.02174	0.00966	0.00725	0.00242	0.00564	0.00805	0.00725	0.01127
8	0.01328	0.00686	0.00719	0.03379	0.00982	0.00698	0.00553	0.01665	0.01491	0.02623	0.02283	0.02626	0.01792	0.00825	0.00506	0.00169	0.00355	0.00663	0.75988	0.00668
9	0.00881	0.00630	0.00839	0.00982	0.01036	0.00588	0.00662	0.01026	0.01428	0.01920	0.10467	0.67675	0.04908	0.02154	0.00902	0.00283	0.00405	0.01952	0.00673	0.00588
10	0.00933	0.00751	0.00849	0.00898	0.01116	0.00667	0.00723	0.01158	0.01628	0.01986	0.06182	0.07206	0.50429	0.01852	0.00884	0.00267	0.00449	0.20747	0.00660	0.00617
11	0.01762	0.01692	0.02890	0.04371	0.70533	0.01692	0.02185	0.02185	0.01621	0.02326	0.01339	0.01762	0.01128	0.00634	0.00705	0.00211	0.00846	0.00634	0.00352	0.01128
12	0.01210	0.00718	0.00872	0.00841	0.01014	0.00678	0.00627	0.01521	0.01769	0.05926	0.36590	0.11081	0.04566	0.01285	0.00721	0.00210	0.00355	0.01114	0.28217	0.00685
13	0.00868	0.00620	0.00826	0.00991	0.01033	0.00578	0.00661	0.00991	0.01363	0.01818	0.03925	0.74510	0.04710	0.02231	0.00909	0.00289	0.00413	0.02024	0.00661	0.00578
14	0.76153	0.01342	0.01028	0.00923	0.01350	0.01552	0.00758	0.02072	0.01226	0.03168	0.01057	0.01230	0.00823	0.00669	0.00443	0.00218	0.00540	0.00399	0.04283	0.00766
15	0.01451	0.07096	0.68071	0.01991	0.03022	0.01709	0.02564	0.02249	0.01501	0.02227	0.01264	0.01486	0.00903	0.00673	0.00666	0.00222	0.01039	0.00519	0.00301	0.01046
16	0.01459	0.03410	0.61414	0.02119	0.03089	0.01693	0.09074	0.02233	0.01502	0.02233	0.01278	0.01547	0.00921	0.00695	0.00770	0.00231	0.04433	0.00562	0.00307	0.01031
17	0.80005	0.01377	0.01047	0.00936	0.01377	0.01597	0.00771	0.02093	0.01212	0.03195	0.00991	0.01157	0.00771	0.00661	0.00441	0.00220	0.00551	0.00386	0.00441	0.00771
18	0.00899	0.00633	0.00817	0.00951	0.00985	0.00599	0.00618	0.01000	0.01302	0.01736	0.03612	0.61507	0.04315	0.15773	0.01414	0.00364	0.00465	0.01840	0.00618	0.00551
19	0.01475	0.00831	0.01101	0.00975	0.01225	0.00752	0.00752	0.01798	0.02020	0.17405	0.55784	0.04701	0.05661	0.01333	0.00813	0.00223	0.00394	0.01166	0.00805	0.00787
20	0.02240	0.14568	0.06598	0.02289	0.17134	0.39068	0.01594	0.02580	0.03995	0.01930	0.01204	0.01424	0.01003	0.00696	0.00631	0.00189	0.01067	0.00500	0.00361	0.00929
21	0.01461	0.05896	0.64550	0.02069	0.03084	0.01701	0.07005	0.02253	0.01514	0.02238	0.01280	0.01520	0.00914	0.00669	0.00680	0.00224	0.01053	0.00543	0.00305	0.01042
22	0.03195	0.01212	0.01652	0.01267	0.01818	0.01047	0.01047	0.03470	0.02038	0.71026	0.02809	0.02424	0.01763	0.00881	0.00716	0.00220	0.00606	0.00716	0.00881	0.01212
23	0.00904	0.00655	0.00858	0.01002	0.01061	0.00622	0.00677	0.01101	0.03638	0.01907	0.07133	0.68749	0.04724	0.02151	0.00899	0.00284	0.00414	0.01948	0.00669	0.00601
24	0.02565	0.01334	0.04160	0.01329	0.01794	0.01223	0.01109	0.08230	0.08149	0.44041	0.05336	0.09546	0.02170	0.01053	0.00818	0.00233	0.04180	0.00858	0.00779	0.01093
25	0.02263	0.01263	0.01496	0.01274	0.01698	0.01290	0.01009	0.03269	0.30574	0.31590	0.03018	0.06971	0.04207	0.01023	0.00722	0.00231	0.00552	0.00853	0.05614	0.01085
26	0.01036	0.00690	0.00777	0.00777	0.00777	0.00690	0.00431	0.01036	0.01036	0.01381	0.02244	0.04660	0.02589	0.74975	0.03624	0.00690	0.00690	0.01036	0.00431	0.00431
27	0.01096	0.00879	0.01295	0.01250	0.01359	0.01078	0.00987	0.01336	0.01137	0.01662	0.01766	0.02617	0.01657	0.04744	0.61977	0.01023	0.12368	0.00743	0.00371	0.00657
28	0.01345	0.01266	0.02136	0.73264	0.04904	0.01582	0.01978	0.01819	0.01424	0.01819	0.01266	0.01898	0.00949	0.00712	0.00712	0.00237	0.00949	0.00633	0.00316	0.00791
29	0.01147	0.00820	0.01147	0.01311	0.01475	0.00820	0.01147	0.01475	0.01639	0.02131	0.03770	0.08032	0.04098	0.01967	0.00984	0.00328	0.00656	0.65741	0.00656	0.00656
30	0.01762	0.01692	0.02890	0.04371	0.70533	0.01692	0.02185	0.02185	0.01621	0.02326	0.01339	0.01762	0.01128	0.00634	0.00705	0.00211	0.00846	0.00634	0.00352	0.01128
31	0.01645	0.02183	0.14431	0.02897	0.05805	0.01775	0.55799	0.02274	0.01652	0.02278	0.01412	0.01852	0.01055	0.00613	0.00811	0.00237	0.01166	0.00786	0.00351	0.00980
32	0.01031	0.00708	0.00866	0.00866	0.00896	0.00739	0.00543	0.01093	0.01062	0.01447	0.02162	0.04209	0.02393	0.58112	0.20220	0.00800	0.00985	0.00969	0.00419	0.00481
33	0.01497	0.01474	0.02168	0.22270	0.02737	0.02010	0.01678	0.01744	0.01186	0.01744	0.01029	0.01655	0.00939	0.01094	0.01873	0.00290	0.52892	0.00626	0.00313	0.00782
34	0.01312	0.00662	0.00669	0.00674	0.00836	0.00661	0.00503	0.01638	0.01489	0.02628	0.02375	0.04980	0.01918	0.00875	0.00511	0.00170	0.00334	0.00708	0.76395	0.00661
35	0.01729	0.01661	0.02860	0.06379	0.64367	0.01667	0.04278	0.02157	0.01618	0.02304	0.01410	0.01950	0.01205	0.00674	0.00717	0.00217	0.00855	0.02494	0.00360	0.01099
36	0.01484	0.01290	0.01577	0.01126	0.01762	0.00980	0.03307	0.01811	0.01484	0.02319	0.01272	0.01493	0.01056	0.00530	0.00539	0.00110	0.00552	0.00437	0.00420	0.76452
37	0.01904	0.75404	0.03731	0.01218	0.01828	0.02818	0.01218	0.02132	0.01447	0.01675	0.00990	0.01142	0.00914	0.00609	0.00457	0.00152	0.00761	0.00381	0.00305	0.00914
38	0.01083	0.00807	0.01017	0.00950	0.01142	0.00780	0.00717	0.01585	0.08657	0.02868	0.63513	0.05056	0.06270	0.01407	0.00828	0.00226	0.00358	0.01240	0.00778	0.00717
39	0.01091	0.00856	0.01224	0.01182	0.01273	0.01029	0.00906	0.01293	0.01120	0.01618	0.01832	0.02925	0.01795	0.15685	0.52238	0.00964	0.11177	0.00787	0.00380	0.00623
40	0.03124	0.01326	0.01723	0.01321	0.01875	0.01216	0.01091	0.12899	0.02229	0.61328	0.02649	0.02320	0.01682	0.00877	0.00716	0.00219	0.00632	0.00705	0.00857	0.01212
41	0.01017	0.00763	0.01144	0.01144	0.01272	0.00890	0.00890	0.01272	0.01144	0.01653	0.01907	0.02797	0.01780	0.05340	0.72153	0.01144	0.01907	0.00763	0.00381	0.00636
42	0.02660	0.03394	0.02018	0.01834	0.02201	0.72116	0.01376	0.02843	0.02018	0.01743	0.01101	0.01284	0.00917	0.00734	0.00642	0.00183	0.01284	0.00459	0.00367	0.00825
43	0.01784	0.01444	0.01563	0.01414	0.01802	0.01640	0.01110	0.03549	0.59460	0.06490	0.05037	0.03059	0.02412	0.01039	0.00744	0.00245	0.00564	0.04825	0.00730	0.01088
44	0.00978	0.00718	0.00818	0.00839	0.01032	0.00623	0.00611	0.01163	0.01613	0.05279	0.12599	0.24900	0.42597	0.01840	0.00854	0.00251	0.00384	0.01585	0.00684	0.00631
45	0.00842	0.00718	0.00725	0.00730	0.00964	0.00600	0.00545	0.01021	0.01614	0.01920	0.07105	0.09088	0.68079	0.01817	0.00844	0.00242	0.00362	0.01520	0.00661	0.00600
46	0.01556	0.01616	0.01438	0.03468	0.01615	0.22553	0.01036	0.01736	0.01424	0.01672	0.01846	0.10930	0.01879	0.12656	0.24627	0.00592	0.07430	0.00841	0.00409	0.00675
47	0.06939	0.01246	0.01639	0.01263	0.01809	0.01112	0.01043	0.05568	0.02041	0.65478	0.02683	0.02338	0.01696	0.00870	0.00702	0.00220	0.00609	0.00697	0.00854	0.01190
48	0.00868	0.00620	0.00826	0.00991	0.01033	0.00578	0.00661	0.00991	0.01363	0.01818	0.03925	0.74510	0.04710	0.02231	0.00909	0.00289	0.00413	0.02024	0.00661	0.00578
49	0.01327	0.00664	0.00664	0.00664	0.00830	0.00664	0.00498	0.01659	0.01493	0.02655	0.02323	0.02655	0.01825	0.00830	0.00498	0.00166	0.00332	0.00664	0.78928	0.00664
50	0.01363	0.01226	0.02026	0.62856	0.07585	0.01496	0.01841	0.01821	0.01440	0.01926	0.01374	0.01967	0.01044	0.00720	0.00690	0.00229	0.00883	0.00636	0.08084	0.00794
51	0.00997	0.00727	0.00936	0.00884	0.01057	0.00667	0.00663	0.01322	0.01989	0.02792	0.65878	0.05423	0.11038	0.01479	0.00840	0.00225	0.00338	0.01302	0.00776	0.00667
52	0.76372	0.01472	0.01092	0.00979	0.01416	0.04910	0.00800	0.02128	0.01250	0.03127	0.00997	0.01163	0.00778	0.00664	0.00450	0.00219	0.00585	0.00389	0.00437	0.00774
53	0.02470	0.03069	0.01931	0.01827	0.04619	0.62588	0.01315	0.02644	0.01908	0.01730	0.01220	0.01628	0.01086	0.07897	0.00932	0.00233	0.01210	0.00521	0.00373	0.00799
54	0.01036	0.00690	0.00777	0.00777	0.00777	0.00690	0.00431	0.01036	0.01036	0.01381	0.02244	0.04660	0.02589	0.74975	0.03624	0.00690	0.00690	0.01036	0.00431	0.00431
55	0.01867	0.01911	0.02541	0.10903	0.45606	0.13280	0.01926	0.02413	0.08346	0.02241	0.01446	0.01786	0.01178	0.00692	0.00697	0.00213	0.00901	0.00622	0.00388	0.01043
56	0.01733	0.01651	0.02808	0.04227	0.67289	0.01651	0.02137	0.02152	0.01622	0.02317	0.01454	0.02057	0.01267	0.00697	0.00718	0.00217	0.00837	0.03693	0.00367	0.01106
57	0.03195	0.01212	0.01652	0.01267	0.01818	0.01047	0.01047	0.03470	0.02038	0.71026	0.02809	0.02424	0.01763	0.00881	0.00716	0.00220	0.00606	0.00716	0.00881	0.01212
58	0.01504	0.01428	0.02423	0.47042	0.29883	0.01624	0.02057	0.01959	0.01499	0.02012	0.01294	0.01847	0.01017	0.00682	0.00709	0.00227	0.00910	0.00633	0.00330	0.00919
59	0.01147	0.00807	0.00946	0.00904	0.00944	0.00859	0.00571	0.04607	0.01168	0.01581	0.02125	0.04206	0.02372	0.61978	0.08823	0.00683	0.04364	0.00973	0.00436	0.00505
60	0.00876	0.00623	0.00824	0.00981	0.01020	0.00584	0.00650	0.00994	0.01347	0.01796	0.03842	0.71091	0.04606	0.05792	0.01042	0.00309	0.00427	0.01976	0.00650	0.00571
61	0.00908	0.00644	0.00850	0.00999	0.01048	0.00610	0.00682	0.01038	0.01357	0.01804	0.03752	0.62031	0.04455	0.09086	0.01172	0.00331	0.00461	0.07561	0.00639	0.00571
62	0.05277	0.14295	0.47688	0.01997	0.02903	0.01851	0.11976	0.02232	0.01507	0.02215	0.01244	0.01493	0.00924	0.00654	0.00656	0.00216	0.01006	0.00544	0.00317	0.01004
63	0.01681	0.01921	0.04202	0.03001	0.03721	0.01801	0.67947	0.02281	0.01681	0.02281	0.01441	0.01921	0.01080	0.00600	0.00840	0.00240	0.01200	0.00840	0.00360	0.00960
64	0.01147	0.00820	0.01147	0.01311	0.01475	0.00820	0.01147	0.01475	0.01639	0.02131	0.03770	0.08032	0.04098	0.01967	0.00984	0.00328	0.00656	0.65741	0.00656	0.00656
65	0.01489	0.06826	0.57799	0.02140	0.03120	0.01732	0.12565	0.02253	0.01528	0.02231	0.01289	0.01550	0.00930	0.00662	0.00691	0.00224	0.01061	0.00567	0.00310	0.01032
66	0.00868	0.00620	0.00826	0.00991	0.01033	0.00578	0.00661	0.00991	0.01363	0.01818	0.03925	0.74510	0.04710	0.02231	0.00909	0.00289	0.00413	0.02024	0.00661	0.00578
67	0.01477	0.01266	0.01477	0.01055	0.01687	0.00949	0.00844	0.01793	0.01477	0.02320	0.01266	0.01477	0.01055	0.00527	0.00527	0.00105	0.00527	0.00422	0.00422	0.79328
68	0.80005	0.01377	0.01047	0.00936	0.01377	0.01597	0.00771	0.02093	0.01212	0.03195	0.00991	0.01157	0.00771	0.00661	0.00441	0.00220	0.00551	0.00386	0.00441	0.00771
69	0.01036	0.00690	0.00777	0.00777	0.00777	0.00690	0.00431	0.01036	0.01036	0.01381	0.02244	0.04660	0.02589	0.74975	0.03624	0.00690	0.00690	0.01036	0.00431	0.00431
70	0.01302	0.01200	0.02022	0.56725	0.04153	0.01431	0.05200	0.01714	0.01435	0.01847	0.03579	0.02388	0.06114	0.01037	0.03160	0.03931	0.00920	0.00727	0.00358	0.00756
71	0.01280	0.00679	0.00737	0.00737	0.00897	0.00698	0.00558	0.01600	0.01440	0.02501	0.02259	0.02677	0.01818	0.01520	0.11470	0.00316	0.00573	0.00679	0.66901	0.00659
72	0.01516	0.01289	0.01498	0.01074	0.01704	0.00990	0.00860	0.03941	0.01537	0.02390	0.01280	0.01484	0.01060	0.00538	0.00533	0.00109	0.00536	0.00429	0.00431	0.76800
73	0.01477	0.01266	0.01477	0.01055	0.01687	0.00949	0.00844	0.01793	0.01477	0.02320	0.01266	0.01477	0.01055	0.00527	0.00527	0.00105	0.00527	0.00422	0.00422	0.79328
74	0.01904	0.75404	0.03731	0.01218	0.01828	0.02818	0.01218	0.02132	0.01447	0.01675	0.00990	0.01142	0.00914	0.00609	0.00457	0.00152	0.00761	0.00381	0.00305	0.00914
75	0.01500	0.01177	0.01327	0.01197	0.01507	0.01270	0.00924	0.04669	0.35120	0.05108	0.30575	0.03859	0.06400	0.01190	0.00775	0.00233	0.00471	0.01020	0.00751	0.00927
76	0.01039	0.00720	0.00930	0.00930	0.00991	0.00775	0.00631	0.01161	0.01100	0.01548	0.02102	0.03782	0.02212	0.42189	0.32902	0.00865	0.01198	0.00904	0.03492	0.00528
77	0.01771	0.01530	0.01610	0.01449	0.01852	0.01771	0.01127	0.03784	0.69247	0.02979	0.02898	0.02657	0.02174	0.00966	0.00725	0.00242	0.00564	0.00805	0.00725	0.01127
78	0.01017	0.00763	0.01144	0.01144	0.01272	0.00890	0.00890	0.01272	0.01144	0.01653	0.01907	0.02797	0.01780	0.05340	0.72153	0.01144	0.01907	0.00763	0.00381	0.00636
79	0.01771	0.01530	0.01610	0.01449	0.01852	0.01771	0.01127	0.03784	0.69247	0.02979	0.02898	0.02657	0.02174	0.00966	0.00725	0.00242	0.00564	0.00805	0.00725	0.01127
80	0.00884	0.00753	0.00765	0.00756	0.01001	0.00650	0.00569	0.01142	0.04293	0.02000	0.09398	0.06631	0.65196	0.01757	0.00837	0.00240	0.00368	0.01467	0.00668	0.00624
81	0.00905	0.00645	0.00861	0.01020	0.01074	0.00609	0.00708	0.01047	0.01383	0.01838	0.03851	0.64683	0.04570	0.04636	0.01008	0.00307	0.00450	0.09169	0.00653	0.00582
82	0.00842	0.00721	0.00721	0.00721	0.00962	0.00601	0.00541	0.01022	0.01623	0.01924	0.07213	0.06853	0.70244	0.01803	0.00842	0.00240	0.00361	0.01503	0.00661	0.00601
83	0.09973	0.01936	0.02034	0.01572	0.02130	0.02151	0.01299	0.61949	0.03147	0.04366	0.01642	0.01658	0.01170	0.00837	0.00687	0.00214	0.00762	0.00617	0.00687	0.01170
84	0.02740	0.01941	0.02104	0.01613	0.02181	0.02129	0.01332	0.63721	0.03258	0.09052	0.01785	0.01759	0.01249	0.00857	0.00713	0.00214	0.00771	0.00646	0.00724	0.01211
85	0.01017	0.00763	0.01144	0.01144	0.01272	0.00890	0.00890	0.01272	0.01144	0.01653	0.01907	0.02797	0.01780	0.05340	0.72153	0.01144	0.01907	0.00763	0.00381	0.00636
86	0.01327	0.00664	0.00664	0.00664	0.00830	0.00664	0.00498	0.01659	0.01493	0.02655	0.02323	0.02655	0.01825	0.00830	0.00498	0.00166	0.00332	0.00664	0.78928	0.00664
87	0.01564	0.01489	0.02532	0.37124	0.39331	0.01640	0.02087	0.02011	0.01527	0.02085	0.01304	0.01827	0.01043	0.00671	0.00708	0.00224	0.00895	0.00634	0.00335	0.00968
88	0.01066	0.00832	0.01212	0.01188	0.01290	0.00994	0.00919	0.01289	0.01142	0.01650	0.01924	0.06155	0.01882	0.09079	0.57496	0.00992	0.09038	0.00825	0.00391	0.00635
89	0.40632	0.01616	0.01556	0.01259	0.01763	0.01797	0.01038	0.29540	0.02175	0.10278	0.01464	0.01508	0.01049	0.00762	0.00580	0.00218	0.00652	0.00523	0.00596	0.00996
90	0.01072	0.00803	0.01129	0.08294	0.01647	0.00825	0.01033	0.01380	0.03431	0.01998	0.03560	0.34038	0.03978	0.01921	0.00919	0.00301	0.00584	0.31808	0.00626	0.00651
91	0.01578	0.02302	0.23020	0.02457	0.03198	0.01658	0.39294	0.05371	0.01680	0.02336	0.01652	0.08961	0.01394	0.00796	0.00794	0.00239	0.01060	0.00857	0.00390	0.00961
92	0.01771	0.01530	0.01610	0.01449	0.01852	0.01771	0.01127	0.03784	0.69247	0.02979	0.02898	0.02657	0.02174	0.00966	0.00725	0.00242	0.00564	0.00805	0.00725	0.01127
93	0.76326	0.01403	0.01195	0.01033	0.01487	0.01607	0.03927	0.02102	0.01234	0.03152	0.01013	0.01193	0.00786	0.00658	0.00459	0.00221	0.00581	0.00407	0.00437	0.00780
94	0.01447	0.00779	0.00792	0.00748	0.00949	0.00798	0.00572	0.07434	0.01654	0.02814	0.02270	0.02573	0.01772	0.00832	0.00516	0.00170	0.00371	0.00662	0.72135	0.00711
95	0.01379	0.01301	0.02198	0.67592	0.10307	0.01591	0.01995	0.01849	0.01440	0.01861	0.01272	0.01887	0.00964	0.00706	0.00711	0.00235	0.00941	0.00633	0.00319	0.00819
96	0.01762	0.01692	0.02890	0.04371	0.70533	0.01692	0.02185	0.02185	0.01621	0.02326	0.01339	0.01762	0.01128	0.00634	0.00705	0.00211	0.00846	0.00634	0.00352	0.01128
97	0.03195	0.01212	0.01652	0.01267	0.01818	0.01047	0.01047	0.03470	0.02038	0.71026	0.02809	0.02424	0.01763	0.00881	0.00716	0.00220	0.00606	0.00716	0.00881	0.01212
98	0.01000	0.00855	0.00875	0.00847	0.01112	0.00796	0.00642	0.01487	0.12779	0.02126	0.08451	0.06114	0.57060	0.01655	0.00822	0.00240	0.00393	0.01381	0.00675	0.00690
99	0.01345	0.01266	0.02136	0.73264	0.04904	0.01582	0.01978	0.01819	0.01424	0.01819	0.01266	0.01898	0.00949	0.00712	0.00712	0.00237	0.00949	0.00633	0.00316	0.00791
100	0.01345	0.01266	0.02136	0.73264	0.04904	0.01582	0.01978	0.01819	0.01424	0.01819	0.01266	0.01898	0.00949	0.00712	0.00712	0.00237	0.00949	0.00633	0.00316	0.00791
101	0.01345	0.01266	0.02136	0.73264	0.04904	0.01582	0.01978	0.01819	0.01424	0.01819	0.01266	0.01898	0.00949	0.00712	0.00712	0.00237	0.00949	0.00633	0.00316	0.00791
102	0.00944	0.00717	0.00884	0.00970	0.01124	0.00657	0.00745	0.01160	0.01588	0.02035	0.11431	0.27112	0.27699	0.01939	0.00898	0.00276	0.00449	0.18087	0.00672	0.00615
103	0.01202	0.00642	0.00962	0.00962	0.00983	0.00662	0.00662	0.00983	0.00962	0.01304	0.01344	0.02266	0.01324	0.02934	0.13920	0.66738	0.00825	0.00642	0.00321	0.00362
104	0.01428	0.03683	0.71286	0.02030	0.03082	0.01654	0.02631	0.02255	0.01503	0.02255	0.01278	0.01503	0.00902	0.00677	0.00677	0.00226	0.01052	0.00526	0.00301	0.01052
105	0.03195	0.01212	0.01652	0.01267	0.01818	0.01047	0.01047	0.03470	0.02038	0.71026	0.02809	0.02424	0.01763	0.00881	0.00716	0.00220	0.00606	0.00716	0.00881	0.01212
106	0.10300	0.03195	0.01922	0.01746	0.02120	0.65150	0.01316	0.02769	0.01938	0.01886	0.01090	0.01272	0.00903	0.00727	0.00622	0.00187	0.01212	0.00451	0.00374	0.00820
107	0.01504	0.01484	0.02170	0.19854	0.02634	0.02030	0.01664	0.01740	0.01174	0.01740	0.01018	0.01644	0.00938	0.01112	0.01927	0.00293	0.55352	0.00626	0.00313	0.00782
108	0.00929	0.00663	0.00897	0.01062	0.01130	0.00631	0.00768	0.01098	0.01424	0.01886	0.03891	0.59943	0.04576	0.02173	0.00925	0.00298	0.00466	0.15987	0.00660	0.00595
109	0.01036	0.00690	0.00777	0.00777	0.00777	0.00690	0.00431	0.01036	0.01036	0.01381	0.02244	0.04660	0.02589	0.74975	0.03624	0.00690	0.00690	0.01036	0.00431	0.00431
110	0.01345	0.01266	0.02136	0.73264	0.04904	0.01582	0.01978	0.01819	0.01424	0.01819	0.01266	0.01898	0.00949	0.00712	0.00712	0.00237	0.00949	0.00633	0.00316	0.00791
111	0.01288	0.01564	0.13911	0.01242	0.01606	0.05721	0.01128	0.08023	0.01719	0.02215	0.05797	0.23548	0.23976	0.01524	0.00854	0.00247	0.03025	0.01280	0.00573	0.00760
112	0.01133	0.00809	0.01131	0.01295	0.01452	0.00807	0.01122	0.01450	0.01625	0.02115	0.03778	0.11518	0.04130	0.01981	0.00980	0.00326	0.00643	0.62400	0.00656	0.00652
113	0.00872	0.00623	0.00830	0.00988	0.01034	0.00582	0.00661	0.01003	0.01385	0.01852	0.06143	0.72193	0.04777	0.02205	0.00907	0.00287	0.00411	0.02000	0.00665	0.00582
