[name]
unknown

[dist]
# distance from previous block
# <min> <max>
0	75

[block]
# block no. 0 follows, 30 sequences, length 10
# corresponding to MSA columns:
# 75-84
name=unknown_A
#
# <colnr> <probs for GDERKNQSTAVLIFYWHMCP>
#	G	D	E	R	K	N	Q	S	T	A	V	L	I	F	Y	W	H	M	C	P
0	0.01201	0.00852	0.01000	0.01068	0.01192	0.04871	0.00771	0.01370	0.01465	0.07913	0.06844	0.47201	0.03944	0.05290	0.04838	0.00334	0.00581	0.07988	0.00631	0.00644
1	0.01737	0.01623	0.02724	0.09733	0.47061	0.01667	0.08861	0.09027	0.01727	0.02414	0.01387	0.01809	0.01131	0.00917	0.04915	0.00266	0.00928	0.00651	0.00382	0.01040
2	0.02560	0.01909	0.02042	0.01587	0.02129	0.02121	0.01304	0.62216	0.10012	0.04248	0.01793	0.01769	0.01282	0.00849	0.00699	0.00212	0.00746	0.00645	0.00699	0.01178
3	0.02269	0.09072	0.02081	0.01451	0.02003	0.01973	0.01206	0.43440	0.11096	0.03604	0.01682	0.01700	0.01251	0.00776	0.00646	0.00190	0.00699	0.00589	0.00615	0.13657
4	0.01001	0.00671	0.00765	0.00779	0.00782	0.00667	0.00442	0.01011	0.01042	0.01389	0.02338	0.10507	0.02712	0.69297	0.03327	0.00643	0.00654	0.01096	0.00442	0.00435
5	0.00879	0.00634	0.00787	0.00895	0.00954	0.00591	0.00588	0.00984	0.01306	0.01711	0.03944	0.52185	0.12884	0.16574	0.01406	0.00355	0.00452	0.01726	0.00603	0.00541
6	0.01700	0.01267	0.01340	0.01163	0.01471	0.04709	0.00912	0.20280	0.08674	0.02847	0.05461	0.02478	0.01851	0.04753	0.14191	0.00384	0.00825	0.00704	0.21178	0.03813
7	0.08722	0.01469	0.01585	0.01305	0.01768	0.01533	0.01047	0.24641	0.16505	0.03148	0.02046	0.08271	0.01746	0.00939	0.00665	0.00203	0.00608	0.04050	0.00605	0.19142
8	0.08486	0.01366	0.01420	0.01270	0.01649	0.01520	0.00988	0.07690	0.44467	0.02832	0.03020	0.07800	0.08995	0.01063	0.00701	0.00230	0.00535	0.00877	0.00661	0.04431
9	0.01615	0.01440	0.01615	0.01318	0.01790	0.05118	0.04229	0.05855	0.24212	0.02514	0.02061	0.09455	0.01769	0.00862	0.00650	0.00182	0.00602	0.00733	0.00545	0.33435

[dist]
# distance from previous block
# <min> <max>
15	41

[block]
# block no. 1 follows, 30 sequences, length 16
# corresponding to MSA columns:
# 126-141
name=unknown_B
#
# <colnr> <probs for GDERKNQSTAVLIFYWHMCP>
#	G	D	E	R	K	N	Q	S	T	A	V	L	I	F	Y	W	H	M	C	P
0	0.01321	0.01017	0.01137	0.01017	0.01301	0.01004	0.00780	0.16798	0.01900	0.02487	0.08253	0.13421	0.29443	0.04893	0.07190	0.00323	0.00610	0.01186	0.00620	0.05301
1	0.01943	0.01578	0.01890	0.17810	0.04751	0.04033	0.01386	0.29314	0.08157	0.03017	0.01757	0.06096	0.01421	0.00913	0.00823	0.00225	0.06802	0.00713	0.06409	0.00962
2	0.01870	0.12101	0.01676	0.01114	0.01515	0.01524	0.00925	0.25953	0.02109	0.03062	0.01834	0.04052	0.01464	0.00807	0.00572	0.00176	0.00564	0.00622	0.30990	0.07073
3	0.08447	0.01969	0.08083	0.03533	0.08758	0.05029	0.01428	0.40940	0.02549	0.05622	0.01578	0.01681	0.01151	0.00778	0.00658	0.00207	0.00774	0.00593	0.05149	0.01074
4	0.00912	0.00700	0.00835	0.00824	0.01002	0.00623	0.00609	0.01161	0.01762	0.02346	0.39674	0.13271	0.30485	0.01636	0.00831	0.00232	0.00346	0.01419	0.00710	0.00623
5	0.01714	0.01555	0.02166	0.15652	0.10058	0.01875	0.04507	0.11414	0.16291	0.02428	0.01560	0.01879	0.01244	0.00917	0.01192	0.00250	0.23239	0.00664	0.00453	0.00942
6	0.01474	0.01265	0.01623	0.18547	0.02423	0.01147	0.01120	0.06051	0.01549	0.02276	0.01354	0.03980	0.01136	0.00636	0.00584	0.00147	0.00629	0.00529	0.00415	0.53115
7	0.01866	0.75896	0.03657	0.01194	0.01791	0.02761	0.01194	0.02090	0.01418	0.01642	0.00970	0.01119	0.00896	0.00597	0.00448	0.00149	0.00746	0.00373	0.00299	0.00896
8	0.01447	0.01240	0.01447	0.01034	0.01654	0.00930	0.00827	0.01757	0.01447	0.02274	0.01240	0.01447	0.01034	0.00517	0.00517	0.00103	0.00517	0.00413	0.00413	0.79742
9	0.01199	0.00611	0.00899	0.00899	0.00899	0.00611	0.00594	0.00916	0.00916	0.01222	0.01279	0.02287	0.01302	0.07379	0.02783	0.74337	0.00611	0.00634	0.00311	0.00311
10	0.02311	0.01785	0.01902	0.01536	0.02034	0.02004	0.01244	0.44533	0.28101	0.03847	0.02110	0.02021	0.01538	0.00878	0.00703	0.00220	0.00688	0.00688	0.00703	0.01156
11	0.01005	0.00784	0.01044	0.07356	0.01467	0.00722	0.00795	0.01193	0.01362	0.01876	0.03119	0.54524	0.03607	0.01736	0.00802	0.00244	0.00472	0.01564	0.00573	0.15752
12	0.02408	0.01853	0.02135	0.04649	0.08264	0.02073	0.01422	0.53169	0.06317	0.03879	0.01642	0.01726	0.01202	0.00841	0.00790	0.00217	0.05014	0.00635	0.00630	0.01135
13	0.04481	0.47658	0.02803	0.01211	0.01704	0.02291	0.01096	0.06165	0.14611	0.02070	0.01486	0.01764	0.01300	0.07785	0.00807	0.00222	0.00697	0.00529	0.00417	0.00903
14	0.73587	0.01340	0.01062	0.00928	0.01376	0.01511	0.00762	0.02026	0.01210	0.03057	0.00995	0.01161	0.00780	0.00636	0.00439	0.00206	0.00538	0.00381	0.00430	0.07576
15	0.02313	0.23444	0.02388	0.01588	0.01999	0.49604	0.01271	0.02502	0.01790	0.01693	0.01185	0.04861	0.01081	0.00757	0.00591	0.00176	0.01073	0.00504	0.00357	0.00821

[dist]
# distance from previous block
# <min> <max>
0	7

[block]
# block no. 2 follows, 30 sequences, length 81
# corresponding to MSA columns:
# 149-229
name=unknown_C
#
# <colnr> <probs for GDERKNQSTAVLIFYWHMCP>
#	G	D	E	R	K	N	Q	S	T	A	V	L	I	F	Y	W	H	M	C	P
0	0.01656	0.01632	0.02669	0.21872	0.48095	0.04615	0.05202	0.02081	0.01559	0.02127	0.01289	0.01749	0.01050	0.00644	0.00696	0.00214	0.00889	0.00624	0.00337	0.01001
1	0.01447	0.01240	0.01447	0.01034	0.01654	0.00930	0.00827	0.01757	0.01447	0.02274	0.01240	0.01447	0.01034	0.00517	0.00517	0.00103	0.00517	0.00413	0.00413	0.79742
2	0.01727	0.01658	0.02832	0.04283	0.71123	0.01658	0.02142	0.02142	0.01589	0.02280	0.01313	0.01727	0.01105	0.00622	0.00691	0.00207	0.00829	0.00622	0.00345	0.01105
3	0.01447	0.01240	0.01447	0.01034	0.01654	0.00930	0.00827	0.01757	0.01447	0.02274	0.01240	0.01447	0.01034	0.00517	0.00517	0.00103	0.00517	0.00413	0.00413	0.79742
4	0.01477	0.01376	0.02279	0.38604	0.30627	0.01536	0.01894	0.01944	0.04147	0.02007	0.01513	0.01998	0.03241	0.00773	0.00772	0.03067	0.00846	0.00654	0.00350	0.00896
5	0.02210	0.01672	0.01867	0.01507	0.01931	0.01887	0.01224	0.47389	0.07584	0.03605	0.01808	0.04053	0.01442	0.03693	0.09413	0.00342	0.06001	0.00703	0.00623	0.01044
6	0.01591	0.01858	0.12907	0.12570	0.49891	0.01597	0.02118	0.02062	0.01547	0.02191	0.01520	0.01902	0.03787	0.00682	0.00693	0.00214	0.00853	0.00639	0.00345	0.01032
7	0.02199	0.02656	0.02027	0.12497	0.02486	0.47991	0.01472	0.02416	0.01709	0.01713	0.01070	0.01402	0.00907	0.00816	0.00972	0.00213	0.15812	0.00507	0.00341	0.00795
8	0.01638	0.01257	0.01588	0.04267	0.01874	0.00997	0.03276	0.01960	0.01514	0.10075	0.01417	0.01585	0.01108	0.00566	0.00556	0.00126	0.00566	0.00469	0.00458	0.64701
9	0.01727	0.01658	0.02832	0.04283	0.71123	0.01658	0.02142	0.02142	0.01589	0.02280	0.01313	0.01727	0.01105	0.00622	0.00691	0.00207	0.00829	0.00622	0.00345	0.01105
10	0.02091	0.02397	0.02170	0.07512	0.17677	0.35819	0.01576	0.02476	0.06880	0.01929	0.01252	0.01549	0.01044	0.00788	0.00901	0.00213	0.11917	0.00550	0.00371	0.00888
11	0.01494	0.01334	0.01549	0.01120	0.01733	0.03497	0.02946	0.01808	0.01472	0.02253	0.01240	0.01454	0.01030	0.00526	0.00530	0.00110	0.00564	0.00427	0.00410	0.74503
12	0.00850	0.00607	0.00810	0.00972	0.01012	0.00567	0.00648	0.00972	0.01336	0.01781	0.03846	0.75020	0.04615	0.02186	0.00891	0.00283	0.00405	0.01984	0.00648	0.00567
13	0.02653	0.01955	0.02094	0.01606	0.02164	0.02164	0.01326	0.68796	0.03281	0.04398	0.01675	0.01675	0.01187	0.00838	0.00698	0.00209	0.00768	0.00628	0.00698	0.01187
14	0.01866	0.75896	0.03657	0.01194	0.01791	0.02761	0.01194	0.02090	0.01418	0.01642	0.00970	0.01119	0.00896	0.00597	0.00448	0.00149	0.00746	0.00373	0.00299	0.00896
15	0.01866	0.75896	0.03657	0.01194	0.01791	0.02761	0.01194	0.02090	0.01418	0.01642	0.00970	0.01119	0.00896	0.00597	0.00448	0.00149	0.00746	0.00373	0.00299	0.00896
16	0.02497	0.14103	0.02227	0.01708	0.02103	0.62292	0.01325	0.02683	0.01894	0.01698	0.01063	0.01238	0.00898	0.00701	0.00602	0.00175	0.01182	0.00438	0.00350	0.00822
17	0.03131	0.01188	0.01619	0.01242	0.01781	0.01026	0.01026	0.03401	0.01997	0.71606	0.02753	0.02375	0.01727	0.00864	0.00702	0.00216	0.00594	0.00702	0.00864	0.01188
18	0.01318	0.01240	0.02093	0.73798	0.04806	0.01550	0.01938	0.01783	0.01395	0.01783	0.01240	0.01860	0.00930	0.00698	0.00698	0.00233	0.00930	0.00620	0.00310	0.00775
19	0.01318	0.01240	0.02093	0.73798	0.04806	0.01550	0.01938	0.01783	0.01395	0.01783	0.01240	0.01860	0.00930	0.00698	0.00698	0.00233	0.00930	0.00620	0.00310	0.00775
20	0.00825	0.00707	0.00707	0.00707	0.00943	0.00589	0.00530	0.01001	0.01591	0.01885	0.07069	0.06716	0.70839	0.01767	0.00825	0.00236	0.00353	0.01473	0.00648	0.00589
21	0.00826	0.00703	0.00711	0.00718	0.00946	0.00588	0.00535	0.01000	0.01580	0.01881	0.06930	0.09666	0.67979	0.01785	0.00828	0.00238	0.00356	0.01495	0.00648	0.00588
22	0.01769	0.01737	0.02792	0.04166	0.67858	0.05020	0.02104	0.02172	0.01607	0.02253	0.01302	0.01705	0.01096	0.00626	0.00688	0.00206	0.00849	0.00614	0.00346	0.01091
23	0.16365	0.01482	0.01917	0.02130	0.22308	0.03947	0.01340	0.06989	0.01815	0.32064	0.01881	0.01878	0.01306	0.00747	0.00648	0.00212	0.00689	0.00607	0.00605	0.01073
24	0.01708	0.01638	0.02797	0.07574	0.67983	0.01653	0.02132	0.02125	0.01580	0.02256	0.01309	0.01733	0.01097	0.00625	0.00691	0.00208	0.00834	0.00622	0.00344	0.01090
25	0.03131	0.01188	0.01619	0.01242	0.01781	0.01026	0.01026	0.03401	0.01997	0.71606	0.02753	0.02375	0.01727	0.00864	0.00702	0.00216	0.00594	0.00702	0.00864	0.01188
26	0.01681	0.01680	0.03262	0.15477	0.05604	0.03920	0.43309	0.02177	0.01617	0.07151	0.01611	0.06295	0.01295	0.00730	0.00786	0.00234	0.01035	0.00829	0.00400	0.00907
27	0.00997	0.00748	0.01121	0.01121	0.01246	0.00872	0.00872	0.01246	0.01121	0.01620	0.01869	0.02741	0.01745	0.05234	0.72710	0.01121	0.01869	0.00748	0.00374	0.00623
28	0.00908	0.00700	0.01050	0.01115	0.01204	0.00654	0.05584	0.01063	0.01359	0.01814	0.03669	0.69706	0.04357	0.02070	0.00886	0.00280	0.00461	0.01900	0.00626	0.00594
29	0.05198	0.01935	0.02059	0.01583	0.02137	0.02144	0.01308	0.66611	0.03212	0.04356	0.01652	0.01658	0.01173	0.00831	0.00689	0.00210	0.00760	0.00620	0.00689	0.01173
30	0.02011	0.01067	0.01328	0.01138	0.01502	0.01026	0.00895	0.02636	0.16277	0.31162	0.18464	0.08957	0.08148	0.01175	0.00754	0.00228	0.00494	0.01001	0.00777	0.00960
31	0.00850	0.00607	0.00810	0.00972	0.01012	0.00567	0.00648	0.00972	0.01336	0.01781	0.03846	0.75020	0.04615	0.02186	0.00891	0.00283	0.00405	0.01984	0.00648	0.00567
32	0.01318	0.01240	0.02093	0.73798	0.04806	0.01550	0.01938	0.01783	0.01395	0.01783	0.01240	0.01860	0.00930	0.00698	0.00698	0.00233	0.00930	0.00620	0.00310	0.00775
33	0.01349	0.01272	0.02150	0.68459	0.09900	0.01559	0.01954	0.01810	0.01410	0.01821	0.01246	0.01850	0.00944	0.00692	0.00697	0.00231	0.00922	0.00620	0.00313	0.00801
34	0.02524	0.03188	0.01990	0.01800	0.02132	0.67256	0.01362	0.02701	0.01908	0.01706	0.01066	0.01279	0.00900	0.00758	0.00757	0.00189	0.06861	0.00462	0.00355	0.00805
35	0.01650	0.01873	0.04064	0.02997	0.06475	0.01760	0.65803	0.02231	0.01645	0.02237	0.01408	0.01876	0.01061	0.00590	0.00818	0.00234	0.01162	0.00815	0.00353	0.00948
36	0.80405	0.01350	0.01026	0.00918	0.01350	0.01565	0.00756	0.02051	0.01188	0.03131	0.00972	0.01134	0.00756	0.00648	0.00432	0.00216	0.00540	0.00378	0.00432	0.00756
37	0.01952	0.01539	0.01718	0.01273	0.01867	0.01447	0.01036	0.29821	0.02215	0.03163	0.01422	0.01543	0.01098	0.00651	0.00593	0.00148	0.00622	0.00503	0.00533	0.46857
38	0.01595	0.01691	0.03012	0.18381	0.08380	0.04291	0.30874	0.02105	0.04435	0.02043	0.01322	0.01807	0.01047	0.00756	0.01054	0.00244	0.15019	0.00708	0.00349	0.00885
39	0.02947	0.01147	0.01561	0.01210	0.01718	0.00994	0.00994	0.03222	0.01995	0.65713	0.08577	0.02618	0.02143	0.00912	0.00712	0.00216	0.00571	0.00750	0.00856	0.01142
40	0.01442	0.01327	0.02541	0.02042	0.02457	0.01282	0.32443	0.01862	0.01600	0.05118	0.02516	0.10748	0.02496	0.01260	0.00924	0.00273	0.03277	0.25084	0.00507	0.00802
41	0.01736	0.01499	0.01578	0.01420	0.01815	0.01736	0.01105	0.03708	0.69862	0.02919	0.02840	0.02604	0.02130	0.00947	0.00710	0.00237	0.00552	0.00789	0.00710	0.01105
42	0.01447	0.01240	0.01447	0.01034	0.01654	0.00930	0.00827	0.01757	0.01447	0.02274	0.01240	0.01447	0.01034	0.00517	0.00517	0.00103	0.00517	0.00413	0.00413	0.79742
43	0.01635	0.01564	0.02667	0.19882	0.56241	0.01634	0.02096	0.02061	0.01546	0.02168	0.01296	0.01757	0.01066	0.00639	0.00692	0.00213	0.00852	0.00621	0.00337	0.01031
44	0.01212	0.00606	0.00909	0.00909	0.00909	0.00606	0.00606	0.00909	0.00909	0.01212	0.01212	0.02121	0.01212	0.02424	0.02727	0.79697	0.00606	0.00606	0.00303	0.00303
45	0.00832	0.00707	0.00716	0.00714	0.00947	0.00592	0.00536	0.01015	0.01607	0.01923	0.09741	0.06653	0.68144	0.01753	0.00825	0.00235	0.00352	0.01464	0.00653	0.00592
46	0.01692	0.01622	0.02769	0.10239	0.65441	0.01649	0.02124	0.02111	0.01572	0.02237	0.01306	0.01739	0.01090	0.00628	0.00691	0.00209	0.00838	0.00622	0.00342	0.01077
47	0.01318	0.01240	0.02093	0.73798	0.04806	0.01550	0.01938	0.01783	0.01395	0.01783	0.01240	0.01860	0.00930	0.00698	0.00698	0.00233	0.00930	0.00620	0.00310	0.00775
48	0.01878	0.01570	0.01658	0.01449	0.01869	0.01802	0.01139	0.13816	0.59522	0.03149	0.02659	0.02459	0.01984	0.00930	0.00708	0.00232	0.00586	0.00764	0.00708	0.01117
49	0.01447	0.01240	0.01447	0.01034	0.01654	0.00930	0.00827	0.01757	0.01447	0.02274	0.01240	0.01447	0.01034	0.00517	0.00517	0.00103	0.00517	0.00413	0.00413	0.79742
50	0.01400	0.03610	0.71860	0.01989	0.03020	0.01621	0.02578	0.02210	0.01473	0.02210	0.01252	0.01473	0.00884	0.00663	0.00663	0.00221	0.01031	0.00516	0.00295	0.01031
51	0.01647	0.01882	0.04118	0.02941	0.03647	0.01765	0.68588	0.02235	0.01647	0.02235	0.01412	0.01882	0.01059	0.00588	0.00824	0.00235	0.01176	0.00824	0.00353	0.00941
52	0.01124	0.00803	0.01124	0.01285	0.01446	0.00803	0.01124	0.01446	0.01606	0.02088	0.03695	0.07871	0.04016	0.01928	0.00964	0.00321	0.00643	0.66426	0.00643	0.00643
53	0.00973	0.00706	0.00917	0.00878	0.01037	0.00650	0.00653	0.01283	0.01920	0.02700	0.64130	0.09904	0.08651	0.01489	0.00828	0.00224	0.00335	0.01317	0.00756	0.00650
54	0.01707	0.01758	0.03572	0.05050	0.14508	0.01684	0.48674	0.04382	0.01685	0.04741	0.01536	0.04563	0.01222	0.00674	0.00792	0.00231	0.01050	0.00817	0.00391	0.00966
55	0.00997	0.00748	0.01121	0.01121	0.01246	0.00872	0.00872	0.01246	0.01121	0.01620	0.01869	0.02741	0.01745	0.05234	0.72710	0.01121	0.01869	0.00748	0.00374	0.00623
56	0.00850	0.00607	0.00810	0.00972	0.01012	0.00567	0.00648	0.00972	0.01336	0.01781	0.03846	0.75020	0.04615	0.02186	0.00891	0.00283	0.00405	0.01984	0.00648	0.00567
57	0.01491	0.02922	0.45422	0.02311	0.03185	0.01693	0.25323	0.02195	0.01516	0.02195	0.01293	0.01617	0.00946	0.00662	0.00790	0.00230	0.04281	0.00626	0.00315	0.00988
58	0.01866	0.75896	0.03657	0.01194	0.01791	0.02761	0.01194	0.02090	0.01418	0.01642	0.00970	0.01119	0.00896	0.00597	0.00448	0.00149	0.00746	0.00373	0.00299	0.00896
59	0.01829	0.70222	0.09010	0.01256	0.01888	0.02672	0.01303	0.02099	0.01422	0.01686	0.00992	0.01147	0.00895	0.00602	0.00465	0.00155	0.00769	0.00384	0.00298	0.00906
60	0.01318	0.01240	0.02093	0.73798	0.04806	0.01550	0.01938	0.01783	0.01395	0.01783	0.01240	0.01860	0.00930	0.00698	0.00698	0.00233	0.00930	0.00620	0.00310	0.00775
61	0.02540	0.03158	0.01992	0.01792	0.02137	0.65437	0.01359	0.05307	0.01971	0.01812	0.01092	0.01292	0.00911	0.00756	0.00737	0.00189	0.05862	0.00467	0.00369	0.00821
62	0.80405	0.01350	0.01026	0.00918	0.01350	0.01565	0.00756	0.02051	0.01188	0.03131	0.00972	0.01134	0.00756	0.00648	0.00432	0.00216	0.00540	0.00378	0.00432	0.00756
63	0.01583	0.01901	0.10109	0.04567	0.02423	0.05542	0.14237	0.01901	0.01279	0.01847	0.01065	0.01586	0.00939	0.00998	0.01698	0.00274	0.46275	0.00632	0.00316	0.00829
64	0.00891	0.00636	0.00856	0.01018	0.01077	0.00602	0.00719	0.01042	0.01376	0.01827	0.03824	0.65048	0.04526	0.02148	0.00902	0.00289	0.00440	0.11554	0.00647	0.00578
65	0.01020	0.00782	0.01166	0.01153	0.01272	0.00928	0.00901	0.01265	0.01119	0.01623	0.01827	0.02688	0.01708	0.05058	0.69631	0.01086	0.05032	0.00742	0.00371	0.00629
66	0.80405	0.01350	0.01026	0.00918	0.01350	0.01565	0.00756	0.02051	0.01188	0.03131	0.00972	0.01134	0.00756	0.00648	0.00432	0.00216	0.00540	0.00378	0.00432	0.00756
67	0.01656	0.01585	0.02703	0.16444	0.59521	0.01639	0.02106	0.02079	0.01555	0.02193	0.01300	0.01750	0.01075	0.00635	0.00692	0.00212	0.00847	0.00621	0.00339	0.01048
68	0.01527	0.01527	0.02137	0.01832	0.01832	0.02137	0.01527	0.01679	0.01069	0.01679	0.00916	0.01527	0.00916	0.01221	0.02290	0.00305	0.74198	0.00611	0.00305	0.00763
69	0.00988	0.00713	0.00933	0.00878	0.01043	0.00658	0.00658	0.01317	0.01975	0.02798	0.70754	0.05213	0.06584	0.01427	0.00823	0.00219	0.00329	0.01262	0.00768	0.00658
70	0.00972	0.00713	0.00911	0.00861	0.01033	0.00652	0.00646	0.01286	0.01938	0.02709	0.64541	0.05359	0.12853	0.01460	0.00823	0.00221	0.00332	0.01283	0.00756	0.00652
71	0.03131	0.01188	0.01619	0.01242	0.01781	0.01026	0.01026	0.03401	0.01997	0.71606	0.02753	0.02375	0.01727	0.00864	0.00702	0.00216	0.00594	0.00702	0.00864	0.01188
72	0.03131	0.01188	0.01619	0.01242	0.01781	0.01026	0.01026	0.03401	0.01997	0.71606	0.02753	0.02375	0.01727	0.00864	0.00702	0.00216	0.00594	0.00702	0.00864	0.01188
73	0.00836	0.00707	0.00722	0.00718	0.00949	0.00594	0.00539	0.01023	0.01616	0.01946	0.11334	0.06615	0.66536	0.01744	0.00825	0.00235	0.00352	0.01459	0.00656	0.00594
74	0.01696	0.01650	0.02886	0.08354	0.62003	0.01660	0.07190	0.02127	0.01582	0.02247	0.01316	0.01747	0.01091	0.00624	0.00701	0.00211	0.00862	0.00637	0.00344	0.01073
75	0.01706	0.01355	0.01932	0.23530	0.14535	0.01524	0.01512	0.02516	0.20189	0.10713	0.04952	0.02375	0.03805	0.00869	0.00808	0.00231	0.05235	0.00729	0.00522	0.00960
76	0.00988	0.00713	0.00933	0.00878	0.01043	0.00658	0.00658	0.01317	0.01975	0.02798	0.70754	0.05213	0.06584	0.01427	0.00823	0.00219	0.00329	0.01262	0.00768	0.00658
77	0.01318	0.01240	0.02093	0.73798	0.04806	0.01550	0.01938	0.01783	0.01395	0.01783	0.01240	0.01860	0.00930	0.00698	0.00698	0.00233	0.00930	0.00620	0.00310	0.00775
78	0.21327	0.01616	0.01719	0.01349	0.01873	0.01734	0.01114	0.36352	0.02457	0.21071	0.01780	0.01723	0.01220	0.00799	0.00635	0.00213	0.00669	0.00587	0.00676	0.01084
79	0.00924	0.00669	0.00886	0.01036	0.01108	0.00645	0.00738	0.01142	0.03784	0.01869	0.03787	0.61965	0.04434	0.02102	0.00896	0.00288	0.00447	0.12031	0.00649	0.00598
80	0.08826	0.04932	0.01973	0.01454	0.02000	0.01892	0.01210	0.46294	0.02754	0.18960	0.01827	0.01763	0.01259	0.00818	0.00667	0.00209	0.00711	0.00614	0.00696	0.01141

[dist]
# distance from previous block
# <min> <max>
1	7

[block]
# block no. 3 follows, 30 sequences, length 29
# corresponding to MSA columns:
# 237-265
name=unknown_D
#
# <colnr> <probs for GDERKNQSTAVLIFYWHMCP>
#	G	D	E	R	K	N	Q	S	T	A	V	L	I	F	Y	W	H	M	C	P
0	0.04633	0.07406	0.29090	0.01701	0.02427	0.01860	0.03779	0.29403	0.02242	0.05359	0.04437	0.01723	0.01282	0.00766	0.00668	0.00212	0.00848	0.00595	0.00505	0.01063
1	0.01340	0.07743	0.01506	0.10585	0.01790	0.01133	0.01034	0.01622	0.01313	0.08623	0.04204	0.02523	0.01729	0.03490	0.44422	0.00760	0.01407	0.00706	0.03343	0.00726
2	0.02010	0.61718	0.03329	0.01312	0.01863	0.16419	0.01224	0.02226	0.01527	0.01655	0.00991	0.01147	0.00896	0.00621	0.00483	0.00155	0.00846	0.00388	0.00310	0.00879
3	0.01076	0.00778	0.01056	0.01163	0.01329	0.00759	0.00989	0.01388	0.01679	0.02215	0.17260	0.07260	0.09334	0.01817	0.00926	0.00295	0.00560	0.48807	0.00668	0.00642
4	0.01318	0.01240	0.02093	0.73798	0.04806	0.01550	0.01938	0.01783	0.01395	0.01783	0.01240	0.01860	0.00930	0.00698	0.00698	0.00233	0.00930	0.00620	0.00310	0.00775
5	0.01203	0.01507	0.16679	0.06433	0.04402	0.01087	0.03886	0.01707	0.05355	0.02189	0.12864	0.13473	0.05311	0.03679	0.00898	0.00270	0.00683	0.17061	0.00539	0.00773
6	0.01022	0.01011	0.08394	0.01001	0.01249	0.00754	0.00860	0.01388	0.01881	0.02670	0.59048	0.09396	0.05855	0.01396	0.00811	0.00224	0.00408	0.01231	0.00710	0.00692
7	0.01107	0.00790	0.01104	0.01265	0.01417	0.00788	0.01093	0.01415	0.01589	0.02068	0.03705	0.12275	0.04055	0.01945	0.00959	0.00319	0.00627	0.62200	0.00643	0.00638
8	0.33063	0.01496	0.01517	0.01220	0.01711	0.01615	0.01005	0.25288	0.02104	0.19374	0.01671	0.01658	0.01164	0.00769	0.00588	0.00212	0.00623	0.00548	0.03376	0.01000
9	0.16777	0.01845	0.01900	0.01481	0.02016	0.02055	0.01223	0.56671	0.02901	0.04168	0.01548	0.01577	0.01108	0.00803	0.00650	0.00211	0.00726	0.00583	0.00650	0.01108
10	0.01015	0.00677	0.00761	0.00761	0.00761	0.00677	0.00423	0.01015	0.01015	0.01353	0.02199	0.04567	0.02537	0.75476	0.03552	0.00677	0.00677	0.01015	0.00423	0.00423
11	0.00988	0.00713	0.00933	0.00878	0.01043	0.00658	0.00658	0.01317	0.01975	0.02798	0.70754	0.05213	0.06584	0.01427	0.00823	0.00219	0.00329	0.01262	0.00768	0.00658
12	0.34909	0.01438	0.04076	0.01170	0.01636	0.01480	0.00984	0.06310	0.17035	0.18193	0.01892	0.01845	0.01353	0.00781	0.00580	0.00218	0.00577	0.00573	0.03991	0.00959
13	0.01687	0.01607	0.02730	0.04100	0.67345	0.01604	0.02062	0.02097	0.01610	0.02308	0.05056	0.01915	0.01401	0.00665	0.00698	0.00208	0.00802	0.00656	0.00368	0.01081
14	0.00850	0.00607	0.00810	0.00972	0.01012	0.00567	0.00648	0.00972	0.01336	0.01781	0.03846	0.75020	0.04615	0.02186	0.00891	0.00283	0.00405	0.01984	0.00648	0.00567
15	0.02270	0.01764	0.01879	0.01528	0.02018	0.01985	0.01234	0.41616	0.31084	0.03780	0.02162	0.02063	0.01581	0.00883	0.00703	0.00221	0.00678	0.00695	0.00703	0.01152
16	0.01015	0.00677	0.00761	0.00761	0.00761	0.00677	0.00423	0.01015	0.01015	0.01353	0.02199	0.04567	0.02537	0.75476	0.03552	0.00677	0.00677	0.01015	0.00423	0.00423
17	0.01376	0.01299	0.02198	0.63952	0.14200	0.01566	0.01967	0.01834	0.01423	0.01853	0.01251	0.01842	0.00955	0.00687	0.00697	0.00229	0.00916	0.00620	0.00315	0.00822
18	0.01506	0.20044	0.56354	0.01808	0.02741	0.01880	0.02264	0.02183	0.01461	0.02081	0.01188	0.01393	0.00887	0.00648	0.00614	0.00205	0.00967	0.00483	0.00296	0.01000
19	0.01124	0.00803	0.01124	0.01285	0.01446	0.00803	0.01124	0.01446	0.01606	0.02088	0.03695	0.07871	0.04016	0.01928	0.00964	0.00321	0.00643	0.66426	0.00643	0.00643
20	0.01301	0.00650	0.00650	0.00650	0.00813	0.00650	0.00488	0.01626	0.01463	0.02602	0.02276	0.02602	0.01789	0.00813	0.00488	0.00163	0.00325	0.00650	0.79350	0.00650
21	0.01092	0.00836	0.01016	0.00949	0.01156	0.00822	0.00718	0.01666	0.12598	0.02743	0.54884	0.04926	0.11144	0.01379	0.00805	0.00224	0.00366	0.01205	0.00749	0.00723
22	0.00988	0.00713	0.00933	0.00878	0.01043	0.00658	0.00658	0.01317	0.01975	0.02798	0.70754	0.05213	0.06584	0.01427	0.00823	0.00219	0.00329	0.01262	0.00768	0.00658
23	0.00850	0.00607	0.00810	0.00972	0.01012	0.00567	0.00648	0.00972	0.01336	0.01781	0.03846	0.75020	0.04615	0.02186	0.00891	0.00283	0.00405	0.01984	0.00648	0.00567
24	0.01727	0.01658	0.02832	0.04283	0.71123	0.01658	0.02142	0.02142	0.01589	0.02280	0.01313	0.01727	0.01105	0.00622	0.00691	0.00207	0.00829	0.00622	0.00345	0.01105
25	0.01400	0.03610	0.71860	0.01989	0.03020	0.01621	0.02578	0.02210	0.01473	0.02210	0.01252	0.01473	0.00884	0.00663	0.00663	0.00221	0.01031	0.00516	0.00295	0.01031
26	0.01647	0.01882	0.04118	0.02941	0.03647	0.01765	0.68588	0.02235	0.01647	0.02235	0.01412	0.01882	0.01059	0.00588	0.00824	0.00235	0.01176	0.00824	0.00353	0.00941
27	0.01602	0.01530	0.02607	0.25519	0.50864	0.01625	0.02079	0.02032	0.01530	0.02128	0.01291	0.01768	0.01052	0.00645	0.00693	0.00215	0.00860	0.00621	0.00335	0.01004
28	0.61733	0.04037	0.01321	0.01088	0.01532	0.08776	0.00890	0.09287	0.01499	0.03076	0.01058	0.01204	0.00821	0.00674	0.00481	0.00209	0.00643	0.00412	0.00449	0.00812

[dist]
# distance from previous block
# <min> <max>
3	14

[block]
# block no. 4 follows, 30 sequences, length 159
# corresponding to MSA columns:
# 280-438
name=unknown_E
#
# <colnr> <probs for GDERKNQSTAVLIFYWHMCP>
#	G	D	E	R	K	N	Q	S	T	A	V	L	I	F	Y	W	H	M	C	P
0	0.00856	0.00614	0.00804	0.00954	0.00999	0.00572	0.00634	0.00974	0.01331	0.01767	0.03887	0.69773	0.06777	0.05219	0.00999	0.00298	0.00414	0.01926	0.00638	0.00562
1	0.02353	0.01710	0.01822	0.01441	0.01923	0.01890	0.01176	0.51925	0.09810	0.03974	0.01886	0.01911	0.01375	0.00845	0.00667	0.00205	0.00679	0.00648	0.12664	0.01097
2	0.00997	0.00748	0.01121	0.01121	0.01246	0.00872	0.00872	0.01246	0.01121	0.01620	0.01869	0.02741	0.01745	0.05234	0.72710	0.01121	0.01869	0.00748	0.00374	0.00623
3	0.01354	0.01296	0.02159	0.62526	0.04393	0.01632	0.03863	0.01783	0.01361	0.01783	0.01204	0.01819	0.00932	0.00761	0.00904	0.00242	0.10274	0.00625	0.00311	0.00779
4	0.01447	0.01240	0.01447	0.01034	0.01654	0.00930	0.00827	0.01757	0.01447	0.02274	0.01240	0.01447	0.01034	0.00517	0.00517	0.00103	0.00517	0.00413	0.00413	0.79742
5	0.02563	0.01884	0.02015	0.01559	0.02095	0.02085	0.01283	0.63651	0.05586	0.04270	0.01742	0.01747	0.01246	0.00841	0.00690	0.00208	0.00742	0.00635	0.03997	0.01161
6	0.01055	0.00728	0.00954	0.00889	0.01066	0.00670	0.00670	0.01382	0.01976	0.04961	0.68617	0.05123	0.06432	0.01409	0.00819	0.00219	0.00338	0.01244	0.00771	0.00675
7	0.00861	0.00708	0.00758	0.00745	0.00965	0.00605	0.00559	0.01072	0.01677	0.02090	0.21361	0.06378	0.56420	0.01691	0.00824	0.00232	0.00348	0.01425	0.00675	0.00605
8	0.01080	0.00735	0.00957	0.00889	0.01073	0.00673	0.00671	0.01402	0.01965	0.05880	0.65822	0.05128	0.08242	0.01411	0.00818	0.00220	0.00342	0.01243	0.00769	0.00680
9	0.00997	0.00748	0.01121	0.01121	0.01246	0.00872	0.00872	0.01246	0.01121	0.01620	0.01869	0.02741	0.01745	0.05234	0.72710	0.01121	0.01869	0.00748	0.00374	0.00623
10	0.01736	0.01499	0.01578	0.01420	0.01815	0.01736	0.01105	0.03708	0.69862	0.02919	0.02840	0.02604	0.02130	0.00947	0.00710	0.00237	0.00552	0.00789	0.00710	0.01105
11	0.00826	0.00703	0.00711	0.00719	0.00946	0.00588	0.00535	0.01000	0.01579	0.01881	0.06927	0.09730	0.67917	0.01786	0.00828	0.00238	0.00356	0.01495	0.00648	0.00588
12	0.00964	0.00702	0.00907	0.00878	0.01034	0.00645	0.00650	0.01262	0.01885	0.02637	0.59943	0.12735	0.10092	0.01527	0.00830	0.00227	0.00339	0.01351	0.00748	0.00645
13	0.00849	0.00611	0.00806	0.00961	0.01009	0.00568	0.00643	0.00973	0.01346	0.01786	0.03976	0.72264	0.07288	0.02169	0.00888	0.00281	0.00403	0.01963	0.00648	0.00568
14	0.01318	0.01240	0.02093	0.73798	0.04806	0.01550	0.01938	0.01783	0.01395	0.01783	0.01240	0.01860	0.00930	0.00698	0.00698	0.00233	0.00930	0.00620	0.00310	0.00775
15	0.01983	0.00974	0.01267	0.01137	0.01455	0.00905	0.00880	0.02376	0.08468	0.33406	0.07242	0.26393	0.05076	0.01401	0.00785	0.00245	0.00508	0.03832	0.00758	0.00909
16	0.00997	0.00748	0.01121	0.01121	0.01246	0.00872	0.00872	0.01246	0.01121	0.01620	0.01869	0.02741	0.01745	0.05234	0.72710	0.01121	0.01869	0.00748	0.00374	0.00623
17	0.80405	0.01350	0.01026	0.00918	0.01350	0.01565	0.00756	0.02051	0.01188	0.03131	0.00972	0.01134	0.00756	0.00648	0.00432	0.00216	0.00540	0.00378	0.00432	0.00756
18	0.01647	0.01882	0.04118	0.02941	0.03647	0.01765	0.68588	0.02235	0.01647	0.02235	0.01412	0.01882	0.01059	0.00588	0.00824	0.00235	0.01176	0.00824	0.00353	0.00941
19	0.01151	0.00752	0.00971	0.00894	0.01095	0.00683	0.00678	0.01463	0.01946	0.08387	0.60003	0.05101	0.11386	0.01408	0.00813	0.00220	0.00353	0.01233	0.00766	0.00696
20	0.80405	0.01350	0.01026	0.00918	0.01350	0.01565	0.00756	0.02051	0.01188	0.03131	0.00972	0.01134	0.00756	0.00648	0.00432	0.00216	0.00540	0.00378	0.00432	0.00756
21	0.01727	0.01658	0.02832	0.04283	0.71123	0.01658	0.02142	0.02142	0.01589	0.02280	0.01313	0.01727	0.01105	0.00622	0.00691	0.00207	0.00829	0.00622	0.00345	0.01105
22	0.00828	0.00694	0.00721	0.00742	0.00952	0.00586	0.00546	0.00998	0.01557	0.01871	0.06641	0.15796	0.62036	0.01823	0.00834	0.00242	0.00360	0.01541	0.00648	0.00586
23	0.01820	0.01835	0.02742	0.04019	0.63803	0.09196	0.02057	0.02210	0.01630	0.02219	0.01288	0.01677	0.01083	0.00632	0.00684	0.00204	0.00875	0.00603	0.00347	0.01074
24	0.00884	0.00631	0.00849	0.01010	0.01066	0.00596	0.00707	0.01030	0.01369	0.01819	0.03827	0.66735	0.04541	0.02154	0.00900	0.00288	0.00434	0.09935	0.00647	0.00576
25	0.06040	0.01203	0.01596	0.01235	0.01766	0.01067	0.01018	0.03358	0.03983	0.66951	0.02688	0.02335	0.01702	0.00858	0.00692	0.00217	0.00590	0.00692	0.00843	0.01169
26	0.01400	0.03610	0.71860	0.01989	0.03020	0.01621	0.02578	0.02210	0.01473	0.02210	0.01252	0.01473	0.00884	0.00663	0.00663	0.00221	0.01031	0.00516	0.00295	0.01031
27	0.01540	0.05472	0.34451	0.02411	0.03235	0.01750	0.34184	0.02200	0.01541	0.02183	0.01307	0.01658	0.00969	0.00643	0.00785	0.00228	0.03483	0.00661	0.00323	0.00974
28	0.01652	0.01381	0.01460	0.01317	0.01694	0.01558	0.01024	0.03329	0.58510	0.04816	0.03416	0.03159	0.11517	0.01057	0.00725	0.00236	0.00526	0.00880	0.00706	0.01036
29	0.01015	0.00677	0.00761	0.00761	0.00761	0.00677	0.00423	0.01015	0.01015	0.01353	0.02199	0.04567	0.02537	0.75476	0.03552	0.00677	0.00677	0.01015	0.00423	0.00423
30	0.00850	0.00607	0.00810	0.00972	0.01012	0.00567	0.00648	0.00972	0.01336	0.01781	0.03846	0.75020	0.04615	0.02186	0.00891	0.00283	0.00405	0.01984	0.00648	0.00567
31	0.01400	0.03610	0.71860	0.01989	0.03020	0.01621	0.02578	0.02210	0.01473	0.02210	0.01252	0.01473	0.00884	0.00663	0.00663	0.00221	0.01031	0.00516	0.00295	0.01031
32	0.01113	0.00795	0.01111	0.01272	0.01428	0.00793	0.01105	0.01426	0.01595	0.02076	0.03701	0.10663	0.04041	0.01938	0.00961	0.00320	0.00633	0.63746	0.00643	0.00639
33	0.00850	0.00607	0.00810	0.00972	0.01012	0.00567	0.00648	0.00972	0.01336	0.01781	0.03846	0.75020	0.04615	0.02186	0.00891	0.00283	0.00405	0.01984	0.00648	0.00567
34	0.01467	0.14062	0.61998	0.01874	0.02843	0.01786	0.02378	0.02193	0.01465	0.02128	0.01212	0.01422	0.00886	0.00653	0.00632	0.00211	0.00990	0.00495	0.00295	0.01012
35	0.02398	0.01126	0.01461	0.01181	0.01603	0.01042	0.00959	0.10137	0.02123	0.42038	0.21975	0.03294	0.03125	0.01058	0.00745	0.00220	0.00540	0.03147	0.00810	0.01018
36	0.70259	0.06440	0.01270	0.05338	0.01588	0.01646	0.00857	0.02038	0.01216	0.02948	0.00988	0.01177	0.00776	0.00647	0.00449	0.00212	0.00578	0.00392	0.00415	0.00766
37	0.01274	0.00651	0.00665	0.00669	0.00827	0.00647	0.00499	0.01592	0.01474	0.02576	0.04376	0.05433	0.02039	0.00884	0.00513	0.00169	0.00328	0.00719	0.74016	0.00647
38	0.01400	0.03610	0.71860	0.01989	0.03020	0.01621	0.02578	0.02210	0.01473	0.02210	0.01252	0.01473	0.00884	0.00663	0.00663	0.00221	0.01031	0.00516	0.00295	0.01031
39	0.01447	0.01240	0.01447	0.01034	0.01654	0.00930	0.00827	0.01757	0.01447	0.02274	0.01240	0.01447	0.01034	0.00517	0.00517	0.00103	0.00517	0.00413	0.00413	0.79742
40	0.01866	0.75896	0.03657	0.01194	0.01791	0.02761	0.01194	0.02090	0.01418	0.01642	0.00970	0.01119	0.00896	0.00597	0.00448	0.00149	0.00746	0.00373	0.00299	0.00896
41	0.04005	0.03255	0.61420	0.01868	0.02823	0.01549	0.02340	0.02346	0.01526	0.10426	0.01421	0.01569	0.00980	0.00686	0.00661	0.00220	0.00965	0.00533	0.00366	0.01041
42	0.00973	0.00713	0.00913	0.00863	0.01034	0.00652	0.00647	0.01289	0.01942	0.02719	0.65207	0.05344	0.12182	0.01456	0.00823	0.00221	0.00331	0.01280	0.00758	0.00652
43	0.03117	0.01210	0.01633	0.01252	0.01793	0.01059	0.01034	0.05311	0.02035	0.69643	0.02722	0.02355	0.01712	0.00863	0.00702	0.00216	0.00599	0.00700	0.00859	0.01188
44	0.01301	0.00650	0.00650	0.00650	0.00813	0.00650	0.00488	0.01626	0.01463	0.02602	0.02276	0.02602	0.01789	0.00813	0.00488	0.00163	0.00325	0.00650	0.79350	0.00650
45	0.80405	0.01350	0.01026	0.00918	0.01350	0.01565	0.00756	0.02051	0.01188	0.03131	0.00972	0.01134	0.00756	0.00648	0.00432	0.00216	0.00540	0.00378	0.00432	0.00756
46	0.01736	0.01499	0.01578	0.01420	0.01815	0.01736	0.01105	0.03708	0.69862	0.02919	0.02840	0.02604	0.02130	0.00947	0.00710	0.00237	0.00552	0.00789	0.00710	0.01105
47	0.01113	0.00795	0.01111	0.01272	0.01428	0.00793	0.01105	0.01426	0.01595	0.02076	0.03701	0.10663	0.04041	0.01938	0.00961	0.00320	0.00633	0.63746	0.00643	0.00639
48	0.00850	0.00607	0.00810	0.00972	0.01012	0.00567	0.00648	0.00972	0.01336	0.01781	0.03846	0.75020	0.04615	0.02186	0.00891	0.00283	0.00405	0.01984	0.00648	0.00567
49	0.01301	0.00650	0.00650	0.00650	0.00813	0.00650	0.00488	0.01626	0.01463	0.02602	0.02276	0.02602	0.01789	0.00813	0.00488	0.00163	0.00325	0.00650	0.79350	0.00650
50	0.02363	0.01514	0.01711	0.01411	0.01887	0.01626	0.01133	0.18847	0.34214	0.23577	0.02542	0.02319	0.01790	0.00897	0.00705	0.00224	0.00615	0.00726	0.00753	0.01148
51	0.00997	0.00748	0.01121	0.01121	0.01246	0.00872	0.00872	0.01246	0.01121	0.01620	0.01869	0.02741	0.01745	0.05234	0.72710	0.01121	0.01869	0.00748	0.00374	0.00623
52	0.03131	0.01188	0.01619	0.01242	0.01781	0.01026	0.01026	0.03401	0.01997	0.71606	0.02753	0.02375	0.01727	0.00864	0.00702	0.00216	0.00594	0.00702	0.00864	0.01188
53	0.01336	0.01259	0.02126	0.70731	0.07732	0.01555	0.01947	0.01799	0.01404	0.01805	0.01244	0.01855	0.00938	0.00694	0.00697	0.00231	0.00926	0.00620	0.00312	0.00790
54	0.01212	0.00606	0.00909	0.00909	0.00909	0.00606	0.00606	0.00909	0.00909	0.01212	0.01212	0.02121	0.01212	0.02424	0.02727	0.79697	0.00606	0.00606	0.00303	0.00303
55	0.80405	0.01350	0.01026	0.00918	0.01350	0.01565	0.00756	0.02051	0.01188	0.03131	0.00972	0.01134	0.00756	0.00648	0.00432	0.00216	0.00540	0.00378	0.00432	0.00756
56	0.01387	0.01348	0.02091	0.65574	0.04480	0.04576	0.01884	0.01818	0.01396	0.01772	0.01210	0.01811	0.00928	0.00736	0.00810	0.00236	0.06242	0.00612	0.00312	0.00776
57	0.01522	0.01601	0.04631	0.01838	0.01875	0.02119	0.01564	0.01698	0.01083	0.01698	0.00928	0.01525	0.00915	0.01201	0.02232	0.00302	0.71581	0.00607	0.00305	0.00773
58	0.01831	0.01838	0.02658	0.08662	0.56355	0.10167	0.02009	0.04105	0.01671	0.02238	0.01290	0.01679	0.01071	0.00645	0.00684	0.00206	0.00886	0.00601	0.00355	0.01050
59	0.02982	0.01406	0.05905	0.01321	0.01892	0.01168	0.01148	0.09440	0.02086	0.61135	0.02562	0.02255	0.01626	0.00849	0.00699	0.00216	0.00636	0.00684	0.00814	0.01178
60	0.01124	0.00803	0.01124	0.01285	0.01446	0.00803	0.01124	0.01446	0.01606	0.02088	0.03695	0.07871	0.04016	0.01928	0.00964	0.00321	0.00643	0.66426	0.00643	0.00643
61	0.00951	0.00807	0.03828	0.01113	0.01240	0.00692	0.02820	0.01148	0.01397	0.01857	0.03680	0.53270	0.06114	0.04505	0.00981	0.00298	0.00504	0.13573	0.00616	0.00606
62	0.02545	0.01760	0.01929	0.01519	0.02044	0.01922	0.01242	0.47212	0.15772	0.13567	0.02049	0.01950	0.01442	0.00862	0.00701	0.00216	0.00702	0.00669	0.00724	0.01171
63	0.01015	0.00677	0.00761	0.00761	0.00761	0.00677	0.00423	0.01015	0.01015	0.01353	0.02199	0.04567	0.02537	0.75476	0.03552	0.00677	0.00677	0.01015	0.00423	0.00423
64	0.01000	0.00735	0.01058	0.01058	0.01161	0.00838	0.00793	0.01205	0.01103	0.01573	0.01927	0.03063	0.01884	0.17620	0.60515	0.01043	0.01659	0.00795	0.00382	0.00588
65	0.02474	0.01890	0.02180	0.01995	0.12380	0.02070	0.01437	0.55966	0.06038	0.04017	0.01674	0.01725	0.01217	0.00811	0.00698	0.00210	0.00767	0.00635	0.00646	0.01171
66	0.03131	0.01188	0.01619	0.01242	0.01781	0.01026	0.01026	0.03401	0.01997	0.71606	0.02753	0.02375	0.01727	0.00864	0.00702	0.00216	0.00594	0.00702	0.00864	0.01188
67	0.00982	0.00713	0.00925	0.00872	0.01039	0.00656	0.00654	0.01306	0.01962	0.02767	0.68593	0.05264	0.08765	0.01438	0.00823	0.00220	0.00330	0.01269	0.00764	0.00656
68	0.01577	0.01755	0.06189	0.13659	0.20413	0.01655	0.36908	0.02096	0.01576	0.02161	0.01448	0.04616	0.01180	0.00677	0.00768	0.00229	0.01018	0.00775	0.00354	0.00947
69	0.01440	0.06200	0.63072	0.02046	0.03031	0.01677	0.08562	0.02208	0.01487	0.02191	0.01256	0.01497	0.00900	0.00654	0.00669	0.00220	0.01034	0.00538	0.00300	0.01018
70	0.01318	0.01240	0.02093	0.73798	0.04806	0.01550	0.01938	0.01783	0.01395	0.01783	0.01240	0.01860	0.00930	0.00698	0.00698	0.00233	0.00930	0.00620	0.00310	0.00775
71	0.60388	0.04856	0.05619	0.09625	0.01947	0.01627	0.03115	0.02037	0.01254	0.02822	0.01034	0.01262	0.00800	0.00650	0.00490	0.00216	0.00644	0.00428	0.00401	0.00787
72	0.00902	0.00758	0.00790	0.00779	0.01013	0.00673	0.00585	0.01213	0.06284	0.02032	0.12197	0.08593	0.58348	0.01696	0.00819	0.00236	0.00367	0.01425	0.00663	0.00630
73	0.01260	0.01017	0.01129	0.01058	0.01330	0.01037	0.00810	0.06578	0.20266	0.02498	0.15300	0.13779	0.23549	0.01448	0.00789	0.00237	0.00455	0.03709	0.00681	0.03071
74	0.01051	0.00820	0.01024	0.00993	0.01228	0.00689	0.00708	0.01236	0.01373	0.01947	0.02969	0.50261	0.03410	0.01624	0.00765	0.00223	0.00443	0.01455	0.00569	0.27211
75	0.02570	0.01909	0.02049	0.01576	0.02131	0.02100	0.01298	0.63620	0.05898	0.04257	0.01706	0.01704	0.01219	0.00830	0.00692	0.00206	0.00750	0.00627	0.00688	0.04170
76	0.01372	0.01067	0.01211	0.01105	0.01390	0.01126	0.00849	0.02385	0.30976	0.05378	0.32224	0.04151	0.11436	0.01237	0.00770	0.00228	0.00437	0.01061	0.00734	0.00862
77	0.02955	0.01378	0.01730	0.01324	0.01871	0.01302	0.01092	0.19387	0.02293	0.52698	0.02436	0.02171	0.01571	0.00845	0.00694	0.00210	0.00634	0.00674	0.00807	0.03929
78	0.00988	0.00713	0.00933	0.00878	0.01043	0.00658	0.00658	0.01317	0.01975	0.02798	0.70754	0.05213	0.06584	0.01427	0.00823	0.00219	0.00329	0.01262	0.00768	0.00658
79	0.01005	0.00716	0.00963	0.00963	0.01033	0.00786	0.00675	0.01145	0.01075	0.01503	0.02014	0.03542	0.02092	0.36062	0.42357	0.00926	0.01346	0.00865	0.00395	0.00535
80	0.02607	0.03326	0.01978	0.01798	0.02157	0.72674	0.01348	0.02787	0.01978	0.01708	0.01079	0.01258	0.00899	0.00719	0.00629	0.00180	0.01258	0.00449	0.00360	0.00809
81	0.01015	0.00677	0.00761	0.00761	0.00761	0.00677	0.00423	0.01015	0.01015	0.01353	0.02199	0.04567	0.02537	0.75476	0.03552	0.00677	0.00677	0.01015	0.00423	0.00423
82	0.01124	0.00803	0.01124	0.01285	0.01446	0.00803	0.01124	0.01446	0.01606	0.02088	0.03695	0.07871	0.04016	0.01928	0.00964	0.00321	0.00643	0.66426	0.00643	0.00643
83	0.00869	0.00621	0.00831	0.00993	0.01042	0.00583	0.00680	0.01004	0.01355	0.01802	0.03836	0.70429	0.04574	0.02169	0.00896	0.00286	0.00421	0.06390	0.00647	0.00572
84	0.02653	0.01955	0.02094	0.01606	0.02164	0.02164	0.01326	0.68796	0.03281	0.04398	0.01675	0.01675	0.01187	0.00838	0.00698	0.00209	0.00768	0.00628	0.00698	0.01187
85	0.02653	0.01955	0.02094	0.01606	0.02164	0.02164	0.01326	0.68796	0.03281	0.04398	0.01675	0.01675	0.01187	0.00838	0.00698	0.00209	0.00768	0.00628	0.00698	0.01187
86	0.00850	0.00607	0.00810	0.00972	0.01012	0.00567	0.00648	0.00972	0.01336	0.01781	0.03846	0.75020	0.04615	0.02186	0.00891	0.00283	0.00405	0.01984	0.00648	0.00567
87	0.01642	0.01867	0.04035	0.02895	0.03571	0.01780	0.65776	0.02212	0.01623	0.02212	0.01391	0.01867	0.01053	0.00615	0.00885	0.00238	0.04239	0.00815	0.00351	0.00934
88	0.01727	0.01658	0.02832	0.04283	0.71123	0.01658	0.02142	0.02142	0.01589	0.02280	0.01313	0.01727	0.01105	0.00622	0.00691	0.00207	0.00829	0.00622	0.00345	0.01105
89	0.06561	0.01660	0.02640	0.19390	0.50344	0.01714	0.02052	0.02167	0.01628	0.02378	0.01458	0.01969	0.01219	0.00765	0.00753	0.00247	0.00888	0.00664	0.00407	0.01096
90	0.08409	0.01881	0.01997	0.01541	0.02089	0.02076	0.01273	0.61374	0.03077	0.06870	0.01665	0.01662	0.01176	0.00825	0.00679	0.00210	0.00744	0.00613	0.00685	0.01155
91	0.00889	0.00630	0.00827	0.00960	0.01003	0.00603	0.00643	0.01006	0.01292	0.01726	0.03530	0.59858	0.04187	0.12425	0.04273	0.00374	0.00512	0.04103	0.00605	0.00552
92	0.01527	0.01527	0.02137	0.01832	0.01832	0.02137	0.01527	0.01679	0.01069	0.01679	0.00916	0.01527	0.00916	0.01221	0.02290	0.00305	0.74198	0.00611	0.00305	0.00763
93	0.18758	0.04300	0.25880	0.12078	0.07060	0.01591	0.10525	0.02120	0.01468	0.05005	0.04068	0.01698	0.01162	0.00689	0.00642	0.00220	0.00863	0.00580	0.00378	0.00915
94	0.01919	0.07294	0.11703	0.05213	0.30743	0.20479	0.01826	0.05206	0.01712	0.02123	0.01258	0.01577	0.01034	0.00872	0.03908	0.00240	0.01012	0.00551	0.00355	0.00974
95	0.00988	0.00713	0.00933	0.00878	0.01043	0.00658	0.00658	0.01317	0.01975	0.02798	0.70754	0.05213	0.06584	0.01427	0.00823	0.00219	0.00329	0.01262	0.00768	0.00658
96	0.01046	0.00859	0.01010	0.01074	0.05933	0.00796	0.00736	0.04259	0.04508	0.02289	0.21992	0.07564	0.42288	0.01541	0.00807	0.00230	0.00408	0.01311	0.00662	0.00689
97	0.01755	0.25613	0.17765	0.01934	0.04760	0.04129	0.16660	0.07955	0.03536	0.02193	0.01289	0.01554	0.01029	0.00842	0.03440	0.00237	0.03421	0.00571	0.00362	0.00955
98	0.00881	0.00665	0.00818	0.00902	0.01026	0.00602	0.00647	0.01061	0.01518	0.01974	0.14052	0.40661	0.24334	0.01940	0.00867	0.00263	0.00396	0.06140	0.00664	0.00591
99	0.01202	0.00612	0.00919	0.00919	0.00924	0.00618	0.00618	0.00924	0.00919	0.01231	0.01242	0.02149	0.01236	0.02551	0.05889	0.76147	0.00663	0.00612	0.00306	0.00317
100	0.04831	0.01237	0.02000	0.40008	0.20191	0.01403	0.01713	0.01749	0.01433	0.01975	0.01726	0.12880	0.01630	0.00945	0.00723	0.00237	0.00799	0.03314	0.00387	0.00819
