[name]
unknown

[dist]
# distance from previous block
# <min> <max>
6	59

[block]
# block no. 0 follows, 31 sequences, length 31
# corresponding to MSA columns:
# 63-93
name=unknown_A
#
# <colnr> <probs for GDERKNQSTAVLIFYWHMCP>
#	G	D	E	R	K	N	Q	S	T	A	V	L	I	F	Y	W	H	M	C	P
0	0.01666	0.06081	0.01672	0.03829	0.06004	0.09725	0.01084	0.09869	0.20638	0.02534	0.11294	0.06040	0.07565	0.00982	0.00682	0.00203	0.00633	0.00809	0.00569	0.08119
1	0.04485	0.05227	0.01758	0.03485	0.09296	0.02998	0.03722	0.08361	0.01668	0.13102	0.01644	0.01893	0.01282	0.03615	0.03362	0.00220	0.00674	0.00570	0.09487	0.23150
2	0.01547	0.02927	0.01815	0.04512	0.03463	0.05986	0.10733	0.06236	0.08147	0.05203	0.13408	0.04593	0.09668	0.00929	0.00693	0.00193	0.00649	0.00819	0.00534	0.17945
3	0.02008	0.01841	0.01607	0.01366	0.01779	0.18672	0.01071	0.19515	0.16650	0.05519	0.02713	0.02643	0.14019	0.00959	0.00680	0.00201	0.00725	0.00745	0.00585	0.06701
4	0.01688	0.01606	0.10498	0.01388	0.01961	0.02967	0.07459	0.05844	0.08712	0.11134	0.02173	0.04696	0.07289	0.00800	0.00645	0.00180	0.00657	0.00682	0.00512	0.29108
5	0.01817	0.01473	0.01573	0.01471	0.05871	0.13120	0.03312	0.06470	0.07884	0.12935	0.14887	0.11660	0.02691	0.02627	0.00823	0.00222	0.03211	0.00896	0.02540	0.04516
6	0.00955	0.00629	0.00840	0.00963	0.01033	0.00582	0.00655	0.01090	0.01366	0.05470	0.06153	0.69137	0.04446	0.02049	0.00861	0.00272	0.00404	0.01854	0.00650	0.00591
7	0.02406	0.01814	0.01945	0.01518	0.02045	0.01996	0.01243	0.56161	0.13041	0.03989	0.01789	0.01765	0.01292	0.00821	0.00677	0.00204	0.00709	0.00628	0.00672	0.05287
8	0.01654	0.01373	0.03172	0.01303	0.03179	0.01225	0.03508	0.10064	0.08382	0.06208	0.01621	0.04416	0.01348	0.03471	0.00767	0.00177	0.03616	0.00588	0.00489	0.43438
9	0.01551	0.07835	0.55934	0.01885	0.02776	0.01707	0.04889	0.07240	0.01581	0.04085	0.01275	0.01478	0.00919	0.00679	0.00699	0.00214	0.03387	0.00525	0.00336	0.01006
10	0.01471	0.16760	0.55485	0.01866	0.02779	0.01802	0.06502	0.02147	0.01445	0.02066	0.01187	0.01406	0.00880	0.00634	0.00621	0.00205	0.00969	0.00499	0.00293	0.00981
11	0.02009	0.01473	0.01563	0.01347	0.01764	0.04126	0.01063	0.09725	0.44807	0.15363	0.02859	0.02632	0.06275	0.00946	0.00698	0.00224	0.00582	0.00773	0.00706	0.01063
12	0.01302	0.01431	0.07102	0.01910	0.02337	0.01258	0.30814	0.01855	0.08637	0.02085	0.02453	0.30718	0.02500	0.01231	0.00811	0.00248	0.00784	0.01229	0.00492	0.00802
13	0.01049	0.00793	0.00900	0.00880	0.01095	0.00745	0.00656	0.01467	0.10088	0.04999	0.20009	0.16980	0.34609	0.01592	0.00800	0.00235	0.00383	0.01368	0.00677	0.00675
14	0.02341	0.01140	0.01448	0.01159	0.01580	0.01070	0.00938	0.13233	0.02142	0.39863	0.21937	0.03120	0.04898	0.01023	0.00724	0.00212	0.00530	0.00852	0.00789	0.01002
15	0.01586	0.30603	0.44235	0.01653	0.02482	0.04637	0.01979	0.02144	0.01442	0.01941	0.01119	0.01308	0.00871	0.00628	0.00570	0.00189	0.00915	0.00451	0.00293	0.00954
16	0.01757	0.01764	0.02739	0.03761	0.57455	0.07350	0.06931	0.02237	0.05200	0.02220	0.01354	0.01713	0.01117	0.00631	0.00683	0.00205	0.00857	0.00619	0.00359	0.01049
17	0.00926	0.00649	0.00752	0.00794	0.00836	0.00623	0.00488	0.00982	0.01157	0.01510	0.03244	0.23680	0.12526	0.46078	0.02419	0.00501	0.00549	0.01310	0.00504	0.00475
18	0.01468	0.01455	0.02054	0.04610	0.01887	0.02023	0.01487	0.01633	0.01062	0.01648	0.00948	0.01558	0.00931	0.01336	0.05056	0.00329	0.68865	0.00605	0.00302	0.00743
19	0.02642	0.01810	0.01909	0.01496	0.02015	0.06569	0.01222	0.45985	0.07328	0.19050	0.01913	0.01828	0.01324	0.00826	0.00681	0.00207	0.00733	0.00631	0.00699	0.01134
20	0.01067	0.00675	0.00859	0.00931	0.01060	0.00608	0.00652	0.01212	0.01427	0.09263	0.04260	0.54552	0.17000	0.01927	0.00841	0.00262	0.00407	0.01715	0.00658	0.00625
21	0.00809	0.00693	0.00693	0.00693	0.00924	0.00578	0.00520	0.00982	0.01559	0.01848	0.06931	0.06584	0.71411	0.01733	0.00809	0.00231	0.00347	0.01444	0.00635	0.00578
22	0.01675	0.01607	0.02743	0.07438	0.68595	0.01621	0.02090	0.02083	0.01549	0.02213	0.01284	0.01699	0.01076	0.00613	0.00678	0.00204	0.00817	0.00609	0.00337	0.01069
23	0.01787	0.47999	0.18619	0.01405	0.02059	0.05235	0.01479	0.05664	0.06458	0.01964	0.01184	0.01312	0.00977	0.00641	0.00524	0.00172	0.00802	0.00442	0.00343	0.00933
24	0.01464	0.01448	0.02032	0.01752	0.01760	0.02017	0.01456	0.01620	0.01051	0.01643	0.00957	0.01572	0.00950	0.01447	0.06742	0.00350	0.70089	0.00607	0.00304	0.00740
25	0.01354	0.01296	0.01910	0.01653	0.01723	0.01722	0.04779	0.01553	0.01092	0.01658	0.01190	0.01855	0.01137	0.02289	0.22453	0.00524	0.50123	0.00648	0.00321	0.00718
26	0.01331	0.01224	0.02010	0.68735	0.04474	0.01511	0.01830	0.04391	0.01462	0.01886	0.03827	0.01938	0.01127	0.00716	0.00689	0.00227	0.00884	0.00632	0.00336	0.00772
27	0.01748	0.01805	0.02580	0.15870	0.47118	0.12155	0.04691	0.02136	0.01584	0.02067	0.01245	0.01654	0.01022	0.00635	0.00675	0.00205	0.00906	0.00592	0.00335	0.00979
28	0.02512	0.03188	0.01945	0.01764	0.02102	0.70286	0.01329	0.02687	0.01902	0.01673	0.01051	0.01245	0.00882	0.00725	0.00684	0.00181	0.04254	0.00447	0.00350	0.00791
29	0.01433	0.01229	0.01425	0.01033	0.01629	0.00952	0.00825	0.01821	0.04953	0.02262	0.01296	0.01477	0.01068	0.00528	0.00516	0.00108	0.00508	0.00424	0.00420	0.76092
30	0.02373	0.02547	0.01841	0.01613	0.02014	0.43129	0.01240	0.11964	0.16671	0.05494	0.01583	0.01624	0.01217	0.00769	0.00643	0.00192	0.00972	0.00545	0.00494	0.03074

[dist]
# distance from previous block
# <min> <max>
5	15

[block]
# block no. 1 follows, 31 sequences, length 12
# corresponding to MSA columns:
# 109-120
name=unknown_B
#
# <colnr> <probs for GDERKNQSTAVLIFYWHMCP>
#	G	D	E	R	K	N	Q	S	T	A	V	L	I	F	Y	W	H	M	C	P
0	0.00962	0.00737	0.00814	0.00815	0.00976	0.00682	0.00573	0.04850	0.01516	0.01921	0.09228	0.19191	0.36492	0.16560	0.01348	0.00324	0.00441	0.01392	0.00602	0.00578
1	0.01577	0.01280	0.01525	0.01127	0.01673	0.01094	0.00911	0.05780	0.01518	0.05755	0.01286	0.01484	0.01045	0.00604	0.00683	0.00131	0.07201	0.00449	0.00434	0.64443
2	0.02303	0.09594	0.01950	0.01380	0.01860	0.01818	0.01135	0.33087	0.16759	0.14717	0.02015	0.02071	0.01500	0.05679	0.00842	0.00235	0.00672	0.00659	0.00654	0.01068
3	0.00834	0.00595	0.00794	0.00953	0.00992	0.00556	0.00635	0.00953	0.01310	0.01746	0.03771	0.75510	0.04525	0.02143	0.00873	0.00278	0.00397	0.01945	0.00635	0.00556
4	0.02597	0.02013	0.02045	0.01588	0.02121	0.07212	0.01302	0.64633	0.03125	0.04123	0.01601	0.01613	0.01143	0.00813	0.00680	0.00203	0.00787	0.00603	0.00661	0.01137
5	0.01091	0.00880	0.00961	0.00995	0.01075	0.05009	0.00678	0.04241	0.01349	0.01744	0.03119	0.40132	0.07516	0.22606	0.01641	0.00375	0.04042	0.01435	0.00543	0.00568
6	0.04498	0.64329	0.07849	0.01238	0.01843	0.02558	0.01252	0.06411	0.01504	0.01869	0.01014	0.01156	0.00891	0.00606	0.00468	0.00157	0.00744	0.00391	0.00322	0.00900
7	0.00967	0.00652	0.00754	0.00782	0.00789	0.00645	0.00453	0.00988	0.01049	0.01399	0.02434	0.16716	0.02838	0.63238	0.03033	0.00597	0.00617	0.01159	0.00453	0.00439
8	0.02543	0.01804	0.01959	0.01524	0.02053	0.01981	0.01252	0.56661	0.10420	0.09901	0.01856	0.01800	0.01309	0.00835	0.00686	0.00209	0.00715	0.00639	0.00699	0.01155
9	0.01792	0.01807	0.02827	0.12005	0.10159	0.09701	0.28015	0.05156	0.07970	0.05392	0.01476	0.01809	0.01129	0.00714	0.00852	0.00225	0.06955	0.00686	0.00406	0.00925
10	0.01070	0.00764	0.00840	0.00817	0.01044	0.00682	0.00605	0.01339	0.05434	0.07851	0.07972	0.14002	0.47481	0.05827	0.00950	0.00259	0.00400	0.01369	0.00648	0.00646
11	0.02133	0.05099	0.05724	0.01421	0.01899	0.01800	0.01205	0.46557	0.02537	0.03423	0.01647	0.02010	0.01326	0.09717	0.07130	0.00327	0.00838	0.00644	0.00577	0.03987

[dist]
# distance from previous block
# <min> <max>
1	6

[block]
# block no. 2 follows, 31 sequences, length 38
# corresponding to MSA columns:
# 127-164
name=unknown_C
#
# <colnr> <probs for GDERKNQSTAVLIFYWHMCP>
#	G	D	E	R	K	N	Q	S	T	A	V	L	I	F	Y	W	H	M	C	P
0	0.04949	0.10474	0.02278	0.15891	0.02487	0.01944	0.05627	0.09526	0.06465	0.04816	0.01286	0.01643	0.01046	0.00887	0.01214	0.00240	0.27370	0.00594	0.00400	0.00863
1	0.02215	0.01669	0.01921	0.06042	0.02180	0.01751	0.02800	0.43293	0.05839	0.06157	0.01612	0.01680	0.01177	0.00745	0.00650	0.00186	0.00702	0.00585	0.00599	0.18199
2	0.00880	0.00692	0.00802	0.00809	0.00991	0.00603	0.00591	0.01086	0.01600	0.02082	0.23504	0.21644	0.36031	0.01691	0.00812	0.00233	0.00357	0.01464	0.00659	0.03470
3	0.02550	0.01891	0.02025	0.01564	0.02102	0.02098	0.01288	0.65686	0.07021	0.04230	0.01707	0.01694	0.01216	0.00827	0.00685	0.00207	0.00741	0.00625	0.00685	0.01159
4	0.01536	0.01348	0.01497	0.01100	0.01676	0.03938	0.00881	0.05729	0.01534	0.02312	0.01225	0.01427	0.01013	0.00554	0.00574	0.00116	0.02769	0.00425	0.00416	0.69930
5	0.02528	0.01560	0.01816	0.09512	0.02214	0.04684	0.01216	0.30239	0.02361	0.28304	0.01948	0.01963	0.01346	0.02903	0.00754	0.00217	0.00717	0.00635	0.00667	0.04416
6	0.00944	0.00723	0.00869	0.00843	0.01025	0.00665	0.00628	0.01278	0.04762	0.02414	0.44628	0.10941	0.24692	0.01532	0.00808	0.00225	0.00345	0.01332	0.00708	0.00638
7	0.01142	0.00759	0.00945	0.00871	0.01085	0.00690	0.00663	0.01468	0.03564	0.08778	0.50098	0.05104	0.19416	0.01407	0.00794	0.00219	0.00356	0.01219	0.00736	0.00689
8	0.04143	0.01387	0.02039	0.46118	0.03680	0.04355	0.05757	0.08389	0.01630	0.08602	0.01612	0.01993	0.03857	0.00761	0.00728	0.00224	0.02827	0.00648	0.00412	0.00839
9	0.01572	0.01236	0.01831	0.36643	0.03101	0.01509	0.01501	0.06866	0.01486	0.08519	0.01452	0.01914	0.01127	0.01118	0.05835	0.00291	0.15321	0.00625	0.07249	0.00805
10	0.00953	0.00699	0.00894	0.00845	0.01013	0.00639	0.00634	0.01262	0.01902	0.02660	0.65345	0.05247	0.12490	0.01430	0.00807	0.00217	0.00325	0.01256	0.00742	0.00639
11	0.00816	0.00689	0.00707	0.00711	0.00931	0.00580	0.00530	0.00994	0.01565	0.01882	0.09529	0.09345	0.65920	0.01735	0.00811	0.00232	0.00348	0.01456	0.00640	0.00580
12	0.01436	0.10396	0.60198	0.01952	0.02896	0.01708	0.07860	0.02157	0.01453	0.02115	0.01214	0.01444	0.00882	0.00638	0.00643	0.00211	0.00996	0.00517	0.00294	0.00991
13	0.01656	0.01587	0.02710	0.10713	0.65466	0.01616	0.02081	0.02067	0.01540	0.02190	0.01280	0.01705	0.01068	0.00616	0.00678	0.00205	0.00822	0.00609	0.00335	0.01054
14	0.01425	0.00783	0.00798	0.00744	0.00947	0.00806	0.00571	0.09278	0.01637	0.02750	0.02165	0.02448	0.01687	0.00800	0.00502	0.00165	0.00368	0.00635	0.70796	0.00697
15	0.53796	0.01304	0.01241	0.07800	0.01730	0.01464	0.00913	0.06969	0.01450	0.12394	0.01319	0.01444	0.00960	0.00689	0.00505	0.00210	0.00579	0.00465	0.03942	0.00826
16	0.25210	0.04566	0.01553	0.01176	0.01654	0.01508	0.00974	0.21440	0.02024	0.23339	0.02212	0.02124	0.07709	0.00849	0.00611	0.00209	0.00600	0.00632	0.00635	0.00975
17	0.00999	0.00736	0.00950	0.00877	0.01069	0.00663	0.00658	0.01311	0.01869	0.02660	0.62847	0.07797	0.05937	0.01359	0.00786	0.00209	0.00341	0.01201	0.00720	0.07013
18	0.01292	0.01216	0.02052	0.74312	0.04712	0.01520	0.01900	0.01748	0.01368	0.01748	0.01216	0.01824	0.00912	0.00684	0.00684	0.00228	0.00912	0.00608	0.00304	0.00760
19	0.01475	0.01464	0.02053	0.01766	0.01772	0.02042	0.01469	0.01628	0.01050	0.01644	0.00938	0.01548	0.00933	0.01366	0.05282	0.00334	0.71587	0.00604	0.00302	0.00743
20	0.80789	0.01323	0.01006	0.00900	0.01323	0.01535	0.00741	0.02011	0.01164	0.03070	0.00953	0.01111	0.00741	0.00635	0.00423	0.00212	0.00529	0.00370	0.00423	0.00741
21	0.00896	0.00801	0.00766	0.00753	0.00983	0.03619	0.00565	0.01084	0.01610	0.01924	0.12668	0.06224	0.62430	0.01659	0.00800	0.00227	0.00381	0.01383	0.00634	0.00593
22	0.01419	0.01216	0.01419	0.01013	0.01621	0.00912	0.00811	0.01723	0.01419	0.02229	0.01216	0.01419	0.01013	0.00507	0.00507	0.00101	0.00507	0.00405	0.00405	0.80139
23	0.00966	0.00660	0.00797	0.00847	0.00878	0.00649	0.00540	0.01036	0.01162	0.01551	0.05507	0.21572	0.03266	0.48597	0.02521	0.00522	0.00583	0.07369	0.00500	0.00477
24	0.01308	0.01020	0.01238	0.01153	0.01345	0.01090	0.00865	0.11857	0.07215	0.02365	0.11986	0.32699	0.03369	0.05269	0.01073	0.00265	0.08263	0.01264	0.00603	0.05754
25	0.01600	0.01798	0.03841	0.02744	0.03429	0.01669	0.64091	0.02156	0.01600	0.02194	0.01372	0.01814	0.01036	0.00571	0.00785	0.00221	0.01105	0.00777	0.00350	0.06845
26	0.02493	0.01350	0.01619	0.01303	0.01774	0.01365	0.01055	0.16268	0.18563	0.37036	0.07662	0.02456	0.02041	0.00903	0.00698	0.00216	0.00587	0.00735	0.00772	0.01106
27	0.00845	0.00604	0.00804	0.00945	0.00995	0.00563	0.00636	0.00981	0.01362	0.01830	0.09428	0.69615	0.04687	0.02081	0.00868	0.00273	0.00391	0.01886	0.00645	0.00563
28	0.02984	0.01302	0.01673	0.01283	0.01815	0.01210	0.01060	0.15440	0.02189	0.59732	0.02505	0.02203	0.01596	0.00842	0.00687	0.00211	0.00613	0.00675	0.00817	0.01164
29	0.00995	0.00663	0.00746	0.00746	0.00746	0.00663	0.00415	0.00995	0.00995	0.01327	0.02156	0.04477	0.02487	0.75957	0.03482	0.00663	0.00663	0.00995	0.00415	0.00415
30	0.00995	0.00663	0.00746	0.00746	0.00746	0.00663	0.00415	0.00995	0.00995	0.01327	0.02156	0.04477	0.02487	0.75957	0.03482	0.00663	0.00663	0.00995	0.00415	0.00415
31	0.02556	0.03261	0.01939	0.01763	0.02115	0.73210	0.01322	0.02732	0.01939	0.01674	0.01058	0.01234	0.00881	0.00705	0.00617	0.00176	0.01234	0.00441	0.00353	0.00793
32	0.01180	0.00600	0.00900	0.00900	0.00905	0.00605	0.00605	0.00905	0.00900	0.01205	0.01215	0.02105	0.01210	0.02492	0.05622	0.76794	0.00646	0.00600	0.00300	0.00310
33	0.02898	0.01126	0.01533	0.01188	0.01687	0.00976	0.00976	0.03167	0.01956	0.66485	0.08312	0.02556	0.02083	0.00892	0.00698	0.00212	0.00561	0.00733	0.00839	0.01122
34	0.01895	0.01503	0.04354	0.01334	0.01756	0.04608	0.01085	0.03234	0.45623	0.15466	0.03015	0.02783	0.08354	0.00967	0.00700	0.00225	0.00580	0.00795	0.00687	0.01035
35	0.09807	0.03600	0.01760	0.01435	0.04882	0.03461	0.01118	0.22085	0.08436	0.28503	0.03565	0.01972	0.01496	0.00804	0.00649	0.00204	0.00646	0.00627	0.00676	0.04273
36	0.04364	0.01424	0.08483	0.37299	0.05850	0.01400	0.07039	0.04499	0.03980	0.02035	0.01771	0.15447	0.01641	0.00953	0.00716	0.00234	0.00807	0.00860	0.00403	0.00798
37	0.01681	0.28372	0.16637	0.08112	0.02209	0.03781	0.01415	0.02115	0.04007	0.07752	0.04475	0.04302	0.01384	0.00728	0.00580	0.00180	0.00742	0.00561	0.00402	0.10566

[dist]
# distance from previous block
# <min> <max>
1	6

[block]
# block no. 3 follows, 31 sequences, length 35
# corresponding to MSA columns:
# 171-205
name=unknown_D
#
# <colnr> <probs for GDERKNQSTAVLIFYWHMCP>
#	G	D	E	R	K	N	Q	S	T	A	V	L	I	F	Y	W	H	M	C	P
0	0.02376	0.01937	0.01916	0.01577	0.03791	0.11302	0.01245	0.48250	0.02710	0.03589	0.01565	0.01656	0.01160	0.00803	0.00713	0.00198	0.03652	0.00587	0.07465	0.03505
1	0.01705	0.01400	0.01505	0.01158	0.01690	0.05522	0.00918	0.09606	0.06620	0.06563	0.01601	0.05840	0.01342	0.00699	0.00579	0.00144	0.00580	0.00563	0.00494	0.51472
2	0.01617	0.28282	0.36249	0.01667	0.02395	0.02010	0.04051	0.02117	0.01409	0.04630	0.01159	0.01378	0.00911	0.00691	0.00753	0.00201	0.08740	0.00484	0.00315	0.00940
3	0.01464	0.01109	0.01339	0.01052	0.01517	0.00920	0.00824	0.01798	0.04176	0.08263	0.06061	0.12400	0.01948	0.00864	0.00655	0.00154	0.02793	0.00722	0.00506	0.51435
4	0.00979	0.00725	0.01057	0.01057	0.01165	0.00832	0.00803	0.01195	0.01087	0.01557	0.01871	0.02901	0.01803	0.13557	0.64945	0.01048	0.01693	0.00764	0.00372	0.00587
5	0.02363	0.05127	0.01956	0.01713	0.02042	0.59379	0.01311	0.02650	0.06044	0.01752	0.01209	0.01487	0.01030	0.00782	0.00753	0.00192	0.06952	0.02077	0.00374	0.00806
6	0.01412	0.09855	0.66443	0.01882	0.02857	0.01686	0.02410	0.02156	0.01440	0.02118	0.01204	0.01414	0.00868	0.00644	0.00632	0.00211	0.00987	0.00493	0.00289	0.01000
7	0.01090	0.00778	0.01088	0.01246	0.01398	0.00777	0.01081	0.01396	0.01563	0.02033	0.03629	0.10882	0.03965	0.01902	0.00942	0.00313	0.00619	0.64043	0.00630	0.00627
8	0.00901	0.00705	0.00747	0.00738	0.00964	0.00597	0.00553	0.01086	0.01589	0.04367	0.11575	0.10044	0.60359	0.01698	0.00808	0.00232	0.00356	0.01429	0.00652	0.00602
9	0.01858	0.73509	0.03521	0.01194	0.01770	0.05464	0.01177	0.02075	0.01412	0.01612	0.00955	0.01103	0.00878	0.00590	0.00446	0.00147	0.00751	0.00369	0.00295	0.00875
10	0.00834	0.00595	0.00794	0.00953	0.00992	0.00556	0.00635	0.00953	0.01310	0.01746	0.03771	0.75510	0.04525	0.02143	0.00873	0.00278	0.00397	0.01945	0.00635	0.00556
11	0.02837	0.01243	0.01582	0.01226	0.01726	0.01158	0.01008	0.14072	0.02120	0.54944	0.02484	0.02235	0.01611	0.00838	0.00669	0.00206	0.00587	0.00672	0.07663	0.01118
12	0.80789	0.01323	0.01006	0.00900	0.01323	0.01535	0.00741	0.02011	0.01164	0.03070	0.00953	0.01111	0.00741	0.00635	0.00423	0.00212	0.00529	0.00370	0.00423	0.00741
13	0.01693	0.01626	0.02777	0.04199	0.71689	0.01626	0.02100	0.02100	0.01558	0.02235	0.01287	0.01693	0.01084	0.00610	0.00677	0.00203	0.00813	0.00610	0.00339	0.01084
14	0.01020	0.00699	0.00918	0.00888	0.01043	0.00643	0.00656	0.01307	0.01834	0.05025	0.57737	0.16655	0.05968	0.01502	0.00814	0.00225	0.00344	0.01335	0.00737	0.00649
15	0.01328	0.01257	0.02099	0.65832	0.08650	0.01560	0.01889	0.01764	0.01361	0.01772	0.01202	0.01797	0.00922	0.00709	0.00774	0.00231	0.05161	0.00608	0.00306	0.00779
16	0.01747	0.01752	0.03243	0.02415	0.02902	0.04545	0.43209	0.02171	0.01511	0.08099	0.01360	0.01774	0.01053	0.00765	0.01160	0.00245	0.20049	0.00729	0.00378	0.00894
17	0.00995	0.00663	0.00746	0.00746	0.00746	0.00663	0.00415	0.00995	0.00995	0.01327	0.02156	0.04477	0.02487	0.75957	0.03482	0.00663	0.00663	0.00995	0.00415	0.00415
18	0.07121	0.69128	0.05488	0.01176	0.01763	0.02595	0.01183	0.02050	0.01377	0.01725	0.00960	0.01109	0.00868	0.00591	0.00444	0.00153	0.00726	0.00370	0.00301	0.00873
19	0.00875	0.00637	0.00815	0.00892	0.00984	0.00587	0.00617	0.01051	0.01497	0.02016	0.22709	0.46038	0.11958	0.04826	0.00952	0.00271	0.00382	0.01659	0.00659	0.00577
20	0.06023	0.01154	0.01541	0.01192	0.01705	0.01014	0.00983	0.03211	0.01926	0.67048	0.05028	0.02378	0.01823	0.00858	0.00682	0.00212	0.00571	0.00695	0.00827	0.01130
21	0.01188	0.00594	0.00891	0.00891	0.00891	0.00594	0.00594	0.00891	0.00891	0.01188	0.01188	0.02080	0.01188	0.02377	0.02674	0.80095	0.00594	0.00594	0.00297	0.00297
22	0.08519	0.01659	0.02150	0.04347	0.02068	0.08034	0.08319	0.05970	0.01338	0.01993	0.01053	0.01536	0.00940	0.01129	0.03950	0.00292	0.44974	0.00592	0.00345	0.00791
23	0.00880	0.00627	0.00819	0.00912	0.00978	0.00587	0.00619	0.01039	0.01436	0.01954	0.20124	0.52230	0.04821	0.08294	0.01081	0.00296	0.00402	0.01691	0.00645	0.00566
24	0.00815	0.00693	0.00702	0.00700	0.00928	0.00580	0.00525	0.00994	0.01574	0.01884	0.09488	0.06526	0.68832	0.01719	0.00809	0.00230	0.00346	0.01436	0.00640	0.00580
25	0.01840	0.67275	0.08099	0.01257	0.01857	0.06698	0.01270	0.02096	0.01425	0.01651	0.00976	0.01129	0.00877	0.00597	0.00463	0.00153	0.00779	0.00379	0.00296	0.00882
26	0.01495	0.07577	0.01513	0.01220	0.01482	0.01209	0.03271	0.18664	0.01849	0.05143	0.02853	0.42159	0.03097	0.01556	0.00781	0.00245	0.00559	0.03934	0.00616	0.00778
27	0.01102	0.00787	0.01102	0.01260	0.01417	0.00787	0.01102	0.01417	0.01575	0.02047	0.03622	0.07717	0.03937	0.01890	0.00945	0.00315	0.00630	0.67084	0.00630	0.00630
28	0.01693	0.01626	0.02777	0.04199	0.71689	0.01626	0.02100	0.02100	0.01558	0.02235	0.01287	0.01693	0.01084	0.00610	0.00677	0.00203	0.00813	0.00610	0.00339	0.01084
29	0.02167	0.01523	0.07809	0.01433	0.01909	0.01371	0.03866	0.20876	0.07481	0.23871	0.02456	0.10823	0.02040	0.01076	0.00737	0.00231	0.00670	0.07975	0.00675	0.01009
30	0.01490	0.01483	0.02201	0.52652	0.19168	0.07760	0.01894	0.01910	0.01459	0.01848	0.01218	0.01744	0.00947	0.00670	0.00677	0.00218	0.00918	0.00594	0.00316	0.00834
31	0.20558	0.02686	0.01735	0.01546	0.01933	0.49887	0.01186	0.08975	0.01883	0.02249	0.01090	0.01245	0.00876	0.00700	0.00579	0.00187	0.01025	0.00441	0.00401	0.00817
32	0.00920	0.00697	0.00847	0.00810	0.00992	0.00625	0.00607	0.01197	0.01822	0.02472	0.51779	0.05558	0.26174	0.01500	0.00807	0.00220	0.00330	0.01300	0.00717	0.00625
33	0.01597	0.07347	0.44327	0.02230	0.12546	0.01746	0.06061	0.09395	0.01644	0.02357	0.01262	0.01505	0.00941	0.00674	0.00710	0.00213	0.03544	0.00544	0.00343	0.01015
34	0.00838	0.00697	0.00734	0.00734	0.00954	0.00593	0.00557	0.01034	0.01602	0.01957	0.14058	0.06462	0.61481	0.01701	0.00814	0.00232	0.00355	0.03962	0.00648	0.00587

[dist]
# distance from previous block
# <min> <max>
0	1

[block]
# block no. 4 follows, 31 sequences, length 200
# corresponding to MSA columns:
# 207-406
name=unknown_E
#
# <colnr> <probs for GDERKNQSTAVLIFYWHMCP>
#	G	D	E	R	K	N	Q	S	T	A	V	L	I	F	Y	W	H	M	C	P
0	0.01005	0.00802	0.00858	0.00851	0.01048	0.03552	0.00634	0.01218	0.01657	0.04250	0.23905	0.15692	0.37035	0.01634	0.00809	0.00233	0.00398	0.03135	0.00663	0.00622
1	0.06241	0.16414	0.44038	0.01686	0.02474	0.01840	0.01975	0.06872	0.01535	0.04499	0.01217	0.01407	0.00911	0.00690	0.00701	0.00208	0.05485	0.00492	0.00344	0.00970
2	0.01643	0.01419	0.01491	0.01347	0.01723	0.01628	0.01046	0.03462	0.65961	0.02796	0.03055	0.02815	0.06608	0.00981	0.00703	0.00232	0.00529	0.00817	0.00692	0.01050
3	0.00995	0.00663	0.00746	0.00746	0.00746	0.00663	0.00415	0.00995	0.00995	0.01327	0.02156	0.04477	0.02487	0.75957	0.03482	0.00663	0.00663	0.00995	0.00415	0.00415
4	0.02497	0.01775	0.01928	0.01512	0.02032	0.01951	0.01238	0.52659	0.14044	0.10282	0.01925	0.01853	0.01362	0.00841	0.00687	0.00210	0.00703	0.00648	0.00701	0.01150
5	0.01154	0.00903	0.00913	0.00846	0.01112	0.03532	0.00648	0.05696	0.01754	0.06488	0.14127	0.05606	0.51654	0.01537	0.00785	0.00224	0.00419	0.01278	0.00655	0.00669
6	0.00851	0.00608	0.00814	0.00973	0.01020	0.00571	0.00666	0.00983	0.01327	0.01766	0.03761	0.71090	0.04487	0.02127	0.00878	0.00280	0.00412	0.06192	0.00635	0.00561
7	0.00858	0.00695	0.00761	0.00745	0.00954	0.00599	0.00559	0.01077	0.01676	0.02124	0.26799	0.06129	0.51371	0.01630	0.00808	0.00226	0.00339	0.01380	0.00672	0.00599
8	0.01303	0.01227	0.02072	0.72404	0.06535	0.01523	0.01905	0.01758	0.01373	0.01761	0.01218	0.01820	0.00917	0.00682	0.00684	0.00227	0.00909	0.00608	0.00305	0.00769
9	0.01292	0.01216	0.02052	0.74312	0.04712	0.01520	0.01900	0.01748	0.01368	0.01748	0.01216	0.01824	0.00912	0.00684	0.00684	0.00228	0.00912	0.00608	0.00304	0.00760
10	0.00977	0.00733	0.01100	0.01100	0.01222	0.00855	0.00855	0.01222	0.01100	0.01588	0.01833	0.02688	0.01710	0.05131	0.73245	0.01100	0.01833	0.00733	0.00367	0.00611
11	0.01059	0.00722	0.00931	0.00866	0.01050	0.00658	0.00654	0.01368	0.01910	0.06075	0.63185	0.05084	0.11047	0.01396	0.00801	0.00216	0.00337	0.01226	0.00749	0.00666
12	0.01316	0.01240	0.02095	0.70170	0.08669	0.01526	0.01912	0.01769	0.01379	0.01777	0.01220	0.01816	0.00922	0.00680	0.00684	0.00227	0.00906	0.00608	0.00306	0.00779
13	0.03070	0.01164	0.01588	0.01217	0.01746	0.01006	0.01006	0.03334	0.01958	0.72163	0.02699	0.02329	0.01694	0.00847	0.00688	0.00212	0.00582	0.00688	0.00847	0.01164
14	0.80789	0.01323	0.01006	0.00900	0.01323	0.01535	0.00741	0.02011	0.01164	0.03070	0.00953	0.01111	0.00741	0.00635	0.00423	0.00212	0.00529	0.00370	0.00423	0.00741
15	0.00868	0.00619	0.00826	0.00980	0.01031	0.00585	0.00679	0.01005	0.01329	0.01766	0.03702	0.65784	0.04395	0.04502	0.00965	0.00294	0.00431	0.09053	0.00627	0.00559
16	0.05052	0.01173	0.01543	0.01195	0.01700	0.01044	0.00982	0.06048	0.01974	0.60519	0.07031	0.02417	0.01933	0.00865	0.00683	0.00208	0.00569	0.00703	0.00808	0.03555
17	0.02717	0.01446	0.01706	0.01328	0.01837	0.03260	0.01087	0.24122	0.04556	0.41349	0.05645	0.02202	0.01732	0.00856	0.00686	0.00207	0.00637	0.00681	0.00761	0.03185
18	0.01372	0.03539	0.72412	0.01950	0.02961	0.01589	0.02528	0.02167	0.01444	0.02167	0.01228	0.01444	0.00867	0.00650	0.00650	0.00217	0.01011	0.00506	0.00289	0.01011
19	0.03070	0.01164	0.01588	0.01217	0.01746	0.01006	0.01006	0.03334	0.01958	0.72163	0.02699	0.02329	0.01694	0.00847	0.00688	0.00212	0.00582	0.00688	0.00847	0.01164
20	0.00957	0.00699	0.00899	0.00849	0.01015	0.00641	0.00637	0.01270	0.01911	0.02682	0.66905	0.05212	0.10916	0.01422	0.00807	0.00216	0.00324	0.01251	0.00745	0.00641
21	0.01444	0.01425	0.01992	0.01729	0.01732	0.01973	0.01428	0.01591	0.01069	0.01654	0.01126	0.07366	0.01186	0.01272	0.02136	0.00298	0.68812	0.00705	0.00326	0.00733
22	0.02455	0.01175	0.01447	0.01185	0.01625	0.01143	0.00954	0.03177	0.20352	0.43959	0.02658	0.02419	0.01808	0.00862	0.00662	0.00210	0.00535	0.00704	0.11599	0.01070
23	0.00995	0.00663	0.00746	0.00746	0.00746	0.00663	0.00415	0.00995	0.00995	0.01327	0.02156	0.04477	0.02487	0.75957	0.03482	0.00663	0.00663	0.00995	0.00415	0.00415
24	0.02504	0.03174	0.01946	0.01764	0.02099	0.69729	0.01330	0.02679	0.01895	0.01673	0.01050	0.01247	0.00882	0.00729	0.00697	0.00182	0.04830	0.00448	0.00350	0.00791
25	0.01292	0.01216	0.02052	0.74312	0.04712	0.01520	0.01900	0.01748	0.01368	0.01748	0.01216	0.01824	0.00912	0.00684	0.00684	0.00228	0.00912	0.00608	0.00304	0.00760
26	0.01102	0.00787	0.01102	0.01260	0.01417	0.00787	0.01102	0.01417	0.01575	0.02047	0.03622	0.07717	0.03937	0.01890	0.00945	0.00315	0.00630	0.67084	0.00630	0.00630
27	0.04593	0.03358	0.66399	0.01901	0.02843	0.01609	0.02410	0.02137	0.01415	0.02180	0.01202	0.01433	0.00863	0.00674	0.00712	0.00220	0.04263	0.00504	0.00295	0.00988
28	0.01710	0.57326	0.21580	0.01374	0.02071	0.02415	0.01525	0.02079	0.01404	0.01755	0.01023	0.01188	0.00875	0.00602	0.00494	0.00165	0.00805	0.00402	0.00292	0.00913
29	0.00977	0.00733	0.01100	0.01100	0.01222	0.00855	0.00855	0.01222	0.01100	0.01588	0.01833	0.02688	0.01710	0.05131	0.73245	0.01100	0.01833	0.00733	0.00367	0.00611
30	0.53613	0.18478	0.01699	0.01064	0.01516	0.10384	0.00907	0.02106	0.01308	0.02573	0.00965	0.01123	0.00789	0.00632	0.00450	0.00193	0.00659	0.00378	0.00385	0.00778
31	0.01266	0.00640	0.00646	0.00644	0.00804	0.00638	0.00483	0.01585	0.01450	0.02556	0.04307	0.02627	0.01895	0.00815	0.00488	0.00161	0.00319	0.00656	0.77382	0.00638
32	0.01568	0.01416	0.05079	0.06580	0.28173	0.01398	0.01497	0.04133	0.10384	0.06350	0.16604	0.02693	0.04460	0.00915	0.00813	0.00219	0.05477	0.00788	0.00513	0.00938
33	0.01546	0.01212	0.01432	0.01029	0.01631	0.00919	0.00826	0.01847	0.01460	0.07615	0.01330	0.01489	0.01066	0.00533	0.00521	0.00110	0.00512	0.00427	0.00439	0.74056
34	0.01829	0.76368	0.03585	0.01171	0.01756	0.02707	0.01171	0.02049	0.01390	0.01610	0.00951	0.01097	0.00878	0.00585	0.00439	0.00146	0.00732	0.00366	0.00293	0.00878
35	0.01582	0.01514	0.02571	0.23218	0.48811	0.01603	0.03998	0.02062	0.04025	0.02124	0.01325	0.01765	0.01072	0.00641	0.00684	0.00212	0.00840	0.00621	0.00342	0.00990
36	0.01324	0.01177	0.01105	0.01101	0.04331	0.12294	0.00780	0.01548	0.01729	0.06646	0.22636	0.04769	0.32754	0.03771	0.00850	0.00229	0.00528	0.01127	0.00615	0.00686
37	0.03035	0.01220	0.01622	0.01244	0.01774	0.01088	0.01027	0.08242	0.02052	0.67123	0.02621	0.02278	0.01654	0.00845	0.00688	0.00211	0.00595	0.00683	0.00835	0.01164
38	0.00995	0.00663	0.00746	0.00746	0.00746	0.00663	0.00415	0.00995	0.00995	0.01327	0.02156	0.04477	0.02487	0.75957	0.03482	0.00663	0.00663	0.00995	0.00415	0.00415
39	0.02506	0.01869	0.02000	0.01555	0.02085	0.02077	0.01277	0.62457	0.10322	0.04158	0.01763	0.01739	0.01261	0.00833	0.00686	0.00208	0.00730	0.00633	0.00686	0.01155
40	0.01080	0.00830	0.00876	0.00826	0.01059	0.03568	0.00626	0.01309	0.01727	0.06724	0.27912	0.05598	0.42329	0.01522	0.00792	0.00222	0.00390	0.01285	0.00677	0.00647
41	0.00960	0.00693	0.00907	0.00867	0.01020	0.00640	0.00645	0.01269	0.01896	0.02679	0.66933	0.09691	0.06330	0.01447	0.00811	0.00219	0.00328	0.01283	0.00745	0.00640
42	0.00820	0.00693	0.00709	0.00705	0.00931	0.00582	0.00529	0.01003	0.01586	0.01911	0.11436	0.06481	0.66867	0.01709	0.00808	0.00230	0.00345	0.01429	0.00644	0.00582
43	0.26041	0.01709	0.01705	0.01360	0.01859	0.01918	0.01118	0.44864	0.06983	0.03844	0.01510	0.01542	0.01097	0.00772	0.00607	0.00209	0.00672	0.00552	0.00607	0.01031
44	0.01247	0.01057	0.01040	0.00956	0.01241	0.04900	0.00750	0.13087	0.01887	0.02320	0.08039	0.05448	0.47528	0.01515	0.00786	0.00229	0.00487	0.06153	0.00633	0.00699
45	0.00834	0.00595	0.00794	0.00953	0.00992	0.00556	0.00635	0.00953	0.01310	0.01746	0.03771	0.75510	0.04525	0.02143	0.00873	0.00278	0.00397	0.01945	0.00635	0.00556
46	0.01661	0.01009	0.01049	0.00910	0.01182	0.01069	0.00717	0.21314	0.01953	0.03063	0.02060	0.02287	0.01582	0.00804	0.00538	0.00173	0.00445	0.00631	0.56761	0.00791
47	0.01563	0.01492	0.02541	0.26993	0.49915	0.01591	0.02035	0.01985	0.01496	0.02077	0.01264	0.01736	0.01028	0.00634	0.00679	0.00211	0.00845	0.00609	0.00327	0.00978
48	0.01693	0.01626	0.02777	0.04199	0.71689	0.01626	0.02100	0.02100	0.01558	0.02235	0.01287	0.01693	0.01084	0.00610	0.00677	0.00203	0.00813	0.00610	0.00339	0.01084
49	0.01318	0.01243	0.02099	0.69741	0.09079	0.01527	0.01913	0.01771	0.01380	0.01780	0.01221	0.01815	0.00923	0.00679	0.00684	0.00226	0.00906	0.00608	0.00306	0.00781
50	0.01318	0.01243	0.02099	0.69741	0.09079	0.01527	0.01913	0.01771	0.01380	0.01780	0.01221	0.01815	0.00923	0.00679	0.00684	0.00226	0.00906	0.00608	0.00306	0.00781
51	0.02962	0.01168	0.01577	0.01204	0.01738	0.00999	0.00993	0.03229	0.01923	0.67603	0.02602	0.02269	0.01649	0.00825	0.00676	0.00204	0.00577	0.00670	0.00818	0.06313
52	0.02023	0.04323	0.10264	0.01417	0.01892	0.09479	0.01246	0.22360	0.09281	0.11224	0.09549	0.08062	0.03905	0.00984	0.00698	0.00212	0.00710	0.00793	0.00609	0.00967
53	0.01402	0.08287	0.67925	0.01899	0.02882	0.01662	0.02439	0.02159	0.01441	0.02130	0.01210	0.01422	0.00867	0.00646	0.00636	0.00212	0.00993	0.00496	0.00289	0.01002
54	0.03070	0.01164	0.01588	0.01217	0.01746	0.01006	0.01006	0.03334	0.01958	0.72163	0.02699	0.02329	0.01694	0.00847	0.00688	0.00212	0.00582	0.00688	0.00847	0.01164
55	0.01615	0.01845	0.04037	0.02884	0.03576	0.01730	0.69204	0.02191	0.01615	0.02191	0.01384	0.01845	0.01038	0.00577	0.00807	0.00231	0.01153	0.00807	0.00346	0.00923
56	0.02309	0.01706	0.04657	0.01462	0.01951	0.01759	0.01220	0.45751	0.08791	0.10866	0.02092	0.10602	0.01690	0.00984	0.00707	0.00217	0.00684	0.00792	0.00680	0.01078
57	0.00995	0.00663	0.00746	0.00746	0.00746	0.00663	0.00415	0.00995	0.00995	0.01327	0.02156	0.04477	0.02487	0.75957	0.03482	0.00663	0.00663	0.00995	0.00415	0.00415
58	0.00995	0.00663	0.00746	0.00746	0.00746	0.00663	0.00415	0.00995	0.00995	0.01327	0.02156	0.04477	0.02487	0.75957	0.03482	0.00663	0.00663	0.00995	0.00415	0.00415
59	0.01801	0.71837	0.07867	0.01219	0.01831	0.02637	0.01255	0.02056	0.01393	0.01644	0.00968	0.01119	0.00877	0.00589	0.00452	0.00151	0.00749	0.00375	0.00292	0.00886
60	0.05708	0.01923	0.02051	0.01716	0.06402	0.04664	0.01328	0.60070	0.02984	0.04036	0.01571	0.01609	0.01131	0.00796	0.00671	0.00204	0.00765	0.00599	0.00640	0.01128
61	0.00834	0.00595	0.00794	0.00953	0.00992	0.00556	0.00635	0.00953	0.01310	0.01746	0.03771	0.75510	0.04525	0.02143	0.00873	0.00278	0.00397	0.01945	0.00635	0.00556
62	0.01693	0.01626	0.02777	0.04199	0.71689	0.01626	0.02100	0.02100	0.01558	0.02235	0.01287	0.01693	0.01084	0.00610	0.00677	0.00203	0.00813	0.00610	0.00339	0.01084
63	0.04906	0.48418	0.07937	0.01380	0.01834	0.02419	0.01335	0.01949	0.01294	0.01718	0.00957	0.01228	0.00877	0.00754	0.00930	0.00194	0.20286	0.00437	0.00299	0.00848
64	0.01631	0.01543	0.02596	0.19614	0.54881	0.01617	0.02032	0.03967	0.01564	0.02187	0.01281	0.01721	0.01048	0.00632	0.00679	0.00209	0.00833	0.00609	0.00341	0.01014
65	0.00994	0.00666	0.00760	0.00760	0.00765	0.00671	0.00432	0.01004	0.00999	0.01337	0.02143	0.04408	0.02457	0.73208	0.06190	0.00680	0.00709	0.00985	0.00413	0.00422
66	0.01473	0.06667	0.64769	0.01891	0.02853	0.01673	0.02387	0.06545	0.01558	0.02282	0.01243	0.01442	0.00886	0.00658	0.00643	0.00213	0.00982	0.00507	0.00315	0.01015
67	0.01770	0.01128	0.01388	0.01048	0.01570	0.00896	0.00837	0.02057	0.01598	0.19975	0.08104	0.05276	0.01838	0.00747	0.00596	0.00148	0.00504	0.00621	0.00559	0.49339
68	0.01829	0.76368	0.03585	0.01171	0.01756	0.02707	0.01171	0.02049	0.01390	0.01610	0.00951	0.01097	0.00878	0.00585	0.00439	0.00146	0.00732	0.00366	0.00293	0.00878
69	0.00968	0.00699	0.00914	0.00861	0.01022	0.00646	0.00646	0.01291	0.01937	0.02743	0.71328	0.05110	0.06455	0.01399	0.00807	0.00215	0.00323	0.01237	0.00753	0.00646
70	0.00890	0.00690	0.00810	0.00793	0.00977	0.00610	0.00590	0.01135	0.01733	0.02291	0.39036	0.10133	0.34667	0.01591	0.00812	0.00226	0.00338	0.01371	0.00694	0.00610
71	0.00929	0.00669	0.00879	0.00887	0.01013	0.00619	0.00642	0.01193	0.01754	0.02454	0.51680	0.25585	0.05894	0.01615	0.00826	0.00233	0.00344	0.01443	0.00719	0.00619
72	0.00977	0.00733	0.01100	0.01100	0.01222	0.00855	0.00855	0.01222	0.01100	0.01588	0.01833	0.02688	0.01710	0.05131	0.73245	0.01100	0.01833	0.00733	0.00367	0.00611
73	0.01702	0.01470	0.01547	0.01392	0.01779	0.01702	0.01083	0.03635	0.70453	0.02862	0.02785	0.02553	0.02088	0.00928	0.00696	0.00232	0.00541	0.00773	0.00696	0.01083
74	0.02588	0.02293	0.02021	0.01627	0.02120	0.22022	0.01306	0.50743	0.02859	0.03573	0.01479	0.01528	0.01084	0.00789	0.00665	0.00197	0.00887	0.00567	0.00591	0.01060
75	0.00834	0.00595	0.00794	0.00953	0.00992	0.00556	0.00635	0.00953	0.01310	0.01746	0.03771	0.75510	0.04525	0.02143	0.00873	0.00278	0.00397	0.01945	0.00635	0.00556
76	0.00937	0.00695	0.00873	0.00835	0.01005	0.00631	0.00624	0.01228	0.01852	0.02559	0.58208	0.07690	0.17370	0.01480	0.00809	0.00220	0.00329	0.01296	0.00729	0.00631
77	0.01646	0.01770	0.01953	0.19677	0.02539	0.18601	0.01494	0.01887	0.01342	0.01673	0.01103	0.01629	0.00975	0.01329	0.08242	0.00329	0.32166	0.00577	0.00319	0.00749
78	0.80789	0.01323	0.01006	0.00900	0.01323	0.01535	0.00741	0.02011	0.01164	0.03070	0.00953	0.01111	0.00741	0.00635	0.00423	0.00212	0.00529	0.00370	0.00423	0.00741
79	0.01188	0.00594	0.00891	0.00891	0.00891	0.00594	0.00594	0.00891	0.00891	0.01188	0.01188	0.02080	0.01188	0.02377	0.02674	0.80095	0.00594	0.00594	0.00297	0.00297
80	0.01275	0.00638	0.00638	0.00638	0.00797	0.00638	0.00478	0.01594	0.01435	0.02551	0.02232	0.02551	0.01754	0.00797	0.00478	0.00159	0.00319	0.00638	0.79755	0.00638
81	0.01318	0.01243	0.02099	0.69741	0.09079	0.01527	0.01913	0.01771	0.01380	0.01780	0.01221	0.01815	0.00923	0.00679	0.00684	0.00226	0.00906	0.00608	0.00306	0.00781
82	0.02933	0.01134	0.01544	0.01194	0.01699	0.00982	0.00982	0.03201	0.01957	0.67637	0.07173	0.02510	0.02004	0.00883	0.00696	0.00212	0.00565	0.00724	0.00841	0.01130
83	0.72387	0.01402	0.01112	0.05490	0.01568	0.04716	0.00839	0.02027	0.01211	0.02926	0.00974	0.01161	0.00758	0.00641	0.00448	0.00211	0.00584	0.00388	0.00413	0.00744
84	0.02241	0.15221	0.11880	0.01786	0.04876	0.49074	0.01492	0.02518	0.01766	0.01753	0.01072	0.01258	0.00887	0.00674	0.00595	0.00178	0.01105	0.00444	0.00333	0.00848
85	0.00831	0.00700	0.00725	0.00737	0.00962	0.00594	0.00565	0.01015	0.01561	0.01864	0.06675	0.06671	0.66206	0.01745	0.00819	0.00237	0.00368	0.06508	0.00635	0.00582
86	0.02447	0.01700	0.01880	0.01439	0.01986	0.01787	0.01182	0.48338	0.05782	0.12425	0.01763	0.01736	0.01249	0.00783	0.00659	0.00192	0.00686	0.00601	0.00664	0.12699
87	0.01428	0.06140	0.61385	0.02189	0.11158	0.01637	0.02424	0.02154	0.01456	0.02153	0.01224	0.01461	0.00893	0.00643	0.00645	0.00212	0.00976	0.00513	0.00295	0.01015
88	0.03070	0.01164	0.01588	0.01217	0.01746	0.01006	0.01006	0.03334	0.01958	0.72163	0.02699	0.02329	0.01694	0.00847	0.00688	0.00212	0.00582	0.00688	0.00847	0.01164
89	0.01372	0.03539	0.72412	0.01950	0.02961	0.01589	0.02528	0.02167	0.01444	0.02167	0.01228	0.01444	0.00867	0.00650	0.00650	0.00217	0.01011	0.00506	0.00289	0.01011
90	0.01324	0.01517	0.10532	0.61739	0.08222	0.01534	0.01986	0.01818	0.01388	0.01825	0.01221	0.01771	0.00916	0.00676	0.00680	0.00225	0.00918	0.00596	0.00304	0.00808
91	0.00945	0.00698	0.00882	0.00836	0.01008	0.00636	0.00627	0.01246	0.01882	0.02614	0.62020	0.05323	0.15844	0.01447	0.00807	0.00217	0.00326	0.01267	0.00736	0.00636
92	0.00995	0.00663	0.00746	0.00746	0.00746	0.00663	0.00415	0.00995	0.00995	0.01327	0.02156	0.04477	0.02487	0.75957	0.03482	0.00663	0.00663	0.00995	0.00415	0.00415
93	0.17070	0.01636	0.01992	0.24677	0.19077	0.08782	0.01561	0.10807	0.03878	0.02478	0.01271	0.01596	0.00986	0.00685	0.00626	0.00211	0.00814	0.00552	0.00402	0.00898
94	0.01497	0.23474	0.53572	0.01737	0.02631	0.01895	0.02156	0.02134	0.01430	0.02014	0.01152	0.01349	0.00870	0.00632	0.00592	0.00197	0.00935	0.00467	0.00290	0.00975
95	0.01102	0.00787	0.01102	0.01260	0.01417	0.00787	0.01102	0.01417	0.01575	0.02047	0.03622	0.07717	0.03937	0.01890	0.00945	0.00315	0.00630	0.67084	0.00630	0.00630
96	0.01665	0.01596	0.02725	0.09188	0.66924	0.01618	0.02085	0.02075	0.01544	0.02200	0.01282	0.01703	0.01071	0.00615	0.00678	0.00205	0.00820	0.00609	0.00336	0.01061
97	0.03609	0.07502	0.09790	0.01346	0.03762	0.01152	0.01189	0.01981	0.06957	0.11967	0.10730	0.10223	0.03038	0.01307	0.00769	0.00248	0.00617	0.22399	0.00598	0.00818
98	0.02898	0.01157	0.01554	0.01209	0.01709	0.01021	0.00991	0.05746	0.01986	0.64566	0.05469	0.04648	0.01952	0.00908	0.00698	0.00214	0.00573	0.00746	0.00830	0.01125
99	0.75094	0.01482	0.06126	0.00975	0.01441	0.01539	0.00869	0.02022	0.01184	0.03005	0.00972	0.01135	0.00750	0.00636	0.00440	0.00212	0.00564	0.00380	0.00414	0.00760
100	0.00854	0.00692	0.00733	0.00723	0.00939	0.00592	0.00542	0.01060	0.01627	0.02041	0.19008	0.06175	0.56852	0.01639	0.00798	0.00226	0.00341	0.01379	0.03187	0.00592
101	0.01663	0.02343	0.23159	0.02864	0.25852	0.07191	0.17542	0.04627	0.01629	0.02231	0.01362	0.01811	0.01089	0.00670	0.00703	0.00215	0.00973	0.02737	0.00349	0.00991
102	0.01419	0.01216	0.01419	0.01013	0.01621	0.00912	0.00811	0.01723	0.01419	0.02229	0.01216	0.01419	0.01013	0.00507	0.00507	0.00101	0.00507	0.00405	0.00405	0.80139
103	0.02558	0.03201	0.01944	0.01754	0.02115	0.70054	0.01321	0.05692	0.01995	0.01791	0.01083	0.01252	0.00894	0.00710	0.00620	0.00178	0.01212	0.00448	0.00367	0.00810
104	0.00968	0.00699	0.00914	0.00861	0.01022	0.00646	0.00646	0.01291	0.01937	0.02743	0.71328	0.05110	0.06455	0.01399	0.00807	0.00215	0.00323	0.01237	0.00753	0.00646
105	0.00977	0.00733	0.01100	0.01100	0.01222	0.00855	0.00855	0.01222	0.01100	0.01588	0.01833	0.02688	0.01710	0.05131	0.73245	0.01100	0.01833	0.00733	0.00367	0.00611
106	0.01784	0.01511	0.01594	0.01409	0.01811	0.01740	0.01103	0.09688	0.64265	0.02995	0.02679	0.02469	0.02003	0.00918	0.00695	0.00230	0.00561	0.00759	0.00695	0.01090
107	0.00977	0.00733	0.01100	0.01100	0.01222	0.00855	0.00855	0.01222	0.01100	0.01588	0.01833	0.02688	0.01710	0.05131	0.73245	0.01100	0.01833	0.00733	0.00367	0.00611
108	0.02383	0.01808	0.01930	0.01530	0.02039	0.02020	0.01248	0.53463	0.19516	0.03960	0.01919	0.01863	0.01388	0.00847	0.00687	0.00212	0.00702	0.00654	0.00687	0.01144
109	0.00809	0.00693	0.00693	0.00693	0.00924	0.00578	0.00520	0.00982	0.01559	0.01848	0.06931	0.06584	0.71411	0.01733	0.00809	0.00231	0.00347	0.01444	0.00635	0.00578
110	0.00968	0.00699	0.00914	0.00861	0.01022	0.00646	0.00646	0.01291	0.01937	0.02743	0.71328	0.05110	0.06455	0.01399	0.00807	0.00215	0.00323	0.01237	0.00753	0.00646
111	0.00809	0.00690	0.00696	0.00701	0.00926	0.00577	0.00524	0.00981	0.01551	0.01845	0.06828	0.08813	0.69248	0.01746	0.00811	0.00233	0.00348	0.01460	0.00635	0.00577
112	0.01829	0.76368	0.03585	0.01171	0.01756	0.02707	0.01171	0.02049	0.01390	0.01610	0.00951	0.01097	0.00878	0.00585	0.00439	0.00146	0.00732	0.00366	0.00293	0.00878
113	0.08080	0.01265	0.01606	0.01239	0.01764	0.01174	0.01024	0.11173	0.02057	0.59520	0.02458	0.02167	0.01568	0.00830	0.00670	0.00211	0.00599	0.00659	0.00800	0.01137
114	0.00834	0.00595	0.00794	0.00953	0.00992	0.00556	0.00635	0.00953	0.01310	0.01746	0.03771	0.75510	0.04525	0.02143	0.00873	0.00278	0.00397	0.01945	0.00635	0.00556
115	0.01275	0.00638	0.00638	0.00638	0.00797	0.00638	0.00478	0.01594	0.01435	0.02551	0.02232	0.02551	0.01754	0.00797	0.00478	0.00159	0.00319	0.00638	0.79755	0.00638
116	0.01292	0.01216	0.02052	0.74312	0.04712	0.01520	0.01900	0.01748	0.01368	0.01748	0.01216	0.01824	0.00912	0.00684	0.00684	0.00228	0.00912	0.00608	0.00304	0.00760
117	0.05520	0.00945	0.00996	0.00900	0.01124	0.01033	0.00705	0.11525	0.04333	0.02765	0.02056	0.04195	0.01647	0.00859	0.00639	0.00184	0.05253	0.00658	0.53921	0.00742
118	0.76897	0.01318	0.01057	0.04493	0.01489	0.01534	0.00798	0.01998	0.01174	0.03005	0.00966	0.01146	0.00749	0.00637	0.00436	0.00212	0.00548	0.00382	0.00418	0.00742
119	0.01615	0.01845	0.04037	0.02884	0.03576	0.01730	0.69204	0.02191	0.01615	0.02191	0.01384	0.01845	0.01038	0.00577	0.00807	0.00231	0.01153	0.00807	0.00346	0.00923
120	0.00869	0.00736	0.00756	0.00743	0.00978	0.00644	0.00560	0.01149	0.05361	0.01968	0.11321	0.06258	0.62955	0.01665	0.00802	0.00230	0.00356	0.01392	0.00647	0.00610
