[name]
unknown

[dist]
# distance from previous block
# <min> <max>
0	47

[block]
# block no. 0 follows, 29 sequences, length 87
# corresponding to MSA columns:
# 51-137
name=unknown_A
#
# <colnr> <probs for GDERKNQSTAVLIFYWHMCP>
#	G	D	E	R	K	N	Q	S	T	A	V	L	I	F	Y	W	H	M	C	P
0	0.02111	0.01636	0.10799	0.04447	0.05139	0.01392	0.01360	0.15259	0.08600	0.21745	0.02678	0.08762	0.05580	0.01086	0.00754	0.00237	0.00695	0.06024	0.00663	0.01033
1	0.11477	0.12855	0.11482	0.15368	0.22504	0.01862	0.06086	0.04204	0.01536	0.02284	0.01228	0.01588	0.00984	0.00677	0.00691	0.00215	0.03080	0.00564	0.00354	0.00962
2	0.02161	0.01500	0.08558	0.01323	0.01828	0.01271	0.01158	0.08063	0.16270	0.27885	0.08342	0.05377	0.06917	0.01016	0.00729	0.00223	0.00606	0.00842	0.00721	0.05209
3	0.02009	0.01625	0.01754	0.01339	0.01896	0.05180	0.01083	0.22502	0.05136	0.05878	0.01518	0.01635	0.01171	0.00706	0.00689	0.00163	0.03932	0.00530	0.00537	0.40716
4	0.01898	0.01412	0.01516	0.01286	0.01640	0.03939	0.01023	0.31022	0.05864	0.03227	0.05821	0.05985	0.04413	0.01725	0.12479	0.00365	0.00842	0.00800	0.13820	0.00925
5	0.01586	0.01478	0.02315	0.19970	0.29359	0.01615	0.04718	0.02331	0.15150	0.02357	0.07639	0.02285	0.01774	0.00812	0.00787	0.00230	0.03420	0.00734	0.00455	0.00986
6	0.00898	0.00714	0.00746	0.00743	0.00919	0.00627	0.00519	0.01040	0.01491	0.01827	0.08774	0.06227	0.50202	0.20382	0.01549	0.00354	0.00443	0.01374	0.00608	0.00561
7	0.75906	0.01484	0.01098	0.00984	0.01421	0.05335	0.00803	0.02133	0.01255	0.03118	0.00997	0.01163	0.00779	0.00665	0.00451	0.00218	0.00590	0.00389	0.00437	0.00774
8	0.01904	0.75404	0.03731	0.01218	0.01828	0.02818	0.01218	0.02132	0.01447	0.01675	0.00990	0.01142	0.00914	0.00609	0.00457	0.00152	0.00761	0.00381	0.00305	0.00914
9	0.01345	0.01266	0.02136	0.73264	0.04904	0.01582	0.01978	0.01819	0.01424	0.01819	0.01266	0.01898	0.00949	0.00712	0.00712	0.00237	0.00949	0.00633	0.00316	0.00791
10	0.02218	0.01690	0.01925	0.01507	0.02021	0.01787	0.03270	0.44812	0.04929	0.03671	0.01857	0.07525	0.01521	0.01145	0.04463	0.00254	0.00779	0.00735	0.00635	0.13255
11	0.01977	0.01689	0.01722	0.01499	0.01930	0.04683	0.01178	0.15441	0.54568	0.03203	0.02610	0.02429	0.01948	0.00936	0.00719	0.00234	0.00633	0.00761	0.00708	0.01130
12	0.02707	0.01995	0.02137	0.01638	0.02208	0.02208	0.01353	0.68159	0.03348	0.04488	0.01710	0.01710	0.01211	0.00855	0.00712	0.00214	0.00784	0.00641	0.00712	0.01211
13	0.01904	0.75404	0.03731	0.01218	0.01828	0.02818	0.01218	0.02132	0.01447	0.01675	0.00990	0.01142	0.00914	0.00609	0.00457	0.00152	0.00761	0.00381	0.00305	0.00914
14	0.01008	0.00756	0.00938	0.00887	0.01075	0.00700	0.00667	0.01379	0.04383	0.02706	0.57342	0.05476	0.17033	0.01495	0.00836	0.00227	0.00348	0.01306	0.00761	0.00677
15	0.00999	0.00728	0.00940	0.00887	0.01058	0.00668	0.00665	0.01327	0.01995	0.02806	0.66845	0.05400	0.10062	0.01474	0.00840	0.00225	0.00337	0.01299	0.00777	0.00668
16	0.01123	0.00753	0.00989	0.00915	0.01103	0.00692	0.00692	0.01456	0.02017	0.06443	0.66613	0.05167	0.06458	0.01425	0.00833	0.00224	0.00350	0.01258	0.00789	0.00700
17	0.01345	0.01266	0.02136	0.73264	0.04904	0.01582	0.01978	0.01819	0.01424	0.01819	0.01266	0.01898	0.00949	0.00712	0.00712	0.00237	0.00949	0.00633	0.00316	0.00791
18	0.00872	0.00638	0.00820	0.00953	0.01026	0.00586	0.00647	0.01014	0.01430	0.01886	0.07846	0.62391	0.13003	0.02136	0.00897	0.00280	0.00402	0.01920	0.00668	0.00586
19	0.01345	0.01266	0.02136	0.73264	0.04904	0.01582	0.01978	0.01819	0.01424	0.01819	0.01266	0.01898	0.00949	0.00712	0.00712	0.00237	0.00949	0.00633	0.00316	0.00791
20	0.01918	0.01837	0.01677	0.01513	0.01909	0.13374	0.01168	0.03629	0.58158	0.02775	0.02602	0.02430	0.01966	0.00928	0.00711	0.00232	0.00682	0.00748	0.00666	0.01077
21	0.01591	0.02139	0.18809	0.04599	0.06036	0.01642	0.28464	0.04489	0.01604	0.02291	0.01401	0.03596	0.01121	0.00715	0.00862	0.00221	0.06781	0.00696	0.00371	0.12572
22	0.01645	0.36339	0.40527	0.01660	0.02511	0.02184	0.01988	0.02199	0.01478	0.01991	0.01147	0.01339	0.00907	0.00646	0.00577	0.00192	0.00920	0.00460	0.00302	0.00989
23	0.69626	0.01417	0.01157	0.01012	0.01462	0.01626	0.00831	0.06383	0.04112	0.05333	0.01169	0.01291	0.00886	0.00692	0.00478	0.00221	0.00568	0.00429	0.00483	0.00827
24	0.01352	0.01276	0.02137	0.70726	0.04796	0.01603	0.01963	0.01816	0.01412	0.01816	0.01254	0.01886	0.00949	0.00731	0.00770	0.00240	0.03534	0.00632	0.00316	0.00791
25	0.01904	0.75404	0.03731	0.01218	0.01828	0.02818	0.01218	0.02132	0.01447	0.01675	0.00990	0.01142	0.00914	0.00609	0.00457	0.00152	0.00761	0.00381	0.00305	0.00914
26	0.01749	0.52031	0.25746	0.01483	0.02236	0.02438	0.01679	0.02172	0.01465	0.01864	0.01084	0.01260	0.00910	0.00631	0.00528	0.00176	0.00856	0.00428	0.00303	0.00959
27	0.01237	0.00618	0.00928	0.00928	0.00928	0.00618	0.00618	0.00928	0.00928	0.01237	0.01237	0.02165	0.01237	0.02474	0.02783	0.79283	0.00618	0.00618	0.00309	0.00309
28	0.00891	0.00676	0.00790	0.00868	0.00986	0.00612	0.00600	0.01027	0.01429	0.01810	0.04962	0.36109	0.29836	0.12156	0.01263	0.00327	0.00440	0.04019	0.00629	0.00570
29	0.01017	0.00763	0.01144	0.01144	0.01272	0.00890	0.00890	0.01272	0.01144	0.01653	0.01907	0.02797	0.01780	0.05340	0.72153	0.01144	0.01907	0.00763	0.00381	0.00636
30	0.01327	0.00664	0.00664	0.00664	0.00830	0.00664	0.00498	0.01659	0.01493	0.02655	0.02323	0.02655	0.01825	0.00830	0.00498	0.00166	0.00332	0.00664	0.78928	0.00664
31	0.01558	0.01558	0.02181	0.01869	0.01869	0.02181	0.01558	0.01714	0.01091	0.01714	0.00935	0.01558	0.00935	0.01246	0.02337	0.00312	0.73672	0.00623	0.00312	0.00779
32	0.02657	0.01946	0.02083	0.01603	0.02158	0.02152	0.01322	0.65741	0.03280	0.04421	0.01732	0.01744	0.01233	0.00854	0.00705	0.00212	0.00767	0.00642	0.03557	0.01191
33	0.01696	0.12478	0.08633	0.02231	0.13380	0.02134	0.04102	0.05441	0.01407	0.02024	0.01099	0.01548	0.00981	0.00959	0.01510	0.00257	0.38281	0.00590	0.00339	0.00909
34	0.00896	0.00752	0.00783	0.00777	0.01011	0.00656	0.00582	0.01166	0.04518	0.02046	0.12394	0.09020	0.59420	0.01753	0.00839	0.00241	0.00369	0.01474	0.00675	0.00629
35	0.00866	0.00625	0.00821	0.00978	0.01029	0.00579	0.00655	0.00993	0.01376	0.01823	0.04084	0.71235	0.07882	0.02210	0.00906	0.00287	0.00411	0.01999	0.00661	0.00579
36	0.01260	0.00962	0.01115	0.01017	0.01274	0.00952	0.00791	0.10402	0.07184	0.02818	0.37073	0.05150	0.20960	0.01450	0.00822	0.00233	0.00436	0.04609	0.00733	0.00761
37	0.01661	0.02810	0.42547	0.05094	0.19373	0.01622	0.06620	0.02320	0.01582	0.07637	0.01423	0.01679	0.01037	0.00679	0.00698	0.00223	0.00974	0.00591	0.00363	0.01068
38	0.01869	0.02268	0.11801	0.03516	0.44645	0.14024	0.07108	0.02317	0.01680	0.02211	0.01297	0.01657	0.01058	0.00655	0.00701	0.00211	0.00977	0.00605	0.00349	0.01052
39	0.02547	0.01841	0.01967	0.01526	0.02049	0.02030	0.01254	0.60470	0.03133	0.04276	0.01780	0.01819	0.01282	0.00852	0.00688	0.00208	0.00731	0.00644	0.09756	0.01148
40	0.01727	0.01687	0.02973	0.08671	0.59589	0.01696	0.08783	0.02171	0.01615	0.02289	0.01345	0.01787	0.01112	0.00636	0.00719	0.00216	0.00888	0.00655	0.00351	0.01089
41	0.01017	0.00763	0.01144	0.01144	0.01272	0.00890	0.00890	0.01272	0.01144	0.01653	0.01907	0.02797	0.01780	0.05340	0.72153	0.01144	0.01907	0.00763	0.00381	0.00636
42	0.01036	0.00690	0.00777	0.00777	0.00777	0.00690	0.00431	0.01036	0.01036	0.01381	0.02244	0.04660	0.02589	0.74975	0.03624	0.00690	0.00690	0.01036	0.00431	0.00431
43	0.03195	0.01212	0.01652	0.01267	0.01818	0.01047	0.01047	0.03470	0.02038	0.71026	0.02809	0.02424	0.01763	0.00881	0.00716	0.00220	0.00606	0.00716	0.00881	0.01212
44	0.01904	0.75404	0.03731	0.01218	0.01828	0.02818	0.01218	0.02132	0.01447	0.01675	0.00990	0.01142	0.00914	0.00609	0.00457	0.00152	0.00761	0.00381	0.00305	0.00914
45	0.01345	0.01266	0.02136	0.73264	0.04904	0.01582	0.01978	0.01819	0.01424	0.01819	0.01266	0.01898	0.00949	0.00712	0.00712	0.00237	0.00949	0.00633	0.00316	0.00791
46	0.00868	0.00620	0.00826	0.00991	0.01033	0.00578	0.00661	0.00991	0.01363	0.01818	0.03925	0.74510	0.04710	0.02231	0.00909	0.00289	0.00413	0.02024	0.00661	0.00578
47	0.02707	0.01995	0.02137	0.01638	0.02208	0.02208	0.01353	0.68159	0.03348	0.04488	0.01710	0.01710	0.01211	0.00855	0.00712	0.00214	0.00784	0.00641	0.00712	0.01211
48	0.01675	0.40951	0.36182	0.01608	0.02430	0.02258	0.01897	0.02191	0.01474	0.01954	0.01128	0.01316	0.00908	0.00642	0.00562	0.00187	0.00901	0.00451	0.00303	0.00980
49	0.02356	0.02446	0.02218	0.02371	0.18975	0.30751	0.01543	0.18302	0.09337	0.02669	0.01494	0.01648	0.01172	0.00763	0.00683	0.00204	0.00981	0.00582	0.00483	0.01023
50	0.01237	0.00618	0.00928	0.00928	0.00928	0.00618	0.00618	0.00928	0.00928	0.01237	0.01237	0.02165	0.01237	0.02474	0.02783	0.79283	0.00618	0.00618	0.00309	0.00309
51	0.01477	0.01266	0.01477	0.01055	0.01687	0.00949	0.00844	0.01793	0.01477	0.02320	0.01266	0.01477	0.01055	0.00527	0.00527	0.00105	0.00527	0.00422	0.00422	0.79328
52	0.01771	0.01530	0.01610	0.01449	0.01852	0.01771	0.01127	0.03784	0.69247	0.02979	0.02898	0.02657	0.02174	0.00966	0.00725	0.00242	0.00564	0.00805	0.00725	0.01127
53	0.01327	0.00664	0.00664	0.00664	0.00830	0.00664	0.00498	0.01659	0.01493	0.02655	0.02323	0.02655	0.01825	0.00830	0.00498	0.00166	0.00332	0.00664	0.78928	0.00664
54	0.01694	0.01883	0.03985	0.03227	0.14742	0.01783	0.57100	0.02265	0.01671	0.02288	0.01424	0.01895	0.01088	0.00606	0.00818	0.00235	0.01142	0.00806	0.00359	0.00988
55	0.00848	0.00720	0.00723	0.00723	0.00956	0.00604	0.00538	0.01022	0.01605	0.01907	0.07060	0.06785	0.68162	0.04056	0.00927	0.00254	0.00371	0.01488	0.00654	0.00596
56	0.00864	0.00633	0.00813	0.00957	0.01024	0.00581	0.00646	0.00995	0.01396	0.01831	0.04339	0.65979	0.12973	0.02177	0.00900	0.00283	0.00407	0.01959	0.00661	0.00581
57	0.05415	0.72075	0.03611	0.01206	0.01807	0.02763	0.01198	0.02130	0.01436	0.01744	0.00990	0.01143	0.00907	0.00612	0.00456	0.00155	0.00752	0.00381	0.00311	0.00907
58	0.02733	0.01953	0.02111	0.01619	0.02188	0.02147	0.01337	0.64731	0.03279	0.08014	0.01768	0.01747	0.01240	0.00856	0.00713	0.00214	0.00774	0.00645	0.00721	0.01211
59	0.01345	0.01266	0.02136	0.73264	0.04904	0.01582	0.01978	0.01819	0.01424	0.01819	0.01266	0.01898	0.00949	0.00712	0.00712	0.00237	0.00949	0.00633	0.00316	0.00791
60	0.02391	0.02886	0.01880	0.01710	0.02048	0.56663	0.01295	0.06045	0.01944	0.01873	0.01266	0.01556	0.01075	0.01500	0.12441	0.00344	0.01360	0.00518	0.00388	0.00815
61	0.01327	0.00664	0.00664	0.00664	0.00830	0.00664	0.00498	0.01659	0.01493	0.02655	0.02323	0.02655	0.01825	0.00830	0.00498	0.00166	0.00332	0.00664	0.78928	0.00664
62	0.01008	0.00728	0.00952	0.00896	0.01064	0.00672	0.00672	0.01344	0.02016	0.02855	0.70158	0.05319	0.06719	0.01456	0.00840	0.00224	0.00336	0.01288	0.00784	0.00672
63	0.01470	0.09952	0.65382	0.01959	0.02972	0.01755	0.02507	0.02244	0.01498	0.02204	0.01253	0.01472	0.00903	0.00671	0.00657	0.00219	0.01027	0.00513	0.00301	0.01040
64	0.00993	0.00727	0.00932	0.00881	0.01055	0.00666	0.00660	0.01316	0.01981	0.02774	0.64656	0.05453	0.12271	0.01486	0.00840	0.00225	0.00338	0.01307	0.00773	0.00666
65	0.01055	0.00830	0.01146	0.01114	0.01243	0.00956	0.00865	0.01278	0.01225	0.01727	0.02714	0.03420	0.13026	0.07307	0.47716	0.00856	0.08792	0.00880	0.03214	0.00636
66	0.01327	0.00664	0.00664	0.00664	0.00830	0.00664	0.00498	0.01659	0.01493	0.02655	0.02323	0.02655	0.01825	0.00830	0.00498	0.00166	0.00332	0.00664	0.78928	0.00664
67	0.01578	0.02277	0.20251	0.02634	0.03378	0.01724	0.46651	0.02196	0.01602	0.02233	0.01494	0.05063	0.01195	0.00716	0.00858	0.00241	0.03784	0.00809	0.00357	0.00959
68	0.01447	0.06571	0.68566	0.01997	0.03031	0.01701	0.02574	0.02250	0.01501	0.02232	0.01266	0.01489	0.00902	0.00674	0.00668	0.00223	0.01041	0.00520	0.00301	0.01047
69	0.02255	0.01724	0.01942	0.04979	0.02156	0.01861	0.01264	0.46087	0.02697	0.03678	0.01727	0.06649	0.01398	0.00909	0.00781	0.00208	0.04561	0.00699	0.00621	0.13805
70	0.01881	0.69489	0.06086	0.01258	0.01874	0.02728	0.01266	0.02211	0.04490	0.01755	0.01086	0.01223	0.00970	0.00628	0.00477	0.00159	0.00763	0.00405	0.00323	0.00928
71	0.01005	0.00691	0.00845	0.00872	0.00900	0.00705	0.00544	0.01067	0.01107	0.01497	0.02461	0.15691	0.02800	0.51681	0.14487	0.00700	0.00846	0.01151	0.00460	0.00489
72	0.01904	0.75404	0.03731	0.01218	0.01828	0.02818	0.01218	0.02132	0.01447	0.01675	0.00990	0.01142	0.00914	0.00609	0.00457	0.00152	0.00761	0.00381	0.00305	0.00914
73	0.01461	0.01249	0.01695	0.01501	0.01627	0.01597	0.01221	0.09409	0.01393	0.02047	0.01477	0.02129	0.01349	0.02900	0.31305	0.00644	0.32699	0.00685	0.02847	0.00767
74	0.01586	0.01616	0.02187	0.01861	0.01920	0.05774	0.04702	0.01763	0.01168	0.01730	0.01045	0.01705	0.01025	0.03688	0.04773	0.00344	0.61372	0.00643	0.00323	0.00774
75	0.00949	0.00726	0.00870	0.00834	0.01028	0.00647	0.00626	0.01230	0.01877	0.02526	0.47874	0.05862	0.29208	0.01579	0.00840	0.00230	0.00345	0.01364	0.00740	0.00647
76	0.02495	0.02934	0.01950	0.01747	0.02136	0.53466	0.01327	0.08019	0.14831	0.02186	0.01487	0.01576	0.01177	0.00787	0.00663	0.00197	0.01110	0.00538	0.00461	0.00912
77	0.00975	0.00694	0.00894	0.00904	0.01015	0.00650	0.00635	0.01208	0.01706	0.02375	0.43212	0.23241	0.05606	0.12158	0.01256	0.00308	0.00407	0.01444	0.00702	0.00613
78	0.00864	0.00632	0.00814	0.00959	0.01024	0.00581	0.00647	0.00995	0.01394	0.01830	0.04317	0.66440	0.12527	0.02180	0.00901	0.00283	0.00407	0.01962	0.00661	0.00581
79	0.01345	0.01266	0.02136	0.73264	0.04904	0.01582	0.01978	0.01819	0.01424	0.01819	0.01266	0.01898	0.00949	0.00712	0.00712	0.00237	0.00949	0.00633	0.00316	0.00791
80	0.00876	0.00623	0.00824	0.00981	0.01020	0.00584	0.00650	0.00994	0.01347	0.01797	0.03843	0.71129	0.04607	0.05752	0.01040	0.00309	0.00427	0.01976	0.00650	0.00571
81	0.00928	0.00645	0.00808	0.00914	0.00940	0.00619	0.00578	0.01007	0.01245	0.01660	0.03319	0.49330	0.03945	0.28455	0.01888	0.00434	0.00513	0.01668	0.00578	0.00525
82	0.01017	0.00763	0.01144	0.01144	0.01272	0.00890	0.00890	0.01272	0.01144	0.01653	0.01907	0.02797	0.01780	0.05340	0.72153	0.01144	0.01907	0.00763	0.00381	0.00636
83	0.01148	0.00844	0.00992	0.00930	0.01128	0.03269	0.00699	0.01450	0.01947	0.05966	0.54424	0.07552	0.14010	0.01471	0.00829	0.00227	0.00389	0.01281	0.00754	0.00692
84	0.04166	0.01030	0.03741	0.01094	0.01390	0.00923	0.04060	0.01704	0.05362	0.08728	0.34166	0.04709	0.20846	0.01358	0.00855	0.00232	0.03024	0.01158	0.00692	0.00762
85	0.01874	0.01344	0.03991	0.01341	0.04087	0.01282	0.01066	0.19640	0.07111	0.14007	0.08830	0.06095	0.19996	0.01254	0.00778	0.00234	0.00587	0.04839	0.00700	0.00944
86	0.01880	0.64340	0.03417	0.01245	0.01813	0.02646	0.01203	0.04558	0.05081	0.01855	0.01333	0.01453	0.03421	0.00695	0.00542	0.00166	0.02616	0.00458	0.00354	0.00921

[dist]
# distance from previous block
# <min> <max>
0	2

[block]
# block no. 1 follows, 29 sequences, length 6
# corresponding to MSA columns:
# 140-145
name=unknown_B
#
# <colnr> <probs for GDERKNQSTAVLIFYWHMCP>
#	G	D	E	R	K	N	Q	S	T	A	V	L	I	F	Y	W	H	M	C	P
0	0.01668	0.04152	0.01594	0.01304	0.01621	0.01428	0.01019	0.21919	0.04781	0.02720	0.02360	0.26274	0.02422	0.04283	0.01021	0.00252	0.07800	0.01087	0.00589	0.11706
1	0.01282	0.01477	0.14895	0.03858	0.01801	0.01091	0.01266	0.07430	0.04603	0.02513	0.19580	0.11340	0.09741	0.01417	0.00824	0.00254	0.00623	0.14592	0.00614	0.00798
2	0.01928	0.40479	0.06339	0.01393	0.01933	0.07335	0.01292	0.08459	0.14653	0.02247	0.01640	0.01999	0.01407	0.00808	0.00593	0.00193	0.00771	0.05117	0.00451	0.00964
3	0.01846	0.39720	0.23786	0.01657	0.02374	0.11519	0.05942	0.02272	0.01554	0.01897	0.01120	0.01319	0.00921	0.00645	0.00572	0.00184	0.00946	0.00464	0.00315	0.00947
4	0.01090	0.00817	0.00967	0.00999	0.01172	0.00784	0.00749	0.07202	0.01677	0.02165	0.07945	0.28537	0.24158	0.06870	0.01065	0.00298	0.00484	0.11716	0.00655	0.00650
5	0.01281	0.00641	0.00798	0.00798	0.00879	0.00641	0.00559	0.01288	0.01207	0.01936	0.01772	0.02406	0.01527	0.01663	0.01656	0.40275	0.00477	0.00641	0.39071	0.00484

[dist]
# distance from previous block
# <min> <max>
0	1

[block]
# block no. 2 follows, 29 sequences, length 137
# corresponding to MSA columns:
# 147-283
name=unknown_C
#
# <colnr> <probs for GDERKNQSTAVLIFYWHMCP>
#	G	D	E	R	K	N	Q	S	T	A	V	L	I	F	Y	W	H	M	C	P
0	0.55995	0.05922	0.01441	0.01181	0.01612	0.19679	0.00950	0.02287	0.01431	0.02741	0.01019	0.01188	0.00816	0.00677	0.00493	0.00207	0.00750	0.00404	0.00414	0.00793
1	0.01008	0.00728	0.00952	0.00896	0.01064	0.00672	0.00672	0.01344	0.02016	0.02855	0.70158	0.05319	0.06719	0.01456	0.00840	0.00224	0.00336	0.01288	0.00784	0.00672
2	0.01661	0.01502	0.02502	0.30693	0.39932	0.01626	0.02020	0.02155	0.03987	0.04995	0.01428	0.01874	0.01123	0.00686	0.00709	0.00223	0.00866	0.00643	0.00374	0.01001
3	0.02617	0.03121	0.02010	0.01789	0.02183	0.59740	0.01360	0.10881	0.05840	0.02146	0.01273	0.01411	0.01022	0.00761	0.00655	0.00190	0.01184	0.00500	0.00429	0.00889
4	0.03119	0.01229	0.01650	0.01277	0.01820	0.01085	0.01051	0.03487	0.05615	0.67405	0.02814	0.02436	0.01785	0.00886	0.00717	0.00221	0.00604	0.00721	0.00873	0.01207
5	0.00866	0.00624	0.00822	0.00980	0.01030	0.00579	0.00656	0.00993	0.01374	0.01822	0.04061	0.71713	0.07419	0.02213	0.00906	0.00287	0.00411	0.02003	0.00661	0.00579
6	0.77277	0.01399	0.01085	0.00961	0.01406	0.01619	0.00792	0.04424	0.01287	0.03240	0.01017	0.01176	0.00787	0.00668	0.00450	0.00220	0.00559	0.00395	0.00450	0.00787
7	0.00859	0.00719	0.00719	0.00719	0.00957	0.00603	0.00539	0.01044	0.01618	0.01949	0.07041	0.06705	0.67830	0.01769	0.00829	0.00238	0.00360	0.01473	0.03423	0.00603
8	0.00868	0.00620	0.00826	0.00991	0.01033	0.00578	0.00661	0.00991	0.01363	0.01818	0.03925	0.74510	0.04710	0.02231	0.00909	0.00289	0.00413	0.02024	0.00661	0.00578
9	0.05817	0.01484	0.02659	0.33938	0.03764	0.01607	0.24790	0.05637	0.01615	0.02282	0.01437	0.01927	0.01083	0.00689	0.00722	0.00229	0.00948	0.00695	0.07819	0.00860
10	0.01003	0.00728	0.00945	0.00891	0.01061	0.00670	0.00668	0.01334	0.02004	0.02827	0.68243	0.05366	0.08651	0.01466	0.00840	0.00224	0.00337	0.01294	0.00780	0.00670
11	0.05856	0.01218	0.01631	0.01255	0.01802	0.01066	0.01037	0.03423	0.02009	0.68676	0.02746	0.02380	0.01728	0.00874	0.00707	0.00220	0.00604	0.00705	0.00866	0.01197
12	0.01114	0.00868	0.01212	0.01395	0.11451	0.00822	0.00868	0.01421	0.01839	0.02578	0.49516	0.04815	0.09334	0.08395	0.01086	0.00268	0.00448	0.01179	0.00678	0.00713
13	0.01660	0.05307	0.38601	0.02560	0.16458	0.08366	0.09969	0.02276	0.01579	0.02186	0.01271	0.01573	0.00971	0.00683	0.00750	0.00221	0.03644	0.00577	0.00325	0.01021
14	0.00877	0.00624	0.00823	0.00980	0.01019	0.00585	0.00648	0.00994	0.01345	0.01793	0.03831	0.70623	0.04592	0.06280	0.01060	0.00312	0.00429	0.01969	0.00648	0.00570
15	0.55489	0.04557	0.10318	0.01211	0.01749	0.01682	0.03475	0.07575	0.01460	0.03075	0.01142	0.01317	0.00871	0.00680	0.00510	0.00217	0.00659	0.00449	0.02711	0.00853
16	0.01416	0.00749	0.00758	0.00726	0.00918	0.00763	0.00553	0.05923	0.01612	0.02772	0.02284	0.02594	0.01786	0.00831	0.00512	0.00169	0.00361	0.00662	0.73913	0.00699
17	0.01451	0.01261	0.01598	0.01299	0.05455	0.00990	0.03270	0.01768	0.01483	0.02279	0.01487	0.07309	0.01350	0.00671	0.00578	0.00131	0.00559	0.00576	0.00435	0.66051
18	0.01614	0.01878	0.07670	0.14621	0.05936	0.05470	0.40440	0.02146	0.01620	0.02176	0.01520	0.04669	0.01218	0.00707	0.00777	0.00233	0.01064	0.00793	0.04542	0.00906
19	0.00851	0.00722	0.00734	0.00731	0.00967	0.00605	0.00548	0.01039	0.01644	0.01974	0.10640	0.06769	0.66787	0.01784	0.00841	0.00240	0.00359	0.01491	0.00668	0.00605
20	0.00943	0.00749	0.00850	0.00820	0.01034	0.00668	0.00616	0.01247	0.03852	0.02365	0.34719	0.06052	0.40282	0.01625	0.00837	0.00233	0.00356	0.01387	0.00717	0.00648
21	0.02342	0.01503	0.01701	0.01422	0.01894	0.01617	0.01136	0.13280	0.39068	0.23817	0.02694	0.02445	0.01906	0.00924	0.00720	0.00231	0.00609	0.00754	0.00770	0.01165
22	0.05623	0.01211	0.01532	0.01230	0.01697	0.01143	0.00997	0.06532	0.09160	0.46138	0.14094	0.02851	0.02577	0.00978	0.00727	0.00223	0.00563	0.00805	0.00822	0.01094
23	0.01450	0.00782	0.00795	0.00750	0.00952	0.00801	0.00574	0.07582	0.01658	0.02818	0.02268	0.02571	0.01770	0.00832	0.00517	0.00170	0.00372	0.00662	0.71962	0.00712
24	0.01008	0.00728	0.00952	0.00896	0.01064	0.00672	0.00672	0.01344	0.02016	0.02855	0.70158	0.05319	0.06719	0.01456	0.00840	0.00224	0.00336	0.01288	0.00784	0.00672
25	0.08067	0.21955	0.06128	0.01792	0.07616	0.34409	0.01404	0.04584	0.01761	0.01995	0.01139	0.01353	0.00960	0.00844	0.03010	0.00216	0.01048	0.00467	0.00363	0.00887
26	0.01018	0.00758	0.01121	0.01121	0.01240	0.00877	0.00861	0.01256	0.01137	0.01636	0.01929	0.02917	0.01832	0.09805	0.67759	0.01115	0.01829	0.00780	0.00385	0.00623
27	0.00868	0.00620	0.00826	0.00991	0.01033	0.00578	0.00661	0.00991	0.01363	0.01818	0.03925	0.74510	0.04710	0.02231	0.00909	0.00289	0.00413	0.02024	0.00661	0.00578
28	0.01428	0.03683	0.71286	0.02030	0.03082	0.01654	0.02631	0.02255	0.01503	0.02255	0.01278	0.01503	0.00902	0.00677	0.00677	0.00226	0.01052	0.00526	0.00301	0.01052
29	0.03195	0.01212	0.01652	0.01267	0.01818	0.01047	0.01047	0.03470	0.02038	0.71026	0.02809	0.02424	0.01763	0.00881	0.00716	0.00220	0.00606	0.00716	0.00881	0.01212
30	0.01117	0.00809	0.01028	0.00943	0.01137	0.00770	0.00716	0.05628	0.02101	0.02960	0.65769	0.05088	0.06366	0.01417	0.00832	0.00223	0.00365	0.01246	0.00779	0.00706
31	0.01534	0.01306	0.01506	0.01100	0.01715	0.01045	0.00879	0.03946	0.06262	0.02432	0.01393	0.01566	0.01137	0.00568	0.00547	0.00118	0.00538	0.00455	0.00452	0.71502
32	0.01237	0.00618	0.00928	0.00928	0.00928	0.00618	0.00618	0.00928	0.00928	0.01237	0.01237	0.02165	0.01237	0.02474	0.02783	0.79283	0.00618	0.00618	0.00309	0.00309
33	0.01446	0.06295	0.68826	0.02000	0.03036	0.01696	0.02579	0.02251	0.01501	0.02234	0.01267	0.01490	0.00902	0.00674	0.00669	0.00223	0.01042	0.00521	0.00301	0.01047
34	0.01428	0.03683	0.71286	0.02030	0.03082	0.01654	0.02631	0.02255	0.01503	0.02255	0.01278	0.01503	0.00902	0.00677	0.00677	0.00226	0.01052	0.00526	0.00301	0.01052
35	0.14455	0.05427	0.01750	0.01289	0.01818	0.01471	0.01071	0.13713	0.07396	0.40912	0.02266	0.02066	0.01511	0.00836	0.00661	0.00217	0.00632	0.00643	0.00744	0.01123
36	0.01447	0.06461	0.68670	0.01998	0.03033	0.01699	0.02576	0.02250	0.01501	0.02233	0.01267	0.01489	0.00902	0.00674	0.00668	0.00223	0.01041	0.00521	0.00301	0.01047
37	0.01428	0.03683	0.71286	0.02030	0.03082	0.01654	0.02631	0.02255	0.01503	0.02255	0.01278	0.01503	0.00902	0.00677	0.00677	0.00226	0.01052	0.00526	0.00301	0.01052
38	0.01462	0.08826	0.66442	0.01971	0.02992	0.01737	0.02530	0.02246	0.01499	0.02213	0.01257	0.01477	0.00903	0.00672	0.00661	0.00220	0.01032	0.00516	0.00301	0.01042
39	0.01428	0.03683	0.71286	0.02030	0.03082	0.01654	0.02631	0.02255	0.01503	0.02255	0.01278	0.01503	0.00902	0.00677	0.00677	0.00226	0.01052	0.00526	0.00301	0.01052
40	0.00855	0.00719	0.00744	0.00759	0.00985	0.00608	0.00571	0.01038	0.01609	0.01926	0.06899	0.10664	0.64063	0.01833	0.00851	0.00247	0.00375	0.03992	0.00661	0.00602
41	0.00867	0.00623	0.00823	0.00983	0.01030	0.00579	0.00657	0.00992	0.01372	0.01821	0.04032	0.72312	0.06839	0.02217	0.00907	0.00288	0.00411	0.02007	0.00661	0.00579
42	0.01734	0.01813	0.02494	0.32894	0.27757	0.13577	0.05460	0.02148	0.01608	0.02011	0.01273	0.01747	0.01014	0.00682	0.00704	0.00219	0.00983	0.00615	0.00340	0.00926
43	0.01159	0.00979	0.01034	0.00976	0.01258	0.00982	0.00745	0.01942	0.23176	0.02382	0.14116	0.05317	0.40250	0.01491	0.00804	0.00239	0.00422	0.01253	0.00697	0.00778
44	0.00885	0.00723	0.00781	0.00766	0.00988	0.00619	0.00575	0.01105	0.01725	0.02164	0.23484	0.06456	0.53823	0.01714	0.00841	0.00236	0.00354	0.01447	0.00693	0.00619
45	0.01477	0.01266	0.01477	0.01055	0.01687	0.00949	0.00844	0.01793	0.01477	0.02320	0.01266	0.01477	0.01055	0.00527	0.00527	0.00105	0.00527	0.00422	0.00422	0.79328
46	0.34181	0.01451	0.01579	0.15841	0.05096	0.03884	0.01216	0.09842	0.01621	0.02815	0.05548	0.01956	0.01394	0.00822	0.00697	0.00227	0.04665	0.03052	0.00464	0.03650
47	0.01057	0.00787	0.01024	0.01144	0.01325	0.00754	0.00971	0.01340	0.01627	0.02066	0.04695	0.09711	0.21800	0.01931	0.00943	0.00303	0.00570	0.46656	0.00657	0.00639
48	0.80005	0.01377	0.01047	0.00936	0.01377	0.01597	0.00771	0.02093	0.01212	0.03195	0.00991	0.01157	0.00771	0.00661	0.00441	0.00220	0.00551	0.00386	0.00441	0.00771
49	0.02133	0.01579	0.01719	0.01388	0.01855	0.03552	0.01105	0.35903	0.04496	0.07355	0.02143	0.15828	0.01914	0.01065	0.00716	0.00210	0.00664	0.00875	0.00652	0.14847
50	0.01563	0.02363	0.25508	0.02835	0.16918	0.01652	0.29055	0.02170	0.01591	0.02252	0.01526	0.06407	0.01265	0.00737	0.00764	0.00233	0.01030	0.00772	0.00359	0.01000
51	0.02520	0.01062	0.01436	0.01152	0.01585	0.00931	0.00931	0.02814	0.02031	0.49986	0.23596	0.03317	0.03292	0.01059	0.00754	0.00221	0.00523	0.00893	0.00851	0.01045
52	0.01470	0.03536	0.64568	0.01974	0.02947	0.05357	0.02479	0.02232	0.01525	0.02209	0.01382	0.04633	0.01067	0.00746	0.00685	0.00226	0.01037	0.00587	0.00320	0.01020
53	0.01539	0.01317	0.01613	0.01175	0.01792	0.01047	0.03656	0.05334	0.01590	0.02428	0.01381	0.01728	0.01166	0.00596	0.00565	0.00124	0.00573	0.02648	0.00443	0.69285
54	0.00889	0.00723	0.00787	0.00771	0.00991	0.00621	0.00578	0.01114	0.01735	0.02189	0.25154	0.06416	0.52138	0.01704	0.00841	0.00236	0.00354	0.01442	0.00696	0.00621
55	0.00868	0.00620	0.00826	0.00991	0.01033	0.00578	0.00661	0.00991	0.01363	0.01818	0.03925	0.74510	0.04710	0.02231	0.00909	0.00289	0.00413	0.02024	0.00661	0.00578
56	0.03174	0.01245	0.01673	0.01283	0.01835	0.01097	0.01060	0.06253	0.02094	0.68164	0.02762	0.02393	0.01739	0.00880	0.00716	0.00220	0.00614	0.00713	0.00874	0.01212
57	0.01345	0.01266	0.02136	0.73264	0.04904	0.01582	0.01978	0.01819	0.01424	0.01819	0.01266	0.01898	0.00949	0.00712	0.00712	0.00237	0.00949	0.00633	0.00316	0.00791
58	0.00868	0.00620	0.00826	0.00991	0.01033	0.00578	0.00661	0.00991	0.01363	0.01818	0.03925	0.74510	0.04710	0.02231	0.00909	0.00289	0.00413	0.02024	0.00661	0.00578
59	0.01645	0.01958	0.06987	0.02899	0.03613	0.01758	0.63119	0.02241	0.01664	0.02266	0.01508	0.04080	0.01182	0.00652	0.00835	0.00241	0.01170	0.00862	0.00367	0.00953
60	0.01477	0.01266	0.01477	0.01055	0.01687	0.00949	0.00844	0.01793	0.01477	0.02320	0.01266	0.01477	0.01055	0.00527	0.00527	0.00105	0.00527	0.00422	0.00422	0.79328
61	0.01008	0.00728	0.00952	0.00896	0.01064	0.00672	0.00672	0.01344	0.02016	0.02855	0.70158	0.05319	0.06719	0.01456	0.00840	0.00224	0.00336	0.01288	0.00784	0.00672
62	0.02440	0.17490	0.02392	0.01847	0.06473	0.49727	0.01380	0.02706	0.03919	0.03726	0.01196	0.01360	0.00992	0.00714	0.00614	0.00182	0.01111	0.00472	0.00379	0.00882
63	0.01614	0.01483	0.02237	0.04605	0.02346	0.01347	0.17194	0.07834	0.01667	0.02435	0.01422	0.04157	0.01191	0.00679	0.00737	0.00171	0.04619	0.00618	0.00431	0.43214
64	0.09799	0.01762	0.01863	0.01498	0.02010	0.01960	0.01218	0.40641	0.20590	0.08230	0.02028	0.01955	0.01461	0.00868	0.00690	0.00222	0.00692	0.00665	0.00701	0.01147
65	0.07879	0.01216	0.01565	0.01245	0.01749	0.01114	0.01014	0.03272	0.07330	0.57461	0.02761	0.06285	0.01892	0.00947	0.00710	0.00226	0.00588	0.00773	0.00829	0.01142
66	0.00922	0.00724	0.00832	0.00805	0.01011	0.00635	0.00604	0.01177	0.01812	0.02373	0.37545	0.06114	0.39633	0.01636	0.00841	0.00233	0.00349	0.01399	0.00720	0.00635
67	0.01302	0.00985	0.01424	0.13049	0.06731	0.01044	0.01202	0.01700	0.05440	0.04825	0.14602	0.09080	0.05279	0.01504	0.00993	0.04475	0.02523	0.22516	0.00588	0.00740
68	0.26365	0.01877	0.07907	0.14389	0.21333	0.08928	0.05239	0.02174	0.01494	0.02445	0.01193	0.01532	0.00942	0.00668	0.00621	0.00218	0.00852	0.00540	0.00372	0.00912
69	0.00850	0.00715	0.00737	0.00745	0.00970	0.00602	0.00554	0.01032	0.01622	0.01953	0.09440	0.11131	0.63583	0.01817	0.00846	0.00243	0.00363	0.01528	0.00666	0.00602
70	0.01036	0.00690	0.00777	0.00777	0.00777	0.00690	0.00431	0.01036	0.01036	0.01381	0.02244	0.04660	0.02589	0.74975	0.03624	0.00690	0.00690	0.01036	0.00431	0.00431
71	0.01020	0.00759	0.00981	0.06084	0.01322	0.00748	0.00745	0.03706	0.01565	0.02096	0.17806	0.37330	0.10264	0.10776	0.01199	0.00314	0.00478	0.01549	0.00636	0.00622
72	0.02755	0.01845	0.02036	0.01569	0.02129	0.01996	0.01293	0.54861	0.05526	0.15700	0.01939	0.01865	0.01339	0.00863	0.00713	0.00216	0.00745	0.00660	0.00741	0.01208
73	0.05923	0.01266	0.01623	0.01282	0.01806	0.01177	0.01048	0.03465	0.12122	0.58186	0.02753	0.02410	0.01787	0.00886	0.00707	0.00224	0.00597	0.00717	0.00841	0.01182
74	0.00944	0.00740	0.00825	0.00860	0.01015	0.00686	0.00601	0.01205	0.05812	0.01916	0.07694	0.25435	0.34636	0.12834	0.01271	0.00321	0.00437	0.01528	0.00636	0.00606
75	0.01432	0.01454	0.02778	0.43943	0.04240	0.01595	0.25072	0.01928	0.01510	0.01981	0.01498	0.06562	0.01236	0.00770	0.00770	0.00242	0.01003	0.00795	0.00354	0.00837
76	0.01019	0.00683	0.00781	0.00798	0.00802	0.00679	0.00454	0.01031	0.01067	0.01423	0.02407	0.11467	0.02795	0.67886	0.03360	0.00651	0.00663	0.01132	0.00454	0.00446
77	0.03178	0.01238	0.01669	0.01280	0.01831	0.01086	0.01057	0.05664	0.02082	0.68770	0.02772	0.02399	0.01744	0.00880	0.00716	0.00220	0.00612	0.00714	0.00876	0.01212
78	0.01750	0.01505	0.01594	0.01444	0.01839	0.01738	0.01128	0.03704	0.66904	0.02949	0.02928	0.02843	0.02240	0.01001	0.00734	0.00245	0.00567	0.03055	0.00722	0.01111
79	0.02707	0.01995	0.02137	0.01638	0.02208	0.02208	0.01353	0.68159	0.03348	0.04488	0.01710	0.01710	0.01211	0.00855	0.00712	0.00214	0.00784	0.00641	0.00712	0.01211
80	0.02684	0.01904	0.02067	0.01595	0.02148	0.02086	0.01313	0.62024	0.03205	0.08675	0.01846	0.03909	0.01350	0.00897	0.00718	0.00216	0.00761	0.00687	0.00722	0.01192
81	0.01438	0.01224	0.01435	0.01051	0.01646	0.00925	0.00832	0.01742	0.01469	0.02288	0.01436	0.06159	0.01289	0.00637	0.00552	0.00117	0.00520	0.00525	0.00437	0.74279
82	0.01552	0.01387	0.04371	0.01134	0.01728	0.01075	0.00939	0.08147	0.01631	0.02462	0.01436	0.03690	0.01248	0.04664	0.00730	0.00158	0.00579	0.00525	0.00452	0.62092
83	0.01812	0.01429	0.01770	0.01405	0.01873	0.01407	0.06441	0.25682	0.04049	0.03027	0.02087	0.16993	0.01943	0.01034	0.00704	0.00200	0.00644	0.00892	0.03826	0.22783
84	0.01824	0.04806	0.04559	0.01325	0.01793	0.07638	0.01095	0.18924	0.01998	0.04282	0.02158	0.13397	0.05835	0.01020	0.00736	0.00194	0.03247	0.00817	0.00541	0.23812
85	0.01018	0.00731	0.00996	0.01155	0.01269	0.00709	0.00919	0.01253	0.01521	0.01990	0.03953	0.36378	0.06600	0.02074	0.00947	0.00308	0.00542	0.36359	0.00658	0.00621
86	0.08938	0.02487	0.01870	0.01841	0.08432	0.40954	0.01300	0.02733	0.06562	0.08760	0.01481	0.01623	0.01155	0.00770	0.00685	0.00199	0.03144	0.00537	0.05633	0.00896
87	0.01933	0.72615	0.03665	0.01242	0.01842	0.05501	0.01224	0.02160	0.01469	0.01678	0.00994	0.01148	0.00914	0.00614	0.00464	0.00154	0.00782	0.00384	0.00307	0.00910
88	0.00864	0.00635	0.00811	0.00951	0.01022	0.00582	0.00643	0.00996	0.01402	0.01834	0.04418	0.64362	0.14540	0.02167	0.00899	0.00282	0.00405	0.01946	0.00661	0.00582
89	0.01762	0.01692	0.02890	0.04371	0.70533	0.01692	0.02185	0.02185	0.01621	0.02326	0.01339	0.01762	0.01128	0.00634	0.00705	0.00211	0.00846	0.00634	0.00352	0.01128
90	0.02276	0.01892	0.01843	0.01520	0.02001	0.10244	0.01212	0.30561	0.24737	0.05999	0.02248	0.02173	0.04020	0.00895	0.00703	0.00215	0.00735	0.00696	0.00664	0.05367
91	0.02514	0.01899	0.02029	0.01599	0.02135	0.02118	0.01307	0.54914	0.16906	0.04177	0.01954	0.01904	0.01409	0.00878	0.00715	0.00219	0.00738	0.00675	0.00715	0.01194
92	0.03195	0.01212	0.01652	0.01267	0.01818	0.01047	0.01047	0.03470	0.02038	0.71026	0.02809	0.02424	0.01763	0.00881	0.00716	0.00220	0.00606	0.00716	0.00881	0.01212
93	0.01681	0.01921	0.04202	0.03001	0.03721	0.01801	0.67947	0.02281	0.01681	0.02281	0.01441	0.01921	0.01080	0.00600	0.00840	0.00240	0.01200	0.00840	0.00360	0.00960
94	0.01444	0.06095	0.69014	0.02002	0.03040	0.01693	0.02583	0.02251	0.01501	0.02236	0.01268	0.01491	0.00902	0.00674	0.00669	0.00223	0.01043	0.00521	0.00301	0.01048
95	0.01681	0.01921	0.04202	0.03001	0.03721	0.01801	0.67947	0.02281	0.01681	0.02281	0.01441	0.01921	0.01080	0.00600	0.00840	0.00240	0.01200	0.00840	0.00360	0.00960
96	0.00860	0.00649	0.00796	0.00913	0.01012	0.00585	0.00626	0.01000	0.01438	0.01848	0.04876	0.54934	0.23671	0.02107	0.00889	0.00275	0.00398	0.01873	0.00661	0.00585
97	0.01428	0.03683	0.71286	0.02030	0.03082	0.01654	0.02631	0.02255	0.01503	0.02255	0.01278	0.01503	0.00902	0.00677	0.00677	0.00226	0.01052	0.00526	0.00301	0.01052
98	0.01017	0.00763	0.01144	0.01144	0.01272	0.00890	0.00890	0.01272	0.01144	0.01653	0.01907	0.02797	0.01780	0.05340	0.72153	0.01144	0.01907	0.00763	0.00381	0.00636
99	0.01122	0.00805	0.01115	0.01274	0.01433	0.00799	0.01100	0.01433	0.01623	0.02107	0.03895	0.11692	0.06372	0.01976	0.00975	0.00323	0.00632	0.60018	0.00656	0.00650
100	0.00870	0.00648	0.00811	0.00927	0.01019	0.00589	0.00635	0.01019	0.01460	0.01904	0.08658	0.55506	0.19178	0.02090	0.00890	0.00275	0.00397	0.01866	0.00668	0.00589
101	0.01847	0.01513	0.01612	0.01439	0.01850	0.01733	0.01123	0.03767	0.65670	0.06600	0.02893	0.02644	0.02152	0.00962	0.00724	0.00240	0.00566	0.00800	0.00733	0.01132
102	0.01428	0.03683	0.71286	0.02030	0.03082	0.01654	0.02631	0.02255	0.01503	0.02255	0.01278	0.01503	0.00902	0.00677	0.00677	0.00226	0.01052	0.00526	0.00301	0.01052
103	0.01904	0.75404	0.03731	0.01218	0.01828	0.02818	0.01218	0.02132	0.01447	0.01675	0.00990	0.01142	0.00914	0.00609	0.00457	0.00152	0.00761	0.00381	0.00305	0.00914
104	0.01904	0.75404	0.03731	0.01218	0.01828	0.02818	0.01218	0.02132	0.01447	0.01675	0.00990	0.01142	0.00914	0.00609	0.00457	0.00152	0.00761	0.00381	0.00305	0.00914
105	0.01904	0.75404	0.03731	0.01218	0.01828	0.02818	0.01218	0.02132	0.01447	0.01675	0.00990	0.01142	0.00914	0.00609	0.00457	0.00152	0.00761	0.00381	0.00305	0.00914
106	0.02897	0.01327	0.04619	0.01292	0.01832	0.01116	0.01102	0.07437	0.02098	0.57823	0.08521	0.02589	0.02120	0.00921	0.00725	0.00220	0.00613	0.00753	0.00837	0.01158
107	0.01477	0.01266	0.01477	0.01055	0.01687	0.00949	0.00844	0.01793	0.01477	0.02320	0.01266	0.01477	0.01055	0.00527	0.00527	0.00105	0.00527	0.00422	0.00422	0.79328
108	0.00867	0.00623	0.00823	0.00983	0.01030	0.00579	0.00657	0.00992	0.01372	0.01821	0.04032	0.72312	0.06839	0.02217	0.00907	0.00288	0.00411	0.02007	0.00661	0.00579
109	0.00870	0.00629	0.00823	0.00971	0.01029	0.00583	0.00654	0.01004	0.01399	0.01855	0.06095	0.68125	0.08971	0.02181	0.00903	0.00284	0.00407	0.01969	0.00665	0.00583
110	0.01552	0.01232	0.01406	0.03369	0.04616	0.01317	0.01035	0.04308	0.33686	0.06691	0.04036	0.04216	0.21283	0.01261	0.00779	0.00246	0.00546	0.06805	0.00682	0.00935
111	0.03138	0.01304	0.01709	0.01310	0.01864	0.01183	0.01083	0.11060	0.02192	0.63219	0.02680	0.02340	0.01698	0.00878	0.00716	0.00220	0.00627	0.00707	0.00861	0.01212
112	0.01849	0.68752	0.03591	0.01260	0.01841	0.02667	0.03606	0.02079	0.01433	0.01682	0.01073	0.01358	0.01009	0.04566	0.00639	0.00184	0.00774	0.00432	0.00313	0.00890
113	0.01789	0.43475	0.29888	0.01536	0.02315	0.02269	0.01758	0.02253	0.01501	0.05676	0.01201	0.01352	0.00955	0.00650	0.00556	0.00184	0.00866	0.00456	0.00334	0.00984
114	0.03352	0.12451	0.56174	0.01853	0.02778	0.04150	0.02294	0.02221	0.01527	0.02210	0.03868	0.01589	0.01124	0.00700	0.00649	0.00215	0.00985	0.00532	0.00325	0.01006
115	0.00873	0.00723	0.00765	0.00754	0.00981	0.00615	0.00566	0.01083	0.01697	0.02100	0.19150	0.06562	0.58197	0.01737	0.00841	0.00237	0.00356	0.01462	0.00684	0.00615
116	0.01744	0.01674	0.02858	0.07335	0.67710	0.01687	0.02176	0.02170	0.01613	0.02305	0.01336	0.01768	0.01120	0.00638	0.00705	0.00213	0.00850	0.00634	0.00351	0.01113
117	0.01606	0.01177	0.01351	0.01241	0.01497	0.01242	0.00931	0.26652	0.04189	0.02889	0.05238	0.39812	0.03294	0.04209	0.00922	0.00271	0.00566	0.01401	0.00679	0.00834
118	0.01420	0.03340	0.61789	0.02093	0.07250	0.01585	0.02452	0.02174	0.01515	0.02253	0.03982	0.01775	0.01199	0.03221	0.00785	0.00240	0.00999	0.00580	0.00327	0.01021
119	0.01104	0.00772	0.00987	0.00918	0.01112	0.00719	0.00694	0.01486	0.04256	0.05291	0.62017	0.05208	0.09843	0.01437	0.00832	0.00225	0.00355	0.01262	0.00779	0.00703
120	0.01649	0.01620	0.02383	0.12525	0.44563	0.07380	0.01850	0.02030	0.01641	0.02182	0.03887	0.02625	0.07294	0.00850	0.00732	0.00222	0.00830	0.04359	0.00404	0.00975
121	0.01562	0.12349	0.34334	0.12145	0.03212	0.04525	0.15500	0.02170	0.01537	0.02090	0.01339	0.03637	0.01054	0.00703	0.00691	0.00221	0.01020	0.00625	0.00328	0.00956
122	0.01389	0.00766	0.00811	0.00774	0.00943	0.00813	0.00595	0.03915	0.01530	0.02656	0.02213	0.02552	0.01747	0.00857	0.00623	0.00177	0.05050	0.00660	0.71238	0.00690
123	0.01212	0.00792	0.01011	0.00951	0.01147	0.00740	0.00716	0.01557	0.04158	0.08486	0.47602	0.08828	0.09439	0.06188	0.01014	0.00263	0.00409	0.04031	0.00748	0.00708
124	0.09294	0.01900	0.02301	0.03061	0.39312	0.15321	0.01731	0.05057	0.01736	0.02364	0.01573	0.02375	0.01419	0.00829	0.00702	0.00221	0.00878	0.08529	0.00416	0.00981
125	0.18476	0.01511	0.02032	0.31430	0.14804	0.01732	0.01628	0.15502	0.01806	0.02745	0.01310	0.01678	0.00995	0.00717	0.00653	0.00224	0.00813	0.00582	0.00430	0.00930
126	0.00868	0.00620	0.00826	0.00991	0.01033	0.00578	0.00661	0.00991	0.01363	0.01818	0.03925	0.74510	0.04710	0.02231	0.00909	0.00289	0.00413	0.02024	0.00661	0.00578
127	0.00973	0.00664	0.00795	0.00857	0.00872	0.00649	0.00517	0.01019	0.01157	0.01543	0.02869	0.30638	0.03378	0.47921	0.02614	0.00541	0.00587	0.01403	0.00517	0.00486
128	0.04448	0.11867	0.06231	0.01423	0.01938	0.01614	0.04804	0.15126	0.08677	0.20757	0.09758	0.06173	0.02175	0.00949	0.00701	0.00217	0.00675	0.00783	0.00654	0.01031
129	0.04188	0.01284	0.02068	0.66762	0.04612	0.01593	0.01888	0.01936	0.05108	0.01932	0.01345	0.01913	0.01009	0.00724	0.00703	0.00237	0.00914	0.00633	0.00343	0.00809
130	0.01036	0.00690	0.00777	0.00777	0.00777	0.00690	0.00431	0.01036	0.01036	0.01381	0.02244	0.04660	0.02589	0.74975	0.03624	0.00690	0.00690	0.01036	0.00431	0.00431
131	0.02120	0.02520	0.01732	0.05445	0.04295	0.47297	0.01206	0.02305	0.01798	0.01771	0.04574	0.02398	0.06292	0.11971	0.01117	0.00269	0.01058	0.00668	0.00411	0.00753
132	0.02523	0.05272	0.02403	0.01926	0.02397	0.44077	0.11335	0.13382	0.02165	0.05954	0.01338	0.01505	0.01034	0.00737	0.00681	0.00198	0.01136	0.00557	0.00447	0.00932
133	0.01107	0.00782	0.01007	0.01020	0.01166	0.00756	0.02721	0.05867	0.01635	0.02293	0.12777	0.43115	0.07871	0.01744	0.00818	0.00252	0.00437	0.01557	0.12413	0.00661
134	0.00910	0.00652	0.00864	0.00963	0.01042	0.00607	0.00664	0.01098	0.01560	0.02130	0.23861	0.53684	0.05314	0.01998	0.00888	0.00270	0.00390	0.01803	0.00698	0.00607
135	0.01539	0.12493	0.51001	0.01812	0.02679	0.06250	0.02179	0.02242	0.03826	0.02147	0.01587	0.04130	0.03562	0.00774	0.00662	0.00217	0.00967	0.00598	0.00345	0.00991
136	0.02447	0.01740	0.05805	0.01616	0.04531	0.01737	0.01322	0.29454	0.14970	0.20238	0.04507	0.02171	0.01686	0.00899	0.00776	0.00225	0.03314	0.00705	0.00708	0.01149

[dist]
# distance from previous block
# <min> <max>
5	13

[block]
# block no. 3 follows, 29 sequences, length 44
# corresponding to MSA columns:
# 297-340
name=unknown_D
#
# <colnr> <probs for GDERKNQSTAVLIFYWHMCP>
#	G	D	E	R	K	N	Q	S	T	A	V	L	I	F	Y	W	H	M	C	P
0	0.01817	0.02057	0.11851	0.11484	0.33641	0.08676	0.07455	0.04709	0.01709	0.05154	0.01574	0.01901	0.03335	0.00713	0.00712	0.00217	0.00931	0.00651	0.00389	0.01023
1	0.04513	0.00986	0.01286	0.06611	0.07675	0.03115	0.01113	0.01496	0.01552	0.02073	0.05321	0.14633	0.09541	0.06261	0.01045	0.00309	0.00643	0.30560	0.00577	0.00689
2	0.15282	0.01751	0.06837	0.02019	0.04620	0.05553	0.25754	0.02221	0.04208	0.07295	0.01769	0.10822	0.01546	0.00887	0.00794	0.00235	0.03937	0.00830	0.00460	0.03179
3	0.01994	0.01507	0.01785	0.01475	0.01875	0.01607	0.04907	0.40558	0.02559	0.03418	0.02619	0.24712	0.05204	0.01311	0.00787	0.00240	0.00674	0.01121	0.00674	0.00973
4	0.00983	0.00668	0.00792	0.00843	0.00856	0.00656	0.00503	0.01022	0.01137	0.01517	0.02766	0.26384	0.03248	0.52351	0.02780	0.00566	0.00604	0.01343	0.00503	0.00477
5	0.01656	0.01836	0.06988	0.11049	0.06194	0.01790	0.37904	0.06831	0.01670	0.02295	0.01462	0.04745	0.01194	0.00785	0.00993	0.00247	0.10251	0.00796	0.00383	0.00932
6	0.02177	0.01525	0.01713	0.01419	0.01817	0.01660	0.01156	0.40402	0.02562	0.07161	0.02173	0.03153	0.01890	0.09492	0.01126	0.00287	0.02978	0.11185	0.05136	0.00988
7	0.01176	0.00888	0.01186	0.01123	0.01229	0.01044	0.00872	0.01414	0.01335	0.02021	0.10971	0.06425	0.04551	0.06831	0.25007	0.00567	0.15797	0.00881	0.16022	0.00660
