[name]
unknown

[dist]
# distance from previous block
# <min> <max>
0	54

[block]
# block no. 0 follows, 26 sequences, length 12
# corresponding to MSA columns:
# 383-394
name=unknown_A
#
# <colnr> <probs for GDERKNQSTAVLIFYWHMCP>
#	G	D	E	R	K	N	Q	S	T	A	V	L	I	F	Y	W	H	M	C	P
0	0.01626	0.16000	0.28269	0.10401	0.07517	0.01995	0.02091	0.02157	0.01535	0.02137	0.01484	0.02218	0.01290	0.00921	0.00979	0.00249	0.11688	0.06096	0.00362	0.00984
1	0.01647	0.01341	0.01304	0.01168	0.01457	0.11191	0.00895	0.06605	0.02192	0.08648	0.38479	0.04719	0.14570	0.01391	0.00842	0.00234	0.00572	0.01171	0.00753	0.00822
2	0.01695	0.01726	0.11658	0.01294	0.02028	0.01130	0.01197	0.02110	0.01620	0.07199	0.01467	0.01649	0.01153	0.00612	0.00600	0.00140	0.00651	0.00488	0.00465	0.61119
3	0.01903	0.01238	0.01654	0.13342	0.04788	0.01211	0.01179	0.08459	0.02009	0.16667	0.17811	0.03285	0.05673	0.04826	0.00930	0.00246	0.00650	0.00886	0.00663	0.12578
4	0.46245	0.07816	0.01415	0.01086	0.01462	0.06490	0.00867	0.02021	0.01373	0.02701	0.01754	0.02269	0.06144	0.11781	0.01105	0.00306	0.03316	0.00618	0.00462	0.00771
5	0.01049	0.00731	0.00859	0.00881	0.00938	0.00703	0.00551	0.01142	0.01374	0.01837	0.12941	0.17200	0.09563	0.43945	0.02652	0.00544	0.00597	0.01372	0.00580	0.00541
6	0.01288	0.00932	0.01127	0.01111	0.01261	0.00960	0.00788	0.10941	0.01699	0.02280	0.05679	0.29729	0.07356	0.18892	0.11893	0.00524	0.00797	0.01430	0.00617	0.00696
7	0.02632	0.01941	0.07398	0.01595	0.02193	0.04689	0.01376	0.22871	0.17006	0.22721	0.02354	0.02217	0.01640	0.00906	0.00746	0.00230	0.00759	0.00714	0.00747	0.05266
8	0.01815	0.12431	0.02766	0.02942	0.30999	0.06977	0.06269	0.02294	0.06084	0.02228	0.01626	0.02163	0.01410	0.01545	0.11286	0.02407	0.01089	0.02247	0.00408	0.01016
9	0.01190	0.00963	0.01230	0.01261	0.01367	0.01069	0.00922	0.01647	0.11390	0.02188	0.08286	0.46735	0.04171	0.01956	0.01159	0.00299	0.11075	0.01681	0.00669	0.00743
10	0.01257	0.00684	0.00928	0.00928	0.00936	0.00684	0.00594	0.01055	0.01047	0.01426	0.01686	0.03123	0.01775	0.23732	0.03132	0.51614	0.00669	0.00794	0.03552	0.00384
11	0.02583	0.02328	0.02162	0.08426	0.02567	0.18272	0.01474	0.35696	0.12646	0.03576	0.01814	0.01885	0.01344	0.00883	0.00743	0.00227	0.00942	0.00662	0.00634	0.01137

[dist]
# distance from previous block
# <min> <max>
0	11

[block]
# block no. 1 follows, 26 sequences, length 15
# corresponding to MSA columns:
# 406-420
name=unknown_B
#
# <colnr> <probs for GDERKNQSTAVLIFYWHMCP>
#	G	D	E	R	K	N	Q	S	T	A	V	L	I	F	Y	W	H	M	C	P
0	0.01127	0.00770	0.00942	0.01001	0.01053	0.00767	0.00689	0.01233	0.01304	0.01723	0.02950	0.09818	0.03339	0.49220	0.02903	0.00602	0.00708	0.18774	0.00541	0.00536
1	0.01573	0.01519	0.01356	0.01272	0.01564	0.13600	0.00959	0.02352	0.20375	0.02570	0.20031	0.10004	0.16986	0.01409	0.00828	0.00245	0.00621	0.01179	0.00699	0.00858
2	0.02444	0.22229	0.02665	0.01650	0.04190	0.02398	0.01371	0.37801	0.07644	0.03603	0.01712	0.01789	0.01311	0.00972	0.02636	0.00238	0.00833	0.00622	0.02733	0.01158
3	0.01420	0.21351	0.01694	0.00938	0.01153	0.01370	0.00709	0.01553	0.01315	0.01805	0.02028	0.03520	0.02107	0.39730	0.02306	0.00473	0.00688	0.00835	0.14356	0.00649
4	0.01361	0.00989	0.01225	0.01266	0.01457	0.01003	0.00979	0.12956	0.01927	0.02549	0.03837	0.39448	0.06493	0.02015	0.00950	0.00303	0.00582	0.19184	0.00712	0.00762
5	0.23218	0.01277	0.01298	0.01024	0.01565	0.01139	0.00819	0.01852	0.01521	0.02658	0.02411	0.02512	0.13181	0.00848	0.00596	0.00173	0.00537	0.00647	0.00501	0.42225
6	0.01718	0.00884	0.01128	0.01043	0.01226	0.00836	0.00723	0.01844	0.01476	0.20672	0.02859	0.16423	0.02857	0.35347	0.07116	0.00551	0.00747	0.01177	0.00635	0.00738
7	0.01318	0.01050	0.01534	0.01979	0.20053	0.01075	0.01075	0.01494	0.01300	0.01807	0.02053	0.03734	0.02163	0.40606	0.14999	0.00679	0.01016	0.00930	0.00426	0.00708
8	0.01376	0.01071	0.01150	0.01078	0.01290	0.01128	0.00759	0.05642	0.20055	0.02280	0.03741	0.07181	0.16507	0.31053	0.02077	0.00454	0.00618	0.01154	0.00626	0.00760
9	0.01569	0.01596	0.01297	0.01297	0.01509	0.20384	0.00938	0.05298	0.01819	0.02095	0.03831	0.36808	0.15105	0.01761	0.00863	0.00262	0.00714	0.01502	0.00619	0.00733
10	0.23013	0.01071	0.01206	0.01202	0.01357	0.01235	0.00903	0.01528	0.01344	0.02316	0.02669	0.37722	0.03038	0.03855	0.01190	0.00305	0.13417	0.01362	0.00563	0.00708
11	0.01241	0.00953	0.01102	0.01136	0.01277	0.01005	0.00782	0.01907	0.19931	0.02167	0.03419	0.35904	0.03683	0.19960	0.01645	0.00402	0.00560	0.01523	0.00661	0.00741
12	0.01266	0.01153	0.01953	0.01647	0.01966	0.01089	0.19111	0.03939	0.03488	0.02260	0.05464	0.35409	0.14680	0.01697	0.00920	0.00278	0.00684	0.01596	0.00621	0.00778
13	0.01477	0.01073	0.01274	0.01251	0.01454	0.01106	0.00912	0.19408	0.02049	0.02739	0.03515	0.52803	0.03965	0.01963	0.00909	0.00285	0.00551	0.01740	0.00720	0.00806
14	0.43112	0.22325	0.14267	0.01293	0.01931	0.02079	0.01314	0.02273	0.01418	0.02765	0.01111	0.01295	0.00890	0.00692	0.00520	0.00215	0.00747	0.00436	0.00402	0.00918

[dist]
# distance from previous block
# <min> <max>
2	7

[block]
# block no. 2 follows, 26 sequences, length 30
# corresponding to MSA columns:
# 428-457
name=unknown_C
#
# <colnr> <probs for GDERKNQSTAVLIFYWHMCP>
#	G	D	E	R	K	N	Q	S	T	A	V	L	I	F	Y	W	H	M	C	P
0	0.25404	0.01224	0.01367	0.01132	0.01558	0.01209	0.00887	0.02702	0.01679	0.34979	0.02285	0.02690	0.01751	0.16406	0.01340	0.00342	0.00647	0.00731	0.00696	0.00972
1	0.01835	0.00976	0.01268	0.01180	0.01452	0.00913	0.00885	0.05525	0.03705	0.22746	0.13730	0.35126	0.04122	0.01693	0.00877	0.00269	0.00515	0.01493	0.00801	0.00890
2	0.00928	0.00733	0.00837	0.00889	0.01064	0.00641	0.00637	0.01120	0.01687	0.02134	0.13978	0.29330	0.39279	0.02030	0.00921	0.00272	0.00400	0.01761	0.00720	0.00641
3	0.00981	0.00782	0.00926	0.00920	0.01132	0.00728	0.00702	0.01227	0.01703	0.02190	0.18342	0.06085	0.40151	0.02661	0.15802	0.00462	0.00741	0.03134	0.00666	0.00665
4	0.39476	0.01169	0.01041	0.00934	0.01301	0.01276	0.00749	0.03999	0.01550	0.08796	0.01805	0.01997	0.01370	0.00801	0.00527	0.00212	0.00506	0.00566	0.31097	0.00829
5	0.01820	0.01479	0.01687	0.01253	0.01880	0.01278	0.01005	0.15636	0.01994	0.02939	0.01599	0.05377	0.01364	0.00732	0.00625	0.00147	0.00614	0.00589	0.00529	0.57451
6	0.01371	0.01052	0.01165	0.01050	0.01344	0.01025	0.00809	0.15123	0.02210	0.02885	0.21956	0.11054	0.32773	0.01645	0.00872	0.00250	0.00479	0.01389	0.00750	0.00797
7	0.02053	0.01265	0.01514	0.01283	0.01671	0.01284	0.01014	0.11248	0.16313	0.19227	0.29577	0.03796	0.04055	0.01205	0.00818	0.00240	0.00543	0.01022	0.00836	0.01036
8	0.04089	0.16772	0.01961	0.01245	0.01650	0.01594	0.01027	0.07551	0.10624	0.14203	0.16428	0.05587	0.03056	0.07879	0.01030	0.00275	0.00630	0.02767	0.00675	0.00957
9	0.20515	0.01079	0.01162	0.01010	0.01390	0.01047	0.00804	0.02200	0.01802	0.21208	0.14153	0.03884	0.18094	0.01207	0.00725	0.00236	0.00499	0.00968	0.07135	0.00882
10	0.01333	0.01056	0.01108	0.00997	0.01317	0.01011	0.00773	0.15052	0.02136	0.02682	0.09373	0.08127	0.48819	0.01700	0.00869	0.00251	0.00481	0.01410	0.00723	0.00783
11	0.00971	0.00779	0.00871	0.00870	0.01099	0.00680	0.00667	0.01220	0.01841	0.02331	0.23427	0.06971	0.46767	0.01837	0.00909	0.00259	0.00403	0.06695	0.00738	0.00665
12	0.11646	0.01030	0.01199	0.01083	0.01370	0.01021	0.00838	0.07018	0.02033	0.10980	0.34254	0.09962	0.07320	0.03765	0.00920	0.00263	0.00492	0.03219	0.00761	0.00825
13	0.01336	0.16549	0.01643	0.01024	0.01351	0.01323	0.00834	0.03473	0.07208	0.02371	0.20695	0.04891	0.26322	0.06591	0.01007	0.00265	0.00525	0.01164	0.00645	0.00782
14	0.71976	0.01403	0.01089	0.00980	0.01424	0.01615	0.00802	0.02178	0.01335	0.03360	0.03335	0.01464	0.01090	0.00742	0.00487	0.00232	0.00567	0.00458	0.04649	0.00812
15	0.19082	0.05982	0.02001	0.01722	0.02140	0.52866	0.01321	0.02827	0.01941	0.02185	0.01143	0.01333	0.00944	0.00760	0.00630	0.00203	0.01178	0.00468	0.00405	0.00871
16	0.02995	0.01946	0.02166	0.01660	0.02263	0.02087	0.01372	0.52695	0.03267	0.18591	0.02072	0.01984	0.01416	0.00917	0.00760	0.00229	0.00794	0.00700	0.00797	0.01290
17	0.03113	0.01587	0.01916	0.01481	0.02059	0.01575	0.01219	0.26224	0.04651	0.41993	0.02557	0.02321	0.01680	0.00930	0.00755	0.00231	0.00704	0.00735	0.02996	0.01272
18	0.01110	0.00750	0.00986	0.00945	0.01092	0.00697	0.00691	0.01305	0.01860	0.02582	0.48363	0.05093	0.11454	0.01817	0.01339	0.16913	0.00425	0.01240	0.00715	0.00626
19	0.01060	0.00798	0.00891	0.00869	0.01117	0.00690	0.00665	0.01303	0.01845	0.05118	0.21257	0.06790	0.48031	0.01803	0.00898	0.00256	0.00406	0.04771	0.00744	0.00688
20	0.01299	0.00814	0.00880	0.00831	0.01103	0.00712	0.00635	0.01547	0.01772	0.09827	0.09310	0.05720	0.43274	0.01568	0.00803	0.00236	0.00406	0.01302	0.17230	0.00732
21	0.78701	0.01467	0.01115	0.00997	0.01467	0.01702	0.00821	0.02230	0.01291	0.03403	0.01056	0.01232	0.00821	0.00704	0.00469	0.00235	0.00587	0.00411	0.00469	0.00821
22	0.01110	0.00958	0.01652	0.01516	0.01715	0.00896	0.14686	0.01351	0.01525	0.02042	0.03613	0.57654	0.04187	0.02004	0.00952	0.00297	0.00620	0.01886	0.00635	0.00703
23	0.01237	0.00688	0.00980	0.00975	0.01015	0.00673	0.00662	0.01092	0.01263	0.01722	0.15851	0.06145	0.02804	0.06215	0.02485	0.53812	0.00589	0.00899	0.00461	0.00431
24	0.01424	0.01164	0.01353	0.01084	0.01549	0.00985	0.00847	0.05125	0.04536	0.02692	0.18888	0.05485	0.11497	0.01073	0.00718	0.00180	0.00501	0.00906	0.00615	0.39379
25	0.02999	0.01856	0.16278	0.01524	0.02225	0.01254	0.01477	0.03419	0.02049	0.54816	0.02642	0.02371	0.01681	0.00892	0.00754	0.00236	0.00747	0.00719	0.00806	0.01254
26	0.01540	0.01461	0.02002	0.01742	0.01742	0.01983	0.01402	0.01670	0.01149	0.01749	0.01295	0.02369	0.01374	0.16782	0.02784	0.00418	0.56671	0.00758	0.00359	0.00750
27	0.01147	0.00790	0.00972	0.00965	0.01039	0.00817	0.00641	0.03154	0.01348	0.01872	0.08617	0.10014	0.03094	0.41165	0.17383	0.00720	0.00941	0.01124	0.03619	0.00578
28	0.01087	0.00755	0.00897	0.00927	0.01081	0.00681	0.00647	0.01258	0.01622	0.05449	0.13598	0.28197	0.26053	0.12605	0.01354	0.00341	0.00465	0.01638	0.00697	0.00648
29	0.01271	0.00675	0.00954	0.00954	0.00954	0.00675	0.00616	0.01013	0.01013	0.01350	0.01548	0.02876	0.01627	0.17809	0.03157	0.61365	0.00675	0.00754	0.00357	0.00357

[dist]
# distance from previous block
# <min> <max>
0	8

[block]
# block no. 3 follows, 26 sequences, length 59
# corresponding to MSA columns:
# 466-524
name=unknown_D
#
# <colnr> <probs for GDERKNQSTAVLIFYWHMCP>
#	G	D	E	R	K	N	Q	S	T	A	V	L	I	F	Y	W	H	M	C	P
0	0.01873	0.01631	0.01751	0.01570	0.01973	0.01912	0.01227	0.03902	0.63394	0.03095	0.02965	0.02762	0.02239	0.01046	0.00872	0.00262	0.04754	0.00846	0.00746	0.01179
1	0.01087	0.00793	0.01122	0.01129	0.01260	0.00889	0.00858	0.01333	0.01269	0.01823	0.02489	0.05854	0.05940	0.10133	0.54894	0.01035	0.01687	0.00922	0.04825	0.00658
2	0.01108	0.00827	0.01194	0.05226	0.01464	0.00944	0.00908	0.01333	0.01211	0.01707	0.02071	0.03360	0.02034	0.20269	0.51678	0.01056	0.01687	0.00868	0.00414	0.00639
3	0.01504	0.00823	0.00844	0.00789	0.01018	0.00816	0.00602	0.05333	0.01699	0.02915	0.02373	0.02699	0.01860	0.00866	0.00545	0.00176	0.00392	0.00691	0.68817	0.05238
4	0.01165	0.00840	0.01065	0.01005	0.01187	0.00802	0.00745	0.05142	0.02110	0.02957	0.54726	0.12327	0.06393	0.04900	0.01031	0.00268	0.00411	0.01400	0.00800	0.00727
5	0.02534	0.01220	0.01690	0.01372	0.01839	0.01115	0.04779	0.03004	0.08182	0.41691	0.09034	0.10860	0.06819	0.01202	0.00814	0.00248	0.00614	0.01038	0.00841	0.01102
6	0.01574	0.01493	0.02531	0.50218	0.25419	0.01722	0.02177	0.02062	0.01584	0.02110	0.01373	0.01976	0.01072	0.00732	0.00756	0.00244	0.00976	0.00675	0.00349	0.00957
7	0.02125	0.01748	0.01849	0.01592	0.02063	0.01998	0.01258	0.18863	0.52021	0.03557	0.02785	0.02589	0.02070	0.01001	0.00769	0.00250	0.00656	0.00816	0.00769	0.01222
8	0.01918	0.01880	0.03039	0.04540	0.65766	0.04744	0.02291	0.02358	0.01745	0.02451	0.01416	0.01855	0.01192	0.00680	0.00748	0.00224	0.00921	0.00668	0.00376	0.01188
9	0.01507	0.01424	0.02409	0.60346	0.15817	0.01705	0.02143	0.02003	0.01552	0.02028	0.01361	0.01998	0.01043	0.00745	0.00757	0.00248	0.00993	0.00674	0.00343	0.00903
10	0.00941	0.00681	0.00870	0.01006	0.01074	0.00631	0.00674	0.01078	0.01484	0.01959	0.07044	0.58369	0.11456	0.07487	0.01169	0.00331	0.00453	0.01990	0.00692	0.00611
11	0.78701	0.01467	0.01115	0.00997	0.01467	0.01702	0.00821	0.02230	0.01291	0.03403	0.01056	0.01232	0.00821	0.00704	0.00469	0.00235	0.00587	0.00411	0.00469	0.00821
12	0.01105	0.00708	0.00966	0.01052	0.01125	0.00668	0.00735	0.01110	0.01337	0.01780	0.03256	0.37781	0.06478	0.02354	0.01634	0.26626	0.00538	0.06904	0.00567	0.03276
13	0.01356	0.00915	0.01138	0.01046	0.01292	0.00877	0.00796	0.01894	0.09585	0.08841	0.48087	0.07425	0.10787	0.01492	0.00871	0.00244	0.00416	0.01302	0.00823	0.00814
14	0.00951	0.00673	0.00879	0.01025	0.01069	0.00634	0.00675	0.01076	0.01437	0.01922	0.06380	0.62228	0.04828	0.10801	0.01310	0.00356	0.00472	0.02001	0.00680	0.00601
15	0.01877	0.01802	0.03079	0.04656	0.68612	0.01802	0.02328	0.02328	0.01727	0.02478	0.01427	0.01877	0.01201	0.00676	0.00751	0.00225	0.00901	0.00676	0.00375	0.01201
16	0.01079	0.00886	0.00950	0.00932	0.01172	0.00838	0.00688	0.01563	0.11472	0.02281	0.13106	0.11697	0.42396	0.06232	0.01068	0.00288	0.00440	0.01479	0.00714	0.00719
17	0.05819	0.00890	0.01104	0.01065	0.01289	0.00840	0.00790	0.03665	0.01866	0.12324	0.25641	0.29464	0.08868	0.01717	0.00874	0.00264	0.00459	0.01507	0.00771	0.00783
18	0.01565	0.00903	0.01176	0.01094	0.01339	0.00841	0.00823	0.01957	0.05687	0.16443	0.35678	0.20976	0.05277	0.01593	0.00878	0.00255	0.00451	0.01405	0.00821	0.00838
19	0.00933	0.00667	0.00888	0.01050	0.01102	0.00622	0.00705	0.01080	0.01495	0.02005	0.08168	0.68665	0.05150	0.02325	0.00964	0.00304	0.00435	0.02107	0.00712	0.00622
20	0.01078	0.00793	0.00999	0.01024	0.01186	0.00744	0.00759	0.03574	0.01888	0.02555	0.32118	0.27335	0.14431	0.01884	0.00926	0.00271	0.00432	0.06548	0.00762	0.00693
21	0.01782	0.01250	0.01401	0.01248	0.01529	0.01323	0.00947	0.26081	0.02265	0.03130	0.05058	0.21688	0.02901	0.11791	0.01245	0.00320	0.00628	0.03440	0.11102	0.00870
22	0.00943	0.00668	0.00875	0.01033	0.01072	0.00628	0.00679	0.01061	0.01416	0.01888	0.03996	0.65858	0.04784	0.09684	0.01266	0.00352	0.00470	0.02048	0.00679	0.00600
23	0.01508	0.01285	0.01498	0.01095	0.01719	0.00975	0.00871	0.01839	0.01613	0.02479	0.05312	0.02111	0.05166	0.00690	0.00598	0.00127	0.00541	0.00563	0.00484	0.69527
24	0.01059	0.00775	0.01012	0.01027	0.01188	0.00707	0.00752	0.01334	0.01838	0.02564	0.37322	0.29787	0.05851	0.01818	0.00909	0.00262	0.00420	0.05130	0.00756	0.05490
25	0.01573	0.01348	0.01573	0.01123	0.01798	0.01011	0.00899	0.01910	0.01573	0.02472	0.01348	0.01573	0.01123	0.00562	0.00562	0.00112	0.00562	0.00449	0.00449	0.77980
26	0.00932	0.00666	0.00887	0.01051	0.01102	0.00621	0.00705	0.01076	0.01490	0.01996	0.07641	0.69218	0.05132	0.02332	0.00964	0.00304	0.00436	0.02114	0.00711	0.00621
27	0.05375	0.00824	0.00937	0.00936	0.01130	0.00774	0.00676	0.01400	0.03722	0.04311	0.21031	0.20066	0.25330	0.08671	0.01165	0.00307	0.00449	0.01500	0.00710	0.00683
28	0.00922	0.00667	0.00873	0.01038	0.01095	0.00618	0.00696	0.01058	0.01470	0.01944	0.04406	0.68639	0.09081	0.02347	0.00964	0.00305	0.00436	0.02121	0.00704	0.00618
29	0.01318	0.00659	0.00988	0.00988	0.00988	0.00659	0.00659	0.00988	0.00988	0.01318	0.01318	0.02306	0.01318	0.02635	0.02964	0.77931	0.00659	0.00659	0.00329	0.00329
30	0.01573	0.01348	0.01573	0.01123	0.01798	0.01011	0.00899	0.01910	0.01573	0.02472	0.01348	0.01573	0.01123	0.00562	0.00562	0.00112	0.00562	0.00449	0.00449	0.77980
31	0.01119	0.00794	0.00950	0.00899	0.01114	0.00708	0.00670	0.01395	0.01940	0.05639	0.39966	0.06065	0.28388	0.05736	0.01058	0.00273	0.00402	0.01410	0.00772	0.00701
32	0.01342	0.00853	0.01047	0.00982	0.01206	0.00783	0.00726	0.01662	0.04229	0.10756	0.31948	0.12074	0.18820	0.08747	0.01176	0.00299	0.00453	0.01378	0.00767	0.00753
33	0.41949	0.01349	0.01382	0.01144	0.01645	0.01391	0.00939	0.02802	0.01717	0.31245	0.06059	0.02080	0.01664	0.00856	0.00620	0.00235	0.00597	0.00620	0.00691	0.01014
34	0.00926	0.00770	0.00810	0.00800	0.01043	0.00653	0.00600	0.01147	0.01800	0.02217	0.17935	0.07023	0.57948	0.01858	0.00896	0.00253	0.00380	0.01562	0.00726	0.00653
35	0.01335	0.00833	0.01034	0.00959	0.01190	0.00747	0.00716	0.01606	0.01936	0.11398	0.36819	0.09410	0.20426	0.06874	0.01099	0.00283	0.00435	0.01370	0.00783	0.00750
36	0.68755	0.01444	0.01200	0.01044	0.01529	0.01624	0.00860	0.02423	0.01407	0.12086	0.01312	0.01410	0.00961	0.00735	0.00508	0.00235	0.00595	0.00457	0.00531	0.00883
37	0.02883	0.02125	0.02276	0.01745	0.02352	0.02352	0.01442	0.66082	0.03566	0.04780	0.01821	0.01821	0.01290	0.00911	0.00759	0.00228	0.00835	0.00683	0.00759	0.01290
38	0.00958	0.00694	0.00873	0.00983	0.01059	0.00644	0.00659	0.01102	0.01507	0.01997	0.10571	0.49926	0.12376	0.11339	0.01323	0.00350	0.00463	0.01880	0.00685	0.00609
39	0.00955	0.00693	0.00875	0.00987	0.01066	0.00642	0.00664	0.01104	0.01522	0.02016	0.11010	0.50933	0.12743	0.09543	0.01250	0.00339	0.00455	0.01899	0.00692	0.00613
40	0.78701	0.01467	0.01115	0.00997	0.01467	0.01702	0.00821	0.02230	0.01291	0.03403	0.01056	0.01232	0.00821	0.00704	0.00469	0.00235	0.00587	0.00411	0.00469	0.00821
41	0.78701	0.01467	0.01115	0.00997	0.01467	0.01702	0.00821	0.02230	0.01291	0.03403	0.01056	0.01232	0.00821	0.00704	0.00469	0.00235	0.00587	0.00411	0.00469	0.00821
42	0.00935	0.00762	0.00805	0.00805	0.01022	0.00656	0.00586	0.01127	0.01710	0.02104	0.13786	0.09386	0.53457	0.08107	0.01157	0.00298	0.00414	0.01553	0.00698	0.00632
43	0.63530	0.01431	0.01245	0.01068	0.01561	0.01583	0.00881	0.02525	0.01468	0.16648	0.01446	0.01504	0.01034	0.00751	0.00529	0.00235	0.00599	0.00482	0.00564	0.00916
44	0.01085	0.00805	0.01181	0.01181	0.01303	0.00927	0.00900	0.01330	0.01208	0.01732	0.02067	0.03174	0.01981	0.12318	0.63824	0.01172	0.01905	0.00841	0.00412	0.00656
45	0.78701	0.01467	0.01115	0.00997	0.01467	0.01702	0.00821	0.02230	0.01291	0.03403	0.01056	0.01232	0.00821	0.00704	0.00469	0.00235	0.00587	0.00411	0.00469	0.00821
46	0.01100	0.00739	0.00844	0.00839	0.00855	0.00734	0.00483	0.01133	0.01199	0.01615	0.08417	0.05028	0.03160	0.66770	0.03589	0.00690	0.00701	0.01128	0.00494	0.00483
47	0.01108	0.00729	0.00824	0.00836	0.00848	0.00726	0.00479	0.01136	0.01152	0.01574	0.02510	0.09243	0.02860	0.64834	0.03493	0.00678	0.00696	0.01150	0.04642	0.00483
48	0.03023	0.01420	0.01786	0.01409	0.01958	0.01361	0.01150	0.11651	0.11213	0.48845	0.05854	0.02660	0.02105	0.00976	0.00770	0.00237	0.00650	0.00793	0.00888	0.01252
49	0.01573	0.01348	0.01573	0.01123	0.01798	0.01011	0.00899	0.01910	0.01573	0.02472	0.01348	0.01573	0.01123	0.00562	0.00562	0.00112	0.00562	0.00449	0.00449	0.77980
50	0.00924	0.00660	0.00880	0.01056	0.01100	0.00616	0.00704	0.01056	0.01452	0.01936	0.04181	0.72848	0.05017	0.02376	0.00968	0.00308	0.00440	0.02156	0.00704	0.00616
51	0.00952	0.00757	0.00861	0.00910	0.01107	0.00666	0.00682	0.01163	0.01712	0.02139	0.12131	0.20882	0.42978	0.01999	0.00927	0.00275	0.00426	0.08069	0.00716	0.00648
52	0.03321	0.01309	0.01758	0.01360	0.01938	0.01157	0.01119	0.03715	0.05687	0.65572	0.02998	0.02595	0.01901	0.00944	0.00763	0.00236	0.00643	0.00768	0.00930	0.01286
53	0.01887	0.01629	0.01715	0.01544	0.01972	0.01887	0.01201	0.04031	0.67241	0.03173	0.03087	0.02830	0.02315	0.01029	0.00772	0.00257	0.00600	0.00858	0.00772	0.01201
54	0.01103	0.00735	0.00827	0.00827	0.00827	0.00735	0.00460	0.01103	0.01103	0.01471	0.02390	0.04964	0.02758	0.73343	0.03861	0.00735	0.00735	0.01103	0.00460	0.00460
55	0.01548	0.03739	0.63032	0.02264	0.03350	0.01777	0.08998	0.02405	0.01620	0.02405	0.01378	0.01645	0.00980	0.00713	0.00738	0.00242	0.01136	0.00593	0.00327	0.01111
56	0.03164	0.01235	0.01671	0.01301	0.01834	0.01075	0.01058	0.03442	0.02103	0.62205	0.05637	0.02857	0.02150	0.05473	0.00961	0.00266	0.00639	0.00809	0.00905	0.01215
57	0.01153	0.00802	0.00986	0.00924	0.01147	0.00717	0.00699	0.01460	0.02031	0.06419	0.47602	0.05954	0.24041	0.01621	0.00888	0.00243	0.00381	0.01402	0.00804	0.00726
58	0.75529	0.01568	0.03922	0.01045	0.01542	0.01704	0.00903	0.02237	0.01304	0.03362	0.01069	0.01247	0.00827	0.00705	0.00480	0.00235	0.00609	0.00417	0.00463	0.00834

[dist]
# distance from previous block
# <min> <max>
0	2

[block]
# block no. 4 follows, 26 sequences, length 12
# corresponding to MSA columns:
# 527-538
name=unknown_E
#
# <colnr> <probs for GDERKNQSTAVLIFYWHMCP>
#	G	D	E	R	K	N	Q	S	T	A	V	L	I	F	Y	W	H	M	C	P
0	0.01705	0.02980	0.42818	0.08577	0.03286	0.01694	0.10534	0.02534	0.05791	0.07749	0.03967	0.01995	0.01365	0.00779	0.00759	0.00244	0.01034	0.00677	0.00426	0.01087
1	0.08695	0.11583	0.02264	0.01732	0.02192	0.41340	0.01366	0.11192	0.08341	0.02477	0.01414	0.01536	0.01131	0.00800	0.00661	0.00205	0.01096	0.00532	0.00473	0.00970
2	0.01447	0.01014	0.01225	0.01109	0.01361	0.01027	0.00849	0.02011	0.12105	0.09546	0.31548	0.04917	0.16724	0.05957	0.01148	0.00281	0.04935	0.01210	0.00756	0.00828
3	0.01948	0.01572	0.01839	0.07554	0.06388	0.01731	0.01311	0.07343	0.42060	0.07326	0.02801	0.02703	0.04495	0.00971	0.00757	0.00241	0.00660	0.00812	0.00694	0.06794
4	0.02005	0.43835	0.09261	0.01421	0.02008	0.08585	0.01369	0.08084	0.01784	0.02203	0.01505	0.07158	0.01388	0.00845	0.00593	0.00191	0.00833	0.00612	0.05358	0.00962
5	0.01877	0.01802	0.03079	0.04656	0.68612	0.01802	0.02328	0.02328	0.01727	0.02478	0.01427	0.01877	0.01201	0.00676	0.00751	0.00225	0.00901	0.00676	0.00375	0.01201
6	0.01182	0.00734	0.00812	0.00849	0.00983	0.00707	0.00606	0.01401	0.01501	0.02232	0.03672	0.12631	0.13895	0.17938	0.01453	0.00349	0.00488	0.06935	0.31004	0.00628
7	0.01074	0.00778	0.01082	0.01099	0.01189	0.00860	0.00794	0.01259	0.01209	0.01699	0.02327	0.09988	0.02417	0.23558	0.46048	0.01005	0.01536	0.01015	0.00448	0.00613
8	0.01631	0.01631	0.02393	0.02021	0.02079	0.02210	0.05793	0.01835	0.01206	0.01861	0.01096	0.01768	0.01063	0.01559	0.06689	0.00383	0.62919	0.00688	0.00340	0.00833
9	0.01414	0.00707	0.00707	0.00707	0.00884	0.00707	0.00530	0.01767	0.01591	0.02828	0.02474	0.02828	0.01944	0.00884	0.00530	0.00177	0.00353	0.00707	0.77554	0.00707
10	0.01087	0.00731	0.00841	0.00852	0.00864	0.00725	0.00492	0.01116	0.01182	0.01585	0.05782	0.10405	0.03155	0.64147	0.03484	0.00677	0.00693	0.01200	0.00498	0.00485
11	0.02146	0.01223	0.01387	0.01183	0.01570	0.05303	0.00930	0.04267	0.04594	0.28957	0.18786	0.06655	0.17145	0.01329	0.00824	0.00241	0.00566	0.01112	0.00812	0.00969

[dist]
# distance from previous block
# <min> <max>
0	12

[block]
# block no. 5 follows, 26 sequences, length 47
# corresponding to MSA columns:
# 551-597
name=unknown_F
#
# <colnr> <probs for GDERKNQSTAVLIFYWHMCP>
#	G	D	E	R	K	N	Q	S	T	A	V	L	I	F	Y	W	H	M	C	P
0	0.02028	0.73799	0.03975	0.01298	0.01947	0.03001	0.01298	0.02271	0.01541	0.01785	0.01055	0.01217	0.00973	0.00649	0.00487	0.00162	0.00811	0.00406	0.00324	0.00973
1	0.78701	0.01467	0.01115	0.00997	0.01467	0.01702	0.00821	0.02230	0.01291	0.03403	0.01056	0.01232	0.00821	0.00704	0.00469	0.00235	0.00587	0.00411	0.00469	0.00821
2	0.01566	0.00930	0.00961	0.00899	0.01139	0.00969	0.00688	0.08343	0.07558	0.02992	0.02714	0.05455	0.04427	0.00991	0.00604	0.00197	0.00428	0.00803	0.57533	0.00803
3	0.01083	0.00707	0.00914	0.00965	0.01035	0.00679	0.00655	0.01093	0.01328	0.01742	0.05940	0.23263	0.13498	0.14815	0.05186	0.22301	0.00621	0.03107	0.00547	0.00521
4	0.02770	0.02058	0.02216	0.01692	0.02304	0.02237	0.01395	0.60555	0.03395	0.04581	0.01780	0.01800	0.01276	0.00880	0.00742	0.00218	0.00811	0.00663	0.00732	0.07896
5	0.01838	0.01587	0.01669	0.01506	0.01926	0.01826	0.01170	0.03887	0.64048	0.03118	0.03311	0.03048	0.05532	0.01073	0.00778	0.00257	0.00590	0.00894	0.00769	0.01173
6	0.00926	0.00745	0.00826	0.00857	0.01056	0.00645	0.00623	0.01126	0.01722	0.02154	0.14826	0.21756	0.46133	0.01974	0.00912	0.00265	0.00393	0.01695	0.00721	0.00645
7	0.01795	0.02395	0.18498	0.08693	0.35769	0.08023	0.05429	0.02324	0.01723	0.02338	0.01692	0.02049	0.04375	0.00761	0.00752	0.00231	0.00998	0.00687	0.00377	0.01089
8	0.62803	0.01447	0.01281	0.05595	0.01778	0.01646	0.00950	0.02436	0.04013	0.10178	0.01358	0.01488	0.01003	0.00745	0.00531	0.00237	0.00621	0.00482	0.00522	0.00887
9	0.06575	0.02093	0.02220	0.01709	0.02309	0.02321	0.01411	0.62973	0.03455	0.04713	0.01784	0.01792	0.01267	0.00900	0.00745	0.00228	0.00823	0.00670	0.00745	0.01267
10	0.01389	0.00715	0.00746	0.00746	0.00920	0.00725	0.00562	0.01736	0.01562	0.02746	0.02440	0.02840	0.01940	0.01253	0.05891	0.00257	0.00482	0.00715	0.71630	0.00705
11	0.01706	0.01459	0.01550	0.01418	0.01799	0.01650	0.01094	0.03479	0.54706	0.02991	0.06147	0.07209	0.09083	0.01210	0.00800	0.00259	0.00561	0.01021	0.00764	0.01095
12	0.01252	0.00815	0.01071	0.00985	0.01195	0.00746	0.00746	0.01605	0.02149	0.08117	0.63203	0.05429	0.06752	0.01504	0.00884	0.00238	0.00380	0.01325	0.00843	0.00760
13	0.01074	0.00775	0.01014	0.00954	0.01133	0.00716	0.00716	0.01431	0.02147	0.03042	0.68211	0.05666	0.07157	0.01551	0.00895	0.00239	0.00358	0.01372	0.00835	0.00716
14	0.03728	0.01643	0.05929	0.29110	0.03752	0.01691	0.19463	0.02240	0.08153	0.02280	0.03467	0.02517	0.01530	0.00937	0.00961	0.03203	0.03861	0.04197	0.00429	0.00910
15	0.02028	0.73799	0.03975	0.01298	0.01947	0.03001	0.01298	0.02271	0.01541	0.01785	0.01055	0.01217	0.00973	0.00649	0.00487	0.00162	0.00811	0.00406	0.00324	0.00973
16	0.01094	0.00736	0.00843	0.00845	0.00861	0.00729	0.00488	0.01126	0.01194	0.01606	0.07386	0.07589	0.03173	0.65278	0.03529	0.00682	0.00696	0.01163	0.00497	0.00485
17	0.01826	0.01485	0.01594	0.01432	0.01837	0.01669	0.01113	0.03600	0.54334	0.06293	0.08142	0.03366	0.07711	0.01131	0.00790	0.00255	0.00568	0.00947	0.00779	0.01127
18	0.02028	0.73799	0.03975	0.01298	0.01947	0.03001	0.01298	0.02271	0.01541	0.01785	0.01055	0.01217	0.00973	0.00649	0.00487	0.00162	0.00811	0.00406	0.00324	0.00973
19	0.01103	0.00735	0.00827	0.00827	0.00827	0.00735	0.00460	0.01103	0.01103	0.01471	0.02390	0.04964	0.02758	0.73343	0.03861	0.00735	0.00735	0.01103	0.00460	0.00460
20	0.01414	0.00707	0.00707	0.00707	0.00884	0.00707	0.00530	0.01767	0.01591	0.02828	0.02474	0.02828	0.01944	0.00884	0.00530	0.00177	0.00353	0.00707	0.77554	0.00707
21	0.01103	0.00735	0.00827	0.00827	0.00827	0.00735	0.00460	0.01103	0.01103	0.01471	0.02390	0.04964	0.02758	0.73343	0.03861	0.00735	0.00735	0.01103	0.00460	0.00460
22	0.01724	0.01767	0.02314	0.01989	0.02011	0.06043	0.01649	0.01891	0.01216	0.01827	0.01005	0.01644	0.00995	0.01298	0.02390	0.00324	0.68092	0.00654	0.00335	0.00832
23	0.02923	0.02061	0.02237	0.01715	0.02320	0.02257	0.01417	0.61292	0.03459	0.09722	0.01911	0.01879	0.01335	0.00913	0.00759	0.00228	0.00820	0.00689	0.00773	0.01290
24	0.01084	0.00813	0.01219	0.01219	0.01354	0.00948	0.00948	0.01354	0.01219	0.01761	0.02032	0.02980	0.01896	0.05689	0.70337	0.01219	0.02032	0.00813	0.00406	0.00677
25	0.01103	0.00735	0.00827	0.00827	0.00827	0.00735	0.00460	0.01103	0.01103	0.01471	0.02390	0.04964	0.02758	0.73343	0.03861	0.00735	0.00735	0.01103	0.00460	0.00460
26	0.02883	0.02125	0.02276	0.01745	0.02352	0.02352	0.01442	0.66082	0.03566	0.04780	0.01821	0.01821	0.01290	0.00911	0.00759	0.00228	0.00835	0.00683	0.00759	0.01290
27	0.01086	0.00803	0.01172	0.01172	0.01292	0.00923	0.00890	0.01325	0.01205	0.01726	0.02074	0.03216	0.01999	0.13745	0.62421	0.01161	0.01877	0.00847	0.00413	0.00651
28	0.01222	0.00873	0.01222	0.01397	0.01572	0.00873	0.01222	0.01572	0.01746	0.02270	0.04016	0.08556	0.04365	0.02095	0.01048	0.00349	0.00698	0.63506	0.00698	0.00698
29	0.02028	0.73799	0.03975	0.01298	0.01947	0.03001	0.01298	0.02271	0.01541	0.01785	0.01055	0.01217	0.00973	0.00649	0.00487	0.00162	0.00811	0.00406	0.00324	0.00973
30	0.01543	0.06856	0.66667	0.02126	0.03227	0.01814	0.02739	0.02397	0.01599	0.02376	0.01348	0.01585	0.00961	0.00718	0.00711	0.00237	0.01108	0.00554	0.00320	0.01115
31	0.00924	0.00660	0.00880	0.01056	0.01100	0.00616	0.00704	0.01056	0.01452	0.01936	0.04181	0.72848	0.05017	0.02376	0.00968	0.00308	0.00440	0.02156	0.00704	0.00616
32	0.06175	0.01550	0.01838	0.18506	0.02681	0.01718	0.01370	0.30045	0.02464	0.03309	0.03045	0.03312	0.16121	0.01132	0.00785	0.00245	0.00759	0.03330	0.00626	0.00988
33	0.01613	0.06479	0.60275	0.02052	0.03082	0.01738	0.02586	0.02414	0.01632	0.05415	0.01556	0.01978	0.01173	0.00796	0.00729	0.00242	0.01066	0.03705	0.00368	0.01102
34	0.01725	0.05109	0.20998	0.02906	0.24986	0.06834	0.07716	0.02246	0.01691	0.02308	0.01781	0.06298	0.01624	0.00948	0.00839	0.00248	0.03300	0.06999	0.00409	0.01037
35	0.01147	0.00886	0.01147	0.01261	0.04567	0.00849	0.00935	0.01543	0.05115	0.02494	0.24828	0.11575	0.19062	0.01785	0.00932	0.00280	0.00508	0.19622	0.00731	0.00735
36	0.01699	0.08231	0.01981	0.01352	0.01900	0.01450	0.03426	0.08291	0.01716	0.02513	0.01538	0.05568	0.01373	0.01057	0.04668	0.00225	0.06676	0.00617	0.00468	0.45251
37	0.02391	0.01627	0.05975	0.01696	0.07222	0.01333	0.04217	0.09272	0.02016	0.26463	0.01998	0.02005	0.01407	0.00754	0.00693	0.00191	0.00712	0.00630	0.00640	0.28759
38	0.13126	0.54656	0.06699	0.04103	0.02087	0.04896	0.01341	0.02283	0.01527	0.02059	0.01086	0.01275	0.00952	0.00669	0.00513	0.00181	0.00820	0.00427	0.00348	0.00950
39	0.01477	0.03609	0.62578	0.02041	0.03068	0.01657	0.02594	0.02305	0.01656	0.02466	0.08042	0.02008	0.01580	0.00804	0.00738	0.00240	0.01045	0.00642	0.00372	0.01080
40	0.01928	0.02317	0.12918	0.03989	0.51633	0.09227	0.02305	0.02415	0.01754	0.02399	0.01389	0.01781	0.01141	0.00694	0.00739	0.00224	0.00985	0.00638	0.00369	0.01154
41	0.01568	0.01348	0.01599	0.03789	0.01927	0.01037	0.00945	0.01911	0.01571	0.02451	0.01348	0.01590	0.01119	0.00569	0.00569	0.00118	0.00579	0.00458	0.00445	0.75059
42	0.01048	0.00786	0.00996	0.01093	0.01262	0.00733	0.00867	0.01308	0.01728	0.02232	0.13071	0.21685	0.22740	0.02039	0.00969	0.00301	0.00513	0.25244	0.00718	0.00667
43	0.01798	0.40273	0.32330	0.01759	0.02617	0.02415	0.04894	0.02335	0.01579	0.02081	0.01209	0.01421	0.00976	0.00680	0.00607	0.00200	0.00967	0.00495	0.00325	0.01040
44	0.00958	0.00771	0.00854	0.00833	0.01063	0.00667	0.00625	0.01208	0.01875	0.02396	0.28849	0.06728	0.46923	0.01791	0.00896	0.00250	0.00375	0.01521	0.00750	0.00667
45	0.01782	0.01923	0.08792	0.14115	0.53695	0.01782	0.02338	0.02278	0.01686	0.02393	0.01410	0.01874	0.01153	0.00692	0.00749	0.00231	0.00936	0.00665	0.00365	0.01142
46	0.00936	0.00672	0.00906	0.01069	0.01120	0.00642	0.00723	0.01079	0.01434	0.01923	0.04016	0.67483	0.04777	0.02631	0.06295	0.00378	0.00562	0.02053	0.00681	0.00621

[dist]
# distance from previous block
# <min> <max>
0	2

[block]
# block no. 6 follows, 26 sequences, length 16
# corresponding to MSA columns:
# 600-615
name=unknown_G
#
# <colnr> <probs for GDERKNQSTAVLIFYWHMCP>
#	G	D	E	R	K	N	Q	S	T	A	V	L	I	F	Y	W	H	M	C	P
0	0.00960	0.00688	0.00912	0.01031	0.01108	0.00640	0.00707	0.01147	0.01620	0.02204	0.19673	0.56593	0.05535	0.02177	0.00950	0.00291	0.00420	0.01966	0.00736	0.00640
1	0.01446	0.01214	0.01438	0.01110	0.01661	0.00934	0.00861	0.01743	0.01549	0.02367	0.01901	0.15486	0.01883	0.00916	0.00641	0.00151	0.00538	0.00783	0.00499	0.62878
2	0.14832	0.01750	0.02040	0.01823	0.08444	0.01891	0.03983	0.34549	0.02587	0.08246	0.01793	0.01926	0.01321	0.01018	0.03248	0.00262	0.00807	0.00659	0.07700	0.01119
3	0.01700	0.00998	0.01033	0.00925	0.01181	0.01045	0.00713	0.14887	0.01972	0.03164	0.02337	0.02722	0.01848	0.04266	0.00732	0.00213	0.00470	0.00721	0.58259	0.00815
4	0.00930	0.00676	0.00877	0.01026	0.01095	0.00623	0.00694	0.01079	0.01513	0.02004	0.07836	0.63658	0.10606	0.02294	0.00958	0.00300	0.00431	0.02067	0.00711	0.00623
5	0.00985	0.00706	0.00956	0.01081	0.01144	0.00704	0.00751	0.01141	0.01386	0.01872	0.03582	0.49884	0.04162	0.09830	0.14791	0.00529	0.00790	0.04467	0.00622	0.00617
6	0.01510	0.01092	0.01767	0.01427	0.01784	0.00997	0.13472	0.01899	0.02040	0.11737	0.40588	0.04701	0.11148	0.01326	0.00877	0.00243	0.00579	0.01219	0.00748	0.00846
7	0.07361	0.01284	0.01384	0.01187	0.01552	0.01332	0.00948	0.23409	0.02420	0.03370	0.19877	0.04428	0.19582	0.01355	0.00807	0.00241	0.00557	0.03678	0.04330	0.00899
8	0.01078	0.00827	0.00993	0.01009	0.01204	0.00743	0.00723	0.03882	0.01699	0.02261	0.12062	0.39212	0.20271	0.01934	0.00894	0.00265	0.00445	0.01704	0.00697	0.08095
9	0.01057	0.01360	0.14239	0.01141	0.01503	0.00867	0.01066	0.01400	0.01716	0.02272	0.16651	0.21154	0.29290	0.01725	0.00878	0.00262	0.00536	0.01485	0.00653	0.00742
10	0.35189	0.01432	0.01476	0.01237	0.01743	0.01515	0.01007	0.03137	0.14498	0.28254	0.02186	0.02055	0.01513	0.00856	0.00640	0.00239	0.00612	0.00631	0.00706	0.01073
11	0.01496	0.00879	0.01119	0.01049	0.01317	0.00789	0.00823	0.01787	0.01961	0.15547	0.29354	0.09967	0.20017	0.01637	0.00893	0.00260	0.00467	0.09037	0.00800	0.00802
12	0.01687	0.01295	0.01753	0.01819	0.14715	0.01104	0.01171	0.02024	0.01708	0.08875	0.08299	0.09343	0.02263	0.00936	0.00703	0.00184	0.00608	0.02499	0.00551	0.38463
13	0.01026	0.00745	0.00943	0.00947	0.01087	0.00688	0.00676	0.01285	0.01857	0.02557	0.42127	0.20692	0.12153	0.08352	0.01183	0.00301	0.00413	0.01544	0.00759	0.00663
14	0.02195	0.59808	0.03643	0.01385	0.02026	0.02875	0.01326	0.14728	0.01937	0.02369	0.01204	0.01335	0.01035	0.00700	0.00540	0.00175	0.00816	0.00460	0.00409	0.01035
15	0.01120	0.00812	0.01004	0.00962	0.01114	0.00781	0.00691	0.01479	0.05152	0.02629	0.45792	0.05500	0.07779	0.18200	0.01581	0.00359	0.00469	0.03162	0.00736	0.00678

[dist]
# distance from previous block
# <min> <max>
0	4

[block]
# block no. 7 follows, 26 sequences, length 20
# corresponding to MSA columns:
# 620-639
name=unknown_H
#
# <colnr> <probs for GDERKNQSTAVLIFYWHMCP>
#	G	D	E	R	K	N	Q	S	T	A	V	L	I	F	Y	W	H	M	C	P
0	0.05630	0.01496	0.01763	0.01401	0.01906	0.01506	0.01139	0.26084	0.02604	0.29650	0.11108	0.05784	0.04309	0.01088	0.00780	0.00236	0.00659	0.00882	0.00825	0.01151
1	0.01577	0.01634	0.01321	0.01262	0.01492	0.22197	0.00932	0.01834	0.01999	0.02407	0.31690	0.15076	0.10684	0.01478	0.00841	0.00238	0.00685	0.01244	0.00665	0.00743
2	0.02748	0.01329	0.01700	0.01291	0.01896	0.01128	0.01053	0.03164	0.05826	0.44642	0.02490	0.02285	0.01670	0.00828	0.00701	0.00198	0.00617	0.00672	0.00778	0.24986
3	0.24978	0.00930	0.00958	0.01018	0.01216	0.00968	0.00741	0.01451	0.01446	0.02432	0.05537	0.39648	0.08437	0.03768	0.00889	0.00292	0.00495	0.03482	0.00629	0.00683
4	0.01289	0.00676	0.01009	0.01007	0.01025	0.00686	0.00686	0.01035	0.01050	0.01418	0.03784	0.02484	0.01577	0.02858	0.08662	0.68565	0.00766	0.00698	0.00354	0.00373
5	0.01715	0.01444	0.02311	0.06292	0.44972	0.01459	0.01763	0.02138	0.01676	0.02563	0.01747	0.02177	0.01423	0.00744	0.00683	0.00211	0.00737	0.00685	0.24226	0.01033
6	0.03044	0.01867	0.02117	0.01623	0.02224	0.01970	0.01341	0.46802	0.03135	0.24670	0.02183	0.02056	0.01472	0.00919	0.00760	0.00230	0.00776	0.00708	0.00814	0.01290
7	0.01978	0.01588	0.01790	0.01316	0.01969	0.01426	0.01067	0.21742	0.02189	0.03185	0.01494	0.01650	0.01175	0.00670	0.00623	0.00148	0.00646	0.00522	0.00545	0.54279
8	0.25084	0.01000	0.01111	0.01075	0.01294	0.01141	0.00822	0.01599	0.01235	0.02257	0.01798	0.02737	0.01697	0.14302	0.36479	0.00809	0.01336	0.00729	0.02803	0.00690
9	0.01282	0.00822	0.01063	0.01184	0.01359	0.00822	0.01008	0.01632	0.01698	0.02442	0.03540	0.06786	0.03617	0.01721	0.00888	0.00296	0.00592	0.44098	0.24450	0.00701
10	0.00979	0.00683	0.00864	0.00985	0.01016	0.00653	0.00629	0.01071	0.01344	0.01792	0.03627	0.51869	0.04319	0.24309	0.01862	0.00440	0.00531	0.01831	0.00629	0.00568
11	0.01613	0.01160	0.01292	0.01152	0.01369	0.01220	0.00822	0.21186	0.01961	0.02609	0.02823	0.13303	0.07273	0.33772	0.04693	0.00504	0.00748	0.01141	0.00601	0.00758
12	0.01728	0.23855	0.02979	0.26717	0.19228	0.02093	0.03593	0.02186	0.03770	0.02080	0.01583	0.01969	0.03680	0.00755	0.00682	0.00219	0.00892	0.00639	0.00372	0.00979
13	0.54713	0.01265	0.01147	0.01066	0.01432	0.01469	0.00861	0.01959	0.01269	0.02896	0.01358	0.01772	0.01154	0.02245	0.22062	0.00539	0.01033	0.00535	0.00450	0.00777
14	0.01801	0.01112	0.01386	0.01222	0.01410	0.01182	0.00901	0.21105	0.01785	0.02388	0.01473	0.02156	0.01309	0.02102	0.02283	0.53917	0.00713	0.00666	0.00462	0.00626
15	0.01880	0.01749	0.02657	0.03694	0.48017	0.01828	0.01979	0.02854	0.21974	0.02693	0.01940	0.02172	0.01546	0.00785	0.00757	0.00235	0.00808	0.00732	0.00498	0.01201
16	0.01427	0.01150	0.01790	0.49635	0.03883	0.01383	0.01619	0.01885	0.01540	0.02213	0.01696	0.02271	0.01299	0.00797	0.00688	0.00229	0.00808	0.00684	0.24201	0.00801
17	0.00924	0.00660	0.00880	0.01056	0.01100	0.00616	0.00704	0.01056	0.01452	0.01936	0.04181	0.72848	0.05017	0.02376	0.00968	0.00308	0.00440	0.02156	0.00704	0.00616
18	0.00987	0.00703	0.00917	0.01004	0.01085	0.00658	0.00685	0.01176	0.01635	0.02235	0.23805	0.45855	0.05471	0.08635	0.01211	0.00326	0.00442	0.01817	0.00722	0.00633
19	0.01521	0.03923	0.69413	0.02162	0.03283	0.01762	0.02802	0.02402	0.01601	0.02402	0.01361	0.01601	0.00961	0.00721	0.00721	0.00240	0.01121	0.00560	0.00320	0.01121

[dist]
# distance from previous block
# <min> <max>
3	18

[block]
# block no. 8 follows, 26 sequences, length 11
# corresponding to MSA columns:
# 658-668
name=unknown_I
#
# <colnr> <probs for GDERKNQSTAVLIFYWHMCP>
#	G	D	E	R	K	N	Q	S	T	A	V	L	I	F	Y	W	H	M	C	P
0	0.56336	0.01635	0.02092	0.01637	0.02193	0.01765	0.19733	0.02288	0.01436	0.03120	0.01195	0.01469	0.00917	0.00685	0.00593	0.00241	0.00788	0.00552	0.00444	0.00880
1	0.01432	0.01348	0.02275	0.71520	0.05224	0.01685	0.02107	0.01938	0.01517	0.01938	0.01348	0.02022	0.01011	0.00758	0.00758	0.00253	0.01011	0.00674	0.00337	0.00843
2	0.01514	0.02920	0.42556	0.25775	0.08027	0.01738	0.02537	0.02240	0.01581	0.02250	0.01361	0.01761	0.00993	0.00731	0.00735	0.00244	0.01070	0.00606	0.00329	0.01032
3	0.56364	0.01514	0.01289	0.01156	0.01614	0.01755	0.00932	0.02753	0.20469	0.03336	0.01647	0.01697	0.01256	0.00799	0.00557	0.00241	0.00591	0.00541	0.00557	0.00932
4	0.01376	0.01180	0.01339	0.01020	0.01573	0.00903	0.00805	0.01671	0.01618	0.02349	0.03191	0.03238	0.20659	0.00957	0.00659	0.00154	0.00510	0.00784	0.00524	0.55490
5	0.01103	0.00735	0.00827	0.00827	0.00827	0.00735	0.00460	0.01103	0.01103	0.01471	0.02390	0.04964	0.02758	0.73343	0.03861	0.00735	0.00735	0.01103	0.00460	0.00460
6	0.23541	0.00895	0.00948	0.01039	0.01207	0.00932	0.00738	0.01397	0.01405	0.02363	0.03272	0.52023	0.03797	0.01890	0.00823	0.00287	0.00483	0.01649	0.00636	0.00676
7	0.01669	0.24243	0.50384	0.01911	0.02894	0.02122	0.02365	0.02364	0.01584	0.02223	0.01272	0.01490	0.00964	0.00700	0.00653	0.00218	0.01031	0.00515	0.00321	0.01078
8	0.02293	0.01774	0.01901	0.01600	0.02095	0.01999	0.01275	0.24358	0.42965	0.07146	0.02667	0.02486	0.01956	0.00985	0.00767	0.00246	0.00679	0.00795	0.00776	0.01235
9	0.01184	0.01111	0.08531	0.01134	0.01396	0.00820	0.00960	0.01531	0.01886	0.05620	0.39309	0.24616	0.05616	0.01672	0.00891	0.00259	0.00479	0.01483	0.00745	0.00757
10	0.01414	0.00707	0.00707	0.00707	0.00884	0.00707	0.00530	0.01767	0.01591	0.02828	0.02474	0.02828	0.01944	0.00884	0.00530	0.00177	0.00353	0.00707	0.77554	0.00707

[dist]
# distance from previous block
# <min> <max>
0	7

[block]
# block no. 9 follows, 26 sequences, length 8
# corresponding to MSA columns:
# 676-683
name=unknown_J
#
# <colnr> <probs for GDERKNQSTAVLIFYWHMCP>
#	G	D	E	R	K	N	Q	S	T	A	V	L	I	F	Y	W	H	M	C	P
0	0.01574	0.01231	0.01283	0.01101	0.01477	0.01224	0.00871	0.23250	0.02355	0.02980	0.05685	0.05432	0.45453	0.01576	0.00850	0.00246	0.00538	0.01288	0.00723	0.00862
1	0.00936	0.00743	0.00810	0.00841	0.01021	0.00651	0.00594	0.01101	0.01619	0.02005	0.09347	0.19765	0.44846	0.10752	0.01274	0.00324	0.00437	0.01637	0.00681	0.00617
2	0.01091	0.00676	0.00821	0.00937	0.01026	0.00647	0.00645	0.01299	0.01499	0.02240	0.03599	0.48972	0.03969	0.01867	0.00819	0.00263	0.00411	0.01662	0.26908	0.00647
3	0.01318	0.00659	0.00988	0.00988	0.00988	0.00659	0.00659	0.00988	0.00988	0.01318	0.01318	0.02306	0.01318	0.02635	0.02964	0.77931	0.00659	0.00659	0.00329	0.00329
4	0.02020	0.01613	0.01813	0.01335	0.01987	0.01468	0.01084	0.23792	0.02253	0.03259	0.01509	0.01657	0.01180	0.00681	0.00629	0.00152	0.00655	0.00529	0.00555	0.51830
5	0.01089	0.00683	0.00814	0.00920	0.01022	0.00649	0.00637	0.01301	0.01516	0.02247	0.03813	0.44971	0.07833	0.01840	0.00814	0.00260	0.00407	0.01628	0.26909	0.00649
6	0.07806	0.02094	0.01854	0.01534	0.02047	0.24741	0.01217	0.03379	0.02110	0.42182	0.02254	0.02085	0.01506	0.00871	0.00718	0.00221	0.00888	0.00648	0.00723	0.01122
7	0.01691	0.01235	0.01444	0.01224	0.01549	0.01274	0.00963	0.23476	0.02631	0.03635	0.45573	0.04355	0.05156	0.01332	0.00848	0.00235	0.00520	0.01137	0.00809	0.00911

[dist]
