[name]
unknown

[dist]
# distance from previous block
# <min> <max>
23	47

[block]
# block no. 0 follows, 28 sequences, length 42
# corresponding to MSA columns:
# 54-95
name=unknown_A
#
# <colnr> <probs for GDERKNQSTAVLIFYWHMCP>
#	G	D	E	R	K	N	Q	S	T	A	V	L	I	F	Y	W	H	M	C	P
0	0.01598	0.01362	0.03302	0.04317	0.04503	0.05131	0.01100	0.06516	0.04685	0.04844	0.04795	0.09134	0.03845	0.05441	0.03909	0.00285	0.10995	0.00830	0.11160	0.12250
1	0.01533	0.00992	0.01220	0.04408	0.04872	0.01024	0.00878	0.04307	0.04434	0.06408	0.11963	0.02814	0.02387	0.00939	0.00735	0.00197	0.05219	0.00754	0.38201	0.06714
2	0.04916	0.01813	0.07343	0.08725	0.40282	0.05428	0.03901	0.02268	0.03670	0.06064	0.01846	0.04210	0.04752	0.00796	0.00722	0.00224	0.00850	0.00723	0.00424	0.01043
3	0.02335	0.02052	0.08584	0.04840	0.02310	0.04725	0.01427	0.43114	0.06140	0.03759	0.01732	0.01817	0.01265	0.00824	0.00693	0.00209	0.00792	0.00630	0.06160	0.06592
4	0.12122	0.02744	0.28541	0.01862	0.02497	0.12438	0.05192	0.08006	0.04343	0.02493	0.01297	0.01549	0.00999	0.00810	0.00926	0.00237	0.12017	0.00561	0.00394	0.00971
5	0.01304	0.01038	0.01459	0.03432	0.01594	0.03125	0.05654	0.01582	0.01423	0.04155	0.09741	0.06853	0.02410	0.07582	0.28094	0.00618	0.07002	0.00882	0.07359	0.04692
6	0.01633	0.01702	0.05731	0.09088	0.05901	0.01585	0.40000	0.02136	0.01667	0.05991	0.04692	0.08497	0.03768	0.00882	0.00881	0.00248	0.03282	0.00948	0.00442	0.00926
7	0.01682	0.01390	0.01440	0.01301	0.01673	0.03567	0.01008	0.03113	0.45840	0.06492	0.07442	0.03666	0.15941	0.01173	0.00767	0.00242	0.00545	0.00976	0.00728	0.01013
8	0.01458	0.03760	0.70688	0.02072	0.03146	0.01688	0.02686	0.02302	0.01535	0.02302	0.01304	0.01535	0.00921	0.00691	0.00691	0.00230	0.01074	0.00537	0.00307	0.01074
9	0.01373	0.01292	0.02180	0.72707	0.05006	0.01615	0.02019	0.01857	0.01453	0.01857	0.01292	0.01938	0.00969	0.00727	0.00727	0.00242	0.00969	0.00646	0.00323	0.00807
10	0.69948	0.03765	0.01233	0.01031	0.01486	0.05831	0.00848	0.02233	0.01323	0.05477	0.01084	0.01233	0.00836	0.00685	0.00472	0.00221	0.00616	0.00410	0.00457	0.00811
11	0.01024	0.00834	0.01078	0.01105	0.01186	0.00898	0.00807	0.01180	0.01433	0.01926	0.09334	0.40659	0.16155	0.04609	0.01271	0.00300	0.13341	0.01616	0.00613	0.00633
12	0.01611	0.07534	0.35040	0.02273	0.06413	0.01762	0.18630	0.05584	0.04060	0.02384	0.01605	0.06863	0.01320	0.00797	0.00740	0.00233	0.01004	0.00739	0.00388	0.01022
13	0.01057	0.00705	0.00793	0.00793	0.00793	0.00705	0.00440	0.01057	0.01057	0.01409	0.02290	0.04757	0.02643	0.74454	0.03700	0.00705	0.00705	0.01057	0.00440	0.00440
14	0.01850	0.41379	0.23881	0.01674	0.02438	0.02382	0.06882	0.07893	0.01682	0.02186	0.01199	0.01390	0.00969	0.00664	0.00587	0.00191	0.00904	0.00493	0.00350	0.01006
15	0.01704	0.01282	0.01432	0.01256	0.01635	0.01355	0.00979	0.05187	0.35674	0.09132	0.17398	0.03554	0.09257	0.01132	0.00762	0.00231	0.00516	0.00954	0.00742	0.05819
16	0.76490	0.01499	0.03829	0.01000	0.01475	0.01633	0.00863	0.02143	0.01249	0.03223	0.01024	0.01195	0.00793	0.00675	0.00459	0.00225	0.00583	0.00399	0.00444	0.00799
17	0.11656	0.47939	0.15456	0.01382	0.02053	0.04897	0.01448	0.02263	0.01497	0.04165	0.01126	0.01281	0.00940	0.00654	0.00520	0.00181	0.00818	0.00430	0.00348	0.00947
18	0.02156	0.01602	0.01741	0.01489	0.01948	0.01791	0.01180	0.14742	0.48979	0.11854	0.02739	0.02516	0.01997	0.00956	0.00736	0.00239	0.00619	0.00782	0.00758	0.01176
19	0.01057	0.00705	0.00793	0.00793	0.00793	0.00705	0.00440	0.01057	0.01057	0.01409	0.02290	0.04757	0.02643	0.74454	0.03700	0.00705	0.00705	0.01057	0.00440	0.00440
20	0.01055	0.00713	0.00834	0.00834	0.00848	0.00727	0.00492	0.01084	0.01069	0.01440	0.02253	0.04548	0.02552	0.66859	0.11170	0.00756	0.00841	0.01026	0.00435	0.00463
21	0.01373	0.01292	0.02180	0.72707	0.05006	0.01615	0.02019	0.01857	0.01453	0.01857	0.01292	0.01938	0.00969	0.00727	0.00727	0.00242	0.00969	0.00646	0.00323	0.00807
22	0.01676	0.01831	0.08382	0.08407	0.02531	0.02085	0.08853	0.07634	0.01448	0.02118	0.01141	0.01671	0.00994	0.01066	0.01777	0.00287	0.46207	0.00654	0.00359	0.00879
23	0.01458	0.03760	0.70688	0.02072	0.03146	0.01688	0.02686	0.02302	0.01535	0.02302	0.01304	0.01535	0.00921	0.00691	0.00691	0.00230	0.01074	0.00537	0.00307	0.01074
24	0.02763	0.02036	0.02182	0.01672	0.02254	0.02254	0.01382	0.67496	0.03418	0.04581	0.01745	0.01745	0.01236	0.00873	0.00727	0.00218	0.00800	0.00654	0.00727	0.01236
25	0.03124	0.01251	0.01667	0.01287	0.01822	0.01110	0.01052	0.06676	0.02097	0.63555	0.02781	0.02553	0.01814	0.04640	0.00882	0.00249	0.00632	0.00744	0.00868	0.01196
26	0.01627	0.01418	0.01657	0.09804	0.05863	0.01610	0.01230	0.03144	0.47325	0.02761	0.06750	0.03115	0.08461	0.01044	0.00755	0.00243	0.00605	0.00884	0.00668	0.01036
27	0.66333	0.01376	0.01176	0.01015	0.01484	0.01533	0.00836	0.02381	0.01384	0.14925	0.01334	0.01405	0.00963	0.00714	0.00499	0.00225	0.00572	0.00452	0.00528	0.00865
28	0.01373	0.01292	0.02180	0.72707	0.05006	0.01615	0.02019	0.01857	0.01453	0.01857	0.01292	0.01938	0.00969	0.00727	0.00727	0.00242	0.00969	0.00646	0.00323	0.00807
29	0.01943	0.74891	0.03809	0.01244	0.01866	0.02876	0.01244	0.02177	0.01477	0.01710	0.01011	0.01166	0.00933	0.00622	0.00466	0.00155	0.00777	0.00389	0.00311	0.00933
30	0.00886	0.00633	0.00843	0.01012	0.01054	0.00590	0.00675	0.01012	0.01392	0.01856	0.04006	0.73979	0.04808	0.02277	0.00928	0.00295	0.00422	0.02066	0.00675	0.00590
31	0.72678	0.01390	0.01124	0.00986	0.01446	0.01580	0.00813	0.02264	0.01313	0.09342	0.01180	0.01298	0.00879	0.00695	0.00475	0.00225	0.00567	0.00424	0.00491	0.00828
32	0.01014	0.00742	0.00951	0.00899	0.01077	0.00680	0.00674	0.01343	0.02023	0.02832	0.64097	0.05567	0.12350	0.01517	0.00857	0.00230	0.00345	0.01334	0.00789	0.00680
33	0.00886	0.00633	0.00843	0.01012	0.01054	0.00590	0.00675	0.01012	0.01392	0.01856	0.04006	0.73979	0.04808	0.02277	0.00928	0.00295	0.00422	0.02066	0.00675	0.00590
34	0.03047	0.01582	0.01900	0.01457	0.02028	0.01580	0.01203	0.31124	0.02657	0.42027	0.02384	0.02160	0.01556	0.00888	0.00729	0.00222	0.00697	0.00698	0.00825	0.01237
35	0.07366	0.01226	0.01624	0.01259	0.01799	0.01084	0.01037	0.03376	0.02033	0.63966	0.05496	0.02524	0.01951	0.00911	0.00721	0.00225	0.00604	0.00736	0.00871	0.01190
36	0.02919	0.01504	0.01818	0.01424	0.01971	0.01501	0.01167	0.21281	0.11831	0.42706	0.02570	0.02306	0.01703	0.00904	0.00731	0.00226	0.00663	0.00723	0.00829	0.01225
37	0.00919	0.00691	0.00904	0.01033	0.01091	0.00676	0.00710	0.01052	0.01402	0.01860	0.04155	0.64232	0.10480	0.02187	0.00996	0.00292	0.04116	0.01945	0.00657	0.00603
38	0.01173	0.00994	0.01599	0.01442	0.01613	0.01164	0.07314	0.01453	0.01213	0.01756	0.01776	0.02611	0.01640	0.04463	0.56101	0.00973	0.10869	0.00768	0.00378	0.00699
39	0.01698	0.01624	0.02768	0.20670	0.54502	0.01700	0.02180	0.02142	0.01607	0.02252	0.01349	0.01832	0.01108	0.00666	0.00721	0.00222	0.00889	0.00647	0.00351	0.01070
40	0.01730	0.01805	0.02919	0.25982	0.27481	0.08387	0.16807	0.02196	0.01642	0.02140	0.01343	0.01834	0.01061	0.00675	0.00747	0.00228	0.01022	0.00678	0.00351	0.00972
41	0.06071	0.01884	0.02127	0.01900	0.09397	0.02068	0.01405	0.47189	0.11075	0.06701	0.01865	0.01873	0.01349	0.00855	0.00715	0.00222	0.00761	0.00665	0.00684	0.01196

[dist]
# distance from previous block
# <min> <max>
0	1

[block]
# block no. 1 follows, 28 sequences, length 50
# corresponding to MSA columns:
# 97-146
name=unknown_B
#
# <colnr> <probs for GDERKNQSTAVLIFYWHMCP>
#	G	D	E	R	K	N	Q	S	T	A	V	L	I	F	Y	W	H	M	C	P
0	0.04986	0.02271	0.02344	0.05724	0.29153	0.26567	0.01710	0.02602	0.05859	0.06103	0.01427	0.01693	0.01147	0.00755	0.00774	0.00215	0.04660	0.00589	0.00419	0.01001
1	0.57421	0.09236	0.01610	0.01165	0.01635	0.05314	0.03788	0.02159	0.01334	0.02883	0.01050	0.01251	0.00844	0.00685	0.00554	0.00214	0.03266	0.00428	0.00422	0.04740
2	0.02090	0.02213	0.12514	0.06927	0.11451	0.05175	0.13300	0.25893	0.04909	0.03093	0.01543	0.01784	0.01153	0.00777	0.00808	0.00230	0.03882	0.00669	0.00498	0.01090
3	0.00892	0.00637	0.00849	0.01008	0.01056	0.00595	0.00675	0.01028	0.01420	0.01901	0.06840	0.71015	0.04896	0.02243	0.00925	0.00292	0.00418	0.02034	0.00680	0.00595
4	0.01373	0.01292	0.02180	0.72707	0.05006	0.01615	0.02019	0.01857	0.01453	0.01857	0.01292	0.01938	0.00969	0.00727	0.00727	0.00242	0.00969	0.00646	0.00323	0.00807
5	0.01022	0.00743	0.00962	0.00907	0.01082	0.00683	0.00680	0.01358	0.02041	0.02876	0.67014	0.05493	0.09404	0.01500	0.00857	0.00229	0.00344	0.01323	0.00795	0.00683
6	0.00884	0.00641	0.00835	0.00990	0.01049	0.00592	0.00665	0.01015	0.01413	0.01864	0.04271	0.68709	0.09908	0.02243	0.00922	0.00291	0.00418	0.02025	0.00675	0.00592
7	0.01943	0.74891	0.03809	0.01244	0.01866	0.02876	0.01244	0.02177	0.01477	0.01710	0.01011	0.01166	0.00933	0.00622	0.00466	0.00155	0.00777	0.00389	0.00311	0.00933
8	0.03164	0.01216	0.01656	0.01277	0.01822	0.01052	0.01052	0.03448	0.02080	0.67490	0.05764	0.02603	0.02019	0.00925	0.00736	0.00225	0.00607	0.00756	0.00895	0.01213
9	0.01100	0.00786	0.01089	0.01257	0.01393	0.00775	0.01047	0.01382	0.01603	0.02095	0.03888	0.24674	0.04340	0.02075	0.00985	0.00325	0.00607	0.49259	0.00671	0.00650
10	0.01355	0.00678	0.00678	0.00678	0.00847	0.00678	0.00508	0.01694	0.01524	0.02710	0.02371	0.02710	0.01863	0.00847	0.00508	0.00169	0.00339	0.00678	0.78489	0.00678
11	0.79588	0.01406	0.01068	0.00956	0.01406	0.01631	0.00787	0.02137	0.01237	0.03261	0.01012	0.01181	0.00787	0.00675	0.00450	0.00225	0.00562	0.00394	0.00450	0.00787
12	0.01355	0.00678	0.00678	0.00678	0.00847	0.00678	0.00508	0.01694	0.01524	0.02710	0.02371	0.02710	0.01863	0.00847	0.00508	0.00169	0.00339	0.00678	0.78489	0.00678
13	0.79588	0.01406	0.01068	0.00956	0.01406	0.01631	0.00787	0.02137	0.01237	0.03261	0.01012	0.01181	0.00787	0.00675	0.00450	0.00225	0.00562	0.00394	0.00450	0.00787
14	0.00881	0.00737	0.00767	0.00760	0.00995	0.00623	0.00570	0.01086	0.01709	0.02088	0.15485	0.06791	0.61426	0.01795	0.00859	0.00243	0.00365	0.01505	0.00691	0.00623
15	0.01373	0.01292	0.02180	0.72707	0.05006	0.01615	0.02019	0.01857	0.01453	0.01857	0.01292	0.01938	0.00969	0.00727	0.00727	0.00242	0.00969	0.00646	0.00323	0.00807
16	0.02763	0.02036	0.02182	0.01672	0.02254	0.02254	0.01382	0.67496	0.03418	0.04581	0.01745	0.01745	0.01236	0.00873	0.00727	0.00218	0.00800	0.00654	0.00727	0.01236
17	0.00918	0.00641	0.00826	0.00974	0.01036	0.00598	0.00657	0.01063	0.01415	0.01923	0.04057	0.65441	0.07852	0.02152	0.00894	0.00284	0.00413	0.01939	0.06321	0.00598
18	0.01373	0.01292	0.02180	0.72707	0.05006	0.01615	0.02019	0.01857	0.01453	0.01857	0.01292	0.01938	0.00969	0.00727	0.00727	0.00242	0.00969	0.00646	0.00323	0.00807
19	0.01038	0.00779	0.01168	0.01168	0.01298	0.00909	0.00909	0.01298	0.01168	0.01687	0.01947	0.02856	0.01817	0.05452	0.71573	0.01168	0.01947	0.00779	0.00389	0.00649
20	0.00886	0.00633	0.00843	0.01012	0.01054	0.00590	0.00675	0.01012	0.01392	0.01856	0.04006	0.73979	0.04808	0.02277	0.00928	0.00295	0.00422	0.02066	0.00675	0.00590
21	0.01917	0.01008	0.01328	0.01193	0.03670	0.00921	0.00896	0.05200	0.02066	0.27018	0.33945	0.06460	0.08775	0.01271	0.00804	0.00230	0.00484	0.01093	0.00805	0.00916
22	0.04834	0.03658	0.67679	0.02024	0.03071	0.01686	0.02604	0.02295	0.01522	0.02343	0.01292	0.01519	0.00915	0.00690	0.00680	0.00230	0.01052	0.00531	0.00313	0.01062
23	0.03162	0.01396	0.01785	0.01369	0.01935	0.01304	0.01131	0.16249	0.02346	0.57341	0.02645	0.02329	0.01687	0.00894	0.00730	0.00224	0.00655	0.00716	0.00865	0.01237
24	0.11023	0.17030	0.30964	0.02253	0.14955	0.04671	0.05027	0.02269	0.01539	0.02294	0.01224	0.01479	0.00959	0.00666	0.00629	0.00211	0.00932	0.00523	0.00340	0.01013
25	0.03261	0.01237	0.01687	0.01293	0.01856	0.01068	0.01068	0.03543	0.02081	0.70423	0.02868	0.02474	0.01799	0.00900	0.00731	0.00225	0.00619	0.00731	0.00900	0.01237
26	0.01943	0.74891	0.03809	0.01244	0.01866	0.02876	0.01244	0.02177	0.01477	0.01710	0.01011	0.01166	0.00933	0.00622	0.00466	0.00155	0.00777	0.00389	0.00311	0.00933
27	0.01057	0.00705	0.00793	0.00793	0.00793	0.00705	0.00440	0.01057	0.01057	0.01409	0.02290	0.04757	0.02643	0.74454	0.03700	0.00705	0.00705	0.01057	0.00440	0.00440
28	0.01029	0.00743	0.00972	0.00914	0.01086	0.00686	0.00686	0.01372	0.02058	0.02915	0.69536	0.05430	0.06859	0.01486	0.00857	0.00229	0.00343	0.01315	0.00800	0.00686
29	0.01246	0.00748	0.01004	0.01064	0.01205	0.00693	0.00779	0.01425	0.01578	0.10449	0.11604	0.43959	0.06387	0.01979	0.00985	0.03677	0.00474	0.09365	0.00701	0.00680
30	0.03261	0.01237	0.01687	0.01293	0.01856	0.01068	0.01068	0.03543	0.02081	0.70423	0.02868	0.02474	0.01799	0.00900	0.00731	0.00225	0.00619	0.00731	0.00900	0.01237
31	0.02715	0.03464	0.02060	0.01873	0.02247	0.71536	0.01404	0.02903	0.02060	0.01779	0.01124	0.01311	0.00936	0.00749	0.00655	0.00187	0.01311	0.00468	0.00375	0.00843
32	0.01943	0.74891	0.03809	0.01244	0.01866	0.02876	0.01244	0.02177	0.01477	0.01710	0.01011	0.01166	0.00933	0.00622	0.00466	0.00155	0.00777	0.00389	0.00311	0.00933
33	0.17151	0.01268	0.01574	0.01232	0.01774	0.01171	0.01017	0.03287	0.01927	0.58201	0.02530	0.02239	0.01615	0.00859	0.00680	0.00225	0.00608	0.00670	0.00818	0.01155
34	0.02670	0.07647	0.02162	0.01836	0.02225	0.67515	0.01395	0.02860	0.02026	0.01775	0.01117	0.01302	0.00936	0.00742	0.00644	0.00185	0.01280	0.00464	0.00371	0.00848
35	0.01655	0.38110	0.27592	0.01502	0.02244	0.02133	0.01691	0.02125	0.01557	0.02077	0.07896	0.01738	0.01521	0.00728	0.00590	0.00187	0.00830	0.00536	0.00364	0.04926
36	0.02132	0.23260	0.21101	0.01580	0.02249	0.09263	0.01604	0.12478	0.01904	0.10946	0.01524	0.01746	0.01186	0.05051	0.00810	0.00230	0.00893	0.00561	0.00462	0.01018
37	0.01759	0.01772	0.01617	0.01481	0.01701	0.21579	0.01155	0.04749	0.05660	0.02025	0.01646	0.02140	0.01431	0.02523	0.25979	0.00558	0.12793	0.00654	0.07993	0.00786
38	0.16416	0.01414	0.01962	0.55689	0.04189	0.04851	0.01754	0.01959	0.01440	0.02123	0.01231	0.01764	0.00933	0.00718	0.00670	0.00236	0.00907	0.00589	0.00350	0.00805
39	0.24766	0.06977	0.08062	0.23334	0.08610	0.01826	0.01577	0.12271	0.01722	0.02769	0.01267	0.01582	0.00966	0.00717	0.00623	0.00224	0.00809	0.00545	0.00424	0.00930
40	0.01077	0.00825	0.00998	0.00950	0.01153	0.00790	0.00713	0.01566	0.09129	0.02713	0.48481	0.08849	0.16942	0.01532	0.00848	0.00237	0.00376	0.01337	0.00766	0.00719
41	0.00869	0.00737	0.00750	0.00747	0.00988	0.00618	0.00560	0.01062	0.01680	0.02019	0.11004	0.06904	0.65949	0.01820	0.00859	0.00244	0.00367	0.01521	0.00682	0.00618
42	0.01426	0.00969	0.01166	0.01114	0.01344	0.00983	0.00831	0.04824	0.15367	0.08530	0.22913	0.26323	0.04326	0.01529	0.00822	0.00250	0.00459	0.01345	0.04658	0.00821
43	0.30564	0.12043	0.18022	0.04211	0.07580	0.01863	0.01526	0.09085	0.01644	0.05604	0.01272	0.01450	0.00963	0.00701	0.00580	0.00216	0.00777	0.00497	0.00433	0.00969
44	0.02715	0.03464	0.02060	0.01873	0.02247	0.71536	0.01404	0.02903	0.02060	0.01779	0.01124	0.01311	0.00936	0.00749	0.00655	0.00187	0.01311	0.00468	0.00375	0.00843
45	0.00886	0.00633	0.00843	0.01012	0.01054	0.00590	0.00675	0.01012	0.01392	0.01856	0.04006	0.73979	0.04808	0.02277	0.00928	0.00295	0.00422	0.02066	0.00675	0.00590
46	0.02651	0.01982	0.05690	0.01966	0.10097	0.02007	0.01505	0.48148	0.02941	0.12919	0.01827	0.01837	0.01285	0.00841	0.00725	0.00219	0.00797	0.00658	0.00686	0.01218
47	0.01816	0.01634	0.02823	0.26760	0.16683	0.01736	0.18814	0.08877	0.04901	0.06425	0.01568	0.01965	0.01173	0.00719	0.00760	0.00235	0.00959	0.00715	0.00436	0.01003
48	0.04553	0.00853	0.01084	0.01110	0.05150	0.00794	0.00775	0.01504	0.01924	0.06153	0.47461	0.05179	0.17846	0.01439	0.00826	0.00231	0.00402	0.01247	0.00741	0.00732
49	0.05010	0.08845	0.25054	0.01566	0.02248	0.01679	0.01625	0.17708	0.02066	0.09795	0.08590	0.05161	0.01861	0.00890	0.00693	0.00216	0.00786	0.00706	0.00545	0.04957

[dist]
# distance from previous block
# <min> <max>
0	7

[block]
# block no. 2 follows, 28 sequences, length 39
# corresponding to MSA columns:
# 154-192
name=unknown_C
#
# <colnr> <probs for GDERKNQSTAVLIFYWHMCP>
#	G	D	E	R	K	N	Q	S	T	A	V	L	I	F	Y	W	H	M	C	P
0	0.07951	0.32473	0.28860	0.05207	0.02507	0.04971	0.01808	0.04836	0.01579	0.02183	0.01171	0.01376	0.00931	0.00673	0.00582	0.00198	0.00905	0.00472	0.00340	0.00977
1	0.14315	0.08128	0.37489	0.02018	0.09455	0.04410	0.02028	0.07524	0.03759	0.02607	0.01322	0.01523	0.00990	0.00705	0.00642	0.00220	0.00920	0.00530	0.00385	0.01032
2	0.14441	0.01583	0.05000	0.32369	0.20495	0.01676	0.01805	0.07244	0.01631	0.02473	0.01302	0.01731	0.01009	0.00701	0.00671	0.00225	0.00850	0.00593	0.00389	0.03811
3	0.01389	0.01309	0.02210	0.70065	0.07519	0.01619	0.02027	0.01872	0.01461	0.01877	0.01295	0.01933	0.00976	0.00724	0.00726	0.00241	0.00965	0.00646	0.00324	0.00821
4	0.01263	0.00631	0.00947	0.00947	0.00947	0.00631	0.00631	0.00947	0.00947	0.01263	0.01263	0.02210	0.01263	0.02525	0.02841	0.78851	0.00631	0.00631	0.00316	0.00316
5	0.01261	0.01309	0.11145	0.01426	0.07069	0.00981	0.01143	0.01745	0.05448	0.05116	0.37609	0.10499	0.07835	0.01357	0.00822	0.00238	0.00530	0.02981	0.00673	0.00812
6	0.01029	0.00743	0.00972	0.00914	0.01086	0.00686	0.00686	0.01372	0.02058	0.02915	0.69536	0.05430	0.06859	0.01486	0.00857	0.00229	0.00343	0.01315	0.00800	0.00686
7	0.02026	0.01869	0.01781	0.01629	0.04184	0.11785	0.01229	0.11998	0.45560	0.03000	0.02660	0.02526	0.04580	0.00960	0.00730	0.00233	0.00711	0.00772	0.00671	0.01096
8	0.01697	0.01704	0.02101	0.01823	0.01890	0.08192	0.01491	0.05335	0.01342	0.01913	0.01250	0.07231	0.01269	0.01283	0.02030	0.00299	0.57234	0.00734	0.00373	0.00807
9	0.01365	0.04773	0.01236	0.01123	0.01303	0.04804	0.00838	0.06639	0.06292	0.02193	0.02958	0.27491	0.03173	0.14266	0.01308	0.00336	0.00601	0.09699	0.08898	0.00704
10	0.01547	0.30805	0.20367	0.01386	0.02018	0.01836	0.01452	0.01939	0.01506	0.02031	0.04366	0.13241	0.01814	0.00930	0.00626	0.00194	0.00746	0.00742	0.00405	0.12050
11	0.03261	0.01237	0.01687	0.01293	0.01856	0.01068	0.01068	0.03543	0.02081	0.70423	0.02868	0.02474	0.01799	0.00900	0.00731	0.00225	0.00619	0.00731	0.00900	0.01237
12	0.02586	0.03192	0.02000	0.01816	0.02196	0.61567	0.01368	0.03040	0.11573	0.01959	0.01386	0.01511	0.01120	0.00783	0.00667	0.00196	0.01206	0.00519	0.00427	0.00887
13	0.01508	0.01398	0.02305	0.58310	0.15359	0.01663	0.02023	0.05037	0.01579	0.02070	0.01326	0.01906	0.01011	0.00721	0.00726	0.00237	0.00944	0.00647	0.00348	0.00883
14	0.01278	0.00788	0.01015	0.00960	0.01170	0.00711	0.00718	0.01556	0.01895	0.11538	0.41710	0.17276	0.13397	0.01590	0.00853	0.00242	0.00396	0.01396	0.00776	0.00733
15	0.01062	0.00758	0.01046	0.01214	0.01333	0.00742	0.00981	0.01317	0.01565	0.02053	0.03909	0.33416	0.04423	0.02111	0.00975	0.00320	0.00574	0.40892	0.00671	0.00639
16	0.01939	0.01304	0.01475	0.01293	0.01693	0.01373	0.01025	0.06486	0.33259	0.17147	0.07218	0.03727	0.13313	0.01179	0.00776	0.00244	0.00555	0.04195	0.00762	0.01037
17	0.01543	0.16186	0.59004	0.01927	0.02922	0.01896	0.02434	0.02280	0.01525	0.02199	0.01253	0.01470	0.00923	0.00679	0.00651	0.00217	0.01022	0.00511	0.00308	0.01050
18	0.01314	0.00813	0.01037	0.15262	0.01731	0.00892	0.00852	0.01661	0.01455	0.02382	0.02106	0.02646	0.01707	0.04039	0.08151	0.00309	0.00649	0.00696	0.51606	0.00692
19	0.01054	0.00774	0.01143	0.01143	0.01275	0.00897	0.00888	0.01318	0.01186	0.01739	0.01969	0.02848	0.01820	0.05218	0.67965	0.01118	0.01865	0.00774	0.04355	0.00650
20	0.00960	0.00691	0.00922	0.01057	0.01147	0.00653	0.00773	0.01157	0.01538	0.02051	0.11947	0.50065	0.07206	0.02113	0.00932	0.00293	0.00461	0.14728	0.00689	0.00619
21	0.01564	0.01772	0.07831	0.18308	0.13819	0.04455	0.24432	0.02076	0.01704	0.02301	0.12380	0.02433	0.01990	0.00796	0.00786	0.00234	0.00962	0.00812	0.00422	0.00922
22	0.07180	0.01440	0.02313	0.38435	0.26072	0.01604	0.01916	0.02155	0.01563	0.08385	0.01441	0.01888	0.01093	0.00713	0.00705	0.00231	0.00873	0.00637	0.00397	0.00960
23	0.02001	0.63270	0.07399	0.01343	0.01978	0.05283	0.01340	0.06692	0.01635	0.01943	0.01082	0.01232	0.00953	0.00648	0.00504	0.00165	0.00815	0.00418	0.00342	0.00958
24	0.01039	0.00722	0.00910	0.00922	0.00964	0.00759	0.00599	0.01127	0.01114	0.01525	0.02306	0.09032	0.02544	0.48461	0.24097	0.00817	0.01062	0.01043	0.00441	0.00514
25	0.01055	0.00714	0.00839	0.00839	0.00855	0.00730	0.00498	0.01087	0.01071	0.01444	0.02248	0.04521	0.02540	0.65900	0.12113	0.00762	0.00859	0.01023	0.00434	0.00466
26	0.01943	0.74891	0.03809	0.01244	0.01866	0.02876	0.01244	0.02177	0.01477	0.01710	0.01011	0.01166	0.00933	0.00622	0.00466	0.00155	0.00777	0.00389	0.00311	0.00933
27	0.00986	0.00686	0.00867	0.00962	0.01003	0.00671	0.00638	0.01087	0.01276	0.01702	0.03228	0.37657	0.03770	0.30855	0.05025	0.00497	0.00621	0.07359	0.00570	0.00541
28	0.00876	0.00737	0.00760	0.00754	0.00992	0.00621	0.00566	0.01077	0.01697	0.02060	0.13668	0.06837	0.63260	0.01805	0.00859	0.00244	0.00366	0.01512	0.00688	0.00621
29	0.01943	0.74891	0.03809	0.01244	0.01866	0.02876	0.01244	0.02177	0.01477	0.01710	0.01011	0.01166	0.00933	0.00622	0.00466	0.00155	0.00777	0.00389	0.00311	0.00933
30	0.00952	0.00736	0.00868	0.00845	0.01041	0.00652	0.00630	0.01220	0.01863	0.02475	0.40931	0.08988	0.32843	0.01667	0.00861	0.00238	0.00357	0.01438	0.00743	0.00652
31	0.01943	0.74891	0.03809	0.01244	0.01866	0.02876	0.01244	0.02177	0.01477	0.01710	0.01011	0.01166	0.00933	0.00622	0.00466	0.00155	0.00777	0.00389	0.00311	0.00933
32	0.02763	0.02036	0.02182	0.01672	0.02254	0.02254	0.01382	0.67496	0.03418	0.04581	0.01745	0.01745	0.01236	0.00873	0.00727	0.00218	0.00800	0.00654	0.00727	0.01236
33	0.01057	0.00705	0.00793	0.00793	0.00793	0.00705	0.00440	0.01057	0.01057	0.01409	0.02290	0.04757	0.02643	0.74454	0.03700	0.00705	0.00705	0.01057	0.00440	0.00440
34	0.79588	0.01406	0.01068	0.00956	0.01406	0.01631	0.00787	0.02137	0.01237	0.03261	0.01012	0.01181	0.00787	0.00675	0.00450	0.00225	0.00562	0.00394	0.00450	0.00787
35	0.02763	0.02036	0.02182	0.01672	0.02254	0.02254	0.01382	0.67496	0.03418	0.04581	0.01745	0.01745	0.01236	0.00873	0.00727	0.00218	0.00800	0.00654	0.00727	0.01236
36	0.13024	0.52781	0.11053	0.01328	0.01966	0.05824	0.01353	0.02220	0.01477	0.02004	0.01050	0.01218	0.00911	0.00643	0.00499	0.00176	0.00806	0.00410	0.00333	0.00924
37	0.02763	0.02036	0.02182	0.01672	0.02254	0.02254	0.01382	0.67496	0.03418	0.04581	0.01745	0.01745	0.01236	0.00873	0.00727	0.00218	0.00800	0.00654	0.00727	0.01236
38	0.02667	0.01882	0.02053	0.01600	0.02142	0.02055	0.01310	0.58354	0.03182	0.09015	0.01982	0.06848	0.01526	0.00973	0.00741	0.00224	0.00761	0.00759	0.00736	0.01191

[dist]
# distance from previous block
# <min> <max>
0	1

[block]
# block no. 3 follows, 28 sequences, length 95
# corresponding to MSA columns:
# 194-236,241-292
name=unknown_D
#
# <colnr> <probs for GDERKNQSTAVLIFYWHMCP>
#	G	D	E	R	K	N	Q	S	T	A	V	L	I	F	Y	W	H	M	C	P
0	0.01053	0.00720	0.00870	0.00870	0.00896	0.00746	0.00536	0.01106	0.01080	0.01466	0.02220	0.04368	0.02474	0.60323	0.17599	0.00800	0.00959	0.01000	0.00430	0.00483
1	0.00892	0.00635	0.00842	0.01004	0.01044	0.00595	0.00666	0.01014	0.01379	0.01838	0.03940	0.71319	0.04724	0.05051	0.01034	0.00311	0.00433	0.02028	0.00666	0.00585
2	0.01373	0.01292	0.02180	0.72707	0.05006	0.01615	0.02019	0.01857	0.01453	0.01857	0.01292	0.01938	0.00969	0.00727	0.00727	0.00242	0.00969	0.00646	0.00323	0.00807
3	0.02329	0.12512	0.02102	0.01398	0.01910	0.01878	0.01171	0.33597	0.06070	0.11390	0.10322	0.02284	0.02030	0.00907	0.00690	0.00206	0.00678	0.00707	0.03672	0.04148
4	0.03123	0.01245	0.01670	0.01290	0.01832	0.01099	0.01062	0.06135	0.02136	0.64100	0.06313	0.02598	0.02041	0.00929	0.00737	0.00225	0.00612	0.00758	0.00887	0.01208
5	0.01013	0.00729	0.00870	0.00922	0.01016	0.00702	0.00645	0.01140	0.01346	0.01736	0.03875	0.14469	0.17629	0.33921	0.04701	0.00503	0.00635	0.13041	0.00561	0.00546
6	0.05795	0.14670	0.05003	0.01654	0.02137	0.37237	0.01366	0.16489	0.02180	0.02484	0.01284	0.01433	0.01025	0.00753	0.00627	0.00191	0.01039	0.00502	0.03191	0.00943
7	0.02885	0.01298	0.01655	0.01309	0.01825	0.01222	0.01068	0.07975	0.10903	0.52007	0.05345	0.02575	0.02011	0.00930	0.00729	0.00226	0.00606	0.00758	0.03489	0.01186
8	0.00922	0.00666	0.00872	0.00975	0.01059	0.00616	0.00672	0.01108	0.01577	0.02138	0.21303	0.53166	0.08121	0.02052	0.00906	0.00276	0.00399	0.01847	0.00708	0.00616
9	0.01687	0.01613	0.02748	0.22428	0.52831	0.01698	0.02175	0.02132	0.01602	0.02239	0.01347	0.01836	0.01103	0.00668	0.00722	0.00223	0.00891	0.00647	0.00350	0.01061
10	0.00959	0.00694	0.00933	0.04764	0.01261	0.00680	0.00752	0.01103	0.01370	0.01818	0.03607	0.54993	0.04248	0.12439	0.01318	0.00354	0.00511	0.06986	0.00623	0.00587
11	0.39924	0.33694	0.02341	0.01150	0.01669	0.07368	0.01033	0.02211	0.01403	0.02473	0.01020	0.01184	0.00862	0.00657	0.00472	0.00192	0.00712	0.00397	0.00384	0.00855
12	0.79588	0.01406	0.01068	0.00956	0.01406	0.01631	0.00787	0.02137	0.01237	0.03261	0.01012	0.01181	0.00787	0.00675	0.00450	0.00225	0.00562	0.00394	0.00450	0.00787
13	0.00886	0.00633	0.00843	0.01012	0.01054	0.00590	0.00675	0.01012	0.01392	0.01856	0.04006	0.73979	0.04808	0.02277	0.00928	0.00295	0.00422	0.02066	0.00675	0.00590
14	0.00914	0.00652	0.00862	0.00989	0.01050	0.00609	0.00668	0.01070	0.01484	0.02005	0.14194	0.60751	0.05050	0.04767	0.01017	0.00300	0.00420	0.01912	0.00686	0.00600
15	0.01038	0.00779	0.01168	0.01168	0.01298	0.00909	0.00909	0.01298	0.01168	0.01687	0.01947	0.02856	0.01817	0.05452	0.71573	0.01168	0.01947	0.00779	0.00389	0.00649
16	0.00963	0.00713	0.00898	0.00910	0.01060	0.00649	0.00661	0.01222	0.01815	0.02476	0.41851	0.23728	0.16864	0.01754	0.00876	0.00249	0.00368	0.01549	0.00746	0.00649
17	0.01808	0.01561	0.01644	0.01479	0.01890	0.01808	0.01151	0.03863	0.68606	0.03041	0.02959	0.02712	0.02219	0.00986	0.00740	0.00247	0.00575	0.00822	0.00740	0.01151
18	0.02704	0.01979	0.02118	0.01630	0.02195	0.02187	0.01345	0.64711	0.03338	0.04502	0.01772	0.01786	0.01263	0.00872	0.00718	0.00216	0.00780	0.00655	0.04018	0.01213
19	0.01808	0.01561	0.01644	0.01479	0.01890	0.01808	0.01151	0.03863	0.68606	0.03041	0.02959	0.02712	0.02219	0.00986	0.00740	0.00247	0.00575	0.00822	0.00740	0.01151
20	0.01943	0.74891	0.03809	0.01244	0.01866	0.02876	0.01244	0.02177	0.01477	0.01710	0.01011	0.01166	0.00933	0.00622	0.00466	0.00155	0.00777	0.00389	0.00311	0.00933
21	0.79588	0.01406	0.01068	0.00956	0.01406	0.01631	0.00787	0.02137	0.01237	0.03261	0.01012	0.01181	0.00787	0.00675	0.00450	0.00225	0.00562	0.00394	0.00450	0.00787
22	0.01024	0.00741	0.01029	0.01050	0.01135	0.00815	0.00757	0.01199	0.01167	0.01636	0.02295	0.12256	0.02408	0.23130	0.44951	0.00938	0.01431	0.01013	0.00438	0.00587
23	0.02618	0.01964	0.02100	0.01643	0.02199	0.02186	0.01346	0.57821	0.13329	0.04347	0.01930	0.01892	0.01386	0.00890	0.00729	0.00222	0.00766	0.00680	0.00729	0.01223
24	0.02786	0.01999	0.02159	0.01655	0.02236	0.02200	0.01367	0.64565	0.03356	0.07598	0.01797	0.01779	0.01262	0.00874	0.00727	0.00218	0.00792	0.00658	0.00735	0.01236
25	0.79588	0.01406	0.01068	0.00956	0.01406	0.01631	0.00787	0.02137	0.01237	0.03261	0.01012	0.01181	0.00787	0.00675	0.00450	0.00225	0.00562	0.00394	0.00450	0.00787
26	0.79588	0.01406	0.01068	0.00956	0.01406	0.01631	0.00787	0.02137	0.01237	0.03261	0.01012	0.01181	0.00787	0.00675	0.00450	0.00225	0.00562	0.00394	0.00450	0.00787
27	0.01574	0.01568	0.02223	0.07151	0.02138	0.02181	0.01622	0.01757	0.01138	0.01757	0.00979	0.01616	0.00955	0.01232	0.02263	0.00312	0.67781	0.00637	0.00318	0.00796
28	0.01373	0.01292	0.02180	0.72707	0.05006	0.01615	0.02019	0.01857	0.01453	0.01857	0.01292	0.01938	0.00969	0.00727	0.00727	0.00242	0.00969	0.00646	0.00323	0.00807
29	0.01507	0.01292	0.01507	0.01077	0.01723	0.00969	0.00861	0.01830	0.01507	0.02369	0.01292	0.01507	0.01077	0.00538	0.00538	0.00108	0.00538	0.00431	0.00431	0.78898
30	0.01588	0.01574	0.02290	0.01870	0.02141	0.07936	0.17364	0.04412	0.01472	0.02014	0.01593	0.05047	0.01477	0.07061	0.15000	0.00467	0.21409	0.00792	0.03696	0.00796
31	0.01900	0.02133	0.02851	0.02250	0.02625	0.19104	0.25746	0.02245	0.01595	0.02030	0.01275	0.01728	0.01061	0.00873	0.01278	0.00250	0.24317	0.00679	0.05194	0.00868
32	0.02649	0.01979	0.02117	0.01649	0.02211	0.02201	0.01354	0.59871	0.11229	0.04397	0.01891	0.01861	0.01354	0.00886	0.00729	0.00222	0.00773	0.00675	0.00729	0.01226
33	0.00886	0.00633	0.00843	0.01012	0.01054	0.00590	0.00675	0.01012	0.01392	0.01856	0.04006	0.73979	0.04808	0.02277	0.00928	0.00295	0.00422	0.02066	0.00675	0.00590
34	0.03201	0.01334	0.01747	0.01339	0.01904	0.01212	0.01106	0.11273	0.02242	0.62464	0.02732	0.02386	0.01731	0.00896	0.00731	0.00224	0.00640	0.00722	0.00879	0.01237
35	0.03175	0.01376	0.01773	0.01359	0.01925	0.01275	0.01123	0.14676	0.02313	0.58961	0.02672	0.02347	0.01701	0.00895	0.00730	0.00224	0.00650	0.00718	0.00870	0.01237
36	0.01039	0.00776	0.01154	0.01154	0.01278	0.00901	0.00890	0.01289	0.01164	0.01677	0.01960	0.02930	0.01849	0.08135	0.68934	0.01150	0.01899	0.00790	0.00391	0.00641
37	0.79588	0.01406	0.01068	0.00956	0.01406	0.01631	0.00787	0.02137	0.01237	0.03261	0.01012	0.01181	0.00787	0.00675	0.00450	0.00225	0.00562	0.00394	0.00450	0.00787
38	0.03261	0.01237	0.01687	0.01293	0.01856	0.01068	0.01068	0.03543	0.02081	0.70423	0.02868	0.02474	0.01799	0.00900	0.00731	0.00225	0.00619	0.00731	0.00900	0.01237
39	0.01042	0.00765	0.01099	0.01099	0.01205	0.00871	0.00822	0.01253	0.01148	0.01636	0.02011	0.03207	0.01970	0.18214	0.59019	0.01082	0.01717	0.00830	0.00399	0.00610
40	0.00956	0.00740	0.00871	0.00839	0.01042	0.00655	0.00629	0.01232	0.01887	0.02509	0.43031	0.06097	0.33616	0.01637	0.00858	0.00236	0.00354	0.01408	0.00747	0.00655
41	0.01388	0.01296	0.02221	0.58495	0.07528	0.01544	0.06091	0.01854	0.01479	0.01945	0.01492	0.05738	0.01223	0.00802	0.00737	0.00241	0.00927	0.00735	0.03446	0.00818
42	0.01511	0.01306	0.01540	0.01115	0.01731	0.01027	0.00895	0.01827	0.01489	0.02340	0.01277	0.01511	0.01071	0.00572	0.00623	0.00117	0.03861	0.00440	0.00426	0.75322
43	0.01125	0.00803	0.01118	0.01285	0.01432	0.00796	0.01090	0.01425	0.01627	0.02123	0.03875	0.18961	0.04286	0.02052	0.00992	0.00328	0.00629	0.54727	0.00670	0.00656
44	0.01507	0.01292	0.01507	0.01077	0.01723	0.00969	0.00861	0.01830	0.01507	0.02369	0.01292	0.01507	0.01077	0.00538	0.00538	0.00108	0.00538	0.00431	0.00431	0.78898
45	0.01062	0.00759	0.01067	0.01067	0.01175	0.00856	0.00796	0.01277	0.01169	0.01699	0.02038	0.03204	0.01975	0.18142	0.54407	0.01019	0.01614	0.00825	0.05238	0.00612
46	0.14120	0.01680	0.01784	0.01405	0.01921	0.01817	0.01155	0.41217	0.02693	0.14196	0.01872	0.01872	0.01320	0.00845	0.00664	0.00215	0.00689	0.00630	0.08793	0.01111
47	0.02715	0.03464	0.02060	0.01873	0.02247	0.71536	0.01404	0.02903	0.02060	0.01779	0.01124	0.01311	0.00936	0.00749	0.00655	0.00187	0.01311	0.00468	0.00375	0.00843
48	0.01458	0.03760	0.70688	0.02072	0.03146	0.01688	0.02686	0.02302	0.01535	0.02302	0.01304	0.01535	0.00921	0.00691	0.00691	0.00230	0.01074	0.00537	0.00307	0.01074
49	0.00902	0.00714	0.00812	0.00839	0.01021	0.00624	0.00610	0.01108	0.01683	0.02146	0.20113	0.22089	0.41038	0.01864	0.00875	0.00253	0.00375	0.01609	0.00702	0.00624
50	0.79588	0.01406	0.01068	0.00956	0.01406	0.01631	0.00787	0.02137	0.01237	0.03261	0.01012	0.01181	0.00787	0.00675	0.00450	0.00225	0.00562	0.00394	0.00450	0.00787
51	0.00886	0.00633	0.00843	0.01012	0.01054	0.00590	0.00675	0.01012	0.01392	0.01856	0.04006	0.73979	0.04808	0.02277	0.00928	0.00295	0.00422	0.02066	0.00675	0.00590
52	0.01373	0.01292	0.02180	0.72707	0.05006	0.01615	0.02019	0.01857	0.01453	0.01857	0.01292	0.01938	0.00969	0.00727	0.00727	0.00242	0.00969	0.00646	0.00323	0.00807
53	0.01149	0.00830	0.01141	0.01296	0.01469	0.00821	0.01127	0.01473	0.01672	0.02160	0.04098	0.08114	0.08825	0.01996	0.00994	0.00328	0.00648	0.60524	0.00670	0.00665
54	0.00886	0.00633	0.00843	0.01012	0.01054	0.00590	0.00675	0.01012	0.01392	0.01856	0.04006	0.73979	0.04808	0.02277	0.00928	0.00295	0.00422	0.02066	0.00675	0.00590
55	0.00859	0.00736	0.00736	0.00736	0.00982	0.00614	0.00552	0.01043	0.01657	0.01964	0.07364	0.06996	0.69624	0.01841	0.00859	0.00245	0.00368	0.01534	0.00675	0.00614
56	0.79588	0.01406	0.01068	0.00956	0.01406	0.01631	0.00787	0.02137	0.01237	0.03261	0.01012	0.01181	0.00787	0.00675	0.00450	0.00225	0.00562	0.00394	0.00450	0.00787
57	0.79588	0.01406	0.01068	0.00956	0.01406	0.01631	0.00787	0.02137	0.01237	0.03261	0.01012	0.01181	0.00787	0.00675	0.00450	0.00225	0.00562	0.00394	0.00450	0.00787
58	0.02858	0.01148	0.01558	0.01225	0.01717	0.00999	0.00999	0.03150	0.02076	0.58230	0.14909	0.03008	0.02713	0.01006	0.00754	0.00226	0.00569	0.00836	0.00882	0.01138
59	0.01281	0.00818	0.01059	0.00990	0.01204	0.00760	0.00753	0.01653	0.04309	0.09980	0.50020	0.10795	0.08386	0.01503	0.00851	0.00239	0.00399	0.03462	0.00789	0.00750
60	0.01373	0.01292	0.02180	0.72707	0.05006	0.01615	0.02019	0.01857	0.01453	0.01857	0.01292	0.01938	0.00969	0.00727	0.00727	0.00242	0.00969	0.00646	0.00323	0.00807
61	0.01426	0.03537	0.65525	0.01986	0.02994	0.01614	0.02538	0.02233	0.01573	0.02347	0.06357	0.01823	0.01360	0.00750	0.00703	0.00230	0.01020	0.00595	0.00343	0.01046
62	0.03261	0.01237	0.01687	0.01293	0.01856	0.01068	0.01068	0.03543	0.02081	0.70423	0.02868	0.02474	0.01799	0.00900	0.00731	0.00225	0.00619	0.00731	0.00900	0.01237
63	0.02810	0.01796	0.02002	0.01542	0.02101	0.01917	0.01272	0.50212	0.03033	0.19185	0.02024	0.01952	0.01391	0.00877	0.00718	0.00217	0.00738	0.00673	0.04329	0.01211
64	0.01111	0.00742	0.00978	0.00958	0.01119	0.00683	0.00703	0.01398	0.01897	0.06194	0.50119	0.21933	0.06095	0.01648	0.00868	0.00245	0.00377	0.01467	0.00775	0.00692
65	0.00953	0.00719	0.01052	0.01147	0.01236	0.00677	0.04206	0.01123	0.01432	0.01907	0.03860	0.64643	0.04561	0.02167	0.00931	0.00296	0.00485	0.07328	0.00658	0.00618
66	0.79588	0.01406	0.01068	0.00956	0.01406	0.01631	0.00787	0.02137	0.01237	0.03261	0.01012	0.01181	0.00787	0.00675	0.00450	0.00225	0.00562	0.00394	0.00450	0.00787
67	0.01039	0.00776	0.01152	0.01152	0.01276	0.00900	0.00889	0.01288	0.01163	0.01676	0.01962	0.02937	0.01853	0.08408	0.68666	0.01148	0.01894	0.00791	0.00392	0.00640
68	0.01540	0.01537	0.02222	0.17854	0.02656	0.04230	0.04637	0.01802	0.01253	0.01796	0.01138	0.01776	0.01032	0.01432	0.07348	0.00360	0.45606	0.00654	0.00329	0.00796
69	0.01093	0.00762	0.00967	0.00905	0.01102	0.00691	0.00682	0.01411	0.02003	0.05436	0.58288	0.05531	0.15370	0.01512	0.00853	0.00231	0.00357	0.01322	0.00787	0.00698
70	0.01761	0.01400	0.01539	0.01368	0.01742	0.01559	0.01072	0.09037	0.44438	0.05409	0.16833	0.03353	0.03148	0.01109	0.00771	0.00242	0.00551	0.02865	0.00754	0.01049
71	0.01507	0.01292	0.01507	0.01077	0.01723	0.00969	0.00861	0.01830	0.01507	0.02369	0.01292	0.01507	0.01077	0.00538	0.00538	0.00108	0.00538	0.00431	0.00431	0.78898
72	0.00886	0.00633	0.00843	0.01012	0.01054	0.00590	0.00675	0.01012	0.01392	0.01856	0.04006	0.73979	0.04808	0.02277	0.00928	0.00295	0.00422	0.02066	0.00675	0.00590
73	0.01057	0.00705	0.00793	0.00793	0.00793	0.00705	0.00440	0.01057	0.01057	0.01409	0.02290	0.04757	0.02643	0.74454	0.03700	0.00705	0.00705	0.01057	0.00440	0.00440
74	0.02763	0.02036	0.02182	0.01672	0.02254	0.02254	0.01382	0.67496	0.03418	0.04581	0.01745	0.01745	0.01236	0.00873	0.00727	0.00218	0.00800	0.00654	0.00727	0.01236
75	0.01038	0.00779	0.01168	0.01168	0.01298	0.00909	0.00909	0.01298	0.01168	0.01687	0.01947	0.02856	0.01817	0.05452	0.71573	0.01168	0.01947	0.00779	0.00389	0.00649
76	0.01038	0.00779	0.01168	0.01168	0.01298	0.00909	0.00909	0.01298	0.01168	0.01687	0.01947	0.02856	0.01817	0.05452	0.71573	0.01168	0.01947	0.00779	0.00389	0.00649
77	0.02814	0.01954	0.02131	0.01634	0.02213	0.02133	0.01349	0.60937	0.03281	0.11334	0.01860	0.01820	0.01294	0.00875	0.00728	0.00219	0.00781	0.00662	0.00745	0.01236
78	0.01040	0.00774	0.01142	0.01142	0.01263	0.00894	0.00876	0.01281	0.01160	0.01668	0.01971	0.02989	0.01875	0.10300	0.66804	0.01136	0.01860	0.00798	0.00393	0.00634
79	0.01590	0.01590	0.02226	0.01908	0.01908	0.02226	0.01590	0.01749	0.01113	0.01749	0.00954	0.01590	0.00954	0.01272	0.02385	0.00318	0.73123	0.00636	0.00318	0.00795
80	0.79588	0.01406	0.01068	0.00956	0.01406	0.01631	0.00787	0.02137	0.01237	0.03261	0.01012	0.01181	0.00787	0.00675	0.00450	0.00225	0.00562	0.00394	0.00450	0.00787
81	0.01507	0.01292	0.01507	0.01077	0.01723	0.00969	0.00861	0.01830	0.01507	0.02369	0.01292	0.01507	0.01077	0.00538	0.00538	0.00108	0.00538	0.00431	0.00431	0.78898
82	0.01017	0.00743	0.00956	0.00902	0.01079	0.00681	0.00677	0.01349	0.02030	0.02850	0.65312	0.05536	0.11123	0.01510	0.00857	0.00230	0.00345	0.01330	0.00792	0.00681
83	0.01057	0.00705	0.00793	0.00793	0.00793	0.00705	0.00440	0.01057	0.01057	0.01409	0.02290	0.04757	0.02643	0.74454	0.03700	0.00705	0.00705	0.01057	0.00440	0.00440
84	0.01373	0.01292	0.02180	0.72707	0.05006	0.01615	0.02019	0.01857	0.01453	0.01857	0.01292	0.01938	0.00969	0.00727	0.00727	0.00242	0.00969	0.00646	0.00323	0.00807
85	0.01131	0.00766	0.01004	0.00932	0.01121	0.00703	0.00703	0.01471	0.02059	0.06005	0.66484	0.05295	0.06627	0.01459	0.00852	0.00228	0.00356	0.01288	0.00805	0.00711
86	0.01046	0.00747	0.01028	0.01196	0.01308	0.00729	0.00954	0.01290	0.01550	0.02035	0.03918	0.36982	0.04457	0.02126	0.00971	0.00317	0.00561	0.37478	0.00672	0.00635
87	0.00886	0.00633	0.00843	0.01012	0.01054	0.00590	0.00675	0.01012	0.01392	0.01856	0.04006	0.73979	0.04808	0.02277	0.00928	0.00295	0.00422	0.02066	0.00675	0.00590
88	0.01457	0.01456	0.02697	0.55629	0.04710	0.01670	0.18022	0.01973	0.01518	0.01973	0.01336	0.01944	0.01002	0.00699	0.00759	0.00243	0.01032	0.00698	0.00334	0.00850
89	0.01013	0.00731	0.00953	0.00965	0.01108	0.00683	0.00719	0.01295	0.01836	0.02540	0.45262	0.18009	0.08479	0.05041	0.01016	0.00274	0.00410	0.08272	0.00742	0.00653
90	0.02243	0.02604	0.02164	0.05394	0.10727	0.39976	0.01539	0.05200	0.01833	0.01977	0.01396	0.01696	0.03643	0.00888	0.01026	0.00223	0.15625	0.00582	0.00386	0.00878
91	0.01368	0.01264	0.02127	0.69633	0.04833	0.01573	0.01959	0.01818	0.01432	0.01832	0.01291	0.01950	0.00982	0.00804	0.00817	0.03610	0.00955	0.00645	0.00323	0.00786
92	0.75513	0.01423	0.01167	0.01140	0.04995	0.01636	0.00863	0.02142	0.01259	0.03215	0.01031	0.01213	0.00806	0.00673	0.00464	0.00224	0.00578	0.00407	0.00445	0.00806
93	0.01901	0.01764	0.02813	0.06859	0.60702	0.04887	0.02124	0.02316	0.01688	0.05892	0.01432	0.01818	0.01168	0.00669	0.00718	0.00216	0.00875	0.00644	0.00387	0.01128
94	0.01222	0.01106	0.05504	0.01208	0.01463	0.00947	0.03919	0.09511	0.01696	0.02261	0.03733	0.41694	0.12902	0.05102	0.00987	0.00284	0.00556	0.01555	0.00624	0.03725

[dist]
# distance from previous block
# <min> <max>
0	2

[block]
# block no. 4 follows, 28 sequences, length 35
# corresponding to MSA columns:
# 295-329
name=unknown_E
#
# <colnr> <probs for GDERKNQSTAVLIFYWHMCP>
#	G	D	E	R	K	N	Q	S	T	A	V	L	I	F	Y	W	H	M	C	P
0	0.01503	0.01350	0.01732	0.01439	0.01720	0.01502	0.01160	0.04034	0.03520	0.02169	0.03946	0.10491	0.01722	0.01110	0.01370	0.00229	0.30420	0.00764	0.00447	0.29371
1	0.01750	0.28040	0.22886	0.01651	0.04578	0.02105	0.01668	0.08943	0.06046	0.02317	0.01898	0.02022	0.07427	0.00842	0.00730	0.00210	0.04864	0.00617	0.00416	0.00990
2	0.06643	0.14860	0.02300	0.01744	0.06381	0.24345	0.01333	0.18901	0.04589	0.02653	0.01727	0.01841	0.05418	0.00844	0.00710	0.00204	0.03454	0.00595	0.00486	0.00969
3	0.01450	0.01314	0.02124	0.64214	0.04636	0.01612	0.01931	0.05998	0.01590	0.02048	0.01464	0.02276	0.01166	0.00808	0.00742	0.00246	0.00942	0.04246	0.00368	0.00827
4	0.01809	0.08841	0.02193	0.01737	0.01900	0.18175	0.01422	0.01996	0.01375	0.01744	0.01134	0.01658	0.01066	0.01659	0.11226	0.00388	0.39946	0.00593	0.00340	0.00799
5	0.01038	0.00779	0.01168	0.01168	0.01298	0.00909	0.00909	0.01298	0.01168	0.01687	0.01947	0.02856	0.01817	0.05452	0.71573	0.01168	0.01947	0.00779	0.00389	0.00649
6	0.61562	0.01744	0.05759	0.01160	0.01661	0.05609	0.01012	0.09568	0.01548	0.03265	0.01120	0.01275	0.00855	0.00702	0.00508	0.00222	0.00664	0.00437	0.00468	0.00860
7	0.01056	0.00710	0.00819	0.00819	0.00828	0.00719	0.00473	0.01074	0.01065	0.01429	0.02267	0.04625	0.02586	0.69678	0.08398	0.00737	0.00791	0.01038	0.00437	0.00455
8	0.00894	0.00738	0.00785	0.00773	0.01003	0.00629	0.00580	0.01111	0.01740	0.02161	0.20229	0.06672	0.56636	0.01768	0.00859	0.00242	0.00363	0.01489	0.00701	0.00629
9	0.12821	0.01636	0.01724	0.05380	0.02041	0.01843	0.01179	0.31530	0.19056	0.03652	0.01993	0.02029	0.01476	0.00863	0.00667	0.00222	0.00668	0.00663	0.09492	0.01066
10	0.01107	0.00854	0.01236	0.01203	0.01312	0.01023	0.00934	0.01341	0.01167	0.01708	0.01882	0.02851	0.01786	0.09618	0.57428	0.01016	0.09159	0.00780	0.02946	0.00651
