[name]
unknown

[dist]
# distance from previous block
# <min> <max>
0	53

[block]
# block no. 0 follows, 28 sequences, length 10
# corresponding to MSA columns:
# 53-62
name=unknown_A
#
# <colnr> <probs for GDERKNQSTAVLIFYWHMCP>
#	G	D	E	R	K	N	Q	S	T	A	V	L	I	F	Y	W	H	M	C	P
0	0.01171	0.00837	0.01171	0.01339	0.01506	0.00837	0.01171	0.01506	0.01673	0.02175	0.03849	0.08199	0.04183	0.02008	0.01004	0.00335	0.00669	0.65027	0.00669	0.00669
1	0.01018	0.00650	0.00884	0.00968	0.01012	0.00620	0.00649	0.01040	0.01327	0.01790	0.10980	0.41468	0.03932	0.06842	0.01626	0.22098	0.00488	0.01514	0.00575	0.00516
2	0.10807	0.01379	0.02177	0.52637	0.15496	0.01636	0.01907	0.01954	0.01462	0.02112	0.01271	0.01824	0.00978	0.00707	0.00692	0.00236	0.00903	0.00616	0.00344	0.00863
3	0.02146	0.01573	0.01800	0.07269	0.02103	0.01752	0.01214	0.38302	0.05787	0.05127	0.01967	0.05102	0.01633	0.09590	0.04932	0.00332	0.02892	0.00773	0.04698	0.01007
4	0.05280	0.00772	0.00871	0.00877	0.01069	0.00705	0.00633	0.01278	0.01604	0.05734	0.15006	0.22415	0.31422	0.07725	0.01079	0.00290	0.00429	0.01488	0.00675	0.00647
5	0.06026	0.00856	0.01040	0.01072	0.01239	0.00851	0.00770	0.04100	0.06379	0.06734	0.13011	0.47127	0.04337	0.01829	0.00854	0.00270	0.00457	0.01625	0.00700	0.00723
6	0.01491	0.01334	0.02118	0.51032	0.11224	0.01568	0.01830	0.07212	0.01708	0.02262	0.09506	0.02325	0.01715	0.00821	0.00742	0.00236	0.00869	0.00727	0.00417	0.00865
7	0.01831	0.01280	0.01865	0.07198	0.02166	0.01232	0.11146	0.06950	0.07618	0.17098	0.06768	0.07675	0.15423	0.01119	0.00779	0.00230	0.00666	0.00992	0.00644	0.07321
8	0.04967	0.01341	0.01749	0.09874	0.02237	0.01323	0.01200	0.09269	0.08735	0.45337	0.04559	0.02418	0.01814	0.00896	0.00727	0.00229	0.00663	0.00731	0.00783	0.01147
9	0.06293	0.01275	0.03579	0.01237	0.01683	0.01163	0.01012	0.06824	0.10448	0.31629	0.03249	0.13425	0.09439	0.01181	0.00751	0.00235	0.00576	0.00986	0.00749	0.04266

[dist]
# distance from previous block
# <min> <max>
38	84

[block]
# block no. 1 follows, 28 sequences, length 37
# corresponding to MSA columns:
# 150-186
name=unknown_B
#
# <colnr> <probs for GDERKNQSTAVLIFYWHMCP>
#	G	D	E	R	K	N	Q	S	T	A	V	L	I	F	Y	W	H	M	C	P
0	0.09704	0.04116	0.04751	0.01842	0.12864	0.05633	0.01298	0.11373	0.07609	0.13337	0.06431	0.08599	0.01989	0.00951	0.00699	0.00218	0.00698	0.00784	0.00595	0.06509
1	0.09583	0.16371	0.04651	0.01323	0.01819	0.01641	0.01165	0.06675	0.01835	0.31364	0.06013	0.04736	0.01801	0.00929	0.00802	0.00221	0.06701	0.00694	0.00643	0.01034
2	0.15076	0.16715	0.02108	0.01307	0.01856	0.05483	0.01117	0.10889	0.01985	0.33669	0.01955	0.01845	0.01343	0.00795	0.00627	0.00208	0.00702	0.00583	0.00657	0.01081
3	0.13004	0.13915	0.13094	0.01359	0.01945	0.01572	0.01299	0.05212	0.03816	0.27422	0.02116	0.08729	0.01651	0.00922	0.00660	0.00221	0.00698	0.00723	0.00610	0.01033
4	0.01641	0.15394	0.01699	0.01138	0.01448	0.01347	0.00900	0.06276	0.08142	0.11004	0.09520	0.22131	0.05846	0.08981	0.01060	0.00283	0.00576	0.01152	0.00631	0.00832
5	0.01585	0.20411	0.12849	0.01311	0.01763	0.01653	0.01227	0.12548	0.01734	0.02282	0.02319	0.16659	0.05717	0.10811	0.03752	0.00320	0.00770	0.00953	0.00491	0.00846
6	0.08072	0.29810	0.06441	0.01343	0.01801	0.13295	0.01186	0.08250	0.01693	0.02147	0.01638	0.11631	0.01629	0.07128	0.00870	0.00242	0.00811	0.00724	0.00433	0.00855
7	0.01745	0.15160	0.35526	0.04570	0.13595	0.01783	0.02079	0.02324	0.01622	0.08810	0.05032	0.01825	0.01362	0.00735	0.00671	0.00215	0.00903	0.00593	0.00400	0.01049
8	0.05410	0.11105	0.11742	0.08810	0.09770	0.01733	0.14177	0.06073	0.01796	0.19820	0.01717	0.01872	0.01222	0.00729	0.00703	0.00221	0.00881	0.00651	0.00507	0.01060
9	0.12882	0.01643	0.09025	0.01539	0.05857	0.04255	0.01248	0.10612	0.04880	0.21390	0.02382	0.16902	0.02065	0.01112	0.00725	0.00238	0.00683	0.00920	0.00644	0.00997
10	0.01373	0.01292	0.02180	0.72707	0.05006	0.01615	0.02019	0.01857	0.01453	0.01857	0.01292	0.01938	0.00969	0.00727	0.00727	0.00242	0.00969	0.00646	0.00323	0.00807
11	0.02453	0.03810	0.01611	0.08391	0.01978	0.01078	0.01071	0.02725	0.01861	0.44486	0.05258	0.14801	0.04918	0.01162	0.00763	0.00237	0.00607	0.00987	0.00770	0.01031
12	0.01465	0.01416	0.02489	0.56591	0.13860	0.01652	0.08313	0.01954	0.01507	0.01974	0.01320	0.01921	0.01007	0.00705	0.00738	0.00239	0.00979	0.00667	0.00332	0.00872
13	0.01677	0.01416	0.02131	0.34237	0.03418	0.06333	0.09773	0.02050	0.01574	0.10642	0.01923	0.12587	0.01708	0.03542	0.00933	0.00263	0.03596	0.00893	0.00461	0.00842
14	0.00886	0.00633	0.00843	0.01012	0.01054	0.00590	0.00675	0.01012	0.01392	0.01856	0.04006	0.73979	0.04808	0.02277	0.00928	0.00295	0.00422	0.02066	0.00675	0.00590
15	0.02618	0.04381	0.02067	0.01883	0.12952	0.01290	0.05149	0.03017	0.04588	0.43723	0.08509	0.02557	0.02092	0.00887	0.00737	0.00223	0.00674	0.00767	0.00741	0.01142
16	0.01920	0.12659	0.37537	0.01662	0.02447	0.01592	0.01890	0.02470	0.01649	0.19162	0.01913	0.08673	0.01515	0.00886	0.00692	0.00225	0.00857	0.00712	0.00491	0.01049
17	0.01922	0.71708	0.06802	0.01281	0.01923	0.02823	0.01308	0.02182	0.01480	0.01737	0.01024	0.01183	0.00932	0.00625	0.00476	0.00159	0.00791	0.00395	0.00311	0.00939
18	0.01597	0.24117	0.51548	0.01835	0.02780	0.02028	0.02273	0.02266	0.01518	0.02133	0.01220	0.01429	0.00924	0.00671	0.00626	0.00209	0.00989	0.00495	0.00308	0.01034
19	0.01847	0.01847	0.02752	0.10569	0.55194	0.08408	0.02098	0.02311	0.03751	0.02289	0.01386	0.01794	0.01147	0.00675	0.00715	0.00217	0.00907	0.00636	0.00370	0.01089
20	0.01973	0.51160	0.03086	0.01319	0.01848	0.15597	0.01200	0.02257	0.03984	0.01796	0.01754	0.01847	0.08037	0.00784	0.00552	0.00174	0.00829	0.00537	0.00376	0.00891
21	0.01567	0.01551	0.06394	0.05084	0.15047	0.01229	0.01310	0.02030	0.04538	0.02372	0.01382	0.01639	0.01127	0.00598	0.00601	0.00149	0.00657	0.00507	0.00418	0.51801
22	0.02793	0.01989	0.02152	0.01650	0.02231	0.02184	0.01363	0.63716	0.03339	0.08473	0.01812	0.01788	0.01269	0.00874	0.00727	0.00219	0.00789	0.00659	0.00737	0.01236
23	0.00891	0.00637	0.00848	0.01009	0.01055	0.00594	0.00675	0.01025	0.01416	0.01894	0.06379	0.71497	0.04882	0.02249	0.00925	0.00293	0.00419	0.02039	0.00679	0.00594
24	0.02049	0.65146	0.03570	0.01330	0.01918	0.12244	0.01266	0.02276	0.01557	0.01720	0.01026	0.01186	0.00933	0.00639	0.00492	0.00160	0.00850	0.00400	0.00320	0.00921
25	0.00997	0.00737	0.00921	0.00883	0.01056	0.00671	0.00654	0.01293	0.01930	0.02663	0.54376	0.07989	0.17150	0.04308	0.00967	0.00252	0.00363	0.01367	0.00761	0.00661
26	0.79588	0.01406	0.01068	0.00956	0.01406	0.01631	0.00787	0.02137	0.01237	0.03261	0.01012	0.01181	0.00787	0.00675	0.00450	0.00225	0.00562	0.00394	0.00450	0.00787
27	0.01476	0.01281	0.01598	0.03840	0.01885	0.01004	0.03305	0.01805	0.01507	0.02320	0.01445	0.05453	0.01275	0.00642	0.00578	0.00128	0.00573	0.00543	0.00438	0.68903
28	0.05796	0.14142	0.02313	0.01827	0.04446	0.55832	0.01382	0.02738	0.01923	0.01851	0.01110	0.01300	0.00937	0.00723	0.00620	0.00185	0.01183	0.00459	0.00368	0.00864
29	0.75453	0.01416	0.01130	0.01006	0.01432	0.01662	0.00830	0.02116	0.01231	0.03181	0.01009	0.01203	0.00796	0.00706	0.00552	0.00230	0.04409	0.00406	0.00443	0.00788
30	0.01350	0.01262	0.02119	0.69430	0.04826	0.01568	0.01957	0.01819	0.01451	0.01857	0.01416	0.05231	0.01144	0.00798	0.00736	0.00245	0.00944	0.00711	0.00339	0.00798
31	0.01598	0.01298	0.01519	0.01104	0.01728	0.01007	0.00882	0.04150	0.01592	0.04931	0.01440	0.03545	0.01211	0.00611	0.00563	0.00121	0.00547	0.00494	0.00465	0.71195
32	0.00886	0.00633	0.00843	0.01012	0.01054	0.00590	0.00675	0.01012	0.01392	0.01856	0.04006	0.73979	0.04808	0.02277	0.00928	0.00295	0.00422	0.02066	0.00675	0.00590
33	0.01057	0.00705	0.00793	0.00793	0.00793	0.00705	0.00440	0.01057	0.01057	0.01409	0.02290	0.04757	0.02643	0.74454	0.03700	0.00705	0.00705	0.01057	0.00440	0.00440
34	0.01808	0.01561	0.01644	0.01479	0.01890	0.01808	0.01151	0.03863	0.68606	0.03041	0.02959	0.02712	0.02219	0.00986	0.00740	0.00247	0.00575	0.00822	0.00740	0.01151
35	0.02572	0.01863	0.02096	0.01712	0.05741	0.01969	0.01334	0.50639	0.02970	0.08609	0.01738	0.01764	0.01248	0.00816	0.00701	0.00203	0.00755	0.00628	0.00678	0.11962
36	0.02487	0.01353	0.01766	0.04169	0.08919	0.01340	0.01214	0.03292	0.21014	0.37686	0.02949	0.02721	0.05832	0.00948	0.00740	0.00232	0.00629	0.00793	0.00765	0.01151

[dist]
# distance from previous block
# <min> <max>
0	1

[block]
# block no. 2 follows, 28 sequences, length 69
# corresponding to MSA columns:
# 188-256
name=unknown_C
#
# <colnr> <probs for GDERKNQSTAVLIFYWHMCP>
#	G	D	E	R	K	N	Q	S	T	A	V	L	I	F	Y	W	H	M	C	P
0	0.01993	0.01459	0.01652	0.01313	0.01848	0.01423	0.01049	0.12022	0.23287	0.11718	0.04335	0.02180	0.01747	0.00807	0.00665	0.00187	0.00591	0.00655	0.00644	0.30426
1	0.02425	0.01844	0.01965	0.01578	0.02093	0.02062	0.01280	0.46033	0.22841	0.04051	0.02131	0.02070	0.01553	0.00906	0.00723	0.00225	0.00716	0.00705	0.03608	0.01190
2	0.00880	0.00656	0.00819	0.00950	0.01038	0.00596	0.00647	0.01019	0.01452	0.01880	0.04764	0.58868	0.19430	0.02179	0.00912	0.00284	0.00410	0.01946	0.00675	0.00596
3	0.02787	0.01997	0.02157	0.01654	0.02235	0.02197	0.01366	0.64384	0.03353	0.07785	0.01800	0.01781	0.01264	0.00874	0.00727	0.00218	0.00791	0.00658	0.00736	0.01236
4	0.01544	0.01877	0.11243	0.02709	0.12217	0.01585	0.35164	0.02060	0.01618	0.02237	0.01915	0.12124	0.01784	0.00965	0.00890	0.00254	0.03477	0.04981	0.00419	0.00936
5	0.00886	0.00633	0.00843	0.01012	0.01054	0.00590	0.00675	0.01012	0.01392	0.01856	0.04006	0.73979	0.04808	0.02277	0.00928	0.00295	0.00422	0.02066	0.00675	0.00590
6	0.02157	0.01806	0.01835	0.01560	0.02024	0.05385	0.01237	0.24067	0.44581	0.03469	0.02482	0.02335	0.01843	0.00938	0.00732	0.00235	0.00683	0.00751	0.00718	0.01163
7	0.01631	0.01572	0.02321	0.31668	0.17212	0.04174	0.01865	0.04267	0.04759	0.02083	0.01309	0.01827	0.01071	0.00873	0.01163	0.00254	0.20032	0.00647	0.00365	0.00907
8	0.01826	0.01974	0.07004	0.06134	0.53382	0.08779	0.02117	0.02256	0.01683	0.02283	0.01457	0.02049	0.01257	0.00729	0.00725	0.00221	0.00916	0.03755	0.00372	0.01080
9	0.01926	0.71280	0.03731	0.01277	0.01868	0.02844	0.01261	0.02156	0.01459	0.01712	0.01008	0.01187	0.00934	0.00654	0.00561	0.00163	0.04341	0.00401	0.00311	0.00926
10	0.02061	0.01253	0.01440	0.01241	0.01655	0.01282	0.00980	0.03098	0.30861	0.24390	0.05986	0.03500	0.14369	0.01125	0.00755	0.00236	0.00536	0.00933	0.03246	0.01051
11	0.17890	0.01073	0.00925	0.00865	0.01119	0.05408	0.00663	0.05076	0.01571	0.02803	0.01974	0.02343	0.01582	0.04000	0.00654	0.00208	0.00485	0.00620	0.50012	0.00728
12	0.02344	0.01750	0.01890	0.01550	0.02045	0.01949	0.01246	0.35008	0.30677	0.08000	0.02384	0.04074	0.01777	0.00959	0.00738	0.00233	0.00684	0.00766	0.00742	0.01183
13	0.01038	0.00779	0.01168	0.01168	0.01298	0.00909	0.00909	0.01298	0.01168	0.01687	0.01947	0.02856	0.01817	0.05452	0.71573	0.01168	0.01947	0.00779	0.00389	0.00649
14	0.01075	0.00746	0.00916	0.00972	0.01044	0.00736	0.00690	0.01207	0.01332	0.01754	0.06001	0.08518	0.06680	0.42727	0.02504	0.00532	0.00651	0.20832	0.00547	0.00536
15	0.01841	0.01821	0.02951	0.04287	0.64370	0.05170	0.04370	0.02267	0.01677	0.02344	0.01359	0.01780	0.01139	0.00651	0.00721	0.00215	0.00898	0.00646	0.00361	0.01130
16	0.01034	0.00695	0.00800	0.00823	0.00829	0.00689	0.00473	0.01051	0.01103	0.01471	0.02526	0.14258	0.02940	0.64547	0.03319	0.00649	0.00666	0.01196	0.00473	0.00461
17	0.02185	0.15041	0.02477	0.14500	0.08434	0.06767	0.01521	0.27667	0.09108	0.03046	0.01582	0.01749	0.01207	0.00786	0.00676	0.00212	0.00843	0.00609	0.00526	0.01063
18	0.01416	0.02104	0.26253	0.14872	0.09698	0.01443	0.01949	0.02104	0.07068	0.02247	0.02270	0.03554	0.04117	0.01080	0.00787	0.00259	0.00870	0.16531	0.00452	0.00925
19	0.01920	0.12617	0.34995	0.02316	0.16654	0.01747	0.02102	0.02493	0.01650	0.14502	0.01559	0.01708	0.01129	0.00710	0.00673	0.00216	0.00908	0.00575	0.00425	0.01100
20	0.16766	0.04994	0.30799	0.01794	0.07177	0.01598	0.01791	0.02632	0.06177	0.17067	0.01690	0.01754	0.01188	0.00747	0.00651	0.00226	0.00820	0.00573	0.00494	0.01060
21	0.00907	0.00635	0.00846	0.01002	0.01041	0.00596	0.00665	0.01011	0.01362	0.01816	0.03833	0.68671	0.04585	0.04576	0.01099	0.03717	0.00440	0.01972	0.00652	0.00574
22	0.02054	0.13163	0.13181	0.05299	0.25059	0.24939	0.01878	0.02442	0.01737	0.02052	0.01223	0.01511	0.01007	0.00687	0.00658	0.00201	0.01035	0.00534	0.00348	0.00993
23	0.02506	0.02038	0.17997	0.05661	0.05753	0.04036	0.03696	0.08687	0.04179	0.34765	0.02139	0.02077	0.01428	0.00815	0.00722	0.00226	0.00815	0.00668	0.00647	0.01146
24	0.01102	0.00759	0.00998	0.00946	0.01126	0.00701	0.00716	0.01436	0.02022	0.05060	0.62722	0.07735	0.06525	0.01513	0.00861	0.00235	0.00367	0.03684	0.00794	0.00700
25	0.00884	0.00637	0.00839	0.01000	0.01051	0.00591	0.00669	0.01013	0.01403	0.01860	0.04152	0.71066	0.07627	0.02258	0.00925	0.00293	0.00419	0.02043	0.00675	0.00591
26	0.01507	0.01292	0.01507	0.01077	0.01723	0.00969	0.00861	0.01830	0.01507	0.02369	0.01292	0.01507	0.01077	0.00538	0.00538	0.00108	0.00538	0.00431	0.00431	0.78898
27	0.01458	0.03760	0.70688	0.02072	0.03146	0.01688	0.02686	0.02302	0.01535	0.02302	0.01304	0.01535	0.00921	0.00691	0.00691	0.00230	0.01074	0.00537	0.00307	0.01074
28	0.76584	0.01418	0.01141	0.01091	0.04052	0.01634	0.00843	0.02140	0.01253	0.03227	0.01026	0.01205	0.00801	0.00674	0.00460	0.00225	0.00574	0.00403	0.00446	0.00801
29	0.00886	0.00633	0.00843	0.01012	0.01054	0.00590	0.00675	0.01012	0.01392	0.01856	0.04006	0.73979	0.04808	0.02277	0.00928	0.00295	0.00422	0.02066	0.00675	0.00590
30	0.01833	0.01291	0.01544	0.01129	0.01752	0.01015	0.00908	0.02206	0.03846	0.14644	0.01631	0.01722	0.01245	0.00618	0.00580	0.00133	0.00554	0.00498	0.00525	0.62325
31	0.01714	0.04845	0.01524	0.01265	0.01609	0.01348	0.01023	0.16162	0.13058	0.07393	0.14052	0.10245	0.10359	0.01376	0.00811	0.00249	0.00578	0.10766	0.00713	0.00911
32	0.79588	0.01406	0.01068	0.00956	0.01406	0.01631	0.00787	0.02137	0.01237	0.03261	0.01012	0.01181	0.00787	0.00675	0.00450	0.00225	0.00562	0.00394	0.00450	0.00787
33	0.01115	0.00819	0.01093	0.01230	0.01412	0.00797	0.01060	0.01423	0.01670	0.02137	0.04482	0.07983	0.15966	0.01978	0.00978	0.00319	0.00615	0.53595	0.00670	0.00659
34	0.01189	0.01567	0.18771	0.01354	0.01751	0.01014	0.03337	0.03796	0.01760	0.02471	0.26319	0.22530	0.04270	0.01478	0.00839	0.00253	0.00613	0.05283	0.00618	0.00786
35	0.04706	0.12573	0.05042	0.06729	0.43249	0.04286	0.01906	0.02381	0.07952	0.02325	0.01438	0.01751	0.01183	0.00686	0.00671	0.00211	0.00840	0.00607	0.00389	0.01076
36	0.01458	0.03760	0.70688	0.02072	0.03146	0.01688	0.02686	0.02302	0.01535	0.02302	0.01304	0.01535	0.00921	0.00691	0.00691	0.00230	0.01074	0.00537	0.00307	0.01074
37	0.01057	0.00705	0.00793	0.00793	0.00793	0.00705	0.00440	0.01057	0.01057	0.01409	0.02290	0.04757	0.02643	0.74454	0.03700	0.00705	0.00705	0.01057	0.00440	0.00440
38	0.10928	0.05559	0.30125	0.05496	0.16131	0.10743	0.06529	0.02323	0.01598	0.02322	0.01259	0.01549	0.00968	0.00681	0.00668	0.00220	0.00997	0.00554	0.00348	0.01002
39	0.01707	0.40205	0.36421	0.01648	0.02490	0.02297	0.01947	0.02238	0.01505	0.01999	0.01154	0.01346	0.00927	0.00655	0.00576	0.00192	0.00922	0.00461	0.00309	0.01002
40	0.02772	0.01951	0.02120	0.01633	0.02207	0.02137	0.01347	0.59766	0.05609	0.10167	0.01884	0.01842	0.01319	0.00879	0.00728	0.00220	0.00776	0.00667	0.00742	0.01233
41	0.01350	0.00986	0.01415	0.04008	0.09652	0.01006	0.01207	0.05620	0.01633	0.02159	0.02980	0.07863	0.04955	0.01830	0.01268	0.14443	0.00687	0.35677	0.00561	0.00699
42	0.01402	0.01349	0.02361	0.66741	0.04903	0.01634	0.07609	0.01898	0.01476	0.01898	0.01307	0.01940	0.00980	0.00717	0.00738	0.00242	0.00991	0.00664	0.00327	0.00822
43	0.01992	0.15020	0.02164	0.01463	0.04234	0.07548	0.01168	0.18145	0.07215	0.02787	0.03907	0.01779	0.01401	0.00907	0.03249	0.00208	0.00769	0.00563	0.00510	0.24973
44	0.03261	0.01237	0.01687	0.01293	0.01856	0.01068	0.01068	0.03543	0.02081	0.70423	0.02868	0.02474	0.01799	0.00900	0.00731	0.00225	0.00619	0.00731	0.00900	0.01237
45	0.00907	0.00649	0.00862	0.00998	0.01059	0.00605	0.00676	0.01065	0.01490	0.02012	0.13701	0.63839	0.05111	0.02160	0.00917	0.00285	0.00410	0.01955	0.00693	0.00605
46	0.00886	0.00633	0.00843	0.01012	0.01054	0.00590	0.00675	0.01012	0.01392	0.01856	0.04006	0.73979	0.04808	0.02277	0.00928	0.00295	0.00422	0.02066	0.00675	0.00590
47	0.01007	0.00748	0.00942	0.00909	0.01094	0.00682	0.00693	0.01322	0.01962	0.02699	0.54317	0.05883	0.17887	0.01582	0.00867	0.00238	0.00368	0.05357	0.00770	0.00672
48	0.01373	0.01292	0.02180	0.72707	0.05006	0.01615	0.02019	0.01857	0.01453	0.01857	0.01292	0.01938	0.00969	0.00727	0.00727	0.00242	0.00969	0.00646	0.00323	0.00807
49	0.01687	0.01928	0.06677	0.08936	0.15702	0.01808	0.44878	0.02249	0.01652	0.02275	0.01410	0.01897	0.01087	0.00657	0.00874	0.00242	0.03910	0.00780	0.00358	0.00994
50	0.02631	0.01982	0.02059	0.01609	0.02150	0.04643	0.01318	0.58256	0.06085	0.04295	0.01815	0.01832	0.01307	0.00871	0.00711	0.00215	0.00780	0.00656	0.05601	0.01183
51	0.01056	0.00707	0.00806	0.00806	0.00811	0.00712	0.00457	0.01066	0.01061	0.01419	0.02278	0.04688	0.02613	0.71965	0.06148	0.00721	0.00750	0.01047	0.00439	0.00448
52	0.00895	0.00640	0.00852	0.01006	0.01056	0.00596	0.00675	0.01035	0.01434	0.01922	0.08124	0.69672	0.04937	0.02228	0.00923	0.00291	0.00417	0.02019	0.00683	0.00596
53	0.02137	0.64050	0.03497	0.01251	0.01864	0.02610	0.01218	0.02378	0.01566	0.11824	0.01284	0.01359	0.01060	0.00663	0.00505	0.00166	0.00754	0.00439	0.00398	0.00978
54	0.00885	0.00636	0.00839	0.01002	0.01052	0.00591	0.00670	0.01013	0.01402	0.01860	0.04131	0.71495	0.07212	0.02261	0.00925	0.00293	0.00420	0.02047	0.00675	0.00591
55	0.01373	0.01292	0.02180	0.72707	0.05006	0.01615	0.02019	0.01857	0.01453	0.01857	0.01292	0.01938	0.00969	0.00727	0.00727	0.00242	0.00969	0.00646	0.00323	0.00807
56	0.01943	0.74891	0.03809	0.01244	0.01866	0.02876	0.01244	0.02177	0.01477	0.01710	0.01011	0.01166	0.00933	0.00622	0.00466	0.00155	0.00777	0.00389	0.00311	0.00933
57	0.02715	0.03464	0.02060	0.01873	0.02247	0.71536	0.01404	0.02903	0.02060	0.01779	0.01124	0.01311	0.00936	0.00749	0.00655	0.00187	0.01311	0.00468	0.00375	0.00843
58	0.01055	0.00714	0.00842	0.00842	0.00859	0.00732	0.00502	0.01089	0.01072	0.01446	0.02245	0.04507	0.02534	0.65388	0.12617	0.00766	0.00868	0.01021	0.00434	0.00468
59	0.01474	0.01346	0.02180	0.67508	0.04805	0.01662	0.01972	0.06661	0.01597	0.02057	0.01325	0.01924	0.00989	0.00737	0.00727	0.00240	0.00957	0.00647	0.00353	0.00839
60	0.01445	0.01289	0.02079	0.61662	0.04491	0.01576	0.01881	0.05941	0.01571	0.02024	0.01460	0.02279	0.01173	0.00873	0.00820	0.03155	0.00929	0.04175	0.00367	0.00809
61	0.01054	0.00770	0.00857	0.00818	0.01064	0.00661	0.00619	0.01286	0.01788	0.06512	0.23237	0.06305	0.49052	0.01690	0.00851	0.00240	0.00377	0.01427	0.00722	0.00672
62	0.01571	0.00863	0.01145	0.01007	0.01273	0.00779	0.00779	0.01899	0.02063	0.19312	0.53343	0.04712	0.05630	0.01344	0.00827	0.00228	0.00410	0.01173	0.00824	0.00820
63	0.01928	0.71711	0.03740	0.01273	0.01868	0.02848	0.01259	0.02158	0.01461	0.01712	0.01008	0.01184	0.00934	0.00650	0.00550	0.00163	0.03916	0.00399	0.00311	0.00927
64	0.01507	0.01292	0.01507	0.01077	0.01723	0.00969	0.00861	0.01830	0.01507	0.02369	0.01292	0.01507	0.01077	0.00538	0.00538	0.00108	0.00538	0.00431	0.00431	0.78898
65	0.01779	0.01470	0.01649	0.01253	0.01845	0.01343	0.01004	0.13546	0.14026	0.02873	0.01673	0.01767	0.01312	0.00677	0.00608	0.00152	0.00590	0.00540	0.00538	0.51355
66	0.01072	0.00768	0.01027	0.01163	0.01279	0.00751	0.00900	0.03574	0.01599	0.02116	0.06061	0.42699	0.04499	0.02093	0.00949	0.00306	0.00532	0.27285	0.00679	0.00648
67	0.08024	0.01321	0.02164	0.04084	0.02141	0.01393	0.18736	0.06426	0.01476	0.06389	0.01514	0.04163	0.01318	0.03792	0.01682	0.24476	0.09002	0.00738	0.00422	0.00738
68	0.02321	0.01740	0.01909	0.01474	0.02009	0.01834	0.01199	0.47393	0.02845	0.03889	0.05947	0.02065	0.01624	0.03392	0.02888	0.00243	0.00755	0.00672	0.00659	0.15141

[dist]
# distance from previous block
# <min> <max>
1	6

[block]
# block no. 3 follows, 28 sequences, length 70
# corresponding to MSA columns:
# 263-332
name=unknown_D
#
# <colnr> <probs for GDERKNQSTAVLIFYWHMCP>
#	G	D	E	R	K	N	Q	S	T	A	V	L	I	F	Y	W	H	M	C	P
0	0.01392	0.01200	0.03668	0.01170	0.01541	0.01068	0.00940	0.07406	0.04791	0.02616	0.20731	0.15460	0.03386	0.01202	0.00829	0.00206	0.04540	0.01016	0.00605	0.26234
1	0.01818	0.01720	0.02887	0.07334	0.64476	0.01743	0.02189	0.04731	0.01714	0.02437	0.01379	0.01803	0.01147	0.00660	0.00720	0.00217	0.00866	0.00648	0.00372	0.01140
2	0.01579	0.00921	0.01168	0.01047	0.01331	0.00849	0.00802	0.01995	0.06966	0.18028	0.33298	0.13558	0.10010	0.01415	0.00818	0.00235	0.00442	0.01231	0.00779	0.03527
3	0.01464	0.01415	0.02491	0.51669	0.15457	0.01625	0.09026	0.01942	0.01513	0.01993	0.01410	0.04223	0.01136	0.00751	0.00746	0.00240	0.00962	0.00715	0.00345	0.00876
4	0.01799	0.01727	0.02950	0.04462	0.69919	0.01727	0.02231	0.02231	0.01655	0.02375	0.01367	0.01799	0.01151	0.00648	0.00720	0.00216	0.00864	0.00648	0.00360	0.01151
5	0.01716	0.01961	0.04289	0.03064	0.03799	0.01838	0.67279	0.02328	0.01716	0.02328	0.01471	0.01961	0.01103	0.00613	0.00858	0.00245	0.01225	0.00858	0.00368	0.00980
6	0.00910	0.00738	0.00806	0.00789	0.01013	0.00635	0.00592	0.01141	0.01776	0.02246	0.25836	0.06530	0.50975	0.01735	0.00859	0.00240	0.00361	0.01469	0.00712	0.00635
7	0.01004	0.00741	0.00930	0.00884	0.01061	0.00676	0.00658	0.01312	0.01964	0.02722	0.57981	0.05643	0.16140	0.03952	0.00952	0.00247	0.00359	0.01339	0.00770	0.00667
8	0.00886	0.00633	0.00843	0.01012	0.01054	0.00590	0.00675	0.01012	0.01392	0.01856	0.04006	0.73979	0.04808	0.02277	0.00928	0.00295	0.00422	0.02066	0.00675	0.00590
9	0.01943	0.74891	0.03809	0.01244	0.01866	0.02876	0.01244	0.02177	0.01477	0.01710	0.01011	0.01166	0.00933	0.00622	0.00466	0.00155	0.00777	0.00389	0.00311	0.00933
10	0.79588	0.01406	0.01068	0.00956	0.01406	0.01631	0.00787	0.02137	0.01237	0.03261	0.01012	0.01181	0.00787	0.00675	0.00450	0.00225	0.00562	0.00394	0.00450	0.00787
11	0.01578	0.01290	0.01515	0.01085	0.01728	0.00973	0.00870	0.01900	0.01531	0.05122	0.01356	0.01546	0.01106	0.00553	0.00546	0.00112	0.00542	0.00443	0.00450	0.75755
12	0.01125	0.00779	0.01045	0.04072	0.01286	0.00735	0.00759	0.01456	0.01985	0.05557	0.59184	0.10014	0.06249	0.01485	0.00851	0.00234	0.00387	0.01315	0.00775	0.00707
13	0.02554	0.01999	0.02243	0.02092	0.13054	0.05181	0.01486	0.51713	0.03004	0.04033	0.01680	0.01771	0.01233	0.00830	0.00715	0.00215	0.00816	0.00646	0.03552	0.01184
14	0.01713	0.01023	0.01060	0.00930	0.01204	0.01078	0.00730	0.18412	0.02005	0.03185	0.02212	0.02465	0.01704	0.00853	0.00564	0.00182	0.00456	0.00672	0.58733	0.00819
15	0.79588	0.01406	0.01068	0.00956	0.01406	0.01631	0.00787	0.02137	0.01237	0.03261	0.01012	0.01181	0.00787	0.00675	0.00450	0.00225	0.00562	0.00394	0.00450	0.00787
16	0.01799	0.01727	0.02950	0.04462	0.69919	0.01727	0.02231	0.02231	0.01655	0.02375	0.01367	0.01799	0.01151	0.00648	0.00720	0.00216	0.00864	0.00648	0.00360	0.01151
17	0.02763	0.02036	0.02182	0.01672	0.02254	0.02254	0.01382	0.67496	0.03418	0.04581	0.01745	0.01745	0.01236	0.00873	0.00727	0.00218	0.00800	0.00654	0.00727	0.01236
18	0.00924	0.00793	0.00799	0.00788	0.01044	0.00696	0.00593	0.01237	0.06266	0.02038	0.07060	0.06701	0.64983	0.01782	0.00851	0.00246	0.00382	0.01485	0.00679	0.00651
19	0.03111	0.01228	0.01654	0.01284	0.01824	0.01079	0.01055	0.03461	0.04560	0.64997	0.05749	0.02611	0.02033	0.00928	0.00737	0.00226	0.00605	0.00760	0.00889	0.01210
20	0.00886	0.00633	0.00843	0.01012	0.01054	0.00590	0.00675	0.01012	0.01392	0.01856	0.04006	0.73979	0.04808	0.02277	0.00928	0.00295	0.00422	0.02066	0.00675	0.00590
21	0.03239	0.01273	0.01709	0.01310	0.01873	0.01121	0.01082	0.06407	0.02140	0.67473	0.02817	0.02441	0.01774	0.00898	0.00731	0.00225	0.00627	0.00728	0.00892	0.01237
22	0.01171	0.00837	0.01171	0.01339	0.01506	0.00837	0.01171	0.01506	0.01673	0.02175	0.03849	0.08199	0.04183	0.02008	0.01004	0.00335	0.00669	0.65027	0.00669	0.00669
23	0.00886	0.00633	0.00843	0.01012	0.01054	0.00590	0.00675	0.01012	0.01392	0.01856	0.04006	0.73979	0.04808	0.02277	0.00928	0.00295	0.00422	0.02066	0.00675	0.00590
24	0.01126	0.00765	0.01003	0.00931	0.01120	0.00703	0.00703	0.01467	0.02059	0.05863	0.66625	0.05301	0.06638	0.01460	0.00852	0.00228	0.00355	0.01289	0.00805	0.00710
25	0.01737	0.01861	0.02539	0.02090	0.02251	0.09966	0.12134	0.01972	0.01317	0.01846	0.01056	0.01618	0.00976	0.01107	0.01945	0.00292	0.53477	0.00653	0.00332	0.00830
26	0.01263	0.00631	0.00947	0.00947	0.00947	0.00631	0.00631	0.00947	0.00947	0.01263	0.01263	0.02210	0.01263	0.02525	0.02841	0.78851	0.00631	0.00631	0.00316	0.00316
27	0.03261	0.01237	0.01687	0.01293	0.01856	0.01068	0.01068	0.03543	0.02081	0.70423	0.02868	0.02474	0.01799	0.00900	0.00731	0.00225	0.00619	0.00731	0.00900	0.01237
28	0.01373	0.01292	0.02180	0.72707	0.05006	0.01615	0.02019	0.01857	0.01453	0.01857	0.01292	0.01938	0.00969	0.00727	0.00727	0.00242	0.00969	0.00646	0.00323	0.00807
29	0.05337	0.49788	0.19052	0.01548	0.04442	0.02482	0.01595	0.04816	0.01563	0.02054	0.01120	0.01296	0.00943	0.00651	0.00536	0.00180	0.00840	0.00443	0.00335	0.00978
30	0.01458	0.03760	0.70688	0.02072	0.03146	0.01688	0.02686	0.02302	0.01535	0.02302	0.01304	0.01535	0.00921	0.00691	0.00691	0.00230	0.01074	0.00537	0.00307	0.01074
31	0.79588	0.01406	0.01068	0.00956	0.01406	0.01631	0.00787	0.02137	0.01237	0.03261	0.01012	0.01181	0.00787	0.00675	0.00450	0.00225	0.00562	0.00394	0.00450	0.00787
32	0.01263	0.00631	0.00947	0.00947	0.00947	0.00631	0.00631	0.00947	0.00947	0.01263	0.01263	0.02210	0.01263	0.02525	0.02841	0.78851	0.00631	0.00631	0.00316	0.00316
33	0.00886	0.00633	0.00843	0.01012	0.01054	0.00590	0.00675	0.01012	0.01392	0.01856	0.04006	0.73979	0.04808	0.02277	0.00928	0.00295	0.00422	0.02066	0.00675	0.00590
34	0.01029	0.00743	0.00972	0.00914	0.01086	0.00686	0.00686	0.01372	0.02058	0.02915	0.69536	0.05430	0.06859	0.01486	0.00857	0.00229	0.00343	0.01315	0.00800	0.00686
35	0.00930	0.00651	0.00830	0.00955	0.00986	0.00620	0.00614	0.01024	0.01305	0.01740	0.03561	0.56026	0.04246	0.20997	0.01647	0.00401	0.00495	0.01805	0.00614	0.00552
36	0.01038	0.00779	0.01168	0.01168	0.01298	0.00909	0.00909	0.01298	0.01168	0.01687	0.01947	0.02856	0.01817	0.05452	0.71573	0.01168	0.01947	0.00779	0.00389	0.00649
37	0.01794	0.00951	0.01239	0.01060	0.01365	0.00873	0.00826	0.04918	0.02090	0.23762	0.43748	0.04335	0.04911	0.03733	0.00908	0.00243	0.00460	0.01097	0.00816	0.00872
38	0.01507	0.01292	0.01507	0.01077	0.01723	0.00969	0.00861	0.01830	0.01507	0.02369	0.01292	0.01507	0.01077	0.00538	0.00538	0.00108	0.00538	0.00431	0.00431	0.78898
39	0.01726	0.01701	0.05307	0.26428	0.36956	0.01740	0.05244	0.07825	0.01742	0.02393	0.01378	0.01838	0.01088	0.00693	0.00728	0.00227	0.00918	0.00654	0.00378	0.01035
40	0.75904	0.01398	0.01098	0.00972	0.01427	0.01604	0.00801	0.02205	0.01278	0.06503	0.01102	0.01243	0.00836	0.00686	0.00463	0.00225	0.00565	0.00410	0.00472	0.00809
41	0.01437	0.01357	0.02295	0.62499	0.14715	0.01632	0.02050	0.01913	0.01484	0.01935	0.01303	0.01917	0.00996	0.00715	0.00726	0.00238	0.00953	0.00646	0.00329	0.00859
42	0.01685	0.28263	0.38868	0.04941	0.02777	0.02127	0.04893	0.04753	0.01591	0.02165	0.01226	0.01451	0.00947	0.00672	0.00623	0.00205	0.00962	0.00509	0.00328	0.01015
43	0.01263	0.00631	0.00947	0.00947	0.00947	0.00631	0.00631	0.00947	0.00947	0.01263	0.01263	0.02210	0.01263	0.02525	0.02841	0.78851	0.00631	0.00631	0.00316	0.00316
44	0.01853	0.01584	0.01669	0.01488	0.01907	0.01829	0.01161	0.06829	0.65567	0.03113	0.02902	0.02667	0.02173	0.00981	0.00739	0.00245	0.00586	0.00814	0.00739	0.01155
45	0.01566	0.01554	0.02179	0.01875	0.01881	0.02167	0.01560	0.01729	0.01116	0.01747	0.00999	0.01647	0.00993	0.01459	0.05485	0.00356	0.69935	0.00643	0.00321	0.00789
46	0.79588	0.01406	0.01068	0.00956	0.01406	0.01631	0.00787	0.02137	0.01237	0.03261	0.01012	0.01181	0.00787	0.00675	0.00450	0.00225	0.00562	0.00394	0.00450	0.00787
47	0.79588	0.01406	0.01068	0.00956	0.01406	0.01631	0.00787	0.02137	0.01237	0.03261	0.01012	0.01181	0.00787	0.00675	0.00450	0.00225	0.00562	0.00394	0.00450	0.00787
48	0.01055	0.00713	0.00865	0.00877	0.00914	0.00736	0.00553	0.01131	0.01125	0.01557	0.02350	0.09279	0.02599	0.52176	0.16767	0.00742	0.00913	0.01057	0.04086	0.00504
49	0.01056	0.00708	0.00809	0.00809	0.00815	0.00714	0.00461	0.01067	0.01062	0.01421	0.02276	0.04675	0.02607	0.71475	0.06630	0.00725	0.00758	0.01045	0.00438	0.00449
50	0.01110	0.00827	0.01193	0.01172	0.01315	0.00955	0.00907	0.03997	0.01255	0.01794	0.01954	0.02894	0.01830	0.08322	0.65666	0.01109	0.01845	0.00786	0.00405	0.00664
51	0.01782	0.01710	0.02920	0.07189	0.67325	0.01723	0.02222	0.02216	0.01647	0.02354	0.01364	0.01805	0.01144	0.00651	0.00720	0.00217	0.00868	0.00648	0.00358	0.01138
52	0.02546	0.03183	0.02085	0.01878	0.02196	0.61115	0.01432	0.02729	0.01918	0.01775	0.01098	0.01353	0.00939	0.00828	0.00916	0.00207	0.12108	0.00493	0.00366	0.00836
53	0.01589	0.01400	0.01844	0.01323	0.01975	0.01124	0.08177	0.04947	0.01619	0.02467	0.01333	0.01568	0.01087	0.00562	0.00582	0.00128	0.00626	0.00488	0.00438	0.66723
54	0.03917	0.04510	0.09459	0.02882	0.13390	0.01900	0.37001	0.02208	0.01572	0.02246	0.01329	0.01790	0.01056	0.00733	0.01042	0.00247	0.12654	0.00733	0.00354	0.00978
55	0.01808	0.01561	0.01644	0.01479	0.01890	0.01808	0.01151	0.03863	0.68606	0.03041	0.02959	0.02712	0.02219	0.00986	0.00740	0.00247	0.00575	0.00822	0.00740	0.01151
56	0.75841	0.04953	0.01201	0.00970	0.01428	0.01691	0.00809	0.02139	0.01249	0.03186	0.01012	0.01180	0.00794	0.00672	0.00451	0.00222	0.00573	0.00393	0.00443	0.00794
57	0.00961	0.00691	0.00886	0.00990	0.01019	0.00688	0.00649	0.01054	0.01290	0.01731	0.03420	0.52412	0.04068	0.21635	0.01732	0.00406	0.03473	0.01737	0.00597	0.00558
58	0.01263	0.00631	0.00947	0.00947	0.00947	0.00631	0.00631	0.00947	0.00947	0.01263	0.01263	0.02210	0.01263	0.02525	0.02841	0.78851	0.00631	0.00631	0.00316	0.00316
59	0.01943	0.74891	0.03809	0.01244	0.01866	0.02876	0.01244	0.02177	0.01477	0.01710	0.01011	0.01166	0.00933	0.00622	0.00466	0.00155	0.00777	0.00389	0.00311	0.00933
60	0.01808	0.01561	0.01644	0.01479	0.01890	0.01808	0.01151	0.03863	0.68606	0.03041	0.02959	0.02712	0.02219	0.00986	0.00740	0.00247	0.00575	0.00822	0.00740	0.01151
61	0.01507	0.01292	0.01507	0.01077	0.01723	0.00969	0.00861	0.01830	0.01507	0.02369	0.01292	0.01507	0.01077	0.00538	0.00538	0.00108	0.00538	0.00431	0.00431	0.78898
62	0.00982	0.00713	0.00926	0.00932	0.01073	0.00657	0.00677	0.01260	0.01860	0.02586	0.49053	0.23898	0.09235	0.01715	0.00876	0.00247	0.00365	0.01527	0.00761	0.00657
63	0.01716	0.01961	0.04289	0.03064	0.03799	0.01838	0.67279	0.02328	0.01716	0.02328	0.01471	0.01961	0.01103	0.00613	0.00858	0.00245	0.01225	0.00858	0.00368	0.00980
64	0.03261	0.01237	0.01687	0.01293	0.01856	0.01068	0.01068	0.03543	0.02081	0.70423	0.02868	0.02474	0.01799	0.00900	0.00731	0.00225	0.00619	0.00731	0.00900	0.01237
65	0.02076	0.02847	0.45116	0.01843	0.02733	0.01484	0.04357	0.02722	0.01725	0.25299	0.01838	0.01866	0.01224	0.00759	0.00710	0.00229	0.00926	0.00614	0.00509	0.01126
66	0.02600	0.06380	0.02143	0.01883	0.04212	0.58847	0.01403	0.07606	0.02093	0.01999	0.01200	0.01404	0.00995	0.00910	0.03075	0.00222	0.01258	0.00494	0.00398	0.00879
67	0.01026	0.00759	0.00872	0.00833	0.01060	0.00662	0.00628	0.01280	0.01840	0.05127	0.32884	0.06165	0.40933	0.01656	0.00853	0.00238	0.00368	0.01411	0.00736	0.00669
68	0.00886	0.00633	0.00843	0.01012	0.01054	0.00590	0.00675	0.01012	0.01392	0.01856	0.04006	0.73979	0.04808	0.02277	0.00928	0.00295	0.00422	0.02066	0.00675	0.00590
69	0.01744	0.01755	0.03243	0.09410	0.47469	0.01748	0.19326	0.02227	0.01655	0.02322	0.01389	0.01852	0.01124	0.00645	0.00757	0.00226	0.00967	0.00703	0.00359	0.01080

[dist]
# distance from previous block
# <min> <max>
0	4

[block]
# block no. 4 follows, 28 sequences, length 33
# corresponding to MSA columns:
# 337-369
name=unknown_E
#
# <colnr> <probs for GDERKNQSTAVLIFYWHMCP>
#	G	D	E	R	K	N	Q	S	T	A	V	L	I	F	Y	W	H	M	C	P
0	0.01943	0.74891	0.03809	0.01244	0.01866	0.02876	0.01244	0.02177	0.01477	0.01710	0.01011	0.01166	0.00933	0.00622	0.00466	0.00155	0.00777	0.00389	0.00311	0.00933
1	0.01057	0.00705	0.00793	0.00793	0.00793	0.00705	0.00440	0.01057	0.01057	0.01409	0.02290	0.04757	0.02643	0.74454	0.03700	0.00705	0.00705	0.01057	0.00440	0.00440
2	0.00954	0.00700	0.00945	0.03855	0.01258	0.00671	0.00775	0.01151	0.01533	0.02053	0.14025	0.51747	0.07167	0.02053	0.00914	0.00285	0.00454	0.08158	0.00680	0.00622
3	0.01799	0.01727	0.02950	0.04462	0.69919	0.01727	0.02231	0.02231	0.01655	0.02375	0.01367	0.01799	0.01151	0.00648	0.00720	0.00216	0.00864	0.00648	0.00360	0.01151
4	0.01151	0.00821	0.01125	0.03514	0.01298	0.00914	0.00814	0.04221	0.01231	0.01712	0.01958	0.03260	0.01951	0.24343	0.41298	0.07141	0.01406	0.00836	0.00411	0.00596
5	0.02715	0.03464	0.02060	0.01873	0.02247	0.71536	0.01404	0.02903	0.02060	0.01779	0.01124	0.01311	0.00936	0.00749	0.00655	0.00187	0.01311	0.00468	0.00375	0.00843
6	0.01636	0.08181	0.48731	0.02497	0.17365	0.01755	0.02423	0.02327	0.01578	0.04970	0.01359	0.01603	0.01006	0.00685	0.00683	0.00222	0.00990	0.00558	0.00342	0.01087
7	0.02356	0.13547	0.02325	0.06480	0.02288	0.02163	0.01335	0.44085	0.05594	0.03657	0.01897	0.01948	0.04455	0.00860	0.00685	0.00208	0.00768	0.00652	0.00619	0.04077
8	0.01462	0.01350	0.01979	0.27531	0.02907	0.01748	0.01583	0.04149	0.01374	0.01942	0.01595	0.02164	0.04840	0.01394	0.06892	0.00342	0.31561	0.00702	0.03695	0.00790
9	0.00893	0.00636	0.00841	0.01002	0.01042	0.00596	0.00664	0.01014	0.01377	0.01835	0.03929	0.70842	0.04710	0.05548	0.01053	0.00314	0.00435	0.02021	0.00664	0.00584
10	0.01593	0.01594	0.02973	0.22909	0.26764	0.01647	0.21235	0.02076	0.01606	0.02187	0.01581	0.05211	0.01355	0.00780	0.00782	0.00240	0.00974	0.03155	0.00377	0.00963
11	0.01647	0.04345	0.17312	0.08185	0.21932	0.01727	0.25339	0.02222	0.01624	0.02303	0.01430	0.01843	0.01105	0.00660	0.00744	0.00227	0.01012	0.00693	0.04630	0.01017
12	0.00891	0.00642	0.00835	0.00985	0.01038	0.00597	0.00657	0.01016	0.01394	0.01843	0.04141	0.66812	0.08743	0.05381	0.01044	0.00310	0.00431	0.01990	0.00665	0.00585
13	0.01478	0.01290	0.01675	0.14381	0.06023	0.01139	0.01141	0.01882	0.03785	0.02257	0.01459	0.03823	0.01251	0.02710	0.00689	0.00165	0.00638	0.00560	0.00425	0.53230
14	0.01355	0.00678	0.00678	0.00678	0.00847	0.00678	0.00508	0.01694	0.01524	0.02710	0.02371	0.02710	0.01863	0.00847	0.00508	0.00169	0.00339	0.00678	0.78489	0.00678
15	0.01819	0.01997	0.03498	0.03230	0.22072	0.08317	0.36255	0.02296	0.01670	0.02232	0.01357	0.01818	0.01086	0.00702	0.00954	0.00239	0.08359	0.00740	0.00361	0.00997
16	0.01003	0.00891	0.00864	0.00842	0.01090	0.03751	0.00633	0.01289	0.04585	0.02131	0.15337	0.06354	0.55257	0.01709	0.00845	0.00241	0.00414	0.01428	0.00682	0.00656
17	0.01408	0.04001	0.01381	0.01174	0.01310	0.01256	0.00864	0.11405	0.01493	0.02039	0.02103	0.10693	0.02239	0.33179	0.11823	0.00574	0.10923	0.00978	0.00480	0.00675
18	0.04948	0.57174	0.17594	0.01404	0.02113	0.02580	0.01525	0.02201	0.01479	0.01895	0.01072	0.01243	0.00925	0.00638	0.00512	0.00174	0.00830	0.00420	0.00316	0.00956
19	0.01507	0.01292	0.01507	0.01077	0.01723	0.00969	0.00861	0.01830	0.01507	0.02369	0.01292	0.01507	0.01077	0.00538	0.00538	0.00108	0.00538	0.00431	0.00431	0.78898
20	0.00871	0.00737	0.00753	0.00749	0.00989	0.00619	0.00562	0.01066	0.01685	0.02030	0.11697	0.06886	0.65250	0.01816	0.00859	0.00244	0.00366	0.01519	0.00684	0.00619
21	0.01417	0.01194	0.01435	0.03507	0.01722	0.00941	0.00870	0.01749	0.01604	0.02449	0.13488	0.02223	0.02106	0.00714	0.00602	0.00134	0.00518	0.00596	0.00493	0.62240
22	0.00886	0.00633	0.00843	0.01012	0.01054	0.00590	0.00675	0.01012	0.01392	0.01856	0.04006	0.73979	0.04808	0.02277	0.00928	0.00295	0.00422	0.02066	0.00675	0.00590
23	0.79588	0.01406	0.01068	0.00956	0.01406	0.01631	0.00787	0.02137	0.01237	0.03261	0.01012	0.01181	0.00787	0.00675	0.00450	0.00225	0.00562	0.00394	0.00450	0.00787
24	0.01458	0.03760	0.70688	0.02072	0.03146	0.01688	0.02686	0.02302	0.01535	0.02302	0.01304	0.01535	0.00921	0.00691	0.00691	0.00230	0.01074	0.00537	0.00307	0.01074
25	0.79588	0.01406	0.01068	0.00956	0.01406	0.01631	0.00787	0.02137	0.01237	0.03261	0.01012	0.01181	0.00787	0.00675	0.00450	0.00225	0.00562	0.00394	0.00450	0.00787
26	0.03060	0.01192	0.01622	0.01259	0.01786	0.01034	0.01034	0.03346	0.02078	0.64326	0.08889	0.02741	0.02256	0.00953	0.00742	0.00225	0.00594	0.00784	0.00891	0.01187
27	0.79588	0.01406	0.01068	0.00956	0.01406	0.01631	0.00787	0.02137	0.01237	0.03261	0.01012	0.01181	0.00787	0.00675	0.00450	0.00225	0.00562	0.00394	0.00450	0.00787
28	0.01017	0.00743	0.00955	0.00902	0.01079	0.00681	0.00677	0.01349	0.02030	0.02849	0.65202	0.05539	0.11234	0.01511	0.00857	0.00230	0.00345	0.01330	0.00791	0.00681
29	0.79588	0.01406	0.01068	0.00956	0.01406	0.01631	0.00787	0.02137	0.01237	0.03261	0.01012	0.01181	0.00787	0.00675	0.00450	0.00225	0.00562	0.00394	0.00450	0.00787
30	0.01232	0.00787	0.01195	0.03746	0.01334	0.00794	0.03601	0.01179	0.01122	0.01531	0.01677	0.05232	0.01688	0.08220	0.12978	0.43888	0.00866	0.03797	0.00375	0.04757
31	0.01190	0.00810	0.01100	0.01209	0.01377	0.00769	0.00977	0.01449	0.01586	0.05319	0.03717	0.30427	0.04117	0.01968	0.00939	0.00303	0.00574	0.36543	0.00669	0.04957
32	0.01799	0.01727	0.02950	0.04462	0.69919	0.01727	0.02231	0.02231	0.01655	0.02375	0.01367	0.01799	0.01151	0.00648	0.00720	0.00216	0.00864	0.00648	0.00360	0.01151

[dist]
# distance from previous block
# <min> <max>
0	1

[block]
# block no. 5 follows, 28 sequences, length 175
# corresponding to MSA columns:
# 371-545
name=unknown_F
#
# <colnr> <probs for GDERKNQSTAVLIFYWHMCP>
#	G	D	E	R	K	N	Q	S	T	A	V	L	I	F	Y	W	H	M	C	P
0	0.61870	0.18175	0.01694	0.01022	0.01511	0.01915	0.00891	0.02146	0.01292	0.02907	0.01012	0.01177	0.00820	0.00663	0.00454	0.00209	0.00611	0.00392	0.00418	0.00820
1	0.02262	0.01106	0.01479	0.01196	0.01614	0.01000	0.02894	0.06437	0.02098	0.36963	0.23156	0.03780	0.10489	0.01165	0.00786	0.00228	0.00539	0.00990	0.00820	0.00998
2	0.01896	0.67883	0.10398	0.01325	0.01992	0.02759	0.01386	0.02189	0.01483	0.01769	0.01040	0.01202	0.00932	0.00629	0.00489	0.00163	0.00807	0.00403	0.00311	0.00947
3	0.02235	0.01736	0.01898	0.01674	0.06046	0.04407	0.01263	0.34390	0.17783	0.05924	0.12509	0.02546	0.02332	0.00976	0.00747	0.00225	0.00695	0.00790	0.00712	0.01112
4	0.01156	0.00844	0.01190	0.01377	0.04168	0.00833	0.01106	0.01482	0.01713	0.02277	0.13930	0.11889	0.04517	0.01890	0.00965	0.00311	0.00610	0.48378	0.00677	0.00686
5	0.02277	0.01493	0.04962	0.03953	0.02349	0.01295	0.15348	0.05120	0.04443	0.30568	0.06828	0.04505	0.01929	0.00862	0.00747	0.00218	0.00749	0.00790	0.00658	0.10907
6	0.00986	0.00765	0.00918	0.00983	0.01180	0.00697	0.00790	0.01235	0.01684	0.02124	0.12053	0.11860	0.36178	0.01894	0.00914	0.00278	0.00474	0.23662	0.00685	0.00639
7	0.01633	0.01367	0.01575	0.01136	0.01776	0.01098	0.00914	0.08425	0.01699	0.02591	0.01338	0.01531	0.01093	0.00572	0.00557	0.00119	0.00565	0.00453	0.00460	0.71099
8	0.01580	0.08148	0.59958	0.01937	0.02919	0.01693	0.02431	0.02327	0.01559	0.06345	0.01465	0.03869	0.01098	0.00749	0.00686	0.00227	0.01007	0.00588	0.00355	0.01059
9	0.48349	0.30972	0.02171	0.01072	0.01591	0.02132	0.00971	0.02153	0.01334	0.02637	0.01012	0.01175	0.00846	0.00653	0.00457	0.00197	0.00649	0.00392	0.00394	0.00846
10	0.02415	0.01762	0.01950	0.01560	0.02053	0.01955	0.01273	0.48227	0.09821	0.06422	0.01945	0.02045	0.01450	0.01595	0.11699	0.00368	0.00947	0.00694	0.00683	0.01136
11	0.01839	0.01597	0.01650	0.01492	0.01892	0.04111	0.01172	0.06682	0.58543	0.03010	0.02902	0.03006	0.02268	0.01045	0.00755	0.00249	0.00617	0.05336	0.00722	0.01110
12	0.00886	0.00633	0.00843	0.01012	0.01054	0.00590	0.00675	0.01012	0.01392	0.01856	0.04006	0.73979	0.04808	0.02277	0.00928	0.00295	0.00422	0.02066	0.00675	0.00590
13	0.01075	0.03563	0.01158	0.01082	0.01208	0.00908	0.00818	0.01294	0.01217	0.01740	0.02227	0.11724	0.02243	0.12081	0.48564	0.00912	0.01484	0.00946	0.05123	0.00632
14	0.01864	0.63193	0.14808	0.01380	0.02076	0.02681	0.01481	0.02197	0.01486	0.01808	0.01059	0.01227	0.00931	0.00633	0.00503	0.00168	0.00826	0.00413	0.00310	0.00956
15	0.00886	0.00633	0.00843	0.01012	0.01054	0.00590	0.00675	0.01012	0.01392	0.01856	0.04006	0.73979	0.04808	0.02277	0.00928	0.00295	0.00422	0.02066	0.00675	0.00590
16	0.01009	0.00742	0.00945	0.00894	0.01074	0.00678	0.00671	0.01334	0.02012	0.02806	0.62425	0.05609	0.14038	0.01527	0.00858	0.00231	0.00346	0.01340	0.00786	0.00678
