[name]
unknown

[dist]
# distance from previous block
# <min> <max>
0	70

[block]
# block no. 0 follows, 30 sequences, length 13
# corresponding to MSA columns:
# 75-87
name=unknown_A
#
# <colnr> <probs for GDERKNQSTAVLIFYWHMCP>
#	G	D	E	R	K	N	Q	S	T	A	V	L	I	F	Y	W	H	M	C	P
0	0.01102	0.00777	0.01050	0.01178	0.01306	0.00777	0.00981	0.01358	0.01485	0.01938	0.03389	0.07195	0.03713	0.16974	0.01493	0.00394	0.00650	0.53044	0.00598	0.00598
1	0.02796	0.01361	0.01915	0.01900	0.16006	0.01270	0.01284	0.09723	0.02043	0.50661	0.02350	0.02172	0.01546	0.00812	0.00699	0.00213	0.00659	0.00678	0.00741	0.01171
2	0.00972	0.00737	0.00940	0.00984	0.01143	0.00641	0.00684	0.01132	0.01359	0.01882	0.03313	0.59968	0.03883	0.01845	0.00814	0.00247	0.00428	0.01663	0.00600	0.16765
3	0.17631	0.01165	0.01238	0.01098	0.01431	0.01195	0.00839	0.14268	0.04984	0.02679	0.02223	0.25073	0.02262	0.03274	0.00799	0.02182	0.00538	0.00992	0.02184	0.13945
4	0.02114	0.01744	0.01875	0.09460	0.02298	0.06152	0.01259	0.33538	0.12880	0.03279	0.01681	0.01766	0.01255	0.00766	0.00659	0.00193	0.00732	0.00597	0.00578	0.17176
5	0.17563	0.01272	0.01574	0.01217	0.01717	0.01160	0.06987	0.01778	0.01382	0.02366	0.01447	0.08829	0.01334	0.00753	0.00654	0.00167	0.04265	0.00611	0.00430	0.44495
6	0.01552	0.01647	0.02577	0.07259	0.02571	0.08807	0.23988	0.01897	0.01389	0.01865	0.01318	0.01892	0.01133	0.01741	0.15921	0.00431	0.22176	0.00695	0.00341	0.00800
7	0.00864	0.00623	0.00822	0.00976	0.01033	0.00581	0.00669	0.01000	0.01363	0.01803	0.03993	0.67981	0.07780	0.02152	0.00892	0.00283	0.00416	0.05549	0.00647	0.00572
8	0.01602	0.01830	0.07458	0.02865	0.16953	0.01784	0.34640	0.02065	0.01486	0.02106	0.01292	0.01779	0.01050	0.00884	0.03424	0.00272	0.16525	0.00716	0.00338	0.00932
9	0.01569	0.16675	0.02542	0.40046	0.17484	0.04157	0.01780	0.02015	0.03735	0.01890	0.01248	0.01687	0.00998	0.00671	0.00643	0.00209	0.00870	0.00570	0.00330	0.00879
10	0.01072	0.01269	0.15314	0.01039	0.01278	0.00849	0.00911	0.01287	0.01233	0.01712	0.05191	0.13388	0.05804	0.41363	0.02261	0.00474	0.00672	0.01060	0.03232	0.00592
11	0.00973	0.00751	0.01028	0.03430	0.01261	0.00799	0.00827	0.01125	0.01326	0.01788	0.03372	0.55610	0.03963	0.04267	0.01129	0.00300	0.08619	0.08242	0.00592	0.00598
12	0.01260	0.00872	0.01050	0.01057	0.01233	0.00858	0.00765	0.12346	0.01724	0.05730	0.03835	0.50649	0.12205	0.01844	0.00841	0.00262	0.00468	0.01631	0.00667	0.00704

[dist]
# distance from previous block
# <min> <max>
22	35

[block]
# block no. 1 follows, 30 sequences, length 13
# corresponding to MSA columns:
# 123-135
name=unknown_B
#
# <colnr> <probs for GDERKNQSTAVLIFYWHMCP>
#	G	D	E	R	K	N	Q	S	T	A	V	L	I	F	Y	W	H	M	C	P
0	0.18677	0.01394	0.01737	0.17719	0.04816	0.01536	0.03786	0.14621	0.05001	0.05839	0.01789	0.06891	0.03718	0.00867	0.00695	0.00219	0.02754	0.00697	0.00499	0.06747
1	0.05082	0.01173	0.01663	0.29903	0.02774	0.01361	0.03215	0.06278	0.01509	0.02180	0.02018	0.07288	0.06847	0.00959	0.00858	0.00226	0.09269	0.00770	0.12116	0.04510
2	0.01342	0.00955	0.01380	0.13565	0.06624	0.01007	0.05614	0.04285	0.01516	0.02345	0.02134	0.11493	0.01878	0.01107	0.03354	0.00236	0.00607	0.00827	0.39000	0.00733
3	0.01413	0.00772	0.00789	0.00743	0.00935	0.00791	0.00562	0.07793	0.01611	0.02711	0.02217	0.02605	0.01767	0.04184	0.00645	0.00190	0.00382	0.00665	0.68535	0.00690
4	0.02653	0.01955	0.02094	0.01606	0.02164	0.02164	0.01326	0.68796	0.03281	0.04398	0.01675	0.01675	0.01187	0.00838	0.00698	0.00209	0.00768	0.00628	0.00698	0.01187
5	0.03131	0.01188	0.01619	0.01242	0.01781	0.01026	0.01026	0.03401	0.01997	0.71606	0.02753	0.02375	0.01727	0.00864	0.00702	0.00216	0.00594	0.00702	0.00864	0.01188
6	0.00825	0.00707	0.00707	0.00707	0.00943	0.00589	0.00530	0.01001	0.01591	0.01885	0.07069	0.06716	0.70839	0.01767	0.00825	0.00236	0.00353	0.01473	0.00648	0.00589
7	0.03131	0.01188	0.01619	0.01242	0.01781	0.01026	0.01026	0.03401	0.01997	0.71606	0.02753	0.02375	0.01727	0.00864	0.00702	0.00216	0.00594	0.00702	0.00864	0.01188
8	0.00825	0.00707	0.00707	0.00707	0.00943	0.00589	0.00530	0.01001	0.01591	0.01885	0.07069	0.06716	0.70839	0.01767	0.00825	0.00236	0.00353	0.01473	0.00648	0.00589
9	0.01940	0.60528	0.08114	0.01335	0.01928	0.12691	0.01311	0.02198	0.01502	0.01690	0.01005	0.01164	0.00895	0.00619	0.00489	0.00159	0.00839	0.00394	0.00307	0.00892
10	0.11316	0.01201	0.01521	0.01200	0.01702	0.01108	0.00984	0.03175	0.05809	0.57021	0.05752	0.02387	0.01873	0.00871	0.00679	0.00217	0.00573	0.00698	0.00804	0.01111
11	0.01580	0.01236	0.01461	0.01050	0.01664	0.00938	0.00843	0.01887	0.01490	0.07748	0.01360	0.01520	0.01088	0.00544	0.00531	0.00112	0.00523	0.00436	0.00449	0.73539
12	0.09447	0.01779	0.01916	0.01489	0.02027	0.01940	0.01227	0.51538	0.05471	0.13441	0.01806	0.01760	0.01259	0.00829	0.00676	0.00212	0.00716	0.00623	0.00698	0.01146

[dist]
# distance from previous block
# <min> <max>
0	3

[block]
# block no. 2 follows, 30 sequences, length 28
# corresponding to MSA columns:
# 139-166
name=unknown_C
#
# <colnr> <probs for GDERKNQSTAVLIFYWHMCP>
#	G	D	E	R	K	N	Q	S	T	A	V	L	I	F	Y	W	H	M	C	P
0	0.00991	0.04562	0.00994	0.00973	0.01054	0.00753	0.00665	0.03398	0.01359	0.01799	0.03368	0.57809	0.03984	0.13325	0.01270	0.00334	0.00477	0.01704	0.00597	0.00583
1	0.06159	0.01470	0.01645	0.05285	0.01986	0.01630	0.01142	0.10964	0.41925	0.16210	0.02506	0.02337	0.01808	0.00889	0.00692	0.00228	0.00605	0.00723	0.00702	0.01094
2	0.32403	0.20900	0.09054	0.01238	0.01778	0.01948	0.01162	0.15450	0.01705	0.02839	0.01290	0.05098	0.01091	0.00754	0.00537	0.00201	0.00682	0.00524	0.00448	0.00897
3	0.05316	0.00831	0.01033	0.00941	0.01159	0.00795	0.00718	0.04533	0.01971	0.07568	0.56855	0.07259	0.05632	0.01350	0.00791	0.00221	0.00381	0.01176	0.00750	0.00720
4	0.02563	0.01500	0.01753	0.01369	0.01901	0.01509	0.01117	0.25286	0.12927	0.30482	0.02233	0.02071	0.01530	0.00829	0.00681	0.00204	0.00637	0.00658	0.00733	0.10016
5	0.64553	0.01328	0.01110	0.00941	0.01411	0.01438	0.00770	0.01992	0.01240	0.02959	0.01026	0.01197	0.00812	0.00621	0.00449	0.00193	0.00535	0.00385	0.00428	0.16613
6	0.00864	0.00708	0.00761	0.00748	0.00967	0.00606	0.00561	0.01078	0.01683	0.02106	0.22449	0.06353	0.55322	0.01685	0.00824	0.00232	0.00348	0.01422	0.00677	0.00606
7	0.01342	0.01265	0.02137	0.69688	0.08728	0.01557	0.01950	0.01804	0.01407	0.01812	0.01245	0.01853	0.00941	0.00693	0.00697	0.00231	0.00924	0.00620	0.00312	0.00795
8	0.01212	0.00606	0.00909	0.00909	0.00909	0.00606	0.00606	0.00909	0.00909	0.01212	0.01212	0.02121	0.01212	0.02424	0.02727	0.79697	0.00606	0.00606	0.00303	0.00303
9	0.80405	0.01350	0.01026	0.00918	0.01350	0.01565	0.00756	0.02051	0.01188	0.03131	0.00972	0.01134	0.00756	0.00648	0.00432	0.00216	0.00540	0.00378	0.00432	0.00756
10	0.02088	0.01538	0.01731	0.01425	0.01829	0.01696	0.01146	0.46537	0.02601	0.03507	0.02016	0.12136	0.01772	0.01857	0.14341	0.00392	0.00925	0.00840	0.00630	0.00993
11	0.01870	0.01279	0.01436	0.01247	0.01627	0.01368	0.00980	0.07514	0.36402	0.15337	0.12082	0.03124	0.07203	0.01038	0.00721	0.00225	0.00521	0.00865	0.04147	0.01011
12	0.02094	0.01570	0.02021	0.05025	0.11358	0.01674	0.04962	0.32162	0.07301	0.07886	0.02079	0.07737	0.01743	0.00978	0.00732	0.00226	0.00728	0.05567	0.03124	0.01036
13	0.00892	0.00649	0.00841	0.00921	0.01017	0.00598	0.00642	0.01085	0.01561	0.02115	0.25538	0.47386	0.10348	0.01911	0.00864	0.00259	0.00377	0.01713	0.00686	0.00598
14	0.01651	0.01870	0.04048	0.03014	0.07286	0.01759	0.65005	0.02230	0.01644	0.02238	0.01406	0.01874	0.01061	0.00590	0.00816	0.00234	0.01158	0.00813	0.00353	0.00950
15	0.80405	0.01350	0.01026	0.00918	0.01350	0.01565	0.00756	0.02051	0.01188	0.03131	0.00972	0.01134	0.00756	0.00648	0.00432	0.00216	0.00540	0.00378	0.00432	0.00756
16	0.01788	0.01027	0.01328	0.05501	0.01646	0.00894	0.00871	0.02026	0.01563	0.23538	0.04821	0.15103	0.02249	0.09880	0.01023	0.00250	0.00559	0.00892	0.00602	0.24440
17	0.01318	0.01240	0.02093	0.73798	0.04806	0.01550	0.01938	0.01783	0.01395	0.01783	0.01240	0.01860	0.00930	0.00698	0.00698	0.00233	0.00930	0.00620	0.00310	0.00775
18	0.01470	0.14482	0.61601	0.01869	0.02835	0.01792	0.02370	0.02192	0.01465	0.02124	0.01210	0.01420	0.00886	0.00653	0.00631	0.00210	0.00988	0.00494	0.00295	0.01011
19	0.01400	0.03610	0.71860	0.01989	0.03020	0.01621	0.02578	0.02210	0.01473	0.02210	0.01252	0.01473	0.00884	0.00663	0.00663	0.00221	0.01031	0.00516	0.00295	0.01031
20	0.01124	0.00803	0.01124	0.01285	0.01446	0.00803	0.01124	0.01446	0.01606	0.02088	0.03695	0.07871	0.04016	0.01928	0.00964	0.00321	0.00643	0.66426	0.00643	0.00643
21	0.01400	0.03610	0.71860	0.01989	0.03020	0.01621	0.02578	0.02210	0.01473	0.02210	0.01252	0.01473	0.00884	0.00663	0.00663	0.00221	0.01031	0.00516	0.00295	0.01031
22	0.01866	0.75896	0.03657	0.01194	0.01791	0.02761	0.01194	0.02090	0.01418	0.01642	0.00970	0.01119	0.00896	0.00597	0.00448	0.00149	0.00746	0.00373	0.00299	0.00896
23	0.11799	0.56273	0.06081	0.01213	0.01783	0.04816	0.01189	0.02126	0.01418	0.03946	0.01068	0.01230	0.00929	0.00766	0.02766	0.00195	0.00781	0.00404	0.00337	0.00881
24	0.01801	0.00898	0.01131	0.00976	0.01310	0.00780	0.00766	0.02043	0.01818	0.30545	0.17876	0.08820	0.25671	0.01355	0.00778	0.00227	0.00450	0.01147	0.00760	0.00846
25	0.00963	0.00710	0.00886	0.00843	0.01010	0.00648	0.00624	0.01248	0.01857	0.02566	0.56455	0.05416	0.16683	0.05860	0.00985	0.00249	0.00354	0.01281	0.00728	0.00633
26	0.00890	0.00705	0.00800	0.00786	0.00985	0.00615	0.00586	0.01123	0.01729	0.02237	0.31795	0.09214	0.42754	0.01653	0.00827	0.00231	0.00346	0.01414	0.00695	0.00615
27	0.01215	0.01064	0.01733	0.44360	0.03368	0.01226	0.03765	0.01612	0.01581	0.02119	0.24538	0.02994	0.02839	0.00999	0.00815	0.03016	0.00726	0.00842	0.00465	0.00725

[dist]
# distance from previous block
# <min> <max>
1	5

[block]
# block no. 3 follows, 30 sequences, length 24
# corresponding to MSA columns:
# 172-195
name=unknown_D
#
# <colnr> <probs for GDERKNQSTAVLIFYWHMCP>
#	G	D	E	R	K	N	Q	S	T	A	V	L	I	F	Y	W	H	M	C	P
0	0.01870	0.61561	0.11574	0.01336	0.01965	0.08215	0.01370	0.02159	0.01469	0.01714	0.01012	0.01172	0.00894	0.00615	0.00488	0.00160	0.00821	0.00396	0.00303	0.00905
1	0.45065	0.13060	0.04530	0.01217	0.04158	0.01700	0.01020	0.04297	0.04125	0.13165	0.01357	0.01427	0.01008	0.00689	0.00513	0.00206	0.00618	0.00464	0.00486	0.00893
2	0.00872	0.00621	0.00818	0.00951	0.01000	0.00581	0.00635	0.01005	0.01373	0.01846	0.09639	0.64720	0.04666	0.06442	0.01042	0.00301	0.00414	0.01863	0.00645	0.00566
3	0.01898	0.59983	0.03496	0.01431	0.01995	0.08785	0.07418	0.02149	0.01475	0.01704	0.01018	0.01217	0.00912	0.00630	0.00566	0.00166	0.03531	0.00430	0.00309	0.00887
4	0.58911	0.05911	0.01374	0.01071	0.01527	0.06037	0.00887	0.08120	0.01490	0.07637	0.01160	0.01271	0.00876	0.00680	0.00487	0.00209	0.00620	0.00426	0.00472	0.00834
5	0.01013	0.00682	0.00789	0.00789	0.00798	0.00692	0.00457	0.01033	0.01023	0.01374	0.02173	0.04426	0.02476	0.70073	0.08871	0.00711	0.00768	0.00994	0.00419	0.00438
6	0.02309	0.01728	0.01857	0.01483	0.01958	0.01907	0.01197	0.51816	0.11345	0.03858	0.02136	0.06390	0.03701	0.04000	0.00831	0.00237	0.00703	0.00770	0.00684	0.01090
7	0.01010	0.00694	0.00849	0.00849	0.00879	0.00724	0.00532	0.01071	0.01041	0.01418	0.02119	0.04123	0.02344	0.58392	0.20372	0.00785	0.00967	0.00950	0.00411	0.00472
8	0.03131	0.01188	0.01619	0.01242	0.01781	0.01026	0.01026	0.03401	0.01997	0.71606	0.02753	0.02375	0.01727	0.00864	0.00702	0.00216	0.00594	0.00702	0.00864	0.01188
9	0.10969	0.01204	0.01559	0.01209	0.01738	0.01080	0.00998	0.03264	0.01915	0.64660	0.02572	0.02249	0.01629	0.00842	0.00674	0.00216	0.00588	0.00669	0.00820	0.01144
10	0.00988	0.00713	0.00933	0.00878	0.01043	0.00658	0.00658	0.01317	0.01975	0.02798	0.70754	0.05213	0.06584	0.01427	0.00823	0.00219	0.00329	0.01262	0.00768	0.00658
11	0.01015	0.00677	0.00761	0.00761	0.00761	0.00677	0.00423	0.01015	0.01015	0.01353	0.02199	0.04567	0.02537	0.75476	0.03552	0.00677	0.00677	0.01015	0.00423	0.00423
12	0.01866	0.75896	0.03657	0.01194	0.01791	0.02761	0.01194	0.02090	0.01418	0.01642	0.00970	0.01119	0.00896	0.00597	0.00448	0.00149	0.00746	0.00373	0.00299	0.00896
13	0.80405	0.01350	0.01026	0.00918	0.01350	0.01565	0.00756	0.02051	0.01188	0.03131	0.00972	0.01134	0.00756	0.00648	0.00432	0.00216	0.00540	0.00378	0.00432	0.00756
14	0.01527	0.01527	0.02137	0.01832	0.01832	0.02137	0.01527	0.01679	0.01069	0.01679	0.00916	0.01527	0.00916	0.01221	0.02290	0.00305	0.74198	0.00611	0.00305	0.00763
15	0.42519	0.01270	0.01317	0.01076	0.01561	0.01301	0.00888	0.02713	0.01585	0.36703	0.01845	0.01742	0.01232	0.00754	0.00564	0.00216	0.00566	0.00537	0.00644	0.00967
16	0.80405	0.01350	0.01026	0.00918	0.01350	0.01565	0.00756	0.02051	0.01188	0.03131	0.00972	0.01134	0.00756	0.00648	0.00432	0.00216	0.00540	0.00378	0.00432	0.00756
17	0.01237	0.00883	0.01008	0.00928	0.01067	0.00906	0.00637	0.11271	0.01539	0.02062	0.10786	0.04267	0.09677	0.41774	0.08558	0.00546	0.00720	0.01009	0.00524	0.00600
18	0.02678	0.01958	0.02063	0.01591	0.02142	0.04513	0.01310	0.62806	0.03163	0.08139	0.01716	0.01701	0.01208	0.00835	0.00696	0.00209	0.00775	0.00626	0.00696	0.01174
19	0.02637	0.01908	0.02057	0.01585	0.02136	0.02105	0.01307	0.63881	0.05690	0.06924	0.01760	0.01737	0.01242	0.00843	0.00699	0.00211	0.00753	0.00637	0.00705	0.01184
20	0.01076	0.00733	0.00961	0.00893	0.01073	0.00674	0.00674	0.01403	0.01976	0.05642	0.67944	0.05095	0.06384	0.01403	0.00818	0.00219	0.00340	0.01239	0.00772	0.00680
21	0.01726	0.02016	0.11534	0.03723	0.51923	0.05573	0.08949	0.02195	0.01602	0.02235	0.01302	0.01686	0.01062	0.00629	0.00698	0.00210	0.00913	0.00620	0.00341	0.01063
22	0.01014	0.00681	0.00782	0.00782	0.00789	0.00688	0.00448	0.01028	0.01021	0.01368	0.02180	0.04462	0.02492	0.71469	0.07497	0.00702	0.00745	0.01000	0.00420	0.00434
23	0.00850	0.00607	0.00810	0.00972	0.01012	0.00567	0.00648	0.00972	0.01336	0.01781	0.03846	0.75020	0.04615	0.02186	0.00891	0.00283	0.00405	0.01984	0.00648	0.00567

[dist]
# distance from previous block
# <min> <max>
0	4

[block]
# block no. 4 follows, 30 sequences, length 16
# corresponding to MSA columns:
# 200-215
name=unknown_E
#
# <colnr> <probs for GDERKNQSTAVLIFYWHMCP>
#	G	D	E	R	K	N	Q	S	T	A	V	L	I	F	Y	W	H	M	C	P
0	0.01318	0.01240	0.02093	0.73798	0.04806	0.01550	0.01938	0.01783	0.01395	0.01783	0.01240	0.01860	0.00930	0.00698	0.00698	0.00233	0.00930	0.00620	0.00310	0.00775
1	0.01665	0.44750	0.33043	0.01537	0.02321	0.02270	0.01790	0.02141	0.01442	0.01887	0.01092	0.01272	0.00891	0.00625	0.00540	0.00180	0.00869	0.00435	0.00297	0.00954
2	0.01400	0.03610	0.71860	0.01989	0.03020	0.01621	0.02578	0.02210	0.01473	0.02210	0.01252	0.01473	0.00884	0.00663	0.00663	0.00221	0.01031	0.00516	0.00295	0.01031
3	0.00850	0.00607	0.00810	0.00972	0.01012	0.00567	0.00648	0.00972	0.01336	0.01781	0.03846	0.75020	0.04615	0.02186	0.00891	0.00283	0.00405	0.01984	0.00648	0.00567
4	0.00998	0.00741	0.01090	0.01090	0.01203	0.00855	0.00833	0.01226	0.01112	0.01596	0.01898	0.02903	0.01815	0.11444	0.66596	0.01082	0.01764	0.00771	0.00378	0.00605
5	0.01689	0.01619	0.02763	0.10798	0.64908	0.01648	0.02123	0.02108	0.01571	0.02233	0.01306	0.01740	0.01089	0.00629	0.00691	0.00210	0.00839	0.00622	0.00342	0.01074
6	0.05618	0.07979	0.63869	0.01883	0.02855	0.01689	0.02396	0.02194	0.01455	0.02223	0.01220	0.01433	0.00878	0.00658	0.00637	0.00216	0.00988	0.00499	0.00302	0.01008
7	0.01286	0.00652	0.00656	0.00656	0.00810	0.00652	0.00484	0.01595	0.01440	0.02538	0.02272	0.02702	0.01827	0.04643	0.00645	0.00189	0.00343	0.00669	0.75301	0.00639
8	0.01141	0.00743	0.00952	0.00900	0.01092	0.00682	0.00687	0.01446	0.01879	0.07376	0.51759	0.07350	0.11067	0.01432	0.00806	0.00225	0.00367	0.04459	0.04951	0.00685
9	0.11838	0.01661	0.12623	0.01555	0.03983	0.01376	0.05923	0.02735	0.16816	0.21426	0.02305	0.05256	0.01809	0.00941	0.00702	0.00234	0.00690	0.06516	0.00609	0.01000
10	0.02942	0.01149	0.01575	0.01231	0.01734	0.01012	0.01012	0.03210	0.01920	0.65418	0.02675	0.02408	0.01729	0.01250	0.07068	0.00296	0.00707	0.00706	0.00820	0.01138
11	0.00850	0.00607	0.00810	0.00972	0.01012	0.00567	0.00648	0.00972	0.01336	0.01781	0.03846	0.75020	0.04615	0.02186	0.00891	0.00283	0.00405	0.01984	0.00648	0.00567
12	0.01647	0.01882	0.04118	0.02941	0.03647	0.01765	0.68588	0.02235	0.01647	0.02235	0.01412	0.01882	0.01059	0.00588	0.00824	0.00235	0.01176	0.00824	0.00353	0.00941
13	0.66431	0.01280	0.01072	0.00944	0.01363	0.01437	0.00772	0.02112	0.01330	0.09406	0.07163	0.01600	0.01349	0.00735	0.00490	0.00216	0.00527	0.00484	0.00501	0.00787
14	0.74973	0.01505	0.05895	0.00991	0.01464	0.01569	0.00881	0.02062	0.01207	0.03068	0.00991	0.01157	0.00765	0.00649	0.00448	0.00216	0.00574	0.00387	0.00422	0.00775
15	0.01320	0.01018	0.01356	0.01253	0.01481	0.01014	0.05922	0.15090	0.01774	0.02377	0.03159	0.44595	0.05385	0.03877	0.00912	0.00270	0.00559	0.04362	0.00620	0.03657

[dist]
# distance from previous block
# <min> <max>
0	1

[block]
# block no. 5 follows, 30 sequences, length 30
# corresponding to MSA columns:
# 217-246
name=unknown_F
#
# <colnr> <probs for GDERKNQSTAVLIFYWHMCP>
#	G	D	E	R	K	N	Q	S	T	A	V	L	I	F	Y	W	H	M	C	P
0	0.00850	0.00607	0.00810	0.00972	0.01012	0.00567	0.00648	0.00972	0.01336	0.01781	0.03846	0.75020	0.04615	0.02186	0.00891	0.00283	0.00405	0.01984	0.00648	0.00567
1	0.02164	0.02047	0.01948	0.04890	0.10366	0.20551	0.01349	0.25166	0.09686	0.02913	0.06580	0.05700	0.01750	0.00897	0.00699	0.00210	0.00839	0.00712	0.00553	0.00981
2	0.53636	0.01565	0.06377	0.07195	0.12488	0.01590	0.03968	0.02063	0.01303	0.02797	0.01082	0.01334	0.00844	0.00646	0.00524	0.00217	0.00674	0.00462	0.00397	0.00837
3	0.20719	0.01648	0.02401	0.06166	0.44990	0.04604	0.05393	0.02137	0.01504	0.02438	0.01223	0.01578	0.01003	0.00633	0.00633	0.00211	0.00800	0.00567	0.00366	0.00986
4	0.01924	0.70229	0.03526	0.01241	0.01820	0.08221	0.01206	0.02144	0.01462	0.01647	0.00979	0.01130	0.00896	0.00607	0.00462	0.00152	0.00786	0.00379	0.00303	0.00889
5	0.01042	0.00744	0.00838	0.00842	0.00905	0.00749	0.00524	0.01253	0.07164	0.01623	0.04632	0.12787	0.08704	0.52188	0.02689	0.00543	0.00597	0.01153	0.00502	0.00520
6	0.04522	0.08633	0.09666	0.02103	0.15039	0.28966	0.01534	0.05739	0.05995	0.06661	0.01573	0.01710	0.03390	0.00746	0.00643	0.00197	0.00949	0.00560	0.00427	0.00948
7	0.05159	0.01235	0.01533	0.01229	0.01697	0.01182	0.00998	0.09227	0.10395	0.44659	0.10381	0.02753	0.04435	0.00956	0.00711	0.00219	0.00566	0.00782	0.00797	0.01085
8	0.00952	0.00748	0.00779	0.00757	0.01005	0.00641	0.00572	0.01188	0.03437	0.04821	0.10054	0.06351	0.62878	0.01691	0.00817	0.00234	0.00367	0.01412	0.00665	0.00631
9	0.01546	0.01675	0.08406	0.29293	0.34101	0.01625	0.05682	0.02097	0.04799	0.02121	0.01360	0.01805	0.01069	0.00667	0.00699	0.00221	0.00889	0.00631	0.00346	0.00969
10	0.09691	0.02340	0.25327	0.07122	0.27720	0.06839	0.02001	0.02264	0.01554	0.06847	0.01332	0.01600	0.01012	0.00666	0.00652	0.00213	0.00889	0.00554	0.00370	0.01009
11	0.06132	0.01216	0.01610	0.01240	0.01776	0.01080	0.01024	0.05263	0.02003	0.66966	0.02652	0.02306	0.01674	0.00855	0.00691	0.00216	0.00597	0.00687	0.00842	0.01171
12	0.00847	0.00618	0.00798	0.00942	0.01004	0.00569	0.00635	0.00975	0.01364	0.01793	0.04202	0.67483	0.11923	0.02140	0.00883	0.00278	0.00399	0.01927	0.00648	0.00569
13	0.01519	0.01713	0.09607	0.09118	0.09774	0.01481	0.31337	0.02082	0.04728	0.04897	0.04423	0.02698	0.11676	0.00837	0.00773	0.00230	0.00905	0.00858	0.00435	0.00907
14	0.05817	0.06271	0.45101	0.02422	0.18743	0.01706	0.02258	0.02152	0.01461	0.02223	0.01221	0.01500	0.00931	0.00678	0.00731	0.00219	0.04705	0.00531	0.00315	0.01014
15	0.02969	0.01178	0.01585	0.01232	0.01747	0.01038	0.01011	0.03313	0.04832	0.65423	0.06031	0.02521	0.01978	0.00894	0.00708	0.00217	0.00579	0.00732	0.00853	0.01159
16	0.01015	0.00677	0.00761	0.00761	0.00761	0.00677	0.00423	0.01015	0.01015	0.01353	0.02199	0.04567	0.02537	0.75476	0.03552	0.00677	0.00677	0.01015	0.00423	0.00423
17	0.01469	0.07565	0.43885	0.01825	0.02615	0.01513	0.09899	0.02083	0.01536	0.05941	0.04688	0.07174	0.05047	0.00857	0.00701	0.00223	0.00898	0.00737	0.00396	0.00949
18	0.02282	0.07386	0.02268	0.05690	0.16400	0.36280	0.01515	0.12424	0.05171	0.02281	0.01298	0.01499	0.01042	0.00718	0.00647	0.00193	0.01015	0.00530	0.00417	0.00944
19	0.02309	0.01047	0.01383	0.01130	0.01532	0.00948	0.00906	0.02712	0.06471	0.43647	0.25908	0.03356	0.03407	0.01061	0.00744	0.00219	0.00501	0.00898	0.00821	0.01002
20	0.01866	0.75896	0.03657	0.01194	0.01791	0.02761	0.01194	0.02090	0.01418	0.01642	0.00970	0.01119	0.00896	0.00597	0.00448	0.00149	0.00746	0.00373	0.00299	0.00896
21	0.01955	0.01487	0.06996	0.20329	0.13165	0.01399	0.05118	0.02546	0.09302	0.22065	0.02052	0.02481	0.01547	0.00843	0.00723	0.00230	0.00776	0.05445	0.00544	0.00997
22	0.01718	0.01803	0.04464	0.21333	0.44557	0.09941	0.02010	0.02129	0.01583	0.02087	0.01265	0.01699	0.01031	0.00653	0.00685	0.00211	0.00910	0.00598	0.00337	0.00986
23	0.00850	0.00607	0.00810	0.00972	0.01012	0.00567	0.00648	0.00972	0.01336	0.01781	0.03846	0.75020	0.04615	0.02186	0.00891	0.00283	0.00405	0.01984	0.00648	0.00567
24	0.01012	0.00739	0.00919	0.00999	0.01108	0.00712	0.00697	0.06880	0.01562	0.02073	0.07587	0.58981	0.10109	0.01992	0.00865	0.00269	0.00428	0.01783	0.00659	0.00628
25	0.02100	0.02666	0.09268	0.02521	0.23210	0.39021	0.01669	0.02411	0.01765	0.01938	0.01350	0.06294	0.01206	0.00781	0.00669	0.00199	0.01048	0.00610	0.00368	0.00906
26	0.01198	0.00707	0.01081	0.11111	0.01493	0.00748	0.00827	0.01069	0.01049	0.01384	0.01544	0.07256	0.01572	0.02137	0.02213	0.58425	0.00640	0.04792	0.00348	0.00407
27	0.00850	0.00607	0.00810	0.00972	0.01012	0.00567	0.00648	0.00972	0.01336	0.01781	0.03846	0.75020	0.04615	0.02186	0.00891	0.00283	0.00405	0.01984	0.00648	0.00567
28	0.01510	0.06330	0.61873	0.01866	0.02814	0.01593	0.02349	0.02244	0.01523	0.06526	0.04080	0.01662	0.01162	0.00703	0.00663	0.00218	0.00965	0.00551	0.00349	0.01021
29	0.01920	0.01681	0.08946	0.06302	0.04819	0.04313	0.01367	0.13714	0.20969	0.11731	0.02395	0.06548	0.01988	0.01037	0.00738	0.00237	0.00710	0.08961	0.00619	0.01003

[dist]
# distance from previous block
# <min> <max>
2	4

[block]
# block no. 6 follows, 30 sequences, length 178
# corresponding to MSA columns:
# 251-322,325-334,336-347,351-434
name=unknown_G
#
# <colnr> <probs for GDERKNQSTAVLIFYWHMCP>
#	G	D	E	R	K	N	Q	S	T	A	V	L	I	F	Y	W	H	M	C	P
0	0.01479	0.15933	0.60232	0.01853	0.02811	0.01815	0.02342	0.02189	0.01464	0.02113	0.01204	0.01413	0.00886	0.00652	0.00626	0.00209	0.00983	0.00491	0.00295	0.01008
1	0.01809	0.67032	0.06685	0.01230	0.01825	0.02597	0.01238	0.02134	0.04154	0.01758	0.03396	0.01332	0.01135	0.00642	0.00481	0.00158	0.00738	0.00426	0.00330	0.00902
2	0.01400	0.03610	0.71860	0.01989	0.03020	0.01621	0.02578	0.02210	0.01473	0.02210	0.01252	0.01473	0.00884	0.00663	0.00663	0.00221	0.01031	0.00516	0.00295	0.01031
3	0.02653	0.01955	0.02094	0.01606	0.02164	0.02164	0.01326	0.68796	0.03281	0.04398	0.01675	0.01675	0.01187	0.00838	0.00698	0.00209	0.00768	0.00628	0.00698	0.01187
4	0.80405	0.01350	0.01026	0.00918	0.01350	0.01565	0.00756	0.02051	0.01188	0.03131	0.00972	0.01134	0.00756	0.00648	0.00432	0.00216	0.00540	0.00378	0.00432	0.00756
5	0.02833	0.01665	0.01915	0.01468	0.02020	0.01735	0.01213	0.44144	0.02797	0.29733	0.02082	0.01939	0.01391	0.00847	0.00699	0.00212	0.00702	0.00656	0.00761	0.01187
6	0.01736	0.01499	0.01578	0.01420	0.01815	0.01736	0.01105	0.03708	0.69862	0.02919	0.02840	0.02604	0.02130	0.00947	0.00710	0.00237	0.00552	0.00789	0.00710	0.01105
7	0.03131	0.01188	0.01619	0.01242	0.01781	0.01026	0.01026	0.03401	0.01997	0.71606	0.02753	0.02375	0.01727	0.00864	0.00702	0.00216	0.00594	0.00702	0.00864	0.01188
8	0.01736	0.01499	0.01578	0.01420	0.01815	0.01736	0.01105	0.03708	0.69862	0.02919	0.02840	0.02604	0.02130	0.00947	0.00710	0.00237	0.00552	0.00789	0.00710	0.01105
9	0.01686	0.00893	0.01173	0.01013	0.01304	0.00817	0.00791	0.02063	0.04736	0.24253	0.46801	0.04222	0.04890	0.01232	0.00781	0.00219	0.00421	0.01068	0.00796	0.00841
10	0.01136	0.00793	0.01050	0.01143	0.01310	0.00776	0.00932	0.01481	0.04804	0.04710	0.10486	0.21188	0.08904	0.01836	0.00903	0.00289	0.00535	0.36387	0.00668	0.00666
11	0.00963	0.00659	0.00772	0.00816	0.00836	0.00644	0.00488	0.01003	0.01122	0.01488	0.02820	0.23723	0.05556	0.52978	0.02733	0.00554	0.00591	0.01294	0.00492	0.00468
12	0.00884	0.00697	0.00797	0.00799	0.00986	0.00610	0.00589	0.01106	0.01691	0.02186	0.28551	0.14675	0.40545	0.01702	0.00832	0.00236	0.00352	0.01464	0.00689	0.00610
13	0.54972	0.01477	0.03709	0.19135	0.02298	0.04384	0.01135	0.02019	0.01280	0.02708	0.01052	0.01331	0.00809	0.00664	0.00514	0.00219	0.00682	0.00446	0.00394	0.00772
14	0.04990	0.13825	0.02224	0.04490	0.04724	0.49793	0.01349	0.05039	0.03956	0.01905	0.01149	0.01330	0.00951	0.00705	0.00605	0.00182	0.01090	0.00465	0.00374	0.00853
15	0.01919	0.58843	0.10269	0.01355	0.01964	0.12092	0.01354	0.02196	0.01499	0.01708	0.01013	0.01174	0.00895	0.00620	0.00494	0.00161	0.00844	0.00398	0.00306	0.00897
16	0.01300	0.01085	0.03657	0.04340	0.06535	0.01046	0.01069	0.01961	0.15253	0.04780	0.23946	0.07511	0.08518	0.01357	0.00809	0.00247	0.00536	0.14593	0.00656	0.00802
17	0.01157	0.00837	0.01030	0.01070	0.01204	0.00836	0.00760	0.12170	0.01701	0.02284	0.08177	0.58044	0.04188	0.01911	0.00854	0.00267	0.00459	0.01710	0.00664	0.00675
18	0.00953	0.00683	0.00787	0.00802	0.00874	0.00660	0.00512	0.01035	0.01217	0.01585	0.05738	0.12114	0.18149	0.43564	0.07906	0.00556	0.00657	0.01204	0.00504	0.00498
19	0.00850	0.00707	0.00735	0.00728	0.00947	0.00600	0.00541	0.01038	0.01614	0.01971	0.14194	0.06466	0.61006	0.04390	0.00923	0.00250	0.00362	0.01432	0.00654	0.00591
20	0.02835	0.01662	0.01913	0.01467	0.02018	0.01729	0.01211	0.43810	0.02791	0.30076	0.02087	0.01943	0.01393	0.00848	0.00699	0.00212	0.00701	0.00656	0.00761	0.01187
21	0.01527	0.01527	0.02137	0.01832	0.01832	0.02137	0.01527	0.01679	0.01069	0.01679	0.00916	0.01527	0.00916	0.01221	0.02290	0.00305	0.74198	0.00611	0.00305	0.00763
22	0.00929	0.00703	0.00857	0.00835	0.01011	0.00631	0.00620	0.01198	0.01813	0.02453	0.46976	0.11111	0.25141	0.01585	0.00829	0.00229	0.00342	0.01380	0.00724	0.00631
23	0.80405	0.01350	0.01026	0.00918	0.01350	0.01565	0.00756	0.02051	0.01188	0.03131	0.00972	0.01134	0.00756	0.00648	0.00432	0.00216	0.00540	0.00378	0.00432	0.00756
24	0.01866	0.75896	0.03657	0.01194	0.01791	0.02761	0.01194	0.02090	0.01418	0.01642	0.00970	0.01119	0.00896	0.00597	0.00448	0.00149	0.00746	0.00373	0.00299	0.00896
25	0.02601	0.01905	0.02039	0.01569	0.02113	0.02106	0.01294	0.66241	0.03212	0.04330	0.01698	0.01711	0.01210	0.00837	0.00690	0.00208	0.00751	0.00629	0.03690	0.01166
26	0.01811	0.01164	0.01247	0.03686	0.01468	0.01254	0.00857	0.26949	0.02146	0.03249	0.02012	0.02225	0.01530	0.00818	0.00575	0.00183	0.00514	0.00641	0.46813	0.00857
27	0.01802	0.00891	0.01191	0.01020	0.01324	0.00796	0.00798	0.02102	0.01964	0.29035	0.42747	0.06266	0.04670	0.01235	0.00779	0.00220	0.00433	0.01070	0.00801	0.00858
28	0.01088	0.00736	0.00965	0.00895	0.01077	0.00676	0.00676	0.01415	0.01976	0.06029	0.67562	0.05079	0.06356	0.01400	0.00817	0.00219	0.00342	0.01236	0.00773	0.00683
29	0.00903	0.00691	0.01027	0.01101	0.01185	0.00645	0.05109	0.01055	0.01356	0.01811	0.03686	0.70218	0.04382	0.02081	0.00886	0.00280	0.00456	0.01908	0.00628	0.00591
30	0.02515	0.01822	0.01947	0.01508	0.02026	0.02010	0.01241	0.61947	0.03096	0.04215	0.01737	0.01770	0.01248	0.00835	0.00677	0.00205	0.00723	0.00631	0.08718	0.01132
31	0.01330	0.01210	0.02037	0.63900	0.04376	0.01473	0.04502	0.01786	0.01412	0.01880	0.01347	0.01933	0.01018	0.00704	0.00683	0.00226	0.00882	0.00631	0.07902	0.00770
32	0.02665	0.01861	0.02028	0.01562	0.02113	0.02035	0.01288	0.59846	0.05686	0.10996	0.01826	0.01780	0.01276	0.00844	0.00699	0.00211	0.00742	0.00642	0.00715	0.01184
33	0.80405	0.01350	0.01026	0.00918	0.01350	0.01565	0.00756	0.02051	0.01188	0.03131	0.00972	0.01134	0.00756	0.00648	0.00432	0.00216	0.00540	0.00378	0.00432	0.00756
34	0.04636	0.01663	0.02913	0.06293	0.57254	0.01665	0.11003	0.02139	0.01575	0.02289	0.01311	0.01730	0.01080	0.00621	0.00699	0.00212	0.00868	0.00640	0.00348	0.01059
35	0.02246	0.01101	0.01382	0.01123	0.01563	0.00993	0.00902	0.02710	0.09888	0.39942	0.10180	0.03332	0.13597	0.01053	0.00721	0.00214	0.00517	0.00874	0.00767	0.06894
36	0.01444	0.06172	0.61935	0.02062	0.03041	0.01680	0.09669	0.02208	0.01490	0.02191	0.01259	0.01504	0.00903	0.00652	0.00672	0.00220	0.01036	0.00544	0.00301	0.01016
37	0.01136	0.01435	0.17863	0.01140	0.01538	0.00912	0.01115	0.01586	0.03553	0.04559	0.35957	0.06892	0.16976	0.01305	0.00781	0.00225	0.00518	0.01119	0.00630	0.00759
38	0.00850	0.00607	0.00810	0.00972	0.01012	0.00567	0.00648	0.00972	0.01336	0.01781	0.03846	0.75020	0.04615	0.02186	0.00891	0.00283	0.00405	0.01984	0.00648	0.00567
39	0.01736	0.01499	0.01578	0.01420	0.01815	0.01736	0.01105	0.03708	0.69862	0.02919	0.02840	0.02604	0.02130	0.00947	0.00710	0.00237	0.00552	0.00789	0.00710	0.01105
40	0.05347	0.30389	0.04739	0.01509	0.02003	0.26805	0.01306	0.13747	0.01912	0.02215	0.01135	0.01288	0.00941	0.00706	0.00621	0.00180	0.03396	0.00456	0.00394	0.00910
41	0.02159	0.01604	0.01794	0.01367	0.01917	0.01619	0.01117	0.39214	0.02472	0.06254	0.01587	0.01699	0.01195	0.01025	0.05441	0.00235	0.00750	0.00567	0.00588	0.27396
42	0.01527	0.01527	0.02137	0.01832	0.01832	0.02137	0.01527	0.01679	0.01069	0.01679	0.00916	0.01527	0.00916	0.01221	0.02290	0.00305	0.74198	0.00611	0.00305	0.00763
43	0.01318	0.01240	0.02093	0.73798	0.04806	0.01550	0.01938	0.01783	0.01395	0.01783	0.01240	0.01860	0.00930	0.00698	0.00698	0.00233	0.00930	0.00620	0.00310	0.00775
44	0.01447	0.01240	0.01447	0.01034	0.01654	0.00930	0.00827	0.01757	0.01447	0.02274	0.01240	0.01447	0.01034	0.00517	0.00517	0.00103	0.00517	0.00413	0.00413	0.79742
45	0.00997	0.00748	0.01121	0.01121	0.01246	0.00872	0.00872	0.01246	0.01121	0.01620	0.01869	0.02741	0.01745	0.05234	0.72710	0.01121	0.01869	0.00748	0.00374	0.00623
46	0.80405	0.01350	0.01026	0.00918	0.01350	0.01565	0.00756	0.02051	0.01188	0.03131	0.00972	0.01134	0.00756	0.00648	0.00432	0.00216	0.00540	0.00378	0.00432	0.00756
47	0.02589	0.02210	0.02070	0.04574	0.02270	0.16762	0.01356	0.52388	0.02934	0.03734	0.01534	0.01596	0.01117	0.00807	0.00684	0.00204	0.00876	0.00591	0.00612	0.01092
48	0.05575	0.02975	0.01965	0.01726	0.02128	0.55773	0.01321	0.16049	0.02210	0.02304	0.01195	0.01338	0.00951	0.00740	0.00636	0.00187	0.01132	0.00483	0.00430	0.00883
49	0.01734	0.01719	0.04827	0.06566	0.61627	0.01676	0.04644	0.04619	0.01644	0.02337	0.01326	0.01729	0.01094	0.00632	0.00696	0.00210	0.00849	0.00627	0.00356	0.01088
50	0.02051	0.01060	0.01349	0.01129	0.01496	0.01008	0.00896	0.04779	0.11070	0.32021	0.30583	0.03544	0.03752	0.01104	0.00752	0.00220	0.00486	0.00940	0.00799	0.00960
51	0.02688	0.01786	0.01970	0.01515	0.02058	0.01928	0.01250	0.55868	0.03011	0.15413	0.01872	0.01820	0.01295	0.00841	0.00692	0.00209	0.00725	0.00641	0.03247	0.01170
52	0.00852	0.00624	0.00801	0.00934	0.01004	0.00573	0.00633	0.00988	0.01392	0.01831	0.06677	0.63712	0.13206	0.02105	0.00880	0.00275	0.00396	0.01892	0.00652	0.00573
53	0.01738	0.04553	0.06054	0.05626	0.03448	0.09561	0.54016	0.02271	0.01659	0.02138	0.01348	0.01774	0.01025	0.00610	0.00779	0.00226	0.01156	0.00749	0.00348	0.00921
54	0.01400	0.03610	0.71860	0.01989	0.03020	0.01621	0.02578	0.02210	0.01473	0.02210	0.01252	0.01473	0.00884	0.00663	0.00663	0.00221	0.01031	0.00516	0.00295	0.01031
55	0.00861	0.00714	0.00757	0.00762	0.00986	0.00610	0.00582	0.01062	0.01629	0.01988	0.13078	0.06646	0.60081	0.01745	0.00834	0.00240	0.00370	0.05795	0.00659	0.00599
56	0.01471	0.01396	0.02369	0.47820	0.29590	0.01591	0.02014	0.01917	0.01468	0.01969	0.01267	0.01811	0.00996	0.00669	0.00695	0.00223	0.00892	0.00621	0.00323	0.00899
57	0.01318	0.01240	0.02093	0.73798	0.04806	0.01550	0.01938	0.01783	0.01395	0.01783	0.01240	0.01860	0.00930	0.00698	0.00698	0.00233	0.00930	0.00620	0.00310	0.00775
58	0.00836	0.00707	0.00723	0.00719	0.00949	0.00594	0.00539	0.01023	0.01617	0.01948	0.11481	0.06612	0.66388	0.01744	0.00825	0.00235	0.00352	0.01458	0.00656	0.00594
59	0.01651	0.01738	0.02191	0.47527	0.15187	0.16206	0.01850	0.02049	0.01547	0.01849	0.01219	0.01715	0.00953	0.00690	0.00682	0.00218	0.00981	0.00585	0.00326	0.00837
60	0.01431	0.08426	0.67316	0.01936	0.02938	0.01697	0.02486	0.02202	0.01470	0.02172	0.01234	0.01450	0.00885	0.00659	0.00649	0.00216	0.01012	0.00506	0.00295	0.01022
61	0.03131	0.01188	0.01619	0.01242	0.01781	0.01026	0.01026	0.03401	0.01997	0.71606	0.02753	0.02375	0.01727	0.00864	0.00702	0.00216	0.00594	0.00702	0.00864	0.01188
62	0.80405	0.01350	0.01026	0.00918	0.01350	0.01565	0.00756	0.02051	0.01188	0.03131	0.00972	0.01134	0.00756	0.00648	0.00432	0.00216	0.00540	0.00378	0.00432	0.00756
63	0.80405	0.01350	0.01026	0.00918	0.01350	0.01565	0.00756	0.02051	0.01188	0.03131	0.00972	0.01134	0.00756	0.00648	0.00432	0.00216	0.00540	0.00378	0.00432	0.00756
64	0.01212	0.00606	0.00909	0.00909	0.00909	0.00606	0.00606	0.00909	0.00909	0.01212	0.01212	0.02121	0.01212	0.02424	0.02727	0.79697	0.00606	0.00606	0.00303	0.00303
65	0.00831	0.00707	0.00715	0.00713	0.00946	0.00592	0.00535	0.01013	0.01605	0.01919	0.09399	0.06661	0.68489	0.01755	0.00825	0.00235	0.00353	0.01465	0.00652	0.00592
66	0.01387	0.01011	0.01210	0.01059	0.01314	0.01021	0.00820	0.17705	0.02267	0.03146	0.51224	0.07211	0.05192	0.01315	0.00795	0.00220	0.00439	0.01138	0.00746	0.00783
67	0.02542	0.09676	0.02124	0.01745	0.02125	0.66556	0.01335	0.02726	0.01929	0.01702	0.01069	0.01246	0.00899	0.00708	0.00613	0.00177	0.01214	0.00443	0.00354	0.00817
68	0.80405	0.01350	0.01026	0.00918	0.01350	0.01565	0.00756	0.02051	0.01188	0.03131	0.00972	0.01134	0.00756	0.00648	0.00432	0.00216	0.00540	0.00378	0.00432	0.00756
69	0.01318	0.01240	0.02093	0.73798	0.04806	0.01550	0.01938	0.01783	0.01395	0.01783	0.01240	0.01860	0.00930	0.00698	0.00698	0.00233	0.00930	0.00620	0.00310	0.00775
70	0.00825	0.00707	0.00707	0.00707	0.00943	0.00589	0.00530	0.01001	0.01591	0.01885	0.07069	0.06716	0.70839	0.01767	0.00825	0.00236	0.00353	0.01473	0.00648	0.00589
71	0.01301	0.00650	0.00650	0.00650	0.00813	0.00650	0.00488	0.01626	0.01463	0.02602	0.02276	0.02602	0.01789	0.00813	0.00488	0.00163	0.00325	0.00650	0.79350	0.00650
72	0.76050	0.01460	0.01079	0.00967	0.01395	0.05546	0.00789	0.02092	0.01232	0.03051	0.00978	0.01141	0.00764	0.00652	0.00443	0.00214	0.00580	0.00382	0.00428	0.00759
73	0.01866	0.75896	0.03657	0.01194	0.01791	0.02761	0.01194	0.02090	0.01418	0.01642	0.00970	0.01119	0.00896	0.00597	0.00448	0.00149	0.00746	0.00373	0.00299	0.00896
74	0.00826	0.00702	0.00712	0.00719	0.00946	0.00588	0.00536	0.01000	0.01579	0.01880	0.06918	0.09922	0.67731	0.01787	0.00828	0.00238	0.00356	0.01497	0.00648	0.00588
75	0.02921	0.01524	0.01827	0.01401	0.01949	0.01524	0.01157	0.32045	0.02560	0.42167	0.02281	0.02069	0.01491	0.00852	0.00700	0.00213	0.00670	0.00670	0.00791	0.01187
76	0.00977	0.00709	0.00920	0.00875	0.01038	0.00653	0.00654	0.01293	0.01938	0.02729	0.66042	0.07854	0.08762	0.01467	0.00826	0.00222	0.00333	0.01296	0.00760	0.00653
77	0.02669	0.01929	0.02078	0.01593	0.02151	0.02126	0.01316	0.66618	0.03238	0.06637	0.01711	0.01699	0.01205	0.00839	0.00698	0.00210	0.00762	0.00631	0.00704	0.01187
78	0.01318	0.01240	0.02093	0.73798	0.04806	0.01550	0.01938	0.01783	0.01395	0.01783	0.01240	0.01860	0.00930	0.00698	0.00698	0.00233	0.00930	0.00620	0.00310	0.00775
79	0.03095	0.01245	0.01655	0.01269	0.01810	0.01110	0.01048	0.08269	0.02093	0.66603	0.02673	0.02323	0.01687	0.00862	0.00701	0.00215	0.00607	0.00696	0.00851	0.01188
80	0.01015	0.00677	0.00761	0.00761	0.00761	0.00677	0.00423	0.01015	0.01015	0.01353	0.02199	0.04567	0.02537	0.75476	0.03552	0.00677	0.00677	0.01015	0.00423	0.00423
81	0.80405	0.01350	0.01026	0.00918	0.01350	0.01565	0.00756	0.02051	0.01188	0.03131	0.00972	0.01134	0.00756	0.00648	0.00432	0.00216	0.00540	0.00378	0.00432	0.00756
82	0.01866	0.75896	0.03657	0.01194	0.01791	0.02761	0.01194	0.02090	0.01418	0.01642	0.00970	0.01119	0.00896	0.00597	0.00448	0.00149	0.00746	0.00373	0.00299	0.00896
83	0.01055	0.00822	0.00992	0.01045	0.01255	0.00794	0.00859	0.01471	0.07770	0.02146	0.10526	0.06738	0.29261	0.01737	0.00877	0.00273	0.00499	0.30554	0.00661	0.00665
84	0.01318	0.01240	0.02093	0.73798	0.04806	0.01550	0.01938	0.01783	0.01395	0.01783	0.01240	0.01860	0.00930	0.00698	0.00698	0.00233	0.00930	0.00620	0.00310	0.00775
85	0.01014	0.00679	0.00774	0.00774	0.00779	0.00684	0.00439	0.01023	0.01019	0.01363	0.02187	0.04500	0.02508	0.72907	0.06081	0.00693	0.00720	0.01005	0.00421	0.00430
86	0.01727	0.01658	0.02832	0.04283	0.71123	0.01658	0.02142	0.02142	0.01589	0.02280	0.01313	0.01727	0.01105	0.00622	0.00691	0.00207	0.00829	0.00622	0.00345	0.01105
87	0.01736	0.01499	0.01578	0.01420	0.01815	0.01736	0.01105	0.03708	0.69862	0.02919	0.02840	0.02604	0.02130	0.00947	0.00710	0.00237	0.00552	0.00789	0.00710	0.01105
88	0.01727	0.01658	0.02832	0.04283	0.71123	0.01658	0.02142	0.02142	0.01589	0.02280	0.01313	0.01727	0.01105	0.00622	0.00691	0.00207	0.00829	0.00622	0.00345	0.01105
89	0.01727	0.01658	0.02832	0.04283	0.71123	0.01658	0.02142	0.02142	0.01589	0.02280	0.01313	0.01727	0.01105	0.00622	0.00691	0.00207	0.00829	0.00622	0.00345	0.01105
90	0.02342	0.07397	0.02172	0.02058	0.11267	0.50850	0.01431	0.05017	0.01873	0.01876	0.01151	0.01396	0.00971	0.00900	0.03548	0.00225	0.03810	0.00492	0.00365	0.00859
91	0.01416	0.06209	0.69407	0.01960	0.02976	0.01662	0.02528	0.02206	0.01471	0.02190	0.01242	0.01461	0.00884	0.00661	0.00655	0.00218	0.01021	0.00511	0.00295	0.01026
92	0.01124	0.00803	0.01124	0.01285	0.01446	0.00803	0.01124	0.01446	0.01606	0.02088	0.03695	0.07871	0.04016	0.01928	0.00964	0.00321	0.00643	0.66426	0.00643	0.00643
93	0.00861	0.00615	0.00819	0.00965	0.01014	0.00574	0.00649	0.00998	0.01385	0.01859	0.08921	0.69726	0.04765	0.02129	0.00886	0.00279	0.00399	0.01929	0.00657	0.00574
94	0.01582	0.02240	0.23234	0.09042	0.32237	0.01660	0.15562	0.02151	0.01551	0.02210	0.01309	0.01695	0.01017	0.00633	0.00710	0.00219	0.00966	0.00631	0.00329	0.01024
95	0.04948	0.01645	0.02759	0.04145	0.68266	0.01654	0.02085	0.02138	0.01573	0.02315	0.01299	0.01703	0.01091	0.00623	0.00680	0.00208	0.00817	0.00612	0.00349	0.01091
96	0.80405	0.01350	0.01026	0.00918	0.01350	0.01565	0.00756	0.02051	0.01188	0.03131	0.00972	0.01134	0.00756	0.00648	0.00432	0.00216	0.00540	0.00378	0.00432	0.00756
97	0.01059	0.00726	0.00940	0.00892	0.01057	0.00672	0.00664	0.01353	0.01870	0.05034	0.58010	0.07519	0.07701	0.06467	0.01010	0.00256	0.00374	0.03004	0.00738	0.00656
98	0.01672	0.12529	0.32162	0.05145	0.10822	0.06610	0.11453	0.02230	0.01573	0.04928	0.03608	0.01676	0.01163	0.00678	0.00666	0.00209	0.00960	0.00585	0.00353	0.00977
99	0.01400	0.03610	0.71860	0.01989	0.03020	0.01621	0.02578	0.02210	0.01473	0.02210	0.01252	0.01473	0.00884	0.00663	0.00663	0.00221	0.01031	0.00516	0.00295	0.01031
100	0.65642	0.01359	0.01278	0.09592	0.06725	0.01570	0.00991	0.02027	0.01240	0.02914	0.01027	0.01260	0.00801	0.00652	0.00481	0.00217	0.00606	0.00423	0.00412	0.00783
101	0.01323	0.01239	0.02082	0.65727	0.09067	0.01511	0.01891	0.01769	0.01406	0.01816	0.01367	0.05286	0.01115	0.00762	0.00706	0.00233	0.00899	0.00684	0.00328	0.00788
102	0.01212	0.00606	0.00909	0.00909	0.00909	0.00606	0.00606	0.00909	0.00909	0.01212	0.01212	0.02121	0.01212	0.02424	0.02727	0.79697	0.00606	0.00606	0.00303	0.00303
103	0.02389	0.01823	0.01945	0.01552	0.02063	0.02041	0.01262	0.50044	0.22463	0.03972	0.02011	0.01943	0.01459	0.00869	0.00702	0.00217	0.00706	0.00675	0.00702	0.01163
104	0.01536	0.03225	0.59323	0.01972	0.02930	0.01564	0.07319	0.02274	0.01520	0.06859	0.01364	0.01563	0.00959	0.00665	0.00672	0.00217	0.00992	0.00547	0.00342	0.04157
105	0.01727	0.01658	0.02832	0.04283	0.71123	0.01658	0.02142	0.02142	0.01589	0.02280	0.01313	0.01727	0.01105	0.00622	0.00691	0.00207	0.00829	0.00622	0.00345	0.01105
106	0.01015	0.00677	0.00761	0.00761	0.00761	0.00677	0.00423	0.01015	0.01015	0.01353	0.02199	0.04567	0.02537	0.75476	0.03552	0.00677	0.00677	0.01015	0.00423	0.00423
107	0.03605	0.00815	0.00971	0.00878	0.01145	0.00724	0.00677	0.01590	0.01807	0.14828	0.31707	0.05170	0.30565	0.01436	0.00791	0.00225	0.00392	0.01218	0.00729	0.00729
108	0.02670	0.01926	0.02077	0.01592	0.02150	0.02122	0.01315	0.66371	0.03233	0.06890	0.01715	0.01701	0.01207	0.00839	0.00698	0.00210	0.00761	0.00631	0.00704	0.01187
109	0.01318	0.01240	0.02093	0.73798	0.04806	0.01550	0.01938	0.01783	0.01395	0.01783	0.01240	0.01860	0.00930	0.00698	0.00698	0.00233	0.00930	0.00620	0.00310	0.00775
