[name]
unknown

[dist]
# distance from previous block
# <min> <max>
1	31

[block]
# block no. 0 follows, 29 sequences, length 49
# corresponding to MSA columns:
# 33-81
name=unknown_A
#
# <colnr> <probs for GDERKNQSTAVLIFYWHMCP>
#	G	D	E	R	K	N	Q	S	T	A	V	L	I	F	Y	W	H	M	C	P
0	0.01755	0.21020	0.23886	0.01543	0.02165	0.07265	0.01599	0.04763	0.04587	0.06016	0.04669	0.05777	0.01532	0.00963	0.02632	0.00231	0.04341	0.00636	0.00424	0.04198
1	0.16004	0.01601	0.06327	0.04667	0.06610	0.05510	0.01233	0.10286	0.07843	0.08861	0.05667	0.02344	0.01720	0.00897	0.00742	0.00224	0.04733	0.03745	0.10066	0.00920
2	0.01562	0.17681	0.48578	0.02080	0.06741	0.01899	0.07554	0.02229	0.01513	0.02146	0.01237	0.01480	0.00932	0.00655	0.00648	0.00211	0.00995	0.00529	0.00309	0.01022
3	0.01990	0.02177	0.09453	0.01917	0.06094	0.15765	0.10203	0.13472	0.10062	0.04414	0.02047	0.02168	0.06893	0.00856	0.00789	0.00216	0.04361	0.00696	0.00498	0.05930
4	0.02077	0.02332	0.05758	0.08667	0.10944	0.27007	0.12990	0.04174	0.01782	0.05995	0.01489	0.01772	0.02956	0.00762	0.00810	0.00214	0.05788	0.00623	0.00401	0.03459
5	0.01783	0.01716	0.02331	0.18310	0.33617	0.09800	0.01815	0.08636	0.01783	0.02323	0.01622	0.06324	0.01451	0.00854	0.00728	0.00225	0.00877	0.04418	0.00417	0.00969
6	0.01711	0.23077	0.33424	0.02099	0.10493	0.07532	0.04910	0.02238	0.01532	0.02042	0.01184	0.01437	0.00942	0.00678	0.00693	0.00205	0.03986	0.00511	0.00316	0.00990
7	0.01442	0.01122	0.01293	0.04584	0.01586	0.01179	0.00929	0.14996	0.12821	0.02756	0.16535	0.13932	0.15861	0.03912	0.00900	0.00258	0.00532	0.03858	0.00681	0.00823
8	0.01455	0.07673	0.67528	0.01984	0.03012	0.01718	0.02552	0.02248	0.01500	0.02223	0.01262	0.01483	0.00903	0.00673	0.00664	0.00221	0.01036	0.00518	0.00301	0.01045
9	0.01112	0.00751	0.00985	0.00914	0.01100	0.00690	0.00690	0.01445	0.02017	0.06112	0.66941	0.05181	0.06482	0.01428	0.00834	0.00224	0.00349	0.01260	0.00789	0.00698
10	0.03195	0.01212	0.01652	0.01267	0.01818	0.01047	0.01047	0.03470	0.02038	0.71026	0.02809	0.02424	0.01763	0.00881	0.00716	0.00220	0.00606	0.00716	0.00881	0.01212
11	0.01477	0.01266	0.01477	0.01055	0.01687	0.00949	0.00844	0.01793	0.01477	0.02320	0.01266	0.01477	0.01055	0.00527	0.00527	0.00105	0.00527	0.00422	0.00422	0.79328
12	0.03195	0.01212	0.01652	0.01267	0.01818	0.01047	0.01047	0.03470	0.02038	0.71026	0.02809	0.02424	0.01763	0.00881	0.00716	0.00220	0.00606	0.00716	0.00881	0.01212
13	0.00868	0.00620	0.00826	0.00991	0.01033	0.00578	0.00661	0.00991	0.01363	0.01818	0.03925	0.74510	0.04710	0.02231	0.00909	0.00289	0.00413	0.02024	0.00661	0.00578
14	0.00849	0.00722	0.00732	0.00729	0.00966	0.00604	0.00547	0.01037	0.01641	0.01966	0.10098	0.06783	0.67333	0.01787	0.00841	0.00240	0.00360	0.01493	0.00667	0.00604
15	0.03001	0.01522	0.01845	0.01414	0.01973	0.01507	0.01168	0.29112	0.02557	0.44651	0.02373	0.02141	0.01544	0.00871	0.00715	0.00218	0.00676	0.00686	0.00814	0.01211
16	0.00993	0.00724	0.00934	0.00889	0.01057	0.00664	0.00664	0.01313	0.01970	0.02765	0.64152	0.07854	0.10346	0.01503	0.00842	0.00227	0.00340	0.01326	0.00772	0.00664
17	0.01558	0.01558	0.02181	0.01869	0.01869	0.02181	0.01558	0.01714	0.01091	0.01714	0.00935	0.01558	0.00935	0.01246	0.02337	0.00312	0.73672	0.00623	0.00312	0.00779
18	0.01477	0.01266	0.01477	0.01055	0.01687	0.00949	0.00844	0.01793	0.01477	0.02320	0.01266	0.01477	0.01055	0.00527	0.00527	0.00105	0.00527	0.00422	0.00422	0.79328
19	0.02152	0.09697	0.01926	0.01439	0.01878	0.09951	0.01155	0.13824	0.30227	0.10810	0.02217	0.02244	0.01691	0.04260	0.03134	0.00267	0.00759	0.00690	0.00630	0.01046
20	0.08673	0.05071	0.05858	0.05437	0.03157	0.01874	0.43266	0.02146	0.01516	0.02225	0.01286	0.01744	0.01010	0.00717	0.01017	0.00245	0.12770	0.00725	0.00353	0.00908
21	0.01964	0.08812	0.02557	0.04842	0.21489	0.22722	0.07566	0.02271	0.01637	0.02005	0.01247	0.01609	0.01052	0.00762	0.00900	0.00213	0.11554	0.00578	0.05307	0.00913
22	0.02429	0.01802	0.01971	0.01549	0.02022	0.02010	0.01258	0.56156	0.02940	0.03957	0.01733	0.02018	0.01349	0.07728	0.04319	0.00303	0.04024	0.00681	0.00654	0.01096
23	0.00966	0.00717	0.00900	0.00873	0.01043	0.00651	0.00648	0.01256	0.01890	0.02601	0.53293	0.11541	0.17818	0.01584	0.00846	0.00232	0.00347	0.01389	0.00752	0.00651
24	0.02919	0.01203	0.01601	0.01247	0.01755	0.01072	0.01022	0.06995	0.02112	0.59443	0.10363	0.02710	0.02291	0.00945	0.00730	0.00220	0.00586	0.00776	0.00860	0.01151
25	0.01008	0.00728	0.00952	0.00896	0.01064	0.00672	0.00672	0.01344	0.02016	0.02855	0.70158	0.05319	0.06719	0.01456	0.00840	0.00224	0.00336	0.01288	0.00784	0.00672
26	0.03044	0.01387	0.01753	0.01351	0.01901	0.01315	0.01114	0.17044	0.04596	0.54763	0.02582	0.02282	0.01661	0.00879	0.00716	0.00220	0.00642	0.00703	0.00841	0.01209
27	0.00966	0.00726	0.00894	0.00852	0.01038	0.00654	0.00639	0.01263	0.01917	0.02622	0.54388	0.05703	0.22634	0.01543	0.00840	0.00228	0.00342	0.01342	0.00753	0.00654
28	0.80005	0.01377	0.01047	0.00936	0.01377	0.01597	0.00771	0.02093	0.01212	0.03195	0.00991	0.01157	0.00771	0.00661	0.00441	0.00220	0.00551	0.00386	0.00441	0.00771
29	0.02394	0.01787	0.01960	0.01527	0.02029	0.01960	0.01252	0.52348	0.02877	0.03939	0.01717	0.03750	0.01312	0.00887	0.00791	0.00210	0.05326	0.00660	0.05133	0.08141
30	0.01850	0.43299	0.21038	0.01546	0.02203	0.10889	0.01627	0.02224	0.01508	0.01837	0.01075	0.01280	0.00912	0.00682	0.00655	0.00185	0.05504	0.00443	0.00312	0.00931
31	0.00868	0.00620	0.00826	0.00991	0.01033	0.00578	0.00661	0.00991	0.01363	0.01818	0.03925	0.74510	0.04710	0.02231	0.00909	0.00289	0.00413	0.02024	0.00661	0.00578
32	0.01345	0.01266	0.02136	0.73264	0.04904	0.01582	0.01978	0.01819	0.01424	0.01819	0.01266	0.01898	0.00949	0.00712	0.00712	0.00237	0.00949	0.00633	0.00316	0.00791
33	0.00984	0.00727	0.00919	0.00871	0.01049	0.00662	0.00653	0.01298	0.01960	0.02724	0.61289	0.05535	0.15670	0.01505	0.00840	0.00226	0.00339	0.01318	0.00767	0.00662
34	0.01034	0.00697	0.00809	0.00809	0.00820	0.00708	0.00471	0.01056	0.01045	0.01404	0.02214	0.04497	0.02518	0.68902	0.09601	0.00730	0.00796	0.01012	0.00427	0.00449
35	0.02233	0.44082	0.02986	0.01486	0.01990	0.32960	0.01287	0.02442	0.01695	0.01705	0.01038	0.01204	0.00915	0.00663	0.00537	0.00166	0.00989	0.00415	0.00332	0.00875
36	0.00873	0.00624	0.00831	0.00988	0.01034	0.00582	0.00661	0.01005	0.01388	0.01858	0.06479	0.71842	0.04787	0.02201	0.00906	0.00287	0.00410	0.01996	0.00666	0.00582
37	0.01340	0.01209	0.02083	0.08172	0.02296	0.01188	0.20752	0.01730	0.03747	0.05096	0.05498	0.21175	0.13517	0.01301	0.00896	0.00249	0.04201	0.01211	0.00531	0.03810
38	0.34316	0.06643	0.27708	0.01574	0.05139	0.04752	0.01601	0.02280	0.01440	0.06935	0.01234	0.01398	0.00913	0.00680	0.00568	0.00216	0.00800	0.00473	0.00401	0.00931
39	0.42283	0.15974	0.01856	0.01238	0.01707	0.16374	0.01033	0.08174	0.01614	0.02722	0.01078	0.01230	0.00868	0.00683	0.00509	0.00199	0.00763	0.00423	0.00424	0.00849
40	0.01647	0.01006	0.01089	0.05062	0.01383	0.01074	0.00781	0.17043	0.01918	0.03030	0.02120	0.02393	0.01633	0.00829	0.00560	0.00181	0.00472	0.00657	0.56326	0.00798
41	0.11334	0.01407	0.03873	0.01231	0.01743	0.01307	0.01037	0.16391	0.02081	0.29028	0.05310	0.02150	0.01666	0.00825	0.00645	0.00201	0.00603	0.00644	0.08482	0.10042
42	0.01221	0.00774	0.01007	0.00928	0.01135	0.00704	0.00703	0.01535	0.01974	0.09860	0.57325	0.07431	0.09768	0.01442	0.00829	0.00227	0.00368	0.01265	0.00783	0.00721
43	0.02194	0.01794	0.01846	0.01622	0.05906	0.07540	0.01220	0.36678	0.12888	0.03442	0.02381	0.02449	0.08097	0.03553	0.00813	0.00231	0.00731	0.00744	0.02919	0.02952
44	0.00868	0.00620	0.00826	0.00991	0.01033	0.00578	0.00661	0.00991	0.01363	0.01818	0.03925	0.74510	0.04710	0.02231	0.00909	0.00289	0.00413	0.02024	0.00661	0.00578
45	0.09994	0.00895	0.01063	0.00992	0.01200	0.00912	0.00755	0.01580	0.06052	0.02740	0.46881	0.10752	0.05149	0.01369	0.00850	0.00231	0.03604	0.01167	0.00698	0.03117
46	0.01978	0.71161	0.03612	0.01221	0.01827	0.02716	0.01209	0.02209	0.01481	0.05641	0.01094	0.01216	0.00962	0.00625	0.00472	0.00156	0.00753	0.00400	0.00338	0.00931
47	0.06130	0.43632	0.25975	0.01505	0.02240	0.06003	0.01672	0.02208	0.01483	0.01956	0.01092	0.01271	0.00902	0.00641	0.00539	0.00182	0.00874	0.00434	0.00314	0.00947
48	0.02723	0.02084	0.02106	0.01640	0.02191	0.08263	0.01343	0.59772	0.03177	0.07009	0.01702	0.01702	0.01208	0.00845	0.00706	0.00211	0.00820	0.00628	0.00689	0.01177

[dist]
# distance from previous block
# <min> <max>
0	5

[block]
# block no. 1 follows, 29 sequences, length 74
# corresponding to MSA columns:
# 87-160
name=unknown_B
#
# <colnr> <probs for GDERKNQSTAVLIFYWHMCP>
#	G	D	E	R	K	N	Q	S	T	A	V	L	I	F	Y	W	H	M	C	P
0	0.05520	0.01342	0.01647	0.01276	0.01737	0.01304	0.03098	0.07846	0.01617	0.06712	0.01729	0.01935	0.05044	0.00799	0.00888	0.00178	0.13092	0.00580	0.04545	0.39110
1	0.08009	0.04854	0.01255	0.01085	0.01293	0.01135	0.00820	0.12469	0.01627	0.02283	0.02659	0.16688	0.05055	0.23577	0.04719	0.00424	0.00684	0.10122	0.00551	0.00688
2	0.01531	0.01521	0.02175	0.10865	0.02252	0.02106	0.01611	0.01727	0.01133	0.01727	0.00976	0.01601	0.00937	0.01179	0.02132	0.00302	0.64509	0.00624	0.00312	0.00780
3	0.01835	0.01776	0.02678	0.07816	0.55215	0.06083	0.02019	0.05103	0.06101	0.02395	0.01437	0.01796	0.01176	0.00676	0.00703	0.00213	0.00858	0.00635	0.00391	0.01093
4	0.01848	0.66925	0.11717	0.01314	0.01976	0.02680	0.01385	0.02147	0.01454	0.01744	0.01024	0.01185	0.00912	0.00617	0.00483	0.00161	0.00796	0.00398	0.00304	0.00930
5	0.02645	0.02124	0.02061	0.01624	0.02151	0.11303	0.01322	0.56898	0.03098	0.04054	0.01655	0.01692	0.01197	0.00838	0.00694	0.00208	0.00831	0.00618	0.03849	0.01138
6	0.00842	0.00721	0.00721	0.00721	0.00962	0.00601	0.00541	0.01022	0.01623	0.01924	0.07213	0.06853	0.70244	0.01803	0.00842	0.00240	0.00361	0.01503	0.00661	0.00601
7	0.01345	0.01266	0.02136	0.73264	0.04904	0.01582	0.01978	0.01819	0.01424	0.01819	0.01266	0.01898	0.00949	0.00712	0.00712	0.00237	0.00949	0.00633	0.00316	0.00791
8	0.05417	0.05440	0.01750	0.01262	0.01806	0.01195	0.01051	0.03366	0.04892	0.62061	0.02654	0.02322	0.01702	0.00863	0.00693	0.00217	0.00611	0.00691	0.00828	0.01178
9	0.00857	0.00722	0.00743	0.00737	0.00971	0.00608	0.00553	0.01052	0.01659	0.02010	0.13016	0.06711	0.64388	0.01771	0.00841	0.00239	0.00358	0.01483	0.00673	0.00608
10	0.01434	0.01320	0.02179	0.59050	0.08575	0.01596	0.03774	0.04197	0.01504	0.01991	0.01326	0.01906	0.01011	0.00731	0.00757	0.00234	0.03206	0.00640	0.03741	0.00826
11	0.01022	0.00743	0.01045	0.01045	0.01138	0.00836	0.00766	0.01208	0.01115	0.01579	0.01998	0.03300	0.01998	0.24140	0.53652	0.01022	0.01579	0.00837	0.00395	0.00581
12	0.61083	0.01528	0.01313	0.01108	0.01581	0.01747	0.00914	0.18265	0.01735	0.03511	0.01167	0.01292	0.00879	0.00708	0.00507	0.00219	0.00608	0.00448	0.00507	0.00879
13	0.02888	0.01423	0.05677	0.01477	0.05271	0.01185	0.01201	0.06089	0.04387	0.55870	0.02547	0.02280	0.01646	0.00846	0.00706	0.00216	0.00646	0.00690	0.00792	0.04162
14	0.02235	0.02676	0.14191	0.02285	0.15426	0.25612	0.01729	0.18380	0.05987	0.02674	0.01426	0.01594	0.01097	0.00747	0.00682	0.00207	0.00999	0.00568	0.00456	0.01033
15	0.80005	0.01377	0.01047	0.00936	0.01377	0.01597	0.00771	0.02093	0.01212	0.03195	0.00991	0.01157	0.00771	0.00661	0.00441	0.00220	0.00551	0.00386	0.00441	0.00771
16	0.01793	0.01725	0.02981	0.04133	0.61582	0.01723	0.08226	0.04878	0.01697	0.02410	0.01364	0.01775	0.01127	0.00640	0.00718	0.00214	0.00876	0.00654	0.00368	0.01116
17	0.00875	0.00625	0.00833	0.00987	0.01034	0.00583	0.00662	0.01010	0.01397	0.01872	0.07363	0.70919	0.04814	0.02191	0.00905	0.00286	0.00409	0.01986	0.00667	0.00583
18	0.01012	0.00681	0.00783	0.00806	0.00812	0.00675	0.00463	0.01029	0.01080	0.01441	0.02474	0.14233	0.02879	0.65005	0.03252	0.00635	0.00652	0.01171	0.00463	0.00452
19	0.01008	0.00728	0.00952	0.00896	0.01064	0.00672	0.00672	0.01344	0.02016	0.02855	0.70158	0.05319	0.06719	0.01456	0.00840	0.00224	0.00336	0.01288	0.00784	0.00672
20	0.02707	0.01995	0.02137	0.01638	0.02208	0.02208	0.01353	0.68159	0.03348	0.04488	0.01710	0.01710	0.01211	0.00855	0.00712	0.00214	0.00784	0.00641	0.00712	0.01211
21	0.03195	0.01212	0.01652	0.01267	0.01818	0.01047	0.01047	0.03470	0.02038	0.71026	0.02809	0.02424	0.01763	0.00881	0.00716	0.00220	0.00606	0.00716	0.00881	0.01212
22	0.77088	0.01371	0.01070	0.00949	0.01394	0.01576	0.00782	0.02145	0.01243	0.05771	0.01061	0.01205	0.00809	0.00669	0.00451	0.00220	0.00553	0.00398	0.00457	0.00788
23	0.01904	0.75404	0.03731	0.01218	0.01828	0.02818	0.01218	0.02132	0.01447	0.01675	0.00990	0.01142	0.00914	0.00609	0.00457	0.00152	0.00761	0.00381	0.00305	0.00914
24	0.01904	0.75404	0.03731	0.01218	0.01828	0.02818	0.01218	0.02132	0.01447	0.01675	0.00990	0.01142	0.00914	0.00609	0.00457	0.00152	0.00761	0.00381	0.00305	0.00914
25	0.01762	0.01692	0.02890	0.04371	0.70533	0.01692	0.02185	0.02185	0.01621	0.02326	0.01339	0.01762	0.01128	0.00634	0.00705	0.00211	0.00846	0.00634	0.00352	0.01128
26	0.01036	0.00787	0.00973	0.01063	0.01178	0.00794	0.00743	0.01507	0.13251	0.02104	0.09126	0.56363	0.04431	0.01947	0.00871	0.00276	0.00433	0.01752	0.00682	0.00682
27	0.00999	0.00721	0.00944	0.00902	0.01062	0.00666	0.00671	0.01320	0.01973	0.02787	0.65785	0.09887	0.06586	0.01507	0.00844	0.00228	0.00341	0.01336	0.00776	0.00666
28	0.01794	0.01751	0.02860	0.04283	0.68159	0.04139	0.02157	0.02208	0.01635	0.02306	0.01331	0.01746	0.01121	0.00638	0.00703	0.00211	0.00861	0.00628	0.00353	0.01117
29	0.00863	0.00722	0.00751	0.00744	0.00975	0.00610	0.00558	0.01063	0.01673	0.02042	0.15209	0.06658	0.62175	0.01759	0.00841	0.00238	0.00358	0.01475	0.00677	0.00610
30	0.01237	0.00618	0.00928	0.00928	0.00928	0.00618	0.00618	0.00928	0.00928	0.01237	0.01237	0.02165	0.01237	0.02474	0.02783	0.79283	0.00618	0.00618	0.00309	0.00309
31	0.02441	0.05479	0.02009	0.01513	0.02006	0.06782	0.01237	0.49032	0.02883	0.05867	0.05566	0.05909	0.01707	0.00943	0.00706	0.00212	0.00752	0.00730	0.03137	0.01088
32	0.02072	0.01486	0.01636	0.01421	0.01858	0.01650	0.01120	0.05957	0.54275	0.15876	0.02840	0.02580	0.02063	0.00946	0.00723	0.00237	0.00579	0.00783	0.00754	0.01146
33	0.01746	0.32769	0.30599	0.01742	0.02491	0.07957	0.06351	0.02233	0.01518	0.01956	0.01143	0.01368	0.00922	0.00672	0.00663	0.00197	0.03917	0.00486	0.00312	0.00960
34	0.02552	0.01902	0.02048	0.01601	0.02137	0.02114	0.01314	0.59503	0.09333	0.04233	0.01827	0.01841	0.01323	0.01048	0.03620	0.00254	0.00809	0.00661	0.00700	0.01180
35	0.01237	0.00618	0.00928	0.00928	0.00928	0.00618	0.00618	0.00928	0.00928	0.01237	0.01237	0.02165	0.01237	0.02474	0.02783	0.79283	0.00618	0.00618	0.00309	0.00309
36	0.04192	0.01410	0.02334	0.42350	0.05791	0.01693	0.10164	0.03941	0.01456	0.02007	0.01351	0.04882	0.01130	0.00853	0.01003	0.00250	0.13305	0.00708	0.00354	0.00824
37	0.01327	0.00664	0.00664	0.00664	0.00830	0.00664	0.00498	0.01659	0.01493	0.02655	0.02323	0.02655	0.01825	0.00830	0.00498	0.00166	0.00332	0.00664	0.78928	0.00664
38	0.00854	0.00694	0.00757	0.00800	0.00984	0.00597	0.00578	0.01025	0.01567	0.01928	0.08519	0.24933	0.50473	0.01906	0.00860	0.00253	0.00374	0.01635	0.00665	0.00597
39	0.05354	0.01624	0.01648	0.01404	0.01785	0.08616	0.01117	0.28299	0.09356	0.05181	0.01929	0.04360	0.01561	0.01954	0.17660	0.00435	0.01025	0.00705	0.05030	0.00958
40	0.02306	0.01878	0.01882	0.01560	0.02040	0.07491	0.01247	0.32831	0.32159	0.05560	0.02216	0.02113	0.01627	0.00895	0.00712	0.00224	0.00721	0.00701	0.00695	0.01144
41	0.00998	0.00724	0.00940	0.00893	0.01059	0.00667	0.00667	0.01322	0.01982	0.02792	0.65970	0.07551	0.08774	0.01492	0.00842	0.00227	0.00339	0.01318	0.00776	0.00667
42	0.01838	0.01309	0.01322	0.01116	0.01453	0.05262	0.00883	0.24165	0.02186	0.03192	0.08244	0.02447	0.01977	0.01016	0.02859	0.00216	0.00598	0.00693	0.34283	0.04941
43	0.02618	0.01884	0.02029	0.01573	0.02117	0.02076	0.01294	0.59545	0.06640	0.06859	0.01839	0.01826	0.01308	0.00861	0.00704	0.00213	0.00746	0.00653	0.04031	0.01183
44	0.01428	0.03683	0.71286	0.02030	0.03082	0.01654	0.02631	0.02255	0.01503	0.02255	0.01278	0.01503	0.00902	0.00677	0.00677	0.00226	0.01052	0.00526	0.00301	0.01052
45	0.01762	0.01692	0.02890	0.04371	0.70533	0.01692	0.02185	0.02185	0.01621	0.02326	0.01339	0.01762	0.01128	0.00634	0.00705	0.00211	0.00846	0.00634	0.00352	0.01128
46	0.01366	0.01288	0.02175	0.69688	0.08311	0.01588	0.01988	0.01838	0.01434	0.01846	0.01269	0.01891	0.00958	0.00708	0.00712	0.00236	0.00944	0.00633	0.00318	0.00809
47	0.01008	0.00728	0.00952	0.00896	0.01064	0.00672	0.00672	0.01344	0.02016	0.02855	0.70158	0.05319	0.06719	0.01456	0.00840	0.00224	0.00336	0.01288	0.00784	0.00672
48	0.02465	0.01874	0.02001	0.01589	0.02116	0.02095	0.01295	0.51508	0.20393	0.04097	0.02017	0.01955	0.01460	0.00884	0.00715	0.00221	0.00727	0.00684	0.00715	0.01189
49	0.03150	0.01283	0.01697	0.01301	0.01853	0.01153	0.01075	0.09381	0.02158	0.64947	0.02709	0.02358	0.01712	0.00879	0.00716	0.00220	0.00622	0.00709	0.00866	0.01212
50	0.01091	0.00740	0.00972	0.00920	0.01094	0.00681	0.00687	0.01408	0.01964	0.05727	0.61914	0.10756	0.06342	0.01493	0.00840	0.00229	0.00354	0.01322	0.00778	0.00688
51	0.03195	0.01212	0.01652	0.01267	0.01818	0.01047	0.01047	0.03470	0.02038	0.71026	0.02809	0.02424	0.01763	0.00881	0.00716	0.00220	0.00606	0.00716	0.00881	0.01212
52	0.00859	0.00719	0.00748	0.00747	0.00974	0.00608	0.00558	0.01053	0.01654	0.02014	0.13460	0.08828	0.61773	0.01782	0.00844	0.00240	0.00360	0.01498	0.00674	0.00608
53	0.02707	0.01995	0.02137	0.01638	0.02208	0.02208	0.01353	0.68159	0.03348	0.04488	0.01710	0.01710	0.01211	0.00855	0.00712	0.00214	0.00784	0.00641	0.00712	0.01211
54	0.02456	0.11327	0.02323	0.04337	0.08396	0.42395	0.01446	0.14751	0.02142	0.02298	0.01227	0.01410	0.00991	0.00732	0.00641	0.00190	0.01080	0.00505	0.00421	0.00933
55	0.01997	0.66539	0.03520	0.01294	0.01874	0.11349	0.01238	0.02220	0.01517	0.01684	0.01004	0.01160	0.00914	0.00625	0.00480	0.00156	0.00826	0.00390	0.00312	0.00903
56	0.62562	0.10860	0.05414	0.01063	0.01564	0.01779	0.00957	0.04795	0.01345	0.03003	0.01037	0.01197	0.00814	0.00663	0.00467	0.00212	0.00615	0.00403	0.00427	0.00823
57	0.01506	0.01283	0.01912	0.11731	0.05648	0.01371	0.10391	0.13688	0.06188	0.02461	0.02510	0.30352	0.02576	0.01349	0.00865	0.00255	0.03292	0.01219	0.00557	0.00845
58	0.01165	0.00948	0.01300	0.01218	0.01272	0.01165	0.00920	0.01313	0.01096	0.01583	0.01759	0.03062	0.01815	0.26308	0.32168	0.00782	0.20327	0.00813	0.00379	0.00609
59	0.01001	0.00723	0.00946	0.00901	0.01062	0.00667	0.00671	0.01326	0.01984	0.02805	0.66911	0.08711	0.06620	0.01494	0.00843	0.00227	0.00340	0.01324	0.00778	0.00667
60	0.06048	0.00914	0.00929	0.00839	0.01091	0.00953	0.00654	0.11408	0.01763	0.05007	0.02173	0.02425	0.01674	0.00825	0.00532	0.00178	0.00418	0.00646	0.60756	0.00766
61	0.01032	0.00703	0.00842	0.00842	0.00865	0.00726	0.00513	0.01078	0.01055	0.01429	0.02184	0.04328	0.02445	0.62587	0.15816	0.00771	0.00907	0.00987	0.00423	0.00468
62	0.03195	0.01212	0.01652	0.01267	0.01818	0.01047	0.01047	0.03470	0.02038	0.71026	0.02809	0.02424	0.01763	0.00881	0.00716	0.00220	0.00606	0.00716	0.00881	0.01212
63	0.01904	0.75404	0.03731	0.01218	0.01828	0.02818	0.01218	0.02132	0.01447	0.01675	0.00990	0.01142	0.00914	0.00609	0.00457	0.00152	0.00761	0.00381	0.00305	0.00914
64	0.01762	0.01692	0.02890	0.04371	0.70533	0.01692	0.02185	0.02185	0.01621	0.02326	0.01339	0.01762	0.01128	0.00634	0.00705	0.00211	0.00846	0.00634	0.00352	0.01128
65	0.01036	0.00690	0.00777	0.00777	0.00777	0.00690	0.00431	0.01036	0.01036	0.01381	0.02244	0.04660	0.02589	0.74975	0.03624	0.00690	0.00690	0.01036	0.00431	0.00431
66	0.80005	0.01377	0.01047	0.00936	0.01377	0.01597	0.00771	0.02093	0.01212	0.03195	0.00991	0.01157	0.00771	0.00661	0.00441	0.00220	0.00551	0.00386	0.00441	0.00771
67	0.00989	0.00714	0.00935	0.00908	0.01060	0.00660	0.00670	0.01298	0.01930	0.02720	0.61482	0.14382	0.06456	0.01557	0.00849	0.00233	0.00346	0.01384	0.00768	0.00660
68	0.00973	0.00727	0.00904	0.00860	0.01043	0.00657	0.00645	0.01277	0.01935	0.02663	0.57158	0.05636	0.19839	0.01528	0.00840	0.00227	0.00341	0.01332	0.00759	0.00657
69	0.01195	0.00646	0.00969	0.00969	0.00993	0.00670	0.00670	0.00993	0.00969	0.01316	0.01364	0.02284	0.01340	0.03016	0.15897	0.64511	0.00862	0.00646	0.00323	0.00371
70	0.01372	0.00811	0.01052	0.00944	0.01185	0.00730	0.00725	0.01683	0.01984	0.14582	0.52818	0.04956	0.11584	0.01388	0.00819	0.00225	0.00385	0.01208	0.00790	0.00759
71	0.00992	0.00724	0.00932	0.00887	0.01056	0.00664	0.00663	0.01311	0.01968	0.02759	0.63783	0.07720	0.10864	0.01505	0.00842	0.00227	0.00340	0.01326	0.00772	0.00664
72	0.04733	0.39393	0.27290	0.01522	0.02258	0.04569	0.01694	0.04969	0.01575	0.02096	0.03306	0.01431	0.01100	0.00676	0.00563	0.00187	0.00861	0.00475	0.00343	0.00959
73	0.00945	0.00701	0.00866	0.00965	0.01070	0.00655	0.00668	0.03852	0.01517	0.01984	0.06541	0.56457	0.17013	0.02067	0.00886	0.00275	0.00416	0.01844	0.00667	0.00612

[dist]
# distance from previous block
# <min> <max>
0	7

[block]
# block no. 2 follows, 29 sequences, length 70
# corresponding to MSA columns:
# 168-237
name=unknown_C
#
# <colnr> <probs for GDERKNQSTAVLIFYWHMCP>
#	G	D	E	R	K	N	Q	S	T	A	V	L	I	F	Y	W	H	M	C	P
0	0.12210	0.10311	0.02073	0.01623	0.02049	0.45556	0.01273	0.10423	0.04295	0.02283	0.01209	0.01350	0.00976	0.00734	0.00609	0.00190	0.01055	0.00475	0.00423	0.00884
1	0.01702	0.02014	0.09641	0.02859	0.09905	0.01742	0.48463	0.05355	0.01725	0.02390	0.01418	0.01831	0.01074	0.00618	0.00787	0.00226	0.01090	0.00757	0.00375	0.06028
2	0.02108	0.04200	0.01668	0.01254	0.01755	0.01351	0.01016	0.13238	0.13394	0.19949	0.11029	0.02440	0.02183	0.00867	0.00676	0.00192	0.00578	0.00707	0.00677	0.20716
3	0.01181	0.00882	0.01080	0.01045	0.01251	0.00824	0.00754	0.08138	0.01675	0.02317	0.13503	0.42222	0.04011	0.04506	0.00923	0.00258	0.00468	0.01480	0.00640	0.12842
4	0.01335	0.01023	0.01294	0.08236	0.01721	0.00933	0.00897	0.05302	0.01772	0.05040	0.24607	0.10872	0.08039	0.01148	0.00727	0.00196	0.00501	0.00992	0.00605	0.24759
5	0.02341	0.24165	0.05933	0.01678	0.02210	0.29572	0.04688	0.16947	0.02102	0.02378	0.01227	0.01378	0.00988	0.00714	0.00615	0.00186	0.01005	0.00498	0.00421	0.00954
6	0.01722	0.01651	0.02818	0.10993	0.64225	0.01681	0.02165	0.02150	0.01602	0.02278	0.01332	0.01775	0.01111	0.00642	0.00706	0.00214	0.00856	0.00634	0.00349	0.01096
7	0.01762	0.01692	0.02890	0.04371	0.70533	0.01692	0.02185	0.02185	0.01621	0.02326	0.01339	0.01762	0.01128	0.00634	0.00705	0.00211	0.00846	0.00634	0.00352	0.01128
8	0.16286	0.01250	0.01515	0.01171	0.01718	0.01125	0.00962	0.02931	0.01794	0.46960	0.02217	0.02034	0.01464	0.00780	0.00634	0.00200	0.00582	0.00606	0.00723	0.15046
9	0.04120	0.01156	0.01444	0.01199	0.01606	0.01108	0.00969	0.09761	0.06592	0.33454	0.20580	0.03559	0.05391	0.01122	0.00762	0.00229	0.00545	0.04605	0.00796	0.01002
10	0.01614	0.01289	0.01584	0.01167	0.01759	0.01035	0.03298	0.05656	0.01616	0.06272	0.01544	0.05962	0.01325	0.00671	0.00583	0.00134	0.00564	0.00563	0.00476	0.62889
11	0.00888	0.00670	0.00826	0.00935	0.01050	0.00608	0.00667	0.01052	0.01484	0.01907	0.06856	0.46621	0.24309	0.02058	0.00893	0.00276	0.00416	0.07228	0.00664	0.00594
12	0.00877	0.00624	0.00823	0.00979	0.01018	0.00585	0.00648	0.00994	0.01345	0.01793	0.03830	0.70587	0.04590	0.06317	0.01061	0.00312	0.00429	0.01969	0.00648	0.00570
13	0.09838	0.01597	0.01828	0.01413	0.01963	0.01646	0.01167	0.33992	0.02585	0.33435	0.02126	0.01972	0.01413	0.00849	0.00690	0.00217	0.00685	0.00651	0.00762	0.01172
14	0.01558	0.01558	0.02181	0.01869	0.01869	0.02181	0.01558	0.01714	0.01091	0.01714	0.00935	0.01558	0.00935	0.01246	0.02337	0.00312	0.73672	0.00623	0.00312	0.00779
15	0.01017	0.00763	0.01144	0.01144	0.01272	0.00890	0.00890	0.01272	0.01144	0.01653	0.01907	0.02797	0.01780	0.05340	0.72153	0.01144	0.01907	0.00763	0.00381	0.00636
16	0.01327	0.00664	0.00664	0.00664	0.00830	0.00664	0.00498	0.01659	0.01493	0.02655	0.02323	0.02655	0.01825	0.00830	0.00498	0.00166	0.00332	0.00664	0.78928	0.00664
17	0.02707	0.01995	0.02137	0.01638	0.02208	0.02208	0.01353	0.68159	0.03348	0.04488	0.01710	0.01710	0.01211	0.00855	0.00712	0.00214	0.00784	0.00641	0.00712	0.01211
18	0.00842	0.00721	0.00721	0.00721	0.00962	0.00601	0.00541	0.01022	0.01623	0.01924	0.07213	0.06853	0.70244	0.01803	0.00842	0.00240	0.00361	0.01503	0.00661	0.00601
19	0.00851	0.00722	0.00734	0.00731	0.00968	0.00605	0.00548	0.01040	0.01645	0.01976	0.10749	0.06767	0.66676	0.01784	0.00841	0.00240	0.00359	0.01491	0.00668	0.00605
20	0.01771	0.01530	0.01610	0.01449	0.01852	0.01771	0.01127	0.03784	0.69247	0.02979	0.02898	0.02657	0.02174	0.00966	0.00725	0.00242	0.00564	0.00805	0.00725	0.01127
21	0.06313	0.01938	0.02085	0.04322	0.02271	0.02156	0.01350	0.62516	0.03174	0.04325	0.01659	0.01691	0.01180	0.00840	0.00699	0.00215	0.00779	0.00629	0.00684	0.01174
22	0.00868	0.00620	0.00826	0.00991	0.01033	0.00578	0.00661	0.00991	0.01363	0.01818	0.03925	0.74510	0.04710	0.02231	0.00909	0.00289	0.00413	0.02024	0.00661	0.00578
23	0.01447	0.03569	0.67370	0.02164	0.06944	0.01656	0.02605	0.02251	0.01510	0.02259	0.01281	0.01518	0.00915	0.00674	0.00678	0.00225	0.01041	0.00532	0.00304	0.01057
24	0.01036	0.00690	0.00777	0.00777	0.00777	0.00690	0.00431	0.01036	0.01036	0.01381	0.02244	0.04660	0.02589	0.74975	0.03624	0.00690	0.00690	0.01036	0.00431	0.00431
25	0.02707	0.01995	0.02137	0.01638	0.02208	0.02208	0.01353	0.68159	0.03348	0.04488	0.01710	0.01710	0.01211	0.00855	0.00712	0.00214	0.00784	0.00641	0.00712	0.01211
26	0.01424	0.01210	0.01420	0.01049	0.01631	0.00917	0.00828	0.01723	0.01467	0.02277	0.01497	0.07821	0.01372	0.00675	0.00560	0.00121	0.00517	0.00561	0.00443	0.72488
27	0.01919	0.70281	0.03617	0.01263	0.01843	0.05299	0.01236	0.02144	0.01455	0.01679	0.00992	0.01162	0.00915	0.00635	0.00528	0.00159	0.03269	0.00392	0.00307	0.00906
28	0.74857	0.01511	0.01111	0.00996	0.01432	0.06291	0.00811	0.02143	0.01265	0.03098	0.00999	0.01165	0.00781	0.00666	0.00454	0.00218	0.00600	0.00390	0.00436	0.00775
29	0.01500	0.01517	0.02482	0.49415	0.07424	0.05175	0.11885	0.01948	0.01471	0.01900	0.01258	0.01834	0.00975	0.00741	0.00874	0.00241	0.07549	0.00655	0.00327	0.00833
30	0.01028	0.00717	0.00910	0.00908	0.00958	0.00759	0.00599	0.01128	0.01110	0.01530	0.04673	0.04042	0.02465	0.48213	0.27146	0.00829	0.01097	0.00951	0.00427	0.00511
31	0.00862	0.00713	0.00738	0.00746	0.00955	0.00609	0.00543	0.01030	0.01575	0.01902	0.08389	0.10518	0.59617	0.07355	0.01056	0.00277	0.00388	0.01491	0.00647	0.00589
32	0.00934	0.00698	0.00868	0.00882	0.01033	0.00632	0.00640	0.01180	0.01757	0.02376	0.38763	0.23880	0.20272	0.01737	0.00858	0.00245	0.00362	0.01529	0.00724	0.00632
33	0.02625	0.01954	0.02091	0.01622	0.02177	0.02170	0.01334	0.62522	0.09118	0.04356	0.01814	0.01793	0.01295	0.00865	0.00713	0.00216	0.00764	0.00655	0.00713	0.01204
34	0.03195	0.01212	0.01652	0.01267	0.01818	0.01047	0.01047	0.03470	0.02038	0.71026	0.02809	0.02424	0.01763	0.00881	0.00716	0.00220	0.00606	0.00716	0.00881	0.01212
35	0.01904	0.75404	0.03731	0.01218	0.01828	0.02818	0.01218	0.02132	0.01447	0.01675	0.00990	0.01142	0.00914	0.00609	0.00457	0.00152	0.00761	0.00381	0.00305	0.00914
36	0.01345	0.01266	0.02136	0.73264	0.04904	0.01582	0.01978	0.01819	0.01424	0.01819	0.01266	0.01898	0.00949	0.00712	0.00712	0.00237	0.00949	0.00633	0.00316	0.00791
37	0.01904	0.75404	0.03731	0.01218	0.01828	0.02818	0.01218	0.02132	0.01447	0.01675	0.00990	0.01142	0.00914	0.00609	0.00457	0.00152	0.00761	0.00381	0.00305	0.00914
38	0.01099	0.00744	0.00846	0.00827	0.00855	0.00758	0.00488	0.03632	0.01130	0.01513	0.02208	0.04460	0.02498	0.68909	0.06673	0.00693	0.00750	0.01008	0.00440	0.00471
39	0.01762	0.01692	0.02890	0.04371	0.70533	0.01692	0.02185	0.02185	0.01621	0.02326	0.01339	0.01762	0.01128	0.00634	0.00705	0.00211	0.00846	0.00634	0.00352	0.01128
40	0.00842	0.00721	0.00721	0.00721	0.00962	0.00601	0.00541	0.01022	0.01623	0.01924	0.07213	0.06853	0.70244	0.01803	0.00842	0.00240	0.00361	0.01503	0.00661	0.00601
41	0.01345	0.01266	0.02136	0.73264	0.04904	0.01582	0.01978	0.01819	0.01424	0.01819	0.01266	0.01898	0.00949	0.00712	0.00712	0.00237	0.00949	0.00633	0.00316	0.00791
42	0.01008	0.00728	0.00952	0.00896	0.01064	0.00672	0.00672	0.01344	0.02016	0.02855	0.70158	0.05319	0.06719	0.01456	0.00840	0.00224	0.00336	0.01288	0.00784	0.00672
43	0.02010	0.01701	0.01741	0.01505	0.01943	0.04481	0.01186	0.17944	0.52219	0.03266	0.02569	0.02397	0.01915	0.00933	0.00719	0.00233	0.00639	0.00756	0.00709	0.01134
44	0.01292	0.00975	0.01085	0.01013	0.01226	0.05515	0.00775	0.01711	0.05814	0.05965	0.50874	0.04725	0.05394	0.01338	0.00799	0.00224	0.00440	0.04337	0.05768	0.00732
45	0.01026	0.00689	0.00787	0.00793	0.00803	0.00684	0.00454	0.01048	0.01097	0.01470	0.05459	0.08157	0.02884	0.67974	0.03361	0.00649	0.00660	0.01096	0.00459	0.00450
46	0.01457	0.01244	0.01455	0.01053	0.01666	0.00937	0.00838	0.01767	0.01473	0.02304	0.01353	0.03872	0.01175	0.00583	0.00540	0.00111	0.00524	0.00474	0.00430	0.76745
47	0.01740	0.02064	0.13996	0.03589	0.49789	0.04216	0.02119	0.02388	0.08688	0.02362	0.01484	0.01796	0.01192	0.00680	0.00700	0.00216	0.00866	0.00628	0.00383	0.01105
48	0.04048	0.02168	0.05226	0.03581	0.49703	0.18622	0.01970	0.02344	0.01701	0.02206	0.01270	0.01621	0.01059	0.00661	0.00682	0.00206	0.00951	0.00581	0.00356	0.01043
49	0.01485	0.01273	0.01480	0.01066	0.01692	0.00973	0.00852	0.01851	0.03469	0.02340	0.01314	0.01511	0.01088	0.00540	0.00533	0.00109	0.00528	0.00433	0.00431	0.77029
50	0.01122	0.00816	0.01005	0.01060	0.01189	0.00804	0.00749	0.10062	0.01681	0.02242	0.07581	0.57384	0.07606	0.01980	0.00875	0.00273	0.00456	0.01770	0.00675	0.00670
51	0.01985	0.42648	0.14924	0.01674	0.05987	0.18212	0.01551	0.02317	0.01595	0.01827	0.01084	0.01271	0.00925	0.00650	0.00550	0.00175	0.00934	0.00438	0.00321	0.00930
52	0.75506	0.01509	0.05068	0.00999	0.01475	0.01601	0.00878	0.02102	0.01229	0.03141	0.01008	0.01177	0.00779	0.00662	0.00454	0.00221	0.00580	0.00394	0.00433	0.00787
53	0.03072	0.01185	0.01613	0.01246	0.01775	0.01026	0.01026	0.03351	0.02037	0.67197	0.06592	0.02586	0.02041	0.00914	0.00723	0.00221	0.00591	0.00748	0.00876	0.01181
54	0.01558	0.01558	0.02181	0.01869	0.01869	0.02181	0.01558	0.01714	0.01091	0.01714	0.00935	0.01558	0.00935	0.01246	0.02337	0.00312	0.73672	0.00623	0.00312	0.00779
55	0.01453	0.03507	0.64576	0.02127	0.03146	0.01668	0.09164	0.02258	0.01521	0.02258	0.01294	0.01545	0.00920	0.00669	0.00693	0.00227	0.01067	0.00558	0.00307	0.01043
56	0.00847	0.00722	0.00729	0.00727	0.00965	0.00604	0.00545	0.01033	0.01636	0.01955	0.09347	0.06801	0.68091	0.01792	0.00842	0.00240	0.00360	0.01496	0.00665	0.00604
57	0.01681	0.01921	0.04202	0.03001	0.03721	0.01801	0.67947	0.02281	0.01681	0.02281	0.01441	0.01921	0.01080	0.00600	0.00840	0.00240	0.01200	0.00840	0.00360	0.00960
58	0.02664	0.01973	0.02113	0.01630	0.02192	0.02188	0.01343	0.65190	0.06387	0.04418	0.01764	0.01753	0.01255	0.00860	0.00713	0.00215	0.00773	0.00649	0.00713	0.01207
59	0.01035	0.00694	0.00795	0.00795	0.00801	0.00700	0.00454	0.01047	0.01041	0.01394	0.02227	0.04567	0.02549	0.71519	0.07025	0.00713	0.00751	0.01022	0.00429	0.00442
60	0.01450	0.00735	0.00757	0.00724	0.00919	0.00737	0.00551	0.04288	0.01585	0.05265	0.02317	0.02610	0.01799	0.00832	0.00514	0.00170	0.00359	0.00665	0.73016	0.00705
61	0.00868	0.00620	0.00826	0.00991	0.01033	0.00578	0.00661	0.00991	0.01363	0.01818	0.03925	0.74510	0.04710	0.02231	0.00909	0.00289	0.00413	0.02024	0.00661	0.00578
62	0.77127	0.01371	0.01069	0.00949	0.01394	0.01577	0.00781	0.02145	0.01243	0.05737	0.01060	0.01204	0.00808	0.00669	0.00451	0.00220	0.00553	0.00398	0.00457	0.00788
63	0.01558	0.01558	0.02181	0.01869	0.01869	0.02181	0.01558	0.01714	0.01091	0.01714	0.00935	0.01558	0.00935	0.01246	0.02337	0.00312	0.73672	0.00623	0.00312	0.00779
64	0.01970	0.01634	0.01765	0.01587	0.04216	0.01861	0.01211	0.17430	0.52970	0.03278	0.02593	0.02425	0.01934	0.00931	0.00721	0.00235	0.00620	0.00764	0.00710	0.01145
65	0.01489	0.10416	0.61619	0.02063	0.06154	0.01766	0.02475	0.02240	0.01504	0.02203	0.01253	0.01481	0.00914	0.00668	0.00657	0.00218	0.01015	0.00517	0.00303	0.01043
66	0.01035	0.00694	0.00794	0.00794	0.00799	0.00700	0.00453	0.01046	0.01041	0.01393	0.02228	0.04574	0.02551	0.71764	0.06785	0.00711	0.00746	0.01023	0.00429	0.00441
67	0.00987	0.00727	0.00923	0.00874	0.01051	0.00663	0.00656	0.01304	0.01967	0.02739	0.62303	0.05510	0.14646	0.01499	0.00840	0.00226	0.00339	0.01315	0.00769	0.00663
68	0.02590	0.01936	0.02071	0.01615	0.02164	0.02154	0.01325	0.60125	0.11572	0.04299	0.01858	0.01828	0.01331	0.00869	0.00714	0.00217	0.00756	0.00662	0.00714	0.01200
69	0.01327	0.00664	0.00664	0.00664	0.00830	0.00664	0.00498	0.01659	0.01493	0.02655	0.02323	0.02655	0.01825	0.00830	0.00498	0.00166	0.00332	0.00664	0.78928	0.00664

[dist]
# distance from previous block
# <min> <max>
0	1

[block]
# block no. 3 follows, 29 sequences, length 45
# corresponding to MSA columns:
# 239-283
name=unknown_D
#
# <colnr> <probs for GDERKNQSTAVLIFYWHMCP>
#	G	D	E	R	K	N	Q	S	T	A	V	L	I	F	Y	W	H	M	C	P
0	0.02963	0.05346	0.01763	0.01285	0.01822	0.01226	0.01065	0.03432	0.09564	0.59542	0.02719	0.02379	0.01762	0.00876	0.00703	0.00219	0.00610	0.00708	0.00832	0.01186
1	0.01036	0.00690	0.00777	0.00777	0.00777	0.00690	0.00431	0.01036	0.01036	0.01381	0.02244	0.04660	0.02589	0.74975	0.03624	0.00690	0.00690	0.01036	0.00431	0.00431
2	0.00938	0.00721	0.00857	0.00832	0.01023	0.00641	0.00621	0.01205	0.01838	0.02453	0.43111	0.08584	0.31360	0.01621	0.00843	0.00233	0.00349	0.01400	0.00731	0.00641
3	0.01663	0.01234	0.01411	0.01193	0.01477	0.05808	0.05424	0.12179	0.01754	0.02645	0.01844	0.02196	0.01473	0.01090	0.03364	0.05450	0.05622	0.00643	0.38280	0.05249
4	0.02503	0.02029	0.01829	0.01533	0.01991	0.19248	0.01212	0.21172	0.18998	0.15924	0.02083	0.02009	0.01504	0.00856	0.00690	0.00212	0.00803	0.00651	0.03680	0.01073
5	0.01659	0.01489	0.02454	0.02093	0.10042	0.01397	0.21444	0.08400	0.01764	0.04870	0.05617	0.09987	0.01832	0.00867	0.00779	0.00206	0.02873	0.00837	0.00483	0.20908
6	0.01703	0.45137	0.32240	0.01561	0.02357	0.02326	0.01814	0.02184	0.01471	0.01920	0.01111	0.01295	0.00909	0.00638	0.00550	0.00183	0.00884	0.00442	0.00303	0.00972
7	0.04127	0.01292	0.01485	0.01338	0.01591	0.01379	0.01009	0.20396	0.01958	0.02799	0.02304	0.11259	0.02191	0.11998	0.20116	0.00570	0.03851	0.00948	0.08491	0.00896
8	0.01648	0.01470	0.04189	0.01434	0.02025	0.01235	0.10405	0.06854	0.07364	0.05129	0.01646	0.04421	0.01366	0.03004	0.00724	0.00177	0.00665	0.00621	0.00482	0.45142
9	0.01670	0.01941	0.05668	0.02722	0.03326	0.04520	0.53013	0.02190	0.01604	0.02173	0.01436	0.04106	0.01164	0.00740	0.01020	0.00248	0.10347	0.00826	0.00362	0.00923
10	0.58894	0.01366	0.01358	0.03524	0.01661	0.01541	0.05641	0.05738	0.01344	0.02947	0.01100	0.01376	0.00874	0.00865	0.00746	0.08735	0.00631	0.00466	0.00432	0.00761
11	0.00975	0.00702	0.00913	0.00951	0.01024	0.00728	0.00654	0.01107	0.01195	0.01620	0.02905	0.20152	0.08174	0.28043	0.26868	0.00722	0.01028	0.01203	0.00485	0.00550
12	0.00868	0.00620	0.00826	0.00991	0.01033	0.00578	0.00661	0.00991	0.01363	0.01818	0.03925	0.74510	0.04710	0.02231	0.00909	0.00289	0.00413	0.02024	0.00661	0.00578
13	0.00976	0.00706	0.00928	0.00966	0.01099	0.00658	0.00719	0.01241	0.01761	0.02423	0.40061	0.26416	0.08340	0.01761	0.00877	0.00256	0.00397	0.09049	0.00727	0.00639
14	0.02707	0.01995	0.02137	0.01638	0.02208	0.02208	0.01353	0.68159	0.03348	0.04488	0.01710	0.01710	0.01211	0.00855	0.00712	0.00214	0.00784	0.00641	0.00712	0.01211
15	0.80005	0.01377	0.01047	0.00936	0.01377	0.01597	0.00771	0.02093	0.01212	0.03195	0.00991	0.01157	0.00771	0.00661	0.00441	0.00220	0.00551	0.00386	0.00441	0.00771
16	0.19521	0.01860	0.01900	0.01486	0.02027	0.02075	0.01227	0.53788	0.02883	0.04206	0.01553	0.01589	0.01115	0.00813	0.00653	0.00215	0.00733	0.00586	0.00653	0.01115
17	0.80005	0.01377	0.01047	0.00936	0.01377	0.01597	0.00771	0.02093	0.01212	0.03195	0.00991	0.01157	0.00771	0.00661	0.00441	0.00220	0.00551	0.00386	0.00441	0.00771
18	0.01904	0.75404	0.03731	0.01218	0.01828	0.02818	0.01218	0.02132	0.01447	0.01675	0.00990	0.01142	0.00914	0.00609	0.00457	0.00152	0.00761	0.00381	0.00305	0.00914
19	0.02725	0.01966	0.02119	0.01625	0.02194	0.02166	0.01342	0.65803	0.03300	0.06911	0.01750	0.01736	0.01231	0.00856	0.00712	0.00214	0.00777	0.00644	0.00718	0.01211
20	0.01771	0.01530	0.01610	0.01449	0.01852	0.01771	0.01127	0.03784	0.69247	0.02979	0.02898	0.02657	0.02174	0.00966	0.00725	0.00242	0.00564	0.00805	0.00725	0.01127
21	0.01008	0.00728	0.00952	0.00896	0.01064	0.00672	0.00672	0.01344	0.02016	0.02855	0.70158	0.05319	0.06719	0.01456	0.00840	0.00224	0.00336	0.01288	0.00784	0.00672
22	0.01343	0.01198	0.01970	0.65099	0.04446	0.01479	0.01811	0.01801	0.01432	0.01913	0.01385	0.01983	0.01048	0.00725	0.00688	0.00229	0.00880	0.00636	0.09158	0.00777
23	0.00890	0.00636	0.00852	0.01017	0.01068	0.00598	0.00700	0.01030	0.01385	0.01843	0.03912	0.69220	0.04661	0.02210	0.00915	0.00292	0.00432	0.07095	0.00661	0.00585
24	0.01237	0.00618	0.00928	0.00928	0.00928	0.00618	0.00618	0.00928	0.00928	0.01237	0.01237	0.02165	0.01237	0.02474	0.02783	0.79283	0.00618	0.00618	0.00309	0.00309
25	0.01989	0.57333	0.09207	0.01390	0.01997	0.14224	0.01365	0.02261	0.01546	0.01736	0.01033	0.01197	0.00913	0.00636	0.00506	0.00164	0.00873	0.00406	0.00315	0.00911
26	0.00930	0.00720	0.00814	0.00803	0.00969	0.00658	0.00573	0.01109	0.01536	0.01969	0.18017	0.05749	0.37848	0.17339	0.07505	0.00408	0.00557	0.01300	0.00613	0.00582
27	0.01909	0.06637	0.05027	0.01482	0.04075	0.01692	0.01194	0.15050	0.32266	0.07977	0.02909	0.05579	0.09039	0.01029	0.00720	0.00229	0.00626	0.00842	0.00664	0.01054
28	0.02448	0.01653	0.01787	0.01403	0.01885	0.01793	0.01148	0.49199	0.02855	0.08978	0.01921	0.01964	0.01383	0.00851	0.00667	0.00204	0.00674	0.00651	0.17442	0.01094
29	0.80005	0.01377	0.01047	0.00936	0.01377	0.01597	0.00771	0.02093	0.01212	0.03195	0.00991	0.01157	0.00771	0.00661	0.00441	0.00220	0.00551	0.00386	0.00441	0.00771
30	0.02534	0.01740	0.01942	0.04013	0.02128	0.01892	0.01259	0.49220	0.06016	0.12436	0.01991	0.04550	0.01504	0.04375	0.00857	0.00242	0.00739	0.00725	0.00705	0.01134
31	0.00868	0.00620	0.00826	0.00991	0.01033	0.00578	0.00661	0.00991	0.01363	0.01818	0.03925	0.74510	0.04710	0.02231	0.00909	0.00289	0.00413	0.02024	0.00661	0.00578
32	0.00868	0.00620	0.00826	0.00991	0.01033	0.00578	0.00661	0.00991	0.01363	0.01818	0.03925	0.74510	0.04710	0.02231	0.00909	0.00289	0.00413	0.02024	0.00661	0.00578
33	0.01878	0.62182	0.03346	0.01254	0.01782	0.05869	0.01201	0.02106	0.01453	0.01745	0.01079	0.01276	0.00975	0.00672	0.00594	0.00165	0.05639	0.00419	0.05479	0.00884
34	0.01813	0.01617	0.01629	0.01467	0.01868	0.05063	0.01139	0.03740	0.66101	0.02921	0.02814	0.02592	0.02115	0.00955	0.00721	0.00239	0.00597	0.00789	0.00708	0.01113
35	0.01343	0.00722	0.00763	0.00743	0.00898	0.00763	0.00567	0.01663	0.01467	0.02593	0.02232	0.02583	0.01767	0.00857	0.00619	0.00175	0.05155	0.00661	0.73758	0.00671
36	0.01611	0.15751	0.44415	0.01827	0.02597	0.01923	0.02128	0.02192	0.01445	0.05057	0.01235	0.01490	0.00947	0.00773	0.00929	0.00227	0.13613	0.00526	0.00329	0.00988
37	0.00970	0.00726	0.00900	0.00857	0.01041	0.00656	0.00642	0.01271	0.01927	0.02646	0.55993	0.05664	0.21014	0.01534	0.00840	0.00228	0.00342	0.01336	0.00756	0.00656
38	0.54249	0.03743	0.01341	0.03133	0.01622	0.01595	0.00909	0.07934	0.03652	0.11687	0.01530	0.01597	0.03018	0.00748	0.00527	0.00219	0.00591	0.00502	0.00527	0.00875
39	0.02063	0.04596	0.13192	0.06090	0.02129	0.01347	0.01327	0.06808	0.10166	0.24655	0.08483	0.02649	0.06362	0.00921	0.00706	0.00216	0.00670	0.00754	0.00642	0.06223
40	0.01590	0.01995	0.17227	0.03073	0.36563	0.01574	0.05952	0.02257	0.08886	0.02374	0.05319	0.06640	0.01715	0.00822	0.00729	0.00225	0.00826	0.00765	0.00424	0.01042
41	0.07268	0.01329	0.04777	0.01272	0.01759	0.01182	0.01071	0.05069	0.10853	0.42930	0.07728	0.07270	0.02265	0.01001	0.00720	0.00228	0.00590	0.00825	0.00779	0.01084
42	0.54590	0.01526	0.08580	0.01172	0.01629	0.01451	0.03909	0.01959	0.01307	0.02838	0.01540	0.09578	0.01441	0.00915	0.00569	0.00236	0.00624	0.04895	0.00460	0.00781
43	0.01124	0.00929	0.01334	0.01417	0.05843	0.01002	0.03325	0.01294	0.01327	0.01862	0.02880	0.44489	0.03313	0.07038	0.01317	0.00306	0.13497	0.01476	0.03269	0.02958
44	0.04033	0.01197	0.04635	0.01427	0.01741	0.01087	0.10488	0.10057	0.01746	0.08758	0.05098	0.40385	0.03242	0.01554	0.00829	0.00259	0.00621	0.01415	0.00626	0.00802

[dist]
# distance from previous block
# <min> <max>
4	7

[block]
# block no. 4 follows, 29 sequences, length 24
# corresponding to MSA columns:
# 291-314
name=unknown_E
#
