[name]
unknown

[dist]
# distance from previous block
# <min> <max>
0	437

[block]
# block no. 0 follows, 27 sequences, length 9
# corresponding to MSA columns:
# 437-445
name=unknown_A
#
# <colnr> <probs for GDERKNQSTAVLIFYWHMCP>
#	G	D	E	R	K	N	Q	S	T	A	V	L	I	F	Y	W	H	M	C	P
0	0.01549	0.01404	0.02268	0.01924	0.05064	0.01456	0.17337	0.08734	0.01816	0.02529	0.11643	0.15881	0.02837	0.01276	0.01089	0.00260	0.11493	0.04858	0.00550	0.06032
1	0.01397	0.01104	0.01140	0.01141	0.01307	0.07313	0.00806	0.05975	0.04471	0.05379	0.07350	0.37938	0.07186	0.12392	0.01298	0.00335	0.00592	0.01517	0.00651	0.00712
2	0.18127	0.01515	0.01862	0.01448	0.01978	0.01521	0.07450	0.06523	0.08757	0.06789	0.01554	0.01729	0.01208	0.00749	0.00783	0.00198	0.07299	0.00570	0.00509	0.29430
3	0.02111	0.01578	0.01779	0.12594	0.02379	0.06038	0.01261	0.18102	0.11727	0.11457	0.02197	0.08674	0.01778	0.00974	0.00724	0.00222	0.00727	0.00799	0.05534	0.09346
4	0.01274	0.01132	0.01769	0.40696	0.03394	0.01375	0.01533	0.01599	0.01396	0.01845	0.02061	0.19953	0.02112	0.07578	0.01240	0.00310	0.08512	0.01056	0.00429	0.00736
5	0.01234	0.01203	0.08534	0.01297	0.01522	0.01001	0.01091	0.07369	0.01647	0.02229	0.03331	0.41464	0.03757	0.05537	0.01123	0.00316	0.03719	0.12269	0.00625	0.00732
6	0.01389	0.00967	0.01240	0.04855	0.01579	0.00988	0.00964	0.03384	0.08654	0.08588	0.14182	0.23683	0.11092	0.01687	0.00938	0.00276	0.03030	0.11010	0.00707	0.00789
7	0.01886	0.01657	0.02476	0.21286	0.28407	0.01848	0.01919	0.16207	0.01983	0.02713	0.01556	0.02186	0.01290	0.00861	0.00901	0.00243	0.07098	0.03986	0.00452	0.01045
8	0.02608	0.01873	0.01999	0.01557	0.02088	0.02063	0.01278	0.57119	0.03203	0.04394	0.01877	0.01929	0.01358	0.00887	0.00709	0.00215	0.00747	0.00672	0.12246	0.01178

[dist]
# distance from previous block
# <min> <max>
13	46

[block]
# block no. 1 follows, 27 sequences, length 108
# corresponding to MSA columns:
# 492-599
name=unknown_B
#
# <colnr> <probs for GDERKNQSTAVLIFYWHMCP>
#	G	D	E	R	K	N	Q	S	T	A	V	L	I	F	Y	W	H	M	C	P
0	0.04955	0.01710	0.02734	0.03396	0.41299	0.01714	0.08961	0.08722	0.04199	0.06015	0.01609	0.01923	0.01266	0.00711	0.00724	0.00219	0.00843	0.00679	0.04058	0.04263
1	0.76147	0.01407	0.01076	0.00965	0.01414	0.01628	0.00793	0.02165	0.01275	0.03309	0.01087	0.01266	0.00846	0.00696	0.00462	0.00228	0.00565	0.00413	0.03459	0.00800
2	0.01046	0.00781	0.00976	0.00948	0.01127	0.00729	0.00703	0.01425	0.04808	0.02732	0.50673	0.13734	0.14259	0.01637	0.00879	0.00245	0.00373	0.01440	0.00783	0.00700
3	0.03241	0.01240	0.01691	0.01310	0.01865	0.01073	0.01076	0.03522	0.02099	0.67272	0.02972	0.05160	0.01952	0.00971	0.00754	0.00232	0.00624	0.00797	0.00910	0.01239
4	0.01791	0.01709	0.02868	0.11613	0.59317	0.01756	0.02204	0.02315	0.04744	0.02401	0.01464	0.01896	0.01207	0.00686	0.00737	0.00225	0.00880	0.00670	0.00381	0.01138
5	0.01051	0.00759	0.00992	0.00934	0.01109	0.00700	0.00700	0.01401	0.02101	0.02977	0.68888	0.05545	0.07005	0.01518	0.00876	0.00233	0.00350	0.01343	0.00817	0.00700
6	0.01045	0.00759	0.00984	0.00928	0.01105	0.00698	0.00696	0.01390	0.02088	0.02944	0.66812	0.05599	0.09101	0.01530	0.00876	0.00234	0.00351	0.01350	0.00813	0.00698
7	0.00904	0.00646	0.00861	0.01034	0.01077	0.00603	0.00689	0.01034	0.01421	0.01895	0.04092	0.73426	0.04910	0.02326	0.00948	0.00301	0.00431	0.02110	0.00689	0.00603
8	0.01837	0.01764	0.03013	0.04557	0.69279	0.01764	0.02278	0.02278	0.01690	0.02425	0.01396	0.01837	0.01176	0.00661	0.00735	0.00220	0.00882	0.00661	0.00367	0.01176
9	0.01837	0.01764	0.03013	0.04557	0.69279	0.01764	0.02278	0.02278	0.01690	0.02425	0.01396	0.01837	0.01176	0.00661	0.00735	0.00220	0.00882	0.00661	0.00367	0.01176
10	0.79154	0.01436	0.01091	0.00976	0.01436	0.01665	0.00804	0.02182	0.01263	0.03331	0.01034	0.01206	0.00804	0.00689	0.00459	0.00230	0.00574	0.00402	0.00459	0.00804
11	0.01837	0.01764	0.03013	0.04557	0.69279	0.01764	0.02278	0.02278	0.01690	0.02425	0.01396	0.01837	0.01176	0.00661	0.00735	0.00220	0.00882	0.00661	0.00367	0.01176
12	0.02026	0.01555	0.01684	0.01488	0.01926	0.01755	0.01165	0.03905	0.59969	0.11180	0.03010	0.02740	0.02214	0.00996	0.00754	0.00249	0.00593	0.00828	0.00775	0.01186
13	0.01752	0.02003	0.04380	0.03129	0.03880	0.01877	0.66583	0.02378	0.01752	0.02378	0.01502	0.02003	0.01126	0.00626	0.00876	0.00250	0.01252	0.00876	0.00375	0.01001
14	0.00901	0.00658	0.00849	0.01003	0.01069	0.00606	0.00675	0.01037	0.01451	0.01907	0.04470	0.66115	0.11977	0.02277	0.00940	0.00296	0.00425	0.02050	0.00689	0.00606
15	0.01080	0.00720	0.00810	0.00810	0.00810	0.00720	0.00450	0.01080	0.01080	0.01439	0.02339	0.04858	0.02699	0.73910	0.03779	0.00720	0.00720	0.01080	0.00450	0.00450
16	0.01771	0.01696	0.02893	0.14852	0.59503	0.01746	0.02245	0.02220	0.01659	0.02345	0.01385	0.01859	0.01148	0.00674	0.00736	0.00225	0.00898	0.00661	0.00362	0.01122
17	0.01948	0.56591	0.09364	0.01538	0.05148	0.07438	0.01441	0.02248	0.01549	0.01835	0.01126	0.01342	0.01003	0.00873	0.03692	0.00217	0.00916	0.00446	0.00328	0.00956
18	0.79154	0.01436	0.01091	0.00976	0.01436	0.01665	0.00804	0.02182	0.01263	0.03331	0.01034	0.01206	0.00804	0.00689	0.00459	0.00230	0.00574	0.00402	0.00459	0.00804
19	0.02817	0.02224	0.02216	0.01728	0.02301	0.09115	0.01413	0.60467	0.03353	0.04395	0.01719	0.01738	0.01232	0.00879	0.00735	0.00220	0.00869	0.00649	0.00707	0.01223
20	0.01539	0.01319	0.01539	0.01100	0.01759	0.00990	0.00880	0.01869	0.01539	0.02419	0.01319	0.01539	0.01100	0.00550	0.00550	0.00110	0.00550	0.00440	0.00440	0.78449
21	0.01196	0.00854	0.01196	0.01367	0.01538	0.00854	0.01196	0.01538	0.01709	0.02222	0.03931	0.08374	0.04272	0.02051	0.01025	0.00342	0.00684	0.64283	0.00684	0.00684
22	0.01051	0.00759	0.00992	0.00934	0.01109	0.00700	0.00700	0.01401	0.02101	0.02977	0.68888	0.05545	0.07005	0.01518	0.00876	0.00233	0.00350	0.01343	0.00817	0.00700
23	0.01061	0.00795	0.01193	0.01193	0.01326	0.00928	0.00928	0.01326	0.01193	0.01723	0.01988	0.02916	0.01856	0.05568	0.70968	0.01193	0.01988	0.00795	0.00398	0.00663
24	0.02822	0.02079	0.02228	0.01708	0.02302	0.02302	0.01411	0.66804	0.03490	0.04679	0.01782	0.01782	0.01262	0.00891	0.00743	0.00223	0.00817	0.00668	0.00743	0.01262
25	0.76517	0.01432	0.01130	0.03389	0.01560	0.01665	0.00847	0.02173	0.01271	0.03282	0.01043	0.01232	0.00810	0.00691	0.00469	0.00230	0.00588	0.00411	0.00455	0.00805
26	0.03331	0.01263	0.01723	0.01321	0.01895	0.01091	0.01091	0.03618	0.02125	0.69794	0.02929	0.02527	0.01838	0.00919	0.00747	0.00230	0.00632	0.00747	0.00919	0.01263
27	0.01032	0.00758	0.00966	0.00914	0.01098	0.00693	0.00686	0.01365	0.02057	0.02872	0.62279	0.05718	0.13679	0.01557	0.00876	0.00235	0.00353	0.01367	0.00803	0.00693
28	0.02051	0.70778	0.03784	0.01273	0.01905	0.02847	0.01261	0.02291	0.01539	0.05078	0.01125	0.01256	0.00996	0.00649	0.00490	0.00162	0.00786	0.00414	0.00347	0.00968
29	0.01402	0.01319	0.02227	0.72126	0.05113	0.01649	0.02062	0.01897	0.01484	0.01897	0.01319	0.01979	0.00990	0.00742	0.00742	0.00247	0.00990	0.00660	0.00330	0.00825
30	0.00906	0.00753	0.00792	0.00782	0.01020	0.00639	0.00587	0.01121	0.01760	0.02167	0.17754	0.06878	0.58644	0.01820	0.00877	0.00248	0.00372	0.01529	0.00711	0.00639
31	0.00886	0.00747	0.00767	0.00772	0.01010	0.00629	0.00575	0.01078	0.01696	0.02040	0.09847	0.10157	0.63493	0.01886	0.00881	0.00252	0.00378	0.01583	0.00695	0.00629
32	0.79154	0.01436	0.01091	0.00976	0.01436	0.01665	0.00804	0.02182	0.01263	0.03331	0.01034	0.01206	0.00804	0.00689	0.00459	0.00230	0.00574	0.00402	0.00459	0.00804
33	0.01488	0.01407	0.02382	0.58772	0.17794	0.01672	0.02105	0.01972	0.01525	0.02001	0.01335	0.01951	0.01026	0.00726	0.00741	0.00242	0.00968	0.00660	0.00337	0.00894
34	0.01539	0.01319	0.01539	0.01100	0.01759	0.00990	0.00880	0.01869	0.01539	0.02419	0.01319	0.01539	0.01100	0.00550	0.00550	0.00110	0.00550	0.00440	0.00440	0.78449
35	0.01539	0.01319	0.01539	0.01100	0.01759	0.00990	0.00880	0.01869	0.01539	0.02419	0.01319	0.01539	0.01100	0.00550	0.00550	0.00110	0.00550	0.00440	0.00440	0.78449
36	0.01539	0.01319	0.01539	0.01100	0.01759	0.00990	0.00880	0.01869	0.01539	0.02419	0.01319	0.01539	0.01100	0.00550	0.00550	0.00110	0.00550	0.00440	0.00440	0.78449
37	0.01775	0.01774	0.02872	0.18580	0.33862	0.05153	0.12568	0.02430	0.09029	0.02348	0.01565	0.01974	0.01237	0.00717	0.00759	0.00233	0.00955	0.00707	0.00404	0.01055
38	0.01911	0.01627	0.01715	0.01524	0.01955	0.01876	0.01191	0.08076	0.63703	0.03209	0.02940	0.02705	0.02200	0.01000	0.00755	0.00250	0.00603	0.00828	0.00755	0.01181
39	0.79154	0.01436	0.01091	0.00976	0.01436	0.01665	0.00804	0.02182	0.01263	0.03331	0.01034	0.01206	0.00804	0.00689	0.00459	0.00230	0.00574	0.00402	0.00459	0.00804
40	0.01985	0.74357	0.03890	0.01270	0.01905	0.02937	0.01270	0.02223	0.01508	0.01747	0.01032	0.01191	0.00953	0.00635	0.00476	0.00159	0.00794	0.00397	0.00318	0.00953
41	0.01083	0.00781	0.00916	0.00868	0.01098	0.00685	0.00656	0.01354	0.01910	0.05852	0.36763	0.06146	0.35869	0.01658	0.00870	0.00241	0.00376	0.01418	0.00762	0.00694
42	0.01051	0.00759	0.00992	0.00934	0.01109	0.00700	0.00700	0.01401	0.02101	0.02977	0.68888	0.05545	0.07005	0.01518	0.00876	0.00233	0.00350	0.01343	0.00817	0.00700
43	0.00911	0.00672	0.00853	0.00980	0.01067	0.00614	0.00670	0.01066	0.01515	0.01992	0.09376	0.57652	0.15525	0.02194	0.00931	0.00288	0.00416	0.01966	0.00699	0.00614
44	0.01051	0.00759	0.00992	0.00934	0.01109	0.00700	0.00700	0.01401	0.02101	0.02977	0.68888	0.05545	0.07005	0.01518	0.00876	0.00233	0.00350	0.01343	0.00817	0.00700
45	0.03122	0.01333	0.01733	0.01358	0.01913	0.01228	0.01112	0.05688	0.10709	0.59051	0.02904	0.02534	0.01875	0.00929	0.00748	0.00232	0.00632	0.00756	0.00892	0.01252
46	0.01985	0.74357	0.03890	0.01270	0.01905	0.02937	0.01270	0.02223	0.01508	0.01747	0.01032	0.01191	0.00953	0.00635	0.00476	0.00159	0.00794	0.00397	0.00318	0.00953
47	0.79154	0.01436	0.01091	0.00976	0.01436	0.01665	0.00804	0.02182	0.01263	0.03331	0.01034	0.01206	0.00804	0.00689	0.00459	0.00230	0.00574	0.00402	0.00459	0.00804
48	0.02291	0.01521	0.01711	0.01466	0.01934	0.01655	0.01161	0.06159	0.47432	0.21548	0.02951	0.02667	0.02111	0.00979	0.00752	0.00245	0.00608	0.00807	0.00800	0.01203
49	0.01498	0.03775	0.67746	0.02152	0.03237	0.01729	0.04996	0.02352	0.01574	0.02352	0.01338	0.01583	0.00947	0.00702	0.00711	0.00236	0.01103	0.00560	0.00316	0.01094
50	0.01960	0.01974	0.02739	0.03856	0.52687	0.10757	0.02039	0.02563	0.09507	0.02426	0.01554	0.01882	0.01275	0.00715	0.00729	0.00220	0.00907	0.00658	0.00415	0.01135
51	0.01597	0.01354	0.01570	0.01127	0.01784	0.01049	0.00904	0.04790	0.01627	0.02521	0.01340	0.01550	0.01107	0.00565	0.00558	0.00115	0.00562	0.00450	0.00453	0.74977
52	0.00877	0.00752	0.00752	0.00752	0.01003	0.00627	0.00564	0.01065	0.01692	0.02005	0.07520	0.07144	0.68978	0.01880	0.00877	0.00251	0.00376	0.01567	0.00689	0.00627
53	0.73845	0.01424	0.01135	0.01000	0.01468	0.01625	0.00824	0.02283	0.01324	0.07984	0.01166	0.01298	0.00876	0.00705	0.00480	0.00230	0.00578	0.00426	0.00492	0.00836
54	0.01289	0.00645	0.00967	0.00967	0.00967	0.00645	0.00645	0.00967	0.00967	0.01289	0.01289	0.02257	0.01289	0.02579	0.02901	0.78401	0.00645	0.00645	0.00322	0.00322
55	0.79154	0.01436	0.01091	0.00976	0.01436	0.01665	0.00804	0.02182	0.01263	0.03331	0.01034	0.01206	0.00804	0.00689	0.00459	0.00230	0.00574	0.00402	0.00459	0.00804
56	0.00958	0.00678	0.00892	0.01043	0.01095	0.00645	0.00715	0.01095	0.01411	0.01875	0.03859	0.57852	0.04568	0.11088	0.01304	0.00357	0.00494	0.08819	0.00659	0.00593
57	0.01061	0.00792	0.01176	0.01176	0.01303	0.00919	0.00907	0.01315	0.01188	0.01711	0.02004	0.03002	0.01893	0.08570	0.68017	0.01172	0.01933	0.00808	0.00400	0.00653
58	0.02773	0.03538	0.02104	0.01913	0.02295	0.70930	0.01434	0.02964	0.02104	0.01817	0.01148	0.01339	0.00956	0.00765	0.00669	0.00191	0.01339	0.00478	0.00383	0.00861
59	0.02822	0.02079	0.02228	0.01708	0.02302	0.02302	0.01411	0.66804	0.03490	0.04679	0.01782	0.01782	0.01262	0.00891	0.00743	0.00223	0.00817	0.00668	0.00743	0.01262
60	0.01273	0.00921	0.01180	0.01169	0.04223	0.00901	0.00835	0.01840	0.10151	0.05255	0.53222	0.04840	0.05809	0.01374	0.00838	0.00233	0.00412	0.01207	0.03518	0.00799
61	0.02822	0.02079	0.02228	0.01708	0.02302	0.02302	0.01411	0.66804	0.03490	0.04679	0.01782	0.01782	0.01262	0.00891	0.00743	0.00223	0.00817	0.00668	0.00743	0.01262
62	0.01196	0.00854	0.01196	0.01367	0.01538	0.00854	0.01196	0.01538	0.01709	0.02222	0.03931	0.08374	0.04272	0.02051	0.01025	0.00342	0.00684	0.64283	0.00684	0.00684
63	0.01080	0.00720	0.00810	0.00810	0.00810	0.00720	0.00450	0.01080	0.01080	0.01439	0.02339	0.04858	0.02699	0.73910	0.03779	0.00720	0.00720	0.01080	0.00450	0.00450
64	0.01530	0.00850	0.00988	0.09535	0.01490	0.00892	0.00770	0.04477	0.01651	0.05683	0.02283	0.02620	0.01762	0.00853	0.00565	0.00187	0.00457	0.00689	0.61961	0.00757
65	0.01051	0.00759	0.00992	0.00934	0.01109	0.00700	0.00700	0.01401	0.02101	0.02977	0.68888	0.05545	0.07005	0.01518	0.00876	0.00233	0.00350	0.01343	0.00817	0.00700
66	0.01402	0.01319	0.02227	0.72126	0.05113	0.01649	0.02062	0.01897	0.01484	0.01897	0.01319	0.01979	0.00990	0.00742	0.00742	0.00247	0.00990	0.00660	0.00330	0.00825
67	0.00903	0.00651	0.00857	0.01022	0.01074	0.00604	0.00684	0.01035	0.01433	0.01900	0.04239	0.70568	0.07672	0.02307	0.00945	0.00299	0.00428	0.02087	0.00689	0.00604
68	0.01196	0.00854	0.01196	0.01367	0.01538	0.00854	0.01196	0.01538	0.01709	0.02222	0.03931	0.08374	0.04272	0.02051	0.01025	0.00342	0.00684	0.64283	0.00684	0.00684
69	0.01752	0.02003	0.04380	0.03129	0.03880	0.01877	0.66583	0.02378	0.01752	0.02378	0.01502	0.02003	0.01126	0.00626	0.00876	0.00250	0.01252	0.00876	0.00375	0.01001
70	0.01033	0.00852	0.01396	0.01352	0.01502	0.00796	0.10693	0.01238	0.01472	0.01968	0.03698	0.62583	0.04336	0.02068	0.00937	0.00294	0.00555	0.01923	0.00642	0.00663
71	0.01582	0.08327	0.49152	0.02248	0.03191	0.01866	0.15162	0.02320	0.01579	0.02286	0.01327	0.01629	0.00980	0.00714	0.00808	0.00237	0.04604	0.00607	0.00327	0.01054
72	0.01609	0.17446	0.45886	0.01921	0.02748	0.02054	0.02268	0.02233	0.01485	0.02139	0.01214	0.01502	0.00948	0.00788	0.00943	0.00235	0.12705	0.00535	0.00316	0.01022
73	0.01514	0.07356	0.66765	0.02074	0.03148	0.01785	0.02669	0.02345	0.01564	0.02321	0.01317	0.01549	0.00941	0.00702	0.00694	0.00231	0.01082	0.00541	0.00314	0.01090
74	0.02583	0.01323	0.01629	0.01320	0.01793	0.01285	0.01063	0.13473	0.09819	0.37365	0.10629	0.06298	0.05818	0.01106	0.00778	0.00236	0.00603	0.00917	0.00838	0.01126
75	0.01983	0.01450	0.01600	0.01394	0.01816	0.01568	0.01091	0.10800	0.38444	0.11627	0.03244	0.09197	0.07433	0.01150	0.00772	0.00245	0.00589	0.00962	0.00752	0.03883
76	0.10786	0.01357	0.01924	0.45083	0.03787	0.01614	0.01653	0.10904	0.01731	0.02456	0.01691	0.10635	0.01487	0.00951	0.00734	0.00248	0.00847	0.00808	0.00447	0.00856
77	0.02017	0.71488	0.03818	0.01296	0.01921	0.05692	0.01277	0.02253	0.01533	0.01749	0.01037	0.01197	0.00953	0.00640	0.00484	0.00160	0.00816	0.00400	0.00320	0.00949
78	0.01689	0.01380	0.01583	0.01166	0.01781	0.01146	0.00934	0.10695	0.01802	0.02723	0.01508	0.03892	0.01270	0.00663	0.00588	0.00134	0.00575	0.00533	0.03153	0.62785
79	0.02598	0.01925	0.02033	0.01610	0.02134	0.04379	0.01311	0.52385	0.06061	0.06312	0.01983	0.04999	0.01516	0.01110	0.03091	0.00257	0.00824	0.00739	0.03556	0.01176
80	0.01526	0.00829	0.00844	0.00792	0.01007	0.00851	0.00607	0.08160	0.01748	0.02957	0.02359	0.02670	0.01840	0.00867	0.00541	0.00178	0.00392	0.00690	0.70394	0.00748
81	0.03069	0.04685	0.01810	0.01326	0.01878	0.01247	0.01099	0.06549	0.04835	0.57407	0.06077	0.02589	0.02043	0.00938	0.00741	0.00227	0.00632	0.00760	0.00871	0.01217
82	0.00920	0.00653	0.00857	0.01013	0.01052	0.00614	0.00667	0.01038	0.01390	0.01853	0.03931	0.67159	0.04708	0.08869	0.01206	0.00340	0.00457	0.02016	0.00667	0.00589
83	0.02720	0.08335	0.02225	0.01869	0.02269	0.66324	0.01423	0.02914	0.02063	0.01812	0.01140	0.01329	0.00956	0.00756	0.00656	0.00189	0.01302	0.00473	0.00378	0.00867
84	0.01382	0.00872	0.01154	0.01189	0.01423	0.00821	0.00998	0.01694	0.01823	0.10611	0.15195	0.06985	0.14994	0.01795	0.00942	0.00295	0.00572	0.35772	0.00736	0.00748
85	0.01500	0.07217	0.63568	0.02039	0.03070	0.01744	0.02598	0.02307	0.01571	0.02315	0.01438	0.01865	0.01096	0.00764	0.00709	0.00236	0.01063	0.03500	0.00331	0.01071
86	0.01940	0.01737	0.02885	0.06698	0.60599	0.01750	0.02172	0.05233	0.01786	0.05866	0.01487	0.01874	0.01206	0.00688	0.00736	0.00222	0.00870	0.00666	0.00410	0.01172
87	0.00916	0.00655	0.00875	0.01047	0.01095	0.00613	0.00710	0.01054	0.01433	0.01908	0.04085	0.70783	0.04884	0.02315	0.00951	0.00303	0.00441	0.04636	0.00689	0.00606
88	0.00913	0.00666	0.00860	0.00995	0.01071	0.00613	0.00677	0.01066	0.01505	0.01993	0.09630	0.60865	0.11984	0.02213	0.00934	0.00291	0.00418	0.01991	0.00699	0.00613
89	0.01518	0.03497	0.58766	0.05320	0.03381	0.01740	0.10798	0.02334	0.01587	0.02334	0.01353	0.01641	0.00966	0.00697	0.00729	0.00238	0.01112	0.00595	0.00322	0.01073
90	0.01932	0.01709	0.04585	0.04647	0.02195	0.05146	0.04226	0.03476	0.46001	0.08404	0.02774	0.02955	0.02146	0.01020	0.00772	0.00252	0.00703	0.05256	0.00692	0.01106
91	0.01402	0.01319	0.02227	0.72126	0.05113	0.01649	0.02062	0.01897	0.01484	0.01897	0.01319	0.01979	0.00990	0.00742	0.00742	0.00247	0.00990	0.00660	0.00330	0.00825
92	0.00877	0.00752	0.00752	0.00752	0.01003	0.00627	0.00564	0.01065	0.01692	0.02005	0.07520	0.07144	0.68978	0.01880	0.00877	0.00251	0.00376	0.01567	0.00689	0.00627
93	0.04972	0.22857	0.05128	0.01461	0.01959	0.17737	0.01268	0.04870	0.06403	0.14608	0.01695	0.01764	0.01292	0.00802	0.00690	0.00201	0.03757	0.00561	0.06986	0.00988
94	0.02846	0.01774	0.12868	0.01597	0.02261	0.01327	0.05903	0.05902	0.04738	0.48983	0.02532	0.02317	0.01639	0.00867	0.00749	0.00233	0.00755	0.00724	0.00771	0.01215
95	0.03331	0.01263	0.01723	0.01321	0.01895	0.01091	0.01091	0.03618	0.02125	0.69794	0.02929	0.02527	0.01838	0.00919	0.00747	0.00230	0.00632	0.00747	0.00919	0.01263
96	0.01424	0.00996	0.01263	0.07326	0.03942	0.00979	0.00938	0.01934	0.09942	0.10725	0.21951	0.09624	0.23138	0.01448	0.00834	0.00246	0.00501	0.01245	0.00718	0.00826
97	0.01563	0.06311	0.44992	0.04824	0.06124	0.01767	0.15619	0.02292	0.01612	0.02310	0.01483	0.01999	0.01154	0.00751	0.00748	0.00240	0.01082	0.03738	0.00347	0.01045
98	0.00914	0.00654	0.00870	0.01027	0.01079	0.00610	0.00690	0.01058	0.01467	0.01968	0.08445	0.68865	0.05051	0.02271	0.00943	0.00297	0.00425	0.02059	0.00698	0.00610
99	0.01402	0.01319	0.02227	0.72126	0.05113	0.01649	0.02062	0.01897	0.01484	0.01897	0.01319	0.01979	0.00990	0.00742	0.00742	0.00247	0.00990	0.00660	0.00330	0.00825
100	0.01690	0.01900	0.09119	0.28000	0.29777	0.06470	0.05277	0.02155	0.01611	0.02145	0.01347	0.01851	0.01073	0.00769	0.00815	0.03043	0.00982	0.00647	0.00349	0.00982
101	0.07552	0.02213	0.02119	0.20250	0.02965	0.20800	0.01557	0.25020	0.02328	0.02945	0.01400	0.01667	0.01063	0.00822	0.00780	0.00226	0.04214	0.00595	0.00498	0.00986
102	0.00914	0.00659	0.00868	0.01032	0.01090	0.00614	0.00702	0.01054	0.01445	0.01913	0.04257	0.67706	0.08080	0.02293	0.00947	0.00300	0.00437	0.04392	0.00689	0.00607
103	0.74239	0.01424	0.01132	0.00999	0.01465	0.01628	0.00823	0.02275	0.01319	0.07639	0.01157	0.01292	0.00871	0.00704	0.00478	0.00230	0.00578	0.00424	0.00489	0.00834
104	0.00908	0.00661	0.00847	0.00993	0.01058	0.00610	0.00666	0.01039	0.01440	0.01891	0.04419	0.63290	0.12164	0.04933	0.01045	0.00311	0.00435	0.02010	0.00680	0.00600
105	0.01539	0.01319	0.01539	0.01100	0.01759	0.00990	0.00880	0.01869	0.01539	0.02419	0.01319	0.01539	0.01100	0.00550	0.00550	0.00110	0.00550	0.00440	0.00440	0.78449
106	0.02822	0.02079	0.02228	0.01708	0.02302	0.02302	0.01411	0.66804	0.03490	0.04679	0.01782	0.01782	0.01262	0.00891	0.00743	0.00223	0.00817	0.00668	0.00743	0.01262
107	0.02635	0.03614	0.01714	0.01414	0.04666	0.01205	0.01089	0.03163	0.10250	0.44578	0.14482	0.03018	0.02748	0.01015	0.00761	0.00230	0.00592	0.00848	0.00837	0.01139

[dist]
# distance from previous block
# <min> <max>
0	1

[block]
# block no. 2 follows, 27 sequences, length 79
# corresponding to MSA columns:
# 601-679
name=unknown_C
#
# <colnr> <probs for GDERKNQSTAVLIFYWHMCP>
#	G	D	E	R	K	N	Q	S	T	A	V	L	I	F	Y	W	H	M	C	P
0	0.02178	0.02349	0.02139	0.12646	0.07527	0.29036	0.01563	0.09370	0.08144	0.02297	0.01524	0.04477	0.01288	0.00927	0.00965	0.00234	0.11290	0.00661	0.00450	0.00934
1	0.01846	0.01595	0.01679	0.01511	0.01930	0.01846	0.01175	0.03945	0.67938	0.03105	0.03022	0.02770	0.02266	0.01007	0.00755	0.00252	0.00588	0.00839	0.00755	0.01175
2	0.02773	0.03538	0.02104	0.01913	0.02295	0.70930	0.01434	0.02964	0.02104	0.01817	0.01148	0.01339	0.00956	0.00765	0.00669	0.00191	0.01339	0.00478	0.00383	0.00861
3	0.03255	0.01280	0.01721	0.01331	0.01897	0.01130	0.01095	0.03635	0.05496	0.66378	0.02934	0.02539	0.01860	0.00923	0.00747	0.00231	0.00629	0.00751	0.00910	0.01259
4	0.01064	0.00781	0.01123	0.01123	0.01231	0.00890	0.00840	0.01280	0.01172	0.01671	0.02053	0.03273	0.02011	0.18114	0.58634	0.01106	0.01756	0.00848	0.00407	0.00624
5	0.01402	0.01319	0.02227	0.72126	0.05113	0.01649	0.02062	0.01897	0.01484	0.01897	0.01319	0.01979	0.00990	0.00742	0.00742	0.00247	0.00990	0.00660	0.00330	0.00825
6	0.00910	0.00650	0.00866	0.01030	0.01078	0.00607	0.00690	0.01048	0.01448	0.01937	0.06593	0.70805	0.04991	0.02295	0.00945	0.00299	0.00428	0.02081	0.00694	0.00607
7	0.01027	0.00758	0.00960	0.00909	0.01095	0.00691	0.00682	0.01356	0.02046	0.02846	0.60604	0.05761	0.15371	0.01567	0.00876	0.00236	0.00354	0.01373	0.00800	0.00691
8	0.02773	0.03538	0.02104	0.01913	0.02295	0.70930	0.01434	0.02964	0.02104	0.01817	0.01148	0.01339	0.00956	0.00765	0.00669	0.00191	0.01339	0.00478	0.00383	0.00861
9	0.02822	0.02079	0.02228	0.01708	0.02302	0.02302	0.01411	0.66804	0.03490	0.04679	0.01782	0.01782	0.01262	0.00891	0.00743	0.00223	0.00817	0.00668	0.00743	0.01262
10	0.01489	0.03840	0.70064	0.02116	0.03213	0.01724	0.02743	0.02351	0.01567	0.02351	0.01332	0.01567	0.00940	0.00705	0.00705	0.00235	0.01097	0.00549	0.00313	0.01097
11	0.79154	0.01436	0.01091	0.00976	0.01436	0.01665	0.00804	0.02182	0.01263	0.03331	0.01034	0.01206	0.00804	0.00689	0.00459	0.00230	0.00574	0.00402	0.00459	0.00804
12	0.01985	0.74357	0.03890	0.01270	0.01905	0.02937	0.01270	0.02223	0.01508	0.01747	0.01032	0.01191	0.00953	0.00635	0.00476	0.00159	0.00794	0.00397	0.00318	0.00953
13	0.01402	0.01319	0.02227	0.72126	0.05113	0.01649	0.02062	0.01897	0.01484	0.01897	0.01319	0.01979	0.00990	0.00742	0.00742	0.00247	0.00990	0.00660	0.00330	0.00825
14	0.00904	0.00646	0.00861	0.01034	0.01077	0.00603	0.00689	0.01034	0.01421	0.01895	0.04092	0.73426	0.04910	0.02326	0.00948	0.00301	0.00431	0.02110	0.00689	0.00603
15	0.02822	0.02079	0.02228	0.01708	0.02302	0.02302	0.01411	0.66804	0.03490	0.04679	0.01782	0.01782	0.01262	0.00891	0.00743	0.00223	0.00817	0.00668	0.00743	0.01262
16	0.79154	0.01436	0.01091	0.00976	0.01436	0.01665	0.00804	0.02182	0.01263	0.03331	0.01034	0.01206	0.00804	0.00689	0.00459	0.00230	0.00574	0.00402	0.00459	0.00804
17	0.00904	0.00646	0.00861	0.01034	0.01077	0.00603	0.00689	0.01034	0.01421	0.01895	0.04092	0.73426	0.04910	0.02326	0.00948	0.00301	0.00431	0.02110	0.00689	0.00603
18	0.00877	0.00752	0.00752	0.00752	0.01003	0.00627	0.00564	0.01065	0.01692	0.02005	0.07520	0.07144	0.68978	0.01880	0.00877	0.00251	0.00376	0.01567	0.00689	0.00627
19	0.01019	0.00758	0.00949	0.00901	0.01090	0.00687	0.00676	0.01340	0.02028	0.02802	0.57822	0.05834	0.18179	0.01583	0.00876	0.00237	0.00355	0.01383	0.00794	0.00687
20	0.01985	0.74357	0.03890	0.01270	0.01905	0.02937	0.01270	0.02223	0.01508	0.01747	0.01032	0.01191	0.00953	0.00635	0.00476	0.00159	0.00794	0.00397	0.00318	0.00953
21	0.01016	0.00757	0.00944	0.00897	0.01088	0.00686	0.00673	0.01333	0.02019	0.02780	0.56464	0.05869	0.19551	0.01591	0.00876	0.00237	0.00355	0.01388	0.00791	0.00686
22	0.01073	0.00717	0.00812	0.00818	0.00820	0.00715	0.00459	0.01078	0.01092	0.01457	0.02405	0.07435	0.02782	0.71220	0.03672	0.00704	0.00709	0.01118	0.00459	0.00456
23	0.79154	0.01436	0.01091	0.00976	0.01436	0.01665	0.00804	0.02182	0.01263	0.03331	0.01034	0.01206	0.00804	0.00689	0.00459	0.00230	0.00574	0.00402	0.00459	0.00804
24	0.01961	0.71006	0.07035	0.01310	0.01968	0.02880	0.01340	0.02229	0.01511	0.01775	0.01046	0.01209	0.00952	0.00638	0.00487	0.00162	0.00808	0.00404	0.00317	0.00960
25	0.01058	0.00902	0.03853	0.01027	0.01220	0.00764	0.00789	0.04329	0.01779	0.02387	0.23627	0.34140	0.17612	0.01865	0.00893	0.00265	0.00443	0.01644	0.00714	0.00688
26	0.03331	0.01263	0.01723	0.01321	0.01895	0.01091	0.01091	0.03618	0.02125	0.69794	0.02929	0.02527	0.01838	0.00919	0.00747	0.00230	0.00632	0.00747	0.00919	0.01263
27	0.01051	0.00759	0.00992	0.00934	0.01109	0.00700	0.00700	0.01401	0.02101	0.02977	0.68888	0.05545	0.07005	0.01518	0.00876	0.00233	0.00350	0.01343	0.00817	0.00700
28	0.00961	0.00755	0.00867	0.00839	0.01054	0.00662	0.00630	0.01226	0.01889	0.02472	0.36984	0.06377	0.39224	0.01706	0.00877	0.00242	0.00364	0.01459	0.00751	0.00662
29	0.03331	0.01263	0.01723	0.01321	0.01895	0.01091	0.01091	0.03618	0.02125	0.69794	0.02929	0.02527	0.01838	0.00919	0.00747	0.00230	0.00632	0.00747	0.00919	0.01263
30	0.02822	0.02079	0.02228	0.01708	0.02302	0.02302	0.01411	0.66804	0.03490	0.04679	0.01782	0.01782	0.01262	0.00891	0.00743	0.00223	0.00817	0.00668	0.00743	0.01262
31	0.02822	0.02079	0.02228	0.01708	0.02302	0.02302	0.01411	0.66804	0.03490	0.04679	0.01782	0.01782	0.01262	0.00891	0.00743	0.00223	0.00817	0.00668	0.00743	0.01262
32	0.03331	0.01263	0.01723	0.01321	0.01895	0.01091	0.01091	0.03618	0.02125	0.69794	0.02929	0.02527	0.01838	0.00919	0.00747	0.00230	0.00632	0.00747	0.00919	0.01263
33	0.03331	0.01263	0.01723	0.01321	0.01895	0.01091	0.01091	0.03618	0.02125	0.69794	0.02929	0.02527	0.01838	0.00919	0.00747	0.00230	0.00632	0.00747	0.00919	0.01263
34	0.01289	0.00645	0.00967	0.00967	0.00967	0.00645	0.00645	0.00967	0.00967	0.01289	0.01289	0.02257	0.01289	0.02579	0.02901	0.78401	0.00645	0.00645	0.00322	0.00322
35	0.01027	0.00741	0.00971	0.00950	0.01104	0.00685	0.00699	0.01341	0.01991	0.02801	0.58366	0.16568	0.06665	0.01649	0.00887	0.00245	0.00363	0.01467	0.00796	0.00685
36	0.01520	0.03620	0.62199	0.02237	0.03293	0.01742	0.10387	0.02354	0.01589	0.02354	0.01353	0.01619	0.00963	0.00696	0.00726	0.00237	0.01116	0.00588	0.00321	0.01086
37	0.01717	0.01628	0.02727	0.07062	0.58338	0.01632	0.02090	0.02136	0.01682	0.02361	0.01979	0.02529	0.06636	0.00818	0.00758	0.00229	0.00839	0.03339	0.00404	0.01097
38	0.01087	0.00835	0.01244	0.01229	0.01355	0.00992	0.00961	0.01348	0.01190	0.01726	0.01940	0.02855	0.01814	0.05365	0.67712	0.01152	0.05342	0.00788	0.00394	0.00670
39	0.01743	0.01707	0.03025	0.17438	0.49054	0.01755	0.09936	0.02217	0.01658	0.02318	0.01394	0.01885	0.01134	0.00673	0.00753	0.00229	0.00947	0.00687	0.00361	0.01087
40	0.01976	0.01633	0.02113	0.01637	0.02140	0.03773	0.09645	0.17053	0.04401	0.07354	0.02069	0.05233	0.05494	0.00934	0.00924	0.00213	0.09340	0.00751	0.00555	0.22761
41	0.01594	0.02999	0.41311	0.02494	0.05509	0.01824	0.22258	0.02304	0.01588	0.02309	0.01353	0.01715	0.01009	0.00735	0.00920	0.00248	0.07789	0.00662	0.00335	0.01044
42	0.00948	0.00755	0.00850	0.00826	0.01046	0.00657	0.00619	0.01202	0.01858	0.02400	0.32422	0.06496	0.43830	0.01733	0.00877	0.00244	0.00366	0.01476	0.00741	0.00657
43	0.01526	0.03241	0.53056	0.02352	0.11681	0.01665	0.02496	0.02342	0.04282	0.02381	0.01615	0.02191	0.01289	0.00818	0.00737	0.00242	0.01016	0.05625	0.00368	0.01078
44	0.09697	0.12868	0.02146	0.01514	0.05651	0.01633	0.01203	0.11774	0.02113	0.40657	0.02223	0.02061	0.01492	0.00836	0.00678	0.00217	0.00691	0.00646	0.00729	0.01169
45	0.04026	0.00905	0.00831	0.00798	0.01007	0.04124	0.00606	0.04321	0.01648	0.02815	0.02291	0.02611	0.01797	0.00855	0.00533	0.00178	0.00419	0.00671	0.68836	0.00726
46	0.00905	0.00716	0.00815	0.00868	0.01039	0.00626	0.00622	0.01090	0.01642	0.02071	0.12848	0.29767	0.40376	0.01995	0.00901	0.00266	0.00392	0.01730	0.00703	0.00626
47	0.17092	0.01765	0.02032	0.24036	0.05541	0.04934	0.01534	0.28509	0.02295	0.03326	0.01449	0.01716	0.01071	0.00791	0.00684	0.00230	0.00850	0.00606	0.00527	0.01014
48	0.09023	0.01619	0.02333	0.31682	0.21341	0.01828	0.01858	0.16550	0.01968	0.02793	0.01417	0.01826	0.01083	0.00749	0.00714	0.00233	0.00884	0.00638	0.00444	0.01015
49	0.00917	0.00733	0.00824	0.00862	0.01053	0.00639	0.00634	0.01118	0.01682	0.02109	0.14183	0.22004	0.44319	0.01943	0.00899	0.00264	0.00397	0.04083	0.00705	0.00633
50	0.05300	0.36146	0.05347	0.01520	0.02035	0.25980	0.01343	0.04748	0.01766	0.02011	0.01174	0.01366	0.01004	0.00726	0.00625	0.00184	0.03296	0.00462	0.04054	0.00915
51	0.17730	0.05841	0.25072	0.01558	0.02189	0.09904	0.01617	0.02295	0.01591	0.08237	0.01836	0.02271	0.04055	0.01330	0.07645	0.00326	0.01000	0.04123	0.00449	0.00930
52	0.00923	0.00786	0.00799	0.00790	0.01044	0.00678	0.00594	0.01194	0.04348	0.02090	0.09921	0.06903	0.63715	0.01830	0.00872	0.00250	0.00383	0.01528	0.00697	0.00652
53	0.02521	0.02919	0.02295	0.02463	0.17198	0.46117	0.01607	0.08320	0.05502	0.02263	0.01353	0.01561	0.01098	0.00765	0.00695	0.00204	0.01154	0.00554	0.00429	0.00981
54	0.01707	0.01701	0.02343	0.04843	0.02220	0.05631	0.06684	0.05471	0.01384	0.01995	0.01162	0.01763	0.01070	0.01503	0.07357	0.00370	0.50921	0.00671	0.00361	0.00843
55	0.00893	0.00753	0.00774	0.00769	0.01013	0.00634	0.00577	0.01096	0.01730	0.02095	0.13193	0.06997	0.63250	0.01847	0.00877	0.00249	0.00374	0.01546	0.00701	0.00634
56	0.02372	0.02515	0.02021	0.01929	0.07730	0.34882	0.01382	0.15051	0.04985	0.02577	0.05223	0.01965	0.01531	0.03242	0.00906	0.00229	0.05414	0.00635	0.04466	0.00945
57	0.01289	0.00645	0.00967	0.00967	0.00967	0.00645	0.00645	0.00967	0.00967	0.01289	0.01289	0.02257	0.01289	0.02579	0.02901	0.78401	0.00645	0.00645	0.00322	0.00322
58	0.01402	0.01319	0.02227	0.72126	0.05113	0.01649	0.02062	0.01897	0.01484	0.01897	0.01319	0.01979	0.00990	0.00742	0.00742	0.00247	0.00990	0.00660	0.00330	0.00825
59	0.01540	0.01343	0.01671	0.04806	0.02003	0.01054	0.03180	0.01888	0.01544	0.02391	0.01326	0.01578	0.01095	0.00562	0.00571	0.00122	0.00596	0.00466	0.00432	0.71833
60	0.02705	0.02021	0.02162	0.01684	0.02258	0.02248	0.01383	0.59278	0.11207	0.04490	0.01931	0.01901	0.01383	0.00905	0.00744	0.00226	0.00789	0.00689	0.00744	0.01252
61	0.01141	0.00879	0.01038	0.01000	0.01214	0.00852	0.00746	0.04068	0.08978	0.02661	0.34838	0.16488	0.19976	0.01652	0.00870	0.00250	0.00413	0.01438	0.00758	0.00740
62	0.01679	0.30926	0.44646	0.01791	0.02711	0.02190	0.02177	0.02302	0.01545	0.02119	0.01217	0.01423	0.00945	0.00678	0.00617	0.00206	0.00981	0.00490	0.00315	0.01042
63	0.00934	0.00761	0.00831	0.00832	0.01061	0.00657	0.00636	0.01166	0.01776	0.02216	0.19609	0.06909	0.52002	0.01819	0.00887	0.00254	0.00392	0.05898	0.00715	0.00646
64	0.00904	0.00646	0.00861	0.01034	0.01077	0.00603	0.00689	0.01034	0.01421	0.01895	0.04092	0.73426	0.04910	0.02326	0.00948	0.00301	0.00431	0.02110	0.00689	0.00603
65	0.01820	0.01746	0.02982	0.07248	0.66723	0.01759	0.02270	0.02263	0.01682	0.02404	0.01393	0.01843	0.01168	0.00665	0.00735	0.00222	0.00886	0.00661	0.00366	0.01162
66	0.01489	0.03840	0.70064	0.02116	0.03213	0.01724	0.02743	0.02351	0.01567	0.02351	0.01332	0.01567	0.00940	0.00705	0.00705	0.00235	0.01097	0.00549	0.00313	0.01097
67	0.01619	0.22293	0.52748	0.01895	0.02871	0.02042	0.02357	0.02317	0.01552	0.02193	0.01254	0.01469	0.00944	0.00687	0.00645	0.00215	0.01018	0.00509	0.00315	0.01059
68	0.79154	0.01436	0.01091	0.00976	0.01436	0.01665	0.00804	0.02182	0.01263	0.03331	0.01034	0.01206	0.00804	0.00689	0.00459	0.00230	0.00574	0.00402	0.00459	0.00804
69	0.00969	0.00710	0.00875	0.00962	0.01064	0.00660	0.00673	0.01130	0.01514	0.01980	0.10895	0.36365	0.17449	0.13755	0.01393	0.00356	0.00482	0.07503	0.00662	0.00600
70	0.02092	0.58382	0.07259	0.01427	0.02044	0.14450	0.01380	0.02356	0.01613	0.01792	0.01068	0.01237	0.00953	0.00661	0.00522	0.00169	0.00904	0.00419	0.00328	0.00945
71	0.01322	0.01030	0.05312	0.01096	0.01355	0.00844	0.00879	0.05121	0.01829	0.09162	0.20419	0.30196	0.15081	0.01731	0.00872	0.00261	0.00484	0.01517	0.00724	0.00764
72	0.02543	0.02002	0.05830	0.01645	0.02214	0.02062	0.01399	0.51155	0.07960	0.06425	0.04506	0.05123	0.01712	0.00976	0.00756	0.00230	0.00775	0.00765	0.00726	0.01197
73	0.02213	0.34444	0.07809	0.01903	0.08365	0.15580	0.04356	0.12872	0.01975	0.02367	0.01250	0.01435	0.01031	0.00708	0.00613	0.00190	0.00951	0.00512	0.00406	0.01018
74	0.01105	0.00950	0.04834	0.01164	0.01317	0.00821	0.00885	0.06368	0.01594	0.02145	0.03668	0.59005	0.04262	0.02239	0.03630	0.00327	0.00566	0.03772	0.00661	0.00688
75	0.05026	0.01822	0.06599	0.04034	0.56934	0.01707	0.04457	0.02237	0.01689	0.02486	0.04838	0.01992	0.01444	0.00708	0.00734	0.00223	0.00867	0.00687	0.00392	0.01125
76	0.04261	0.08095	0.41400	0.02467	0.11024	0.01861	0.12835	0.02307	0.01579	0.02330	0.01321	0.01634	0.00997	0.00707	0.00787	0.00234	0.04162	0.00604	0.00336	0.01058
77	0.01416	0.01335	0.05328	0.04223	0.03969	0.01252	0.03836	0.02286	0.20906	0.02495	0.06791	0.08828	0.10587	0.01373	0.00836	0.00262	0.00641	0.15968	0.00637	0.07034
78	0.01829	0.25978	0.03167	0.01872	0.02326	0.02296	0.15171	0.06878	0.01605	0.02150	0.01426	0.01775	0.03579	0.00894	0.01185	0.00234	0.22313	0.00640	0.00383	0.04299

[dist]
# distance from previous block
# <min> <max>
0	2

[block]
# block no. 3 follows, 27 sequences, length 59
# corresponding to MSA columns:
# 682-740
name=unknown_D
#
# <colnr> <probs for GDERKNQSTAVLIFYWHMCP>
#	G	D	E	R	K	N	Q	S	T	A	V	L	I	F	Y	W	H	M	C	P
0	0.02534	0.01816	0.01976	0.01540	0.02085	0.01944	0.01259	0.51100	0.03063	0.08034	0.02433	0.04874	0.07624	0.01016	0.00752	0.00222	0.00737	0.00794	0.00729	0.05470
1	0.01944	0.01765	0.01578	0.01418	0.01803	0.15274	0.01099	0.06640	0.27749	0.07118	0.03417	0.05928	0.14225	0.01181	0.00771	0.00238	0.00712	0.03396	0.00665	0.03079
2	0.01676	0.01113	0.01222	0.01055	0.01383	0.01115	0.00820	0.17110	0.01985	0.03023	0.02312	0.11691	0.02026	0.01158	0.02748	0.00223	0.00549	0.00839	0.35444	0.12509
3	0.01537	0.01476	0.04320	0.03382	0.02085	0.01263	0.07080	0.01959	0.04169	0.02328	0.01531	0.05877	0.01351	0.00769	0.00821	0.00171	0.08238	0.00626	0.00442	0.50575
4	0.01763	0.02514	0.27424	0.05276	0.16860	0.01741	0.18042	0.02547	0.07750	0.06388	0.01635	0.01911	0.01211	0.00718	0.00762	0.00237	0.01013	0.00694	0.00416	0.01097
5	0.01532	0.01427	0.02402	0.48507	0.15496	0.01643	0.05780	0.04558	0.01646	0.02177	0.03887	0.02326	0.01384	0.00807	0.00765	0.00245	0.00945	0.03182	0.00387	0.00902
6	0.01940	0.01324	0.01518	0.01317	0.01703	0.01403	0.01033	0.09476	0.29714	0.14445	0.19812	0.05596	0.05131	0.01173	0.00792	0.00242	0.00548	0.00992	0.00794	0.01046
7	0.01732	0.01766	0.06712	0.03992	0.56445	0.01641	0.02163	0.02185	0.01686	0.02394	0.01728	0.02685	0.01571	0.00848	0.00772	0.00237	0.00868	0.09063	0.00406	0.01106
8	0.01036	0.00758	0.00972	0.00918	0.01100	0.00694	0.00689	0.01372	0.02067	0.02894	0.63672	0.05681	0.12272	0.01548	0.00876	0.00235	0.00352	0.01362	0.00806	0.00694
9	0.01261	0.01031	0.01492	0.05911	0.14495	0.01031	0.01176	0.01698	0.05464	0.02517	0.27326	0.13205	0.07883	0.01479	0.00866	0.00259	0.00565	0.10879	0.00656	0.00807
10	0.01415	0.03319	0.58383	0.01916	0.02857	0.01551	0.02397	0.02190	0.01658	0.02457	0.12757	0.02240	0.01966	0.00843	0.00734	0.00235	0.00971	0.00683	0.00399	0.01030
11	0.15693	0.03097	0.01940	0.01742	0.02150	0.55185	0.01326	0.06583	0.02043	0.02241	0.01166	0.01342	0.00948	0.00760	0.00638	0.00200	0.01179	0.00476	0.00417	0.00875
12	0.63214	0.01813	0.01391	0.01219	0.01676	0.13387	0.03479	0.02322	0.01425	0.03038	0.01071	0.01260	0.00842	0.00699	0.00511	0.00224	0.00730	0.00433	0.00443	0.00821
13	0.01004	0.00900	0.01009	0.00954	0.01163	0.00905	0.00743	0.01187	0.01598	0.01968	0.06413	0.06211	0.57478	0.01782	0.01141	0.00263	0.12582	0.01412	0.00628	0.00658
14	0.04175	0.01571	0.01824	0.01612	0.05802	0.01710	0.01206	0.36919	0.02544	0.05961	0.05837	0.02547	0.01862	0.09647	0.12949	0.00442	0.00968	0.00770	0.00634	0.01023
15	0.01118	0.00884	0.01368	0.13189	0.01966	0.01050	0.01120	0.01422	0.01242	0.01753	0.01875	0.02758	0.01709	0.04752	0.59092	0.01033	0.01820	0.00772	0.00386	0.00690
16	0.02402	0.01293	0.01690	0.01410	0.01776	0.01356	0.01142	0.06233	0.08987	0.33839	0.07618	0.05557	0.02283	0.01220	0.01174	0.04366	0.12772	0.03109	0.00735	0.01038
17	0.01307	0.00839	0.00936	0.00864	0.01163	0.00711	0.00665	0.01525	0.01800	0.13551	0.11919	0.06229	0.52398	0.01687	0.00855	0.00246	0.00417	0.01409	0.00739	0.00741
18	0.02498	0.01837	0.01997	0.01594	0.02095	0.02015	0.01289	0.55682	0.03140	0.04208	0.02173	0.13898	0.01879	0.01134	0.00777	0.00236	0.00752	0.00912	0.00734	0.01151
19	0.00961	0.00684	0.00882	0.01008	0.01065	0.00641	0.00669	0.01080	0.01376	0.01843	0.03712	0.57832	0.04409	0.14373	0.01417	0.00368	0.00491	0.03755	0.00641	0.02794
20	0.14788	0.20167	0.29531	0.02080	0.13243	0.01988	0.01925	0.02253	0.01536	0.02399	0.03081	0.01568	0.01126	0.00701	0.00618	0.00213	0.00879	0.00527	0.00362	0.01014
21	0.66246	0.01545	0.01283	0.01100	0.01582	0.01773	0.00907	0.13110	0.01640	0.03559	0.01160	0.01303	0.00882	0.00723	0.00507	0.00229	0.00615	0.00447	0.00507	0.00882
22	0.14842	0.01907	0.03824	0.02765	0.03467	0.01841	0.55459	0.02345	0.01670	0.02539	0.01423	0.01868	0.01072	0.00636	0.00806	0.00247	0.01137	0.00796	0.00390	0.00968
23	0.01706	0.01600	0.02705	0.03988	0.57788	0.01623	0.02050	0.02117	0.01606	0.02307	0.01497	0.02020	0.01291	0.01491	0.12612	0.00385	0.01069	0.00684	0.00373	0.01089
24	0.01809	0.01600	0.01779	0.01585	0.01934	0.01919	0.01251	0.03580	0.56641	0.02882	0.02675	0.02576	0.02048	0.01057	0.01040	0.00264	0.12757	0.00807	0.00683	0.01114
25	0.79154	0.01436	0.01091	0.00976	0.01436	0.01665	0.00804	0.02182	0.01263	0.03331	0.01034	0.01206	0.00804	0.00689	0.00459	0.00230	0.00574	0.00402	0.00459	0.00804
26	0.01045	0.00725	0.00800	0.00800	0.00842	0.00704	0.00469	0.01077	0.01183	0.01535	0.03215	0.05245	0.13907	0.61729	0.03288	0.00640	0.00662	0.01162	0.00490	0.00480
27	0.01034	0.00770	0.01137	0.01166	0.01284	0.00873	0.00888	0.01276	0.01232	0.01752	0.02344	0.14840	0.02372	0.05019	0.59127	0.01042	0.01725	0.01018	0.00447	0.00653
28	0.02805	0.01211	0.01543	0.01240	0.01726	0.01123	0.01005	0.03342	0.10726	0.49645	0.02855	0.02600	0.01905	0.00921	0.00709	0.00223	0.00578	0.00750	0.13938	0.01155
29	0.01886	0.62006	0.03609	0.13253	0.02448	0.02720	0.01404	0.02168	0.01504	0.01772	0.01081	0.01324	0.00959	0.00653	0.00521	0.00174	0.00827	0.00441	0.00320	0.00931
30	0.01752	0.02003	0.04380	0.03129	0.03880	0.01877	0.66583	0.02378	0.01752	0.02378	0.01502	0.02003	0.01126	0.00626	0.00876	0.00250	0.01252	0.00876	0.00375	0.01001
31	0.01402	0.01319	0.02227	0.72126	0.05113	0.01649	0.02062	0.01897	0.01484	0.01897	0.01319	0.01979	0.00990	0.00742	0.00742	0.00247	0.00990	0.00660	0.00330	0.00825
32	0.01573	0.15765	0.58873	0.01973	0.02992	0.01929	0.02494	0.02329	0.01557	0.02249	0.01281	0.01504	0.00942	0.00693	0.00667	0.00222	0.01046	0.00523	0.00314	0.01073
33	0.02787	0.03135	0.02138	0.01856	0.02297	0.51964	0.01428	0.20607	0.02487	0.02608	0.01323	0.01461	0.01041	0.00800	0.00690	0.00200	0.01195	0.00531	0.00482	0.00972
34	0.01402	0.01319	0.02227	0.72126	0.05113	0.01649	0.02062	0.01897	0.01484	0.01897	0.01319	0.01979	0.00990	0.00742	0.00742	0.00247	0.00990	0.00660	0.00330	0.00825
35	0.01628	0.01932	0.10814	0.04466	0.07192	0.01740	0.34033	0.02147	0.01596	0.02291	0.01604	0.04078	0.01334	0.00849	0.01060	0.00255	0.12193	0.02355	0.07492	0.00942
36	0.01071	0.00730	0.00876	0.00881	0.00905	0.00751	0.00538	0.01120	0.01109	0.01501	0.02333	0.06612	0.02624	0.60179	0.15055	0.00787	0.00925	0.01063	0.00448	0.00490
37	0.00887	0.00737	0.00776	0.00799	0.01017	0.00626	0.00587	0.01072	0.01667	0.02023	0.09134	0.16632	0.57626	0.01932	0.00887	0.00257	0.00383	0.01637	0.00694	0.00626
38	0.02765	0.02049	0.02228	0.04529	0.02415	0.02276	0.01437	0.64204	0.03410	0.04567	0.01764	0.01790	0.01252	0.00885	0.00743	0.00224	0.00824	0.00668	0.00726	0.01245
39	0.02065	0.01761	0.01821	0.03602	0.02111	0.04699	0.01258	0.16373	0.50541	0.03332	0.02650	0.02493	0.01977	0.00967	0.00749	0.00243	0.00675	0.00786	0.00726	0.01170
40	0.00888	0.00752	0.00767	0.00764	0.01009	0.00631	0.00573	0.01087	0.01718	0.02067	0.11396	0.07043	0.65064	0.01857	0.00877	0.00250	0.00374	0.01553	0.00697	0.00631
41	0.02799	0.01980	0.02142	0.01648	0.02225	0.02172	0.01359	0.60691	0.03339	0.08434	0.01873	0.01862	0.01320	0.00892	0.00735	0.00221	0.00789	0.00674	0.03604	0.01241
42	0.04212	0.20045	0.26381	0.01813	0.06322	0.01917	0.01815	0.04516	0.01719	0.18245	0.01628	0.01718	0.01177	0.00772	0.00746	0.00219	0.04617	0.00570	0.00478	0.01088
