[name]
unknown

[dist]
# distance from previous block
# <min> <max>
0	490

[block]
# block no. 0 follows, 28 sequences, length 11
# corresponding to MSA columns:
# 490-500
name=unknown_A
#
# <colnr> <probs for GDERKNQSTAVLIFYWHMCP>
#	G	D	E	R	K	N	Q	S	T	A	V	L	I	F	Y	W	H	M	C	P
0	0.01802	0.01858	0.01695	0.13043	0.02304	0.20599	0.01275	0.04170	0.17588	0.02242	0.02748	0.03008	0.12469	0.01066	0.00840	0.00234	0.05444	0.03269	0.03479	0.00867
1	0.01559	0.01433	0.01628	0.11410	0.08708	0.08715	0.01229	0.07414	0.11944	0.02344	0.05554	0.18795	0.09626	0.03094	0.00907	0.00258	0.02862	0.01103	0.00567	0.00849
2	0.01404	0.01122	0.01477	0.09162	0.09672	0.01178	0.01100	0.10350	0.05328	0.02430	0.11697	0.09748	0.11582	0.12863	0.04918	0.00363	0.00706	0.03535	0.00576	0.00793
3	0.12304	0.01344	0.04995	0.05056	0.01940	0.01233	0.05287	0.01966	0.01490	0.11198	0.02012	0.16536	0.01891	0.01162	0.02454	0.00243	0.07308	0.00871	0.00518	0.20195
4	0.03651	0.00825	0.00953	0.03180	0.01161	0.00829	0.00660	0.04851	0.01498	0.05786	0.06063	0.16879	0.05552	0.24745	0.01668	0.00380	0.00538	0.01117	0.19013	0.00649
5	0.01582	0.01469	0.02125	0.40517	0.12446	0.05314	0.01770	0.07384	0.01616	0.02111	0.01415	0.02043	0.01157	0.03741	0.08251	0.00349	0.04806	0.00665	0.00375	0.00861
6	0.03821	0.01823	0.11732	0.24395	0.11414	0.01637	0.21471	0.02034	0.01544	0.02155	0.01565	0.07894	0.01341	0.00824	0.00820	0.00245	0.03192	0.00807	0.00372	0.00915
7	0.01316	0.00772	0.00927	0.00893	0.00991	0.00744	0.00573	0.01387	0.01265	0.10541	0.02822	0.11545	0.06620	0.50375	0.05692	0.00593	0.00697	0.01133	0.00536	0.00579
8	0.12642	0.01773	0.01836	0.01446	0.01956	0.01963	0.01188	0.50180	0.02880	0.04159	0.01732	0.01800	0.01261	0.00843	0.00662	0.00213	0.00707	0.00623	0.11033	0.01103
9	0.01721	0.01397	0.01513	0.01369	0.01721	0.01555	0.01054	0.14196	0.38871	0.02992	0.03229	0.18117	0.06531	0.01294	0.00785	0.00252	0.00569	0.01102	0.00720	0.01014
10	0.01239	0.00909	0.01122	0.07047	0.01471	0.00943	0.00816	0.09830	0.01577	0.02084	0.03084	0.29525	0.06651	0.25740	0.01799	0.00415	0.00618	0.03906	0.00575	0.00648

[dist]
# distance from previous block
# <min> <max>
4	20

[block]
# block no. 1 follows, 28 sequences, length 15
# corresponding to MSA columns:
# 521-535
name=unknown_B
#
# <colnr> <probs for GDERKNQSTAVLIFYWHMCP>
#	G	D	E	R	K	N	Q	S	T	A	V	L	I	F	Y	W	H	M	C	P
0	0.06987	0.01619	0.01896	0.16430	0.08939	0.11040	0.05624	0.06327	0.06647	0.02308	0.02445	0.02909	0.11336	0.05710	0.00917	0.00256	0.00820	0.02575	0.00476	0.04737
1	0.06350	0.01460	0.01823	0.17189	0.08204	0.03522	0.01376	0.08018	0.14800	0.02531	0.01943	0.08914	0.01698	0.00965	0.00807	0.00228	0.05041	0.02309	0.00510	0.12313
2	0.09511	0.02006	0.02254	0.07280	0.25778	0.14100	0.01628	0.15501	0.07095	0.02812	0.01479	0.01710	0.01162	0.00740	0.00679	0.00212	0.00873	0.00598	0.00474	0.04107
3	0.01540	0.01005	0.01557	0.12636	0.13744	0.01021	0.01193	0.01677	0.01420	0.10997	0.02242	0.21510	0.02227	0.01637	0.01347	0.21309	0.00665	0.01037	0.00500	0.00735
4	0.02391	0.16271	0.02330	0.01622	0.03789	0.19431	0.01302	0.15215	0.06063	0.11644	0.01592	0.01690	0.01224	0.00933	0.02701	0.00228	0.05595	0.00567	0.00522	0.04890
5	0.01654	0.01428	0.01459	0.01167	0.01647	0.07812	0.00912	0.07580	0.03821	0.04679	0.02401	0.02632	0.11292	0.04800	0.05389	0.00252	0.00714	0.00691	0.00510	0.39160
6	0.00943	0.00775	0.00865	0.00879	0.01089	0.00721	0.00655	0.01236	0.05346	0.01970	0.05869	0.15182	0.47139	0.02380	0.11207	0.00387	0.00618	0.01455	0.00637	0.00646
7	0.01654	0.01361	0.01566	0.01160	0.01761	0.01134	0.00926	0.11388	0.01780	0.02662	0.01520	0.05871	0.01323	0.00691	0.00589	0.00135	0.00570	0.00561	0.00489	0.62859
8	0.00901	0.00716	0.00810	0.00833	0.01020	0.00624	0.00607	0.01108	0.01687	0.02146	0.20087	0.20838	0.42341	0.01857	0.00873	0.00252	0.00374	0.01599	0.00702	0.00624
9	0.01507	0.01292	0.01507	0.01077	0.01723	0.00969	0.00861	0.01830	0.01507	0.02369	0.01292	0.01507	0.01077	0.00538	0.00538	0.00108	0.00538	0.00431	0.00431	0.78898
10	0.01515	0.01484	0.01914	0.01672	0.01723	0.05508	0.01360	0.01700	0.01301	0.01902	0.11108	0.02351	0.01940	0.05032	0.05402	0.00357	0.51819	0.00754	0.00401	0.00758
11	0.01320	0.01254	0.02106	0.57662	0.04339	0.01483	0.06036	0.01769	0.01500	0.01903	0.02192	0.02679	0.11022	0.00882	0.00755	0.00243	0.00898	0.00790	0.00377	0.00790
12	0.01778	0.01471	0.01638	0.08176	0.02072	0.01685	0.01159	0.11333	0.44070	0.02885	0.02548	0.02815	0.02037	0.11695	0.01170	0.00310	0.00660	0.00818	0.00655	0.01025
13	0.01273	0.01257	0.01073	0.01101	0.01294	0.14775	0.00809	0.01446	0.01634	0.01890	0.04595	0.25879	0.28006	0.04808	0.00971	0.00276	0.00613	0.07047	0.00605	0.00650
14	0.01676	0.01417	0.01771	0.01643	0.11734	0.01221	0.01117	0.09974	0.01760	0.02619	0.01487	0.05001	0.01283	0.00678	0.00607	0.00146	0.00613	0.00567	0.00469	0.54219

[dist]
# distance from previous block
# <min> <max>
0	4

[block]
# block no. 2 follows, 28 sequences, length 95
# corresponding to MSA columns:
# 540-634
name=unknown_C
#
# <colnr> <probs for GDERKNQSTAVLIFYWHMCP>
#	G	D	E	R	K	N	Q	S	T	A	V	L	I	F	Y	W	H	M	C	P
0	0.01683	0.01591	0.02610	0.22926	0.45348	0.01704	0.02066	0.02290	0.08222	0.02298	0.01504	0.01928	0.01207	0.00703	0.00724	0.00226	0.00864	0.00664	0.00387	0.01057
1	0.68812	0.01414	0.01150	0.01021	0.01472	0.01626	0.00835	0.02364	0.07934	0.05952	0.01280	0.01385	0.00970	0.00715	0.00490	0.00227	0.00566	0.00450	0.00497	0.00841
2	0.01703	0.01872	0.03857	0.06386	0.03623	0.01804	0.55903	0.02445	0.08313	0.02376	0.01605	0.02023	0.01206	0.00654	0.00832	0.00242	0.01132	0.00834	0.00404	0.02786
3	0.01836	0.67557	0.03505	0.01194	0.01778	0.02652	0.01175	0.02065	0.01495	0.01735	0.01639	0.01743	0.07727	0.00742	0.00505	0.00164	0.00737	0.00502	0.00347	0.00901
4	0.00888	0.00645	0.00831	0.00978	0.01039	0.00596	0.00655	0.01017	0.01408	0.01853	0.04286	0.65240	0.11152	0.04439	0.01006	0.00303	0.00425	0.01983	0.00668	0.00588
5	0.01930	0.67638	0.03595	0.01267	0.01868	0.02771	0.01235	0.02343	0.08116	0.01842	0.01203	0.01319	0.01060	0.00658	0.00493	0.00164	0.00757	0.00432	0.00353	0.00954
6	0.01036	0.00715	0.00821	0.00821	0.00857	0.00714	0.00494	0.01077	0.01126	0.01489	0.02761	0.04807	0.09193	0.61072	0.09518	0.00701	0.00783	0.01079	0.00459	0.00476
7	0.01027	0.00825	0.01017	0.00953	0.01132	0.00814	0.00730	0.01298	0.01829	0.02479	0.41817	0.05577	0.27410	0.01584	0.01009	0.00243	0.07550	0.01321	0.00710	0.00672
8	0.02535	0.03376	0.08822	0.01868	0.02314	0.60299	0.01515	0.02903	0.06139	0.01909	0.01255	0.01420	0.01014	0.00758	0.00664	0.00195	0.01242	0.00497	0.00391	0.00885
9	0.01079	0.00823	0.01001	0.00943	0.01149	0.00786	0.00711	0.01567	0.08577	0.02779	0.53260	0.05405	0.16184	0.01492	0.00846	0.00233	0.00370	0.01300	0.00775	0.00721
10	0.02564	0.01092	0.01458	0.01193	0.01616	0.00973	0.00946	0.02876	0.03983	0.48817	0.11647	0.10070	0.02818	0.05335	0.00938	0.00261	0.00567	0.00961	0.00833	0.01053
11	0.01603	0.01604	0.02159	0.02068	0.08578	0.05720	0.01560	0.01803	0.01224	0.01805	0.01127	0.01752	0.01079	0.01698	0.10658	0.00406	0.53362	0.00646	0.00334	0.00815
12	0.02682	0.09242	0.02342	0.01630	0.02216	0.02316	0.01368	0.61035	0.03226	0.04297	0.01673	0.01688	0.01206	0.00848	0.00701	0.00212	0.00798	0.00628	0.00686	0.01206
13	0.01655	0.01698	0.02217	0.01906	0.01928	0.06203	0.01580	0.01816	0.01168	0.01751	0.00964	0.01574	0.00953	0.01242	0.02286	0.00311	0.69003	0.00626	0.00321	0.00798
14	0.00907	0.00656	0.00858	0.00981	0.01055	0.00607	0.00670	0.01072	0.01514	0.02032	0.14748	0.59101	0.08857	0.02125	0.00913	0.00282	0.00406	0.01915	0.00695	0.00607
15	0.00895	0.00733	0.00790	0.00786	0.01007	0.00627	0.00586	0.01109	0.01725	0.02152	0.19856	0.09990	0.53640	0.01790	0.00862	0.00244	0.00366	0.01516	0.00700	0.00627
16	0.01834	0.02017	0.02454	0.02048	0.02217	0.16225	0.09878	0.02056	0.01381	0.01829	0.01054	0.01581	0.00969	0.01083	0.01841	0.00282	0.49457	0.00630	0.00336	0.00828
17	0.02722	0.01931	0.02094	0.01617	0.02176	0.02118	0.01327	0.59488	0.05118	0.08914	0.01871	0.01906	0.01342	0.02935	0.00811	0.00233	0.00779	0.00676	0.00731	0.01212
18	0.01849	0.55283	0.06989	0.01497	0.02049	0.02652	0.05162	0.02123	0.01435	0.01782	0.01043	0.01299	0.00945	0.00730	0.00809	0.00191	0.12464	0.00463	0.00315	0.00921
19	0.01263	0.00631	0.00947	0.00947	0.00947	0.00631	0.00631	0.00947	0.00947	0.01263	0.01263	0.02210	0.01263	0.02525	0.02841	0.78851	0.00631	0.00631	0.00316	0.00316
20	0.02224	0.22947	0.17453	0.01659	0.05762	0.03612	0.01560	0.08817	0.04765	0.19587	0.01898	0.01899	0.03166	0.00785	0.00648	0.00206	0.00802	0.00599	0.00531	0.01079
21	0.01791	0.01749	0.03077	0.04330	0.63686	0.01738	0.08363	0.02240	0.01661	0.02370	0.01377	0.01814	0.01147	0.00644	0.00733	0.00219	0.00898	0.00667	0.00361	0.01135
22	0.00886	0.00633	0.00843	0.01012	0.01054	0.00590	0.00675	0.01012	0.01392	0.01856	0.04006	0.73979	0.04808	0.02277	0.00928	0.00295	0.00422	0.02066	0.00675	0.00590
23	0.01998	0.10425	0.21572	0.04710	0.02499	0.27121	0.01790	0.02481	0.05192	0.01984	0.01239	0.01503	0.01004	0.00815	0.00932	0.00222	0.12697	0.00532	0.00357	0.00924
24	0.02047	0.01681	0.02112	0.02340	0.23852	0.05921	0.01443	0.14436	0.03670	0.08438	0.01733	0.01903	0.02813	0.00729	0.00667	0.00186	0.00739	0.00612	0.02638	0.22041
25	0.00904	0.00644	0.00855	0.01017	0.01063	0.00605	0.00686	0.01035	0.01390	0.01851	0.03931	0.68440	0.04694	0.05182	0.01043	0.00313	0.00443	0.04651	0.00665	0.00588
26	0.02551	0.01576	0.01766	0.01398	0.01882	0.01662	0.01138	0.39814	0.02724	0.18353	0.02200	0.05631	0.01635	0.00944	0.00703	0.00216	0.00668	0.00745	0.13280	0.01114
27	0.02195	0.07457	0.02006	0.01565	0.03791	0.11207	0.01230	0.19561	0.19942	0.06428	0.01959	0.02075	0.01515	0.00840	0.00678	0.00202	0.00754	0.02374	0.00601	0.13621
28	0.36420	0.01415	0.01540	0.01430	0.04944	0.01690	0.01101	0.07296	0.01537	0.02876	0.12106	0.02049	0.01863	0.00976	0.01057	0.00249	0.19495	0.00639	0.00490	0.00828
29	0.01004	0.00715	0.00913	0.01031	0.01099	0.00691	0.00699	0.04319	0.01465	0.01953	0.03712	0.61420	0.04389	0.09702	0.01208	0.00335	0.00477	0.03606	0.00653	0.00609
30	0.01935	0.10981	0.01975	0.01482	0.01929	0.05423	0.01191	0.07917	0.52386	0.02914	0.02539	0.02381	0.01926	0.00921	0.00700	0.00230	0.00653	0.00738	0.00666	0.01114
31	0.01833	0.01389	0.01660	0.01241	0.01830	0.01198	0.02490	0.13494	0.01887	0.08214	0.01687	0.06553	0.01417	0.00746	0.00621	0.00152	0.00599	0.00615	0.00536	0.51838
32	0.01032	0.00698	0.00816	0.00839	0.00851	0.00697	0.00493	0.01061	0.01109	0.01484	0.02517	0.14402	0.02912	0.61437	0.06141	0.00667	0.00717	0.01187	0.00471	0.00470
33	0.01373	0.01292	0.02180	0.72707	0.05006	0.01615	0.02019	0.01857	0.01453	0.01857	0.01292	0.01938	0.00969	0.00727	0.00727	0.00242	0.00969	0.00646	0.00323	0.00807
34	0.01095	0.00784	0.00988	0.00968	0.01149	0.00736	0.00724	0.01471	0.05260	0.04505	0.44279	0.16530	0.12840	0.01632	0.00865	0.00246	0.00391	0.04075	0.00761	0.00701
35	0.01782	0.01701	0.02853	0.07067	0.63854	0.01727	0.02168	0.02298	0.05036	0.02388	0.01445	0.01851	0.01198	0.00668	0.00721	0.00219	0.00853	0.00656	0.00378	0.01137
36	0.01738	0.01843	0.02289	0.01951	0.02028	0.10994	0.04220	0.01919	0.01258	0.01777	0.00997	0.01570	0.00958	0.01179	0.02105	0.00299	0.61118	0.00624	0.00327	0.00809
37	0.00898	0.00721	0.00802	0.00818	0.01015	0.00625	0.00600	0.01106	0.01697	0.02143	0.19666	0.17455	0.46225	0.01838	0.00870	0.00250	0.00372	0.01574	0.00701	0.00625
38	0.00913	0.00648	0.00853	0.01006	0.01049	0.00611	0.00674	0.01037	0.01373	0.01828	0.03843	0.64915	0.04584	0.08857	0.01184	0.00334	0.00458	0.04600	0.00653	0.00580
39	0.00890	0.00636	0.00847	0.01009	0.01055	0.00593	0.00675	0.01022	0.01411	0.01886	0.05882	0.72018	0.04866	0.02255	0.00926	0.00293	0.00419	0.02045	0.00678	0.00593
40	0.01861	0.01919	0.02652	0.17813	0.45930	0.12942	0.02055	0.02264	0.01680	0.02174	0.01313	0.01749	0.01080	0.00680	0.00711	0.00217	0.00957	0.00618	0.00355	0.01032
41	0.01033	0.00825	0.00942	0.00978	0.01167	0.00795	0.00714	0.01492	0.11544	0.02171	0.10668	0.30365	0.29103	0.01846	0.00870	0.00265	0.00425	0.03410	0.00695	0.00693
42	0.01665	0.01825	0.03806	0.14992	0.10246	0.01790	0.50084	0.02239	0.01666	0.02253	0.01431	0.01942	0.01085	0.00635	0.00823	0.00242	0.01148	0.00802	0.00359	0.00967
43	0.02026	0.09322	0.02931	0.03416	0.42199	0.14948	0.06826	0.05587	0.01805	0.02303	0.01313	0.01655	0.01090	0.00673	0.00693	0.00207	0.00963	0.00605	0.00376	0.01063
44	0.01943	0.74891	0.03809	0.01244	0.01866	0.02876	0.01244	0.02177	0.01477	0.01710	0.01011	0.01166	0.00933	0.00622	0.00466	0.00155	0.00777	0.00389	0.00311	0.00933
45	0.01323	0.01188	0.01685	0.01513	0.01608	0.01534	0.01228	0.01538	0.01159	0.01751	0.01445	0.02190	0.01372	0.03231	0.35326	0.00713	0.35465	0.00694	0.00358	0.04679
46	0.01014	0.00732	0.00958	0.00925	0.01083	0.00676	0.00685	0.01335	0.01989	0.02806	0.62806	0.12470	0.06648	0.01567	0.00865	0.00235	0.00351	0.01392	0.00787	0.00676
47	0.00889	0.00641	0.00842	0.00996	0.01052	0.00594	0.00669	0.01024	0.01424	0.01892	0.06089	0.68661	0.08074	0.02233	0.00922	0.00291	0.00417	0.02018	0.00678	0.00594
48	0.02763	0.02036	0.02182	0.01672	0.02254	0.02254	0.01382	0.67496	0.03418	0.04581	0.01745	0.01745	0.01236	0.00873	0.00727	0.00218	0.00800	0.00654	0.00727	0.01236
49	0.00912	0.00649	0.00861	0.01003	0.01047	0.00622	0.00669	0.01036	0.01346	0.01803	0.03710	0.62821	0.04407	0.09098	0.05973	0.00392	0.00551	0.01887	0.00634	0.00581
50	0.01557	0.02956	0.44517	0.07553	0.21189	0.01701	0.05810	0.02254	0.01571	0.02293	0.01329	0.01655	0.00995	0.00678	0.00709	0.00228	0.01018	0.00590	0.00325	0.01072
51	0.01016	0.00687	0.00805	0.00846	0.00856	0.00677	0.00497	0.01046	0.01138	0.01517	0.02703	0.21399	0.03163	0.57101	0.03033	0.00606	0.00637	0.01300	0.00497	0.00477
52	0.01332	0.00919	0.01016	0.00934	0.01028	0.00954	0.00592	0.11752	0.01437	0.01920	0.02203	0.04272	0.02416	0.62609	0.03221	0.00626	0.00720	0.00992	0.00487	0.00569
53	0.02241	0.06334	0.02623	0.07192	0.12504	0.38123	0.12149	0.02657	0.05507	0.02025	0.01321	0.01598	0.01067	0.00717	0.00697	0.00206	0.01142	0.00584	0.00384	0.00929
54	0.01263	0.00631	0.00947	0.00947	0.00947	0.00631	0.00631	0.00947	0.00947	0.01263	0.01263	0.02210	0.01263	0.02525	0.02841	0.78851	0.00631	0.00631	0.00316	0.00316
55	0.01229	0.00773	0.01001	0.00952	0.01135	0.00707	0.00700	0.01499	0.01865	0.09529	0.44504	0.16193	0.08828	0.06519	0.01049	0.00272	0.00410	0.01369	0.00760	0.00707
56	0.09250	0.05706	0.15205	0.05283	0.20750	0.05562	0.07042	0.02135	0.01582	0.05772	0.01796	0.13302	0.01660	0.00939	0.00717	0.00231	0.00845	0.00828	0.00435	0.00959
57	0.06860	0.01270	0.01592	0.01404	0.01701	0.01412	0.05119	0.02479	0.25092	0.07054	0.12077	0.13723	0.05628	0.01270	0.00979	0.00257	0.09472	0.01051	0.00652	0.00906
58	0.01619	0.01765	0.06990	0.15215	0.16936	0.01892	0.13277	0.02111	0.04856	0.02099	0.01314	0.01813	0.01086	0.00880	0.01290	0.00262	0.24617	0.00682	0.00357	0.00939
59	0.02448	0.02820	0.02190	0.02114	0.08974	0.45210	0.01515	0.10271	0.02027	0.02165	0.01194	0.01456	0.00996	0.00838	0.00949	0.00215	0.12766	0.00535	0.00406	0.00912
60	0.01571	0.01330	0.01542	0.01107	0.01750	0.01034	0.00888	0.05176	0.01605	0.02481	0.01315	0.01519	0.01085	0.00555	0.00548	0.00113	0.00552	0.00442	0.00446	0.74941
61	0.12061	0.04291	0.02077	0.01652	0.02152	0.18615	0.04625	0.27868	0.12212	0.04965	0.01677	0.01726	0.01252	0.00816	0.00677	0.00216	0.00876	0.00607	0.00585	0.01052
62	0.02215	0.01576	0.01718	0.01415	0.01840	0.01721	0.01122	0.37431	0.13325	0.07024	0.02313	0.09474	0.01928	0.06022	0.00933	0.00260	0.00672	0.00856	0.07097	0.01058
63	0.01680	0.01787	0.02054	0.06606	0.02123	0.15074	0.04175	0.01881	0.01386	0.01804	0.01525	0.13301	0.01582	0.01271	0.01644	0.00281	0.39810	0.00846	0.00389	0.00780
64	0.02041	0.01776	0.01768	0.01541	0.01980	0.06617	0.01209	0.15225	0.52386	0.03232	0.02616	0.02443	0.01955	0.00950	0.00732	0.00237	0.00666	0.00768	0.00713	0.01145
65	0.00895	0.00640	0.00852	0.01006	0.01056	0.00597	0.00676	0.01037	0.01437	0.01927	0.08451	0.69330	0.04947	0.02224	0.00923	0.00291	0.00416	0.02015	0.00683	0.00597
66	0.01497	0.07281	0.63471	0.02087	0.03118	0.01757	0.06318	0.02297	0.01542	0.02273	0.01299	0.01540	0.00932	0.00683	0.00689	0.00227	0.01068	0.00548	0.00311	0.01062
67	0.01895	0.01784	0.01667	0.01505	0.01899	0.11448	0.01162	0.03602	0.55961	0.02859	0.06095	0.02656	0.02277	0.00979	0.00734	0.00237	0.00666	0.00798	0.00692	0.01084
68	0.01457	0.01434	0.01846	0.03659	0.01811	0.06784	0.03142	0.01647	0.01323	0.01852	0.05225	0.18401	0.02176	0.01615	0.04642	0.00330	0.40479	0.00998	0.00433	0.00746
69	0.02749	0.01860	0.02036	0.01570	0.02126	0.02017	0.01294	0.55759	0.03144	0.12822	0.01922	0.01891	0.01342	0.00875	0.00716	0.00216	0.00751	0.00665	0.05041	0.01205
70	0.00969	0.00747	0.00841	0.00866	0.01039	0.00677	0.00644	0.01150	0.01559	0.01951	0.10322	0.06596	0.39032	0.17698	0.01504	0.00360	0.00492	0.12330	0.00632	0.00591
71	0.01035	0.00747	0.00871	0.00862	0.01069	0.00654	0.00638	0.01262	0.01754	0.05693	0.25021	0.17086	0.37156	0.01758	0.00863	0.00247	0.00382	0.01514	0.00723	0.00663
72	0.00886	0.00633	0.00843	0.01012	0.01054	0.00590	0.00675	0.01012	0.01392	0.01856	0.04006	0.73979	0.04808	0.02277	0.00928	0.00295	0.00422	0.02066	0.00675	0.00590
73	0.01590	0.01590	0.02226	0.01908	0.01908	0.02226	0.01590	0.01749	0.01113	0.01749	0.00954	0.01590	0.00954	0.01272	0.02385	0.00318	0.73123	0.00636	0.00318	0.00795
74	0.01191	0.00999	0.01068	0.01005	0.01289	0.01005	0.00767	0.01997	0.22902	0.02485	0.17764	0.05344	0.36404	0.01503	0.00821	0.00243	0.00429	0.01267	0.00719	0.00797
75	0.00886	0.00633	0.00843	0.01012	0.01054	0.00590	0.00675	0.01012	0.01392	0.01856	0.04006	0.73979	0.04808	0.02277	0.00928	0.00295	0.00422	0.02066	0.00675	0.00590
76	0.02107	0.01541	0.01687	0.01462	0.01909	0.01719	0.01153	0.08127	0.53476	0.13992	0.02862	0.02608	0.02085	0.00965	0.00737	0.00241	0.00597	0.00796	0.00765	0.01170
77	0.01788	0.01704	0.02848	0.06212	0.63856	0.01729	0.02158	0.02322	0.05805	0.02401	0.01464	0.01860	0.01213	0.00671	0.00721	0.00219	0.00849	0.00658	0.00382	0.01142
78	0.02373	0.02751	0.02062	0.01823	0.02120	0.45075	0.01418	0.08918	0.01929	0.02043	0.01190	0.01500	0.01017	0.01132	0.04850	0.00273	0.17725	0.00542	0.00397	0.00860
79	0.01459	0.01400	0.02401	0.56582	0.13841	0.01668	0.05480	0.01930	0.01481	0.01950	0.01298	0.01905	0.01001	0.00732	0.00802	0.00242	0.03977	0.00657	0.00330	0.00864
80	0.01838	0.01864	0.03115	0.04088	0.55393	0.05750	0.12655	0.02285	0.01688	0.02333	0.01370	0.01797	0.01131	0.00648	0.00738	0.00219	0.00947	0.00671	0.00362	0.01106
81	0.01057	0.00705	0.00793	0.00793	0.00793	0.00705	0.00440	0.01057	0.01057	0.01409	0.02290	0.04757	0.02643	0.74454	0.03700	0.00705	0.00705	0.01057	0.00440	0.00440
82	0.01708	0.01624	0.02756	0.12830	0.58388	0.01662	0.02128	0.02142	0.01650	0.02337	0.04730	0.01996	0.01411	0.00699	0.00727	0.00220	0.00851	0.00680	0.00377	0.01085
83	0.02555	0.01932	0.02064	0.01630	0.02175	0.02157	0.01331	0.53601	0.17652	0.04245	0.02010	0.01956	0.01451	0.00897	0.00730	0.00224	0.00751	0.00691	0.00730	0.01217
84	0.02831	0.01227	0.01577	0.01237	0.01750	0.01099	0.01013	0.08763	0.02130	0.53613	0.03493	0.03138	0.12668	0.01049	0.00751	0.00228	0.00594	0.00854	0.00848	0.01137
85	0.01514	0.03367	0.56189	0.02288	0.03289	0.01721	0.16790	0.02308	0.01574	0.02308	0.01341	0.01628	0.00961	0.00674	0.00727	0.00233	0.01107	0.00607	0.00320	0.01054
86	0.07625	0.01771	0.01881	0.01524	0.02014	0.01968	0.01231	0.45927	0.13554	0.03961	0.02125	0.09351	0.01734	0.01023	0.00731	0.00231	0.00708	0.00810	0.00705	0.01125
87	0.00887	0.00737	0.00775	0.00765	0.00999	0.00625	0.00574	0.01097	0.01722	0.02118	0.17459	0.06741	0.59433	0.01783	0.00859	0.00243	0.00364	0.01498	0.00695	0.00625
88	0.00903	0.00642	0.00847	0.00995	0.01041	0.00602	0.00662	0.01033	0.01406	0.01884	0.07225	0.66538	0.04787	0.06378	0.01083	0.00315	0.00434	0.01970	0.00668	0.00587
89	0.01612	0.01469	0.02256	0.42848	0.17964	0.01706	0.01887	0.06024	0.12419	0.02313	0.01602	0.02022	0.01224	0.00760	0.00727	0.00236	0.00874	0.00675	0.00421	0.00959
90	0.10697	0.09372	0.08829	0.06463	0.33460	0.01848	0.01821	0.09006	0.03669	0.06063	0.01441	0.01702	0.01129	0.00701	0.00663	0.00215	0.00818	0.00592	0.00434	0.01076
91	0.00941	0.00757	0.00844	0.00862	0.01061	0.00681	0.00631	0.01234	0.05076	0.02151	0.16564	0.20869	0.42066	0.01833	0.00867	0.00253	0.00386	0.01576	0.00699	0.00648
92	0.01010	0.00693	0.00872	0.00961	0.01082	0.00626	0.00669	0.01171	0.01528	0.05421	0.09109	0.51418	0.18625	0.02061	0.00898	0.00277	0.00415	0.01834	0.00695	0.00635
93	0.08917	0.08930	0.12403	0.01479	0.04779	0.01569	0.01306	0.14239	0.05888	0.08330	0.19711	0.02841	0.04645	0.00990	0.00709	0.00220	0.00661	0.00801	0.00613	0.00969
94	0.02547	0.06187	0.02164	0.01652	0.03653	0.07381	0.01325	0.43884	0.09598	0.07202	0.01801	0.01801	0.01313	0.00837	0.00697	0.00209	0.00792	0.00633	0.00661	0.05662

[dist]
# distance from previous block
# <min> <max>
0	11

[block]
# block no. 3 follows, 28 sequences, length 147
# corresponding to MSA columns:
# 646-792
name=unknown_D
#
# <colnr> <probs for GDERKNQSTAVLIFYWHMCP>
#	G	D	E	R	K	N	Q	S	T	A	V	L	I	F	Y	W	H	M	C	P
0	0.06853	0.08037	0.02063	0.08025	0.02212	0.01806	0.01283	0.24440	0.02231	0.22179	0.01862	0.02009	0.01356	0.04251	0.00988	0.00249	0.07804	0.00654	0.00633	0.01065
1	0.01806	0.01890	0.05873	0.07106	0.47612	0.05873	0.04868	0.02401	0.08181	0.02350	0.01491	0.01853	0.01214	0.00715	0.00786	0.00224	0.03616	0.00658	0.00392	0.01092
2	0.00915	0.00654	0.00872	0.01012	0.01075	0.00612	0.00695	0.01076	0.01486	0.02001	0.12266	0.62836	0.05043	0.02167	0.00922	0.00288	0.00421	0.04361	0.00690	0.00605
3	0.01057	0.00705	0.00793	0.00793	0.00793	0.00705	0.00440	0.01057	0.01057	0.01409	0.02290	0.04757	0.02643	0.74454	0.03700	0.00705	0.00705	0.01057	0.00440	0.00440
4	0.01685	0.35872	0.36898	0.01688	0.02503	0.02254	0.01977	0.02217	0.01487	0.02006	0.01153	0.01371	0.00928	0.00689	0.00676	0.00201	0.04616	0.00475	0.00309	0.00996
5	0.03004	0.01481	0.04364	0.01388	0.01959	0.01326	0.01181	0.16825	0.02340	0.51485	0.05103	0.02398	0.01840	0.00908	0.00733	0.00224	0.00663	0.00730	0.00837	0.01210
6	0.00921	0.00701	0.00852	0.00927	0.01069	0.00632	0.00672	0.01118	0.01610	0.02087	0.15672	0.35207	0.27129	0.01981	0.00899	0.00271	0.00410	0.06527	0.00695	0.00620
7	0.00904	0.00647	0.00860	0.01000	0.01058	0.00603	0.00676	0.01058	0.01476	0.01990	0.12310	0.65293	0.05068	0.02177	0.00919	0.00287	0.00412	0.01971	0.00691	0.00603
8	0.01214	0.04393	0.01558	0.04425	0.01604	0.01323	0.01113	0.01434	0.01217	0.01739	0.01951	0.13992	0.02001	0.03413	0.35599	0.00717	0.20271	0.00928	0.00411	0.00698
9	0.02763	0.02036	0.02182	0.01672	0.02254	0.02254	0.01382	0.67496	0.03418	0.04581	0.01745	0.01745	0.01236	0.00873	0.00727	0.00218	0.00800	0.00654	0.00727	0.01236
10	0.01038	0.00779	0.01168	0.01168	0.01298	0.00909	0.00909	0.01298	0.01168	0.01687	0.01947	0.02856	0.01817	0.05452	0.71573	0.01168	0.01947	0.00779	0.00389	0.00649
11	0.01409	0.01337	0.02258	0.60984	0.04604	0.01567	0.06339	0.01887	0.01477	0.01939	0.01304	0.01897	0.00989	0.00701	0.00717	0.00229	0.00944	0.00639	0.00337	0.08442
12	0.01214	0.01210	0.10405	0.01243	0.01547	0.00895	0.01133	0.03140	0.01670	0.05121	0.07111	0.20662	0.15905	0.01758	0.00893	0.00283	0.00601	0.23832	0.00640	0.00736
13	0.01391	0.00712	0.00716	0.00703	0.00883	0.00718	0.00531	0.03385	0.01573	0.02758	0.02355	0.02685	0.01847	0.00848	0.00514	0.00171	0.00351	0.00677	0.76491	0.00692
14	0.02040	0.60205	0.06823	0.01383	0.01988	0.13574	0.01340	0.02297	0.01571	0.01750	0.01043	0.01207	0.00933	0.00645	0.00507	0.00164	0.00876	0.00408	0.00321	0.00926
15	0.02812	0.01958	0.02133	0.01635	0.02215	0.02138	0.01351	0.61253	0.03287	0.11008	0.01855	0.01816	0.01291	0.00875	0.00728	0.00219	0.00782	0.00662	0.00744	0.01236
16	0.02570	0.01940	0.02073	0.01633	0.02181	0.02164	0.01335	0.54618	0.16610	0.04269	0.01991	0.01941	0.01435	0.00896	0.00730	0.00224	0.00754	0.00688	0.00730	0.01219
17	0.01507	0.01292	0.01507	0.01077	0.01723	0.00969	0.00861	0.01830	0.01507	0.02369	0.01292	0.01507	0.01077	0.00538	0.00538	0.00108	0.00538	0.00431	0.00431	0.78898
18	0.01284	0.01149	0.01858	0.53039	0.03945	0.01398	0.01677	0.01680	0.01431	0.01887	0.01857	0.16128	0.01760	0.01057	0.00819	0.00253	0.03533	0.00926	0.03558	0.00759
19	0.01139	0.00767	0.01007	0.00933	0.01124	0.00705	0.00705	0.01478	0.02059	0.06233	0.66259	0.05285	0.06610	0.01457	0.00851	0.00228	0.00356	0.01286	0.00805	0.00713
20	0.01057	0.00705	0.00793	0.00793	0.00793	0.00705	0.00440	0.01057	0.01057	0.01409	0.02290	0.04757	0.02643	0.74454	0.03700	0.00705	0.00705	0.01057	0.00440	0.00440
21	0.01943	0.74891	0.03809	0.01244	0.01866	0.02876	0.01244	0.02177	0.01477	0.01710	0.01011	0.01166	0.00933	0.00622	0.00466	0.00155	0.00777	0.00389	0.00311	0.00933
22	0.02508	0.01665	0.01867	0.01499	0.01987	0.01782	0.01210	0.43176	0.06741	0.14981	0.02342	0.12762	0.01923	0.01095	0.00759	0.00233	0.00700	0.00889	0.00749	0.01134
23	0.00900	0.00643	0.00856	0.01003	0.01057	0.00600	0.00676	0.01047	0.01456	0.01958	0.10358	0.67335	0.05007	0.02201	0.00921	0.00289	0.00414	0.01994	0.00687	0.00600
24	0.01057	0.00705	0.00793	0.00793	0.00793	0.00705	0.00440	0.01057	0.01057	0.01409	0.02290	0.04757	0.02643	0.74454	0.03700	0.00705	0.00705	0.01057	0.00440	0.00440
25	0.01799	0.01727	0.02950	0.04462	0.69919	0.01727	0.02231	0.02231	0.01655	0.02375	0.01367	0.01799	0.01151	0.00648	0.00720	0.00216	0.00864	0.00648	0.00360	0.01151
26	0.01733	0.01359	0.01455	0.01334	0.01693	0.01536	0.01045	0.03340	0.51191	0.04895	0.02921	0.03078	0.02282	0.01030	0.00720	0.00239	0.00544	0.05157	0.13405	0.01043
27	0.01126	0.00880	0.01182	0.01145	0.01193	0.01033	0.00832	0.01256	0.01146	0.01618	0.02150	0.12212	0.02337	0.29548	0.25375	0.00736	0.14193	0.01016	0.00431	0.00592
28	0.03261	0.01237	0.01687	0.01293	0.01856	0.01068	0.01068	0.03543	0.02081	0.70423	0.02868	0.02474	0.01799	0.00900	0.00731	0.00225	0.00619	0.00731	0.00900	0.01237
29	0.01604	0.01631	0.02450	0.02034	0.02113	0.02184	0.08713	0.01812	0.01179	0.01812	0.01010	0.01631	0.00970	0.01201	0.02220	0.00310	0.65327	0.00660	0.00323	0.00815
30	0.01401	0.00900	0.01264	0.04242	0.05555	0.00881	0.01043	0.01711	0.03919	0.11321	0.03503	0.34479	0.03749	0.01805	0.00898	0.00289	0.00578	0.21025	0.00673	0.00764
31	0.02019	0.01996	0.02753	0.03834	0.54017	0.11369	0.02034	0.08694	0.01883	0.02508	0.01371	0.01727	0.01130	0.00684	0.00712	0.00212	0.00919	0.00624	0.00398	0.01117
32	0.01802	0.01782	0.02961	0.08429	0.58921	0.04359	0.06605	0.02240	0.01662	0.02318	0.01361	0.01800	0.01129	0.00654	0.00727	0.00218	0.00911	0.00655	0.00359	0.01107
33	0.01039	0.00698	0.00792	0.00809	0.00829	0.00688	0.00471	0.01069	0.01131	0.01515	0.02696	0.11695	0.05913	0.61940	0.03207	0.00628	0.00651	0.01169	0.02590	0.00470
34	0.01373	0.01292	0.02180	0.72707	0.05006	0.01615	0.02019	0.01857	0.01453	0.01857	0.01292	0.01938	0.00969	0.00727	0.00727	0.00242	0.00969	0.00646	0.00323	0.00807
35	0.02579	0.10424	0.02215	0.01763	0.02174	0.55189	0.01367	0.09074	0.02100	0.02042	0.01204	0.01397	0.00998	0.00926	0.03316	0.00224	0.01231	0.00490	0.00403	0.00883
36	0.03261	0.01237	0.01687	0.01293	0.01856	0.01068	0.01068	0.03543	0.02081	0.70423	0.02868	0.02474	0.01799	0.00900	0.00731	0.00225	0.00619	0.00731	0.00900	0.01237
37	0.02008	0.01646	0.01741	0.01497	0.01944	0.01871	0.01184	0.19621	0.49634	0.03381	0.02834	0.02644	0.04704	0.00992	0.00741	0.00239	0.00623	0.00809	0.00734	0.01150
38	0.01716	0.54813	0.06079	0.01260	0.01777	0.02373	0.01219	0.01968	0.01460	0.01791	0.03753	0.08565	0.01577	0.01164	0.05421	0.00248	0.02950	0.00625	0.00369	0.00874
39	0.01852	0.01397	0.01546	0.01375	0.01765	0.01542	0.01082	0.06472	0.45752	0.09828	0.10958	0.03341	0.04753	0.01103	0.00768	0.00245	0.00561	0.03832	0.00757	0.01070
40	0.01055	0.00712	0.00829	0.00829	0.00842	0.00725	0.00486	0.01081	0.01068	0.01437	0.02257	0.04571	0.02562	0.67718	0.10325	0.00750	0.00826	0.01030	0.00435	0.00461
41	0.01402	0.00908	0.01050	0.06722	0.01444	0.00967	0.00814	0.04396	0.10076	0.02668	0.08416	0.05286	0.02535	0.03250	0.00740	0.00224	0.00476	0.05752	0.42115	0.00759
42	0.01676	0.01492	0.02499	0.16642	0.11403	0.01579	0.17464	0.12523	0.01807	0.02434	0.01781	0.09212	0.01609	0.01107	0.01040	0.07721	0.03057	0.03612	0.00453	0.00888
43	0.01171	0.00837	0.01171	0.01339	0.01506	0.00837	0.01171	0.01506	0.01673	0.02175	0.03849	0.08199	0.04183	0.02008	0.01004	0.00335	0.00669	0.65027	0.00669	0.00669
44	0.01744	0.01671	0.02851	0.13271	0.61540	0.01713	0.02203	0.02183	0.01629	0.02308	0.01358	0.01817	0.01128	0.00658	0.00721	0.00219	0.00877	0.00647	0.00355	0.01107
45	0.06055	0.28215	0.22839	0.01968	0.02728	0.05350	0.18842	0.02283	0.01569	0.02129	0.01220	0.01486	0.00966	0.00648	0.00640	0.00205	0.00992	0.00557	0.00335	0.00974
46	0.01092	0.00858	0.01272	0.01240	0.01358	0.01037	0.00975	0.01342	0.01163	0.01693	0.01850	0.02732	0.01733	0.05044	0.64819	0.01085	0.08895	0.00765	0.00382	0.00663
47	0.79588	0.01406	0.01068	0.00956	0.01406	0.01631	0.00787	0.02137	0.01237	0.03261	0.01012	0.01181	0.00787	0.00675	0.00450	0.00225	0.00562	0.00394	0.00450	0.00787
48	0.01057	0.00705	0.00793	0.00793	0.00793	0.00705	0.00440	0.01057	0.01057	0.01409	0.02290	0.04757	0.02643	0.74454	0.03700	0.00705	0.00705	0.01057	0.00440	0.00440
49	0.01148	0.00817	0.01006	0.01016	0.01127	0.00821	0.00702	0.07593	0.01595	0.02167	0.13865	0.32643	0.04013	0.20866	0.06837	0.00447	0.00632	0.01451	0.00619	0.00635
50	0.01447	0.01228	0.01443	0.01070	0.01657	0.00932	0.00843	0.01750	0.01496	0.02319	0.01557	0.08582	0.01441	0.00708	0.00576	0.00126	0.00527	0.00590	0.00454	0.71253
51	0.01906	0.01748	0.01705	0.04388	0.02040	0.09213	0.01202	0.07323	0.52261	0.02906	0.02800	0.02646	0.04673	0.00978	0.00734	0.00238	0.00675	0.00796	0.00681	0.01087
52	0.00982	0.00738	0.00908	0.00872	0.01058	0.00665	0.00651	0.01278	0.01937	0.02643	0.51843	0.07727	0.22833	0.01599	0.00860	0.00235	0.00352	0.01391	0.00765	0.00665
53	0.01469	0.03519	0.63612	0.02210	0.07931	0.01660	0.02591	0.02268	0.01560	0.02326	0.03420	0.01674	0.01121	0.00712	0.00698	0.00229	0.01036	0.00569	0.00326	0.01068
54	0.02763	0.02036	0.02182	0.01672	0.02254	0.02254	0.01382	0.67496	0.03418	0.04581	0.01745	0.01745	0.01236	0.00873	0.00727	0.00218	0.00800	0.00654	0.00727	0.01236
55	0.01355	0.00678	0.00678	0.00678	0.00847	0.00678	0.00508	0.01694	0.01524	0.02710	0.02371	0.02710	0.01863	0.00847	0.00508	0.00169	0.00339	0.00678	0.78489	0.00678
56	0.02715	0.03464	0.02060	0.01873	0.02247	0.71536	0.01404	0.02903	0.02060	0.01779	0.01124	0.01311	0.00936	0.00749	0.00655	0.00187	0.01311	0.00468	0.00375	0.00843
57	0.03061	0.01229	0.01702	0.01423	0.04558	0.01079	0.01122	0.03352	0.02036	0.63061	0.02874	0.02836	0.01935	0.00965	0.00749	0.00232	0.00632	0.05095	0.00862	0.01195
58	0.01039	0.00743	0.01004	0.01012	0.01086	0.00813	0.00712	0.01189	0.01134	0.01585	0.02178	0.06876	0.02282	0.32699	0.41384	0.00944	0.01384	0.00948	0.00423	0.00564
59	0.00999	0.00719	0.00968	0.01117	0.01221	0.00688	0.00855	0.01217	0.01544	0.02038	0.07737	0.42974	0.07315	0.02115	0.00949	0.00304	0.00507	0.25425	0.00680	0.00626
60	0.02763	0.02036	0.02182	0.01672	0.02254	0.02254	0.01382	0.67496	0.03418	0.04581	0.01745	0.01745	0.01236	0.00873	0.00727	0.00218	0.00800	0.00654	0.00727	0.01236
61	0.02858	0.01885	0.02088	0.01601	0.02179	0.02030	0.01322	0.55389	0.03165	0.17046	0.01958	0.01883	0.01343	0.00878	0.00728	0.00219	0.00766	0.00669	0.00760	0.01236
62	0.01065	0.00766	0.00978	0.01088	0.01185	0.00749	0.00765	0.06787	0.01583	0.02110	0.03802	0.63853	0.04462	0.02140	0.00915	0.00291	0.00469	0.05662	0.00679	0.00651
63	0.00974	0.00779	0.00896	0.01035	0.01108	0.04079	0.00702	0.01107	0.01443	0.01859	0.04099	0.65739	0.09135	0.02172	0.00910	0.00286	0.00462	0.01951	0.00660	0.00604
64	0.16439	0.18504	0.02273	0.08371	0.02221	0.10312	0.01278	0.22712	0.02091	0.02919	0.01338	0.01543	0.01058	0.01021	0.04792	0.00260	0.00896	0.00531	0.00481	0.00962
65	0.01169	0.00931	0.01417	0.01331	0.01507	0.00905	0.09689	0.05557	0.01547	0.02065	0.03269	0.44056	0.03724	0.11823	0.01292	0.00343	0.00616	0.07484	0.00604	0.00672
66	0.14533	0.12045	0.05078	0.08762	0.06357	0.18098	0.04147	0.04679	0.01594	0.02194	0.01132	0.01467	0.00949	0.00812	0.00961	0.00227	0.15182	0.00532	0.00371	0.00881
67	0.01373	0.01292	0.02180	0.72707	0.05006	0.01615	0.02019	0.01857	0.01453	0.01857	0.01292	0.01938	0.00969	0.00727	0.00727	0.00242	0.00969	0.00646	0.00323	0.00807
68	0.15038	0.01113	0.03579	0.01067	0.01419	0.01017	0.00878	0.02010	0.05060	0.13125	0.33786	0.03895	0.05869	0.01178	0.00743	0.00226	0.00484	0.03371	0.00705	0.05438
69	0.01915	0.70691	0.07758	0.01293	0.01941	0.02806	0.01329	0.02184	0.01480	0.01745	0.01028	0.01188	0.00932	0.00626	0.00480	0.00160	0.00795	0.00397	0.00311	0.00941
70	0.00895	0.00732	0.00790	0.00788	0.01007	0.00627	0.00586	0.01107	0.01721	0.02147	0.19593	0.10638	0.53251	0.01796	0.00863	0.00245	0.00366	0.01522	0.00700	0.00627
71	0.02783	0.01131	0.01534	0.01212	0.01691	0.00986	0.00986	0.03077	0.02076	0.55949	0.17162	0.03108	0.02884	0.01025	0.00758	0.00226	0.00559	0.00856	0.00878	0.01119
72	0.00893	0.00636	0.00841	0.01003	0.01043	0.00595	0.00665	0.01014	0.01377	0.01836	0.03932	0.70994	0.04714	0.05390	0.01047	0.00313	0.00434	0.02023	0.00665	0.00584
73	0.21414	0.01501	0.01704	0.07033	0.05164	0.01593	0.01175	0.19694	0.04778	0.16452	0.03730	0.01912	0.01406	0.00858	0.00716	0.02650	0.00677	0.00614	0.00614	0.06315
74	0.01057	0.00705	0.00793	0.00793	0.00793	0.00705	0.00440	0.01057	0.01057	0.01409	0.02290	0.04757	0.02643	0.74454	0.03700	0.00705	0.00705	0.01057	0.00440	0.00440
75	0.01038	0.00779	0.01168	0.01168	0.01298	0.00909	0.00909	0.01298	0.01168	0.01687	0.01947	0.02856	0.01817	0.05452	0.71573	0.01168	0.01947	0.00779	0.00389	0.00649
76	0.01641	0.01620	0.02491	0.39611	0.31722	0.06411	0.02065	0.02083	0.01578	0.02066	0.01312	0.01838	0.01042	0.00695	0.00719	0.00228	0.00949	0.00635	0.00342	0.00952
77	0.01491	0.03532	0.62257	0.02198	0.03229	0.01707	0.10887	0.02305	0.01558	0.02305	0.01326	0.01589	0.00944	0.00681	0.00712	0.00232	0.01093	0.00578	0.00315	0.01062
78	0.01151	0.00826	0.01146	0.01309	0.01474	0.00821	0.01134	0.01474	0.01662	0.02157	0.03958	0.10643	0.06133	0.02013	0.00997	0.00331	0.00651	0.60785	0.00670	0.00665
79	0.01459	0.01408	0.02506	0.53210	0.04465	0.01621	0.14221	0.03887	0.01598	0.02090	0.05369	0.02143	0.01350	0.00754	0.00759	0.00241	0.00975	0.00726	0.00372	0.00846
80	0.01380	0.01267	0.02093	0.65785	0.04644	0.01583	0.01913	0.01844	0.01445	0.01904	0.01343	0.01970	0.01021	0.00754	0.00776	0.00241	0.03651	0.00647	0.04938	0.00799
81	0.01968	0.05741	0.01615	0.03890	0.01704	0.04338	0.01028	0.26396	0.02219	0.03205	0.01896	0.02136	0.01467	0.01037	0.03551	0.00236	0.03408	0.00645	0.32602	0.00916
82	0.01457	0.01326	0.02206	0.42608	0.22341	0.01522	0.01880	0.01896	0.01486	0.02034	0.01440	0.02035	0.01155	0.01173	0.07628	0.00321	0.00998	0.00661	0.04955	0.00879
83	0.00877	0.00733	0.00763	0.00764	0.00995	0.00620	0.00570	0.01074	0.01686	0.02052	0.13305	0.09385	0.61038	0.01823	0.00862	0.00246	0.00368	0.01533	0.00687	0.00620
84	0.02634	0.01957	0.02107	0.01641	0.02194	0.02174	0.01348	0.60698	0.07762	0.04368	0.01835	0.01852	0.01325	0.01052	0.03377	0.00256	0.00828	0.00670	0.00715	0.01208
85	0.01544	0.01252	0.01463	0.01063	0.01678	0.00949	0.00850	0.01855	0.01544	0.05466	0.01777	0.01925	0.05766	0.00643	0.00569	0.00122	0.00530	0.00519	0.00469	0.70014
86	0.02715	0.03464	0.02060	0.01873	0.02247	0.71536	0.01404	0.02903	0.02060	0.01779	0.01124	0.01311	0.00936	0.00749	0.00655	0.00187	0.01311	0.00468	0.00375	0.00843
87	0.01203	0.00913	0.01111	0.01015	0.01248	0.00897	0.00773	0.04173	0.10881	0.02947	0.54347	0.04890	0.08067	0.01386	0.00829	0.00228	0.00396	0.01210	0.00776	0.02708
88	0.01040	0.00771	0.01127	0.01127	0.01242	0.00886	0.00857	0.01271	0.01156	0.01657	0.01985	0.03067	0.01909	0.13115	0.64036	0.01117	0.01809	0.00810	0.00395	0.00626
89	0.01808	0.01561	0.01644	0.01479	0.01890	0.01808	0.01151	0.03863	0.68606	0.03041	0.02959	0.02712	0.02219	0.00986	0.00740	0.00247	0.00575	0.00822	0.00740	0.01151
90	0.00981	0.00712	0.00924	0.02942	0.01123	0.00717	0.00681	0.01093	0.01321	0.01778	0.06555	0.46428	0.04049	0.22470	0.01754	0.00407	0.03253	0.01653	0.00592	0.00567
91	0.02715	0.03464	0.02060	0.01873	0.02247	0.71536	0.01404	0.02903	0.02060	0.01779	0.01124	0.01311	0.00936	0.00749	0.00655	0.00187	0.01311	0.00468	0.00375	0.00843
92	0.01149	0.00825	0.01143	0.01304	0.01469	0.00819	0.01129	0.01470	0.01662	0.02155	0.03988	0.10613	0.06690	0.02012	0.00996	0.00330	0.00649	0.60263	0.00670	0.00664
93	0.01099	0.00759	0.00994	0.00926	0.01110	0.00698	0.00698	0.01440	0.02058	0.05052	0.67426	0.05336	0.06699	0.01467	0.00853	0.00229	0.00352	0.01296	0.00803	0.00703
94	0.01030	0.00780	0.00977	0.01048	0.01240	0.00727	0.00860	0.01308	0.01723	0.02214	0.15923	0.09102	0.27657	0.01870	0.00927	0.00285	0.00503	0.30483	0.00693	0.00650
95	0.02223	0.04267	0.01999	0.13903	0.02477	0.06593	0.01369	0.32110	0.02409	0.06356	0.01676	0.01886	0.01251	0.00859	0.00812	0.00219	0.06431	0.00636	0.11511	0.01011
96	0.11096	0.01222	0.01565	0.01223	0.01751	0.01104	0.01007	0.03290	0.01961	0.59542	0.02646	0.02353	0.01698	0.00873	0.00689	0.00222	0.00597	0.00693	0.05311	0.01158
97	0.01163	0.00941	0.01146	0.01122	0.01195	0.04178	0.00806	0.01302	0.01183	0.01611	0.02118	0.09579	0.02257	0.29840	0.30509	0.00794	0.08277	0.00965	0.00425	0.00591
98	0.01333	0.00682	0.00697	0.00694	0.00863	0.00678	0.00520	0.01672	0.01561	0.02724	0.06934	0.02895	0.02202	0.00890	0.00532	0.00173	0.00339	0.00721	0.73212	0.00678
99	0.01664	0.01587	0.02745	0.14930	0.48413	0.01630	0.06512	0.02107	0.01629	0.02270	0.01605	0.02457	0.01415	0.00791	0.00758	0.00234	0.00886	0.06946	0.00385	0.01038
100	0.01675	0.01161	0.01364	0.01247	0.01509	0.01205	0.00940	0.24541	0.02166	0.05826	0.07897	0.37499	0.03429	0.01675	0.00921	0.03442	0.00566	0.01398	0.00698	0.00841
101	0.79588	0.01406	0.01068	0.00956	0.01406	0.01631	0.00787	0.02137	0.01237	0.03261	0.01012	0.01181	0.00787	0.00675	0.00450	0.00225	0.00562	0.00394	0.00450	0.00787
102	0.05318	0.01968	0.13122	0.06334	0.51310	0.01668	0.02158	0.02176	0.01610	0.02369	0.01578	0.01943	0.03835	0.00706	0.00708	0.00221	0.00866	0.00654	0.00367	0.01088
103	0.00904	0.00650	0.00850	0.00985	0.01047	0.00604	0.00664	0.01050	0.01457	0.01950	0.10487	0.62567	0.07540	0.04307	0.01000	0.00299	0.00420	0.01942	0.00680	0.00596
104	0.01674	0.20623	0.44117	0.01958	0.02850	0.06112	0.08570	0.02310	0.01570	0.02132	0.01240	0.01475	0.00942	0.00670	0.00651	0.00211	0.01032	0.00529	0.00318	0.01018
105	0.01894	0.01914	0.02747	0.06732	0.55708	0.10255	0.02068	0.02378	0.04988	0.02314	0.01413	0.01790	0.01170	0.00680	0.00713	0.00215	0.00908	0.00634	0.00379	0.01100
106	0.20974	0.01276	0.01543	0.01215	0.01751	0.01199	0.01003	0.03216	0.01885	0.54837	0.02437	0.02174	0.01564	0.00847	0.00666	0.00225	0.00605	0.00653	0.00795	0.01133
107	0.01081	0.00846	0.00986	0.00949	0.01117	0.03347	0.00705	0.01360	0.01846	0.02513	0.46626	0.05347	0.13201	0.08877	0.05308	0.00335	0.00525	0.03670	0.00705	0.00656
108	0.01529	0.06316	0.51154	0.02185	0.05063	0.01734	0.11090	0.02340	0.04645	0.02311	0.01487	0.01887	0.01134	0.00739	0.00718	0.00233	0.01037	0.03001	0.00350	0.01046
109	0.00979	0.00722	0.00915	0.00906	0.01065	0.00659	0.00665	0.01261	0.01882	0.02590	0.48977	0.17827	0.15503	0.01677	0.00870	0.00243	0.00361	0.01480	0.00760	0.00659
110	0.00974	0.00670	0.00817	0.00899	0.00919	0.00649	0.00554	0.01035	0.01219	0.01625	0.03120	0.38208	0.03689	0.39576	0.02360	0.00507	0.00568	0.01545	0.00554	0.00513
111	0.01583	0.07010	0.17105	0.21903	0.15347	0.01747	0.17221	0.02139	0.01571	0.02177	0.01377	0.01816	0.01058	0.00677	0.00721	0.00227	0.00992	0.00657	0.03706	0.00966
112	0.01642	0.12782	0.41887	0.05318	0.17096	0.04651	0.02318	0.02276	0.01570	0.02199	0.01270	0.01548	0.00974	0.00676	0.00667	0.00216	0.00995	0.00542	0.00322	0.01051
113	0.01171	0.00837	0.01171	0.01339	0.01506	0.00837	0.01171	0.01506	0.01673	0.02175	0.03849	0.08199	0.04183	0.02008	0.01004	0.00335	0.00669	0.65027	0.00669	0.00669
114	0.08071	0.05223	0.48812	0.05761	0.07007	0.01743	0.06778	0.02243	0.01511	0.02332	0.01275	0.01561	0.00939	0.00699	0.00730	0.00231	0.03177	0.00558	0.00327	0.01022
115	0.11191	0.15626	0.02185	0.11005	0.02326	0.13274	0.01295	0.18320	0.07259	0.02750	0.01879	0.01998	0.06292	0.00845	0.00645	0.00210	0.00823	0.00622	0.00502	0.00952
116	0.01045	0.00786	0.01057	0.01242	0.04197	0.00749	0.00923	0.01292	0.01601	0.02091	0.08441	0.29095	0.15083	0.01978	0.00934	0.00296	0.00527	0.27339	0.00667	0.00656
117	0.67074	0.01508	0.01250	0.01073	0.01544	0.01732	0.00884	0.12783	0.01592	0.03476	0.01132	0.01273	0.00860	0.00707	0.00495	0.00224	0.00601	0.00436	0.00495	0.00860
