[name]
unknown

[dist]
# distance from previous block
# <min> <max>
0	36

[block]
# block no. 0 follows, 29 sequences, length 6
# corresponding to MSA columns:
# 37-42
name=unknown_A
#
# <colnr> <probs for GDERKNQSTAVLIFYWHMCP>
#	G	D	E	R	K	N	Q	S	T	A	V	L	I	F	Y	W	H	M	C	P
0	0.07873	0.14140	0.07407	0.01359	0.01755	0.01540	0.01244	0.02296	0.18941	0.02367	0.02638	0.04372	0.02524	0.01264	0.00757	0.00258	0.00674	0.27161	0.00567	0.00863
1	0.08089	0.24824	0.27473	0.01634	0.02281	0.02139	0.01761	0.07470	0.01541	0.02243	0.01143	0.01391	0.00926	0.00767	0.00880	0.00217	0.13422	0.00497	0.00349	0.00953
2	0.00850	0.00687	0.00756	0.00812	0.00986	0.00594	0.00581	0.01012	0.01536	0.01888	0.06112	0.29507	0.48301	0.01947	0.00864	0.00257	0.00378	0.01677	0.00661	0.00594
3	0.00949	0.00703	0.00885	0.00886	0.01039	0.00639	0.00647	0.01212	0.01807	0.02470	0.44950	0.20580	0.17236	0.01684	0.00855	0.00241	0.00357	0.01484	0.00736	0.00639
4	0.01078	0.00619	0.00884	0.00955	0.00973	0.00601	0.00637	0.00955	0.01115	0.01486	0.02391	0.33237	0.02728	0.02369	0.01978	0.45355	0.00530	0.01222	0.00460	0.00425
5	0.01681	0.01921	0.04202	0.03001	0.03721	0.01801	0.67947	0.02281	0.01681	0.02281	0.01441	0.01921	0.01080	0.00600	0.00840	0.00240	0.01200	0.00840	0.00360	0.00960

[dist]
# distance from previous block
# <min> <max>
0	1

[block]
# block no. 1 follows, 29 sequences, length 16
# corresponding to MSA columns:
# 44-59
name=unknown_B
#
# <colnr> <probs for GDERKNQSTAVLIFYWHMCP>
#	G	D	E	R	K	N	Q	S	T	A	V	L	I	F	Y	W	H	M	C	P
0	0.01989	0.01638	0.01733	0.01493	0.01935	0.01873	0.01180	0.18793	0.53882	0.03331	0.02621	0.02436	0.01949	0.00940	0.00722	0.00235	0.00615	0.00767	0.00722	0.01147
1	0.01729	0.01415	0.01612	0.01175	0.01794	0.01208	0.00948	0.15422	0.01861	0.02765	0.01357	0.01524	0.01087	0.00595	0.00565	0.00128	0.00580	0.00467	0.00482	0.63286
2	0.02946	0.01332	0.01705	0.01299	0.01861	0.01206	0.01071	0.12755	0.02172	0.54208	0.02489	0.02222	0.01609	0.00841	0.00696	0.00208	0.00624	0.00675	0.00809	0.09274
3	0.02336	0.02802	0.02250	0.02470	0.19213	0.48195	0.01594	0.02577	0.01835	0.01886	0.01145	0.01428	0.00971	0.00756	0.00812	0.00202	0.07755	0.00517	0.00358	0.00897
4	0.01408	0.01154	0.01359	0.01078	0.01559	0.00942	0.00833	0.06085	0.01575	0.02342	0.01959	0.19707	0.01977	0.00974	0.00635	0.00159	0.00516	0.00836	0.00501	0.54401
5	0.01940	0.01443	0.01657	0.01220	0.01829	0.01272	0.00989	0.18497	0.01994	0.09107	0.01517	0.01621	0.01158	0.00641	0.00591	0.00143	0.00598	0.00503	0.00536	0.52744
6	0.01530	0.02162	0.19854	0.02313	0.02883	0.01769	0.29765	0.02044	0.01491	0.02139	0.04384	0.04407	0.01374	0.00878	0.01183	0.00256	0.19525	0.00769	0.00362	0.00911
7	0.01551	0.01460	0.02400	0.33195	0.34426	0.01556	0.01936	0.01983	0.01520	0.02111	0.01299	0.01786	0.01043	0.00654	0.00687	0.00210	0.00851	0.00608	0.00346	0.10378
8	0.01675	0.10078	0.06231	0.02328	0.04946	0.02008	0.29537	0.04646	0.01512	0.02105	0.01299	0.03773	0.01118	0.00870	0.01263	0.00252	0.24369	0.00725	0.00358	0.00905
9	0.01904	0.75404	0.03731	0.01218	0.01828	0.02818	0.01218	0.02132	0.01447	0.01675	0.00990	0.01142	0.00914	0.00609	0.00457	0.00152	0.00761	0.00381	0.00305	0.00914
10	0.01017	0.00763	0.01144	0.01144	0.01272	0.00890	0.00890	0.01272	0.01144	0.01653	0.01907	0.02797	0.01780	0.05340	0.72153	0.01144	0.01907	0.00763	0.00381	0.00636
11	0.00864	0.00722	0.00752	0.00745	0.00976	0.00611	0.00559	0.01065	0.01676	0.02049	0.15683	0.06646	0.61696	0.01757	0.00841	0.00238	0.00357	0.01474	0.00678	0.00611
12	0.01076	0.00723	0.00825	0.00812	0.00824	0.00748	0.00481	0.01105	0.01069	0.01480	0.02197	0.04401	0.02472	0.67034	0.03362	0.00640	0.03559	0.00994	0.05739	0.00461
13	0.01425	0.01394	0.02081	0.33139	0.03189	0.03909	0.04259	0.01735	0.01320	0.01795	0.01448	0.10069	0.01379	0.01083	0.01348	0.00270	0.28240	0.00791	0.00357	0.00770
14	0.21848	0.09510	0.01966	0.01643	0.04389	0.45599	0.01239	0.02567	0.01750	0.02119	0.01072	0.01256	0.00888	0.00701	0.00577	0.00191	0.01037	0.00439	0.00379	0.00831
15	0.80005	0.01377	0.01047	0.00936	0.01377	0.01597	0.00771	0.02093	0.01212	0.03195	0.00991	0.01157	0.00771	0.00661	0.00441	0.00220	0.00551	0.00386	0.00441	0.00771

[dist]
# distance from previous block
# <min> <max>
0	4

[block]
# block no. 2 follows, 29 sequences, length 41
# corresponding to MSA columns:
# 64-104
name=unknown_C
#
# <colnr> <probs for GDERKNQSTAVLIFYWHMCP>
#	G	D	E	R	K	N	Q	S	T	A	V	L	I	F	Y	W	H	M	C	P
0	0.01286	0.01180	0.01821	0.35313	0.15470	0.01302	0.01539	0.01720	0.03856	0.02043	0.07200	0.03374	0.18989	0.01031	0.00752	0.00233	0.00729	0.00901	0.00454	0.00808
1	0.01345	0.01266	0.02136	0.73264	0.04904	0.01582	0.01978	0.01819	0.01424	0.01819	0.01266	0.01898	0.00949	0.00712	0.00712	0.00237	0.00949	0.00633	0.00316	0.00791
2	0.01337	0.01238	0.01657	0.01503	0.01560	0.03810	0.01203	0.01516	0.01151	0.01679	0.01524	0.06336	0.01541	0.07252	0.26139	0.00614	0.38105	0.00771	0.00365	0.00699
3	0.01008	0.00728	0.00952	0.00896	0.01064	0.00672	0.00672	0.01344	0.02016	0.02855	0.70158	0.05319	0.06719	0.01456	0.00840	0.00224	0.00336	0.01288	0.00784	0.00672
4	0.01444	0.01361	0.02299	0.51482	0.23039	0.01577	0.01988	0.01891	0.01477	0.01960	0.01382	0.04472	0.01134	0.00745	0.00717	0.00232	0.00901	0.00683	0.00339	0.00877
5	0.01477	0.01266	0.01477	0.01055	0.01687	0.00949	0.00844	0.01793	0.01477	0.02320	0.01266	0.01477	0.01055	0.00527	0.00527	0.00105	0.00527	0.00422	0.00422	0.79328
6	0.01017	0.00763	0.01144	0.01144	0.01272	0.00890	0.00890	0.01272	0.01144	0.01653	0.01907	0.02797	0.01780	0.05340	0.72153	0.01144	0.01907	0.00763	0.00381	0.00636
7	0.01017	0.00763	0.01144	0.01144	0.01272	0.00890	0.00890	0.01272	0.01144	0.01653	0.01907	0.02797	0.01780	0.05340	0.72153	0.01144	0.01907	0.00763	0.00381	0.00636
8	0.01036	0.00690	0.00777	0.00777	0.00777	0.00690	0.00431	0.01036	0.01036	0.01381	0.02244	0.04660	0.02589	0.74975	0.03624	0.00690	0.00690	0.01036	0.00431	0.00431
9	0.01428	0.03683	0.71286	0.02030	0.03082	0.01654	0.02631	0.02255	0.01503	0.02255	0.01278	0.01503	0.00902	0.00677	0.00677	0.00226	0.01052	0.00526	0.00301	0.01052
10	0.01036	0.00690	0.00777	0.00777	0.00777	0.00690	0.00431	0.01036	0.01036	0.01381	0.02244	0.04660	0.02589	0.74975	0.03624	0.00690	0.00690	0.01036	0.00431	0.00431
11	0.00858	0.00722	0.00745	0.00739	0.00972	0.00608	0.00554	0.01054	0.01663	0.02018	0.13564	0.06698	0.63836	0.01768	0.00841	0.00239	0.00358	0.01481	0.00674	0.00608
12	0.02743	0.01752	0.01953	0.01506	0.02050	0.01871	0.01241	0.50387	0.02962	0.19130	0.01985	0.01917	0.01365	0.00859	0.00702	0.00213	0.00721	0.00659	0.04801	0.01183
13	0.01558	0.01558	0.02181	0.01869	0.01869	0.02181	0.01558	0.01714	0.01091	0.01714	0.00935	0.01558	0.00935	0.01246	0.02337	0.00312	0.73672	0.00623	0.00312	0.00779
14	0.01367	0.00807	0.01067	0.00957	0.01188	0.00733	0.00733	0.01693	0.02019	0.14042	0.59106	0.04844	0.05905	0.01361	0.00820	0.00223	0.00380	0.01194	0.00800	0.00760
15	0.01997	0.02136	0.02662	0.03708	0.52687	0.20084	0.01974	0.02357	0.01725	0.02174	0.01277	0.01637	0.01073	0.00660	0.00689	0.00204	0.00960	0.00589	0.00356	0.01049
16	0.02325	0.02778	0.02226	0.02536	0.22158	0.48360	0.01582	0.02585	0.01902	0.01962	0.04203	0.01601	0.01234	0.00736	0.00669	0.00193	0.01114	0.00547	0.00381	0.00907
17	0.01345	0.01266	0.02136	0.73264	0.04904	0.01582	0.01978	0.01819	0.01424	0.01819	0.01266	0.01898	0.00949	0.00712	0.00712	0.00237	0.00949	0.00633	0.00316	0.00791
18	0.01237	0.00618	0.00928	0.00928	0.00928	0.00618	0.00618	0.00928	0.00928	0.01237	0.01237	0.02165	0.01237	0.02474	0.02783	0.79283	0.00618	0.00618	0.00309	0.00309
19	0.02763	0.01553	0.08696	0.01392	0.01971	0.01284	0.01235	0.06749	0.12824	0.49735	0.02612	0.02331	0.01713	0.00873	0.00713	0.00224	0.00653	0.00707	0.00789	0.01182
20	0.80005	0.01377	0.01047	0.00936	0.01377	0.01597	0.00771	0.02093	0.01212	0.03195	0.00991	0.01157	0.00771	0.00661	0.00441	0.00220	0.00551	0.00386	0.00441	0.00771
21	0.01762	0.01692	0.02890	0.04371	0.70533	0.01692	0.02185	0.02185	0.01621	0.02326	0.01339	0.01762	0.01128	0.00634	0.00705	0.00211	0.00846	0.00634	0.00352	0.01128
22	0.01771	0.01530	0.01610	0.01449	0.01852	0.01771	0.01127	0.03784	0.69247	0.02979	0.02898	0.02657	0.02174	0.00966	0.00725	0.00242	0.00564	0.00805	0.00725	0.01127
23	0.00851	0.00722	0.00735	0.00731	0.00968	0.00605	0.00548	0.01040	0.01645	0.01977	0.10812	0.06765	0.66612	0.01783	0.00841	0.00240	0.00359	0.01491	0.00668	0.00605
24	0.01008	0.00728	0.00952	0.00896	0.01064	0.00672	0.00672	0.01344	0.02016	0.02855	0.70158	0.05319	0.06719	0.01456	0.00840	0.00224	0.00336	0.01288	0.00784	0.00672
25	0.01904	0.75404	0.03731	0.01218	0.01828	0.02818	0.01218	0.02132	0.01447	0.01675	0.00990	0.01142	0.00914	0.00609	0.00457	0.00152	0.00761	0.00381	0.00305	0.00914
26	0.00877	0.00624	0.00823	0.00979	0.01018	0.00585	0.00648	0.00994	0.01345	0.01793	0.03829	0.70517	0.04588	0.06390	0.01064	0.00312	0.00429	0.01968	0.00648	0.00570
27	0.01036	0.00690	0.00777	0.00777	0.00777	0.00690	0.00431	0.01036	0.01036	0.01381	0.02244	0.04660	0.02589	0.74975	0.03624	0.00690	0.00690	0.01036	0.00431	0.00431
28	0.02793	0.01407	0.01719	0.01367	0.01887	0.01394	0.01113	0.13661	0.17631	0.45038	0.02658	0.02365	0.01770	0.00897	0.00717	0.00224	0.00624	0.00725	0.00819	0.01192
29	0.01694	0.37446	0.28619	0.01798	0.02588	0.02229	0.12284	0.02201	0.01505	0.01984	0.01167	0.01398	0.00936	0.00633	0.00598	0.00193	0.00938	0.00507	0.00312	0.00972
30	0.01428	0.03683	0.71286	0.02030	0.03082	0.01654	0.02631	0.02255	0.01503	0.02255	0.01278	0.01503	0.00902	0.00677	0.00677	0.00226	0.01052	0.00526	0.00301	0.01052
31	0.01036	0.00690	0.00777	0.00777	0.00777	0.00690	0.00431	0.01036	0.01036	0.01381	0.02244	0.04660	0.02589	0.74975	0.03624	0.00690	0.00690	0.01036	0.00431	0.00431
32	0.01720	0.01649	0.02814	0.11321	0.63912	0.01681	0.02164	0.02148	0.01601	0.02275	0.01332	0.01776	0.01110	0.00642	0.00706	0.00214	0.00856	0.00634	0.00349	0.01094
33	0.80005	0.01377	0.01047	0.00936	0.01377	0.01597	0.00771	0.02093	0.01212	0.03195	0.00991	0.01157	0.00771	0.00661	0.00441	0.00220	0.00551	0.00386	0.00441	0.00771
34	0.01345	0.01266	0.02136	0.73264	0.04904	0.01582	0.01978	0.01819	0.01424	0.01819	0.01266	0.01898	0.00949	0.00712	0.00712	0.00237	0.00949	0.00633	0.00316	0.00791
35	0.01793	0.01596	0.01607	0.01211	0.01801	0.10179	0.00961	0.07457	0.01721	0.04959	0.01338	0.01506	0.01076	0.00594	0.00564	0.00129	0.00648	0.00455	0.00456	0.59949
36	0.01312	0.01219	0.01771	0.37048	0.03175	0.05079	0.01513	0.01664	0.01324	0.01745	0.01463	0.02165	0.01250	0.02450	0.26950	0.00572	0.07551	0.00670	0.00342	0.00735
37	0.01810	0.61326	0.16991	0.01378	0.02074	0.02589	0.01496	0.02156	0.01458	0.01789	0.01046	0.01213	0.00911	0.00622	0.00500	0.00167	0.00819	0.00409	0.00304	0.00941
38	0.01017	0.00763	0.01144	0.01144	0.01272	0.00890	0.00890	0.01272	0.01144	0.01653	0.01907	0.02797	0.01780	0.05340	0.72153	0.01144	0.01907	0.00763	0.00381	0.00636
39	0.01017	0.00763	0.01144	0.01144	0.01272	0.00890	0.00890	0.01272	0.01144	0.01653	0.01907	0.02797	0.01780	0.05340	0.72153	0.01144	0.01907	0.00763	0.00381	0.00636
40	0.01101	0.04448	0.11597	0.01062	0.01378	0.00910	0.00969	0.01478	0.01837	0.02576	0.49137	0.04630	0.09552	0.05133	0.00943	0.00246	0.00482	0.01135	0.00664	0.00722

[dist]
# distance from previous block
# <min> <max>
0	3

[block]
# block no. 3 follows, 29 sequences, length 89
# corresponding to MSA columns:
# 108-169,187-213
name=unknown_D
#
# <colnr> <probs for GDERKNQSTAVLIFYWHMCP>
#	G	D	E	R	K	N	Q	S	T	A	V	L	I	F	Y	W	H	M	C	P
0	0.15419	0.04591	0.01996	0.05364	0.02191	0.04121	0.01280	0.47470	0.04620	0.03903	0.01555	0.01621	0.01131	0.00805	0.00656	0.00214	0.00761	0.00588	0.00621	0.01091
1	0.03195	0.01212	0.01652	0.01267	0.01818	0.01047	0.01047	0.03470	0.02038	0.71026	0.02809	0.02424	0.01763	0.00881	0.00716	0.00220	0.00606	0.00716	0.00881	0.01212
2	0.01008	0.00728	0.00952	0.00896	0.01064	0.00672	0.00672	0.01344	0.02016	0.02855	0.70158	0.05319	0.06719	0.01456	0.00840	0.00224	0.00336	0.01288	0.00784	0.00672
3	0.01735	0.01762	0.05263	0.06041	0.62282	0.01695	0.06353	0.02184	0.01616	0.02308	0.01342	0.01767	0.01113	0.00636	0.00713	0.00214	0.00878	0.00644	0.00350	0.01106
4	0.01846	0.01164	0.01217	0.01030	0.01348	0.01244	0.00819	0.26654	0.02190	0.03344	0.02092	0.02299	0.01594	0.00839	0.00578	0.00184	0.00502	0.00655	0.49530	0.00869
5	0.80005	0.01377	0.01047	0.00936	0.01377	0.01597	0.00771	0.02093	0.01212	0.03195	0.00991	0.01157	0.00771	0.00661	0.00441	0.00220	0.00551	0.00386	0.00441	0.00771
6	0.01345	0.01266	0.02136	0.73264	0.04904	0.01582	0.01978	0.01819	0.01424	0.01819	0.01266	0.01898	0.00949	0.00712	0.00712	0.00237	0.00949	0.00633	0.00316	0.00791
7	0.00842	0.00721	0.00721	0.00721	0.00962	0.00601	0.00541	0.01022	0.01623	0.01924	0.07213	0.06853	0.70244	0.01803	0.00842	0.00240	0.00361	0.01503	0.00661	0.00601
8	0.01670	0.01845	0.03878	0.07840	0.13333	0.01771	0.54204	0.02237	0.01655	0.02257	0.01415	0.01897	0.01079	0.00613	0.00813	0.00236	0.01133	0.00797	0.00356	0.00973
9	0.01008	0.00728	0.00952	0.00896	0.01064	0.00672	0.00672	0.01344	0.02016	0.02855	0.70158	0.05319	0.06719	0.01456	0.00840	0.00224	0.00336	0.01288	0.00784	0.00672
10	0.01914	0.70522	0.05955	0.01267	0.01883	0.05145	0.01271	0.02161	0.01468	0.01697	0.01003	0.01159	0.00914	0.00616	0.00471	0.00156	0.00789	0.00388	0.00307	0.00915
11	0.76876	0.01469	0.03843	0.00980	0.01445	0.01600	0.00845	0.02100	0.01223	0.03157	0.01003	0.01171	0.00776	0.00662	0.00450	0.00221	0.00571	0.00391	0.00435	0.00782
12	0.01498	0.03146	0.52103	0.04291	0.09120	0.01680	0.13657	0.02242	0.01542	0.02254	0.01311	0.01607	0.00953	0.00661	0.00708	0.00227	0.01057	0.00592	0.00316	0.01036
13	0.01421	0.01346	0.01417	0.03985	0.08990	0.09746	0.01097	0.02029	0.15193	0.02186	0.04060	0.06856	0.24665	0.01384	0.00802	0.00247	0.00640	0.12537	0.00592	0.00806
14	0.00996	0.00727	0.00936	0.00884	0.01057	0.00667	0.00663	0.01322	0.01989	0.02792	0.65871	0.05423	0.11045	0.01479	0.00840	0.00225	0.00338	0.01302	0.00776	0.00667
15	0.01682	0.01395	0.01607	0.01176	0.01779	0.01194	0.00949	0.12759	0.01774	0.02660	0.01329	0.01518	0.01077	0.00603	0.00612	0.00130	0.02759	0.00464	0.00467	0.64067
16	0.01069	0.00741	0.00959	0.00902	0.01083	0.00678	0.00677	0.01388	0.01976	0.05077	0.62510	0.07375	0.09913	0.01478	0.00838	0.00227	0.00349	0.01302	0.00777	0.00684
17	0.02560	0.01887	0.02050	0.01595	0.02127	0.02093	0.01313	0.62327	0.03156	0.04241	0.01727	0.01804	0.01261	0.01246	0.06941	0.00295	0.00882	0.00652	0.00683	0.01161
18	0.01035	0.00788	0.01187	0.05018	0.01452	0.00921	0.00935	0.01294	0.01156	0.01654	0.01883	0.02805	0.01760	0.07179	0.66251	0.01082	0.01819	0.00764	0.00379	0.00638
19	0.01008	0.00835	0.01033	0.07267	0.03873	0.00794	0.00793	0.01343	0.04415	0.02261	0.25968	0.07262	0.37471	0.01534	0.00822	0.00235	0.00431	0.01313	0.00661	0.00679
20	0.01003	0.00724	0.00948	0.00899	0.01063	0.00669	0.00672	0.01332	0.01993	0.02820	0.67900	0.07677	0.06650	0.01482	0.00842	0.00226	0.00339	0.01313	0.00780	0.00669
21	0.01693	0.01678	0.03010	0.12248	0.49206	0.01711	0.13618	0.02146	0.01594	0.02241	0.01337	0.01801	0.01093	0.00654	0.00774	0.00222	0.02907	0.00670	0.00348	0.01049
22	0.02143	0.01679	0.01898	0.08019	0.02274	0.01764	0.01248	0.36748	0.10584	0.03487	0.01694	0.01779	0.01261	0.00768	0.00665	0.00190	0.00704	0.00602	0.00600	0.21891
23	0.02613	0.01904	0.02037	0.01572	0.02114	0.02103	0.01295	0.63631	0.03222	0.04363	0.01751	0.01774	0.01253	0.00853	0.00698	0.00210	0.00753	0.00643	0.06039	0.01174
24	0.01659	0.02072	0.09962	0.02918	0.03667	0.01788	0.62338	0.02279	0.01665	0.02279	0.01427	0.01885	0.01065	0.00607	0.00826	0.00239	0.01188	0.00813	0.00355	0.00968
25	0.01762	0.01692	0.02890	0.04371	0.70533	0.01692	0.02185	0.02185	0.01621	0.02326	0.01339	0.01762	0.01128	0.00634	0.00705	0.00211	0.00846	0.00634	0.00352	0.01128
26	0.00842	0.00721	0.00721	0.00721	0.00962	0.00601	0.00541	0.01022	0.01623	0.01924	0.07213	0.06853	0.70244	0.01803	0.00842	0.00240	0.00361	0.01503	0.00661	0.00601
27	0.02573	0.01928	0.02062	0.01611	0.02157	0.02146	0.01321	0.58973	0.12751	0.04272	0.01879	0.01845	0.01348	0.00871	0.00714	0.00218	0.00752	0.00664	0.00714	0.01199
28	0.01558	0.01558	0.02181	0.01869	0.01869	0.02181	0.01558	0.01714	0.01091	0.01714	0.00935	0.01558	0.00935	0.01246	0.02337	0.00312	0.73672	0.00623	0.00312	0.00779
29	0.01036	0.00690	0.00777	0.00777	0.00777	0.00690	0.00431	0.01036	0.01036	0.01381	0.02244	0.04660	0.02589	0.74975	0.03624	0.00690	0.00690	0.01036	0.00431	0.00431
30	0.00892	0.00638	0.00848	0.00975	0.01038	0.00594	0.00663	0.01052	0.01475	0.01996	0.15297	0.62630	0.05055	0.02098	0.00897	0.00278	0.00400	0.01898	0.00682	0.00594
31	0.01558	0.01558	0.02181	0.01869	0.01869	0.02181	0.01558	0.01714	0.01091	0.01714	0.00935	0.01558	0.00935	0.01246	0.02337	0.00312	0.73672	0.00623	0.00312	0.00779
32	0.01345	0.01266	0.02136	0.73264	0.04904	0.01582	0.01978	0.01819	0.01424	0.01819	0.01266	0.01898	0.00949	0.00712	0.00712	0.00237	0.00949	0.00633	0.00316	0.00791
33	0.01558	0.01558	0.02181	0.01869	0.01869	0.02181	0.01558	0.01714	0.01091	0.01714	0.00935	0.01558	0.00935	0.01246	0.02337	0.00312	0.73672	0.00623	0.00312	0.00779
34	0.01428	0.03683	0.71286	0.02030	0.03082	0.01654	0.02631	0.02255	0.01503	0.02255	0.01278	0.01503	0.00902	0.00677	0.00677	0.00226	0.01052	0.00526	0.00301	0.01052
35	0.01477	0.01266	0.01477	0.01055	0.01687	0.00949	0.00844	0.01793	0.01477	0.02320	0.01266	0.01477	0.01055	0.00527	0.00527	0.00105	0.00527	0.00422	0.00422	0.79328
36	0.01477	0.01266	0.01477	0.01055	0.01687	0.00949	0.00844	0.01793	0.01477	0.02320	0.01266	0.01477	0.01055	0.00527	0.00527	0.00105	0.00527	0.00422	0.00422	0.79328
37	0.01008	0.00728	0.00952	0.00896	0.01064	0.00672	0.00672	0.01344	0.02016	0.02855	0.70158	0.05319	0.06719	0.01456	0.00840	0.00224	0.00336	0.01288	0.00784	0.00672
38	0.01178	0.00868	0.01207	0.01402	0.03823	0.00876	0.01152	0.01569	0.04533	0.02155	0.03659	0.11652	0.03951	0.01895	0.00958	0.00318	0.00643	0.56824	0.00649	0.00687
39	0.02679	0.01297	0.01602	0.01274	0.01773	0.01237	0.01037	0.11928	0.10226	0.45689	0.03195	0.02882	0.09880	0.00998	0.00732	0.00224	0.00596	0.00810	0.00814	0.01129
40	0.01409	0.11396	0.01351	0.00980	0.01148	0.01049	0.00749	0.05717	0.01342	0.01890	0.01795	0.09238	0.01735	0.01723	0.01607	0.36403	0.00572	0.02788	0.16543	0.00565
41	0.04787	0.72671	0.03632	0.01208	0.01811	0.02772	0.01202	0.02131	0.01438	0.01731	0.00990	0.01143	0.00909	0.00611	0.00456	0.00155	0.00754	0.00381	0.00310	0.00909
42	0.01001	0.00728	0.00942	0.00888	0.01059	0.00669	0.00666	0.01330	0.01999	0.02815	0.67447	0.05385	0.09455	0.01471	0.00840	0.00225	0.00337	0.01297	0.00779	0.00669
43	0.01623	0.01907	0.19632	0.01665	0.06628	0.01368	0.03565	0.13479	0.04266	0.05239	0.16111	0.06700	0.04829	0.00991	0.00730	0.00215	0.00702	0.00844	0.00558	0.08949
44	0.00889	0.00723	0.00787	0.00771	0.00991	0.00621	0.00578	0.01113	0.01735	0.02189	0.25119	0.06416	0.52173	0.01704	0.00841	0.00236	0.00354	0.01442	0.00696	0.00621
45	0.00868	0.00620	0.00826	0.00991	0.01033	0.00578	0.00661	0.00991	0.01363	0.01818	0.03925	0.74510	0.04710	0.02231	0.00909	0.00289	0.00413	0.02024	0.00661	0.00578
46	0.01525	0.01505	0.02820	0.02342	0.08723	0.01558	0.32238	0.01950	0.01536	0.02233	0.05910	0.04272	0.01651	0.01052	0.04116	0.00279	0.13643	0.00819	0.10967	0.00861
47	0.01871	0.02601	0.20476	0.02897	0.27763	0.17540	0.07627	0.02458	0.05850	0.02213	0.01374	0.01656	0.01082	0.00685	0.00696	0.00213	0.01011	0.00595	0.00366	0.01026
48	0.04081	0.08698	0.64149	0.01936	0.02936	0.01734	0.02469	0.02241	0.01490	0.02245	0.01248	0.01466	0.00898	0.00671	0.00653	0.00220	0.01015	0.00511	0.00306	0.01033
49	0.01536	0.01474	0.07569	0.01148	0.01814	0.01014	0.01007	0.01895	0.01500	0.04851	0.01324	0.01514	0.01068	0.00553	0.00547	0.00120	0.00576	0.00442	0.00428	0.69620
50	0.01861	0.68893	0.09864	0.01292	0.01941	0.02712	0.01347	0.02143	0.01452	0.01728	0.01016	0.01175	0.00913	0.00615	0.00477	0.00159	0.00788	0.00394	0.00304	0.00926
51	0.01008	0.00728	0.00952	0.00896	0.01064	0.00672	0.00672	0.01344	0.02016	0.02855	0.70158	0.05319	0.06719	0.01456	0.00840	0.00224	0.00336	0.01288	0.00784	0.00672
52	0.00911	0.00653	0.00865	0.00962	0.01042	0.00607	0.00664	0.01101	0.01565	0.02139	0.24441	0.53078	0.05332	0.01991	0.00887	0.00269	0.00389	0.01796	0.00699	0.00607
53	0.01771	0.01530	0.01610	0.01449	0.01852	0.01771	0.01127	0.03784	0.69247	0.02979	0.02898	0.02657	0.02174	0.00966	0.00725	0.00242	0.00564	0.00805	0.00725	0.01127
54	0.00965	0.00726	0.00892	0.00851	0.01037	0.00654	0.00638	0.01261	0.01914	0.02615	0.53887	0.05715	0.23140	0.01546	0.00840	0.00228	0.00342	0.01343	0.00752	0.00654
55	0.01277	0.00680	0.00742	0.00742	0.00901	0.00700	0.00561	0.01596	0.01437	0.02492	0.02255	0.02678	0.01818	0.01562	0.12127	0.00325	0.00588	0.00680	0.66180	0.00659
56	0.01762	0.01692	0.02890	0.04371	0.70533	0.01692	0.02185	0.02185	0.01621	0.02326	0.01339	0.01762	0.01128	0.00634	0.00705	0.00211	0.00846	0.00634	0.00352	0.01128
57	0.01477	0.01266	0.01477	0.01055	0.01687	0.00949	0.00844	0.01793	0.01477	0.02320	0.01266	0.01477	0.01055	0.00527	0.00527	0.00105	0.00527	0.00422	0.00422	0.79328
58	0.03126	0.01214	0.01645	0.01258	0.01813	0.01043	0.01038	0.03403	0.02016	0.68291	0.02748	0.02386	0.01734	0.00867	0.00709	0.00216	0.00603	0.00704	0.00863	0.04322
59	0.02667	0.01974	0.02114	0.01630	0.02193	0.02189	0.01344	0.65386	0.06186	0.04423	0.01761	0.01750	0.01252	0.00860	0.00713	0.00215	0.00774	0.00648	0.00713	0.01207
60	0.00993	0.00727	0.00931	0.00880	0.01055	0.00666	0.00660	0.01315	0.01980	0.02772	0.64496	0.05457	0.12433	0.01487	0.00840	0.00225	0.00338	0.01307	0.00773	0.00666
61	0.01477	0.01266	0.01477	0.01055	0.01687	0.00949	0.00844	0.01793	0.01477	0.02320	0.01266	0.01477	0.01055	0.00527	0.00527	0.00105	0.00527	0.00422	0.00422	0.79328
62	0.00991	0.00715	0.00936	0.00908	0.01060	0.00660	0.00671	0.01301	0.01936	0.02728	0.62028	0.13811	0.06472	0.01551	0.00848	0.00232	0.00345	0.01378	0.00769	0.00660
63	0.01473	0.01443	0.02015	0.01762	0.01767	0.01984	0.01448	0.01625	0.01124	0.01726	0.01302	0.10512	0.01398	0.01367	0.02162	0.00309	0.64680	0.00795	0.00354	0.00754
64	0.01553	0.01263	0.01567	0.09929	0.02089	0.01032	0.00994	0.01887	0.01500	0.05959	0.01349	0.01579	0.01080	0.00569	0.00560	0.00128	0.00583	0.00464	0.00434	0.65482
65	0.01329	0.00738	0.00844	0.09574	0.01330	0.00776	0.00679	0.01679	0.01485	0.02552	0.02193	0.02562	0.01718	0.00815	0.00524	0.00175	0.00408	0.00660	0.69280	0.00679
66	0.70310	0.01302	0.01059	0.00962	0.01364	0.01511	0.00786	0.01992	0.01204	0.03006	0.01104	0.01358	0.00895	0.01235	0.09242	0.00334	0.00717	0.00432	0.00433	0.00755
67	0.01692	0.01873	0.03884	0.02811	0.03492	0.01797	0.59746	0.02465	0.09973	0.02367	0.01619	0.02011	0.01215	0.00645	0.00826	0.00240	0.01122	0.00836	0.00405	0.00981
68	0.01084	0.00860	0.01272	0.01233	0.01345	0.01049	0.00972	0.01326	0.01138	0.01660	0.01788	0.02645	0.01676	0.04838	0.63584	0.01042	0.10715	0.00746	0.00373	0.00653
69	0.01298	0.01165	0.01925	0.60486	0.04219	0.01418	0.01744	0.01713	0.01470	0.01915	0.09720	0.02333	0.01673	0.00898	0.00839	0.04493	0.00856	0.00712	0.00373	0.00750
70	0.01670	0.01574	0.02652	0.03944	0.62007	0.01567	0.02000	0.02082	0.01670	0.02391	0.09786	0.02199	0.01814	0.00735	0.00722	0.00213	0.00783	0.00715	0.00405	0.01072
71	0.02660	0.03394	0.02018	0.01834	0.02201	0.72116	0.01376	0.02843	0.02018	0.01743	0.01101	0.01284	0.00917	0.00734	0.00642	0.00183	0.01284	0.00459	0.00367	0.00825
72	0.01657	0.01430	0.01501	0.01360	0.01742	0.01628	0.01055	0.03445	0.60947	0.02849	0.03428	0.03172	0.10528	0.01069	0.00739	0.00241	0.00539	0.00891	0.00717	0.01063
73	0.10699	0.00807	0.00956	0.00895	0.01099	0.00783	0.00680	0.01426	0.01905	0.02869	0.59739	0.04855	0.07936	0.01369	0.00791	0.00224	0.00363	0.01184	0.00738	0.00682
74	0.01040	0.00786	0.01089	0.09784	0.01533	0.00777	0.00831	0.01378	0.01899	0.02658	0.57192	0.09611	0.05874	0.01417	0.00829	0.00230	0.00416	0.01258	0.00718	0.00680
75	0.70403	0.01396	0.01116	0.00999	0.01435	0.01619	0.00815	0.02301	0.09562	0.03168	0.01226	0.01341	0.00943	0.00698	0.00476	0.00223	0.00552	0.00437	0.00476	0.00815
76	0.00845	0.00709	0.00734	0.00755	0.00971	0.00598	0.00556	0.01018	0.01591	0.01911	0.06810	0.15157	0.62201	0.01856	0.00850	0.00246	0.00367	0.01567	0.00661	0.00598
77	0.00868	0.00620	0.00826	0.00991	0.01033	0.00578	0.00661	0.00991	0.01363	0.01818	0.03925	0.74510	0.04710	0.02231	0.00909	0.00289	0.00413	0.02024	0.00661	0.00578
78	0.01567	0.12566	0.15907	0.02324	0.03005	0.01769	0.38301	0.02097	0.01576	0.02133	0.01652	0.10643	0.01470	0.00816	0.00764	0.00231	0.01014	0.00863	0.00378	0.00924
79	0.03195	0.01212	0.01652	0.01267	0.01818	0.01047	0.01047	0.03470	0.02038	0.71026	0.02809	0.02424	0.01763	0.00881	0.00716	0.00220	0.00606	0.00716	0.00881	0.01212
80	0.01380	0.03316	0.62632	0.01876	0.02799	0.01535	0.02361	0.02105	0.01446	0.02148	0.01396	0.01891	0.01109	0.09796	0.01038	0.00283	0.01008	0.00589	0.00317	0.00976
81	0.01404	0.01319	0.01836	0.01614	0.01636	0.01783	0.01308	0.01557	0.01093	0.01663	0.01258	0.02145	0.01279	0.10979	0.14144	0.00497	0.52740	0.00697	0.00338	0.00712
82	0.45108	0.22319	0.02070	0.01476	0.10027	0.04989	0.01097	0.02148	0.01363	0.02598	0.01038	0.01232	0.00861	0.00646	0.00486	0.00199	0.00678	0.00418	0.00388	0.00857
83	0.00874	0.00622	0.00824	0.00983	0.01023	0.00583	0.00652	0.00993	0.01350	0.01800	0.03858	0.71729	0.04625	0.05127	0.01017	0.00305	0.00424	0.01985	0.00652	0.00573
84	0.14064	0.01381	0.01656	0.01289	0.01828	0.01342	0.01065	0.15342	0.02165	0.48934	0.02345	0.02110	0.01518	0.00845	0.00676	0.00219	0.00631	0.00655	0.00787	0.01149
85	0.01470	0.01241	0.01451	0.01131	0.01680	0.01027	0.00913	0.01981	0.09228	0.02372	0.01759	0.02416	0.01556	0.00754	0.00606	0.00148	0.00547	0.08483	0.00485	0.60751
86	0.01152	0.00696	0.00924	0.01017	0.01127	0.00637	0.00705	0.01297	0.01454	0.10315	0.03892	0.63525	0.06419	0.02052	0.00883	0.00279	0.00435	0.01847	0.00688	0.00657
87	0.01053	0.00684	0.00822	0.00828	0.00838	0.00691	0.00493	0.01037	0.01041	0.01396	0.02155	0.06612	0.02440	0.58851	0.08095	0.10354	0.00755	0.01000	0.00421	0.00435
88	0.01487	0.01301	0.01563	0.01155	0.01710	0.01100	0.00931	0.01783	0.01429	0.02246	0.01225	0.01487	0.01040	0.00616	0.00749	0.00131	0.09505	0.00447	0.00408	0.69687

[dist]
# distance from previous block
# <min> <max>
0	5

[block]
# block no. 4 follows, 29 sequences, length 70
# corresponding to MSA columns:
# 219-288
name=unknown_E
#
# <colnr> <probs for GDERKNQSTAVLIFYWHMCP>
#	G	D	E	R	K	N	Q	S	T	A	V	L	I	F	Y	W	H	M	C	P
0	0.00999	0.00820	0.01028	0.01153	0.07899	0.00737	0.00756	0.01266	0.01779	0.02335	0.31716	0.05737	0.38076	0.01549	0.00827	0.00231	0.00399	0.01331	0.00679	0.00682
1	0.01667	0.01740	0.02165	0.01866	0.01902	0.09114	0.01540	0.01826	0.01182	0.01717	0.00951	0.01531	0.00933	0.01195	0.02169	0.00299	0.66496	0.00607	0.00317	0.00784
2	0.01528	0.01260	0.02088	0.66127	0.04598	0.01529	0.01885	0.01983	0.01485	0.08680	0.01419	0.01950	0.01030	0.00729	0.00712	0.00236	0.00915	0.00641	0.00372	0.00833
3	0.00884	0.00627	0.00821	0.00970	0.01007	0.00589	0.00638	0.00996	0.01331	0.01774	0.03758	0.67586	0.04499	0.09442	0.01178	0.00329	0.00441	0.01926	0.00638	0.00564
4	0.01838	0.67990	0.03453	0.01190	0.01738	0.02600	0.01159	0.02013	0.01395	0.01632	0.01014	0.01244	0.00946	0.00794	0.00687	0.07997	0.00747	0.00404	0.00305	0.00854
5	0.09142	0.01277	0.02028	0.66094	0.04555	0.01584	0.01858	0.01846	0.01403	0.01956	0.01238	0.01825	0.00932	0.00707	0.00685	0.00236	0.00910	0.00608	0.00329	0.00789
6	0.00915	0.00684	0.00956	0.08156	0.01417	0.00678	0.00792	0.01074	0.01369	0.01818	0.03661	0.67312	0.04337	0.02080	0.00889	0.00284	0.00466	0.01886	0.00627	0.00599
7	0.01097	0.08131	0.01227	0.00928	0.01140	0.00885	0.00726	0.01422	0.01959	0.02738	0.63301	0.04905	0.06143	0.01372	0.00802	0.00217	0.00378	0.01198	0.00736	0.00696
8	0.02613	0.01965	0.02212	0.01909	0.08981	0.02157	0.01436	0.61619	0.03177	0.04273	0.01673	0.01715	0.01203	0.00833	0.00712	0.00213	0.00790	0.00640	0.00677	0.01203
9	0.72197	0.01302	0.01035	0.00936	0.01333	0.01500	0.00756	0.01978	0.01184	0.03001	0.01016	0.01257	0.00817	0.00841	0.00673	0.08058	0.00558	0.00409	0.00428	0.00725
10	0.00868	0.00620	0.00826	0.00991	0.01033	0.00578	0.00661	0.00991	0.01363	0.01818	0.03925	0.74510	0.04710	0.02231	0.00909	0.00289	0.00413	0.02024	0.00661	0.00578
11	0.00868	0.00620	0.00826	0.00991	0.01033	0.00578	0.00661	0.00991	0.01363	0.01818	0.03925	0.74510	0.04710	0.02231	0.00909	0.00289	0.00413	0.02024	0.00661	0.00578
12	0.00842	0.00721	0.00721	0.00721	0.00962	0.00601	0.00541	0.01022	0.01623	0.01924	0.07213	0.06853	0.70244	0.01803	0.00842	0.00240	0.00361	0.01503	0.00661	0.00601
13	0.00888	0.00649	0.00824	0.00949	0.01025	0.00599	0.00649	0.01027	0.01414	0.01855	0.06587	0.56429	0.13829	0.06179	0.01051	0.00304	0.00427	0.04083	0.00652	0.00579
14	0.03195	0.01212	0.01652	0.01267	0.01818	0.01047	0.01047	0.03470	0.02038	0.71026	0.02809	0.02424	0.01763	0.00881	0.00716	0.00220	0.00606	0.00716	0.00881	0.01212
15	0.01374	0.01295	0.02188	0.68479	0.09462	0.01590	0.01992	0.01845	0.01438	0.01855	0.01271	0.01889	0.00962	0.00707	0.00711	0.00236	0.00942	0.00633	0.00319	0.00814
16	0.02503	0.02514	0.01982	0.01687	0.02135	0.32635	0.01319	0.27046	0.15671	0.02994	0.01677	0.01709	0.01271	0.00824	0.00684	0.00206	0.00959	0.00594	0.00564	0.01026
17	0.05615	0.01265	0.01647	0.01262	0.01816	0.01123	0.01040	0.06904	0.02044	0.60289	0.02580	0.02276	0.01650	0.00848	0.00694	0.00212	0.00608	0.00680	0.00825	0.06622
18	0.02668	0.01576	0.01824	0.01444	0.01956	0.01640	0.01175	0.33409	0.10219	0.28286	0.02375	0.06411	0.01728	0.00959	0.00727	0.00224	0.00672	0.00769	0.00772	0.01164
19	0.01697	0.01666	0.02962	0.13217	0.53230	0.01692	0.10728	0.02150	0.01603	0.02254	0.01343	0.01801	0.01098	0.00640	0.00724	0.00219	0.00906	0.00661	0.00349	0.01062
20	0.03195	0.01212	0.01652	0.01267	0.01818	0.01047	0.01047	0.03470	0.02038	0.71026	0.02809	0.02424	0.01763	0.00881	0.00716	0.00220	0.00606	0.00716	0.00881	0.01212
21	0.01882	0.72149	0.06797	0.01255	0.01885	0.02765	0.01282	0.02138	0.01449	0.01702	0.01003	0.01159	0.00913	0.00612	0.00467	0.00156	0.00775	0.00387	0.00304	0.00920
22	0.01000	0.00760	0.00859	0.00892	0.01027	0.00725	0.00612	0.03063	0.05205	0.01891	0.04534	0.28935	0.26365	0.19063	0.01508	0.00362	0.00479	0.01507	0.00612	0.00600
23	0.01036	0.00690	0.00777	0.00777	0.00777	0.00690	0.00431	0.01036	0.01036	0.01381	0.02244	0.04660	0.02589	0.74975	0.03624	0.00690	0.00690	0.01036	0.00431	0.00431
24	0.01345	0.01266	0.02136	0.73264	0.04904	0.01582	0.01978	0.01819	0.01424	0.01819	0.01266	0.01898	0.00949	0.00712	0.00712	0.00237	0.00949	0.00633	0.00316	0.00791
25	0.01681	0.01921	0.04202	0.03001	0.03721	0.01801	0.67947	0.02281	0.01681	0.02281	0.01441	0.01921	0.01080	0.00600	0.00840	0.00240	0.01200	0.00840	0.00360	0.00960
26	0.01646	0.02048	0.10182	0.02804	0.03486	0.01823	0.55609	0.02224	0.01608	0.02224	0.01377	0.01848	0.01050	0.00669	0.00968	0.00246	0.08095	0.00791	0.00350	0.00952
27	0.00842	0.00721	0.00721	0.00721	0.00962	0.00601	0.00541	0.01022	0.01623	0.01924	0.07213	0.06853	0.70244	0.01803	0.00842	0.00240	0.00361	0.01503	0.00661	0.00601
28	0.01428	0.03683	0.71286	0.02030	0.03082	0.01654	0.02631	0.02255	0.01503	0.02255	0.01278	0.01503	0.00902	0.00677	0.00677	0.00226	0.01052	0.00526	0.00301	0.01052
29	0.27070	0.01446	0.01576	0.01250	0.01771	0.01489	0.01032	0.18092	0.02085	0.34360	0.01986	0.01862	0.01325	0.00806	0.00629	0.00219	0.00630	0.00595	0.00704	0.01074
30	0.80005	0.01377	0.01047	0.00936	0.01377	0.01597	0.00771	0.02093	0.01212	0.03195	0.00991	0.01157	0.00771	0.00661	0.00441	0.00220	0.00551	0.00386	0.00441	0.00771
31	0.01229	0.00992	0.05866	0.01318	0.03968	0.00821	0.01056	0.01510	0.01574	0.07417	0.07593	0.33101	0.03994	0.01819	0.00893	0.00287	0.00570	0.24631	0.00648	0.00714
32	0.00982	0.00721	0.00920	0.00882	0.01051	0.00659	0.00657	0.01290	0.01937	0.02698	0.59702	0.09222	0.13554	0.01536	0.00844	0.00229	0.00343	0.01351	0.00764	0.00659
33	0.01641	0.01812	0.05744	0.03053	0.21495	0.01789	0.33307	0.02106	0.01550	0.02178	0.01531	0.01980	0.03623	0.00772	0.01065	0.00245	0.14028	0.00759	0.00358	0.00964
34	0.01762	0.01692	0.02890	0.04371	0.70533	0.01692	0.02185	0.02185	0.01621	0.02326	0.01339	0.01762	0.01128	0.00634	0.00705	0.00211	0.00846	0.00634	0.00352	0.01128
35	0.01568	0.01683	0.03455	0.20999	0.06281	0.01686	0.44949	0.02114	0.01610	0.02156	0.01522	0.02249	0.01216	0.00706	0.00810	0.00243	0.01093	0.04388	0.00365	0.00906
36	0.01017	0.00763	0.01144	0.01144	0.01272	0.00890	0.00890	0.01272	0.01144	0.01653	0.01907	0.02797	0.01780	0.05340	0.72153	0.01144	0.01907	0.00763	0.00381	0.00636
37	0.00866	0.00722	0.00755	0.00747	0.00977	0.00611	0.00560	0.01069	0.01680	0.02059	0.16369	0.06630	0.61004	0.01753	0.00841	0.00238	0.00357	0.01472	0.00679	0.00611
38	0.03195	0.01212	0.01652	0.01267	0.01818	0.01047	0.01047	0.03470	0.02038	0.71026	0.02809	0.02424	0.01763	0.00881	0.00716	0.00220	0.00606	0.00716	0.00881	0.01212
39	0.01655	0.01583	0.02697	0.22014	0.53726	0.01664	0.02132	0.02092	0.01571	0.02196	0.01321	0.01797	0.01082	0.00654	0.00707	0.00218	0.00872	0.00634	0.00343	0.01042
40	0.01008	0.00728	0.00952	0.00896	0.01064	0.00672	0.00672	0.01344	0.02016	0.02855	0.70158	0.05319	0.06719	0.01456	0.00840	0.00224	0.00336	0.01288	0.00784	0.00672
41	0.01095	0.00854	0.00945	0.00907	0.01116	0.03330	0.00678	0.01400	0.03727	0.04677	0.36651	0.11253	0.27567	0.01578	0.00831	0.00234	0.00401	0.01358	0.00718	0.00677
42	0.80005	0.01377	0.01047	0.00936	0.01377	0.01597	0.00771	0.02093	0.01212	0.03195	0.00991	0.01157	0.00771	0.00661	0.00441	0.00220	0.00551	0.00386	0.00441	0.00771
43	0.01180	0.01726	0.23717	0.01287	0.01756	0.01047	0.01326	0.01761	0.05468	0.02641	0.42440	0.03986	0.06431	0.01187	0.00781	0.00226	0.00581	0.01022	0.00621	0.00817
44	0.01036	0.00690	0.00777	0.00777	0.00777	0.00690	0.00431	0.01036	0.01036	0.01381	0.02244	0.04660	0.02589	0.74975	0.03624	0.00690	0.00690	0.01036	0.00431	0.00431
45	0.01477	0.01266	0.01477	0.01055	0.01687	0.00949	0.00844	0.01793	0.01477	0.02320	0.01266	0.01477	0.01055	0.00527	0.00527	0.00105	0.00527	0.00422	0.00422	0.79328
46	0.01493	0.13737	0.57095	0.01955	0.05092	0.01789	0.02351	0.02206	0.01516	0.02194	0.03475	0.01584	0.01100	0.00691	0.00651	0.00215	0.00981	0.00534	0.00319	0.01023
47	0.09099	0.35003	0.11933	0.01948	0.14702	0.04980	0.03730	0.02218	0.01518	0.04477	0.01221	0.01434	0.01005	0.00649	0.00561	0.00186	0.00811	0.00487	0.03080	0.00958
48	0.01494	0.03255	0.55718	0.02389	0.09852	0.01677	0.11143	0.02252	0.01538	0.02265	0.01305	0.01584	0.00948	0.00662	0.00701	0.00226	0.01051	0.00578	0.00314	0.01048
49	0.01475	0.01537	0.03121	0.02577	0.09455	0.01455	0.42102	0.01936	0.01605	0.02176	0.02139	0.17706	0.02089	0.01055	0.00853	0.00255	0.00957	0.06190	0.00446	0.00872
50	0.00974	0.00746	0.00896	0.00866	0.01057	0.00681	0.00646	0.01306	0.04043	0.02520	0.45266	0.09434	0.25772	0.01587	0.00840	0.00233	0.00355	0.01377	0.00738	0.00660
51	0.01096	0.00747	0.00980	0.00911	0.01094	0.00687	0.00687	0.01430	0.02017	0.05616	0.67430	0.05202	0.06518	0.01432	0.00835	0.00224	0.00347	0.01265	0.00788	0.00694
52	0.04504	0.53272	0.03176	0.01380	0.01917	0.21896	0.01248	0.02327	0.01597	0.01740	0.01021	0.01182	0.00910	0.00645	0.00507	0.00163	0.00899	0.00402	0.00326	0.00885
53	0.02422	0.01039	0.01392	0.01133	0.01550	0.00909	0.00909	0.02701	0.01979	0.47332	0.19718	0.06648	0.06816	0.01134	0.00762	0.00225	0.00517	0.00959	0.00835	0.01017
54	0.02603	0.03222	0.02030	0.05065	0.02324	0.65142	0.01402	0.06323	0.02063	0.01894	0.01141	0.01335	0.00935	0.00739	0.00649	0.00188	0.01242	0.00476	0.00383	0.00845
55	0.00883	0.00723	0.00778	0.00765	0.00987	0.00619	0.00573	0.01102	0.01720	0.02154	0.22802	0.06473	0.54512	0.01717	0.00841	0.00236	0.00355	0.01450	0.00692	0.00619
56	0.02306	0.16901	0.09161	0.01700	0.02168	0.48178	0.01444	0.02566	0.01812	0.01776	0.01141	0.01361	0.00962	0.00953	0.04471	0.00234	0.01196	0.00467	0.00349	0.00854
57	0.01097	0.00871	0.01264	0.01219	0.01318	0.01060	0.00949	0.01316	0.01128	0.01640	0.01795	0.02770	0.01724	0.10392	0.56549	0.00988	0.12141	0.00765	0.00375	0.00640
58	0.02618	0.07397	0.02113	0.01800	0.02181	0.68264	0.01367	0.02804	0.01986	0.01739	0.01095	0.01276	0.00917	0.00727	0.00632	0.00182	0.01255	0.00454	0.00363	0.00830
59	0.13723	0.01258	0.01580	0.01234	0.01747	0.01176	0.01018	0.03033	0.01821	0.51658	0.02316	0.02115	0.01516	0.00839	0.00748	0.00215	0.04536	0.00639	0.00748	0.08080
60	0.01586	0.01395	0.02136	0.60567	0.04426	0.01693	0.01867	0.13579	0.01765	0.02292	0.01344	0.01865	0.00996	0.00737	0.00712	0.00233	0.00920	0.00634	0.00387	0.00865
61	0.01501	0.03538	0.66656	0.02031	0.03055	0.01636	0.04568	0.02301	0.01529	0.04803	0.01340	0.01550	0.00939	0.00682	0.00683	0.00226	0.01040	0.00543	0.00324	0.01055
62	0.73057	0.01413	0.01254	0.01196	0.05300	0.01609	0.03078	0.02104	0.01250	0.03116	0.01026	0.01216	0.00801	0.00658	0.00469	0.00220	0.00589	0.00415	0.00433	0.00797
63	0.01346	0.01266	0.02123	0.68242	0.07441	0.01556	0.01942	0.01810	0.01438	0.01843	0.01452	0.02045	0.03088	0.00742	0.00716	0.00236	0.00927	0.00660	0.00328	0.00799
64	0.02707	0.01995	0.02137	0.01638	0.02208	0.02208	0.01353	0.68159	0.03348	0.04488	0.01710	0.01710	0.01211	0.00855	0.00712	0.00214	0.00784	0.00641	0.00712	0.01211
65	0.01753	0.01506	0.01632	0.01471	0.01843	0.01755	0.01159	0.05433	0.59874	0.02907	0.02801	0.02858	0.02180	0.01032	0.00828	0.00249	0.04639	0.04296	0.00698	0.01085
66	0.02541	0.01067	0.01443	0.01156	0.01592	0.00935	0.00935	0.02834	0.02031	0.50639	0.22951	0.03290	0.03245	0.01053	0.00753	0.00221	0.00525	0.00887	0.00852	0.01050
67	0.01428	0.03683	0.71286	0.02030	0.03082	0.01654	0.02631	0.02255	0.01503	0.02255	0.01278	0.01503	0.00902	0.00677	0.00677	0.00226	0.01052	0.00526	0.00301	0.01052
68	0.13646	0.11537	0.03839	0.01096	0.01482	0.01274	0.02605	0.04283	0.01797	0.08359	0.31971	0.03393	0.06352	0.01069	0.00690	0.00208	0.00523	0.00883	0.00621	0.04372
69	0.40598	0.01591	0.07523	0.05755	0.10931	0.01520	0.01258	0.04629	0.01514	0.12535	0.01440	0.01693	0.01089	0.00730	0.00576	0.00220	0.00674	0.02172	0.00487	0.03066

[dist]
# distance from previous block
# <min> <max>
3	31

[block]
# block no. 5 follows, 29 sequences, length 14
# corresponding to MSA columns:
# 320-333
name=unknown_F
#
# <colnr> <probs for GDERKNQSTAVLIFYWHMCP>
#	G	D	E	R	K	N	Q	S	T	A	V	L	I	F	Y	W	H	M	C	P
0	0.05269	0.02262	0.02516	0.03361	0.44283	0.25829	0.01850	0.02407	0.01741	0.02162	0.01243	0.01574	0.01041	0.00670	0.00673	0.00202	0.00984	0.00564	0.00361	0.01010
1	0.55345	0.01141	0.00978	0.00954	0.01270	0.01280	0.00737	0.01750	0.01259	0.02766	0.01905	0.24015	0.01998	0.01150	0.00587	0.00242	0.00508	0.00896	0.00509	0.00711
2	0.01806	0.24661	0.03152	0.03388	0.49124	0.02043	0.01884	0.02169	0.01567	0.02123	0.01231	0.01569	0.01061	0.00627	0.00628	0.00193	0.00820	0.00555	0.00338	0.01061
3	0.02017	0.01357	0.01739	0.01431	0.01761	0.01503	0.01166	0.05846	0.10652	0.20910	0.09193	0.02337	0.01971	0.01021	0.01211	0.00237	0.23339	0.00719	0.00605	0.10984
4	0.02659	0.01229	0.01598	0.01201	0.01777	0.01016	0.00983	0.02948	0.01863	0.49617	0.02328	0.02129	0.01542	0.00771	0.00657	0.00185	0.00581	0.00624	0.00738	0.25554
5	0.01324	0.00819	0.00981	0.00942	0.01127	0.00821	0.03143	0.07569	0.01630	0.02548	0.02733	0.24932	0.02640	0.01260	0.00658	0.00211	0.00431	0.01092	0.44440	0.00698
6	0.01679	0.01447	0.01568	0.01326	0.01800	0.01515	0.01039	0.03163	0.48129	0.02774	0.02389	0.02289	0.01825	0.00829	0.00663	0.00199	0.00552	0.00686	0.00630	0.25495
7	0.01799	0.01706	0.02458	0.03363	0.46524	0.04404	0.01825	0.02709	0.22709	0.02507	0.01816	0.02023	0.01446	0.00742	0.00709	0.00220	0.00775	0.00681	0.00469	0.01116
8	0.00977	0.00666	0.00794	0.00851	0.00866	0.00651	0.00511	0.01020	0.01149	0.01533	0.02828	0.28935	0.03326	0.49695	0.02681	0.00551	0.00594	0.01379	0.00511	0.00483
9	0.01536	0.01300	0.01535	0.01513	0.05409	0.01492	0.01111	0.02914	0.44345	0.02530	0.02505	0.02652	0.01994	0.02311	0.22981	0.00521	0.00998	0.00783	0.00597	0.00974
10	0.01519	0.24368	0.02633	0.50814	0.03946	0.01967	0.01741	0.01917	0.01431	0.01774	0.01180	0.01663	0.00938	0.00680	0.00632	0.00211	0.00891	0.00554	0.00313	0.00829
11	0.00843	0.00716	0.00727	0.00735	0.00965	0.00600	0.00547	0.01020	0.01610	0.01918	0.07046	0.10307	0.66898	0.01825	0.00845	0.00243	0.00363	0.01529	0.00661	0.00600
12	0.02532	0.11817	0.02273	0.01528	0.02088	0.02180	0.01289	0.54090	0.02971	0.06234	0.01894	0.01886	0.04256	0.00865	0.00684	0.00207	0.00756	0.00647	0.00661	0.01144
13	0.02170	0.02171	0.01806	0.01594	0.02007	0.23748	0.01234	0.11866	0.39724	0.02790	0.02183	0.02106	0.01657	0.00879	0.00697	0.00220	0.00817	0.00676	0.00612	0.01044

[dist]
