[name]
unknown

[dist]
# distance from previous block
# <min> <max>
9	41

[block]
# block no. 0 follows, 25 sequences, length 11
# corresponding to MSA columns:
# 45-55
name=unknown_A
#
# <colnr> <probs for GDERKNQSTAVLIFYWHMCP>
#	G	D	E	R	K	N	Q	S	T	A	V	L	I	F	Y	W	H	M	C	P
0	0.02279	0.01357	0.01529	0.01332	0.01717	0.07060	0.01059	0.02802	0.09439	0.27957	0.21179	0.04161	0.03705	0.03262	0.00931	0.00267	0.00644	0.07479	0.00822	0.01019
1	0.01925	0.01747	0.07422	0.13364	0.15218	0.01635	0.01663	0.14590	0.06055	0.06268	0.06244	0.08367	0.02028	0.00988	0.00778	0.00235	0.00797	0.00852	0.00572	0.09251
2	0.02574	0.02002	0.02488	0.02151	0.09364	0.06074	0.08731	0.29878	0.06267	0.11729	0.01914	0.01993	0.01388	0.00838	0.00766	0.00224	0.00878	0.00705	0.00657	0.09380
3	0.01971	0.10110	0.26170	0.02535	0.12814	0.01921	0.13538	0.07989	0.01932	0.07963	0.04522	0.02006	0.01443	0.00780	0.00763	0.00236	0.01008	0.00701	0.00462	0.01135
4	0.02870	0.07380	0.02188	0.01631	0.04043	0.07458	0.04143	0.06827	0.07272	0.37571	0.02410	0.02255	0.01642	0.00870	0.00738	0.00221	0.00774	0.00703	0.00748	0.08254
5	0.08126	0.01066	0.01519	0.01398	0.01671	0.01046	0.07675	0.04540	0.01842	0.06905	0.15814	0.26754	0.04266	0.01715	0.00914	0.00288	0.00615	0.12337	0.00707	0.00802
6	0.02485	0.01370	0.01702	0.01289	0.01896	0.01167	0.01045	0.06350	0.04047	0.31711	0.06241	0.02371	0.01912	0.00840	0.00703	0.00189	0.00616	0.00684	0.00732	0.32651
7	0.00960	0.00708	0.00888	0.01024	0.01114	0.00651	0.00702	0.01108	0.01532	0.01990	0.04865	0.53939	0.17028	0.05890	0.01128	0.00328	0.00464	0.04341	0.00707	0.00630
8	0.01784	0.01947	0.03914	0.02831	0.03519	0.01870	0.49125	0.02342	0.01730	0.02425	0.01483	0.01980	0.01156	0.00716	0.01037	0.00248	0.08583	0.00824	0.00396	0.12090
9	0.01125	0.00834	0.01048	0.01115	0.01267	0.00776	0.00790	0.04774	0.01674	0.02255	0.06986	0.53795	0.08181	0.02123	0.00940	0.00290	0.00485	0.04041	0.00708	0.06794
10	0.01671	0.19508	0.54252	0.02012	0.03050	0.02084	0.02520	0.02426	0.01623	0.02314	0.01321	0.01549	0.00985	0.00720	0.00683	0.00228	0.01075	0.00537	0.00328	0.01112

[dist]
# distance from previous block
# <min> <max>
0	1

[block]
# block no. 1 follows, 25 sequences, length 17
# corresponding to MSA columns:
# 57-73
name=unknown_B
#
# <colnr> <probs for GDERKNQSTAVLIFYWHMCP>
#	G	D	E	R	K	N	Q	S	T	A	V	L	I	F	Y	W	H	M	C	P
0	0.01927	0.53679	0.22321	0.01576	0.02376	0.02710	0.01761	0.02359	0.01593	0.02002	0.01166	0.01355	0.00991	0.00684	0.00565	0.00188	0.00919	0.00459	0.00330	0.01038
1	0.01238	0.00826	0.01066	0.00987	0.01203	0.00752	0.00747	0.01586	0.02163	0.07268	0.58618	0.05719	0.11722	0.01574	0.00906	0.00245	0.00387	0.01380	0.00850	0.00764
2	0.01573	0.01341	0.01571	0.01145	0.01800	0.01012	0.00908	0.01907	0.01601	0.02498	0.01530	0.05314	0.01357	0.00672	0.00596	0.00125	0.00568	0.00551	0.00473	0.73458
3	0.01982	0.64488	0.08081	0.01363	0.02030	0.02849	0.01392	0.02280	0.01616	0.01940	0.04987	0.01536	0.01364	0.00722	0.00537	0.00176	0.00823	0.00483	0.00362	0.00989
4	0.01128	0.00752	0.00846	0.00846	0.00846	0.00752	0.00470	0.01128	0.01128	0.01503	0.02443	0.05074	0.02819	0.72751	0.03946	0.00752	0.00752	0.01128	0.00470	0.00470
5	0.01608	0.01378	0.01608	0.01148	0.01837	0.01034	0.00919	0.01952	0.01608	0.02527	0.01378	0.01608	0.01148	0.00574	0.00574	0.00115	0.00574	0.00459	0.00459	0.77491
6	0.01464	0.01378	0.02326	0.70887	0.05340	0.01723	0.02153	0.01981	0.01550	0.01981	0.01378	0.02067	0.01034	0.00775	0.00775	0.00258	0.01034	0.00689	0.00345	0.00861
7	0.78228	0.01499	0.01140	0.01020	0.01499	0.01739	0.00840	0.02279	0.01320	0.03479	0.01080	0.01260	0.00840	0.00720	0.00480	0.00240	0.00600	0.00420	0.00480	0.00840
8	0.78228	0.01499	0.01140	0.01020	0.01499	0.01739	0.00840	0.02279	0.01320	0.03479	0.01080	0.01260	0.00840	0.00720	0.00480	0.00240	0.00600	0.00420	0.00480	0.00840
9	0.47039	0.01974	0.14636	0.06839	0.02234	0.01717	0.01403	0.02418	0.01481	0.09299	0.01351	0.01546	0.00993	0.00775	0.00661	0.00246	0.03445	0.00515	0.00480	0.00948
10	0.07817	0.01741	0.01886	0.01543	0.01991	0.01951	0.01239	0.34724	0.12974	0.03895	0.10749	0.02700	0.02327	0.05597	0.01079	0.00279	0.04851	0.00826	0.00722	0.01110
11	0.02449	0.01764	0.01982	0.01664	0.04159	0.01922	0.01280	0.44462	0.02908	0.06218	0.02114	0.06193	0.01787	0.10934	0.06213	0.00380	0.00902	0.00849	0.00700	0.01120
12	0.01156	0.00750	0.00979	0.01092	0.01200	0.00696	0.00766	0.01316	0.01558	0.06660	0.04320	0.53405	0.09241	0.06698	0.01162	0.00337	0.00500	0.06767	0.00720	0.00677
13	0.02783	0.02401	0.02303	0.01996	0.06519	0.15330	0.01514	0.43908	0.08790	0.04015	0.01822	0.01867	0.01343	0.00901	0.00762	0.00229	0.00942	0.00675	0.00679	0.01224
14	0.01750	0.01656	0.02793	0.31705	0.15761	0.01750	0.13549	0.07139	0.01814	0.02476	0.01466	0.01967	0.01133	0.00723	0.00773	0.00233	0.00988	0.00701	0.00410	0.11213
15	0.07952	0.02007	0.08215	0.23525	0.17265	0.06754	0.07602	0.06396	0.03710	0.05049	0.01513	0.01912	0.01156	0.00782	0.00804	0.00246	0.02967	0.00674	0.00434	0.01037
16	0.01852	0.03599	0.50902	0.02326	0.07856	0.06651	0.02558	0.10438	0.01939	0.02729	0.01442	0.01669	0.01044	0.00762	0.00741	0.00240	0.01110	0.00592	0.00393	0.01156

[dist]
# distance from previous block
# <min> <max>
2	9

[block]
# block no. 2 follows, 25 sequences, length 12
# corresponding to MSA columns:
# 83-94
name=unknown_C
#
# <colnr> <probs for GDERKNQSTAVLIFYWHMCP>
#	G	D	E	R	K	N	Q	S	T	A	V	L	I	F	Y	W	H	M	C	P
0	0.02828	0.09323	0.10402	0.01983	0.10962	0.05434	0.01573	0.06868	0.02104	0.37305	0.02264	0.02162	0.01531	0.00855	0.00739	0.00229	0.00824	0.00685	0.00699	0.01229
1	0.01647	0.07505	0.52889	0.02550	0.11622	0.01887	0.06381	0.02440	0.01661	0.02432	0.01393	0.01678	0.01026	0.00722	0.00738	0.00240	0.01109	0.00599	0.00339	0.01142
2	0.01125	0.00761	0.00892	0.00892	0.00907	0.00777	0.00527	0.01157	0.01141	0.01537	0.02401	0.04841	0.02718	0.65077	0.11482	0.00808	0.00904	0.01094	0.00464	0.00495
3	0.19463	0.17080	0.27190	0.01690	0.02445	0.01935	0.06512	0.02275	0.01629	0.02641	0.08848	0.01979	0.01692	0.00809	0.00662	0.00229	0.00877	0.00626	0.00429	0.00989
4	0.11984	0.07065	0.09627	0.01520	0.02149	0.06727	0.01375	0.08490	0.05832	0.34170	0.02253	0.02114	0.01522	0.00875	0.00713	0.00233	0.00790	0.00664	0.00717	0.01182
5	0.04770	0.21152	0.43088	0.02026	0.06096	0.02087	0.02286	0.02479	0.01645	0.05704	0.01389	0.01588	0.01040	0.00727	0.00670	0.00224	0.01009	0.00543	0.00369	0.01109
6	0.06306	0.15026	0.33773	0.05314	0.02791	0.09015	0.02077	0.02495	0.05404	0.02362	0.03588	0.01760	0.01274	0.00813	0.00790	0.00234	0.04965	0.00587	0.00390	0.01037
7	0.01910	0.01664	0.02386	0.42048	0.04110	0.01934	0.01956	0.02123	0.01726	0.02347	0.02209	0.05102	0.05450	0.01393	0.01445	0.03288	0.16402	0.00924	0.00536	0.01046
8	0.05833	0.10354	0.08394	0.09515	0.04888	0.01711	0.01431	0.09671	0.10355	0.09918	0.15583	0.04363	0.02715	0.01030	0.00758	0.00238	0.00727	0.00848	0.00636	0.01034
9	0.01588	0.06653	0.01866	0.08778	0.06757	0.01452	0.03612	0.10885	0.07574	0.02507	0.02773	0.26641	0.02897	0.09653	0.01204	0.00324	0.00718	0.02644	0.00601	0.00875
10	0.01886	0.07132	0.02921	0.03829	0.48680	0.01923	0.02076	0.02509	0.09146	0.02516	0.01736	0.02315	0.01495	0.00838	0.00856	0.00241	0.04458	0.03838	0.00441	0.01165
11	0.01790	0.01662	0.02688	0.09451	0.47801	0.01714	0.02067	0.02422	0.08464	0.02591	0.06488	0.02655	0.01929	0.00873	0.00796	0.00243	0.00848	0.03908	0.00473	0.01136

[dist]
# distance from previous block
# <min> <max>
6	14

[block]
# block no. 3 follows, 25 sequences, length 15
# corresponding to MSA columns:
# 109-123
name=unknown_D
#
# <colnr> <probs for GDERKNQSTAVLIFYWHMCP>
#	G	D	E	R	K	N	Q	S	T	A	V	L	I	F	Y	W	H	M	C	P
0	0.05537	0.08160	0.02631	0.15440	0.31454	0.09358	0.01878	0.04852	0.01800	0.02396	0.01789	0.05659	0.04070	0.00869	0.00742	0.00233	0.00922	0.00750	0.00426	0.01035
1	0.01899	0.01884	0.05958	0.21031	0.35628	0.01886	0.07832	0.09675	0.01931	0.02660	0.01492	0.01953	0.01173	0.00739	0.00782	0.00241	0.00987	0.00706	0.00418	0.01125
2	0.07174	0.03750	0.02053	0.05037	0.05575	0.07059	0.01373	0.25045	0.08768	0.05210	0.02361	0.02558	0.07668	0.04087	0.01084	0.00270	0.08466	0.00782	0.00617	0.01062
3	0.05042	0.10735	0.02404	0.01780	0.05287	0.09215	0.10318	0.02236	0.05014	0.02336	0.01742	0.08887	0.01601	0.01079	0.03523	0.00242	0.02839	0.00752	0.00463	0.24506
4	0.02631	0.08563	0.12224	0.01704	0.02365	0.05529	0.01568	0.29678	0.06871	0.15697	0.04143	0.02089	0.01599	0.00906	0.00747	0.00231	0.00856	0.00694	0.00687	0.01218
5	0.02152	0.11975	0.11093	0.01619	0.02115	0.14218	0.01449	0.06045	0.10532	0.10278	0.02138	0.05439	0.01854	0.07362	0.01108	0.00286	0.04112	0.04667	0.00556	0.00999
6	0.10025	0.08646	0.25763	0.01532	0.02197	0.01528	0.01631	0.04083	0.01824	0.09309	0.15962	0.07236	0.02717	0.01046	0.00743	0.00237	0.00769	0.00850	0.00564	0.03337
7	0.02150	0.66943	0.03910	0.01367	0.02027	0.03009	0.01340	0.07886	0.01758	0.02095	0.01147	0.01298	0.01024	0.00687	0.00522	0.00172	0.00831	0.00440	0.00371	0.01024
8	0.01911	0.51512	0.24345	0.01604	0.02418	0.02671	0.01809	0.02364	0.01595	0.02022	0.01176	0.01367	0.00991	0.00686	0.00573	0.00191	0.00929	0.00464	0.00330	0.01042
9	0.01056	0.00700	0.00944	0.01077	0.01121	0.00671	0.00735	0.01117	0.01397	0.01858	0.03595	0.48820	0.04218	0.08774	0.01611	0.13527	0.00538	0.07039	0.00631	0.00573
10	0.69901	0.01772	0.08481	0.01149	0.01701	0.01746	0.01060	0.02298	0.01354	0.03368	0.01113	0.01301	0.00855	0.00722	0.00508	0.00241	0.00659	0.00436	0.00463	0.00873
11	0.02749	0.02024	0.02186	0.01714	0.02278	0.02229	0.01399	0.58965	0.03431	0.04599	0.02100	0.08833	0.01696	0.01079	0.00797	0.00241	0.00813	0.00847	0.00770	0.01250
12	0.00945	0.00675	0.00900	0.01080	0.01125	0.00630	0.00720	0.01080	0.01484	0.01979	0.04274	0.72245	0.05128	0.02429	0.00990	0.00315	0.00450	0.02204	0.00720	0.00630
13	0.01418	0.00986	0.01104	0.01031	0.01142	0.01021	0.00668	0.12084	0.01596	0.02133	0.02543	0.11821	0.02814	0.52851	0.03084	0.00616	0.00736	0.01171	0.00549	0.00632
14	0.64483	0.06977	0.01468	0.01148	0.01633	0.09211	0.00947	0.02371	0.01434	0.03186	0.01092	0.01273	0.00868	0.00724	0.00505	0.00230	0.00703	0.00428	0.00460	0.00857

[dist]
# distance from previous block
# <min> <max>
0	1

[block]
# block no. 4 follows, 25 sequences, length 60
# corresponding to MSA columns:
# 125-184
name=unknown_E
#
# <colnr> <probs for GDERKNQSTAVLIFYWHMCP>
#	G	D	E	R	K	N	Q	S	T	A	V	L	I	F	Y	W	H	M	C	P
0	0.71446	0.01526	0.01226	0.01072	0.01564	0.01748	0.00883	0.05481	0.01472	0.06184	0.01199	0.01345	0.00907	0.00740	0.00507	0.00240	0.00615	0.00448	0.00514	0.00883
1	0.00995	0.00804	0.00931	0.00964	0.01136	0.00751	0.00707	0.01183	0.01667	0.02106	0.10285	0.24173	0.38784	0.04908	0.01145	0.00302	0.03966	0.03836	0.00700	0.00657
2	0.05823	0.01800	0.01831	0.01685	0.04202	0.06913	0.01275	0.08950	0.43574	0.03205	0.07034	0.02723	0.02338	0.01044	0.00851	0.00255	0.03809	0.00831	0.00715	0.01141
3	0.78228	0.01499	0.01140	0.01020	0.01499	0.01739	0.00840	0.02279	0.01320	0.03479	0.01080	0.01260	0.00840	0.00720	0.00480	0.00240	0.00600	0.00420	0.00480	0.00840
4	0.01986	0.01969	0.03082	0.04571	0.63443	0.06468	0.02319	0.02428	0.01795	0.02490	0.01441	0.01883	0.01213	0.00698	0.00763	0.00228	0.00954	0.00678	0.00385	0.01206
5	0.01074	0.00840	0.01202	0.14255	0.01953	0.00855	0.01000	0.01291	0.01503	0.02005	0.03591	0.55692	0.04169	0.02030	0.00930	0.00295	0.00566	0.01837	0.00637	0.04276
6	0.01608	0.01378	0.01608	0.01148	0.01837	0.01034	0.00919	0.01952	0.01608	0.02527	0.01378	0.01608	0.01148	0.00574	0.00574	0.00115	0.00574	0.00459	0.00459	0.77491
7	0.01534	0.01450	0.02452	0.60679	0.15000	0.01741	0.02188	0.02043	0.01584	0.02066	0.01391	0.02044	0.01064	0.00762	0.00774	0.00254	0.01016	0.00689	0.00351	0.00918
8	0.01166	0.00876	0.01238	0.10856	0.01724	0.00988	0.00936	0.01366	0.01241	0.01707	0.02125	0.03718	0.02163	0.31827	0.33773	0.00910	0.01402	0.00929	0.00427	0.00627
9	0.03145	0.01246	0.01692	0.01323	0.01864	0.01082	0.01082	0.03454	0.02216	0.59285	0.12100	0.03081	0.02676	0.01047	0.00799	0.00240	0.00619	0.00867	0.00945	0.01237
10	0.02833	0.03591	0.02207	0.02000	0.02378	0.66113	0.01509	0.03032	0.02144	0.01896	0.01189	0.01414	0.01000	0.00828	0.00796	0.00207	0.05063	0.00509	0.00396	0.00896
11	0.01903	0.01862	0.03005	0.12883	0.57386	0.04654	0.02315	0.02360	0.01757	0.02438	0.01438	0.01916	0.01194	0.00706	0.00766	0.00233	0.00955	0.00683	0.00380	0.01169
12	0.00926	0.00786	0.00799	0.00795	0.01053	0.00659	0.00597	0.01131	0.01790	0.02148	0.10980	0.07374	0.64441	0.01944	0.00916	0.00261	0.00391	0.01624	0.00727	0.00659
13	0.01929	0.01666	0.01753	0.01578	0.02016	0.01929	0.01227	0.04120	0.66513	0.03243	0.03156	0.02893	0.02367	0.01052	0.00789	0.00263	0.00614	0.00877	0.00789	0.01227
14	0.01101	0.00822	0.01004	0.01105	0.01214	0.00815	0.00768	0.01473	0.08971	0.02089	0.04144	0.46178	0.09035	0.11949	0.01375	0.00368	0.00523	0.05690	0.00693	0.00684
15	0.01919	0.01842	0.03147	0.04759	0.67914	0.01842	0.02380	0.02380	0.01765	0.02533	0.01458	0.01919	0.01228	0.00691	0.00768	0.00230	0.00921	0.00691	0.00384	0.01228
16	0.02896	0.03695	0.02197	0.01998	0.02397	0.69638	0.01498	0.03096	0.02197	0.01898	0.01199	0.01398	0.00999	0.00799	0.00699	0.00200	0.01398	0.00499	0.00400	0.00899
17	0.00948	0.00781	0.00833	0.00832	0.01070	0.00666	0.00619	0.01170	0.01826	0.02260	0.17735	0.10317	0.54415	0.01922	0.00920	0.00261	0.00391	0.01624	0.00743	0.00666
18	0.02868	0.02102	0.02175	0.01721	0.02299	0.06773	0.01401	0.45169	0.12032	0.12185	0.02140	0.02067	0.01514	0.00942	0.00773	0.00235	0.00834	0.00719	0.00774	0.01277
19	0.01759	0.01387	0.01629	0.01185	0.01856	0.01083	0.00949	0.02186	0.04694	0.07341	0.01583	0.01743	0.01261	0.00625	0.00599	0.00131	0.00582	0.00502	0.00511	0.68392
20	0.72990	0.01491	0.01221	0.05787	0.01762	0.01738	0.00929	0.02259	0.01335	0.03377	0.01100	0.01315	0.00853	0.00724	0.00500	0.00241	0.00629	0.00438	0.00471	0.00841
21	0.01249	0.00892	0.01249	0.01428	0.01606	0.00892	0.01249	0.01606	0.01785	0.02320	0.04105	0.08746	0.04462	0.02142	0.01071	0.00357	0.00714	0.62695	0.00714	0.00714
22	0.01919	0.01842	0.03147	0.04759	0.67914	0.01842	0.02380	0.02380	0.01765	0.02533	0.01458	0.01919	0.01228	0.00691	0.00768	0.00230	0.00921	0.00691	0.00384	0.01228
23	0.00973	0.00692	0.00910	0.01053	0.01109	0.00649	0.00704	0.01123	0.01535	0.02065	0.10788	0.60683	0.05200	0.07139	0.01184	0.00337	0.00462	0.02047	0.00717	0.00630
24	0.01271	0.00674	0.00989	0.01023	0.01032	0.00665	0.00682	0.01023	0.01100	0.01466	0.01899	0.15544	0.02060	0.02644	0.02645	0.62888	0.00631	0.00962	0.00409	0.00392
25	0.78228	0.01499	0.01140	0.01020	0.01499	0.01739	0.00840	0.02279	0.01320	0.03479	0.01080	0.01260	0.00840	0.00720	0.00480	0.00240	0.00600	0.00420	0.00480	0.00840
26	0.01097	0.00793	0.01036	0.00975	0.01158	0.00732	0.00732	0.01463	0.02195	0.03109	0.67505	0.05792	0.07316	0.01585	0.00914	0.00244	0.00366	0.01402	0.00854	0.00732
27	0.01060	0.00791	0.00984	0.00936	0.01135	0.00716	0.00702	0.01390	0.02106	0.02899	0.55115	0.06139	0.19838	0.01664	0.00915	0.00248	0.00371	0.01451	0.00826	0.00716
28	0.06936	0.01480	0.01783	0.01426	0.01979	0.01460	0.01161	0.11179	0.14733	0.42267	0.03004	0.02699	0.04295	0.00998	0.00770	0.00244	0.00661	0.00801	0.00870	0.01252
29	0.01555	0.04011	0.68733	0.02210	0.03356	0.01801	0.02865	0.02455	0.01637	0.02455	0.01391	0.01637	0.00982	0.00737	0.00737	0.00246	0.01146	0.00573	0.00327	0.01146
30	0.01097	0.00793	0.01036	0.00975	0.01158	0.00732	0.00732	0.01463	0.02195	0.03109	0.67505	0.05792	0.07316	0.01585	0.00914	0.00244	0.00366	0.01402	0.00854	0.00732
31	0.02896	0.03695	0.02197	0.01998	0.02397	0.69638	0.01498	0.03096	0.02197	0.01898	0.01199	0.01398	0.00999	0.00799	0.00699	0.00200	0.01398	0.00499	0.00400	0.00899
32	0.01702	0.03484	0.48667	0.02572	0.07842	0.05387	0.14503	0.02489	0.01712	0.02437	0.01419	0.01729	0.01037	0.00721	0.00770	0.00245	0.01174	0.00642	0.00347	0.01120
33	0.01919	0.01842	0.03147	0.04759	0.67914	0.01842	0.02380	0.02380	0.01765	0.02533	0.01458	0.01919	0.01228	0.00691	0.00768	0.00230	0.00921	0.00691	0.00384	0.01228
34	0.02073	0.73217	0.04063	0.01327	0.01990	0.03068	0.01327	0.02322	0.01575	0.01824	0.01078	0.01244	0.00995	0.00663	0.00498	0.00166	0.00829	0.00415	0.00332	0.00995
35	0.00936	0.00708	0.00865	0.00991	0.01101	0.00637	0.00680	0.01090	0.01569	0.02014	0.05350	0.52776	0.23902	0.02289	0.00968	0.00299	0.00433	0.02034	0.00720	0.00637
36	0.03670	0.01001	0.04449	0.01058	0.01318	0.00836	0.00861	0.01650	0.02141	0.06252	0.58994	0.05289	0.06535	0.01485	0.00885	0.00244	0.00426	0.01300	0.00821	0.00784
37	0.00975	0.00788	0.00866	0.00847	0.01083	0.00679	0.00635	0.01225	0.01905	0.02421	0.27027	0.06925	0.48223	0.01842	0.00916	0.00256	0.00384	0.01561	0.00763	0.00679
38	0.09305	0.02058	0.02164	0.01678	0.02269	0.02283	0.01384	0.57491	0.03369	0.04689	0.01821	0.01850	0.01304	0.00912	0.00741	0.00231	0.00813	0.00675	0.03709	0.01255
39	0.00945	0.00675	0.00900	0.01080	0.01125	0.00630	0.00720	0.01080	0.01484	0.01979	0.04274	0.72245	0.05128	0.02429	0.00990	0.00315	0.00450	0.02204	0.00720	0.00630
40	0.01608	0.01378	0.01608	0.01148	0.01837	0.01034	0.00919	0.01952	0.01608	0.02527	0.01378	0.01608	0.01148	0.00574	0.00574	0.00115	0.00574	0.00459	0.00459	0.77491
41	0.72011	0.01435	0.01116	0.01005	0.01455	0.01655	0.00820	0.02214	0.01323	0.03379	0.01157	0.01373	0.00911	0.00796	0.00570	0.02866	0.00591	0.00443	0.04064	0.00817
42	0.78228	0.01499	0.01140	0.01020	0.01499	0.01739	0.00840	0.02279	0.01320	0.03479	0.01080	0.01260	0.00840	0.00720	0.00480	0.00240	0.00600	0.00420	0.00480	0.00840
43	0.00945	0.00675	0.00900	0.01080	0.01125	0.00630	0.00720	0.01080	0.01484	0.01979	0.04274	0.72245	0.05128	0.02429	0.00990	0.00315	0.00450	0.02204	0.00720	0.00630
44	0.01464	0.01378	0.02326	0.70887	0.05340	0.01723	0.02153	0.01981	0.01550	0.01981	0.01378	0.02067	0.01034	0.00775	0.00775	0.00258	0.01034	0.00689	0.00345	0.00861
45	0.78228	0.01499	0.01140	0.01020	0.01499	0.01739	0.00840	0.02279	0.01320	0.03479	0.01080	0.01260	0.00840	0.00720	0.00480	0.00240	0.00600	0.00420	0.00480	0.00840
46	0.00943	0.00681	0.00894	0.01064	0.01121	0.00631	0.00713	0.01081	0.01499	0.01985	0.04461	0.68852	0.08400	0.02405	0.00986	0.00312	0.00447	0.02174	0.00720	0.00631
47	0.01289	0.00835	0.01098	0.01008	0.01224	0.00764	0.00764	0.01650	0.02197	0.08368	0.62318	0.05538	0.06882	0.01535	0.00904	0.00244	0.00389	0.01352	0.00862	0.00779
48	0.01720	0.01677	0.02318	0.53683	0.04574	0.08172	0.02006	0.06398	0.01722	0.02161	0.01363	0.01958	0.01048	0.00839	0.00924	0.00258	0.07235	0.00671	0.00379	0.00895
49	0.03299	0.01430	0.01855	0.01443	0.02028	0.01321	0.01195	0.13058	0.02417	0.55848	0.02923	0.02790	0.01940	0.01007	0.00792	0.00244	0.00692	0.03502	0.00921	0.01293
50	0.05053	0.01780	0.01978	0.01552	0.02104	0.01896	0.01271	0.39996	0.06006	0.18175	0.04943	0.02299	0.01782	0.00962	0.00757	0.00232	0.00736	0.00747	0.06497	0.01231
51	0.01832	0.41001	0.34167	0.01738	0.02626	0.02478	0.02043	0.02384	0.01604	0.02118	0.01224	0.01427	0.00989	0.00697	0.00609	0.00203	0.00977	0.00488	0.00330	0.01065
52	0.03374	0.01296	0.01766	0.01362	0.01943	0.01122	0.01122	0.03676	0.02218	0.65565	0.05906	0.02778	0.02158	0.00987	0.00786	0.00240	0.00647	0.00807	0.00955	0.01294
53	0.01231	0.00893	0.01058	0.01063	0.01209	0.00877	0.00740	0.08552	0.01789	0.02382	0.12657	0.33287	0.11925	0.16835	0.01566	0.00381	0.00541	0.01628	0.00692	0.00692
54	0.02031	0.67189	0.07102	0.01363	0.02050	0.02931	0.01386	0.02314	0.01580	0.01881	0.01104	0.01276	0.01000	0.00664	0.00512	0.00168	0.00835	0.00424	0.00336	0.03854
55	0.01645	0.01322	0.01517	0.01163	0.01685	0.01123	0.00890	0.09186	0.01751	0.02586	0.01764	0.05412	0.01659	0.14317	0.01252	0.00258	0.00635	0.00691	0.00510	0.50635
56	0.01377	0.04233	0.01405	0.01167	0.01474	0.01109	0.04006	0.01989	0.14004	0.05647	0.15454	0.09609	0.26590	0.07132	0.01109	0.00296	0.00540	0.01320	0.00714	0.00826
57	0.01302	0.14457	0.01557	0.01086	0.01275	0.01204	0.00805	0.04006	0.01581	0.02077	0.10141	0.31984	0.03864	0.19313	0.01610	0.00383	0.00603	0.01450	0.00602	0.00699
58	0.17877	0.23247	0.02562	0.04645	0.04982	0.02072	0.05576	0.07785	0.01703	0.05740	0.01632	0.06846	0.01489	0.06171	0.00975	0.00267	0.04301	0.00710	0.00478	0.00943
59	0.19398	0.28152	0.02698	0.01661	0.05481	0.20669	0.01333	0.08261	0.01885	0.02530	0.01202	0.01381	0.01003	0.00738	0.00588	0.00201	0.00939	0.00479	0.00426	0.00976

[dist]
# distance from previous block
# <min> <max>
8	11

[block]
# block no. 5 follows, 25 sequences, length 22
# corresponding to MSA columns:
# 196-217
name=unknown_F
#
# <colnr> <probs for GDERKNQSTAVLIFYWHMCP>
#	G	D	E	R	K	N	Q	S	T	A	V	L	I	F	Y	W	H	M	C	P
0	0.00955	0.00683	0.00909	0.01073	0.01127	0.00637	0.00721	0.01105	0.01532	0.02055	0.08520	0.67782	0.05275	0.02372	0.00985	0.00310	0.00444	0.02150	0.00729	0.00637
1	0.10241	0.01636	0.01911	0.04417	0.04758	0.01680	0.03337	0.23133	0.07018	0.05369	0.01946	0.06632	0.01591	0.00910	0.00706	0.00214	0.00713	0.00738	0.04324	0.18728
2	0.11702	0.14848	0.02392	0.06695	0.02354	0.07024	0.01369	0.30005	0.04403	0.06384	0.04479	0.01893	0.01475	0.00869	0.00691	0.00223	0.00834	0.00638	0.00613	0.01110
3	0.01268	0.00876	0.01071	0.05139	0.01455	0.00797	0.00810	0.01544	0.01903	0.08964	0.22746	0.09090	0.35370	0.01719	0.00904	0.00261	0.00467	0.04104	0.00757	0.00755
4	0.01114	0.00771	0.00932	0.00932	0.00974	0.00796	0.00586	0.01184	0.01180	0.01594	0.02585	0.04721	0.05305	0.54891	0.18481	0.00842	0.01032	0.01082	0.00468	0.00527
5	0.02124	0.01769	0.02079	0.04022	0.02123	0.04890	0.01438	0.25328	0.02201	0.03088	0.01598	0.01998	0.01309	0.01496	0.07364	0.00353	0.26659	0.00696	0.08466	0.00998
6	0.01318	0.01083	0.04125	0.01105	0.01407	0.00943	0.00894	0.01905	0.09813	0.05714	0.45140	0.05142	0.12443	0.01458	0.00873	0.00243	0.00453	0.01264	0.00797	0.03879
7	0.78228	0.01499	0.01140	0.01020	0.01499	0.01739	0.00840	0.02279	0.01320	0.03479	0.01080	0.01260	0.00840	0.00720	0.00480	0.00240	0.00600	0.00420	0.00480	0.00840
8	0.01820	0.02061	0.04406	0.03173	0.03897	0.01993	0.60213	0.02436	0.01781	0.02436	0.01526	0.02061	0.01164	0.00708	0.01041	0.00267	0.06703	0.00897	0.00388	0.01031
9	0.00945	0.00675	0.00900	0.01080	0.01125	0.00630	0.00720	0.01080	0.01484	0.01979	0.04274	0.72245	0.05128	0.02429	0.00990	0.00315	0.00450	0.02204	0.00720	0.00630
10	0.01097	0.00793	0.01036	0.00975	0.01158	0.00732	0.00732	0.01463	0.02195	0.03109	0.67505	0.05792	0.07316	0.01585	0.00914	0.00244	0.00366	0.01402	0.00854	0.00732
11	0.02583	0.01956	0.02131	0.01611	0.02250	0.02031	0.01323	0.48073	0.03091	0.04244	0.01730	0.01792	0.01272	0.00834	0.00721	0.00201	0.00777	0.00633	0.00690	0.22058
12	0.01445	0.00723	0.00723	0.00723	0.00903	0.00723	0.00542	0.01807	0.01626	0.02891	0.02529	0.02891	0.01987	0.00903	0.00542	0.00181	0.00361	0.00723	0.77055	0.00723
13	0.01017	0.00822	0.00898	0.00874	0.01109	0.00732	0.00650	0.01334	0.04468	0.02404	0.24332	0.06708	0.45266	0.04707	0.01034	0.00277	0.00409	0.01519	0.00750	0.00692
14	0.01097	0.00793	0.01036	0.00975	0.01158	0.00732	0.00732	0.01463	0.02195	0.03109	0.67505	0.05792	0.07316	0.01585	0.00914	0.00244	0.00366	0.01402	0.00854	0.00732
15	0.00968	0.00692	0.00927	0.01106	0.01162	0.00650	0.00761	0.01120	0.01508	0.02006	0.04261	0.67352	0.05077	0.02407	0.00996	0.00318	0.00470	0.06865	0.00719	0.00636
16	0.01779	0.02034	0.06364	0.11503	0.10062	0.01933	0.46735	0.02386	0.01756	0.02400	0.01506	0.02040	0.01150	0.00704	0.00947	0.00261	0.04179	0.00845	0.00381	0.01036
17	0.00976	0.00699	0.00928	0.01058	0.01132	0.00651	0.00722	0.01159	0.01632	0.02214	0.17424	0.58424	0.05583	0.02254	0.00974	0.00300	0.00432	0.02037	0.00748	0.00651
18	0.02073	0.73217	0.04063	0.01327	0.01990	0.03068	0.01327	0.02322	0.01575	0.01824	0.01078	0.01244	0.00995	0.00663	0.00498	0.00166	0.00829	0.00415	0.00332	0.00995
19	0.02110	0.57452	0.12427	0.01476	0.02189	0.05798	0.01529	0.02445	0.01643	0.05139	0.01221	0.01370	0.01038	0.00694	0.00552	0.00181	0.00888	0.00457	0.00365	0.01026
20	0.02014	0.65326	0.11437	0.01427	0.02146	0.02923	0.01502	0.02337	0.01582	0.01896	0.01114	0.01289	0.00994	0.00672	0.00525	0.00175	0.00865	0.00433	0.00331	0.01012
21	0.01986	0.02025	0.02906	0.13613	0.50426	0.10890	0.02230	0.02420	0.01793	0.02371	0.01412	0.01870	0.01170	0.00717	0.00760	0.00230	0.01001	0.00665	0.00380	0.01133

[dist]
# distance from previous block
# <min> <max>
0	3

[block]
# block no. 6 follows, 25 sequences, length 60
# corresponding to MSA columns:
# 221-280
name=unknown_G
#
# <colnr> <probs for GDERKNQSTAVLIFYWHMCP>
#	G	D	E	R	K	N	Q	S	T	A	V	L	I	F	Y	W	H	M	C	P
0	0.01919	0.01842	0.03147	0.04759	0.67914	0.01842	0.02380	0.02380	0.01765	0.02533	0.01458	0.01919	0.01228	0.00691	0.00768	0.00230	0.00921	0.00691	0.00384	0.01228
1	0.01641	0.15481	0.58015	0.02064	0.03129	0.02011	0.02610	0.02433	0.01627	0.02351	0.01339	0.01572	0.00984	0.00724	0.00697	0.00232	0.01093	0.00547	0.00328	0.01121
2	0.02226	0.01705	0.02144	0.05113	0.21608	0.07194	0.01532	0.10905	0.06516	0.14954	0.09013	0.03004	0.08622	0.01023	0.00796	0.00238	0.00780	0.00869	0.00648	0.01109
3	0.68753	0.01499	0.01219	0.01077	0.01562	0.01715	0.00883	0.02489	0.05540	0.07462	0.01334	0.01449	0.01004	0.00756	0.00518	0.00241	0.00604	0.00471	0.00529	0.00894
4	0.01921	0.01863	0.02956	0.09471	0.56326	0.04339	0.02253	0.02492	0.06104	0.02515	0.01557	0.01976	0.01281	0.00725	0.00767	0.00233	0.00927	0.00696	0.00409	0.01188
5	0.01495	0.01431	0.02443	0.63779	0.05099	0.01769	0.05349	0.02001	0.01545	0.02001	0.01369	0.02049	0.01040	0.00800	0.00876	0.00263	0.04774	0.00700	0.00347	0.00870
6	0.01884	0.01807	0.03084	0.09828	0.63117	0.01833	0.02362	0.02349	0.01749	0.02491	0.01452	0.01930	0.01213	0.00697	0.00768	0.00232	0.00930	0.00691	0.00381	0.01200
7	0.00928	0.00775	0.00809	0.00823	0.01060	0.00656	0.00609	0.01126	0.01760	0.02132	0.10366	0.13671	0.58646	0.01991	0.00923	0.00266	0.00397	0.01680	0.00726	0.00656
8	0.01351	0.00699	0.01058	0.03577	0.01169	0.00712	0.00728	0.01046	0.01030	0.01370	0.01348	0.02346	0.01335	0.02623	0.02947	0.74605	0.00687	0.00674	0.00337	0.00356
9	0.00945	0.00675	0.00900	0.01080	0.01125	0.00630	0.00720	0.01080	0.01484	0.01979	0.04274	0.72245	0.05128	0.02429	0.00990	0.00315	0.00450	0.02204	0.00720	0.00630
10	0.02947	0.02172	0.02327	0.01784	0.02404	0.02404	0.01474	0.65329	0.03646	0.04887	0.01862	0.01862	0.01319	0.00931	0.00776	0.00233	0.00853	0.00698	0.00776	0.01319
11	0.00945	0.00675	0.00900	0.01080	0.01125	0.00630	0.00720	0.01080	0.01484	0.01979	0.04274	0.72245	0.05128	0.02429	0.00990	0.00315	0.00450	0.02204	0.00720	0.00630
12	0.01464	0.01378	0.02326	0.70887	0.05340	0.01723	0.02153	0.01981	0.01550	0.01981	0.01378	0.02067	0.01034	0.00775	0.00775	0.00258	0.01034	0.00689	0.00345	0.00861
13	0.00945	0.00675	0.00900	0.01080	0.01125	0.00630	0.00720	0.01080	0.01484	0.01979	0.04274	0.72245	0.05128	0.02429	0.00990	0.00315	0.00450	0.02204	0.00720	0.00630
14	0.02947	0.02172	0.02327	0.01784	0.02404	0.02404	0.01474	0.65329	0.03646	0.04887	0.01862	0.01862	0.01319	0.00931	0.00776	0.00233	0.00853	0.00698	0.00776	0.01319
15	0.01071	0.00776	0.00985	0.01111	0.01203	0.00744	0.00762	0.05186	0.01636	0.02171	0.04290	0.64666	0.07856	0.02311	0.00972	0.00307	0.00473	0.02081	0.00723	0.00675
16	0.00960	0.00686	0.00913	0.01069	0.01128	0.00640	0.00721	0.01117	0.01554	0.02091	0.10505	0.65696	0.05344	0.02346	0.00982	0.00308	0.00442	0.02125	0.00733	0.00640
17	0.01625	0.01604	0.02359	0.02005	0.02072	0.02161	0.05500	0.01839	0.01235	0.01895	0.01194	0.01902	0.01151	0.01913	0.11466	0.00456	0.57716	0.00714	0.00353	0.00839
18	0.01944	0.01830	0.03051	0.08827	0.60444	0.01864	0.02317	0.05691	0.01851	0.02623	0.01475	0.01925	0.01221	0.00709	0.00769	0.00232	0.00925	0.00691	0.00402	0.01210
19	0.44326	0.05581	0.01722	0.01398	0.01885	0.19729	0.01124	0.11285	0.01886	0.03181	0.01220	0.01379	0.00956	0.00767	0.00580	0.00225	0.00856	0.00479	0.00493	0.00929
20	0.01103	0.00745	0.00901	0.00937	0.00972	0.00753	0.00586	0.01181	0.01238	0.01700	0.02773	0.18352	0.03140	0.46886	0.11337	0.00698	0.00837	0.01291	0.04031	0.00541
21	0.02399	0.02064	0.02008	0.01697	0.02197	0.09297	0.01345	0.26106	0.36984	0.03694	0.02481	0.02362	0.01843	0.00981	0.00775	0.00245	0.00784	0.00772	0.00743	0.01225
22	0.00965	0.00683	0.00894	0.01054	0.01094	0.00643	0.00692	0.01085	0.01445	0.01926	0.04070	0.64782	0.04872	0.10241	0.01318	0.00363	0.00483	0.02085	0.00692	0.00612
23	0.01999	0.63313	0.13318	0.01453	0.02186	0.02887	0.01547	0.02341	0.01584	0.01915	0.01123	0.01300	0.00993	0.00674	0.00532	0.00177	0.00875	0.00437	0.00331	0.01017
24	0.02615	0.01454	0.01731	0.01393	0.01887	0.01443	0.01125	0.22295	0.04871	0.29253	0.10101	0.06559	0.09385	0.01196	0.00817	0.00245	0.00649	0.00982	0.00848	0.01151
25	0.01028	0.00764	0.00909	0.00917	0.01065	0.00697	0.00642	0.01241	0.01763	0.02347	0.28597	0.17162	0.22735	0.14919	0.01485	0.00354	0.00458	0.01549	0.00724	0.00645
26	0.01830	0.02092	0.04575	0.03268	0.04052	0.01961	0.65098	0.02484	0.01830	0.02484	0.01569	0.02092	0.01176	0.00654	0.00915	0.00261	0.01307	0.00915	0.00392	0.01046
27	0.01518	0.06989	0.53001	0.01962	0.02928	0.01680	0.02406	0.02259	0.01615	0.02375	0.01695	0.09459	0.01456	0.00909	0.00741	0.00240	0.01011	0.00738	0.00381	0.06641
28	0.78228	0.01499	0.01140	0.01020	0.01499	0.01739	0.00840	0.02279	0.01320	0.03479	0.01080	0.01260	0.00840	0.00720	0.00480	0.00240	0.00600	0.00420	0.00480	0.00840
29	0.01249	0.00892	0.01249	0.01428	0.01606	0.00892	0.01249	0.01606	0.01785	0.02320	0.04105	0.08746	0.04462	0.02142	0.01071	0.00357	0.00714	0.62695	0.00714	0.00714
30	0.01088	0.00792	0.01023	0.00966	0.01153	0.00728	0.00724	0.01445	0.02172	0.03056	0.64391	0.05879	0.10463	0.01605	0.00915	0.00245	0.00367	0.01414	0.00847	0.00728
31	0.00975	0.00698	0.00898	0.01030	0.01092	0.00652	0.00686	0.01115	0.01512	0.02015	0.08865	0.56509	0.08342	0.10155	0.01309	0.00355	0.00474	0.01996	0.00702	0.00621
32	0.02548	0.01816	0.01985	0.01631	0.02164	0.02004	0.01312	0.28120	0.32730	0.13102	0.02634	0.02452	0.01892	0.00991	0.00782	0.00248	0.00714	0.00793	0.00808	0.01276
33	0.06412	0.01367	0.01798	0.01385	0.01981	0.01224	0.01144	0.06647	0.02251	0.62856	0.02924	0.02547	0.01848	0.00949	0.00768	0.00240	0.00667	0.00762	0.00932	0.01301
34	0.01524	0.01437	0.01472	0.01412	0.01620	0.14347	0.01091	0.04136	0.01521	0.01936	0.01898	0.02682	0.01733	0.04657	0.53688	0.01005	0.01899	0.00761	0.00426	0.00756
35	0.01092	0.00788	0.01031	0.00979	0.01157	0.00728	0.00731	0.01449	0.02169	0.03068	0.65174	0.08242	0.07235	0.01616	0.00917	0.00246	0.00369	0.01432	0.00849	0.00728
36	0.01889	0.01844	0.02966	0.08563	0.58861	0.04432	0.02260	0.02333	0.01769	0.02457	0.01697	0.02127	0.03834	0.00751	0.00771	0.00232	0.00926	0.00721	0.00395	0.01170
37	0.02947	0.02172	0.02327	0.01784	0.02404	0.02404	0.01474	0.65329	0.03646	0.04887	0.01862	0.01862	0.01319	0.00931	0.00776	0.00233	0.00853	0.00698	0.00776	0.01319
38	0.01087	0.00815	0.00890	0.00856	0.01119	0.00696	0.00647	0.01324	0.01879	0.05768	0.19895	0.06866	0.51749	0.01833	0.00909	0.00257	0.00401	0.01543	0.00760	0.00705
39	0.01568	0.03923	0.65787	0.02259	0.03388	0.01808	0.05722	0.02457	0.01646	0.02457	0.01400	0.01658	0.00991	0.00733	0.00745	0.00246	0.01153	0.00589	0.00330	0.01141
40	0.02073	0.73217	0.04063	0.01327	0.01990	0.03068	0.01327	0.02322	0.01575	0.01824	0.01078	0.01244	0.00995	0.00663	0.00498	0.00166	0.00829	0.00415	0.00332	0.00995
41	0.01696	0.01696	0.02375	0.02036	0.02036	0.02375	0.01696	0.01866	0.01187	0.01866	0.01018	0.01696	0.01018	0.01357	0.02545	0.00339	0.71332	0.00679	0.00339	0.00848
42	0.78228	0.01499	0.01140	0.01020	0.01499	0.01739	0.00840	0.02279	0.01320	0.03479	0.01080	0.01260	0.00840	0.00720	0.00480	0.00240	0.00600	0.00420	0.00480	0.00840
43	0.01181	0.00879	0.01263	0.01242	0.01390	0.01012	0.00957	0.03888	0.01333	0.01903	0.02092	0.03129	0.01970	0.09899	0.62763	0.01175	0.01944	0.00844	0.00433	0.00703
44	0.00964	0.00801	0.00852	0.00878	0.01128	0.00689	0.00684	0.01184	0.01770	0.02127	0.07316	0.07647	0.58524	0.01989	0.00939	0.00276	0.00439	0.10413	0.00719	0.00663
45	0.00943	0.00681	0.00894	0.01064	0.01121	0.00631	0.00713	0.01081	0.01499	0.01985	0.04460	0.68863	0.08390	0.02405	0.00986	0.00312	0.00447	0.02175	0.00720	0.00631
46	0.01754	0.01792	0.02366	0.02034	0.02053	0.05599	0.01687	0.01925	0.01236	0.01868	0.01026	0.01682	0.01017	0.01330	0.02456	0.00333	0.67980	0.00670	0.00342	0.00851
47	0.01126	0.00757	0.00870	0.00870	0.00879	0.00765	0.00501	0.01143	0.01135	0.01522	0.02421	0.04949	0.02765	0.68632	0.07991	0.00782	0.00833	0.01109	0.00466	0.00484
48	0.78228	0.01499	0.01140	0.01020	0.01499	0.01739	0.00840	0.02279	0.01320	0.03479	0.01080	0.01260	0.00840	0.00720	0.00480	0.00240	0.00600	0.00420	0.00480	0.00840
49	0.01095	0.00788	0.01012	0.01105	0.01209	0.00757	0.00768	0.05101	0.01743	0.02358	0.15313	0.56155	0.05281	0.02188	0.00963	0.00297	0.00460	0.01970	0.00747	0.00690
50	0.01963	0.01588	0.01784	0.01352	0.01978	0.01462	0.01086	0.18403	0.08654	0.03187	0.01773	0.04057	0.01442	0.00773	0.00661	0.00166	0.00646	0.00618	0.00582	0.47824
51	0.02981	0.02117	0.02293	0.01758	0.02377	0.02324	0.01452	0.61396	0.03554	0.08948	0.01938	0.01911	0.01357	0.00933	0.00776	0.00233	0.00841	0.00703	0.00787	0.01319
52	0.01089	0.00758	0.00835	0.00835	0.00883	0.00734	0.00492	0.01125	0.01245	0.01612	0.03438	0.05513	0.14734	0.59731	0.03389	0.00662	0.00686	0.01221	0.00516	0.00504
53	0.01903	0.01756	0.06016	0.01616	0.02081	0.01822	0.01357	0.09119	0.48003	0.03214	0.03057	0.03514	0.02469	0.01169	0.00823	0.00272	0.00683	0.09219	0.00748	0.01161
54	0.78228	0.01499	0.01140	0.01020	0.01499	0.01739	0.00840	0.02279	0.01320	0.03479	0.01080	0.01260	0.00840	0.00720	0.00480	0.00240	0.00600	0.00420	0.00480	0.00840
55	0.01128	0.00752	0.00846	0.00846	0.00846	0.00752	0.00470	0.01128	0.01128	0.01503	0.02443	0.05074	0.02819	0.72751	0.03946	0.00752	0.00752	0.01128	0.00470	0.00470
56	0.01007	0.00743	0.00956	0.01102	0.01217	0.00692	0.00812	0.01202	0.01603	0.02076	0.04895	0.46344	0.16471	0.02280	0.00994	0.00314	0.00498	0.15423	0.00719	0.00653
57	0.01669	0.01750	0.09367	0.04431	0.07071	0.01306	0.04711	0.05271	0.01731	0.02591	0.01553	0.04934	0.01324	0.00716	0.00662	0.00166	0.00729	0.00614	0.00459	0.48944
58	0.01726	0.01775	0.06087	0.06262	0.49120	0.01691	0.02099	0.02157	0.01721	0.02410	0.02363	0.02708	0.10894	0.00917	0.00882	0.00242	0.04591	0.00822	0.00426	0.01107
59	0.02481	0.12771	0.11406	0.01942	0.05542	0.15719	0.01669	0.21704	0.05447	0.07054	0.01616	0.01740	0.01227	0.00864	0.00829	0.00227	0.05481	0.00613	0.00542	0.01127

[dist]
# distance from previous block
# <min> <max>
3	10

[block]
# block no. 7 follows, 25 sequences, length 31
# corresponding to MSA columns:
# 291-321
name=unknown_H
#
# <colnr> <probs for GDERKNQSTAVLIFYWHMCP>
#	G	D	E	R	K	N	Q	S	T	A	V	L	I	F	Y	W	H	M	C	P
0	0.08915	0.01409	0.01713	0.05626	0.02012	0.04712	0.06382	0.08506	0.04727	0.10879	0.17733	0.03757	0.12320	0.03671	0.00911	0.00258	0.00680	0.00998	0.00680	0.04112
1	0.06922	0.09574	0.33003	0.02563	0.16583	0.01850	0.07688	0.02319	0.01677	0.02487	0.03795	0.02093	0.04540	0.00799	0.00733	0.00236	0.00983	0.00681	0.00392	0.01082
2	0.01153	0.00912	0.01069	0.01083	0.01261	0.03671	0.00825	0.01455	0.01973	0.02648	0.38567	0.16882	0.12799	0.01811	0.00941	0.00272	0.00478	0.10710	0.00777	0.00711
3	0.01853	0.01954	0.06633	0.16193	0.31681	0.07048	0.02048	0.05798	0.01817	0.02450	0.04350	0.02218	0.03711	0.00879	0.00951	0.00247	0.07961	0.00730	0.00423	0.01055
4	0.01812	0.01378	0.01522	0.01331	0.01732	0.01462	0.01041	0.09125	0.31043	0.07788	0.16167	0.03983	0.13059	0.01258	0.00823	0.00249	0.00558	0.01054	0.00790	0.03826
5	0.78228	0.01499	0.01140	0.01020	0.01499	0.01739	0.00840	0.02279	0.01320	0.03479	0.01080	0.01260	0.00840	0.00720	0.00480	0.00240	0.00600	0.00420	0.00480	0.00840
6	0.01823	0.01969	0.04036	0.03613	0.22107	0.01879	0.44928	0.02403	0.01799	0.02479	0.01635	0.04587	0.01334	0.00729	0.00876	0.00255	0.01166	0.00898	0.00402	0.01083
7	0.01002	0.00738	0.00957	0.01081	0.01129	0.00728	0.00728	0.01124	0.01439	0.01919	0.04060	0.57419	0.07595	0.11215	0.01431	0.00369	0.03806	0.01970	0.00670	0.00621
8	0.00965	0.00715	0.00901	0.01008	0.01116	0.00651	0.00698	0.01149	0.01654	0.02188	0.15413	0.49293	0.17002	0.02203	0.00964	0.00293	0.00425	0.01967	0.00742	0.00651
9	0.01830	0.02092	0.04575	0.03268	0.04052	0.01961	0.65098	0.02484	0.01830	0.02484	0.01569	0.02092	0.01176	0.00654	0.00915	0.00261	0.01307	0.00915	0.00392	0.01046
10	0.70143	0.01450	0.01156	0.01025	0.01497	0.01654	0.00842	0.02340	0.01386	0.07131	0.01264	0.01420	0.00958	0.00743	0.00500	0.00237	0.00591	0.00455	0.04346	0.00861
11	0.01317	0.00880	0.01101	0.01032	0.01264	0.00821	0.00777	0.01745	0.06006	0.08540	0.44279	0.11710	0.14286	0.01626	0.00902	0.00254	0.00418	0.01421	0.00829	0.00793
12	0.01083	0.00792	0.01016	0.00960	0.01149	0.00725	0.00720	0.01435	0.02160	0.03027	0.62657	0.05928	0.12215	0.01616	0.00915	0.00245	0.00368	0.01421	0.00843	0.00725
13	0.06270	0.01602	0.02439	0.30686	0.26527	0.01804	0.01984	0.02533	0.13583	0.02497	0.01716	0.02119	0.01336	0.00793	0.00758	0.00248	0.00891	0.00708	0.00448	0.01057
14	0.02477	0.02140	0.02442	0.16262	0.13473	0.10192	0.01759	0.35031	0.02748	0.03566	0.01620	0.01857	0.01208	0.00845	0.00765	0.00234	0.00966	0.00671	0.00581	0.01162
15	0.00953	0.00787	0.00837	0.00824	0.01070	0.00670	0.00618	0.01184	0.01855	0.02302	0.20033	0.07121	0.55292	0.01886	0.00916	0.00258	0.00387	0.01589	0.00747	0.00670
16	0.02041	0.68988	0.08015	0.01381	0.02074	0.02991	0.01421	0.02330	0.01579	0.01863	0.01097	0.01268	0.00994	0.00668	0.00512	0.00171	0.00849	0.00424	0.00331	0.01004
17	0.04915	0.01658	0.02763	0.28845	0.42224	0.01794	0.02233	0.02229	0.01668	0.02370	0.01413	0.01946	0.01141	0.00723	0.00758	0.00241	0.00949	0.00679	0.00373	0.01078
18	0.05051	0.06238	0.09783	0.01428	0.01929	0.01584	0.01274	0.05973	0.24149	0.10119	0.16868	0.03377	0.06718	0.01127	0.00784	0.00246	0.00642	0.00929	0.00719	0.01061
19	0.01485	0.01407	0.02330	0.64698	0.05043	0.01781	0.02112	0.01971	0.01518	0.01971	0.01346	0.02034	0.01032	0.00828	0.00934	0.00266	0.07353	0.00688	0.00344	0.00860
20	0.01914	0.01857	0.03232	0.04671	0.64120	0.01849	0.06105	0.02386	0.01769	0.02530	0.01465	0.01929	0.01225	0.00689	0.00776	0.00232	0.00944	0.00704	0.00384	0.01217
21	0.01064	0.00787	0.00993	0.00950	0.01140	0.00716	0.00709	0.01396	0.02105	0.02915	0.56186	0.08387	0.16427	0.01673	0.00917	0.00249	0.00373	0.01466	0.00828	0.00716
22	0.01097	0.00793	0.01036	0.00975	0.01158	0.00732	0.00732	0.01463	0.02195	0.03109	0.67505	0.05792	0.07316	0.01585	0.00914	0.00244	0.00366	0.01402	0.00854	0.00732
23	0.01455	0.01303	0.01653	0.06927	0.01932	0.06519	0.01255	0.04354	0.01433	0.01964	0.01755	0.02550	0.01603	0.04027	0.43988	0.00882	0.14451	0.00761	0.00410	0.00776
24	0.00985	0.00701	0.00933	0.01104	0.01161	0.00663	0.00762	0.01137	0.01498	0.01991	0.04164	0.62304	0.04944	0.05924	0.01146	0.00341	0.00492	0.08412	0.00707	0.00630
25	0.02864	0.02364	0.02225	0.01768	0.02329	0.13967	0.01432	0.51406	0.03295	0.04270	0.01780	0.01832	0.01296	0.00907	0.00751	0.00224	0.00923	0.00665	0.04485	0.01216
26	0.02825	0.02017	0.02179	0.01677	0.02274	0.02194	0.01381	0.56310	0.03380	0.07360	0.01932	0.01945	0.01377	0.00916	0.00754	0.00225	0.00804	0.00693	0.05302	0.04455
27	0.05648	0.65263	0.06161	0.01364	0.02028	0.05012	0.01364	0.02348	0.01585	0.01926	0.01093	0.01263	0.00987	0.00673	0.00511	0.00173	0.00847	0.00423	0.00341	0.00990
28	0.01900	0.01513	0.01876	0.03815	0.02134	0.01342	0.04280	0.14109	0.02023	0.05641	0.01757	0.06798	0.01495	0.00802	0.00675	0.00169	0.00675	0.00674	0.00552	0.47770
29	0.02024	0.59687	0.14193	0.01483	0.02221	0.02844	0.01575	0.04668	0.01662	0.02037	0.01156	0.01329	0.01005	0.00685	0.00545	0.00181	0.00880	0.00450	0.00347	0.01031
30	0.01916	0.01540	0.04368	0.01450	0.01880	0.01552	0.01200	0.14357	0.25809	0.07905	0.06402	0.07437	0.11891	0.01342	0.00846	0.00266	0.00643	0.07372	0.00762	0.01063

[dist]
# distance from previous block
# <min> <max>
0	4

[block]
# block no. 8 follows, 25 sequences, length 115
# corresponding to MSA columns:
# 326-440
name=unknown_I
#
# <colnr> <probs for GDERKNQSTAVLIFYWHMCP>
#	G	D	E	R	K	N	Q	S	T	A	V	L	I	F	Y	W	H	M	C	P
0	0.01059	0.00763	0.01002	0.01002	0.01150	0.00706	0.00729	0.01367	0.02016	0.02825	0.51583	0.22525	0.06765	0.01798	0.00933	0.00262	0.00387	0.01604	0.00820	0.00706
1	0.01880	0.01526	0.01657	0.01510	0.01913	0.01728	0.01176	0.03720	0.54642	0.06051	0.05808	0.07181	0.02789	0.01193	0.00817	0.00268	0.00601	0.03591	0.00792	0.01156
2	0.01895	0.01818	0.03104	0.08205	0.64653	0.01836	0.02368	0.02359	0.01754	0.02504	0.01454	0.01927	0.01218	0.00695	0.00768	0.00232	0.00927	0.00691	0.00382	0.01209
