[name]
unknown

[dist]
# distance from previous block
# <min> <max>
0	11

[block]
# block no. 0 follows, 29 sequences, length 32
# corresponding to MSA columns:
# 11-42
name=unknown_A
#
# <colnr> <probs for GDERKNQSTAVLIFYWHMCP>
#	G	D	E	R	K	N	Q	S	T	A	V	L	I	F	Y	W	H	M	C	P
0	0.02707	0.01995	0.02137	0.01638	0.02208	0.02208	0.01353	0.68159	0.03348	0.04488	0.01710	0.01710	0.01211	0.00855	0.00712	0.00214	0.00784	0.00641	0.00712	0.01211
1	0.01184	0.00771	0.00975	0.00967	0.01148	0.00714	0.00707	0.01492	0.04659	0.09052	0.29160	0.29375	0.13670	0.01696	0.00847	0.00249	0.00403	0.01497	0.00732	0.00702
2	0.00938	0.00723	0.00847	0.00875	0.01042	0.00653	0.00632	0.02877	0.01675	0.02174	0.20614	0.28579	0.32117	0.01838	0.00860	0.00252	0.00383	0.01601	0.00691	0.00626
3	0.00879	0.00661	0.00808	0.00900	0.01009	0.00597	0.00622	0.01037	0.01493	0.01940	0.11459	0.46504	0.23420	0.04004	0.00956	0.00280	0.00398	0.01776	0.00667	0.00590
4	0.80005	0.01377	0.01047	0.00936	0.01377	0.01597	0.00771	0.02093	0.01212	0.03195	0.00991	0.01157	0.00771	0.00661	0.00441	0.00220	0.00551	0.00386	0.00441	0.00771
5	0.02870	0.01211	0.01578	0.01238	0.01751	0.01087	0.01013	0.05785	0.05591	0.58061	0.03202	0.02842	0.08470	0.00975	0.00729	0.00223	0.00587	0.00795	0.00845	0.01148
6	0.01027	0.00710	0.00886	0.00911	0.01067	0.00639	0.00656	0.01243	0.01678	0.05694	0.27003	0.31880	0.20357	0.01802	0.00860	0.00252	0.00385	0.01589	0.00714	0.00647
7	0.00842	0.00721	0.00721	0.00721	0.00962	0.00601	0.00541	0.01022	0.01623	0.01924	0.07213	0.06853	0.70244	0.01803	0.00842	0.00240	0.00361	0.01503	0.00661	0.00601
8	0.02822	0.01156	0.01538	0.01211	0.01707	0.01018	0.00989	0.03164	0.04646	0.58759	0.08097	0.02939	0.06648	0.00988	0.00734	0.00223	0.00568	0.00814	0.00853	0.01128
9	0.00966	0.00676	0.00815	0.00858	0.00912	0.00647	0.00546	0.01067	0.01323	0.01774	0.13311	0.26710	0.08261	0.36453	0.02177	0.00466	0.00529	0.01412	0.00571	0.00525
10	0.01088	0.00743	0.00932	0.00958	0.01111	0.00686	0.00689	0.03420	0.01688	0.05932	0.22860	0.38255	0.15291	0.01829	0.00862	0.00257	0.00406	0.01621	0.00709	0.00663
11	0.01202	0.00743	0.00885	0.00841	0.00934	0.00712	0.00540	0.01305	0.01357	0.07546	0.17202	0.04711	0.06353	0.49693	0.02658	0.00531	0.00592	0.01084	0.00555	0.00556
12	0.01028	0.00687	0.00779	0.00786	0.00788	0.00686	0.00441	0.01034	0.01050	0.01399	0.02315	0.07642	0.02679	0.71869	0.03508	0.00673	0.00679	0.01078	0.00441	0.00438
13	0.43565	0.01742	0.01650	0.04575	0.13151	0.10253	0.01201	0.09458	0.03839	0.02954	0.01214	0.01411	0.00949	0.00699	0.00558	0.00215	0.00730	0.00487	0.00451	0.00897
14	0.02594	0.02468	0.01998	0.01676	0.02141	0.30645	0.01319	0.30155	0.11041	0.06490	0.01665	0.01691	0.01240	0.00821	0.00685	0.00205	0.00951	0.00591	0.00581	0.01043
15	0.01017	0.00763	0.01144	0.01144	0.01272	0.00890	0.00890	0.01272	0.01144	0.01653	0.01907	0.02797	0.01780	0.05340	0.72153	0.01144	0.01907	0.00763	0.00381	0.00636
16	0.01023	0.00688	0.00794	0.00805	0.00813	0.00690	0.00465	0.01042	0.01062	0.01421	0.02345	0.09331	0.02702	0.67347	0.06086	0.00681	0.00719	0.01092	0.00445	0.00449
17	0.07792	0.01248	0.02057	0.38831	0.03503	0.01410	0.11503	0.01805	0.03807	0.02046	0.01992	0.15252	0.03792	0.01010	0.00749	0.00246	0.00825	0.00930	0.00421	0.00782
18	0.01861	0.01892	0.02837	0.04037	0.60511	0.09644	0.04368	0.02263	0.01668	0.02259	0.01316	0.01714	0.01102	0.00644	0.00703	0.00209	0.00908	0.00622	0.00354	0.01088
19	0.01383	0.01340	0.02371	0.65267	0.04770	0.01607	0.09486	0.01872	0.01453	0.01872	0.01286	0.01901	0.00964	0.00699	0.00727	0.00238	0.00978	0.00656	0.00321	0.00810
20	0.01655	0.01553	0.02532	0.28779	0.28740	0.01699	0.07651	0.05804	0.09982	0.02335	0.01533	0.01933	0.01192	0.00712	0.00722	0.00227	0.00876	0.00673	0.00405	0.00995
21	0.02732	0.01955	0.02112	0.01619	0.02188	0.02149	0.01338	0.64872	0.03281	0.07869	0.01765	0.01746	0.01239	0.00856	0.00713	0.00214	0.00775	0.00645	0.00721	0.01211
22	0.01459	0.08398	0.66845	0.01976	0.02999	0.01730	0.02538	0.02247	0.01500	0.02217	0.01259	0.01480	0.00903	0.00672	0.00662	0.00221	0.01033	0.00517	0.00301	0.01043
23	0.01008	0.00766	0.00932	0.00884	0.01080	0.00710	0.00665	0.01392	0.05273	0.02649	0.52430	0.05537	0.21004	0.01511	0.00834	0.00229	0.00353	0.01313	0.00753	0.00678
24	0.01653	0.09110	0.19389	0.11029	0.07624	0.03886	0.26237	0.02208	0.01621	0.04502	0.04844	0.01905	0.01313	0.00692	0.00731	0.00223	0.01009	0.00691	0.00374	0.00958
25	0.02640	0.01910	0.02061	0.01601	0.02154	0.02107	0.01316	0.58604	0.09713	0.07706	0.01881	0.01838	0.01333	0.00867	0.00714	0.00217	0.00753	0.00661	0.00722	0.01203
26	0.00906	0.00728	0.00819	0.00862	0.01064	0.00640	0.00666	0.01114	0.01617	0.01995	0.09454	0.14367	0.48362	0.01861	0.00874	0.00260	0.00416	0.12716	0.00666	0.00612
27	0.02750	0.01367	0.01678	0.01336	0.01837	0.01345	0.01081	0.12920	0.15472	0.44839	0.02641	0.02460	0.01798	0.04058	0.00841	0.00244	0.00627	0.00736	0.00806	0.01162
28	0.01904	0.02163	0.06194	0.06798	0.37413	0.17554	0.08959	0.02304	0.01682	0.02144	0.01276	0.01651	0.01048	0.00673	0.00743	0.00210	0.02972	0.00605	0.00353	0.03355
29	0.01980	0.01407	0.01664	0.01262	0.01830	0.05706	0.04095	0.02343	0.04022	0.19455	0.01808	0.04583	0.01404	0.00714	0.00618	0.00157	0.00625	0.00593	0.00550	0.45182
30	0.01735	0.09873	0.46544	0.01845	0.02665	0.14881	0.02122	0.02336	0.01606	0.04412	0.01395	0.04902	0.01114	0.00761	0.00663	0.00214	0.01024	0.00577	0.00350	0.00980
31	0.01332	0.01292	0.06988	0.01378	0.06090	0.01056	0.01048	0.05499	0.08512	0.02301	0.02837	0.27503	0.07625	0.01300	0.00738	0.00216	0.00557	0.01136	0.00556	0.22036

[dist]
# distance from previous block
# <min> <max>
21	32

[block]
# block no. 1 follows, 29 sequences, length 79
# corresponding to MSA columns:
# 75-153
name=unknown_B
#
# <colnr> <probs for GDERKNQSTAVLIFYWHMCP>
#	G	D	E	R	K	N	Q	S	T	A	V	L	I	F	Y	W	H	M	C	P
0	0.01869	0.57127	0.05356	0.01482	0.04811	0.02624	0.01352	0.04724	0.01483	0.01838	0.01034	0.01259	0.00937	0.00710	0.00742	0.00181	0.10786	0.00439	0.00324	0.00920
1	0.01759	0.01702	0.02946	0.04312	0.67687	0.01697	0.04987	0.02189	0.01624	0.02324	0.01344	0.01769	0.01126	0.00633	0.00711	0.00213	0.00861	0.00643	0.00353	0.01121
2	0.01919	0.54997	0.12963	0.01409	0.02047	0.10530	0.01432	0.02278	0.03464	0.01802	0.01098	0.01253	0.00949	0.00643	0.00517	0.00169	0.00856	0.00422	0.00323	0.00929
3	0.01866	0.01595	0.03078	0.02363	0.05031	0.01530	0.39278	0.04530	0.01725	0.14297	0.02002	0.11940	0.01697	0.00915	0.00894	0.00245	0.04598	0.00957	0.00502	0.00957
4	0.02663	0.03312	0.02025	0.01823	0.02202	0.68046	0.01375	0.06647	0.02095	0.01903	0.01136	0.01309	0.00934	0.00741	0.00646	0.00185	0.01255	0.00469	0.00387	0.00848
5	0.01746	0.01675	0.02860	0.07109	0.67924	0.01688	0.02177	0.02171	0.01614	0.02306	0.01336	0.01768	0.01121	0.00638	0.00705	0.00213	0.00850	0.00634	0.00351	0.01115
6	0.01447	0.01370	0.02320	0.56400	0.20969	0.01609	0.02028	0.01909	0.01472	0.01943	0.01284	0.01865	0.00993	0.00693	0.00710	0.00231	0.00924	0.00633	0.00325	0.00873
7	0.01558	0.01558	0.02181	0.01869	0.01869	0.02181	0.01558	0.01714	0.01091	0.01714	0.00935	0.01558	0.00935	0.01246	0.02337	0.00312	0.73672	0.00623	0.00312	0.00779
8	0.01558	0.01558	0.02181	0.01869	0.01869	0.02181	0.01558	0.01714	0.01091	0.01714	0.00935	0.01558	0.00935	0.01246	0.02337	0.00312	0.73672	0.00623	0.00312	0.00779
9	0.01523	0.01305	0.01526	0.01113	0.01714	0.01055	0.00893	0.03728	0.03477	0.02378	0.01313	0.01520	0.01087	0.00576	0.00607	0.00120	0.03294	0.00447	0.00435	0.71889
10	0.00868	0.00620	0.00826	0.00991	0.01033	0.00578	0.00661	0.00991	0.01363	0.01818	0.03925	0.74510	0.04710	0.02231	0.00909	0.00289	0.00413	0.02024	0.00661	0.00578
11	0.01904	0.75404	0.03731	0.01218	0.01828	0.02818	0.01218	0.02132	0.01447	0.01675	0.00990	0.01142	0.00914	0.00609	0.00457	0.00152	0.00761	0.00381	0.00305	0.00914
12	0.00884	0.00637	0.00838	0.00969	0.01034	0.00591	0.00658	0.01036	0.01454	0.01950	0.12254	0.63319	0.07499	0.02118	0.00898	0.00279	0.00402	0.01913	0.00676	0.00591
13	0.02660	0.03394	0.02018	0.01834	0.02201	0.72116	0.01376	0.02843	0.02018	0.01743	0.01101	0.01284	0.00917	0.00734	0.00642	0.00183	0.01284	0.00459	0.00367	0.00825
14	0.01771	0.01530	0.01610	0.01449	0.01852	0.01771	0.01127	0.03784	0.69247	0.02979	0.02898	0.02657	0.02174	0.00966	0.00725	0.00242	0.00564	0.00805	0.00725	0.01127
15	0.00868	0.00620	0.00826	0.00991	0.01033	0.00578	0.00661	0.00991	0.01363	0.01818	0.03925	0.74510	0.04710	0.02231	0.00909	0.00289	0.00413	0.02024	0.00661	0.00578
16	0.01762	0.01692	0.02890	0.04371	0.70533	0.01692	0.02185	0.02185	0.01621	0.02326	0.01339	0.01762	0.01128	0.00634	0.00705	0.00211	0.00846	0.00634	0.00352	0.01128
17	0.80005	0.01377	0.01047	0.00936	0.01377	0.01597	0.00771	0.02093	0.01212	0.03195	0.00991	0.01157	0.00771	0.00661	0.00441	0.00220	0.00551	0.00386	0.00441	0.00771
18	0.01558	0.01558	0.02181	0.01869	0.01869	0.02181	0.01558	0.01714	0.01091	0.01714	0.00935	0.01558	0.00935	0.01246	0.02337	0.00312	0.73672	0.00623	0.00312	0.00779
19	0.70455	0.01357	0.01122	0.00978	0.01432	0.01529	0.00805	0.02264	0.01315	0.11629	0.01218	0.01314	0.00894	0.00688	0.00475	0.00220	0.00558	0.00427	0.00495	0.00826
20	0.01904	0.75404	0.03731	0.01218	0.01828	0.02818	0.01218	0.02132	0.01447	0.01675	0.00990	0.01142	0.00914	0.00609	0.00457	0.00152	0.00761	0.00381	0.00305	0.00914
21	0.02541	0.01544	0.01754	0.01374	0.01874	0.01592	0.01120	0.37487	0.02646	0.23846	0.02810	0.02725	0.10899	0.03413	0.00826	0.00235	0.00670	0.00795	0.00746	0.01102
22	0.01008	0.00728	0.00952	0.00896	0.01064	0.00672	0.00672	0.01344	0.02016	0.02855	0.70158	0.05319	0.06719	0.01456	0.00840	0.00224	0.00336	0.01288	0.00784	0.00672
23	0.06699	0.08589	0.01837	0.01439	0.01870	0.09970	0.01146	0.05231	0.46518	0.05495	0.02361	0.02231	0.01783	0.00881	0.00672	0.00224	0.00672	0.00692	0.00633	0.01057
24	0.76733	0.01370	0.01072	0.00950	0.01396	0.01574	0.00783	0.02152	0.01247	0.06085	0.01069	0.01211	0.00813	0.00670	0.00452	0.00220	0.00553	0.00400	0.00459	0.00790
25	0.00884	0.00647	0.00831	0.00946	0.01029	0.00594	0.00648	0.01043	0.01484	0.01973	0.13407	0.57020	0.12725	0.02074	0.00891	0.00274	0.00396	0.01862	0.00678	0.00594
26	0.01383	0.00717	0.00723	0.00703	0.00885	0.00726	0.00532	0.04336	0.01568	0.02728	0.02298	0.02617	0.01800	0.00831	0.00506	0.00168	0.00350	0.00663	0.75780	0.00686
27	0.01036	0.00690	0.00777	0.00777	0.00777	0.00690	0.00431	0.01036	0.01036	0.01381	0.02244	0.04660	0.02589	0.74975	0.03624	0.00690	0.00690	0.01036	0.00431	0.00431
28	0.02573	0.01858	0.02015	0.01574	0.02100	0.02038	0.01287	0.60621	0.03145	0.06419	0.01925	0.07640	0.01513	0.00967	0.00728	0.00220	0.00748	0.00756	0.00714	0.01160
29	0.02239	0.01775	0.01898	0.01462	0.01991	0.04576	0.01187	0.41044	0.02569	0.03513	0.01541	0.01729	0.01193	0.03532	0.00848	0.00205	0.04435	0.00586	0.00586	0.23091
30	0.02008	0.65516	0.03496	0.01303	0.01879	0.12333	0.01240	0.02230	0.01525	0.01685	0.01005	0.01162	0.00914	0.00626	0.00482	0.00157	0.00833	0.00391	0.00313	0.00902
31	0.59229	0.01332	0.01210	0.01026	0.01496	0.01448	0.00846	0.02466	0.01435	0.21542	0.01483	0.01499	0.01039	0.00721	0.00515	0.00220	0.00566	0.00475	0.00560	0.00890
32	0.01498	0.01524	0.05073	0.47484	0.15401	0.01665	0.08577	0.03859	0.01529	0.02039	0.01297	0.01845	0.00997	0.00710	0.00782	0.00235	0.03613	0.00650	0.00337	0.00885
33	0.02639	0.02379	0.02043	0.01662	0.02153	0.23920	0.01327	0.45237	0.02862	0.03562	0.01544	0.01614	0.01143	0.00816	0.00682	0.00202	0.00922	0.00585	0.03640	0.01070
34	0.00868	0.00620	0.00826	0.00991	0.01033	0.00578	0.00661	0.00991	0.01363	0.01818	0.03925	0.74510	0.04710	0.02231	0.00909	0.00289	0.00413	0.02024	0.00661	0.00578
35	0.03063	0.01183	0.01610	0.01244	0.01772	0.01024	0.01024	0.03342	0.02037	0.66906	0.06880	0.02599	0.02062	0.00916	0.00724	0.00221	0.00590	0.00751	0.00875	0.01179
36	0.01771	0.01530	0.01610	0.01449	0.01852	0.01771	0.01127	0.03784	0.69247	0.02979	0.02898	0.02657	0.02174	0.00966	0.00725	0.00242	0.00564	0.00805	0.00725	0.01127
37	0.03195	0.01212	0.01652	0.01267	0.01818	0.01047	0.01047	0.03470	0.02038	0.71026	0.02809	0.02424	0.01763	0.00881	0.00716	0.00220	0.00606	0.00716	0.00881	0.01212
38	0.01327	0.00664	0.00664	0.00664	0.00830	0.00664	0.00498	0.01659	0.01493	0.02655	0.02323	0.02655	0.01825	0.00830	0.00498	0.00166	0.00332	0.00664	0.78928	0.00664
39	0.20845	0.03987	0.01605	0.01202	0.01730	0.01278	0.01000	0.05312	0.01871	0.50578	0.02286	0.02060	0.01484	0.00820	0.00643	0.00218	0.00605	0.00625	0.00753	0.01099
40	0.01904	0.75404	0.03731	0.01218	0.01828	0.02818	0.01218	0.02132	0.01447	0.01675	0.00990	0.01142	0.00914	0.00609	0.00457	0.00152	0.00761	0.00381	0.00305	0.00914
41	0.80005	0.01377	0.01047	0.00936	0.01377	0.01597	0.00771	0.02093	0.01212	0.03195	0.00991	0.01157	0.00771	0.00661	0.00441	0.00220	0.00551	0.00386	0.00441	0.00771
42	0.00993	0.00727	0.00932	0.00881	0.01055	0.00666	0.00660	0.01315	0.01981	0.02774	0.64627	0.05454	0.12301	0.01486	0.00840	0.00225	0.00338	0.01307	0.00773	0.00666
43	0.00947	0.00722	0.00869	0.00840	0.01028	0.00645	0.00627	0.01222	0.01860	0.02504	0.46534	0.08251	0.28160	0.01600	0.00843	0.00232	0.00347	0.01386	0.00738	0.00645
44	0.01345	0.01266	0.02136	0.73264	0.04904	0.01582	0.01978	0.01819	0.01424	0.01819	0.01266	0.01898	0.00949	0.00712	0.00712	0.00237	0.00949	0.00633	0.00316	0.00791
45	0.00989	0.00727	0.00926	0.00876	0.01052	0.00664	0.00657	0.01308	0.01971	0.02751	0.63078	0.05492	0.13864	0.01495	0.00840	0.00226	0.00339	0.01312	0.00770	0.00664
46	0.01055	0.00727	0.00845	0.00833	0.00838	0.00756	0.00493	0.01071	0.01042	0.01404	0.02180	0.04467	0.02493	0.69414	0.06231	0.00693	0.03569	0.01009	0.00425	0.00453
47	0.01737	0.01666	0.02845	0.08535	0.66566	0.01685	0.02173	0.02163	0.01609	0.02296	0.01335	0.01771	0.01117	0.00639	0.00705	0.00213	0.00852	0.00634	0.00350	0.01108
48	0.00868	0.00620	0.00826	0.00991	0.01033	0.00578	0.00661	0.00991	0.01363	0.01818	0.03925	0.74510	0.04710	0.02231	0.00909	0.00289	0.00413	0.02024	0.00661	0.00578
49	0.01837	0.65400	0.13154	0.01332	0.02003	0.02655	0.01415	0.02149	0.01455	0.01756	0.01030	0.01193	0.00912	0.00619	0.00488	0.00163	0.00802	0.00401	0.00304	0.00933
50	0.01904	0.75404	0.03731	0.01218	0.01828	0.02818	0.01218	0.02132	0.01447	0.01675	0.00990	0.01142	0.00914	0.00609	0.00457	0.00152	0.00761	0.00381	0.00305	0.00914
51	0.02975	0.01163	0.01582	0.01230	0.01742	0.01009	0.01009	0.03256	0.02036	0.64162	0.09591	0.02715	0.02262	0.00939	0.00729	0.00221	0.00579	0.00774	0.00872	0.01157
52	0.02627	0.01935	0.02080	0.01610	0.02157	0.02137	0.01323	0.65239	0.03262	0.04372	0.01806	0.04875	0.01363	0.00915	0.00721	0.00217	0.00767	0.00701	0.00710	0.01183
53	0.02702	0.02124	0.02126	0.01657	0.02208	0.08691	0.01355	0.62103	0.03225	0.04233	0.01653	0.01670	0.01184	0.00844	0.00706	0.00211	0.00830	0.00624	0.00680	0.01175
54	0.01730	0.01659	0.02832	0.09669	0.65486	0.01683	0.02169	0.02157	0.01606	0.02287	0.01334	0.01773	0.01114	0.00640	0.00705	0.00213	0.00854	0.00634	0.00350	0.01102
55	0.05579	0.01972	0.02096	0.01612	0.02177	0.02186	0.01332	0.65704	0.03269	0.04440	0.01683	0.01689	0.01195	0.00848	0.00702	0.00214	0.00775	0.00632	0.00702	0.01195
56	0.01036	0.00690	0.00777	0.00777	0.00777	0.00690	0.00431	0.01036	0.01036	0.01381	0.02244	0.04660	0.02589	0.74975	0.03624	0.00690	0.00690	0.01036	0.00431	0.00431
57	0.01762	0.01692	0.02890	0.04371	0.70533	0.01692	0.02185	0.02185	0.01621	0.02326	0.01339	0.01762	0.01128	0.00634	0.00705	0.00211	0.00846	0.00634	0.00352	0.01128
58	0.01036	0.00690	0.00777	0.00777	0.00777	0.00690	0.00431	0.01036	0.01036	0.01381	0.02244	0.04660	0.02589	0.74975	0.03624	0.00690	0.00690	0.01036	0.00431	0.00431
59	0.00888	0.00635	0.00850	0.01015	0.01066	0.00596	0.00697	0.01027	0.01384	0.01841	0.03913	0.69578	0.04664	0.02211	0.00914	0.00292	0.00431	0.06752	0.00661	0.00584
60	0.01366	0.01287	0.02174	0.69808	0.08196	0.01588	0.01988	0.01838	0.01434	0.01845	0.01269	0.01892	0.00958	0.00708	0.00712	0.00236	0.00944	0.00633	0.00318	0.00808
61	0.00842	0.00721	0.00721	0.00721	0.00962	0.00601	0.00541	0.01022	0.01623	0.01924	0.07213	0.06853	0.70244	0.01803	0.00842	0.00240	0.00361	0.01503	0.00661	0.00601
62	0.02627	0.03249	0.02008	0.01809	0.02188	0.65793	0.01365	0.06157	0.04776	0.01930	0.01203	0.01360	0.00982	0.00749	0.00649	0.00187	0.01230	0.00482	0.00399	0.00857
63	0.00941	0.00686	0.00895	0.01026	0.01103	0.00660	0.00715	0.01189	0.04836	0.01977	0.09084	0.61435	0.04704	0.02090	0.00899	0.00284	0.00429	0.05756	0.00674	0.00618
64	0.01477	0.01266	0.01477	0.01055	0.01687	0.00949	0.00844	0.01793	0.01477	0.02320	0.01266	0.01477	0.01055	0.00527	0.00527	0.00105	0.00527	0.00422	0.00422	0.79328
65	0.02783	0.01152	0.01547	0.01208	0.01713	0.00989	0.00984	0.03061	0.01966	0.57116	0.08457	0.05390	0.02242	0.00955	0.00719	0.00214	0.00569	0.00792	0.00828	0.07317
66	0.80005	0.01377	0.01047	0.00936	0.01377	0.01597	0.00771	0.02093	0.01212	0.03195	0.00991	0.01157	0.00771	0.00661	0.00441	0.00220	0.00551	0.00386	0.00441	0.00771
67	0.75330	0.01499	0.01105	0.00991	0.01427	0.05860	0.00808	0.02138	0.01261	0.03107	0.00998	0.01164	0.00780	0.00665	0.00453	0.00218	0.00595	0.00390	0.00436	0.00774
68	0.01522	0.01499	0.02060	0.01751	0.01817	0.02009	0.01454	0.01693	0.01146	0.01776	0.01214	0.01761	0.03701	0.01204	0.02116	0.00290	0.64251	0.00640	0.00335	0.07760
69	0.01477	0.01266	0.01477	0.01055	0.01687	0.00949	0.00844	0.01793	0.01477	0.02320	0.01266	0.01477	0.01055	0.00527	0.00527	0.00105	0.00527	0.00422	0.00422	0.79328
70	0.01516	0.01257	0.01371	0.01250	0.01581	0.01382	0.00973	0.05594	0.41580	0.02861	0.17744	0.03884	0.11027	0.01202	0.00773	0.00240	0.00505	0.03582	0.00727	0.00954
71	0.03195	0.01212	0.01652	0.01267	0.01818	0.01047	0.01047	0.03470	0.02038	0.71026	0.02809	0.02424	0.01763	0.00881	0.00716	0.00220	0.00606	0.00716	0.00881	0.01212
72	0.00997	0.00724	0.00940	0.00894	0.01059	0.00666	0.00667	0.01320	0.01978	0.02786	0.65605	0.07978	0.08717	0.01496	0.00843	0.00227	0.00340	0.01323	0.00775	0.00666
73	0.02649	0.01357	0.01663	0.01326	0.01817	0.01338	0.01077	0.15460	0.12762	0.40681	0.09750	0.02632	0.02248	0.00950	0.00730	0.00223	0.00604	0.00776	0.00815	0.01141
74	0.01108	0.00713	0.00815	0.00798	0.00835	0.00700	0.00469	0.01140	0.01138	0.04088	0.05405	0.04687	0.05288	0.66229	0.03289	0.00635	0.00659	0.01052	0.00472	0.00478
75	0.15347	0.01488	0.01657	0.01327	0.01817	0.01553	0.01082	0.27190	0.04545	0.26147	0.04631	0.06420	0.01767	0.00941	0.00686	0.00223	0.00640	0.00737	0.00724	0.01078
76	0.04719	0.61307	0.12272	0.01331	0.01984	0.04708	0.01388	0.02168	0.01463	0.01807	0.01030	0.01193	0.00907	0.00623	0.00490	0.00165	0.00807	0.00402	0.00311	0.00924
77	0.01814	0.57091	0.15339	0.01371	0.02030	0.05217	0.01449	0.02149	0.01502	0.01827	0.03828	0.01379	0.01146	0.00660	0.00518	0.00169	0.00815	0.00446	0.00326	0.00925
78	0.05474	0.05693	0.01697	0.01234	0.01737	0.01208	0.01022	0.05630	0.04944	0.51454	0.09984	0.02602	0.02217	0.00923	0.00705	0.00217	0.00589	0.00748	0.00807	0.01115

[dist]
# distance from previous block
# <min> <max>
0	1

[block]
# block no. 2 follows, 29 sequences, length 18
# corresponding to MSA columns:
# 155-172
name=unknown_C
#
# <colnr> <probs for GDERKNQSTAVLIFYWHMCP>
#	G	D	E	R	K	N	Q	S	T	A	V	L	I	F	Y	W	H	M	C	P
0	0.02735	0.01950	0.02109	0.01617	0.02186	0.02141	0.01336	0.64444	0.03273	0.08309	0.01773	0.01751	0.01243	0.00856	0.00713	0.00214	0.00773	0.00645	0.00722	0.01211
1	0.00923	0.00718	0.00849	0.00838	0.01026	0.00643	0.00623	0.01169	0.01748	0.02303	0.33753	0.11529	0.34397	0.01854	0.04170	0.00279	0.00426	0.01418	0.00701	0.00631
2	0.01189	0.00770	0.00998	0.00917	0.01123	0.00700	0.00696	0.01510	0.01992	0.08798	0.60067	0.05165	0.10480	0.01428	0.00829	0.00225	0.00361	0.01252	0.00784	0.00715
3	0.01124	0.00754	0.00989	0.00916	0.01104	0.00692	0.00692	0.01457	0.02017	0.06491	0.66566	0.05165	0.06454	0.01425	0.00833	0.00224	0.00350	0.01257	0.00789	0.00701
4	0.03114	0.01342	0.01733	0.01329	0.01883	0.01239	0.01097	0.14201	0.02255	0.59988	0.02627	0.02305	0.01671	0.00877	0.00715	0.00219	0.00635	0.00704	0.00853	0.01212
5	0.02206	0.01553	0.01647	0.01329	0.01762	0.01705	0.01076	0.42189	0.09036	0.03797	0.02005	0.02082	0.01486	0.00858	0.00649	0.00202	0.00628	0.00663	0.24087	0.01039
6	0.01600	0.06277	0.09300	0.02376	0.02875	0.01912	0.35054	0.02048	0.01448	0.02042	0.01275	0.01777	0.01049	0.01051	0.05051	0.00303	0.22611	0.00717	0.00338	0.00895
7	0.05304	0.01697	0.01738	0.01471	0.01897	0.10498	0.01177	0.10114	0.24300	0.23310	0.02328	0.02321	0.01699	0.00935	0.00823	0.00231	0.05982	0.02421	0.00683	0.01072
8	0.00946	0.00691	0.00925	0.01061	0.01116	0.00686	0.00754	0.01093	0.01372	0.01832	0.03679	0.57805	0.04340	0.06479	0.01140	0.00320	0.03478	0.11062	0.00632	0.00589
9	0.02119	0.01590	0.01723	0.01415	0.01826	0.01752	0.01115	0.40205	0.14786	0.03558	0.05333	0.07319	0.02055	0.10573	0.01110	0.00286	0.00686	0.00845	0.00678	0.01027
10	0.75899	0.05269	0.01188	0.00951	0.01401	0.01662	0.00795	0.02095	0.01224	0.03115	0.00991	0.01156	0.00779	0.00658	0.00442	0.00217	0.00562	0.00385	0.00434	0.00779
11	0.02290	0.01414	0.01557	0.01257	0.01685	0.01500	0.01018	0.32163	0.06971	0.14845	0.02165	0.02189	0.01561	0.00859	0.00646	0.00202	0.00597	0.00672	0.25375	0.01033
12	0.02705	0.02064	0.02131	0.01648	0.02208	0.05664	0.01355	0.64930	0.03282	0.04352	0.01679	0.01689	0.01196	0.00849	0.00709	0.00212	0.00808	0.00632	0.00695	0.01192
13	0.00868	0.00620	0.00826	0.00991	0.01033	0.00578	0.00661	0.00991	0.01363	0.01818	0.03925	0.74510	0.04710	0.02231	0.00909	0.00289	0.00413	0.02024	0.00661	0.00578
14	0.01019	0.00758	0.01118	0.01118	0.01236	0.00876	0.00857	0.01255	0.01137	0.01633	0.01931	0.02931	0.01838	0.10340	0.67233	0.01112	0.01820	0.00782	0.00385	0.00621
15	0.01134	0.00810	0.01132	0.01296	0.01455	0.00808	0.01125	0.01453	0.01626	0.02116	0.03777	0.11153	0.04127	0.01979	0.00980	0.00326	0.00644	0.62750	0.00656	0.00652
16	0.01019	0.00758	0.01118	0.01118	0.01236	0.00876	0.00857	0.01255	0.01137	0.01633	0.01931	0.02931	0.01838	0.10340	0.67233	0.01112	0.01820	0.00782	0.00385	0.00621
17	0.71784	0.01456	0.03826	0.01001	0.01473	0.01563	0.00862	0.02192	0.01279	0.07713	0.01125	0.01255	0.00843	0.00676	0.00468	0.00221	0.00574	0.00413	0.00465	0.00812

[dist]
# distance from previous block
# <min> <max>
13	19

[block]
# block no. 3 follows, 29 sequences, length 162
# corresponding to MSA columns:
# 192-353
name=unknown_D
#
# <colnr> <probs for GDERKNQSTAVLIFYWHMCP>
#	G	D	E	R	K	N	Q	S	T	A	V	L	I	F	Y	W	H	M	C	P
0	0.01477	0.01266	0.01477	0.01055	0.01687	0.00949	0.00844	0.01793	0.01477	0.02320	0.01266	0.01477	0.01055	0.00527	0.00527	0.00105	0.00527	0.00422	0.00422	0.79328
1	0.06527	0.03218	0.54254	0.02015	0.02954	0.01715	0.08496	0.08285	0.01671	0.02521	0.01315	0.01539	0.00939	0.00685	0.00680	0.00225	0.01010	0.00557	0.00353	0.01041
2	0.00854	0.00725	0.00739	0.00745	0.00983	0.00610	0.00565	0.01040	0.01624	0.01932	0.07075	0.06900	0.67576	0.01810	0.00847	0.00244	0.00373	0.04094	0.00661	0.00603
3	0.01762	0.01692	0.02890	0.04371	0.70533	0.01692	0.02185	0.02185	0.01621	0.02326	0.01339	0.01762	0.01128	0.00634	0.00705	0.00211	0.00846	0.00634	0.00352	0.01128
4	0.01237	0.00618	0.00928	0.00928	0.00928	0.00618	0.00618	0.00928	0.00928	0.01237	0.01237	0.02165	0.01237	0.02474	0.02783	0.79283	0.00618	0.00618	0.00309	0.00309
5	0.01490	0.10102	0.60311	0.02025	0.03013	0.01770	0.07185	0.02246	0.01511	0.02204	0.01263	0.01500	0.00916	0.00665	0.00668	0.00220	0.01036	0.00535	0.00305	0.01033
6	0.01608	0.01689	0.02701	0.08779	0.02648	0.04430	0.19004	0.01911	0.01308	0.01873	0.01104	0.01675	0.00974	0.01010	0.01736	0.00282	0.45438	0.00675	0.00327	0.00829
7	0.01529	0.01518	0.02140	0.04786	0.01970	0.02110	0.01549	0.01697	0.01112	0.01721	0.01036	0.03701	0.01045	0.01253	0.02228	0.00308	0.68537	0.00664	0.00322	0.00774
8	0.01807	0.01807	0.02736	0.03867	0.56807	0.07207	0.02046	0.02178	0.01587	0.02206	0.01271	0.01700	0.01088	0.00717	0.00901	0.00222	0.09825	0.00619	0.00349	0.01062
9	0.00943	0.00725	0.00862	0.00828	0.01024	0.00644	0.00621	0.01218	0.01863	0.02492	0.45630	0.05917	0.31473	0.01591	0.00841	0.00230	0.00346	0.01372	0.00736	0.00644
10	0.01558	0.01558	0.02181	0.01869	0.01869	0.02181	0.01558	0.01714	0.01091	0.01714	0.00935	0.01558	0.00935	0.01246	0.02337	0.00312	0.73672	0.00623	0.00312	0.00779
11	0.01716	0.47022	0.30465	0.01539	0.02324	0.02357	0.01777	0.02181	0.01469	0.01905	0.01104	0.01285	0.00909	0.00636	0.00544	0.00181	0.00877	0.00438	0.00303	0.00969
12	0.01785	0.01834	0.05048	0.04131	0.62608	0.04598	0.05122	0.02219	0.01637	0.02298	0.01332	0.01742	0.01110	0.00638	0.00708	0.00212	0.00886	0.00633	0.00352	0.01106
13	0.01600	0.01553	0.02363	0.36836	0.25875	0.06153	0.04003	0.04463	0.01604	0.02095	0.01459	0.06124	0.01243	0.00780	0.00721	0.00228	0.00907	0.00712	0.00368	0.00912
14	0.07509	0.01474	0.03921	0.01343	0.01882	0.03506	0.01133	0.13577	0.02140	0.48806	0.02381	0.02186	0.01562	0.01056	0.03951	0.00260	0.00726	0.00672	0.00771	0.01142
15	0.00886	0.00723	0.00783	0.00768	0.00989	0.00620	0.00576	0.01108	0.01728	0.02172	0.23999	0.06444	0.53304	0.01711	0.00841	0.00236	0.00354	0.01445	0.00694	0.00620
16	0.00861	0.00646	0.00799	0.00922	0.01014	0.00584	0.00630	0.00999	0.01430	0.01845	0.04775	0.57016	0.21655	0.02120	0.00891	0.00277	0.00400	0.01889	0.00661	0.00584
17	0.01829	0.01650	0.01637	0.01474	0.01874	0.06323	0.01143	0.03723	0.64896	0.02899	0.02782	0.02568	0.02092	0.00951	0.00719	0.00238	0.00610	0.00783	0.00701	0.01108
18	0.00891	0.00651	0.00844	0.00989	0.01067	0.00604	0.00693	0.01042	0.01422	0.01861	0.04315	0.59771	0.12721	0.02153	0.00908	0.00287	0.00430	0.08101	0.00661	0.00589
19	0.01519	0.01106	0.01258	0.01093	0.01333	0.01157	0.00810	0.19361	0.06169	0.02857	0.27193	0.03988	0.03717	0.23426	0.01638	0.00363	0.00577	0.01009	0.00655	0.00772
20	0.76832	0.01373	0.01091	0.03854	0.01519	0.01597	0.00820	0.02082	0.01220	0.03139	0.01003	0.01187	0.00778	0.00663	0.00452	0.00221	0.00567	0.00396	0.00436	0.00772
21	0.02504	0.01387	0.01648	0.01365	0.01846	0.01427	0.01095	0.05676	0.33943	0.36649	0.02816	0.02511	0.01940	0.00921	0.00720	0.00230	0.00591	0.00756	0.00802	0.01172
22	0.02047	0.01604	0.01996	0.02137	0.18039	0.01737	0.01397	0.16481	0.31518	0.08744	0.05053	0.02343	0.01884	0.00878	0.00721	0.00226	0.00669	0.00744	0.00650	0.01133
23	0.03195	0.01212	0.01652	0.01267	0.01818	0.01047	0.01047	0.03470	0.02038	0.71026	0.02809	0.02424	0.01763	0.00881	0.00716	0.00220	0.00606	0.00716	0.00881	0.01212
24	0.01985	0.01697	0.01776	0.06155	0.02142	0.05015	0.01242	0.17487	0.47634	0.03173	0.02456	0.02342	0.01830	0.00915	0.00717	0.00233	0.00668	0.00743	0.00679	0.01110
25	0.01042	0.00797	0.01179	0.01165	0.01282	0.00942	0.00905	0.01284	0.01138	0.01647	0.01874	0.02803	0.01769	0.07473	0.66690	0.01091	0.05137	0.00766	0.00380	0.00635
26	0.76494	0.04705	0.01167	0.00949	0.01397	0.01652	0.00791	0.02095	0.01222	0.03126	0.00991	0.01156	0.00778	0.00659	0.00441	0.00217	0.00560	0.00385	0.00435	0.00778
27	0.02372	0.01839	0.01910	0.01558	0.02055	0.04810	0.01255	0.38164	0.28225	0.06837	0.02186	0.02084	0.01589	0.00893	0.00714	0.00223	0.00712	0.00699	0.00711	0.01164
28	0.14226	0.01236	0.01565	0.01219	0.01754	0.01126	0.01007	0.03272	0.01919	0.61285	0.02548	0.02242	0.01620	0.00850	0.00677	0.00220	0.00598	0.00669	0.00818	0.01149
29	0.01904	0.75404	0.03731	0.01218	0.01828	0.02818	0.01218	0.02132	0.01447	0.01675	0.00990	0.01142	0.00914	0.00609	0.00457	0.00152	0.00761	0.00381	0.00305	0.00914
30	0.80005	0.01377	0.01047	0.00936	0.01377	0.01597	0.00771	0.02093	0.01212	0.03195	0.00991	0.01157	0.00771	0.00661	0.00441	0.00220	0.00551	0.00386	0.00441	0.00771
31	0.02707	0.01995	0.02137	0.01638	0.02208	0.02208	0.01353	0.68159	0.03348	0.04488	0.01710	0.01710	0.01211	0.00855	0.00712	0.00214	0.00784	0.00641	0.00712	0.01211
32	0.02101	0.01454	0.01621	0.01400	0.01835	0.01595	0.01105	0.06293	0.49629	0.18068	0.04886	0.02648	0.02182	0.00958	0.00726	0.00235	0.00575	0.00793	0.00760	0.01135
33	0.00891	0.00717	0.00795	0.00790	0.00996	0.00620	0.00587	0.01113	0.01719	0.02185	0.25146	0.10884	0.47594	0.01731	0.00846	0.00239	0.00357	0.01475	0.00697	0.00620
34	0.00873	0.00715	0.00762	0.00765	0.00974	0.00613	0.00563	0.01066	0.01641	0.02029	0.15690	0.10936	0.54739	0.04297	0.00941	0.00257	0.00372	0.01490	0.00671	0.00604
35	0.02706	0.01101	0.01493	0.01188	0.01650	0.00961	0.00963	0.02988	0.02012	0.55899	0.15592	0.05289	0.02795	0.01033	0.00746	0.00223	0.00549	0.00866	0.00856	0.01089
36	0.02707	0.01995	0.02137	0.01638	0.02208	0.02208	0.01353	0.68159	0.03348	0.04488	0.01710	0.01710	0.01211	0.00855	0.00712	0.00214	0.00784	0.00641	0.00712	0.01211
37	0.01390	0.00724	0.00731	0.00708	0.00892	0.00734	0.00537	0.04689	0.01578	0.02738	0.02295	0.02612	0.01797	0.00831	0.00508	0.00168	0.00352	0.00663	0.75364	0.00689
38	0.02707	0.01995	0.02137	0.01638	0.02208	0.02208	0.01353	0.68159	0.03348	0.04488	0.01710	0.01710	0.01211	0.00855	0.00712	0.00214	0.00784	0.00641	0.00712	0.01211
39	0.01428	0.03683	0.71286	0.02030	0.03082	0.01654	0.02631	0.02255	0.01503	0.02255	0.01278	0.01503	0.00902	0.00677	0.00677	0.00226	0.01052	0.00526	0.00301	0.01052
40	0.72623	0.01437	0.03241	0.00991	0.01458	0.01563	0.00846	0.02187	0.01274	0.07556	0.01118	0.01249	0.00839	0.00676	0.00466	0.00220	0.00570	0.00411	0.00465	0.00808
41	0.01771	0.01530	0.01610	0.01449	0.01852	0.01771	0.01127	0.03784	0.69247	0.02979	0.02898	0.02657	0.02174	0.00966	0.00725	0.00242	0.00564	0.00805	0.00725	0.01127
42	0.01855	0.68069	0.10640	0.01301	0.01956	0.02699	0.01363	0.02145	0.01453	0.01735	0.01019	0.01179	0.00913	0.00616	0.00479	0.00160	0.00791	0.00396	0.00304	0.00928
43	0.00842	0.00721	0.00721	0.00721	0.00962	0.00601	0.00541	0.01022	0.01623	0.01924	0.07213	0.06853	0.70244	0.01803	0.00842	0.00240	0.00361	0.01503	0.00661	0.00601
44	0.01175	0.00999	0.01324	0.03942	0.14367	0.00958	0.01008	0.03723	0.03900	0.02304	0.17099	0.05206	0.34396	0.01433	0.00812	0.00236	0.00507	0.05232	0.00618	0.00761
45	0.00869	0.00634	0.00819	0.00959	0.01026	0.00584	0.00648	0.01007	0.01414	0.01865	0.06533	0.64752	0.11956	0.02158	0.00899	0.00282	0.00405	0.01942	0.00665	0.00584
46	0.01211	0.00628	0.00908	0.00908	0.00908	0.00628	0.00595	0.00941	0.00941	0.01255	0.01364	0.02481	0.01408	0.11666	0.02890	0.69319	0.00628	0.00671	0.00325	0.00325
47	0.01558	0.01558	0.02181	0.01869	0.01869	0.02181	0.01558	0.01714	0.01091	0.01714	0.00935	0.01558	0.00935	0.01246	0.02337	0.00312	0.73672	0.00623	0.00312	0.00779
48	0.74003	0.01364	0.01094	0.00962	0.01411	0.01554	0.00793	0.02201	0.01276	0.08495	0.01134	0.01256	0.00849	0.00678	0.00462	0.00220	0.00555	0.00411	0.00475	0.00806
49	0.01771	0.01733	0.02806	0.08754	0.63504	0.04526	0.02139	0.02188	0.01625	0.02270	0.01325	0.01752	0.01108	0.00644	0.00703	0.00212	0.00870	0.00627	0.00351	0.01094
50	0.01993	0.01689	0.01732	0.01501	0.01937	0.04279	0.01182	0.16916	0.53460	0.03245	0.02593	0.02416	0.01934	0.00935	0.00719	0.00234	0.00633	0.00760	0.00710	0.01134
51	0.80005	0.01377	0.01047	0.00936	0.01377	0.01597	0.00771	0.02093	0.01212	0.03195	0.00991	0.01157	0.00771	0.00661	0.00441	0.00220	0.00551	0.00386	0.00441	0.00771
52	0.01735	0.01696	0.02738	0.14925	0.57563	0.04577	0.02120	0.02156	0.01607	0.02224	0.01318	0.01764	0.01092	0.00651	0.00703	0.00214	0.00880	0.00627	0.00347	0.01063
53	0.01506	0.01447	0.01240	0.01164	0.01430	0.16163	0.00880	0.10232	0.01926	0.02300	0.10682	0.16875	0.26341	0.01497	0.00798	0.00235	0.00630	0.03303	0.00617	0.00734
54	0.00899	0.00644	0.00854	0.00970	0.01040	0.00599	0.00663	0.01071	0.01510	0.02051	0.18800	0.58970	0.05161	0.02057	0.00893	0.00275	0.00396	0.01859	0.00689	0.00599
55	0.80005	0.01377	0.01047	0.00936	0.01377	0.01597	0.00771	0.02093	0.01212	0.03195	0.00991	0.01157	0.00771	0.00661	0.00441	0.00220	0.00551	0.00386	0.00441	0.00771
56	0.02100	0.04811	0.02124	0.01797	0.02022	0.32222	0.01433	0.04842	0.05996	0.01911	0.01164	0.01503	0.01017	0.00972	0.01381	0.00243	0.32685	0.00557	0.00377	0.00842
57	0.01090	0.00746	0.00978	0.00910	0.01092	0.00686	0.00686	0.01424	0.02016	0.05416	0.67628	0.05210	0.06533	0.01434	0.00835	0.00224	0.00346	0.01266	0.00788	0.00692
58	0.01904	0.75404	0.03731	0.01218	0.01828	0.02818	0.01218	0.02132	0.01447	0.01675	0.00990	0.01142	0.00914	0.00609	0.00457	0.00152	0.00761	0.00381	0.00305	0.00914
59	0.01771	0.01530	0.01610	0.01449	0.01852	0.01771	0.01127	0.03784	0.69247	0.02979	0.02898	0.02657	0.02174	0.00966	0.00725	0.00242	0.00564	0.00805	0.00725	0.01127
60	0.02660	0.03394	0.02018	0.01834	0.02201	0.72116	0.01376	0.02843	0.02018	0.01743	0.01101	0.01284	0.00917	0.00734	0.00642	0.00183	0.01284	0.00459	0.00367	0.00825
61	0.01681	0.01921	0.04202	0.03001	0.03721	0.01801	0.67947	0.02281	0.01681	0.02281	0.01441	0.01921	0.01080	0.00600	0.00840	0.00240	0.01200	0.00840	0.00360	0.00960
62	0.00868	0.00620	0.00826	0.00991	0.01033	0.00578	0.00661	0.00991	0.01363	0.01818	0.03925	0.74510	0.04710	0.02231	0.00909	0.00289	0.00413	0.02024	0.00661	0.00578
63	0.01762	0.01692	0.02890	0.04371	0.70533	0.01692	0.02185	0.02185	0.01621	0.02326	0.01339	0.01762	0.01128	0.00634	0.00705	0.00211	0.00846	0.00634	0.00352	0.01128
64	0.02660	0.03394	0.02018	0.01834	0.02201	0.72116	0.01376	0.02843	0.02018	0.01743	0.01101	0.01284	0.00917	0.00734	0.00642	0.00183	0.01284	0.00459	0.00367	0.00825
65	0.02163	0.02455	0.01937	0.01731	0.02028	0.36564	0.01344	0.02866	0.21125	0.02091	0.01581	0.01738	0.01282	0.00913	0.01038	0.00228	0.16961	0.00594	0.00457	0.00902
66	0.01147	0.00820	0.01147	0.01311	0.01475	0.00820	0.01147	0.01475	0.01639	0.02131	0.03770	0.08032	0.04098	0.01967	0.00984	0.00328	0.00656	0.65741	0.00656	0.00656
67	0.03031	0.01216	0.01629	0.01260	0.01786	0.01075	0.01036	0.06241	0.02095	0.63624	0.07118	0.02579	0.02059	0.00917	0.00724	0.00220	0.00596	0.00750	0.00867	0.01177
68	0.02776	0.01348	0.01672	0.01340	0.01852	0.01318	0.01088	0.07664	0.20422	0.48272	0.02764	0.02442	0.01840	0.00903	0.00718	0.00226	0.00606	0.00736	0.00828	0.01189
69	0.00890	0.00717	0.00793	0.00787	0.00995	0.00620	0.00585	0.01110	0.01717	0.02179	0.24682	0.10616	0.48346	0.01732	0.00845	0.00239	0.00357	0.01475	0.00696	0.00620
70	0.02707	0.01995	0.02137	0.01638	0.02208	0.02208	0.01353	0.68159	0.03348	0.04488	0.01710	0.01710	0.01211	0.00855	0.00712	0.00214	0.00784	0.00641	0.00712	0.01211
71	0.01477	0.01266	0.01477	0.01055	0.01687	0.00949	0.00844	0.01793	0.01477	0.02320	0.01266	0.01477	0.01055	0.00527	0.00527	0.00105	0.00527	0.00422	0.00422	0.79328
72	0.02625	0.06675	0.02096	0.01806	0.02184	0.68959	0.01369	0.02811	0.01992	0.01740	0.01096	0.01278	0.00917	0.00728	0.00634	0.00182	0.01260	0.00455	0.00364	0.00830
73	0.80005	0.01377	0.01047	0.00936	0.01377	0.01597	0.00771	0.02093	0.01212	0.03195	0.00991	0.01157	0.00771	0.00661	0.00441	0.00220	0.00551	0.00386	0.00441	0.00771
74	0.01345	0.01266	0.02136	0.73264	0.04904	0.01582	0.01978	0.01819	0.01424	0.01819	0.01266	0.01898	0.00949	0.00712	0.00712	0.00237	0.00949	0.00633	0.00316	0.00791
75	0.01036	0.00690	0.00777	0.00777	0.00777	0.00690	0.00431	0.01036	0.01036	0.01381	0.02244	0.04660	0.02589	0.74975	0.03624	0.00690	0.00690	0.01036	0.00431	0.00431
76	0.00857	0.00687	0.00767	0.00821	0.00990	0.00596	0.00588	0.01025	0.01550	0.01926	0.08680	0.29998	0.45146	0.01936	0.00865	0.00256	0.00378	0.01673	0.00666	0.00596
77	0.03195	0.01212	0.01652	0.01267	0.01818	0.01047	0.01047	0.03470	0.02038	0.71026	0.02809	0.02424	0.01763	0.00881	0.00716	0.00220	0.00606	0.00716	0.00881	0.01212
78	0.03195	0.01212	0.01652	0.01267	0.01818	0.01047	0.01047	0.03470	0.02038	0.71026	0.02809	0.02424	0.01763	0.00881	0.00716	0.00220	0.00606	0.00716	0.00881	0.01212
79	0.03195	0.01212	0.01652	0.01267	0.01818	0.01047	0.01047	0.03470	0.02038	0.71026	0.02809	0.02424	0.01763	0.00881	0.00716	0.00220	0.00606	0.00716	0.00881	0.01212
80	0.03195	0.01212	0.01652	0.01267	0.01818	0.01047	0.01047	0.03470	0.02038	0.71026	0.02809	0.02424	0.01763	0.00881	0.00716	0.00220	0.00606	0.00716	0.00881	0.01212
81	0.01036	0.00690	0.00777	0.00777	0.00777	0.00690	0.00431	0.01036	0.01036	0.01381	0.02244	0.04660	0.02589	0.74975	0.03624	0.00690	0.00690	0.01036	0.00431	0.00431
82	0.01771	0.01530	0.01610	0.01449	0.01852	0.01771	0.01127	0.03784	0.69247	0.02979	0.02898	0.02657	0.02174	0.00966	0.00725	0.00242	0.00564	0.00805	0.00725	0.01127
83	0.03195	0.01212	0.01652	0.01267	0.01818	0.01047	0.01047	0.03470	0.02038	0.71026	0.02809	0.02424	0.01763	0.00881	0.00716	0.00220	0.00606	0.00716	0.00881	0.01212
84	0.01904	0.75404	0.03731	0.01218	0.01828	0.02818	0.01218	0.02132	0.01447	0.01675	0.00990	0.01142	0.00914	0.00609	0.00457	0.00152	0.00761	0.00381	0.00305	0.00914
85	0.01008	0.00728	0.00952	0.00896	0.01064	0.00672	0.00672	0.01344	0.02016	0.02855	0.70158	0.05319	0.06719	0.01456	0.00840	0.00224	0.00336	0.01288	0.00784	0.00672
86	0.01762	0.01692	0.02890	0.04371	0.70533	0.01692	0.02185	0.02185	0.01621	0.02326	0.01339	0.01762	0.01128	0.00634	0.00705	0.00211	0.00846	0.00634	0.00352	0.01128
87	0.00992	0.00727	0.00930	0.00879	0.01054	0.00665	0.00659	0.01313	0.01978	0.02766	0.64086	0.05467	0.12846	0.01489	0.00840	0.00226	0.00338	0.01309	0.00772	0.00665
88	0.01237	0.00618	0.00928	0.00928	0.00928	0.00618	0.00618	0.00928	0.00928	0.01237	0.01237	0.02165	0.01237	0.02474	0.02783	0.79283	0.00618	0.00618	0.00309	0.00309
89	0.01428	0.03683	0.71286	0.02030	0.03082	0.01654	0.02631	0.02255	0.01503	0.02255	0.01278	0.01503	0.00902	0.00677	0.00677	0.00226	0.01052	0.00526	0.00301	0.01052
90	0.00853	0.00722	0.00737	0.00733	0.00969	0.00606	0.00550	0.01043	0.01649	0.01985	0.11391	0.06751	0.66029	0.01780	0.00841	0.00239	0.00359	0.01489	0.00669	0.00606
91	0.00990	0.00727	0.00927	0.00877	0.01053	0.00664	0.00658	0.01310	0.01974	0.02757	0.63490	0.05481	0.13448	0.01493	0.00840	0.00226	0.00339	0.01311	0.00771	0.00664
92	0.01017	0.00763	0.01144	0.01144	0.01272	0.00890	0.00890	0.01272	0.01144	0.01653	0.01907	0.02797	0.01780	0.05340	0.72153	0.01144	0.01907	0.00763	0.00381	0.00636
93	0.02576	0.01774	0.02164	0.01661	0.02208	0.01879	0.07337	0.47398	0.02857	0.14904	0.02004	0.06464	0.01510	0.00923	0.00737	0.00222	0.00769	0.00759	0.00704	0.01148
94	0.01762	0.01692	0.02890	0.04371	0.70533	0.01692	0.02185	0.02185	0.01621	0.02326	0.01339	0.01762	0.01128	0.00634	0.00705	0.00211	0.00846	0.00634	0.00352	0.01128
95	0.01904	0.75404	0.03731	0.01218	0.01828	0.02818	0.01218	0.02132	0.01447	0.01675	0.00990	0.01142	0.00914	0.00609	0.00457	0.00152	0.00761	0.00381	0.00305	0.00914
96	0.76483	0.01405	0.01096	0.00968	0.01415	0.01625	0.00798	0.05104	0.01309	0.03254	0.01024	0.01182	0.00791	0.00670	0.00453	0.00220	0.00561	0.00397	0.00453	0.00791
97	0.02706	0.01849	0.02031	0.01569	0.02119	0.02006	0.01291	0.57678	0.03115	0.12833	0.01924	0.04271	0.01400	0.00905	0.00719	0.00217	0.00748	0.00698	0.00732	0.01190
98	0.01149	0.00759	0.00997	0.00920	0.01113	0.00696	0.00696	0.01481	0.02017	0.07262	0.65805	0.05132	0.06398	0.01419	0.00832	0.00224	0.00353	0.01251	0.00790	0.00707
99	0.01762	0.01692	0.02890	0.04371	0.70533	0.01692	0.02185	0.02185	0.01621	0.02326	0.01339	0.01762	0.01128	0.00634	0.00705	0.00211	0.00846	0.00634	0.00352	0.01128
100	0.05020	0.03496	0.65765	0.01955	0.02962	0.01631	0.02494	0.02289	0.01508	0.04632	0.01317	0.01519	0.00925	0.00683	0.00667	0.00225	0.01015	0.00526	0.00327	0.01045
101	0.00986	0.00727	0.00922	0.00873	0.01051	0.00663	0.00655	0.01302	0.01965	0.02736	0.62087	0.05516	0.14864	0.01500	0.00840	0.00226	0.00339	0.01315	0.00768	0.00663
102	0.01893	0.01442	0.01596	0.01335	0.01737	0.01532	0.01054	0.31491	0.12878	0.03365	0.11165	0.14124	0.04806	0.01174	0.00752	0.00224	0.00599	0.00981	0.00691	0.07162
103	0.01817	0.01828	0.02436	0.28251	0.32002	0.12760	0.01930	0.06493	0.01727	0.02197	0.01300	0.01732	0.01037	0.00692	0.00698	0.00216	0.00947	0.00607	0.00366	0.00966
104	0.01550	0.00850	0.01114	0.00979	0.01248	0.00762	0.00758	0.01861	0.01996	0.20028	0.49144	0.04684	0.09493	0.01333	0.00809	0.00224	0.00406	0.01157	0.00801	0.00804
105	0.01147	0.00820	0.01147	0.01311	0.01475	0.00820	0.01147	0.01475	0.01639	0.02131	0.03770	0.08032	0.04098	0.01967	0.00984	0.00328	0.00656	0.65741	0.00656	0.00656
106	0.01649	0.02144	0.12707	0.02878	0.03640	0.01782	0.59666	0.02278	0.01658	0.02278	0.01420	0.01868	0.01058	0.00610	0.00820	0.00238	0.01182	0.00801	0.00353	0.00972
107	0.00868	0.00620	0.00826	0.00991	0.01033	0.00578	0.00661	0.00991	0.01363	0.01818	0.03925	0.74510	0.04710	0.02231	0.00909	0.00289	0.00413	0.02024	0.00661	0.00578
108	0.01762	0.01692	0.02890	0.04371	0.70533	0.01692	0.02185	0.02185	0.01621	0.02326	0.01339	0.01762	0.01128	0.00634	0.00705	0.00211	0.00846	0.00634	0.00352	0.01128
109	0.80005	0.01377	0.01047	0.00936	0.01377	0.01597	0.00771	0.02093	0.01212	0.03195	0.00991	0.01157	0.00771	0.00661	0.00441	0.00220	0.00551	0.00386	0.00441	0.00771
