[name]
unknown

[dist]
# distance from previous block
# <min> <max>
0	0

[block]
# block no. 0 follows, 28 sequences, length 17
# corresponding to MSA columns:
# 0-16
name=unknown_A
#
# <colnr> <probs for GDERKNQSTAVLIFYWHMCP>
#	G	D	E	R	K	N	Q	S	T	A	V	L	I	F	Y	W	H	M	C	P
0	0.01171	0.00837	0.01171	0.01339	0.01506	0.00837	0.01171	0.01506	0.01673	0.02175	0.03849	0.08199	0.04183	0.02008	0.01004	0.00335	0.00669	0.65027	0.00669	0.00669
1	0.02898	0.01177	0.01588	0.01235	0.01751	0.01015	0.01010	0.03189	0.02052	0.58750	0.11295	0.02807	0.02412	0.00958	0.00738	0.00220	0.00580	0.00792	0.00866	0.04667
2	0.00966	0.00829	0.00838	0.00820	0.01084	0.00748	0.00620	0.01360	0.09184	0.02085	0.06868	0.06514	0.62046	0.01745	0.00846	0.00246	0.00391	0.01454	0.00682	0.00674
3	0.00859	0.00736	0.00736	0.00736	0.00982	0.00614	0.00552	0.01043	0.01657	0.01964	0.07364	0.06996	0.69624	0.01841	0.00859	0.00245	0.00368	0.01534	0.00675	0.00614
4	0.01808	0.01561	0.01644	0.01479	0.01890	0.01808	0.01151	0.03863	0.68606	0.03041	0.02959	0.02712	0.02219	0.00986	0.00740	0.00247	0.00575	0.00822	0.00740	0.01151
5	0.01458	0.03760	0.70688	0.02072	0.03146	0.01688	0.02686	0.02302	0.01535	0.02302	0.01304	0.01535	0.00921	0.00691	0.00691	0.00230	0.01074	0.00537	0.00307	0.01074
6	0.01583	0.03385	0.58872	0.02079	0.03043	0.01693	0.06484	0.02343	0.01553	0.06125	0.01383	0.01617	0.00984	0.00730	0.00798	0.00236	0.05111	0.00573	0.00345	0.01062
7	0.01578	0.02199	0.25431	0.01761	0.02527	0.01347	0.13384	0.02122	0.01615	0.06151	0.04381	0.02054	0.04392	0.00720	0.00685	0.00191	0.00833	0.00645	0.00429	0.27555
8	0.01662	0.31265	0.40662	0.01811	0.02689	0.02159	0.06077	0.02255	0.01523	0.02074	0.01201	0.01418	0.00937	0.00659	0.00614	0.00202	0.00968	0.00499	0.00312	0.01014
9	0.01898	0.10979	0.22079	0.04046	0.02567	0.08228	0.06939	0.14189	0.01928	0.02604	0.01345	0.01551	0.01030	0.00685	0.00651	0.00191	0.00908	0.00542	0.00422	0.17217
10	0.01692	0.02328	0.22670	0.04050	0.06503	0.04752	0.12267	0.06574	0.03827	0.02436	0.01386	0.01667	0.01070	0.00694	0.00778	0.00203	0.04954	0.00590	0.00398	0.21162
11	0.01730	0.01602	0.02127	0.01997	0.12030	0.05809	0.09645	0.09864	0.07583	0.02590	0.05813	0.06665	0.05598	0.00928	0.00816	0.00209	0.04791	0.00802	0.00513	0.18887
12	0.01751	0.05771	0.02347	0.16263	0.05458	0.05888	0.11228	0.06949	0.10745	0.02433	0.01552	0.01822	0.01210	0.00694	0.00675	0.00194	0.00826	0.00616	0.00449	0.23127
13	0.01578	0.05582	0.02617	0.02275	0.12273	0.01542	0.21224	0.07157	0.01686	0.02318	0.02083	0.21154	0.02094	0.01128	0.00908	0.00242	0.05925	0.01061	0.00476	0.06675
14	0.01729	0.01671	0.04944	0.06689	0.16180	0.04834	0.17341	0.02264	0.06210	0.06965	0.04047	0.06856	0.03815	0.00845	0.00747	0.00217	0.00841	0.00812	0.00476	0.12519
15	0.01750	0.01842	0.06196	0.11301	0.12107	0.07952	0.12146	0.05923	0.07588	0.02443	0.04144	0.01931	0.01389	0.00712	0.00699	0.00199	0.00861	0.00648	0.00443	0.19724
16	0.01745	0.01756	0.08233	0.10001	0.13250	0.01538	0.14568	0.08167	0.04814	0.04918	0.04202	0.01956	0.01388	0.00704	0.00709	0.00202	0.00838	0.00665	0.00457	0.19890

[dist]
# distance from previous block
# <min> <max>
7	28

[block]
# block no. 1 follows, 28 sequences, length 30
# corresponding to MSA columns:
# 46-75
name=unknown_B
#
# <colnr> <probs for GDERKNQSTAVLIFYWHMCP>
#	G	D	E	R	K	N	Q	S	T	A	V	L	I	F	Y	W	H	M	C	P
0	0.01908	0.05377	0.02117	0.02076	0.15844	0.08243	0.03278	0.04782	0.21205	0.06206	0.02108	0.02187	0.04301	0.00829	0.00750	0.00208	0.03439	0.00680	0.00534	0.13930
1	0.02174	0.02031	0.04566	0.01883	0.04882	0.11848	0.11555	0.18481	0.13147	0.06623	0.01768	0.01869	0.01324	0.00764	0.00706	0.00205	0.00861	0.00649	0.00554	0.14109
2	0.02096	0.02113	0.06461	0.02156	0.02766	0.10710	0.26099	0.12692	0.14386	0.07038	0.01815	0.01974	0.01341	0.00758	0.00760	0.00226	0.00975	0.00727	0.00525	0.04383
3	0.04273	0.01795	0.01813	0.05955	0.02138	0.10360	0.01249	0.14276	0.27063	0.06181	0.04060	0.02163	0.01700	0.00899	0.00808	0.00223	0.05387	0.00687	0.00612	0.08355
4	0.01977	0.01877	0.02483	0.01921	0.02471	0.11898	0.20702	0.02748	0.16871	0.08545	0.01828	0.01975	0.01383	0.00750	0.00775	0.00209	0.03321	0.00685	0.00512	0.17069
5	0.02717	0.03408	0.02065	0.01865	0.02247	0.68804	0.01404	0.05449	0.02113	0.01890	0.01148	0.01328	0.00948	0.00754	0.00658	0.00188	0.01291	0.00476	0.00388	0.00858
6	0.01584	0.01337	0.01548	0.01113	0.01755	0.01047	0.00893	0.05838	0.01624	0.02504	0.01320	0.01522	0.01086	0.00559	0.00550	0.00114	0.00554	0.00444	0.00449	0.74158
7	0.01046	0.00700	0.00796	0.00807	0.00809	0.00697	0.00455	0.01054	0.01078	0.01438	0.02399	0.09132	0.02780	0.69892	0.03525	0.00679	0.00687	0.01121	0.00455	0.00450
8	0.01894	0.01419	0.01787	0.01451	0.01863	0.01485	0.04686	0.13641	0.12485	0.10988	0.06599	0.07163	0.06544	0.01070	0.00955	0.00227	0.10241	0.00852	0.00624	0.14025
9	0.01057	0.00705	0.00793	0.00793	0.00793	0.00705	0.00440	0.01057	0.01057	0.01409	0.02290	0.04757	0.02643	0.74454	0.03700	0.00705	0.00705	0.01057	0.00440	0.00440
10	0.01263	0.00631	0.00947	0.00947	0.00947	0.00631	0.00631	0.00947	0.00947	0.01263	0.01263	0.02210	0.01263	0.02525	0.02841	0.78851	0.00631	0.00631	0.00316	0.00316
11	0.01076	0.00703	0.00785	0.00785	0.00796	0.00703	0.00445	0.01098	0.01087	0.01493	0.02296	0.04625	0.02593	0.69720	0.03495	0.00670	0.00681	0.01033	0.05460	0.00456
12	0.01068	0.00822	0.01225	0.01208	0.01331	0.00979	0.00945	0.01322	0.01165	0.01691	0.01894	0.02788	0.01771	0.05228	0.67873	0.01123	0.05753	0.00771	0.00386	0.00657
13	0.01139	0.00765	0.00866	0.00857	0.00898	0.00772	0.00517	0.04524	0.01233	0.01670	0.02447	0.11861	0.02770	0.60234	0.03132	0.00616	0.00666	0.01129	0.03397	0.00507
14	0.01669	0.01442	0.01596	0.01556	0.05906	0.01620	0.01131	0.03341	0.54030	0.02892	0.07552	0.03228	0.08705	0.01077	0.00757	0.00243	0.00559	0.00909	0.00714	0.01071
15	0.00898	0.00666	0.00818	0.00926	0.01017	0.00608	0.00627	0.01034	0.01447	0.01876	0.06631	0.50372	0.19992	0.08124	0.01139	0.00315	0.00430	0.01835	0.00659	0.00586
16	0.04125	0.01420	0.01515	0.01276	0.01664	0.01523	0.01006	0.29059	0.12968	0.03296	0.08905	0.06105	0.16738	0.05927	0.00959	0.00264	0.00607	0.00994	0.00696	0.00956
17	0.01009	0.00741	0.00937	0.00889	0.01064	0.00678	0.00662	0.01321	0.01976	0.02749	0.59699	0.05602	0.14497	0.03849	0.00948	0.00246	0.00358	0.01334	0.00773	0.00669
18	0.02763	0.02036	0.02182	0.01672	0.02254	0.02254	0.01382	0.67496	0.03418	0.04581	0.01745	0.01745	0.01236	0.00873	0.00727	0.00218	0.00800	0.00654	0.00727	0.01236
19	0.00991	0.00720	0.00913	0.01025	0.01115	0.00686	0.00705	0.04641	0.01544	0.02047	0.06339	0.62876	0.09388	0.02143	0.00910	0.00285	0.00436	0.01926	0.00682	0.00630
20	0.01403	0.00856	0.01003	0.00924	0.01202	0.00759	0.00702	0.01686	0.04161	0.15670	0.15016	0.11114	0.36711	0.04321	0.00941	0.00260	0.00438	0.01343	0.00731	0.00759
21	0.01856	0.01585	0.01671	0.01489	0.01908	0.01830	0.01162	0.07047	0.65344	0.03118	0.02898	0.02664	0.02170	0.00981	0.00739	0.00245	0.00587	0.00813	0.00739	0.01155
22	0.00930	0.00680	0.00830	0.00913	0.00995	0.00637	0.00610	0.01055	0.01391	0.01818	0.06951	0.39833	0.17253	0.17794	0.04524	0.00408	0.00534	0.01657	0.00618	0.00569
23	0.01016	0.00765	0.00885	0.00914	0.01063	0.00714	0.00641	0.04679	0.01615	0.02088	0.11420	0.30774	0.26817	0.11696	0.01260	0.00322	0.00454	0.01595	0.00659	0.00623
24	0.01198	0.00832	0.00923	0.00885	0.00943	0.00860	0.00538	0.04795	0.05639	0.01687	0.02305	0.04461	0.02540	0.65673	0.03346	0.00648	0.00701	0.01020	0.00476	0.00530
25	0.01023	0.00786	0.00932	0.00927	0.01133	0.00719	0.00717	0.03266	0.01844	0.02415	0.29382	0.10506	0.31799	0.01729	0.00878	0.00253	0.00415	0.09887	0.00722	0.00665
26	0.02059	0.01544	0.01658	0.01364	0.01770	0.01673	0.01072	0.38711	0.09568	0.03464	0.02835	0.06915	0.11001	0.11605	0.01182	0.00299	0.00684	0.00925	0.00678	0.00994
27	0.01106	0.00812	0.00977	0.01039	0.01145	0.00813	0.00709	0.05312	0.06967	0.02042	0.03611	0.48378	0.06686	0.15173	0.01401	0.00359	0.00507	0.01673	0.00641	0.00649
28	0.02483	0.01888	0.02026	0.01591	0.02143	0.02072	0.01298	0.50133	0.16123	0.04115	0.01951	0.01918	0.01418	0.00870	0.00716	0.00216	0.00736	0.00671	0.00708	0.06924
29	0.02255	0.01668	0.01836	0.01474	0.01938	0.01797	0.01182	0.47606	0.02817	0.03805	0.03998	0.11988	0.01949	0.03639	0.03389	0.00272	0.00756	0.00872	0.00681	0.06079

[dist]
# distance from previous block
# <min> <max>
1	4

[block]
# block no. 2 follows, 28 sequences, length 29
# corresponding to MSA columns:
# 80-108
name=unknown_C
#
# <colnr> <probs for GDERKNQSTAVLIFYWHMCP>
#	G	D	E	R	K	N	Q	S	T	A	V	L	I	F	Y	W	H	M	C	P
0	0.01775	0.05948	0.05269	0.01530	0.02100	0.01594	0.07147	0.12679	0.03980	0.02625	0.01376	0.01619	0.01111	0.00722	0.00849	0.00179	0.10189	0.00548	0.00456	0.38305
1	0.01897	0.02044	0.02974	0.07502	0.03033	0.13890	0.30707	0.06033	0.06953	0.02355	0.01480	0.01817	0.01147	0.00710	0.00828	0.00219	0.04456	0.00696	0.00420	0.10840
2	0.01989	0.70705	0.03707	0.01281	0.01888	0.06900	0.01253	0.02219	0.01511	0.01714	0.01017	0.01175	0.00933	0.00629	0.00477	0.00157	0.00809	0.00393	0.00315	0.00928
3	0.01457	0.01239	0.01454	0.01071	0.01669	0.00938	0.00846	0.01764	0.01498	0.02327	0.01511	0.07357	0.01378	0.00679	0.00570	0.00123	0.00529	0.00563	0.00450	0.72577
4	0.01667	0.01592	0.02712	0.25578	0.49834	0.01692	0.02165	0.02115	0.01593	0.02215	0.01344	0.01842	0.01095	0.00672	0.00722	0.00224	0.00896	0.00647	0.00348	0.01045
5	0.02464	0.01810	0.01956	0.01576	0.02097	0.02009	0.01277	0.40371	0.26260	0.08909	0.02255	0.02139	0.01624	0.00915	0.00732	0.00229	0.00707	0.00719	0.00744	0.01206
6	0.01242	0.00639	0.00932	0.00932	0.00932	0.00639	0.00613	0.00958	0.00958	0.01277	0.01364	0.02460	0.01399	0.09607	0.02925	0.71157	0.00639	0.00673	0.00328	0.00328
7	0.01057	0.00705	0.00793	0.00793	0.00793	0.00705	0.00440	0.01057	0.01057	0.01409	0.02290	0.04757	0.02643	0.74454	0.03700	0.00705	0.00705	0.01057	0.00440	0.00440
8	0.00886	0.00633	0.00843	0.01012	0.01054	0.00590	0.00675	0.01012	0.01392	0.01856	0.04006	0.73979	0.04808	0.02277	0.00928	0.00295	0.00422	0.02066	0.00675	0.00590
9	0.02618	0.02040	0.02112	0.06247	0.02389	0.07856	0.01395	0.50718	0.07948	0.06630	0.01798	0.01822	0.01289	0.00862	0.00722	0.00220	0.00829	0.00654	0.00680	0.01170
10	0.00886	0.00633	0.00843	0.01012	0.01054	0.00590	0.00675	0.01012	0.01392	0.01856	0.04006	0.73979	0.04808	0.02277	0.00928	0.00295	0.00422	0.02066	0.00675	0.00590
11	0.01657	0.05679	0.01709	0.01145	0.01783	0.01207	0.00935	0.08316	0.01694	0.02548	0.01320	0.01511	0.01084	0.00576	0.00553	0.00121	0.00578	0.00450	0.00453	0.66682
12	0.02169	0.01754	0.01715	0.01421	0.01905	0.11882	0.01117	0.12891	0.19776	0.12271	0.02165	0.06377	0.01712	0.00897	0.00689	0.00201	0.00708	0.00716	0.00631	0.19004
13	0.02475	0.04500	0.01970	0.01559	0.02055	0.22540	0.01242	0.27168	0.05522	0.08743	0.02005	0.02019	0.05631	0.00865	0.00688	0.00200	0.00872	0.00640	0.00592	0.08712
14	0.00886	0.00633	0.00843	0.01012	0.01054	0.00590	0.00675	0.01012	0.01392	0.01856	0.04006	0.73979	0.04808	0.02277	0.00928	0.00295	0.00422	0.02066	0.00675	0.00590
15	0.01400	0.01320	0.02230	0.68299	0.09199	0.01622	0.02032	0.01881	0.01467	0.01891	0.01297	0.01929	0.00981	0.00722	0.00726	0.00241	0.00962	0.00646	0.00325	0.00830
16	0.01690	0.06550	0.03587	0.02570	0.03059	0.02032	0.41636	0.02130	0.01504	0.02100	0.01273	0.01789	0.01044	0.00828	0.01330	0.00263	0.24596	0.00755	0.00348	0.00917
17	0.01590	0.01590	0.02226	0.01908	0.01908	0.02226	0.01590	0.01749	0.01113	0.01749	0.00954	0.01590	0.00954	0.01272	0.02385	0.00318	0.73123	0.00636	0.00318	0.00795
18	0.01038	0.00779	0.01168	0.01168	0.01298	0.00909	0.00909	0.01298	0.01168	0.01687	0.01947	0.02856	0.01817	0.05452	0.71573	0.01168	0.01947	0.00779	0.00389	0.00649
19	0.02659	0.01839	0.02026	0.01574	0.02117	0.02000	0.01295	0.54851	0.03093	0.11354	0.02059	0.02055	0.03550	0.01161	0.04658	0.00272	0.00830	0.00698	0.00725	0.01184
20	0.02152	0.11150	0.02693	0.03019	0.34774	0.23024	0.01776	0.02465	0.01750	0.05199	0.01299	0.01595	0.01080	0.00716	0.00748	0.00205	0.04390	0.00565	0.00381	0.01018
21	0.79588	0.01406	0.01068	0.00956	0.01406	0.01631	0.00787	0.02137	0.01237	0.03261	0.01012	0.01181	0.00787	0.00675	0.00450	0.00225	0.00562	0.00394	0.00450	0.00787
22	0.01400	0.01346	0.02350	0.67085	0.04909	0.01633	0.07286	0.01895	0.01475	0.01895	0.01306	0.01940	0.00980	0.00718	0.00737	0.00242	0.00990	0.00663	0.00327	0.00821
23	0.01790	0.01662	0.01501	0.01369	0.01733	0.13046	0.01051	0.03014	0.38881	0.05258	0.03581	0.05994	0.15716	0.01164	0.00757	0.00237	0.00651	0.00950	0.00670	0.00974
24	0.00867	0.00729	0.00752	0.00762	0.00990	0.00614	0.00565	0.01052	0.01651	0.01987	0.09174	0.11723	0.62930	0.01860	0.00864	0.00248	0.00371	0.01565	0.00679	0.00614
25	0.01799	0.01727	0.02950	0.04462	0.69919	0.01727	0.02231	0.02231	0.01655	0.02375	0.01367	0.01799	0.01151	0.00648	0.00720	0.00216	0.00864	0.00648	0.00360	0.01151
26	0.01059	0.00781	0.00995	0.00935	0.01120	0.00736	0.00703	0.01477	0.05185	0.02886	0.64103	0.05359	0.08951	0.01476	0.00852	0.00230	0.00355	0.01299	0.00793	0.00705
27	0.01716	0.01961	0.04289	0.03064	0.03799	0.01838	0.67279	0.02328	0.01716	0.02328	0.01471	0.01961	0.01103	0.00613	0.00858	0.00245	0.01225	0.00858	0.00368	0.00980
28	0.01418	0.01121	0.01241	0.01166	0.01460	0.01188	0.00885	0.02481	0.32467	0.05258	0.13977	0.14374	0.17161	0.01422	0.00809	0.00250	0.00477	0.01220	0.00732	0.00892

[dist]
# distance from previous block
# <min> <max>
0	2

[block]
# block no. 3 follows, 28 sequences, length 15
# corresponding to MSA columns:
# 111-125
name=unknown_D
#
# <colnr> <probs for GDERKNQSTAVLIFYWHMCP>
#	G	D	E	R	K	N	Q	S	T	A	V	L	I	F	Y	W	H	M	C	P
0	0.02370	0.12091	0.02503	0.02025	0.06082	0.46294	0.05963	0.02603	0.01833	0.01838	0.01128	0.01396	0.00961	0.00777	0.00845	0.00204	0.09339	0.00514	0.00359	0.00876
1	0.01693	0.02205	0.18530	0.02311	0.02968	0.01765	0.30131	0.09301	0.06365	0.02529	0.01752	0.08271	0.01471	0.00881	0.00917	0.00249	0.06374	0.00851	0.00442	0.00993
2	0.04646	0.07058	0.02033	0.01453	0.02011	0.04229	0.05604	0.17678	0.10822	0.06749	0.01792	0.04697	0.01432	0.00790	0.00654	0.00186	0.00699	0.00644	0.00563	0.26262
3	0.01630	0.01442	0.01951	0.01402	0.02056	0.01187	0.10302	0.06768	0.01678	0.02527	0.01351	0.01589	0.01092	0.00574	0.00598	0.00135	0.00655	0.00508	0.00444	0.62111
4	0.01000	0.00821	0.00871	0.00846	0.01077	0.00757	0.00626	0.01389	0.08687	0.02174	0.15817	0.06130	0.47698	0.07599	0.01077	0.00280	0.00413	0.01388	0.00682	0.00667
5	0.01496	0.03492	0.60810	0.02219	0.03243	0.01710	0.12294	0.02306	0.01562	0.02306	0.01329	0.01598	0.00948	0.00679	0.00715	0.00232	0.01097	0.00585	0.00316	0.01060
6	0.00998	0.00733	0.00936	0.00904	0.01072	0.00670	0.00671	0.01306	0.01957	0.02722	0.57223	0.11655	0.13258	0.01593	0.00864	0.00236	0.00353	0.01404	0.00776	0.00670
7	0.01057	0.00705	0.00793	0.00793	0.00793	0.00705	0.00440	0.01057	0.01057	0.01409	0.02290	0.04757	0.02643	0.74454	0.03700	0.00705	0.00705	0.01057	0.00440	0.00440
8	0.02128	0.01359	0.01572	0.01340	0.01761	0.01436	0.01061	0.07945	0.33784	0.21342	0.14958	0.03072	0.02878	0.01046	0.00758	0.00235	0.00561	0.00875	0.00793	0.01096
9	0.01474	0.00918	0.01107	0.01010	0.01265	0.00875	0.00768	0.03865	0.06114	0.13555	0.20197	0.04977	0.19850	0.12662	0.04232	0.00350	0.00565	0.04749	0.00701	0.00767
10	0.01592	0.02907	0.40694	0.07620	0.03463	0.01756	0.24022	0.05014	0.01668	0.02373	0.01377	0.01715	0.00998	0.00675	0.00750	0.00236	0.01105	0.00657	0.00346	0.01030
11	0.02085	0.10332	0.16821	0.01996	0.05357	0.11014	0.09209	0.21574	0.02149	0.02800	0.01504	0.04878	0.01226	0.00839	0.00799	0.00222	0.05032	0.00663	0.00467	0.01032
12	0.69476	0.01540	0.01205	0.05466	0.01687	0.06417	0.00906	0.02172	0.01307	0.03073	0.01037	0.01237	0.00809	0.00683	0.00481	0.00223	0.00639	0.00414	0.00437	0.00792
13	0.01794	0.01405	0.01783	0.01433	0.04787	0.01240	0.04932	0.13213	0.01918	0.07228	0.04725	0.04584	0.04482	0.00786	0.00651	0.00165	0.00624	0.00666	0.00541	0.43043
14	0.01739	0.04560	0.01937	0.02151	0.21185	0.01509	0.01321	0.11383	0.14319	0.05422	0.06557	0.07905	0.10223	0.05426	0.00929	0.00258	0.00659	0.00938	0.00590	0.00986

[dist]
# distance from previous block
# <min> <max>
1	4

[block]
# block no. 4 follows, 28 sequences, length 50
# corresponding to MSA columns:
# 131-180
name=unknown_E
#
# <colnr> <probs for GDERKNQSTAVLIFYWHMCP>
#	G	D	E	R	K	N	Q	S	T	A	V	L	I	F	Y	W	H	M	C	P
0	0.02511	0.05235	0.02083	0.01575	0.02116	0.04785	0.01290	0.42303	0.16733	0.08097	0.01995	0.01941	0.01446	0.00870	0.00709	0.00216	0.00751	0.00667	0.00697	0.03980
1	0.01573	0.12708	0.53803	0.01905	0.02824	0.01862	0.02332	0.05204	0.01610	0.02323	0.03308	0.01615	0.01115	0.00739	0.00743	0.00224	0.04181	0.00551	0.00342	0.01039
2	0.02241	0.02638	0.02272	0.02239	0.11597	0.40521	0.06382	0.02655	0.07713	0.02018	0.01598	0.01824	0.04071	0.00846	0.00870	0.00216	0.08364	0.00616	0.00411	0.00908
3	0.01020	0.00743	0.00960	0.00906	0.01081	0.00682	0.00679	0.01355	0.02038	0.02868	0.66459	0.05507	0.09965	0.01504	0.00857	0.00229	0.00344	0.01325	0.00794	0.00682
4	0.00952	0.00691	0.00884	0.00935	0.01045	0.00638	0.00655	0.01165	0.01667	0.02272	0.31046	0.35998	0.11023	0.06291	0.01061	0.00289	0.00402	0.01652	0.00712	0.00622
5	0.00874	0.00730	0.00761	0.00768	0.00994	0.00618	0.00570	0.01066	0.01671	0.02030	0.11914	0.11175	0.60652	0.01842	0.00863	0.00247	0.00370	0.01551	0.00685	0.00618
6	0.00983	0.00735	0.00912	0.00881	0.01061	0.00664	0.00656	0.01278	0.01930	0.02644	0.52018	0.09841	0.20497	0.01611	0.00862	0.00236	0.00353	0.01407	0.00765	0.00664
7	0.01590	0.01590	0.02226	0.01908	0.01908	0.02226	0.01590	0.01749	0.01113	0.01749	0.00954	0.01590	0.00954	0.01272	0.02385	0.00318	0.73123	0.00636	0.00318	0.00795
8	0.79588	0.01406	0.01068	0.00956	0.01406	0.01631	0.00787	0.02137	0.01237	0.03261	0.01012	0.01181	0.00787	0.00675	0.00450	0.00225	0.00562	0.00394	0.00450	0.00787
9	0.01018	0.00850	0.01391	0.01329	0.01491	0.00792	0.11355	0.01225	0.01456	0.01936	0.03753	0.59374	0.07166	0.01990	0.00913	0.00285	0.00548	0.01848	0.00626	0.00654
10	0.74946	0.01363	0.01045	0.00939	0.01373	0.01574	0.00771	0.02110	0.01254	0.03229	0.01093	0.01272	0.00851	0.00685	0.00453	0.00222	0.00549	0.00410	0.05080	0.00781
11	0.01165	0.00713	0.00874	0.00954	0.01068	0.00686	0.00668	0.03412	0.01519	0.04848	0.03447	0.49592	0.03779	0.01792	0.00800	0.00256	0.00419	0.01593	0.21756	0.00660
12	0.02702	0.02133	0.02139	0.01679	0.02232	0.08291	0.01370	0.58067	0.07167	0.04245	0.01763	0.01765	0.01268	0.00869	0.00722	0.00217	0.00831	0.00648	0.00697	0.01197
13	0.02763	0.02036	0.02182	0.01672	0.02254	0.02254	0.01382	0.67496	0.03418	0.04581	0.01745	0.01745	0.01236	0.00873	0.00727	0.00218	0.00800	0.00654	0.00727	0.01236
14	0.01048	0.00739	0.00967	0.00967	0.01027	0.00799	0.00658	0.01169	0.01109	0.01538	0.02131	0.03875	0.02260	0.42438	0.35192	0.00920	0.01281	0.00928	0.00417	0.00537
15	0.09042	0.01625	0.01827	0.01431	0.01971	0.01695	0.01176	0.33687	0.06060	0.27223	0.02387	0.02235	0.04465	0.00915	0.00712	0.00224	0.00687	0.00707	0.00763	0.01168
16	0.01053	0.00722	0.00882	0.00882	0.00913	0.00753	0.00551	0.01114	0.01083	0.01475	0.02209	0.04306	0.02447	0.58094	0.19792	0.00815	0.00999	0.00991	0.00428	0.00490
17	0.01631	0.01519	0.02548	0.47038	0.12499	0.01732	0.10423	0.09606	0.01741	0.02299	0.01377	0.01901	0.01040	0.00719	0.00743	0.00237	0.00970	0.00675	0.00380	0.00922
18	0.04158	0.02653	0.23324	0.05686	0.26225	0.14345	0.08744	0.02366	0.01678	0.02247	0.01301	0.01634	0.01020	0.00679	0.00705	0.00219	0.01040	0.00595	0.00349	0.01031
19	0.01019	0.00744	0.00969	0.01002	0.01159	0.00695	0.00773	0.01309	0.01830	0.02494	0.38937	0.17168	0.12279	0.01759	0.00900	0.00263	0.00427	0.14874	0.00740	0.00660
20	0.01156	0.00785	0.00910	0.00859	0.01105	0.00681	0.00651	0.01396	0.01813	0.09175	0.26038	0.08680	0.40782	0.01653	0.00848	0.00240	0.00388	0.01406	0.00736	0.00698
21	0.01952	0.13997	0.06892	0.07963	0.15096	0.13460	0.18826	0.05912	0.04831	0.02262	0.01380	0.01693	0.01094	0.00687	0.00704	0.00213	0.01021	0.00633	0.00388	0.00994
22	0.02122	0.01581	0.05186	0.01370	0.01786	0.01566	0.01116	0.32976	0.05419	0.09924	0.02331	0.07700	0.03827	0.18089	0.01434	0.00340	0.00725	0.00880	0.00651	0.00977
23	0.00886	0.00633	0.00843	0.01012	0.01054	0.00590	0.00675	0.01012	0.01392	0.01856	0.04006	0.73979	0.04808	0.02277	0.00928	0.00295	0.00422	0.02066	0.00675	0.00590
24	0.58664	0.01363	0.01267	0.05377	0.01719	0.01511	0.00921	0.02418	0.01429	0.17416	0.01423	0.01501	0.01013	0.00726	0.00526	0.00226	0.00599	0.00480	0.00538	0.00884
25	0.02456	0.01697	0.01934	0.01626	0.04996	0.01821	0.01262	0.40523	0.10218	0.12817	0.10792	0.02429	0.02144	0.00958	0.00746	0.00223	0.00695	0.00768	0.00745	0.01152
26	0.01735	0.01816	0.06264	0.17389	0.51335	0.04416	0.02181	0.02189	0.01626	0.02248	0.01340	0.01793	0.01096	0.00669	0.00717	0.00221	0.00912	0.00635	0.00351	0.01069
27	0.65835	0.04460	0.03569	0.01257	0.05671	0.04872	0.00982	0.02184	0.01319	0.03049	0.01048	0.01235	0.00826	0.00675	0.00484	0.00220	0.00639	0.00417	0.00431	0.00827
28	0.00992	0.00732	0.00900	0.00872	0.01032	0.00669	0.00633	0.01256	0.01837	0.02513	0.46864	0.09193	0.18348	0.09570	0.01172	0.00287	0.00391	0.01367	0.00730	0.00640
29	0.01586	0.01597	0.02133	0.16367	0.02507	0.06224	0.01608	0.01806	0.01237	0.01756	0.01103	0.01808	0.01043	0.04904	0.02008	0.00315	0.50238	0.00650	0.00329	0.00782
30	0.15591	0.01095	0.01313	0.01097	0.01486	0.01049	0.00878	0.04270	0.01964	0.30363	0.28731	0.03392	0.03598	0.01091	0.00732	0.00226	0.00506	0.00900	0.00778	0.00942
31	0.01066	0.00820	0.00985	0.00938	0.01144	0.00780	0.00704	0.01540	0.08674	0.02684	0.47042	0.08175	0.19629	0.01542	0.00849	0.00237	0.00375	0.01341	0.00763	0.00714
32	0.05452	0.01224	0.01605	0.01258	0.01784	0.01095	0.01031	0.03347	0.05470	0.59980	0.05128	0.02716	0.04587	0.00952	0.00732	0.00227	0.00596	0.00775	0.00865	0.01176
33	0.00938	0.00723	0.00807	0.00808	0.00972	0.00646	0.00568	0.01115	0.01602	0.02050	0.19592	0.11391	0.37463	0.16436	0.01437	0.00338	0.00435	0.01431	0.00655	0.00593
34	0.01943	0.74891	0.03809	0.01244	0.01866	0.02876	0.01244	0.02177	0.01477	0.01710	0.01011	0.01166	0.00933	0.00622	0.00466	0.00155	0.00777	0.00389	0.00311	0.00933
35	0.00886	0.00633	0.00843	0.01012	0.01054	0.00590	0.00675	0.01012	0.01392	0.01856	0.04006	0.73979	0.04808	0.02277	0.00928	0.00295	0.00422	0.02066	0.00675	0.00590
36	0.01507	0.01292	0.01507	0.01077	0.01723	0.00969	0.00861	0.01830	0.01507	0.02369	0.01292	0.01507	0.01077	0.00538	0.00538	0.00108	0.00538	0.00431	0.00431	0.78898
37	0.79588	0.01406	0.01068	0.00956	0.01406	0.01631	0.00787	0.02137	0.01237	0.03261	0.01012	0.01181	0.00787	0.00675	0.00450	0.00225	0.00562	0.00394	0.00450	0.00787
38	0.02581	0.02769	0.02097	0.01800	0.02201	0.40853	0.01406	0.22371	0.04961	0.02673	0.01366	0.01525	0.01079	0.00849	0.00855	0.00212	0.08388	0.00555	0.00490	0.00969
39	0.79588	0.01406	0.01068	0.00956	0.01406	0.01631	0.00787	0.02137	0.01237	0.03261	0.01012	0.01181	0.00787	0.00675	0.00450	0.00225	0.00562	0.00394	0.00450	0.00787
40	0.01057	0.00705	0.00793	0.00793	0.00793	0.00705	0.00440	0.01057	0.01057	0.01409	0.02290	0.04757	0.02643	0.74454	0.03700	0.00705	0.00705	0.01057	0.00440	0.00440
41	0.02763	0.02036	0.02182	0.01672	0.02254	0.02254	0.01382	0.67496	0.03418	0.04581	0.01745	0.01745	0.01236	0.00873	0.00727	0.00218	0.00800	0.00654	0.00727	0.01236
42	0.01897	0.68136	0.10161	0.01322	0.01987	0.02763	0.01381	0.02189	0.01482	0.01766	0.01038	0.01201	0.00932	0.00628	0.00488	0.00163	0.00806	0.00403	0.00311	0.00946
43	0.01773	0.01701	0.02904	0.08599	0.65984	0.01720	0.02218	0.02208	0.01643	0.02343	0.01363	0.01807	0.01140	0.00652	0.00720	0.00217	0.00870	0.00648	0.00358	0.01131
44	0.02383	0.01809	0.01947	0.01565	0.02061	0.02020	0.01264	0.46394	0.18890	0.03945	0.02070	0.02159	0.01560	0.04346	0.03933	0.00288	0.00791	0.00718	0.00703	0.01155
45	0.01190	0.00964	0.01275	0.10994	0.03936	0.00996	0.01037	0.01731	0.09854	0.02465	0.27073	0.05286	0.16047	0.01452	0.00848	0.00254	0.00536	0.12637	0.00668	0.00757
46	0.01348	0.01608	0.19376	0.01306	0.01746	0.01031	0.01290	0.01877	0.04785	0.07915	0.34547	0.09378	0.04382	0.01300	0.00813	0.00241	0.00593	0.04962	0.00658	0.00843
47	0.01239	0.01679	0.21704	0.04972	0.01921	0.01042	0.01358	0.01736	0.01872	0.04664	0.43846	0.04009	0.04647	0.01194	0.00798	0.00230	0.00600	0.01033	0.00632	0.00823
48	0.01398	0.01753	0.18719	0.01330	0.01798	0.01258	0.01299	0.10479	0.05864	0.02629	0.17959	0.03976	0.18659	0.05673	0.01023	0.00265	0.03458	0.01011	0.00593	0.00857
49	0.13482	0.05482	0.40568	0.05286	0.02526	0.01524	0.01915	0.02036	0.01524	0.02411	0.07190	0.05706	0.05646	0.00898	0.00681	0.00231	0.00845	0.00712	0.00410	0.00928

[dist]
# distance from previous block
# <min> <max>
3	5

[block]
# block no. 5 follows, 28 sequences, length 37
# corresponding to MSA columns:
# 186-222
name=unknown_F
#
# <colnr> <probs for GDERKNQSTAVLIFYWHMCP>
#	G	D	E	R	K	N	Q	S	T	A	V	L	I	F	Y	W	H	M	C	P
0	0.20718	0.14283	0.01874	0.01333	0.01751	0.22379	0.01088	0.06263	0.04319	0.02394	0.02197	0.02520	0.10495	0.00950	0.00630	0.00212	0.00815	0.04465	0.00476	0.00839
1	0.79588	0.01406	0.01068	0.00956	0.01406	0.01631	0.00787	0.02137	0.01237	0.03261	0.01012	0.01181	0.00787	0.00675	0.00450	0.00225	0.00562	0.00394	0.00450	0.00787
2	0.05958	0.00950	0.01077	0.00970	0.01215	0.00927	0.00718	0.05512	0.05893	0.04813	0.29218	0.04557	0.13518	0.15514	0.01347	0.00317	0.00492	0.01101	0.00665	0.05238
3	0.00959	0.00670	0.00845	0.00930	0.00977	0.00639	0.00603	0.01075	0.01377	0.01860	0.12373	0.43002	0.04409	0.24758	0.01786	0.00414	0.00500	0.01648	0.00618	0.00556
4	0.49082	0.01890	0.15767	0.03623	0.02017	0.01582	0.03452	0.02337	0.01423	0.11034	0.01320	0.01460	0.00953	0.00705	0.00556	0.00227	0.00711	0.00487	0.00467	0.00908
5	0.05993	0.01356	0.02139	0.62278	0.06568	0.01657	0.01916	0.05807	0.01564	0.02117	0.01305	0.01879	0.00980	0.00730	0.00711	0.00239	0.00932	0.00632	0.00356	0.00842
6	0.00968	0.00674	0.00842	0.00919	0.00963	0.00645	0.00591	0.01077	0.01360	0.01837	0.12285	0.39445	0.04298	0.28466	0.01928	0.00435	0.00514	0.01597	0.00606	0.00549
7	0.01514	0.01278	0.01978	0.10959	0.23484	0.01317	0.04610	0.08097	0.01684	0.02289	0.06221	0.11725	0.06146	0.06379	0.01192	0.08109	0.00737	0.00958	0.00478	0.00845
8	0.01608	0.35533	0.28398	0.01519	0.02219	0.02082	0.01699	0.02059	0.01439	0.01912	0.01301	0.01704	0.01128	0.05497	0.08776	0.00330	0.01017	0.00527	0.00326	0.00925
9	0.01244	0.00804	0.01073	0.01035	0.01238	0.00749	0.00819	0.01580	0.01979	0.08365	0.50222	0.05765	0.05877	0.01547	0.00878	0.00251	0.00434	0.14630	0.00781	0.00728
10	0.01051	0.00770	0.01125	0.01121	0.01251	0.00880	0.00864	0.01309	0.01230	0.01788	0.05915	0.03067	0.02142	0.07484	0.62329	0.01059	0.01748	0.00816	0.03408	0.00645
11	0.21153	0.09076	0.02091	0.01663	0.06055	0.15018	0.01280	0.29587	0.02349	0.03336	0.01360	0.01476	0.01038	0.00765	0.00622	0.00208	0.00839	0.00531	0.00533	0.01021
12	0.01228	0.02501	0.42579	0.01645	0.02304	0.01246	0.01876	0.01783	0.01477	0.02122	0.02392	0.30690	0.02485	0.01329	0.00786	0.00256	0.00812	0.01153	0.00455	0.00880
13	0.00859	0.00736	0.00736	0.00736	0.00982	0.00614	0.00552	0.01043	0.01657	0.01964	0.07364	0.06996	0.69624	0.01841	0.00859	0.00245	0.00368	0.01534	0.00675	0.00614
14	0.01712	0.01847	0.03747	0.07668	0.21032	0.01808	0.44287	0.02256	0.01665	0.02294	0.01417	0.01906	0.01103	0.00649	0.00861	0.00240	0.03356	0.00783	0.00361	0.01009
15	0.01476	0.06415	0.68191	0.02041	0.03098	0.01732	0.02632	0.02297	0.01533	0.02280	0.01294	0.01521	0.00921	0.00688	0.00682	0.00227	0.01063	0.00532	0.00307	0.01069
16	0.01799	0.01727	0.02950	0.04462	0.69919	0.01727	0.02231	0.02231	0.01655	0.02375	0.01367	0.01799	0.01151	0.00648	0.00720	0.00216	0.00864	0.00648	0.00360	0.01151
17	0.79588	0.01406	0.01068	0.00956	0.01406	0.01631	0.00787	0.02137	0.01237	0.03261	0.01012	0.01181	0.00787	0.00675	0.00450	0.00225	0.00562	0.00394	0.00450	0.00787
18	0.00939	0.00694	0.00856	0.00907	0.01026	0.00634	0.00632	0.01132	0.01620	0.02162	0.24570	0.33235	0.18469	0.08330	0.01137	0.00301	0.00412	0.01639	0.00692	0.00611
19	0.01057	0.00705	0.00793	0.00793	0.00793	0.00705	0.00440	0.01057	0.01057	0.01409	0.02290	0.04757	0.02643	0.74454	0.03700	0.00705	0.00705	0.01057	0.00440	0.00440
20	0.01355	0.00718	0.01023	0.00992	0.01027	0.00731	0.00677	0.05033	0.01099	0.01466	0.01292	0.02181	0.01261	0.02424	0.02711	0.74023	0.00642	0.00633	0.00341	0.00372
21	0.28152	0.01271	0.01454	0.01167	0.01676	0.01236	0.00960	0.02990	0.01803	0.45564	0.05097	0.02177	0.01683	0.00851	0.00644	0.00225	0.00588	0.00645	0.00748	0.01066
22	0.01057	0.00705	0.00793	0.00793	0.00793	0.00705	0.00440	0.01057	0.01057	0.01409	0.02290	0.04757	0.02643	0.74454	0.03700	0.00705	0.00705	0.01057	0.00440	0.00440
23	0.01943	0.74891	0.03809	0.01244	0.01866	0.02876	0.01244	0.02177	0.01477	0.01710	0.01011	0.01166	0.00933	0.00622	0.00466	0.00155	0.00777	0.00389	0.00311	0.00933
24	0.01829	0.02319	0.10217	0.02784	0.05885	0.11793	0.45436	0.02371	0.01711	0.02216	0.01372	0.01800	0.01055	0.00679	0.00895	0.00238	0.05324	0.00751	0.00360	0.00966
25	0.00987	0.00735	0.00939	0.01057	0.01199	0.00688	0.00822	0.01210	0.01583	0.02036	0.07240	0.31260	0.20753	0.02043	0.00935	0.00294	0.00494	0.24418	0.00678	0.00628
26	0.00976	0.00741	0.00899	0.00859	0.01054	0.00663	0.00644	0.01270	0.01933	0.02619	0.50223	0.05916	0.26356	0.01596	0.00858	0.00234	0.00351	0.01383	0.00761	0.00663
27	0.01563	0.03613	0.66666	0.02026	0.03071	0.01652	0.02591	0.02374	0.01566	0.06272	0.01396	0.01589	0.00972	0.00703	0.00693	0.00230	0.01048	0.00548	0.00341	0.01084
28	0.01783	0.01678	0.02430	0.02081	0.06466	0.01811	0.18911	0.03355	0.46706	0.02810	0.02465	0.02456	0.01857	0.00866	0.00770	0.00244	0.00767	0.00821	0.00617	0.01105
29	0.79588	0.01406	0.01068	0.00956	0.01406	0.01631	0.00787	0.02137	0.01237	0.03261	0.01012	0.01181	0.00787	0.00675	0.00450	0.00225	0.00562	0.00394	0.00450	0.00787
30	0.01530	0.11807	0.12879	0.02145	0.02744	0.01697	0.31265	0.02014	0.01504	0.02053	0.01532	0.02141	0.01293	0.05911	0.15778	0.00451	0.01264	0.00743	0.00360	0.00887
31	0.00957	0.00721	0.00890	0.00927	0.01086	0.00655	0.00689	0.01198	0.01738	0.02306	0.29092	0.23666	0.23978	0.01837	0.00889	0.00260	0.00400	0.07350	0.00721	0.00639
32	0.01786	0.06005	0.01756	0.01253	0.01841	0.15881	0.00997	0.02075	0.01621	0.02207	0.01240	0.01446	0.01039	0.00587	0.00559	0.00127	0.00714	0.00436	0.00412	0.58015
33	0.01041	0.00770	0.01125	0.01125	0.01239	0.00885	0.00854	0.01270	0.01155	0.01655	0.01987	0.03076	0.01913	0.13464	0.63692	0.01114	0.01803	0.00811	0.00395	0.00625
34	0.01529	0.07717	0.55820	0.02185	0.03176	0.01784	0.13174	0.02299	0.01561	0.02271	0.01314	0.01582	0.00951	0.00674	0.00705	0.00228	0.01081	0.00581	0.00317	0.01050
35	0.01480	0.03548	0.63854	0.02159	0.05775	0.01722	0.02602	0.02266	0.01514	0.02272	0.01286	0.01549	0.00932	0.00724	0.00793	0.00235	0.05372	0.00548	0.00310	0.01061
36	0.01349	0.01535	0.05262	0.01109	0.01436	0.15495	0.00902	0.01698	0.05868	0.02068	0.09149	0.05131	0.43354	0.01472	0.00799	0.00232	0.00618	0.01196	0.00602	0.00726

[dist]
# distance from previous block
# <min> <max>
2	5

[block]
# block no. 6 follows, 28 sequences, length 67
# corresponding to MSA columns:
# 228-294
name=unknown_G
#
# <colnr> <probs for GDERKNQSTAVLIFYWHMCP>
#	G	D	E	R	K	N	Q	S	T	A	V	L	I	F	Y	W	H	M	C	P
0	0.01415	0.01370	0.02404	0.48100	0.04168	0.01594	0.12395	0.01876	0.01453	0.01933	0.01362	0.01988	0.01071	0.01160	0.07271	0.00326	0.05058	0.00683	0.00340	0.04032
1	0.01527	0.01358	0.01299	0.01234	0.01483	0.13743	0.00970	0.04444	0.04753	0.04655	0.33454	0.04968	0.07301	0.01412	0.00837	0.00244	0.00624	0.14241	0.00688	0.00766
2	0.02107	0.01612	0.01881	0.01723	0.08196	0.01701	0.01257	0.37658	0.05221	0.03538	0.04650	0.13391	0.02109	0.01101	0.00753	0.00224	0.00691	0.02856	0.00657	0.08673
3	0.01675	0.01619	0.04866	0.03537	0.50176	0.01557	0.01898	0.04541	0.04480	0.02480	0.07476	0.08695	0.02008	0.00891	0.00750	0.00226	0.00772	0.00837	0.00453	0.01061
4	0.01481	0.01406	0.02410	0.48473	0.21593	0.01607	0.04786	0.01950	0.01547	0.02064	0.04714	0.02077	0.01315	0.00739	0.00737	0.00235	0.00921	0.00689	0.00358	0.00898
5	0.05104	0.02129	0.11582	0.12364	0.35759	0.10645	0.02024	0.04824	0.01717	0.02338	0.01410	0.01929	0.01170	0.00737	0.00708	0.00222	0.00940	0.02991	0.00380	0.01027
6	0.01594	0.01195	0.01389	0.01183	0.01476	0.01256	0.00929	0.22409	0.02362	0.03231	0.35624	0.04189	0.10695	0.04422	0.01013	0.00252	0.04127	0.01081	0.00725	0.00849
7	0.01131	0.00816	0.01104	0.06600	0.03894	0.00787	0.00825	0.01400	0.01749	0.05061	0.35134	0.17990	0.11296	0.07642	0.01088	0.00283	0.00469	0.01358	0.00685	0.00689
8	0.01797	0.01965	0.08565	0.07192	0.58030	0.05191	0.02218	0.02254	0.01656	0.02316	0.01347	0.01759	0.01113	0.00660	0.00714	0.00217	0.00908	0.00629	0.00354	0.01114
9	0.02131	0.01175	0.01483	0.01144	0.01662	0.00979	0.00920	0.02488	0.03687	0.29822	0.14742	0.02663	0.02480	0.00873	0.00681	0.00181	0.00535	0.00727	0.00697	0.30930
10	0.00888	0.00726	0.00784	0.00794	0.01006	0.00622	0.00586	0.01090	0.01689	0.02096	0.16447	0.14147	0.52931	0.01835	0.00866	0.00248	0.00370	0.01559	0.00694	0.00622
11	0.06046	0.23517	0.38894	0.01659	0.02489	0.01928	0.01947	0.02332	0.01571	0.08314	0.04039	0.01648	0.01230	0.00720	0.00624	0.00208	0.00892	0.00535	0.00389	0.01017
12	0.00896	0.00649	0.00849	0.01005	0.01068	0.00603	0.00686	0.01036	0.01424	0.01878	0.04262	0.65954	0.09837	0.02232	0.00926	0.00293	0.00428	0.04706	0.00675	0.00596
13	0.76141	0.01498	0.01113	0.00997	0.01443	0.04765	0.00815	0.02171	0.01274	0.03195	0.01017	0.01187	0.00794	0.00678	0.00459	0.00223	0.00596	0.00397	0.00446	0.00790
14	0.05213	0.01579	0.01764	0.01319	0.01925	0.01498	0.01075	0.27272	0.02278	0.08665	0.01581	0.01663	0.01184	0.00701	0.00623	0.00164	0.00646	0.00539	0.00583	0.39727
15	0.03933	0.12231	0.54799	0.02020	0.02991	0.01844	0.07881	0.02284	0.01534	0.02261	0.01274	0.01515	0.00933	0.00675	0.00670	0.00222	0.01035	0.00542	0.00317	0.01040
16	0.01442	0.03650	0.68140	0.02030	0.03071	0.01652	0.02613	0.02268	0.01554	0.02324	0.03798	0.01677	0.01138	0.00720	0.00697	0.00230	0.01048	0.00566	0.00325	0.01060
17	0.01142	0.00888	0.01076	0.01117	0.01340	0.00876	0.00914	0.01659	0.10482	0.02341	0.14852	0.06707	0.23316	0.01746	0.00905	0.00281	0.00520	0.28419	0.00700	0.00719
18	0.65655	0.01416	0.01207	0.01037	0.01508	0.01589	0.00855	0.05681	0.01459	0.12114	0.01293	0.01379	0.00943	0.00714	0.00501	0.00225	0.00582	0.00451	0.00523	0.00869
19	0.01636	0.01512	0.02488	0.34033	0.34577	0.01665	0.02042	0.05630	0.01665	0.02261	0.01471	0.02156	0.01218	0.00758	0.00736	0.00233	0.00897	0.03659	0.00378	0.00983
20	0.01011	0.00742	0.00947	0.00896	0.01075	0.00678	0.00672	0.01337	0.02015	0.02814	0.62913	0.05597	0.13545	0.01524	0.00858	0.00230	0.00346	0.01338	0.00787	0.00678
21	0.00886	0.00633	0.00843	0.01012	0.01054	0.00590	0.00675	0.01012	0.01392	0.01856	0.04006	0.73979	0.04808	0.02277	0.00928	0.00295	0.00422	0.02066	0.00675	0.00590
22	0.70400	0.01424	0.01178	0.04566	0.01628	0.01654	0.00880	0.03980	0.04078	0.03218	0.01126	0.01297	0.00867	0.00696	0.00483	0.00226	0.00590	0.00431	0.00463	0.00815
23	0.01696	0.02100	0.09422	0.02987	0.03749	0.01827	0.62286	0.02326	0.01702	0.02326	0.01458	0.01928	0.01089	0.00619	0.00845	0.00244	0.01214	0.00833	0.00363	0.00988
24	0.01019	0.00743	0.00959	0.00905	0.01080	0.00682	0.00679	0.01354	0.02036	0.02863	0.66110	0.05516	0.10318	0.01506	0.00857	0.00230	0.00344	0.01327	0.00793	0.00682
25	0.00887	0.00737	0.00775	0.00766	0.00999	0.00626	0.00574	0.01097	0.01723	0.02120	0.17612	0.06737	0.59278	0.01782	0.00859	0.00243	0.00364	0.01498	0.00696	0.00626
26	0.05417	0.48238	0.25508	0.01501	0.02262	0.02430	0.01693	0.02216	0.01485	0.01976	0.01107	0.01287	0.00922	0.00647	0.00539	0.00183	0.00864	0.00437	0.00316	0.00972
27	0.02042	0.01678	0.01775	0.01527	0.01979	0.01917	0.01207	0.19459	0.52629	0.03418	0.02661	0.02475	0.01978	0.00958	0.00737	0.00240	0.00630	0.00781	0.00737	0.01172
28	0.01087	0.00782	0.01061	0.01204	0.01345	0.00765	0.00993	0.01361	0.01612	0.02105	0.06817	0.20932	0.07974	0.04551	0.01069	0.00330	0.00591	0.44111	0.00668	0.00643
29	0.66709	0.01512	0.01282	0.04523	0.04523	0.04094	0.00952	0.04937	0.01386	0.03163	0.01075	0.01271	0.00835	0.00687	0.00493	0.00224	0.00630	0.00430	0.00449	0.00825
30	0.00891	0.00637	0.00848	0.01008	0.01056	0.00594	0.00675	0.01026	0.01417	0.01896	0.06508	0.71362	0.04886	0.02247	0.00925	0.00293	0.00419	0.02038	0.00680	0.00594
31	0.03111	0.01386	0.01827	0.01510	0.05303	0.01286	0.01175	0.13427	0.02267	0.56794	0.02618	0.02327	0.01680	0.00883	0.00730	0.00223	0.00659	0.00715	0.00846	0.01233
32	0.01507	0.01292	0.01507	0.01077	0.01723	0.00969	0.00861	0.01830	0.01507	0.02369	0.01292	0.01507	0.01077	0.00538	0.00538	0.00108	0.00538	0.00431	0.00431	0.78898
33	0.01023	0.00736	0.00958	0.00914	0.01072	0.00682	0.00675	0.01342	0.01984	0.02802	0.63624	0.08608	0.06584	0.04612	0.00981	0.00252	0.00362	0.01339	0.00779	0.00671
34	0.01668	0.17653	0.02573	0.01763	0.01899	0.02369	0.01514	0.01843	0.01193	0.01741	0.00967	0.01497	0.00950	0.01130	0.01965	0.00282	0.57270	0.00582	0.00317	0.00825
35	0.00886	0.00633	0.00843	0.01012	0.01054	0.00590	0.00675	0.01012	0.01392	0.01856	0.04006	0.73979	0.04808	0.02277	0.00928	0.00295	0.00422	0.02066	0.00675	0.00590
36	0.01020	0.00743	0.00959	0.00905	0.01080	0.00682	0.00679	0.01354	0.02036	0.02864	0.66209	0.05514	0.10217	0.01505	0.00857	0.00230	0.00344	0.01326	0.00793	0.00682
37	0.00886	0.00633	0.00843	0.01012	0.01054	0.00590	0.00675	0.01012	0.01392	0.01856	0.04006	0.73979	0.04808	0.02277	0.00928	0.00295	0.00422	0.02066	0.00675	0.00590
38	0.01590	0.01590	0.02226	0.01908	0.01908	0.02226	0.01590	0.01749	0.01113	0.01749	0.00954	0.01590	0.00954	0.01272	0.02385	0.00318	0.73123	0.00636	0.00318	0.00795
39	0.01943	0.74891	0.03809	0.01244	0.01866	0.02876	0.01244	0.02177	0.01477	0.01710	0.01011	0.01166	0.00933	0.00622	0.00466	0.00155	0.00777	0.00389	0.00311	0.00933
40	0.02723	0.02016	0.02159	0.01664	0.02239	0.02235	0.01372	0.64818	0.06161	0.04516	0.01796	0.01786	0.01278	0.00877	0.00728	0.00219	0.00790	0.00661	0.00728	0.01233
41	0.06638	0.01317	0.01704	0.01313	0.01872	0.01201	0.01084	0.09293	0.02164	0.61427	0.02683	0.02350	0.01703	0.00887	0.00718	0.00224	0.00632	0.00709	0.00864	0.01217
42	0.00916	0.00645	0.00835	0.00974	0.01008	0.00611	0.00634	0.01020	0.01333	0.01777	0.03705	0.61808	0.04427	0.14968	0.01415	0.00367	0.00471	0.01889	0.00634	0.00564
43	0.53318	0.01329	0.01181	0.01047	0.01457	0.01474	0.00839	0.08291	0.01539	0.05654	0.04170	0.11007	0.01637	0.00939	0.00568	0.00230	0.00560	0.00687	0.00535	0.03536
44	0.01034	0.00740	0.01001	0.01156	0.01264	0.00718	0.00907	0.01260	0.01525	0.01998	0.03955	0.36175	0.06400	0.05367	0.01088	0.00332	0.00556	0.33241	0.00662	0.00624
45	0.12909	0.01341	0.01508	0.01243	0.01672	0.01391	0.01002	0.19796	0.05356	0.21598	0.10401	0.05550	0.02280	0.01132	0.02882	0.00252	0.00633	0.00794	0.07249	0.01012
46	0.10810	0.01383	0.01705	0.01321	0.01875	0.01316	0.01091	0.13727	0.02212	0.53080	0.02501	0.02227	0.01607	0.00873	0.00702	0.00224	0.00642	0.00685	0.00827	0.01192
47	0.02563	0.08838	0.02146	0.01785	0.02165	0.62336	0.01365	0.02758	0.01966	0.01769	0.01160	0.01385	0.00985	0.00998	0.04549	0.00239	0.01305	0.00479	0.00370	0.00839
48	0.01247	0.00637	0.00935	0.00935	0.00935	0.00637	0.00617	0.00955	0.00955	0.01274	0.01342	0.02406	0.01369	0.08085	0.02907	0.72810	0.00637	0.00664	0.00325	0.00325
49	0.00994	0.00742	0.00923	0.00878	0.01065	0.00671	0.00658	0.01304	0.01975	0.02720	0.56789	0.05751	0.19727	0.01559	0.00858	0.00232	0.00348	0.01360	0.00775	0.00671
50	0.02172	0.01373	0.01595	0.01343	0.01724	0.01424	0.01051	0.30881	0.02430	0.15870	0.05496	0.22912	0.02664	0.04403	0.00916	0.00262	0.00634	0.01119	0.00735	0.00994
51	0.01560	0.03394	0.55717	0.02377	0.09322	0.04300	0.08612	0.02320	0.01582	0.02292	0.01319	0.01590	0.00960	0.00682	0.00708	0.00229	0.01078	0.00575	0.00320	0.01064
52	0.02612	0.03296	0.02069	0.07348	0.02460	0.66131	0.01452	0.02822	0.02013	0.01785	0.01137	0.01359	0.00939	0.00747	0.00661	0.00192	0.01284	0.00482	0.00371	0.00840
53	0.01966	0.01553	0.04352	0.13474	0.02438	0.01546	0.01308	0.22115	0.08405	0.08225	0.03951	0.05619	0.01651	0.01038	0.02600	0.02103	0.00748	0.00722	0.00583	0.15604
54	0.41623	0.02006	0.15146	0.04244	0.04240	0.05192	0.06189	0.02255	0.01444	0.05559	0.01223	0.01434	0.00921	0.00680	0.00573	0.00219	0.00776	0.00493	0.00422	0.05362
55	0.01336	0.00969	0.01140	0.01113	0.01278	0.00997	0.00790	0.14216	0.04636	0.02434	0.07971	0.38631	0.03735	0.15589	0.01401	0.00351	0.00550	0.01490	0.00652	0.00719
