[name]
unknown

[dist]
# distance from previous block
# <min> <max>
7	15

[block]
# block no. 0 follows, 31 sequences, length 23
# corresponding to MSA columns:
# 15-37
name=unknown_A
#
# <colnr> <probs for GDERKNQSTAVLIFYWHMCP>
#	G	D	E	R	K	N	Q	S	T	A	V	L	I	F	Y	W	H	M	C	P
0	0.13846	0.15579	0.14169	0.01268	0.01830	0.03863	0.01234	0.02452	0.01642	0.26664	0.09296	0.02032	0.01749	0.00788	0.00606	0.00200	0.00670	0.00601	0.00557	0.00953
1	0.02120	0.45949	0.02780	0.01242	0.01763	0.08473	0.01129	0.02441	0.05325	0.17123	0.01482	0.01529	0.01160	0.00874	0.03758	0.00210	0.00782	0.00482	0.00445	0.00932
2	0.01974	0.01386	0.01547	0.01328	0.01761	0.01497	0.01047	0.03436	0.50945	0.17643	0.02656	0.02425	0.01928	0.00881	0.00681	0.00219	0.00548	0.00729	0.00708	0.06659
3	0.03978	0.10628	0.37545	0.02509	0.20311	0.01732	0.09602	0.02135	0.01478	0.02155	0.01222	0.01504	0.00938	0.00624	0.00645	0.00207	0.00932	0.00546	0.00312	0.00997
4	0.02281	0.02341	0.01755	0.01549	0.01924	0.38233	0.01198	0.12164	0.12905	0.07301	0.07069	0.02142	0.01725	0.00869	0.00672	0.00200	0.00916	0.03327	0.00531	0.00899
5	0.02601	0.01916	0.02053	0.01574	0.02122	0.02122	0.01300	0.69408	0.03217	0.04312	0.01643	0.01643	0.01163	0.00821	0.00684	0.00205	0.00753	0.00616	0.00684	0.01163
6	0.00834	0.00595	0.00794	0.00953	0.00992	0.00556	0.00635	0.00953	0.01310	0.01746	0.03771	0.75510	0.04525	0.02143	0.00873	0.00278	0.00397	0.01945	0.00635	0.00556
7	0.01485	0.21552	0.55389	0.01757	0.02663	0.01865	0.02192	0.02137	0.01431	0.02029	0.01159	0.01359	0.00869	0.00634	0.00598	0.00199	0.00942	0.00471	0.00290	0.00978
8	0.01686	0.01652	0.02658	0.11990	0.61052	0.04794	0.02043	0.02088	0.01553	0.02155	0.01269	0.01688	0.01055	0.00622	0.00675	0.00205	0.00843	0.00602	0.00335	0.01034
9	0.00809	0.00693	0.00693	0.00693	0.00924	0.00578	0.00520	0.00982	0.01559	0.01848	0.06931	0.06584	0.71411	0.01733	0.00809	0.00231	0.00347	0.01444	0.00635	0.00578
10	0.01693	0.01626	0.02777	0.04199	0.71689	0.01626	0.02100	0.02100	0.01558	0.02235	0.01287	0.01693	0.01084	0.00610	0.00677	0.00203	0.00813	0.00610	0.00339	0.01084
11	0.01323	0.01248	0.02108	0.68889	0.09893	0.01528	0.01915	0.01775	0.01383	0.01786	0.01221	0.01814	0.00925	0.00678	0.00683	0.00226	0.00904	0.00608	0.00307	0.00785
12	0.01610	0.01830	0.03953	0.02837	0.03499	0.01746	0.66282	0.02168	0.01590	0.02168	0.01363	0.01830	0.01032	0.00603	0.00869	0.00234	0.04327	0.00798	0.00344	0.00915
13	0.00834	0.00595	0.00794	0.00953	0.00992	0.00556	0.00635	0.00953	0.01310	0.01746	0.03771	0.75510	0.04525	0.02143	0.00873	0.00278	0.00397	0.01945	0.00635	0.00556
14	0.03070	0.01164	0.01588	0.01217	0.01746	0.01006	0.01006	0.03334	0.01958	0.72163	0.02699	0.02329	0.01694	0.00847	0.00688	0.00212	0.00582	0.00688	0.00847	0.01164
15	0.02556	0.01894	0.02028	0.01565	0.02105	0.02101	0.01290	0.66163	0.06534	0.04240	0.01699	0.01687	0.01209	0.00827	0.00685	0.00207	0.00742	0.00624	0.00685	0.01159
16	0.66402	0.01403	0.01145	0.00993	0.01430	0.04172	0.00814	0.04939	0.01362	0.10421	0.01171	0.01267	0.00865	0.00668	0.00469	0.00210	0.00570	0.00417	0.00476	0.00805
17	0.02601	0.01916	0.02053	0.01574	0.02122	0.02122	0.01300	0.69408	0.03217	0.04312	0.01643	0.01643	0.01163	0.00821	0.00684	0.00205	0.00753	0.00616	0.00684	0.01163
18	0.80789	0.01323	0.01006	0.00900	0.01323	0.01535	0.00741	0.02011	0.01164	0.03070	0.00953	0.01111	0.00741	0.00635	0.00423	0.00212	0.00529	0.00370	0.00423	0.00741
19	0.01323	0.01248	0.02108	0.68889	0.09893	0.01528	0.01915	0.01775	0.01383	0.01786	0.01221	0.01814	0.00925	0.00678	0.00683	0.00226	0.00904	0.00608	0.00307	0.00785
20	0.02421	0.02991	0.01853	0.01690	0.02026	0.64376	0.01266	0.05457	0.01944	0.01794	0.01298	0.07158	0.01183	0.00824	0.00640	0.00186	0.01147	0.00568	0.00389	0.00790
21	0.00846	0.00601	0.00790	0.00936	0.00973	0.00564	0.00618	0.00956	0.01285	0.01713	0.03642	0.69862	0.04363	0.08013	0.01081	0.00308	0.00418	0.01869	0.00618	0.00544
22	0.00862	0.00595	0.00802	0.00948	0.00984	0.00559	0.00632	0.00948	0.01277	0.01702	0.03565	0.69671	0.04260	0.02162	0.01016	0.06625	0.00413	0.01837	0.00608	0.00535

[dist]
# distance from previous block
# <min> <max>
0	6

[block]
# block no. 1 follows, 31 sequences, length 52
# corresponding to MSA columns:
# 44-95
name=unknown_B
#
# <colnr> <probs for GDERKNQSTAVLIFYWHMCP>
#	G	D	E	R	K	N	Q	S	T	A	V	L	I	F	Y	W	H	M	C	P
0	0.01267	0.01183	0.01985	0.70391	0.04513	0.01468	0.01832	0.01705	0.01365	0.01748	0.01353	0.05763	0.01105	0.00762	0.00694	0.00231	0.00884	0.00679	0.00322	0.00749
1	0.02515	0.01849	0.01983	0.01530	0.02048	0.02044	0.01253	0.65751	0.03098	0.04152	0.01670	0.01794	0.01234	0.04837	0.00834	0.00230	0.00748	0.00636	0.00670	0.01123
2	0.01372	0.03539	0.72412	0.01950	0.02961	0.01589	0.02528	0.02167	0.01444	0.02167	0.01228	0.01444	0.00867	0.00650	0.00650	0.00217	0.01011	0.00506	0.00289	0.01011
3	0.01697	0.01490	0.01680	0.01472	0.01875	0.01703	0.04724	0.03558	0.66773	0.02826	0.02710	0.02515	0.02032	0.00909	0.00702	0.00232	0.00574	0.00775	0.00677	0.01074
4	0.00833	0.00599	0.00790	0.00942	0.00990	0.00557	0.00630	0.00954	0.01320	0.01751	0.03897	0.72760	0.07194	0.02127	0.00871	0.00276	0.00395	0.01925	0.00635	0.00557
5	0.01292	0.01216	0.02052	0.74312	0.04712	0.01520	0.01900	0.01748	0.01368	0.01748	0.01216	0.01824	0.00912	0.00684	0.00684	0.00228	0.00912	0.00608	0.00304	0.00760
6	0.01693	0.01626	0.02777	0.04199	0.71689	0.01626	0.02100	0.02100	0.01558	0.02235	0.01287	0.01693	0.01084	0.00610	0.00677	0.00203	0.00813	0.00610	0.00339	0.01084
7	0.01188	0.00594	0.00891	0.00891	0.00891	0.00594	0.00594	0.00891	0.00891	0.01188	0.01188	0.02080	0.01188	0.02377	0.02674	0.80095	0.00594	0.00594	0.00297	0.00297
8	0.02556	0.03261	0.01939	0.01763	0.02115	0.73210	0.01322	0.02732	0.01939	0.01674	0.01058	0.01234	0.00881	0.00705	0.00617	0.00176	0.01234	0.00441	0.00353	0.00793
9	0.01372	0.03539	0.72412	0.01950	0.02961	0.01589	0.02528	0.02167	0.01444	0.02167	0.01228	0.01444	0.00867	0.00650	0.00650	0.00217	0.01011	0.00506	0.00289	0.01011
10	0.01292	0.01216	0.02052	0.74312	0.04712	0.01520	0.01900	0.01748	0.01368	0.01748	0.01216	0.01824	0.00912	0.00684	0.00684	0.00228	0.00912	0.00608	0.00304	0.00760
11	0.01188	0.00594	0.00891	0.00891	0.00891	0.00594	0.00594	0.00891	0.00891	0.01188	0.01188	0.02080	0.01188	0.02377	0.02674	0.80095	0.00594	0.00594	0.00297	0.00297
12	0.00959	0.00699	0.00901	0.00851	0.01016	0.00641	0.00638	0.01272	0.01914	0.02690	0.67457	0.05199	0.10359	0.01419	0.00807	0.00216	0.00324	0.01250	0.00746	0.00641
13	0.00809	0.00693	0.00693	0.00693	0.00924	0.00578	0.00520	0.00982	0.01559	0.01848	0.06931	0.06584	0.71411	0.01733	0.00809	0.00231	0.00347	0.01444	0.00635	0.00578
14	0.00834	0.00595	0.00794	0.00953	0.00992	0.00556	0.00635	0.00953	0.01310	0.01746	0.03771	0.75510	0.04525	0.02143	0.00873	0.00278	0.00397	0.01945	0.00635	0.00556
15	0.01829	0.76368	0.03585	0.01171	0.01756	0.02707	0.01171	0.02049	0.01390	0.01610	0.00951	0.01097	0.00878	0.00585	0.00439	0.00146	0.00732	0.00366	0.00293	0.00878
16	0.01419	0.01216	0.01419	0.01013	0.01621	0.00912	0.00811	0.01723	0.01419	0.02229	0.01216	0.01419	0.01013	0.00507	0.00507	0.00101	0.00507	0.00405	0.00405	0.80139
17	0.01747	0.01492	0.01572	0.01401	0.01796	0.01723	0.01094	0.06928	0.67087	0.02934	0.02727	0.02507	0.02042	0.00923	0.00696	0.00231	0.00552	0.00766	0.00696	0.01087
18	0.01702	0.01470	0.01547	0.01392	0.01779	0.01702	0.01083	0.03635	0.70453	0.02862	0.02785	0.02553	0.02088	0.00928	0.00696	0.00232	0.00541	0.00773	0.00696	0.01083
19	0.80789	0.01323	0.01006	0.00900	0.01323	0.01535	0.00741	0.02011	0.01164	0.03070	0.00953	0.01111	0.00741	0.00635	0.00423	0.00212	0.00529	0.00370	0.00423	0.00741
20	0.01627	0.01558	0.02657	0.15806	0.60601	0.01608	0.02067	0.02041	0.01526	0.02154	0.01275	0.01715	0.01055	0.00622	0.00678	0.00207	0.00829	0.00609	0.00333	0.01030
21	0.01102	0.00787	0.01102	0.01260	0.01417	0.00787	0.01102	0.01417	0.01575	0.02047	0.03622	0.07717	0.03937	0.01890	0.00945	0.00315	0.00630	0.67084	0.00630	0.00630
22	0.01388	0.06120	0.69972	0.01922	0.02918	0.01628	0.02480	0.02162	0.01442	0.02147	0.01218	0.01432	0.00867	0.00648	0.00643	0.00214	0.01001	0.00501	0.00289	0.01006
23	0.00977	0.00733	0.01100	0.01100	0.01222	0.00855	0.00855	0.01222	0.01100	0.01588	0.01833	0.02688	0.01710	0.05131	0.73245	0.01100	0.01833	0.00733	0.00367	0.00611
24	0.01693	0.01626	0.02777	0.04199	0.71689	0.01626	0.02100	0.02100	0.01558	0.02235	0.01287	0.01693	0.01084	0.00610	0.00677	0.00203	0.00813	0.00610	0.00339	0.01084
25	0.01363	0.00988	0.01103	0.01014	0.01305	0.00993	0.00778	0.02130	0.23709	0.09839	0.15031	0.08454	0.27866	0.01351	0.00763	0.00229	0.00433	0.01144	0.00696	0.00812
26	0.01309	0.01233	0.02083	0.71350	0.07542	0.01524	0.01908	0.01763	0.01376	0.01769	0.01219	0.01818	0.00919	0.00681	0.00684	0.00227	0.00908	0.00608	0.00305	0.00774
27	0.01292	0.01216	0.02052	0.74312	0.04712	0.01520	0.01900	0.01748	0.01368	0.01748	0.01216	0.01824	0.00912	0.00684	0.00684	0.00228	0.00912	0.00608	0.00304	0.00760
28	0.02556	0.03261	0.01939	0.01763	0.02115	0.73210	0.01322	0.02732	0.01939	0.01674	0.01058	0.01234	0.00881	0.00705	0.00617	0.00176	0.01234	0.00441	0.00353	0.00793
29	0.01415	0.10331	0.65993	0.01877	0.02849	0.01693	0.02401	0.02156	0.01439	0.02115	0.01202	0.01412	0.00868	0.00644	0.00630	0.00210	0.00985	0.00493	0.00289	0.00999
30	0.01443	0.01170	0.01382	0.01013	0.01579	0.00892	0.00805	0.01739	0.01454	0.04942	0.03927	0.04545	0.01378	0.00618	0.00539	0.00117	0.00499	0.00508	0.00444	0.71006
31	0.04690	0.01558	0.01615	0.01388	0.01816	0.05214	0.01097	0.11210	0.45825	0.14117	0.02490	0.02296	0.01811	0.00882	0.00680	0.00222	0.00607	0.00711	0.00693	0.01080
32	0.00973	0.00711	0.00852	0.00809	0.01008	0.00631	0.00609	0.01238	0.01796	0.04552	0.45018	0.05578	0.30708	0.01507	0.00804	0.00221	0.00340	0.01298	0.00712	0.00636
33	0.01693	0.01626	0.02777	0.04199	0.71689	0.01626	0.02100	0.02100	0.01558	0.02235	0.01287	0.01693	0.01084	0.00610	0.00677	0.00203	0.00813	0.00610	0.00339	0.01084
34	0.80789	0.01323	0.01006	0.00900	0.01323	0.01535	0.00741	0.02011	0.01164	0.03070	0.00953	0.01111	0.00741	0.00635	0.00423	0.00212	0.00529	0.00370	0.00423	0.00741
35	0.01700	0.01445	0.01521	0.01355	0.01742	0.01651	0.01058	0.07950	0.60958	0.02889	0.03001	0.02776	0.06948	0.00978	0.00703	0.00230	0.00542	0.00810	0.00691	0.01053
36	0.00836	0.00702	0.00731	0.00745	0.00970	0.00597	0.00574	0.01022	0.01561	0.01867	0.06625	0.06689	0.65182	0.01747	0.00821	0.00239	0.00373	0.07504	0.00635	0.00582
37	0.01084	0.00846	0.00924	0.00924	0.01119	0.03119	0.00678	0.01443	0.08299	0.05038	0.16413	0.25882	0.28375	0.01646	0.00805	0.00240	0.00416	0.01425	0.00661	0.00664
38	0.00995	0.00663	0.00746	0.00746	0.00746	0.00663	0.00415	0.00995	0.00995	0.01327	0.02156	0.04477	0.02487	0.75957	0.03482	0.00663	0.00663	0.00995	0.00415	0.00415
39	0.01829	0.76368	0.03585	0.01171	0.01756	0.02707	0.01171	0.02049	0.01390	0.01610	0.00951	0.01097	0.00878	0.00585	0.00439	0.00146	0.00732	0.00366	0.00293	0.00878
40	0.02581	0.03920	0.16516	0.01400	0.02025	0.01279	0.01351	0.07038	0.05339	0.47883	0.02280	0.02077	0.01484	0.00800	0.00673	0.00211	0.00685	0.00640	0.00696	0.01120
41	0.02502	0.03062	0.01917	0.01723	0.02083	0.64945	0.01303	0.07959	0.02009	0.01880	0.01132	0.01319	0.00934	0.00875	0.03265	0.00212	0.01217	0.00465	0.00379	0.00816
42	0.02601	0.01916	0.02053	0.01574	0.02122	0.02122	0.01300	0.69408	0.03217	0.04312	0.01643	0.01643	0.01163	0.00821	0.00684	0.00205	0.00753	0.00616	0.00684	0.01163
43	0.01707	0.01510	0.01538	0.01387	0.01763	0.04436	0.01076	0.03512	0.65199	0.02811	0.05314	0.02598	0.02207	0.00937	0.00697	0.00229	0.00560	0.00778	0.00685	0.01055
44	0.00809	0.00693	0.00693	0.00693	0.00924	0.00578	0.00520	0.00982	0.01559	0.01848	0.06931	0.06584	0.71411	0.01733	0.00809	0.00231	0.00347	0.01444	0.00635	0.00578
45	0.02159	0.01472	0.01649	0.01392	0.01832	0.01604	0.01120	0.19020	0.36349	0.17359	0.02547	0.02601	0.01900	0.00944	0.00707	0.00227	0.00605	0.04704	0.00720	0.01091
46	0.00938	0.00719	0.00868	0.00899	0.01057	0.00673	0.00664	0.01256	0.05744	0.02166	0.25243	0.26001	0.23535	0.01712	0.00829	0.00245	0.00384	0.05765	0.00675	0.00626
47	0.02601	0.01916	0.02053	0.01574	0.02122	0.02122	0.01300	0.69408	0.03217	0.04312	0.01643	0.01643	0.01163	0.00821	0.00684	0.00205	0.00753	0.00616	0.00684	0.01163
48	0.01419	0.01216	0.01419	0.01013	0.01621	0.00912	0.00811	0.01723	0.01419	0.02229	0.01216	0.01419	0.01013	0.00507	0.00507	0.00101	0.00507	0.00405	0.00405	0.80139
49	0.00969	0.00701	0.00926	0.00875	0.01034	0.00658	0.00658	0.01287	0.01886	0.02674	0.67151	0.04965	0.06170	0.01623	0.05161	0.00268	0.00414	0.01207	0.00730	0.00643
50	0.02556	0.03261	0.01939	0.01763	0.02115	0.73210	0.01322	0.02732	0.01939	0.01674	0.01058	0.01234	0.00881	0.00705	0.00617	0.00176	0.01234	0.00441	0.00353	0.00793
51	0.00995	0.00663	0.00746	0.00746	0.00746	0.00663	0.00415	0.00995	0.00995	0.01327	0.02156	0.04477	0.02487	0.75957	0.03482	0.00663	0.00663	0.00995	0.00415	0.00415

[dist]
# distance from previous block
# <min> <max>
0	5

[block]
# block no. 2 follows, 31 sequences, length 8
# corresponding to MSA columns:
# 101-108
name=unknown_C
#
# <colnr> <probs for GDERKNQSTAVLIFYWHMCP>
#	G	D	E	R	K	N	Q	S	T	A	V	L	I	F	Y	W	H	M	C	P
0	0.01681	0.01734	0.02529	0.02028	0.02253	0.07079	0.17095	0.06839	0.01402	0.01970	0.01076	0.01569	0.00949	0.00991	0.01682	0.00268	0.47052	0.00637	0.00342	0.00822
1	0.80789	0.01323	0.01006	0.00900	0.01323	0.01535	0.00741	0.02011	0.01164	0.03070	0.00953	0.01111	0.00741	0.00635	0.00423	0.00212	0.00529	0.00370	0.00423	0.00741
2	0.00877	0.00626	0.00844	0.01002	0.01061	0.00593	0.00711	0.01028	0.01353	0.01795	0.03747	0.64547	0.04430	0.02102	0.00885	0.00284	0.00435	0.12479	0.00634	0.00568
3	0.01440	0.01286	0.01709	0.01221	0.01838	0.01003	0.08407	0.01775	0.01440	0.02225	0.01235	0.01466	0.01016	0.00514	0.00540	0.00116	0.00578	0.00450	0.00399	0.71341
4	0.01693	0.01626	0.02777	0.04199	0.71689	0.01626	0.02100	0.02100	0.01558	0.02235	0.01287	0.01693	0.01084	0.00610	0.00677	0.00203	0.00813	0.00610	0.00339	0.01084
5	0.00977	0.00733	0.01100	0.01100	0.01222	0.00855	0.00855	0.01222	0.01100	0.01588	0.01833	0.02688	0.01710	0.05131	0.73245	0.01100	0.01833	0.00733	0.00367	0.00611
6	0.01998	0.59356	0.03202	0.01308	0.01839	0.19113	0.01206	0.02208	0.01518	0.01625	0.00976	0.01129	0.00879	0.00613	0.00480	0.00153	0.00848	0.00383	0.00307	0.00858
7	0.64097	0.05364	0.01302	0.01032	0.01474	0.05362	0.00854	0.09440	0.01441	0.03058	0.01034	0.01175	0.00802	0.00657	0.00463	0.00206	0.00601	0.00401	0.00442	0.00797

[dist]
# distance from previous block
# <min> <max>
0	4

[block]
# block no. 3 follows, 31 sequences, length 27
# corresponding to MSA columns:
# 113-139
name=unknown_D
#
# <colnr> <probs for GDERKNQSTAVLIFYWHMCP>
#	G	D	E	R	K	N	Q	S	T	A	V	L	I	F	Y	W	H	M	C	P
0	0.00815	0.00693	0.00703	0.00700	0.00928	0.00580	0.00525	0.00995	0.01576	0.01887	0.09724	0.06520	0.68594	0.01718	0.00808	0.00230	0.00345	0.01435	0.00640	0.00580
1	0.74102	0.01339	0.01074	0.00941	0.01374	0.01533	0.00775	0.04723	0.01282	0.06330	0.01061	0.01189	0.00802	0.00652	0.00446	0.00211	0.00540	0.00395	0.00453	0.00777
2	0.01702	0.01470	0.01547	0.01392	0.01779	0.01702	0.01083	0.03635	0.70453	0.02862	0.02785	0.02553	0.02088	0.00928	0.00696	0.00232	0.00541	0.00773	0.00696	0.01083
3	0.01419	0.01216	0.01419	0.01013	0.01621	0.00912	0.00811	0.01723	0.01419	0.02229	0.01216	0.01419	0.01013	0.00507	0.00507	0.00101	0.00507	0.00405	0.00405	0.80139
4	0.01619	0.01829	0.03929	0.02819	0.03498	0.01729	0.66250	0.02254	0.04600	0.02221	0.01445	0.01876	0.01084	0.00592	0.00803	0.00231	0.01127	0.00806	0.00361	0.00930
5	0.01693	0.01626	0.02777	0.04199	0.71689	0.01626	0.02100	0.02100	0.01558	0.02235	0.01287	0.01693	0.01084	0.00610	0.00677	0.00203	0.00813	0.00610	0.00339	0.01084
6	0.01690	0.01635	0.02832	0.04142	0.68735	0.01630	0.05010	0.02104	0.01560	0.02233	0.01291	0.01700	0.01082	0.00608	0.00683	0.00204	0.00828	0.00618	0.00339	0.01077
7	0.01778	0.68293	0.11216	0.01257	0.01890	0.02583	0.01321	0.02062	0.01396	0.01671	0.00982	0.01136	0.00877	0.00592	0.00462	0.00154	0.00763	0.00381	0.00292	0.00893
8	0.00977	0.00733	0.01100	0.01100	0.01222	0.00855	0.00855	0.01222	0.01100	0.01588	0.01833	0.02688	0.01710	0.05131	0.73245	0.01100	0.01833	0.00733	0.00367	0.00611
9	0.00994	0.00666	0.00762	0.00762	0.00767	0.00672	0.00434	0.01005	0.01000	0.01338	0.02141	0.04397	0.02453	0.72799	0.06593	0.00683	0.00715	0.00983	0.00412	0.00423
10	0.00834	0.00595	0.00794	0.00953	0.00992	0.00556	0.00635	0.00953	0.01310	0.01746	0.03771	0.75510	0.04525	0.02143	0.00873	0.00278	0.00397	0.01945	0.00635	0.00556
11	0.01336	0.00696	0.00702	0.00680	0.00858	0.00705	0.00516	0.04694	0.01516	0.02631	0.02205	0.02509	0.01727	0.00798	0.00488	0.00162	0.00339	0.00637	0.76140	0.00662
12	0.03070	0.01164	0.01588	0.01217	0.01746	0.01006	0.01006	0.03334	0.01958	0.72163	0.02699	0.02329	0.01694	0.00847	0.00688	0.00212	0.00582	0.00688	0.00847	0.01164
13	0.01372	0.03539	0.72412	0.01950	0.02961	0.01589	0.02528	0.02167	0.01444	0.02167	0.01228	0.01444	0.00867	0.00650	0.00650	0.00217	0.01011	0.00506	0.00289	0.01011
14	0.01702	0.01470	0.01547	0.01392	0.01779	0.01702	0.01083	0.03635	0.70453	0.02862	0.02785	0.02553	0.02088	0.00928	0.00696	0.00232	0.00541	0.00773	0.00696	0.01083
15	0.01419	0.01216	0.01419	0.01013	0.01621	0.00912	0.00811	0.01723	0.01419	0.02229	0.01216	0.01419	0.01013	0.00507	0.00507	0.00101	0.00507	0.00405	0.00405	0.80139
16	0.76748	0.01315	0.01036	0.00916	0.01345	0.01507	0.00755	0.02080	0.01206	0.06662	0.01043	0.01175	0.00790	0.00646	0.00437	0.00212	0.00532	0.00387	0.00445	0.00763
17	0.03070	0.01164	0.01588	0.01217	0.01746	0.01006	0.01006	0.03334	0.01958	0.72163	0.02699	0.02329	0.01694	0.00847	0.00688	0.00212	0.00582	0.00688	0.00847	0.01164
18	0.02952	0.01191	0.01584	0.01232	0.01749	0.01065	0.01012	0.03360	0.07854	0.66197	0.02706	0.02348	0.01728	0.00854	0.00689	0.00213	0.00579	0.00695	0.00834	0.01157
19	0.01403	0.01329	0.02253	0.54903	0.23253	0.01549	0.01955	0.01845	0.01421	0.01883	0.01236	0.01788	0.00960	0.00663	0.00682	0.00221	0.00885	0.00608	0.00314	0.00850
20	0.03070	0.01164	0.01588	0.01217	0.01746	0.01006	0.01006	0.03334	0.01958	0.72163	0.02699	0.02329	0.01694	0.00847	0.00688	0.00212	0.00582	0.00688	0.00847	0.01164
21	0.01188	0.00594	0.00891	0.00891	0.00891	0.00594	0.00594	0.00891	0.00891	0.01188	0.01188	0.02080	0.01188	0.02377	0.02674	0.80095	0.00594	0.00594	0.00297	0.00297
22	0.00968	0.00699	0.00914	0.00861	0.01022	0.00646	0.00646	0.01291	0.01937	0.02743	0.71328	0.05110	0.06455	0.01399	0.00807	0.00215	0.00323	0.01237	0.00753	0.00646
23	0.02513	0.01767	0.01926	0.01508	0.02029	0.01938	0.01235	0.52228	0.13423	0.11343	0.01931	0.01856	0.01362	0.00840	0.00687	0.00210	0.00702	0.00648	0.00704	0.01151
24	0.01702	0.01470	0.01547	0.01392	0.01779	0.01702	0.01083	0.03635	0.70453	0.02862	0.02785	0.02553	0.02088	0.00928	0.00696	0.00232	0.00541	0.00773	0.00696	0.01083
25	0.00834	0.00595	0.00794	0.00953	0.00992	0.00556	0.00635	0.00953	0.01310	0.01746	0.03771	0.75510	0.04525	0.02143	0.00873	0.00278	0.00397	0.01945	0.00635	0.00556
26	0.01519	0.01562	0.02461	0.02001	0.02131	0.02027	0.14251	0.01749	0.01155	0.01749	0.00990	0.01562	0.00924	0.01080	0.01974	0.00286	0.60849	0.00638	0.00308	0.00781

[dist]
# distance from previous block
# <min> <max>
0	17

[block]
# block no. 4 follows, 31 sequences, length 76
# corresponding to MSA columns:
# 157-232
name=unknown_E
#
# <colnr> <probs for GDERKNQSTAVLIFYWHMCP>
#	G	D	E	R	K	N	Q	S	T	A	V	L	I	F	Y	W	H	M	C	P
0	0.03070	0.01164	0.01588	0.01217	0.01746	0.01006	0.01006	0.03334	0.01958	0.72163	0.02699	0.02329	0.01694	0.00847	0.00688	0.00212	0.00582	0.00688	0.00847	0.01164
1	0.01855	0.01490	0.01592	0.01398	0.01806	0.01698	0.01097	0.09185	0.60911	0.06882	0.02683	0.02463	0.01988	0.00915	0.00695	0.00229	0.00562	0.00755	0.00704	0.01094
2	0.01591	0.01808	0.03940	0.02826	0.03499	0.01695	0.67161	0.02155	0.01606	0.02178	0.01455	0.04041	0.01142	0.00623	0.00809	0.00232	0.01131	0.00841	0.00355	0.00912
3	0.00834	0.00595	0.00794	0.00953	0.00992	0.00556	0.00635	0.00953	0.01310	0.01746	0.03771	0.75510	0.04525	0.02143	0.00873	0.00278	0.00397	0.01945	0.00635	0.00556
4	0.00968	0.00699	0.00914	0.00861	0.01022	0.00646	0.00646	0.01291	0.01937	0.02743	0.71328	0.05110	0.06455	0.01399	0.00807	0.00215	0.00323	0.01237	0.00753	0.00646
5	0.00834	0.00595	0.00794	0.00953	0.00992	0.00556	0.00635	0.00953	0.01310	0.01746	0.03771	0.75510	0.04525	0.02143	0.00873	0.00278	0.00397	0.01945	0.00635	0.00556
6	0.01625	0.01555	0.02653	0.16201	0.60224	0.01607	0.02065	0.02039	0.01525	0.02152	0.01275	0.01716	0.01054	0.00622	0.00678	0.00207	0.00830	0.00609	0.00333	0.01028
7	0.03070	0.01164	0.01588	0.01217	0.01746	0.01006	0.01006	0.03334	0.01958	0.72163	0.02699	0.02329	0.01694	0.00847	0.00688	0.00212	0.00582	0.00688	0.00847	0.01164
8	0.01497	0.01497	0.02095	0.01796	0.01796	0.02095	0.01497	0.01646	0.01048	0.01646	0.00898	0.01497	0.00898	0.01197	0.02245	0.00299	0.74704	0.00599	0.00299	0.00748
9	0.01693	0.01626	0.02777	0.04199	0.71689	0.01626	0.02100	0.02100	0.01558	0.02235	0.01287	0.01693	0.01084	0.00610	0.00677	0.00203	0.00813	0.00610	0.00339	0.01084
10	0.01397	0.07488	0.68679	0.01908	0.02896	0.01649	0.02454	0.02160	0.01441	0.02136	0.01213	0.01426	0.00867	0.00646	0.00639	0.00213	0.00996	0.00498	0.00289	0.01004
11	0.03070	0.01164	0.01588	0.01217	0.01746	0.01006	0.01006	0.03334	0.01958	0.72163	0.02699	0.02329	0.01694	0.00847	0.00688	0.00212	0.00582	0.00688	0.00847	0.01164
12	0.00968	0.00699	0.00914	0.00861	0.01022	0.00646	0.00646	0.01291	0.01937	0.02743	0.71328	0.05110	0.06455	0.01399	0.00807	0.00215	0.00323	0.01237	0.00753	0.00646
13	0.02389	0.08264	0.09056	0.01741	0.02175	0.61292	0.01431	0.02629	0.01852	0.01719	0.01067	0.01245	0.00880	0.00691	0.00608	0.00178	0.01177	0.00442	0.00342	0.00821
14	0.02552	0.01892	0.02026	0.01564	0.02103	0.02099	0.01289	0.65841	0.06863	0.04233	0.01704	0.01692	0.01214	0.00827	0.00685	0.00207	0.00741	0.00624	0.00685	0.01159
15	0.00834	0.00595	0.00794	0.00953	0.00992	0.00556	0.00635	0.00953	0.01310	0.01746	0.03771	0.75510	0.04525	0.02143	0.00873	0.00278	0.00397	0.01945	0.00635	0.00556
16	0.02628	0.01872	0.02026	0.01553	0.02100	0.02056	0.01283	0.65552	0.03143	0.08271	0.01704	0.01683	0.01194	0.00823	0.00685	0.00206	0.00743	0.00620	0.00694	0.01164
17	0.80789	0.01323	0.01006	0.00900	0.01323	0.01535	0.00741	0.02011	0.01164	0.03070	0.00953	0.01111	0.00741	0.00635	0.00423	0.00212	0.00529	0.00370	0.00423	0.00741
18	0.02520	0.02874	0.01943	0.01702	0.02099	0.53978	0.01304	0.17244	0.05866	0.02310	0.01276	0.01393	0.01007	0.00742	0.00636	0.00186	0.01093	0.00496	0.00443	0.00889
19	0.76227	0.01358	0.01067	0.00939	0.01370	0.01569	0.00774	0.05944	0.01284	0.03142	0.00993	0.01142	0.00766	0.00646	0.00439	0.00211	0.00542	0.00385	0.00439	0.00766
20	0.02601	0.01916	0.02053	0.01574	0.02122	0.02122	0.01300	0.69408	0.03217	0.04312	0.01643	0.01643	0.01163	0.00821	0.00684	0.00205	0.00753	0.00616	0.00684	0.01163
21	0.02688	0.01271	0.01592	0.01276	0.01768	0.01229	0.01036	0.05639	0.20335	0.51328	0.02686	0.02365	0.01781	0.00868	0.00690	0.00217	0.00577	0.00708	0.00801	0.01142
22	0.01691	0.01610	0.02633	0.03664	0.56612	0.01643	0.05249	0.02361	0.13098	0.02338	0.01542	0.01845	0.01250	0.00661	0.00687	0.00209	0.00784	0.00647	0.00399	0.01076
23	0.00834	0.00595	0.00794	0.00953	0.00992	0.00556	0.00635	0.00953	0.01310	0.01746	0.03771	0.75510	0.04525	0.02143	0.00873	0.00278	0.00397	0.01945	0.00635	0.00556
24	0.80789	0.01323	0.01006	0.00900	0.01323	0.01535	0.00741	0.02011	0.01164	0.03070	0.00953	0.01111	0.00741	0.00635	0.00423	0.00212	0.00529	0.00370	0.00423	0.00741
25	0.01678	0.01443	0.01530	0.01387	0.01765	0.01666	0.01084	0.03549	0.67766	0.02830	0.02817	0.02754	0.02161	0.00966	0.00706	0.00235	0.00545	0.03360	0.00694	0.01065
26	0.00964	0.00699	0.00908	0.00856	0.01019	0.00644	0.00642	0.01282	0.01925	0.02717	0.69426	0.05154	0.08374	0.01409	0.00807	0.00216	0.00323	0.01243	0.00750	0.00644
27	0.03042	0.01208	0.01615	0.01238	0.01768	0.01071	0.01023	0.07189	0.02032	0.68204	0.02637	0.02289	0.01663	0.00845	0.00688	0.00211	0.00592	0.00684	0.00837	0.01164
28	0.02018	0.01399	0.01556	0.01352	0.01771	0.01540	0.01065	0.03566	0.54593	0.18908	0.02765	0.02501	0.01997	0.00909	0.00694	0.00227	0.00551	0.00754	0.00731	0.01102
29	0.00968	0.00699	0.00914	0.00861	0.01022	0.00646	0.00646	0.01291	0.01937	0.02743	0.71328	0.05110	0.06455	0.01399	0.00807	0.00215	0.00323	0.01237	0.00753	0.00646
30	0.00968	0.00699	0.00914	0.00861	0.01022	0.00646	0.00646	0.01291	0.01937	0.02743	0.71328	0.05110	0.06455	0.01399	0.00807	0.00215	0.00323	0.01237	0.00753	0.00646
31	0.02974	0.01208	0.01601	0.01240	0.01761	0.01084	0.01020	0.05590	0.05997	0.65821	0.02668	0.02318	0.01699	0.00851	0.00688	0.00213	0.00586	0.00691	0.00832	0.01160
32	0.03070	0.01164	0.01588	0.01217	0.01746	0.01006	0.01006	0.03334	0.01958	0.72163	0.02699	0.02329	0.01694	0.00847	0.00688	0.00212	0.00582	0.00688	0.00847	0.01164
33	0.03070	0.01164	0.01588	0.01217	0.01746	0.01006	0.01006	0.03334	0.01958	0.72163	0.02699	0.02329	0.01694	0.00847	0.00688	0.00212	0.00582	0.00688	0.00847	0.01164
34	0.02556	0.03261	0.01939	0.01763	0.02115	0.73210	0.01322	0.02732	0.01939	0.01674	0.01058	0.01234	0.00881	0.00705	0.00617	0.00176	0.01234	0.00441	0.00353	0.00793
35	0.02601	0.01916	0.02053	0.01574	0.02122	0.02122	0.01300	0.69408	0.03217	0.04312	0.01643	0.01643	0.01163	0.00821	0.00684	0.00205	0.00753	0.00616	0.00684	0.01163
36	0.01702	0.01470	0.01547	0.01392	0.01779	0.01702	0.01083	0.03635	0.70453	0.02862	0.02785	0.02553	0.02088	0.00928	0.00696	0.00232	0.00541	0.00773	0.00696	0.01083
37	0.03070	0.01164	0.01588	0.01217	0.01746	0.01006	0.01006	0.03334	0.01958	0.72163	0.02699	0.02329	0.01694	0.00847	0.00688	0.00212	0.00582	0.00688	0.00847	0.01164
38	0.01117	0.00848	0.01291	0.03323	0.03567	0.00819	0.07368	0.04442	0.01463	0.04647	0.03253	0.57818	0.03716	0.01793	0.00840	0.00264	0.00521	0.01646	0.00600	0.00665
39	0.01372	0.03539	0.72412	0.01950	0.02961	0.01589	0.02528	0.02167	0.01444	0.02167	0.01228	0.01444	0.00867	0.00650	0.00650	0.00217	0.01011	0.00506	0.00289	0.01011
40	0.02043	0.01042	0.01188	0.00988	0.01329	0.01039	0.00791	0.15700	0.01939	0.22372	0.02244	0.02306	0.01618	0.00816	0.00578	0.00183	0.00480	0.00647	0.41807	0.00891
41	0.02541	0.01872	0.02011	0.01553	0.02083	0.02069	0.01278	0.67093	0.03152	0.04225	0.01715	0.04141	0.01277	0.00866	0.00691	0.00208	0.00741	0.00661	0.00683	0.01143
42	0.01653	0.01585	0.02705	0.11169	0.65031	0.01615	0.02080	0.02065	0.01539	0.02187	0.01280	0.01706	0.01067	0.00617	0.00678	0.00206	0.00823	0.00609	0.00335	0.01052
43	0.01404	0.08606	0.67624	0.01896	0.02877	0.01667	0.02433	0.02158	0.01441	0.02128	0.01209	0.01420	0.00867	0.00645	0.00635	0.00212	0.00992	0.00496	0.00289	0.01002
44	0.00818	0.00693	0.00705	0.00702	0.00930	0.00581	0.00527	0.00999	0.01581	0.01898	0.10536	0.06502	0.67775	0.01714	0.00808	0.00230	0.00345	0.01432	0.00642	0.00581
45	0.01413	0.03255	0.60962	0.02106	0.03064	0.01613	0.13694	0.02171	0.01473	0.02171	0.01254	0.01512	0.00895	0.00638	0.00676	0.00219	0.01035	0.00556	0.00298	0.00996
46	0.03009	0.01166	0.01603	0.03701	0.01847	0.01023	0.01036	0.03280	0.01938	0.69770	0.02649	0.02311	0.01667	0.00841	0.00688	0.00212	0.00593	0.00685	0.00828	0.01151
47	0.03070	0.01164	0.01588	0.01217	0.01746	0.01006	0.01006	0.03334	0.01958	0.72163	0.02699	0.02329	0.01694	0.00847	0.00688	0.00212	0.00582	0.00688	0.00847	0.01164
48	0.01088	0.00777	0.01086	0.01243	0.01394	0.00775	0.01077	0.01392	0.01561	0.02031	0.03630	0.11394	0.03969	0.01904	0.00941	0.00313	0.00617	0.63551	0.00630	0.00626
49	0.01607	0.01783	0.03685	0.02865	0.09382	0.01766	0.54889	0.02116	0.01540	0.02128	0.01315	0.01789	0.01025	0.00656	0.00974	0.00237	0.10223	0.00764	0.00340	0.00915
50	0.00832	0.00694	0.00726	0.00718	0.00939	0.00588	0.00538	0.01028	0.01615	0.01980	0.16448	0.06366	0.61811	0.01683	0.00808	0.00229	0.00343	0.01413	0.00653	0.00588
51	0.02675	0.01723	0.01924	0.01483	0.02020	0.01844	0.01223	0.51360	0.05545	0.20153	0.01935	0.01839	0.01324	0.00831	0.00686	0.00208	0.00705	0.00639	0.00723	0.01161
52	0.00948	0.00695	0.00968	0.05334	0.01349	0.00688	0.00862	0.01151	0.01400	0.01845	0.03573	0.48981	0.04121	0.01975	0.00886	0.00287	0.00503	0.23227	0.00614	0.00592
53	0.01314	0.01238	0.02091	0.70510	0.08344	0.01526	0.01911	0.01767	0.01378	0.01774	0.01220	0.01817	0.00921	0.00680	0.00684	0.00227	0.00907	0.00608	0.00306	0.00778
54	0.02407	0.02963	0.01939	0.01740	0.02106	0.60935	0.03134	0.02848	0.11828	0.01860	0.01316	0.01441	0.01060	0.00734	0.00634	0.00186	0.01132	0.00499	0.00402	0.00839
55	0.02946	0.01182	0.01579	0.01222	0.01736	0.01049	0.01005	0.05126	0.04320	0.65815	0.04749	0.02401	0.01836	0.00866	0.00692	0.00212	0.00578	0.00706	0.00834	0.01146
56	0.00834	0.00595	0.00794	0.00953	0.00992	0.00556	0.00635	0.00953	0.01310	0.01746	0.03771	0.75510	0.04525	0.02143	0.00873	0.00278	0.00397	0.01945	0.00635	0.00556
57	0.65228	0.01438	0.03384	0.01483	0.13155	0.01552	0.01021	0.02030	0.01238	0.02903	0.01017	0.01219	0.00802	0.00631	0.00473	0.00210	0.00591	0.00414	0.00405	0.00806
58	0.01728	0.00994	0.01237	0.01132	0.01446	0.00951	0.00928	0.09203	0.03732	0.21169	0.07495	0.09043	0.16747	0.01424	0.00802	0.00249	0.00541	0.19645	0.00704	0.00830
59	0.01136	0.00868	0.01083	0.01115	0.01319	0.00880	0.00915	0.01709	0.13206	0.02353	0.22255	0.06025	0.11295	0.01579	0.00852	0.00265	0.00502	0.31263	0.00675	0.00705
60	0.01710	0.01222	0.01308	0.01219	0.01525	0.08109	0.00955	0.02254	0.14476	0.16272	0.02990	0.19484	0.05114	0.01327	0.00760	0.00237	0.00593	0.12884	0.00643	0.06917
61	0.02463	0.03013	0.01986	0.01754	0.02131	0.62426	0.03916	0.07830	0.02012	0.01905	0.01318	0.01473	0.03336	0.00744	0.00636	0.00182	0.01163	0.00503	0.00388	0.00819
62	0.01522	0.01453	0.02457	0.32833	0.41894	0.01598	0.01997	0.01940	0.01463	0.02016	0.01245	0.01740	0.01007	0.00660	0.00733	0.00217	0.03352	0.00609	0.00323	0.00940
63	0.01667	0.01267	0.01428	0.01164	0.01627	0.01224	0.00920	0.05834	0.26401	0.09369	0.06429	0.02532	0.07145	0.00852	0.00641	0.00181	0.00516	0.00703	0.00604	0.29497
64	0.01446	0.01217	0.01340	0.01111	0.01546	0.01169	0.00870	0.06085	0.24575	0.02499	0.05207	0.05099	0.13412	0.00951	0.00652	0.00182	0.00496	0.00790	0.00576	0.30778
65	0.01811	0.73548	0.06251	0.01201	0.01803	0.02664	0.01223	0.02053	0.01392	0.01631	0.00962	0.01111	0.00878	0.00588	0.00447	0.00149	0.00742	0.00371	0.00293	0.00883
66	0.66597	0.01318	0.01097	0.00956	0.01371	0.01497	0.00777	0.06628	0.01341	0.07091	0.01167	0.01401	0.00920	0.04745	0.00622	0.00236	0.00555	0.00440	0.00465	0.00777
67	0.01428	0.01247	0.01548	0.01106	0.01718	0.00952	0.04194	0.01746	0.01428	0.02227	0.01224	0.01440	0.01015	0.00510	0.00522	0.00108	0.00539	0.00425	0.00402	0.76220
68	0.01037	0.00741	0.01026	0.01177	0.01308	0.00730	0.00981	0.01308	0.01528	0.02004	0.06036	0.22934	0.04159	0.01930	0.00924	0.00303	0.00567	0.50060	0.00635	0.00614
69	0.01829	0.76368	0.03585	0.01171	0.01756	0.02707	0.01171	0.02049	0.01390	0.01610	0.00951	0.01097	0.00878	0.00585	0.00439	0.00146	0.00732	0.00366	0.00293	0.00878
70	0.01829	0.76368	0.03585	0.01171	0.01756	0.02707	0.01171	0.02049	0.01390	0.01610	0.00951	0.01097	0.00878	0.00585	0.00439	0.00146	0.00732	0.00366	0.00293	0.00878
71	0.00902	0.00652	0.00837	0.00965	0.01022	0.00631	0.00652	0.01106	0.04708	0.01770	0.03556	0.62431	0.04180	0.09438	0.01127	0.00315	0.00439	0.04082	0.00616	0.00570
72	0.02119	0.01489	0.01643	0.01391	0.01833	0.01642	0.01106	0.15038	0.45681	0.16325	0.02569	0.02351	0.01852	0.00894	0.00693	0.00224	0.00586	0.00730	0.00723	0.01112
73	0.00815	0.00693	0.00702	0.00700	0.00928	0.00580	0.00525	0.00994	0.01574	0.01883	0.09420	0.06527	0.68901	0.01720	0.00809	0.00230	0.00346	0.01436	0.00640	0.00580
74	0.01102	0.00787	0.01102	0.01260	0.01417	0.00787	0.01102	0.01417	0.01575	0.02047	0.03622	0.07717	0.03937	0.01890	0.00945	0.00315	0.00630	0.67084	0.00630	0.00630
75	0.01680	0.01612	0.02752	0.06574	0.69420	0.01622	0.02093	0.02088	0.01551	0.02219	0.01284	0.01698	0.01078	0.00612	0.00678	0.00204	0.00816	0.00610	0.00337	0.01073

[dist]
# distance from previous block
# <min> <max>
0	16

[block]
# block no. 5 follows, 31 sequences, length 66
# corresponding to MSA columns:
# 249-314
name=unknown_F
#
# <colnr> <probs for GDERKNQSTAVLIFYWHMCP>
#	G	D	E	R	K	N	Q	S	T	A	V	L	I	F	Y	W	H	M	C	P
0	0.01372	0.03539	0.72412	0.01950	0.02961	0.01589	0.02528	0.02167	0.01444	0.02167	0.01228	0.01444	0.00867	0.00650	0.00650	0.00217	0.01011	0.00506	0.00289	0.01011
1	0.01702	0.01470	0.01547	0.01392	0.01779	0.01702	0.01083	0.03635	0.70453	0.02862	0.02785	0.02553	0.02088	0.00928	0.00696	0.00232	0.00541	0.00773	0.00696	0.01083
2	0.00834	0.00595	0.00794	0.00953	0.00992	0.00556	0.00635	0.00953	0.01310	0.01746	0.03771	0.75510	0.04525	0.02143	0.00873	0.00278	0.00397	0.01945	0.00635	0.00556
3	0.01362	0.01288	0.02179	0.61995	0.16478	0.01539	0.01935	0.01810	0.01401	0.01834	0.01228	0.01801	0.00942	0.00671	0.00683	0.00224	0.00895	0.00608	0.00310	0.00817
4	0.00968	0.00699	0.00914	0.00861	0.01022	0.00646	0.00646	0.01291	0.01937	0.02743	0.71328	0.05110	0.06455	0.01399	0.00807	0.00215	0.00323	0.01237	0.00753	0.00646
5	0.01693	0.01626	0.02777	0.04199	0.71689	0.01626	0.02100	0.02100	0.01558	0.02235	0.01287	0.01693	0.01084	0.00610	0.00677	0.00203	0.00813	0.00610	0.00339	0.01084
6	0.01829	0.76368	0.03585	0.01171	0.01756	0.02707	0.01171	0.02049	0.01390	0.01610	0.00951	0.01097	0.00878	0.00585	0.00439	0.00146	0.00732	0.00366	0.00293	0.00878
7	0.01387	0.05910	0.70170	0.01925	0.02922	0.01625	0.02484	0.02163	0.01443	0.02148	0.01219	0.01433	0.00867	0.00648	0.00643	0.00214	0.01002	0.00501	0.00289	0.01007
8	0.01372	0.03539	0.72412	0.01950	0.02961	0.01589	0.02528	0.02167	0.01444	0.02167	0.01228	0.01444	0.00867	0.00650	0.00650	0.00217	0.01011	0.00506	0.00289	0.01011
9	0.00834	0.00595	0.00794	0.00953	0.00992	0.00556	0.00635	0.00953	0.01310	0.01746	0.03771	0.75510	0.04525	0.02143	0.00873	0.00278	0.00397	0.01945	0.00635	0.00556
10	0.01607	0.01823	0.03911	0.02813	0.03460	0.01754	0.64826	0.02156	0.01578	0.02156	0.01353	0.01823	0.01029	0.00617	0.00900	0.00235	0.05910	0.00794	0.00343	0.00911
11	0.02466	0.03101	0.01987	0.01884	0.05538	0.66510	0.01368	0.02652	0.01880	0.01701	0.01062	0.01268	0.00892	0.00722	0.00692	0.00183	0.04481	0.00456	0.00349	0.00805
12	0.00834	0.00595	0.00794	0.00953	0.00992	0.00556	0.00635	0.00953	0.01310	0.01746	0.03771	0.75510	0.04525	0.02143	0.00873	0.00278	0.00397	0.01945	0.00635	0.00556
13	0.03008	0.01264	0.01649	0.01264	0.01796	0.01153	0.01044	0.12058	0.02124	0.63205	0.02560	0.02238	0.01624	0.00843	0.00688	0.00211	0.00605	0.00678	0.00825	0.01164
14	0.01309	0.01233	0.02082	0.71384	0.07509	0.01524	0.01908	0.01763	0.01376	0.01768	0.01219	0.01819	0.00919	0.00681	0.00684	0.00227	0.00908	0.00608	0.00305	0.00774
15	0.01675	0.45492	0.30458	0.01488	0.02239	0.02251	0.01706	0.04256	0.01470	0.01914	0.01082	0.01251	0.00883	0.00618	0.00529	0.00176	0.00842	0.00428	0.00304	0.00939
16	0.00846	0.00629	0.00789	0.00887	0.00982	0.00572	0.00613	0.01003	0.01442	0.01897	0.13190	0.52207	0.18521	0.01962	0.00851	0.00260	0.00377	0.01750	0.00650	0.00572
17	0.01292	0.01216	0.02052	0.74312	0.04712	0.01520	0.01900	0.01748	0.01368	0.01748	0.01216	0.01824	0.00912	0.00684	0.00684	0.00228	0.00912	0.00608	0.00304	0.00760
18	0.02999	0.01277	0.01657	0.01271	0.01803	0.01173	0.01050	0.13231	0.02147	0.62000	0.02541	0.02226	0.01614	0.00843	0.00687	0.00211	0.00608	0.00677	0.00822	0.01164
19	0.01292	0.01216	0.02052	0.74312	0.04712	0.01520	0.01900	0.01748	0.01368	0.01748	0.01216	0.01824	0.00912	0.00684	0.00684	0.00228	0.00912	0.00608	0.00304	0.00760
20	0.01829	0.76368	0.03585	0.01171	0.01756	0.02707	0.01171	0.02049	0.01390	0.01610	0.00951	0.01097	0.00878	0.00585	0.00439	0.00146	0.00732	0.00366	0.00293	0.00878
21	0.02524	0.01866	0.02003	0.01551	0.02080	0.02066	0.01275	0.65414	0.05374	0.04195	0.01737	0.03650	0.01284	0.00860	0.00690	0.00208	0.00736	0.00657	0.00683	0.01145
22	0.01653	0.01333	0.01453	0.01333	0.01691	0.01500	0.01054	0.03219	0.55217	0.06196	0.03087	0.03370	0.05719	0.01081	0.00732	0.00241	0.00545	0.08879	0.00693	0.01007
23	0.00816	0.00693	0.00704	0.00701	0.00929	0.00581	0.00526	0.00997	0.01578	0.01892	0.10112	0.06511	0.68202	0.01716	0.00808	0.00230	0.00345	0.01434	0.00641	0.00581
24	0.01663	0.01623	0.02631	0.15163	0.58477	0.04335	0.02039	0.02068	0.01542	0.02137	0.01267	0.01696	0.01049	0.00625	0.00676	0.00206	0.00844	0.00603	0.00334	0.01022
25	0.01476	0.20110	0.56751	0.01773	0.02687	0.01843	0.02219	0.02140	0.01432	0.02040	0.01165	0.01365	0.00869	0.00635	0.00602	0.00201	0.00948	0.00474	0.00290	0.00981
26	0.00818	0.00656	0.00732	0.00792	0.00950	0.00569	0.00564	0.00971	0.01464	0.01809	0.05720	0.32983	0.45793	0.01890	0.00833	0.00249	0.00366	0.01636	0.00635	0.00569
27	0.03070	0.01164	0.01588	0.01217	0.01746	0.01006	0.01006	0.03334	0.01958	0.72163	0.02699	0.02329	0.01694	0.00847	0.00688	0.00212	0.00582	0.00688	0.00847	0.01164
28	0.01598	0.41469	0.34130	0.01515	0.02275	0.02148	0.01764	0.02074	0.01405	0.01857	0.01103	0.01304	0.00900	0.00764	0.02931	0.00209	0.00892	0.00440	0.00293	0.00928
29	0.01691	0.01633	0.02817	0.04157	0.69523	0.01629	0.04234	0.02103	0.01560	0.02234	0.01290	0.01698	0.01082	0.00609	0.00681	0.00204	0.00824	0.00616	0.00339	0.01079
30	0.00834	0.00595	0.00794	0.00953	0.00992	0.00556	0.00635	0.00953	0.01310	0.01746	0.03771	0.75510	0.04525	0.02143	0.00873	0.00278	0.00397	0.01945	0.00635	0.00556
31	0.02469	0.01851	0.01979	0.01547	0.02071	0.02060	0.01268	0.59756	0.13084	0.04099	0.01810	0.01776	0.01299	0.00837	0.00686	0.00209	0.00722	0.00639	0.00686	0.01152
32	0.01393	0.06778	0.69350	0.01915	0.02907	0.01639	0.02467	0.02161	0.01442	0.02142	0.01215	0.01429	0.00867	0.00647	0.00641	0.00214	0.00999	0.00499	0.00289	0.01005
33	0.01702	0.01470	0.01547	0.01392	0.01779	0.01702	0.01083	0.03635	0.70453	0.02862	0.02785	0.02553	0.02088	0.00928	0.00696	0.00232	0.00541	0.00773	0.00696	0.01083
34	0.03070	0.01164	0.01588	0.01217	0.01746	0.01006	0.01006	0.03334	0.01958	0.72163	0.02699	0.02329	0.01694	0.00847	0.00688	0.00212	0.00582	0.00688	0.00847	0.01164
35	0.01376	0.06916	0.59928	0.01873	0.02780	0.01579	0.05664	0.02094	0.01489	0.02185	0.06679	0.01732	0.01311	0.00701	0.00659	0.00214	0.00951	0.00571	0.00328	0.00971
36	0.03053	0.01191	0.01604	0.01230	0.01760	0.01046	0.01016	0.05700	0.02003	0.69733	0.02661	0.02304	0.01675	0.00846	0.00688	0.00211	0.00588	0.00685	0.00841	0.01164
37	0.03070	0.01164	0.01588	0.01217	0.01746	0.01006	0.01006	0.03334	0.01958	0.72163	0.02699	0.02329	0.01694	0.00847	0.00688	0.00212	0.00582	0.00688	0.00847	0.01164
38	0.01324	0.03028	0.58244	0.01834	0.02702	0.01455	0.05618	0.02037	0.01527	0.02254	0.11736	0.02014	0.01712	0.00758	0.00681	0.00217	0.00915	0.00630	0.00361	0.00952
39	0.02993	0.01286	0.01663	0.01275	0.01807	0.01187	0.01053	0.14064	0.02163	0.61144	0.02527	0.02217	0.01607	0.00843	0.00687	0.00211	0.00610	0.00676	0.00820	0.01164
40	0.03070	0.01164	0.01588	0.01217	0.01746	0.01006	0.01006	0.03334	0.01958	0.72163	0.02699	0.02329	0.01694	0.00847	0.00688	0.00212	0.00582	0.00688	0.00847	0.01164
41	0.03070	0.01164	0.01588	0.01217	0.01746	0.01006	0.01006	0.03334	0.01958	0.72163	0.02699	0.02329	0.01694	0.00847	0.00688	0.00212	0.00582	0.00688	0.00847	0.01164
42	0.02492	0.01842	0.01980	0.01540	0.02060	0.02038	0.01263	0.64142	0.05402	0.04149	0.01776	0.04959	0.01344	0.00884	0.00693	0.00209	0.00730	0.00680	0.00683	0.01134
43	0.03070	0.01164	0.01588	0.01217	0.01746	0.01006	0.01006	0.03334	0.01958	0.72163	0.02699	0.02329	0.01694	0.00847	0.00688	0.00212	0.00582	0.00688	0.00847	0.01164
44	0.03070	0.01164	0.01588	0.01217	0.01746	0.01006	0.01006	0.03334	0.01958	0.72163	0.02699	0.02329	0.01694	0.00847	0.00688	0.00212	0.00582	0.00688	0.00847	0.01164
45	0.01463	0.01481	0.02359	0.01929	0.02074	0.01892	0.14367	0.01705	0.01162	0.01744	0.01092	0.01692	0.01012	0.01503	0.09630	0.00373	0.52787	0.00653	0.00316	0.00767
46	0.01635	0.01358	0.01501	0.05007	0.01854	0.01548	0.01092	0.03240	0.56396	0.04813	0.05075	0.03032	0.04282	0.01012	0.00718	0.00236	0.00554	0.04959	0.00677	0.01012
47	0.01073	0.00778	0.01061	0.01203	0.01367	0.00766	0.01043	0.01373	0.01573	0.02027	0.03957	0.07602	0.10767	0.01874	0.00931	0.00306	0.00601	0.60440	0.00631	0.00625
48	0.01968	0.62397	0.03270	0.01284	0.01825	0.16180	0.01200	0.02179	0.01495	0.01622	0.00971	0.01124	0.00879	0.00608	0.00473	0.00152	0.00828	0.00380	0.00304	0.00862
49	0.01414	0.07026	0.62827	0.01989	0.05460	0.01671	0.02392	0.02132	0.01426	0.02116	0.01200	0.01439	0.00877	0.00672	0.00719	0.00217	0.04630	0.00507	0.00291	0.00994
