[name]
unknown

[dist]
# distance from previous block
# <min> <max>
6	46

[block]
# block no. 0 follows, 27 sequences, length 37
# corresponding to MSA columns:
# 47-83
name=unknown_A
#
# <colnr> <probs for GDERKNQSTAVLIFYWHMCP>
#	G	D	E	R	K	N	Q	S	T	A	V	L	I	F	Y	W	H	M	C	P
0	0.01476	0.01111	0.01337	0.01340	0.01580	0.01176	0.01065	0.12337	0.13139	0.02664	0.03481	0.27225	0.03650	0.01774	0.00909	0.00294	0.00608	0.23292	0.00707	0.00835
1	0.01623	0.01613	0.02007	0.11067	0.26006	0.10142	0.01535	0.02132	0.08532	0.02225	0.03132	0.07114	0.17601	0.01103	0.00775	0.00235	0.00777	0.00952	0.00499	0.00931
2	0.01063	0.00713	0.00815	0.00831	0.00835	0.00709	0.00473	0.01075	0.01112	0.01483	0.02507	0.11435	0.02911	0.67044	0.03507	0.00680	0.00692	0.01178	0.00473	0.00465
3	0.01080	0.00720	0.00810	0.00810	0.00810	0.00720	0.00450	0.01080	0.01080	0.01439	0.02339	0.04858	0.02699	0.73910	0.03779	0.00720	0.00720	0.01080	0.00450	0.00450
4	0.02752	0.01989	0.02147	0.01668	0.02244	0.02194	0.01371	0.57273	0.09808	0.07924	0.01965	0.01919	0.01392	0.00904	0.00744	0.00226	0.00784	0.00689	0.00753	0.01254
5	0.01937	0.66379	0.07510	0.01355	0.01981	0.02833	0.01372	0.02206	0.01491	0.01783	0.01046	0.01236	0.00953	0.00676	0.00598	0.00172	0.04782	0.00419	0.00318	0.00953
6	0.01756	0.01992	0.04319	0.03193	0.06835	0.01872	0.63678	0.02373	0.01749	0.02380	0.01497	0.01995	0.01129	0.00627	0.00870	0.00249	0.01235	0.00866	0.00375	0.01009
7	0.01759	0.02263	0.12634	0.09302	0.02923	0.12978	0.17099	0.02174	0.01546	0.02026	0.01333	0.03751	0.01142	0.01071	0.03432	0.00291	0.22315	0.00707	0.00357	0.00897
8	0.00976	0.00730	0.00985	0.05703	0.01376	0.00723	0.00799	0.01211	0.04190	0.01946	0.03866	0.65816	0.04544	0.02167	0.00926	0.00296	0.00474	0.01963	0.00668	0.00641
9	0.01692	0.00989	0.01021	0.00910	0.01173	0.01037	0.00710	0.15669	0.01971	0.03177	0.02285	0.02557	0.01766	0.00871	0.00567	0.00184	0.00447	0.00687	0.61476	0.00814
10	0.01386	0.01186	0.01367	0.01298	0.01469	0.08126	0.01008	0.04960	0.01421	0.01950	0.01864	0.02668	0.01707	0.06657	0.48524	0.00898	0.06554	0.00750	0.05488	0.00719
11	0.03331	0.01263	0.01723	0.01321	0.01895	0.01091	0.01091	0.03618	0.02125	0.69794	0.02929	0.02527	0.01838	0.00919	0.00747	0.00230	0.00632	0.00747	0.00919	0.01263
12	0.01985	0.74357	0.03890	0.01270	0.01905	0.02937	0.01270	0.02223	0.01508	0.01747	0.01032	0.01191	0.00953	0.00635	0.00476	0.00159	0.00794	0.00397	0.00318	0.00953
13	0.00901	0.00753	0.00784	0.00776	0.01017	0.00637	0.00582	0.01110	0.01747	0.02135	0.15705	0.06931	0.60713	0.01832	0.00877	0.00248	0.00373	0.01537	0.00706	0.00637
14	0.00940	0.00692	0.00891	0.01008	0.01104	0.00629	0.00688	0.01097	0.01491	0.01996	0.08333	0.60540	0.10045	0.02159	0.00919	0.00284	0.00427	0.01943	0.00686	0.04128
15	0.04644	0.01411	0.01598	0.03439	0.01884	0.01335	0.01023	0.13002	0.11611	0.02855	0.01973	0.10471	0.01746	0.00901	0.00663	0.00182	0.00600	0.00745	0.00565	0.39354
16	0.01741	0.01366	0.01597	0.01154	0.01804	0.01083	0.00928	0.06252	0.01706	0.06974	0.01455	0.01620	0.01159	0.00596	0.00575	0.00125	0.00573	0.00475	0.00491	0.68327
17	0.02257	0.01657	0.02003	0.04545	0.02147	0.04852	0.03954	0.23835	0.02248	0.14499	0.02265	0.08732	0.05143	0.01119	0.01076	0.00248	0.13971	0.00849	0.00628	0.03971
18	0.01569	0.03283	0.50150	0.02423	0.03415	0.01771	0.22098	0.02359	0.01623	0.02359	0.01384	0.01699	0.00997	0.00681	0.00757	0.00240	0.01144	0.00648	0.00332	0.01068
19	0.01545	0.00869	0.01144	0.01012	0.01278	0.00784	0.00781	0.01876	0.02092	0.17619	0.52176	0.04940	0.08114	0.01399	0.00847	0.00233	0.00413	0.01220	0.00835	0.00821
20	0.01361	0.01279	0.02144	0.61508	0.04602	0.01543	0.04178	0.01832	0.01534	0.01966	0.04543	0.02507	0.06259	0.00854	0.00762	0.00247	0.00927	0.00762	0.00378	0.00811
21	0.06130	0.01270	0.01699	0.01308	0.01878	0.01112	0.01081	0.03565	0.02093	0.67340	0.02859	0.02478	0.01799	0.00910	0.00736	0.00230	0.00630	0.00734	0.00902	0.01246
22	0.01402	0.01319	0.02227	0.72126	0.05113	0.01649	0.02062	0.01897	0.01484	0.01897	0.01319	0.01979	0.00990	0.00742	0.00742	0.00247	0.00990	0.00660	0.00330	0.00825
23	0.00895	0.00758	0.00777	0.00786	0.01032	0.00639	0.00599	0.01092	0.01693	0.02017	0.07322	0.07212	0.65398	0.01890	0.00886	0.00256	0.00393	0.05037	0.00689	0.00630
24	0.01537	0.03505	0.58098	0.02300	0.03335	0.01752	0.14373	0.02356	0.01601	0.02356	0.01363	0.01647	0.00974	0.00691	0.00736	0.00238	0.01125	0.00608	0.00325	0.01080
25	0.01034	0.00758	0.00969	0.00916	0.01099	0.00693	0.00687	0.01368	0.02062	0.02883	0.62942	0.05700	0.13010	0.01553	0.00876	0.00235	0.00353	0.01364	0.00805	0.00693
26	0.03170	0.01522	0.01883	0.01443	0.02024	0.01474	0.01192	0.23621	0.02557	0.49180	0.02566	0.02291	0.01656	0.00910	0.00745	0.00228	0.00690	0.00722	0.00863	0.01263
27	0.01037	0.00758	0.00973	0.00920	0.01101	0.00695	0.00690	0.01375	0.02069	0.02901	0.64066	0.05671	0.11874	0.01546	0.00876	0.00235	0.00352	0.01360	0.00807	0.00695
28	0.00903	0.00652	0.00856	0.01019	0.01073	0.00604	0.00683	0.01035	0.01435	0.01901	0.04271	0.69964	0.08256	0.02303	0.00944	0.00299	0.00428	0.02082	0.00689	0.00604
29	0.07770	0.03338	0.02043	0.01842	0.02239	0.63444	0.01392	0.05663	0.02109	0.02039	0.01167	0.01349	0.00959	0.00765	0.00659	0.00195	0.01266	0.00481	0.00403	0.00874
30	0.01052	0.00708	0.00818	0.00845	0.00852	0.00701	0.00488	0.01072	0.01134	0.01511	0.02616	0.15702	0.03049	0.62590	0.03331	0.00654	0.00674	0.01243	0.00488	0.00474
31	0.00904	0.00646	0.00861	0.01034	0.01077	0.00603	0.00689	0.01034	0.01421	0.01895	0.04092	0.73426	0.04910	0.02326	0.00948	0.00301	0.00431	0.02110	0.00689	0.00603
32	0.01661	0.01720	0.06489	0.28716	0.42503	0.01720	0.02226	0.02145	0.01609	0.02231	0.01365	0.01873	0.01096	0.00693	0.00736	0.00231	0.00933	0.00655	0.00351	0.01045
33	0.01366	0.05104	0.01164	0.00950	0.01272	0.03745	0.00744	0.01700	0.06097	0.09795	0.08633	0.05698	0.47840	0.01584	0.00824	0.00240	0.00480	0.01307	0.00692	0.00766
34	0.00904	0.00646	0.00861	0.01034	0.01077	0.00603	0.00689	0.01034	0.01421	0.01895	0.04092	0.73426	0.04910	0.02326	0.00948	0.00301	0.00431	0.02110	0.00689	0.00603
35	0.02620	0.02866	0.02069	0.01880	0.04375	0.44739	0.01403	0.12635	0.12987	0.04934	0.01619	0.01696	0.01254	0.00825	0.00699	0.00208	0.01099	0.00581	0.00516	0.00996
36	0.02876	0.01993	0.02174	0.01667	0.02259	0.02174	0.01377	0.60094	0.03345	0.11593	0.01904	0.01861	0.01324	0.00894	0.00743	0.00224	0.00797	0.00677	0.00761	0.01263

[dist]
# distance from previous block
# <min> <max>
0	1

[block]
# block no. 1 follows, 27 sequences, length 169
# corresponding to MSA columns:
# 85-253
name=unknown_B
#
# <colnr> <probs for GDERKNQSTAVLIFYWHMCP>
#	G	D	E	R	K	N	Q	S	T	A	V	L	I	F	Y	W	H	M	C	P
0	0.02003	0.01780	0.01805	0.04067	0.02089	0.09784	0.01131	0.17750	0.04500	0.02897	0.01473	0.01636	0.01160	0.00682	0.00626	0.00157	0.00727	0.00523	0.00513	0.44698
1	0.02354	0.33701	0.02836	0.01517	0.02065	0.16302	0.01311	0.15375	0.10050	0.05637	0.01530	0.01589	0.01213	0.00770	0.00614	0.00192	0.00876	0.00536	0.00495	0.01036
2	0.01539	0.01319	0.01539	0.01100	0.01759	0.00990	0.00880	0.01869	0.01539	0.02419	0.01319	0.01539	0.01100	0.00550	0.00550	0.00110	0.00550	0.00440	0.00440	0.78449
3	0.03106	0.01591	0.07868	0.01438	0.02061	0.01293	0.01277	0.11113	0.02240	0.55949	0.02649	0.02352	0.01689	0.00896	0.00742	0.00229	0.00695	0.00720	0.00844	0.01248
4	0.00885	0.00752	0.00762	0.00760	0.01007	0.00630	0.00570	0.01079	0.01709	0.02045	0.10044	0.07079	0.66429	0.01865	0.00877	0.00250	0.00375	0.01558	0.00695	0.00630
5	0.02680	0.01993	0.02134	0.01662	0.02221	0.02211	0.01359	0.59108	0.09151	0.04435	0.01910	0.01968	0.01398	0.03234	0.00841	0.00241	0.00793	0.00697	0.00734	0.01229
6	0.02104	0.59648	0.03527	0.01404	0.01973	0.14372	0.01311	0.02331	0.01595	0.01760	0.01049	0.01232	0.00954	0.00682	0.00584	0.00171	0.03621	0.00420	0.00329	0.00932
7	0.00904	0.00646	0.00861	0.01034	0.01077	0.00603	0.00689	0.01034	0.01421	0.01895	0.04092	0.73426	0.04910	0.02326	0.00948	0.00301	0.00431	0.02110	0.00689	0.00603
8	0.01902	0.01534	0.01734	0.01271	0.01913	0.01360	0.01030	0.20213	0.02091	0.03057	0.01450	0.01608	0.01146	0.00646	0.00604	0.00142	0.00625	0.00504	0.00525	0.56644
9	0.00919	0.00656	0.00878	0.01050	0.01100	0.00615	0.00714	0.01059	0.01436	0.01911	0.04084	0.70202	0.04878	0.02312	0.00951	0.00303	0.00443	0.05192	0.00689	0.00607
10	0.00939	0.00793	0.00817	0.00804	0.01056	0.00692	0.00605	0.01233	0.04901	0.02143	0.12640	0.06796	0.60395	0.01807	0.00871	0.00249	0.00384	0.01512	0.00704	0.00659
11	0.02624	0.05327	0.02495	0.02103	0.07177	0.30062	0.08784	0.21043	0.02409	0.08644	0.01536	0.01673	0.01155	0.00786	0.00717	0.00211	0.01066	0.00610	0.00527	0.01052
12	0.01402	0.01319	0.02227	0.72126	0.05113	0.01649	0.02062	0.01897	0.01484	0.01897	0.01319	0.01979	0.00990	0.00742	0.00742	0.00247	0.00990	0.00660	0.00330	0.00825
13	0.02058	0.02090	0.02582	0.11083	0.38362	0.15965	0.01934	0.07542	0.06644	0.02467	0.01484	0.01814	0.01195	0.00734	0.00724	0.00220	0.00961	0.00637	0.00424	0.01079
14	0.02262	0.01700	0.02007	0.13016	0.02555	0.01906	0.01414	0.43677	0.02745	0.03670	0.01881	0.04953	0.01528	0.01381	0.06038	0.03324	0.00904	0.03347	0.00630	0.01062
15	0.05877	0.02071	0.02244	0.01925	0.07920	0.04336	0.01460	0.56741	0.03204	0.04345	0.01699	0.01750	0.01227	0.00860	0.00728	0.00222	0.00828	0.00651	0.00688	0.01224
16	0.02773	0.03538	0.02104	0.01913	0.02295	0.70930	0.01434	0.02964	0.02104	0.01817	0.01148	0.01339	0.00956	0.00765	0.00669	0.00191	0.01339	0.00478	0.00383	0.00861
17	0.02585	0.01927	0.02101	0.04262	0.02295	0.02131	0.01366	0.56662	0.05928	0.04347	0.05207	0.02175	0.03646	0.00951	0.00754	0.00226	0.00778	0.00735	0.00730	0.01196
18	0.01473	0.01335	0.01974	0.54563	0.04171	0.04836	0.01765	0.01917	0.01513	0.02030	0.01477	0.02063	0.01135	0.00784	0.00766	0.00236	0.03574	0.00656	0.12927	0.00804
19	0.01088	0.00765	0.00967	0.00926	0.01116	0.00693	0.00691	0.01391	0.01977	0.05024	0.51038	0.11602	0.16690	0.01626	0.00878	0.00242	0.00371	0.01425	0.00789	0.00699
20	0.02479	0.02444	0.02021	0.07386	0.02382	0.29559	0.01388	0.28143	0.02529	0.02997	0.01756	0.01926	0.03953	0.01093	0.04076	0.00258	0.01063	0.00635	0.02918	0.00994
21	0.01620	0.01862	0.08180	0.19970	0.07890	0.01844	0.27457	0.02124	0.01547	0.02152	0.01334	0.01868	0.01053	0.00784	0.01097	0.00255	0.14265	0.00727	0.00352	0.03618
22	0.75371	0.01468	0.01147	0.01013	0.01479	0.01697	0.00834	0.05385	0.01374	0.03398	0.01071	0.01235	0.00827	0.00699	0.00473	0.00229	0.00586	0.00415	0.00473	0.00827
23	0.00915	0.00679	0.00856	0.00986	0.01081	0.00621	0.00684	0.01071	0.01509	0.01965	0.06852	0.55272	0.17977	0.02199	0.00934	0.00291	0.00427	0.04375	0.00693	0.00614
24	0.00949	0.00664	0.00886	0.01034	0.01085	0.00626	0.00702	0.01072	0.01428	0.01909	0.06533	0.61535	0.04710	0.05133	0.01151	0.03915	0.00461	0.04949	0.00668	0.00592
25	0.01893	0.01618	0.01705	0.01520	0.01948	0.01868	0.01186	0.06956	0.64851	0.03181	0.02962	0.02722	0.02218	0.01002	0.00755	0.00250	0.00599	0.00831	0.00755	0.01179
26	0.11158	0.37201	0.19454	0.01688	0.02417	0.04902	0.09499	0.02295	0.01545	0.02162	0.01166	0.01387	0.00953	0.00662	0.00585	0.00198	0.00916	0.00495	0.00343	0.00972
27	0.04255	0.15637	0.01692	0.01121	0.01429	0.01399	0.00901	0.04996	0.10852	0.02591	0.26365	0.13914	0.06543	0.04046	0.00877	0.00249	0.00528	0.01129	0.00655	0.00820
28	0.02792	0.02064	0.02211	0.01702	0.02291	0.02288	0.01404	0.64845	0.05499	0.04630	0.01821	0.01813	0.01294	0.00895	0.00743	0.00224	0.00810	0.00674	0.00743	0.01260
29	0.01297	0.00821	0.01232	0.06449	0.04195	0.00903	0.00911	0.01257	0.01132	0.01600	0.01504	0.02358	0.01406	0.02778	0.16117	0.44460	0.04373	0.00680	0.06013	0.00513
30	0.00910	0.00749	0.00800	0.00796	0.01025	0.00639	0.00594	0.01125	0.01755	0.02176	0.18464	0.09487	0.55245	0.01832	0.00880	0.00250	0.00374	0.01548	0.00712	0.00639
31	0.01080	0.00720	0.00810	0.00810	0.00810	0.00720	0.00450	0.01080	0.01080	0.01439	0.02339	0.04858	0.02699	0.73910	0.03779	0.00720	0.00720	0.01080	0.00450	0.00450
32	0.00904	0.00646	0.00861	0.01034	0.01077	0.00603	0.00689	0.01034	0.01421	0.01895	0.04092	0.73426	0.04910	0.02326	0.00948	0.00301	0.00431	0.02110	0.00689	0.00603
33	0.02737	0.02037	0.02180	0.01691	0.02270	0.02263	0.01390	0.61340	0.09093	0.04542	0.01890	0.01868	0.01350	0.00901	0.00744	0.00225	0.00797	0.00683	0.00744	0.01255
34	0.01874	0.01979	0.02142	0.05349	0.02171	0.15626	0.01536	0.02373	0.12172	0.02012	0.01357	0.01772	0.01181	0.01120	0.01734	0.00283	0.43386	0.00647	0.00406	0.00881
35	0.02845	0.02042	0.02205	0.01690	0.02283	0.02246	0.01396	0.63893	0.03427	0.07678	0.01835	0.01817	0.01289	0.00892	0.00743	0.00223	0.00808	0.00672	0.00751	0.01263
36	0.01056	0.00725	0.00810	0.00808	0.00843	0.00709	0.00472	0.01090	0.01187	0.01562	0.05484	0.05139	0.10241	0.63101	0.03344	0.00649	0.00667	0.01144	0.00491	0.00479
37	0.01815	0.01182	0.01232	0.01076	0.01394	0.01278	0.00846	0.18204	0.12796	0.03296	0.02361	0.02524	0.01803	0.00894	0.00613	0.00198	0.00502	0.00710	0.46365	0.00912
38	0.01908	0.01617	0.02054	0.02185	0.16129	0.01767	0.03986	0.05613	0.43692	0.06021	0.02736	0.02657	0.04372	0.00943	0.00759	0.00243	0.00678	0.00820	0.00664	0.01155
39	0.01672	0.01483	0.02298	0.54584	0.10476	0.01766	0.01976	0.12452	0.01828	0.02396	0.01401	0.01934	0.01051	0.00759	0.00742	0.00241	0.00952	0.00661	0.00400	0.00927
40	0.02822	0.02079	0.02228	0.01708	0.02302	0.02302	0.01411	0.66804	0.03490	0.04679	0.01782	0.01782	0.01262	0.00891	0.00743	0.00223	0.00817	0.00668	0.00743	0.01262
41	0.00904	0.00646	0.00861	0.01034	0.01077	0.00603	0.00689	0.01034	0.01421	0.01895	0.04092	0.73426	0.04910	0.02326	0.00948	0.00301	0.00431	0.02110	0.00689	0.00603
42	0.01545	0.01159	0.01406	0.01420	0.01706	0.01248	0.01183	0.02562	0.27256	0.05675	0.03534	0.05944	0.03387	0.01596	0.00908	0.00302	0.00644	0.36902	0.00722	0.00900
43	0.01730	0.01821	0.02291	0.50217	0.11796	0.15742	0.01959	0.02157	0.01634	0.01940	0.01293	0.01833	0.01004	0.00738	0.00727	0.00233	0.01048	0.00623	0.00345	0.00872
44	0.02212	0.02092	0.21889	0.01520	0.02268	0.01336	0.01539	0.05808	0.04321	0.25638	0.01961	0.01944	0.01357	0.00756	0.00680	0.00199	0.00754	0.00603	0.00593	0.22529
45	0.02543	0.03136	0.02196	0.02293	0.13100	0.56824	0.01535	0.02775	0.02020	0.01923	0.01450	0.01659	0.03792	0.00794	0.00689	0.00198	0.01225	0.00553	0.00393	0.00902
46	0.02837	0.01493	0.01797	0.01439	0.01974	0.01504	0.01168	0.14447	0.20398	0.40445	0.02759	0.02467	0.01857	0.00938	0.00748	0.00235	0.00651	0.00759	0.00844	0.01239
47	0.03241	0.01336	0.01759	0.01356	0.01927	0.01208	0.01118	0.08345	0.04531	0.62599	0.02846	0.02480	0.01810	0.00920	0.00747	0.00230	0.00644	0.00744	0.00900	0.01260
48	0.01860	0.01820	0.02946	0.06970	0.64129	0.04604	0.02236	0.02292	0.01700	0.02381	0.01383	0.01822	0.01160	0.00669	0.00733	0.00220	0.00905	0.00654	0.00367	0.01150
49	0.03184	0.01435	0.01821	0.01403	0.01977	0.01354	0.01157	0.16141	0.04440	0.54827	0.02705	0.02387	0.01737	0.00916	0.00746	0.00229	0.00667	0.00734	0.00879	0.01260
50	0.01080	0.00720	0.00810	0.00810	0.00810	0.00720	0.00450	0.01080	0.01080	0.01439	0.02339	0.04858	0.02699	0.73910	0.03779	0.00720	0.00720	0.01080	0.00450	0.00450
51	0.00959	0.00755	0.00865	0.00838	0.01053	0.00661	0.00628	0.01223	0.01885	0.02462	0.36384	0.06392	0.39830	0.01710	0.00877	0.00243	0.00364	0.01461	0.00749	0.00661
52	0.01402	0.01319	0.02227	0.72126	0.05113	0.01649	0.02062	0.01897	0.01484	0.01897	0.01319	0.01979	0.00990	0.00742	0.00742	0.00247	0.00990	0.00660	0.00330	0.00825
53	0.01051	0.00759	0.00992	0.00934	0.01109	0.00700	0.00700	0.01401	0.02101	0.02977	0.68888	0.05545	0.07005	0.01518	0.00876	0.00233	0.00350	0.01343	0.00817	0.00700
54	0.01289	0.00645	0.00967	0.00967	0.00967	0.00645	0.00645	0.00967	0.00967	0.01289	0.01289	0.02257	0.01289	0.02579	0.02901	0.78401	0.00645	0.00645	0.00322	0.00322
55	0.01837	0.01764	0.03013	0.04557	0.69279	0.01764	0.02278	0.02278	0.01690	0.02425	0.01396	0.01837	0.01176	0.00661	0.00735	0.00220	0.00882	0.00661	0.00367	0.01176
56	0.01139	0.00775	0.01017	0.00954	0.01140	0.00713	0.00716	0.01478	0.02076	0.05686	0.63702	0.08009	0.06712	0.01524	0.00873	0.00236	0.00365	0.01347	0.00817	0.00720
57	0.01191	0.00851	0.01188	0.01350	0.01522	0.00849	0.01177	0.01533	0.01724	0.02251	0.06438	0.08265	0.04378	0.02030	0.01020	0.00338	0.00671	0.61853	0.00689	0.00684
58	0.01649	0.03616	0.64123	0.02047	0.03098	0.01669	0.02599	0.02461	0.01616	0.08214	0.01471	0.01651	0.01018	0.00724	0.00709	0.00235	0.01057	0.00566	0.00366	0.01112
59	0.01159	0.00867	0.01124	0.01238	0.01436	0.00852	0.01053	0.01555	0.04901	0.02247	0.06781	0.07766	0.17100	0.01949	0.00978	0.00316	0.00607	0.46683	0.00693	0.00696
60	0.01384	0.00692	0.00692	0.00692	0.00865	0.00692	0.00519	0.01730	0.01557	0.02768	0.02422	0.02768	0.01903	0.00865	0.00519	0.00173	0.00346	0.00692	0.78031	0.00692
61	0.01224	0.00864	0.01097	0.01060	0.01178	0.00940	0.00756	0.06748	0.01365	0.01910	0.02205	0.06207	0.02252	0.31614	0.33261	0.00851	0.01268	0.00941	0.03631	0.00629
62	0.04438	0.02199	0.11752	0.02867	0.03640	0.01873	0.53711	0.05561	0.01800	0.02522	0.01480	0.01914	0.01101	0.00650	0.00835	0.00246	0.01189	0.00812	0.00389	0.01018
63	0.00909	0.00752	0.00787	0.00779	0.01011	0.00640	0.00579	0.01112	0.01728	0.02121	0.15862	0.06842	0.58050	0.04352	0.00979	0.00265	0.00384	0.01519	0.00699	0.00631
64	0.00904	0.00646	0.00861	0.01034	0.01077	0.00603	0.00689	0.01034	0.01421	0.01895	0.04092	0.73426	0.04910	0.02326	0.00948	0.00301	0.00431	0.02110	0.00689	0.00603
65	0.07886	0.00873	0.01014	0.01006	0.01201	0.00861	0.00741	0.04542	0.04133	0.02631	0.29337	0.27082	0.12530	0.01702	0.00852	0.00257	0.00430	0.01486	0.00724	0.00713
66	0.01687	0.02096	0.09960	0.02936	0.03683	0.01801	0.57725	0.02309	0.01720	0.02352	0.01615	0.05504	0.01298	0.00717	0.00865	0.00252	0.01197	0.00909	0.00386	0.00990
67	0.04697	0.08627	0.62660	0.02011	0.03050	0.01806	0.02562	0.02335	0.01551	0.02349	0.01299	0.01526	0.00936	0.00700	0.00679	0.00230	0.01055	0.00532	0.00320	0.01075
68	0.01837	0.01764	0.03013	0.04557	0.69279	0.01764	0.02278	0.02278	0.01690	0.02425	0.01396	0.01837	0.01176	0.00661	0.00735	0.00220	0.00882	0.00661	0.00367	0.01176
69	0.01452	0.01369	0.02295	0.58359	0.15333	0.01627	0.02037	0.01925	0.01526	0.01987	0.01578	0.02161	0.03719	0.00774	0.00746	0.00243	0.00948	0.00696	0.00350	0.00874
70	0.01051	0.00759	0.00992	0.00934	0.01109	0.00700	0.00700	0.01401	0.02101	0.02977	0.68888	0.05545	0.07005	0.01518	0.00876	0.00233	0.00350	0.01343	0.00817	0.00700
71	0.01846	0.01595	0.01679	0.01511	0.01930	0.01846	0.01175	0.03945	0.67938	0.03105	0.03022	0.02770	0.02266	0.01007	0.00755	0.00252	0.00588	0.00839	0.00755	0.01175
72	0.01752	0.02003	0.04380	0.03129	0.03880	0.01877	0.66583	0.02378	0.01752	0.02378	0.01502	0.02003	0.01126	0.00626	0.00876	0.00250	0.01252	0.00876	0.00375	0.01001
73	0.01402	0.01319	0.02227	0.72126	0.05113	0.01649	0.02062	0.01897	0.01484	0.01897	0.01319	0.01979	0.00990	0.00742	0.00742	0.00247	0.00990	0.00660	0.00330	0.00825
74	0.01489	0.03840	0.70064	0.02116	0.03213	0.01724	0.02743	0.02351	0.01567	0.02351	0.01332	0.01567	0.00940	0.00705	0.00705	0.00235	0.01097	0.00549	0.00313	0.01097
75	0.00904	0.00646	0.00861	0.01034	0.01077	0.00603	0.00689	0.01034	0.01421	0.01895	0.04092	0.73426	0.04910	0.02326	0.00948	0.00301	0.00431	0.02110	0.00689	0.00603
76	0.01076	0.00735	0.00889	0.00889	0.00916	0.00763	0.00549	0.01130	0.01103	0.01498	0.02267	0.04457	0.02525	0.59803	0.17648	0.00817	0.00982	0.01021	0.00439	0.00494
77	0.01061	0.00795	0.01193	0.01193	0.01326	0.00928	0.00928	0.01326	0.01193	0.01723	0.01988	0.02916	0.01856	0.05568	0.70968	0.01193	0.01988	0.00795	0.00398	0.00663
78	0.01837	0.01764	0.03013	0.04557	0.69279	0.01764	0.02278	0.02278	0.01690	0.02425	0.01396	0.01837	0.01176	0.00661	0.00735	0.00220	0.00882	0.00661	0.00367	0.01176
79	0.00904	0.00646	0.00861	0.01034	0.01077	0.00603	0.00689	0.01034	0.01421	0.01895	0.04092	0.73426	0.04910	0.02326	0.00948	0.00301	0.00431	0.02110	0.00689	0.00603
80	0.00904	0.00646	0.00861	0.01034	0.01077	0.00603	0.00689	0.01034	0.01421	0.01895	0.04092	0.73426	0.04910	0.02326	0.00948	0.00301	0.00431	0.02110	0.00689	0.00603
81	0.01384	0.00692	0.00692	0.00692	0.00865	0.00692	0.00519	0.01730	0.01557	0.02768	0.02422	0.02768	0.01903	0.00865	0.00519	0.00173	0.00346	0.00692	0.78031	0.00692
82	0.02002	0.53520	0.03269	0.01325	0.01896	0.02593	0.01237	0.10399	0.07488	0.02279	0.03703	0.04521	0.01471	0.00799	0.00567	0.00183	0.00749	0.00571	0.00441	0.00988
83	0.02822	0.02079	0.02228	0.01708	0.02302	0.02302	0.01411	0.66804	0.03490	0.04679	0.01782	0.01782	0.01262	0.00891	0.00743	0.00223	0.00817	0.00668	0.00743	0.01262
84	0.01697	0.01413	0.01624	0.01174	0.01826	0.01150	0.00945	0.09825	0.01778	0.02696	0.01376	0.01569	0.01120	0.00592	0.00573	0.00124	0.00583	0.00468	0.00477	0.68991
85	0.01870	0.43275	0.17451	0.01621	0.02262	0.02474	0.04145	0.02245	0.01499	0.04498	0.01177	0.01416	0.00994	0.00758	0.00839	0.00206	0.11455	0.00498	0.00343	0.00976
86	0.01037	0.00773	0.01144	0.01170	0.01289	0.00880	0.00893	0.01283	0.01227	0.01749	0.02299	0.13318	0.02306	0.05089	0.60639	0.01062	0.01759	0.00989	0.00441	0.00654
87	0.01080	0.00720	0.00810	0.00810	0.00810	0.00720	0.00450	0.01080	0.01080	0.01439	0.02339	0.04858	0.02699	0.73910	0.03779	0.00720	0.00720	0.01080	0.00450	0.00450
88	0.02237	0.01771	0.01903	0.01539	0.02071	0.01925	0.01237	0.31694	0.29473	0.03707	0.02220	0.02149	0.01648	0.00889	0.00720	0.00218	0.00684	0.00705	0.00704	0.12507
89	0.02681	0.01983	0.02120	0.01652	0.02214	0.02200	0.01356	0.58780	0.09067	0.04467	0.01916	0.01907	0.01375	0.00900	0.00735	0.00223	0.00779	0.00684	0.03727	0.01233
90	0.01752	0.02003	0.04380	0.03129	0.03880	0.01877	0.66583	0.02378	0.01752	0.02378	0.01502	0.02003	0.01126	0.00626	0.00876	0.00250	0.01252	0.00876	0.00375	0.01001
91	0.01218	0.00947	0.01145	0.01241	0.03908	0.00951	0.00852	0.07159	0.09761	0.02323	0.04212	0.45081	0.14512	0.01904	0.00887	0.00277	0.00492	0.01686	0.00689	0.00756
92	0.01704	0.05051	0.14772	0.02761	0.03479	0.01938	0.46434	0.02301	0.01644	0.02283	0.01397	0.01858	0.01073	0.00715	0.01008	0.00253	0.09200	0.00779	0.00358	0.00994
93	0.01051	0.00759	0.00992	0.00934	0.01109	0.00700	0.00700	0.01401	0.02101	0.02977	0.68888	0.05545	0.07005	0.01518	0.00876	0.00233	0.00350	0.01343	0.00817	0.00700
94	0.02773	0.03538	0.02104	0.01913	0.02295	0.70930	0.01434	0.02964	0.02104	0.01817	0.01148	0.01339	0.00956	0.00765	0.00669	0.00191	0.01339	0.00478	0.00383	0.00861
95	0.01457	0.01392	0.02401	0.62894	0.10572	0.01670	0.05278	0.01953	0.01515	0.01966	0.01335	0.01968	0.01012	0.00729	0.00748	0.00245	0.00993	0.00671	0.00335	0.00864
96	0.02000	0.01630	0.01735	0.01523	0.01966	0.01863	0.01195	0.10161	0.59044	0.05803	0.02895	0.02663	0.02150	0.00992	0.00754	0.00248	0.00612	0.00819	0.00760	0.01187
97	0.00928	0.00754	0.00822	0.00805	0.01034	0.00648	0.00604	0.01164	0.01812	0.02290	0.25475	0.06677	0.50847	0.01774	0.00877	0.00246	0.00368	0.01501	0.00727	0.00648
98	0.01752	0.02003	0.04380	0.03129	0.03880	0.01877	0.66583	0.02378	0.01752	0.02378	0.01502	0.02003	0.01126	0.00626	0.00876	0.00250	0.01252	0.00876	0.00375	0.01001
99	0.01985	0.74357	0.03890	0.01270	0.01905	0.02937	0.01270	0.02223	0.01508	0.01747	0.01032	0.01191	0.00953	0.00635	0.00476	0.00159	0.00794	0.00397	0.00318	0.00953
100	0.01036	0.00756	0.00978	0.00987	0.01130	0.00714	0.00715	0.01385	0.04402	0.02649	0.46441	0.26324	0.06180	0.01747	0.00893	0.00255	0.00384	0.01560	0.00775	0.00689
101	0.01042	0.00759	0.00981	0.00925	0.01104	0.00697	0.00694	0.01385	0.02082	0.02930	0.65940	0.05622	0.09982	0.01535	0.00876	0.00234	0.00351	0.01353	0.00811	0.00697
102	0.03331	0.01263	0.01723	0.01321	0.01895	0.01091	0.01091	0.03618	0.02125	0.69794	0.02929	0.02527	0.01838	0.00919	0.00747	0.00230	0.00632	0.00747	0.00919	0.01263
103	0.00904	0.00646	0.00861	0.01034	0.01077	0.00603	0.00689	0.01034	0.01421	0.01895	0.04092	0.73426	0.04910	0.02326	0.00948	0.00301	0.00431	0.02110	0.00689	0.00603
104	0.00910	0.00651	0.00867	0.01030	0.01078	0.00607	0.00690	0.01049	0.01449	0.01940	0.06756	0.70634	0.04996	0.02293	0.00945	0.00299	0.00427	0.02079	0.00694	0.00607
105	0.01449	0.01398	0.02387	0.60388	0.04720	0.01726	0.06699	0.01921	0.01470	0.01921	0.01300	0.01947	0.00998	0.00787	0.00914	0.00255	0.07875	0.00674	0.00333	0.00836
106	0.01384	0.00692	0.00692	0.00692	0.00865	0.00692	0.00519	0.01730	0.01557	0.02768	0.02422	0.02768	0.01903	0.00865	0.00519	0.00173	0.00346	0.00692	0.78031	0.00692
107	0.02822	0.02079	0.02228	0.01708	0.02302	0.02302	0.01411	0.66804	0.03490	0.04679	0.01782	0.01782	0.01262	0.00891	0.00743	0.00223	0.00817	0.00668	0.00743	0.01262
108	0.01402	0.01319	0.02227	0.72126	0.05113	0.01649	0.02062	0.01897	0.01484	0.01897	0.01319	0.01979	0.00990	0.00742	0.00742	0.00247	0.00990	0.00660	0.00330	0.00825
109	0.01132	0.00891	0.01163	0.01156	0.01275	0.03671	0.00866	0.01348	0.01210	0.01678	0.02015	0.03188	0.01965	0.17138	0.56615	0.01072	0.01744	0.00832	0.00406	0.00634
110	0.02822	0.02079	0.02228	0.01708	0.02302	0.02302	0.01411	0.66804	0.03490	0.04679	0.01782	0.01782	0.01262	0.00891	0.00743	0.00223	0.00817	0.00668	0.00743	0.01262
111	0.00904	0.00646	0.00861	0.01034	0.01077	0.00603	0.00689	0.01034	0.01421	0.01895	0.04092	0.73426	0.04910	0.02326	0.00948	0.00301	0.00431	0.02110	0.00689	0.00603
112	0.76607	0.01430	0.01112	0.00988	0.01451	0.01646	0.00814	0.02230	0.01292	0.05564	0.01097	0.01250	0.00839	0.00697	0.00469	0.00230	0.00576	0.00414	0.00475	0.00819
113	0.00877	0.00752	0.00752	0.00752	0.01003	0.00627	0.00564	0.01065	0.01692	0.02005	0.07520	0.07144	0.68978	0.01880	0.00877	0.00251	0.00376	0.01567	0.00689	0.00627
114	0.01189	0.00850	0.01186	0.01346	0.01517	0.00847	0.01172	0.01531	0.01728	0.02258	0.07051	0.08238	0.04404	0.02025	0.01018	0.00337	0.00668	0.61259	0.00690	0.00684
115	0.03331	0.01263	0.01723	0.01321	0.01895	0.01091	0.01091	0.03618	0.02125	0.69794	0.02929	0.02527	0.01838	0.00919	0.00747	0.00230	0.00632	0.00747	0.00919	0.01263
116	0.02822	0.02079	0.02228	0.01708	0.02302	0.02302	0.01411	0.66804	0.03490	0.04679	0.01782	0.01782	0.01262	0.00891	0.00743	0.00223	0.00817	0.00668	0.00743	0.01262
117	0.02741	0.02039	0.02182	0.01692	0.02271	0.02264	0.01391	0.61595	0.08831	0.04548	0.01885	0.01864	0.01346	0.00901	0.00744	0.00225	0.00798	0.00683	0.00744	0.01255
118	0.01434	0.01353	0.02285	0.67078	0.09907	0.01658	0.02078	0.01925	0.01500	0.01936	0.01325	0.01969	0.01004	0.00736	0.00742	0.00245	0.00982	0.00660	0.00333	0.00851
119	0.79154	0.01436	0.01091	0.00976	0.01436	0.01665	0.00804	0.02182	0.01263	0.03331	0.01034	0.01206	0.00804	0.00689	0.00459	0.00230	0.00574	0.00402	0.00459	0.00804
120	0.01584	0.00871	0.01142	0.01128	0.01333	0.00810	0.00821	0.04931	0.01739	0.18176	0.08298	0.48284	0.04151	0.01864	0.00885	0.00276	0.00492	0.01662	0.00755	0.00799
121	0.00986	0.00756	0.00903	0.00866	0.01070	0.00673	0.00650	0.01276	0.01949	0.02616	0.46103	0.06139	0.30014	0.01652	0.00876	0.00240	0.00360	0.01426	0.00770	0.00673
122	0.03234	0.01340	0.01760	0.01358	0.01928	0.01214	0.01119	0.08538	0.04771	0.62162	0.02843	0.02478	0.01810	0.00920	0.00747	0.00230	0.00644	0.00744	0.00899	0.01260
123	0.79154	0.01436	0.01091	0.00976	0.01436	0.01665	0.00804	0.02182	0.01263	0.03331	0.01034	0.01206	0.00804	0.00689	0.00459	0.00230	0.00574	0.00402	0.00459	0.00804
124	0.01402	0.01319	0.02227	0.72126	0.05113	0.01649	0.02062	0.01897	0.01484	0.01897	0.01319	0.01979	0.00990	0.00742	0.00742	0.00247	0.00990	0.00660	0.00330	0.00825
125	0.00901	0.00659	0.00848	0.00999	0.01068	0.00606	0.00674	0.01038	0.01455	0.01909	0.04512	0.65298	0.12766	0.02271	0.00939	0.00295	0.00424	0.02044	0.00689	0.00606
126	0.01015	0.00745	0.00939	0.01051	0.01134	0.00734	0.00723	0.01290	0.06313	0.01941	0.03841	0.51335	0.06769	0.11412	0.03743	0.00382	0.00544	0.04805	0.00653	0.00633
127	0.00910	0.00653	0.00856	0.01015	0.01064	0.00608	0.00675	0.01037	0.01417	0.01881	0.04141	0.68412	0.07037	0.05152	0.01058	0.00316	0.00440	0.02051	0.00680	0.00598
128	0.01748	0.01989	0.04308	0.03088	0.03813	0.01891	0.64338	0.02358	0.01731	0.02358	0.01484	0.01989	0.01121	0.00649	0.00930	0.00253	0.03716	0.00868	0.00374	0.00995
129	0.05338	0.03721	0.66645	0.02059	0.03125	0.01721	0.02647	0.02343	0.01552	0.02400	0.01317	0.01549	0.00934	0.00704	0.00693	0.00235	0.01071	0.00541	0.00321	0.01083
130	0.01539	0.01319	0.01539	0.01100	0.01759	0.00990	0.00880	0.01869	0.01539	0.02419	0.01319	0.01539	0.01100	0.00550	0.00550	0.00110	0.00550	0.00440	0.00440	0.78449
131	0.20897	0.17914	0.04832	0.01553	0.02042	0.34832	0.01297	0.04927	0.01807	0.02290	0.01126	0.01301	0.00930	0.00722	0.00582	0.00196	0.01012	0.00452	0.00398	0.00890
132	0.01768	0.01951	0.06800	0.06286	0.35354	0.01807	0.30226	0.02311	0.01704	0.02382	0.01436	0.01901	0.01136	0.00651	0.00795	0.00235	0.01057	0.00749	0.00367	0.01083
133	0.05080	0.03652	0.64383	0.02155	0.05598	0.01723	0.02636	0.02341	0.01558	0.02399	0.01321	0.01561	0.00943	0.00703	0.00695	0.00234	0.01065	0.00546	0.00322	0.01087
134	0.01486	0.00933	0.01160	0.01030	0.01318	0.00866	0.00795	0.01958	0.07838	0.13679	0.42221	0.04874	0.13422	0.01388	0.00833	0.00232	0.00427	0.01198	0.00799	0.03543
135	0.01037	0.00758	0.00974	0.00920	0.01101	0.00695	0.00690	0.01375	0.02070	0.02903	0.64188	0.05668	0.11751	0.01545	0.00876	0.00235	0.00352	0.01360	0.00807	0.00695
136	0.01985	0.74357	0.03890	0.01270	0.01905	0.02937	0.01270	0.02223	0.01508	0.01747	0.01032	0.01191	0.00953	0.00635	0.00476	0.00159	0.00794	0.00397	0.00318	0.00953
137	0.01384	0.00692	0.00692	0.00692	0.00865	0.00692	0.00519	0.01730	0.01557	0.02768	0.02422	0.02768	0.01903	0.00865	0.00519	0.00173	0.00346	0.00692	0.78031	0.00692
138	0.02707	0.01868	0.02040	0.01598	0.02152	0.02038	0.01309	0.48849	0.11309	0.12257	0.02100	0.02033	0.01482	0.00908	0.00736	0.00225	0.00748	0.00700	0.03711	0.01230
139	0.02359	0.01568	0.08858	0.01555	0.05263	0.01316	0.01283	0.05493	0.15280	0.32588	0.05512	0.07993	0.05418	0.01074	0.00769	0.00240	0.00653	0.00900	0.00756	0.01123
140	0.01384	0.00692	0.00692	0.00692	0.00865	0.00692	0.00519	0.01730	0.01557	0.02768	0.02422	0.02768	0.01903	0.00865	0.00519	0.00173	0.00346	0.00692	0.78031	0.00692
141	0.79154	0.01436	0.01091	0.00976	0.01436	0.01665	0.00804	0.02182	0.01263	0.03331	0.01034	0.01206	0.00804	0.00689	0.00459	0.00230	0.00574	0.00402	0.00459	0.00804
142	0.02622	0.01883	0.02040	0.01593	0.02116	0.02064	0.01291	0.56618	0.03162	0.06578	0.01950	0.04541	0.01533	0.07289	0.01014	0.00269	0.00789	0.00756	0.00722	0.01169
143	0.02822	0.02079	0.02228	0.01708	0.02302	0.02302	0.01411	0.66804	0.03490	0.04679	0.01782	0.01782	0.01262	0.00891	0.00743	0.00223	0.00817	0.00668	0.00743	0.01262
144	0.79154	0.01436	0.01091	0.00976	0.01436	0.01665	0.00804	0.02182	0.01263	0.03331	0.01034	0.01206	0.00804	0.00689	0.00459	0.00230	0.00574	0.00402	0.00459	0.00804
145	0.01204	0.00982	0.01369	0.01289	0.01357	0.01210	0.00987	0.01381	0.01152	0.01672	0.01821	0.03056	0.01838	0.20648	0.38220	0.00867	0.19079	0.00827	0.00392	0.00649
146	0.06243	0.01324	0.01648	0.01277	0.01836	0.01192	0.01041	0.06169	0.06617	0.42716	0.05183	0.02373	0.01857	0.00864	0.00700	0.00207	0.00607	0.00696	0.00778	0.16671
147	0.00877	0.00752	0.00752	0.00752	0.01003	0.00627	0.00564	0.01065	0.01692	0.02005	0.07520	0.07144	0.68978	0.01880	0.00877	0.00251	0.00376	0.01567	0.00689	0.00627
148	0.02656	0.01997	0.02135	0.01675	0.02239	0.02225	0.01371	0.56123	0.14442	0.04411	0.01993	0.01950	0.01433	0.00911	0.00745	0.00228	0.00778	0.00697	0.00745	0.01248
149	0.79154	0.01436	0.01091	0.00976	0.01436	0.01665	0.00804	0.02182	0.01263	0.03331	0.01034	0.01206	0.00804	0.00689	0.00459	0.00230	0.00574	0.00402	0.00459	0.00804
150	0.01985	0.74357	0.03890	0.01270	0.01905	0.02937	0.01270	0.02223	0.01508	0.01747	0.01032	0.01191	0.00953	0.00635	0.00476	0.00159	0.00794	0.00397	0.00318	0.00953
151	0.00922	0.00657	0.00872	0.01038	0.01084	0.00617	0.00699	0.01055	0.01419	0.01890	0.04018	0.68268	0.04800	0.05078	0.01060	0.00319	0.00452	0.04470	0.00680	0.00600
152	0.02529	0.08582	0.10473	0.01965	0.05037	0.45031	0.01610	0.11874	0.02175	0.02307	0.01261	0.01438	0.01006	0.00762	0.00672	0.00200	0.01177	0.00515	0.00420	0.00966
153	0.01044	0.00766	0.01007	0.03538	0.01325	0.00749	0.00825	0.04156	0.01567	0.02069	0.04040	0.56422	0.07704	0.02149	0.00937	0.00298	0.00496	0.09575	0.00679	0.00652
154	0.00902	0.00655	0.00852	0.01009	0.01070	0.00605	0.00678	0.01036	0.01445	0.01905	0.04390	0.67664	0.10480	0.02287	0.00941	0.00297	0.00426	0.02063	0.00689	0.00605
155	0.04021	0.28990	0.39484	0.01904	0.05230	0.02165	0.04230	0.02298	0.01548	0.02167	0.01223	0.01446	0.00956	0.00675	0.00622	0.00207	0.00969	0.00505	0.00323	0.01036
156	0.02191	0.02292	0.02416	0.10722	0.27064	0.24379	0.01793	0.10401	0.04303	0.02459	0.01506	0.01965	0.01249	0.00797	0.00727	0.00220	0.01018	0.03034	0.00440	0.01025
157	0.01068	0.00808	0.01007	0.01124	0.01233	0.00814	0.00787	0.01525	0.12214	0.02104	0.03912	0.59462	0.04457	0.02101	0.00919	0.00295	0.00466	0.04304	0.00700	0.00699
158	0.01193	0.04410	0.01143	0.00986	0.01248	0.00936	0.00764	0.01677	0.10229	0.04514	0.23014	0.10413	0.30910	0.01618	0.00849	0.00248	0.00440	0.03932	0.00722	0.00753
159	0.01128	0.00806	0.01118	0.01289	0.01431	0.00796	0.01078	0.01420	0.01642	0.02146	0.03968	0.23539	0.04421	0.02115	0.01007	0.00332	0.00625	0.49789	0.00685	0.00665
160	0.04125	0.01993	0.08703	0.12224	0.38627	0.06836	0.02063	0.02361	0.06172	0.02334	0.01432	0.01824	0.01164	0.00755	0.00847	0.00233	0.06219	0.00641	0.00385	0.01063
161	0.02210	0.01696	0.01825	0.01548	0.02025	0.01909	0.01230	0.20275	0.46304	0.08446	0.02692	0.02495	0.01973	0.00970	0.00751	0.00243	0.00650	0.00788	0.00764	0.01204
162	0.01985	0.74357	0.03890	0.01270	0.01905	0.02937	0.01270	0.02223	0.01508	0.01747	0.01032	0.01191	0.00953	0.00635	0.00476	0.00159	0.00794	0.00397	0.00318	0.00953
163	0.03331	0.01263	0.01723	0.01321	0.01895	0.01091	0.01091	0.03618	0.02125	0.69794	0.02929	0.02527	0.01838	0.00919	0.00747	0.00230	0.00632	0.00747	0.00919	0.01263
164	0.01470	0.01429	0.02221	0.68646	0.04973	0.05083	0.02031	0.01950	0.01515	0.01893	0.01311	0.01947	0.00988	0.00743	0.00739	0.00245	0.01007	0.00651	0.00332	0.00826
165	0.01094	0.00853	0.01346	0.01286	0.01448	0.00974	0.04082	0.01376	0.01220	0.01755	0.01965	0.02873	0.01821	0.05330	0.67601	0.01148	0.01953	0.00799	0.00397	0.00679
166	0.00920	0.00794	0.00835	0.00817	0.01053	0.00709	0.00621	0.01114	0.01682	0.02035	0.09732	0.06813	0.63160	0.01837	0.00952	0.00254	0.03842	0.01513	0.00677	0.00639
167	0.00933	0.00811	0.00937	0.00875	0.01138	0.00693	0.03736	0.01141	0.01687	0.02037	0.09191	0.06758	0.61129	0.04436	0.00983	0.00267	0.00430	0.01508	0.00670	0.00641
168	0.01045	0.00799	0.01013	0.00991	0.01164	0.00768	0.00760	0.01336	0.01886	0.02574	0.42506	0.10898	0.19029	0.01688	0.00970	0.00256	0.03860	0.07028	0.00746	0.00682

[dist]
# distance from previous block
# <min> <max>
0	4

[block]
# block no. 2 follows, 27 sequences, length 61
# corresponding to MSA columns:
# 258-318
name=unknown_C
#
# <colnr> <probs for GDERKNQSTAVLIFYWHMCP>
#	G	D	E	R	K	N	Q	S	T	A	V	L	I	F	Y	W	H	M	C	P
0	0.01043	0.00754	0.00943	0.00896	0.01081	0.00690	0.00672	0.01370	0.02015	0.02828	0.56738	0.05630	0.15553	0.01536	0.00857	0.00233	0.00354	0.01341	0.04778	0.00690
1	0.01459	0.03675	0.66498	0.02060	0.03103	0.01666	0.02637	0.02283	0.01560	0.02328	0.01474	0.05270	0.01145	0.00789	0.00718	0.00239	0.01063	0.00629	0.00333	0.01072
2	0.01833	0.01776	0.03084	0.04483	0.65909	0.01770	0.05592	0.02283	0.01694	0.02423	0.01402	0.01846	0.01173	0.00660	0.00742	0.00222	0.00901	0.00673	0.00368	0.01167
3	0.01624	0.01624	0.02274	0.01949	0.01949	0.02274	0.01624	0.01787	0.01137	0.01787	0.00975	0.01624	0.00975	0.01299	0.02436	0.00325	0.72552	0.00650	0.00325	0.00812
4	0.03331	0.01263	0.01723	0.01321	0.01895	0.01091	0.01091	0.03618	0.02125	0.69794	0.02929	0.02527	0.01838	0.00919	0.00747	0.00230	0.00632	0.00747	0.00919	0.01263
5	0.00884	0.00752	0.00761	0.00759	0.01007	0.00629	0.00569	0.01078	0.01707	0.02042	0.09823	0.07084	0.66653	0.01867	0.00877	0.00250	0.00375	0.01558	0.00694	0.00629
6	0.01079	0.00723	0.00827	0.00827	0.00834	0.00729	0.00472	0.01091	0.01085	0.01453	0.02323	0.04768	0.02660	0.70740	0.06896	0.00742	0.00779	0.01066	0.00447	0.00460
7	0.01730	0.01936	0.04010	0.02921	0.03540	0.01947	0.55157	0.02274	0.01644	0.02274	0.01409	0.01936	0.01100	0.00744	0.01151	0.00263	0.13793	0.00836	0.00367	0.00968
8	0.01402	0.01319	0.02227	0.72126	0.05113	0.01649	0.02062	0.01897	0.01484	0.01897	0.01319	0.01979	0.00990	0.00742	0.00742	0.00247	0.00990	0.00660	0.00330	0.00825
9	0.00904	0.00646	0.00861	0.01034	0.01077	0.00603	0.00689	0.01034	0.01421	0.01895	0.04092	0.73426	0.04910	0.02326	0.00948	0.00301	0.00431	0.02110	0.00689	0.00603
10	0.02355	0.01145	0.01474	0.01221	0.01640	0.01074	0.00974	0.02932	0.11877	0.37768	0.24794	0.03563	0.03613	0.01130	0.00791	0.00234	0.00532	0.00958	0.00861	0.01064
11	0.01551	0.12601	0.61843	0.02011	0.03051	0.01875	0.02560	0.02335	0.01560	0.02276	0.01295	0.01521	0.00942	0.00697	0.00677	0.00226	0.01059	0.00530	0.00314	0.01079
12	0.01985	0.74357	0.03890	0.01270	0.01905	0.02937	0.01270	0.02223	0.01508	0.01747	0.01032	0.01191	0.00953	0.00635	0.00476	0.00159	0.00794	0.00397	0.00318	0.00953
13	0.03856	0.01318	0.02093	0.52830	0.07054	0.01634	0.01838	0.01861	0.01432	0.01966	0.01376	0.02092	0.01116	0.04572	0.01061	0.00275	0.08558	0.00674	0.03582	0.00813
14	0.01048	0.00748	0.00961	0.00921	0.01066	0.00699	0.00665	0.01340	0.01929	0.02715	0.56769	0.08426	0.06313	0.11645	0.01283	0.00304	0.00405	0.01340	0.00760	0.00661
15	0.01080	0.00720	0.00810	0.00810	0.00810	0.00720	0.00450	0.01080	0.01080	0.01439	0.02339	0.04858	0.02699	0.73910	0.03779	0.00720	0.00720	0.01080	0.00450	0.00450
16	0.02662	0.03303	0.02124	0.01909	0.02261	0.61958	0.01452	0.04955	0.02055	0.01908	0.01152	0.01381	0.00968	0.00821	0.00844	0.00205	0.08279	0.00501	0.00389	0.00869
17	0.01714	0.01891	0.03759	0.02781	0.03310	0.01994	0.47418	0.02203	0.01571	0.02203	0.01346	0.01891	0.01082	0.00825	0.01336	0.00272	0.22288	0.00809	0.00361	0.00945
18	0.00894	0.00751	0.00765	0.00762	0.00998	0.00634	0.00564	0.01080	0.01681	0.02020	0.09840	0.06972	0.63318	0.05207	0.01012	0.00272	0.00391	0.01535	0.00684	0.00622
19	0.01539	0.01319	0.01539	0.01100	0.01759	0.00990	0.00880	0.01869	0.01539	0.02419	0.01319	0.01539	0.01100	0.00550	0.00550	0.00110	0.00550	0.00440	0.00440	0.78449
20	0.02179	0.01459	0.01541	0.01254	0.01660	0.01583	0.01012	0.37722	0.02626	0.03825	0.02068	0.02223	0.01549	0.00879	0.00643	0.00201	0.00606	0.00679	0.35283	0.01008
21	0.00908	0.00753	0.00794	0.00784	0.01021	0.00640	0.00588	0.01124	0.01764	0.02176	0.18315	0.06863	0.58077	0.01816	0.00877	0.00248	0.00371	0.01527	0.00712	0.00640
22	0.00939	0.00668	0.00844	0.00970	0.01017	0.00628	0.00632	0.01045	0.01368	0.01808	0.03948	0.55177	0.08490	0.16992	0.01524	0.00384	0.00487	0.01865	0.00640	0.00573
23	0.00879	0.00745	0.00760	0.00772	0.01008	0.00625	0.00573	0.01063	0.01673	0.01998	0.07277	0.11852	0.64428	0.01912	0.00882	0.00254	0.00380	0.01605	0.00689	0.00625
24	0.01846	0.01595	0.01679	0.01511	0.01930	0.01846	0.01175	0.03945	0.67938	0.03105	0.03022	0.02770	0.02266	0.01007	0.00755	0.00252	0.00588	0.00839	0.00755	0.01175
25	0.03331	0.01263	0.01723	0.01321	0.01895	0.01091	0.01091	0.03618	0.02125	0.69794	0.02929	0.02527	0.01838	0.00919	0.00747	0.00230	0.00632	0.00747	0.00919	0.01263
26	0.01837	0.01764	0.03013	0.04557	0.69279	0.01764	0.02278	0.02278	0.01690	0.02425	0.01396	0.01837	0.01176	0.00661	0.00735	0.00220	0.00882	0.00661	0.00367	0.01176
27	0.79154	0.01436	0.01091	0.00976	0.01436	0.01665	0.00804	0.02182	0.01263	0.03331	0.01034	0.01206	0.00804	0.00689	0.00459	0.00230	0.00574	0.00402	0.00459	0.00804
28	0.01063	0.00785	0.01140	0.01140	0.01255	0.00899	0.00862	0.01292	0.01177	0.01684	0.02037	0.03183	0.01972	0.14955	0.61739	0.01128	0.01814	0.00834	0.00405	0.00634
29	0.01539	0.01319	0.01539	0.01100	0.01759	0.00990	0.00880	0.01869	0.01539	0.02419	0.01319	0.01539	0.01100	0.00550	0.00550	0.00110	0.00550	0.00440	0.00440	0.78449
30	0.01985	0.74357	0.03890	0.01270	0.01905	0.02937	0.01270	0.02223	0.01508	0.01747	0.01032	0.01191	0.00953	0.00635	0.00476	0.00159	0.00794	0.00397	0.00318	0.00953
31	0.00912	0.00747	0.00811	0.00852	0.01066	0.00646	0.00644	0.01107	0.01655	0.02011	0.06682	0.16688	0.53548	0.01960	0.00902	0.00267	0.00414	0.07771	0.00689	0.00629
32	0.07938	0.01274	0.01684	0.01300	0.01867	0.01126	0.01074	0.03531	0.02072	0.65755	0.02814	0.02447	0.01775	0.00905	0.00729	0.00230	0.00628	0.00726	0.00891	0.01235
33	0.01846	0.01595	0.01679	0.01511	0.01930	0.01846	0.01175	0.03945	0.67938	0.03105	0.03022	0.02770	0.02266	0.01007	0.00755	0.00252	0.00588	0.00839	0.00755	0.01175
