[name]
unknown

[dist]
# distance from previous block
# <min> <max>
5	31

[block]
# block no. 0 follows, 29 sequences, length 41
# corresponding to MSA columns:
# 33-69,93-96
name=unknown_A
#
# <colnr> <probs for GDERKNQSTAVLIFYWHMCP>
#	G	D	E	R	K	N	Q	S	T	A	V	L	I	F	Y	W	H	M	C	P
0	0.03884	0.01775	0.12848	0.21450	0.17287	0.01552	0.06630	0.08318	0.01715	0.05588	0.04752	0.02234	0.03373	0.04542	0.00864	0.00249	0.00861	0.00705	0.00429	0.00944
1	0.15061	0.04880	0.01917	0.05742	0.15741	0.03606	0.01298	0.11356	0.09022	0.09752	0.04729	0.02077	0.03749	0.00800	0.00648	0.00208	0.00684	0.00642	0.00540	0.07548
2	0.06265	0.01421	0.01894	0.07501	0.19038	0.01334	0.01309	0.04347	0.07159	0.05582	0.01487	0.01709	0.01178	0.00639	0.00612	0.00169	0.00655	0.00541	0.00453	0.36709
3	0.02099	0.01450	0.01676	0.01516	0.04947	0.01558	0.01142	0.06994	0.42593	0.18214	0.05405	0.02581	0.02128	0.00931	0.00719	0.00229	0.00587	0.00775	0.00734	0.03721
4	0.02123	0.01755	0.01914	0.05916	0.07685	0.06866	0.01316	0.21549	0.27011	0.06618	0.02065	0.02059	0.01537	0.00834	0.00695	0.00214	0.00723	0.00672	0.00623	0.07825
5	0.01377	0.00857	0.01011	0.00933	0.01200	0.00772	0.00724	0.03899	0.01773	0.13850	0.15975	0.05598	0.34193	0.07473	0.01053	0.00278	0.00467	0.07137	0.00702	0.00729
6	0.05166	0.02643	0.32380	0.02004	0.02684	0.09247	0.14894	0.02207	0.04274	0.02193	0.01601	0.09362	0.01391	0.00883	0.00834	0.00237	0.05935	0.00751	0.00382	0.00931
7	0.02543	0.01570	0.01812	0.03575	0.01999	0.01657	0.01178	0.38236	0.04580	0.21307	0.02140	0.05514	0.01599	0.03098	0.00869	0.02844	0.00697	0.00742	0.02944	0.01098
8	0.00888	0.00632	0.00835	0.00973	0.01024	0.00592	0.00651	0.01024	0.01406	0.01889	0.09654	0.65252	0.04789	0.05488	0.01027	0.00302	0.00419	0.01915	0.00661	0.00580
9	0.07989	0.37345	0.07117	0.01454	0.02053	0.04903	0.04345	0.16461	0.04956	0.05319	0.01346	0.01448	0.01065	0.00701	0.00571	0.00187	0.00792	0.00502	0.00449	0.00996
10	0.04732	0.05453	0.05940	0.01708	0.01995	0.05163	0.04462	0.02159	0.03137	0.11470	0.01323	0.01665	0.01087	0.00998	0.01536	0.00257	0.39323	0.00602	0.00418	0.06569
11	0.01904	0.75404	0.03731	0.01218	0.01828	0.02818	0.01218	0.02132	0.01447	0.01675	0.00990	0.01142	0.00914	0.00609	0.00457	0.00152	0.00761	0.00381	0.00305	0.00914
12	0.00874	0.00723	0.00766	0.00755	0.00982	0.00615	0.00566	0.01084	0.01699	0.02104	0.19393	0.06556	0.57952	0.01736	0.00841	0.00237	0.00356	0.01461	0.00685	0.00615
13	0.00875	0.00636	0.00826	0.00961	0.01029	0.00587	0.00651	0.01020	0.01433	0.01902	0.09010	0.63575	0.10593	0.02137	0.00898	0.00280	0.00403	0.01925	0.00670	0.00587
14	0.01379	0.00757	0.00784	0.00745	0.00950	0.00748	0.00564	0.04750	0.01573	0.02684	0.02309	0.05789	0.01884	0.00878	0.00528	0.00170	0.00367	0.00711	0.67444	0.04984
15	0.01129	0.00853	0.00959	0.00954	0.01209	0.00796	0.00758	0.01544	0.08854	0.05622	0.07899	0.06374	0.43782	0.01690	0.00852	0.00257	0.00455	0.14631	0.00682	0.00702
16	0.00859	0.00722	0.00745	0.00740	0.00972	0.00609	0.00555	0.01056	0.01664	0.02021	0.13799	0.06692	0.63598	0.01767	0.00841	0.00239	0.00358	0.01480	0.00674	0.00609
17	0.01036	0.00690	0.00777	0.00777	0.00777	0.00690	0.00431	0.01036	0.01036	0.01381	0.02244	0.04660	0.02589	0.74975	0.03624	0.00690	0.00690	0.01036	0.00431	0.00431
18	0.02660	0.01816	0.01999	0.01549	0.02093	0.01969	0.01274	0.53720	0.06203	0.13327	0.04678	0.01996	0.01553	0.00888	0.00719	0.00216	0.00731	0.00685	0.00739	0.01185
19	0.01080	0.00736	0.00851	0.00849	0.00880	0.00746	0.00512	0.03509	0.01157	0.01551	0.02364	0.11029	0.02694	0.61596	0.07006	0.00660	0.00734	0.01099	0.00461	0.00485
20	0.00868	0.00620	0.00826	0.00991	0.01033	0.00578	0.00661	0.00991	0.01363	0.01818	0.03925	0.74510	0.04710	0.02231	0.00909	0.00289	0.00413	0.02024	0.00661	0.00578
21	0.13362	0.54362	0.03107	0.01266	0.01796	0.08561	0.01185	0.02165	0.01442	0.01905	0.00997	0.01179	0.00894	0.00662	0.00573	0.00174	0.04760	0.00401	0.00330	0.00878
22	0.00991	0.00697	0.00886	0.00968	0.01060	0.00654	0.00673	0.01145	0.01381	0.01895	0.07243	0.43069	0.04035	0.15663	0.01383	0.00349	0.00489	0.08425	0.04189	0.04805
23	0.01023	0.00694	0.00812	0.00809	0.00842	0.00682	0.00487	0.01092	0.01235	0.01679	0.15148	0.07937	0.03465	0.57805	0.02976	0.00584	0.00611	0.01128	0.00508	0.00484
24	0.01837	0.57415	0.03649	0.01543	0.02109	0.02606	0.11039	0.02113	0.01446	0.01768	0.01051	0.01297	0.00940	0.00670	0.00697	0.00181	0.07945	0.00472	0.00313	0.00907
25	0.00868	0.00620	0.00826	0.00991	0.01033	0.00578	0.00661	0.00991	0.01363	0.01818	0.03925	0.74510	0.04710	0.02231	0.00909	0.00289	0.00413	0.02024	0.00661	0.00578
26	0.01305	0.00798	0.00995	0.00912	0.01155	0.00708	0.00695	0.01579	0.01883	0.13417	0.39262	0.08399	0.23171	0.01494	0.00824	0.00231	0.00389	0.01289	0.00760	0.00734
27	0.01427	0.01323	0.02090	0.53597	0.04054	0.01678	0.01817	0.04803	0.01438	0.01914	0.01262	0.01878	0.01003	0.01061	0.04840	0.00298	0.13740	0.00638	0.00337	0.00800
28	0.01327	0.00664	0.00664	0.00664	0.00830	0.00664	0.00498	0.01659	0.01493	0.02655	0.02323	0.02655	0.01825	0.00830	0.00498	0.00166	0.00332	0.00664	0.78928	0.00664
29	0.02399	0.01821	0.01951	0.01564	0.02069	0.02030	0.01268	0.49700	0.19030	0.04005	0.02095	0.05244	0.01600	0.00944	0.00724	0.00224	0.00714	0.00743	0.00713	0.01162
30	0.02230	0.01028	0.01345	0.01129	0.01499	0.00935	0.00892	0.06007	0.01979	0.38093	0.18656	0.13125	0.03308	0.01200	0.00760	0.00227	0.00510	0.01025	0.05084	0.00967
31	0.01008	0.00728	0.00952	0.00896	0.01064	0.00672	0.00672	0.01344	0.02016	0.02855	0.70158	0.05319	0.06719	0.01456	0.00840	0.00224	0.00336	0.01288	0.00784	0.00672
32	0.01530	0.00859	0.00880	0.00807	0.01032	0.00890	0.00623	0.11413	0.01765	0.02924	0.02233	0.02516	0.01735	0.00833	0.00529	0.00173	0.00398	0.00660	0.67455	0.00744
33	0.01989	0.01953	0.02621	0.03606	0.49921	0.10896	0.01934	0.02497	0.09295	0.02436	0.01838	0.02182	0.03795	0.00828	0.00766	0.00240	0.00899	0.00708	0.00459	0.01138
34	0.02469	0.01813	0.01950	0.01574	0.02035	0.01957	0.01240	0.52009	0.04949	0.03961	0.02107	0.07558	0.01793	0.09672	0.01128	0.00303	0.00785	0.00838	0.00720	0.01138
35	0.01391	0.00737	0.01040	0.01033	0.01049	0.00714	0.00688	0.01048	0.01031	0.01391	0.01388	0.02357	0.01376	0.02530	0.02794	0.77339	0.00668	0.00665	0.00363	0.00398
36	0.02404	0.02664	0.02014	0.09346	0.02428	0.43481	0.01414	0.16568	0.02161	0.02332	0.01287	0.01532	0.01031	0.01026	0.04625	0.00252	0.03572	0.00538	0.00434	0.00892
37	0.04649	0.01398	0.01900	0.01920	0.14655	0.05044	0.04619	0.02734	0.06887	0.32072	0.07572	0.02428	0.01937	0.01133	0.04057	0.03830	0.00751	0.00733	0.00647	0.01033
38	0.01362	0.00816	0.00996	0.00904	0.01169	0.00715	0.00694	0.01622	0.01855	0.15574	0.31760	0.07068	0.29745	0.01496	0.00818	0.00231	0.00399	0.01278	0.00753	0.00747
39	0.00885	0.00718	0.00775	0.00769	0.00978	0.00619	0.00568	0.01088	0.01673	0.02093	0.20014	0.08744	0.52140	0.04613	0.00953	0.00256	0.00370	0.01457	0.00678	0.00608
40	0.02139	0.06197	0.09645	0.07658	0.16624	0.25206	0.01689	0.14353	0.02010	0.02416	0.01323	0.01592	0.01054	0.00930	0.03916	0.00245	0.01054	0.00559	0.00413	0.00976

[dist]
# distance from previous block
# <min> <max>
0	1

[block]
# block no. 1 follows, 29 sequences, length 13
# corresponding to MSA columns:
# 98-110
name=unknown_B
#
# <colnr> <probs for GDERKNQSTAVLIFYWHMCP>
#	G	D	E	R	K	N	Q	S	T	A	V	L	I	F	Y	W	H	M	C	P
0	0.02096	0.01523	0.01677	0.01399	0.01793	0.01651	0.01107	0.45035	0.02670	0.03609	0.02394	0.23249	0.02274	0.01260	0.00760	0.00234	0.00652	0.01051	0.04572	0.00997
1	0.01623	0.01850	0.11530	0.20032	0.46634	0.01661	0.02195	0.02110	0.01560	0.02200	0.01314	0.01761	0.01057	0.00658	0.00703	0.00219	0.00896	0.00620	0.00337	0.01040
2	0.01198	0.00875	0.01055	0.01089	0.01240	0.00875	0.00777	0.13130	0.01741	0.02308	0.03763	0.56438	0.08841	0.01951	0.00868	0.00272	0.00476	0.01736	0.00670	0.00694
3	0.01038	0.00869	0.01015	0.01116	0.01179	0.05213	0.00782	0.01174	0.01374	0.01797	0.03430	0.61046	0.04052	0.02220	0.04546	0.00327	0.05845	0.01761	0.00603	0.00611
4	0.01579	0.01809	0.06328	0.20706	0.03900	0.01759	0.45165	0.02134	0.01578	0.02134	0.01364	0.01879	0.01032	0.00665	0.00877	0.00242	0.04828	0.00764	0.00344	0.00912
5	0.01884	0.04780	0.14191	0.01406	0.01926	0.01472	0.01305	0.12671	0.17374	0.13809	0.07842	0.07952	0.08156	0.01070	0.00734	0.00229	0.00655	0.00883	0.00648	0.01012
6	0.01248	0.01271	0.10632	0.01224	0.01480	0.01001	0.03379	0.09534	0.01547	0.02100	0.02727	0.33233	0.03030	0.22375	0.01619	0.00383	0.00652	0.01328	0.00543	0.00693
7	0.01123	0.00729	0.00981	0.00981	0.01121	0.00813	0.00756	0.01404	0.01263	0.01994	0.02049	0.02749	0.01795	0.03803	0.47726	0.00811	0.01370	0.00729	0.27158	0.00645
8	0.01222	0.01401	0.13893	0.11783	0.02025	0.01136	0.01261	0.03470	0.01354	0.01922	0.02073	0.14779	0.02087	0.15933	0.12252	0.00467	0.05132	0.00947	0.06150	0.00712
9	0.01650	0.01577	0.02687	0.22897	0.52885	0.01662	0.02129	0.02087	0.01568	0.02190	0.01320	0.01799	0.01080	0.00655	0.00707	0.00218	0.00874	0.00634	0.00343	0.01037
10	0.01528	0.01543	0.02592	0.05320	0.12603	0.05964	0.25430	0.02034	0.05631	0.02152	0.02127	0.12094	0.02030	0.01365	0.06006	0.00315	0.00988	0.08954	0.00456	0.00869
11	0.01410	0.01332	0.02341	0.14949	0.07588	0.01456	0.18412	0.01717	0.01416	0.01921	0.01996	0.06794	0.05968	0.01232	0.01305	0.09320	0.13479	0.06198	0.00398	0.00766
12	0.13861	0.01437	0.02196	0.08421	0.18765	0.01606	0.09338	0.01994	0.01422	0.05756	0.01498	0.05881	0.01304	0.01045	0.03533	0.00274	0.15761	0.00706	0.04318	0.00885

[dist]
# distance from previous block
# <min> <max>
4	14

[block]
# block no. 2 follows, 29 sequences, length 22
# corresponding to MSA columns:
# 125-146
name=unknown_C
#
# <colnr> <probs for GDERKNQSTAVLIFYWHMCP>
#	G	D	E	R	K	N	Q	S	T	A	V	L	I	F	Y	W	H	M	C	P
0	0.01830	0.01431	0.01720	0.01431	0.01847	0.01480	0.04764	0.27540	0.10033	0.03099	0.02425	0.20281	0.02310	0.01206	0.00757	0.00228	0.00646	0.04242	0.00637	0.12092
1	0.08025	0.06245	0.31881	0.09250	0.06344	0.01743	0.12424	0.07025	0.04032	0.02444	0.01423	0.03485	0.01100	0.00724	0.00687	0.00225	0.00946	0.00629	0.00380	0.00987
2	0.03900	0.01880	0.11633	0.18739	0.32665	0.01706	0.06803	0.06628	0.04789	0.02402	0.01409	0.01790	0.01099	0.00685	0.00706	0.00223	0.00896	0.00636	0.00382	0.01027
3	0.07858	0.01602	0.01746	0.01347	0.01893	0.01619	0.01094	0.35692	0.02425	0.05890	0.01699	0.06326	0.01375	0.00827	0.00647	0.00185	0.00655	0.00645	0.00603	0.25872
4	0.01303	0.00821	0.01057	0.03012	0.01313	0.00791	0.00801	0.05662	0.01577	0.09354	0.03709	0.38627	0.11486	0.03913	0.01092	0.06533	0.00511	0.07119	0.00644	0.00677
5	0.01844	0.02204	0.15284	0.16428	0.12727	0.12817	0.04769	0.12771	0.01846	0.02372	0.01405	0.03745	0.01136	0.00887	0.00856	0.05990	0.00952	0.00634	0.00402	0.00929
6	0.03899	0.05843	0.10071	0.11402	0.01937	0.01097	0.01162	0.01512	0.01550	0.02129	0.16436	0.11459	0.12174	0.05624	0.04653	0.00314	0.00688	0.06798	0.00534	0.00719
7	0.09242	0.11070	0.01961	0.06612	0.01939	0.01424	0.10962	0.01766	0.04735	0.02053	0.02309	0.04735	0.09481	0.06622	0.15457	0.00439	0.03282	0.00807	0.04346	0.00758
8	0.01153	0.00722	0.00952	0.01019	0.01156	0.00665	0.00741	0.01345	0.01566	0.09149	0.12895	0.46417	0.09313	0.01931	0.00882	0.00274	0.00443	0.08011	0.00700	0.00666
9	0.10568	0.02935	0.46521	0.05890	0.07421	0.01665	0.10742	0.02212	0.01496	0.02349	0.01269	0.01554	0.00927	0.00664	0.00674	0.00226	0.00995	0.00563	0.00329	0.00999
10	0.01676	0.16277	0.39665	0.01987	0.04413	0.01812	0.11926	0.02292	0.01579	0.07195	0.03762	0.01706	0.01202	0.00694	0.00670	0.00213	0.00958	0.00589	0.00371	0.01013
11	0.01062	0.00698	0.00909	0.00981	0.01079	0.00657	0.00695	0.01207	0.01456	0.05019	0.12069	0.38061	0.07957	0.11768	0.01357	0.04449	0.00484	0.08862	0.00637	0.00595
12	0.03098	0.01190	0.01621	0.01250	0.01784	0.01030	0.01030	0.03376	0.02037	0.67999	0.05800	0.02552	0.01983	0.00907	0.00722	0.00220	0.00594	0.00741	0.00877	0.01188
13	0.01077	0.00784	0.01056	0.01192	0.01353	0.00763	0.01007	0.01366	0.01623	0.02099	0.06478	0.14410	0.12522	0.01955	0.00953	0.00310	0.00584	0.49166	0.00661	0.00642
14	0.03526	0.12127	0.17311	0.02872	0.28205	0.05373	0.11029	0.07052	0.01718	0.02366	0.01301	0.01606	0.01033	0.00657	0.00676	0.00209	0.00937	0.00592	0.00365	0.01044
15	0.01599	0.01586	0.02609	0.13176	0.02783	0.01925	0.17851	0.06139	0.01436	0.02045	0.01214	0.01778	0.01037	0.01207	0.05484	0.00322	0.35923	0.00687	0.00354	0.00845
16	0.01618	0.01666	0.02266	0.01920	0.01971	0.05627	0.04610	0.01796	0.01164	0.01741	0.00966	0.01561	0.00941	0.01191	0.02184	0.00302	0.66745	0.00625	0.00317	0.00790
17	0.01610	0.01454	0.02507	0.45492	0.16287	0.01632	0.10195	0.05008	0.01607	0.05331	0.01393	0.01893	0.01048	0.00698	0.00727	0.00231	0.00939	0.00663	0.00373	0.00911
18	0.01427	0.00992	0.01303	0.02917	0.01526	0.00999	0.03241	0.13057	0.01816	0.06839	0.05554	0.39336	0.03613	0.04064	0.00949	0.00284	0.00569	0.10095	0.00662	0.00757
19	0.02809	0.01435	0.01734	0.01347	0.01864	0.01418	0.01106	0.26185	0.02471	0.40248	0.05762	0.02328	0.01819	0.00898	0.00709	0.00215	0.00640	0.00715	0.05144	0.01154
20	0.00868	0.00620	0.00826	0.00991	0.01033	0.00578	0.00661	0.00991	0.01363	0.01818	0.03925	0.74510	0.04710	0.02231	0.00909	0.00289	0.00413	0.02024	0.00661	0.00578
21	0.01402	0.01740	0.13559	0.14193	0.03028	0.01422	0.25420	0.04156	0.01612	0.02199	0.05393	0.18405	0.02136	0.01051	0.00803	0.00247	0.00899	0.01038	0.00445	0.00854

[dist]
# distance from previous block
# <min> <max>
0	2

[block]
# block no. 3 follows, 29 sequences, length 65
# corresponding to MSA columns:
# 149-213
name=unknown_D
#
# <colnr> <probs for GDERKNQSTAVLIFYWHMCP>
#	G	D	E	R	K	N	Q	S	T	A	V	L	I	F	Y	W	H	M	C	P
0	0.68471	0.01406	0.01170	0.01011	0.01470	0.01594	0.00833	0.06712	0.01425	0.08813	0.01189	0.01298	0.00882	0.00692	0.00482	0.00220	0.00571	0.00430	0.00495	0.00837
1	0.05168	0.04869	0.01967	0.33408	0.03198	0.01607	0.01477	0.16407	0.01852	0.02557	0.01515	0.04840	0.01255	0.00800	0.00671	0.00209	0.00783	0.02419	0.00450	0.14547
2	0.03412	0.00788	0.00909	0.00852	0.01076	0.00708	0.00632	0.01412	0.01700	0.09541	0.25050	0.07297	0.32067	0.10062	0.01141	0.00286	0.00424	0.01282	0.00689	0.00672
3	0.03678	0.26476	0.07768	0.08163	0.02254	0.05665	0.04516	0.07409	0.03477	0.02069	0.01313	0.01674	0.01117	0.01462	0.11835	0.00351	0.08962	0.00559	0.00372	0.00880
4	0.00937	0.00725	0.00854	0.00822	0.01021	0.00642	0.00616	0.01207	0.01849	0.02461	0.43503	0.05969	0.33620	0.01603	0.00841	0.00231	0.00346	0.01379	0.00732	0.00642
5	0.01483	0.32071	0.13816	0.01318	0.01789	0.01886	0.01307	0.01787	0.01367	0.01778	0.01923	0.02345	0.08550	0.06565	0.12106	0.00380	0.07702	0.00651	0.00363	0.00815
6	0.01623	0.01768	0.03586	0.13527	0.08457	0.01800	0.46391	0.02145	0.01576	0.02155	0.01354	0.01868	0.01049	0.00687	0.00969	0.00245	0.08753	0.00772	0.00348	0.00928
7	0.01221	0.00618	0.00923	0.00930	0.00932	0.00617	0.00620	0.00930	0.00947	0.01262	0.01354	0.05310	0.01388	0.02463	0.02701	0.75848	0.00610	0.00680	0.00325	0.00321
8	0.01599	0.01808	0.11105	0.16393	0.44235	0.01616	0.02084	0.02128	0.04020	0.02229	0.01664	0.02038	0.04503	0.00723	0.00710	0.00220	0.00856	0.00670	0.00368	0.01031
9	0.52136	0.01317	0.01266	0.01056	0.01537	0.01398	0.00871	0.02593	0.01512	0.27806	0.01651	0.01616	0.01131	0.00741	0.00541	0.00220	0.00571	0.00505	0.00601	0.00931
10	0.01558	0.01558	0.02181	0.01869	0.01869	0.02181	0.01558	0.01714	0.01091	0.01714	0.00935	0.01558	0.00935	0.01246	0.02337	0.00312	0.73672	0.00623	0.00312	0.00779
11	0.02665	0.01974	0.02113	0.01630	0.02192	0.02188	0.01343	0.65251	0.06325	0.04419	0.01763	0.01752	0.01254	0.00860	0.00713	0.00215	0.00774	0.00649	0.00713	0.01207
12	0.01427	0.06049	0.01453	0.01166	0.01419	0.03012	0.00923	0.04921	0.12405	0.05120	0.35841	0.06168	0.07389	0.01277	0.00932	0.00232	0.07731	0.01049	0.00676	0.00811
13	0.48125	0.01350	0.01430	0.22012	0.02456	0.01585	0.01160	0.02197	0.06567	0.05397	0.01289	0.01537	0.00970	0.00708	0.00552	0.00227	0.00670	0.00503	0.00444	0.00821
14	0.04630	0.00797	0.00992	0.00912	0.01120	0.00742	0.00686	0.01526	0.01893	0.08841	0.52524	0.04937	0.09981	0.06132	0.00991	0.00255	0.00394	0.01195	0.00747	0.00705
15	0.08998	0.25838	0.08897	0.01495	0.02064	0.17731	0.01360	0.15746	0.01989	0.07806	0.01327	0.01422	0.01027	0.00718	0.00589	0.00190	0.00879	0.00490	0.00457	0.00978
16	0.01689	0.01897	0.04063	0.03146	0.10787	0.01789	0.60992	0.02271	0.01674	0.02286	0.01430	0.01904	0.01085	0.00604	0.00826	0.00237	0.01163	0.00819	0.00359	0.00978
17	0.01327	0.00664	0.00664	0.00664	0.00830	0.00664	0.00498	0.01659	0.01493	0.02655	0.02323	0.02655	0.01825	0.00830	0.00498	0.00166	0.00332	0.00664	0.78928	0.00664
18	0.01383	0.01314	0.02250	0.66508	0.09240	0.01596	0.04025	0.01858	0.01445	0.01867	0.01276	0.01890	0.00965	0.00703	0.00715	0.00236	0.00950	0.00639	0.00320	0.00819
19	0.01196	0.00880	0.01227	0.01422	0.03850	0.00891	0.01182	0.01600	0.04578	0.02175	0.03649	0.07584	0.03913	0.01878	0.00963	0.00320	0.00658	0.60694	0.00648	0.00692
20	0.01747	0.01676	0.02863	0.06866	0.68157	0.01688	0.02178	0.02172	0.01614	0.02308	0.01337	0.01767	0.01121	0.00637	0.00705	0.00212	0.00850	0.00634	0.00351	0.01116
21	0.01221	0.00936	0.01382	0.03882	0.10142	0.00942	0.01270	0.01565	0.01655	0.02194	0.07814	0.06883	0.03806	0.01729	0.00931	0.00304	0.00667	0.51343	0.00616	0.00720
22	0.80005	0.01377	0.01047	0.00936	0.01377	0.01597	0.00771	0.02093	0.01212	0.03195	0.00991	0.01157	0.00771	0.00661	0.00441	0.00220	0.00551	0.00386	0.00441	0.00771
23	0.01029	0.00804	0.01141	0.01461	0.10444	0.00779	0.00885	0.01276	0.04048	0.01977	0.06483	0.58842	0.04218	0.01932	0.00871	0.00274	0.00474	0.01757	0.00627	0.00678
24	0.00889	0.00678	0.00817	0.00879	0.01015	0.00606	0.00622	0.01077	0.01592	0.02076	0.19207	0.36571	0.27563	0.01919	0.00871	0.00259	0.00379	0.01688	0.00687	0.00606
25	0.04398	0.00661	0.00845	0.00982	0.01050	0.00630	0.00667	0.01066	0.01403	0.01953	0.08527	0.66303	0.04678	0.02106	0.00883	0.00281	0.00414	0.01899	0.00660	0.00594
26	0.01771	0.01530	0.01610	0.01449	0.01852	0.01771	0.01127	0.03784	0.69247	0.02979	0.02898	0.02657	0.02174	0.00966	0.00725	0.00242	0.00564	0.00805	0.00725	0.01127
27	0.80005	0.01377	0.01047	0.00936	0.01377	0.01597	0.00771	0.02093	0.01212	0.03195	0.00991	0.01157	0.00771	0.00661	0.00441	0.00220	0.00551	0.00386	0.00441	0.00771
28	0.09441	0.00797	0.00954	0.00894	0.01094	0.00768	0.00678	0.01413	0.01916	0.02860	0.60620	0.04927	0.08253	0.01383	0.00797	0.00224	0.00360	0.01199	0.00743	0.00680
29	0.71716	0.04394	0.01227	0.00995	0.01451	0.01687	0.00828	0.06496	0.01364	0.03220	0.01039	0.01193	0.00806	0.00672	0.00459	0.00217	0.00575	0.00402	0.00453	0.00806
30	0.07107	0.70472	0.03552	0.01200	0.01798	0.02736	0.01189	0.02130	0.01431	0.01777	0.00990	0.01143	0.00904	0.00613	0.00456	0.00157	0.00747	0.00381	0.00314	0.00904
31	0.01762	0.01692	0.02890	0.04371	0.70533	0.01692	0.02185	0.02185	0.01621	0.02326	0.01339	0.01762	0.01128	0.00634	0.00705	0.00211	0.00846	0.00634	0.00352	0.01128
32	0.01167	0.00763	0.01003	0.00923	0.01119	0.00699	0.00699	0.01498	0.02017	0.07812	0.65260	0.05108	0.06358	0.01414	0.00831	0.00224	0.00356	0.01246	0.00791	0.00711
33	0.01098	0.00802	0.01079	0.01210	0.01385	0.00782	0.01042	0.01405	0.01652	0.02131	0.06964	0.07754	0.13632	0.01923	0.00957	0.00311	0.00601	0.53961	0.00662	0.00649
34	0.01345	0.01266	0.02136	0.73264	0.04904	0.01582	0.01978	0.01819	0.01424	0.01819	0.01266	0.01898	0.00949	0.00712	0.00712	0.00237	0.00949	0.00633	0.00316	0.00791
35	0.00868	0.00620	0.00826	0.00991	0.01033	0.00578	0.00661	0.00991	0.01363	0.01818	0.03925	0.74510	0.04710	0.02231	0.00909	0.00289	0.00413	0.02024	0.00661	0.00578
36	0.01237	0.00618	0.00928	0.00928	0.00928	0.00618	0.00618	0.00928	0.00928	0.01237	0.01237	0.02165	0.01237	0.02474	0.02783	0.79283	0.00618	0.00618	0.00309	0.00309
37	0.02707	0.01995	0.02137	0.01638	0.02208	0.02208	0.01353	0.68159	0.03348	0.04488	0.01710	0.01710	0.01211	0.00855	0.00712	0.00214	0.00784	0.00641	0.00712	0.01211
38	0.01510	0.00856	0.01113	0.01074	0.01295	0.00784	0.00788	0.04651	0.01677	0.17367	0.10522	0.44311	0.03935	0.01704	0.00831	0.00255	0.00470	0.01515	0.00713	0.04629
39	0.01695	0.15509	0.45791	0.02035	0.07797	0.08204	0.02196	0.04944	0.01623	0.02207	0.01236	0.01451	0.00935	0.00674	0.00640	0.00208	0.00998	0.00508	0.00328	0.01021
40	0.10172	0.02018	0.02019	0.06360	0.02306	0.08702	0.01340	0.51115	0.02885	0.03924	0.01552	0.01628	0.01123	0.00815	0.00679	0.00213	0.00819	0.00598	0.00627	0.01104
41	0.01073	0.00739	0.01025	0.01025	0.01147	0.00831	0.00778	0.01316	0.01195	0.01801	0.02012	0.02951	0.01866	0.11245	0.53097	0.00930	0.01516	0.00772	0.14059	0.00621
42	0.01778	0.01740	0.02818	0.07656	0.64546	0.04531	0.02142	0.02194	0.01628	0.02278	0.01326	0.01750	0.01111	0.00642	0.00703	0.00212	0.00869	0.00627	0.00351	0.01099
43	0.01400	0.00685	0.00702	0.00687	0.00868	0.00679	0.00519	0.01730	0.01515	0.05330	0.02342	0.02646	0.01823	0.00832	0.00506	0.00168	0.00343	0.00666	0.75874	0.00685
44	0.00961	0.00773	0.02712	0.01012	0.01159	0.00674	0.00781	0.01199	0.01613	0.02157	0.20910	0.34789	0.13919	0.01893	0.00889	0.00271	0.00444	0.12532	0.00682	0.00630
45	0.14588	0.15623	0.43303	0.01657	0.02498	0.01807	0.01973	0.02288	0.01481	0.06891	0.01283	0.01445	0.00940	0.00676	0.00602	0.00212	0.00889	0.00490	0.00363	0.00992
46	0.01428	0.03683	0.71286	0.02030	0.03082	0.01654	0.02631	0.02255	0.01503	0.02255	0.01278	0.01503	0.00902	0.00677	0.00677	0.00226	0.01052	0.00526	0.00301	0.01052
47	0.01081	0.00857	0.01267	0.01230	0.01342	0.01042	0.00969	0.01324	0.01138	0.01660	0.01792	0.02651	0.01680	0.04857	0.63911	0.01046	0.10379	0.00746	0.00373	0.00653
48	0.02051	0.06400	0.01814	0.04141	0.01871	0.01655	0.01096	0.34170	0.02311	0.06312	0.01854	0.05096	0.01609	0.14178	0.05926	0.00351	0.00804	0.00741	0.00582	0.07040
49	0.00976	0.00716	0.00866	0.00942	0.01089	0.00656	0.00683	0.01201	0.03463	0.03852	0.07623	0.39747	0.26677	0.01962	0.00879	0.00270	0.00421	0.06675	0.00673	0.00629
50	0.01469	0.01226	0.01436	0.01060	0.01627	0.00969	0.00844	0.04730	0.01634	0.02490	0.10582	0.02006	0.01826	0.00667	0.00578	0.00126	0.00513	0.00549	0.00484	0.65186
51	0.05530	0.47028	0.06430	0.01406	0.01924	0.12006	0.01320	0.02245	0.01503	0.04871	0.01094	0.01284	0.00947	0.00716	0.00717	0.00184	0.09107	0.00441	0.00345	0.00900
52	0.02007	0.01341	0.01918	0.08154	0.21476	0.01358	0.01402	0.05224	0.12104	0.20999	0.05124	0.08699	0.05046	0.00988	0.00741	0.00229	0.00666	0.00866	0.00621	0.01037
53	0.07395	0.01077	0.01320	0.01102	0.01476	0.01024	0.00868	0.05714	0.04927	0.33718	0.14424	0.05911	0.04610	0.06773	0.00940	0.00257	0.00536	0.00887	0.06094	0.00946
54	0.01867	0.01504	0.01747	0.07288	0.02127	0.01413	0.01105	0.23461	0.02083	0.02986	0.01411	0.01588	0.01097	0.00650	0.00603	0.00152	0.00646	0.00511	0.00508	0.47254
55	0.00879	0.00628	0.00836	0.00984	0.01035	0.00586	0.00662	0.01020	0.01416	0.01901	0.09262	0.68934	0.04871	0.02168	0.00903	0.00284	0.00407	0.01965	0.00671	0.00586
56	0.00920	0.00724	0.00830	0.00804	0.01010	0.00635	0.00603	0.01174	0.01809	0.02364	0.36986	0.06127	0.40197	0.01639	0.00841	0.00233	0.00349	0.01401	0.00719	0.00635
57	0.01904	0.75404	0.03731	0.01218	0.01828	0.02818	0.01218	0.02132	0.01447	0.01675	0.00990	0.01142	0.00914	0.00609	0.00457	0.00152	0.00761	0.00381	0.00305	0.00914
58	0.01035	0.00694	0.00794	0.00794	0.00800	0.00700	0.00453	0.01047	0.01041	0.01393	0.02228	0.04572	0.02551	0.71710	0.06838	0.00712	0.00747	0.01023	0.00429	0.00441
59	0.01881	0.72040	0.06899	0.01256	0.01886	0.02763	0.01285	0.02138	0.01449	0.01702	0.01003	0.01159	0.00913	0.00612	0.00467	0.00156	0.00775	0.00388	0.00304	0.00920
60	0.01036	0.00690	0.00777	0.00777	0.00777	0.00690	0.00431	0.01036	0.01036	0.01381	0.02244	0.04660	0.02589	0.74975	0.03624	0.00690	0.00690	0.01036	0.00431	0.00431
61	0.01904	0.75404	0.03731	0.01218	0.01828	0.02818	0.01218	0.02132	0.01447	0.01675	0.00990	0.01142	0.00914	0.00609	0.00457	0.00152	0.00761	0.00381	0.00305	0.00914
62	0.01408	0.03538	0.67827	0.01974	0.02983	0.01605	0.02535	0.02210	0.01529	0.02285	0.04665	0.01691	0.01188	0.00715	0.00685	0.00225	0.01017	0.00564	0.00324	0.01034
63	0.19923	0.01895	0.01867	0.01482	0.02008	0.04901	0.01215	0.48150	0.05479	0.04026	0.01572	0.01607	0.01140	0.00811	0.00649	0.00215	0.00743	0.00583	0.00638	0.01094
64	0.01762	0.01692	0.02890	0.04371	0.70533	0.01692	0.02185	0.02185	0.01621	0.02326	0.01339	0.01762	0.01128	0.00634	0.00705	0.00211	0.00846	0.00634	0.00352	0.01128

[dist]
# distance from previous block
# <min> <max>
0	21

[block]
# block no. 4 follows, 29 sequences, length 109
# corresponding to MSA columns:
# 235-343
name=unknown_E
#
# <colnr> <probs for GDERKNQSTAVLIFYWHMCP>
#	G	D	E	R	K	N	Q	S	T	A	V	L	I	F	Y	W	H	M	C	P
0	0.00890	0.00723	0.00788	0.00772	0.00991	0.00622	0.00579	0.01115	0.01737	0.02193	0.25438	0.06409	0.51852	0.01703	0.00841	0.00236	0.00354	0.01441	0.00697	0.00622
1	0.01008	0.00728	0.00952	0.00896	0.01064	0.00672	0.00672	0.01344	0.02016	0.02855	0.70158	0.05319	0.06719	0.01456	0.00840	0.00224	0.00336	0.01288	0.00784	0.00672
2	0.75150	0.01416	0.01115	0.00980	0.01429	0.01636	0.00808	0.06243	0.01346	0.03276	0.01037	0.01191	0.00799	0.00673	0.00458	0.00220	0.00565	0.00402	0.00458	0.00799
3	0.00868	0.00620	0.00826	0.00991	0.01033	0.00578	0.00661	0.00991	0.01363	0.01818	0.03925	0.74510	0.04710	0.02231	0.00909	0.00289	0.00413	0.02024	0.00661	0.00578
4	0.01075	0.00773	0.00952	0.00905	0.01103	0.00715	0.00679	0.01441	0.04934	0.04939	0.48311	0.09656	0.18777	0.01530	0.00835	0.00232	0.00365	0.01334	0.00753	0.00691
5	0.80005	0.01377	0.01047	0.00936	0.01377	0.01597	0.00771	0.02093	0.01212	0.03195	0.00991	0.01157	0.00771	0.00661	0.00441	0.00220	0.00551	0.00386	0.00441	0.00771
6	0.01987	0.01646	0.01800	0.01647	0.05563	0.01868	0.01235	0.18615	0.50405	0.03294	0.02540	0.02390	0.01895	0.00923	0.00721	0.00233	0.00629	0.00758	0.00702	0.01147
7	0.01550	0.01512	0.02328	0.52919	0.04251	0.05569	0.08124	0.06078	0.01577	0.02019	0.01277	0.01830	0.00975	0.00751	0.00840	0.00239	0.06337	0.00643	0.00348	0.00834
8	0.00892	0.00706	0.00804	0.00830	0.01014	0.00619	0.00611	0.01099	0.01657	0.02108	0.19832	0.19694	0.41941	0.01818	0.00859	0.00249	0.00375	0.03594	0.00687	0.00613
9	0.13902	0.00939	0.00904	0.00826	0.01085	0.01000	0.00646	0.09871	0.01676	0.02964	0.02038	0.02303	0.01584	0.00806	0.00515	0.00180	0.00422	0.00617	0.56975	0.00748
10	0.00871	0.00731	0.00760	0.00777	0.00996	0.00631	0.00573	0.01095	0.03487	0.01939	0.06661	0.15605	0.59741	0.01836	0.00847	0.00247	0.00373	0.01552	0.00663	0.00613
11	0.01237	0.00618	0.00928	0.00928	0.00928	0.00618	0.00618	0.00928	0.00928	0.01237	0.01237	0.02165	0.01237	0.02474	0.02783	0.79283	0.00618	0.00618	0.00309	0.00309
12	0.01662	0.01641	0.02102	0.54625	0.04189	0.11739	0.01811	0.07638	0.03898	0.02072	0.01333	0.01819	0.01007	0.00735	0.00702	0.00228	0.00970	0.00614	0.00371	0.00842
13	0.01373	0.01321	0.02310	0.67352	0.04805	0.01600	0.07528	0.01858	0.01445	0.01858	0.01280	0.01900	0.00960	0.00703	0.00723	0.00238	0.00970	0.00650	0.00320	0.00805
14	0.04875	0.02535	0.01953	0.01834	0.05797	0.39510	0.01350	0.07822	0.11597	0.02263	0.04586	0.01752	0.01396	0.00857	0.00848	0.00213	0.08864	0.00586	0.00460	0.00901
15	0.64430	0.01834	0.14969	0.01153	0.01715	0.01609	0.01140	0.02125	0.01270	0.03009	0.01048	0.01225	0.00797	0.00664	0.00487	0.00221	0.00650	0.00413	0.00413	0.00827
16	0.01694	0.01678	0.04615	0.05384	0.32704	0.03957	0.12024	0.02324	0.10460	0.04300	0.02094	0.04078	0.06576	0.00810	0.00734	0.00220	0.00821	0.00773	0.00449	0.04303
17	0.01432	0.01310	0.02150	0.56879	0.12273	0.01561	0.01915	0.04423	0.01539	0.02007	0.01482	0.02342	0.01220	0.00804	0.00732	0.00240	0.00908	0.05585	0.00362	0.00837
18	0.02607	0.05633	0.02187	0.04450	0.02294	0.16069	0.01376	0.49578	0.02922	0.03710	0.01538	0.01606	0.01129	0.00814	0.00687	0.00206	0.00888	0.00593	0.00610	0.01104
19	0.00942	0.00779	0.00833	0.00819	0.01050	0.00701	0.00614	0.01286	0.06822	0.02159	0.17517	0.09395	0.51158	0.01700	0.00835	0.00240	0.00374	0.01437	0.00687	0.00652
20	0.01036	0.00690	0.00777	0.00777	0.00777	0.00690	0.00431	0.01036	0.01036	0.01381	0.02244	0.04660	0.02589	0.74975	0.03624	0.00690	0.00690	0.01036	0.00431	0.00431
21	0.01675	0.01342	0.01529	0.01148	0.01710	0.01162	0.00917	0.14891	0.01841	0.02734	0.01569	0.06164	0.01351	0.00713	0.00587	0.00141	0.00562	0.00577	0.04119	0.55266
22	0.02655	0.01964	0.02109	0.01614	0.02186	0.02155	0.01332	0.65378	0.03270	0.04397	0.01691	0.01700	0.01204	0.00841	0.00705	0.00209	0.00773	0.00632	0.00700	0.04484
23	0.01380	0.01273	0.02073	0.48865	0.03864	0.01551	0.05356	0.03841	0.01455	0.01941	0.01565	0.09649	0.01391	0.00939	0.00926	0.00249	0.09485	0.00793	0.02619	0.00786
24	0.11964	0.03074	0.51503	0.02076	0.07102	0.01643	0.06617	0.02261	0.01497	0.04090	0.01292	0.01524	0.00932	0.00672	0.00659	0.00225	0.00971	0.00540	0.00341	0.01018
25	0.60426	0.01592	0.01160	0.01048	0.01449	0.11593	0.00838	0.02136	0.01386	0.02940	0.04885	0.01483	0.01175	0.00724	0.00494	0.00212	0.00632	0.00460	0.04596	0.00768
26	0.01573	0.01531	0.06117	0.01797	0.09230	0.01531	0.04925	0.02905	0.41180	0.02605	0.02744	0.16053	0.02402	0.01132	0.00761	0.00246	0.00631	0.01002	0.00626	0.01009
27	0.01008	0.00698	0.00785	0.00785	0.00823	0.00687	0.00466	0.01044	0.01120	0.01466	0.02905	0.04880	0.11755	0.62107	0.06117	0.00648	0.00696	0.01088	0.00461	0.00463
28	0.01564	0.01405	0.05145	0.01276	0.01740	0.01276	0.01076	0.08905	0.19952	0.02730	0.09527	0.03248	0.04664	0.01012	0.00709	0.00205	0.00581	0.09099	0.00602	0.25284
29	0.01696	0.01624	0.02770	0.15368	0.60057	0.01674	0.02152	0.02127	0.01590	0.02245	0.01328	0.01784	0.01099	0.00647	0.00706	0.00216	0.00862	0.00634	0.00347	0.01074
30	0.68294	0.01352	0.01139	0.00987	0.01444	0.01513	0.00813	0.02303	0.01338	0.13537	0.01269	0.01350	0.00922	0.00695	0.00483	0.00220	0.00559	0.00436	0.00508	0.00838
31	0.01281	0.00929	0.01121	0.01137	0.01297	0.00945	0.00817	0.16098	0.01810	0.02418	0.03426	0.58137	0.03923	0.01921	0.00865	0.00272	0.00496	0.01713	0.00673	0.00721
32	0.01327	0.00664	0.00664	0.00664	0.00830	0.00664	0.00498	0.01659	0.01493	0.02655	0.02323	0.02655	0.01825	0.00830	0.00498	0.00166	0.00332	0.00664	0.78928	0.00664
33	0.01134	0.00810	0.01130	0.01287	0.01447	0.00807	0.01116	0.01455	0.01642	0.02144	0.05955	0.10163	0.04204	0.01959	0.00976	0.00323	0.00637	0.61496	0.00660	0.00654
34	0.01343	0.01195	0.01962	0.64707	0.04424	0.01474	0.01803	0.01800	0.01432	0.01918	0.01390	0.01988	0.01052	0.00726	0.00687	0.00229	0.00876	0.00636	0.09581	0.00776
35	0.01017	0.00763	0.01144	0.01144	0.01272	0.00890	0.00890	0.01272	0.01144	0.01653	0.01907	0.02797	0.01780	0.05340	0.72153	0.01144	0.01907	0.00763	0.00381	0.00636
36	0.01137	0.00824	0.00969	0.00932	0.01114	0.00804	0.00683	0.06539	0.03706	0.02452	0.26714	0.16125	0.16552	0.08749	0.03340	0.00307	0.00478	0.01294	0.06607	0.00674
37	0.01904	0.75404	0.03731	0.01218	0.01828	0.02818	0.01218	0.02132	0.01447	0.01675	0.00990	0.01142	0.00914	0.00609	0.00457	0.00152	0.00761	0.00381	0.00305	0.00914
38	0.01567	0.01263	0.01486	0.01066	0.01694	0.00954	0.00854	0.01882	0.01506	0.05951	0.01347	0.01527	0.01092	0.00546	0.00537	0.00112	0.00531	0.00437	0.00446	0.75200
39	0.01534	0.08484	0.60779	0.01937	0.02891	0.01736	0.02424	0.02267	0.01500	0.04772	0.01299	0.01515	0.00937	0.00706	0.00739	0.00224	0.04368	0.00528	0.00323	0.01036
40	0.03195	0.01212	0.01652	0.01267	0.01818	0.01047	0.01047	0.03470	0.02038	0.71026	0.02809	0.02424	0.01763	0.00881	0.00716	0.00220	0.00606	0.00716	0.00881	0.01212
41	0.01003	0.00731	0.00946	0.00900	0.01072	0.00673	0.00681	0.01330	0.01981	0.02780	0.64474	0.05494	0.10128	0.01492	0.00845	0.00228	0.00348	0.03453	0.00773	0.00667
42	0.00966	0.00726	0.00894	0.00852	0.01038	0.00654	0.00639	0.01263	0.01917	0.02622	0.54371	0.05704	0.22651	0.01543	0.00840	0.00228	0.00342	0.01342	0.00753	0.00654
43	0.80005	0.01377	0.01047	0.00936	0.01377	0.01597	0.00771	0.02093	0.01212	0.03195	0.00991	0.01157	0.00771	0.00661	0.00441	0.00220	0.00551	0.00386	0.00441	0.00771
44	0.01327	0.00664	0.00664	0.00664	0.00830	0.00664	0.00498	0.01659	0.01493	0.02655	0.02323	0.02655	0.01825	0.00830	0.00498	0.00166	0.00332	0.00664	0.78928	0.00664
45	0.01480	0.13700	0.59163	0.01873	0.02831	0.01782	0.02359	0.02204	0.01514	0.02195	0.03769	0.01593	0.01118	0.00696	0.00652	0.00215	0.00985	0.00534	0.00319	0.01019
46	0.01904	0.75404	0.03731	0.01218	0.01828	0.02818	0.01218	0.02132	0.01447	0.01675	0.00990	0.01142	0.00914	0.00609	0.00457	0.00152	0.00761	0.00381	0.00305	0.00914
47	0.80005	0.01377	0.01047	0.00936	0.01377	0.01597	0.00771	0.02093	0.01212	0.03195	0.00991	0.01157	0.00771	0.00661	0.00441	0.00220	0.00551	0.00386	0.00441	0.00771
48	0.01872	0.01495	0.01919	0.10446	0.15212	0.01656	0.01419	0.03216	0.41254	0.10004	0.02401	0.02373	0.01787	0.00864	0.00718	0.00233	0.00667	0.00743	0.00623	0.01097
49	0.02152	0.00981	0.01318	0.01090	0.01458	0.00868	0.00868	0.02456	0.02027	0.38528	0.34916	0.03804	0.04125	0.01155	0.00775	0.00222	0.00477	0.00989	0.00835	0.00954
50	0.01362	0.01289	0.02139	0.67506	0.04660	0.01630	0.01944	0.01811	0.01397	0.01811	0.01239	0.01871	0.00948	0.00755	0.00843	0.00243	0.06815	0.00632	0.00316	0.00790
51	0.01052	0.00739	0.00932	0.00877	0.01055	0.00675	0.00651	0.01345	0.01906	0.04600	0.56171	0.05385	0.14182	0.06100	0.01011	0.00255	0.00369	0.01282	0.00749	0.00663
52	0.01025	0.00686	0.00780	0.00790	0.00793	0.00683	0.00446	0.01033	0.01056	0.01408	0.02349	0.09047	0.02722	0.70406	0.03454	0.00665	0.00673	0.01098	0.00446	0.00441
53	0.01904	0.75404	0.03731	0.01218	0.01828	0.02818	0.01218	0.02132	0.01447	0.01675	0.00990	0.01142	0.00914	0.00609	0.00457	0.00152	0.00761	0.00381	0.00305	0.00914
54	0.01086	0.00779	0.01075	0.01233	0.01377	0.00768	0.01038	0.01371	0.01588	0.02066	0.03908	0.20298	0.06307	0.02011	0.00965	0.00318	0.00601	0.51914	0.00657	0.00640
55	0.01017	0.00763	0.01144	0.01144	0.01272	0.00890	0.00890	0.01272	0.01144	0.01653	0.01907	0.02797	0.01780	0.05340	0.72153	0.01144	0.01907	0.00763	0.00381	0.00636
56	0.06962	0.01961	0.02077	0.01600	0.02162	0.02175	0.01321	0.64522	0.03230	0.04416	0.01670	0.01679	0.01187	0.00844	0.00697	0.00214	0.00771	0.00627	0.00697	0.01187
57	0.01459	0.01394	0.02395	0.53897	0.20849	0.01617	0.04453	0.01925	0.01481	0.01960	0.01290	0.01866	0.00998	0.00689	0.00715	0.00231	0.00933	0.00641	0.00327	0.00879
58	0.01682	0.01571	0.02449	0.17250	0.41894	0.01688	0.01902	0.02479	0.17073	0.02376	0.01682	0.01994	0.01332	0.00726	0.00711	0.00223	0.00802	0.00673	0.00431	0.01061
59	0.01294	0.00661	0.00697	0.00697	0.00847	0.00655	0.00514	0.01544	0.01433	0.02454	0.02421	0.02791	0.04915	0.01068	0.00783	0.09494	0.00367	0.00697	0.66049	0.00619
60	0.02647	0.01909	0.02062	0.01600	0.02154	0.02104	0.01316	0.58660	0.09354	0.08011	0.01880	0.01836	0.01330	0.00867	0.00714	0.00217	0.00753	0.00660	0.00723	0.01203
61	0.01589	0.01687	0.03384	0.24809	0.13363	0.01718	0.38519	0.02126	0.01593	0.02145	0.01373	0.01892	0.01047	0.00639	0.00782	0.00235	0.01074	0.00748	0.00346	0.00932
62	0.00842	0.00721	0.00721	0.00721	0.00962	0.00601	0.00541	0.01022	0.01623	0.01924	0.07213	0.06853	0.70244	0.01803	0.00842	0.00240	0.00361	0.01503	0.00661	0.00601
63	0.00859	0.00718	0.00748	0.00748	0.00975	0.00607	0.00558	0.01053	0.01653	0.02013	0.13362	0.09143	0.61554	0.01784	0.00844	0.00241	0.00360	0.01500	0.00673	0.00607
64	0.01514	0.01438	0.02442	0.45333	0.31512	0.01627	0.02062	0.01968	0.01504	0.02025	0.01296	0.01843	0.01022	0.00681	0.00709	0.00227	0.00907	0.00633	0.00331	0.00928
65	0.01306	0.00940	0.01213	0.01294	0.01515	0.00964	0.01102	0.01886	0.12239	0.04937	0.03812	0.06898	0.07860	0.01758	0.00924	0.00305	0.00621	0.49004	0.00676	0.00748
66	0.01555	0.01584	0.02330	0.04385	0.02144	0.03733	0.08961	0.01770	0.01205	0.01787	0.01165	0.05458	0.01151	0.01195	0.01997	0.00297	0.57439	0.00718	0.00337	0.00790
67	0.11567	0.12868	0.08588	0.01460	0.02058	0.01682	0.07190	0.11519	0.01783	0.11537	0.01484	0.01617	0.01115	0.00703	0.00666	0.00189	0.03462	0.00541	0.02430	0.17542
68	0.57687	0.01517	0.06487	0.01079	0.01562	0.01511	0.00957	0.05159	0.01465	0.09369	0.06306	0.01631	0.01330	0.00750	0.00525	0.00221	0.00589	0.00505	0.00508	0.00845
69	0.01560	0.01276	0.01516	0.01101	0.01702	0.01009	0.00885	0.01867	0.01485	0.05465	0.01322	0.01524	0.01082	0.00576	0.00618	0.00120	0.03833	0.00445	0.00438	0.72175
70	0.01054	0.00748	0.00910	0.00857	0.01065	0.00666	0.00647	0.01337	0.01892	0.05636	0.47058	0.05677	0.26739	0.01541	0.00835	0.00229	0.00356	0.01330	0.00749	0.00674
71	0.01857	0.01582	0.01771	0.03691	0.06829	0.01806	0.01250	0.10375	0.55645	0.03058	0.02617	0.02473	0.01964	0.00924	0.00722	0.00236	0.00617	0.00771	0.00686	0.01127
72	0.01425	0.00758	0.00768	0.00733	0.00927	0.00773	0.00558	0.06376	0.01625	0.02785	0.02279	0.02588	0.01782	0.00831	0.00513	0.00169	0.00364	0.00662	0.73380	0.00703
73	0.00870	0.00629	0.00824	0.00972	0.01029	0.00583	0.00654	0.01004	0.01400	0.01856	0.06174	0.68127	0.08888	0.02180	0.00903	0.00284	0.00407	0.01969	0.00665	0.00583
74	0.02460	0.01444	0.01622	0.01285	0.01742	0.01506	0.01048	0.34260	0.02526	0.20580	0.02148	0.02140	0.01513	0.00855	0.00656	0.00203	0.00619	0.00666	0.21664	0.01065
75	0.00902	0.00637	0.00825	0.00952	0.00994	0.00601	0.00625	0.01017	0.01346	0.01803	0.07158	0.59783	0.04480	0.13719	0.01336	0.00349	0.00453	0.01829	0.00631	0.00560
76	0.11917	0.02099	0.01899	0.01558	0.02049	0.14755	0.01251	0.37960	0.13427	0.03590	0.01703	0.01717	0.01259	0.00827	0.00669	0.00213	0.00811	0.00603	0.00619	0.01074
77	0.01805	0.54060	0.21473	0.01446	0.02171	0.02491	0.01595	0.04370	0.01525	0.01922	0.01090	0.01256	0.00921	0.00635	0.00523	0.00174	0.00839	0.00428	0.00317	0.00960
78	0.01989	0.53263	0.11627	0.01419	0.02050	0.11124	0.01418	0.06381	0.01643	0.01931	0.01084	0.01239	0.00931	0.00648	0.00522	0.00169	0.00862	0.00424	0.00337	0.00938
79	0.01649	0.01905	0.06047	0.05427	0.06038	0.01828	0.53293	0.02194	0.01595	0.02200	0.01367	0.01858	0.01055	0.00683	0.00998	0.00247	0.09534	0.00790	0.00351	0.00943
80	0.00919	0.00659	0.00872	0.02801	0.01141	0.00629	0.00707	0.01073	0.01400	0.01874	0.05500	0.59337	0.07211	0.04831	0.00994	0.00298	0.00446	0.05876	0.02844	0.00589
81	0.00887	0.00703	0.00771	0.00813	0.00980	0.00619	0.00583	0.01042	0.01500	0.01847	0.05771	0.20057	0.45475	0.10857	0.01203	0.00310	0.00427	0.04943	0.00633	0.00579
82	0.00925	0.00672	0.00852	0.00913	0.01013	0.00621	0.00632	0.01113	0.01576	0.02130	0.25712	0.38646	0.12251	0.08206	0.01113	0.00297	0.00406	0.01643	0.00681	0.00599
83	0.19093	0.01818	0.01855	0.01456	0.01984	0.02026	0.01200	0.51845	0.02831	0.04150	0.01578	0.01624	0.01138	0.00813	0.00647	0.00213	0.00719	0.00588	0.03323	0.01099
84	0.80005	0.01377	0.01047	0.00936	0.01377	0.01597	0.00771	0.02093	0.01212	0.03195	0.00991	0.01157	0.00771	0.00661	0.00441	0.00220	0.00551	0.00386	0.00441	0.00771
85	0.02705	0.02042	0.02133	0.01645	0.02208	0.04593	0.01354	0.65931	0.03303	0.04394	0.01689	0.01695	0.01201	0.00851	0.00710	0.00213	0.00801	0.00635	0.00701	0.01198
86	0.02532	0.01837	0.01989	0.01567	0.02090	0.02023	0.01279	0.54797	0.10239	0.07189	0.02004	0.05690	0.01524	0.00941	0.00724	0.00221	0.00732	0.00735	0.00719	0.01169
87	0.01143	0.00837	0.01026	0.01077	0.01198	0.00852	0.00754	0.08374	0.05800	0.02130	0.03383	0.52788	0.03856	0.08579	0.04333	0.00352	0.00554	0.01655	0.00638	0.00670
88	0.80005	0.01377	0.01047	0.00936	0.01377	0.01597	0.00771	0.02093	0.01212	0.03195	0.00991	0.01157	0.00771	0.00661	0.00441	0.00220	0.00551	0.00386	0.00441	0.00771
89	0.05683	0.07315	0.02141	0.19725	0.02785	0.05712	0.01451	0.32663	0.10006	0.03226	0.01613	0.01775	0.01196	0.00798	0.00678	0.00217	0.00815	0.00617	0.00552	0.01032
90	0.00891	0.00709	0.00800	0.00808	0.01000	0.00617	0.00594	0.01107	0.01695	0.02167	0.24189	0.16114	0.43255	0.01768	0.00851	0.00243	0.00361	0.01518	0.00695	0.00617
91	0.06365	0.01637	0.01784	0.04060	0.02055	0.01826	0.01208	0.25645	0.33307	0.10875	0.02322	0.02200	0.01681	0.00893	0.00704	0.00228	0.00657	0.00711	0.00708	0.01134
92	0.00919	0.00700	0.00845	0.00860	0.01022	0.00626	0.00625	0.01152	0.01729	0.02297	0.33358	0.22245	0.27527	0.01756	0.00857	0.00245	0.00363	0.01535	0.00714	0.00626
93	0.02663	0.01920	0.02082	0.01606	0.02159	0.02116	0.01325	0.63272	0.03218	0.06881	0.01758	0.01776	0.01253	0.01021	0.03339	0.00248	0.00818	0.00648	0.00707	0.01190
94	0.27015	0.44388	0.02660	0.01145	0.01676	0.04282	0.01063	0.02166	0.01401	0.04868	0.01093	0.01252	0.00928	0.00786	0.02679	0.00208	0.00738	0.00409	0.00375	0.00869
95	0.01023	0.00786	0.01001	0.01006	0.01200	0.00691	0.00717	0.01211	0.01405	0.01962	0.05700	0.47607	0.05798	0.02034	0.06235	0.00308	0.00548	0.01517	0.00589	0.18661
