[name]
unknown

[dist]
# distance from previous block
# <min> <max>
0	20

[block]
# block no. 0 follows, 31 sequences, length 7
# corresponding to MSA columns:
# 20-26
name=unknown_A
#
# <colnr> <probs for GDERKNQSTAVLIFYWHMCP>
#	G	D	E	R	K	N	Q	S	T	A	V	L	I	F	Y	W	H	M	C	P
0	0.00976	0.00807	0.04326	0.00887	0.00982	0.00693	0.00635	0.01084	0.01185	0.01564	0.03011	0.17947	0.09639	0.44402	0.02361	0.00495	0.00597	0.07413	0.00491	0.00506
1	0.01483	0.02395	0.35579	0.02128	0.15512	0.03835	0.01929	0.02014	0.01519	0.05629	0.04234	0.02516	0.08080	0.00889	0.00790	0.00225	0.05304	0.04608	0.00398	0.00933
2	0.06817	0.10555	0.38605	0.01854	0.06672	0.01597	0.06813	0.02245	0.01529	0.11063	0.04903	0.01726	0.01271	0.00697	0.00638	0.00208	0.00859	0.00570	0.00399	0.00978
3	0.01659	0.11681	0.27222	0.01514	0.02179	0.06516	0.04120	0.02215	0.05293	0.08678	0.09399	0.01957	0.01677	0.00741	0.00630	0.00189	0.00779	0.00595	0.00440	0.12516
4	0.05578	0.01486	0.07867	0.01248	0.01669	0.05076	0.02722	0.09465	0.12466	0.10333	0.10207	0.07038	0.12297	0.03418	0.00788	0.00227	0.00605	0.00880	0.00600	0.06030
5	0.03862	0.06063	0.18571	0.04816	0.02246	0.08682	0.06207	0.08797	0.05645	0.08544	0.03625	0.05040	0.05634	0.00874	0.00675	0.00209	0.00795	0.03166	0.00480	0.06070
6	0.01687	0.15466	0.13269	0.06137	0.02065	0.08161	0.01352	0.11746	0.01735	0.04061	0.07428	0.07334	0.01752	0.01182	0.05814	0.00263	0.04158	0.00685	0.00446	0.05259

[dist]
# distance from previous block
# <min> <max>
0	14

[block]
# block no. 1 follows, 31 sequences, length 28
# corresponding to MSA columns:
# 41-68
name=unknown_B
#
# <colnr> <probs for GDERKNQSTAVLIFYWHMCP>
#	G	D	E	R	K	N	Q	S	T	A	V	L	I	F	Y	W	H	M	C	P
0	0.08072	0.05542	0.01962	0.01612	0.06188	0.11110	0.01231	0.36782	0.04456	0.06785	0.01595	0.04103	0.01237	0.00799	0.00641	0.00196	0.00760	0.00604	0.00572	0.05751
1	0.02182	0.09215	0.04889	0.01470	0.02018	0.01909	0.03225	0.43332	0.05792	0.03428	0.01575	0.01735	0.01207	0.04283	0.00772	0.00211	0.00728	0.00592	0.00573	0.10862
2	0.07355	0.13805	0.05459	0.03665	0.01869	0.09080	0.04384	0.08835	0.01570	0.04188	0.03714	0.07869	0.01542	0.01593	0.12348	0.00356	0.10445	0.00691	0.00423	0.00809
3	0.34700	0.01658	0.01628	0.01316	0.01799	0.08066	0.04350	0.20794	0.01959	0.15446	0.01481	0.01519	0.01052	0.00727	0.00578	0.00208	0.00694	0.00522	0.00560	0.00945
4	0.01102	0.00875	0.01333	0.17172	0.01984	0.01005	0.03291	0.01375	0.01242	0.01770	0.02033	0.15095	0.02002	0.06137	0.27427	0.00571	0.04677	0.00913	0.09350	0.00645
5	0.01643	0.01574	0.02686	0.12950	0.63330	0.01612	0.02075	0.02056	0.01534	0.02174	0.01278	0.01710	0.01062	0.00619	0.00678	0.00206	0.00825	0.00609	0.00334	0.01043
6	0.00930	0.00745	0.01178	0.01179	0.01298	0.00706	0.08380	0.01109	0.01331	0.01787	0.03383	0.62764	0.03960	0.02149	0.05278	0.00323	0.00570	0.01743	0.00586	0.00600
7	0.00968	0.00699	0.00914	0.00861	0.01022	0.00646	0.00646	0.01291	0.01937	0.02743	0.71328	0.05110	0.06455	0.01399	0.00807	0.00215	0.00323	0.01237	0.00753	0.00646
8	0.01499	0.01213	0.01427	0.01023	0.01627	0.00917	0.00820	0.01801	0.01445	0.05630	0.01288	0.01463	0.01046	0.00523	0.00515	0.00107	0.00510	0.00419	0.00427	0.76298
9	0.01188	0.00594	0.00891	0.00891	0.00891	0.00594	0.00594	0.00891	0.00891	0.01188	0.01188	0.02080	0.01188	0.02377	0.02674	0.80095	0.00594	0.00594	0.00297	0.00297
10	0.00929	0.00688	0.00854	0.00952	0.01059	0.00648	0.00674	0.04246	0.01463	0.01906	0.04251	0.54979	0.16829	0.01988	0.00857	0.00268	0.00419	0.05759	0.00637	0.00593
11	0.02502	0.06095	0.02057	0.01623	0.02085	0.31197	0.01292	0.35711	0.05806	0.03032	0.01424	0.01492	0.01078	0.00767	0.00645	0.00192	0.00938	0.00540	0.00530	0.00994
12	0.01188	0.00594	0.00891	0.00891	0.00891	0.00594	0.00594	0.00891	0.00891	0.01188	0.01188	0.02080	0.01188	0.02377	0.02674	0.80095	0.00594	0.00594	0.00297	0.00297
13	0.01833	0.44308	0.19177	0.01449	0.02080	0.10920	0.01506	0.02225	0.03293	0.03762	0.01124	0.01279	0.00931	0.00649	0.00577	0.00175	0.03044	0.00434	0.00325	0.00908
14	0.01425	0.12013	0.64403	0.01859	0.02821	0.01719	0.02370	0.02153	0.01438	0.02102	0.01196	0.01404	0.00868	0.00642	0.00625	0.00208	0.00979	0.00489	0.00289	0.00996
15	0.01188	0.00594	0.00891	0.00891	0.00891	0.00594	0.00594	0.00891	0.00891	0.01188	0.01188	0.02080	0.01188	0.02377	0.02674	0.80095	0.00594	0.00594	0.00297	0.00297
16	0.01616	0.19989	0.10656	0.04955	0.06164	0.15368	0.01303	0.04530	0.01560	0.01882	0.01898	0.23231	0.01980	0.01092	0.00663	0.00209	0.00778	0.00900	0.00424	0.00801
17	0.01718	0.01232	0.01372	0.03705	0.01496	0.01333	0.00862	0.31142	0.01983	0.02652	0.01867	0.03062	0.01809	0.37960	0.02127	0.02888	0.00709	0.00802	0.00526	0.00753
18	0.00955	0.00699	0.00896	0.00847	0.01014	0.00640	0.00635	0.01265	0.01905	0.02669	0.65998	0.05232	0.11832	0.01426	0.00807	0.00216	0.00325	0.01254	0.00743	0.00640
19	0.01504	0.03471	0.04626	0.50805	0.15831	0.01631	0.01878	0.08343	0.01582	0.02089	0.01262	0.01751	0.00963	0.00681	0.00675	0.00219	0.00878	0.00599	0.00346	0.00866
20	0.01682	0.32798	0.16963	0.06431	0.06228	0.02083	0.10361	0.02171	0.04917	0.04129	0.01242	0.01478	0.00998	0.00666	0.00684	0.00195	0.05184	0.00524	0.00340	0.00926
21	0.06365	0.01748	0.01917	0.01476	0.02014	0.01886	0.01219	0.53926	0.02886	0.16896	0.01807	0.01745	0.01242	0.00817	0.00673	0.00207	0.00711	0.00618	0.00702	0.01144
22	0.00842	0.00599	0.00791	0.00942	0.00980	0.00561	0.00624	0.00955	0.01294	0.01725	0.03689	0.71929	0.04422	0.05864	0.01005	0.00297	0.00410	0.01897	0.00624	0.00549
23	0.00995	0.00663	0.00746	0.00746	0.00746	0.00663	0.00415	0.00995	0.00995	0.01327	0.02156	0.04477	0.02487	0.75957	0.03482	0.00663	0.00663	0.00995	0.00415	0.00415
24	0.02601	0.01916	0.02053	0.01574	0.02122	0.02122	0.01300	0.69408	0.03217	0.04312	0.01643	0.01643	0.01163	0.00821	0.00684	0.00205	0.00753	0.00616	0.00684	0.01163
25	0.02325	0.15847	0.02269	0.01489	0.01977	0.08576	0.01255	0.36994	0.04435	0.07372	0.01483	0.01553	0.01117	0.00793	0.00757	0.00197	0.06925	0.00554	0.00550	0.03530
26	0.02601	0.01916	0.02053	0.01574	0.02122	0.02122	0.01300	0.69408	0.03217	0.04312	0.01643	0.01643	0.01163	0.00821	0.00684	0.00205	0.00753	0.00616	0.00684	0.01163
27	0.01680	0.01344	0.01608	0.01182	0.01763	0.01150	0.03179	0.13966	0.01765	0.05052	0.01424	0.03625	0.01166	0.00624	0.00566	0.00133	0.00572	0.00511	0.00476	0.58217

[dist]
# distance from previous block
# <min> <max>
1	4

[block]
# block no. 2 follows, 31 sequences, length 7
# corresponding to MSA columns:
# 73-79
name=unknown_C
#
# <colnr> <probs for GDERKNQSTAVLIFYWHMCP>
#	G	D	E	R	K	N	Q	S	T	A	V	L	I	F	Y	W	H	M	C	P
0	0.02073	0.01469	0.01706	0.01557	0.08187	0.01560	0.01110	0.38327	0.02365	0.08495	0.02143	0.05259	0.05182	0.15966	0.01258	0.00301	0.00693	0.00788	0.00606	0.00953
1	0.03001	0.01275	0.01656	0.01270	0.01802	0.01169	0.01049	0.13032	0.02143	0.62204	0.02544	0.02228	0.01616	0.00843	0.00687	0.00211	0.00607	0.00677	0.00823	0.01164
2	0.00830	0.00608	0.00781	0.00919	0.00984	0.00558	0.00620	0.00956	0.01342	0.01759	0.04175	0.66688	0.13085	0.02091	0.00865	0.00272	0.00390	0.01881	0.00635	0.00558
3	0.04422	0.01775	0.10042	0.30912	0.11337	0.05305	0.09704	0.06494	0.06994	0.02197	0.01369	0.01750	0.01042	0.00702	0.00729	0.00222	0.03118	0.00616	0.00373	0.00896
4	0.01252	0.01172	0.01938	0.68150	0.04395	0.01441	0.01784	0.01684	0.01384	0.01756	0.01694	0.02222	0.06813	0.00772	0.00694	0.00228	0.00865	0.00678	0.00332	0.00745
5	0.00858	0.00695	0.00762	0.00745	0.00955	0.00599	0.00559	0.01078	0.01677	0.02127	0.27016	0.06124	0.51152	0.01628	0.00808	0.00226	0.00339	0.01379	0.00672	0.00599
6	0.02245	0.01571	0.01824	0.09590	0.02210	0.01715	0.01239	0.42493	0.05900	0.11192	0.08329	0.04866	0.01856	0.00917	0.00704	0.00213	0.00688	0.00738	0.00665	0.01044

[dist]
# distance from previous block
# <min> <max>
0	3

[block]
# block no. 3 follows, 31 sequences, length 15
# corresponding to MSA columns:
# 83-97
name=unknown_D
#
# <colnr> <probs for GDERKNQSTAVLIFYWHMCP>
#	G	D	E	R	K	N	Q	S	T	A	V	L	I	F	Y	W	H	M	C	P
0	0.02191	0.01659	0.01797	0.01377	0.01909	0.01729	0.01127	0.49055	0.02691	0.03653	0.02032	0.02043	0.07487	0.00838	0.00658	0.00186	0.00665	0.00647	0.00622	0.17635
1	0.01335	0.01275	0.02061	0.59139	0.04102	0.01640	0.01816	0.01727	0.01301	0.01727	0.01149	0.01756	0.00909	0.00791	0.01011	0.00243	0.16352	0.00606	0.00303	0.00758
2	0.64429	0.01447	0.01225	0.01041	0.01490	0.01658	0.00858	0.16113	0.01594	0.03329	0.01097	0.01223	0.00829	0.00674	0.00478	0.00210	0.00576	0.00422	0.00478	0.00829
3	0.08640	0.00946	0.00986	0.00914	0.01150	0.00998	0.00699	0.15035	0.01740	0.02781	0.02320	0.17505	0.02124	0.01069	0.00597	0.00198	0.00441	0.00883	0.40239	0.00735
4	0.00841	0.00630	0.00782	0.00880	0.00979	0.00570	0.00608	0.00994	0.01434	0.01872	0.11363	0.51645	0.20978	0.01968	0.00851	0.00260	0.00377	0.01752	0.00647	0.00570
5	0.01426	0.01241	0.01480	0.01084	0.01637	0.01019	0.00873	0.01716	0.01385	0.02177	0.01187	0.01426	0.01003	0.00569	0.00664	0.00119	0.07219	0.00423	0.00396	0.72957
6	0.04696	0.03791	0.03373	0.00967	0.01207	0.00818	0.00769	0.01553	0.01725	0.11109	0.38437	0.19097	0.07004	0.01408	0.00770	0.00226	0.00418	0.01229	0.00689	0.00714
7	0.01711	0.01609	0.19072	0.01255	0.01788	0.01014	0.01232	0.02103	0.01656	0.21842	0.14851	0.08370	0.04845	0.02926	0.00764	0.00215	0.00611	0.00832	0.00589	0.12717
8	0.00975	0.00684	0.00777	0.00753	0.00940	0.00619	0.00565	0.01243	0.01695	0.02380	0.33600	0.05107	0.28944	0.01393	0.00739	0.00209	0.00331	0.01186	0.17241	0.00619
9	0.01470	0.31638	0.30380	0.01465	0.02122	0.01876	0.01643	0.01922	0.01351	0.01826	0.01245	0.01568	0.01048	0.01562	0.15757	0.00374	0.01073	0.00498	0.00307	0.00875
10	0.00956	0.00694	0.00900	0.00858	0.01017	0.00639	0.00640	0.01263	0.01893	0.02662	0.65637	0.08328	0.09054	0.01446	0.00810	0.00219	0.00327	0.01278	0.00743	0.00639
11	0.01702	0.01470	0.01547	0.01392	0.01779	0.01702	0.01083	0.03635	0.70453	0.02862	0.02785	0.02553	0.02088	0.00928	0.00696	0.00232	0.00541	0.00773	0.00696	0.01083
12	0.02290	0.01050	0.01298	0.01051	0.01464	0.00955	0.00850	0.08110	0.01902	0.41398	0.03426	0.03195	0.16246	0.01023	0.00682	0.00207	0.00508	0.00833	0.12551	0.00963
13	0.02161	0.01628	0.01732	0.01377	0.01846	0.01768	0.01121	0.50342	0.07723	0.03692	0.02831	0.02742	0.15929	0.01020	0.00711	0.00213	0.00653	0.00801	0.00675	0.01035
14	0.00821	0.00670	0.00726	0.00762	0.00944	0.00575	0.00552	0.00987	0.01514	0.01859	0.08674	0.23036	0.52868	0.01818	0.00824	0.00242	0.00358	0.01556	0.00640	0.00575

[dist]
# distance from previous block
# <min> <max>
0	7

[block]
# block no. 4 follows, 31 sequences, length 6
# corresponding to MSA columns:
# 105-110
name=unknown_E
#
# <colnr> <probs for GDERKNQSTAVLIFYWHMCP>
#	G	D	E	R	K	N	Q	S	T	A	V	L	I	F	Y	W	H	M	C	P
0	0.15669	0.01323	0.01433	0.01094	0.01632	0.01212	0.00882	0.13030	0.01693	0.06119	0.01418	0.04491	0.01168	0.00665	0.00545	0.00151	0.00551	0.00511	0.00486	0.45929
1	0.01142	0.00916	0.01268	0.01153	0.01218	0.01076	0.03603	0.01273	0.01077	0.01552	0.01764	0.03173	0.01846	0.35305	0.20093	0.00648	0.17643	0.00818	0.03862	0.00569
2	0.00977	0.00674	0.00768	0.00768	0.00832	0.00667	0.00484	0.01054	0.01133	0.01521	0.02968	0.04538	0.14515	0.50656	0.10349	0.00603	0.00713	0.01024	0.05277	0.00478
3	0.01472	0.01518	0.05533	0.46047	0.03614	0.07315	0.01623	0.06280	0.01560	0.02000	0.01590	0.01992	0.05354	0.00737	0.00662	0.00206	0.00847	0.00617	0.00366	0.10668
4	0.04311	0.06410	0.02376	0.20771	0.23897	0.05394	0.08251	0.06757	0.01598	0.02159	0.03980	0.02012	0.01324	0.06861	0.00900	0.00246	0.00844	0.00651	0.00378	0.00880
5	0.05551	0.38824	0.15165	0.06801	0.06816	0.06631	0.01505	0.02222	0.07103	0.01937	0.01198	0.01379	0.00985	0.00643	0.00541	0.00180	0.00805	0.00462	0.00339	0.00911

[dist]
# distance from previous block
# <min> <max>
2	15

[block]
# block no. 5 follows, 31 sequences, length 34
# corresponding to MSA columns:
# 126-159
name=unknown_F
#
# <colnr> <probs for GDERKNQSTAVLIFYWHMCP>
#	G	D	E	R	K	N	Q	S	T	A	V	L	I	F	Y	W	H	M	C	P
0	0.10005	0.14036	0.12692	0.01678	0.07571	0.17743	0.01413	0.08498	0.04161	0.12020	0.03108	0.01596	0.01195	0.00718	0.00602	0.00194	0.00837	0.00526	0.00460	0.00949
1	0.05318	0.37643	0.05946	0.04424	0.03674	0.15608	0.01296	0.07329	0.01640	0.04437	0.01282	0.01438	0.02892	0.00702	0.00609	0.00178	0.03862	0.00472	0.00370	0.00881
2	0.15053	0.12879	0.01675	0.01103	0.01538	0.01320	0.00919	0.04771	0.01704	0.33746	0.08578	0.07260	0.02060	0.03563	0.00728	0.00222	0.00569	0.00732	0.00647	0.00934
3	0.01516	0.01189	0.03724	0.01185	0.01462	0.01170	0.00931	0.26107	0.02034	0.02740	0.03041	0.38496	0.07312	0.01526	0.00776	0.00241	0.00542	0.01323	0.03885	0.00799
4	0.01202	0.08709	0.01801	0.01392	0.01590	0.01283	0.09388	0.01442	0.01344	0.01862	0.10583	0.22707	0.02750	0.02057	0.14175	0.00404	0.15074	0.01077	0.00466	0.00692
5	0.02637	0.01859	0.02018	0.01547	0.02093	0.02036	0.01278	0.64346	0.03120	0.09509	0.01723	0.01695	0.01204	0.00823	0.00685	0.00206	0.00740	0.00621	0.00697	0.01164
6	0.01487	0.21897	0.55063	0.01754	0.02657	0.01871	0.02186	0.02137	0.01431	0.02026	0.01158	0.01357	0.00869	0.00634	0.00597	0.00199	0.00941	0.00470	0.00290	0.00978
7	0.01471	0.08511	0.44329	0.02046	0.02822	0.01772	0.14927	0.02089	0.01417	0.02056	0.01190	0.01501	0.00904	0.00708	0.00887	0.00226	0.11330	0.00565	0.00301	0.00947
8	0.01052	0.00741	0.00983	0.01094	0.01249	0.00709	0.00898	0.01303	0.01541	0.03928	0.06431	0.21215	0.14564	0.01872	0.00897	0.00288	0.00526	0.39444	0.00642	0.00622
9	0.00834	0.00595	0.00794	0.00953	0.00992	0.00556	0.00635	0.00953	0.01310	0.01746	0.03771	0.75510	0.04525	0.02143	0.00873	0.00278	0.00397	0.01945	0.00635	0.00556
10	0.02561	0.01469	0.02029	0.01547	0.02080	0.01448	0.10622	0.20904	0.07495	0.36354	0.04661	0.02192	0.01658	0.00828	0.00709	0.00214	0.00696	0.00711	0.00718	0.01106
11	0.01232	0.01008	0.01177	0.01305	0.01480	0.07236	0.01122	0.01534	0.01607	0.02014	0.03394	0.07140	0.03665	0.01784	0.00916	0.00303	0.00684	0.61150	0.00605	0.00644
12	0.00839	0.00599	0.00799	0.00949	0.00993	0.00559	0.00635	0.00966	0.01334	0.01786	0.06420	0.72750	0.04601	0.02114	0.00871	0.00275	0.00394	0.01917	0.00640	0.00559
13	0.00977	0.00733	0.01100	0.01100	0.01222	0.00855	0.00855	0.01222	0.01100	0.01588	0.01833	0.02688	0.01710	0.05131	0.73245	0.01100	0.01833	0.00733	0.00367	0.00611
14	0.01407	0.00852	0.00873	0.00825	0.01044	0.00907	0.00631	0.04238	0.15807	0.02673	0.02327	0.02521	0.01804	0.00825	0.00530	0.00176	0.00379	0.00665	0.60769	0.00747
15	0.01102	0.00787	0.01102	0.01260	0.01417	0.00787	0.01102	0.01417	0.01575	0.02047	0.03622	0.07717	0.03937	0.01890	0.00945	0.00315	0.00630	0.67084	0.00630	0.00630
16	0.13774	0.01251	0.01521	0.01207	0.01706	0.01203	0.00989	0.05895	0.09519	0.51999	0.02421	0.02155	0.01582	0.00825	0.00652	0.00214	0.00577	0.00650	0.00764	0.01096
17	0.00831	0.00700	0.00724	0.00736	0.00962	0.00594	0.00564	0.01015	0.01561	0.01863	0.06677	0.06671	0.66243	0.01745	0.00819	0.00237	0.00368	0.06472	0.00635	0.00582
18	0.00960	0.00704	0.00924	0.01033	0.01166	0.00668	0.00817	0.01195	0.01536	0.02012	0.12478	0.27903	0.14454	0.01883	0.00886	0.00279	0.00479	0.29373	0.00647	0.00601
19	0.01292	0.01216	0.02052	0.74312	0.04712	0.01520	0.01900	0.01748	0.01368	0.01748	0.01216	0.01824	0.00912	0.00684	0.00684	0.00228	0.00912	0.00608	0.00304	0.00760
20	0.00833	0.00599	0.00790	0.00942	0.00990	0.00557	0.00630	0.00954	0.01320	0.01751	0.03899	0.72711	0.07241	0.02127	0.00871	0.00276	0.00395	0.01925	0.00635	0.00557
21	0.00968	0.00699	0.00914	0.00861	0.01022	0.00646	0.00646	0.01291	0.01937	0.02743	0.71328	0.05110	0.06455	0.01399	0.00807	0.00215	0.00323	0.01237	0.00753	0.00646
22	0.02556	0.03261	0.01939	0.01763	0.02115	0.73210	0.01322	0.02732	0.01939	0.01674	0.01058	0.01234	0.00881	0.00705	0.00617	0.00176	0.01234	0.00441	0.00353	0.00793
23	0.45123	0.01061	0.00924	0.00833	0.01171	0.01163	0.00670	0.01978	0.01333	0.09034	0.01571	0.01740	0.01192	0.00712	0.00467	0.00193	0.00458	0.00495	0.29140	0.00741
24	0.01185	0.00801	0.01004	0.00927	0.01139	0.00760	0.00703	0.01628	0.07988	0.08217	0.52418	0.07242	0.10593	0.01364	0.00790	0.00220	0.00367	0.01193	0.00742	0.00718
25	0.00917	0.00693	0.00846	0.00816	0.00993	0.00622	0.00609	0.01188	0.01802	0.02444	0.49937	0.08423	0.25158	0.01526	0.00810	0.00222	0.00333	0.01326	0.00714	0.00622
26	0.01372	0.03539	0.72412	0.01950	0.02961	0.01589	0.02528	0.02167	0.01444	0.02167	0.01228	0.01444	0.00867	0.00650	0.00650	0.00217	0.01011	0.00506	0.00289	0.01011
27	0.01693	0.01626	0.02777	0.04199	0.71689	0.01626	0.02100	0.02100	0.01558	0.02235	0.01287	0.01693	0.01084	0.00610	0.00677	0.00203	0.00813	0.00610	0.00339	0.01084
28	0.01703	0.01410	0.01494	0.01332	0.01716	0.01598	0.01040	0.06170	0.59351	0.04983	0.03103	0.02866	0.08210	0.00993	0.00705	0.00230	0.00534	0.00824	0.00695	0.01044
29	0.08371	0.01226	0.01959	0.67775	0.04410	0.01521	0.01797	0.01771	0.01350	0.01866	0.01193	0.01761	0.00897	0.00680	0.00661	0.00227	0.00878	0.00587	0.00315	0.00758
30	0.01625	0.01554	0.02602	0.15346	0.51644	0.01619	0.04813	0.02183	0.07664	0.02209	0.01413	0.01798	0.01143	0.00649	0.00686	0.00211	0.00819	0.00632	0.00365	0.01024
31	0.01638	0.01502	0.02545	0.22379	0.51723	0.01576	0.02008	0.02052	0.01523	0.04605	0.01319	0.01750	0.01061	0.00637	0.00679	0.00210	0.00830	0.00612	0.00348	0.01002
32	0.01914	0.04923	0.19345	0.01669	0.04623	0.14868	0.01515	0.05608	0.25688	0.08277	0.01999	0.01985	0.02956	0.00801	0.00662	0.00211	0.00810	0.00626	0.00515	0.01003
33	0.07772	0.08531	0.41196	0.02021	0.08382	0.01618	0.10409	0.02072	0.01488	0.02250	0.06830	0.01755	0.01345	0.00691	0.00650	0.00211	0.00897	0.00589	0.00348	0.00945

[dist]
# distance from previous block
# <min> <max>
0	1

[block]
# block no. 6 follows, 31 sequences, length 39
# corresponding to MSA columns:
# 161-199
name=unknown_G
#
# <colnr> <probs for GDERKNQSTAVLIFYWHMCP>
#	G	D	E	R	K	N	Q	S	T	A	V	L	I	F	Y	W	H	M	C	P
0	0.02601	0.01916	0.02053	0.01574	0.02122	0.02122	0.01300	0.69408	0.03217	0.04312	0.01643	0.01643	0.01163	0.00821	0.00684	0.00205	0.00753	0.00616	0.00684	0.01163
1	0.00809	0.00693	0.00693	0.00693	0.00924	0.00578	0.00520	0.00982	0.01559	0.01848	0.06931	0.06584	0.71411	0.01733	0.00809	0.00231	0.00347	0.01444	0.00635	0.00578
2	0.16828	0.01320	0.01506	0.01194	0.01694	0.05489	0.00978	0.03063	0.01816	0.55618	0.02289	0.02046	0.01475	0.00801	0.00637	0.00210	0.00612	0.00617	0.00742	0.01067
3	0.01427	0.16393	0.34077	0.01510	0.02174	0.01523	0.04340	0.01952	0.01597	0.05085	0.20535	0.02440	0.02448	0.00849	0.00661	0.00203	0.00757	0.00700	0.00442	0.00888
4	0.02961	0.01167	0.01616	0.05661	0.01927	0.01037	0.01060	0.03238	0.01922	0.67882	0.02609	0.02298	0.01646	0.00837	0.00688	0.00213	0.00602	0.00683	0.00814	0.01140
5	0.03070	0.01164	0.01588	0.01217	0.01746	0.01006	0.01006	0.03334	0.01958	0.72163	0.02699	0.02329	0.01694	0.00847	0.00688	0.00212	0.00582	0.00688	0.00847	0.01164
6	0.06590	0.35323	0.10829	0.10877	0.04504	0.15390	0.01457	0.04449	0.01549	0.01903	0.01071	0.01294	0.00890	0.00640	0.00543	0.00178	0.00872	0.00443	0.00327	0.00870
7	0.02676	0.05319	0.04611	0.01397	0.05989	0.01129	0.01114	0.02973	0.01880	0.55503	0.08121	0.02417	0.01971	0.00856	0.00682	0.00208	0.00600	0.00704	0.00755	0.01095
8	0.00821	0.00692	0.00714	0.00728	0.00947	0.00585	0.00548	0.00997	0.01548	0.01851	0.06645	0.10045	0.65461	0.01759	0.00817	0.00237	0.00360	0.04032	0.00635	0.00579
9	0.68804	0.05014	0.01184	0.01032	0.04192	0.01542	0.00802	0.01991	0.01208	0.02931	0.01044	0.01222	0.00823	0.00641	0.00438	0.00205	0.00538	0.00396	0.05237	0.00755
10	0.00810	0.00689	0.00698	0.00705	0.00927	0.00577	0.00525	0.00981	0.01548	0.01844	0.06788	0.09702	0.68386	0.01751	0.00811	0.00233	0.00349	0.01467	0.00635	0.00577
11	0.01419	0.01216	0.01419	0.01013	0.01621	0.00912	0.00811	0.01723	0.01419	0.02229	0.01216	0.01419	0.01013	0.00507	0.00507	0.00101	0.00507	0.00405	0.00405	0.80139
12	0.01292	0.01216	0.02052	0.74312	0.04712	0.01520	0.01900	0.01748	0.01368	0.01748	0.01216	0.01824	0.00912	0.00684	0.00684	0.00228	0.00912	0.00608	0.00304	0.00760
13	0.01382	0.01116	0.01600	0.04684	0.17269	0.01160	0.01345	0.06368	0.07522	0.02287	0.02812	0.08367	0.02868	0.01416	0.00833	0.00271	0.00672	0.36658	0.00562	0.00807
14	0.00834	0.00595	0.00794	0.00953	0.00992	0.00556	0.00635	0.00953	0.01310	0.01746	0.03771	0.75510	0.04525	0.02143	0.00873	0.00278	0.00397	0.01945	0.00635	0.00556
15	0.00809	0.00693	0.00693	0.00693	0.00924	0.00578	0.00520	0.00982	0.01559	0.01848	0.06931	0.06584	0.71411	0.01733	0.00809	0.00231	0.00347	0.01444	0.00635	0.00578
16	0.01829	0.76368	0.03585	0.01171	0.01756	0.02707	0.01171	0.02049	0.01390	0.01610	0.00951	0.01097	0.00878	0.00585	0.00439	0.00146	0.00732	0.00366	0.00293	0.00878
17	0.00872	0.00683	0.00790	0.00791	0.00970	0.00600	0.00583	0.01095	0.01670	0.02175	0.30959	0.15054	0.37995	0.01660	0.00816	0.00231	0.00344	0.01431	0.00680	0.00600
18	0.01292	0.01216	0.02052	0.74312	0.04712	0.01520	0.01900	0.01748	0.01368	0.01748	0.01216	0.01824	0.00912	0.00684	0.00684	0.00228	0.00912	0.00608	0.00304	0.00760
19	0.01497	0.01497	0.02095	0.01796	0.01796	0.02095	0.01497	0.01646	0.01048	0.01646	0.00898	0.01497	0.00898	0.01197	0.02245	0.00299	0.74704	0.00599	0.00299	0.00748
20	0.01372	0.03539	0.72412	0.01950	0.02961	0.01589	0.02528	0.02167	0.01444	0.02167	0.01228	0.01444	0.00867	0.00650	0.00650	0.00217	0.01011	0.00506	0.00289	0.01011
21	0.74229	0.01267	0.00975	0.00878	0.01280	0.01461	0.00719	0.01977	0.01187	0.03027	0.01058	0.01230	0.00824	0.00648	0.00428	0.00207	0.00512	0.00393	0.06968	0.00732
22	0.02601	0.01916	0.02053	0.01574	0.02122	0.02122	0.01300	0.69408	0.03217	0.04312	0.01643	0.01643	0.01163	0.00821	0.00684	0.00205	0.00753	0.00616	0.00684	0.01163
23	0.01497	0.01497	0.02095	0.01796	0.01796	0.02095	0.01497	0.01646	0.01048	0.01646	0.00898	0.01497	0.00898	0.01197	0.02245	0.00299	0.74704	0.00599	0.00299	0.00748
24	0.01292	0.01216	0.02052	0.74312	0.04712	0.01520	0.01900	0.01748	0.01368	0.01748	0.01216	0.01824	0.00912	0.00684	0.00684	0.00228	0.00912	0.00608	0.00304	0.00760
25	0.01616	0.34841	0.40019	0.01607	0.02409	0.04915	0.01896	0.02138	0.01441	0.01908	0.01102	0.01287	0.00872	0.00624	0.00558	0.00185	0.00900	0.00443	0.00293	0.00945
26	0.00857	0.00621	0.00819	0.00955	0.01018	0.00570	0.00642	0.00984	0.01314	0.01766	0.03666	0.72485	0.04382	0.02077	0.00858	0.00271	0.00401	0.01882	0.00626	0.03805
27	0.01419	0.01216	0.01419	0.01013	0.01621	0.00912	0.00811	0.01723	0.01419	0.02229	0.01216	0.01419	0.01013	0.00507	0.00507	0.00101	0.00507	0.00405	0.00405	0.80139
28	0.02810	0.01581	0.01846	0.01415	0.01954	0.01624	0.01169	0.39957	0.02656	0.34555	0.02113	0.01948	0.01400	0.00833	0.00686	0.00208	0.00677	0.00648	0.00757	0.01164
29	0.00834	0.00595	0.00794	0.00953	0.00992	0.00556	0.00635	0.00953	0.01310	0.01746	0.03771	0.75510	0.04525	0.02143	0.00873	0.00278	0.00397	0.01945	0.00635	0.00556
30	0.01701	0.01692	0.06045	0.10989	0.09876	0.05882	0.15376	0.10278	0.08455	0.04550	0.01885	0.06586	0.04233	0.00833	0.00747	0.00215	0.02663	0.00756	0.00461	0.06778
31	0.00905	0.00660	0.00853	0.00894	0.01013	0.00608	0.00644	0.01134	0.01646	0.02251	0.37038	0.33085	0.11316	0.01736	0.00837	0.00244	0.00363	0.03474	0.00693	0.00604
32	0.01148	0.00724	0.00957	0.00914	0.01087	0.00663	0.00679	0.01424	0.01813	0.09377	0.51010	0.18969	0.05599	0.01494	0.00809	0.00227	0.00363	0.01325	0.00739	0.00679
33	0.01292	0.01216	0.02052	0.74312	0.04712	0.01520	0.01900	0.01748	0.01368	0.01748	0.01216	0.01824	0.00912	0.00684	0.00684	0.00228	0.00912	0.00608	0.00304	0.00760
34	0.01647	0.30807	0.02233	0.01210	0.01578	0.01819	0.01031	0.16427	0.01765	0.02278	0.03950	0.24665	0.02240	0.01176	0.00721	0.00209	0.03966	0.00950	0.00499	0.00827
35	0.02933	0.01274	0.01636	0.01259	0.01779	0.01182	0.01038	0.14398	0.02153	0.58510	0.02506	0.02220	0.01606	0.00841	0.00681	0.00209	0.00602	0.00674	0.03351	0.01147
36	0.02671	0.01804	0.01984	0.01521	0.02066	0.01955	0.01256	0.59528	0.03028	0.14457	0.01801	0.01745	0.01243	0.00825	0.00685	0.00206	0.00727	0.00627	0.00709	0.01164
37	0.01406	0.12487	0.01609	0.01136	0.01445	0.01230	0.03647	0.01991	0.14503	0.07628	0.25820	0.09630	0.07458	0.01352	0.03559	0.00252	0.00555	0.02866	0.00627	0.00800
38	0.01589	0.01875	0.13821	0.03565	0.53525	0.01556	0.04358	0.02058	0.01568	0.02258	0.06093	0.01893	0.01416	0.00669	0.00686	0.00207	0.00822	0.00643	0.00359	0.01036

[dist]
# distance from previous block
# <min> <max>
0	11

[block]
# block no. 7 follows, 31 sequences, length 17
# corresponding to MSA columns:
# 211-227
name=unknown_H
#
# <colnr> <probs for GDERKNQSTAVLIFYWHMCP>
#	G	D	E	R	K	N	Q	S	T	A	V	L	I	F	Y	W	H	M	C	P
0	0.03070	0.01164	0.01588	0.01217	0.01746	0.01006	0.01006	0.03334	0.01958	0.72163	0.02699	0.02329	0.01694	0.00847	0.00688	0.00212	0.00582	0.00688	0.00847	0.01164
1	0.00830	0.00609	0.00780	0.00917	0.00983	0.00559	0.00619	0.00957	0.01344	0.01761	0.04210	0.65938	0.13813	0.02086	0.00864	0.00271	0.00390	0.01875	0.00635	0.00559
2	0.01755	0.41545	0.16669	0.01442	0.02004	0.05727	0.01473	0.05888	0.01487	0.01914	0.01087	0.01307	0.00925	0.00707	0.00748	0.00186	0.10771	0.00452	0.03022	0.00891
3	0.01188	0.00594	0.00891	0.00891	0.00891	0.00594	0.00594	0.00891	0.00891	0.01188	0.01188	0.02080	0.01188	0.02377	0.02674	0.80095	0.00594	0.00594	0.00297	0.00297
4	0.00834	0.00595	0.00794	0.00953	0.00992	0.00556	0.00635	0.00953	0.01310	0.01746	0.03771	0.75510	0.04525	0.02143	0.00873	0.00278	0.00397	0.01945	0.00635	0.00556
5	0.01640	0.01582	0.02714	0.03943	0.64686	0.01571	0.04958	0.02040	0.01560	0.02211	0.01611	0.01977	0.05068	0.00672	0.00690	0.00206	0.00801	0.00666	0.00356	0.01048
6	0.02340	0.01610	0.01778	0.01402	0.01854	0.01754	0.01136	0.50959	0.02705	0.08805	0.01761	0.01944	0.01322	0.04552	0.04427	0.04411	0.00757	0.00644	0.04809	0.01030
7	0.00979	0.00728	0.01073	0.01073	0.01186	0.00841	0.00822	0.01205	0.01092	0.01569	0.01857	0.02821	0.01768	0.10422	0.68034	0.01067	0.01745	0.00753	0.00370	0.00596
8	0.00977	0.00733	0.01100	0.01100	0.01222	0.00855	0.00855	0.01222	0.01100	0.01588	0.01833	0.02688	0.01710	0.05131	0.73245	0.01100	0.01833	0.00733	0.00367	0.00611
9	0.01188	0.00594	0.00891	0.00891	0.00891	0.00594	0.00594	0.00891	0.00891	0.01188	0.01188	0.02080	0.01188	0.02377	0.02674	0.80095	0.00594	0.00594	0.00297	0.00297
10	0.01406	0.13458	0.57496	0.01760	0.02649	0.01674	0.02198	0.02085	0.01474	0.02132	0.06426	0.01670	0.01286	0.00697	0.00632	0.00207	0.00921	0.00541	0.00324	0.00965
11	0.01429	0.01248	0.01552	0.01109	0.01721	0.00954	0.04293	0.01747	0.01429	0.02227	0.01225	0.01440	0.01015	0.00510	0.00522	0.00108	0.00540	0.00426	0.00402	0.76105
12	0.01615	0.01845	0.04037	0.02884	0.03576	0.01730	0.69204	0.02191	0.01615	0.02191	0.01384	0.01845	0.01038	0.00577	0.00807	0.00231	0.01153	0.00807	0.00346	0.00923
13	0.01825	0.01902	0.08814	0.03209	0.44873	0.05406	0.01878	0.10839	0.09825	0.02536	0.01490	0.01741	0.01181	0.00682	0.00675	0.00207	0.00813	0.00611	0.00420	0.01072
14	0.01738	0.01868	0.09438	0.06313	0.27418	0.13303	0.01655	0.02095	0.01547	0.07205	0.01656	0.02107	0.03652	0.01312	0.09628	0.00321	0.04827	0.02614	0.00392	0.00911
15	0.02152	0.01557	0.08236	0.01826	0.02401	0.01289	0.24648	0.04509	0.01798	0.31780	0.06818	0.06108	0.01856	0.00842	0.00744	0.00222	0.00793	0.00815	0.00605	0.01001
16	0.00825	0.00698	0.00716	0.00725	0.00952	0.00590	0.00553	0.01007	0.01560	0.01860	0.06741	0.06649	0.67552	0.01742	0.00816	0.00236	0.00363	0.05198	0.00635	0.00581

[dist]
# distance from previous block
# <min> <max>
2	4

[block]
# block no. 8 follows, 31 sequences, length 32
# corresponding to MSA columns:
# 232-263
name=unknown_I
#
# <colnr> <probs for GDERKNQSTAVLIFYWHMCP>
#	G	D	E	R	K	N	Q	S	T	A	V	L	I	F	Y	W	H	M	C	P
0	0.05579	0.39037	0.09100	0.01431	0.04346	0.14870	0.01279	0.02252	0.04597	0.05174	0.01245	0.01499	0.01067	0.05096	0.00701	0.00201	0.00821	0.00472	0.00363	0.00872
1	0.47847	0.01512	0.05642	0.04566	0.05098	0.01510	0.07508	0.05882	0.01405	0.02798	0.01334	0.01531	0.03659	0.00676	0.00533	0.00206	0.00651	0.00501	0.00421	0.06722
2	0.02003	0.01735	0.01630	0.01410	0.01813	0.12570	0.01105	0.16004	0.35999	0.06923	0.05123	0.02512	0.06253	0.00937	0.00693	0.00216	0.00670	0.00747	0.00648	0.01011
3	0.02284	0.01199	0.01465	0.01204	0.01632	0.01177	0.00967	0.07635	0.18542	0.36958	0.12348	0.02969	0.06526	0.00993	0.00713	0.00218	0.00535	0.00824	0.00774	0.01038
4	0.06782	0.07208	0.05753	0.06035	0.06501	0.34785	0.01383	0.15518	0.02008	0.02342	0.01464	0.01621	0.04214	0.00754	0.00626	0.00192	0.00969	0.00537	0.00424	0.00886
5	0.01010	0.00703	0.00835	0.00825	0.01000	0.00626	0.00598	0.01209	0.01605	0.06210	0.25053	0.18088	0.30187	0.07693	0.01030	0.00269	0.00388	0.01391	0.00665	0.00615
6	0.04877	0.01316	0.02175	0.54702	0.20216	0.01545	0.01896	0.01842	0.01403	0.01920	0.01221	0.01762	0.00945	0.00664	0.00671	0.00221	0.00872	0.00598	0.00317	0.00835
7	0.01666	0.01746	0.05852	0.15961	0.48063	0.06383	0.01975	0.02173	0.05539	0.02146	0.01343	0.01723	0.01088	0.00649	0.00674	0.00208	0.00852	0.00603	0.00352	0.01004
8	0.01372	0.03539	0.72412	0.01950	0.02961	0.01589	0.02528	0.02167	0.01444	0.02167	0.01228	0.01444	0.00867	0.00650	0.00650	0.00217	0.01011	0.00506	0.00289	0.01011
9	0.00840	0.00694	0.00736	0.00726	0.00943	0.00591	0.00544	0.01042	0.01633	0.02022	0.19434	0.06298	0.58800	0.01668	0.00808	0.00228	0.00342	0.01404	0.00658	0.00591
10	0.01629	0.01626	0.05112	0.07202	0.62074	0.01571	0.02048	0.02046	0.01546	0.02199	0.01417	0.02040	0.01233	0.00689	0.00692	0.00211	0.00814	0.04460	0.00352	0.01040
11	0.02333	0.01762	0.02059	0.05008	0.02193	0.01978	0.03889	0.52340	0.02726	0.05425	0.01594	0.01798	0.01198	0.04433	0.00970	0.00238	0.07747	0.00641	0.00608	0.01060
12	0.01593	0.01502	0.02507	0.12364	0.55653	0.01544	0.01941	0.02053	0.04011	0.02218	0.04784	0.02076	0.01439	0.00704	0.00693	0.00211	0.00786	0.02534	0.00376	0.01010
13	0.00849	0.00623	0.00768	0.00876	0.00947	0.00574	0.00584	0.00964	0.01318	0.01712	0.04179	0.52958	0.17289	0.11549	0.01196	0.00318	0.00421	0.01725	0.00607	0.00542
14	0.01317	0.01204	0.01913	0.47852	0.03590	0.01475	0.03498	0.04854	0.01413	0.01870	0.01607	0.13496	0.01500	0.00986	0.00918	0.00244	0.10312	0.00825	0.00375	0.00750
15	0.01402	0.03150	0.59521	0.02231	0.12796	0.01557	0.02391	0.02122	0.01480	0.02199	0.04028	0.01626	0.01121	0.00674	0.00660	0.00215	0.00955	0.00550	0.00315	0.01007
16	0.00892	0.00635	0.00846	0.00985	0.01047	0.00603	0.00697	0.01045	0.01363	0.01817	0.06822	0.57255	0.04403	0.06348	0.01033	0.00303	0.00446	0.12268	0.00627	0.00564
17	0.02797	0.03502	0.01653	0.01249	0.01749	0.01186	0.01026	0.09718	0.06080	0.55837	0.02599	0.05774	0.01777	0.00904	0.00690	0.00213	0.00592	0.00737	0.00795	0.01121
18	0.01096	0.00793	0.00912	0.00895	0.01015	0.00794	0.00609	0.08326	0.01414	0.01854	0.03320	0.19941	0.15586	0.32864	0.07135	0.00481	0.00640	0.01227	0.00529	0.00570
19	0.01488	0.00918	0.00953	0.00892	0.01100	0.03724	0.00682	0.08992	0.01625	0.05832	0.02265	0.06798	0.01950	0.05937	0.05048	0.00269	0.00545	0.03813	0.46461	0.00706
20	0.00870	0.00614	0.00785	0.00904	0.00968	0.00572	0.00610	0.01009	0.01358	0.01836	0.08156	0.59392	0.08943	0.05558	0.00971	0.00284	0.00398	0.01757	0.04457	0.00560
21	0.01622	0.05047	0.07483	0.14923	0.40415	0.05096	0.09263	0.02055	0.01530	0.02079	0.01323	0.03662	0.01110	0.00666	0.00683	0.00209	0.00885	0.00641	0.00337	0.00971
22	0.01364	0.00913	0.01061	0.00998	0.01206	0.04986	0.00760	0.01626	0.01783	0.12663	0.38354	0.12355	0.07247	0.04974	0.00925	0.00249	0.00466	0.06666	0.00700	0.00706
23	0.01771	0.01732	0.02708	0.09058	0.53182	0.06188	0.06526	0.06433	0.01678	0.02293	0.01296	0.01681	0.01060	0.00633	0.00683	0.00205	0.00866	0.00613	0.00360	0.01035
24	0.11714	0.01804	0.04940	0.04019	0.07021	0.05821	0.40917	0.02106	0.01516	0.02216	0.01359	0.01933	0.01106	0.00706	0.00852	0.00232	0.06832	0.03669	0.00362	0.00873
25	0.06916	0.02031	0.01763	0.01499	0.01924	0.20673	0.01182	0.24406	0.20309	0.06012	0.01803	0.01821	0.01356	0.01009	0.04020	0.00247	0.00854	0.00605	0.00577	0.00994
26	0.01757	0.01470	0.01572	0.04489	0.01858	0.06769	0.00999	0.12313	0.08641	0.05856	0.05932	0.01846	0.01504	0.00692	0.00596	0.00154	0.00614	0.00552	0.00511	0.41875
27	0.09136	0.01749	0.09269	0.09147	0.05780	0.01619	0.23624	0.12052	0.01703	0.02487	0.01482	0.07029	0.01247	0.00784	0.00790	0.00222	0.05153	0.00727	0.00416	0.05584
28	0.01915	0.01394	0.01540	0.01277	0.01639	0.01492	0.00998	0.40127	0.02370	0.03224	0.02122	0.16302	0.01995	0.09495	0.02914	0.00286	0.00669	0.00908	0.04401	0.04933
29	0.14530	0.09887	0.04901	0.05815	0.04738	0.05378	0.04351	0.21991	0.11146	0.02887	0.01459	0.01603	0.01120	0.00770	0.00739	0.00212	0.06458	0.00565	0.00490	0.00961
30	0.04112	0.01701	0.01850	0.01476	0.01947	0.01894	0.01203	0.45011	0.16147	0.05544	0.04965	0.01970	0.01571	0.00873	0.00754	0.00213	0.04144	0.00664	0.00662	0.03300
31	0.01825	0.01362	0.01584	0.01381	0.04818	0.01368	0.01035	0.27974	0.05482	0.05776	0.05344	0.17321	0.02145	0.01052	0.00691	0.00199	0.00589	0.00887	0.00607	0.18560

[dist]
# distance from previous block
# <min> <max>
7	40

[block]
# block no. 9 follows, 31 sequences, length 38
# corresponding to MSA columns:
# 309-346
name=unknown_J
#
# <colnr> <probs for GDERKNQSTAVLIFYWHMCP>
#	G	D	E	R	K	N	Q	S	T	A	V	L	I	F	Y	W	H	M	C	P
0	0.01822	0.01970	0.06710	0.03649	0.55903	0.11432	0.01992	0.04368	0.01657	0.02222	0.01264	0.01614	0.01046	0.00632	0.00668	0.00200	0.00880	0.00581	0.00349	0.01042
1	0.01694	0.01617	0.02707	0.04039	0.67688	0.01630	0.02041	0.02188	0.05500	0.02271	0.01373	0.01742	0.01141	0.00628	0.00678	0.00205	0.00797	0.00619	0.00359	0.01084
2	0.01558	0.05930	0.03093	0.11202	0.10366	0.01739	0.33716	0.02051	0.04032	0.02050	0.01358	0.03356	0.01113	0.00724	0.00941	0.00228	0.11192	0.00714	0.00353	0.04282
3	0.01049	0.00807	0.00873	0.00850	0.01084	0.00753	0.00636	0.01449	0.11190	0.04758	0.07593	0.11693	0.47606	0.01642	0.00884	0.04120	0.00399	0.01317	0.00639	0.00658
4	0.06320	0.01544	0.01749	0.13488	0.07080	0.04995	0.01292	0.10956	0.36162	0.04214	0.03682	0.02175	0.01675	0.00835	0.00675	0.00222	0.00673	0.00687	0.00579	0.00998
5	0.01608	0.01561	0.02549	0.23687	0.50883	0.03776	0.02020	0.02021	0.01516	0.02082	0.01260	0.01716	0.01030	0.00633	0.00677	0.00209	0.00853	0.00604	0.00329	0.00985
6	0.01719	0.01118	0.01197	0.01043	0.01396	0.03520	0.00819	0.06358	0.15067	0.19142	0.04354	0.04096	0.31091	0.01227	0.00727	0.00220	0.00495	0.01008	0.04541	0.00863
7	0.01020	0.00746	0.00961	0.01041	0.01162	0.00734	0.00775	0.03788	0.05180	0.02134	0.15527	0.43534	0.04500	0.01850	0.00859	0.00269	0.00449	0.14174	0.00660	0.00636
8	0.01801	0.01704	0.02686	0.03889	0.63306	0.03985	0.02004	0.08053	0.01716	0.02400	0.01311	0.01674	0.01084	0.00631	0.00676	0.00203	0.00821	0.00605	0.00370	0.01081
9	0.04731	0.01809	0.01694	0.01392	0.01827	0.15156	0.01113	0.30575	0.04481	0.13564	0.06102	0.02291	0.06754	0.01017	0.02628	0.00227	0.00771	0.00691	0.02197	0.00979
10	0.00923	0.00687	0.00846	0.00912	0.01017	0.00655	0.00631	0.01189	0.05683	0.01980	0.16716	0.43020	0.12913	0.08230	0.01066	0.00291	0.00408	0.01595	0.00642	0.00596
11	0.00978	0.00724	0.00895	0.00895	0.01048	0.00676	0.00653	0.04307	0.01746	0.02371	0.37335	0.26416	0.16096	0.01650	0.00821	0.00236	0.00369	0.01455	0.00695	0.00632
12	0.06038	0.01682	0.10865	0.32694	0.09070	0.01611	0.14391	0.04791	0.01484	0.02100	0.01309	0.03772	0.01045	0.00730	0.00790	0.00229	0.05538	0.00657	0.00345	0.00856
13	0.00834	0.00595	0.00794	0.00953	0.00992	0.00556	0.00635	0.00953	0.01310	0.01746	0.03771	0.75510	0.04525	0.02143	0.00873	0.00278	0.00397	0.01945	0.00635	0.00556
14	0.00999	0.00765	0.01141	0.01129	0.01246	0.00907	0.00882	0.01239	0.01097	0.01591	0.01793	0.02638	0.01676	0.04966	0.70271	0.01066	0.04886	0.00727	0.00364	0.00617
15	0.02393	0.01736	0.01890	0.01473	0.02001	0.01876	0.01205	0.49070	0.13096	0.08500	0.01848	0.01806	0.01325	0.00811	0.00671	0.00201	0.00688	0.00626	0.00673	0.08112
16	0.02386	0.01756	0.01889	0.01489	0.01980	0.01944	0.01208	0.53838	0.13049	0.05761	0.01871	0.01962	0.01393	0.05230	0.00850	0.00236	0.00712	0.00663	0.00675	0.01108
17	0.01332	0.00942	0.01087	0.00991	0.01130	0.01004	0.00686	0.15834	0.01507	0.02034	0.02072	0.07039	0.02178	0.44988	0.13700	0.00614	0.00853	0.00918	0.00476	0.00614
18	0.02455	0.01830	0.01975	0.01505	0.02060	0.01972	0.01240	0.61044	0.02994	0.04054	0.01590	0.01615	0.01145	0.00782	0.00662	0.00192	0.00722	0.00590	0.00650	0.10922
19	0.02513	0.01749	0.01918	0.01487	0.02019	0.01889	0.01221	0.51808	0.09616	0.12247	0.01863	0.01805	0.01312	0.00820	0.00678	0.00204	0.00700	0.00630	0.00692	0.04829
20	0.01399	0.07797	0.68388	0.01904	0.02891	0.01654	0.02448	0.02160	0.01441	0.02134	0.01212	0.01424	0.00867	0.00646	0.00638	0.00213	0.00995	0.00497	0.00289	0.01003
21	0.00959	0.00728	0.00874	0.00833	0.01013	0.00673	0.00618	0.01292	0.04656	0.02436	0.47840	0.05348	0.22847	0.05732	0.00956	0.00246	0.00358	0.01257	0.00701	0.00633
22	0.01338	0.00884	0.01077	0.00962	0.01209	0.00843	0.00740	0.09631	0.01997	0.09533	0.42237	0.09051	0.15058	0.01372	0.00785	0.00220	0.00408	0.01184	0.00729	0.00743
23	0.02406	0.01774	0.01939	0.01517	0.02014	0.01970	0.01247	0.61229	0.02963	0.03985	0.01665	0.01768	0.01229	0.01338	0.09388	0.00313	0.00882	0.00630	0.00646	0.01097
24	0.00949	0.00693	0.00892	0.00855	0.01014	0.00635	0.00637	0.01250	0.01873	0.02623	0.62902	0.09537	0.10646	0.01467	0.00811	0.00220	0.00329	0.01294	0.00738	0.00635
25	0.00834	0.00595	0.00794	0.00953	0.00992	0.00556	0.00635	0.00953	0.01310	0.01746	0.03771	0.75510	0.04525	0.02143	0.00873	0.00278	0.00397	0.01945	0.00635	0.00556
26	0.00845	0.00604	0.00807	0.00966	0.01010	0.00566	0.00655	0.00973	0.01321	0.01759	0.03764	0.72608	0.04500	0.02133	0.00876	0.00279	0.00407	0.04733	0.00635	0.00559
27	0.01420	0.11645	0.61376	0.05228	0.02907	0.01712	0.02345	0.02134	0.01435	0.02084	0.01196	0.01423	0.00870	0.00644	0.00628	0.00209	0.00975	0.00495	0.00290	0.00984
28	0.00935	0.00653	0.00831	0.00886	0.00923	0.00663	0.00576	0.01024	0.01125	0.01523	0.02655	0.28827	0.03046	0.36632	0.16032	0.00613	0.00796	0.01275	0.00482	0.00501
29	0.00873	0.00628	0.00836	0.00989	0.01054	0.00591	0.00701	0.01024	0.01360	0.01796	0.03873	0.62577	0.07082	0.02089	0.00881	0.00282	0.00430	0.11732	0.00634	0.00568
30	0.00918	0.00646	0.00844	0.00964	0.01021	0.00617	0.00651	0.03339	0.01366	0.01826	0.05251	0.66110	0.04259	0.04073	0.01012	0.03701	0.00423	0.01797	0.00619	0.00564
31	0.01811	0.06258	0.02896	0.03481	0.47554	0.11779	0.12039	0.02199	0.01610	0.02113	0.01250	0.01617	0.01036	0.00617	0.00674	0.00200	0.00919	0.00601	0.00339	0.01007
32	0.02634	0.01228	0.01559	0.01236	0.01730	0.01149	0.01005	0.05099	0.14826	0.50970	0.05159	0.02407	0.01894	0.00864	0.00684	0.00210	0.00566	0.00708	0.00787	0.05285
33	0.01131	0.00834	0.01044	0.01116	0.03317	0.00827	0.00778	0.10164	0.01655	0.02215	0.10940	0.44090	0.08189	0.05390	0.00962	0.00277	0.00472	0.05300	0.00635	0.00661
34	0.01999	0.36604	0.12068	0.05636	0.02212	0.15648	0.01442	0.13089	0.01795	0.02141	0.01135	0.01299	0.00925	0.00660	0.00554	0.00176	0.00877	0.00453	0.00368	0.00919
35	0.02560	0.05621	0.02121	0.01566	0.02103	0.06521	0.01295	0.62031	0.03049	0.04018	0.01573	0.01591	0.01132	0.00803	0.00668	0.00201	0.00781	0.00593	0.00645	0.01127
36	0.02325	0.01699	0.01852	0.01454	0.01949	0.01841	0.01185	0.52887	0.06846	0.06043	0.05081	0.06031	0.01662	0.00913	0.00692	0.00206	0.00682	0.00720	0.00676	0.05256
37	0.01882	0.28572	0.11820	0.01785	0.10393	0.14433	0.01472	0.08354	0.04435	0.02137	0.05508	0.01604	0.01319	0.00720	0.00632	0.00185	0.02912	0.00526	0.00388	0.00922

[dist]
# distance from previous block
# <min> <max>
0	18

[block]
# block no. 10 follows, 31 sequences, length 42
# corresponding to MSA columns:
# 365-406
name=unknown_K
#
# <colnr> <probs for GDERKNQSTAVLIFYWHMCP>
#	G	D	E	R	K	N	Q	S	T	A	V	L	I	F	Y	W	H	M	C	P
0	0.04360	0.01570	0.01634	0.01497	0.05680	0.07782	0.01113	0.17268	0.26381	0.08902	0.12101	0.02605	0.04208	0.00941	0.00696	0.00215	0.00630	0.00766	0.00654	0.00995
1	0.01962	0.01047	0.01364	0.01144	0.01469	0.00997	0.02746	0.11219	0.01899	0.28079	0.16087	0.13973	0.03060	0.10443	0.01088	0.00278	0.00553	0.01015	0.00707	0.00872
2	0.00899	0.00630	0.00845	0.00950	0.00998	0.00623	0.00646	0.01007	0.01222	0.01647	0.03139	0.49984	0.03659	0.12835	0.12388	0.03810	0.00667	0.02967	0.00549	0.00535
3	0.02013	0.60032	0.05322	0.01244	0.01818	0.07695	0.01204	0.02252	0.01498	0.09804	0.01170	0.01261	0.00972	0.00626	0.00487	0.00158	0.00760	0.00413	0.00361	0.00909
4	0.06090	0.49628	0.17401	0.01315	0.01939	0.03768	0.01398	0.02023	0.01407	0.01846	0.03501	0.01382	0.01099	0.00832	0.03700	0.00209	0.00823	0.00443	0.00320	0.00876
