[name]
unknown

[dist]
# distance from previous block
# <min> <max>
0	61

[block]
# block no. 0 follows, 26 sequences, length 6
# corresponding to MSA columns:
# 61-66
name=unknown_A
#
# <colnr> <probs for GDERKNQSTAVLIFYWHMCP>
#	G	D	E	R	K	N	Q	S	T	A	V	L	I	F	Y	W	H	M	C	P
0	0.01559	0.00938	0.01305	0.01390	0.01628	0.00910	0.01206	0.01900	0.01812	0.12594	0.03858	0.07634	0.03981	0.01917	0.01004	0.00332	0.00690	0.53819	0.00736	0.00790
1	0.01837	0.01821	0.02817	0.20714	0.48493	0.06646	0.02213	0.02283	0.01706	0.02303	0.01390	0.01876	0.01139	0.00703	0.00748	0.00230	0.00961	0.00662	0.00367	0.01091
2	0.01233	0.00916	0.01186	0.11813	0.01680	0.00927	0.00813	0.01351	0.01232	0.01689	0.01997	0.03765	0.02124	0.44037	0.06215	0.05412	0.00814	0.00902	0.00428	0.11466
3	0.01487	0.01404	0.02374	0.63303	0.13014	0.01700	0.02134	0.01986	0.01543	0.02004	0.01358	0.02004	0.01035	0.00748	0.00757	0.00249	0.00998	0.00674	0.00342	0.00887
4	0.12300	0.01340	0.01283	0.01176	0.01442	0.09536	0.00863	0.05367	0.01753	0.12634	0.11206	0.15756	0.03053	0.17289	0.01455	0.00354	0.00681	0.01083	0.00636	0.00794
5	0.01832	0.01405	0.01634	0.01316	0.01748	0.01421	0.01043	0.21648	0.02095	0.02987	0.04306	0.02417	0.01719	0.08409	0.12735	0.00409	0.03814	0.00699	0.03857	0.24507

[dist]
# distance from previous block
# <min> <max>
0	10

[block]
# block no. 1 follows, 26 sequences, length 9
# corresponding to MSA columns:
# 77-85
name=unknown_B
#
# <colnr> <probs for GDERKNQSTAVLIFYWHMCP>
#	G	D	E	R	K	N	Q	S	T	A	V	L	I	F	Y	W	H	M	C	P
0	0.01838	0.01685	0.02663	0.13784	0.07098	0.05200	0.15408	0.02202	0.01542	0.08492	0.01490	0.02009	0.01209	0.01371	0.07572	0.00359	0.24004	0.00730	0.00415	0.00930
1	0.06631	0.02060	0.02190	0.24560	0.11634	0.18418	0.01707	0.06011	0.12247	0.02419	0.01588	0.01903	0.01238	0.00821	0.00785	0.00236	0.03477	0.00643	0.00454	0.00977
2	0.01212	0.00882	0.01041	0.00997	0.01211	0.00830	0.00722	0.01617	0.08039	0.05031	0.23325	0.16676	0.18038	0.11381	0.01275	0.00316	0.00474	0.01394	0.00712	0.04828
3	0.01564	0.01204	0.01434	0.01126	0.01616	0.01015	0.00874	0.04941	0.01603	0.04821	0.01800	0.05889	0.01635	0.07906	0.09036	0.00321	0.00751	0.00674	0.03625	0.48165
4	0.01337	0.00933	0.01097	0.03027	0.01355	0.00905	0.00804	0.07617	0.01842	0.05636	0.12204	0.12518	0.23318	0.12727	0.01335	0.00335	0.00545	0.07531	0.04207	0.00728
5	0.01104	0.00808	0.01011	0.01029	0.01050	0.00867	0.00675	0.01175	0.01215	0.01656	0.02745	0.23892	0.03180	0.41998	0.06993	0.00604	0.07589	0.01343	0.00514	0.00553
6	0.07893	0.01627	0.01667	0.04984	0.02015	0.08317	0.01074	0.07070	0.08059	0.08687	0.01726	0.01999	0.01380	0.05410	0.00843	0.00211	0.00712	0.00589	0.00538	0.35200
7	0.01670	0.01529	0.01860	0.13001	0.02395	0.06062	0.01376	0.06220	0.11930	0.02314	0.01725	0.02181	0.01443	0.02008	0.16717	0.00463	0.15097	0.00692	0.00465	0.10854
8	0.01833	0.01813	0.02014	0.04297	0.06222	0.15108	0.06250	0.07037	0.12182	0.02340	0.01953	0.05681	0.01700	0.02320	0.20665	0.00521	0.05861	0.00795	0.00491	0.00917

[dist]
# distance from previous block
# <min> <max>
4	11

[block]
# block no. 2 follows, 26 sequences, length 15
# corresponding to MSA columns:
# 97-111
name=unknown_C
#
# <colnr> <probs for GDERKNQSTAVLIFYWHMCP>
#	G	D	E	R	K	N	Q	S	T	A	V	L	I	F	Y	W	H	M	C	P
0	0.01957	0.02020	0.02869	0.07647	0.02870	0.11013	0.20704	0.09103	0.01782	0.02376	0.01354	0.01828	0.01110	0.00945	0.01381	0.00268	0.25693	0.00714	0.03429	0.00940
1	0.01707	0.01504	0.02198	0.52250	0.04345	0.05244	0.01902	0.02251	0.05588	0.07290	0.01545	0.02051	0.01156	0.00838	0.00902	0.00255	0.06977	0.00682	0.00413	0.00901
2	0.01443	0.01360	0.02359	0.49392	0.08325	0.01578	0.08831	0.01896	0.01511	0.01977	0.01573	0.04445	0.01342	0.07456	0.03171	0.00326	0.01023	0.00786	0.00369	0.00838
3	0.01582	0.01335	0.01540	0.05491	0.01765	0.04810	0.01083	0.08291	0.07436	0.02313	0.02331	0.06389	0.05749	0.14500	0.09187	0.00441	0.13129	0.00886	0.06228	0.05515
4	0.01255	0.00984	0.01038	0.04660	0.01252	0.04881	0.00679	0.03800	0.01370	0.01744	0.02855	0.12103	0.07913	0.49063	0.02841	0.00574	0.00731	0.01183	0.00507	0.00568
5	0.02184	0.01546	0.01705	0.01424	0.01876	0.01654	0.01117	0.18605	0.28286	0.12316	0.02810	0.02933	0.05218	0.09087	0.01107	0.00292	0.00666	0.00842	0.00734	0.05598
6	0.02473	0.01821	0.01978	0.01586	0.02069	0.02016	0.01270	0.46390	0.12733	0.03995	0.01987	0.02189	0.01524	0.04915	0.01159	0.08560	0.00775	0.00729	0.00699	0.01130
7	0.01162	0.00810	0.00950	0.00934	0.01005	0.00822	0.00598	0.04328	0.01352	0.01813	0.06160	0.09655	0.06869	0.49524	0.10274	0.00677	0.00817	0.01171	0.00520	0.00559
8	0.01354	0.00847	0.01045	0.01048	0.01200	0.00816	0.00726	0.01655	0.06712	0.10051	0.09929	0.32121	0.07214	0.19784	0.01642	0.00393	0.00540	0.01520	0.00689	0.00714
9	0.01909	0.01846	0.02615	0.32168	0.24904	0.11196	0.05809	0.02349	0.01727	0.06161	0.01459	0.01920	0.01128	0.00739	0.00754	0.00235	0.01019	0.00667	0.00396	0.01000
10	0.01856	0.01882	0.02859	0.16058	0.41057	0.07916	0.05845	0.02277	0.01675	0.02259	0.01354	0.01847	0.01124	0.00762	0.00925	0.00240	0.07965	0.00670	0.00366	0.01062
11	0.01065	0.00789	0.01001	0.01135	0.05051	0.00749	0.00701	0.01217	0.01504	0.02012	0.14821	0.24465	0.13126	0.26714	0.01937	0.00432	0.00548	0.01491	0.00622	0.00617
12	0.01491	0.01488	0.02695	0.20636	0.03318	0.01601	0.22931	0.01908	0.01547	0.02116	0.01926	0.16107	0.01863	0.01112	0.01082	0.00268	0.11102	0.01029	0.00432	0.05347
13	0.02205	0.01602	0.01852	0.01644	0.05151	0.01733	0.01250	0.15719	0.28603	0.13311	0.02878	0.02755	0.07039	0.01035	0.00866	0.00242	0.04879	0.00823	0.00725	0.05688
14	0.06872	0.01953	0.01858	0.07070	0.02292	0.13926	0.01296	0.10231	0.28920	0.09706	0.02233	0.02198	0.01655	0.00894	0.00722	0.00230	0.00796	0.00697	0.00648	0.05805

[dist]
# distance from previous block
# <min> <max>
16	30

[block]
# block no. 3 follows, 26 sequences, length 36
# corresponding to MSA columns:
# 142-177
name=unknown_D
#
# <colnr> <probs for GDERKNQSTAVLIFYWHMCP>
#	G	D	E	R	K	N	Q	S	T	A	V	L	I	F	Y	W	H	M	C	P
0	0.02474	0.01646	0.01780	0.01459	0.01921	0.06014	0.01153	0.20771	0.14121	0.19750	0.02292	0.02445	0.01720	0.06360	0.03425	0.05138	0.00786	0.00742	0.00706	0.05298
1	0.01121	0.00822	0.01122	0.01060	0.01131	0.00814	0.05210	0.01207	0.01217	0.01635	0.02600	0.15804	0.02959	0.52079	0.07475	0.00662	0.00810	0.01243	0.00491	0.00540
2	0.00924	0.00660	0.00880	0.01056	0.01100	0.00616	0.00704	0.01056	0.01452	0.01936	0.04181	0.72848	0.05017	0.02376	0.00968	0.00308	0.00440	0.02156	0.00704	0.00616
3	0.00982	0.00705	0.00932	0.01017	0.01113	0.00655	0.00709	0.01202	0.01722	0.02366	0.29056	0.46749	0.05848	0.02056	0.00940	0.00281	0.00408	0.01852	0.00755	0.00655
4	0.01667	0.01404	0.01623	0.01168	0.01837	0.01107	0.00938	0.06501	0.01715	0.02637	0.01382	0.01591	0.01135	0.00587	0.00576	0.00121	0.00581	0.00466	0.00472	0.72493
5	0.78701	0.01467	0.01115	0.00997	0.01467	0.01702	0.00821	0.02230	0.01291	0.03403	0.01056	0.01232	0.00821	0.00704	0.00469	0.00235	0.00587	0.00411	0.00469	0.00821
6	0.03403	0.01291	0.01760	0.01350	0.01936	0.01115	0.01115	0.03697	0.02171	0.69137	0.02992	0.02582	0.01878	0.00939	0.00763	0.00235	0.00645	0.00763	0.00939	0.01291
7	0.01887	0.01629	0.01715	0.01544	0.01972	0.01887	0.01201	0.04031	0.67241	0.03173	0.03087	0.02830	0.02315	0.01029	0.00772	0.00257	0.00600	0.00858	0.00772	0.01201
8	0.01246	0.00815	0.01082	0.01048	0.01244	0.00756	0.00808	0.01579	0.02037	0.07575	0.49771	0.11681	0.06236	0.01648	0.00911	0.00258	0.00429	0.09317	0.00814	0.00746
9	0.03403	0.01291	0.01760	0.01350	0.01936	0.01115	0.01115	0.03697	0.02171	0.69137	0.02992	0.02582	0.01878	0.00939	0.00763	0.00235	0.00645	0.00763	0.00939	0.01291
10	0.01887	0.01629	0.01715	0.01544	0.01972	0.01887	0.01201	0.04031	0.67241	0.03173	0.03087	0.02830	0.02315	0.01029	0.00772	0.00257	0.00600	0.00858	0.00772	0.01201
11	0.00906	0.00732	0.00805	0.00864	0.01050	0.00632	0.00619	0.01078	0.01637	0.02012	0.06521	0.29067	0.47288	0.02072	0.00920	0.00273	0.00403	0.01785	0.00704	0.00632
12	0.01110	0.00728	0.00955	0.01028	0.01130	0.00677	0.00708	0.01293	0.01625	0.05829	0.19085	0.47288	0.05156	0.08222	0.01189	0.00324	0.00457	0.01804	0.00727	0.00663
13	0.01222	0.00873	0.01222	0.01397	0.01572	0.00873	0.01222	0.01572	0.01746	0.02270	0.04016	0.08556	0.04365	0.02095	0.01048	0.00349	0.00698	0.63506	0.00698	0.00698
14	0.00932	0.00664	0.00878	0.01045	0.01087	0.00622	0.00693	0.01058	0.01436	0.01915	0.04097	0.69689	0.04912	0.05679	0.01103	0.00328	0.00454	0.02107	0.00693	0.00609
15	0.78701	0.01467	0.01115	0.00997	0.01467	0.01702	0.00821	0.02230	0.01291	0.03403	0.01056	0.01232	0.00821	0.00704	0.00469	0.00235	0.00587	0.00411	0.00469	0.00821
16	0.02586	0.01097	0.01484	0.01232	0.01658	0.00963	0.00977	0.02865	0.02048	0.46480	0.14627	0.14692	0.03320	0.01283	0.00820	0.00247	0.00561	0.01099	0.00882	0.01079
17	0.00924	0.00660	0.00880	0.01056	0.01100	0.00616	0.00704	0.01056	0.01452	0.01936	0.04181	0.72848	0.05017	0.02376	0.00968	0.00308	0.00440	0.02156	0.00704	0.00616
18	0.01659	0.01659	0.02323	0.01991	0.01991	0.02323	0.01659	0.01825	0.01162	0.01825	0.00996	0.01659	0.00996	0.01328	0.02489	0.00332	0.71955	0.00664	0.00332	0.00830
19	0.13805	0.01256	0.01565	0.01240	0.01769	0.01146	0.01017	0.03201	0.02013	0.52076	0.05948	0.02865	0.06714	0.01003	0.00737	0.00236	0.00606	0.00800	0.00851	0.01152
20	0.01432	0.01348	0.02275	0.71520	0.05224	0.01685	0.02107	0.01938	0.01517	0.01938	0.01348	0.02022	0.01011	0.00758	0.00758	0.00253	0.01011	0.00674	0.00337	0.00843
21	0.01432	0.01348	0.02275	0.71520	0.05224	0.01685	0.02107	0.01938	0.01517	0.01938	0.01348	0.02022	0.01011	0.00758	0.00758	0.00253	0.01011	0.00674	0.00337	0.00843
22	0.01015	0.00725	0.00984	0.01160	0.01244	0.00694	0.00862	0.01213	0.01542	0.02038	0.04130	0.53264	0.04818	0.02291	0.00992	0.00321	0.00519	0.20844	0.00702	0.00641
23	0.01084	0.00813	0.01219	0.01219	0.01354	0.00948	0.00948	0.01354	0.01219	0.01761	0.02032	0.02980	0.01896	0.05689	0.70337	0.01219	0.02032	0.00813	0.00406	0.00677
24	0.01917	0.50914	0.18292	0.01498	0.02228	0.02583	0.01613	0.05747	0.01694	0.02145	0.04322	0.01544	0.01279	0.00722	0.00573	0.00187	0.00860	0.00501	0.00371	0.01011
25	0.02028	0.73799	0.03975	0.01298	0.01947	0.03001	0.01298	0.02271	0.01541	0.01785	0.01055	0.01217	0.00973	0.00649	0.00487	0.00162	0.00811	0.00406	0.00324	0.00973
26	0.01817	0.01823	0.03043	0.12453	0.42338	0.05371	0.12646	0.02286	0.01735	0.02357	0.01583	0.02312	0.01355	0.00774	0.00791	0.00240	0.00989	0.04617	0.00393	0.01079
27	0.01877	0.01802	0.03079	0.04656	0.68612	0.01802	0.02328	0.02328	0.01727	0.02478	0.01427	0.01877	0.01201	0.00676	0.00751	0.00225	0.00901	0.00676	0.00375	0.01201
28	0.01097	0.00860	0.00995	0.00962	0.01179	0.00817	0.00714	0.01573	0.09318	0.02588	0.33538	0.10674	0.26853	0.04231	0.00992	0.00269	0.00414	0.01437	0.00761	0.00729
29	0.06331	0.03770	0.65157	0.02089	0.03170	0.01758	0.02679	0.02391	0.01582	0.02464	0.01342	0.01578	0.00952	0.00720	0.00705	0.00240	0.01088	0.00551	0.00330	0.01102
30	0.01591	0.13476	0.60467	0.02044	0.03100	0.01931	0.02597	0.02384	0.01593	0.02318	0.01319	0.01549	0.00963	0.00711	0.00689	0.00230	0.01079	0.00539	0.00321	0.01101
31	0.02975	0.01337	0.01926	0.01883	0.12575	0.01204	0.01318	0.03298	0.02064	0.52832	0.02828	0.02973	0.01979	0.00994	0.00785	0.00243	0.00691	0.06039	0.00828	0.01227
32	0.01466	0.01380	0.02291	0.57804	0.10770	0.01688	0.02037	0.01928	0.01511	0.01981	0.01459	0.05130	0.01206	0.00858	0.00875	0.00258	0.05396	0.00739	0.00357	0.00865
33	0.01593	0.03828	0.65862	0.02140	0.03234	0.01793	0.02730	0.05770	0.01705	0.02528	0.01386	0.01613	0.00978	0.00731	0.00723	0.00240	0.01106	0.00567	0.00343	0.01130
34	0.01840	0.01725	0.02868	0.18394	0.51817	0.01808	0.02233	0.05730	0.01784	0.02492	0.01432	0.01904	0.01167	0.00706	0.00753	0.00231	0.00920	0.00676	0.00388	0.01132
35	0.78701	0.01467	0.01115	0.00997	0.01467	0.01702	0.00821	0.02230	0.01291	0.03403	0.01056	0.01232	0.00821	0.00704	0.00469	0.00235	0.00587	0.00411	0.00469	0.00821

[dist]
# distance from previous block
# <min> <max>
0	1

[block]
# block no. 4 follows, 26 sequences, length 52
# corresponding to MSA columns:
# 179-230
name=unknown_E
#
# <colnr> <probs for GDERKNQSTAVLIFYWHMCP>
#	G	D	E	R	K	N	Q	S	T	A	V	L	I	F	Y	W	H	M	C	P
0	0.01552	0.03476	0.57093	0.02022	0.03011	0.01739	0.02489	0.02591	0.11144	0.02501	0.01841	0.01986	0.03593	0.00809	0.00734	0.00243	0.01019	0.00641	0.00400	0.01115
1	0.01067	0.00805	0.00976	0.00986	0.01155	0.00710	0.00675	0.01224	0.01465	0.01991	0.06245	0.37941	0.11447	0.15500	0.01441	0.00348	0.00507	0.01580	0.00621	0.13316
2	0.05236	0.03805	0.66126	0.02106	0.03195	0.01759	0.02707	0.02394	0.01586	0.02450	0.01347	0.01584	0.00954	0.00720	0.00709	0.00240	0.01095	0.00553	0.00327	0.01107
3	0.01093	0.00731	0.00830	0.00840	0.00842	0.00729	0.00473	0.01101	0.01122	0.01496	0.02486	0.08610	0.02879	0.69531	0.03705	0.00712	0.00719	0.01160	0.00473	0.00468
4	0.01733	0.01866	0.03653	0.10618	0.10057	0.01964	0.39376	0.02241	0.01625	0.02256	0.01393	0.01947	0.01109	0.00798	0.01194	0.00268	0.15755	0.00802	0.00367	0.00981
5	0.01676	0.01464	0.01897	0.01362	0.02041	0.01183	0.07198	0.05978	0.01719	0.02612	0.01396	0.01634	0.01137	0.00591	0.00606	0.00133	0.00648	0.00507	0.00462	0.65756
6	0.02028	0.73799	0.03975	0.01298	0.01947	0.03001	0.01298	0.02271	0.01541	0.01785	0.01055	0.01217	0.00973	0.00649	0.00487	0.00162	0.00811	0.00406	0.00324	0.00973
7	0.01521	0.00880	0.01140	0.01020	0.01290	0.00796	0.00787	0.01840	0.02054	0.16236	0.43806	0.05150	0.14279	0.01657	0.03872	0.00283	0.00492	0.01256	0.00819	0.00820
8	0.01877	0.01802	0.03079	0.04656	0.68612	0.01802	0.02328	0.02328	0.01727	0.02478	0.01427	0.01877	0.01201	0.00676	0.00751	0.00225	0.00901	0.00676	0.00375	0.01201
9	0.03360	0.01360	0.01803	0.01382	0.01971	0.01218	0.01142	0.08894	0.02287	0.63775	0.02895	0.02518	0.01829	0.00936	0.00762	0.00234	0.00661	0.00756	0.00924	0.01291
10	0.02408	0.01773	0.02057	0.04337	0.07815	0.01949	0.01404	0.26171	0.28759	0.11425	0.02418	0.02328	0.01754	0.00936	0.00764	0.00241	0.00730	0.00762	0.00738	0.01231
11	0.01103	0.00735	0.00827	0.00827	0.00827	0.00735	0.00460	0.01103	0.01103	0.01471	0.02390	0.04964	0.02758	0.73343	0.03861	0.00735	0.00735	0.01103	0.00460	0.00460
12	0.00973	0.00693	0.00927	0.01097	0.01158	0.00657	0.00770	0.01131	0.01482	0.01968	0.04097	0.61420	0.04848	0.04722	0.01077	0.00328	0.00487	0.10848	0.00695	0.00623
13	0.16695	0.01782	0.04936	0.45574	0.04027	0.10754	0.01801	0.02159	0.01560	0.02233	0.01269	0.01763	0.00967	0.00749	0.00691	0.00241	0.00980	0.00593	0.00369	0.00855
14	0.00965	0.00716	0.00908	0.01038	0.01150	0.00660	0.00748	0.01147	0.01576	0.02046	0.07247	0.47719	0.18401	0.02211	0.00961	0.00300	0.00461	0.10401	0.00708	0.00636
15	0.00922	0.00667	0.00873	0.01038	0.01095	0.00618	0.00696	0.01058	0.01470	0.01943	0.04400	0.68744	0.08979	0.02348	0.00964	0.00305	0.00437	0.02122	0.00704	0.00618
16	0.01573	0.01348	0.01573	0.01123	0.01798	0.01011	0.00899	0.01910	0.01573	0.02472	0.01348	0.01573	0.01123	0.00562	0.00562	0.00112	0.00562	0.00449	0.00449	0.77980
17	0.00924	0.00660	0.00880	0.01056	0.01100	0.00616	0.00704	0.01056	0.01452	0.01936	0.04181	0.72848	0.05017	0.02376	0.00968	0.00308	0.00440	0.02156	0.00704	0.00616
18	0.01432	0.01348	0.02275	0.71520	0.05224	0.01685	0.02107	0.01938	0.01517	0.01938	0.01348	0.02022	0.01011	0.00758	0.00758	0.00253	0.01011	0.00674	0.00337	0.00843
19	0.02670	0.01988	0.02138	0.01684	0.02239	0.02201	0.01373	0.56341	0.09253	0.04455	0.02085	0.06360	0.01617	0.01013	0.00773	0.00235	0.00789	0.00791	0.00757	0.01240
20	0.00923	0.00768	0.00795	0.00789	0.01026	0.00652	0.00585	0.01122	0.01742	0.02119	0.13275	0.07040	0.59541	0.05023	0.01026	0.00275	0.00397	0.01557	0.00706	0.00640
21	0.02883	0.02125	0.02276	0.01745	0.02352	0.02352	0.01442	0.66082	0.03566	0.04780	0.01821	0.01821	0.01290	0.00911	0.00759	0.00228	0.00835	0.00683	0.00759	0.01290
22	0.01432	0.01348	0.02275	0.71520	0.05224	0.01685	0.02107	0.01938	0.01517	0.01938	0.01348	0.02022	0.01011	0.00758	0.00758	0.00253	0.01011	0.00674	0.00337	0.00843
23	0.01615	0.00843	0.00996	0.00916	0.01115	0.00790	0.00648	0.01811	0.01589	0.15547	0.08461	0.06618	0.08321	0.26444	0.01818	0.00400	0.00552	0.01038	0.19750	0.00729
24	0.01318	0.00659	0.00988	0.00988	0.00988	0.00659	0.00659	0.00988	0.00988	0.01318	0.01318	0.02306	0.01318	0.02635	0.02964	0.77931	0.00659	0.00659	0.00329	0.00329
25	0.78701	0.01467	0.01115	0.00997	0.01467	0.01702	0.00821	0.02230	0.01291	0.03403	0.01056	0.01232	0.00821	0.00704	0.00469	0.00235	0.00587	0.00411	0.00469	0.00821
26	0.01913	0.01504	0.01733	0.01479	0.01778	0.01731	0.01156	0.23430	0.14005	0.03046	0.05198	0.05452	0.02152	0.14685	0.06380	0.00413	0.11484	0.00884	0.00620	0.00959
27	0.00957	0.00694	0.00900	0.01045	0.01122	0.00647	0.00725	0.01115	0.01513	0.01995	0.06695	0.56866	0.10782	0.04884	0.01071	0.00320	0.00463	0.06886	0.00699	0.00623
28	0.01780	0.01462	0.01594	0.01480	0.01856	0.01658	0.01178	0.05897	0.49337	0.03054	0.03173	0.03829	0.02627	0.01210	0.00808	0.00268	0.00614	0.12206	0.04883	0.01086
29	0.12937	0.04699	0.02149	0.01677	0.02220	0.17191	0.01360	0.41673	0.02887	0.03858	0.01552	0.01624	0.01149	0.00846	0.00695	0.00219	0.00918	0.00595	0.00625	0.01127
30	0.01096	0.00819	0.01108	0.01193	0.04780	0.00766	0.00831	0.01416	0.01968	0.02739	0.47315	0.16261	0.08987	0.01688	0.00910	0.00257	0.00426	0.05943	0.00774	0.00722
31	0.01540	0.06555	0.66948	0.02129	0.03233	0.01808	0.02746	0.02397	0.01599	0.02379	0.01350	0.01587	0.00961	0.00718	0.00712	0.00237	0.01109	0.00555	0.00320	0.01115
32	0.00930	0.00721	0.00856	0.00931	0.01080	0.00646	0.00659	0.01111	0.01618	0.02068	0.10808	0.37027	0.31968	0.02234	0.03412	0.00313	0.00467	0.01808	0.00704	0.00637
33	0.01573	0.01348	0.01573	0.01123	0.01798	0.01011	0.00899	0.01910	0.01573	0.02472	0.01348	0.01573	0.01123	0.00562	0.00562	0.00112	0.00562	0.00449	0.00449	0.77980
34	0.01077	0.00784	0.01022	0.01010	0.01187	0.00729	0.00779	0.01413	0.02033	0.02821	0.52477	0.09130	0.10494	0.01688	0.00920	0.00258	0.00412	0.10259	0.00802	0.00704
35	0.01471	0.00848	0.01263	0.01158	0.01245	0.00860	0.03862	0.06481	0.01242	0.01660	0.01370	0.02253	0.01307	0.02395	0.02681	0.67719	0.00703	0.00672	0.00368	0.00443
36	0.01024	0.00732	0.00991	0.01143	0.01238	0.00699	0.00853	0.01239	0.01604	0.02139	0.10386	0.47990	0.05040	0.02216	0.00984	0.00313	0.00506	0.19540	0.00715	0.00649
37	0.01432	0.01348	0.02275	0.71520	0.05224	0.01685	0.02107	0.01938	0.01517	0.01938	0.01348	0.02022	0.01011	0.00758	0.00758	0.00253	0.01011	0.00674	0.00337	0.00843
38	0.01685	0.01414	0.01633	0.01177	0.01845	0.01126	0.00945	0.07389	0.01743	0.02669	0.01389	0.01594	0.01138	0.00592	0.00579	0.00122	0.00585	0.00469	0.00476	0.71432
39	0.01290	0.01015	0.01425	0.04545	0.01624	0.01206	0.01068	0.05933	0.01417	0.02013	0.04442	0.02966	0.01983	0.09747	0.46945	0.00932	0.09456	0.00825	0.00440	0.00729
40	0.01629	0.00939	0.01209	0.01076	0.01359	0.00871	0.00829	0.02069	0.06198	0.17628	0.44885	0.07433	0.07949	0.01428	0.00861	0.00242	0.00441	0.01243	0.00844	0.00867
41	0.01186	0.00940	0.01371	0.01320	0.01436	0.01153	0.01043	0.01444	0.01224	0.01812	0.01887	0.02769	0.01758	0.04827	0.57116	0.01041	0.12845	0.00785	0.03342	0.00702
42	0.08091	0.01584	0.02577	0.32444	0.36385	0.01745	0.02109	0.02156	0.01602	0.02328	0.01363	0.01884	0.01090	0.00713	0.00731	0.00238	0.00921	0.00653	0.00367	0.01019
43	0.17068	0.01323	0.01643	0.01286	0.01851	0.01221	0.01062	0.03430	0.02011	0.57208	0.02641	0.02337	0.01686	0.00896	0.00710	0.00235	0.00635	0.00699	0.00854	0.01206
44	0.01318	0.00659	0.00988	0.00988	0.00988	0.00659	0.00659	0.00988	0.00988	0.01318	0.01318	0.02306	0.01318	0.02635	0.02964	0.77931	0.00659	0.00659	0.00329	0.00329
45	0.03383	0.01323	0.01780	0.01365	0.01952	0.01162	0.01127	0.06099	0.02225	0.66658	0.02947	0.02552	0.01855	0.00938	0.00763	0.00234	0.00653	0.00760	0.00932	0.01291
46	0.01432	0.01348	0.02275	0.71520	0.05224	0.01685	0.02107	0.01938	0.01517	0.01938	0.01348	0.02022	0.01011	0.00758	0.00758	0.00253	0.01011	0.00674	0.00337	0.00843
47	0.03403	0.01291	0.01760	0.01350	0.01936	0.01115	0.01115	0.03697	0.02171	0.69137	0.02992	0.02582	0.01878	0.00939	0.00763	0.00235	0.00645	0.00763	0.00939	0.01291
48	0.01103	0.00735	0.00827	0.00827	0.00827	0.00735	0.00460	0.01103	0.01103	0.01471	0.02390	0.04964	0.02758	0.73343	0.03861	0.00735	0.00735	0.01103	0.00460	0.00460
49	0.01651	0.01647	0.02321	0.04711	0.02118	0.02298	0.01677	0.01830	0.01176	0.01830	0.01009	0.01674	0.00996	0.01305	0.02422	0.00329	0.69180	0.00664	0.00332	0.00830
50	0.02883	0.02125	0.02276	0.01745	0.02352	0.02352	0.01442	0.66082	0.03566	0.04780	0.01821	0.01821	0.01290	0.00911	0.00759	0.00228	0.00835	0.00683	0.00759	0.01290
51	0.02835	0.03554	0.02155	0.01946	0.02345	0.67522	0.01465	0.05605	0.02207	0.01976	0.01199	0.01386	0.00990	0.00787	0.00687	0.00197	0.01346	0.00496	0.00406	0.00896

[dist]
# distance from previous block
# <min> <max>
0	49

[block]
# block no. 5 follows, 26 sequences, length 52
# corresponding to MSA columns:
# 280-331
name=unknown_F
#
# <colnr> <probs for GDERKNQSTAVLIFYWHMCP>
#	G	D	E	R	K	N	Q	S	T	A	V	L	I	F	Y	W	H	M	C	P
0	0.00924	0.00660	0.00880	0.01056	0.01100	0.00616	0.00704	0.01056	0.01452	0.01936	0.04181	0.72848	0.05017	0.02376	0.00968	0.00308	0.00440	0.02156	0.00704	0.00616
1	0.01545	0.07210	0.66335	0.02121	0.03220	0.01820	0.02732	0.02396	0.01599	0.02373	0.01347	0.01583	0.00961	0.00717	0.00710	0.00237	0.01106	0.00553	0.00320	0.01114
2	0.01521	0.03923	0.69413	0.02162	0.03283	0.01762	0.02802	0.02402	0.01601	0.02402	0.01361	0.01601	0.00961	0.00721	0.00721	0.00240	0.01121	0.00560	0.00320	0.01121
3	0.02438	0.01077	0.01451	0.01186	0.01603	0.00949	0.00949	0.02758	0.02161	0.41745	0.30021	0.03860	0.04066	0.01192	0.00817	0.00236	0.00526	0.01015	0.00896	0.01052
4	0.11459	0.01341	0.01801	0.01387	0.01968	0.01211	0.03726	0.03487	0.02061	0.59324	0.02724	0.02414	0.01734	0.00901	0.00737	0.00236	0.00665	0.00730	0.00866	0.01229
5	0.00924	0.00660	0.00880	0.01056	0.01100	0.00616	0.00704	0.01056	0.01452	0.01936	0.04181	0.72848	0.05017	0.02376	0.00968	0.00308	0.00440	0.02156	0.00704	0.00616
6	0.01573	0.01348	0.01573	0.01123	0.01798	0.01011	0.00899	0.01910	0.01573	0.02472	0.01348	0.01573	0.01123	0.00562	0.00562	0.00112	0.00562	0.00449	0.00449	0.77980
7	0.00924	0.00660	0.00880	0.01056	0.01100	0.00616	0.00704	0.01056	0.01452	0.01936	0.04181	0.72848	0.05017	0.02376	0.00968	0.00308	0.00440	0.02156	0.00704	0.00616
8	0.04815	0.26925	0.35589	0.02172	0.11820	0.02180	0.02154	0.02341	0.01586	0.02246	0.01255	0.01496	0.00993	0.00690	0.00637	0.00212	0.00965	0.00519	0.00335	0.01071
9	0.01567	0.03621	0.59233	0.02383	0.06015	0.01781	0.10052	0.02402	0.01628	0.02408	0.01384	0.01664	0.00993	0.00709	0.00742	0.00241	0.01130	0.00604	0.00330	0.01113
10	0.01084	0.00813	0.01219	0.01219	0.01354	0.00948	0.00948	0.01354	0.01219	0.01761	0.02032	0.02980	0.01896	0.05689	0.70337	0.01219	0.02032	0.00813	0.00406	0.00677
11	0.02962	0.01351	0.01731	0.01359	0.01914	0.01243	0.01108	0.06066	0.10743	0.50604	0.05664	0.02650	0.02090	0.00951	0.00756	0.00229	0.00629	0.00778	0.00873	0.06299
12	0.02767	0.02118	0.02207	0.01729	0.02308	0.04618	0.01415	0.56776	0.10859	0.04495	0.01945	0.01922	0.01397	0.00920	0.00758	0.00230	0.00826	0.00696	0.00748	0.01266
13	0.00944	0.00674	0.00903	0.01079	0.01131	0.00633	0.00738	0.01090	0.01472	0.01958	0.04170	0.68619	0.04974	0.02358	0.00973	0.00311	0.00457	0.06192	0.00704	0.00622
14	0.01530	0.01493	0.02662	0.54831	0.12118	0.01730	0.10750	0.02048	0.01577	0.02065	0.01382	0.02009	0.01051	0.00733	0.00776	0.00250	0.01035	0.00704	0.00348	0.00907
15	0.01775	0.35397	0.33922	0.01864	0.02739	0.02337	0.07809	0.02345	0.01591	0.02125	0.01238	0.01467	0.00984	0.00681	0.00630	0.00206	0.00995	0.00521	0.00328	0.01045
16	0.01103	0.00735	0.00827	0.00827	0.00827	0.00735	0.00460	0.01103	0.01103	0.01471	0.02390	0.04964	0.02758	0.73343	0.03861	0.00735	0.00735	0.01103	0.00460	0.00460
17	0.01272	0.00776	0.00896	0.00866	0.00909	0.00763	0.00508	0.01294	0.01182	0.06451	0.02434	0.04788	0.02693	0.68014	0.03633	0.00699	0.00729	0.01078	0.00495	0.00521
18	0.01274	0.00885	0.01109	0.01009	0.01238	0.00834	0.00769	0.05751	0.02211	0.05768	0.56740	0.05408	0.11057	0.01511	0.00880	0.00239	0.00403	0.01319	0.00825	0.00771
19	0.01432	0.01348	0.02275	0.71520	0.05224	0.01685	0.02107	0.01938	0.01517	0.01938	0.01348	0.02022	0.01011	0.00758	0.00758	0.00253	0.01011	0.00674	0.00337	0.00843
20	0.07207	0.01616	0.01975	0.17899	0.05483	0.01822	0.01468	0.15278	0.24937	0.11045	0.02227	0.02274	0.01619	0.00897	0.00744	0.00245	0.00758	0.00733	0.00652	0.01121
21	0.00924	0.00660	0.00880	0.01056	0.01100	0.00616	0.00704	0.01056	0.01452	0.01936	0.04181	0.72848	0.05017	0.02376	0.00968	0.00308	0.00440	0.02156	0.00704	0.00616
22	0.01833	0.01757	0.02999	0.11284	0.62328	0.01791	0.02306	0.02289	0.01706	0.02425	0.01419	0.01892	0.01183	0.00684	0.00752	0.00228	0.00912	0.00676	0.00372	0.01166
23	0.01595	0.11399	0.57754	0.02140	0.03185	0.01907	0.07043	0.02390	0.01608	0.02337	0.01340	0.01591	0.00975	0.00707	0.00707	0.00233	0.01098	0.00567	0.00325	0.01098
24	0.78701	0.01467	0.01115	0.00997	0.01467	0.01702	0.00821	0.02230	0.01291	0.03403	0.01056	0.01232	0.00821	0.00704	0.00469	0.00235	0.00587	0.00411	0.00469	0.00821
25	0.02260	0.01499	0.01612	0.01329	0.01759	0.01624	0.01067	0.29629	0.12886	0.08593	0.02332	0.02382	0.01720	0.00922	0.00683	0.00215	0.00619	0.00725	0.27068	0.01076
26	0.01432	0.01348	0.02275	0.71520	0.05224	0.01685	0.02107	0.01938	0.01517	0.01938	0.01348	0.02022	0.01011	0.00758	0.00758	0.00253	0.01011	0.00674	0.00337	0.00843
27	0.01618	0.01375	0.01597	0.01145	0.01817	0.01058	0.00918	0.04145	0.01642	0.02552	0.01365	0.01582	0.01129	0.00574	0.00569	0.00116	0.00571	0.00458	0.00460	0.75309
28	0.00903	0.00769	0.00777	0.00775	0.01028	0.00643	0.00581	0.01101	0.01744	0.02085	0.09866	0.07241	0.66099	0.01908	0.00896	0.00255	0.00383	0.01593	0.00709	0.00643
29	0.02128	0.65090	0.03748	0.01379	0.01996	0.11352	0.01319	0.02365	0.01617	0.01793	0.01069	0.01235	0.00974	0.00665	0.00511	0.00166	0.00880	0.00416	0.00333	0.00962
30	0.01881	0.01577	0.01817	0.01410	0.01927	0.05880	0.03862	0.10924	0.01892	0.05415	0.03838	0.01942	0.01449	0.00974	0.03644	0.00218	0.06929	0.00598	0.05491	0.38333
31	0.02148	0.63343	0.03703	0.01396	0.02006	0.13028	0.01323	0.02384	0.01632	0.01795	0.01072	0.01239	0.00974	0.00669	0.00516	0.00167	0.00894	0.00418	0.00334	0.00959
32	0.01600	0.01353	0.01575	0.01145	0.01794	0.01048	0.00912	0.04308	0.01644	0.02540	0.01466	0.04096	0.01267	0.00639	0.00584	0.00124	0.00568	0.00518	0.00470	0.72349
33	0.01577	0.01340	0.02235	0.05991	0.04974	0.01450	0.17986	0.04107	0.01601	0.02442	0.01824	0.02350	0.01484	0.01469	0.09646	0.00358	0.11448	0.00759	0.26106	0.00852
34	0.01618	0.00938	0.00962	0.00888	0.01133	0.00983	0.00684	0.09336	0.06650	0.03078	0.02444	0.02712	0.01896	0.00897	0.00574	0.00189	0.00427	0.00715	0.63065	0.00810
35	0.00924	0.00660	0.00880	0.01056	0.01100	0.00616	0.00704	0.01056	0.01452	0.01936	0.04181	0.72848	0.05017	0.02376	0.00968	0.00308	0.00440	0.02156	0.00704	0.00616
36	0.01244	0.00824	0.01041	0.00982	0.01210	0.00745	0.00758	0.01561	0.02033	0.08331	0.45494	0.05957	0.19152	0.01616	0.00895	0.00250	0.00413	0.05941	0.00807	0.00747
37	0.02883	0.02125	0.02276	0.01745	0.02352	0.02352	0.01442	0.66082	0.03566	0.04780	0.01821	0.01821	0.01290	0.00911	0.00759	0.00228	0.00835	0.00683	0.00759	0.01290
38	0.01573	0.01348	0.01573	0.01123	0.01798	0.01011	0.00899	0.01910	0.01573	0.02472	0.01348	0.01573	0.01123	0.00562	0.00562	0.00112	0.00562	0.00449	0.00449	0.77980
39	0.01074	0.00775	0.01014	0.00954	0.01133	0.00716	0.00716	0.01431	0.02147	0.03042	0.68211	0.05666	0.07157	0.01551	0.00895	0.00239	0.00358	0.01372	0.00835	0.00716
40	0.02028	0.73799	0.03975	0.01298	0.01947	0.03001	0.01298	0.02271	0.01541	0.01785	0.01055	0.01217	0.00973	0.00649	0.00487	0.00162	0.00811	0.00406	0.00324	0.00973
41	0.78701	0.01467	0.01115	0.00997	0.01467	0.01702	0.00821	0.02230	0.01291	0.03403	0.01056	0.01232	0.00821	0.00704	0.00469	0.00235	0.00587	0.00411	0.00469	0.00821
42	0.01735	0.01498	0.01571	0.01425	0.01828	0.01696	0.01105	0.03581	0.57240	0.03001	0.03789	0.03512	0.12389	0.01165	0.00791	0.00257	0.00567	0.00971	0.00762	0.01115
43	0.01026	0.00773	0.00949	0.00905	0.01104	0.00696	0.00679	0.01340	0.02036	0.02778	0.52103	0.06101	0.23431	0.01649	0.00895	0.00243	0.00365	0.01433	0.00800	0.00696
44	0.00934	0.00668	0.00889	0.01049	0.01102	0.00623	0.00705	0.01081	0.01498	0.02009	0.08393	0.68428	0.05158	0.02322	0.00963	0.00303	0.00435	0.02105	0.00713	0.00623
45	0.01489	0.01459	0.02624	0.60684	0.05024	0.01722	0.12218	0.02016	0.01560	0.02016	0.01378	0.02026	0.01033	0.00739	0.00780	0.00253	0.01054	0.00709	0.00344	0.00871
46	0.01127	0.00737	0.00838	0.00831	0.00867	0.00731	0.00495	0.01199	0.01264	0.01768	0.09864	0.04856	0.03185	0.58840	0.03232	0.00630	0.00659	0.01099	0.07268	0.00510
47	0.78701	0.01467	0.01115	0.00997	0.01467	0.01702	0.00821	0.02230	0.01291	0.03403	0.01056	0.01232	0.00821	0.00704	0.00469	0.00235	0.00587	0.00411	0.00469	0.00821
48	0.01539	0.03816	0.66064	0.02288	0.06582	0.01764	0.02779	0.02398	0.01608	0.02406	0.01365	0.01615	0.00973	0.00718	0.00722	0.00239	0.01110	0.00566	0.00323	0.01125
49	0.00923	0.00664	0.00876	0.01045	0.01097	0.00617	0.00699	0.01057	0.01463	0.01941	0.04313	0.70366	0.07413	0.02359	0.00965	0.00306	0.00438	0.02135	0.00704	0.00617
50	0.01874	0.01841	0.02938	0.12339	0.57852	0.05247	0.02258	0.02318	0.01724	0.02383	0.01405	0.01869	0.01168	0.00691	0.00748	0.00227	0.00938	0.00666	0.00372	0.01143
51	0.47017	0.02137	0.19307	0.01598	0.06327	0.01727	0.01489	0.02324	0.01431	0.05689	0.01237	0.01445	0.00933	0.00743	0.00653	0.00240	0.03831	0.00493	0.00437	0.00944

[dist]
# distance from previous block
# <min> <max>
0	1

[block]
# block no. 6 follows, 26 sequences, length 22
# corresponding to MSA columns:
# 333-354
name=unknown_G
#
# <colnr> <probs for GDERKNQSTAVLIFYWHMCP>
#	G	D	E	R	K	N	Q	S	T	A	V	L	I	F	Y	W	H	M	C	P
0	0.63950	0.01444	0.01336	0.14461	0.02184	0.01698	0.01067	0.02174	0.01334	0.03123	0.01112	0.01383	0.00858	0.00714	0.00525	0.00238	0.00668	0.00461	0.00444	0.00825
1	0.17567	0.01329	0.01603	0.01281	0.01817	0.01270	0.01049	0.03350	0.06985	0.48845	0.05286	0.02469	0.01925	0.00926	0.00713	0.00237	0.00619	0.00728	0.00832	0.01171
2	0.01279	0.00953	0.01383	0.01679	0.07374	0.00953	0.01318	0.01637	0.01744	0.02288	0.03792	0.07978	0.04091	0.01972	0.01022	0.00338	0.00716	0.58068	0.00670	0.00742
3	0.00896	0.00768	0.00768	0.00768	0.01025	0.00640	0.00576	0.01089	0.01729	0.02049	0.07684	0.07300	0.68304	0.01921	0.00896	0.00256	0.00384	0.01601	0.00704	0.00640
4	0.01580	0.11980	0.61869	0.02062	0.03129	0.01904	0.02629	0.02387	0.01594	0.02331	0.01326	0.01557	0.00962	0.00712	0.00694	0.00231	0.01085	0.00543	0.00321	0.01104
5	0.01790	0.02046	0.04476	0.03197	0.03964	0.01918	0.65857	0.02430	0.01790	0.02430	0.01535	0.02046	0.01151	0.00639	0.00895	0.00256	0.01279	0.00895	0.00384	0.01023
6	0.01074	0.00775	0.01014	0.00954	0.01133	0.00716	0.00716	0.01431	0.02147	0.03042	0.68211	0.05666	0.07157	0.01551	0.00895	0.00239	0.00358	0.01372	0.00835	0.00716
7	0.01877	0.01802	0.03079	0.04656	0.68612	0.01802	0.02328	0.02328	0.01727	0.02478	0.01427	0.01877	0.01201	0.00676	0.00751	0.00225	0.00901	0.00676	0.00375	0.01201
8	0.78701	0.01467	0.01115	0.00997	0.01467	0.01702	0.00821	0.02230	0.01291	0.03403	0.01056	0.01232	0.00821	0.00704	0.00469	0.00235	0.00587	0.00411	0.00469	0.00821
9	0.01233	0.00906	0.01103	0.01047	0.01067	0.01031	0.00706	0.01305	0.01177	0.01693	0.02207	0.06972	0.02435	0.49403	0.03146	0.00585	0.14281	0.01024	0.08117	0.00561
10	0.02815	0.02091	0.02238	0.01731	0.02326	0.02320	0.01425	0.61838	0.07922	0.04670	0.01908	0.01890	0.01360	0.00919	0.00760	0.00230	0.00819	0.00695	0.00760	0.01284
11	0.01084	0.00813	0.01219	0.01219	0.01354	0.00948	0.00948	0.01354	0.01219	0.01761	0.02032	0.02980	0.01896	0.05689	0.70337	0.01219	0.02032	0.00813	0.00406	0.00677
12	0.02819	0.02086	0.02242	0.01714	0.02325	0.02286	0.01415	0.62906	0.03468	0.04666	0.01798	0.01809	0.01282	0.00893	0.00749	0.00222	0.00821	0.00671	0.00743	0.05086
13	0.01367	0.00842	0.01100	0.00998	0.01233	0.00764	0.00762	0.01710	0.02133	0.11544	0.57330	0.05333	0.08952	0.01487	0.00878	0.00239	0.00396	0.01302	0.00843	0.00787
14	0.02258	0.01633	0.01823	0.01431	0.01924	0.01693	0.01139	0.36460	0.02579	0.06584	0.01886	0.02368	0.01551	0.12159	0.06198	0.00354	0.00845	0.00715	0.00637	0.15761
15	0.02979	0.01867	0.02105	0.01625	0.02217	0.01984	0.01339	0.45600	0.06336	0.22654	0.02211	0.02083	0.01505	0.00924	0.00761	0.00231	0.00770	0.00714	0.00810	0.01286
16	0.00924	0.00660	0.00880	0.01056	0.01100	0.00616	0.00704	0.01056	0.01452	0.01936	0.04181	0.72848	0.05017	0.02376	0.00968	0.00308	0.00440	0.02156	0.00704	0.00616
17	0.00924	0.00660	0.00880	0.01056	0.01100	0.00616	0.00704	0.01056	0.01452	0.01936	0.04181	0.72848	0.05017	0.02376	0.00968	0.00308	0.00440	0.02156	0.00704	0.00616
18	0.78701	0.01467	0.01115	0.00997	0.01467	0.01702	0.00821	0.02230	0.01291	0.03403	0.01056	0.01232	0.00821	0.00704	0.00469	0.00235	0.00587	0.00411	0.00469	0.00821
19	0.02965	0.01616	0.01778	0.01452	0.01966	0.09249	0.01162	0.06348	0.11910	0.45288	0.02803	0.05931	0.01968	0.01004	0.00765	0.00237	0.00720	0.00811	0.00831	0.01196
20	0.06213	0.02478	0.02163	0.07055	0.02513	0.23245	0.01462	0.36558	0.05171	0.03540	0.01595	0.01706	0.01188	0.00854	0.00723	0.00221	0.00993	0.00616	0.00600	0.01104
21	0.02772	0.02059	0.02217	0.01692	0.02305	0.02238	0.01396	0.60628	0.03397	0.04584	0.01781	0.01800	0.01276	0.00881	0.00742	0.00218	0.00811	0.00663	0.00732	0.07808

[dist]
# distance from previous block
# <min> <max>
0	1

[block]
# block no. 7 follows, 26 sequences, length 7
# corresponding to MSA columns:
# 356-362
name=unknown_H
#
# <colnr> <probs for GDERKNQSTAVLIFYWHMCP>
#	G	D	E	R	K	N	Q	S	T	A	V	L	I	F	Y	W	H	M	C	P
0	0.01143	0.00823	0.01036	0.01133	0.01240	0.00810	0.00786	0.08311	0.01688	0.02254	0.03917	0.64924	0.04601	0.02213	0.00945	0.00299	0.00484	0.01992	0.00710	0.00691
1	0.01716	0.01433	0.01650	0.01192	0.01858	0.01158	0.00958	0.08934	0.01791	0.02724	0.01400	0.01600	0.01142	0.00600	0.00583	0.00125	0.00592	0.00475	0.00483	0.69586
2	0.01264	0.00947	0.01229	0.01348	0.01547	0.00971	0.01130	0.01825	0.10623	0.02345	0.04087	0.14860	0.07277	0.01973	0.00994	0.00328	0.00641	0.45147	0.00709	0.00755
3	0.01477	0.01224	0.05412	0.01172	0.01503	0.03565	0.00978	0.01956	0.08509	0.10512	0.13765	0.12760	0.24676	0.01608	0.00871	0.00263	0.00556	0.07643	0.00722	0.00830
4	0.02449	0.16393	0.04362	0.01303	0.01862	0.01513	0.01138	0.05986	0.01993	0.31649	0.09888	0.05369	0.02284	0.00957	0.00705	0.00209	0.00654	0.00770	0.00704	0.09812
5	0.07342	0.06495	0.22373	0.01757	0.06728	0.01514	0.03704	0.06604	0.01899	0.06039	0.19396	0.02737	0.02718	0.00944	0.00735	0.00223	0.00763	0.00787	0.00546	0.06694
6	0.34675	0.13294	0.09605	0.01839	0.12626	0.06683	0.01410	0.02304	0.01516	0.02711	0.01179	0.01409	0.00955	0.00688	0.00567	0.00211	0.00785	0.00478	0.00408	0.06657

[dist]
# distance from previous block
# <min> <max>
6	12

[block]
# block no. 8 follows, 26 sequences, length 25
# corresponding to MSA columns:
# 375-399
name=unknown_I
#
# <colnr> <probs for GDERKNQSTAVLIFYWHMCP>
#	G	D	E	R	K	N	Q	S	T	A	V	L	I	F	Y	W	H	M	C	P
0	0.10417	0.06863	0.14105	0.01846	0.02470	0.17572	0.08333	0.16693	0.04951	0.02892	0.01837	0.01972	0.05097	0.00847	0.00711	0.00225	0.00989	0.00656	0.00499	0.01027
1	0.02470	0.01751	0.02027	0.01629	0.02140	0.05082	0.05330	0.24196	0.18101	0.16847	0.09963	0.02650	0.02305	0.00995	0.00783	0.00238	0.00740	0.00824	0.00765	0.01166
2	0.01771	0.01558	0.06061	0.01550	0.01955	0.01515	0.04497	0.14991	0.11543	0.05212	0.11924	0.09791	0.04965	0.01297	0.00978	0.00259	0.06901	0.07418	0.00664	0.05150
3	0.24268	0.11393	0.05044	0.07148	0.10822	0.06240	0.01419	0.02619	0.09041	0.09434	0.01573	0.01739	0.01208	0.00794	0.00717	0.00230	0.04242	0.00575	0.00492	0.01001
4	0.01808	0.34491	0.30543	0.01881	0.06724	0.02304	0.01971	0.05008	0.01651	0.02208	0.01277	0.01516	0.01035	0.00902	0.03528	0.00245	0.00996	0.00515	0.00348	0.01049
5	0.02081	0.01860	0.05561	0.03260	0.36082	0.04998	0.07343	0.07227	0.03714	0.10768	0.03618	0.06573	0.01695	0.00870	0.00779	0.00235	0.00878	0.00809	0.00516	0.01135
6	0.13373	0.02068	0.01950	0.04598	0.02234	0.11139	0.01311	0.35965	0.09024	0.03754	0.02077	0.02109	0.05255	0.00929	0.00717	0.00230	0.00829	0.00689	0.00648	0.01102
7	0.01883	0.12183	0.07936	0.08302	0.32229	0.02034	0.13292	0.06350	0.01786	0.02451	0.01393	0.01794	0.01128	0.00711	0.00796	0.00228	0.03349	0.00668	0.00386	0.01099
8	0.01887	0.01850	0.02977	0.09509	0.60897	0.04893	0.02272	0.02331	0.01731	0.02410	0.01409	0.01865	0.01177	0.00687	0.00748	0.00226	0.00930	0.00667	0.00373	0.01160
9	0.02883	0.02125	0.02276	0.01745	0.02352	0.02352	0.01442	0.66082	0.03566	0.04780	0.01821	0.01821	0.01290	0.00911	0.00759	0.00228	0.00835	0.00683	0.00759	0.01290
10	0.01318	0.00659	0.00988	0.00988	0.00988	0.00659	0.00659	0.00988	0.00988	0.01318	0.01318	0.02306	0.01318	0.02635	0.02964	0.77931	0.00659	0.00659	0.00329	0.00329
11	0.01238	0.00659	0.00966	0.01002	0.01011	0.00650	0.00668	0.01002	0.01081	0.01442	0.01893	0.16491	0.02061	0.02583	0.02563	0.62322	0.00615	0.00960	0.00405	0.00387
12	0.01680	0.01512	0.02391	0.53053	0.14005	0.01786	0.02054	0.10104	0.01806	0.02375	0.01419	0.01976	0.01074	0.00766	0.00757	0.00246	0.00973	0.00675	0.00396	0.00951
13	0.01006	0.00771	0.00910	0.00876	0.01076	0.00687	0.00649	0.01283	0.01934	0.02581	0.41563	0.06265	0.30629	0.05187	0.01040	0.00270	0.00386	0.01447	0.00766	0.00674
14	0.02883	0.02125	0.02276	0.01745	0.02352	0.02352	0.01442	0.66082	0.03566	0.04780	0.01821	0.01821	0.01290	0.00911	0.00759	0.00228	0.00835	0.00683	0.00759	0.01290
15	0.00937	0.00666	0.00876	0.01040	0.01080	0.00625	0.00686	0.01060	0.01427	0.01903	0.04051	0.67948	0.04854	0.07499	0.01177	0.00339	0.00461	0.02080	0.00686	0.00605
16	0.03355	0.01368	0.01808	0.01386	0.01975	0.01229	0.01145	0.09467	0.02300	0.63184	0.02884	0.02511	0.01823	0.00936	0.00762	0.00234	0.00663	0.00755	0.00922	0.01291
17	0.02749	0.02027	0.02198	0.01706	0.02278	0.02248	0.01405	0.61266	0.03392	0.04556	0.01837	0.01907	0.01335	0.01266	0.05936	0.00301	0.00924	0.00693	0.00733	0.01244
18	0.01573	0.01348	0.01573	0.01123	0.01798	0.01011	0.00899	0.01910	0.01573	0.02472	0.01348	0.01573	0.01123	0.00562	0.00562	0.00112	0.00562	0.00449	0.00449	0.77980
19	0.01853	0.01778	0.03035	0.08283	0.65172	0.01796	0.02316	0.02307	0.01716	0.02449	0.01422	0.01885	0.01191	0.00680	0.00751	0.00227	0.00907	0.00676	0.00373	0.01182
20	0.01013	0.00742	0.00951	0.00964	0.01113	0.00680	0.00698	0.01291	0.01909	0.02630	0.44040	0.24679	0.12830	0.01820	0.00915	0.00260	0.00384	0.01615	0.00785	0.00680
21	0.01395	0.01211	0.02063	0.49131	0.04057	0.01429	0.05525	0.01725	0.01430	0.01852	0.01564	0.07346	0.01374	0.01220	0.01191	0.14666	0.00919	0.00795	0.00366	0.00741
22	0.01904	0.43666	0.27319	0.01655	0.02455	0.07414	0.01850	0.02373	0.01607	0.02011	0.01173	0.01366	0.00969	0.00684	0.00585	0.00193	0.00962	0.00467	0.00328	0.01020
23	0.01828	0.05047	0.06109	0.01385	0.02009	0.05749	0.01177	0.06846	0.16436	0.02711	0.01746	0.01844	0.01375	0.00718	0.00636	0.00168	0.00686	0.00564	0.00525	0.42441
24	0.01710	0.01253	0.04241	0.01263	0.03434	0.03363	0.00997	0.04715	0.04016	0.15104	0.23173	0.04281	0.16455	0.01616	0.05834	0.00302	0.00660	0.01075	0.00718	0.05792

[dist]
# distance from previous block
# <min> <max>
1	4

[block]
# block no. 9 follows, 26 sequences, length 11
# corresponding to MSA columns:
# 404-414
name=unknown_J
#
# <colnr> <probs for GDERKNQSTAVLIFYWHMCP>
#	G	D	E	R	K	N	Q	S	T	A	V	L	I	F	Y	W	H	M	C	P
0	0.01793	0.01295	0.01751	0.32069	0.03126	0.01481	0.01428	0.14764	0.01975	0.05391	0.01869	0.02263	0.01401	0.00836	0.00685	0.00223	0.00750	0.00690	0.25306	0.00906
1	0.01743	0.28498	0.02473	0.01189	0.01853	0.01757	0.01048	0.02045	0.01561	0.02214	0.01238	0.01439	0.01067	0.00594	0.00534	0.00131	0.00655	0.00433	0.00403	0.49123
2	0.01898	0.01438	0.01774	0.01795	0.08381	0.01523	0.01344	0.25850	0.04466	0.03274	0.06120	0.08094	0.04927	0.01461	0.00886	0.00279	0.00728	0.24083	0.00699	0.00980
3	0.02221	0.01889	0.02718	0.08536	0.39070	0.02000	0.01979	0.26190	0.02401	0.03301	0.01569	0.01867	0.01220	0.00770	0.00754	0.00228	0.00884	0.00678	0.00516	0.01208
4	0.49623	0.01193	0.01007	0.00934	0.01227	0.01340	0.00686	0.01807	0.01220	0.02679	0.01556	0.02630	0.01547	0.27924	0.01740	0.00422	0.00642	0.00670	0.00466	0.00686
5	0.01658	0.01209	0.01403	0.01314	0.01569	0.01267	0.00980	0.25423	0.02244	0.03002	0.03296	0.46232	0.03620	0.01827	0.00890	0.00278	0.00588	0.01604	0.00725	0.00869
