[name]
unknown

[dist]
# distance from previous block
# <min> <max>
18	129

[block]
# block no. 0 follows, 31 sequences, length 18
# corresponding to MSA columns:
# 185-202
name=unknown_A
#
# <colnr> <probs for GDERKNQSTAVLIFYWHMCP>
#	G	D	E	R	K	N	Q	S	T	A	V	L	I	F	Y	W	H	M	C	P
0	0.01886	0.08095	0.22606	0.01583	0.02226	0.08010	0.04509	0.17697	0.01949	0.06673	0.03888	0.01882	0.01330	0.00754	0.00643	0.00194	0.00819	0.02847	0.02615	0.09794
1	0.01784	0.24046	0.04134	0.01322	0.01787	0.07168	0.01134	0.08195	0.23185	0.02317	0.01756	0.04306	0.01465	0.02829	0.00719	0.00201	0.02940	0.00607	0.00484	0.09622
2	0.04318	0.09357	0.10904	0.21702	0.05288	0.01628	0.03235	0.14650	0.03511	0.02421	0.03373	0.07653	0.01455	0.02283	0.00711	0.00217	0.00771	0.00692	0.00436	0.05395
3	0.07843	0.07140	0.04452	0.01336	0.01762	0.03117	0.05654	0.16925	0.03228	0.04373	0.01796	0.04056	0.03760	0.01885	0.18919	0.00419	0.00985	0.00660	0.02236	0.09454
4	0.01841	0.01357	0.01707	0.01349	0.01763	0.01406	0.08151	0.26387	0.04470	0.04891	0.03555	0.03709	0.02973	0.00942	0.02535	0.00215	0.02544	0.00690	0.20528	0.08986
5	0.00834	0.00595	0.00794	0.00953	0.00992	0.00556	0.00635	0.00953	0.01310	0.01746	0.03771	0.75510	0.04525	0.02143	0.00873	0.00278	0.00397	0.01945	0.00635	0.00556
6	0.00997	0.00718	0.00957	0.00965	0.01121	0.00678	0.00760	0.01310	0.01822	0.02531	0.51788	0.08353	0.05750	0.01550	0.00844	0.00243	0.00403	0.17853	0.00718	0.00638
7	0.01151	0.00933	0.01384	0.01702	0.18827	0.00892	0.01012	0.01495	0.01841	0.02615	0.53681	0.04249	0.05102	0.01200	0.00774	0.00212	0.00446	0.01079	0.00649	0.00756
8	0.00923	0.00698	0.00852	0.00813	0.00994	0.00626	0.00610	0.01203	0.01830	0.02490	0.53090	0.05528	0.24852	0.01493	0.00807	0.00220	0.00329	0.01296	0.00720	0.00626
9	0.02291	0.02325	0.19780	0.01669	0.02333	0.01987	0.01610	0.52466	0.02770	0.03771	0.01538	0.01593	0.01089	0.00778	0.00676	0.00208	0.00818	0.00588	0.00585	0.01125
10	0.01044	0.00646	0.00783	0.00783	0.00783	0.00646	0.00460	0.00969	0.00969	0.01292	0.01912	0.03873	0.02160	0.57418	0.03278	0.20676	0.00646	0.00894	0.00385	0.00385
11	0.00941	0.00698	0.01022	0.01062	0.01164	0.00780	0.00800	0.01154	0.01152	0.01628	0.02321	0.21035	0.02419	0.04378	0.55011	0.00892	0.01471	0.01038	0.00434	0.00597
12	0.01517	0.01387	0.02306	0.08213	0.49442	0.01407	0.01835	0.01904	0.01549	0.02155	0.01870	0.03220	0.01791	0.00937	0.00745	0.00233	0.00773	0.17358	0.00410	0.00947
13	0.00995	0.00663	0.00746	0.00746	0.00746	0.00663	0.00415	0.00995	0.00995	0.01327	0.02156	0.04477	0.02487	0.75957	0.03482	0.00663	0.00663	0.00995	0.00415	0.00415
14	0.02703	0.01336	0.02205	0.01637	0.02207	0.01188	0.18188	0.03046	0.01872	0.54533	0.02368	0.02207	0.01528	0.00779	0.00718	0.00216	0.00726	0.00718	0.00721	0.01103
15	0.21700	0.47941	0.07560	0.01193	0.01740	0.04193	0.01171	0.02052	0.01340	0.02019	0.00971	0.01142	0.00843	0.00627	0.00516	0.00174	0.03258	0.00387	0.00327	0.00846
16	0.00948	0.00671	0.00733	0.00733	0.00791	0.00642	0.00441	0.00992	0.01137	0.01458	0.03359	0.05008	0.19853	0.57256	0.02809	0.00554	0.00583	0.01108	0.00470	0.00456
17	0.01428	0.01284	0.01602	0.01262	0.01654	0.01286	0.01022	0.01740	0.03928	0.02056	0.01288	0.04635	0.01169	0.00802	0.01056	0.00174	0.22992	0.00543	0.00394	0.49686

[dist]
# distance from previous block
# <min> <max>
0	8

[block]
# block no. 1 follows, 31 sequences, length 64
# corresponding to MSA columns:
# 211-274
name=unknown_B
#
# <colnr> <probs for GDERKNQSTAVLIFYWHMCP>
#	G	D	E	R	K	N	Q	S	T	A	V	L	I	F	Y	W	H	M	C	P
0	0.00830	0.00608	0.00781	0.00920	0.00984	0.00558	0.00621	0.00956	0.01341	0.01759	0.04170	0.66801	0.12976	0.02091	0.00865	0.00272	0.00391	0.01882	0.00635	0.00558
1	0.01772	0.01651	0.02714	0.03972	0.65665	0.01668	0.02030	0.07927	0.01701	0.02415	0.01318	0.01689	0.01091	0.00628	0.00678	0.00203	0.00808	0.00610	0.00369	0.01091
2	0.01624	0.16110	0.17204	0.04433	0.09592	0.01828	0.22494	0.02241	0.07468	0.03903	0.01460	0.03641	0.01171	0.00699	0.00723	0.00212	0.03223	0.00655	0.00372	0.00948
3	0.01027	0.00645	0.00863	0.00976	0.01058	0.00595	0.00667	0.01159	0.01366	0.07843	0.03678	0.69174	0.04280	0.02031	0.00857	0.00272	0.00413	0.01836	0.00653	0.00608
4	0.01390	0.00748	0.00760	0.00719	0.00912	0.00766	0.00549	0.07466	0.01589	0.02703	0.02181	0.02472	0.01702	0.00799	0.00496	0.00163	0.00356	0.00636	0.72908	0.00683
5	0.01513	0.03141	0.52107	0.04801	0.03057	0.07811	0.13681	0.02204	0.01513	0.02113	0.01239	0.01508	0.00899	0.00644	0.00675	0.00216	0.01051	0.00555	0.00305	0.00968
6	0.01665	0.09078	0.27983	0.12859	0.10231	0.04048	0.13912	0.02212	0.01531	0.08110	0.01357	0.01635	0.00999	0.00651	0.00669	0.00211	0.00946	0.00586	0.00357	0.00960
7	0.00845	0.00604	0.00804	0.00945	0.00995	0.00563	0.00636	0.00982	0.01364	0.01833	0.09620	0.69415	0.04692	0.02079	0.00867	0.00272	0.00390	0.01884	0.00645	0.00563
8	0.01318	0.07656	0.02034	0.58708	0.03988	0.01525	0.01680	0.01732	0.01358	0.01779	0.01297	0.01861	0.01013	0.00954	0.05066	0.00269	0.00914	0.00597	0.05500	0.00753
9	0.01031	0.07251	0.01130	0.00875	0.01079	0.00819	0.00682	0.01334	0.01862	0.02581	0.60611	0.04869	0.10636	0.01352	0.00775	0.00210	0.00360	0.01177	0.00705	0.00661
10	0.02420	0.01816	0.01996	0.01563	0.02039	0.02044	0.01285	0.60241	0.02937	0.03957	0.01681	0.05190	0.01302	0.00918	0.00829	0.00217	0.07139	0.00679	0.00649	0.01098
11	0.80789	0.01323	0.01006	0.00900	0.01323	0.01535	0.00741	0.02011	0.01164	0.03070	0.00953	0.01111	0.00741	0.00635	0.00423	0.00212	0.00529	0.00370	0.00423	0.00741
12	0.80789	0.01323	0.01006	0.00900	0.01323	0.01535	0.00741	0.02011	0.01164	0.03070	0.00953	0.01111	0.00741	0.00635	0.00423	0.00212	0.00529	0.00370	0.00423	0.00741
13	0.00809	0.00693	0.00693	0.00693	0.00924	0.00578	0.00520	0.00982	0.01559	0.01848	0.06931	0.06584	0.71411	0.01733	0.00809	0.00231	0.00347	0.01444	0.00635	0.00578
14	0.00809	0.00693	0.00693	0.00693	0.00924	0.00578	0.00520	0.00982	0.01559	0.01848	0.06931	0.06584	0.71411	0.01733	0.00809	0.00231	0.00347	0.01444	0.00635	0.00578
15	0.00834	0.00595	0.00794	0.00953	0.00992	0.00556	0.00635	0.00953	0.01310	0.01746	0.03771	0.75510	0.04525	0.02143	0.00873	0.00278	0.00397	0.01945	0.00635	0.00556
16	0.03070	0.01164	0.01588	0.01217	0.01746	0.01006	0.01006	0.03334	0.01958	0.72163	0.02699	0.02329	0.01694	0.00847	0.00688	0.00212	0.00582	0.00688	0.00847	0.01164
17	0.01464	0.01243	0.01443	0.01035	0.01641	0.00958	0.00829	0.04324	0.01488	0.02309	0.01232	0.01427	0.01019	0.00519	0.00513	0.00105	0.00516	0.00413	0.00416	0.77104
18	0.01372	0.03539	0.72412	0.01950	0.02961	0.01589	0.02528	0.02167	0.01444	0.02167	0.01228	0.01444	0.00867	0.00650	0.00650	0.00217	0.01011	0.00506	0.00289	0.01011
19	0.80789	0.01323	0.01006	0.00900	0.01323	0.01535	0.00741	0.02011	0.01164	0.03070	0.00953	0.01111	0.00741	0.00635	0.00423	0.00212	0.00529	0.00370	0.00423	0.00741
20	0.00809	0.00693	0.00693	0.00693	0.00924	0.00578	0.00520	0.00982	0.01559	0.01848	0.06931	0.06584	0.71411	0.01733	0.00809	0.00231	0.00347	0.01444	0.00635	0.00578
21	0.02556	0.03261	0.01939	0.01763	0.02115	0.73210	0.01322	0.02732	0.01939	0.01674	0.01058	0.01234	0.00881	0.00705	0.00617	0.00176	0.01234	0.00441	0.00353	0.00793
22	0.80789	0.01323	0.01006	0.00900	0.01323	0.01535	0.00741	0.02011	0.01164	0.03070	0.00953	0.01111	0.00741	0.00635	0.00423	0.00212	0.00529	0.00370	0.00423	0.00741
23	0.02601	0.01916	0.02053	0.01574	0.02122	0.02122	0.01300	0.69408	0.03217	0.04312	0.01643	0.01643	0.01163	0.00821	0.00684	0.00205	0.00753	0.00616	0.00684	0.01163
24	0.00817	0.00685	0.00710	0.00722	0.00934	0.00578	0.00535	0.00991	0.01552	0.01874	0.09121	0.12496	0.63134	0.01755	0.00814	0.00234	0.00350	0.01479	0.00640	0.00578
25	0.01275	0.00638	0.00638	0.00638	0.00797	0.00638	0.00478	0.01594	0.01435	0.02551	0.02232	0.02551	0.01754	0.00797	0.00478	0.00159	0.00319	0.00638	0.79755	0.00638
26	0.80789	0.01323	0.01006	0.00900	0.01323	0.01535	0.00741	0.02011	0.01164	0.03070	0.00953	0.01111	0.00741	0.00635	0.00423	0.00212	0.00529	0.00370	0.00423	0.00741
27	0.01691	0.01396	0.01508	0.03262	0.01778	0.01569	0.01063	0.14237	0.44658	0.02895	0.03070	0.05894	0.09623	0.01072	0.00722	0.00232	0.00563	0.03099	0.00672	0.00997
28	0.01316	0.01255	0.02157	0.67802	0.04554	0.01516	0.06039	0.01775	0.01385	0.01789	0.01226	0.01814	0.00923	0.00672	0.00687	0.00225	0.00915	0.00615	0.00309	0.03028
29	0.01475	0.18137	0.56231	0.01868	0.05012	0.01815	0.02240	0.02141	0.01437	0.02057	0.01174	0.01383	0.00876	0.00636	0.00608	0.00202	0.00948	0.00481	0.00291	0.00987
30	0.02522	0.01853	0.01983	0.01533	0.02060	0.02052	0.01262	0.64750	0.05257	0.04199	0.01701	0.01706	0.01215	0.00824	0.00677	0.00204	0.00730	0.00622	0.03710	0.01141
31	0.00968	0.00699	0.00914	0.00861	0.01022	0.00646	0.00646	0.01291	0.01937	0.02743	0.71328	0.05110	0.06455	0.01399	0.00807	0.00215	0.00323	0.01237	0.00753	0.00646
32	0.01395	0.03393	0.66768	0.02071	0.05309	0.01597	0.05727	0.02166	0.01456	0.02170	0.01237	0.01472	0.00882	0.00645	0.00658	0.00217	0.01011	0.00524	0.00293	0.01009
33	0.01707	0.04512	0.06844	0.28969	0.24195	0.03748	0.01816	0.09676	0.05180	0.04760	0.01404	0.01749	0.01075	0.00690	0.00669	0.00212	0.00842	0.00600	0.00396	0.00956
34	0.00968	0.00699	0.00914	0.00861	0.01022	0.00646	0.00646	0.01291	0.01937	0.02743	0.71328	0.05110	0.06455	0.01399	0.00807	0.00215	0.00323	0.01237	0.00753	0.00646
35	0.00833	0.00599	0.00790	0.00943	0.00990	0.00557	0.00631	0.00954	0.01319	0.01750	0.03889	0.72930	0.07029	0.02128	0.00871	0.00276	0.00395	0.01926	0.00635	0.00557
36	0.18452	0.04290	0.14801	0.01296	0.01880	0.01303	0.01248	0.02759	0.04290	0.37887	0.02034	0.02028	0.01392	0.00789	0.00626	0.00214	0.00657	0.02407	0.00625	0.01021
37	0.00995	0.00663	0.00746	0.00746	0.00746	0.00663	0.00415	0.00995	0.00995	0.01327	0.02156	0.04477	0.02487	0.75957	0.03482	0.00663	0.00663	0.00995	0.00415	0.00415
38	0.00899	0.00710	0.00739	0.00722	0.00960	0.00597	0.00545	0.01085	0.01598	0.04401	0.10905	0.06339	0.64777	0.01680	0.00804	0.00229	0.00353	0.01404	0.00650	0.00603
39	0.01599	0.01977	0.09862	0.02890	0.08056	0.01711	0.58976	0.02183	0.01596	0.02192	0.01364	0.01801	0.01026	0.00585	0.00785	0.00228	0.01118	0.00768	0.00341	0.00941
40	0.08187	0.01783	0.01884	0.05285	0.02136	0.03937	0.01249	0.47329	0.12274	0.06406	0.01753	0.01755	0.01261	0.00813	0.00665	0.00210	0.00722	0.00617	0.00644	0.01090
41	0.01857	0.73574	0.03522	0.01193	0.01770	0.05401	0.01176	0.02075	0.01411	0.01612	0.00955	0.01103	0.00878	0.00590	0.00446	0.00147	0.00751	0.00369	0.00295	0.00875
42	0.03642	0.38696	0.24958	0.01385	0.02041	0.04761	0.01522	0.01998	0.01474	0.01929	0.06907	0.01806	0.04856	0.00734	0.00560	0.00181	0.00783	0.00536	0.00351	0.00880
43	0.01298	0.01225	0.02053	0.72090	0.04623	0.01538	0.01888	0.01745	0.01358	0.01745	0.01206	0.01814	0.00912	0.00700	0.00732	0.00230	0.03173	0.00608	0.00304	0.00760
44	0.00834	0.00595	0.00794	0.00953	0.00992	0.00556	0.00635	0.00953	0.01310	0.01746	0.03771	0.75510	0.04525	0.02143	0.00873	0.00278	0.00397	0.01945	0.00635	0.00556
45	0.01798	0.01820	0.02608	0.05678	0.53147	0.11280	0.04508	0.04032	0.01653	0.02194	0.01355	0.01865	0.01159	0.00677	0.00685	0.00206	0.00877	0.03083	0.00360	0.01014
46	0.76439	0.01444	0.04916	0.00957	0.01413	0.01538	0.00839	0.02020	0.01180	0.03020	0.00968	0.01130	0.00748	0.00636	0.00436	0.00212	0.00556	0.00378	0.00416	0.00756
47	0.00834	0.00595	0.00794	0.00953	0.00992	0.00556	0.00635	0.00953	0.01310	0.01746	0.03771	0.75510	0.04525	0.02143	0.00873	0.00278	0.00397	0.01945	0.00635	0.00556
48	0.01292	0.01216	0.02052	0.74312	0.04712	0.01520	0.01900	0.01748	0.01368	0.01748	0.01216	0.01824	0.00912	0.00684	0.00684	0.00228	0.00912	0.00608	0.00304	0.00760
49	0.01395	0.01452	0.02904	0.24621	0.03516	0.01480	0.37264	0.01865	0.01496	0.01990	0.01717	0.12038	0.01552	0.00859	0.00782	0.00239	0.00962	0.02673	0.00380	0.00815
50	0.00886	0.00692	0.00805	0.00799	0.00986	0.00611	0.00599	0.01121	0.01697	0.02214	0.32878	0.10679	0.38013	0.01630	0.00817	0.00231	0.00350	0.03703	0.00683	0.00606
51	0.01372	0.03539	0.72412	0.01950	0.02961	0.01589	0.02528	0.02167	0.01444	0.02167	0.01228	0.01444	0.00867	0.00650	0.00650	0.00217	0.01011	0.00506	0.00289	0.01011
52	0.02413	0.01823	0.01947	0.01536	0.02050	0.02034	0.01255	0.55670	0.17260	0.04009	0.01881	0.01833	0.01357	0.00844	0.00687	0.00211	0.00709	0.00649	0.00687	0.01147
53	0.01476	0.01250	0.01449	0.01040	0.01645	0.00970	0.00834	0.04985	0.01505	0.02330	0.01237	0.01429	0.01021	0.00522	0.00515	0.00106	0.00519	0.00415	0.00419	0.76333
54	0.00968	0.00699	0.00914	0.00861	0.01022	0.00646	0.00646	0.01291	0.01937	0.02743	0.71328	0.05110	0.06455	0.01399	0.00807	0.00215	0.00323	0.01237	0.00753	0.00646
55	0.05315	0.01865	0.01982	0.01538	0.02070	0.02072	0.01266	0.62544	0.07715	0.04169	0.01696	0.01686	0.01211	0.00822	0.00676	0.00207	0.00731	0.00618	0.00676	0.01143
56	0.01419	0.01216	0.01419	0.01013	0.01621	0.00912	0.00811	0.01723	0.01419	0.02229	0.01216	0.01419	0.01013	0.00507	0.00507	0.00101	0.00507	0.00405	0.00405	0.80139
57	0.01372	0.03539	0.72412	0.01950	0.02961	0.01589	0.02528	0.02167	0.01444	0.02167	0.01228	0.01444	0.00867	0.00650	0.00650	0.00217	0.01011	0.00506	0.00289	0.01011
58	0.01472	0.12196	0.51629	0.02022	0.02923	0.01752	0.14368	0.02157	0.01468	0.02103	0.01222	0.01474	0.00899	0.00629	0.00652	0.00211	0.01002	0.00543	0.00300	0.00979
59	0.01372	0.03539	0.72412	0.01950	0.02961	0.01589	0.02528	0.02167	0.01444	0.02167	0.01228	0.01444	0.00867	0.00650	0.00650	0.00217	0.01011	0.00506	0.00289	0.01011
60	0.03002	0.01259	0.04404	0.01246	0.01795	0.01029	0.01066	0.03288	0.01938	0.69379	0.02641	0.02293	0.01661	0.00839	0.00686	0.00212	0.00599	0.00681	0.00825	0.01158
61	0.00819	0.00675	0.00720	0.00748	0.00940	0.00576	0.00546	0.00987	0.01525	0.01860	0.08599	0.19560	0.56483	0.01799	0.00821	0.00239	0.00355	0.01531	0.00639	0.00576
62	0.01497	0.01497	0.02095	0.01796	0.01796	0.02095	0.01497	0.01646	0.01048	0.01646	0.00898	0.01497	0.00898	0.01197	0.02245	0.00299	0.74704	0.00599	0.00299	0.00748
63	0.01558	0.01612	0.02256	0.01889	0.01966	0.05491	0.07351	0.01746	0.01140	0.01695	0.00948	0.01514	0.00909	0.01120	0.02042	0.00287	0.64795	0.00609	0.00306	0.00766

[dist]
# distance from previous block
# <min> <max>
0	3

[block]
# block no. 2 follows, 31 sequences, length 28
# corresponding to MSA columns:
# 278-305
name=unknown_C
#
# <colnr> <probs for GDERKNQSTAVLIFYWHMCP>
#	G	D	E	R	K	N	Q	S	T	A	V	L	I	F	Y	W	H	M	C	P
0	0.80789	0.01323	0.01006	0.00900	0.01323	0.01535	0.00741	0.02011	0.01164	0.03070	0.00953	0.01111	0.00741	0.00635	0.00423	0.00212	0.00529	0.00370	0.00423	0.00741
1	0.01497	0.01497	0.02095	0.01796	0.01796	0.02095	0.01497	0.01646	0.01048	0.01646	0.00898	0.01497	0.00898	0.01197	0.02245	0.00299	0.74704	0.00599	0.00299	0.00748
2	0.05738	0.01639	0.01754	0.01449	0.01910	0.01829	0.01176	0.36819	0.26731	0.05891	0.02169	0.02329	0.01656	0.00916	0.00693	0.00222	0.00655	0.04663	0.00679	0.01084
3	0.02628	0.01850	0.01970	0.01528	0.02060	0.04487	0.01255	0.56076	0.05396	0.13024	0.01800	0.01750	0.01256	0.00824	0.00683	0.00206	0.00740	0.00625	0.00694	0.01148
4	0.02532	0.01902	0.02002	0.01706	0.06809	0.08156	0.01302	0.50640	0.02816	0.10057	0.01683	0.01704	0.01202	0.00798	0.00671	0.00202	0.00769	0.00607	0.03335	0.01108
5	0.02601	0.01916	0.02053	0.01574	0.02122	0.02122	0.01300	0.69408	0.03217	0.04312	0.01643	0.01643	0.01163	0.00821	0.00684	0.00205	0.00753	0.00616	0.00684	0.01163
6	0.01419	0.01216	0.01419	0.01013	0.01621	0.00912	0.00811	0.01723	0.01419	0.02229	0.01216	0.01419	0.01013	0.00507	0.00507	0.00101	0.00507	0.00405	0.00405	0.80139
7	0.00843	0.00603	0.00802	0.00946	0.00994	0.00562	0.00636	0.00976	0.01353	0.01815	0.08400	0.70686	0.04657	0.02092	0.00869	0.00274	0.00392	0.01896	0.00643	0.00562
8	0.08395	0.01175	0.01548	0.01195	0.01717	0.01042	0.00987	0.03243	0.01904	0.67428	0.02579	0.02245	0.01628	0.00832	0.00670	0.00212	0.00579	0.00666	0.00818	0.01135
9	0.03070	0.01164	0.01588	0.01217	0.01746	0.01006	0.01006	0.03334	0.01958	0.72163	0.02699	0.02329	0.01694	0.00847	0.00688	0.00212	0.00582	0.00688	0.00847	0.01164
10	0.80789	0.01323	0.01006	0.00900	0.01323	0.01535	0.00741	0.02011	0.01164	0.03070	0.00953	0.01111	0.00741	0.00635	0.00423	0.00212	0.00529	0.00370	0.00423	0.00741
11	0.01392	0.06760	0.69368	0.01915	0.02908	0.01638	0.02468	0.02161	0.01442	0.02142	0.01216	0.01429	0.00867	0.00647	0.00641	0.00214	0.00999	0.00499	0.00289	0.01005
12	0.01829	0.76368	0.03585	0.01171	0.01756	0.02707	0.01171	0.02049	0.01390	0.01610	0.00951	0.01097	0.00878	0.00585	0.00439	0.00146	0.00732	0.00366	0.00293	0.00878
13	0.02863	0.01146	0.01540	0.01201	0.01698	0.01012	0.00984	0.03207	0.05048	0.64264	0.07420	0.02530	0.02039	0.00888	0.00697	0.00213	0.00562	0.00730	0.00834	0.01125
14	0.01419	0.01216	0.01419	0.01013	0.01621	0.00912	0.00811	0.01723	0.01419	0.02229	0.01216	0.01419	0.01013	0.00507	0.00507	0.00101	0.00507	0.00405	0.00405	0.80139
15	0.00995	0.00663	0.00746	0.00746	0.00746	0.00663	0.00415	0.00995	0.00995	0.01327	0.02156	0.04477	0.02487	0.75957	0.03482	0.00663	0.00663	0.00995	0.00415	0.00415
16	0.01292	0.01216	0.02052	0.74312	0.04712	0.01520	0.01900	0.01748	0.01368	0.01748	0.01216	0.01824	0.00912	0.00684	0.00684	0.00228	0.00912	0.00608	0.00304	0.00760
17	0.01188	0.00594	0.00891	0.00891	0.00891	0.00594	0.00594	0.00891	0.00891	0.01188	0.01188	0.02080	0.01188	0.02377	0.02674	0.80095	0.00594	0.00594	0.00297	0.00297
18	0.01829	0.76368	0.03585	0.01171	0.01756	0.02707	0.01171	0.02049	0.01390	0.01610	0.00951	0.01097	0.00878	0.00585	0.00439	0.00146	0.00732	0.00366	0.00293	0.00878
19	0.01497	0.01497	0.02095	0.01796	0.01796	0.02095	0.01497	0.01646	0.01048	0.01646	0.00898	0.01497	0.00898	0.01197	0.02245	0.00299	0.74704	0.00599	0.00299	0.00748
20	0.00968	0.00699	0.00914	0.00861	0.01022	0.00646	0.00646	0.01291	0.01937	0.02743	0.71328	0.05110	0.06455	0.01399	0.00807	0.00215	0.00323	0.01237	0.00753	0.00646
21	0.01292	0.01216	0.02052	0.74312	0.04712	0.01520	0.01900	0.01748	0.01368	0.01748	0.01216	0.01824	0.00912	0.00684	0.00684	0.00228	0.00912	0.00608	0.00304	0.00760
22	0.00968	0.00699	0.00914	0.00861	0.01022	0.00646	0.00646	0.01291	0.01937	0.02743	0.71328	0.05110	0.06455	0.01399	0.00807	0.00215	0.00323	0.01237	0.00753	0.00646
23	0.01693	0.01626	0.02777	0.04199	0.71689	0.01626	0.02100	0.02100	0.01558	0.02235	0.01287	0.01693	0.01084	0.00610	0.00677	0.00203	0.00813	0.00610	0.00339	0.01084
24	0.00834	0.00595	0.00794	0.00953	0.00992	0.00556	0.00635	0.00953	0.01310	0.01746	0.03771	0.75510	0.04525	0.02143	0.00873	0.00278	0.00397	0.01945	0.00635	0.00556
25	0.01693	0.01626	0.02777	0.04199	0.71689	0.01626	0.02100	0.02100	0.01558	0.02235	0.01287	0.01693	0.01084	0.00610	0.00677	0.00203	0.00813	0.00610	0.00339	0.01084
26	0.01676	0.01607	0.02745	0.07300	0.68727	0.01621	0.02091	0.02084	0.01549	0.02214	0.01284	0.01699	0.01076	0.00613	0.00678	0.00204	0.00817	0.00610	0.00337	0.01069
27	0.01372	0.03539	0.72412	0.01950	0.02961	0.01589	0.02528	0.02167	0.01444	0.02167	0.01228	0.01444	0.00867	0.00650	0.00650	0.00217	0.01011	0.00506	0.00289	0.01011

[dist]
# distance from previous block
# <min> <max>
0	1

[block]
# block no. 3 follows, 31 sequences, length 78
# corresponding to MSA columns:
# 307-384
name=unknown_D
#
# <colnr> <probs for GDERKNQSTAVLIFYWHMCP>
#	G	D	E	R	K	N	Q	S	T	A	V	L	I	F	Y	W	H	M	C	P
0	0.00809	0.00693	0.00693	0.00693	0.00924	0.00578	0.00520	0.00982	0.01559	0.01848	0.06931	0.06584	0.71411	0.01733	0.00809	0.00231	0.00347	0.01444	0.00635	0.00578
1	0.00968	0.00699	0.00914	0.00861	0.01022	0.00646	0.00646	0.01291	0.01937	0.02743	0.71328	0.05110	0.06455	0.01399	0.00807	0.00215	0.00323	0.01237	0.00753	0.00646
2	0.01882	0.01559	0.01649	0.01429	0.01848	0.01786	0.01127	0.16837	0.56957	0.03153	0.02555	0.02370	0.01903	0.00907	0.00694	0.00227	0.00584	0.00742	0.00694	0.01099
3	0.00834	0.00595	0.00794	0.00953	0.00992	0.00556	0.00635	0.00953	0.01310	0.01746	0.03771	0.75510	0.04525	0.02143	0.00873	0.00278	0.00397	0.01945	0.00635	0.00556
4	0.80789	0.01323	0.01006	0.00900	0.01323	0.01535	0.00741	0.02011	0.01164	0.03070	0.00953	0.01111	0.00741	0.00635	0.00423	0.00212	0.00529	0.00370	0.00423	0.00741
5	0.01093	0.00785	0.01090	0.01243	0.01402	0.00781	0.01085	0.01404	0.01574	0.02041	0.03724	0.07682	0.06002	0.01885	0.00941	0.00312	0.00621	0.65075	0.00630	0.00628
6	0.01419	0.01216	0.01419	0.01013	0.01621	0.00912	0.00811	0.01723	0.01419	0.02229	0.01216	0.01419	0.01013	0.00507	0.00507	0.00101	0.00507	0.00405	0.00405	0.80139
7	0.05089	0.04046	0.03976	0.01430	0.01916	0.01823	0.01192	0.35520	0.22468	0.07440	0.06370	0.02122	0.01763	0.00871	0.00677	0.00213	0.00653	0.00685	0.00667	0.01078
8	0.00948	0.00694	0.00889	0.00850	0.01012	0.00635	0.00634	0.01247	0.01873	0.02616	0.62365	0.08473	0.12282	0.01463	0.00810	0.00219	0.00328	0.01289	0.00737	0.00635
9	0.02541	0.01834	0.01977	0.01524	0.02045	0.02018	0.01250	0.64080	0.03072	0.06367	0.01701	0.01797	0.01242	0.04325	0.00815	0.00227	0.00743	0.00636	0.00677	0.01129
10	0.01419	0.01216	0.01419	0.01013	0.01621	0.00912	0.00811	0.01723	0.01419	0.02229	0.01216	0.01419	0.01013	0.00507	0.00507	0.00101	0.00507	0.00405	0.00405	0.80139
11	0.01022	0.00866	0.00906	0.00873	0.01132	0.00834	0.00668	0.01594	0.16641	0.02132	0.09989	0.05643	0.50181	0.01540	0.00788	0.00233	0.00396	0.03212	0.00656	0.00694
12	0.01383	0.03460	0.69224	0.01993	0.02990	0.01595	0.05637	0.02168	0.01452	0.02168	0.01235	0.01463	0.00875	0.00647	0.00657	0.00217	0.01018	0.00520	0.00292	0.01007
13	0.01400	0.01326	0.02247	0.55492	0.22691	0.01548	0.01954	0.01842	0.01419	0.01879	0.01235	0.01789	0.00958	0.00664	0.00682	0.00221	0.00885	0.00608	0.00313	0.00847
14	0.00961	0.00699	0.00904	0.00853	0.01018	0.00642	0.00640	0.01277	0.01919	0.02702	0.68375	0.05178	0.09434	0.01414	0.00807	0.00216	0.00324	0.01247	0.00748	0.00642
15	0.80789	0.01323	0.01006	0.00900	0.01323	0.01535	0.00741	0.02011	0.01164	0.03070	0.00953	0.01111	0.00741	0.00635	0.00423	0.00212	0.00529	0.00370	0.00423	0.00741
16	0.01695	0.04365	0.02624	0.03407	0.49934	0.01688	0.06081	0.02430	0.16217	0.02343	0.01599	0.01864	0.01287	0.00674	0.00681	0.00209	0.00774	0.00648	0.00413	0.01066
17	0.00977	0.00733	0.01100	0.01100	0.01222	0.00855	0.00855	0.01222	0.01100	0.01588	0.01833	0.02688	0.01710	0.05131	0.73245	0.01100	0.01833	0.00733	0.00367	0.00611
18	0.00924	0.00698	0.00853	0.00814	0.00995	0.00627	0.00610	0.01205	0.01831	0.02494	0.53383	0.05521	0.24556	0.01492	0.00807	0.00220	0.00329	0.01295	0.00720	0.00627
19	0.11287	0.01860	0.02141	0.02295	0.22818	0.07111	0.01477	0.36688	0.02392	0.03356	0.01414	0.01567	0.01071	0.00728	0.00647	0.00203	0.00780	0.00573	0.00527	0.01064
20	0.01419	0.01216	0.01419	0.01013	0.01621	0.00912	0.00811	0.01723	0.01419	0.02229	0.01216	0.01419	0.01013	0.00507	0.00507	0.00101	0.00507	0.00405	0.00405	0.80139
21	0.04163	0.01946	0.15500	0.22384	0.25031	0.06036	0.01910	0.04056	0.05114	0.05377	0.01383	0.01707	0.01054	0.00678	0.00664	0.00213	0.00869	0.00584	0.00375	0.00958
22	0.01596	0.39214	0.38697	0.01568	0.02371	0.02137	0.01863	0.02109	0.01418	0.01894	0.01092	0.01274	0.00872	0.00618	0.00547	0.00182	0.00874	0.00437	0.00291	0.00946
23	0.01581	0.00895	0.01178	0.01161	0.01201	0.00838	0.00771	0.01197	0.01155	0.01581	0.01574	0.02572	0.01542	0.02526	0.02708	0.75127	0.00722	0.00714	0.00434	0.00523
24	0.02556	0.03261	0.01939	0.01763	0.02115	0.73210	0.01322	0.02732	0.01939	0.01674	0.01058	0.01234	0.00881	0.00705	0.00617	0.00176	0.01234	0.00441	0.00353	0.00793
25	0.02499	0.01830	0.17908	0.01552	0.04654	0.01328	0.01443	0.13189	0.02009	0.40969	0.02174	0.02157	0.01466	0.00820	0.00686	0.00215	0.00717	0.02606	0.00669	0.01110
26	0.00834	0.00595	0.00794	0.00953	0.00992	0.00556	0.00635	0.00953	0.01310	0.01746	0.03771	0.75510	0.04525	0.02143	0.00873	0.00278	0.00397	0.01945	0.00635	0.00556
27	0.00809	0.00693	0.00693	0.00693	0.00924	0.00578	0.00520	0.00982	0.01559	0.01848	0.06931	0.06584	0.71411	0.01733	0.00809	0.00231	0.00347	0.01444	0.00635	0.00578
28	0.02533	0.05240	0.02094	0.01564	0.02093	0.07470	0.01289	0.59216	0.05348	0.03946	0.01608	0.01619	0.01162	0.00806	0.00669	0.00201	0.00781	0.00597	0.00643	0.01120
29	0.01808	0.72972	0.06794	0.01207	0.01812	0.02655	0.01234	0.02054	0.01393	0.01636	0.00964	0.01114	0.00877	0.00588	0.00449	0.00150	0.00745	0.00372	0.00292	0.00884
30	0.01419	0.01216	0.01419	0.01013	0.01621	0.00912	0.00811	0.01723	0.01419	0.02229	0.01216	0.01419	0.01013	0.00507	0.00507	0.00101	0.00507	0.00405	0.00405	0.80139
31	0.01802	0.63492	0.11005	0.01369	0.04024	0.05123	0.01352	0.02088	0.01421	0.01692	0.00995	0.01158	0.00883	0.00597	0.00476	0.00157	0.00783	0.00391	0.00296	0.00896
32	0.01544	0.01304	0.01411	0.01278	0.01617	0.01475	0.00989	0.03133	0.55757	0.02836	0.17487	0.03101	0.03025	0.01029	0.00720	0.00228	0.00495	0.00873	0.00708	0.00989
33	0.00968	0.00699	0.00914	0.00861	0.01022	0.00646	0.00646	0.01291	0.01937	0.02743	0.71328	0.05110	0.06455	0.01399	0.00807	0.00215	0.00323	0.01237	0.00753	0.00646
34	0.00973	0.00703	0.00921	0.00875	0.01037	0.00651	0.00662	0.01296	0.01923	0.02718	0.68826	0.05207	0.06362	0.01417	0.00812	0.00219	0.00334	0.03670	0.00749	0.00645
35	0.00878	0.00743	0.00765	0.00751	0.00986	0.00654	0.00566	0.01175	0.05936	0.01986	0.11999	0.06208	0.61663	0.01654	0.00801	0.00230	0.00357	0.01384	0.00649	0.00615
36	0.01829	0.76368	0.03585	0.01171	0.01756	0.02707	0.01171	0.02049	0.01390	0.01610	0.00951	0.01097	0.00878	0.00585	0.00439	0.00146	0.00732	0.00366	0.00293	0.00878
37	0.00968	0.00699	0.00914	0.00861	0.01022	0.00646	0.00646	0.01291	0.01937	0.02743	0.71328	0.05110	0.06455	0.01399	0.00807	0.00215	0.00323	0.01237	0.00753	0.00646
38	0.01312	0.01256	0.02177	0.69807	0.04640	0.01533	0.06145	0.01776	0.01384	0.01776	0.01227	0.01825	0.00920	0.00677	0.00692	0.00228	0.00927	0.00621	0.00307	0.00770
39	0.02556	0.03261	0.01939	0.01763	0.02115	0.73210	0.01322	0.02732	0.01939	0.01674	0.01058	0.01234	0.00881	0.00705	0.00617	0.00176	0.01234	0.00441	0.00353	0.00793
40	0.04997	0.25861	0.02365	0.01481	0.01893	0.31228	0.01222	0.02580	0.13729	0.01912	0.01314	0.01435	0.01088	0.00735	0.00670	0.00186	0.05561	0.00483	0.00393	0.00866
41	0.00977	0.00733	0.01100	0.01100	0.01222	0.00855	0.00855	0.01222	0.01100	0.01588	0.01833	0.02688	0.01710	0.05131	0.73245	0.01100	0.01833	0.00733	0.00367	0.00611
42	0.01372	0.03539	0.72412	0.01950	0.02961	0.01589	0.02528	0.02167	0.01444	0.02167	0.01228	0.01444	0.00867	0.00650	0.00650	0.00217	0.01011	0.00506	0.00289	0.01011
43	0.01543	0.01331	0.01395	0.01268	0.01627	0.01502	0.00983	0.03163	0.58188	0.02681	0.03523	0.03270	0.14430	0.01071	0.00716	0.00232	0.00507	0.00893	0.00685	0.00993
44	0.01292	0.01216	0.02052	0.74312	0.04712	0.01520	0.01900	0.01748	0.01368	0.01748	0.01216	0.01824	0.00912	0.00684	0.00684	0.00228	0.00912	0.00608	0.00304	0.00760
45	0.00833	0.00694	0.00727	0.00719	0.00939	0.00588	0.00539	0.01029	0.01617	0.01985	0.16786	0.06359	0.61470	0.01682	0.00808	0.00229	0.00343	0.01412	0.00653	0.00588
46	0.75780	0.01463	0.05509	0.00966	0.01426	0.01538	0.00854	0.02021	0.01182	0.03013	0.00970	0.01132	0.00749	0.00636	0.00438	0.00212	0.00560	0.00379	0.00415	0.00758
47	0.01642	0.01558	0.02646	0.06573	0.64871	0.01569	0.02030	0.02044	0.01552	0.02206	0.01430	0.02073	0.01255	0.00692	0.00694	0.00211	0.00805	0.04748	0.00356	0.01044
48	0.00995	0.00663	0.00746	0.00746	0.00746	0.00663	0.00415	0.00995	0.00995	0.01327	0.02156	0.04477	0.02487	0.75957	0.03482	0.00663	0.00663	0.00995	0.00415	0.00415
49	0.01693	0.01626	0.02777	0.04199	0.71689	0.01626	0.02100	0.02100	0.01558	0.02235	0.01287	0.01693	0.01084	0.00610	0.00677	0.00203	0.00813	0.00610	0.00339	0.01084
50	0.75801	0.01332	0.01040	0.00931	0.01352	0.01545	0.00762	0.02114	0.05534	0.03056	0.01068	0.01202	0.00826	0.00654	0.00441	0.00213	0.00530	0.00396	0.00441	0.00762
51	0.03070	0.01164	0.01588	0.01217	0.01746	0.01006	0.01006	0.03334	0.01958	0.72163	0.02699	0.02329	0.01694	0.00847	0.00688	0.00212	0.00582	0.00688	0.00847	0.01164
52	0.00961	0.00699	0.00904	0.00853	0.01018	0.00642	0.00640	0.01277	0.01919	0.02702	0.68325	0.05179	0.09484	0.01414	0.00807	0.00216	0.00324	0.01247	0.00748	0.00642
53	0.01862	0.73016	0.03510	0.01198	0.01772	0.05940	0.01178	0.02080	0.01415	0.01613	0.00956	0.01104	0.00878	0.00591	0.00447	0.00148	0.00755	0.00369	0.00295	0.00874
54	0.01419	0.01216	0.01419	0.01013	0.01621	0.00912	0.00811	0.01723	0.01419	0.02229	0.01216	0.01419	0.01013	0.00507	0.00507	0.00101	0.00507	0.00405	0.00405	0.80139
55	0.01360	0.00812	0.00910	0.05149	0.01199	0.00871	0.00684	0.05930	0.03938	0.02570	0.04336	0.02508	0.01804	0.00986	0.03226	0.00209	0.02597	0.00661	0.59555	0.00696
56	0.01702	0.01470	0.01547	0.01392	0.01779	0.01702	0.01083	0.03635	0.70453	0.02862	0.02785	0.02553	0.02088	0.00928	0.00696	0.00232	0.00541	0.00773	0.00696	0.01083
57	0.01793	0.01436	0.01600	0.03570	0.03800	0.01627	0.01138	0.05725	0.56939	0.07605	0.02683	0.02651	0.02035	0.00938	0.00703	0.00232	0.00573	0.03203	0.00682	0.01065
58	0.02987	0.01297	0.01670	0.01280	0.01812	0.01202	0.01057	0.14959	0.02180	0.60225	0.02513	0.02208	0.01600	0.00842	0.00687	0.00211	0.00612	0.00675	0.00818	0.01164
59	0.00995	0.00663	0.00746	0.00746	0.00746	0.00663	0.00415	0.00995	0.00995	0.01327	0.02156	0.04477	0.02487	0.75957	0.03482	0.00663	0.00663	0.00995	0.00415	0.00415
60	0.01304	0.01239	0.02124	0.71707	0.04671	0.01528	0.04354	0.01764	0.01377	0.01764	0.01222	0.01825	0.00917	0.00680	0.00688	0.00228	0.00921	0.00615	0.00306	0.00766
61	0.01633	0.23311	0.43825	0.01712	0.02506	0.09971	0.01994	0.02184	0.01475	0.01945	0.01124	0.01327	0.00872	0.00653	0.00631	0.00195	0.02935	0.00463	0.00297	0.00943
62	0.00995	0.00663	0.00746	0.00746	0.00746	0.00663	0.00415	0.00995	0.00995	0.01327	0.02156	0.04477	0.02487	0.75957	0.03482	0.00663	0.00663	0.00995	0.00415	0.00415
63	0.01419	0.01216	0.01419	0.01013	0.01621	0.00912	0.00811	0.01723	0.01419	0.02229	0.01216	0.01419	0.01013	0.00507	0.00507	0.00101	0.00507	0.00405	0.00405	0.80139
64	0.02551	0.01754	0.01925	0.01484	0.02011	0.01893	0.01217	0.55439	0.04748	0.12479	0.01805	0.01827	0.01287	0.02999	0.00761	0.00217	0.00716	0.00634	0.00688	0.03563
65	0.01188	0.00594	0.00891	0.00891	0.00891	0.00594	0.00594	0.00891	0.00891	0.01188	0.01188	0.02080	0.01188	0.02377	0.02674	0.80095	0.00594	0.00594	0.00297	0.00297
66	0.00962	0.00699	0.00906	0.00855	0.01019	0.00643	0.00641	0.01280	0.01923	0.02711	0.68980	0.05164	0.08824	0.01411	0.00807	0.00216	0.00324	0.01245	0.00749	0.00643
67	0.01460	0.15226	0.58260	0.01922	0.05755	0.01771	0.02290	0.02145	0.01441	0.02080	0.01186	0.01399	0.00878	0.00638	0.00617	0.00205	0.00957	0.00487	0.00292	0.00993
68	0.01950	0.43477	0.15219	0.01464	0.02066	0.19702	0.01450	0.04281	0.01589	0.01805	0.01047	0.01208	0.00885	0.00633	0.00527	0.00168	0.00904	0.00416	0.00318	0.00889
69	0.01559	0.01870	0.10023	0.18049	0.10769	0.04291	0.31167	0.02119	0.04051	0.02066	0.01327	0.01763	0.01022	0.00672	0.00842	0.00229	0.06254	0.00684	0.00340	0.00903
70	0.00987	0.00663	0.00761	0.00767	0.00773	0.00665	0.00439	0.01001	0.01012	0.01354	0.02215	0.07504	0.02549	0.70281	0.05797	0.00662	0.00692	0.01027	0.00422	0.00428
71	0.01780	0.01754	0.07782	0.10761	0.15532	0.01578	0.35853	0.02283	0.01614	0.11902	0.01521	0.01857	0.01112	0.00637	0.00743	0.00222	0.00977	0.00713	0.00406	0.00973
72	0.00989	0.00788	0.00933	0.00972	0.01125	0.02968	0.00681	0.01156	0.01406	0.01902	0.08835	0.53758	0.06320	0.01773	0.00801	0.00241	0.00433	0.01587	0.00600	0.12732
73	0.05863	0.11177	0.02023	0.01661	0.11509	0.04202	0.01193	0.13784	0.05864	0.20129	0.04757	0.01886	0.01482	0.00746	0.00621	0.00187	0.00661	0.00592	0.00570	0.11094
74	0.06989	0.15376	0.19092	0.06386	0.16502	0.01828	0.09496	0.04489	0.04517	0.04415	0.01305	0.01563	0.01017	0.00667	0.00686	0.00206	0.03580	0.00558	0.00365	0.00963
75	0.01946	0.05082	0.14019	0.01446	0.02002	0.01599	0.01338	0.21420	0.16578	0.10103	0.02044	0.06666	0.01630	0.00892	0.00674	0.00209	0.00685	0.02667	0.00587	0.08411
76	0.27183	0.28543	0.12345	0.01312	0.01879	0.06891	0.03598	0.02226	0.06608	0.02278	0.01153	0.01297	0.00930	0.00644	0.00509	0.00189	0.00741	0.00439	0.00371	0.00864
77	0.08521	0.27739	0.06225	0.01374	0.01839	0.18393	0.03508	0.04645	0.01614	0.06043	0.03519	0.03780	0.01273	0.00751	0.00612	0.00183	0.03197	0.00535	0.05402	0.00846

[dist]
# distance from previous block
# <min> <max>
1	24

[block]
# block no. 4 follows, 31 sequences, length 137
# corresponding to MSA columns:
# 409-545
name=unknown_E
#
# <colnr> <probs for GDERKNQSTAVLIFYWHMCP>
#	G	D	E	R	K	N	Q	S	T	A	V	L	I	F	Y	W	H	M	C	P
0	0.01681	0.01660	0.04978	0.05828	0.53471	0.01595	0.07855	0.05127	0.01620	0.02319	0.01338	0.01721	0.01092	0.00623	0.00676	0.00202	0.00822	0.00618	0.03146	0.03627
1	0.01467	0.01256	0.01720	0.04300	0.15742	0.01382	0.01340	0.05142	0.16146	0.02322	0.04656	0.06118	0.02385	0.01202	0.00952	0.00253	0.09536	0.19894	0.00534	0.03652
2	0.01180	0.00944	0.01162	0.01005	0.01362	0.00776	0.00782	0.01449	0.01502	0.02190	0.13818	0.18548	0.03035	0.01176	0.00689	0.00184	0.00468	0.09153	0.00540	0.40036
3	0.01453	0.01308	0.01848	0.04298	0.15082	0.01108	0.05762	0.01792	0.01452	0.02189	0.01357	0.04880	0.01184	0.00611	0.00582	0.00142	0.00618	0.00548	0.00396	0.53389
4	0.01302	0.01235	0.02113	0.72103	0.04677	0.01526	0.03981	0.01762	0.01376	0.01762	0.01221	0.01825	0.00916	0.00681	0.00688	0.00228	0.00919	0.00614	0.00305	0.00765
5	0.00944	0.00698	0.00881	0.00835	0.01007	0.00635	0.00627	0.01244	0.01880	0.02608	0.61591	0.05333	0.16277	0.01449	0.00807	0.00218	0.00326	0.01268	0.00735	0.00635
6	0.03070	0.01164	0.01588	0.01217	0.01746	0.01006	0.01006	0.03334	0.01958	0.72163	0.02699	0.02329	0.01694	0.00847	0.00688	0.00212	0.00582	0.00688	0.00847	0.01164
7	0.01102	0.00787	0.01102	0.01260	0.01417	0.00787	0.01102	0.01417	0.01575	0.02047	0.03622	0.07717	0.03937	0.01890	0.00945	0.00315	0.00630	0.67084	0.00630	0.00630
8	0.00977	0.00733	0.01100	0.01100	0.01222	0.00855	0.00855	0.01222	0.01100	0.01588	0.01833	0.02688	0.01710	0.05131	0.73245	0.01100	0.01833	0.00733	0.00367	0.00611
9	0.01275	0.00638	0.00638	0.00638	0.00797	0.00638	0.00478	0.01594	0.01435	0.02551	0.02232	0.02551	0.01754	0.00797	0.00478	0.00159	0.00319	0.00638	0.79755	0.00638
10	0.01702	0.01470	0.01547	0.01392	0.01779	0.01702	0.01083	0.03635	0.70453	0.02862	0.02785	0.02553	0.02088	0.00928	0.00696	0.00232	0.00541	0.00773	0.00696	0.01083
11	0.80789	0.01323	0.01006	0.00900	0.01323	0.01535	0.00741	0.02011	0.01164	0.03070	0.00953	0.01111	0.00741	0.00635	0.00423	0.00212	0.00529	0.00370	0.00423	0.00741
12	0.80789	0.01323	0.01006	0.00900	0.01323	0.01535	0.00741	0.02011	0.01164	0.03070	0.00953	0.01111	0.00741	0.00635	0.00423	0.00212	0.00529	0.00370	0.00423	0.00741
13	0.00809	0.00693	0.00693	0.00693	0.00924	0.00578	0.00520	0.00982	0.01559	0.01848	0.06931	0.06584	0.71411	0.01733	0.00809	0.00231	0.00347	0.01444	0.00635	0.00578
14	0.01292	0.01216	0.02052	0.74312	0.04712	0.01520	0.01900	0.01748	0.01368	0.01748	0.01216	0.01824	0.00912	0.00684	0.00684	0.00228	0.00912	0.00608	0.00304	0.00760
15	0.01275	0.00638	0.00638	0.00638	0.00797	0.00638	0.00478	0.01594	0.01435	0.02551	0.02232	0.02551	0.01754	0.00797	0.00478	0.00159	0.00319	0.00638	0.79755	0.00638
16	0.01372	0.03539	0.72412	0.01950	0.02961	0.01589	0.02528	0.02167	0.01444	0.02167	0.01228	0.01444	0.00867	0.00650	0.00650	0.00217	0.01011	0.00506	0.00289	0.01011
17	0.01693	0.01626	0.02777	0.04199	0.71689	0.01626	0.02100	0.02100	0.01558	0.02235	0.01287	0.01693	0.01084	0.00610	0.00677	0.00203	0.00813	0.00610	0.00339	0.01084
18	0.03070	0.01164	0.01588	0.01217	0.01746	0.01006	0.01006	0.03334	0.01958	0.72163	0.02699	0.02329	0.01694	0.00847	0.00688	0.00212	0.00582	0.00688	0.00847	0.01164
19	0.02516	0.01874	0.02006	0.01557	0.02089	0.02082	0.01280	0.63239	0.09523	0.04176	0.01750	0.01728	0.01250	0.00831	0.00685	0.00208	0.00733	0.00631	0.00685	0.01156
20	0.02601	0.01916	0.02053	0.01574	0.02122	0.02122	0.01300	0.69408	0.03217	0.04312	0.01643	0.01643	0.01163	0.00821	0.00684	0.00205	0.00753	0.00616	0.00684	0.01163
21	0.00958	0.00659	0.00807	0.00841	0.00867	0.00668	0.00525	0.01018	0.01077	0.01454	0.02454	0.19391	0.02812	0.50085	0.12881	0.00643	0.00773	0.01160	0.00455	0.00473
22	0.00843	0.00602	0.00805	0.00963	0.01007	0.00564	0.00651	0.00969	0.01319	0.01757	0.03766	0.73152	0.04504	0.02135	0.00876	0.00279	0.00405	0.04211	0.00635	0.00558
23	0.00834	0.00595	0.00794	0.00953	0.00992	0.00556	0.00635	0.00953	0.01310	0.01746	0.03771	0.75510	0.04525	0.02143	0.00873	0.00278	0.00397	0.01945	0.00635	0.00556
24	0.02564	0.01989	0.02013	0.04879	0.02217	0.09911	0.01313	0.55065	0.02917	0.07883	0.01620	0.01646	0.01152	0.00804	0.00677	0.00203	0.00803	0.00600	0.00640	0.01104
25	0.01679	0.01666	0.03008	0.03958	0.59183	0.01645	0.14421	0.02116	0.01568	0.02227	0.01305	0.01721	0.01075	0.00604	0.00701	0.00208	0.00875	0.00646	0.00340	0.01054
26	0.80789	0.01323	0.01006	0.00900	0.01323	0.01535	0.00741	0.02011	0.01164	0.03070	0.00953	0.01111	0.00741	0.00635	0.00423	0.00212	0.00529	0.00370	0.00423	0.00741
27	0.00995	0.00663	0.00746	0.00746	0.00746	0.00663	0.00415	0.00995	0.00995	0.01327	0.02156	0.04477	0.02487	0.75957	0.03482	0.00663	0.00663	0.00995	0.00415	0.00415
28	0.01599	0.08872	0.32269	0.02904	0.34223	0.04200	0.02174	0.02146	0.01509	0.02133	0.01225	0.01521	0.00967	0.00628	0.00643	0.00203	0.00904	0.00539	0.00314	0.01025
29	0.01372	0.03539	0.72412	0.01950	0.02961	0.01589	0.02528	0.02167	0.01444	0.02167	0.01228	0.01444	0.00867	0.00650	0.00650	0.00217	0.01011	0.00506	0.00289	0.01011
30	0.00968	0.00699	0.00914	0.00861	0.01022	0.00646	0.00646	0.01291	0.01937	0.02743	0.71328	0.05110	0.06455	0.01399	0.00807	0.00215	0.00323	0.01237	0.00753	0.00646
31	0.00977	0.00733	0.01100	0.01100	0.01222	0.00855	0.00855	0.01222	0.01100	0.01588	0.01833	0.02688	0.01710	0.05131	0.73245	0.01100	0.01833	0.00733	0.00367	0.00611
32	0.01497	0.01497	0.02095	0.01796	0.01796	0.02095	0.01497	0.01646	0.01048	0.01646	0.00898	0.01497	0.00898	0.01197	0.02245	0.00299	0.74704	0.00599	0.00299	0.00748
33	0.00834	0.00595	0.00794	0.00953	0.00992	0.00556	0.00635	0.00953	0.01310	0.01746	0.03771	0.75510	0.04525	0.02143	0.00873	0.00278	0.00397	0.01945	0.00635	0.00556
34	0.01460	0.02931	0.50722	0.04750	0.22341	0.01597	0.02389	0.02135	0.01474	0.02173	0.01244	0.01526	0.00929	0.00640	0.00659	0.00213	0.00952	0.00538	0.00303	0.01024
35	0.80789	0.01323	0.01006	0.00900	0.01323	0.01535	0.00741	0.02011	0.01164	0.03070	0.00953	0.01111	0.00741	0.00635	0.00423	0.00212	0.00529	0.00370	0.00423	0.00741
36	0.80789	0.01323	0.01006	0.00900	0.01323	0.01535	0.00741	0.02011	0.01164	0.03070	0.00953	0.01111	0.00741	0.00635	0.00423	0.00212	0.00529	0.00370	0.00423	0.00741
37	0.00809	0.00693	0.00693	0.00693	0.00924	0.00578	0.00520	0.00982	0.01559	0.01848	0.06931	0.06584	0.71411	0.01733	0.00809	0.00231	0.00347	0.01444	0.00635	0.00578
38	0.00834	0.00595	0.00794	0.00953	0.00992	0.00556	0.00635	0.00953	0.01310	0.01746	0.03771	0.75510	0.04525	0.02143	0.00873	0.00278	0.00397	0.01945	0.00635	0.00556
39	0.01626	0.01557	0.02655	0.15961	0.60454	0.01608	0.02066	0.02041	0.01526	0.02153	0.01275	0.01715	0.01055	0.00622	0.00678	0.00207	0.00829	0.00609	0.00333	0.01029
40	0.00977	0.00733	0.01100	0.01100	0.01222	0.00855	0.00855	0.01222	0.01100	0.01588	0.01833	0.02688	0.01710	0.05131	0.73245	0.01100	0.01833	0.00733	0.00367	0.00611
41	0.00834	0.00595	0.00794	0.00953	0.00992	0.00556	0.00635	0.00953	0.01310	0.01746	0.03771	0.75510	0.04525	0.02143	0.00873	0.00278	0.00397	0.01945	0.00635	0.00556
42	0.01372	0.03539	0.72412	0.01950	0.02961	0.01589	0.02528	0.02167	0.01444	0.02167	0.01228	0.01444	0.00867	0.00650	0.00650	0.00217	0.01011	0.00506	0.00289	0.01011
43	0.01395	0.05871	0.67878	0.01955	0.02942	0.01630	0.04703	0.02164	0.01448	0.02149	0.01224	0.01446	0.00873	0.00645	0.00648	0.00215	0.01007	0.00511	0.00291	0.01004
44	0.00952	0.00699	0.00892	0.00843	0.01012	0.00639	0.00633	0.01259	0.01898	0.02652	0.64712	0.05262	0.13129	0.01433	0.00807	0.00217	0.00325	0.01258	0.00741	0.00639
45	0.01419	0.01216	0.01419	0.01013	0.01621	0.00912	0.00811	0.01723	0.01419	0.02229	0.01216	0.01419	0.01013	0.00507	0.00507	0.00101	0.00507	0.00405	0.00405	0.80139
46	0.01594	0.02079	0.19677	0.06792	0.49526	0.01616	0.04611	0.02103	0.01524	0.02195	0.01273	0.01644	0.01022	0.00622	0.00676	0.00209	0.00878	0.00591	0.00325	0.01046
47	0.01952	0.01613	0.01783	0.06069	0.06395	0.04094	0.01251	0.18281	0.42235	0.05318	0.02278	0.02198	0.01692	0.00859	0.00689	0.00221	0.00653	0.00704	0.00641	0.01075
48	0.01407	0.03317	0.63919	0.02146	0.07259	0.01600	0.06574	0.02164	0.01462	0.02172	0.01241	0.01484	0.00891	0.00643	0.00661	0.00217	0.01007	0.00530	0.00295	0.01010
