[name]
unknown

[dist]
# distance from previous block
# <min> <max>
25	93

[block]
# block no. 0 follows, 27 sequences, length 73
# corresponding to MSA columns:
# 151-223
name=unknown_A
#
# <colnr> <probs for GDERKNQSTAVLIFYWHMCP>
#	G	D	E	R	K	N	Q	S	T	A	V	L	I	F	Y	W	H	M	C	P
0	0.01753	0.08293	0.26960	0.01683	0.02378	0.01698	0.03521	0.05512	0.10848	0.06703	0.03696	0.02026	0.01473	0.03519	0.00917	0.00237	0.05674	0.00638	0.00474	0.11997
1	0.04775	0.21427	0.22082	0.01673	0.04764	0.01873	0.03851	0.02307	0.09207	0.02280	0.03630	0.02297	0.01582	0.05391	0.00851	0.00243	0.00827	0.03958	0.00428	0.06552
2	0.04288	0.08117	0.26475	0.01703	0.02385	0.01626	0.05974	0.04606	0.07820	0.08606	0.06279	0.07006	0.01854	0.00925	0.00782	0.00229	0.03537	0.00759	0.00502	0.06528
3	0.01565	0.06611	0.08037	0.01339	0.01813	0.01303	0.03529	0.05074	0.11572	0.05698	0.09261	0.16605	0.04978	0.01170	0.00743	0.00217	0.00616	0.01008	0.00597	0.18263
4	0.01318	0.01544	0.14348	0.05175	0.02058	0.01107	0.06778	0.01717	0.01647	0.04855	0.14873	0.22239	0.06316	0.01357	0.00868	0.00245	0.02978	0.01200	0.00568	0.08808
5	0.01654	0.16146	0.16348	0.04779	0.02107	0.06862	0.01445	0.02139	0.04764	0.06263	0.15713	0.03162	0.08714	0.01065	0.00790	0.00226	0.03419	0.02974	0.00526	0.00903
6	0.04853	0.31359	0.28198	0.01633	0.02419	0.04970	0.01802	0.07523	0.01728	0.04818	0.01290	0.01447	0.01005	0.00697	0.00603	0.00197	0.00908	0.00493	0.00385	0.03672
7	0.39473	0.11754	0.04481	0.01205	0.01733	0.01753	0.01056	0.02721	0.10343	0.16572	0.01695	0.01695	0.01235	0.00771	0.00570	0.00223	0.00640	0.00535	0.00566	0.00980
8	0.12606	0.23793	0.38174	0.01676	0.02526	0.02039	0.01971	0.02347	0.01533	0.05341	0.01275	0.01451	0.00965	0.00692	0.00606	0.00212	0.00915	0.00493	0.00362	0.01022
9	0.09373	0.01825	0.01998	0.01554	0.02116	0.01972	0.01282	0.47106	0.02960	0.16506	0.01938	0.01914	0.01352	0.01056	0.03377	0.00261	0.00806	0.00665	0.00738	0.01201
10	0.05907	0.01467	0.01571	0.01323	0.01769	0.04582	0.01053	0.11919	0.19866	0.21662	0.07676	0.03282	0.12476	0.01108	0.00760	0.00236	0.00617	0.00898	0.00762	0.01064
11	0.61517	0.01396	0.01238	0.01056	0.01543	0.01532	0.00871	0.02516	0.01464	0.18790	0.01474	0.01513	0.01044	0.00743	0.00526	0.00230	0.00588	0.00482	0.00566	0.00911
12	0.00898	0.00671	0.00836	0.00968	0.01060	0.00608	0.00660	0.01041	0.01484	0.01921	0.04889	0.58008	0.19813	0.02222	0.00931	0.00290	0.00418	0.01984	0.00689	0.00608
13	0.01676	0.01682	0.02461	0.43853	0.24989	0.08637	0.02067	0.02124	0.01611	0.02055	0.01326	0.01870	0.01045	0.00719	0.00733	0.00233	0.00991	0.00642	0.00347	0.00939
14	0.00904	0.00646	0.00861	0.01034	0.01077	0.00603	0.00689	0.01034	0.01421	0.01895	0.04092	0.73426	0.04910	0.02326	0.00948	0.00301	0.00431	0.02110	0.00689	0.00603
15	0.00904	0.00646	0.00861	0.01034	0.01077	0.00603	0.00689	0.01034	0.01421	0.01895	0.04092	0.73426	0.04910	0.02326	0.00948	0.00301	0.00431	0.02110	0.00689	0.00603
16	0.61399	0.01585	0.01356	0.01146	0.01637	0.01813	0.00945	0.17214	0.01781	0.03644	0.01208	0.01340	0.00911	0.00736	0.00525	0.00228	0.00631	0.00464	0.00525	0.00911
17	0.00904	0.00646	0.00861	0.01034	0.01077	0.00603	0.00689	0.01034	0.01421	0.01895	0.04092	0.73426	0.04910	0.02326	0.00948	0.00301	0.00431	0.02110	0.00689	0.00603
18	0.00904	0.00646	0.00861	0.01034	0.01077	0.00603	0.00689	0.01034	0.01421	0.01895	0.04092	0.73426	0.04910	0.02326	0.00948	0.00301	0.00431	0.02110	0.00689	0.00603
19	0.00904	0.00646	0.00861	0.01034	0.01077	0.00603	0.00689	0.01034	0.01421	0.01895	0.04092	0.73426	0.04910	0.02326	0.00948	0.00301	0.00431	0.02110	0.00689	0.00603
20	0.01723	0.01946	0.04204	0.08787	0.03981	0.01859	0.61292	0.02339	0.01730	0.02339	0.01487	0.02001	0.01115	0.00635	0.00865	0.00250	0.01230	0.00858	0.00372	0.00987
21	0.01384	0.00692	0.00692	0.00692	0.00865	0.00692	0.00519	0.01730	0.01557	0.02768	0.02422	0.02768	0.01903	0.00865	0.00519	0.00173	0.00346	0.00692	0.78031	0.00692
22	0.03331	0.01263	0.01723	0.01321	0.01895	0.01091	0.01091	0.03618	0.02125	0.69794	0.02929	0.02527	0.01838	0.00919	0.00747	0.00230	0.00632	0.00747	0.00919	0.01263
23	0.01489	0.03840	0.70064	0.02116	0.03213	0.01724	0.02743	0.02351	0.01567	0.02351	0.01332	0.01567	0.00940	0.00705	0.00705	0.00235	0.01097	0.00549	0.00313	0.01097
24	0.01363	0.00791	0.00898	0.00870	0.01044	0.00834	0.00656	0.05019	0.01541	0.02533	0.02282	0.02895	0.01913	0.07025	0.17144	0.00451	0.00779	0.00742	0.50522	0.00698
25	0.01051	0.00759	0.00992	0.00934	0.01109	0.00700	0.00700	0.01401	0.02101	0.02977	0.68888	0.05545	0.07005	0.01518	0.00876	0.00233	0.00350	0.01343	0.00817	0.00700
26	0.03245	0.04640	0.01846	0.01337	0.01915	0.01233	0.01114	0.06547	0.02161	0.63603	0.02788	0.02431	0.01770	0.00905	0.00734	0.00226	0.00648	0.00727	0.00883	0.01249
27	0.01304	0.01001	0.01252	0.01311	0.01536	0.01046	0.01085	0.02039	0.17145	0.02492	0.11508	0.10122	0.06364	0.01754	0.00936	0.00303	0.00598	0.36695	0.00717	0.00794
28	0.01911	0.55657	0.18374	0.01485	0.02211	0.05723	0.01602	0.02284	0.01548	0.01883	0.01103	0.01280	0.00950	0.00656	0.00535	0.00177	0.00885	0.00434	0.00320	0.00980
29	0.02412	0.02883	0.02190	0.02015	0.04681	0.46737	0.01519	0.04501	0.01854	0.01916	0.01126	0.01452	0.00979	0.00917	0.01178	0.00231	0.21622	0.00540	0.00376	0.00870
30	0.00904	0.00646	0.00861	0.01034	0.01077	0.00603	0.00689	0.01034	0.01421	0.01895	0.04092	0.73426	0.04910	0.02326	0.00948	0.00301	0.00431	0.02110	0.00689	0.00603
31	0.01823	0.40741	0.12037	0.14584	0.02732	0.02322	0.03818	0.02208	0.01534	0.04493	0.01225	0.01494	0.01005	0.00690	0.00641	0.00194	0.02978	0.00505	0.00350	0.04627
32	0.01655	0.32149	0.33891	0.01636	0.02398	0.02137	0.01876	0.02153	0.01480	0.01995	0.01298	0.01745	0.01122	0.08003	0.00978	0.00255	0.03394	0.00543	0.00329	0.00964
33	0.03331	0.01263	0.01723	0.01321	0.01895	0.01091	0.01091	0.03618	0.02125	0.69794	0.02929	0.02527	0.01838	0.00919	0.00747	0.00230	0.00632	0.00747	0.00919	0.01263
34	0.10256	0.02122	0.01938	0.01590	0.02102	0.16137	0.01274	0.28983	0.11021	0.14334	0.01923	0.01882	0.01376	0.00865	0.00702	0.00222	0.00841	0.00638	0.00671	0.01124
35	0.02033	0.45528	0.03028	0.01394	0.01927	0.14006	0.01243	0.02595	0.13558	0.02016	0.01752	0.01814	0.04785	0.00790	0.00580	0.00186	0.00826	0.00552	0.00427	0.00960
36	0.00904	0.00646	0.00861	0.01034	0.01077	0.00603	0.00689	0.01034	0.01421	0.01895	0.04092	0.73426	0.04910	0.02326	0.00948	0.00301	0.00431	0.02110	0.00689	0.00603
37	0.00904	0.00646	0.00861	0.01034	0.01077	0.00603	0.00689	0.01034	0.01421	0.01895	0.04092	0.73426	0.04910	0.02326	0.00948	0.00301	0.00431	0.02110	0.00689	0.00603
38	0.01838	0.01496	0.01700	0.01241	0.01886	0.01295	0.01003	0.16973	0.01993	0.02945	0.01427	0.01596	0.01137	0.00629	0.00595	0.00136	0.00612	0.00493	0.00510	0.60495
39	0.01489	0.03840	0.70064	0.02116	0.03213	0.01724	0.02743	0.02351	0.01567	0.02351	0.01332	0.01567	0.00940	0.00705	0.00705	0.00235	0.01097	0.00549	0.00313	0.01097
40	0.00877	0.00752	0.00752	0.00752	0.01003	0.00627	0.00564	0.01065	0.01692	0.02005	0.07520	0.07144	0.68978	0.01880	0.00877	0.00251	0.00376	0.01567	0.00689	0.00627
41	0.02907	0.01815	0.02049	0.01585	0.02162	0.01926	0.01304	0.44732	0.07140	0.23263	0.02189	0.02058	0.01490	0.00906	0.00745	0.00227	0.00749	0.00702	0.00794	0.01257
42	0.01481	0.03662	0.65244	0.02105	0.03155	0.01690	0.04800	0.02316	0.01594	0.02376	0.03904	0.01733	0.01177	0.00733	0.00717	0.00236	0.01074	0.00590	0.00335	0.01079
43	0.00949	0.00715	0.00885	0.01008	0.01109	0.00673	0.00692	0.01193	0.04986	0.01979	0.04651	0.57777	0.16286	0.02176	0.00925	0.00290	0.00429	0.01946	0.00693	0.00637
44	0.02487	0.01757	0.01871	0.01472	0.01968	0.01928	0.01204	0.51667	0.03041	0.04234	0.01931	0.02012	0.01411	0.00885	0.00691	0.00211	0.00707	0.00674	0.18720	0.01130
45	0.02822	0.02079	0.02228	0.01708	0.02302	0.02302	0.01411	0.66804	0.03490	0.04679	0.01782	0.01782	0.01262	0.00891	0.00743	0.00223	0.00817	0.00668	0.00743	0.01262
46	0.01539	0.01319	0.01539	0.01100	0.01759	0.00990	0.00880	0.01869	0.01539	0.02419	0.01319	0.01539	0.01100	0.00550	0.00550	0.00110	0.00550	0.00440	0.00440	0.78449
47	0.01078	0.00727	0.00844	0.00844	0.00856	0.00739	0.00493	0.01102	0.01090	0.01465	0.02307	0.04682	0.02623	0.67723	0.09861	0.00763	0.00835	0.01054	0.00445	0.00469
48	0.76493	0.01413	0.01088	0.00975	0.01425	0.01632	0.00800	0.02156	0.01292	0.03319	0.03346	0.01354	0.01015	0.00717	0.00474	0.00230	0.00567	0.00434	0.00472	0.00800
49	0.02691	0.02015	0.02154	0.01682	0.02252	0.02241	0.01379	0.58391	0.12116	0.04468	0.01948	0.01914	0.01397	0.00907	0.00744	0.00227	0.00786	0.00691	0.00744	0.01251
50	0.02822	0.02079	0.02228	0.01708	0.02302	0.02302	0.01411	0.66804	0.03490	0.04679	0.01782	0.01782	0.01262	0.00891	0.00743	0.00223	0.00817	0.00668	0.00743	0.01262
51	0.01821	0.01286	0.01541	0.01125	0.01744	0.00996	0.00898	0.02130	0.01619	0.13659	0.01630	0.01839	0.01288	0.03579	0.00713	0.00155	0.00570	0.00517	0.00520	0.62372
52	0.01503	0.03743	0.66603	0.02169	0.03248	0.01732	0.06106	0.02352	0.01577	0.02352	0.01341	0.01590	0.00950	0.00701	0.00714	0.00236	0.01105	0.00566	0.00317	0.01092
53	0.01402	0.01319	0.02227	0.72126	0.05113	0.01649	0.02062	0.01897	0.01484	0.01897	0.01319	0.01979	0.00990	0.00742	0.00742	0.00247	0.00990	0.00660	0.00330	0.00825
54	0.01051	0.00759	0.00992	0.00934	0.01109	0.00700	0.00700	0.01401	0.02101	0.02977	0.68888	0.05545	0.07005	0.01518	0.00876	0.00233	0.00350	0.01343	0.00817	0.00700
55	0.37672	0.01225	0.01262	0.01072	0.01501	0.01264	0.00868	0.02442	0.01723	0.23685	0.17400	0.02621	0.02564	0.00952	0.00645	0.00231	0.00540	0.00727	0.00684	0.00921
56	0.03310	0.01296	0.01743	0.01336	0.01912	0.01140	0.01104	0.06174	0.02180	0.67160	0.02882	0.02497	0.01814	0.00918	0.00746	0.00229	0.00639	0.00743	0.00912	0.01263
57	0.01061	0.00795	0.01193	0.01193	0.01326	0.00928	0.00928	0.01326	0.01193	0.01723	0.01988	0.02916	0.01856	0.05568	0.70968	0.01193	0.01988	0.00795	0.00398	0.00663
58	0.01080	0.00720	0.00810	0.00810	0.00810	0.00720	0.00450	0.01080	0.01080	0.01439	0.02339	0.04858	0.02699	0.73910	0.03779	0.00720	0.00720	0.01080	0.00450	0.00450
59	0.03227	0.01240	0.01689	0.01303	0.01859	0.01073	0.01073	0.03517	0.02124	0.66743	0.05941	0.02665	0.02074	0.00946	0.00752	0.00230	0.00619	0.00774	0.00914	0.01238
60	0.01645	0.04453	0.19268	0.02361	0.02892	0.02030	0.23475	0.02131	0.01456	0.02117	0.01237	0.01723	0.01016	0.00913	0.01444	0.00274	0.29584	0.00693	0.00339	0.00947
61	0.03295	0.01320	0.01758	0.01348	0.01923	0.01175	0.01113	0.07999	0.02219	0.65279	0.02849	0.02475	0.01798	0.00917	0.00746	0.00229	0.00645	0.00741	0.00907	0.01263
62	0.00904	0.00646	0.00861	0.01034	0.01077	0.00603	0.00689	0.01034	0.01421	0.01895	0.04092	0.73426	0.04910	0.02326	0.00948	0.00301	0.00431	0.02110	0.00689	0.00603
63	0.01927	0.02003	0.03951	0.02852	0.03552	0.01962	0.53535	0.13144	0.02023	0.02744	0.01531	0.01953	0.01144	0.00692	0.00905	0.00248	0.03526	0.00834	0.00435	0.01039
64	0.03047	0.01327	0.01714	0.01357	0.01902	0.01236	0.01107	0.03680	0.14722	0.57029	0.02947	0.02573	0.01920	0.00936	0.00748	0.00234	0.00623	0.00764	0.00888	0.01246
65	0.01402	0.01319	0.02227	0.72126	0.05113	0.01649	0.02062	0.01897	0.01484	0.01897	0.01319	0.01979	0.00990	0.00742	0.00742	0.00247	0.00990	0.00660	0.00330	0.00825
66	0.01004	0.00757	0.00928	0.00885	0.01080	0.00681	0.00664	0.01310	0.01991	0.02715	0.52349	0.05976	0.23707	0.01615	0.00876	0.00238	0.00357	0.01403	0.00783	0.00681
67	0.00932	0.00749	0.00831	0.00821	0.01039	0.00648	0.00612	0.01167	0.01805	0.02298	0.26164	0.09681	0.47067	0.01789	0.00880	0.00248	0.00371	0.01523	0.00729	0.00648
68	0.02771	0.02054	0.02199	0.01698	0.02283	0.02278	0.01399	0.63492	0.06886	0.04596	0.01848	0.01834	0.01315	0.00897	0.00743	0.00224	0.00805	0.00677	0.00743	0.01258
69	0.02770	0.02054	0.02199	0.01698	0.02283	0.02278	0.01399	0.63481	0.06897	0.04595	0.01848	0.01835	0.01316	0.00897	0.00743	0.00224	0.00805	0.00677	0.00743	0.01258
70	0.01357	0.00929	0.01173	0.01101	0.01240	0.01087	0.00862	0.03762	0.01417	0.02283	0.02016	0.02670	0.01741	0.05216	0.23493	0.00547	0.12989	0.00732	0.34673	0.00713
71	0.00904	0.00646	0.00861	0.01034	0.01077	0.00603	0.00689	0.01034	0.01421	0.01895	0.04092	0.73426	0.04910	0.02326	0.00948	0.00301	0.00431	0.02110	0.00689	0.00603
72	0.41235	0.01541	0.01627	0.17412	0.02486	0.01773	0.01237	0.16196	0.01838	0.06451	0.01351	0.01570	0.00995	0.00756	0.00599	0.00232	0.00725	0.00535	0.00513	0.00930

[dist]
# distance from previous block
# <min> <max>
0	1

[block]
# block no. 1 follows, 27 sequences, length 9
# corresponding to MSA columns:
# 225-233
name=unknown_B
#
# <colnr> <probs for GDERKNQSTAVLIFYWHMCP>
#	G	D	E	R	K	N	Q	S	T	A	V	L	I	F	Y	W	H	M	C	P
0	0.02400	0.01443	0.01665	0.01386	0.01831	0.01513	0.01089	0.12941	0.27237	0.25830	0.02716	0.02806	0.02025	0.10318	0.01139	0.00300	0.00654	0.00813	0.00770	0.01125
1	0.01162	0.00763	0.01036	0.01036	0.01181	0.00854	0.00800	0.01452	0.01307	0.02051	0.02124	0.02870	0.01871	0.04093	0.48872	0.00873	0.01473	0.00763	0.24748	0.00672
2	0.02601	0.01739	0.01945	0.01534	0.02049	0.01870	0.01249	0.43450	0.08414	0.14244	0.07881	0.02326	0.01935	0.01030	0.00846	0.03487	0.00722	0.00752	0.00760	0.01167
3	0.01669	0.01442	0.01835	0.01321	0.01982	0.01177	0.06365	0.07563	0.01727	0.02612	0.01375	0.01599	0.01116	0.00586	0.00594	0.00131	0.00631	0.00496	0.00461	0.65319
4	0.00916	0.00658	0.00887	0.01046	0.01096	0.00628	0.00708	0.01056	0.01404	0.01882	0.03930	0.67996	0.04675	0.02575	0.06340	0.00370	0.00551	0.02009	0.00667	0.00608
5	0.02476	0.06447	0.02063	0.01574	0.02096	0.12534	0.01271	0.25153	0.19367	0.10759	0.02050	0.01996	0.01506	0.00864	0.00705	0.00214	0.00797	0.00658	0.00662	0.06806
6	0.07901	0.02136	0.22917	0.01507	0.02099	0.03826	0.01514	0.07528	0.12235	0.07404	0.05010	0.09581	0.11008	0.01124	0.00750	0.00243	0.00742	0.00917	0.00577	0.00979
7	0.01940	0.01762	0.02800	0.11952	0.51391	0.01835	0.02118	0.12296	0.01947	0.02715	0.01448	0.01845	0.01168	0.00707	0.00737	0.00224	0.00884	0.00662	0.00422	0.01149
8	0.02152	0.07623	0.02009	0.04459	0.02132	0.08780	0.01204	0.17499	0.13350	0.06956	0.01771	0.01834	0.01348	0.00766	0.00656	0.00185	0.00742	0.00589	0.00572	0.25373

[dist]
# distance from previous block
# <min> <max>
0	4

[block]
# block no. 2 follows, 27 sequences, length 115
# corresponding to MSA columns:
# 239-353
name=unknown_C
#
# <colnr> <probs for GDERKNQSTAVLIFYWHMCP>
#	G	D	E	R	K	N	Q	S	T	A	V	L	I	F	Y	W	H	M	C	P
0	0.01956	0.01446	0.01601	0.01400	0.01794	0.01591	0.01090	0.11544	0.39341	0.09955	0.10531	0.06510	0.02790	0.03918	0.00893	0.00264	0.00592	0.00938	0.00762	0.01084
1	0.01728	0.01931	0.03981	0.02905	0.03514	0.01952	0.54272	0.02266	0.01636	0.02266	0.01402	0.01931	0.01098	0.00753	0.01172	0.00264	0.14764	0.00833	0.00366	0.00965
2	0.02716	0.02041	0.02112	0.01643	0.02198	0.05100	0.01348	0.59393	0.03292	0.04419	0.01802	0.01835	0.01296	0.00884	0.00723	0.00218	0.00805	0.00662	0.06310	0.01204
3	0.01737	0.01974	0.04290	0.06036	0.03932	0.01868	0.63865	0.02358	0.01741	0.02358	0.01494	0.02002	0.01121	0.00631	0.00870	0.00250	0.01241	0.00867	0.00374	0.00994
4	0.01686	0.01610	0.02740	0.28004	0.47013	0.01724	0.02203	0.02146	0.01619	0.02242	0.01370	0.01887	0.01111	0.00689	0.00737	0.00230	0.00919	0.00661	0.00354	0.01054
5	0.00883	0.00728	0.00777	0.00815	0.01019	0.00621	0.00592	0.01058	0.01631	0.01981	0.06752	0.21990	0.54628	0.01980	0.00893	0.00262	0.00388	0.01689	0.00689	0.00621
6	0.01118	0.00716	0.00795	0.00795	0.00817	0.00716	0.00459	0.01162	0.01140	0.01607	0.02350	0.04594	0.02598	0.64681	0.03367	0.00651	0.00672	0.01031	0.10253	0.00480
7	0.02611	0.02672	0.02015	0.01754	0.02179	0.38471	0.01359	0.13077	0.14762	0.08482	0.01751	0.01794	0.01330	0.00864	0.00770	0.00216	0.03716	0.00606	0.00554	0.01016
8	0.03311	0.01295	0.01743	0.01336	0.01911	0.01139	0.01104	0.06095	0.02178	0.67241	0.02884	0.02498	0.01815	0.00918	0.00746	0.00229	0.00639	0.00743	0.00912	0.01263
9	0.00932	0.00658	0.00853	0.00998	0.01034	0.00621	0.00651	0.01041	0.01367	0.01823	0.03814	0.62576	0.04560	0.13653	0.01395	0.00368	0.00476	0.01947	0.00651	0.00579
10	0.01752	0.02003	0.04380	0.03129	0.03880	0.01877	0.66583	0.02378	0.01752	0.02378	0.01502	0.02003	0.01126	0.00626	0.00876	0.00250	0.01252	0.00876	0.00375	0.01001
11	0.02625	0.01982	0.02117	0.01668	0.02227	0.02210	0.01363	0.54133	0.16482	0.04362	0.02032	0.01981	0.01465	0.00915	0.00745	0.00229	0.00771	0.00703	0.00745	0.01245
12	0.01064	0.00783	0.01130	0.01130	0.01241	0.00894	0.00849	0.01285	0.01174	0.01677	0.02046	0.03236	0.01995	0.16812	0.59913	0.01115	0.01780	0.00842	0.00406	0.00628
13	0.02773	0.03538	0.02104	0.01913	0.02295	0.70930	0.01434	0.02964	0.02104	0.01817	0.01148	0.01339	0.00956	0.00765	0.00669	0.00191	0.01339	0.00478	0.00383	0.00861
14	0.02637	0.01988	0.02124	0.01671	0.02232	0.02216	0.01366	0.54891	0.15705	0.04380	0.02017	0.01969	0.01453	0.00913	0.00745	0.00228	0.00773	0.00701	0.00745	0.01246
15	0.00922	0.00748	0.00817	0.00811	0.01033	0.00644	0.00604	0.01147	0.01781	0.02242	0.22611	0.10021	0.50403	0.01812	0.00880	0.00249	0.00372	0.01538	0.00721	0.00644
16	0.02756	0.02016	0.02158	0.01662	0.02237	0.02229	0.01370	0.63838	0.03402	0.04592	0.01811	0.01827	0.01292	0.00890	0.00732	0.00221	0.00795	0.00669	0.04265	0.01236
17	0.01539	0.01319	0.01539	0.01100	0.01759	0.00990	0.00880	0.01869	0.01539	0.02419	0.01319	0.01539	0.01100	0.00550	0.00550	0.00110	0.00550	0.00440	0.00440	0.78449
18	0.00912	0.00649	0.00859	0.01024	0.01065	0.00608	0.00678	0.01036	0.01406	0.01875	0.04013	0.70361	0.04811	0.05525	0.01074	0.00320	0.00444	0.02064	0.00678	0.00596
19	0.00930	0.00754	0.00825	0.00807	0.01035	0.00649	0.00605	0.01167	0.01816	0.02300	0.26136	0.06659	0.50179	0.01770	0.00877	0.00245	0.00368	0.01499	0.00728	0.00649
20	0.01837	0.01764	0.03013	0.04557	0.69279	0.01764	0.02278	0.02278	0.01690	0.02425	0.01396	0.01837	0.01176	0.00661	0.00735	0.00220	0.00882	0.00661	0.00367	0.01176
21	0.01080	0.00720	0.00810	0.00810	0.00810	0.00720	0.00450	0.01080	0.01080	0.01439	0.02339	0.04858	0.02699	0.73910	0.03779	0.00720	0.00720	0.01080	0.00450	0.00450
22	0.02822	0.02079	0.02228	0.01708	0.02302	0.02302	0.01411	0.66804	0.03490	0.04679	0.01782	0.01782	0.01262	0.00891	0.00743	0.00223	0.00817	0.00668	0.00743	0.01262
23	0.01624	0.01624	0.02274	0.01949	0.01949	0.02274	0.01624	0.01787	0.01137	0.01787	0.00975	0.01624	0.00975	0.01299	0.02436	0.00325	0.72552	0.00650	0.00325	0.00812
24	0.01076	0.00734	0.00882	0.00882	0.00907	0.00759	0.00540	0.01126	0.01101	0.01493	0.02273	0.04490	0.02539	0.60958	0.16512	0.00809	0.00960	0.01026	0.00440	0.00490
25	0.01846	0.01595	0.01679	0.01511	0.01930	0.01846	0.01175	0.03945	0.67938	0.03105	0.03022	0.02770	0.02266	0.01007	0.00755	0.00252	0.00588	0.00839	0.00755	0.01175
26	0.03314	0.01290	0.01739	0.01334	0.01908	0.01131	0.01102	0.05698	0.02170	0.67650	0.02891	0.02502	0.01819	0.00918	0.00746	0.00229	0.00638	0.00744	0.00913	0.01263
27	0.02773	0.03538	0.02104	0.01913	0.02295	0.70930	0.01434	0.02964	0.02104	0.01817	0.01148	0.01339	0.00956	0.00765	0.00669	0.00191	0.01339	0.00478	0.00383	0.00861
28	0.01752	0.02003	0.04380	0.03129	0.03880	0.01877	0.66583	0.02378	0.01752	0.02378	0.01502	0.02003	0.01126	0.00626	0.00876	0.00250	0.01252	0.00876	0.00375	0.01001
29	0.03331	0.01263	0.01723	0.01321	0.01895	0.01091	0.01091	0.03618	0.02125	0.69794	0.02929	0.02527	0.01838	0.00919	0.00747	0.00230	0.00632	0.00747	0.00919	0.01263
30	0.00877	0.00752	0.00752	0.00752	0.01003	0.00627	0.00564	0.01065	0.01692	0.02005	0.07520	0.07144	0.68978	0.01880	0.00877	0.00251	0.00376	0.01567	0.00689	0.00627
31	0.01076	0.00734	0.00882	0.00882	0.00907	0.00759	0.00540	0.01126	0.01101	0.01493	0.02273	0.04490	0.02539	0.60958	0.16512	0.00809	0.00960	0.01026	0.00440	0.00490
32	0.01752	0.02003	0.04380	0.03129	0.03880	0.01877	0.66583	0.02378	0.01752	0.02378	0.01502	0.02003	0.01126	0.00626	0.00876	0.00250	0.01252	0.00876	0.00375	0.01001
33	0.03331	0.01263	0.01723	0.01321	0.01895	0.01091	0.01091	0.03618	0.02125	0.69794	0.02929	0.02527	0.01838	0.00919	0.00747	0.00230	0.00632	0.00747	0.00919	0.01263
34	0.00914	0.00654	0.00870	0.01027	0.01079	0.00609	0.00690	0.01058	0.01467	0.01967	0.08401	0.68911	0.05049	0.02272	0.00943	0.00297	0.00425	0.02059	0.00698	0.00609
35	0.01849	0.48168	0.25986	0.01569	0.02357	0.02509	0.01768	0.04571	0.01599	0.02054	0.01159	0.01338	0.00960	0.00668	0.00563	0.00187	0.00896	0.00457	0.00331	0.01012
36	0.73080	0.01430	0.01118	0.00993	0.01446	0.01650	0.00816	0.04636	0.01360	0.03359	0.01119	0.01291	0.00866	0.00704	0.00473	0.00227	0.00574	0.00424	0.03616	0.00817
37	0.01573	0.03723	0.66949	0.02080	0.03153	0.01695	0.02668	0.02409	0.01593	0.05425	0.01405	0.01611	0.00981	0.00715	0.00707	0.00235	0.01076	0.00558	0.00341	0.01105
38	0.01964	0.71420	0.06646	0.01305	0.01960	0.02887	0.01332	0.02228	0.01511	0.01772	0.01045	0.01207	0.00952	0.00638	0.00486	0.00162	0.00807	0.00403	0.00317	0.00959
39	0.05236	0.01529	0.02067	0.25457	0.02978	0.01913	0.01602	0.14943	0.01768	0.02556	0.01374	0.01850	0.01105	0.00966	0.01279	0.00262	0.24836	0.00649	0.06732	0.00897
40	0.01045	0.00759	0.00984	0.00928	0.01105	0.00698	0.00696	0.01389	0.02087	0.02943	0.66721	0.05602	0.09193	0.01530	0.00876	0.00234	0.00351	0.01350	0.00813	0.00698
41	0.01624	0.01624	0.02274	0.01949	0.01949	0.02274	0.01624	0.01787	0.01137	0.01787	0.00975	0.01624	0.00975	0.01299	0.02436	0.00325	0.72552	0.00650	0.00325	0.00812
42	0.00970	0.00756	0.00880	0.00849	0.01059	0.00666	0.00637	0.01244	0.01910	0.02522	0.40163	0.06294	0.36013	0.01687	0.00876	0.00242	0.00362	0.01448	0.00757	0.00666
43	0.00885	0.00751	0.00754	0.00754	0.00995	0.00630	0.00560	0.01066	0.01668	0.01984	0.07321	0.07056	0.66423	0.04656	0.00989	0.00269	0.00389	0.01548	0.00680	0.00620
44	0.01985	0.74357	0.03890	0.01270	0.01905	0.02937	0.01270	0.02223	0.01508	0.01747	0.01032	0.01191	0.00953	0.00635	0.00476	0.00159	0.00794	0.00397	0.00318	0.00953
45	0.00910	0.00648	0.00860	0.01026	0.01068	0.00607	0.00681	0.01035	0.01410	0.01880	0.04034	0.71169	0.04837	0.04682	0.01041	0.00315	0.00440	0.02077	0.00681	0.00598
46	0.01985	0.74357	0.03890	0.01270	0.01905	0.02937	0.01270	0.02223	0.01508	0.01747	0.01032	0.01191	0.00953	0.00635	0.00476	0.00159	0.00794	0.00397	0.00318	0.00953
47	0.00919	0.00754	0.00810	0.00796	0.01028	0.00644	0.00597	0.01146	0.01791	0.02239	0.22275	0.06760	0.54078	0.01793	0.00877	0.00247	0.00370	0.01513	0.00720	0.00644
48	0.01196	0.00854	0.01196	0.01367	0.01538	0.00854	0.01196	0.01538	0.01709	0.02222	0.03931	0.08374	0.04272	0.02051	0.01025	0.00342	0.00684	0.64283	0.00684	0.00684
49	0.01752	0.02003	0.04380	0.03129	0.03880	0.01877	0.66583	0.02378	0.01752	0.02378	0.01502	0.02003	0.01126	0.00626	0.00876	0.00250	0.01252	0.00876	0.00375	0.01001
50	0.79154	0.01436	0.01091	0.00976	0.01436	0.01665	0.00804	0.02182	0.01263	0.03331	0.01034	0.01206	0.00804	0.00689	0.00459	0.00230	0.00574	0.00402	0.00459	0.00804
51	0.00904	0.00646	0.00861	0.01034	0.01077	0.00603	0.00689	0.01034	0.01421	0.01895	0.04092	0.73426	0.04910	0.02326	0.00948	0.00301	0.00431	0.02110	0.00689	0.00603
52	0.01747	0.01987	0.04292	0.03079	0.03799	0.01894	0.63847	0.02353	0.01726	0.02353	0.01480	0.01987	0.01120	0.00654	0.00942	0.00253	0.04255	0.00867	0.00373	0.00993
53	0.01289	0.00645	0.00967	0.00967	0.00967	0.00645	0.00645	0.00967	0.00967	0.01289	0.01289	0.02257	0.01289	0.02579	0.02901	0.78401	0.00645	0.00645	0.00322	0.00322
54	0.01539	0.01319	0.01539	0.01100	0.01759	0.00990	0.00880	0.01869	0.01539	0.02419	0.01319	0.01539	0.01100	0.00550	0.00550	0.00110	0.00550	0.00440	0.00440	0.78449
55	0.70537	0.01416	0.01163	0.01015	0.01488	0.01600	0.00837	0.02345	0.01361	0.10884	0.01249	0.01356	0.00921	0.00715	0.00492	0.00230	0.00581	0.00441	0.00512	0.00856
56	0.00904	0.00646	0.00861	0.01034	0.01077	0.00603	0.00689	0.01034	0.01421	0.01895	0.04092	0.73426	0.04910	0.02326	0.00948	0.00301	0.00431	0.02110	0.00689	0.00603
57	0.01080	0.00720	0.00810	0.00810	0.00810	0.00720	0.00450	0.01080	0.01080	0.01439	0.02339	0.04858	0.02699	0.73910	0.03779	0.00720	0.00720	0.01080	0.00450	0.00450
58	0.01648	0.01696	0.02673	0.02173	0.02315	0.02199	0.13935	0.01899	0.01254	0.01899	0.01074	0.01696	0.01003	0.01172	0.02141	0.00311	0.59039	0.00693	0.00334	0.00848
59	0.00877	0.00752	0.00752	0.00752	0.01003	0.00627	0.00564	0.01065	0.01692	0.02005	0.07520	0.07144	0.68978	0.01880	0.00877	0.00251	0.00376	0.01567	0.00689	0.00627
60	0.00904	0.00646	0.00861	0.01034	0.01077	0.00603	0.00689	0.01034	0.01421	0.01895	0.04092	0.73426	0.04910	0.02326	0.00948	0.00301	0.00431	0.02110	0.00689	0.00603
61	0.03130	0.01395	0.01785	0.01377	0.01936	0.01303	0.01134	0.15492	0.02383	0.54408	0.05718	0.02523	0.01964	0.00941	0.00752	0.00229	0.00654	0.00759	0.00881	0.01238
62	0.02822	0.02079	0.02228	0.01708	0.02302	0.02302	0.01411	0.66804	0.03490	0.04679	0.01782	0.01782	0.01262	0.00891	0.00743	0.00223	0.00817	0.00668	0.00743	0.01262
63	0.01402	0.01319	0.02227	0.72126	0.05113	0.01649	0.02062	0.01897	0.01484	0.01897	0.01319	0.01979	0.00990	0.00742	0.00742	0.00247	0.00990	0.00660	0.00330	0.00825
64	0.02388	0.01891	0.01989	0.01530	0.02122	0.04755	0.01244	0.41354	0.07261	0.03808	0.01708	0.01762	0.01272	0.00796	0.00685	0.00191	0.00747	0.00607	0.00642	0.23247
65	0.01596	0.01517	0.02577	0.42048	0.33677	0.01700	0.02158	0.02067	0.01576	0.02132	0.01354	0.01916	0.01073	0.00706	0.00739	0.00235	0.00942	0.00661	0.00347	0.00981
66	0.01837	0.01764	0.03013	0.04557	0.69279	0.01764	0.02278	0.02278	0.01690	0.02425	0.01396	0.01837	0.01176	0.00661	0.00735	0.00220	0.00882	0.00661	0.00367	0.01176
67	0.00887	0.00716	0.00789	0.00848	0.01028	0.00619	0.00607	0.01055	0.01600	0.01968	0.06349	0.29793	0.47086	0.02032	0.00901	0.00268	0.00395	0.01753	0.00689	0.00619
68	0.01462	0.01396	0.02381	0.60921	0.10539	0.01692	0.04570	0.01945	0.01500	0.01957	0.01320	0.01954	0.01011	0.00752	0.00810	0.00248	0.03678	0.00668	0.00335	0.00862
69	0.02822	0.02079	0.02228	0.01708	0.02302	0.02302	0.01411	0.66804	0.03490	0.04679	0.01782	0.01782	0.01262	0.00891	0.00743	0.00223	0.00817	0.00668	0.00743	0.01262
70	0.01027	0.00780	0.00966	0.01025	0.01214	0.00719	0.00820	0.01298	0.01766	0.02286	0.19648	0.12744	0.27870	0.01895	0.00933	0.00282	0.00479	0.22873	0.00716	0.00660
71	0.01486	0.01405	0.02378	0.59120	0.17464	0.01671	0.02103	0.01970	0.01524	0.01998	0.01334	0.01952	0.01025	0.00727	0.00741	0.00242	0.00969	0.00660	0.00337	0.00892
72	0.00892	0.00753	0.00772	0.00767	0.01012	0.00633	0.00576	0.01094	0.01727	0.02087	0.12682	0.07010	0.63765	0.01850	0.00877	0.00249	0.00374	0.01548	0.00700	0.00633
73	0.01884	0.01614	0.01700	0.01518	0.01945	0.01864	0.01184	0.06386	0.65435	0.03167	0.02973	0.02731	0.02227	0.01003	0.00755	0.00251	0.00596	0.00833	0.00755	0.01178
74	0.79154	0.01436	0.01091	0.00976	0.01436	0.01665	0.00804	0.02182	0.01263	0.03331	0.01034	0.01206	0.00804	0.00689	0.00459	0.00230	0.00574	0.00402	0.00459	0.00804
75	0.01070	0.00732	0.00867	0.00849	0.00904	0.00714	0.00529	0.01181	0.01402	0.01925	0.23360	0.05075	0.04059	0.51043	0.02862	0.00566	0.00603	0.01163	0.00566	0.00529
76	0.79154	0.01436	0.01091	0.00976	0.01436	0.01665	0.00804	0.02182	0.01263	0.03331	0.01034	0.01206	0.00804	0.00689	0.00459	0.00230	0.00574	0.00402	0.00459	0.00804
77	0.02759	0.02042	0.02194	0.01678	0.02275	0.02237	0.01385	0.63596	0.03394	0.04567	0.01759	0.01770	0.01254	0.00874	0.00733	0.00217	0.00804	0.00657	0.00728	0.05075
78	0.02768	0.02028	0.02170	0.01670	0.02248	0.02242	0.01378	0.64371	0.03418	0.04607	0.01806	0.01819	0.01286	0.00890	0.00734	0.00221	0.00799	0.00669	0.03633	0.01241
79	0.02238	0.01664	0.01829	0.01516	0.01981	0.01802	0.01256	0.44154	0.04950	0.03826	0.02953	0.03740	0.10421	0.01240	0.00814	0.00250	0.00729	0.12843	0.00725	0.01070
80	0.01629	0.23731	0.51398	0.01877	0.02844	0.02066	0.02327	0.02315	0.01551	0.02181	0.01248	0.01461	0.00944	0.00686	0.00641	0.00214	0.01012	0.00506	0.00315	0.01056
81	0.00903	0.00651	0.00856	0.01020	0.01073	0.00604	0.00683	0.01035	0.01435	0.01901	0.04261	0.70152	0.08075	0.02304	0.00944	0.00299	0.00428	0.02084	0.00689	0.00604
82	0.00904	0.00646	0.00861	0.01034	0.01077	0.00603	0.00689	0.01034	0.01421	0.01895	0.04092	0.73426	0.04910	0.02326	0.00948	0.00301	0.00431	0.02110	0.00689	0.00603
83	0.04806	0.07603	0.46987	0.01899	0.02824	0.01677	0.04724	0.02593	0.01672	0.15946	0.01631	0.01740	0.01124	0.00740	0.00697	0.00230	0.00971	0.00586	0.00444	0.01107
84	0.02818	0.01925	0.02115	0.01635	0.02207	0.02088	0.01345	0.56472	0.03244	0.12807	0.02010	0.04434	0.01465	0.00946	0.00750	0.00226	0.00780	0.00730	0.00763	0.01239
85	0.01846	0.01595	0.01679	0.01511	0.01930	0.01846	0.01175	0.03945	0.67938	0.03105	0.03022	0.02770	0.02266	0.01007	0.00755	0.00252	0.00588	0.00839	0.00755	0.01175
86	0.79154	0.01436	0.01091	0.00976	0.01436	0.01665	0.00804	0.02182	0.01263	0.03331	0.01034	0.01206	0.00804	0.00689	0.00459	0.00230	0.00574	0.00402	0.00459	0.00804
87	0.01436	0.01354	0.02287	0.66900	0.10076	0.01658	0.02078	0.01926	0.01500	0.01938	0.01325	0.01968	0.01004	0.00736	0.00742	0.00245	0.00981	0.00660	0.00333	0.00852
88	0.01402	0.01319	0.02227	0.72126	0.05113	0.01649	0.02062	0.01897	0.01484	0.01897	0.01319	0.01979	0.00990	0.00742	0.00742	0.00247	0.00990	0.00660	0.00330	0.00825
89	0.00904	0.00646	0.00861	0.01034	0.01077	0.00603	0.00689	0.01034	0.01421	0.01895	0.04092	0.73426	0.04910	0.02326	0.00948	0.00301	0.00431	0.02110	0.00689	0.00603
90	0.06192	0.01336	0.01715	0.01363	0.01884	0.01280	0.01115	0.03525	0.11849	0.54052	0.02776	0.02468	0.01820	0.00939	0.00811	0.00237	0.03837	0.00742	0.00849	0.01211
91	0.01891	0.60993	0.16431	0.01431	0.02153	0.02707	0.01549	0.02247	0.01520	0.01861	0.01089	0.01262	0.00950	0.00648	0.00520	0.00173	0.00851	0.00426	0.00317	0.00980
92	0.01080	0.00720	0.00810	0.00810	0.00810	0.00720	0.00450	0.01080	0.01080	0.01439	0.02339	0.04858	0.02699	0.73910	0.03779	0.00720	0.00720	0.01080	0.00450	0.00450
93	0.03331	0.01263	0.01723	0.01321	0.01895	0.01091	0.01091	0.03618	0.02125	0.69794	0.02929	0.02527	0.01838	0.00919	0.00747	0.00230	0.00632	0.00747	0.00919	0.01263
94	0.02734	0.02232	0.02053	0.01679	0.02191	0.18130	0.01351	0.36877	0.07210	0.11842	0.01956	0.02137	0.01466	0.00926	0.00740	0.00224	0.00895	0.03544	0.00678	0.01136
95	0.02822	0.02079	0.02228	0.01708	0.02302	0.02302	0.01411	0.66804	0.03490	0.04679	0.01782	0.01782	0.01262	0.00891	0.00743	0.00223	0.00817	0.00668	0.00743	0.01262
96	0.00938	0.00660	0.00852	0.00991	0.01026	0.00625	0.00644	0.01042	0.01357	0.01809	0.03760	0.60431	0.04491	0.15893	0.01484	0.00381	0.00485	0.01915	0.00644	0.00574
97	0.60769	0.01756	0.01351	0.01176	0.01643	0.09618	0.00953	0.10487	0.01642	0.03330	0.01142	0.01294	0.00880	0.00723	0.00519	0.00224	0.00692	0.00445	0.00487	0.00869
98	0.00904	0.00646	0.00861	0.01034	0.01077	0.00603	0.00689	0.01034	0.01421	0.01895	0.04092	0.73426	0.04910	0.02326	0.00948	0.00301	0.00431	0.02110	0.00689	0.00603
99	0.01539	0.01319	0.01539	0.01100	0.01759	0.00990	0.00880	0.01869	0.01539	0.02419	0.01319	0.01539	0.01100	0.00550	0.00550	0.00110	0.00550	0.00440	0.00440	0.78449
100	0.01080	0.00720	0.00810	0.00810	0.00810	0.00720	0.00450	0.01080	0.01080	0.01439	0.02339	0.04858	0.02699	0.73910	0.03779	0.00720	0.00720	0.01080	0.00450	0.00450
101	0.01512	0.07054	0.67048	0.02077	0.03153	0.01779	0.02676	0.02345	0.01565	0.02323	0.01319	0.01550	0.00941	0.00702	0.00695	0.00232	0.01083	0.00542	0.00314	0.01091
102	0.01080	0.00720	0.00810	0.00810	0.00810	0.00720	0.00450	0.01080	0.01080	0.01439	0.02339	0.04858	0.02699	0.73910	0.03779	0.00720	0.00720	0.01080	0.00450	0.00450
103	0.01717	0.01762	0.02414	0.08057	0.10179	0.07746	0.06416	0.02061	0.04352	0.01979	0.01319	0.04548	0.01221	0.01113	0.01705	0.00286	0.41154	0.00720	0.00372	0.00881
104	0.01675	0.01315	0.01553	0.01116	0.01770	0.00997	0.00896	0.02001	0.01584	0.07506	0.01441	0.01614	0.01155	0.00578	0.00565	0.00119	0.00556	0.00463	0.00476	0.72621
105	0.00942	0.00698	0.00851	0.00925	0.01034	0.00638	0.00634	0.01108	0.01559	0.02049	0.15475	0.38567	0.20181	0.10304	0.01244	0.00326	0.00438	0.01736	0.00683	0.00607
106	0.01467	0.03688	0.66652	0.02058	0.03109	0.01674	0.02642	0.02304	0.01594	0.02382	0.04669	0.01764	0.01240	0.00745	0.00714	0.00235	0.01060	0.00588	0.00338	0.01078
107	0.79154	0.01436	0.01091	0.00976	0.01436	0.01665	0.00804	0.02182	0.01263	0.03331	0.01034	0.01206	0.00804	0.00689	0.00459	0.00230	0.00574	0.00402	0.00459	0.00804
108	0.01802	0.01726	0.02929	0.04416	0.66750	0.01722	0.02215	0.02233	0.01690	0.02410	0.01623	0.02034	0.03688	0.00707	0.00740	0.00222	0.00863	0.00695	0.00379	0.01156
109	0.00885	0.00752	0.00762	0.00760	0.01007	0.00630	0.00570	0.01080	0.01709	0.02047	0.10126	0.07077	0.66346	0.01865	0.00877	0.00250	0.00375	0.01557	0.00695	0.00630
110	0.79154	0.01436	0.01091	0.00976	0.01436	0.01665	0.00804	0.02182	0.01263	0.03331	0.01034	0.01206	0.00804	0.00689	0.00459	0.00230	0.00574	0.00402	0.00459	0.00804
111	0.02654	0.02983	0.02152	0.01869	0.02257	0.47262	0.01451	0.17585	0.02314	0.02475	0.01275	0.01474	0.01029	0.00855	0.00887	0.00214	0.09316	0.00542	0.00459	0.00948
112	0.00956	0.00735	0.00876	0.00899	0.01074	0.00655	0.00661	0.01193	0.01779	0.02334	0.28493	0.21093	0.30791	0.01854	0.00897	0.00259	0.00389	0.03677	0.00735	0.00650
113	0.01745	0.01506	0.01606	0.04355	0.04702	0.04641	0.01142	0.05160	0.39769	0.04874	0.03583	0.03414	0.15213	0.01120	0.00766	0.00240	0.00615	0.00929	0.00685	0.03934
114	0.02005	0.54164	0.14316	0.01477	0.02164	0.08112	0.01526	0.05189	0.01654	0.01980	0.01123	0.01290	0.00965	0.00668	0.00540	0.00176	0.00887	0.00440	0.00341	0.00982

[dist]
# distance from previous block
# <min> <max>
0	2

[block]
# block no. 3 follows, 27 sequences, length 8
# corresponding to MSA columns:
# 356-363
name=unknown_D
#
# <colnr> <probs for GDERKNQSTAVLIFYWHMCP>
#	G	D	E	R	K	N	Q	S	T	A	V	L	I	F	Y	W	H	M	C	P
0	0.01243	0.01007	0.01206	0.01072	0.01422	0.00854	0.00796	0.01599	0.05754	0.02262	0.06556	0.31019	0.06489	0.01414	0.00757	0.00210	0.00485	0.01244	0.00593	0.34020
1	0.14902	0.02050	0.01971	0.01578	0.02117	0.09171	0.01284	0.42359	0.07016	0.07793	0.01742	0.01751	0.01255	0.00855	0.00691	0.00223	0.00807	0.00622	0.00671	0.01143
2	0.01701	0.01903	0.04067	0.13184	0.04060	0.01844	0.57181	0.02308	0.01713	0.02308	0.01475	0.01999	0.01106	0.00643	0.00857	0.00250	0.01213	0.00845	0.00369	0.00976
3	0.00904	0.00646	0.00861	0.01034	0.01077	0.00603	0.00689	0.01034	0.01421	0.01895	0.04092	0.73426	0.04910	0.02326	0.00948	0.00301	0.00431	0.02110	0.00689	0.00603
4	0.63502	0.01613	0.06860	0.01112	0.01638	0.01600	0.00999	0.02371	0.01393	0.11352	0.01289	0.01397	0.00941	0.00718	0.00515	0.00230	0.00624	0.00456	0.00503	0.00884
5	0.01141	0.00886	0.01127	0.05947	0.01474	0.00888	0.00840	0.01674	0.09904	0.02718	0.44018	0.12612	0.10871	0.01521	0.00860	0.00246	0.00434	0.01338	0.00751	0.00750
6	0.01496	0.01435	0.02488	0.56626	0.15846	0.01682	0.05951	0.01990	0.01535	0.02015	0.01343	0.01957	0.01029	0.00722	0.00749	0.00243	0.00987	0.00673	0.00339	0.00894
7	0.01809	0.01426	0.01849	0.01421	0.01975	0.01288	0.07476	0.14907	0.01999	0.06524	0.02309	0.06646	0.06739	0.00941	0.00709	0.00189	0.00665	0.04666	0.00569	0.35893

[dist]
# distance from previous block
# <min> <max>
0	1

[block]
# block no. 4 follows, 27 sequences, length 44
# corresponding to MSA columns:
# 365,366,368-409
name=unknown_E
#
# <colnr> <probs for GDERKNQSTAVLIFYWHMCP>
#	G	D	E	R	K	N	Q	S	T	A	V	L	I	F	Y	W	H	M	C	P
0	0.46831	0.04957	0.03940	0.05397	0.01977	0.10389	0.01140	0.12810	0.01764	0.03180	0.01197	0.01373	0.00919	0.00733	0.00557	0.00222	0.00760	0.00475	0.00478	0.00903
1	0.01489	0.03840	0.70064	0.02116	0.03213	0.01724	0.02743	0.02351	0.01567	0.02351	0.01332	0.01567	0.00940	0.00705	0.00705	0.00235	0.01097	0.00549	0.00313	0.01097
2	0.02964	0.01345	0.01712	0.01368	0.01904	0.01278	0.01112	0.03699	0.18375	0.53327	0.02952	0.02587	0.01943	0.00941	0.00749	0.00235	0.00621	0.00769	0.00878	0.01242
3	0.01149	0.00910	0.01055	0.01003	0.01243	0.00891	0.00767	0.01765	0.13734	0.02690	0.36823	0.05626	0.23780	0.01553	0.00861	0.00246	0.00414	0.03962	0.00764	0.00763
4	0.01051	0.00759	0.00992	0.00934	0.01109	0.00700	0.00700	0.01401	0.02101	0.02977	0.68888	0.05545	0.07005	0.01518	0.00876	0.00233	0.00350	0.01343	0.00817	0.00700
5	0.01051	0.00759	0.00992	0.00934	0.01109	0.00700	0.00700	0.01401	0.02101	0.02977	0.68888	0.05545	0.07005	0.01518	0.00876	0.00233	0.00350	0.01343	0.00817	0.00700
6	0.01821	0.01951	0.02245	0.01943	0.02008	0.14013	0.01592	0.01988	0.01302	0.01792	0.01004	0.01575	0.00971	0.01208	0.02134	0.00302	0.60376	0.00620	0.00335	0.00820
7	0.01289	0.00645	0.00967	0.00967	0.00967	0.00645	0.00645	0.00967	0.00967	0.01289	0.01289	0.02257	0.01289	0.02579	0.02901	0.78401	0.00645	0.00645	0.00322	0.00322
8	0.01196	0.00854	0.01196	0.01367	0.01538	0.00854	0.01196	0.01538	0.01709	0.02222	0.03931	0.08374	0.04272	0.02051	0.01025	0.00342	0.00684	0.64283	0.00684	0.00684
9	0.01658	0.01725	0.02837	0.02264	0.02465	0.02168	0.18993	0.01945	0.01301	0.01945	0.01116	0.01725	0.01015	0.01119	0.02019	0.00305	0.53487	0.00710	0.00338	0.00863
10	0.01624	0.01624	0.02274	0.01949	0.01949	0.02274	0.01624	0.01787	0.01137	0.01787	0.00975	0.01624	0.00975	0.01299	0.02436	0.00325	0.72552	0.00650	0.00325	0.00812
11	0.01389	0.00860	0.01102	0.19792	0.02001	0.00948	0.00931	0.01774	0.01537	0.02535	0.02127	0.02557	0.01659	0.00832	0.00579	0.00193	0.00518	0.00683	0.57255	0.00727
12	0.00904	0.00646	0.00861	0.01034	0.01077	0.00603	0.00689	0.01034	0.01421	0.01895	0.04092	0.73426	0.04910	0.02326	0.00948	0.00301	0.00431	0.02110	0.00689	0.00603
13	0.01061	0.00795	0.01193	0.01193	0.01326	0.00928	0.00928	0.01326	0.01193	0.01723	0.01988	0.02916	0.01856	0.05568	0.70968	0.01193	0.01988	0.00795	0.00398	0.00663
14	0.02019	0.71273	0.03812	0.01298	0.01922	0.05899	0.01277	0.02255	0.01534	0.01750	0.01037	0.01197	0.00953	0.00641	0.00485	0.00160	0.00818	0.00400	0.00320	0.00949
15	0.00970	0.00756	0.00881	0.00849	0.01060	0.00666	0.00637	0.01245	0.01911	0.02526	0.40385	0.06288	0.35788	0.01686	0.00876	0.00241	0.00362	0.01447	0.00758	0.00666
16	0.01846	0.01595	0.01679	0.01511	0.01930	0.01846	0.01175	0.03945	0.67938	0.03105	0.03022	0.02770	0.02266	0.01007	0.00755	0.00252	0.00588	0.00839	0.00755	0.01175
17	0.79154	0.01436	0.01091	0.00976	0.01436	0.01665	0.00804	0.02182	0.01263	0.03331	0.01034	0.01206	0.00804	0.00689	0.00459	0.00230	0.00574	0.00402	0.00459	0.00804
18	0.02815	0.02283	0.02211	0.01737	0.02301	0.11902	0.01414	0.57874	0.03296	0.04278	0.01694	0.01720	0.01220	0.00874	0.00732	0.00218	0.00890	0.00642	0.00692	0.01206
19	0.02027	0.70539	0.03794	0.01305	0.01926	0.06603	0.01279	0.02263	0.01541	0.01750	0.01038	0.01199	0.00953	0.00642	0.00487	0.00161	0.00823	0.00401	0.00321	0.00948
20	0.00911	0.00653	0.00855	0.01014	0.01063	0.00609	0.00674	0.01037	0.01417	0.01880	0.04148	0.68028	0.07249	0.05318	0.01064	0.00317	0.00441	0.02046	0.00679	0.00597
21	0.48280	0.11046	0.11181	0.01219	0.01806	0.01759	0.01173	0.02404	0.01453	0.11907	0.01329	0.01432	0.00981	0.00715	0.00534	0.00221	0.00683	0.00468	0.00483	0.00926
22	0.01956	0.01570	0.01682	0.01497	0.01928	0.01791	0.01169	0.03921	0.63088	0.08020	0.03015	0.02752	0.02235	0.01001	0.00755	0.00250	0.00591	0.00832	0.00767	0.01182
23	0.00934	0.00659	0.00853	0.00995	0.01031	0.00623	0.00648	0.01042	0.01363	0.01817	0.03792	0.61702	0.04532	0.14565	0.01432	0.00373	0.00480	0.01934	0.00648	0.00577
24	0.01443	0.02011	0.20397	0.50714	0.07161	0.01674	0.02252	0.02033	0.01515	0.02039	0.01326	0.01863	0.00984	0.00729	0.00732	0.00243	0.01014	0.00630	0.00327	0.00912
25	0.00993	0.00739	0.00917	0.01020	0.01141	0.00690	0.00729	0.03306	0.01600	0.02082	0.07315	0.48786	0.18502	0.02127	0.00929	0.00289	0.00450	0.07050	0.00696	0.00641
26	0.00901	0.00660	0.00847	0.00998	0.01067	0.00606	0.00673	0.01038	0.01456	0.01909	0.04529	0.64975	0.13078	0.02269	0.00939	0.00295	0.00424	0.02041	0.00689	0.00606
27	0.05278	0.01568	0.01896	0.20387	0.02820	0.01800	0.01429	0.13779	0.31216	0.08514	0.02268	0.02308	0.01661	0.00896	0.00737	0.00243	0.00736	0.00737	0.00640	0.01087
28	0.01265	0.01114	0.01630	0.20277	0.02490	0.03734	0.06639	0.04241	0.01601	0.02085	0.04965	0.40434	0.03306	0.01615	0.00865	0.00273	0.00697	0.01472	0.00561	0.00736
29	0.00915	0.00654	0.00871	0.01027	0.01079	0.00610	0.00690	0.01060	0.01470	0.01972	0.08694	0.68604	0.05059	0.02268	0.00942	0.00297	0.00425	0.02056	0.00698	0.00610
30	0.01549	0.01469	0.02492	0.49338	0.26753	0.01688	0.02135	0.02025	0.01554	0.02075	0.01345	0.01931	0.01052	0.00715	0.00740	0.00238	0.00953	0.00660	0.00343	0.00943
31	0.01539	0.01319	0.01539	0.01100	0.01759	0.00990	0.00880	0.01869	0.01539	0.02419	0.01319	0.01539	0.01100	0.00550	0.00550	0.00110	0.00550	0.00440	0.00440	0.78449
