[name]
unknown

[dist]
# distance from previous block
# <min> <max>
0	17

[block]
# block no. 0 follows, 27 sequences, length 19
# corresponding to MSA columns:
# 17-35
name=unknown_A
#
# <colnr> <probs for GDERKNQSTAVLIFYWHMCP>
#	G	D	E	R	K	N	Q	S	T	A	V	L	I	F	Y	W	H	M	C	P
0	0.01762	0.02569	0.33745	0.04881	0.10664	0.01565	0.08027	0.02465	0.05112	0.10516	0.01828	0.04715	0.01435	0.00836	0.00747	0.00236	0.00935	0.02942	0.00455	0.04565
1	0.01141	0.00821	0.01086	0.07340	0.01515	0.00787	0.00856	0.01434	0.01825	0.05463	0.31783	0.16245	0.17902	0.01667	0.00883	0.00258	0.00468	0.07097	0.00721	0.00706
2	0.04437	0.03611	0.62506	0.02149	0.03196	0.01733	0.07488	0.02347	0.01570	0.02390	0.01334	0.01587	0.00949	0.00699	0.00709	0.00236	0.01089	0.00568	0.00324	0.01079
3	0.05100	0.08056	0.21188	0.01385	0.01921	0.01342	0.01393	0.02144	0.06284	0.11204	0.07323	0.13141	0.08424	0.06670	0.00978	0.00276	0.00709	0.00988	0.00565	0.00909
4	0.08312	0.01279	0.01665	0.01300	0.01847	0.01151	0.01067	0.05494	0.02085	0.60657	0.02808	0.05070	0.01865	0.00955	0.00735	0.00232	0.00626	0.00772	0.00874	0.01208
5	0.01828	0.01710	0.02836	0.09367	0.58264	0.01744	0.02156	0.05700	0.01787	0.02528	0.03942	0.01984	0.01385	0.00712	0.00741	0.00223	0.00867	0.00687	0.00402	0.01136
6	0.01678	0.07146	0.03132	0.27323	0.26488	0.01840	0.17396	0.02166	0.01620	0.02180	0.01367	0.01877	0.01083	0.00679	0.00751	0.00232	0.01000	0.00692	0.00353	0.00996
7	0.01441	0.01360	0.02298	0.66030	0.10902	0.01660	0.02081	0.01931	0.01503	0.01944	0.01326	0.01966	0.01006	0.00735	0.00742	0.00245	0.00980	0.00660	0.00333	0.00856
8	0.01384	0.00692	0.00692	0.00692	0.00865	0.00692	0.00519	0.01730	0.01557	0.02768	0.02422	0.02768	0.01903	0.00865	0.00519	0.00173	0.00346	0.00692	0.78031	0.00692
9	0.01658	0.01889	0.14344	0.18991	0.17612	0.01603	0.06780	0.05705	0.06530	0.04214	0.08217	0.02302	0.01768	0.00896	0.00851	0.03577	0.00879	0.00739	0.00455	0.00989
10	0.05085	0.06035	0.04008	0.06618	0.02083	0.01683	0.01215	0.25372	0.07349	0.11581	0.08670	0.02468	0.02026	0.02897	0.00786	0.00233	0.00686	0.00741	0.09426	0.01039
11	0.00985	0.00715	0.00929	0.00963	0.01091	0.00659	0.00689	0.01241	0.01816	0.02507	0.40550	0.31974	0.09413	0.01850	0.00904	0.00261	0.00383	0.01652	0.00761	0.00659
12	0.01061	0.01138	0.07283	0.01335	0.08259	0.00861	0.00999	0.01346	0.01668	0.02093	0.05830	0.09784	0.46681	0.01688	0.00864	0.00257	0.00523	0.06978	0.00622	0.00729
13	0.01947	0.29457	0.18043	0.09074	0.06682	0.13035	0.05277	0.04631	0.01706	0.02085	0.01219	0.01480	0.00988	0.00692	0.00631	0.00201	0.00997	0.00521	0.00349	0.00984
14	0.01869	0.01420	0.02038	0.37067	0.07362	0.01615	0.01661	0.08298	0.12322	0.11891	0.02184	0.02424	0.04881	0.00877	0.00752	0.00242	0.00822	0.00748	0.00538	0.00991
15	0.00943	0.00779	0.00832	0.00833	0.01062	0.00686	0.00619	0.01228	0.04551	0.02166	0.14816	0.12661	0.52547	0.01836	0.00878	0.00253	0.00387	0.01556	0.00708	0.00657
16	0.05145	0.09960	0.34633	0.01962	0.02695	0.03977	0.07833	0.02323	0.05074	0.02271	0.01330	0.01619	0.01036	0.00800	0.00969	0.00238	0.12878	0.00582	0.00359	0.04317
17	0.03741	0.01851	0.02240	0.21418	0.09627	0.11683	0.06451	0.07773	0.17954	0.02547	0.01786	0.02049	0.01370	0.00824	0.00781	0.00236	0.03031	0.00689	0.02957	0.00993
18	0.01189	0.00989	0.01043	0.01133	0.01234	0.07048	0.00778	0.04745	0.01570	0.02005	0.03577	0.58198	0.04200	0.07196	0.01113	0.00317	0.00554	0.01812	0.00647	0.00651

[dist]
# distance from previous block
# <min> <max>
1	5

[block]
# block no. 1 follows, 27 sequences, length 25
# corresponding to MSA columns:
# 41-65
name=unknown_B
#
# <colnr> <probs for GDERKNQSTAVLIFYWHMCP>
#	G	D	E	R	K	N	Q	S	T	A	V	L	I	F	Y	W	H	M	C	P
0	0.00989	0.00868	0.01186	0.01081	0.01340	0.00763	0.07836	0.01222	0.01667	0.02080	0.09746	0.20058	0.44797	0.01813	0.00892	0.00260	0.00482	0.01589	0.00662	0.00667
1	0.02152	0.01801	0.02093	0.01945	0.09199	0.08147	0.06251	0.10734	0.29086	0.10279	0.02471	0.02425	0.04061	0.00902	0.00745	0.00229	0.00761	0.00763	0.00648	0.05307
2	0.06673	0.04207	0.05690	0.01570	0.02057	0.01659	0.05521	0.16146	0.05436	0.15481	0.05992	0.06237	0.01864	0.00994	0.00938	0.00234	0.09689	0.00774	0.00619	0.08218
3	0.02696	0.02111	0.02153	0.01664	0.02250	0.07073	0.01362	0.56023	0.03204	0.04258	0.01693	0.01727	0.01225	0.00849	0.00719	0.00210	0.00829	0.00633	0.00688	0.08635
4	0.01382	0.00723	0.00771	0.00746	0.00928	0.00704	0.00554	0.01654	0.01491	0.02586	0.02234	0.02641	0.01789	0.01035	0.00782	0.08746	0.00390	0.00672	0.65036	0.05136
5	0.01756	0.01629	0.02609	0.24734	0.40042	0.01764	0.02066	0.05617	0.07860	0.02442	0.01543	0.01964	0.01225	0.00730	0.00739	0.00232	0.00884	0.00678	0.00411	0.01073
6	0.04322	0.01542	0.02324	0.31000	0.07068	0.01812	0.07716	0.06325	0.12733	0.05225	0.01664	0.02042	0.01270	0.00863	0.00980	0.00255	0.10731	0.00704	0.00461	0.00961
7	0.01846	0.01595	0.01679	0.01511	0.01930	0.01846	0.01175	0.03945	0.67938	0.03105	0.03022	0.02770	0.02266	0.01007	0.00755	0.00252	0.00588	0.00839	0.00755	0.01175
8	0.00904	0.00646	0.00861	0.01034	0.01077	0.00603	0.00689	0.01034	0.01421	0.01895	0.04092	0.73426	0.04910	0.02326	0.00948	0.00301	0.00431	0.02110	0.00689	0.00603
9	0.01161	0.00874	0.01197	0.01195	0.01328	0.00857	0.04709	0.07375	0.01594	0.02130	0.03488	0.53400	0.04048	0.11375	0.01291	0.00345	0.00555	0.01765	0.00644	0.00670
10	0.01704	0.01628	0.02773	0.25181	0.49694	0.01729	0.02212	0.02162	0.01628	0.02264	0.01373	0.01881	0.01119	0.00686	0.00737	0.00229	0.00915	0.00661	0.00356	0.01069
11	0.00904	0.00646	0.00861	0.01034	0.01077	0.00603	0.00689	0.01034	0.01421	0.01895	0.04092	0.73426	0.04910	0.02326	0.00948	0.00301	0.00431	0.02110	0.00689	0.00603
12	0.02546	0.01125	0.01447	0.01171	0.01637	0.00989	0.00947	0.02891	0.04788	0.46766	0.08686	0.03805	0.17536	0.01184	0.00786	0.00236	0.00551	0.00980	0.00852	0.01074
13	0.01946	0.02108	0.06242	0.11028	0.02656	0.16058	0.08062	0.12327	0.01871	0.02368	0.01604	0.09683	0.01471	0.01065	0.01162	0.00256	0.17938	0.00798	0.00448	0.00907
14	0.02786	0.01954	0.02179	0.05926	0.02432	0.02145	0.01419	0.56720	0.03236	0.10860	0.01866	0.01867	0.01302	0.00885	0.00743	0.00225	0.00809	0.00675	0.00735	0.01236
15	0.01510	0.06895	0.67197	0.02079	0.03156	0.01777	0.02679	0.02345	0.01565	0.02325	0.01319	0.01551	0.00941	0.00702	0.00695	0.00232	0.01084	0.00542	0.00314	0.01091
16	0.00917	0.00651	0.00858	0.01018	0.01058	0.00611	0.00672	0.01037	0.01397	0.01863	0.03967	0.68533	0.04752	0.07434	0.01150	0.00331	0.00451	0.02037	0.00672	0.00592
17	0.02743	0.02288	0.02130	0.01723	0.02228	0.17610	0.01387	0.40384	0.06294	0.09434	0.01762	0.01790	0.01281	0.00892	0.00814	0.00223	0.04576	0.00640	0.00656	0.01145
18	0.01079	0.00724	0.00830	0.00830	0.00838	0.00731	0.00476	0.01093	0.01086	0.01455	0.02320	0.04753	0.02653	0.70219	0.07408	0.00745	0.00788	0.01064	0.00447	0.00461
19	0.00904	0.00646	0.00861	0.01034	0.01077	0.00603	0.00689	0.01034	0.01421	0.01895	0.04092	0.73426	0.04910	0.02326	0.00948	0.00301	0.00431	0.02110	0.00689	0.00603
20	0.02662	0.02054	0.02064	0.01640	0.02142	0.09625	0.01336	0.47150	0.02968	0.07852	0.01784	0.01847	0.01297	0.00900	0.00815	0.00222	0.04963	0.00653	0.06878	0.01147
21	0.01596	0.01424	0.02210	0.60990	0.04657	0.01738	0.01951	0.10182	0.03825	0.02287	0.01432	0.01979	0.01064	0.00769	0.00743	0.00244	0.00955	0.00666	0.00396	0.00891
22	0.01348	0.00983	0.01181	0.05211	0.01495	0.00991	0.00838	0.08136	0.06048	0.02462	0.09674	0.25159	0.03318	0.11659	0.01203	0.00305	0.00546	0.01239	0.10266	0.07938
23	0.02344	0.01694	0.01960	0.01515	0.02058	0.01760	0.03295	0.34860	0.06835	0.09288	0.03624	0.02021	0.01519	0.00854	0.00757	0.00205	0.03099	0.00666	0.05404	0.16243
24	0.02062	0.01567	0.01689	0.01411	0.01817	0.04179	0.01109	0.27333	0.09936	0.07052	0.02668	0.12707	0.06814	0.05579	0.01019	0.00263	0.03697	0.00961	0.00669	0.07468

[dist]
# distance from previous block
# <min> <max>
1	13

[block]
# block no. 2 follows, 27 sequences, length 34
# corresponding to MSA columns:
# 79-112
name=unknown_C
#
# <colnr> <probs for GDERKNQSTAVLIFYWHMCP>
#	G	D	E	R	K	N	Q	S	T	A	V	L	I	F	Y	W	H	M	C	P
0	0.05963	0.01518	0.02036	0.01717	0.03940	0.03970	0.13257	0.11313	0.13171	0.02785	0.05857	0.16207	0.05049	0.01154	0.00784	0.00238	0.00724	0.01041	0.00598	0.08678
1	0.01803	0.01500	0.01856	0.04570	0.10243	0.01357	0.01188	0.14496	0.01918	0.02801	0.01456	0.01761	0.01194	0.03291	0.00735	0.00173	0.00667	0.00544	0.00486	0.47965
2	0.03755	0.00693	0.00863	0.00988	0.01061	0.00658	0.00663	0.01096	0.01427	0.01954	0.06614	0.57370	0.08669	0.09056	0.01193	0.00333	0.00457	0.01885	0.00663	0.00601
3	0.02822	0.02079	0.02228	0.01708	0.02302	0.02302	0.01411	0.66804	0.03490	0.04679	0.01782	0.01782	0.01262	0.00891	0.00743	0.00223	0.00817	0.00668	0.00743	0.01262
4	0.01254	0.00913	0.01111	0.01040	0.01252	0.00908	0.00783	0.06427	0.07926	0.02971	0.46358	0.13056	0.05608	0.01485	0.00843	0.00239	0.00415	0.01303	0.05337	0.00772
5	0.02773	0.03538	0.02104	0.01913	0.02295	0.70930	0.01434	0.02964	0.02104	0.01817	0.01148	0.01339	0.00956	0.00765	0.00669	0.00191	0.01339	0.00478	0.00383	0.00861
6	0.00895	0.00749	0.00779	0.00780	0.01015	0.00633	0.00581	0.01096	0.01721	0.02093	0.13182	0.09424	0.60784	0.01862	0.00880	0.00251	0.00376	0.01566	0.00701	0.00633
7	0.75373	0.01468	0.01147	0.01013	0.01479	0.01697	0.00834	0.05383	0.01374	0.03398	0.01071	0.01235	0.00827	0.00699	0.00473	0.00229	0.00586	0.00415	0.00473	0.00827
8	0.01522	0.01474	0.02078	0.01812	0.01836	0.02030	0.01498	0.01703	0.01147	0.01775	0.01158	0.01859	0.01134	0.02074	0.14869	0.00482	0.59750	0.00676	0.00338	0.00785
9	0.00921	0.00675	0.00835	0.00953	0.01030	0.00622	0.00636	0.01045	0.01431	0.01860	0.04524	0.52588	0.16706	0.10966	0.01279	0.00343	0.00456	0.01882	0.00660	0.00589
10	0.01489	0.03840	0.70064	0.02116	0.03213	0.01724	0.02743	0.02351	0.01567	0.02351	0.01332	0.01567	0.00940	0.00705	0.00705	0.00235	0.01097	0.00549	0.00313	0.01097
11	0.03115	0.01482	0.01842	0.01427	0.01996	0.01432	0.01174	0.18952	0.06572	0.49841	0.02657	0.02362	0.01725	0.00918	0.00746	0.00229	0.00674	0.00733	0.00866	0.01258
12	0.01007	0.00757	0.00931	0.00888	0.01082	0.00682	0.00666	0.01315	0.01997	0.02729	0.53250	0.05953	0.22797	0.01610	0.00876	0.00238	0.00357	0.01400	0.00785	0.00682
13	0.01028	0.00749	0.00966	0.00931	0.01100	0.00688	0.00691	0.01349	0.02019	0.02825	0.59603	0.11278	0.10780	0.01608	0.00882	0.00240	0.00359	0.01421	0.00798	0.00688
14	0.01522	0.01454	0.02087	0.09274	0.02170	0.01982	0.01547	0.01709	0.01172	0.01768	0.01139	0.01836	0.01089	0.01777	0.09953	0.04017	0.53728	0.00667	0.00333	0.00774
15	0.00915	0.00745	0.00812	0.00827	0.01042	0.00642	0.00616	0.01125	0.01724	0.02144	0.16186	0.14097	0.50993	0.01879	0.00889	0.00256	0.00387	0.03375	0.00708	0.00637
16	0.00904	0.00646	0.00861	0.01034	0.01077	0.00603	0.00689	0.01034	0.01421	0.01895	0.04092	0.73426	0.04910	0.02326	0.00948	0.00301	0.00431	0.02110	0.00689	0.00603
17	0.01674	0.02373	0.19287	0.06084	0.05861	0.01842	0.44458	0.02325	0.01673	0.02330	0.01432	0.01882	0.01073	0.00675	0.00882	0.00248	0.03754	0.00775	0.00357	0.01014
18	0.01703	0.01864	0.03156	0.05675	0.02995	0.07956	0.33883	0.02111	0.01575	0.02100	0.01600	0.09432	0.01467	0.01000	0.01266	0.00270	0.19761	0.00903	0.00394	0.00889
19	0.01508	0.01286	0.01506	0.01096	0.01726	0.00971	0.00870	0.01828	0.01534	0.02393	0.01456	0.05070	0.01287	0.00637	0.00569	0.00119	0.00544	0.00522	0.00452	0.74625
20	0.01493	0.05643	0.01338	0.01077	0.01293	0.01173	0.00781	0.14060	0.01695	0.02326	0.02361	0.14461	0.02472	0.30666	0.06086	0.00479	0.00736	0.01043	0.06291	0.04526
21	0.00939	0.00750	0.00840	0.00827	0.01043	0.00651	0.00617	0.01181	0.01824	0.02340	0.28774	0.09330	0.44720	0.01772	0.00880	0.00247	0.00369	0.01511	0.00734	0.00651
22	0.01998	0.01667	0.01811	0.05705	0.02186	0.01918	0.01270	0.15290	0.52269	0.03321	0.02695	0.02543	0.02008	0.00970	0.00752	0.00246	0.00653	0.00798	0.00728	0.01170
23	0.56169	0.01424	0.01308	0.01100	0.01595	0.01552	0.00907	0.05781	0.01593	0.20195	0.01550	0.01569	0.01088	0.00757	0.00546	0.00229	0.00601	0.00502	0.00590	0.00943
24	0.01043	0.00759	0.00982	0.00926	0.01105	0.00697	0.00695	0.01387	0.02084	0.02936	0.66274	0.05613	0.09644	0.01533	0.00876	0.00234	0.00351	0.01352	0.00812	0.00697
25	0.02761	0.02049	0.02193	0.01696	0.02279	0.02273	0.01396	0.62845	0.07550	0.04580	0.01860	0.01845	0.01326	0.00898	0.00743	0.00225	0.00802	0.00679	0.00743	0.01257
26	0.01402	0.01319	0.02227	0.72126	0.05113	0.01649	0.02062	0.01897	0.01484	0.01897	0.01319	0.01979	0.00990	0.00742	0.00742	0.00247	0.00990	0.00660	0.00330	0.00825
27	0.01051	0.00759	0.00992	0.00934	0.01109	0.00700	0.00700	0.01401	0.02101	0.02977	0.68888	0.05545	0.07005	0.01518	0.00876	0.00233	0.00350	0.01343	0.00817	0.00700
28	0.01384	0.00692	0.00692	0.00692	0.00865	0.00692	0.00519	0.01730	0.01557	0.02768	0.02422	0.02768	0.01903	0.00865	0.00519	0.00173	0.00346	0.00692	0.78031	0.00692
29	0.01837	0.01764	0.03013	0.04557	0.69279	0.01764	0.02278	0.02278	0.01690	0.02425	0.01396	0.01837	0.01176	0.00661	0.00735	0.00220	0.00882	0.00661	0.00367	0.01176
30	0.01811	0.01475	0.01666	0.01267	0.01858	0.01336	0.01013	0.15804	0.08690	0.02942	0.01728	0.05276	0.01441	0.00757	0.00631	0.00158	0.00604	0.00612	0.00548	0.50383
31	0.00898	0.00741	0.00776	0.00789	0.01005	0.00633	0.00576	0.01080	0.01658	0.02015	0.09972	0.12871	0.56930	0.05470	0.01027	0.00278	0.00397	0.01580	0.00684	0.00619
32	0.01794	0.01518	0.01908	0.01804	0.13732	0.01333	0.01210	0.12199	0.01874	0.02777	0.01406	0.01630	0.01139	0.00623	0.00613	0.00147	0.00650	0.00515	0.00475	0.52652
33	0.01159	0.00936	0.01129	0.01146	0.01298	0.03598	0.02925	0.04128	0.04057	0.02188	0.11400	0.42530	0.09835	0.06467	0.01085	0.00306	0.00529	0.03932	0.00671	0.00682

[dist]
# distance from previous block
# <min> <max>
3	16

[block]
# block no. 3 follows, 27 sequences, length 31
# corresponding to MSA columns:
# 130-160
name=unknown_D
#
# <colnr> <probs for GDERKNQSTAVLIFYWHMCP>
#	G	D	E	R	K	N	Q	S	T	A	V	L	I	F	Y	W	H	M	C	P
0	0.18661	0.06301	0.01883	0.01483	0.03786	0.04312	0.01180	0.21748	0.09153	0.09700	0.02094	0.02115	0.05686	0.00911	0.00762	0.00226	0.04754	0.00662	0.00612	0.03971
1	0.03981	0.00828	0.00974	0.00904	0.01154	0.00744	0.00690	0.01511	0.01921	0.08873	0.37372	0.05706	0.29459	0.01568	0.00849	0.00239	0.00394	0.01337	0.00766	0.00729
2	0.01469	0.01396	0.01977	0.01741	0.01778	0.01904	0.01433	0.01660	0.01152	0.01769	0.01253	0.01979	0.01217	0.02473	0.21280	0.00564	0.53149	0.00690	0.00345	0.00771
3	0.01011	0.00753	0.00940	0.00901	0.01087	0.00682	0.00673	0.01320	0.01995	0.02743	0.54258	0.08400	0.19255	0.01620	0.00879	0.00239	0.00358	0.01416	0.00787	0.00682
4	0.01955	0.68406	0.03758	0.01326	0.01909	0.02883	0.01299	0.02187	0.01478	0.01750	0.01027	0.01226	0.00954	0.00689	0.00637	0.00172	0.06665	0.00418	0.00318	0.00941
5	0.00940	0.00740	0.00848	0.00852	0.01049	0.00649	0.00627	0.01175	0.01794	0.02321	0.27903	0.15569	0.39257	0.01817	0.00886	0.00252	0.00375	0.01564	0.00733	0.00649
6	0.01015	0.00757	0.00943	0.00896	0.01087	0.00685	0.00672	0.01332	0.02017	0.02777	0.56230	0.05875	0.19787	0.01592	0.00876	0.00237	0.00356	0.01389	0.00791	0.00685
7	0.01384	0.00692	0.00692	0.00692	0.00865	0.00692	0.00519	0.01730	0.01557	0.02768	0.02422	0.02768	0.01903	0.00865	0.00519	0.00173	0.00346	0.00692	0.78031	0.00692
8	0.01993	0.01700	0.01722	0.01499	0.01936	0.04866	0.01178	0.16144	0.46179	0.03261	0.03103	0.02909	0.08092	0.01053	0.00760	0.00243	0.00647	0.00856	0.00730	0.01129
9	0.00952	0.00670	0.00861	0.00980	0.01024	0.00635	0.00640	0.01072	0.01404	0.01885	0.08786	0.53940	0.04616	0.17075	0.01528	0.00383	0.00484	0.01837	0.00650	0.00579
10	0.12850	0.02807	0.02034	0.02030	0.09013	0.46215	0.01428	0.02628	0.01835	0.02078	0.01181	0.01462	0.00999	0.00993	0.03832	0.00253	0.06588	0.00513	0.00388	0.00873
11	0.28503	0.01627	0.02116	0.19473	0.27213	0.04960	0.01677	0.02185	0.01513	0.02582	0.01241	0.01630	0.00992	0.00695	0.00638	0.00229	0.00823	0.00563	0.00391	0.00948
12	0.02273	0.05167	0.02117	0.02042	0.10553	0.37740	0.03615	0.02618	0.04835	0.06136	0.07014	0.02502	0.06111	0.00938	0.00728	0.00213	0.01022	0.02973	0.00490	0.00913
13	0.01539	0.01319	0.01539	0.01100	0.01759	0.00990	0.00880	0.01869	0.01539	0.02419	0.01319	0.01539	0.01100	0.00550	0.00550	0.00110	0.00550	0.00440	0.00440	0.78449
14	0.01075	0.00793	0.01009	0.00958	0.01142	0.00747	0.00717	0.01491	0.05157	0.02897	0.60536	0.08424	0.09152	0.01543	0.00873	0.00238	0.00366	0.01361	0.00804	0.00716
15	0.01289	0.00645	0.00967	0.00967	0.00967	0.00645	0.00645	0.00967	0.00967	0.01289	0.01289	0.02257	0.01289	0.02579	0.02901	0.78401	0.00645	0.00645	0.00322	0.00322
16	0.00966	0.00743	0.00807	0.00798	0.00961	0.00666	0.00551	0.01123	0.01572	0.01988	0.15659	0.06202	0.39199	0.23540	0.01752	0.00389	0.00476	0.01384	0.00637	0.00585
17	0.00896	0.00753	0.00778	0.00772	0.01014	0.00635	0.00579	0.01101	0.01736	0.02110	0.14117	0.06973	0.62316	0.01841	0.00877	0.00249	0.00373	0.01543	0.00703	0.00635
18	0.01229	0.00798	0.01049	0.00964	0.01170	0.00731	0.00731	0.01574	0.02103	0.08192	0.63740	0.05310	0.06601	0.01471	0.00866	0.00233	0.00372	0.01296	0.00825	0.00744
19	0.02822	0.02079	0.02228	0.01708	0.02302	0.02302	0.01411	0.66804	0.03490	0.04679	0.01782	0.01782	0.01262	0.00891	0.00743	0.00223	0.00817	0.00668	0.00743	0.01262
20	0.01957	0.68680	0.03764	0.01323	0.01909	0.02886	0.01298	0.02189	0.01479	0.01750	0.01028	0.01225	0.00954	0.00687	0.00629	0.00172	0.06394	0.00417	0.00318	0.00942
21	0.01402	0.01319	0.02227	0.72126	0.05113	0.01649	0.02062	0.01897	0.01484	0.01897	0.01319	0.01979	0.00990	0.00742	0.00742	0.00247	0.00990	0.00660	0.00330	0.00825
22	0.02727	0.03451	0.02148	0.02042	0.05568	0.67550	0.01476	0.02931	0.02084	0.01847	0.01160	0.01363	0.00967	0.00760	0.00673	0.00193	0.01316	0.00487	0.00382	0.00876
23	0.01631	0.01374	0.01589	0.01143	0.01798	0.01084	0.00918	0.06528	0.01679	0.02581	0.01353	0.01557	0.01111	0.00574	0.00564	0.00118	0.00569	0.00456	0.00462	0.72911
24	0.01870	0.02124	0.06386	0.26598	0.27039	0.16704	0.04360	0.02306	0.01706	0.02109	0.01317	0.01768	0.01050	0.00712	0.00727	0.00225	0.01043	0.00623	0.00355	0.00978
25	0.01097	0.00849	0.01264	0.01242	0.01366	0.01016	0.00973	0.01356	0.01189	0.01727	0.01922	0.02832	0.01798	0.05289	0.66500	0.01136	0.06589	0.00786	0.00393	0.00673
26	0.00912	0.00745	0.00806	0.00808	0.01029	0.00639	0.00599	0.01126	0.01748	0.02180	0.18806	0.12017	0.52310	0.01847	0.00883	0.00251	0.00375	0.01567	0.00713	0.00639
27	0.02526	0.01913	0.02061	0.01630	0.02176	0.02119	0.01330	0.50097	0.15708	0.04190	0.02012	0.02005	0.01471	0.01074	0.03330	0.00260	0.00807	0.00698	0.00722	0.03869
28	0.01289	0.00645	0.00967	0.00967	0.00967	0.00645	0.00645	0.00967	0.00967	0.01289	0.01289	0.02257	0.01289	0.02579	0.02901	0.78401	0.00645	0.00645	0.00322	0.00322
29	0.02022	0.26475	0.10417	0.01634	0.02126	0.12097	0.01514	0.11786	0.01803	0.02266	0.01267	0.01568	0.01080	0.01243	0.07020	0.00300	0.13488	0.00545	0.00398	0.00953
30	0.18055	0.19287	0.09660	0.05613	0.07700	0.01952	0.01405	0.08154	0.07873	0.02641	0.01616	0.07186	0.01406	0.00849	0.00624	0.00216	0.00744	0.00653	0.00465	0.03900

[dist]
# distance from previous block
# <min> <max>
2	15

[block]
# block no. 4 follows, 27 sequences, length 12
# corresponding to MSA columns:
# 176-187
name=unknown_E
#
# <colnr> <probs for GDERKNQSTAVLIFYWHMCP>
#	G	D	E	R	K	N	Q	S	T	A	V	L	I	F	Y	W	H	M	C	P
0	0.01715	0.01657	0.02906	0.27732	0.34582	0.01763	0.11544	0.04895	0.01704	0.02330	0.01401	0.01908	0.01108	0.00694	0.00758	0.00234	0.00971	0.00692	0.00371	0.01032
1	0.01996	0.04311	0.01687	0.04693	0.01888	0.01513	0.01124	0.26158	0.06121	0.08996	0.02706	0.22905	0.02576	0.01349	0.00792	0.00249	0.00650	0.04086	0.05225	0.00974
2	0.01524	0.01444	0.02447	0.53214	0.23073	0.01681	0.02122	0.02004	0.01542	0.02045	0.01341	0.01940	0.01042	0.00720	0.00740	0.00240	0.00959	0.00660	0.00340	0.00923
3	0.00906	0.00746	0.00797	0.00800	0.01024	0.00636	0.00594	0.01115	0.01737	0.02148	0.16773	0.11467	0.54977	0.01855	0.00882	0.00252	0.00376	0.01570	0.00709	0.00636
4	0.01543	0.02708	0.34911	0.02316	0.03105	0.01716	0.23789	0.02211	0.01648	0.02376	0.08455	0.02136	0.01643	0.00816	0.00932	0.00248	0.07311	0.00750	0.00388	0.00998
5	0.01595	0.02415	0.24246	0.09439	0.03347	0.04056	0.27025	0.02277	0.04655	0.02275	0.01697	0.08102	0.01426	0.00854	0.00851	0.00250	0.03282	0.00837	0.00395	0.00976
6	0.00961	0.00713	0.00896	0.00941	0.01077	0.00648	0.00671	0.01193	0.01755	0.02368	0.31842	0.32917	0.17475	0.01906	0.00905	0.00264	0.00387	0.01690	0.00743	0.00648
7	0.01016	0.00758	0.00957	0.01062	0.01174	0.00735	0.00752	0.01352	0.07108	0.02150	0.11849	0.51177	0.09315	0.02074	0.00923	0.00288	0.00445	0.05487	0.00709	0.00669
8	0.05172	0.16586	0.08027	0.01337	0.01852	0.01603	0.01204	0.05581	0.01774	0.30858	0.02095	0.02397	0.01603	0.11957	0.01217	0.00294	0.04112	0.00687	0.00618	0.01023
9	0.03211	0.01431	0.06163	0.01372	0.01981	0.01132	0.01198	0.03536	0.02089	0.65412	0.02825	0.02464	0.01779	0.00905	0.00744	0.00230	0.00662	0.00734	0.00879	0.01253
10	0.03331	0.01263	0.01723	0.01321	0.01895	0.01091	0.01091	0.03618	0.02125	0.69794	0.02929	0.02527	0.01838	0.00919	0.00747	0.00230	0.00632	0.00747	0.00919	0.01263
11	0.07224	0.01723	0.02334	0.19511	0.06929	0.08184	0.09860	0.08946	0.01782	0.06361	0.03634	0.05292	0.01450	0.00935	0.01019	0.00251	0.12432	0.00747	0.00461	0.00925

[dist]
# distance from previous block
# <min> <max>
0	1

[block]
# block no. 5 follows, 27 sequences, length 16
# corresponding to MSA columns:
# 189-204
name=unknown_F
#
# <colnr> <probs for GDERKNQSTAVLIFYWHMCP>
#	G	D	E	R	K	N	Q	S	T	A	V	L	I	F	Y	W	H	M	C	P
0	0.02631	0.01880	0.02043	0.01605	0.02136	0.02060	0.01304	0.53909	0.06642	0.07964	0.02049	0.05523	0.01588	0.04063	0.00882	0.00250	0.00771	0.00770	0.00738	0.01191
1	0.02545	0.01897	0.01951	0.01580	0.02092	0.07477	0.01269	0.36416	0.14552	0.11893	0.02219	0.06394	0.01706	0.00981	0.00745	0.00227	0.00763	0.00774	0.00724	0.03795
2	0.01423	0.01333	0.01853	0.01557	0.01909	0.05886	0.14025	0.01999	0.10586	0.02480	0.19739	0.17255	0.06075	0.01333	0.00839	0.00244	0.00673	0.03289	0.00627	0.06875
3	0.02079	0.01397	0.01572	0.01369	0.01798	0.01485	0.01089	0.07856	0.35623	0.17985	0.03587	0.03565	0.11478	0.01159	0.00785	0.00250	0.00590	0.04457	0.00778	0.01097
4	0.01036	0.00755	0.00951	0.01043	0.01150	0.00720	0.00725	0.05126	0.01643	0.02192	0.11225	0.56543	0.09867	0.02116	0.00922	0.00285	0.00442	0.01896	0.00706	0.00656
5	0.01609	0.01694	0.06812	0.35878	0.32445	0.01713	0.05002	0.02109	0.01589	0.02172	0.01361	0.01894	0.01072	0.00700	0.00743	0.00235	0.00961	0.00663	0.00347	0.01000
6	0.01539	0.01319	0.01539	0.01100	0.01759	0.00990	0.00880	0.01869	0.01539	0.02419	0.01319	0.01539	0.01100	0.00550	0.00550	0.00110	0.00550	0.00440	0.00440	0.78449
7	0.02175	0.01589	0.01721	0.01415	0.01843	0.01754	0.01133	0.36522	0.13645	0.03731	0.05415	0.02472	0.01902	0.04027	0.05255	0.00301	0.00754	0.00757	0.12525	0.01064
8	0.02822	0.02079	0.02228	0.01708	0.02302	0.02302	0.01411	0.66804	0.03490	0.04679	0.01782	0.01782	0.01262	0.00891	0.00743	0.00223	0.00817	0.00668	0.00743	0.01262
9	0.00955	0.00748	0.00864	0.00850	0.01054	0.00657	0.00632	0.01210	0.01854	0.02423	0.34138	0.10707	0.37756	0.01750	0.00881	0.00246	0.00368	0.01504	0.00745	0.00657
10	0.00918	0.00739	0.00818	0.00830	0.01036	0.00639	0.00610	0.01132	0.01742	0.02197	0.20108	0.16012	0.46885	0.01865	0.00887	0.00254	0.00378	0.01595	0.00717	0.00639
11	0.00923	0.00667	0.00861	0.00993	0.01059	0.00619	0.00668	0.01067	0.01476	0.01963	0.09268	0.59539	0.09773	0.06042	0.01087	0.00315	0.00436	0.01955	0.00686	0.00604
12	0.01080	0.00720	0.00810	0.00810	0.00810	0.00720	0.00450	0.01080	0.01080	0.01439	0.02339	0.04858	0.02699	0.73910	0.03779	0.00720	0.00720	0.01080	0.00450	0.00450
13	0.01080	0.00720	0.00810	0.00810	0.00810	0.00720	0.00450	0.01080	0.01080	0.01439	0.02339	0.04858	0.02699	0.73910	0.03779	0.00720	0.00720	0.01080	0.00450	0.00450
14	0.03046	0.01721	0.02006	0.01538	0.02123	0.01770	0.01270	0.39014	0.02890	0.33317	0.02287	0.02110	0.01515	0.00903	0.00744	0.00226	0.00735	0.00703	0.00820	0.01263
15	0.02414	0.02951	0.02142	0.14646	0.02773	0.51753	0.01566	0.02657	0.01898	0.01828	0.01162	0.01482	0.00964	0.00812	0.00853	0.00214	0.08138	0.00528	0.00367	0.00849

[dist]
# distance from previous block
# <min> <max>
0	2

[block]
# block no. 6 follows, 27 sequences, length 20
# corresponding to MSA columns:
# 207-223,225-227
name=unknown_G
#
# <colnr> <probs for GDERKNQSTAVLIFYWHMCP>
#	G	D	E	R	K	N	Q	S	T	A	V	L	I	F	Y	W	H	M	C	P
0	0.74204	0.01424	0.01132	0.00999	0.01466	0.01628	0.00823	0.02276	0.01320	0.07670	0.01157	0.01292	0.00871	0.00704	0.00478	0.00230	0.00578	0.00424	0.00489	0.00834
1	0.00940	0.00681	0.00888	0.00991	0.01080	0.00629	0.00684	0.01129	0.01610	0.02176	0.20694	0.52205	0.09353	0.02094	0.00925	0.00281	0.00407	0.01883	0.00722	0.00629
2	0.11298	0.24758	0.08601	0.01445	0.02074	0.02001	0.04394	0.07273	0.09356	0.10605	0.01626	0.01691	0.01239	0.00733	0.00607	0.00196	0.00746	0.00552	0.00505	0.10301
3	0.02015	0.19123	0.06316	0.06829	0.02327	0.05487	0.05024	0.20188	0.08160	0.02918	0.08113	0.02302	0.04307	0.00893	0.00694	0.00213	0.00798	0.00711	0.02570	0.01013
4	0.01604	0.10060	0.01611	0.01171	0.01416	0.03498	0.00894	0.09391	0.07789	0.02255	0.02160	0.04610	0.03603	0.27324	0.01935	0.00399	0.07145	0.00840	0.08962	0.03335
5	0.01104	0.00916	0.00982	0.00946	0.01162	0.03384	0.00702	0.01494	0.06797	0.02467	0.32716	0.09044	0.29360	0.04445	0.00976	0.00262	0.00433	0.01384	0.00728	0.00700
6	0.01419	0.03307	0.01494	0.09584	0.01877	0.05154	0.01095	0.08305	0.01603	0.02156	0.02359	0.21925	0.02424	0.04488	0.20279	0.00528	0.05616	0.01092	0.04540	0.00753
7	0.01757	0.23566	0.35331	0.02119	0.06268	0.06137	0.10450	0.02350	0.01612	0.02155	0.01261	0.01517	0.00981	0.00676	0.00662	0.00212	0.01034	0.00549	0.00329	0.01034
8	0.06252	0.04007	0.02736	0.09655	0.48736	0.11468	0.02031	0.02335	0.01702	0.02326	0.01324	0.01726	0.01102	0.00684	0.00704	0.00217	0.00935	0.00614	0.00370	0.01075
9	0.00920	0.00665	0.00852	0.00988	0.01051	0.00617	0.00660	0.01052	0.01443	0.01908	0.06467	0.60012	0.10602	0.07609	0.01150	0.00326	0.00445	0.01958	0.00676	0.00597
10	0.01431	0.01289	0.02131	0.23432	0.22980	0.01366	0.05149	0.01833	0.01621	0.02207	0.05758	0.10651	0.05969	0.01112	0.00801	0.00251	0.00791	0.06862	0.03485	0.00880
11	0.07931	0.35170	0.05855	0.01398	0.01931	0.11220	0.01278	0.05987	0.01726	0.08448	0.01727	0.01842	0.05507	0.00944	0.02529	0.00223	0.04332	0.00562	0.00444	0.00947
12	0.01643	0.07520	0.53345	0.04357	0.03035	0.08295	0.02443	0.02349	0.01583	0.02215	0.01274	0.01542	0.00946	0.00747	0.00803	0.00233	0.05764	0.00544	0.00321	0.01039
13	0.01225	0.00844	0.00969	0.00937	0.01004	0.00868	0.00590	0.07233	0.01344	0.01802	0.02435	0.11037	0.02729	0.56351	0.07025	0.00660	0.00773	0.01124	0.00497	0.00553
14	0.51960	0.08440	0.05202	0.01452	0.03845	0.01785	0.09298	0.02302	0.01423	0.06699	0.01223	0.01414	0.00934	0.00689	0.00549	0.00226	0.00718	0.00495	0.00451	0.00893
15	0.02986	0.01217	0.01624	0.01256	0.01783	0.01049	0.01015	0.03250	0.01983	0.58367	0.02753	0.02671	0.01863	0.07715	0.01015	0.00267	0.00634	0.00755	0.00839	0.06957
16	0.01796	0.01320	0.01606	0.08014	0.04201	0.01425	0.01141	0.13830	0.17881	0.08492	0.15908	0.03395	0.06280	0.06109	0.04990	0.00324	0.00709	0.00930	0.00683	0.00965
17	0.01682	0.22511	0.26175	0.02029	0.10117	0.04312	0.05001	0.03594	0.01621	0.02157	0.01863	0.02087	0.07384	0.00993	0.03387	0.00252	0.02828	0.00643	0.00374	0.00989
18	0.01037	0.00732	0.00901	0.00945	0.01059	0.00716	0.00672	0.01220	0.01448	0.01976	0.09480	0.19546	0.14723	0.18923	0.11693	0.00504	0.00718	0.06054	0.07051	0.00603
19	0.14157	0.10014	0.15669	0.04084	0.04363	0.15975	0.06366	0.02473	0.01639	0.08404	0.01335	0.01571	0.01031	0.00789	0.00851	0.00228	0.09126	0.00556	0.00414	0.00957

[dist]
# distance from previous block
# <min> <max>
5	18

[block]
# block no. 7 follows, 27 sequences, length 7
# corresponding to MSA columns:
# 250-256
name=unknown_H
#
# <colnr> <probs for GDERKNQSTAVLIFYWHMCP>
#	G	D	E	R	K	N	Q	S	T	A	V	L	I	F	Y	W	H	M	C	P
0	0.05026	0.20820	0.40871	0.01721	0.02559	0.01894	0.02027	0.02288	0.01563	0.06469	0.01564	0.07212	0.01309	0.00829	0.00660	0.00221	0.00917	0.00641	0.00389	0.01020
1	0.36244	0.17227	0.17182	0.01318	0.01946	0.01920	0.01353	0.05931	0.01530	0.02822	0.01232	0.01416	0.00962	0.00704	0.00538	0.00212	0.00737	0.00468	0.05338	0.00920
2	0.14891	0.25427	0.29613	0.01635	0.02395	0.10394	0.01799	0.02356	0.01562	0.02263	0.01166	0.01361	0.00923	0.00688	0.00588	0.00205	0.00943	0.00468	0.00348	0.00974
3	0.01453	0.00798	0.01102	0.01046	0.01110	0.00822	0.00727	0.08001	0.01237	0.01652	0.01342	0.02206	0.01287	0.02399	0.02671	0.70049	0.00663	0.00647	0.00367	0.00423
4	0.01150	0.00910	0.01054	0.00991	0.01231	0.00891	0.00751	0.01777	0.14049	0.02741	0.40426	0.05464	0.22698	0.01521	0.00854	0.00241	0.00401	0.01310	0.00772	0.00768
5	0.02497	0.10212	0.02237	0.01749	0.02162	0.42136	0.01375	0.12099	0.07408	0.02371	0.04019	0.01681	0.01342	0.00847	0.00769	0.00206	0.04904	0.00569	0.00472	0.00944
6	0.01019	0.00745	0.00957	0.00931	0.01096	0.00683	0.00688	0.01329	0.01986	0.02767	0.56059	0.13819	0.11860	0.01644	0.00884	0.00243	0.00362	0.01453	0.00791	0.00683

[dist]
# distance from previous block
# <min> <max>
1	2

[block]
# block no. 8 follows, 27 sequences, length 20
# corresponding to MSA columns:
# 259-278
name=unknown_I
#
# <colnr> <probs for GDERKNQSTAVLIFYWHMCP>
#	G	D	E	R	K	N	Q	S	T	A	V	L	I	F	Y	W	H	M	C	P
0	0.21464	0.06014	0.01892	0.01394	0.01933	0.01652	0.04554	0.13773	0.08498	0.22455	0.02020	0.03690	0.01469	0.00847	0.00660	0.00222	0.00678	0.00659	0.00661	0.05466
1	0.05907	0.01406	0.02185	0.52643	0.11510	0.01685	0.01912	0.02190	0.09127	0.02174	0.01507	0.02011	0.01146	0.00761	0.00727	0.00244	0.00908	0.00666	0.00390	0.00902
2	0.02384	0.01777	0.01936	0.01550	0.02050	0.01929	0.01256	0.47546	0.07512	0.03959	0.02108	0.05901	0.01758	0.05410	0.00940	0.00258	0.00752	0.04367	0.00701	0.05903
3	0.01078	0.00774	0.01086	0.01086	0.01191	0.00872	0.00804	0.01288	0.01183	0.01704	0.02085	0.03343	0.02046	0.20589	0.53014	0.01044	0.01636	0.00854	0.03704	0.00617
4	0.01615	0.01965	0.12281	0.17674	0.21165	0.01702	0.23450	0.02166	0.01635	0.02257	0.01569	0.06194	0.01313	0.00773	0.00792	0.00243	0.01029	0.00804	0.00374	0.01000
5	0.12087	0.24942	0.25714	0.07238	0.04403	0.06953	0.01799	0.02255	0.01529	0.02199	0.01213	0.01479	0.00973	0.00875	0.03321	0.00245	0.00971	0.00499	0.00345	0.00960
6	0.03221	0.01440	0.01832	0.01405	0.01983	0.01353	0.01160	0.17303	0.02421	0.55690	0.02680	0.02366	0.01713	0.00913	0.00746	0.00228	0.00672	0.00730	0.00881	0.01263
7	0.01449	0.00822	0.00910	0.00874	0.01084	0.00818	0.00674	0.06062	0.01783	0.05024	0.11322	0.07293	0.04936	0.01136	0.00653	0.00206	0.00414	0.04802	0.48997	0.00743
8	0.01514	0.01055	0.01242	0.01112	0.01382	0.01062	0.00852	0.10246	0.09259	0.07428	0.31614	0.04770	0.10952	0.09717	0.01177	0.00297	0.00517	0.04232	0.00746	0.00826
9	0.00942	0.00682	0.00873	0.00974	0.01058	0.00632	0.00664	0.01110	0.01552	0.02081	0.16752	0.49767	0.10772	0.07118	0.01125	0.00313	0.00431	0.01843	0.00697	0.00613
10	0.01423	0.03504	0.62533	0.01968	0.02973	0.01605	0.02506	0.02211	0.01581	0.02313	0.02005	0.02173	0.08332	0.00833	0.00724	0.00237	0.01019	0.00659	0.00354	0.01046
11	0.00912	0.00763	0.00800	0.00819	0.01061	0.00651	0.00633	0.01117	0.01694	0.02029	0.07130	0.07278	0.61948	0.01899	0.00893	0.00261	0.00409	0.08381	0.00689	0.00633
12	0.01954	0.09864	0.02938	0.07909	0.49029	0.11248	0.02042	0.02342	0.01714	0.02237	0.01318	0.01708	0.01111	0.00677	0.00698	0.00211	0.00941	0.00608	0.00362	0.01088
13	0.01040	0.00769	0.00973	0.00950	0.01123	0.00694	0.00687	0.01305	0.01812	0.02524	0.40543	0.21590	0.10159	0.05770	0.01034	0.00270	0.00406	0.01463	0.00730	0.06159
14	0.08351	0.36608	0.06433	0.01268	0.01816	0.05474	0.01191	0.06438	0.01758	0.07038	0.06465	0.02408	0.10236	0.00905	0.00612	0.00197	0.00727	0.00665	0.00484	0.00928
15	0.06602	0.22183	0.02707	0.07259	0.06321	0.04192	0.08418	0.09557	0.01764	0.02394	0.06282	0.02177	0.03674	0.04442	0.01010	0.00246	0.08728	0.00685	0.00442	0.00917
16	0.08819	0.12661	0.01760	0.03285	0.01632	0.05122	0.04039	0.02026	0.08104	0.02403	0.11304	0.04891	0.03794	0.08899	0.01039	0.00266	0.02611	0.00810	0.12734	0.03801
17	0.07465	0.01807	0.08204	0.06982	0.11241	0.03680	0.03278	0.16330	0.06179	0.10319	0.07240	0.02219	0.01767	0.00864	0.00753	0.00225	0.02421	0.00703	0.04273	0.04051
18	0.02091	0.19589	0.06129	0.06153	0.11588	0.11399	0.01492	0.16248	0.02074	0.02683	0.04050	0.01814	0.01375	0.00775	0.00646	0.00198	0.00850	0.00591	0.07323	0.02931
19	0.04270	0.10185	0.05987	0.01345	0.01860	0.05550	0.01166	0.19172	0.04632	0.06317	0.11107	0.02578	0.06058	0.00937	0.00685	0.00201	0.00684	0.00735	0.04722	0.11810

[dist]
# distance from previous block
# <min> <max>
16	66

[block]
# block no. 9 follows, 27 sequences, length 13
# corresponding to MSA columns:
# 347-359
name=unknown_J
#
# <colnr> <probs for GDERKNQSTAVLIFYWHMCP>
#	G	D	E	R	K	N	Q	S	T	A	V	L	I	F	Y	W	H	M	C	P
0	0.01567	0.09617	0.03807	0.01500	0.03979	0.06749	0.07154	0.03913	0.01595	0.06756	0.02624	0.29191	0.02799	0.10614	0.04416	0.00352	0.00790	0.01244	0.00546	0.00786
1	0.24675	0.08123	0.07369	0.01495	0.07253	0.04331	0.01172	0.07599	0.01595	0.02656	0.01630	0.06944	0.01485	0.06316	0.06394	0.00328	0.00813	0.00678	0.04697	0.04446
2	0.07818	0.33424	0.08060	0.05252	0.02157	0.05933	0.01349	0.05916	0.09441	0.04192	0.03721	0.01698	0.01352	0.00747	0.00591	0.00192	0.00782	0.00539	0.00448	0.06389
3	0.14256	0.01673	0.01797	0.01431	0.01968	0.01784	0.01167	0.29992	0.12320	0.14878	0.04065	0.02062	0.01601	0.00875	0.00691	0.00221	0.00680	0.00669	0.00709	0.07160
4	0.01067	0.00715	0.00813	0.00826	0.00829	0.00711	0.00467	0.01076	0.01104	0.01472	0.02463	0.09710	0.02855	0.68845	0.03578	0.00690	0.00699	0.01153	0.00467	0.00461
5	0.07756	0.04715	0.01608	0.05056	0.01773	0.01588	0.01066	0.20920	0.05125	0.03141	0.01889	0.02165	0.01479	0.01211	0.05666	0.00282	0.06400	0.00658	0.26584	0.00917
6	0.02611	0.05506	0.02115	0.04396	0.02238	0.05797	0.01327	0.41344	0.08854	0.11175	0.01965	0.01961	0.01409	0.00878	0.00715	0.00220	0.00785	0.00670	0.04867	0.01169
7	0.01119	0.00726	0.00941	0.00999	0.01116	0.00669	0.00694	0.01302	0.01610	0.06843	0.18602	0.44290	0.08394	0.07691	0.01138	0.00312	0.00447	0.01732	0.00715	0.00660
8	0.00948	0.00740	0.00860	0.00862	0.01054	0.00652	0.00634	0.01190	0.01812	0.02365	0.30724	0.15894	0.36002	0.01803	0.00887	0.00251	0.00374	0.01557	0.00739	0.00652
9	0.02387	0.01718	0.01910	0.01573	0.02046	0.01869	0.01291	0.46786	0.04911	0.06290	0.02398	0.09821	0.02107	0.01204	0.00804	0.00249	0.00746	0.10042	0.00735	0.01111
10	0.24686	0.01558	0.02115	0.10489	0.10736	0.01664	0.09808	0.12347	0.01850	0.09382	0.01715	0.07417	0.01410	0.00867	0.00692	0.00238	0.00783	0.00737	0.00528	0.00978
11	0.01129	0.00810	0.01104	0.01260	0.01406	0.00797	0.01052	0.01414	0.01632	0.02123	0.04037	0.18789	0.07079	0.05433	0.01134	0.00349	0.00631	0.48489	0.00674	0.00657
12	0.01731	0.07513	0.06546	0.25987	0.31496	0.01852	0.06595	0.05361	0.01696	0.02303	0.01365	0.01827	0.01085	0.00697	0.00725	0.00227	0.00944	0.00649	0.00367	0.01031

[dist]
# distance from previous block
# <min> <max>
0	23

[block]
# block no. 10 follows, 27 sequences, length 174
# corresponding to MSA columns:
# 384-557
name=unknown_K
#
# <colnr> <probs for GDERKNQSTAVLIFYWHMCP>
#	G	D	E	R	K	N	Q	S	T	A	V	L	I	F	Y	W	H	M	C	P
0	0.39370	0.05355	0.09407	0.05307	0.02031	0.04427	0.01249	0.07473	0.01602	0.07992	0.01333	0.01527	0.01011	0.00917	0.03119	0.00259	0.03222	0.00507	0.00476	0.03417
1	0.09748	0.20041	0.37059	0.01813	0.02638	0.05344	0.06221	0.02286	0.01555	0.02269	0.01334	0.04109	0.01088	0.00744	0.00644	0.00218	0.00968	0.00573	0.00351	0.00996
2	0.13782	0.22075	0.05595	0.01372	0.01915	0.05948	0.01223	0.16510	0.07022	0.07591	0.04041	0.01956	0.03576	0.00836	0.00622	0.00207	0.00740	0.00607	0.03375	0.01010
3	0.01885	0.39007	0.12778	0.01519	0.04879	0.10795	0.01415	0.02222	0.01588	0.01999	0.01349	0.01658	0.01162	0.03745	0.00688	0.00202	0.00847	0.00509	0.10838	0.00916
4	0.00944	0.00671	0.00884	0.01009	0.01064	0.00640	0.00677	0.01087	0.01438	0.01940	0.09834	0.56574	0.04727	0.09827	0.04643	0.00382	0.00529	0.01868	0.00662	0.00599
5	0.00962	0.00755	0.00869	0.00840	0.01054	0.00663	0.00630	0.01229	0.01891	0.02478	0.37355	0.06367	0.38849	0.01704	0.00877	0.00242	0.00363	0.01458	0.00752	0.00663
6	0.02773	0.03538	0.02104	0.01913	0.02295	0.70930	0.01434	0.02964	0.02104	0.01817	0.01148	0.01339	0.00956	0.00765	0.00669	0.00191	0.01339	0.00478	0.00383	0.00861
7	0.01080	0.00720	0.00810	0.00810	0.00810	0.00720	0.00450	0.01080	0.01080	0.01439	0.02339	0.04858	0.02699	0.73910	0.03779	0.00720	0.00720	0.01080	0.00450	0.00450
8	0.01985	0.74357	0.03890	0.01270	0.01905	0.02937	0.01270	0.02223	0.01508	0.01747	0.01032	0.01191	0.00953	0.00635	0.00476	0.00159	0.00794	0.00397	0.00318	0.00953
9	0.01846	0.01595	0.01679	0.01511	0.01930	0.01846	0.01175	0.03945	0.67938	0.03105	0.03022	0.02770	0.02266	0.01007	0.00755	0.00252	0.00588	0.00839	0.00755	0.01175
10	0.01846	0.01595	0.01679	0.01511	0.01930	0.01846	0.01175	0.03945	0.67938	0.03105	0.03022	0.02770	0.02266	0.01007	0.00755	0.00252	0.00588	0.00839	0.00755	0.01175
11	0.03331	0.01263	0.01723	0.01321	0.01895	0.01091	0.01091	0.03618	0.02125	0.69794	0.02929	0.02527	0.01838	0.00919	0.00747	0.00230	0.00632	0.00747	0.00919	0.01263
12	0.00904	0.00646	0.00861	0.01034	0.01077	0.00603	0.00689	0.01034	0.01421	0.01895	0.04092	0.73426	0.04910	0.02326	0.00948	0.00301	0.00431	0.02110	0.00689	0.00603
13	0.00935	0.00754	0.00832	0.00813	0.01038	0.00651	0.00610	0.01178	0.01829	0.02330	0.28039	0.06610	0.48257	0.01759	0.00877	0.00245	0.00367	0.01492	0.00732	0.00651
14	0.03331	0.01263	0.01723	0.01321	0.01895	0.01091	0.01091	0.03618	0.02125	0.69794	0.02929	0.02527	0.01838	0.00919	0.00747	0.00230	0.00632	0.00747	0.00919	0.01263
15	0.00910	0.00693	0.00822	0.00913	0.01034	0.00622	0.00629	0.01060	0.01523	0.01944	0.07375	0.42592	0.28488	0.06466	0.01091	0.00306	0.00425	0.01822	0.00679	0.00606
16	0.01041	0.00758	0.00979	0.00924	0.01103	0.00696	0.00693	0.01382	0.02078	0.02922	0.65420	0.05636	0.10506	0.01538	0.00876	0.00234	0.00352	0.01355	0.00810	0.00696
17	0.02822	0.02079	0.02228	0.01708	0.02302	0.02302	0.01411	0.66804	0.03490	0.04679	0.01782	0.01782	0.01262	0.00891	0.00743	0.00223	0.00817	0.00668	0.00743	0.01262
18	0.73024	0.04607	0.01236	0.01002	0.01473	0.01700	0.00835	0.02236	0.01305	0.05687	0.01103	0.01254	0.00848	0.00695	0.00471	0.00227	0.00586	0.00414	0.00470	0.00827
19	0.00877	0.00752	0.00752	0.00752	0.01003	0.00627	0.00564	0.01065	0.01692	0.02005	0.07520	0.07144	0.68978	0.01880	0.00877	0.00251	0.00376	0.01567	0.00689	0.00627
20	0.02744	0.01966	0.02119	0.01640	0.02208	0.02164	0.01350	0.59026	0.05655	0.07248	0.01903	0.01893	0.01351	0.00895	0.00733	0.00222	0.00780	0.00679	0.04191	0.01234
21	0.02773	0.03538	0.02104	0.01913	0.02295	0.70930	0.01434	0.02964	0.02104	0.01817	0.01148	0.01339	0.00956	0.00765	0.00669	0.00191	0.01339	0.00478	0.00383	0.00861
22	0.79154	0.01436	0.01091	0.00976	0.01436	0.01665	0.00804	0.02182	0.01263	0.03331	0.01034	0.01206	0.00804	0.00689	0.00459	0.00230	0.00574	0.00402	0.00459	0.00804
23	0.37858	0.01194	0.01085	0.04013	0.01447	0.01336	0.00801	0.07900	0.01593	0.03168	0.01667	0.01914	0.01291	0.00780	0.00521	0.00207	0.00524	0.00553	0.31347	0.00802
24	0.02355	0.01331	0.01595	0.03816	0.01899	0.01345	0.01086	0.05322	0.25174	0.31652	0.03561	0.03266	0.12085	0.01088	0.00769	0.00241	0.00596	0.00897	0.00800	0.01121
25	0.01694	0.11531	0.49749	0.02072	0.05077	0.03958	0.05493	0.02396	0.01614	0.05314	0.01374	0.01589	0.01005	0.00698	0.00684	0.00221	0.01032	0.00554	0.00352	0.03593
26	0.01687	0.01778	0.07428	0.24052	0.46030	0.01728	0.02247	0.02172	0.01622	0.02266	0.01370	0.01860	0.01105	0.00688	0.00735	0.00229	0.00928	0.00653	0.00353	0.01068
27	0.00904	0.00676	0.00831	0.00952	0.01047	0.00614	0.00647	0.01044	0.01478	0.01906	0.04912	0.53560	0.21430	0.05014	0.01040	0.00305	0.00428	0.01929	0.00680	0.00603
28	0.00924	0.00661	0.00879	0.01020	0.01081	0.00616	0.00691	0.01083	0.01513	0.02041	0.12850	0.64250	0.05193	0.02217	0.00938	0.00292	0.00420	0.02007	0.00706	0.00616
29	0.05503	0.15596	0.02180	0.01387	0.01929	0.09385	0.01172	0.03167	0.01942	0.44544	0.02234	0.02061	0.01505	0.00852	0.00732	0.00215	0.03126	0.00634	0.00708	0.01128
30	0.01893	0.01448	0.01738	0.05670	0.06714	0.01603	0.01295	0.03331	0.42730	0.10312	0.02933	0.03438	0.02359	0.01108	0.00791	0.00260	0.00649	0.09919	0.00712	0.01095
