[name]
unknown

[dist]
# distance from previous block
# <min> <max>
4	72

[block]
# block no. 0 follows, 29 sequences, length 123
# corresponding to MSA columns:
# 85-207
name=unknown_A
#
# <colnr> <probs for GDERKNQSTAVLIFYWHMCP>
#	G	D	E	R	K	N	Q	S	T	A	V	L	I	F	Y	W	H	M	C	P
0	0.01802	0.01608	0.02828	0.02034	0.02697	0.01426	0.32957	0.05382	0.01719	0.09160	0.01522	0.01793	0.01144	0.00613	0.00704	0.00186	0.00869	0.00661	0.00452	0.30440
1	0.09285	0.01472	0.02393	0.01747	0.02354	0.01305	0.25307	0.02015	0.01583	0.04460	0.06684	0.01933	0.01496	0.00649	0.00663	0.00178	0.00763	0.00647	0.00443	0.34622
2	0.06960	0.01248	0.01644	0.03411	0.04738	0.01092	0.06047	0.01922	0.04040	0.05436	0.10580	0.02470	0.04060	0.00789	0.00638	0.00169	0.00585	0.02739	0.00505	0.40926
3	0.01501	0.01352	0.06648	0.08821	0.06871	0.01128	0.08707	0.01911	0.01727	0.08569	0.22494	0.03092	0.02943	0.00940	0.00733	0.00204	0.00658	0.03259	0.00551	0.17891
4	0.11981	0.01092	0.01477	0.01216	0.01603	0.01025	0.05975	0.02253	0.01820	0.26053	0.24265	0.03539	0.03331	0.03465	0.00834	0.00241	0.00560	0.04826	0.00708	0.03735
5	0.01883	0.01231	0.06359	0.01365	0.04659	0.00984	0.04248	0.02247	0.01923	0.26196	0.31821	0.03512	0.03760	0.01072	0.00762	0.00216	0.00554	0.00937	0.00723	0.05549
6	0.01461	0.08674	0.66585	0.01973	0.02995	0.01735	0.02533	0.02246	0.01499	0.02215	0.01258	0.01478	0.00903	0.00672	0.00661	0.00220	0.01032	0.00516	0.00301	0.01043
7	0.11623	0.01380	0.02172	0.47732	0.19853	0.01610	0.01870	0.01941	0.01443	0.02116	0.01247	0.01771	0.00968	0.00687	0.00675	0.00229	0.00873	0.00601	0.00341	0.00868
8	0.00868	0.00620	0.00826	0.00991	0.01033	0.00578	0.00661	0.00991	0.01363	0.01818	0.03925	0.74510	0.04710	0.02231	0.00909	0.00289	0.00413	0.02024	0.00661	0.00578
9	0.02660	0.03394	0.02018	0.01834	0.02201	0.72116	0.01376	0.02843	0.02018	0.01743	0.01101	0.01284	0.00917	0.00734	0.00642	0.00183	0.01284	0.00459	0.00367	0.00825
10	0.01684	0.08785	0.02810	0.01877	0.02533	0.01502	0.28015	0.02149	0.03346	0.05261	0.01419	0.01696	0.01111	0.00592	0.00660	0.00173	0.00827	0.00610	0.00413	0.34537
11	0.02933	0.01364	0.04231	0.01728	0.11482	0.01158	0.01261	0.03248	0.01961	0.59032	0.02551	0.02299	0.01644	0.00840	0.00713	0.00219	0.00655	0.00698	0.00787	0.01195
12	0.00984	0.00710	0.00931	0.00912	0.01059	0.00656	0.00670	0.01285	0.01906	0.02681	0.59053	0.16920	0.06382	0.01586	0.00851	0.00235	0.00349	0.01411	0.00763	0.00656
13	0.01549	0.01917	0.10644	0.02571	0.03239	0.01609	0.50654	0.02132	0.01715	0.02368	0.12174	0.02409	0.01944	0.00742	0.00823	0.00236	0.01050	0.00878	0.00420	0.00925
14	0.01751	0.01901	0.03942	0.03061	0.10553	0.01814	0.57126	0.06235	0.01775	0.02418	0.01446	0.01892	0.01093	0.00619	0.00819	0.00236	0.01139	0.00807	0.00381	0.00993
15	0.01597	0.02011	0.10913	0.02758	0.03464	0.01699	0.56406	0.02187	0.01640	0.02245	0.01600	0.07027	0.01319	0.00724	0.00828	0.00242	0.01129	0.00892	0.00375	0.00943
16	0.00868	0.00620	0.00826	0.00991	0.01033	0.00578	0.00661	0.00991	0.01363	0.01818	0.03925	0.74510	0.04710	0.02231	0.00909	0.00289	0.00413	0.02024	0.00661	0.00578
17	0.02602	0.03301	0.02023	0.04956	0.02319	0.69034	0.01402	0.02799	0.01992	0.01746	0.01108	0.01311	0.00919	0.00733	0.00645	0.00186	0.01269	0.00466	0.00365	0.00824
18	0.00868	0.00620	0.00826	0.00991	0.01033	0.00578	0.00661	0.00991	0.01363	0.01818	0.03925	0.74510	0.04710	0.02231	0.00909	0.00289	0.00413	0.02024	0.00661	0.00578
19	0.01462	0.05755	0.60146	0.06452	0.07844	0.01690	0.02514	0.02220	0.01505	0.02215	0.01272	0.01533	0.00921	0.00674	0.00673	0.00223	0.01022	0.00535	0.00305	0.01037
20	0.02643	0.01895	0.02323	0.01755	0.02341	0.02025	0.09154	0.52869	0.02999	0.11981	0.01806	0.01818	0.01260	0.00828	0.00728	0.00218	0.00812	0.00673	0.00691	0.01182
21	0.00979	0.00706	0.00926	0.00915	0.01057	0.00653	0.00670	0.01272	0.01883	0.02644	0.56666	0.19413	0.06309	0.01614	0.00854	0.00237	0.00352	0.01438	0.00759	0.00653
22	0.01762	0.01692	0.02890	0.04371	0.70533	0.01692	0.02185	0.02185	0.01621	0.02326	0.01339	0.01762	0.01128	0.00634	0.00705	0.00211	0.00846	0.00634	0.00352	0.01128
23	0.05227	0.06029	0.01726	0.01425	0.01841	0.04100	0.01125	0.03580	0.60021	0.02870	0.02642	0.02456	0.01996	0.00924	0.00693	0.00233	0.00598	0.00750	0.00675	0.01089
24	0.01345	0.01266	0.02136	0.73264	0.04904	0.01582	0.01978	0.01819	0.01424	0.01819	0.01266	0.01898	0.00949	0.00712	0.00712	0.00237	0.00949	0.00633	0.00316	0.00791
25	0.03195	0.01212	0.01652	0.01267	0.01818	0.01047	0.01047	0.03470	0.02038	0.71026	0.02809	0.02424	0.01763	0.00881	0.00716	0.00220	0.00606	0.00716	0.00881	0.01212
26	0.01038	0.03405	0.00997	0.00891	0.01137	0.00848	0.00678	0.01494	0.10880	0.02224	0.17848	0.10990	0.41753	0.01616	0.00817	0.00238	0.00402	0.01369	0.00680	0.00695
27	0.02633	0.02043	0.02090	0.01636	0.02181	0.06382	0.01338	0.59335	0.08277	0.04208	0.01763	0.01756	0.01266	0.00856	0.00709	0.00214	0.00797	0.00643	0.00692	0.01181
28	0.00868	0.00620	0.00826	0.00991	0.01033	0.00578	0.00661	0.00991	0.01363	0.01818	0.03925	0.74510	0.04710	0.02231	0.00909	0.00289	0.00413	0.02024	0.00661	0.00578
29	0.01112	0.00717	0.00846	0.00830	0.00867	0.00720	0.00502	0.01156	0.01115	0.04016	0.04526	0.04439	0.02628	0.63776	0.09322	0.00696	0.00780	0.01009	0.00456	0.00486
30	0.01762	0.01692	0.02890	0.04371	0.70533	0.01692	0.02185	0.02185	0.01621	0.02326	0.01339	0.01762	0.01128	0.00634	0.00705	0.00211	0.00846	0.00634	0.00352	0.01128
31	0.03163	0.01343	0.01674	0.01301	0.01841	0.05323	0.01066	0.03432	0.02037	0.66857	0.02706	0.02355	0.01712	0.00872	0.00712	0.00218	0.00647	0.00701	0.00850	0.01189
32	0.00866	0.00722	0.00755	0.00747	0.00977	0.00612	0.00560	0.01069	0.01681	0.02060	0.16453	0.06628	0.60919	0.01752	0.00841	0.00238	0.00357	0.01471	0.00679	0.00612
33	0.02600	0.01904	0.02049	0.01599	0.02146	0.02107	0.01312	0.57198	0.12084	0.06735	0.01908	0.01862	0.01360	0.00871	0.00714	0.00218	0.00748	0.00666	0.00720	0.01200
34	0.01345	0.01266	0.02136	0.73264	0.04904	0.01582	0.01978	0.01819	0.01424	0.01819	0.01266	0.01898	0.00949	0.00712	0.00712	0.00237	0.00949	0.00633	0.00316	0.00791
35	0.00842	0.00721	0.00721	0.00721	0.00962	0.00601	0.00541	0.01022	0.01623	0.01924	0.07213	0.06853	0.70244	0.01803	0.00842	0.00240	0.00361	0.01503	0.00661	0.00601
36	0.00868	0.00620	0.00826	0.00991	0.01033	0.00578	0.00661	0.00991	0.01363	0.01818	0.03925	0.74510	0.04710	0.02231	0.00909	0.00289	0.00413	0.02024	0.00661	0.00578
37	0.01463	0.08983	0.66294	0.01970	0.02989	0.01740	0.02527	0.02246	0.01499	0.02212	0.01257	0.01477	0.00903	0.00672	0.00660	0.00220	0.01031	0.00515	0.00301	0.01042
38	0.01827	0.63883	0.14583	0.01349	0.02029	0.02631	0.01445	0.02152	0.01456	0.01768	0.01036	0.01200	0.00912	0.00620	0.00492	0.00164	0.00808	0.00404	0.00304	0.00936
39	0.01004	0.00682	0.00781	0.00804	0.00819	0.00671	0.00467	0.01029	0.01105	0.01463	0.02684	0.14267	0.05750	0.61961	0.03136	0.00617	0.00639	0.01190	0.00472	0.00459
40	0.01860	0.61821	0.13909	0.01365	0.02032	0.05248	0.01438	0.02178	0.01477	0.01766	0.01038	0.01202	0.00912	0.00624	0.00497	0.00165	0.00825	0.00406	0.00306	0.00931
41	0.07411	0.01129	0.01482	0.01183	0.01652	0.01007	0.00961	0.02983	0.01956	0.54431	0.12128	0.05895	0.02522	0.01007	0.00725	0.00224	0.00557	0.00833	0.00832	0.01082
42	0.01017	0.00822	0.01113	0.01082	0.01231	0.00918	0.00844	0.01245	0.01309	0.01785	0.06191	0.03919	0.20937	0.03821	0.42970	0.00779	0.07928	0.00978	0.00470	0.00641
43	0.21569	0.01356	0.01571	0.01237	0.01764	0.01333	0.01021	0.11741	0.02014	0.45895	0.02227	0.02025	0.01451	0.00825	0.00649	0.00219	0.00616	0.00627	0.00753	0.01106
44	0.01341	0.01258	0.02100	0.67809	0.04651	0.01579	0.01921	0.01795	0.01401	0.01809	0.01277	0.01919	0.00980	0.00907	0.03462	0.00274	0.03778	0.00637	0.00319	0.00785
45	0.02029	0.01538	0.01667	0.01447	0.01883	0.01730	0.01140	0.10088	0.54937	0.11044	0.02771	0.02536	0.02031	0.00945	0.00722	0.00236	0.00590	0.00779	0.00742	0.01145
46	0.02660	0.03394	0.02018	0.01834	0.02201	0.72116	0.01376	0.02843	0.02018	0.01743	0.01101	0.01284	0.00917	0.00734	0.00642	0.00183	0.01284	0.00459	0.00367	0.00825
47	0.02273	0.01442	0.01645	0.01390	0.01845	0.01543	0.01106	0.08753	0.40665	0.24618	0.04836	0.02589	0.02106	0.00945	0.00724	0.00232	0.00588	0.00779	0.00775	0.01147
48	0.01578	0.01342	0.01422	0.01297	0.01621	0.03690	0.00996	0.05173	0.43230	0.02884	0.20040	0.07929	0.03425	0.01162	0.00763	0.00237	0.00526	0.00991	0.00724	0.00968
49	0.01477	0.01266	0.01477	0.01055	0.01687	0.00949	0.00844	0.01793	0.01477	0.02320	0.01266	0.01477	0.01055	0.00527	0.00527	0.00105	0.00527	0.00422	0.00422	0.79328
50	0.01762	0.01692	0.02890	0.04371	0.70533	0.01692	0.02185	0.02185	0.01621	0.02326	0.01339	0.01762	0.01128	0.00634	0.00705	0.00211	0.00846	0.00634	0.00352	0.01128
51	0.01237	0.00618	0.00928	0.00928	0.00928	0.00618	0.00618	0.00928	0.00928	0.01237	0.01237	0.02165	0.01237	0.02474	0.02783	0.79283	0.00618	0.00618	0.00309	0.00309
52	0.01645	0.01843	0.03939	0.02825	0.03520	0.01714	0.61933	0.02214	0.01659	0.02270	0.01503	0.04026	0.01185	0.00644	0.00824	0.00233	0.01137	0.00850	0.00373	0.05665
53	0.01821	0.68460	0.03491	0.01212	0.01776	0.02638	0.01188	0.02052	0.01419	0.01673	0.01075	0.01296	0.00994	0.01049	0.07127	0.00245	0.00868	0.00416	0.00312	0.00888
54	0.00868	0.00716	0.00762	0.00764	0.00981	0.00610	0.00568	0.01068	0.01666	0.02056	0.16359	0.10697	0.56871	0.01777	0.00845	0.00241	0.00360	0.01502	0.00679	0.00610
55	0.00873	0.00624	0.00831	0.00988	0.01034	0.00582	0.00661	0.01004	0.01387	0.01855	0.06289	0.72040	0.04781	0.02203	0.00906	0.00287	0.00410	0.01998	0.00665	0.00582
56	0.69642	0.01460	0.01193	0.01031	0.01488	0.01679	0.00849	0.10950	0.01498	0.03368	0.01088	0.01231	0.00830	0.00687	0.00477	0.00219	0.00582	0.00420	0.00477	0.00830
57	0.01681	0.01921	0.04202	0.03001	0.03721	0.01801	0.67947	0.02281	0.01681	0.02281	0.01441	0.01921	0.01080	0.00600	0.00840	0.00240	0.01200	0.00840	0.00360	0.00960
58	0.01023	0.00740	0.01027	0.01027	0.01113	0.00826	0.00743	0.01196	0.01110	0.01566	0.02015	0.03394	0.02039	0.27646	0.50202	0.00999	0.01517	0.00850	0.00397	0.00570
59	0.02728	0.01960	0.02116	0.01622	0.02191	0.02157	0.01340	0.65332	0.03291	0.07396	0.01758	0.01741	0.01235	0.00856	0.00712	0.00214	0.00776	0.00644	0.00720	0.01211
60	0.01147	0.00820	0.01147	0.01311	0.01475	0.00820	0.01147	0.01475	0.01639	0.02131	0.03770	0.08032	0.04098	0.01967	0.00984	0.00328	0.00656	0.65741	0.00656	0.00656
61	0.01008	0.00728	0.00952	0.00896	0.01064	0.00672	0.00672	0.01344	0.02016	0.02855	0.70158	0.05319	0.06719	0.01456	0.00840	0.00224	0.00336	0.01288	0.00784	0.00672
62	0.02660	0.03394	0.02018	0.01834	0.02201	0.72116	0.01376	0.02843	0.02018	0.01743	0.01101	0.01284	0.00917	0.00734	0.00642	0.00183	0.01284	0.00459	0.00367	0.00825
63	0.00868	0.00620	0.00826	0.00991	0.01033	0.00578	0.00661	0.00991	0.01363	0.01818	0.03925	0.74510	0.04710	0.02231	0.00909	0.00289	0.00413	0.02024	0.00661	0.00578
64	0.01428	0.03683	0.71286	0.02030	0.03082	0.01654	0.02631	0.02255	0.01503	0.02255	0.01278	0.01503	0.00902	0.00677	0.00677	0.00226	0.01052	0.00526	0.00301	0.01052
65	0.00868	0.00620	0.00826	0.00991	0.01033	0.00578	0.00661	0.00991	0.01363	0.01818	0.03925	0.74510	0.04710	0.02231	0.00909	0.00289	0.00413	0.02024	0.00661	0.00578
66	0.01022	0.00700	0.00850	0.00860	0.00887	0.00722	0.00533	0.01078	0.01076	0.01459	0.02280	0.08506	0.02562	0.57259	0.16588	0.00753	0.00907	0.01043	0.00436	0.00479
67	0.02621	0.03319	0.02056	0.01945	0.05188	0.69039	0.01411	0.02815	0.02001	0.01768	0.01111	0.01305	0.00926	0.00729	0.00645	0.00185	0.01265	0.00466	0.00366	0.00839
68	0.00842	0.00721	0.00721	0.00721	0.00962	0.00601	0.00541	0.01022	0.01623	0.01924	0.07213	0.06853	0.70244	0.01803	0.00842	0.00240	0.00361	0.01503	0.00661	0.00601
69	0.01014	0.00732	0.00960	0.00913	0.01081	0.00678	0.00692	0.01349	0.02000	0.02825	0.67339	0.05434	0.06607	0.01477	0.00846	0.00228	0.00350	0.04024	0.00778	0.00671
70	0.01619	0.32461	0.44180	0.01704	0.02579	0.02121	0.02064	0.02206	0.01481	0.02022	0.01162	0.01358	0.00907	0.00650	0.00588	0.00196	0.00936	0.00468	0.00302	0.00997
71	0.01701	0.35007	0.39163	0.01647	0.02487	0.02141	0.01955	0.02245	0.01498	0.04504	0.01207	0.01379	0.00938	0.00654	0.00582	0.00193	0.00909	0.00469	0.00324	0.00997
72	0.00892	0.00729	0.00791	0.00793	0.01015	0.00629	0.00606	0.01110	0.01693	0.02101	0.17961	0.06667	0.54553	0.01754	0.00851	0.00244	0.00377	0.05935	0.00682	0.00617
73	0.01737	0.01695	0.02754	0.13791	0.58985	0.04239	0.02127	0.02159	0.01609	0.02235	0.01321	0.01764	0.01096	0.00649	0.00704	0.00214	0.00876	0.00628	0.00348	0.01070
74	0.01765	0.01797	0.05267	0.06609	0.60418	0.04004	0.02121	0.02266	0.04578	0.02314	0.01395	0.01781	0.01152	0.00657	0.00703	0.00213	0.00859	0.00632	0.00366	0.01103
75	0.01092	0.00746	0.00979	0.00910	0.01093	0.00686	0.00686	0.01425	0.02016	0.05473	0.67571	0.05208	0.06528	0.01434	0.00835	0.00224	0.00346	0.01266	0.00788	0.00693
76	0.02707	0.01995	0.02137	0.01638	0.02208	0.02208	0.01353	0.68159	0.03348	0.04488	0.01710	0.01710	0.01211	0.00855	0.00712	0.00214	0.00784	0.00641	0.00712	0.01211
77	0.01852	0.01877	0.02848	0.04058	0.61022	0.08993	0.04494	0.02257	0.01665	0.02264	0.01318	0.01719	0.01104	0.00643	0.00703	0.00210	0.00904	0.00624	0.00354	0.01090
78	0.03112	0.01214	0.01644	0.01257	0.01811	0.01042	0.01037	0.03390	0.02011	0.67723	0.02735	0.02378	0.01729	0.00864	0.00707	0.00215	0.00602	0.00702	0.00859	0.04968
79	0.01036	0.00690	0.00777	0.00777	0.00777	0.00690	0.00431	0.01036	0.01036	0.01381	0.02244	0.04660	0.02589	0.74975	0.03624	0.00690	0.00690	0.01036	0.00431	0.00431
80	0.01001	0.00723	0.00946	0.00900	0.01062	0.00667	0.00671	0.01327	0.01984	0.02806	0.66973	0.08646	0.06622	0.01493	0.00843	0.00227	0.00340	0.01323	0.00778	0.00667
81	0.01008	0.00728	0.00952	0.00896	0.01064	0.00672	0.00672	0.01344	0.02016	0.02855	0.70158	0.05319	0.06719	0.01456	0.00840	0.00224	0.00336	0.01288	0.00784	0.00672
82	0.01410	0.01360	0.01828	0.01637	0.01668	0.03736	0.01324	0.01572	0.01170	0.01726	0.01567	0.14418	0.01685	0.01847	0.09598	0.00394	0.51071	0.00878	0.00382	0.00730
83	0.01477	0.01266	0.01477	0.01055	0.01687	0.00949	0.00844	0.01793	0.01477	0.02320	0.01266	0.01477	0.01055	0.00527	0.00527	0.00105	0.00527	0.00422	0.00422	0.79328
84	0.01747	0.01677	0.02863	0.06830	0.68190	0.01688	0.02178	0.02172	0.01614	0.02308	0.01337	0.01767	0.01122	0.00637	0.00705	0.00212	0.00850	0.00634	0.00351	0.01116
85	0.02660	0.03394	0.02018	0.01834	0.02201	0.72116	0.01376	0.02843	0.02018	0.01743	0.01101	0.01284	0.00917	0.00734	0.00642	0.00183	0.01284	0.00459	0.00367	0.00825
86	0.01008	0.00728	0.00952	0.00896	0.01064	0.00672	0.00672	0.01344	0.02016	0.02855	0.70158	0.05319	0.06719	0.01456	0.00840	0.00224	0.00336	0.01288	0.00784	0.00672
87	0.02660	0.03394	0.02018	0.01834	0.02201	0.72116	0.01376	0.02843	0.02018	0.01743	0.01101	0.01284	0.00917	0.00734	0.00642	0.00183	0.01284	0.00459	0.00367	0.00825
88	0.06363	0.01176	0.01565	0.01226	0.01736	0.01037	0.01004	0.03225	0.01975	0.62516	0.05632	0.05260	0.02043	0.00948	0.00717	0.00223	0.00585	0.00776	0.00850	0.01145
89	0.01450	0.08817	0.53761	0.01951	0.02852	0.01664	0.07229	0.02162	0.01539	0.02223	0.03723	0.02093	0.01334	0.00782	0.00699	0.00228	0.00989	0.05162	0.00346	0.00994
90	0.02660	0.03394	0.02018	0.01834	0.02201	0.72116	0.01376	0.02843	0.02018	0.01743	0.01101	0.01284	0.00917	0.00734	0.00642	0.00183	0.01284	0.00459	0.00367	0.00825
91	0.03105	0.01356	0.01742	0.01335	0.01890	0.01261	0.01103	0.15394	0.02280	0.58761	0.02607	0.02292	0.01661	0.00876	0.00715	0.00219	0.00639	0.00702	0.00850	0.01212
92	0.10757	0.01424	0.01638	0.01369	0.01826	0.01516	0.03356	0.07410	0.32912	0.19449	0.06539	0.02474	0.02060	0.00909	0.00695	0.00227	0.00594	0.00746	0.00712	0.03388
93	0.00858	0.00722	0.00744	0.00738	0.00972	0.00608	0.00554	0.01053	0.01661	0.02015	0.13369	0.06703	0.64032	0.01769	0.00841	0.00239	0.00358	0.01482	0.00673	0.00608
94	0.00868	0.00620	0.00826	0.00991	0.01033	0.00578	0.00661	0.00991	0.01363	0.01818	0.03925	0.74510	0.04710	0.02231	0.00909	0.00289	0.00413	0.02024	0.00661	0.00578
95	0.01477	0.01266	0.01477	0.01055	0.01687	0.00949	0.00844	0.01793	0.01477	0.02320	0.01266	0.01477	0.01055	0.00527	0.00527	0.00105	0.00527	0.00422	0.00422	0.79328
96	0.01008	0.00728	0.00952	0.00896	0.01064	0.00672	0.00672	0.01344	0.02016	0.02855	0.70158	0.05319	0.06719	0.01456	0.00840	0.00224	0.00336	0.01288	0.00784	0.00672
97	0.01147	0.00820	0.01147	0.01311	0.01475	0.00820	0.01147	0.01475	0.01639	0.02131	0.03770	0.08032	0.04098	0.01967	0.00984	0.00328	0.00656	0.65741	0.00656	0.00656
98	0.00866	0.00624	0.00822	0.00980	0.01030	0.00579	0.00656	0.00993	0.01375	0.01822	0.04068	0.71559	0.07568	0.02212	0.00906	0.00287	0.00411	0.02002	0.00661	0.00579
99	0.02707	0.01995	0.02137	0.01638	0.02208	0.02208	0.01353	0.68159	0.03348	0.04488	0.01710	0.01710	0.01211	0.00855	0.00712	0.00214	0.00784	0.00641	0.00712	0.01211
100	0.02662	0.01972	0.02112	0.01629	0.02191	0.02187	0.01343	0.65063	0.06517	0.04415	0.01767	0.01755	0.01257	0.00860	0.00713	0.00215	0.00773	0.00649	0.00713	0.01207
101	0.01762	0.01692	0.02890	0.04371	0.70533	0.01692	0.02185	0.02185	0.01621	0.02326	0.01339	0.01762	0.01128	0.00634	0.00705	0.00211	0.00846	0.00634	0.00352	0.01128
102	0.00868	0.00620	0.00826	0.00991	0.01033	0.00578	0.00661	0.00991	0.01363	0.01818	0.03925	0.74510	0.04710	0.02231	0.00909	0.00289	0.00413	0.02024	0.00661	0.00578
103	0.00868	0.00620	0.00826	0.00991	0.01033	0.00578	0.00661	0.00991	0.01363	0.01818	0.03925	0.74510	0.04710	0.02231	0.00909	0.00289	0.00413	0.02024	0.00661	0.00578
104	0.01457	0.01245	0.01456	0.01053	0.01666	0.00937	0.00838	0.01767	0.01473	0.02304	0.01351	0.03825	0.01172	0.00582	0.00540	0.00111	0.00524	0.00473	0.00430	0.76796
105	0.01428	0.03683	0.71286	0.02030	0.03082	0.01654	0.02631	0.02255	0.01503	0.02255	0.01278	0.01503	0.00902	0.00677	0.00677	0.00226	0.01052	0.00526	0.00301	0.01052
106	0.01113	0.00809	0.01100	0.01245	0.01418	0.00795	0.01079	0.01424	0.01637	0.02108	0.04156	0.07900	0.11518	0.01949	0.00968	0.00318	0.00623	0.58534	0.00656	0.00650
107	0.01428	0.03683	0.71286	0.02030	0.03082	0.01654	0.02631	0.02255	0.01503	0.02255	0.01278	0.01503	0.00902	0.00677	0.00677	0.00226	0.01052	0.00526	0.00301	0.01052
108	0.01591	0.01082	0.01280	0.01166	0.01477	0.01112	0.00919	0.02477	0.24941	0.12816	0.25003	0.04388	0.09768	0.01285	0.00797	0.00241	0.00488	0.07516	0.00754	0.00899
109	0.01678	0.41335	0.35821	0.01604	0.02423	0.02265	0.01889	0.02191	0.01474	0.01951	0.01127	0.01314	0.00908	0.00641	0.00561	0.00187	0.00900	0.00450	0.00303	0.00980
110	0.01871	0.70413	0.08432	0.01275	0.01915	0.02737	0.01317	0.02141	0.01451	0.01716	0.01010	0.01167	0.00913	0.00614	0.00472	0.00157	0.00782	0.00391	0.00304	0.00923
111	0.02573	0.07584	0.02106	0.01771	0.02162	0.61879	0.01354	0.05354	0.05268	0.01904	0.01204	0.01358	0.00989	0.00742	0.00638	0.00186	0.01199	0.00478	0.00394	0.00860
112	0.02529	0.01472	0.01724	0.01367	0.01836	0.01507	0.01104	0.33044	0.02562	0.26557	0.08814	0.06709	0.02191	0.04149	0.00861	0.00242	0.00655	0.00827	0.00761	0.01089
113	0.01762	0.01692	0.02890	0.04371	0.70533	0.01692	0.02185	0.02185	0.01621	0.02326	0.01339	0.01762	0.01128	0.00634	0.00705	0.00211	0.00846	0.00634	0.00352	0.01128
114	0.01362	0.01284	0.02168	0.70339	0.07690	0.01587	0.01986	0.01835	0.01432	0.01841	0.01269	0.01893	0.00957	0.00709	0.00712	0.00236	0.00945	0.00633	0.00318	0.00805
115	0.01451	0.07132	0.68037	0.01991	0.03022	0.01710	0.02563	0.02249	0.01501	0.02227	0.01264	0.01486	0.00903	0.00673	0.00666	0.00222	0.01038	0.00519	0.00301	0.01046
116	0.01681	0.01921	0.04202	0.03001	0.03721	0.01801	0.67947	0.02281	0.01681	0.02281	0.01441	0.01921	0.01080	0.00600	0.00840	0.00240	0.01200	0.00840	0.00360	0.00960
117	0.00868	0.00620	0.00826	0.00991	0.01033	0.00578	0.00661	0.00991	0.01363	0.01818	0.03925	0.74510	0.04710	0.02231	0.00909	0.00289	0.00413	0.02024	0.00661	0.00578
118	0.00868	0.00620	0.00826	0.00991	0.01033	0.00578	0.00661	0.00991	0.01363	0.01818	0.03925	0.74510	0.04710	0.02231	0.00909	0.00289	0.00413	0.02024	0.00661	0.00578
119	0.01402	0.01491	0.04939	0.02021	0.02337	0.01563	0.25138	0.01744	0.01411	0.01996	0.04224	0.18024	0.02058	0.01399	0.04420	0.00311	0.23260	0.01037	0.00425	0.00799
120	0.66650	0.01450	0.01214	0.01042	0.01504	0.01652	0.00859	0.10704	0.01524	0.06321	0.01164	0.01284	0.00871	0.00696	0.00488	0.00219	0.00583	0.00433	0.00495	0.00847
121	0.01067	0.00764	0.01049	0.01175	0.01315	0.00746	0.00968	0.01356	0.01650	0.02195	0.15389	0.20787	0.04677	0.01930	0.00944	0.00302	0.00552	0.41811	0.00679	0.00643
122	0.01672	0.01896	0.04063	0.02924	0.03594	0.01827	0.63394	0.02242	0.01640	0.02242	0.01406	0.01896	0.01070	0.00645	0.00943	0.00245	0.06171	0.00825	0.00357	0.00948

[dist]
# distance from previous block
# <min> <max>
0	2

[block]
# block no. 1 follows, 29 sequences, length 12
# corresponding to MSA columns:
# 210-221
name=unknown_B
#
# <colnr> <probs for GDERKNQSTAVLIFYWHMCP>
#	G	D	E	R	K	N	Q	S	T	A	V	L	I	F	Y	W	H	M	C	P
0	0.02485	0.02793	0.01981	0.01729	0.02107	0.47265	0.01336	0.17257	0.02225	0.02365	0.01578	0.01721	0.04990	0.00860	0.00793	0.00203	0.06389	0.00572	0.00457	0.00895
1	0.00886	0.00633	0.00847	0.01012	0.01061	0.00594	0.00692	0.01023	0.01381	0.01838	0.03915	0.70222	0.04670	0.02214	0.00914	0.00292	0.00429	0.06135	0.00661	0.00583
2	0.01699	0.01447	0.01837	0.01330	0.01961	0.01236	0.07097	0.12838	0.01806	0.02676	0.01355	0.01556	0.01083	0.00588	0.00587	0.00136	0.00632	0.00497	0.00464	0.59176
3	0.00916	0.00715	0.00831	0.00822	0.01013	0.00630	0.00609	0.01159	0.01769	0.02318	0.34185	0.12408	0.36694	0.01692	0.00847	0.00238	0.00355	0.01458	0.00714	0.00630
4	0.04966	0.01362	0.01590	0.01237	0.01765	0.01262	0.00994	0.16253	0.04754	0.19922	0.02045	0.08512	0.01636	0.00864	0.00653	0.00184	0.00593	0.00703	0.00633	0.30070
5	0.02132	0.01557	0.01739	0.01477	0.01910	0.01704	0.01212	0.32644	0.19714	0.07433	0.05096	0.03343	0.02253	0.01121	0.00773	0.00243	0.00675	0.13193	0.00717	0.01062
6	0.01681	0.01921	0.04202	0.03001	0.03721	0.01801	0.67947	0.02281	0.01681	0.02281	0.01441	0.01921	0.01080	0.00600	0.00840	0.00240	0.01200	0.00840	0.00360	0.00960
7	0.00842	0.00721	0.00721	0.00721	0.00962	0.00601	0.00541	0.01022	0.01623	0.01924	0.07213	0.06853	0.70244	0.01803	0.00842	0.00240	0.00361	0.01503	0.00661	0.00601
8	0.01554	0.22591	0.53477	0.01816	0.02751	0.01961	0.02259	0.02223	0.01488	0.02102	0.01202	0.01408	0.00905	0.00659	0.00619	0.00206	0.00976	0.00488	0.00302	0.01016
9	0.01677	0.01604	0.02735	0.18531	0.57044	0.01669	0.02143	0.02110	0.01581	0.02222	0.01324	0.01790	0.01091	0.00650	0.00706	0.00217	0.00867	0.00634	0.00345	0.01059
10	0.00868	0.00620	0.00826	0.00991	0.01033	0.00578	0.00661	0.00991	0.01363	0.01818	0.03925	0.74510	0.04710	0.02231	0.00909	0.00289	0.00413	0.02024	0.00661	0.00578
11	0.01733	0.01662	0.02837	0.09236	0.65898	0.01684	0.02171	0.02159	0.01607	0.02291	0.01334	0.01772	0.01115	0.00640	0.00705	0.00213	0.00853	0.00634	0.00350	0.01104

[dist]
# distance from previous block
# <min> <max>
0	1

[block]
# block no. 2 follows, 29 sequences, length 24
# corresponding to MSA columns:
# 223-246
name=unknown_C
#
# <colnr> <probs for GDERKNQSTAVLIFYWHMCP>
#	G	D	E	R	K	N	Q	S	T	A	V	L	I	F	Y	W	H	M	C	P
0	0.02446	0.01533	0.07452	0.01355	0.01863	0.04045	0.01171	0.05042	0.15675	0.38147	0.11063	0.02691	0.02347	0.00947	0.00727	0.00224	0.00633	0.00778	0.00763	0.01098
1	0.01345	0.01266	0.02136	0.73264	0.04904	0.01582	0.01978	0.01819	0.01424	0.01819	0.01266	0.01898	0.00949	0.00712	0.00712	0.00237	0.00949	0.00633	0.00316	0.00791
2	0.00900	0.00728	0.00810	0.00857	0.01063	0.00638	0.00664	0.01101	0.01598	0.01950	0.06237	0.14274	0.51242	0.01879	0.00875	0.00262	0.00420	0.13234	0.00660	0.00609
3	0.01948	0.65663	0.06945	0.01294	0.01922	0.02709	0.01300	0.07702	0.01610	0.01941	0.01065	0.01208	0.00938	0.00633	0.00489	0.00161	0.00778	0.00410	0.00339	0.00946
4	0.01115	0.00796	0.01110	0.01274	0.01424	0.00791	0.01091	0.01419	0.01607	0.02094	0.03788	0.15800	0.04169	0.01998	0.00975	0.00323	0.00627	0.58295	0.00656	0.00647
5	0.00842	0.00721	0.00721	0.00721	0.00962	0.00601	0.00541	0.01022	0.01623	0.01924	0.07213	0.06853	0.70244	0.01803	0.00842	0.00240	0.00361	0.01503	0.00661	0.00601
6	0.38152	0.01504	0.07478	0.01183	0.01727	0.01352	0.01060	0.02734	0.01613	0.33991	0.01844	0.01764	0.01234	0.00763	0.00587	0.00221	0.00620	0.00548	0.00629	0.00996
7	0.06479	0.01279	0.01840	0.01398	0.01959	0.01135	0.06672	0.03309	0.01971	0.62220	0.02613	0.02325	0.01661	0.00848	0.00714	0.00222	0.00654	0.00712	0.00818	0.01171
8	0.03195	0.01212	0.01652	0.01267	0.01818	0.01047	0.01047	0.03470	0.02038	0.71026	0.02809	0.02424	0.01763	0.00881	0.00716	0.00220	0.00606	0.00716	0.00881	0.01212
9	0.01327	0.00664	0.00664	0.00664	0.00830	0.00664	0.00498	0.01659	0.01493	0.02655	0.02323	0.02655	0.01825	0.00830	0.00498	0.00166	0.00332	0.00664	0.78928	0.00664
10	0.01457	0.03509	0.65292	0.02235	0.08993	0.01657	0.02592	0.02249	0.01514	0.02261	0.01283	0.01526	0.00922	0.00673	0.00679	0.00224	0.01034	0.00536	0.00305	0.01059
11	0.10928	0.02306	0.01989	0.01616	0.02118	0.20976	0.01297	0.43527	0.02762	0.03610	0.01469	0.01536	0.01085	0.00802	0.00664	0.00206	0.00894	0.00565	0.00590	0.01060
12	0.03195	0.01212	0.01652	0.01267	0.01818	0.01047	0.01047	0.03470	0.02038	0.71026	0.02809	0.02424	0.01763	0.00881	0.00716	0.00220	0.00606	0.00716	0.00881	0.01212
13	0.01428	0.03683	0.71286	0.02030	0.03082	0.01654	0.02631	0.02255	0.01503	0.02255	0.01278	0.01503	0.00902	0.00677	0.00677	0.00226	0.01052	0.00526	0.00301	0.01052
14	0.08602	0.01647	0.02697	0.06923	0.61755	0.01679	0.02053	0.02162	0.01577	0.02381	0.01306	0.01715	0.01089	0.00640	0.00682	0.00213	0.00824	0.00613	0.00359	0.01083
15	0.01055	0.00795	0.00984	0.00925	0.01120	0.00757	0.00697	0.01517	0.07641	0.02772	0.58135	0.05250	0.12750	0.01450	0.00830	0.00227	0.00358	0.01269	0.00766	0.00703
16	0.00861	0.00647	0.00798	0.00918	0.01014	0.00585	0.00629	0.01000	0.01434	0.01846	0.04815	0.56199	0.22446	0.02115	0.00891	0.00276	0.00399	0.01883	0.00661	0.00585
17	0.09859	0.04189	0.01698	0.01248	0.01792	0.01203	0.01039	0.05438	0.01986	0.60135	0.02542	0.02238	0.01624	0.00850	0.00682	0.00217	0.00613	0.00671	0.00814	0.01161
18	0.01824	0.63428	0.15011	0.01354	0.02037	0.02623	0.01454	0.02153	0.01456	0.01772	0.01038	0.01203	0.00912	0.00620	0.00494	0.00165	0.00810	0.00405	0.00304	0.00937
19	0.01844	0.01513	0.01612	0.01440	0.01850	0.01734	0.01123	0.03768	0.65792	0.06477	0.02894	0.02645	0.02153	0.00962	0.00724	0.00240	0.00566	0.00800	0.00733	0.01131
20	0.01345	0.01266	0.02136	0.73264	0.04904	0.01582	0.01978	0.01819	0.01424	0.01819	0.01266	0.01898	0.00949	0.00712	0.00712	0.00237	0.00949	0.00633	0.00316	0.00791
21	0.01762	0.01692	0.02890	0.04371	0.70533	0.01692	0.02185	0.02185	0.01621	0.02326	0.01339	0.01762	0.01128	0.00634	0.00705	0.00211	0.00846	0.00634	0.00352	0.01128
22	0.03132	0.01226	0.01651	0.01275	0.01819	0.01079	0.01050	0.03484	0.05015	0.68012	0.02813	0.02434	0.01781	0.00885	0.00716	0.00221	0.00604	0.00720	0.00874	0.01208
23	0.01017	0.00763	0.01144	0.01144	0.01272	0.00890	0.00890	0.01272	0.01144	0.01653	0.01907	0.02797	0.01780	0.05340	0.72153	0.01144	0.01907	0.00763	0.00381	0.00636

[dist]
# distance from previous block
# <min> <max>
0	1

[block]
# block no. 3 follows, 29 sequences, length 7
# corresponding to MSA columns:
# 248-254
name=unknown_D
#
# <colnr> <probs for GDERKNQSTAVLIFYWHMCP>
#	G	D	E	R	K	N	Q	S	T	A	V	L	I	F	Y	W	H	M	C	P
0	0.00973	0.00681	0.00778	0.00812	0.00856	0.00654	0.00494	0.01025	0.01189	0.01550	0.03323	0.19083	0.13087	0.49403	0.02662	0.00542	0.00585	0.01305	0.00512	0.00486
1	0.57866	0.16261	0.01567	0.00980	0.01420	0.01770	0.00834	0.02016	0.01245	0.02742	0.01092	0.01437	0.00947	0.06652	0.00701	0.00245	0.00605	0.00437	0.00412	0.00773
2	0.01946	0.01524	0.01650	0.01451	0.01871	0.01721	0.01149	0.11085	0.53367	0.07858	0.02801	0.02814	0.02135	0.01000	0.00736	0.00241	0.00597	0.04206	0.00730	0.01118
3	0.01345	0.01266	0.02136	0.73264	0.04904	0.01582	0.01978	0.01819	0.01424	0.01819	0.01266	0.01898	0.00949	0.00712	0.00712	0.00237	0.00949	0.00633	0.00316	0.00791
4	0.01681	0.01921	0.04202	0.03001	0.03721	0.01801	0.67947	0.02281	0.01681	0.02281	0.01441	0.01921	0.01080	0.00600	0.00840	0.00240	0.01200	0.00840	0.00360	0.00960
5	0.55750	0.01573	0.01372	0.15631	0.02178	0.09234	0.01080	0.02119	0.01342	0.02760	0.01059	0.01320	0.00823	0.00679	0.00517	0.00220	0.00711	0.00443	0.00408	0.00781
6	0.01259	0.01054	0.01233	0.00992	0.01447	0.00823	0.00762	0.01516	0.01476	0.02160	0.02688	0.17016	0.12091	0.01061	0.00651	0.00163	0.00479	0.00906	0.00506	0.51717

[dist]
# distance from previous block
# <min> <max>
4	5

[block]
# block no. 4 follows, 29 sequences, length 52
# corresponding to MSA columns:
# 260-311
name=unknown_E
#
# <colnr> <probs for GDERKNQSTAVLIFYWHMCP>
#	G	D	E	R	K	N	Q	S	T	A	V	L	I	F	Y	W	H	M	C	P
0	0.00918	0.00675	0.00871	0.01001	0.01100	0.00628	0.00728	0.01095	0.01479	0.01931	0.07031	0.49229	0.15203	0.02085	0.00908	0.00286	0.00444	0.13123	0.00665	0.00599
1	0.01904	0.75404	0.03731	0.01218	0.01828	0.02818	0.01218	0.02132	0.01447	0.01675	0.00990	0.01142	0.00914	0.00609	0.00457	0.00152	0.00761	0.00381	0.00305	0.00914
2	0.01762	0.01692	0.02890	0.04371	0.70533	0.01692	0.02185	0.02185	0.01621	0.02326	0.01339	0.01762	0.01128	0.00634	0.00705	0.00211	0.00846	0.00634	0.00352	0.01128
3	0.36922	0.01250	0.01296	0.01084	0.01527	0.01297	0.00883	0.04575	0.03941	0.26776	0.11656	0.02263	0.02032	0.00868	0.00612	0.00221	0.00547	0.00652	0.00661	0.00936
4	0.01645	0.01853	0.04012	0.02878	0.03558	0.01739	0.64205	0.02212	0.01645	0.02231	0.01485	0.02073	0.01164	0.04723	0.00995	0.00265	0.01172	0.00851	0.00364	0.00931
5	0.03091	0.01238	0.01655	0.01274	0.01813	0.01098	0.01050	0.06981	0.02110	0.64943	0.05114	0.02486	0.01906	0.00900	0.00720	0.00220	0.00606	0.00732	0.00869	0.01193
6	0.03108	0.01190	0.01622	0.01257	0.01788	0.01029	0.01032	0.03378	0.02013	0.68440	0.02851	0.05118	0.01873	0.00932	0.00723	0.00223	0.00599	0.00765	0.00873	0.01188
7	0.01762	0.01692	0.02890	0.04371	0.70533	0.01692	0.02185	0.02185	0.01621	0.02326	0.01339	0.01762	0.01128	0.00634	0.00705	0.00211	0.00846	0.00634	0.00352	0.01128
8	0.00842	0.00721	0.00721	0.00721	0.00962	0.00601	0.00541	0.01022	0.01623	0.01924	0.07213	0.06853	0.70244	0.01803	0.00842	0.00240	0.00361	0.01503	0.00661	0.00601
9	0.01671	0.01891	0.04037	0.02909	0.03571	0.01832	0.62535	0.02235	0.01633	0.02235	0.01399	0.01891	0.01069	0.00653	0.00962	0.00246	0.07108	0.00823	0.00356	0.00946
10	0.01428	0.03683	0.71286	0.02030	0.03082	0.01654	0.02631	0.02255	0.01503	0.02255	0.01278	0.01503	0.00902	0.00677	0.00677	0.00226	0.01052	0.00526	0.00301	0.01052
11	0.01685	0.01908	0.04129	0.03077	0.07425	0.01795	0.64302	0.02276	0.01677	0.02283	0.01435	0.01912	0.01083	0.00602	0.00833	0.00239	0.01181	0.00829	0.00360	0.00970
12	0.01428	0.03683	0.71286	0.02030	0.03082	0.01654	0.02631	0.02255	0.01503	0.02255	0.01278	0.01503	0.00902	0.00677	0.00677	0.00226	0.01052	0.00526	0.00301	0.01052
13	0.02630	0.03064	0.02077	0.01907	0.05131	0.56253	0.01406	0.14817	0.02245	0.02272	0.01223	0.01383	0.00980	0.00752	0.00658	0.00190	0.01173	0.00500	0.00430	0.00909
14	0.00916	0.00659	0.00878	0.01036	0.01108	0.00622	0.00741	0.01078	0.01423	0.01878	0.04043	0.59813	0.07508	0.02165	0.00919	0.00294	0.00453	0.13212	0.00660	0.00593
15	0.00868	0.00620	0.00826	0.00991	0.01033	0.00578	0.00661	0.00991	0.01363	0.01818	0.03925	0.74510	0.04710	0.02231	0.00909	0.00289	0.00413	0.02024	0.00661	0.00578
16	0.01345	0.01266	0.02136	0.73264	0.04904	0.01582	0.01978	0.01819	0.01424	0.01819	0.01266	0.01898	0.00949	0.00712	0.00712	0.00237	0.00949	0.00633	0.00316	0.00791
17	0.02797	0.04539	0.01804	0.01355	0.01868	0.01405	0.01117	0.10381	0.13288	0.47306	0.02566	0.02302	0.01708	0.00893	0.00759	0.00223	0.03020	0.00705	0.00794	0.01171
18	0.03195	0.01212	0.01652	0.01267	0.01818	0.01047	0.01047	0.03470	0.02038	0.71026	0.02809	0.02424	0.01763	0.00881	0.00716	0.00220	0.00606	0.00716	0.00881	0.01212
19	0.01001	0.00728	0.00943	0.00889	0.01060	0.00669	0.00667	0.01331	0.02000	0.02819	0.67699	0.05379	0.09200	0.01469	0.00840	0.00225	0.00337	0.01296	0.00779	0.00669
20	0.02609	0.03308	0.02025	0.01836	0.02186	0.68870	0.01384	0.02791	0.01975	0.01741	0.01093	0.01297	0.00918	0.00758	0.00721	0.00189	0.04645	0.00466	0.00364	0.00823
21	0.01541	0.14164	0.01892	0.01301	0.01518	0.01532	0.03230	0.04150	0.01374	0.07137	0.04092	0.07985	0.01970	0.19372	0.09090	0.00443	0.17183	0.00836	0.00449	0.00741
22	0.80005	0.01377	0.01047	0.00936	0.01377	0.01597	0.00771	0.02093	0.01212	0.03195	0.00991	0.01157	0.00771	0.00661	0.00441	0.00220	0.00551	0.00386	0.00441	0.00771
23	0.01705	0.06110	0.54157	0.02027	0.05774	0.01626	0.04485	0.02410	0.01583	0.11389	0.01478	0.01636	0.01033	0.00697	0.00679	0.00222	0.00977	0.00561	0.00382	0.01068
24	0.74366	0.01348	0.01065	0.00947	0.01382	0.01544	0.00778	0.02116	0.01271	0.05653	0.03545	0.01353	0.01021	0.00698	0.00465	0.00220	0.00545	0.00430	0.00469	0.00784
25	0.01027	0.00780	0.00964	0.01072	0.01177	0.00788	0.00743	0.01483	0.13308	0.02022	0.03744	0.61868	0.04263	0.02008	0.00876	0.00281	0.00440	0.01810	0.00672	0.00675
26	0.03991	0.01320	0.02213	0.63425	0.06673	0.01615	0.04757	0.01856	0.01423	0.01897	0.01256	0.01860	0.00954	0.00720	0.00760	0.00238	0.03277	0.00633	0.00323	0.00808
27	0.00963	0.00726	0.00905	0.00993	0.01127	0.00685	0.00733	0.01241	0.04553	0.02072	0.13008	0.38223	0.18330	0.01946	0.00889	0.00275	0.00436	0.11585	0.00679	0.00631
28	0.01654	0.01338	0.01547	0.01127	0.01744	0.01092	0.00906	0.07935	0.03773	0.04819	0.01408	0.01566	0.01127	0.00582	0.00557	0.00123	0.00554	0.00463	0.00473	0.67211
29	0.37470	0.01229	0.01230	0.01025	0.01485	0.01219	0.00830	0.02096	0.01480	0.12580	0.06966	0.04611	0.01704	0.00821	0.00568	0.00198	0.00534	0.02714	0.00541	0.20700
30	0.01851	0.67460	0.11213	0.01308	0.01967	0.02689	0.01375	0.02146	0.01453	0.01740	0.01022	0.01182	0.00912	0.00617	0.00481	0.00160	0.00794	0.00397	0.00304	0.00929
31	0.01681	0.01921	0.04202	0.03001	0.03721	0.01801	0.67947	0.02281	0.01681	0.02281	0.01441	0.01921	0.01080	0.00600	0.00840	0.00240	0.01200	0.00840	0.00360	0.00960
32	0.01362	0.01283	0.02167	0.70402	0.07630	0.01587	0.01986	0.01835	0.01432	0.01840	0.01269	0.01893	0.00957	0.00709	0.00712	0.00236	0.00945	0.00633	0.00318	0.00805
33	0.01610	0.01755	0.03502	0.05469	0.05664	0.01819	0.46035	0.02085	0.01529	0.02124	0.01425	0.04852	0.01197	0.00812	0.01153	0.00256	0.16620	0.00828	0.00360	0.00905
34	0.01123	0.00920	0.00909	0.00894	0.01147	0.04929	0.00695	0.01332	0.01687	0.05804	0.08678	0.06352	0.52079	0.01694	0.00839	0.00245	0.00463	0.08892	0.00660	0.00658
35	0.01747	0.01508	0.01599	0.01417	0.01838	0.01705	0.01104	0.03623	0.63773	0.02926	0.02766	0.02561	0.02083	0.00931	0.00709	0.00231	0.00561	0.00774	0.00700	0.07444
36	0.02171	0.01666	0.01818	0.01435	0.01973	0.01749	0.01159	0.32386	0.21077	0.05784	0.01969	0.01940	0.01458	0.00808	0.00672	0.00196	0.00656	0.00637	0.00652	0.19795
37	0.05051	0.01381	0.01710	0.01325	0.01871	0.01313	0.01088	0.14955	0.06717	0.48853	0.02482	0.02224	0.01624	0.00856	0.00698	0.00214	0.00629	0.00683	0.00803	0.05524
38	0.00914	0.00673	0.00873	0.00987	0.01081	0.00608	0.00671	0.01054	0.01381	0.01860	0.03835	0.66501	0.06727	0.02084	0.00877	0.00273	0.00420	0.01882	0.00643	0.06656
39	0.01477	0.01266	0.01477	0.01055	0.01687	0.00949	0.00844	0.01793	0.01477	0.02320	0.01266	0.01477	0.01055	0.00527	0.00527	0.00105	0.00527	0.00422	0.00422	0.79328
40	0.11101	0.01033	0.01197	0.01153	0.01457	0.01008	0.00943	0.07380	0.01664	0.02440	0.03091	0.15687	0.08092	0.01481	0.00789	0.00253	0.00571	0.25521	0.00594	0.14545
41	0.01558	0.01558	0.02181	0.01869	0.01869	0.02181	0.01558	0.01714	0.01091	0.01714	0.00935	0.01558	0.00935	0.01246	0.02337	0.00312	0.73672	0.00623	0.00312	0.00779
42	0.00868	0.00620	0.00826	0.00991	0.01033	0.00578	0.00661	0.00991	0.01363	0.01818	0.03925	0.74510	0.04710	0.02231	0.00909	0.00289	0.00413	0.02024	0.00661	0.00578
43	0.01839	0.00952	0.01241	0.01052	0.01374	0.00868	0.00828	0.05037	0.02070	0.26615	0.41744	0.04199	0.06717	0.01240	0.00791	0.00223	0.00450	0.01067	0.00811	0.00881
44	0.01904	0.75404	0.03731	0.01218	0.01828	0.02818	0.01218	0.02132	0.01447	0.01675	0.00990	0.01142	0.00914	0.00609	0.00457	0.00152	0.00761	0.00381	0.00305	0.00914
45	0.01159	0.00761	0.00984	0.00915	0.01113	0.00692	0.00691	0.01471	0.01964	0.08008	0.57851	0.07795	0.10938	0.01466	0.00833	0.00227	0.00361	0.01287	0.00778	0.00705
46	0.00900	0.00642	0.00854	0.01003	0.01058	0.00604	0.00690	0.01045	0.01403	0.01874	0.06932	0.64063	0.04687	0.04613	0.01002	0.00302	0.00437	0.06648	0.00659	0.00583
47	0.01699	0.01416	0.01475	0.01260	0.01661	0.05860	0.00981	0.04943	0.25984	0.07079	0.02902	0.05105	0.11407	0.03614	0.00870	0.00225	0.03826	0.00822	0.00605	0.18263
48	0.13873	0.00913	0.01019	0.00927	0.01203	0.00888	0.00718	0.01716	0.04453	0.09852	0.36412	0.04562	0.18179	0.01321	0.00759	0.00227	0.00413	0.01109	0.00711	0.00748
49	0.36813	0.01889	0.01433	0.01277	0.01681	0.21331	0.00999	0.04126	0.04951	0.11114	0.01586	0.07098	0.01319	0.00850	0.00588	0.00216	0.00760	0.00601	0.00512	0.00855
50	0.01844	0.62940	0.09951	0.01298	0.01925	0.05164	0.01331	0.02125	0.01480	0.01743	0.01273	0.01413	0.03715	0.00668	0.00500	0.00164	0.00792	0.00443	0.00321	0.00911
51	0.54806	0.07087	0.01419	0.01060	0.01536	0.01622	0.00888	0.04609	0.04123	0.15047	0.01410	0.01456	0.01026	0.00714	0.00511	0.00216	0.00585	0.00468	0.00528	0.00888

[dist]
# distance from previous block
# <min> <max>
17	32

[block]
# block no. 5 follows, 29 sequences, length 8
# corresponding to MSA columns:
# 348-355
name=unknown_F
#
# <colnr> <probs for GDERKNQSTAVLIFYWHMCP>
#	G	D	E	R	K	N	Q	S	T	A	V	L	I	F	Y	W	H	M	C	P
0	0.00984	0.00762	0.01139	0.01186	0.01313	0.00718	0.05815	0.01191	0.01473	0.01954	0.06465	0.51705	0.07003	0.02013	0.00912	0.00288	0.00511	0.13301	0.00642	0.00626
1	0.01778	0.01928	0.04006	0.02872	0.03578	0.01839	0.61645	0.08515	0.01838	0.02490	0.01466	0.01901	0.01093	0.00624	0.00828	0.00238	0.01161	0.00821	0.00393	0.00984
2	0.06561	0.01250	0.01482	0.01201	0.01649	0.03409	0.00964	0.06090	0.07043	0.36113	0.17649	0.02880	0.02747	0.00972	0.00713	0.00213	0.00564	0.00799	0.00764	0.06935
3	0.02484	0.01870	0.02015	0.01555	0.02117	0.02027	0.01275	0.54903	0.08998	0.04108	0.01765	0.01767	0.01279	0.00828	0.00692	0.00204	0.00735	0.00631	0.00680	0.10065
4	0.65594	0.01346	0.01160	0.00998	0.01460	0.01494	0.00823	0.02352	0.01367	0.15921	0.01333	0.01394	0.00957	0.00702	0.00492	0.00220	0.00561	0.00448	0.00523	0.00854
5	0.02647	0.01651	0.01871	0.01482	0.02009	0.01755	0.01209	0.33929	0.17707	0.24528	0.02313	0.02140	0.01596	0.00888	0.00716	0.00222	0.00680	0.00701	0.00767	0.01192
6	0.01645	0.01695	0.03508	0.02578	0.03184	0.01601	0.52648	0.02234	0.04893	0.05399	0.01907	0.11726	0.01651	0.00850	0.00838	0.00246	0.01037	0.00992	0.00442	0.00929
7	0.00992	0.00775	0.01148	0.10756	0.01638	0.00784	0.03857	0.01167	0.01339	0.01777	0.03216	0.51535	0.03738	0.12298	0.01265	0.00337	0.00560	0.01643	0.00568	0.00603

[dist]
# distance from previous block
# <min> <max>
8	14

[block]
# block no. 6 follows, 29 sequences, length 6
# corresponding to MSA columns:
# 370-375
name=unknown_G
#
# <colnr> <probs for GDERKNQSTAVLIFYWHMCP>
#	G	D	E	R	K	N	Q	S	T	A	V	L	I	F	Y	W	H	M	C	P
0	0.02115	0.01521	0.01683	0.01406	0.01883	0.01631	0.01118	0.13396	0.40838	0.14219	0.02524	0.02345	0.01838	0.00888	0.00700	0.00219	0.00600	0.00724	0.00715	0.09637
1	0.02617	0.02298	0.02064	0.01670	0.02177	0.19277	0.01340	0.46784	0.08543	0.03690	0.01660	0.01685	0.01220	0.00835	0.00696	0.00209	0.00888	0.00610	0.00629	0.01110
2	0.01034	0.00698	0.00813	0.00813	0.00826	0.00710	0.00477	0.01059	0.01046	0.01408	0.02210	0.04474	0.02508	0.68044	0.10445	0.00736	0.00811	0.01008	0.00426	0.00452
3	0.01904	0.75404	0.03731	0.01218	0.01828	0.02818	0.01218	0.02132	0.01447	0.01675	0.00990	0.01142	0.00914	0.00609	0.00457	0.00152	0.00761	0.00381	0.00305	0.00914
4	0.02510	0.02971	0.01956	0.01754	0.02142	0.54939	0.01331	0.07722	0.13706	0.02154	0.01455	0.01552	0.01155	0.00783	0.00661	0.00196	0.01124	0.00532	0.00454	0.00905
5	0.01887	0.01587	0.01675	0.01473	0.01896	0.01825	0.01155	0.11749	0.61093	0.03165	0.02751	0.02539	0.02055	0.00952	0.00723	0.00238	0.00591	0.00785	0.00723	0.01137

[dist]
# distance from previous block
# <min> <max>
0	1

[block]
# block no. 7 follows, 29 sequences, length 13
# corresponding to MSA columns:
# 377-389
name=unknown_H
#
# <colnr> <probs for GDERKNQSTAVLIFYWHMCP>
#	G	D	E	R	K	N	Q	S	T	A	V	L	I	F	Y	W	H	M	C	P
