[name]
unknown

[dist]
# distance from previous block
# <min> <max>
0	2

[block]
# block no. 0 follows, 29 sequences, length 23
# corresponding to MSA columns:
# 2-24
name=unknown_A
#
# <colnr> <probs for GDERKNQSTAVLIFYWHMCP>
#	G	D	E	R	K	N	Q	S	T	A	V	L	I	F	Y	W	H	M	C	P
0	0.28952	0.01049	0.01184	0.06419	0.01690	0.01149	0.01075	0.01718	0.01473	0.02483	0.02609	0.05162	0.02696	0.01415	0.00772	0.00283	0.00640	0.37967	0.00555	0.00706
1	0.46688	0.01465	0.01749	0.09850	0.23684	0.01626	0.01350	0.02093	0.01365	0.02771	0.01131	0.01429	0.00904	0.00658	0.00554	0.00219	0.00687	0.00491	0.00399	0.00886
2	0.01868	0.01641	0.02673	0.03854	0.58691	0.01653	0.01997	0.02438	0.08385	0.07394	0.01602	0.01900	0.01278	0.00685	0.00708	0.00215	0.00800	0.00657	0.00428	0.01134
3	0.01811	0.01784	0.02843	0.04233	0.66821	0.05518	0.02141	0.02221	0.01643	0.02295	0.01326	0.01736	0.01116	0.00640	0.00702	0.00210	0.00870	0.00625	0.00353	0.01111
4	0.01762	0.01692	0.02890	0.04371	0.70533	0.01692	0.02185	0.02185	0.01621	0.02326	0.01339	0.01762	0.01128	0.00634	0.00705	0.00211	0.00846	0.00634	0.00352	0.01128
5	0.01036	0.00690	0.00777	0.00777	0.00777	0.00690	0.00431	0.01036	0.01036	0.01381	0.02244	0.04660	0.02589	0.74975	0.03624	0.00690	0.00690	0.01036	0.00431	0.00431
6	0.00850	0.00720	0.00724	0.00724	0.00954	0.00605	0.00536	0.01022	0.01599	0.01901	0.07008	0.06762	0.67443	0.04833	0.00957	0.00259	0.00374	0.01483	0.00652	0.00594
7	0.01979	0.68234	0.03561	0.01280	0.01865	0.09717	0.01234	0.02203	0.01504	0.01682	0.01001	0.01156	0.00914	0.00622	0.00475	0.00155	0.00814	0.00389	0.00311	0.00905
8	0.01744	0.01673	0.02857	0.07396	0.67652	0.01687	0.02176	0.02169	0.01613	0.02304	0.01336	0.01768	0.01120	0.00638	0.00705	0.00213	0.00850	0.00634	0.00351	0.01113
9	0.01762	0.01692	0.02890	0.04371	0.70533	0.01692	0.02185	0.02185	0.01621	0.02326	0.01339	0.01762	0.01128	0.00634	0.00705	0.00211	0.00846	0.00634	0.00352	0.01128
10	0.01983	0.01981	0.02630	0.07420	0.48829	0.13420	0.01957	0.08843	0.01848	0.02417	0.01333	0.01685	0.01092	0.00677	0.00696	0.00208	0.00918	0.00606	0.00389	0.01068
11	0.02913	0.01663	0.01932	0.01481	0.02043	0.01717	0.01224	0.40798	0.02794	0.32631	0.02175	0.02012	0.01444	0.00866	0.00714	0.00217	0.00708	0.00673	0.00784	0.01211
12	0.02911	0.01237	0.01622	0.01279	0.01781	0.01125	0.01041	0.10165	0.02111	0.56995	0.02802	0.09524	0.01997	0.01013	0.00735	0.00226	0.00606	0.00838	0.00841	0.01149
13	0.01770	0.01547	0.01747	0.01763	0.09222	0.01763	0.01241	0.03612	0.61990	0.02909	0.02731	0.02561	0.02061	0.00930	0.00722	0.00238	0.00594	0.00787	0.00685	0.01127
14	0.01033	0.00701	0.00828	0.00828	0.00846	0.00718	0.00496	0.01069	0.01051	0.01419	0.02196	0.04398	0.02475	0.65195	0.13250	0.00754	0.00861	0.00997	0.00424	0.00460
15	0.01656	0.02132	0.13047	0.03018	0.10806	0.01769	0.52141	0.02267	0.01651	0.02282	0.01408	0.01848	0.01062	0.00614	0.00804	0.00235	0.01143	0.00776	0.00351	0.00991
16	0.00865	0.00631	0.00815	0.00962	0.01025	0.00581	0.00648	0.00995	0.01391	0.01829	0.04278	0.67250	0.11742	0.02185	0.00902	0.00284	0.00407	0.01968	0.00661	0.00581
17	0.01033	0.00705	0.00874	0.00969	0.01078	0.00679	0.00723	0.01227	0.01433	0.01956	0.03770	0.26630	0.11475	0.14139	0.01323	0.00345	0.00511	0.19436	0.11105	0.00589
18	0.02705	0.01304	0.01656	0.01250	0.01823	0.01138	0.01025	0.09495	0.02025	0.46754	0.02303	0.02109	0.01526	0.00788	0.00667	0.00190	0.00603	0.00633	0.00747	0.21259
19	0.01344	0.01228	0.02045	0.68780	0.04653	0.01525	0.01886	0.01809	0.01428	0.01871	0.01331	0.01945	0.01003	0.00719	0.00699	0.00233	0.00911	0.00635	0.05172	0.00783
20	0.01904	0.75404	0.03731	0.01218	0.01828	0.02818	0.01218	0.02132	0.01447	0.01675	0.00990	0.01142	0.00914	0.00609	0.00457	0.00152	0.00761	0.00381	0.00305	0.00914
21	0.02400	0.01842	0.01964	0.01576	0.02091	0.02065	0.01279	0.47078	0.24928	0.03994	0.02099	0.02020	0.01526	0.00891	0.00716	0.00223	0.00712	0.00695	0.00716	0.01183
22	0.02649	0.01891	0.02049	0.01592	0.02144	0.02080	0.01309	0.57039	0.09814	0.09183	0.01908	0.01856	0.01347	0.00868	0.00714	0.00217	0.00749	0.00663	0.00726	0.01203

[dist]
# distance from previous block
# <min> <max>
6	11

[block]
# block no. 1 follows, 29 sequences, length 10
# corresponding to MSA columns:
# 37-46
name=unknown_B
#
# <colnr> <probs for GDERKNQSTAVLIFYWHMCP>
#	G	D	E	R	K	N	Q	S	T	A	V	L	I	F	Y	W	H	M	C	P
0	0.35604	0.03978	0.01643	0.11115	0.02140	0.05429	0.01156	0.12994	0.06618	0.07925	0.01418	0.01571	0.01059	0.00764	0.00653	0.00223	0.03764	0.00529	0.00506	0.00911
1	0.01904	0.75404	0.03731	0.01218	0.01828	0.02818	0.01218	0.02132	0.01447	0.01675	0.00990	0.01142	0.00914	0.00609	0.00457	0.00152	0.00761	0.00381	0.00305	0.00914
2	0.01516	0.01464	0.02499	0.42844	0.16531	0.01654	0.10958	0.02171	0.09108	0.02106	0.01486	0.01961	0.01138	0.00711	0.00730	0.00233	0.00921	0.00681	0.00375	0.00914
3	0.00946	0.00725	0.00866	0.00831	0.01026	0.00646	0.00623	0.01224	0.01870	0.02509	0.46755	0.05889	0.30337	0.01585	0.00840	0.00230	0.00345	0.01368	0.00738	0.00646
4	0.01013	0.00681	0.00783	0.00806	0.00812	0.00675	0.00463	0.01029	0.01080	0.01441	0.02474	0.14229	0.02879	0.65010	0.03252	0.00635	0.00652	0.01171	0.00463	0.00452
5	0.00947	0.00706	0.00880	0.00877	0.01037	0.00640	0.00642	0.01211	0.01812	0.02468	0.44679	0.18431	0.19705	0.01672	0.00853	0.00239	0.00355	0.01469	0.00735	0.00640
6	0.01345	0.01266	0.02136	0.73264	0.04904	0.01582	0.01978	0.01819	0.01424	0.01819	0.01266	0.01898	0.00949	0.00712	0.00712	0.00237	0.00949	0.00633	0.00316	0.00791
7	0.00989	0.00727	0.00926	0.00876	0.01052	0.00664	0.00657	0.01308	0.01972	0.02751	0.63093	0.05491	0.13849	0.01495	0.00840	0.00226	0.00339	0.01312	0.00770	0.00664
8	0.01904	0.75404	0.03731	0.01218	0.01828	0.02818	0.01218	0.02132	0.01447	0.01675	0.00990	0.01142	0.00914	0.00609	0.00457	0.00152	0.00761	0.00381	0.00305	0.00914
9	0.05296	0.02821	0.10179	0.02041	0.02503	0.38798	0.13823	0.02488	0.01738	0.01954	0.01156	0.01459	0.00942	0.00770	0.00907	0.00218	0.11130	0.00556	0.00354	0.00867

[dist]
# distance from previous block
# <min> <max>
11	29

[block]
# block no. 2 follows, 29 sequences, length 8
# corresponding to MSA columns:
# 77-84
name=unknown_C
#
# <colnr> <probs for GDERKNQSTAVLIFYWHMCP>
#	G	D	E	R	K	N	Q	S	T	A	V	L	I	F	Y	W	H	M	C	P
0	0.10258	0.01427	0.01610	0.06372	0.01920	0.07494	0.08096	0.13716	0.01934	0.02584	0.06551	0.03856	0.28983	0.01190	0.00747	0.00227	0.00670	0.00989	0.00569	0.00805
1	0.01113	0.00805	0.00955	0.00878	0.01011	0.00765	0.00570	0.01206	0.01131	0.01589	0.02019	0.03822	0.02197	0.51742	0.12600	0.00647	0.00830	0.00886	0.00423	0.14809
2	0.02402	0.36323	0.09977	0.01325	0.01956	0.01943	0.01294	0.02713	0.01704	0.31192	0.01793	0.01725	0.01273	0.00732	0.00590	0.00189	0.00726	0.00539	0.00549	0.01055
3	0.01961	0.69980	0.03602	0.01265	0.01856	0.08037	0.01230	0.02186	0.01490	0.01680	0.00998	0.01153	0.00914	0.00619	0.00471	0.00155	0.00801	0.00387	0.00309	0.00907
4	0.02882	0.01222	0.01620	0.01228	0.01794	0.01029	0.01010	0.03165	0.01936	0.58531	0.02528	0.02251	0.01634	0.00817	0.00682	0.00199	0.00592	0.00663	0.00798	0.15419
5	0.01705	0.14790	0.01928	0.01141	0.01749	0.01391	0.00958	0.04542	0.05648	0.05814	0.01409	0.01544	0.01138	0.00599	0.00543	0.00132	0.00586	0.00461	0.00453	0.53470
6	0.09910	0.23742	0.29385	0.01538	0.02283	0.04477	0.01699	0.02446	0.01574	0.14672	0.01437	0.01523	0.01049	0.00695	0.00595	0.00201	0.00845	0.00502	0.00424	0.01004
7	0.01772	0.60655	0.11212	0.01304	0.01922	0.02515	0.01351	0.02071	0.01427	0.01739	0.01103	0.01329	0.00989	0.01033	0.06788	0.00248	0.00895	0.00431	0.00311	0.00905

[dist]
# distance from previous block
# <min> <max>
8	29

[block]
# block no. 3 follows, 29 sequences, length 34
# corresponding to MSA columns:
# 115-148
name=unknown_D
#
# <colnr> <probs for GDERKNQSTAVLIFYWHMCP>
#	G	D	E	R	K	N	Q	S	T	A	V	L	I	F	Y	W	H	M	C	P
0	0.22866	0.01554	0.01703	0.05568	0.10496	0.03861	0.01211	0.11554	0.17171	0.08500	0.01938	0.01987	0.03455	0.00806	0.00635	0.00218	0.00665	0.00626	0.00564	0.04623
1	0.19422	0.01690	0.01790	0.01599	0.06218	0.10325	0.04230	0.11317	0.05555	0.13764	0.07268	0.01991	0.01637	0.00839	0.00753	0.00217	0.05287	0.00633	0.00564	0.04900
2	0.04637	0.01372	0.01851	0.01536	0.06203	0.01215	0.07135	0.08745	0.01780	0.14646	0.01809	0.05782	0.01477	0.00774	0.00650	0.00176	0.00647	0.02578	0.00542	0.36446
3	0.00868	0.00620	0.00826	0.00991	0.01033	0.00578	0.00661	0.00991	0.01363	0.01818	0.03925	0.74510	0.04710	0.02231	0.00909	0.00289	0.00413	0.02024	0.00661	0.00578
4	0.01620	0.01351	0.01553	0.01123	0.01748	0.01096	0.00903	0.09522	0.01694	0.02573	0.01317	0.01504	0.01073	0.00565	0.00549	0.00118	0.00557	0.00447	0.00456	0.70231
5	0.01940	0.39454	0.26510	0.01503	0.02255	0.02147	0.01675	0.02380	0.01557	0.12554	0.01369	0.01463	0.01041	0.00674	0.00572	0.00188	0.00837	0.00482	0.00392	0.01007
6	0.01915	0.21875	0.02522	0.04360	0.04598	0.18522	0.01414	0.04360	0.01525	0.01837	0.01181	0.04782	0.01117	0.00945	0.01192	0.00228	0.25842	0.00586	0.00354	0.00845
7	0.00966	0.00718	0.00899	0.00870	0.01042	0.00651	0.00647	0.01257	0.01892	0.02602	0.53315	0.10890	0.18458	0.01580	0.00845	0.00232	0.00346	0.01384	0.00752	0.00651
8	0.01345	0.01266	0.02136	0.73264	0.04904	0.01582	0.01978	0.01819	0.01424	0.01819	0.01266	0.01898	0.00949	0.00712	0.00712	0.00237	0.00949	0.00633	0.00316	0.00791
9	0.01599	0.01672	0.06913	0.27650	0.43997	0.01652	0.02143	0.02065	0.01547	0.02149	0.01310	0.01792	0.01053	0.00663	0.00706	0.00221	0.00894	0.00627	0.00337	0.01009
10	0.01463	0.06430	0.64324	0.02059	0.03073	0.01709	0.06731	0.02252	0.01512	0.02234	0.01277	0.01516	0.00914	0.00669	0.00678	0.00224	0.01050	0.00540	0.00305	0.01041
11	0.00842	0.00721	0.00721	0.00721	0.00962	0.00601	0.00541	0.01022	0.01623	0.01924	0.07213	0.06853	0.70244	0.01803	0.00842	0.00240	0.00361	0.01503	0.00661	0.00601
12	0.00866	0.00625	0.00821	0.00978	0.01029	0.00580	0.00655	0.00993	0.01376	0.01823	0.04090	0.71109	0.08004	0.02209	0.00905	0.00287	0.00410	0.01998	0.00661	0.00580
13	0.01515	0.03596	0.64333	0.02055	0.03052	0.06068	0.05103	0.02293	0.01542	0.02224	0.01273	0.01506	0.00910	0.00677	0.00681	0.00223	0.01073	0.00534	0.00307	0.01035
14	0.00868	0.00620	0.00826	0.00991	0.01033	0.00578	0.00661	0.00991	0.01363	0.01818	0.03925	0.74510	0.04710	0.02231	0.00909	0.00289	0.00413	0.02024	0.00661	0.00578
15	0.80005	0.01377	0.01047	0.00936	0.01377	0.01597	0.00771	0.02093	0.01212	0.03195	0.00991	0.01157	0.00771	0.00661	0.00441	0.00220	0.00551	0.00386	0.00441	0.00771
16	0.01033	0.00702	0.00833	0.00833	0.00853	0.00721	0.00502	0.01072	0.01052	0.01423	0.02192	0.04373	0.02464	0.64251	0.14178	0.00760	0.00878	0.00994	0.00424	0.00463
17	0.01477	0.01266	0.01477	0.01055	0.01687	0.00949	0.00844	0.01793	0.01477	0.02320	0.01266	0.01477	0.01055	0.00527	0.00527	0.00105	0.00527	0.00422	0.00422	0.79328
18	0.01904	0.75404	0.03731	0.01218	0.01828	0.02818	0.01218	0.02132	0.01447	0.01675	0.00990	0.01142	0.00914	0.00609	0.00457	0.00152	0.00761	0.00381	0.00305	0.00914
19	0.01904	0.75404	0.03731	0.01218	0.01828	0.02818	0.01218	0.02132	0.01447	0.01675	0.00990	0.01142	0.00914	0.00609	0.00457	0.00152	0.00761	0.00381	0.00305	0.00914
20	0.80005	0.01377	0.01047	0.00936	0.01377	0.01597	0.00771	0.02093	0.01212	0.03195	0.00991	0.01157	0.00771	0.00661	0.00441	0.00220	0.00551	0.00386	0.00441	0.00771
21	0.01017	0.00763	0.01144	0.01144	0.01272	0.00890	0.00890	0.01272	0.01144	0.01653	0.01907	0.02797	0.01780	0.05340	0.72153	0.01144	0.01907	0.00763	0.00381	0.00636
22	0.02612	0.07976	0.02127	0.01795	0.02178	0.67706	0.01366	0.02798	0.01982	0.01738	0.01094	0.01275	0.00917	0.00726	0.00630	0.00181	0.01251	0.00454	0.00363	0.00831
23	0.01017	0.00763	0.01144	0.01144	0.01272	0.00890	0.00890	0.01272	0.01144	0.01653	0.01907	0.02797	0.01780	0.05340	0.72153	0.01144	0.01907	0.00763	0.00381	0.00636
24	0.00868	0.00620	0.00826	0.00991	0.01033	0.00578	0.00661	0.00991	0.01363	0.01818	0.03925	0.74510	0.04710	0.02231	0.00909	0.00289	0.00413	0.02024	0.00661	0.00578
25	0.04410	0.06185	0.09891	0.01387	0.01804	0.06037	0.01221	0.07512	0.19080	0.05906	0.02894	0.11871	0.10600	0.01179	0.00823	0.00239	0.04820	0.02643	0.00581	0.00916
26	0.01558	0.01558	0.02181	0.01869	0.01869	0.02181	0.01558	0.01714	0.01091	0.01714	0.00935	0.01558	0.00935	0.01246	0.02337	0.00312	0.73672	0.00623	0.00312	0.00779
27	0.00904	0.00646	0.00868	0.01033	0.01090	0.00610	0.00724	0.01055	0.01399	0.01859	0.03905	0.65850	0.04630	0.02196	0.00919	0.00294	0.00445	0.10325	0.00660	0.00588
28	0.01345	0.01266	0.02136	0.73264	0.04904	0.01582	0.01978	0.01819	0.01424	0.01819	0.01266	0.01898	0.00949	0.00712	0.00712	0.00237	0.00949	0.00633	0.00316	0.00791
29	0.01479	0.11382	0.64034	0.01942	0.02947	0.01779	0.02479	0.02242	0.01497	0.02193	0.01247	0.01465	0.00903	0.00669	0.00653	0.00218	0.01021	0.00511	0.00301	0.01037
30	0.00842	0.00721	0.00721	0.00721	0.00962	0.00601	0.00541	0.01022	0.01623	0.01924	0.07213	0.06853	0.70244	0.01803	0.00842	0.00240	0.00361	0.01503	0.00661	0.00601
31	0.01687	0.01615	0.02754	0.16847	0.58648	0.01672	0.02148	0.02119	0.01586	0.02235	0.01326	0.01787	0.01096	0.00648	0.00706	0.00216	0.00865	0.00634	0.00346	0.01067
32	0.02451	0.06327	0.06447	0.01814	0.02210	0.55049	0.01463	0.05693	0.01937	0.01896	0.01120	0.01336	0.00931	0.00777	0.00794	0.00198	0.07844	0.00483	0.00371	0.00857
33	0.02032	0.01580	0.01729	0.01627	0.06169	0.04272	0.01199	0.05817	0.50975	0.12362	0.02681	0.02485	0.01972	0.00921	0.00719	0.00234	0.00621	0.00764	0.00709	0.01131

[dist]
# distance from previous block
# <min> <max>
0	3

[block]
# block no. 4 follows, 29 sequences, length 32
# corresponding to MSA columns:
# 152-183
name=unknown_E
#
# <colnr> <probs for GDERKNQSTAVLIFYWHMCP>
#	G	D	E	R	K	N	Q	S	T	A	V	L	I	F	Y	W	H	M	C	P
0	0.02697	0.01909	0.02071	0.01599	0.02159	0.02094	0.01317	0.59697	0.06683	0.09658	0.01858	0.01815	0.01305	0.00863	0.00713	0.00216	0.00758	0.00656	0.00726	0.01207
1	0.02600	0.01554	0.01628	0.01347	0.01786	0.12284	0.01069	0.06949	0.08233	0.38750	0.06186	0.02499	0.01947	0.04123	0.05467	0.00295	0.00792	0.00727	0.00720	0.01045
2	0.01028	0.00718	0.00915	0.00913	0.00965	0.00760	0.00605	0.01133	0.01119	0.01544	0.05209	0.04028	0.02489	0.46905	0.27836	0.00830	0.01106	0.00950	0.00430	0.00515
3	0.01019	0.00757	0.01115	0.01115	0.01232	0.00874	0.00854	0.01253	0.01136	0.01632	0.01934	0.02944	0.01844	0.10833	0.66748	0.01109	0.01811	0.00784	0.00385	0.00620
4	0.01837	0.06076	0.22339	0.03946	0.02575	0.03615	0.11665	0.07265	0.01669	0.10327	0.04156	0.01840	0.01294	0.00860	0.01074	0.00241	0.17164	0.00650	0.00433	0.00973
5	0.02660	0.03394	0.02018	0.01834	0.02201	0.72116	0.01376	0.02843	0.02018	0.01743	0.01101	0.01284	0.00917	0.00734	0.00642	0.00183	0.01284	0.00459	0.00367	0.00825
6	0.01605	0.01342	0.01545	0.01116	0.01742	0.01081	0.00897	0.08717	0.01672	0.02546	0.01312	0.01501	0.01071	0.00562	0.00547	0.00117	0.00554	0.00445	0.00452	0.71178
7	0.01762	0.01692	0.02890	0.04371	0.70533	0.01692	0.02185	0.02185	0.01621	0.02326	0.01339	0.01762	0.01128	0.00634	0.00705	0.00211	0.00846	0.00634	0.00352	0.01128
8	0.02470	0.01075	0.01400	0.01136	0.01512	0.00983	0.00876	0.05191	0.01766	0.45709	0.02568	0.03052	0.01979	0.22314	0.04391	0.00392	0.00689	0.00807	0.00726	0.00965
9	0.01685	0.01878	0.11364	0.14512	0.37186	0.04041	0.01975	0.07384	0.01748	0.02403	0.05181	0.02104	0.03894	0.00760	0.00713	0.00218	0.00855	0.00681	0.00403	0.01017
10	0.03716	0.00725	0.00888	0.00944	0.01059	0.00672	0.00639	0.01132	0.01364	0.01909	0.07841	0.46969	0.06076	0.14267	0.01312	0.00333	0.00468	0.01593	0.00602	0.07491
11	0.01952	0.37172	0.09125	0.01666	0.02262	0.12809	0.11545	0.02383	0.05304	0.04656	0.01313	0.01512	0.01075	0.00846	0.03366	0.00223	0.00960	0.00527	0.00371	0.00932
12	0.01510	0.01962	0.14081	0.02395	0.02984	0.01645	0.39069	0.02033	0.01559	0.02185	0.05134	0.07205	0.01613	0.01015	0.03481	0.00280	0.09689	0.00870	0.00389	0.00900
13	0.00901	0.00644	0.00860	0.00998	0.01061	0.00603	0.00690	0.01062	0.01460	0.01964	0.12113	0.62213	0.04924	0.02120	0.00905	0.00283	0.00417	0.05513	0.00676	0.00594
14	0.01488	0.01302	0.01630	0.01164	0.01802	0.00997	0.04613	0.01820	0.01488	0.02318	0.01275	0.01502	0.01056	0.00531	0.00545	0.00113	0.00565	0.00445	0.00418	0.74926
15	0.01473	0.01446	0.02058	0.38478	0.05928	0.05626	0.01696	0.01810	0.01369	0.01830	0.01322	0.06018	0.01177	0.00941	0.01169	0.00251	0.21484	0.00691	0.00345	0.04888
16	0.01904	0.75404	0.03731	0.01218	0.01828	0.02818	0.01218	0.02132	0.01447	0.01675	0.00990	0.01142	0.00914	0.00609	0.00457	0.00152	0.00761	0.00381	0.00305	0.00914
17	0.01010	0.00866	0.04240	0.00931	0.01148	0.00711	0.00750	0.01353	0.01950	0.02729	0.60287	0.05301	0.13132	0.01456	0.00832	0.00226	0.00372	0.01275	0.00748	0.00682
18	0.01762	0.01692	0.02890	0.04371	0.70533	0.01692	0.02185	0.02185	0.01621	0.02326	0.01339	0.01762	0.01128	0.00634	0.00705	0.00211	0.00846	0.00634	0.00352	0.01128
19	0.07719	0.01222	0.01617	0.01247	0.01792	0.01079	0.01030	0.03389	0.01989	0.67031	0.02702	0.02349	0.01704	0.00868	0.00700	0.00220	0.00603	0.00697	0.00855	0.01186
20	0.01017	0.00763	0.01144	0.01144	0.01272	0.00890	0.00890	0.01272	0.01144	0.01653	0.01907	0.02797	0.01780	0.05340	0.72153	0.01144	0.01907	0.00763	0.00381	0.00636
21	0.01904	0.75404	0.03731	0.01218	0.01828	0.02818	0.01218	0.02132	0.01447	0.01675	0.00990	0.01142	0.00914	0.00609	0.00457	0.00152	0.00761	0.00381	0.00305	0.00914
22	0.03195	0.01212	0.01652	0.01267	0.01818	0.01047	0.01047	0.03470	0.02038	0.71026	0.02809	0.02424	0.01763	0.00881	0.00716	0.00220	0.00606	0.00716	0.00881	0.01212
23	0.02707	0.01995	0.02137	0.01638	0.02208	0.02208	0.01353	0.68159	0.03348	0.04488	0.01710	0.01710	0.01211	0.00855	0.00712	0.00214	0.00784	0.00641	0.00712	0.01211
24	0.01384	0.01306	0.02207	0.66788	0.11073	0.01592	0.01997	0.01854	0.01442	0.01867	0.01273	0.01886	0.00966	0.00705	0.00711	0.00235	0.00940	0.00633	0.00320	0.00823
25	0.00978	0.00719	0.00919	0.00906	0.01067	0.00659	0.00677	0.01270	0.01874	0.02588	0.51711	0.13829	0.13897	0.01613	0.00855	0.00239	0.00363	0.04436	0.00749	0.00652
26	0.01640	0.02127	0.19388	0.15609	0.13822	0.04375	0.14747	0.02161	0.01576	0.05538	0.04599	0.01919	0.01300	0.00760	0.00872	0.00234	0.07323	0.00675	0.00378	0.00956
27	0.00917	0.00724	0.00826	0.00801	0.01008	0.00633	0.00600	0.01168	0.01801	0.02347	0.35825	0.06156	0.41369	0.01645	0.00841	0.00233	0.00349	0.01405	0.00717	0.00633
28	0.07152	0.01759	0.01961	0.01597	0.04748	0.01874	0.01259	0.46989	0.02823	0.12636	0.03871	0.01866	0.01412	0.00835	0.00688	0.00208	0.00719	0.00641	0.00687	0.06276
29	0.13954	0.06692	0.25100	0.02768	0.29692	0.03718	0.03898	0.02212	0.01521	0.02383	0.01240	0.01537	0.00978	0.00653	0.00642	0.00214	0.00885	0.00546	0.00347	0.01021
30	0.01556	0.01047	0.01226	0.01119	0.01389	0.04131	0.00891	0.07800	0.02056	0.12232	0.36940	0.04944	0.08138	0.01393	0.00826	0.00239	0.00513	0.12021	0.00744	0.00796
31	0.01876	0.10630	0.07920	0.02141	0.16606	0.22013	0.01512	0.04430	0.01765	0.02142	0.10103	0.04388	0.03893	0.00908	0.00812	0.00211	0.06630	0.00696	0.00429	0.00895

[dist]
# distance from previous block
# <min> <max>
1	6

[block]
# block no. 5 follows, 29 sequences, length 34
# corresponding to MSA columns:
# 190-223
name=unknown_F
#
# <colnr> <probs for GDERKNQSTAVLIFYWHMCP>
#	G	D	E	R	K	N	Q	S	T	A	V	L	I	F	Y	W	H	M	C	P
0	0.04045	0.06945	0.05813	0.01339	0.01850	0.05462	0.01144	0.13946	0.10574	0.04675	0.01669	0.01868	0.01330	0.01454	0.12067	0.00330	0.00892	0.00578	0.00502	0.23520
1	0.02107	0.16316	0.09391	0.01596	0.02046	0.28476	0.01394	0.02530	0.07327	0.06860	0.01444	0.01653	0.01172	0.01247	0.08154	0.00298	0.06139	0.00541	0.00413	0.00896
2	0.06466	0.20848	0.34876	0.01773	0.05607	0.08500	0.01882	0.02228	0.01523	0.02130	0.01175	0.01383	0.00922	0.00650	0.00594	0.00193	0.00919	0.00472	0.00329	0.07532
3	0.01813	0.02146	0.10296	0.10803	0.40230	0.12463	0.07590	0.02263	0.01653	0.02172	0.01297	0.01688	0.01048	0.00659	0.00704	0.00214	0.00976	0.00613	0.00346	0.01024
4	0.02131	0.01618	0.01691	0.01418	0.01827	0.06669	0.01119	0.29844	0.13037	0.08706	0.04663	0.10487	0.02058	0.03650	0.05234	0.00295	0.00771	0.00855	0.00662	0.03267
5	0.01002	0.00734	0.00885	0.00923	0.01107	0.00660	0.00706	0.01227	0.01658	0.04285	0.17265	0.20227	0.32371	0.01824	0.00874	0.00261	0.00424	0.12240	0.00689	0.00638
6	0.01018	0.00759	0.01122	0.01122	0.01241	0.00878	0.00862	0.01257	0.01138	0.01636	0.01928	0.02911	0.01829	0.09581	0.67980	0.01117	0.01833	0.00780	0.00385	0.00623
7	0.13869	0.02069	0.01938	0.01730	0.06949	0.15829	0.01294	0.31784	0.06267	0.09081	0.01617	0.01662	0.01183	0.00795	0.00659	0.00211	0.00826	0.00583	0.00593	0.01060
8	0.01008	0.00728	0.00952	0.00896	0.01064	0.00672	0.00672	0.01344	0.02016	0.02855	0.70158	0.05319	0.06719	0.01456	0.00840	0.00224	0.00336	0.01288	0.00784	0.00672
9	0.03195	0.01212	0.01652	0.01267	0.01818	0.01047	0.01047	0.03470	0.02038	0.71026	0.02809	0.02424	0.01763	0.00881	0.00716	0.00220	0.00606	0.00716	0.00881	0.01212
10	0.02554	0.02008	0.10705	0.01587	0.02195	0.01859	0.01428	0.45177	0.02819	0.16036	0.05035	0.01979	0.01527	0.00865	0.00714	0.00217	0.00765	0.00670	0.00694	0.01166
11	0.01855	0.01878	0.02716	0.03937	0.59321	0.10663	0.02045	0.02244	0.01673	0.02245	0.01396	0.01926	0.01208	0.00695	0.00707	0.00212	0.00895	0.02948	0.00365	0.01072
12	0.01821	0.01490	0.01583	0.01402	0.01810	0.01688	0.01097	0.07855	0.57434	0.05600	0.03126	0.02887	0.06992	0.01016	0.00732	0.00239	0.00565	0.00841	0.00725	0.01098
13	0.01172	0.00786	0.01006	0.00946	0.01129	0.00742	0.00702	0.01546	0.05146	0.06955	0.53027	0.10748	0.05770	0.05938	0.01002	0.00258	0.00392	0.01275	0.00755	0.00705
14	0.38570	0.02196	0.01555	0.01358	0.01795	0.27980	0.01067	0.09959	0.01771	0.02760	0.01128	0.01283	0.00889	0.00704	0.00551	0.00200	0.00850	0.00444	0.00443	0.04495
15	0.01174	0.00768	0.00988	0.00910	0.01117	0.00696	0.00690	0.01490	0.01979	0.08458	0.58357	0.05228	0.12537	0.01442	0.00830	0.00225	0.00361	0.01261	0.00780	0.00710
16	0.01427	0.01349	0.02284	0.59749	0.17779	0.01604	0.02018	0.01891	0.01463	0.01919	0.01280	0.01872	0.00984	0.00697	0.00711	0.00232	0.00929	0.00633	0.00323	0.00857
17	0.00984	0.00719	0.00927	0.00908	0.01068	0.00662	0.00679	0.01284	0.01898	0.02637	0.55092	0.12954	0.11777	0.01588	0.00853	0.00236	0.00359	0.03964	0.00755	0.00655
18	0.01728	0.01971	0.04030	0.03030	0.07557	0.04853	0.61211	0.02300	0.01692	0.02260	0.01420	0.01884	0.01076	0.00608	0.00824	0.00236	0.01183	0.00812	0.00360	0.00964
19	0.01798	0.01785	0.02776	0.08921	0.61109	0.06751	0.02113	0.02208	0.01636	0.02250	0.01317	0.01737	0.01100	0.00647	0.00701	0.00211	0.00885	0.00622	0.00351	0.01083
20	0.02493	0.01057	0.01428	0.01148	0.01576	0.00926	0.00926	0.02788	0.02031	0.49152	0.24419	0.03353	0.03353	0.01066	0.00756	0.00221	0.00519	0.00900	0.00850	0.01039
21	0.01046	0.00732	0.00907	0.00873	0.01043	0.00666	0.00638	0.01303	0.01802	0.04906	0.44425	0.10939	0.18118	0.08133	0.01090	0.00274	0.00388	0.01344	0.00723	0.00649
22	0.01904	0.75404	0.03731	0.01218	0.01828	0.02818	0.01218	0.02132	0.01447	0.01675	0.00990	0.01142	0.00914	0.00609	0.00457	0.00152	0.00761	0.00381	0.00305	0.00914
23	0.01477	0.01266	0.01477	0.01055	0.01687	0.00949	0.00844	0.01793	0.01477	0.02320	0.01266	0.01477	0.01055	0.00527	0.00527	0.00105	0.00527	0.00422	0.00422	0.79328
24	0.01457	0.08051	0.67172	0.01980	0.03006	0.01725	0.02545	0.02248	0.01500	0.02220	0.01260	0.01481	0.00903	0.00672	0.00663	0.00221	0.01035	0.00517	0.00301	0.01044
25	0.00982	0.00727	0.00916	0.00869	0.01048	0.00661	0.00652	0.01294	0.01955	0.02710	0.60363	0.05558	0.16604	0.01510	0.00840	0.00227	0.00340	0.01321	0.00765	0.00661
26	0.03074	0.01304	0.01657	0.01288	0.01817	0.03763	0.01056	0.05682	0.02083	0.63420	0.05275	0.02465	0.01900	0.00897	0.00718	0.00219	0.00628	0.00725	0.00852	0.01177
27	0.03068	0.01271	0.01866	0.01412	0.01977	0.01110	0.06643	0.03371	0.02008	0.65275	0.02695	0.02382	0.01706	0.00858	0.00726	0.00222	0.00656	0.00726	0.00838	0.01191
28	0.00868	0.00620	0.00826	0.00991	0.01033	0.00578	0.00661	0.00991	0.01363	0.01818	0.03925	0.74510	0.04710	0.02231	0.00909	0.00289	0.00413	0.02024	0.00661	0.00578
29	0.00868	0.00620	0.00826	0.00991	0.01033	0.00578	0.00661	0.00991	0.01363	0.01818	0.03925	0.74510	0.04710	0.02231	0.00909	0.00289	0.00413	0.02024	0.00661	0.00578
30	0.01795	0.59071	0.19115	0.01403	0.02113	0.02553	0.01540	0.02160	0.01460	0.01807	0.01056	0.01224	0.00911	0.00625	0.00507	0.00169	0.00828	0.00414	0.00304	0.00945
31	0.02024	0.64057	0.03468	0.01307	0.01886	0.10723	0.01242	0.05006	0.01593	0.01802	0.01033	0.01182	0.00927	0.00634	0.00489	0.00158	0.00822	0.00401	0.00329	0.00916
32	0.02604	0.07431	0.02269	0.01747	0.05070	0.10587	0.01382	0.52811	0.02979	0.03866	0.01569	0.01620	0.01151	0.00813	0.00685	0.00206	0.00844	0.00600	0.00626	0.01140
33	0.01967	0.69379	0.03588	0.01270	0.01859	0.08615	0.01232	0.02192	0.01495	0.01681	0.00999	0.01154	0.00914	0.00620	0.00472	0.00155	0.00805	0.00387	0.00310	0.00906

[dist]
# distance from previous block
# <min> <max>
0	1

[block]
# block no. 6 follows, 29 sequences, length 10
# corresponding to MSA columns:
# 226-235
name=unknown_G
#
# <colnr> <probs for GDERKNQSTAVLIFYWHMCP>
#	G	D	E	R	K	N	Q	S	T	A	V	L	I	F	Y	W	H	M	C	P
0	0.02707	0.01995	0.02137	0.01638	0.02208	0.02208	0.01353	0.68159	0.03348	0.04488	0.01710	0.01710	0.01211	0.00855	0.00712	0.00214	0.00784	0.00641	0.00712	0.01211
1	0.01388	0.01808	0.16913	0.44647	0.07048	0.01622	0.02028	0.01898	0.01443	0.01970	0.04239	0.01923	0.01197	0.00786	0.00871	0.00240	0.08150	0.00638	0.00335	0.00856
2	0.01008	0.00686	0.00777	0.00792	0.00811	0.00675	0.00459	0.01031	0.01103	0.01454	0.02716	0.10875	0.07211	0.63852	0.03206	0.00626	0.00645	0.01152	0.00466	0.00455
3	0.80005	0.01377	0.01047	0.00936	0.01377	0.01597	0.00771	0.02093	0.01212	0.03195	0.00991	0.01157	0.00771	0.00661	0.00441	0.00220	0.00551	0.00386	0.00441	0.00771
4	0.02707	0.01995	0.02137	0.01638	0.02208	0.02208	0.01353	0.68159	0.03348	0.04488	0.01710	0.01710	0.01211	0.00855	0.00712	0.00214	0.00784	0.00641	0.00712	0.01211
5	0.01904	0.75404	0.03731	0.01218	0.01828	0.02818	0.01218	0.02132	0.01447	0.01675	0.00990	0.01142	0.00914	0.00609	0.00457	0.00152	0.00761	0.00381	0.00305	0.00914
6	0.01104	0.10814	0.04653	0.00948	0.01236	0.00987	0.00805	0.01409	0.01813	0.02428	0.41309	0.04976	0.22132	0.01396	0.00781	0.00219	0.00434	0.01186	0.00665	0.00704
7	0.01465	0.09226	0.66065	0.01967	0.02985	0.01744	0.02522	0.02246	0.01499	0.02210	0.01256	0.01475	0.00903	0.00671	0.00660	0.00220	0.01030	0.00515	0.00301	0.01042
8	0.01904	0.75404	0.03731	0.01218	0.01828	0.02818	0.01218	0.02132	0.01447	0.01675	0.00990	0.01142	0.00914	0.00609	0.00457	0.00152	0.00761	0.00381	0.00305	0.00914
9	0.00885	0.00627	0.00821	0.00969	0.01007	0.00590	0.00637	0.00996	0.01330	0.01773	0.03752	0.67355	0.04492	0.09683	0.01187	0.00330	0.00442	0.01923	0.00637	0.00563

[dist]
# distance from previous block
# <min> <max>
0	2

[block]
# block no. 7 follows, 29 sequences, length 16
# corresponding to MSA columns:
# 238-253
name=unknown_H
#
# <colnr> <probs for GDERKNQSTAVLIFYWHMCP>
#	G	D	E	R	K	N	Q	S	T	A	V	L	I	F	Y	W	H	M	C	P
0	0.01428	0.03683	0.71286	0.02030	0.03082	0.01654	0.02631	0.02255	0.01503	0.02255	0.01278	0.01503	0.00902	0.00677	0.00677	0.00226	0.01052	0.00526	0.00301	0.01052
1	0.01428	0.03683	0.71286	0.02030	0.03082	0.01654	0.02631	0.02255	0.01503	0.02255	0.01278	0.01503	0.00902	0.00677	0.00677	0.00226	0.01052	0.00526	0.00301	0.01052
2	0.01904	0.75404	0.03731	0.01218	0.01828	0.02818	0.01218	0.02132	0.01447	0.01675	0.00990	0.01142	0.00914	0.00609	0.00457	0.00152	0.00761	0.00381	0.00305	0.00914
3	0.01036	0.00690	0.00777	0.00777	0.00777	0.00690	0.00431	0.01036	0.01036	0.01381	0.02244	0.04660	0.02589	0.74975	0.03624	0.00690	0.00690	0.01036	0.00431	0.00431
4	0.01003	0.00735	0.00945	0.00912	0.01087	0.00677	0.00697	0.01323	0.01947	0.02705	0.58621	0.05688	0.12757	0.01531	0.00852	0.00234	0.00364	0.06497	0.00761	0.00664
5	0.01061	0.00744	0.00893	0.00853	0.01054	0.00663	0.00634	0.01312	0.01797	0.06110	0.37389	0.09359	0.28880	0.04909	0.00963	0.00254	0.00380	0.01361	0.00723	0.00660
6	0.01627	0.01677	0.02899	0.16575	0.13195	0.04805	0.28552	0.04622	0.06024	0.02262	0.02082	0.02418	0.08346	0.00792	0.00774	0.00232	0.00959	0.00812	0.00419	0.00928
7	0.03195	0.01212	0.01652	0.01267	0.01818	0.01047	0.01047	0.03470	0.02038	0.71026	0.02809	0.02424	0.01763	0.00881	0.00716	0.00220	0.00606	0.00716	0.00881	0.01212
8	0.02660	0.03394	0.02018	0.01834	0.02201	0.72116	0.01376	0.02843	0.02018	0.01743	0.01101	0.01284	0.00917	0.00734	0.00642	0.00183	0.01284	0.00459	0.00367	0.00825
9	0.01032	0.00814	0.01085	0.01100	0.01228	0.00826	0.03167	0.01301	0.04520	0.02017	0.08257	0.41796	0.14323	0.01836	0.00978	0.00270	0.06293	0.03713	0.04794	0.00650
10	0.05210	0.05009	0.01652	0.04232	0.01814	0.01388	0.01035	0.05797	0.13306	0.06439	0.01868	0.08157	0.01604	0.00883	0.00782	0.00191	0.07324	0.00688	0.02710	0.29908
11	0.01652	0.21698	0.43134	0.01908	0.02787	0.01944	0.10063	0.02276	0.01532	0.04895	0.01286	0.01499	0.00961	0.00658	0.00642	0.00208	0.00978	0.00534	0.00332	0.01012
12	0.21952	0.18533	0.26621	0.01706	0.04856	0.01915	0.07183	0.02262	0.04817	0.02412	0.01237	0.01436	0.00957	0.00664	0.00584	0.00210	0.00839	0.00502	0.00366	0.00948
13	0.33482	0.06886	0.09938	0.01437	0.06406	0.01586	0.01215	0.07684	0.01648	0.14792	0.03601	0.01651	0.01231	0.00729	0.00575	0.00209	0.00666	0.00527	0.00517	0.05222
14	0.04234	0.12883	0.26729	0.01621	0.05755	0.04028	0.01609	0.01984	0.04118	0.02261	0.14133	0.02743	0.09453	0.00965	0.00768	0.00219	0.04396	0.00759	0.00452	0.00891
15	0.12564	0.20113	0.09665	0.01454	0.02013	0.17923	0.01321	0.07038	0.04201	0.15196	0.01504	0.01547	0.01119	0.00732	0.00596	0.00196	0.00849	0.00510	0.00487	0.00973

[dist]
# distance from previous block
# <min> <max>
5	11

[block]
# block no. 8 follows, 29 sequences, length 6
# corresponding to MSA columns:
# 269-274
name=unknown_I
#
# <colnr> <probs for GDERKNQSTAVLIFYWHMCP>
#	G	D	E	R	K	N	Q	S	T	A	V	L	I	F	Y	W	H	M	C	P
0	0.04799	0.17491	0.25558	0.01616	0.02269	0.01781	0.05148	0.05727	0.10016	0.04333	0.03780	0.05278	0.01713	0.00909	0.00681	0.00224	0.00811	0.06443	0.00461	0.00964
1	0.07065	0.11018	0.19420	0.04687	0.08786	0.10085	0.05950	0.06764	0.01716	0.02399	0.05560	0.01789	0.01371	0.00726	0.00639	0.00200	0.00863	0.00582	0.04646	0.05734
2	0.01782	0.08326	0.01570	0.01134	0.01475	0.01347	0.00882	0.19257	0.01898	0.09384	0.02544	0.05583	0.09142	0.22210	0.04789	0.00384	0.00714	0.00865	0.00568	0.06145
3	0.05949	0.07676	0.11828	0.05281	0.05245	0.09263	0.01381	0.14895	0.02004	0.10830	0.06946	0.02295	0.06235	0.00869	0.00670	0.00207	0.00768	0.00678	0.03276	0.03704
4	0.01326	0.04750	0.24826	0.06064	0.02137	0.01316	0.01534	0.05804	0.01681	0.02338	0.15851	0.08790	0.07925	0.03574	0.00940	0.00254	0.04664	0.04885	0.00505	0.00834
5	0.08579	0.11583	0.10680	0.06666	0.08073	0.04476	0.04911	0.06485	0.04755	0.02372	0.07602	0.02362	0.06801	0.01146	0.05146	0.00271	0.03705	0.00699	0.00449	0.03236

[dist]
# distance from previous block
# <min> <max>
0	37

[block]
# block no. 9 follows, 29 sequences, length 30
# corresponding to MSA columns:
# 312-341
name=unknown_J
#
# <colnr> <probs for GDERKNQSTAVLIFYWHMCP>
#	G	D	E	R	K	N	Q	S	T	A	V	L	I	F	Y	W	H	M	C	P
0	0.01727	0.32892	0.06830	0.01240	0.01701	0.08872	0.01121	0.06977	0.01674	0.02078	0.10183	0.02422	0.03952	0.11109	0.01011	0.00249	0.00748	0.00658	0.00435	0.04121
1	0.16189	0.14597	0.10660	0.01543	0.05977	0.04614	0.03594	0.02383	0.05918	0.13906	0.04715	0.02080	0.04561	0.00985	0.03340	0.00247	0.02623	0.00627	0.00500	0.00941
2	0.08225	0.01298	0.01461	0.01299	0.03643	0.03357	0.03411	0.13745	0.09519	0.05577	0.04706	0.09284	0.05173	0.10988	0.01079	0.00277	0.00619	0.00868	0.07689	0.07783
3	0.04387	0.12934	0.01475	0.00974	0.01286	0.01140	0.00780	0.03629	0.01732	0.09827	0.25571	0.04111	0.15112	0.09951	0.01065	0.00265	0.00509	0.01001	0.00626	0.03624
4	0.11614	0.11125	0.20827	0.01456	0.02072	0.04947	0.01471	0.10674	0.04334	0.11609	0.11219	0.02132	0.01905	0.00839	0.00653	0.00212	0.00755	0.00645	0.00533	0.00980
5	0.01627	0.13013	0.54846	0.01895	0.02821	0.07095	0.02307	0.04567	0.01598	0.02218	0.01242	0.01447	0.00915	0.00678	0.00646	0.00212	0.01022	0.00506	0.00320	0.01023
6	0.01918	0.02106	0.05838	0.03782	0.54467	0.15084	0.02052	0.02314	0.01691	0.02212	0.01291	0.01660	0.01078	0.00655	0.00692	0.00207	0.00939	0.00596	0.00353	0.01067
7	0.01567	0.01339	0.01621	0.01165	0.01797	0.01065	0.03331	0.06285	0.01610	0.02465	0.01302	0.01509	0.01066	0.00552	0.00551	0.00118	0.00569	0.00452	0.00439	0.71197
8	0.01345	0.01266	0.02136	0.73264	0.04904	0.01582	0.01978	0.01819	0.01424	0.01819	0.01266	0.01898	0.00949	0.00712	0.00712	0.00237	0.00949	0.00633	0.00316	0.00791
9	0.01669	0.01322	0.07736	0.01224	0.01622	0.01118	0.01057	0.07744	0.11134	0.13718	0.29647	0.06004	0.03827	0.01166	0.00768	0.00224	0.00538	0.03335	0.00711	0.05433
10	0.01407	0.01331	0.02132	0.49973	0.03975	0.01562	0.04837	0.01824	0.01405	0.01909	0.01235	0.01792	0.00971	0.00740	0.00881	0.00225	0.09507	0.00608	0.00335	0.13352
11	0.01345	0.01266	0.02136	0.73264	0.04904	0.01582	0.01978	0.01819	0.01424	0.01819	0.01266	0.01898	0.00949	0.00712	0.00712	0.00237	0.00949	0.00633	0.00316	0.00791
12	0.01072	0.00907	0.01445	0.01320	0.01543	0.00819	0.11440	0.01296	0.01428	0.01953	0.03202	0.53975	0.03682	0.01762	0.00851	0.00259	0.00553	0.01639	0.00584	0.10270
13	0.00863	0.00636	0.00809	0.00948	0.01021	0.00582	0.00642	0.00996	0.01405	0.01835	0.04450	0.63695	0.15186	0.02163	0.00898	0.00281	0.00405	0.01941	0.00661	0.00582
14	0.01904	0.75404	0.03731	0.01218	0.01828	0.02818	0.01218	0.02132	0.01447	0.01675	0.00990	0.01142	0.00914	0.00609	0.00457	0.00152	0.00761	0.00381	0.00305	0.00914
15	0.01482	0.09998	0.62117	0.02003	0.03000	0.01764	0.05564	0.02245	0.01507	0.02205	0.01260	0.01491	0.00911	0.00667	0.00665	0.00220	0.01033	0.00528	0.00304	0.01036
16	0.01523	0.01651	0.03472	0.02644	0.05618	0.01559	0.51679	0.02024	0.01603	0.02179	0.01856	0.13560	0.01695	0.01082	0.04154	0.00289	0.01094	0.01018	0.00409	0.00890
17	0.01036	0.00690	0.00777	0.00777	0.00777	0.00690	0.00431	0.01036	0.01036	0.01381	0.02244	0.04660	0.02589	0.74975	0.03624	0.00690	0.00690	0.01036	0.00431	0.00431
18	0.01904	0.75404	0.03731	0.01218	0.01828	0.02818	0.01218	0.02132	0.01447	0.01675	0.00990	0.01142	0.00914	0.00609	0.00457	0.00152	0.00761	0.00381	0.00305	0.00914
19	0.01162	0.01009	0.01639	0.01484	0.01730	0.00979	0.14599	0.01591	0.07548	0.02077	0.03503	0.37421	0.07748	0.01711	0.00887	0.00278	0.00627	0.12683	0.00604	0.00721
20	0.00868	0.00620	0.00826	0.00991	0.01033	0.00578	0.00661	0.00991	0.01363	0.01818	0.03925	0.74510	0.04710	0.02231	0.00909	0.00289	0.00413	0.02024	0.00661	0.00578
21	0.01368	0.03231	0.59972	0.01919	0.02834	0.01521	0.04392	0.02105	0.01518	0.02242	0.04412	0.08189	0.01491	0.00846	0.00709	0.00232	0.00970	0.00702	0.00355	0.00991
22	0.01347	0.01025	0.01358	0.10067	0.01814	0.01091	0.03281	0.13186	0.01749	0.02393	0.02978	0.38572	0.05263	0.01560	0.00846	0.00254	0.02726	0.01372	0.08372	0.00746
23	0.01810	0.02255	0.08994	0.08921	0.05856	0.16222	0.37366	0.02313	0.01708	0.02121	0.01444	0.02025	0.01159	0.00708	0.00776	0.00230	0.01145	0.03664	0.00366	0.00918
24	0.01471	0.10081	0.65260	0.01957	0.02970	0.01758	0.02505	0.02244	0.01498	0.02203	0.01252	0.01471	0.00903	0.00671	0.00657	0.00219	0.01026	0.00513	0.00301	0.01040
25	0.01017	0.00763	0.01144	0.01144	0.01272	0.00890	0.00890	0.01272	0.01144	0.01653	0.01907	0.02797	0.01780	0.05340	0.72153	0.01144	0.01907	0.00763	0.00381	0.00636
26	0.67257	0.01331	0.01113	0.00971	0.01416	0.01493	0.00798	0.02259	0.01330	0.12076	0.01275	0.01374	0.00937	0.00696	0.00479	0.00218	0.00551	0.00438	0.03162	0.00825
27	0.02431	0.01810	0.01946	0.01561	0.02076	0.02015	0.01267	0.44628	0.24303	0.07093	0.02140	0.02045	0.01544	0.00892	0.00716	0.00223	0.00705	0.00697	0.00724	0.01184
28	0.01929	0.51919	0.15807	0.01437	0.02110	0.06273	0.01496	0.08082	0.01657	0.02035	0.01113	0.01266	0.00938	0.00650	0.00530	0.00173	0.00845	0.00435	0.00344	0.00961
29	0.04664	0.22373	0.02483	0.01589	0.04283	0.10811	0.01298	0.28903	0.11593	0.03057	0.01566	0.01616	0.01209	0.00774	0.00626	0.00197	0.00803	0.00561	0.00539	0.01054

[dist]
# distance from previous block
# <min> <max>
8	19

[block]
# block no. 10 follows, 29 sequences, length 10
# corresponding to MSA columns:
# 364-373
name=unknown_K
#
# <colnr> <probs for GDERKNQSTAVLIFYWHMCP>
#	G	D	E	R	K	N	Q	S	T	A	V	L	I	F	Y	W	H	M	C	P
0	0.10412	0.24471	0.40833	0.01619	0.02441	0.01952	0.01927	0.02155	0.01458	0.02178	0.01379	0.01555	0.03446	0.00696	0.00591	0.00204	0.00884	0.00503	0.00331	0.00963
1	0.01924	0.01426	0.01577	0.01306	0.01655	0.01555	0.01007	0.33743	0.08514	0.03093	0.01974	0.02728	0.01740	0.21854	0.09572	0.00449	0.00855	0.00771	0.00588	0.03668
2	0.01081	0.00864	0.01164	0.01354	0.06275	0.00888	0.00935	0.01380	0.05391	0.01980	0.03783	0.41122	0.10868	0.01879	0.00992	0.00284	0.05762	0.12701	0.00616	0.00681
3	0.02960	0.01365	0.05409	0.01310	0.01869	0.01125	0.01130	0.06923	0.02081	0.60095	0.06105	0.02482	0.01938	0.00898	0.00720	0.00220	0.00626	0.00731	0.00835	0.01176
4	0.01780	0.11317	0.22855	0.02283	0.04947	0.09898	0.26096	0.05840	0.01719	0.02246	0.01388	0.03817	0.01109	0.00703	0.00716	0.00218	0.01058	0.00671	0.00365	0.00973
5	0.01872	0.13827	0.06993	0.06275	0.43577	0.01936	0.01937	0.10815	0.01804	0.02478	0.01324	0.01645	0.01083	0.00665	0.00664	0.00204	0.00841	0.00587	0.00387	0.01085
6	0.00910	0.00662	0.00841	0.00923	0.01014	0.00612	0.00634	0.01083	0.01526	0.02048	0.20131	0.45181	0.12435	0.07231	0.01080	0.00297	0.00409	0.01717	0.00674	0.00593
7	0.07778	0.02285	0.02381	0.05987	0.14399	0.27394	0.08844	0.06028	0.01738	0.02163	0.01186	0.01531	0.00983	0.00790	0.00958	0.00224	0.13482	0.00573	0.00376	0.00901
8	0.01918	0.15803	0.02571	0.01813	0.02137	0.23563	0.10110	0.02152	0.01542	0.01799	0.01314	0.07579	0.01262	0.00968	0.01151	0.00231	0.22225	0.00674	0.00363	0.00825
9	0.01611	0.00919	0.01177	0.01087	0.01335	0.00872	0.00819	0.06739	0.03925	0.18310	0.24107	0.28779	0.04321	0.01538	0.00823	0.00246	0.00465	0.01354	0.00756	0.00817

[dist]
# distance from previous block
# <min> <max>
0	2

[block]
# block no. 11 follows, 29 sequences, length 6
# corresponding to MSA columns:
# 376-381
name=unknown_L
#
# <colnr> <probs for GDERKNQSTAVLIFYWHMCP>
#	G	D	E	R	K	N	Q	S	T	A	V	L	I	F	Y	W	H	M	C	P
0	0.07798	0.08441	0.02063	0.02232	0.23256	0.15808	0.01367	0.06447	0.01755	0.02255	0.02525	0.06885	0.14344	0.00986	0.00688	0.00211	0.00782	0.00805	0.00459	0.00893
1	0.05853	0.18514	0.15162	0.01584	0.02063	0.18932	0.01494	0.02209	0.01520	0.04498	0.01251	0.01563	0.01052	0.01362	0.10073	0.00329	0.10795	0.00521	0.00359	0.00868
2	0.08809	0.01911	0.11111	0.11293	0.06394	0.09549	0.01565	0.01992	0.01398	0.02093	0.01195	0.01607	0.00998	0.00860	0.01154	0.00233	0.23757	0.00557	0.05644	0.07881
3	0.04006	0.05206	0.06694	0.04221	0.17826	0.01392	0.04154	0.04979	0.05376	0.16753	0.12368	0.05085	0.02261	0.00893	0.00710	0.00213	0.00684	0.00781	0.00574	0.05824
4	0.01600	0.04228	0.01601	0.05186	0.08841	0.01214	0.01168	0.06104	0.09159	0.09490	0.07173	0.04464	0.11835	0.01269	0.00788	0.00243	0.00619	0.18171	0.00619	0.06226
5	0.01939	0.42991	0.11445	0.01952	0.13812	0.13219	0.01578	0.02266	0.01572	0.01867	0.01102	0.01314	0.00950	0.00641	0.00555	0.00176	0.00892	0.00454	0.00322	0.00953

[dist]
# distance from previous block
# <min> <max>
12	32

[block]
# block no. 12 follows, 29 sequences, length 20
# corresponding to MSA columns:
# 415-434
name=unknown_M
#
# <colnr> <probs for GDERKNQSTAVLIFYWHMCP>
#	G	D	E	R	K	N	Q	S	T	A	V	L	I	F	Y	W	H	M	C	P
0	0.01688	0.46629	0.13920	0.01421	0.01970	0.02343	0.01448	0.02005	0.01378	0.01769	0.01128	0.01432	0.01009	0.01216	0.08543	0.00292	0.10130	0.00476	0.00313	0.00888
1	0.00935	0.00713	0.00859	0.00848	0.01026	0.00637	0.00626	0.01194	0.01807	0.02420	0.41199	0.13814	0.28008	0.01663	0.00848	0.00237	0.00353	0.01446	0.00728	0.00637
2	0.00887	0.00753	0.00829	0.04863	0.01215	0.00667	0.00660	0.01090	0.01600	0.01924	0.06540	0.09822	0.59726	0.01771	0.00845	0.00247	0.00412	0.04894	0.00641	0.00614
3	0.01601	0.04561	0.02245	0.47470	0.03921	0.05063	0.04402	0.08384	0.01629	0.02110	0.01271	0.01770	0.00982	0.00749	0.00818	0.00227	0.06538	0.00611	0.00364	0.05281
4	0.01353	0.01277	0.02138	0.70390	0.04782	0.01606	0.01961	0.01815	0.01410	0.01815	0.01252	0.01885	0.00949	0.00733	0.00777	0.00240	0.03876	0.00632	0.00316	0.00791
5	0.01534	0.00919	0.00945	0.00870	0.01110	0.00974	0.00671	0.09179	0.10354	0.02896	0.02330	0.02552	0.01803	0.00850	0.00550	0.00181	0.00411	0.00679	0.60409	0.00783
