[name]
unknown

[dist]
# distance from previous block
# <min> <max>
0	62

[block]
# block no. 0 follows, 29 sequences, length 45
# corresponding to MSA columns:
# 66-110
name=unknown_A
#
# <colnr> <probs for GDERKNQSTAVLIFYWHMCP>
#	G	D	E	R	K	N	Q	S	T	A	V	L	I	F	Y	W	H	M	C	P
0	0.00870	0.00720	0.00764	0.00772	0.00993	0.00614	0.00580	0.01068	0.01650	0.02019	0.13303	0.10090	0.58377	0.01795	0.00849	0.00244	0.00371	0.03638	0.00673	0.00609
1	0.01399	0.01321	0.02234	0.64326	0.13418	0.01596	0.02004	0.01867	0.01449	0.01885	0.01275	0.01881	0.00972	0.00702	0.00711	0.00234	0.00936	0.00633	0.00321	0.00835
2	0.09803	0.67916	0.03460	0.01190	0.01782	0.02694	0.01173	0.02128	0.01423	0.01829	0.00990	0.01144	0.00899	0.00614	0.00455	0.00159	0.00740	0.00381	0.00318	0.00899
3	0.00900	0.00694	0.00822	0.00853	0.01013	0.00616	0.00616	0.01110	0.01666	0.02175	0.25316	0.26171	0.31842	0.01823	0.00861	0.00250	0.00369	0.01590	0.00698	0.00616
4	0.00875	0.00625	0.00832	0.00987	0.01034	0.00583	0.00662	0.01009	0.01396	0.01869	0.07207	0.71082	0.04809	0.02192	0.00905	0.00286	0.00409	0.01988	0.00667	0.00583
5	0.01836	0.01562	0.01647	0.01462	0.01876	0.01801	0.01143	0.08230	0.64695	0.03083	0.02816	0.02591	0.02107	0.00958	0.00724	0.00240	0.00579	0.00794	0.00724	0.01133
6	0.02559	0.01483	0.01690	0.01336	0.01818	0.01541	0.01090	0.32168	0.06402	0.25023	0.02234	0.02158	0.01550	0.00865	0.00676	0.00209	0.00634	0.00678	0.14777	0.01108
7	0.01024	0.00686	0.00780	0.00791	0.00794	0.00683	0.00447	0.01033	0.01057	0.01410	0.02355	0.09292	0.02729	0.70151	0.03444	0.00664	0.00672	0.01101	0.00447	0.00441
8	0.02698	0.02254	0.02115	0.01675	0.02207	0.15168	0.01358	0.56050	0.03101	0.03979	0.01597	0.01631	0.01157	0.00832	0.00699	0.00208	0.00876	0.00607	0.00648	0.01139
9	0.01477	0.01266	0.01477	0.01055	0.01687	0.00949	0.00844	0.01793	0.01477	0.02320	0.01266	0.01477	0.01055	0.00527	0.00527	0.00105	0.00527	0.00422	0.00422	0.79328
10	0.02724	0.05111	0.02079	0.01531	0.02090	0.01967	0.01271	0.48121	0.06463	0.18340	0.01972	0.01885	0.01365	0.00855	0.00702	0.00214	0.00733	0.00654	0.00730	0.01193
11	0.01003	0.00762	0.01089	0.01142	0.01248	0.00728	0.04705	0.04230	0.01476	0.01971	0.03672	0.66756	0.04329	0.02069	0.00896	0.00283	0.00477	0.01889	0.00645	0.00631
12	0.01866	0.68702	0.06841	0.01286	0.01889	0.02734	0.01300	0.02119	0.01433	0.01704	0.01001	0.01178	0.00914	0.00641	0.00552	0.00163	0.04059	0.00399	0.00305	0.00914
13	0.00999	0.00704	0.00916	0.00946	0.00998	0.00742	0.00635	0.01112	0.01132	0.01555	0.02421	0.16326	0.02675	0.37327	0.27559	0.00781	0.01075	0.01113	0.00454	0.00530
14	0.01005	0.00677	0.00786	0.00816	0.00824	0.00670	0.00473	0.01027	0.01096	0.01461	0.02551	0.17448	0.02977	0.61657	0.03127	0.00617	0.00640	0.01217	0.00473	0.00458
15	0.03195	0.01212	0.01652	0.01267	0.01818	0.01047	0.01047	0.03470	0.02038	0.71026	0.02809	0.02424	0.01763	0.00881	0.00716	0.00220	0.00606	0.00716	0.00881	0.01212
16	0.00850	0.00711	0.00740	0.00756	0.00973	0.00601	0.00558	0.01030	0.01609	0.01944	0.08986	0.13983	0.61147	0.01837	0.00849	0.00245	0.00365	0.01551	0.00665	0.00601
17	0.02397	0.01797	0.01929	0.01539	0.02041	0.02003	0.01253	0.49928	0.16243	0.04001	0.01980	0.01980	0.01450	0.01041	0.03334	0.00251	0.00761	0.00679	0.04244	0.01148
18	0.02532	0.01786	0.01942	0.01527	0.02055	0.01947	0.01249	0.49425	0.11978	0.10880	0.02271	0.02180	0.05039	0.00922	0.00721	0.00220	0.00714	0.00716	0.00728	0.01168
19	0.80005	0.01377	0.01047	0.00936	0.01377	0.01597	0.00771	0.02093	0.01212	0.03195	0.00991	0.01157	0.00771	0.00661	0.00441	0.00220	0.00551	0.00386	0.00441	0.00771
20	0.01879	0.71619	0.07296	0.01261	0.01894	0.02756	0.01293	0.02139	0.01450	0.01706	0.01005	0.01161	0.00913	0.00613	0.00468	0.00156	0.00777	0.00388	0.00304	0.00921
21	0.77178	0.01371	0.01069	0.00949	0.01393	0.01577	0.00781	0.02144	0.01242	0.05691	0.01058	0.01203	0.00808	0.00669	0.00451	0.00220	0.00553	0.00398	0.00457	0.00787
22	0.01345	0.01266	0.02136	0.73264	0.04904	0.01582	0.01978	0.01819	0.01424	0.01819	0.01266	0.01898	0.00949	0.00712	0.00712	0.00237	0.00949	0.00633	0.00316	0.00791
23	0.00863	0.00722	0.00751	0.00744	0.00975	0.00610	0.00558	0.01064	0.01674	0.02045	0.15436	0.06652	0.61946	0.01758	0.00841	0.00238	0.00357	0.01475	0.00677	0.00610
24	0.01762	0.01692	0.02890	0.04371	0.70533	0.01692	0.02185	0.02185	0.01621	0.02326	0.01339	0.01762	0.01128	0.00634	0.00705	0.00211	0.00846	0.00634	0.00352	0.01128
25	0.00848	0.00722	0.00730	0.00728	0.00966	0.00604	0.00546	0.01034	0.01637	0.01958	0.09509	0.06797	0.67928	0.01791	0.00842	0.00240	0.00360	0.01495	0.00666	0.00604
26	0.01237	0.00618	0.00928	0.00928	0.00928	0.00618	0.00618	0.00928	0.00928	0.01237	0.01237	0.02165	0.01237	0.02474	0.02783	0.79283	0.00618	0.00618	0.00309	0.00309
27	0.01887	0.72833	0.06153	0.01247	0.01873	0.02776	0.01269	0.02137	0.01449	0.01696	0.01000	0.01155	0.00913	0.00612	0.00465	0.00155	0.00772	0.00386	0.00304	0.00919
28	0.01856	0.01511	0.01613	0.01438	0.01850	0.01728	0.01122	0.03765	0.65240	0.07036	0.02893	0.02643	0.02149	0.00961	0.00724	0.00240	0.00566	0.00800	0.00734	0.01132
29	0.01055	0.00707	0.00923	0.00946	0.01085	0.00648	0.00680	0.01290	0.01721	0.05965	0.35293	0.34415	0.09033	0.01771	0.00862	0.00252	0.00384	0.01580	0.00731	0.00657
30	0.01858	0.01714	0.02751	0.03950	0.60219	0.01748	0.02049	0.08938	0.05147	0.02577	0.01454	0.01801	0.01188	0.00673	0.00707	0.00213	0.00826	0.00644	0.00407	0.01136
31	0.76505	0.01405	0.01096	0.00968	0.01415	0.01625	0.00798	0.05085	0.01309	0.03253	0.01024	0.01182	0.00791	0.00670	0.00453	0.00220	0.00561	0.00397	0.00453	0.00791
32	0.01670	0.01890	0.04030	0.02905	0.03564	0.01833	0.62292	0.02233	0.01630	0.02233	0.01397	0.01890	0.01068	0.00655	0.00968	0.00246	0.07374	0.00822	0.00356	0.00945
33	0.00953	0.00711	0.00885	0.00873	0.01038	0.00643	0.00643	0.01225	0.01838	0.02509	0.47337	0.15738	0.19701	0.01642	0.00850	0.00237	0.00352	0.01440	0.00740	0.00643
34	0.01681	0.01921	0.04202	0.03001	0.03721	0.01801	0.67947	0.02281	0.01681	0.02281	0.01441	0.01921	0.01080	0.00600	0.00840	0.00240	0.01200	0.00840	0.00360	0.00960
35	0.01771	0.01530	0.01610	0.01449	0.01852	0.01771	0.01127	0.03784	0.69247	0.02979	0.02898	0.02657	0.02174	0.00966	0.00725	0.00242	0.00564	0.00805	0.00725	0.01127
36	0.01454	0.07548	0.67646	0.01986	0.03014	0.01716	0.02555	0.02248	0.01500	0.02224	0.01262	0.01484	0.00903	0.00673	0.00665	0.00222	0.01037	0.00518	0.00301	0.01045
37	0.01036	0.00690	0.00777	0.00777	0.00777	0.00690	0.00431	0.01036	0.01036	0.01381	0.02244	0.04660	0.02589	0.74975	0.03624	0.00690	0.00690	0.01036	0.00431	0.00431
38	0.02977	0.01261	0.01650	0.01285	0.01811	0.01150	0.01054	0.07802	0.05986	0.59370	0.05909	0.02525	0.01982	0.00911	0.00722	0.00221	0.00603	0.00743	0.00856	0.01181
39	0.01944	0.71523	0.03639	0.01252	0.01848	0.06552	0.01227	0.02171	0.01478	0.01679	0.00996	0.01150	0.00914	0.00616	0.00467	0.00154	0.00790	0.00385	0.00308	0.00909
40	0.00855	0.00719	0.00725	0.00725	0.00949	0.00608	0.00533	0.01023	0.01581	0.01885	0.06857	0.06696	0.65392	0.07052	0.01041	0.00273	0.00384	0.01469	0.00645	0.00589
41	0.05665	0.01131	0.01383	0.01151	0.01534	0.01097	0.00912	0.08062	0.08543	0.29936	0.23374	0.03433	0.05059	0.04415	0.00876	0.00245	0.00529	0.00914	0.00776	0.00967
42	0.02601	0.01847	0.02009	0.01571	0.02107	0.02025	0.01286	0.55089	0.09133	0.09491	0.01975	0.04209	0.01455	0.00911	0.00720	0.00219	0.00738	0.00707	0.00725	0.01183
43	0.02086	0.04098	0.01791	0.01475	0.01913	0.05097	0.01182	0.18492	0.38576	0.07999	0.02474	0.02545	0.01891	0.01092	0.02956	0.00260	0.00704	0.03583	0.00688	0.01095
44	0.07671	0.20224	0.34966	0.01672	0.02361	0.04022	0.01872	0.02096	0.01421	0.02081	0.01267	0.05009	0.01088	0.00813	0.00836	0.00221	0.10550	0.00566	0.00334	0.00931

[dist]
# distance from previous block
# <min> <max>
6	8

[block]
# block no. 1 follows, 29 sequences, length 16
# corresponding to MSA columns:
# 119-134
name=unknown_B
#
# <colnr> <probs for GDERKNQSTAVLIFYWHMCP>
#	G	D	E	R	K	N	Q	S	T	A	V	L	I	F	Y	W	H	M	C	P
0	0.04024	0.01541	0.05458	0.05794	0.11083	0.01443	0.03209	0.12473	0.05329	0.07415	0.10226	0.02195	0.01883	0.00822	0.00769	0.00199	0.04808	0.00673	0.00531	0.20125
1	0.13608	0.04506	0.31126	0.01770	0.09215	0.01470	0.01713	0.02070	0.04055	0.02387	0.01998	0.02143	0.09230	0.00793	0.00638	0.00208	0.00775	0.00624	0.00403	0.11267
2	0.19950	0.01641	0.02038	0.32311	0.18593	0.10009	0.01671	0.02088	0.01490	0.02246	0.01199	0.01621	0.00944	0.00685	0.00639	0.00221	0.00873	0.00555	0.00360	0.00867
3	0.75943	0.01496	0.04678	0.00993	0.01465	0.01600	0.00867	0.02102	0.01227	0.03146	0.01006	0.01175	0.00778	0.00662	0.00453	0.00221	0.00577	0.00393	0.00433	0.00786
4	0.01558	0.01558	0.02181	0.01869	0.01869	0.02181	0.01558	0.01714	0.01091	0.01714	0.00935	0.01558	0.00935	0.01246	0.02337	0.00312	0.73672	0.00623	0.00312	0.00779
5	0.00899	0.00656	0.00891	0.04669	0.01219	0.00635	0.00718	0.01036	0.01352	0.01798	0.03714	0.67707	0.04424	0.05380	0.01019	0.00304	0.00453	0.01909	0.00633	0.00583
6	0.02781	0.01875	0.02063	0.01582	0.02149	0.02031	0.01307	0.58289	0.03148	0.14640	0.01877	0.01819	0.01295	0.00859	0.00713	0.00215	0.00756	0.00653	0.00738	0.01211
7	0.00968	0.00723	0.00905	0.00912	0.01081	0.00660	0.00691	0.01242	0.01808	0.02441	0.40772	0.14198	0.20751	0.01682	0.00864	0.00247	0.00385	0.08300	0.00727	0.00643
8	0.01904	0.75404	0.03731	0.01218	0.01828	0.02818	0.01218	0.02132	0.01447	0.01675	0.00990	0.01142	0.00914	0.00609	0.00457	0.00152	0.00761	0.00381	0.00305	0.00914
9	0.01017	0.00763	0.01144	0.01144	0.01272	0.00890	0.00890	0.01272	0.01144	0.01653	0.01907	0.02797	0.01780	0.05340	0.72153	0.01144	0.01907	0.00763	0.00381	0.00636
10	0.01770	0.01546	0.01740	0.01745	0.08808	0.01763	0.01234	0.03622	0.62397	0.02913	0.02740	0.02566	0.02068	0.00932	0.00723	0.00238	0.00592	0.00788	0.00687	0.01127
11	0.01327	0.00664	0.00664	0.00664	0.00830	0.00664	0.00498	0.01659	0.01493	0.02655	0.02323	0.02655	0.01825	0.00830	0.00498	0.00166	0.00332	0.00664	0.78928	0.00664
12	0.01088	0.00796	0.01067	0.01205	0.01376	0.00775	0.01032	0.01384	0.01625	0.02085	0.04318	0.10610	0.14515	0.01952	0.00958	0.00313	0.00599	0.53001	0.00657	0.00644
13	0.01739	0.01668	0.02848	0.08275	0.66814	0.01686	0.02174	0.02165	0.01610	0.02298	0.01335	0.01770	0.01118	0.00639	0.00705	0.00213	0.00852	0.00634	0.00350	0.01109
14	0.01237	0.00618	0.00928	0.00928	0.00928	0.00618	0.00618	0.00928	0.00928	0.01237	0.01237	0.02165	0.01237	0.02474	0.02783	0.79283	0.00618	0.00618	0.00309	0.00309
15	0.00904	0.00638	0.00824	0.00949	0.00990	0.00603	0.00621	0.01017	0.01340	0.01795	0.07043	0.58712	0.04442	0.14931	0.01381	0.00356	0.00458	0.01813	0.00627	0.00557

[dist]
# distance from previous block
# <min> <max>
0	1

[block]
# block no. 2 follows, 29 sequences, length 111
# corresponding to MSA columns:
# 136-246
name=unknown_C
#
# <colnr> <probs for GDERKNQSTAVLIFYWHMCP>
#	G	D	E	R	K	N	Q	S	T	A	V	L	I	F	Y	W	H	M	C	P
0	0.02608	0.07482	0.02235	0.01599	0.02165	0.02236	0.01334	0.60556	0.05918	0.04215	0.01705	0.01706	0.01228	0.00841	0.00694	0.00210	0.00773	0.00628	0.00682	0.01185
1	0.01106	0.00746	0.00894	0.00944	0.01036	0.00737	0.00639	0.06024	0.01476	0.02065	0.05517	0.41552	0.03666	0.18117	0.01442	0.00354	0.00488	0.01495	0.11096	0.00607
2	0.09679	0.34168	0.35155	0.01570	0.02370	0.02146	0.01835	0.02186	0.01449	0.02103	0.01125	0.01313	0.00894	0.00646	0.00558	0.00194	0.00876	0.00449	0.00317	0.00964
3	0.01585	0.01481	0.02461	0.40412	0.33091	0.01657	0.02040	0.04885	0.01593	0.02155	0.01317	0.01831	0.01038	0.00685	0.00709	0.00225	0.00897	0.00634	0.00349	0.00955
4	0.01751	0.01762	0.05310	0.04288	0.68147	0.01691	0.02201	0.02188	0.01617	0.02324	0.01337	0.01753	0.01120	0.00636	0.00704	0.00212	0.00853	0.00631	0.00351	0.01125
5	0.01632	0.01559	0.02654	0.25917	0.50008	0.01658	0.02120	0.02071	0.01560	0.02168	0.01316	0.01805	0.01072	0.00659	0.00707	0.00220	0.00878	0.00634	0.00341	0.01023
6	0.01762	0.01692	0.02890	0.04371	0.70533	0.01692	0.02185	0.02185	0.01621	0.02326	0.01339	0.01762	0.01128	0.00634	0.00705	0.00211	0.00846	0.00634	0.00352	0.01128
7	0.01345	0.01266	0.02136	0.73264	0.04904	0.01582	0.01978	0.01819	0.01424	0.01819	0.01266	0.01898	0.00949	0.00712	0.00712	0.00237	0.00949	0.00633	0.00316	0.00791
8	0.01762	0.01692	0.02890	0.04371	0.70533	0.01692	0.02185	0.02185	0.01621	0.02326	0.01339	0.01762	0.01128	0.00634	0.00705	0.00211	0.00846	0.00634	0.00352	0.01128
9	0.01013	0.00825	0.01125	0.04267	0.01350	0.00916	0.00875	0.01161	0.01330	0.01805	0.03445	0.54255	0.07498	0.01961	0.01158	0.00288	0.13840	0.01679	0.00582	0.00626
10	0.59830	0.01390	0.01351	0.06511	0.01800	0.01570	0.03812	0.05192	0.01424	0.07382	0.03333	0.01481	0.01066	0.00710	0.00521	0.00222	0.00616	0.00485	0.00479	0.00826
11	0.11658	0.01541	0.01539	0.01306	0.01717	0.03861	0.01042	0.24573	0.21959	0.03351	0.02208	0.02233	0.03468	0.01014	0.02747	0.00242	0.00655	0.00683	0.13206	0.00998
12	0.02627	0.01935	0.02080	0.01610	0.02157	0.02138	0.01323	0.65250	0.03262	0.04372	0.01806	0.04863	0.01362	0.00914	0.00721	0.00217	0.00768	0.00701	0.00710	0.01184
13	0.00878	0.00634	0.00831	0.00969	0.01031	0.00587	0.00655	0.01023	0.01432	0.01911	0.09671	0.64956	0.08503	0.02142	0.00899	0.00281	0.00404	0.01934	0.00671	0.00587
14	0.00866	0.00627	0.00818	0.00971	0.01027	0.00580	0.00652	0.00994	0.01383	0.01826	0.04171	0.69435	0.09626	0.02199	0.00904	0.00286	0.00409	0.01985	0.00661	0.00580
15	0.01032	0.00735	0.00929	0.00883	0.01066	0.00667	0.00661	0.01334	0.01928	0.04410	0.55989	0.08475	0.16173	0.01528	0.00840	0.00229	0.00350	0.01338	0.00762	0.00671
16	0.00868	0.00620	0.00826	0.00991	0.01033	0.00578	0.00661	0.00991	0.01363	0.01818	0.03925	0.74510	0.04710	0.02231	0.00909	0.00289	0.00413	0.02024	0.00661	0.00578
17	0.80005	0.01377	0.01047	0.00936	0.01377	0.01597	0.00771	0.02093	0.01212	0.03195	0.00991	0.01157	0.00771	0.00661	0.00441	0.00220	0.00551	0.00386	0.00441	0.00771
18	0.01771	0.01530	0.01610	0.01449	0.01852	0.01771	0.01127	0.03784	0.69247	0.02979	0.02898	0.02657	0.02174	0.00966	0.00725	0.00242	0.00564	0.00805	0.00725	0.01127
19	0.80005	0.01377	0.01047	0.00936	0.01377	0.01597	0.00771	0.02093	0.01212	0.03195	0.00991	0.01157	0.00771	0.00661	0.00441	0.00220	0.00551	0.00386	0.00441	0.00771
20	0.35988	0.01729	0.01668	0.01336	0.01850	0.01945	0.01103	0.39714	0.02428	0.03931	0.01400	0.01472	0.01022	0.00771	0.00595	0.00217	0.00683	0.00531	0.00595	0.01022
21	0.80005	0.01377	0.01047	0.00936	0.01377	0.01597	0.00771	0.02093	0.01212	0.03195	0.00991	0.01157	0.00771	0.00661	0.00441	0.00220	0.00551	0.00386	0.00441	0.00771
22	0.01904	0.75404	0.03731	0.01218	0.01828	0.02818	0.01218	0.02132	0.01447	0.01675	0.00990	0.01142	0.00914	0.00609	0.00457	0.00152	0.00761	0.00381	0.00305	0.00914
23	0.00999	0.00723	0.00936	0.00890	0.01052	0.00667	0.00661	0.01314	0.01955	0.02752	0.64203	0.07586	0.08400	0.03614	0.00923	0.00240	0.00349	0.01311	0.00766	0.00660
24	0.00937	0.00671	0.00883	0.01019	0.01087	0.00638	0.00703	0.02826	0.01461	0.01954	0.07073	0.66020	0.04684	0.02144	0.00904	0.00286	0.00431	0.05006	0.00668	0.00604
25	0.03195	0.01212	0.01652	0.01267	0.01818	0.01047	0.01047	0.03470	0.02038	0.71026	0.02809	0.02424	0.01763	0.00881	0.00716	0.00220	0.00606	0.00716	0.00881	0.01212
26	0.00868	0.00620	0.00826	0.00991	0.01033	0.00578	0.00661	0.00991	0.01363	0.01818	0.03925	0.74510	0.04710	0.02231	0.00909	0.00289	0.00413	0.02024	0.00661	0.00578
27	0.01904	0.75404	0.03731	0.01218	0.01828	0.02818	0.01218	0.02132	0.01447	0.01675	0.00990	0.01142	0.00914	0.00609	0.00457	0.00152	0.00761	0.00381	0.00305	0.00914
28	0.01000	0.00728	0.00941	0.00887	0.01059	0.00668	0.00666	0.01328	0.01997	0.02811	0.67140	0.05393	0.09764	0.01472	0.00840	0.00225	0.00337	0.01298	0.00778	0.00668
29	0.02803	0.06302	0.02091	0.01501	0.02068	0.01899	0.01253	0.44746	0.02839	0.24196	0.01994	0.01888	0.01357	0.00848	0.00698	0.00212	0.00729	0.00647	0.00738	0.01193
30	0.03090	0.01380	0.01756	0.01347	0.01901	0.01296	0.01112	0.17335	0.02319	0.56765	0.02574	0.02271	0.01644	0.00876	0.00715	0.00219	0.00644	0.00700	0.00845	0.01212
31	0.80005	0.01377	0.01047	0.00936	0.01377	0.01597	0.00771	0.02093	0.01212	0.03195	0.00991	0.01157	0.00771	0.00661	0.00441	0.00220	0.00551	0.00386	0.00441	0.00771
32	0.01607	0.02227	0.17835	0.02609	0.03277	0.01834	0.43190	0.02180	0.01545	0.02180	0.01322	0.01773	0.01019	0.00725	0.01058	0.00249	0.13343	0.00738	0.00340	0.00949
33	0.00943	0.00676	0.00880	0.01018	0.01081	0.00645	0.00689	0.03756	0.01445	0.01928	0.03833	0.71514	0.04566	0.02174	0.00901	0.00286	0.00428	0.01967	0.00663	0.00604
34	0.01856	0.01656	0.02730	0.09226	0.58214	0.01686	0.02066	0.06298	0.01733	0.05591	0.01425	0.01800	0.01149	0.00665	0.00706	0.00214	0.00839	0.00639	0.00396	0.01112
35	0.01237	0.00618	0.00928	0.00928	0.00928	0.00618	0.00618	0.00928	0.00928	0.01237	0.01237	0.02165	0.01237	0.02474	0.02783	0.79283	0.00618	0.00618	0.00309	0.00309
36	0.01438	0.01349	0.02212	0.57781	0.14568	0.01612	0.01948	0.02014	0.06280	0.01978	0.01393	0.01932	0.01063	0.00718	0.00712	0.00234	0.00906	0.00645	0.00351	0.00866
37	0.01023	0.00736	0.00836	0.00815	0.01008	0.00650	0.00590	0.01217	0.01640	0.05419	0.21081	0.10545	0.38334	0.11501	0.01212	0.00299	0.00414	0.01386	0.00670	0.00623
38	0.05968	0.02153	0.02002	0.01618	0.02125	0.14339	0.01303	0.45687	0.11381	0.03760	0.01723	0.01731	0.01262	0.00839	0.00690	0.00212	0.00833	0.00619	0.00642	0.01114
39	0.01904	0.75404	0.03731	0.01218	0.01828	0.02818	0.01218	0.02132	0.01447	0.01675	0.00990	0.01142	0.00914	0.00609	0.00457	0.00152	0.00761	0.00381	0.00305	0.00914
40	0.01394	0.00728	0.00735	0.00711	0.00897	0.00739	0.00539	0.04887	0.01583	0.02744	0.02293	0.02609	0.01795	0.00831	0.00508	0.00168	0.00354	0.00663	0.75132	0.00690
41	0.01558	0.01558	0.02181	0.01869	0.01869	0.02181	0.01558	0.01714	0.01091	0.01714	0.00935	0.01558	0.00935	0.01246	0.02337	0.00312	0.73672	0.00623	0.00312	0.00779
42	0.01602	0.01262	0.01489	0.01070	0.01697	0.00956	0.00859	0.01916	0.01518	0.07353	0.01379	0.01546	0.01107	0.00553	0.00541	0.00114	0.00533	0.00443	0.00456	0.73606
43	0.80005	0.01377	0.01047	0.00936	0.01377	0.01597	0.00771	0.02093	0.01212	0.03195	0.00991	0.01157	0.00771	0.00661	0.00441	0.00220	0.00551	0.00386	0.00441	0.00771
44	0.76767	0.01372	0.01091	0.03914	0.01522	0.01597	0.00821	0.02082	0.01221	0.03138	0.01003	0.01187	0.00778	0.00663	0.00452	0.00221	0.00567	0.00396	0.00436	0.00772
45	0.01094	0.00747	0.00980	0.00911	0.01094	0.00687	0.00687	0.01428	0.02017	0.05557	0.67489	0.05204	0.06522	0.01433	0.00835	0.00224	0.00347	0.01265	0.00788	0.00693
46	0.05240	0.02138	0.01952	0.09339	0.02384	0.21218	0.01346	0.26122	0.09569	0.11109	0.01725	0.01779	0.01254	0.00814	0.00685	0.00212	0.00887	0.00607	0.00586	0.01035
47	0.03145	0.01292	0.01702	0.01305	0.01858	0.01166	0.01078	0.10120	0.02173	0.64186	0.02696	0.02350	0.01706	0.00879	0.00716	0.00220	0.00624	0.00708	0.00864	0.01212
48	0.00883	0.00723	0.00778	0.00764	0.00987	0.00619	0.00573	0.01101	0.01720	0.02153	0.22732	0.06475	0.54583	0.01718	0.00841	0.00236	0.00355	0.01450	0.00691	0.00619
49	0.02725	0.01872	0.02049	0.01581	0.02141	0.02038	0.01303	0.56751	0.06338	0.12975	0.01908	0.01847	0.01328	0.00864	0.00713	0.00216	0.00750	0.00659	0.00735	0.01207
50	0.01511	0.01050	0.01148	0.01010	0.01175	0.01109	0.00689	0.19634	0.01695	0.02296	0.02099	0.03756	0.02174	0.51218	0.02682	0.00535	0.00700	0.00910	0.03950	0.00657
51	0.02274	0.01555	0.01771	0.01348	0.01912	0.01513	0.01096	0.31829	0.02401	0.14187	0.01833	0.05101	0.01406	0.00809	0.00658	0.00181	0.00650	0.00641	0.00636	0.28200
52	0.02175	0.01611	0.06931	0.06710	0.02171	0.01558	0.01302	0.14942	0.24637	0.19919	0.05718	0.02627	0.02009	0.00948	0.00732	0.00232	0.00672	0.03316	0.00700	0.01092
53	0.02049	0.05377	0.02323	0.10510	0.15160	0.22547	0.01630	0.10219	0.01789	0.02183	0.01193	0.01555	0.01000	0.00845	0.01069	0.00228	0.18452	0.00570	0.00384	0.00917
54	0.54401	0.03786	0.04037	0.01066	0.01536	0.03288	0.00915	0.02310	0.01443	0.14678	0.05596	0.01648	0.01322	0.00749	0.00528	0.00218	0.00592	0.00505	0.00526	0.00858
55	0.02707	0.01995	0.02137	0.01638	0.02208	0.02208	0.01353	0.68159	0.03348	0.04488	0.01710	0.01710	0.01211	0.00855	0.00712	0.00214	0.00784	0.00641	0.00712	0.01211
56	0.01496	0.00940	0.01080	0.09794	0.01532	0.01011	0.00799	0.11514	0.01700	0.02654	0.02090	0.02689	0.01728	0.10746	0.00975	0.00252	0.00523	0.00706	0.47040	0.00730
57	0.01033	0.00754	0.00804	0.00778	0.01023	0.00640	0.00581	0.01215	0.01632	0.07108	0.08534	0.08210	0.58218	0.05111	0.00962	0.00261	0.00395	0.01430	0.00671	0.00641
58	0.01018	0.00759	0.01127	0.01127	0.01248	0.00881	0.00868	0.01260	0.01139	0.01640	0.01923	0.02887	0.01819	0.08679	0.68868	0.01123	0.01849	0.00776	0.00384	0.00626
59	0.02079	0.01638	0.01750	0.01491	0.01944	0.01854	0.01183	0.20691	0.48979	0.06358	0.02582	0.02398	0.01903	0.00933	0.00721	0.00233	0.00623	0.00758	0.00728	0.01153
60	0.23345	0.01320	0.01533	0.01211	0.01734	0.01287	0.00999	0.08434	0.01929	0.47718	0.02241	0.02032	0.01457	0.00821	0.00643	0.00220	0.00606	0.00623	0.00752	0.01096
61	0.74243	0.01365	0.01092	0.00961	0.01410	0.01556	0.00792	0.02196	0.01274	0.08283	0.01128	0.01252	0.00846	0.00678	0.00461	0.00220	0.00555	0.00410	0.00474	0.00804
62	0.03020	0.01173	0.01597	0.01237	0.01758	0.01017	0.01017	0.03300	0.02036	0.65585	0.08185	0.02655	0.02158	0.00927	0.00726	0.00221	0.00584	0.00762	0.00874	0.01169
63	0.01904	0.75404	0.03731	0.01218	0.01828	0.02818	0.01218	0.02132	0.01447	0.01675	0.00990	0.01142	0.00914	0.00609	0.00457	0.00152	0.00761	0.00381	0.00305	0.00914
64	0.80005	0.01377	0.01047	0.00936	0.01377	0.01597	0.00771	0.02093	0.01212	0.03195	0.00991	0.01157	0.00771	0.00661	0.00441	0.00220	0.00551	0.00386	0.00441	0.00771
65	0.01110	0.00793	0.01104	0.01269	0.01416	0.00787	0.01082	0.01411	0.01602	0.02089	0.03791	0.16932	0.04180	0.02002	0.00974	0.00323	0.00623	0.57210	0.00656	0.00645
66	0.00961	0.00713	0.00840	0.00824	0.01008	0.00639	0.00612	0.01226	0.01791	0.02433	0.38055	0.10705	0.28895	0.01592	0.00821	0.00230	0.00350	0.01374	0.06292	0.00639
67	0.01388	0.00722	0.00728	0.00706	0.00890	0.00731	0.00535	0.04574	0.01575	0.02735	0.02296	0.02613	0.01798	0.00831	0.00507	0.00168	0.00352	0.00663	0.75500	0.00688
68	0.01581	0.02613	0.36530	0.02722	0.22467	0.01593	0.09556	0.02211	0.01596	0.04404	0.03621	0.02073	0.01342	0.00746	0.00723	0.00228	0.00955	0.03630	0.00371	0.01039
69	0.00852	0.00712	0.00742	0.00754	0.00973	0.00602	0.00558	0.01035	0.01618	0.01959	0.09934	0.12884	0.61286	0.01825	0.00848	0.00244	0.00364	0.01540	0.00667	0.00602
70	0.01936	0.72285	0.03657	0.01245	0.01844	0.05819	0.01225	0.02163	0.01472	0.01678	0.00995	0.01148	0.00914	0.00615	0.00465	0.00154	0.00784	0.00384	0.00307	0.00910
71	0.02149	0.01596	0.01764	0.01347	0.01875	0.01605	0.01081	0.37641	0.02459	0.05595	0.01661	0.01977	0.01328	0.08756	0.00968	0.00231	0.00686	0.00616	0.00595	0.26073
72	0.01243	0.01028	0.01511	0.01427	0.01623	0.01087	0.07646	0.04445	0.04711	0.02176	0.06430	0.26026	0.05611	0.01706	0.01062	0.00289	0.08732	0.21926	0.00602	0.00722
73	0.02162	0.01679	0.01797	0.01508	0.01975	0.01893	0.01203	0.26372	0.43164	0.06491	0.02477	0.02314	0.01818	0.00923	0.00720	0.00231	0.00643	0.00744	0.00727	0.01160
74	0.80005	0.01377	0.01047	0.00936	0.01377	0.01597	0.00771	0.02093	0.01212	0.03195	0.00991	0.01157	0.00771	0.00661	0.00441	0.00220	0.00551	0.00386	0.00441	0.00771
75	0.02620	0.03266	0.02062	0.01945	0.05354	0.66394	0.01412	0.05124	0.02047	0.01867	0.01133	0.01321	0.00937	0.00733	0.00647	0.00186	0.01246	0.00473	0.00378	0.00853
76	0.01044	0.00751	0.00967	0.01072	0.01173	0.00733	0.00769	0.06102	0.01574	0.02102	0.06796	0.58247	0.04470	0.02062	0.00899	0.00285	0.00465	0.09180	0.00670	0.00639
77	0.00864	0.00634	0.00812	0.00954	0.01023	0.00582	0.00644	0.00996	0.01399	0.01832	0.04383	0.65085	0.13840	0.02171	0.00899	0.00282	0.00406	0.01952	0.00661	0.00582
78	0.24455	0.01786	0.09390	0.18623	0.07808	0.05126	0.03506	0.05254	0.01489	0.04593	0.01215	0.01563	0.00944	0.00769	0.00847	0.00235	0.10578	0.00549	0.00393	0.00877
79	0.01731	0.01652	0.02772	0.09398	0.62318	0.01687	0.02119	0.02235	0.04848	0.02320	0.01409	0.01815	0.01165	0.00656	0.00706	0.00215	0.00840	0.00643	0.00368	0.01103
80	0.01036	0.00690	0.00777	0.00777	0.00777	0.00690	0.00431	0.01036	0.01036	0.01381	0.02244	0.04660	0.02589	0.74975	0.03624	0.00690	0.00690	0.01036	0.00431	0.00431
81	0.01674	0.01570	0.02611	0.26390	0.46115	0.01682	0.02078	0.05270	0.01642	0.02268	0.01334	0.01804	0.01074	0.00670	0.00708	0.00220	0.00876	0.00634	0.00358	0.01024
82	0.06632	0.01243	0.01621	0.01265	0.01800	0.01126	0.01040	0.03430	0.07041	0.62793	0.02732	0.02383	0.01748	0.00878	0.00704	0.00222	0.00600	0.00708	0.00849	0.01185
83	0.02707	0.01995	0.02137	0.01638	0.02208	0.02208	0.01353	0.68159	0.03348	0.04488	0.01710	0.01710	0.01211	0.00855	0.00712	0.00214	0.00784	0.00641	0.00712	0.01211
84	0.01921	0.01660	0.01691	0.01487	0.01909	0.04612	0.01165	0.11605	0.58538	0.03114	0.02682	0.02487	0.02006	0.00943	0.00720	0.00236	0.00619	0.00771	0.00709	0.01125
85	0.01742	0.01671	0.02854	0.07714	0.67348	0.01687	0.02175	0.02168	0.01612	0.02302	0.01336	0.01769	0.01119	0.00638	0.00705	0.00213	0.00851	0.00634	0.00351	0.01112
86	0.05610	0.01314	0.01649	0.01294	0.01826	0.01234	0.01058	0.07702	0.10885	0.51922	0.02608	0.02316	0.01710	0.00866	0.00698	0.00217	0.00606	0.00697	0.00812	0.04976
87	0.00960	0.00784	0.00856	0.00827	0.01059	0.00710	0.00624	0.01324	0.06812	0.02278	0.25474	0.06085	0.46383	0.01638	0.00832	0.00236	0.00369	0.01387	0.00702	0.00661
88	0.02707	0.01995	0.02137	0.01638	0.02208	0.02208	0.01353	0.68159	0.03348	0.04488	0.01710	0.01710	0.01211	0.00855	0.00712	0.00214	0.00784	0.00641	0.00712	0.01211
89	0.02363	0.01586	0.01737	0.03473	0.01918	0.01722	0.01138	0.44958	0.02736	0.08949	0.01930	0.02002	0.01396	0.00846	0.00660	0.00203	0.00664	0.00652	0.20003	0.01064
90	0.00994	0.00733	0.00955	0.01081	0.01220	0.00695	0.00858	0.01228	0.01559	0.02013	0.06581	0.29106	0.17198	0.02004	0.00927	0.00295	0.00510	0.30758	0.00663	0.00621
91	0.02520	0.01547	0.01736	0.01370	0.01849	0.01630	0.01118	0.40079	0.02672	0.19103	0.02145	0.04909	0.01574	0.00911	0.00686	0.00210	0.00655	0.00717	0.13471	0.01097
92	0.00999	0.00728	0.00939	0.00886	0.01058	0.00668	0.00665	0.01326	0.01994	0.02804	0.66659	0.05404	0.10249	0.01475	0.00840	0.00225	0.00337	0.01300	0.00777	0.00668
93	0.02569	0.01891	0.02039	0.01590	0.02120	0.02086	0.01301	0.63121	0.03199	0.04287	0.01876	0.07171	0.01473	0.00958	0.00727	0.00219	0.00756	0.00745	0.00708	0.01164
94	0.01992	0.01499	0.01683	0.01261	0.01831	0.01410	0.01019	0.26871	0.02192	0.05948	0.01564	0.01746	0.01219	0.03065	0.00703	0.00172	0.00626	0.00545	0.03251	0.41404
95	0.01904	0.75404	0.03731	0.01218	0.01828	0.02818	0.01218	0.02132	0.01447	0.01675	0.00990	0.01142	0.00914	0.00609	0.00457	0.00152	0.00761	0.00381	0.00305	0.00914
96	0.80005	0.01377	0.01047	0.00936	0.01377	0.01597	0.00771	0.02093	0.01212	0.03195	0.00991	0.01157	0.00771	0.00661	0.00441	0.00220	0.00551	0.00386	0.00441	0.00771
97	0.01822	0.01703	0.02813	0.06078	0.63586	0.01728	0.02117	0.07124	0.01745	0.02474	0.01365	0.01762	0.01129	0.00653	0.00706	0.00212	0.00844	0.00635	0.00378	0.01125
98	0.01132	0.00949	0.01078	0.01105	0.04405	0.00930	0.00792	0.01764	0.16589	0.02371	0.18710	0.05420	0.36982	0.01500	0.00814	0.00239	0.00432	0.03346	0.00686	0.00757
99	0.00864	0.00634	0.00812	0.00954	0.01023	0.00582	0.00644	0.00996	0.01400	0.01833	0.04384	0.65053	0.13870	0.02171	0.00899	0.00282	0.00406	0.01951	0.00661	0.00582
100	0.02865	0.01139	0.01547	0.01211	0.01704	0.00990	0.00990	0.03150	0.02035	0.60746	0.12965	0.02860	0.02510	0.00968	0.00735	0.00221	0.00565	0.00802	0.00867	0.01130
101	0.01827	0.01555	0.01668	0.03933	0.01983	0.01797	0.01173	0.08545	0.61971	0.03052	0.02753	0.02560	0.02059	0.00949	0.00723	0.00239	0.00593	0.00787	0.00710	0.01122
102	0.03195	0.01212	0.01652	0.01267	0.01818	0.01047	0.01047	0.03470	0.02038	0.71026	0.02809	0.02424	0.01763	0.00881	0.00716	0.00220	0.00606	0.00716	0.00881	0.01212
103	0.02885	0.01445	0.01765	0.01382	0.01917	0.01427	0.01132	0.19276	0.11355	0.45701	0.02553	0.02281	0.01683	0.00886	0.00716	0.00222	0.00644	0.00710	0.00819	0.01200
104	0.14093	0.01421	0.01673	0.01308	0.01843	0.01408	0.01078	0.17845	0.04172	0.44306	0.02303	0.02087	0.01508	0.00846	0.00676	0.00219	0.00637	0.00654	0.00775	0.01146
105	0.01681	0.01921	0.04202	0.03001	0.03721	0.01801	0.67947	0.02281	0.01681	0.02281	0.01441	0.01921	0.01080	0.00600	0.00840	0.00240	0.01200	0.00840	0.00360	0.00960
106	0.00924	0.00661	0.00889	0.01037	0.01108	0.00625	0.00742	0.01097	0.01458	0.01947	0.08868	0.58384	0.04760	0.02129	0.00916	0.00291	0.00447	0.12451	0.00669	0.00598
107	0.01749	0.01672	0.02815	0.06487	0.65686	0.01691	0.02137	0.02237	0.04295	0.02336	0.01399	0.01802	0.01164	0.00650	0.00706	0.00214	0.00838	0.00641	0.00366	0.01117
108	0.01180	0.00977	0.01047	0.00982	0.01259	0.00977	0.00749	0.04115	0.19606	0.02447	0.16565	0.07183	0.37197	0.01502	0.00808	0.00238	0.00426	0.01267	0.00701	0.00773
109	0.01014	0.00691	0.00807	0.00821	0.00841	0.00693	0.00489	0.01049	0.01090	0.01455	0.02518	0.10527	0.04842	0.61261	0.08446	0.00676	0.00748	0.01114	0.00454	0.00465
110	0.02570	0.09935	0.02220	0.01821	0.04089	0.53933	0.01381	0.11797	0.02137	0.02133	0.01181	0.01343	0.00963	0.00736	0.00636	0.00185	0.01153	0.00481	0.00408	0.00896

[dist]
# distance from previous block
# <min> <max>
0	1

[block]
# block no. 3 follows, 29 sequences, length 44
# corresponding to MSA columns:
# 248-291
name=unknown_D
#
# <colnr> <probs for GDERKNQSTAVLIFYWHMCP>
#	G	D	E	R	K	N	Q	S	T	A	V	L	I	F	Y	W	H	M	C	P
0	0.02329	0.01637	0.01806	0.01442	0.01900	0.01757	0.01153	0.47534	0.02756	0.08304	0.02091	0.11230	0.01796	0.06898	0.00962	0.00258	0.00708	0.00845	0.00684	0.03909
1	0.02069	0.59655	0.03357	0.01353	0.01909	0.17973	0.01253	0.02288	0.01572	0.01690	0.01014	0.01173	0.00915	0.00636	0.00497	0.00159	0.00876	0.00398	0.00318	0.00894
2	0.01514	0.14434	0.02314	0.09688	0.02163	0.03894	0.04652	0.01740	0.01287	0.01761	0.01477	0.12192	0.01515	0.01300	0.03691	0.00291	0.34142	0.00796	0.00368	0.00781
3	0.01740	0.01669	0.02849	0.08121	0.66961	0.01686	0.02174	0.02165	0.01611	0.02299	0.01335	0.01770	0.01118	0.00639	0.00705	0.00213	0.00852	0.00634	0.00351	0.01110
4	0.01742	0.01671	0.02853	0.07749	0.67315	0.01686	0.02175	0.02167	0.01612	0.02301	0.01336	0.01769	0.01119	0.00638	0.00705	0.00213	0.00851	0.00634	0.00351	0.01111
5	0.00889	0.00709	0.00804	0.00860	0.01043	0.00624	0.00645	0.01079	0.01577	0.01953	0.08047	0.22765	0.45020	0.01912	0.00874	0.00262	0.00407	0.09259	0.00664	0.00605
6	0.01681	0.01921	0.04202	0.03001	0.03721	0.01801	0.67947	0.02281	0.01681	0.02281	0.01441	0.01921	0.01080	0.00600	0.00840	0.00240	0.01200	0.00840	0.00360	0.00960
7	0.01762	0.01692	0.02890	0.04371	0.70533	0.01692	0.02185	0.02185	0.01621	0.02326	0.01339	0.01762	0.01128	0.00634	0.00705	0.00211	0.00846	0.00634	0.00352	0.01128
8	0.01060	0.00688	0.00767	0.00767	0.00781	0.00688	0.00437	0.01088	0.01074	0.01488	0.02250	0.04492	0.02525	0.68753	0.03362	0.00646	0.00660	0.01004	0.07019	0.00451
9	0.02405	0.01845	0.01967	0.01577	0.02093	0.02067	0.01280	0.47395	0.24603	0.04001	0.02093	0.02015	0.01521	0.00891	0.00716	0.00223	0.00713	0.00694	0.00716	0.01184
10	0.80005	0.01377	0.01047	0.00936	0.01377	0.01597	0.00771	0.02093	0.01212	0.03195	0.00991	0.01157	0.00771	0.00661	0.00441	0.00220	0.00551	0.00386	0.00441	0.00771
11	0.01558	0.01558	0.02181	0.01869	0.01869	0.02181	0.01558	0.01714	0.01091	0.01714	0.00935	0.01558	0.00935	0.01246	0.02337	0.00312	0.73672	0.00623	0.00312	0.00779
12	0.01477	0.01266	0.01477	0.01055	0.01687	0.00949	0.00844	0.01793	0.01477	0.02320	0.01266	0.01477	0.01055	0.00527	0.00527	0.00105	0.00527	0.00422	0.00422	0.79328
13	0.75824	0.01368	0.01080	0.00954	0.01401	0.01567	0.00786	0.02168	0.01257	0.06887	0.01090	0.01226	0.00825	0.00673	0.00456	0.00220	0.00554	0.00404	0.00465	0.00795
14	0.11955	0.01335	0.01635	0.01274	0.01803	0.01275	0.01050	0.13021	0.02140	0.51089	0.04434	0.02255	0.01712	0.00869	0.00687	0.00219	0.00618	0.00683	0.00802	0.01145
15	0.01008	0.00728	0.00952	0.00896	0.01064	0.00672	0.00672	0.01344	0.02016	0.02855	0.70158	0.05319	0.06719	0.01456	0.00840	0.00224	0.00336	0.01288	0.00784	0.00672
16	0.01345	0.01266	0.02136	0.73264	0.04904	0.01582	0.01978	0.01819	0.01424	0.01819	0.01266	0.01898	0.00949	0.00712	0.00712	0.00237	0.00949	0.00633	0.00316	0.00791
17	0.01498	0.00763	0.00800	0.00752	0.00955	0.00764	0.00571	0.05015	0.01601	0.06846	0.02319	0.02666	0.01819	0.03501	0.00634	0.00190	0.00384	0.00679	0.67527	0.00715
18	0.01123	0.00803	0.01113	0.01238	0.01402	0.00793	0.01063	0.01452	0.01706	0.02259	0.15543	0.07551	0.04563	0.01876	0.00958	0.00309	0.00599	0.54311	0.00678	0.00659
19	0.01365	0.00903	0.01046	0.00952	0.01230	0.00848	0.00728	0.01846	0.10911	0.12380	0.24205	0.05122	0.30330	0.03841	0.00898	0.00248	0.00427	0.01216	0.00730	0.00776
20	0.01028	0.00687	0.00779	0.00787	0.00789	0.00685	0.00442	0.01033	0.01051	0.01401	0.02324	0.07981	0.02690	0.71516	0.03495	0.00671	0.00677	0.01083	0.00442	0.00438
21	0.02167	0.01710	0.01818	0.01511	0.01974	0.01930	0.01205	0.32736	0.37088	0.03603	0.02339	0.02300	0.01754	0.03542	0.00822	0.00245	0.00667	0.00739	0.00709	0.01140
22	0.01562	0.14662	0.57527	0.01896	0.02846	0.05295	0.02353	0.02265	0.01520	0.02141	0.01225	0.01437	0.00905	0.00669	0.00641	0.00212	0.01019	0.00501	0.00305	0.01020
23	0.01934	0.66478	0.07087	0.01305	0.01919	0.07791	0.01303	0.02190	0.01491	0.01710	0.01013	0.01171	0.00913	0.00622	0.00482	0.00158	0.00814	0.00394	0.00309	0.00915
24	0.80005	0.01377	0.01047	0.00936	0.01377	0.01597	0.00771	0.02093	0.01212	0.03195	0.00991	0.01157	0.00771	0.00661	0.00441	0.00220	0.00551	0.00386	0.00441	0.00771
25	0.01677	0.01682	0.05025	0.16523	0.56646	0.01671	0.02163	0.02123	0.01582	0.02234	0.01324	0.01778	0.01089	0.00650	0.00705	0.00217	0.00871	0.00631	0.00344	0.01066
26	0.01126	0.00921	0.01337	0.01277	0.01371	0.01142	0.01006	0.01346	0.01136	0.01661	0.01782	0.04917	0.01727	0.06830	0.52929	0.00928	0.16746	0.00784	0.00378	0.00657
27	0.00917	0.00724	0.00826	0.00801	0.01008	0.00633	0.00601	0.01168	0.01802	0.02348	0.35883	0.06154	0.41310	0.01645	0.00841	0.00233	0.00349	0.01405	0.00717	0.00633
28	0.00874	0.00628	0.00818	0.00967	0.01017	0.00585	0.00644	0.00995	0.01361	0.01802	0.04014	0.67703	0.07985	0.05668	0.01035	0.00306	0.00424	0.01950	0.00650	0.00573
29	0.02707	0.01995	0.02137	0.01638	0.02208	0.02208	0.01353	0.68159	0.03348	0.04488	0.01710	0.01710	0.01211	0.00855	0.00712	0.00214	0.00784	0.00641	0.00712	0.01211
30	0.02639	0.01929	0.02065	0.01590	0.02140	0.02132	0.01311	0.64891	0.03257	0.04398	0.01740	0.01756	0.01241	0.00854	0.00702	0.00211	0.00761	0.00642	0.04557	0.01184
31	0.03119	0.01262	0.01675	0.01292	0.01838	0.01130	0.01065	0.06654	0.04567	0.65268	0.02759	0.02397	0.01751	0.00883	0.00716	0.00221	0.00613	0.00716	0.00867	0.01209
32	0.04341	0.00938	0.01153	0.01025	0.01295	0.00906	0.00792	0.05271	0.06279	0.13316	0.45342	0.06652	0.07216	0.01314	0.00795	0.00227	0.00426	0.01135	0.00771	0.00809
33	0.73131	0.01362	0.01101	0.00966	0.01417	0.01548	0.00796	0.02216	0.01286	0.09266	0.01154	0.01270	0.00860	0.00681	0.00465	0.00220	0.00556	0.00415	0.00480	0.00811
34	0.01512	0.16311	0.59392	0.01887	0.02861	0.01859	0.02382	0.02233	0.01493	0.02153	0.01227	0.01440	0.00904	0.00665	0.00638	0.00213	0.01001	0.00501	0.00301	0.01028
35	0.01345	0.01266	0.02136	0.73264	0.04904	0.01582	0.01978	0.01819	0.01424	0.01819	0.01266	0.01898	0.00949	0.00712	0.00712	0.00237	0.00949	0.00633	0.00316	0.00791
36	0.01112	0.00903	0.01327	0.01272	0.01377	0.01117	0.01008	0.01349	0.01135	0.01664	0.01736	0.02579	0.01631	0.04620	0.59861	0.00998	0.14542	0.00738	0.00369	0.00661
37	0.00906	0.00724	0.00811	0.00789	0.01001	0.00629	0.00592	0.01147	0.01776	0.02286	0.31694	0.06256	0.45537	0.01668	0.00841	0.00234	0.00351	0.01419	0.00709	0.00629
38	0.03114	0.01194	0.01627	0.01253	0.01790	0.01033	0.01033	0.03392	0.02037	0.68508	0.05297	0.02531	0.01946	0.00903	0.00721	0.00220	0.00596	0.00737	0.00878	0.01192
39	0.01096	0.00740	0.00955	0.00914	0.01093	0.00675	0.00680	0.01389	0.01904	0.06361	0.53123	0.13849	0.11421	0.01549	0.00842	0.00233	0.00362	0.01365	0.00764	0.00684
40	0.01237	0.00618	0.00928	0.00928	0.00928	0.00618	0.00618	0.00928	0.00928	0.01237	0.01237	0.02165	0.01237	0.02474	0.02783	0.79283	0.00618	0.00618	0.00309	0.00309
41	0.01674	0.01729	0.05957	0.35831	0.27573	0.06286	0.02003	0.06497	0.01666	0.02195	0.01311	0.01777	0.01025	0.00694	0.00703	0.00222	0.00929	0.00617	0.00358	0.00954
42	0.01211	0.00944	0.01064	0.01025	0.01269	0.00950	0.00768	0.01925	0.20399	0.04492	0.19014	0.17135	0.23951	0.01543	0.00817	0.00245	0.00428	0.01331	0.00712	0.00777
43	0.04203	0.68734	0.03551	0.01243	0.01838	0.04906	0.01215	0.04231	0.01518	0.01810	0.01016	0.01165	0.00919	0.00622	0.00470	0.00157	0.00772	0.00391	0.00323	0.00916

[dist]
# distance from previous block
# <min> <max>
0	1

[block]
# block no. 4 follows, 29 sequences, length 25
# corresponding to MSA columns:
# 293-317
name=unknown_E
#
# <colnr> <probs for GDERKNQSTAVLIFYWHMCP>
#	G	D	E	R	K	N	Q	S	T	A	V	L	I	F	Y	W	H	M	C	P
0	0.72700	0.04884	0.01224	0.04259	0.01560	0.01655	0.00848	0.02082	0.01233	0.03060	0.01004	0.01190	0.00786	0.00661	0.00454	0.00218	0.00579	0.00397	0.00429	0.00779
1	0.14688	0.01808	0.01940	0.01569	0.02094	0.01847	0.01244	0.34641	0.02682	0.16901	0.06789	0.02433	0.01917	0.01062	0.00805	0.00270	0.00769	0.00749	0.00787	0.05004
2	0.01745	0.01798	0.06529	0.04246	0.66945	0.01690	0.02209	0.02189	0.01615	0.02323	0.01336	0.01749	0.01116	0.00637	0.00703	0.00212	0.00857	0.00629	0.00350	0.01124
3	0.01811	0.01773	0.02768	0.04063	0.62841	0.05449	0.02080	0.02315	0.05632	0.02334	0.01419	0.01790	0.01178	0.00659	0.00703	0.00212	0.00853	0.00635	0.00375	0.01112
4	0.01721	0.01867	0.03534	0.06480	0.22105	0.04708	0.40032	0.02223	0.01632	0.02217	0.01361	0.01828	0.01072	0.00658	0.00877	0.00234	0.05369	0.00745	0.00353	0.00983
5	0.02591	0.01917	0.02060	0.01603	0.02143	0.02120	0.01315	0.62838	0.05674	0.04315	0.01851	0.04955	0.01401	0.00920	0.00721	0.00218	0.00759	0.00708	0.00711	0.01180
6	0.03149	0.01285	0.01698	0.01302	0.01854	0.01156	0.01075	0.09551	0.02161	0.64772	0.02706	0.02357	0.01711	0.00879	0.00716	0.00220	0.00623	0.00709	0.00865	0.01212
7	0.02403	0.01701	0.01812	0.01423	0.01904	0.01868	0.01165	0.53494	0.02939	0.04083	0.01845	0.01918	0.01346	0.00849	0.00665	0.00203	0.00684	0.00646	0.17961	0.01090
8	0.01508	0.00722	0.00771	0.00731	0.00930	0.00705	0.00552	0.01820	0.01530	0.09693	0.02370	0.02719	0.01852	0.04105	0.00658	0.00195	0.00376	0.00686	0.67367	0.00710
9	0.01118	0.00827	0.01027	0.00981	0.01166	0.00804	0.00731	0.05164	0.05928	0.02739	0.48512	0.17257	0.07920	0.01542	0.00838	0.00237	0.00389	0.01361	0.00750	0.00710
10	0.00875	0.00623	0.00824	0.00982	0.01022	0.00583	0.00651	0.00993	0.01349	0.01799	0.03851	0.71443	0.04616	0.05425	0.01028	0.00307	0.00425	0.01981	0.00651	0.00572
11	0.03087	0.01286	0.01691	0.01294	0.01849	0.01150	0.01068	0.09394	0.02139	0.62373	0.02651	0.02323	0.01686	0.00866	0.00709	0.00216	0.00619	0.00698	0.00849	0.04052
12	0.01109	0.00792	0.01103	0.01267	0.01414	0.00786	0.01080	0.01408	0.01601	0.02088	0.03792	0.17217	0.04183	0.02003	0.00973	0.00323	0.00622	0.56937	0.00656	0.00645
13	0.01602	0.29888	0.46604	0.01733	0.02624	0.02079	0.02115	0.02210	0.01483	0.02043	0.01173	0.01371	0.00906	0.00652	0.00596	0.00199	0.00946	0.00473	0.00302	0.01002
14	0.01562	0.01571	0.02255	0.01911	0.01937	0.02167	0.03983	0.01734	0.01112	0.01734	0.00953	0.01571	0.00940	0.01223	0.02282	0.00309	0.71025	0.00631	0.00313	0.00786
15	0.01477	0.01266	0.01477	0.01055	0.01687	0.00949	0.00844	0.01793	0.01477	0.02320	0.01266	0.01477	0.01055	0.00527	0.00527	0.00105	0.00527	0.00422	0.00422	0.79328
16	0.02863	0.01258	0.01643	0.01246	0.01812	0.01083	0.01024	0.06167	0.01998	0.55592	0.02481	0.02220	0.01610	0.00816	0.00682	0.00199	0.00600	0.00660	0.00791	0.15254
17	0.00991	0.00727	0.00929	0.00878	0.01054	0.00665	0.00659	0.01311	0.01976	0.02762	0.63822	0.05473	0.13113	0.01491	0.00840	0.00226	0.00338	0.01309	0.00772	0.00665
18	0.01025	0.00700	0.00842	0.00847	0.00873	0.00717	0.00520	0.01079	0.01092	0.01481	0.04033	0.07287	0.02657	0.58984	0.14309	0.00734	0.00863	0.01040	0.00442	0.00476
19	0.00903	0.00660	0.00851	0.00953	0.01046	0.00608	0.00666	0.01083	0.01535	0.02054	0.17977	0.50692	0.12249	0.02015	0.00890	0.00272	0.00399	0.03859	0.00686	0.00603
20	0.01904	0.75404	0.03731	0.01218	0.01828	0.02818	0.01218	0.02132	0.01447	0.01675	0.00990	0.01142	0.00914	0.00609	0.00457	0.00152	0.00761	0.00381	0.00305	0.00914
