[name]
unknown

[dist]
# distance from previous block
# <min> <max>
1	4

[block]
# block no. 0 follows, 27 sequences, length 14
# corresponding to MSA columns:
# 5-18
name=unknown_A
#
# <colnr> <probs for GDERKNQSTAVLIFYWHMCP>
#	G	D	E	R	K	N	Q	S	T	A	V	L	I	F	Y	W	H	M	C	P
0	0.19664	0.32571	0.02606	0.01311	0.01888	0.05622	0.01166	0.15769	0.01900	0.02786	0.01222	0.01357	0.00998	0.00700	0.00544	0.00185	0.00753	0.00463	0.00453	0.08041
1	0.02376	0.01976	0.05818	0.01606	0.02204	0.01995	0.01364	0.41749	0.15698	0.03922	0.01934	0.01929	0.01418	0.00855	0.00716	0.00213	0.00750	0.00663	0.00678	0.12136
2	0.01736	0.01451	0.01687	0.01265	0.01834	0.01315	0.01024	0.12995	0.01846	0.02730	0.01662	0.01855	0.04342	0.00740	0.00770	0.00156	0.07149	0.00552	0.00493	0.54396
3	0.01471	0.01398	0.02370	0.57188	0.10624	0.01626	0.05608	0.01956	0.01522	0.02008	0.01337	0.01937	0.01022	0.00715	0.00736	0.00236	0.00964	0.00657	0.00344	0.06283
4	0.04886	0.04146	0.03971	0.01569	0.02074	0.14696	0.01294	0.21477	0.12981	0.16361	0.02313	0.02430	0.03797	0.00956	0.00731	0.00228	0.00821	0.03494	0.00674	0.01099
5	0.01402	0.01319	0.02227	0.72126	0.05113	0.01649	0.02062	0.01897	0.01484	0.01897	0.01319	0.01979	0.00990	0.00742	0.00742	0.00247	0.00990	0.00660	0.00330	0.00825
6	0.00897	0.00733	0.00792	0.00820	0.01025	0.00628	0.00599	0.01087	0.01675	0.02065	0.11924	0.19381	0.51930	0.01933	0.00890	0.00259	0.00384	0.01650	0.00700	0.00628
7	0.02112	0.50776	0.06053	0.01494	0.02047	0.17791	0.01391	0.02360	0.01615	0.01789	0.01065	0.01269	0.00955	0.00714	0.00667	0.00181	0.06021	0.00439	0.00332	0.00928
8	0.01757	0.01989	0.04303	0.03210	0.07591	0.01871	0.62934	0.02372	0.01749	0.02381	0.01496	0.01993	0.01129	0.00628	0.00868	0.00249	0.01231	0.00864	0.00375	0.01011
9	0.01080	0.00720	0.00810	0.00810	0.00810	0.00720	0.00450	0.01080	0.01080	0.01439	0.02339	0.04858	0.02699	0.73910	0.03779	0.00720	0.00720	0.01080	0.00450	0.00450
10	0.01071	0.00755	0.00991	0.00991	0.01054	0.00818	0.00676	0.01196	0.01133	0.01574	0.02173	0.03940	0.02300	0.41609	0.35535	0.00943	0.01319	0.00945	0.00425	0.00550
11	0.02648	0.01231	0.01586	0.01273	0.01743	0.01146	0.01029	0.08093	0.06743	0.44229	0.18500	0.03201	0.03048	0.01065	0.00777	0.00232	0.00576	0.00888	0.00870	0.01124
12	0.02686	0.02012	0.02151	0.01681	0.02250	0.02239	0.01378	0.58028	0.12488	0.04459	0.01955	0.01920	0.01403	0.00907	0.00744	0.00227	0.00785	0.00692	0.00744	0.01250
13	0.01837	0.01764	0.03013	0.04557	0.69279	0.01764	0.02278	0.02278	0.01690	0.02425	0.01396	0.01837	0.01176	0.00661	0.00735	0.00220	0.00882	0.00661	0.00367	0.01176

[dist]
# distance from previous block
# <min> <max>
10	22

[block]
# block no. 1 follows, 27 sequences, length 21
# corresponding to MSA columns:
# 43-63
name=unknown_B
#
# <colnr> <probs for GDERKNQSTAVLIFYWHMCP>
#	G	D	E	R	K	N	Q	S	T	A	V	L	I	F	Y	W	H	M	C	P
0	0.11683	0.01133	0.01560	0.01414	0.04516	0.01111	0.07239	0.05147	0.01814	0.13210	0.20482	0.15241	0.03572	0.07310	0.01042	0.00285	0.00601	0.01127	0.00669	0.00843
1	0.04578	0.24381	0.48088	0.01825	0.02763	0.02077	0.02238	0.02307	0.01539	0.02211	0.01233	0.01443	0.00939	0.00684	0.00629	0.00213	0.00989	0.00499	0.00320	0.01044
2	0.40846	0.01351	0.01389	0.10280	0.01997	0.01505	0.01036	0.05185	0.05622	0.13068	0.05622	0.01967	0.01520	0.00817	0.00597	0.00230	0.00622	0.00597	0.04841	0.00905
3	0.02822	0.02079	0.02228	0.01708	0.02302	0.02302	0.01411	0.66804	0.03490	0.04679	0.01782	0.01782	0.01262	0.00891	0.00743	0.00223	0.00817	0.00668	0.00743	0.01262
4	0.01645	0.01382	0.01596	0.01150	0.01804	0.01098	0.00924	0.07230	0.01700	0.02606	0.01358	0.01559	0.01113	0.00578	0.00566	0.00119	0.00572	0.00459	0.00465	0.72077
5	0.12697	0.02069	0.02075	0.01624	0.02190	0.05633	0.01334	0.55266	0.03133	0.04362	0.01654	0.01686	0.01188	0.00859	0.00702	0.00222	0.00811	0.00624	0.00688	0.01183
6	0.05515	0.10765	0.01925	0.01308	0.01814	0.01476	0.01087	0.08151	0.07829	0.39790	0.02513	0.02640	0.01823	0.06939	0.00960	0.00266	0.00670	0.02666	0.00750	0.01114
7	0.01801	0.01727	0.02948	0.10134	0.63983	0.01754	0.02260	0.02247	0.01673	0.02382	0.01390	0.01849	0.01161	0.00668	0.00736	0.00223	0.00891	0.00661	0.00364	0.01147
8	0.74561	0.01425	0.01129	0.00997	0.01463	0.01631	0.00821	0.02269	0.01316	0.07357	0.01148	0.01286	0.00867	0.00703	0.00477	0.00230	0.00578	0.00423	0.00487	0.00832
9	0.02160	0.01751	0.01855	0.01574	0.02050	0.01993	0.01251	0.24156	0.47216	0.03611	0.02623	0.02452	0.01943	0.00970	0.00751	0.00242	0.00661	0.00784	0.00751	0.01203
10	0.00904	0.00646	0.00861	0.01034	0.01077	0.00603	0.00689	0.01034	0.01421	0.01895	0.04092	0.73426	0.04910	0.02326	0.00948	0.00301	0.00431	0.02110	0.00689	0.00603
11	0.01960	0.51413	0.14023	0.01466	0.02124	0.10822	0.01498	0.02296	0.01616	0.01905	0.04102	0.01461	0.01220	0.00701	0.00554	0.00178	0.00888	0.00473	0.00347	0.00953
12	0.23237	0.02648	0.01837	0.01611	0.02051	0.37879	0.01251	0.13723	0.04706	0.02764	0.01299	0.01435	0.01019	0.00776	0.00629	0.00209	0.01015	0.00504	0.00479	0.00927
13	0.01078	0.00780	0.01114	0.01114	0.01228	0.00886	0.00838	0.01307	0.01192	0.01727	0.02060	0.03200	0.01984	0.15581	0.57826	0.01077	0.01727	0.00833	0.03816	0.00632
14	0.00903	0.00652	0.00855	0.01018	0.01073	0.00604	0.00682	0.01035	0.01436	0.01901	0.04281	0.69770	0.08444	0.02301	0.00944	0.00299	0.00428	0.02080	0.00689	0.00604
15	0.03970	0.01237	0.04230	0.14135	0.12464	0.03224	0.01275	0.01687	0.01814	0.02513	0.30740	0.06007	0.11335	0.01229	0.00805	0.00236	0.00617	0.01074	0.00598	0.00809
16	0.02214	0.01601	0.01683	0.01430	0.01903	0.06698	0.01125	0.03475	0.37459	0.19049	0.04854	0.02558	0.02091	0.00933	0.00728	0.00225	0.00642	0.00762	0.00734	0.09838
17	0.02736	0.02016	0.02177	0.01683	0.02254	0.02235	0.01387	0.63589	0.03378	0.04534	0.01792	0.01838	0.01292	0.01121	0.04191	0.00270	0.00874	0.00675	0.00726	0.01233
18	0.01627	0.01726	0.03448	0.02635	0.06081	0.01609	0.45467	0.02205	0.04272	0.02351	0.01872	0.11217	0.01660	0.00854	0.00839	0.00240	0.01026	0.00977	0.00438	0.09459
19	0.10743	0.54354	0.09313	0.01337	0.01967	0.05556	0.01345	0.02233	0.01501	0.01983	0.01094	0.01287	0.00964	0.00810	0.02745	0.00208	0.00857	0.00427	0.00339	0.00935
20	0.16709	0.39451	0.05972	0.03791	0.02144	0.09748	0.04548	0.06209	0.01659	0.02295	0.01136	0.01329	0.00953	0.00681	0.00549	0.00190	0.00854	0.00462	0.00380	0.00938

[dist]
# distance from previous block
# <min> <max>
0	20

[block]
# block no. 2 follows, 27 sequences, length 13
# corresponding to MSA columns:
# 84-96
name=unknown_C
#
# <colnr> <probs for GDERKNQSTAVLIFYWHMCP>
#	G	D	E	R	K	N	Q	S	T	A	V	L	I	F	Y	W	H	M	C	P
0	0.02105	0.01408	0.01794	0.01394	0.01918	0.01312	0.05341	0.13986	0.06484	0.17376	0.04446	0.07581	0.01935	0.04537	0.00864	0.00224	0.00657	0.00790	0.00647	0.25200
1	0.01191	0.00841	0.01030	0.00964	0.01145	0.00813	0.00701	0.01618	0.07647	0.04828	0.45313	0.05157	0.08779	0.15098	0.01407	0.00327	0.00451	0.01241	0.00739	0.00709
2	0.01861	0.01644	0.02644	0.14323	0.46771	0.01717	0.02032	0.02514	0.10207	0.06446	0.01685	0.02020	0.01327	0.00734	0.00739	0.00229	0.00846	0.00689	0.00444	0.01127
3	0.04517	0.01347	0.02211	0.58614	0.11505	0.01621	0.01990	0.01930	0.01509	0.02026	0.01450	0.02261	0.01170	0.00799	0.00745	0.00249	0.00946	0.03901	0.00357	0.00853
4	0.02369	0.02734	0.02280	0.02563	0.20570	0.42193	0.01620	0.06035	0.01985	0.02128	0.01323	0.01637	0.01111	0.01163	0.06839	0.00289	0.01243	0.00566	0.00399	0.00951
5	0.00904	0.00646	0.00861	0.01034	0.01077	0.00603	0.00689	0.01034	0.01421	0.01895	0.04092	0.73426	0.04910	0.02326	0.00948	0.00301	0.00431	0.02110	0.00689	0.00603
6	0.05000	0.15204	0.05502	0.01427	0.01938	0.01665	0.03781	0.05081	0.16381	0.22612	0.02503	0.11606	0.02044	0.01040	0.00717	0.00232	0.00678	0.00863	0.00665	0.01062
7	0.01433	0.01109	0.01513	0.01389	0.01628	0.01121	0.07075	0.16542	0.01936	0.02592	0.03307	0.49931	0.03700	0.01830	0.00893	0.00278	0.00598	0.01657	0.00672	0.00795
8	0.01766	0.15834	0.46849	0.04614	0.02920	0.08436	0.02272	0.02420	0.01627	0.04864	0.01326	0.01535	0.00982	0.00709	0.00665	0.00218	0.01045	0.00528	0.00345	0.01046
9	0.01248	0.00880	0.01000	0.00940	0.01215	0.00804	0.00725	0.01657	0.07624	0.08738	0.21149	0.05995	0.39467	0.01634	0.00860	0.00248	0.00425	0.03890	0.00747	0.00755
10	0.18472	0.16985	0.08634	0.04996	0.02202	0.11451	0.01381	0.14592	0.07716	0.02826	0.01433	0.01587	0.01121	0.00896	0.02590	0.00239	0.00880	0.00537	0.00477	0.00986
11	0.05629	0.01855	0.04568	0.06460	0.18746	0.08175	0.01546	0.17899	0.03958	0.08510	0.01874	0.08806	0.01585	0.00920	0.00727	0.00223	0.00814	0.00768	0.00553	0.06386
12	0.02242	0.01880	0.02121	0.01677	0.02188	0.08318	0.06951	0.35255	0.02560	0.03401	0.01752	0.04476	0.01417	0.01531	0.10735	0.00349	0.01023	0.00710	0.00587	0.10827

[dist]
# distance from previous block
# <min> <max>
25	51

[block]
# block no. 3 follows, 27 sequences, length 25
# corresponding to MSA columns:
# 148-172
name=unknown_D
#
# <colnr> <probs for GDERKNQSTAVLIFYWHMCP>
#	G	D	E	R	K	N	Q	S	T	A	V	L	I	F	Y	W	H	M	C	P
0	0.07783	0.22962	0.12307	0.01413	0.04270	0.01681	0.01286	0.01945	0.01634	0.05593	0.15837	0.13100	0.02851	0.01124	0.00748	0.00224	0.02935	0.00910	0.00520	0.00876
1	0.03872	0.01215	0.01479	0.01241	0.01563	0.01249	0.05859	0.11218	0.11986	0.04311	0.05188	0.03344	0.05795	0.20109	0.01510	0.00348	0.00645	0.00879	0.12767	0.05422
2	0.10141	0.01558	0.06959	0.03829	0.02037	0.01385	0.01225	0.08330	0.10964	0.33604	0.07489	0.02469	0.02017	0.00915	0.00718	0.00229	0.00659	0.00735	0.00744	0.03995
3	0.06176	0.02180	0.08137	0.02244	0.04500	0.12870	0.22001	0.05304	0.01713	0.05399	0.01389	0.01768	0.01103	0.00993	0.03629	0.00279	0.15162	0.00674	0.00411	0.04068
4	0.26239	0.07261	0.07214	0.01478	0.02008	0.01594	0.11360	0.07271	0.01756	0.08003	0.09182	0.02445	0.06398	0.00888	0.00666	0.00227	0.00714	0.00728	0.03654	0.00912
5	0.14370	0.01556	0.05009	0.03491	0.12410	0.04886	0.01260	0.02472	0.09795	0.13514	0.07634	0.05200	0.07127	0.00971	0.00705	0.00224	0.00668	0.00798	0.00594	0.07314
6	0.08412	0.20183	0.31472	0.01939	0.07999	0.01922	0.04886	0.02288	0.01609	0.05333	0.06191	0.01816	0.01437	0.00748	0.00653	0.00215	0.00893	0.00589	0.00398	0.01018
7	0.02507	0.02936	0.02316	0.05899	0.16958	0.47426	0.01646	0.07529	0.02087	0.02166	0.01257	0.01511	0.01028	0.00751	0.00693	0.00203	0.01184	0.00541	0.00404	0.00957
8	0.02259	0.01622	0.01812	0.01446	0.01928	0.01700	0.01163	0.40747	0.02799	0.07078	0.10867	0.10498	0.02445	0.01103	0.00763	0.00222	0.00674	0.00902	0.00723	0.09250
9	0.07499	0.09515	0.59264	0.01958	0.02968	0.01820	0.02471	0.02327	0.01539	0.02376	0.01284	0.01508	0.00931	0.00698	0.00667	0.00228	0.01032	0.00525	0.00325	0.01063
10	0.00920	0.00657	0.00880	0.01052	0.01102	0.00617	0.00717	0.01061	0.01437	0.01913	0.04083	0.69882	0.04875	0.02311	0.00952	0.00304	0.00444	0.05497	0.00689	0.00607
11	0.01753	0.01786	0.05864	0.15070	0.56263	0.01744	0.02265	0.02222	0.01653	0.02339	0.01381	0.01848	0.01136	0.00676	0.00735	0.00225	0.00908	0.00656	0.00359	0.01117
12	0.01798	0.16965	0.07127	0.02871	0.11319	0.02075	0.42454	0.02333	0.01686	0.02252	0.01385	0.01795	0.01088	0.00636	0.00769	0.00227	0.01106	0.00737	0.00360	0.01017
13	0.01071	0.00721	0.00807	0.00807	0.00818	0.00716	0.00455	0.01079	0.01105	0.01463	0.02556	0.04954	0.05469	0.70900	0.03657	0.00700	0.00705	0.01100	0.00460	0.00457
14	0.03003	0.01344	0.01876	0.01729	0.10387	0.01207	0.01236	0.03394	0.05076	0.55543	0.02676	0.02412	0.01745	0.00876	0.00738	0.00225	0.00658	0.00728	0.00823	0.04328
15	0.02543	0.01477	0.01662	0.01406	0.01869	0.05475	0.01113	0.03506	0.27263	0.35025	0.02948	0.07998	0.02186	0.01052	0.00761	0.00241	0.00641	0.00871	0.00807	0.01155
16	0.18952	0.40996	0.08126	0.01367	0.01970	0.09889	0.01309	0.06123	0.01641	0.02321	0.01113	0.01274	0.00938	0.00682	0.00527	0.00188	0.00830	0.00435	0.00380	0.00940
17	0.01059	0.00715	0.00812	0.00825	0.00837	0.00707	0.00472	0.01076	0.01128	0.01495	0.02659	0.10265	0.05227	0.65790	0.03455	0.00671	0.00685	0.01177	0.00477	0.00468
18	0.00918	0.00652	0.00857	0.01016	0.01056	0.00612	0.00671	0.01037	0.01395	0.01860	0.03956	0.68100	0.04738	0.07886	0.01167	0.00334	0.00453	0.02030	0.00671	0.00591
19	0.02822	0.02079	0.02228	0.01708	0.02302	0.02302	0.01411	0.66804	0.03490	0.04679	0.01782	0.01782	0.01262	0.00891	0.00743	0.00223	0.00817	0.00668	0.00743	0.01262
20	0.00904	0.00646	0.00861	0.01034	0.01077	0.00603	0.00689	0.01034	0.01421	0.01895	0.04092	0.73426	0.04910	0.02326	0.00948	0.00301	0.00431	0.02110	0.00689	0.00603
21	0.01061	0.00795	0.01193	0.01193	0.01326	0.00928	0.00928	0.01326	0.01193	0.01723	0.01988	0.02916	0.01856	0.05568	0.70968	0.01193	0.01988	0.00795	0.00398	0.00663
22	0.01384	0.00692	0.00692	0.00692	0.00865	0.00692	0.00519	0.01730	0.01557	0.02768	0.02422	0.02768	0.01903	0.00865	0.00519	0.00173	0.00346	0.00692	0.78031	0.00692
23	0.12143	0.01941	0.02087	0.07030	0.02411	0.02173	0.01386	0.53833	0.03061	0.04298	0.01654	0.01726	0.01185	0.00855	0.00708	0.00226	0.00800	0.00635	0.00676	0.01172
24	0.09773	0.10538	0.43708	0.07399	0.05418	0.04625	0.04098	0.02308	0.01554	0.02339	0.01269	0.01535	0.00946	0.00698	0.00663	0.00226	0.01009	0.00537	0.00337	0.01021

[dist]
# distance from previous block
# <min> <max>
4	14

[block]
# block no. 4 follows, 27 sequences, length 14
# corresponding to MSA columns:
# 187-200
name=unknown_E
#
# <colnr> <probs for GDERKNQSTAVLIFYWHMCP>
#	G	D	E	R	K	N	Q	S	T	A	V	L	I	F	Y	W	H	M	C	P
0	0.11012	0.11935	0.02152	0.01890	0.11544	0.23587	0.01321	0.07691	0.04250	0.02432	0.01859	0.02025	0.06428	0.00850	0.00686	0.00207	0.02627	0.00618	0.05962	0.00925
1	0.15338	0.16322	0.20004	0.01528	0.02188	0.08891	0.01544	0.04893	0.04996	0.12181	0.04407	0.01783	0.01385	0.00782	0.00632	0.00215	0.00840	0.00568	0.00492	0.01012
2	0.04272	0.07212	0.02064	0.01620	0.01837	0.04781	0.03134	0.09316	0.01656	0.05623	0.05957	0.13987	0.02086	0.01307	0.01474	0.00275	0.31117	0.00917	0.00502	0.00862
3	0.01830	0.01784	0.03131	0.04434	0.63669	0.01774	0.07795	0.02287	0.01696	0.02421	0.01405	0.01852	0.01172	0.00658	0.00747	0.00223	0.00914	0.00680	0.00368	0.01161
4	0.01596	0.01403	0.02131	0.54158	0.04324	0.01653	0.01846	0.10632	0.01768	0.02326	0.01490	0.02182	0.01170	0.00801	0.00739	0.00237	0.00919	0.03269	0.00409	0.06947
5	0.01840	0.06042	0.02360	0.10098	0.02445	0.07913	0.07594	0.09452	0.01660	0.02301	0.01343	0.01801	0.01128	0.00988	0.01407	0.00258	0.30492	0.00649	0.09346	0.00882
6	0.41591	0.08926	0.07564	0.01286	0.01840	0.01872	0.01166	0.16007	0.01832	0.06950	0.01358	0.01494	0.01024	0.00922	0.03181	0.00258	0.00748	0.00504	0.00516	0.00961
7	0.05757	0.02108	0.02134	0.01677	0.02239	0.06527	0.01371	0.55516	0.08189	0.04328	0.01807	0.01807	0.01301	0.00884	0.00728	0.00223	0.00823	0.00659	0.00710	0.01213
8	0.01602	0.01246	0.01454	0.01185	0.01649	0.01113	0.00919	0.09577	0.06998	0.04806	0.07247	0.17049	0.02478	0.01083	0.00703	0.00188	0.00547	0.00926	0.00596	0.38634
9	0.02535	0.01733	0.01919	0.01524	0.02048	0.01854	0.01236	0.40965	0.10862	0.12910	0.02238	0.06752	0.01716	0.00986	0.00741	0.00225	0.00710	0.00784	0.03244	0.05016
10	0.01710	0.01570	0.10764	0.01601	0.06012	0.01330	0.01315	0.14367	0.04717	0.08002	0.06779	0.21723	0.04470	0.01394	0.00875	0.00258	0.03241	0.05421	0.03521	0.00930
11	0.11513	0.00832	0.01056	0.01086	0.01246	0.00816	0.03504	0.01303	0.01530	0.02278	0.13498	0.47162	0.07664	0.01889	0.00864	0.00277	0.00470	0.01685	0.00664	0.00663
12	0.10487	0.26946	0.11007	0.01613	0.02220	0.06234	0.06525	0.06838	0.01740	0.12250	0.01438	0.01580	0.01102	0.00766	0.00751	0.00212	0.06278	0.00547	0.00458	0.01009
13	0.05820	0.04156	0.19617	0.06116	0.06664	0.01601	0.07702	0.13896	0.02009	0.02872	0.13910	0.08001	0.02441	0.01003	0.00762	0.00236	0.00815	0.00869	0.00531	0.00977

[dist]
# distance from previous block
# <min> <max>
28	48

[block]
# block no. 5 follows, 27 sequences, length 27
# corresponding to MSA columns:
# 250-276
name=unknown_F
#
# <colnr> <probs for GDERKNQSTAVLIFYWHMCP>
#	G	D	E	R	K	N	Q	S	T	A	V	L	I	F	Y	W	H	M	C	P
0	0.01709	0.01267	0.01278	0.01106	0.01420	0.07611	0.00829	0.07287	0.03330	0.08110	0.07390	0.05331	0.04548	0.14567	0.04076	0.00328	0.00682	0.00836	0.14525	0.13771
1	0.04421	0.09382	0.01752	0.01336	0.01665	0.14679	0.01054	0.12238	0.02062	0.02650	0.19283	0.13494	0.05535	0.01251	0.00823	0.00227	0.03599	0.01008	0.00603	0.02940
2	0.01986	0.16084	0.02073	0.03750	0.01887	0.11604	0.01135	0.17639	0.05453	0.02770	0.09697	0.04798	0.04914	0.04240	0.00822	0.00228	0.00751	0.00769	0.05685	0.03715
3	0.02185	0.01894	0.07230	0.01914	0.08984	0.01834	0.04685	0.35124	0.02514	0.03485	0.01723	0.02094	0.01369	0.07345	0.01036	0.00260	0.02886	0.00688	0.05353	0.07397
4	0.01857	0.01725	0.02344	0.16668	0.11228	0.08661	0.11658	0.04843	0.15344	0.06719	0.02477	0.02648	0.08699	0.00910	0.00772	0.00238	0.00875	0.00816	0.00525	0.00993
5	0.17619	0.04881	0.24667	0.05386	0.21954	0.01666	0.01937	0.02169	0.01555	0.02547	0.04776	0.04783	0.01453	0.00797	0.00675	0.00230	0.00846	0.00656	0.00401	0.01002
6	0.01418	0.06788	0.08272	0.01579	0.10312	0.01183	0.01182	0.04471	0.01979	0.05443	0.38178	0.04194	0.09583	0.01239	0.00800	0.00227	0.00558	0.01071	0.00663	0.00860
7	0.01875	0.01568	0.01632	0.04946	0.01969	0.06260	0.01148	0.13519	0.28212	0.04941	0.04785	0.05800	0.08538	0.03617	0.00875	0.00257	0.00674	0.04022	0.00676	0.04686
8	0.06360	0.18276	0.07235	0.01206	0.01709	0.01542	0.01098	0.03958	0.06230	0.04512	0.15076	0.03146	0.09289	0.01018	0.00678	0.00201	0.00612	0.03080	0.00554	0.14219
9	0.26704	0.01467	0.01429	0.03607	0.01715	0.04606	0.00990	0.18166	0.02098	0.07061	0.14034	0.02433	0.02258	0.00930	0.00648	0.00221	0.00619	0.00706	0.09393	0.00915
10	0.12173	0.11720	0.02217	0.01705	0.02114	0.44091	0.01348	0.07021	0.01947	0.02190	0.01149	0.01355	0.00959	0.00788	0.00757	0.00204	0.06484	0.00484	0.00404	0.00888
11	0.02109	0.21850	0.18294	0.01697	0.02323	0.12638	0.01663	0.10669	0.09034	0.05262	0.01503	0.01634	0.01170	0.00805	0.00781	0.00215	0.06305	0.00560	0.00453	0.01037
12	0.02083	0.01475	0.01680	0.01383	0.01849	0.01504	0.01094	0.23720	0.12952	0.10506	0.02431	0.14637	0.02116	0.01235	0.02779	0.00248	0.00674	0.00918	0.00686	0.16029
13	0.07572	0.01118	0.01198	0.04953	0.01537	0.05403	0.00863	0.01898	0.05629	0.11547	0.16218	0.13872	0.17009	0.06666	0.01018	0.00280	0.00561	0.01199	0.00674	0.00784
14	0.05705	0.04987	0.39720	0.01860	0.05248	0.04634	0.02017	0.02442	0.01703	0.13292	0.06745	0.04999	0.01710	0.00867	0.00715	0.00232	0.00905	0.00695	0.00478	0.01047
15	0.01312	0.00835	0.01020	0.01000	0.01176	0.00772	0.00699	0.03774	0.01577	0.09332	0.07610	0.31529	0.12212	0.18033	0.01522	0.00365	0.00526	0.01479	0.00657	0.04571
16	0.01651	0.06485	0.07512	0.11172	0.08378	0.01730	0.34435	0.02177	0.01646	0.02266	0.01516	0.04839	0.01246	0.00710	0.00774	0.00225	0.01027	0.00778	0.00383	0.11049
17	0.10020	0.01212	0.01531	0.01291	0.01730	0.01160	0.04557	0.02540	0.10101	0.23335	0.06159	0.03932	0.12835	0.01186	0.00772	0.00242	0.00602	0.09122	0.00713	0.06960
18	0.24929	0.01651	0.01628	0.01335	0.01816	0.01844	0.01087	0.32417	0.09127	0.03834	0.01943	0.01993	0.03512	0.00873	0.00642	0.00223	0.00658	0.00639	0.08810	0.01038
19	0.01039	0.00739	0.00945	0.01063	0.01136	0.00717	0.00731	0.04198	0.01498	0.01995	0.03750	0.56545	0.04412	0.11215	0.01299	0.00353	0.00504	0.06578	0.00661	0.00621
20	0.01526	0.01470	0.02565	0.51788	0.19417	0.01692	0.06952	0.02018	0.01551	0.02051	0.01350	0.01949	0.01042	0.00715	0.00751	0.00242	0.00985	0.00676	0.00342	0.00917
21	0.01891	0.01716	0.02872	0.04215	0.62420	0.01690	0.02146	0.02319	0.01702	0.05585	0.01464	0.01853	0.01203	0.00667	0.00725	0.00215	0.00852	0.00653	0.00397	0.05412
22	0.01469	0.00774	0.00782	0.00752	0.00950	0.00787	0.00571	0.05561	0.01671	0.02880	0.02384	0.02710	0.01865	0.00866	0.00532	0.00176	0.00374	0.00691	0.73481	0.00726
23	0.02525	0.05580	0.05254	0.01883	0.05449	0.24862	0.01480	0.28114	0.11974	0.03176	0.01680	0.01745	0.01273	0.00836	0.00707	0.00214	0.00971	0.00613	0.00571	0.01093
24	0.02087	0.02486	0.06536	0.05526	0.20236	0.27753	0.09686	0.02584	0.06301	0.02162	0.01461	0.01799	0.01188	0.01070	0.05656	0.00285	0.01174	0.00633	0.00398	0.00981
25	0.02063	0.01398	0.03917	0.05510	0.01979	0.01386	0.01157	0.05727	0.26490	0.20967	0.15630	0.03254	0.05083	0.01080	0.00777	0.00240	0.00597	0.00907	0.00768	0.01070
26	0.01746	0.01386	0.01637	0.03406	0.01891	0.01301	0.01044	0.09796	0.09595	0.05824	0.01919	0.09230	0.01676	0.00892	0.00756	0.00181	0.04534	0.00720	0.00552	0.41914

[dist]
# distance from previous block
# <min> <max>
1	4

[block]
# block no. 6 follows, 27 sequences, length 12
# corresponding to MSA columns:
# 281-292
name=unknown_G
#
# <colnr> <probs for GDERKNQSTAVLIFYWHMCP>
#	G	D	E	R	K	N	Q	S	T	A	V	L	I	F	Y	W	H	M	C	P
0	0.20268	0.10560	0.01880	0.01438	0.01768	0.20024	0.01153	0.05529	0.01645	0.02363	0.01566	0.11148	0.01513	0.01034	0.00898	0.00232	0.11645	0.00716	0.03790	0.00830
1	0.01450	0.01120	0.01330	0.01284	0.01553	0.01171	0.01013	0.08698	0.17881	0.02763	0.14832	0.18456	0.03956	0.01579	0.00870	0.00271	0.00560	0.16462	0.00722	0.04029
2	0.01952	0.08967	0.01767	0.01343	0.01751	0.04173	0.01081	0.04960	0.30551	0.12839	0.08663	0.03399	0.07323	0.03629	0.00859	0.00255	0.00625	0.04131	0.00707	0.01026
3	0.07236	0.08457	0.52646	0.01852	0.02791	0.01717	0.02284	0.02375	0.01574	0.06474	0.01441	0.01633	0.01034	0.00720	0.00664	0.00226	0.00971	0.00546	0.04303	0.01055
4	0.01550	0.00891	0.00927	0.00860	0.01077	0.00921	0.00650	0.10991	0.01799	0.02921	0.02399	0.05870	0.01993	0.05443	0.00771	0.00220	0.00440	0.00775	0.58749	0.00755
5	0.05688	0.01944	0.15232	0.07147	0.06717	0.01747	0.01649	0.16248	0.01846	0.02719	0.01533	0.01945	0.01236	0.01620	0.12016	0.00394	0.13199	0.00649	0.05512	0.00960
6	0.01846	0.01595	0.01679	0.01511	0.01930	0.01846	0.01175	0.03945	0.67938	0.03105	0.03022	0.02770	0.02266	0.01007	0.00755	0.00252	0.00588	0.00839	0.00755	0.01175
7	0.01539	0.01319	0.01539	0.01100	0.01759	0.00990	0.00880	0.01869	0.01539	0.02419	0.01319	0.01539	0.01100	0.00550	0.00550	0.00110	0.00550	0.00440	0.00440	0.78449
8	0.60971	0.01514	0.05317	0.01078	0.01567	0.01540	0.00943	0.02285	0.01431	0.10129	0.06145	0.01678	0.01367	0.00774	0.00534	0.00230	0.00596	0.00514	0.00524	0.00862
9	0.02495	0.01751	0.01943	0.01520	0.02068	0.01837	0.01235	0.42834	0.06278	0.10808	0.02089	0.07650	0.01646	0.00969	0.00734	0.00216	0.00718	0.00770	0.00716	0.11723
10	0.01909	0.01260	0.01455	0.01292	0.01636	0.01299	0.00995	0.18879	0.11633	0.13326	0.03515	0.26895	0.09746	0.01501	0.00829	0.00258	0.00579	0.01287	0.00748	0.00961
11	0.01429	0.01105	0.01179	0.01062	0.01376	0.01128	0.00824	0.11187	0.15189	0.02838	0.14801	0.04803	0.29417	0.01403	0.00796	0.00236	0.00474	0.01168	0.08740	0.00845

[dist]
# distance from previous block
# <min> <max>
0	1

[block]
# block no. 7 follows, 27 sequences, length 6
# corresponding to MSA columns:
# 294-299
name=unknown_H
#
# <colnr> <probs for GDERKNQSTAVLIFYWHMCP>
#	G	D	E	R	K	N	Q	S	T	A	V	L	I	F	Y	W	H	M	C	P
0	0.01998	0.01994	0.02711	0.07545	0.48276	0.11516	0.02028	0.05879	0.06272	0.02475	0.01487	0.01835	0.01212	0.00716	0.00728	0.00220	0.00929	0.00648	0.00413	0.01117
1	0.10578	0.01379	0.01555	0.01311	0.01748	0.01408	0.01034	0.17201	0.10453	0.17631	0.02573	0.17848	0.02256	0.01174	0.00741	0.00235	0.00610	0.00975	0.00710	0.08579
2	0.09212	0.01133	0.01360	0.11283	0.04695	0.01258	0.01022	0.10279	0.01697	0.02651	0.02198	0.04801	0.04809	0.09047	0.03538	0.00307	0.03842	0.00781	0.25295	0.00790
3	0.01782	0.01085	0.01328	0.01115	0.01474	0.01019	0.00884	0.08142	0.02061	0.18522	0.24861	0.04329	0.18212	0.01307	0.00871	0.00229	0.03510	0.01083	0.00753	0.07433
4	0.10002	0.05898	0.02070	0.24890	0.09542	0.10791	0.01553	0.02027	0.01593	0.02202	0.09779	0.02202	0.01775	0.01082	0.03791	0.00276	0.08577	0.00684	0.00418	0.00846
5	0.14208	0.06646	0.27824	0.06689	0.09540	0.01694	0.10220	0.02180	0.01603	0.02524	0.08572	0.02025	0.01623	0.00774	0.00697	0.00231	0.00904	0.00662	0.00406	0.00976

[dist]
# distance from previous block
# <min> <max>
4	7

[block]
# block no. 8 follows, 27 sequences, length 30
# corresponding to MSA columns:
# 307-336
name=unknown_I
#
# <colnr> <probs for GDERKNQSTAVLIFYWHMCP>
#	G	D	E	R	K	N	Q	S	T	A	V	L	I	F	Y	W	H	M	C	P
0	0.76067	0.01462	0.01137	0.01006	0.01471	0.01691	0.00829	0.04796	0.01353	0.03385	0.01064	0.01229	0.00823	0.00697	0.00471	0.00229	0.00584	0.00413	0.00471	0.00823
1	0.02819	0.02158	0.02221	0.01719	0.02302	0.05999	0.01412	0.63365	0.03416	0.04524	0.01748	0.01758	0.01246	0.00884	0.00739	0.00221	0.00845	0.00658	0.00723	0.01241
2	0.02822	0.02079	0.02228	0.01708	0.02302	0.02302	0.01411	0.66804	0.03490	0.04679	0.01782	0.01782	0.01262	0.00891	0.00743	0.00223	0.00817	0.00668	0.00743	0.01262
3	0.01326	0.01018	0.01179	0.01166	0.01434	0.01012	0.00951	0.11052	0.05137	0.02522	0.04967	0.10705	0.28761	0.01781	0.00909	0.00282	0.00564	0.23770	0.00698	0.00766
4	0.01188	0.00804	0.00898	0.00866	0.00903	0.00818	0.00510	0.05168	0.01230	0.01641	0.02304	0.04667	0.02610	0.69368	0.03590	0.00689	0.00726	0.01054	0.00468	0.00500
5	0.02822	0.02079	0.02228	0.01708	0.02302	0.02302	0.01411	0.66804	0.03490	0.04679	0.01782	0.01782	0.01262	0.00891	0.00743	0.00223	0.00817	0.00668	0.00743	0.01262
6	0.01539	0.01319	0.01539	0.01100	0.01759	0.00990	0.00880	0.01869	0.01539	0.02419	0.01319	0.01539	0.01100	0.00550	0.00550	0.00110	0.00550	0.00440	0.00440	0.78449
7	0.79154	0.01436	0.01091	0.00976	0.01436	0.01665	0.00804	0.02182	0.01263	0.03331	0.01034	0.01206	0.00804	0.00689	0.00459	0.00230	0.00574	0.00402	0.00459	0.00804
8	0.01556	0.13316	0.61172	0.02002	0.03037	0.01887	0.02545	0.02334	0.01559	0.02270	0.01292	0.01517	0.00942	0.00696	0.00675	0.00225	0.01056	0.00528	0.00314	0.01078
9	0.03128	0.01407	0.01790	0.01392	0.01955	0.01328	0.01143	0.12531	0.08114	0.54764	0.02776	0.02444	0.01795	0.00923	0.00747	0.00231	0.00654	0.00744	0.00880	0.01255
10	0.01080	0.00720	0.00810	0.00810	0.00810	0.00720	0.00450	0.01080	0.01080	0.01439	0.02339	0.04858	0.02699	0.73910	0.03779	0.00720	0.00720	0.01080	0.00450	0.00450
11	0.01289	0.00645	0.00967	0.00967	0.00967	0.00645	0.00645	0.00967	0.00967	0.01289	0.01289	0.02257	0.01289	0.02579	0.02901	0.78401	0.00645	0.00645	0.00322	0.00322
12	0.02630	0.08400	0.04615	0.01992	0.05526	0.57354	0.01507	0.05708	0.02085	0.01987	0.01186	0.01380	0.00980	0.00754	0.00663	0.00193	0.01247	0.00492	0.00391	0.00908
13	0.01541	0.11187	0.63169	0.02028	0.03077	0.01850	0.02589	0.02338	0.01561	0.02288	0.01301	0.01528	0.00942	0.00698	0.00681	0.00227	0.01066	0.00533	0.00314	0.01082
14	0.03331	0.01263	0.01723	0.01321	0.01895	0.01091	0.01091	0.03618	0.02125	0.69794	0.02929	0.02527	0.01838	0.00919	0.00747	0.00230	0.00632	0.00747	0.00919	0.01263
15	0.00888	0.00752	0.00766	0.00763	0.01009	0.00631	0.00572	0.01085	0.01716	0.02063	0.11168	0.07049	0.65295	0.01859	0.00877	0.00250	0.00374	0.01553	0.00697	0.00631
16	0.01608	0.01983	0.11014	0.02829	0.10181	0.01658	0.42667	0.02177	0.01717	0.02362	0.05110	0.07314	0.04028	0.00845	0.00847	0.00248	0.01064	0.00951	0.00422	0.00975
17	0.00981	0.00728	0.00885	0.00898	0.01041	0.00664	0.00636	0.01202	0.01733	0.02326	0.32187	0.20776	0.20656	0.10439	0.01239	0.00311	0.00418	0.01533	0.00715	0.00632
18	0.03222	0.01239	0.01688	0.01302	0.01858	0.01073	0.01073	0.03513	0.02124	0.66619	0.06062	0.02670	0.02083	0.00947	0.00753	0.00230	0.00618	0.00775	0.00914	0.01237
19	0.01985	0.74357	0.03890	0.01270	0.01905	0.02937	0.01270	0.02223	0.01508	0.01747	0.01032	0.01191	0.00953	0.00635	0.00476	0.00159	0.00794	0.00397	0.00318	0.00953
20	0.73781	0.01481	0.01171	0.01028	0.01497	0.01710	0.00847	0.06731	0.01420	0.03426	0.01086	0.01247	0.00836	0.00703	0.00479	0.00229	0.00591	0.00421	0.00479	0.00836
21	0.00928	0.00656	0.00855	0.01004	0.01041	0.00618	0.00657	0.01040	0.01376	0.01835	0.03859	0.64321	0.04616	0.11831	0.01323	0.00357	0.00469	0.01974	0.00657	0.00583
22	0.01400	0.00841	0.00944	0.00905	0.01048	0.00848	0.00618	0.04102	0.05317	0.06259	0.04867	0.10220	0.02681	0.31444	0.01964	0.00424	0.00559	0.01018	0.23875	0.00667
23	0.02298	0.01333	0.04987	0.03727	0.01861	0.01147	0.01098	0.08318	0.04366	0.33011	0.14489	0.03438	0.10797	0.01105	0.00773	0.00228	0.00599	0.00918	0.00778	0.04729
24	0.07702	0.01637	0.07031	0.03782	0.02363	0.01357	0.15077	0.02005	0.01575	0.02461	0.05334	0.01870	0.01411	0.00692	0.00750	0.00181	0.04621	0.00609	0.00432	0.39110
25	0.02215	0.01628	0.01726	0.01571	0.04413	0.08044	0.01211	0.17218	0.15908	0.15047	0.03047	0.05830	0.08113	0.01190	0.00795	0.00248	0.00718	0.09314	0.00714	0.01047
26	0.15605	0.26262	0.10839	0.01594	0.06027	0.05076	0.03846	0.02366	0.04076	0.07402	0.01662	0.01784	0.04347	0.00750	0.00595	0.00200	0.00784	0.00556	0.00438	0.05792
27	0.08282	0.05283	0.06285	0.01987	0.10122	0.33891	0.01462	0.02623	0.01860	0.09653	0.01884	0.02013	0.06582	0.00870	0.00760	0.00214	0.04211	0.00621	0.00462	0.00936
28	0.05938	0.11224	0.06561	0.01268	0.01666	0.04761	0.01072	0.13424	0.01880	0.06705	0.05280	0.15124	0.06303	0.11799	0.01172	0.00299	0.00698	0.00992	0.00573	0.03261
29	0.09314	0.01541	0.03961	0.03563	0.01961	0.01472	0.03546	0.19816	0.05263	0.05284	0.02271	0.04610	0.07290	0.04372	0.00827	0.00226	0.00671	0.00744	0.03235	0.20032

[dist]
# distance from previous block
# <min> <max>
14	30

[block]
# block no. 9 follows, 27 sequences, length 7
# corresponding to MSA columns:
# 367-373
name=unknown_J
#
# <colnr> <probs for GDERKNQSTAVLIFYWHMCP>
#	G	D	E	R	K	N	Q	S	T	A	V	L	I	F	Y	W	H	M	C	P
0	0.01801	0.01870	0.02498	0.12703	0.29953	0.14418	0.07516	0.02182	0.01721	0.02168	0.01820	0.09006	0.01721	0.00964	0.00781	0.00239	0.00955	0.06304	0.00423	0.00957
1	0.02115	0.01657	0.01743	0.05803	0.02055	0.08067	0.01194	0.30917	0.02456	0.06547	0.02449	0.23957	0.02369	0.01303	0.00792	0.00242	0.00738	0.01092	0.00665	0.03840
2	0.01885	0.08774	0.04932	0.11326	0.32674	0.13928	0.01892	0.02246	0.01660	0.02113	0.01418	0.05480	0.01269	0.00826	0.00841	0.00226	0.06460	0.00677	0.00373	0.00997
3	0.07346	0.02081	0.16021	0.14754	0.14662	0.07979	0.07853	0.02163	0.01665	0.02403	0.07373	0.02144	0.01624	0.00788	0.00709	0.00226	0.00902	0.00685	0.07686	0.00937
4	0.01627	0.08013	0.01735	0.01318	0.01695	0.01286	0.05805	0.09210	0.05489	0.08832	0.11746	0.04990	0.20211	0.01414	0.00834	0.00253	0.00621	0.13379	0.00676	0.00865
5	0.01105	0.01037	0.07065	0.01113	0.01309	0.00828	0.00887	0.03158	0.01558	0.02152	0.15367	0.32031	0.04140	0.14465	0.05940	0.00406	0.00647	0.03269	0.00614	0.02907
6	0.07574	0.32592	0.06700	0.01336	0.01859	0.13452	0.01221	0.02181	0.01589	0.02076	0.03314	0.01658	0.01279	0.01133	0.06754	0.00264	0.00926	0.00507	0.05427	0.08157

[dist]
# distance from previous block
# <min> <max>
2	26

[block]
# block no. 10 follows, 27 sequences, length 24
# corresponding to MSA columns:
# 400-423
name=unknown_K
#
# <colnr> <probs for GDERKNQSTAVLIFYWHMCP>
#	G	D	E	R	K	N	Q	S	T	A	V	L	I	F	Y	W	H	M	C	P
0	0.10194	0.05447	0.02819	0.12920	0.46321	0.01805	0.05513	0.02220	0.01610	0.02416	0.01333	0.01763	0.01096	0.00672	0.00700	0.00223	0.00878	0.00631	0.00370	0.01068
1	0.01565	0.03225	0.51862	0.02236	0.08182	0.01679	0.05772	0.05750	0.01736	0.02537	0.07129	0.01962	0.01503	0.00777	0.00733	0.00234	0.01010	0.00649	0.00387	0.01073
2	0.01777	0.04070	0.01618	0.01603	0.11269	0.01109	0.01073	0.05488	0.02057	0.17176	0.34932	0.07876	0.04381	0.01242	0.00808	0.00231	0.00535	0.01086	0.00742	0.00924
3	0.02716	0.02002	0.02166	0.01677	0.02244	0.02220	0.01382	0.62878	0.03353	0.04501	0.01795	0.01850	0.01298	0.01172	0.04953	0.00281	0.00887	0.00676	0.00722	0.01227
4	0.01728	0.01454	0.01785	0.01331	0.01942	0.01265	0.04904	0.11698	0.05364	0.02765	0.01633	0.05377	0.01384	0.00721	0.00630	0.00153	0.00628	0.00608	0.00511	0.54119
5	0.00974	0.00696	0.00941	0.01113	0.01187	0.00663	0.00810	0.01154	0.01490	0.01973	0.04053	0.57873	0.04758	0.02260	0.00966	0.00311	0.00491	0.16975	0.00688	0.00622
6	0.01539	0.01319	0.01539	0.01100	0.01759	0.00990	0.00880	0.01869	0.01539	0.02419	0.01319	0.01539	0.01100	0.00550	0.00550	0.00110	0.00550	0.00440	0.00440	0.78449
7	0.01041	0.00758	0.00979	0.00924	0.01103	0.00696	0.00693	0.01382	0.02078	0.02921	0.65369	0.05637	0.10558	0.01538	0.00876	0.00234	0.00352	0.01355	0.00810	0.00696
8	0.01837	0.01764	0.03013	0.04557	0.69279	0.01764	0.02278	0.02278	0.01690	0.02425	0.01396	0.01837	0.01176	0.00661	0.00735	0.00220	0.00882	0.00661	0.00367	0.01176
9	0.01918	0.02116	0.02226	0.05580	0.02205	0.20460	0.01596	0.02105	0.01412	0.01800	0.01038	0.01567	0.00970	0.01129	0.01880	0.00285	0.49942	0.00605	0.00340	0.00826
10	0.01007	0.00689	0.00831	0.00903	0.00921	0.00671	0.00549	0.01061	0.01221	0.01629	0.03066	0.33311	0.03616	0.44205	0.02604	0.00546	0.00600	0.01507	0.00549	0.00513
11	0.01880	0.59389	0.17937	0.01450	0.02183	0.02680	0.01583	0.02250	0.01521	0.01875	0.01096	0.01271	0.00950	0.00650	0.00525	0.00175	0.00858	0.00429	0.00317	0.00983
12	0.01033	0.00700	0.00823	0.00869	0.00881	0.00689	0.00513	0.01067	0.01170	0.01560	0.02804	0.23054	0.03286	0.54914	0.03027	0.00609	0.00643	0.01353	0.00513	0.00490
13	0.02100	0.01366	0.01587	0.01372	0.01734	0.01421	0.01065	0.30318	0.02433	0.12977	0.02908	0.31641	0.02861	0.01491	0.00828	0.00256	0.00630	0.01279	0.00746	0.00989
14	0.01526	0.01031	0.01177	0.03432	0.01333	0.01082	0.00757	0.14306	0.01691	0.04464	0.02480	0.03879	0.05783	0.39502	0.06562	0.00540	0.00767	0.00945	0.08047	0.00696
15	0.01672	0.19506	0.37475	0.02191	0.03090	0.02043	0.19347	0.02329	0.01603	0.02220	0.01308	0.01597	0.00993	0.00668	0.00698	0.00222	0.01069	0.00601	0.00331	0.01039
16	0.10112	0.48912	0.20153	0.01450	0.02182	0.02498	0.01589	0.02251	0.01497	0.02067	0.01107	0.01287	0.00934	0.00658	0.00532	0.00185	0.00846	0.00435	0.00332	0.00973
17	0.01962	0.02032	0.02792	0.09651	0.52496	0.13644	0.02115	0.02365	0.01745	0.02277	0.01347	0.01763	0.01123	0.00686	0.00724	0.00218	0.00969	0.00630	0.00367	0.01093
18	0.02534	0.02839	0.02124	0.02104	0.10027	0.46329	0.01467	0.08014	0.02106	0.05752	0.01710	0.01867	0.05250	0.00862	0.00772	0.00208	0.04042	0.00604	0.00456	0.00936
19	0.01201	0.00837	0.01023	0.01062	0.01198	0.00833	0.00751	0.03650	0.06478	0.04866	0.03739	0.35060	0.09912	0.16496	0.05206	0.00420	0.00615	0.05337	0.00642	0.00676
20	0.04729	0.40738	0.07091	0.01770	0.06038	0.21056	0.04917	0.02441	0.01688	0.01926	0.01126	0.01333	0.00970	0.00677	0.00577	0.00183	0.00980	0.00468	0.00346	0.00947
21	0.26654	0.02290	0.23884	0.01997	0.12711	0.01698	0.01733	0.07002	0.05191	0.05362	0.03932	0.01755	0.01284	0.00761	0.00644	0.00231	0.00804	0.00580	0.00464	0.01023
22	0.16973	0.01902	0.05344	0.01483	0.01941	0.11995	0.04690	0.13789	0.12784	0.03081	0.10847	0.02506	0.04599	0.00947	0.00698	0.00227	0.00752	0.00745	0.03745	0.00955
23	0.01821	0.01629	0.02016	0.01813	0.05926	0.07538	0.10655	0.06161	0.25074	0.06234	0.04760	0.05890	0.11283	0.01138	0.00805	0.00248	0.00746	0.04627	0.00640	0.00997

[dist]
# distance from previous block
# <min> <max>
54	89

[block]
# block no. 11 follows, 27 sequences, length 14
# corresponding to MSA columns:
# 521-534
name=unknown_L
#
# <colnr> <probs for GDERKNQSTAVLIFYWHMCP>
#	G	D	E	R	K	N	Q	S	T	A	V	L	I	F	Y	W	H	M	C	P
0	0.01693	0.05254	0.04355	0.01523	0.06112	0.09277	0.01191	0.09772	0.01985	0.05030	0.08173	0.04582	0.16828	0.01334	0.00808	0.00242	0.00710	0.14858	0.00607	0.05665
1	0.01883	0.01513	0.01806	0.12300	0.10098	0.05881	0.01358	0.02869	0.26142	0.11523	0.03088	0.03201	0.10924	0.01054	0.00770	0.00244	0.00710	0.02978	0.00634	0.01024
2	0.02508	0.01785	0.01952	0.01512	0.02037	0.01902	0.01219	0.48372	0.02914	0.07949	0.01875	0.02188	0.01461	0.10005	0.01104	0.00274	0.00767	0.00702	0.00687	0.08787
3	0.05171	0.17162	0.02151	0.01449	0.01887	0.15815	0.01190	0.08783	0.16655	0.06099	0.09230	0.02477	0.02121	0.01109	0.03257	0.00251	0.00834	0.02807	0.00575	0.00976
4	0.02519	0.01851	0.02008	0.01592	0.02144	0.02019	0.01294	0.42186	0.19851	0.08379	0.02145	0.02069	0.01547	0.00900	0.00733	0.00223	0.00728	0.00702	0.00737	0.06373
5	0.01700	0.01291	0.01571	0.04762	0.01934	0.01077	0.01007	0.02151	0.05948	0.09107	0.01819	0.02338	0.01521	0.00757	0.00634	0.00158	0.00594	0.06095	0.00524	0.55010
6	0.06495	0.09588	0.01675	0.01243	0.01628	0.11683	0.01007	0.02075	0.06029	0.06020	0.06973	0.03595	0.18511	0.01166	0.00821	0.00219	0.05079	0.04409	0.00557	0.11228
7	0.05176	0.09635	0.11258	0.08957	0.02496	0.24500	0.01564	0.11484	0.01943	0.02355	0.01481	0.05895	0.01283	0.01141	0.04695	0.00274	0.03862	0.00645	0.00433	0.00924
8	0.06536	0.10735	0.21969	0.02476	0.20760	0.12112	0.01924	0.02388	0.01687	0.04554	0.03111	0.01679	0.01200	0.00713	0.00665	0.00208	0.00943	0.00565	0.00388	0.05385
9	0.01372	0.00941	0.01044	0.01036	0.01246	0.04385	0.00778	0.01591	0.01710	0.10218	0.12679	0.21025	0.19967	0.06480	0.01056	0.00291	0.00521	0.08300	0.04643	0.00717
10	0.06228	0.01701	0.01987	0.24694	0.12090	0.12424	0.01586	0.05533	0.05762	0.05857	0.04522	0.02750	0.05780	0.00949	0.00747	0.00238	0.00873	0.04871	0.00491	0.00917
11	0.02111	0.06069	0.02516	0.02991	0.34232	0.13427	0.01731	0.09241	0.07919	0.05154	0.01795	0.02082	0.03332	0.03225	0.00818	0.00233	0.00890	0.00677	0.00475	0.01082
12	0.01856	0.01387	0.01566	0.01300	0.01706	0.01416	0.01016	0.27004	0.04550	0.03189	0.05633	0.14787	0.02337	0.05168	0.04664	0.00292	0.00700	0.00947	0.04552	0.15930
13	0.01742	0.01270	0.01341	0.01179	0.01523	0.05438	0.00918	0.08045	0.13958	0.12373	0.22669	0.04404	0.19451	0.01325	0.00811	0.00237	0.00542	0.01107	0.00756	0.00908

[dist]
# distance from previous block
# <min> <max>
2	4

[block]
# block no. 12 follows, 27 sequences, length 9
# corresponding to MSA columns:
# 539-547
name=unknown_M
#
# <colnr> <probs for GDERKNQSTAVLIFYWHMCP>
#	G	D	E	R	K	N	Q	S	T	A	V	L	I	F	Y	W	H	M	C	P
0	0.06381	0.06149	0.01873	0.01412	0.01874	0.04799	0.01144	0.33680	0.08709	0.03523	0.01884	0.02120	0.01477	0.05168	0.03845	0.00279	0.00780	0.00667	0.09963	0.04273
1	0.08627	0.15520	0.10166	0.11265	0.02513	0.10109	0.01501	0.18094	0.02076	0.02778	0.05070	0.05929	0.01570	0.00886	0.00675	0.00218	0.00863	0.00677	0.00491	0.00971
2	0.06078	0.10859	0.46017	0.02173	0.09626	0.01908	0.02306	0.08266	0.01734	0.02564	0.01331	0.01554	0.00988	0.00710	0.00673	0.00224	0.00987	0.00547	0.00367	0.01088
3	0.02653	0.09648	0.11716	0.01612	0.02225	0.14144	0.01463	0.13945	0.06426	0.25831	0.02002	0.01931	0.01393	0.00833	0.00699	0.00217	0.00869	0.00628	0.00636	0.01130
4	0.04130	0.05011	0.01962	0.01662	0.04021	0.15318	0.03092	0.18478	0.08094	0.02746	0.01889	0.04837	0.01676	0.07861	0.03307	0.00308	0.07198	0.03627	0.03848	0.00934
5	0.01846	0.01595	0.01679	0.01511	0.01930	0.01846	0.01175	0.03945	0.67938	0.03105	0.03022	0.02770	0.02266	0.01007	0.00755	0.00252	0.00588	0.00839	0.00755	0.01175
6	0.01539	0.01319	0.01539	0.01100	0.01759	0.00990	0.00880	0.01869	0.01539	0.02419	0.01319	0.01539	0.01100	0.00550	0.00550	0.00110	0.00550	0.00440	0.00440	0.78449
7	0.02643	0.01835	0.02020	0.01593	0.02120	0.01990	0.01296	0.53228	0.03121	0.10357	0.02160	0.10291	0.01745	0.01063	0.00767	0.00233	0.00754	0.00845	0.00753	0.01185
8	0.02671	0.02004	0.02143	0.01677	0.02244	0.02231	0.01374	0.57044	0.13497	0.04434	0.01975	0.01936	0.01418	0.00909	0.00745	0.00227	0.00781	0.00695	0.00745	0.01249

[dist]
# distance from previous block
# <min> <max>
0	1

[block]
# block no. 13 follows, 27 sequences, length 54
# corresponding to MSA columns:
# 549-602
name=unknown_N
#
# <colnr> <probs for GDERKNQSTAVLIFYWHMCP>
#	G	D	E	R	K	N	Q	S	T	A	V	L	I	F	Y	W	H	M	C	P
0	0.04348	0.01168	0.03594	0.01281	0.01553	0.01163	0.01059	0.04575	0.06074	0.11838	0.27401	0.08766	0.04123	0.01419	0.01039	0.00264	0.09294	0.09480	0.00709	0.00851
1	0.01964	0.01512	0.01916	0.14670	0.02541	0.01571	0.01339	0.17389	0.02001	0.08376	0.01617	0.02013	0.01278	0.00834	0.00875	0.00205	0.08721	0.02850	0.00527	0.27802
2	0.01370	0.01340	0.01217	0.01232	0.01375	0.15168	0.00876	0.01514	0.01535	0.01856	0.03283	0.40154	0.08280	0.08597	0.01233	0.00309	0.05217	0.01487	0.00572	0.03386
3	0.01849	0.07006	0.10170	0.03486	0.44231	0.08315	0.02053	0.02354	0.04317	0.02297	0.01443	0.01821	0.01200	0.00994	0.05090	0.00277	0.01000	0.00629	0.00377	0.01090
4	0.02122	0.62034	0.03579	0.01382	0.01973	0.14769	0.01299	0.02352	0.01612	0.01759	0.01052	0.01217	0.00953	0.00658	0.00510	0.00164	0.00889	0.00411	0.00329	0.00937
5	0.13226	0.04076	0.01795	0.14048	0.05038	0.01562	0.03206	0.03925	0.01454	0.02339	0.01724	0.02146	0.04853	0.01030	0.01142	0.05192	0.15483	0.00658	0.12321	0.04783
6	0.01177	0.00844	0.01039	0.01103	0.01215	0.00841	0.00763	0.09820	0.01665	0.02224	0.03618	0.57392	0.04214	0.08887	0.01187	0.00330	0.00510	0.01821	0.00674	0.00677
