[name]
unknown

[dist]
# distance from previous block
# <min> <max>
0	45

[block]
# block no. 0 follows, 30 sequences, length 6
# corresponding to MSA columns:
# 45-50
name=unknown_A
#
# <colnr> <probs for GDERKNQSTAVLIFYWHMCP>
#	G	D	E	R	K	N	Q	S	T	A	V	L	I	F	Y	W	H	M	C	P
0	0.01124	0.00803	0.01124	0.01285	0.01446	0.00803	0.01124	0.01446	0.01606	0.02088	0.03695	0.07871	0.04016	0.01928	0.00964	0.00321	0.00643	0.66426	0.00643	0.00643
1	0.03037	0.01339	0.01713	0.01313	0.01857	0.01250	0.01085	0.16298	0.02250	0.58351	0.02541	0.02237	0.01621	0.00859	0.00701	0.00215	0.00628	0.00687	0.00831	0.01187
2	0.01301	0.00650	0.00650	0.00650	0.00813	0.00650	0.00488	0.01626	0.01463	0.02602	0.02276	0.02602	0.01789	0.00813	0.00488	0.00163	0.00325	0.00650	0.79350	0.00650
3	0.22339	0.02675	0.01749	0.01554	0.01953	0.46949	0.01196	0.09803	0.01919	0.02362	0.01117	0.01272	0.00894	0.00714	0.00587	0.00192	0.01023	0.00451	0.00415	0.00837
4	0.19094	0.01618	0.01920	0.01917	0.15517	0.01716	0.01307	0.28748	0.02253	0.16775	0.01664	0.01706	0.01184	0.00760	0.00641	0.00212	0.00698	0.00588	0.00604	0.01079
5	0.19132	0.01671	0.02159	0.01657	0.02202	0.01768	0.14411	0.27383	0.07493	0.12754	0.01710	0.01767	0.01216	0.00760	0.00667	0.00219	0.00759	0.00636	0.00596	0.01040

[dist]
# distance from previous block
# <min> <max>
3	4

[block]
# block no. 1 follows, 30 sequences, length 11
# corresponding to MSA columns:
# 55-65
name=unknown_B
#
# <colnr> <probs for GDERKNQSTAVLIFYWHMCP>
#	G	D	E	R	K	N	Q	S	T	A	V	L	I	F	Y	W	H	M	C	P
0	0.16797	0.01845	0.01900	0.01480	0.02016	0.02055	0.01223	0.56654	0.02900	0.04167	0.01547	0.01577	0.01108	0.00803	0.00650	0.00211	0.00726	0.00583	0.00650	0.01108
1	0.55026	0.01878	0.01346	0.01189	0.01614	0.18800	0.00947	0.07876	0.01556	0.02894	0.01057	0.01210	0.00827	0.00681	0.00502	0.00207	0.00733	0.00416	0.00437	0.00805
2	0.01413	0.00759	0.00770	0.00730	0.00925	0.00776	0.00557	0.07199	0.01614	0.02751	0.02227	0.02525	0.01739	0.00815	0.00505	0.00166	0.00362	0.00649	0.72824	0.00695
3	0.01162	0.00956	0.01182	0.01152	0.01283	0.05813	0.00889	0.01397	0.01200	0.01699	0.01810	0.02642	0.01680	0.07482	0.54751	0.00912	0.05705	0.00724	0.06923	0.00637
4	0.06996	0.07106	0.02507	0.28590	0.37451	0.01697	0.01902	0.02004	0.01479	0.02113	0.01238	0.01688	0.01003	0.00649	0.00657	0.00212	0.00839	0.00586	0.00335	0.00948
5	0.05118	0.45279	0.05886	0.11795	0.02315	0.12641	0.01361	0.02218	0.04345	0.01811	0.01115	0.01324	0.00946	0.00649	0.00530	0.00175	0.00843	0.00444	0.00332	0.00874
6	0.01609	0.15484	0.37221	0.01809	0.02591	0.01809	0.09039	0.09266	0.01647	0.02302	0.01317	0.01583	0.01014	0.01041	0.06681	0.00281	0.01024	0.00552	0.00355	0.03376
7	0.01678	0.13379	0.18399	0.01939	0.12068	0.06027	0.04369	0.07946	0.05941	0.02252	0.04321	0.02053	0.01459	0.09162	0.01029	0.00257	0.03347	0.00632	0.00409	0.03334
8	0.04696	0.18394	0.24465	0.01617	0.02307	0.05097	0.05378	0.12455	0.03580	0.08348	0.04365	0.01692	0.01288	0.00726	0.00629	0.00199	0.00839	0.00563	0.00450	0.02912
9	0.01950	0.04972	0.22917	0.01649	0.02283	0.11796	0.05284	0.07363	0.10983	0.12043	0.04758	0.02045	0.03381	0.00799	0.00678	0.00208	0.00844	0.00642	0.00507	0.04902
10	0.25115	0.04087	0.17411	0.01420	0.01972	0.01561	0.05094	0.08074	0.03452	0.07652	0.04521	0.01746	0.01301	0.00767	0.00701	0.00215	0.05466	0.00565	0.05880	0.03001

[dist]
# distance from previous block
# <min> <max>
4	27

[block]
# block no. 2 follows, 30 sequences, length 17
# corresponding to MSA columns:
# 93-109
name=unknown_C
#
# <colnr> <probs for GDERKNQSTAVLIFYWHMCP>
#	G	D	E	R	K	N	Q	S	T	A	V	L	I	F	Y	W	H	M	C	P
0	0.06232	0.01819	0.04441	0.08693	0.02094	0.16307	0.01210	0.18503	0.06220	0.05657	0.02339	0.14489	0.06889	0.01087	0.00711	0.00223	0.00771	0.00878	0.00553	0.00882
1	0.02012	0.08811	0.04063	0.01653	0.02059	0.17388	0.07079	0.12004	0.08365	0.05036	0.04509	0.01806	0.01389	0.00849	0.00933	0.00213	0.13380	0.00612	0.02742	0.05099
2	0.04000	0.06552	0.11384	0.01728	0.02243	0.10004	0.14189	0.07920	0.12648	0.02449	0.07745	0.04224	0.05394	0.00890	0.00763	0.00218	0.03471	0.00760	0.00489	0.02929
3	0.18691	0.02297	0.01731	0.04397	0.02031	0.33379	0.01193	0.10859	0.06999	0.09967	0.01448	0.01529	0.01087	0.00751	0.00613	0.00201	0.00912	0.00516	0.00495	0.00906
4	0.00964	0.00721	0.00902	0.00947	0.01076	0.00689	0.00675	0.01303	0.06685	0.02244	0.28326	0.38052	0.11229	0.01780	0.00847	0.00252	0.00384	0.01586	0.00696	0.00642
5	0.01301	0.00650	0.00650	0.00650	0.00813	0.00650	0.00488	0.01626	0.01463	0.02602	0.02276	0.02602	0.01789	0.00813	0.00488	0.00163	0.00325	0.00650	0.79350	0.00650
6	0.00912	0.00680	0.00834	0.00856	0.00993	0.00617	0.00610	0.01126	0.01645	0.02206	0.32604	0.25066	0.21076	0.06329	0.01012	0.00270	0.00378	0.01499	0.00684	0.00602
7	0.01727	0.01658	0.02832	0.04283	0.71123	0.01658	0.02142	0.02142	0.01589	0.02280	0.01313	0.01727	0.01105	0.00622	0.00691	0.00207	0.00829	0.00622	0.00345	0.01105
8	0.01301	0.00650	0.00650	0.00650	0.00813	0.00650	0.00488	0.01626	0.01463	0.02602	0.02276	0.02602	0.01789	0.00813	0.00488	0.00163	0.00325	0.00650	0.79350	0.00650
9	0.01727	0.01658	0.02832	0.04283	0.71123	0.01658	0.02142	0.02142	0.01589	0.02280	0.01313	0.01727	0.01105	0.00622	0.00691	0.00207	0.00829	0.00622	0.00345	0.01105
10	0.01792	0.01081	0.01282	0.01110	0.01422	0.01090	0.00866	0.15433	0.06800	0.15575	0.21242	0.12885	0.03375	0.01190	0.00731	0.00219	0.00491	0.01013	0.11524	0.00879
11	0.02593	0.03002	0.02009	0.01903	0.06422	0.59806	0.01373	0.05716	0.02013	0.07058	0.01244	0.01389	0.00986	0.00729	0.00641	0.00185	0.01161	0.00487	0.00411	0.00872
12	0.04584	0.12665	0.39094	0.06359	0.06353	0.01742	0.06098	0.02266	0.05348	0.04431	0.01353	0.01567	0.01009	0.00666	0.00637	0.00208	0.00906	0.00540	0.00354	0.03819
13	0.01722	0.01255	0.01496	0.05669	0.01857	0.01157	0.00976	0.02438	0.18309	0.12910	0.04379	0.02252	0.04673	0.00771	0.00627	0.00171	0.00550	0.00636	0.00570	0.37582
14	0.01074	0.00872	0.01041	0.01112	0.04272	0.00843	0.00820	0.01555	0.10838	0.02231	0.16164	0.08380	0.32278	0.01596	0.00833	0.00250	0.00455	0.14020	0.00662	0.00703
15	0.02384	0.01352	0.01571	0.01266	0.01721	0.01376	0.01025	0.21832	0.12009	0.28686	0.05047	0.02646	0.06938	0.00950	0.00696	0.00214	0.00587	0.00765	0.07872	0.01064
16	0.22832	0.01165	0.01209	0.01040	0.01371	0.01235	0.00796	0.08835	0.08434	0.16422	0.02002	0.02568	0.01664	0.19581	0.01330	0.00329	0.00591	0.00692	0.07078	0.00827

[dist]
# distance from previous block
# <min> <max>
2	13

[block]
# block no. 3 follows, 30 sequences, length 65
# corresponding to MSA columns:
# 123-187
name=unknown_D
#
# <colnr> <probs for GDERKNQSTAVLIFYWHMCP>
#	G	D	E	R	K	N	Q	S	T	A	V	L	I	F	Y	W	H	M	C	P
0	0.07976	0.53565	0.13097	0.01299	0.01934	0.02393	0.01349	0.02225	0.04423	0.04567	0.01161	0.01284	0.00969	0.00636	0.00499	0.00171	0.00757	0.00425	0.00348	0.00924
1	0.13641	0.44847	0.02758	0.01227	0.01762	0.08294	0.01121	0.07492	0.01630	0.07615	0.01349	0.01435	0.02946	0.00688	0.00511	0.00174	0.00738	0.00458	0.00409	0.00905
2	0.53976	0.01392	0.01280	0.03867	0.01647	0.01572	0.00928	0.10575	0.05044	0.08648	0.01427	0.01698	0.01107	0.00762	0.00534	0.00221	0.00593	0.03353	0.00518	0.00858
3	0.01347	0.01264	0.02129	0.62987	0.12310	0.01525	0.01912	0.01793	0.01415	0.01840	0.01349	0.04651	0.01092	0.00746	0.00704	0.00232	0.00898	0.00673	0.00327	0.00805
4	0.01023	0.00707	0.00824	0.00824	0.00827	0.00730	0.00488	0.01040	0.01044	0.01402	0.02280	0.10235	0.02639	0.66283	0.03279	0.00628	0.03785	0.01077	0.00436	0.00449
5	0.01301	0.00650	0.00650	0.00650	0.00813	0.00650	0.00488	0.01626	0.01463	0.02602	0.02276	0.02602	0.01789	0.00813	0.00488	0.00163	0.00325	0.00650	0.79350	0.00650
6	0.05990	0.01206	0.01600	0.01457	0.07588	0.01135	0.01065	0.08217	0.01917	0.44095	0.04536	0.05617	0.04339	0.03273	0.04458	0.00278	0.00669	0.00784	0.00729	0.01048
7	0.05812	0.62816	0.12275	0.01282	0.01926	0.02554	0.01349	0.02103	0.01413	0.01791	0.01006	0.01166	0.00887	0.00608	0.00475	0.00162	0.00772	0.00392	0.00305	0.00906
8	0.01301	0.00650	0.00650	0.00650	0.00813	0.00650	0.00488	0.01626	0.01463	0.02602	0.02276	0.02602	0.01789	0.00813	0.00488	0.00163	0.00325	0.00650	0.79350	0.00650
9	0.01015	0.00677	0.00761	0.00761	0.00761	0.00677	0.00423	0.01015	0.01015	0.01353	0.02199	0.04567	0.02537	0.75476	0.03552	0.00677	0.00677	0.01015	0.00423	0.00423
10	0.01388	0.01311	0.02219	0.61963	0.16097	0.01569	0.01973	0.01844	0.01428	0.01868	0.01253	0.01838	0.00960	0.00685	0.00697	0.00228	0.00913	0.00620	0.00316	0.00831
11	0.10938	0.01972	0.01847	0.01503	0.01993	0.12972	0.01211	0.36397	0.12035	0.09584	0.01764	0.01743	0.01275	0.00816	0.00661	0.00210	0.00775	0.00602	0.00633	0.01070
12	0.02609	0.03265	0.01983	0.01789	0.02158	0.69546	0.01347	0.05715	0.02035	0.01827	0.01105	0.01277	0.00912	0.00724	0.00632	0.00181	0.01237	0.00457	0.00375	0.00826
13	0.00870	0.00622	0.00827	0.00958	0.01016	0.00580	0.00649	0.01021	0.01427	0.01926	0.13389	0.65064	0.04896	0.02078	0.00881	0.00274	0.00394	0.01881	0.00665	0.00580
14	0.01008	0.00703	0.00895	0.00895	0.00941	0.00749	0.00589	0.01101	0.01054	0.01452	0.02077	0.03890	0.02243	0.49444	0.29182	0.00841	0.01119	0.00916	0.00405	0.00497
15	0.77425	0.01343	0.01049	0.00930	0.01366	0.01545	0.00766	0.02103	0.01219	0.05772	0.01040	0.01181	0.00793	0.00656	0.00442	0.00216	0.00542	0.00390	0.00449	0.00772
16	0.01727	0.01658	0.02832	0.04283	0.71123	0.01658	0.02142	0.02142	0.01589	0.02280	0.01313	0.01727	0.01105	0.00622	0.00691	0.00207	0.00829	0.00622	0.00345	0.01105
17	0.01015	0.00677	0.00761	0.00761	0.00761	0.00677	0.00423	0.01015	0.01015	0.01353	0.02199	0.04567	0.02537	0.75476	0.03552	0.00677	0.00677	0.01015	0.00423	0.00423
18	0.01399	0.01323	0.02239	0.60077	0.17896	0.01572	0.01978	0.01854	0.01434	0.01881	0.01255	0.01834	0.00965	0.00683	0.00696	0.00228	0.00910	0.00620	0.00317	0.00840
19	0.01019	0.00819	0.01258	0.01192	0.01303	0.00805	0.09055	0.01167	0.01278	0.01719	0.02989	0.44186	0.03474	0.21662	0.01652	0.00384	0.03392	0.01527	0.00538	0.00582
20	0.03107	0.01227	0.01644	0.01260	0.01801	0.01084	0.01041	0.06737	0.02063	0.68178	0.02698	0.02339	0.01700	0.00862	0.00702	0.00216	0.00603	0.00698	0.00855	0.01188
21	0.00988	0.00713	0.00933	0.00878	0.01043	0.00658	0.00658	0.01317	0.01975	0.02798	0.70754	0.05213	0.06584	0.01427	0.00823	0.00219	0.00329	0.01262	0.00768	0.00658
22	0.01899	0.01488	0.01598	0.01399	0.01814	0.01678	0.01099	0.09312	0.56293	0.08563	0.02870	0.02638	0.04268	0.00957	0.00712	0.00233	0.00568	0.00790	0.00719	0.01102
23	0.02569	0.01758	0.01953	0.01520	0.02039	0.01914	0.01251	0.55016	0.02939	0.12381	0.01824	0.01852	0.01301	0.01217	0.06861	0.00288	0.00841	0.00647	0.00691	0.01139
24	0.02313	0.02837	0.02021	0.01807	0.02069	0.53506	0.01397	0.02486	0.01731	0.01700	0.01034	0.01331	0.00904	0.00856	0.01081	0.00214	0.21080	0.00493	0.00345	0.00797
25	0.09938	0.01202	0.01567	0.01213	0.01743	0.01073	0.01002	0.03282	0.01926	0.65574	0.02596	0.02266	0.01642	0.00845	0.00678	0.00216	0.00589	0.00673	0.00826	0.01150
26	0.01113	0.00795	0.01111	0.01272	0.01427	0.00793	0.01104	0.01426	0.01595	0.02075	0.03701	0.10731	0.04042	0.01939	0.00961	0.00320	0.00632	0.63682	0.00643	0.00639
27	0.00825	0.00707	0.00707	0.00707	0.00943	0.00589	0.00530	0.01001	0.01591	0.01885	0.07069	0.06716	0.70839	0.01767	0.00825	0.00236	0.00353	0.01473	0.00648	0.00589
28	0.02194	0.01658	0.01779	0.01467	0.01929	0.01851	0.01177	0.35246	0.30907	0.06050	0.02279	0.04120	0.01713	0.00920	0.00702	0.00222	0.00647	0.00736	0.03287	0.01118
29	0.01447	0.01240	0.01447	0.01034	0.01654	0.00930	0.00827	0.01757	0.01447	0.02274	0.01240	0.01447	0.01034	0.00517	0.00517	0.00103	0.00517	0.00413	0.00413	0.79742
30	0.02312	0.04538	0.01913	0.01469	0.01971	0.01884	0.01197	0.38559	0.21165	0.09158	0.02094	0.03942	0.01564	0.00884	0.00690	0.00213	0.00674	0.00696	0.00686	0.04393
31	0.01866	0.75896	0.03657	0.01194	0.01791	0.02761	0.01194	0.02090	0.01418	0.01642	0.00970	0.01119	0.00896	0.00597	0.00448	0.00149	0.00746	0.00373	0.00299	0.00896
32	0.02326	0.02793	0.02251	0.02592	0.24194	0.49982	0.01602	0.02580	0.01853	0.01891	0.01153	0.01408	0.00965	0.00688	0.00649	0.00189	0.01121	0.00505	0.00355	0.00904
33	0.00988	0.00713	0.00933	0.00878	0.01043	0.00658	0.00658	0.01317	0.01975	0.02798	0.70754	0.05213	0.06584	0.01427	0.00823	0.00219	0.00329	0.01262	0.00768	0.00658
34	0.00850	0.00607	0.00810	0.00972	0.01012	0.00567	0.00648	0.00972	0.01336	0.01781	0.03846	0.75020	0.04615	0.02186	0.00891	0.00283	0.00405	0.01984	0.00648	0.00567
35	0.00982	0.00709	0.00927	0.00882	0.01041	0.00654	0.00658	0.01302	0.01947	0.02753	0.67799	0.08296	0.06497	0.01460	0.00826	0.00222	0.00333	0.01294	0.00763	0.00654
36	0.03131	0.01188	0.01619	0.01242	0.01781	0.01026	0.01026	0.03401	0.01997	0.71606	0.02753	0.02375	0.01727	0.00864	0.00702	0.00216	0.00594	0.00702	0.00864	0.01188
37	0.01015	0.00677	0.00761	0.00761	0.00761	0.00677	0.00423	0.01015	0.01015	0.01353	0.02199	0.04567	0.02537	0.75476	0.03552	0.00677	0.00677	0.01015	0.00423	0.00423
38	0.02653	0.01955	0.02094	0.01606	0.02164	0.02164	0.01326	0.68796	0.03281	0.04398	0.01675	0.01675	0.01187	0.00838	0.00698	0.00209	0.00768	0.00628	0.00698	0.01187
39	0.76977	0.01342	0.01052	0.00932	0.01369	0.01542	0.00768	0.02111	0.01224	0.06169	0.01051	0.01189	0.00799	0.00657	0.00444	0.00216	0.00542	0.00392	0.00451	0.00775
40	0.80405	0.01350	0.01026	0.00918	0.01350	0.01565	0.00756	0.02051	0.01188	0.03131	0.00972	0.01134	0.00756	0.00648	0.00432	0.00216	0.00540	0.00378	0.00432	0.00756
41	0.01711	0.01423	0.01608	0.01238	0.01779	0.01346	0.00993	0.13406	0.15520	0.02738	0.01623	0.01721	0.01276	0.00684	0.00654	0.00156	0.03380	0.00533	0.00517	0.47695
42	0.02313	0.01517	0.01643	0.01303	0.01747	0.01634	0.01062	0.43941	0.02652	0.09884	0.01942	0.02000	0.01405	0.00833	0.00639	0.00197	0.00627	0.00641	0.22986	0.01035
43	0.02653	0.01955	0.02094	0.01606	0.02164	0.02164	0.01326	0.68796	0.03281	0.04398	0.01675	0.01675	0.01187	0.00838	0.00698	0.00209	0.00768	0.00628	0.00698	0.01187
44	0.01386	0.01277	0.02093	0.70116	0.04671	0.01582	0.01907	0.05201	0.01492	0.01916	0.01263	0.01851	0.00943	0.00705	0.00698	0.00231	0.00922	0.00621	0.00330	0.00796
45	0.00988	0.00713	0.00933	0.00878	0.01043	0.00658	0.00658	0.01317	0.01975	0.02798	0.70754	0.05213	0.06584	0.01427	0.00823	0.00219	0.00329	0.01262	0.00768	0.00658
46	0.02932	0.01171	0.01576	0.01222	0.01730	0.01030	0.01004	0.05275	0.02036	0.63608	0.08539	0.02596	0.02126	0.00911	0.00712	0.00216	0.00577	0.00747	0.00850	0.01142
47	0.00850	0.00607	0.00810	0.00972	0.01012	0.00567	0.00648	0.00972	0.01336	0.01781	0.03846	0.75020	0.04615	0.02186	0.00891	0.00283	0.00405	0.01984	0.00648	0.00567
48	0.01636	0.01959	0.07110	0.02899	0.03619	0.01758	0.65673	0.02234	0.01639	0.02234	0.01405	0.01864	0.01051	0.00592	0.00816	0.00235	0.01170	0.00810	0.00350	0.00945
49	0.01015	0.00677	0.00761	0.00761	0.00761	0.00677	0.00423	0.01015	0.01015	0.01353	0.02199	0.04567	0.02537	0.75476	0.03552	0.00677	0.00677	0.01015	0.00423	0.00423
50	0.01073	0.00814	0.01001	0.00937	0.01136	0.00793	0.00708	0.01605	0.10723	0.02753	0.57723	0.04976	0.10302	0.01387	0.00809	0.00223	0.00360	0.01215	0.00753	0.00711
51	0.01571	0.01544	0.02136	0.01823	0.01845	0.02138	0.01519	0.04348	0.01157	0.01787	0.00946	0.01533	0.00927	0.01206	0.02227	0.00302	0.71279	0.00611	0.00321	0.00780
52	0.01469	0.14413	0.61666	0.01870	0.02837	0.01791	0.02371	0.02192	0.01465	0.02125	0.01210	0.01420	0.00886	0.00653	0.00631	0.00210	0.00989	0.00494	0.00295	0.01011
53	0.01042	0.00754	0.01023	0.01171	0.01312	0.00735	0.00974	0.01309	0.01548	0.02007	0.04006	0.21998	0.09668	0.01969	0.00937	0.00306	0.00568	0.47406	0.00644	0.00622
54	0.01637	0.01854	0.03959	0.02853	0.03502	0.01794	0.63232	0.02191	0.01601	0.02191	0.01372	0.01854	0.01047	0.00639	0.00941	0.00241	0.07008	0.00807	0.00349	0.00927
55	0.01566	0.04085	0.12636	0.01461	0.01898	0.01466	0.05822	0.16508	0.05696	0.02652	0.09913	0.05690	0.09965	0.01397	0.06594	0.00298	0.06608	0.00854	0.04013	0.00878
56	0.01610	0.01538	0.02620	0.24258	0.52067	0.01627	0.02083	0.02039	0.01533	0.02137	0.01292	0.01765	0.01055	0.00644	0.00693	0.00215	0.00858	0.00621	0.00335	0.01010
57	0.03075	0.01277	0.01675	0.01284	0.01826	0.01158	0.01061	0.11004	0.02147	0.63792	0.02628	0.02294	0.01665	0.00861	0.00701	0.00215	0.00614	0.00693	0.00844	0.01187
58	0.01482	0.01602	0.03294	0.02457	0.02969	0.01567	0.49217	0.01939	0.01533	0.02096	0.01837	0.16012	0.01734	0.00956	0.00972	0.00251	0.07795	0.01028	0.00406	0.00852
59	0.01704	0.01627	0.02735	0.08130	0.64274	0.01655	0.02084	0.02190	0.04590	0.02280	0.01376	0.01773	0.01141	0.00640	0.00692	0.00210	0.00823	0.00629	0.00359	0.01086
60	0.02607	0.03326	0.01978	0.01798	0.02157	0.72674	0.01348	0.02787	0.01978	0.01708	0.01079	0.01258	0.00899	0.00719	0.00629	0.00180	0.01258	0.00449	0.00360	0.00809
61	0.01010	0.00697	0.00864	0.00864	0.00900	0.00733	0.00551	0.01081	0.01045	0.01429	0.02104	0.04045	0.02310	0.55386	0.23332	0.00804	0.01018	0.00938	0.00409	0.00480
62	0.01732	0.55199	0.23184	0.01422	0.02143	0.02435	0.01590	0.02124	0.01434	0.01804	0.01051	0.01221	0.00892	0.00616	0.00509	0.00170	0.00828	0.00414	0.00297	0.00934
63	0.03131	0.01188	0.01619	0.01242	0.01781	0.01026	0.01026	0.03401	0.01997	0.71606	0.02753	0.02375	0.01727	0.00864	0.00702	0.00216	0.00594	0.00702	0.00864	0.01188
64	0.02543	0.01935	0.02004	0.01567	0.02093	0.05005	0.01283	0.59427	0.07494	0.04126	0.01748	0.01752	0.01258	0.00839	0.00688	0.00208	0.00758	0.00632	0.03493	0.01147

[dist]
# distance from previous block
# <min> <max>
1	3

[block]
# block no. 4 follows, 30 sequences, length 59
# corresponding to MSA columns:
# 191-249
name=unknown_E
#
# <colnr> <probs for GDERKNQSTAVLIFYWHMCP>
#	G	D	E	R	K	N	Q	S	T	A	V	L	I	F	Y	W	H	M	C	P
0	0.01842	0.72294	0.07055	0.01234	0.01852	0.02704	0.01263	0.02096	0.01421	0.01670	0.00984	0.01137	0.00895	0.00600	0.00458	0.00153	0.00760	0.00380	0.00298	0.00902
1	0.01361	0.01284	0.02170	0.66544	0.11727	0.01562	0.01959	0.01820	0.01416	0.01835	0.01248	0.01847	0.00949	0.00690	0.00697	0.00230	0.00920	0.00620	0.00314	0.00810
2	0.02648	0.01768	0.01959	0.01510	0.02046	0.01904	0.01244	0.54784	0.03007	0.15264	0.05293	0.01966	0.01544	0.00871	0.00705	0.00211	0.00718	0.00672	0.00729	0.01161
3	0.00850	0.00607	0.00810	0.00972	0.01012	0.00567	0.00648	0.00972	0.01336	0.01781	0.03846	0.75020	0.04615	0.02186	0.00891	0.00283	0.00405	0.01984	0.00648	0.00567
4	0.01457	0.01271	0.01576	0.01126	0.01750	0.00971	0.04103	0.01780	0.01457	0.02272	0.01249	0.01468	0.01035	0.00520	0.00532	0.00110	0.00549	0.00433	0.00411	0.75932
5	0.00988	0.00713	0.00933	0.00878	0.01043	0.00658	0.00658	0.01317	0.01975	0.02798	0.70754	0.05213	0.06584	0.01427	0.00823	0.00219	0.00329	0.01262	0.00768	0.00658
6	0.01015	0.00677	0.00761	0.00761	0.00761	0.00677	0.00423	0.01015	0.01015	0.01353	0.02199	0.04567	0.02537	0.75476	0.03552	0.00677	0.00677	0.01015	0.00423	0.00423
7	0.73818	0.01340	0.01115	0.06988	0.01637	0.01564	0.00854	0.02029	0.01205	0.03019	0.00994	0.01194	0.00770	0.00652	0.00454	0.00217	0.00572	0.00398	0.00422	0.00757
8	0.00988	0.00713	0.00933	0.00878	0.01043	0.00658	0.00658	0.01317	0.01975	0.02798	0.70754	0.05213	0.06584	0.01427	0.00823	0.00219	0.00329	0.01262	0.00768	0.00658
9	0.80405	0.01350	0.01026	0.00918	0.01350	0.01565	0.00756	0.02051	0.01188	0.03131	0.00972	0.01134	0.00756	0.00648	0.00432	0.00216	0.00540	0.00378	0.00432	0.00756
10	0.00976	0.00713	0.00917	0.00866	0.01035	0.00653	0.00649	0.01294	0.01948	0.02733	0.66183	0.05321	0.11197	0.01451	0.00823	0.00221	0.00331	0.01277	0.00760	0.00653
11	0.02659	0.01083	0.01468	0.01162	0.01619	0.00945	0.00945	0.02942	0.01992	0.56464	0.17718	0.03000	0.02796	0.00988	0.00728	0.00217	0.00536	0.00825	0.00843	0.01071
12	0.01013	0.00684	0.00796	0.00796	0.00809	0.00696	0.00467	0.01038	0.01025	0.01379	0.02166	0.04387	0.02459	0.68580	0.10341	0.00720	0.00794	0.00989	0.00418	0.00442
13	0.00880	0.00706	0.00787	0.00774	0.00979	0.00612	0.00578	0.01107	0.01711	0.02189	0.28381	0.08644	0.46861	0.01668	0.00827	0.00232	0.00347	0.01420	0.00688	0.00612
14	0.01928	0.69913	0.03523	0.01237	0.01821	0.06121	0.01206	0.04355	0.01507	0.01737	0.00999	0.01145	0.00905	0.00611	0.00465	0.00153	0.00772	0.00385	0.00315	0.00901
15	0.01400	0.03610	0.71860	0.01989	0.03020	0.01621	0.02578	0.02210	0.01473	0.02210	0.01252	0.01473	0.00884	0.00663	0.00663	0.00221	0.01031	0.00516	0.00295	0.01031
16	0.04769	0.01751	0.01990	0.03983	0.11500	0.03765	0.01362	0.32587	0.22423	0.05658	0.01952	0.01955	0.01441	0.00828	0.00690	0.00217	0.00717	0.00664	0.00630	0.01115
17	0.02792	0.01557	0.05535	0.01398	0.01958	0.01433	0.01200	0.21631	0.07753	0.43598	0.02378	0.02149	0.01563	0.00852	0.00699	0.00216	0.00663	0.00678	0.00774	0.01172
18	0.01645	0.00876	0.01100	0.00971	0.01261	0.00794	0.00749	0.01948	0.03995	0.23795	0.23000	0.08165	0.18505	0.04478	0.02937	0.00269	0.00486	0.01115	0.03104	0.00806
19	0.01460	0.01183	0.01455	0.06478	0.01688	0.03687	0.01052	0.13915	0.01592	0.02192	0.01910	0.11109	0.01866	0.10961	0.21144	0.00537	0.12194	0.00860	0.03977	0.00737
20	0.01974	0.01338	0.01560	0.02861	0.01784	0.01244	0.00980	0.17663	0.04763	0.14076	0.01844	0.05070	0.01439	0.00765	0.00616	0.00167	0.00580	0.00618	0.06239	0.34418
21	0.01349	0.03296	0.01108	0.00931	0.01199	0.00877	0.00718	0.07525	0.01859	0.10313	0.25031	0.07800	0.28057	0.05671	0.00945	0.00250	0.00444	0.01203	0.00690	0.00732
22	0.01657	0.01263	0.01459	0.01161	0.01643	0.01141	0.00911	0.12797	0.07673	0.06531	0.02002	0.14807	0.01834	0.00925	0.00640	0.00171	0.00545	0.00778	0.00553	0.41507
23	0.02514	0.01852	0.01979	0.01541	0.02066	0.02052	0.01265	0.60503	0.07962	0.04195	0.01791	0.01792	0.01287	0.00844	0.00688	0.00209	0.00729	0.00641	0.04938	0.01152
24	0.06772	0.19475	0.04623	0.01541	0.01999	0.09709	0.05116	0.11846	0.11040	0.07396	0.01583	0.01836	0.01272	0.00836	0.00825	0.00214	0.09713	0.02771	0.00481	0.00951
25	0.06145	0.18763	0.40935	0.01866	0.07003	0.05098	0.02004	0.02150	0.01452	0.02087	0.01179	0.01424	0.00921	0.00804	0.02827	0.00232	0.03347	0.00491	0.00312	0.00960
26	0.01262	0.00919	0.03393	0.01075	0.01282	0.00831	0.00855	0.01627	0.07469	0.08681	0.05866	0.19393	0.12742	0.13610	0.01287	0.00335	0.00551	0.17503	0.00628	0.00691
27	0.01708	0.45857	0.15179	0.01331	0.01930	0.06002	0.01371	0.04025	0.01546	0.01907	0.05289	0.01822	0.05460	0.00889	0.02883	0.00206	0.00815	0.00538	0.00363	0.00883
28	0.05120	0.15162	0.15915	0.20184	0.24351	0.03841	0.01922	0.02072	0.01482	0.02052	0.01201	0.01563	0.00961	0.00648	0.00631	0.00205	0.00877	0.00541	0.00323	0.00949
29	0.02636	0.01245	0.04397	0.01235	0.01729	0.01057	0.01043	0.03080	0.07672	0.53156	0.12420	0.02763	0.02421	0.00943	0.00718	0.00218	0.00570	0.00782	0.00814	0.01099
30	0.00912	0.00734	0.00802	0.00789	0.01003	0.00645	0.00589	0.02920	0.01699	0.02142	0.20368	0.11693	0.49838	0.01702	0.00826	0.00235	0.00364	0.01445	0.00675	0.00619
31	0.03703	0.05256	0.39017	0.05383	0.05243	0.05214	0.17673	0.02293	0.03444	0.04293	0.01355	0.01621	0.00992	0.00660	0.00690	0.00220	0.01016	0.00597	0.00346	0.00985
32	0.01475	0.19411	0.25056	0.01593	0.05595	0.01670	0.01567	0.01916	0.04722	0.02002	0.09560	0.02004	0.01691	0.01047	0.01053	0.11777	0.06037	0.00610	0.00377	0.00837
33	0.00940	0.00736	0.00861	0.00903	0.01101	0.00664	0.00721	0.01172	0.01623	0.02037	0.13308	0.06827	0.41251	0.03916	0.00946	0.00272	0.00447	0.21013	0.00654	0.00608
34	0.01584	0.01729	0.07572	0.31104	0.31064	0.05279	0.05232	0.02094	0.03734	0.02069	0.01322	0.01773	0.01041	0.00668	0.00695	0.00219	0.00914	0.00620	0.00341	0.00947
35	0.01558	0.01434	0.09935	0.01317	0.01666	0.01245	0.01123	0.20210	0.06827	0.04894	0.02767	0.36219	0.02860	0.01576	0.02712	0.00272	0.00638	0.01268	0.00623	0.00856
36	0.01001	0.00828	0.00895	0.00869	0.01111	0.00779	0.00664	0.01475	0.11600	0.02217	0.18301	0.05886	0.45756	0.01591	0.00814	0.00237	0.00391	0.04229	0.00679	0.00680
37	0.01134	0.00742	0.00976	0.00909	0.01094	0.00680	0.00684	0.01448	0.01944	0.07685	0.62385	0.08648	0.06133	0.01426	0.00818	0.00223	0.00352	0.01259	0.00769	0.00692
38	0.02505	0.05022	0.06218	0.01582	0.02154	0.02077	0.01366	0.58276	0.03004	0.05942	0.01717	0.03873	0.01275	0.00859	0.00692	0.00210	0.00767	0.00654	0.00661	0.01147
39	0.02223	0.19170	0.07541	0.01672	0.04335	0.22635	0.04358	0.18315	0.02067	0.04502	0.01356	0.01502	0.01059	0.00717	0.00611	0.00186	0.00913	0.00522	0.05365	0.00952
40	0.00856	0.00610	0.00808	0.00965	0.01004	0.00570	0.00640	0.00973	0.01325	0.01767	0.03791	0.72659	0.04546	0.04643	0.00980	0.00297	0.00414	0.01951	0.00640	0.00562
41	0.02876	0.01469	0.01781	0.01371	0.01906	0.01455	0.01130	0.28682	0.02494	0.43310	0.04554	0.02196	0.01676	0.00872	0.00704	0.00214	0.00653	0.00692	0.00796	0.01170
42	0.01621	0.01293	0.01612	0.01161	0.01777	0.01021	0.04135	0.04287	0.01562	0.07325	0.01373	0.01543	0.01090	0.00557	0.00551	0.00122	0.00563	0.00462	0.00453	0.67494
43	0.01463	0.01254	0.01454	0.01054	0.01662	0.00974	0.00842	0.01862	0.05135	0.02309	0.01327	0.01509	0.01093	0.00540	0.00527	0.00111	0.00519	0.00434	0.00429	0.75503
44	0.01649	0.03412	0.16044	0.13274	0.06136	0.01392	0.01538	0.06071	0.06423	0.10644	0.10594	0.02673	0.02067	0.00984	0.00857	0.03059	0.04009	0.05118	0.00510	0.03546
45	0.01727	0.01658	0.02832	0.04283	0.71123	0.01658	0.02142	0.02142	0.01589	0.02280	0.01313	0.01727	0.01105	0.00622	0.00691	0.00207	0.00829	0.00622	0.00345	0.01105
46	0.01641	0.16710	0.27945	0.02057	0.05118	0.01769	0.20255	0.02179	0.01538	0.06521	0.01526	0.06863	0.01264	0.00750	0.00685	0.00215	0.00936	0.00694	0.00375	0.00959
47	0.00895	0.00626	0.00796	0.00914	0.00943	0.00597	0.00586	0.00984	0.01248	0.01664	0.03393	0.55637	0.04044	0.22349	0.01623	0.00392	0.00480	0.01717	0.00586	0.00527
48	0.01440	0.01392	0.01939	0.01684	0.01695	0.01911	0.01381	0.01588	0.01069	0.01648	0.01101	0.01879	0.01119	0.07675	0.08278	0.00404	0.62097	0.00655	0.00321	0.00724
49	0.00933	0.00708	0.00854	0.00823	0.01003	0.00635	0.00612	0.01201	0.01813	0.02446	0.47148	0.07469	0.26727	0.03461	0.00896	0.00238	0.00348	0.01341	0.00718	0.00628
50	0.01131	0.00745	0.00959	0.00887	0.01076	0.00681	0.00665	0.01431	0.01907	0.07610	0.58391	0.05085	0.10521	0.04710	0.00936	0.00241	0.00365	0.01225	0.00751	0.00681
51	0.01457	0.01249	0.01452	0.01047	0.01659	0.00958	0.00837	0.01825	0.03845	0.02297	0.01296	0.01488	0.01072	0.00532	0.00524	0.00108	0.00518	0.00427	0.00424	0.76986
52	0.01121	0.00850	0.00924	0.00884	0.01141	0.00795	0.00669	0.01587	0.12014	0.06353	0.12217	0.10582	0.45108	0.01584	0.00804	0.00236	0.00400	0.01338	0.00682	0.00709
53	0.01395	0.03482	0.68099	0.05860	0.03117	0.01617	0.02544	0.02187	0.01469	0.02187	0.01252	0.01494	0.00886	0.00665	0.00665	0.00222	0.01026	0.00521	0.00295	0.01018
54	0.02570	0.02043	0.01932	0.01566	0.02060	0.15216	0.01257	0.37939	0.12845	0.12591	0.01881	0.01829	0.01346	0.00835	0.00687	0.00209	0.00805	0.00628	0.00658	0.01103
55	0.00892	0.00710	0.00800	0.00778	0.00984	0.00618	0.00583	0.01132	0.01750	0.02263	0.33398	0.06094	0.44276	0.01626	0.00824	0.00229	0.00343	0.01386	0.00698	0.00618
56	0.01022	0.00724	0.01005	0.01005	0.01104	0.00811	0.00741	0.01219	0.01121	0.01627	0.01974	0.03154	0.01931	0.21167	0.51660	0.00951	0.01485	0.00803	0.05916	0.00579
57	0.13822	0.01681	0.01773	0.01401	0.01904	0.01833	0.01147	0.45406	0.04841	0.08762	0.01780	0.04703	0.01346	0.00860	0.00656	0.00210	0.00680	0.00651	0.02903	0.03643
58	0.02226	0.01781	0.04960	0.01502	0.01998	0.01846	0.01254	0.48054	0.09793	0.03736	0.02052	0.11492	0.01722	0.01011	0.00718	0.00219	0.00702	0.00813	0.00666	0.03455

[dist]
# distance from previous block
# <min> <max>
1	4

[block]
# block no. 5 follows, 30 sequences, length 59
# corresponding to MSA columns:
# 254-312
name=unknown_F
#
# <colnr> <probs for GDERKNQSTAVLIFYWHMCP>
#	G	D	E	R	K	N	Q	S	T	A	V	L	I	F	Y	W	H	M	C	P
0	0.41170	0.01448	0.05168	0.04398	0.01789	0.01414	0.01029	0.06445	0.01601	0.24801	0.01614	0.01620	0.01112	0.00727	0.00560	0.00213	0.00614	0.00515	0.00571	0.03189
1	0.01549	0.01455	0.02431	0.39654	0.35032	0.01620	0.02011	0.04147	0.01546	0.02096	0.01288	0.01793	0.01019	0.00668	0.00695	0.00220	0.00879	0.00621	0.00339	0.00940
2	0.01659	0.43856	0.33887	0.01546	0.02336	0.02256	0.01808	0.02143	0.01442	0.01894	0.01095	0.01276	0.00890	0.00626	0.00543	0.00181	0.00873	0.00436	0.00297	0.00956
3	0.01452	0.01383	0.02099	0.63034	0.06966	0.04773	0.01870	0.04288	0.03743	0.01928	0.01304	0.01846	0.00984	0.00709	0.00695	0.00229	0.00923	0.00618	0.00341	0.00814
4	0.00874	0.00621	0.00820	0.00971	0.01014	0.00585	0.00653	0.00996	0.01325	0.01765	0.03722	0.67041	0.04441	0.07378	0.01083	0.00313	0.00435	0.04772	0.00632	0.00560
5	0.01641	0.01749	0.03950	0.06357	0.25890	0.15741	0.01460	0.02108	0.07694	0.02176	0.09767	0.04686	0.11924	0.00968	0.00718	0.00213	0.00770	0.00826	0.00474	0.00888
6	0.01652	0.02579	0.30492	0.08628	0.31460	0.08806	0.02221	0.02206	0.01566	0.02154	0.01259	0.01588	0.00981	0.00654	0.00674	0.00212	0.00962	0.00561	0.00324	0.01019
7	0.00861	0.00615	0.00819	0.00965	0.01014	0.00574	0.00649	0.00998	0.01384	0.01858	0.08862	0.69788	0.04763	0.02129	0.00886	0.00279	0.00399	0.01930	0.00657	0.00574
8	0.00899	0.00665	0.00848	0.00957	0.01065	0.00614	0.00696	0.01080	0.01487	0.01946	0.11062	0.45374	0.17330	0.01994	0.00882	0.00273	0.00422	0.11155	0.00659	0.00591
9	0.06606	0.36936	0.02694	0.01448	0.01928	0.33612	0.01232	0.02443	0.01674	0.04242	0.01082	0.01226	0.00919	0.00663	0.00536	0.00169	0.00956	0.00419	0.00353	0.00860
10	0.05418	0.01391	0.01685	0.03808	0.01930	0.01404	0.01111	0.17235	0.12895	0.39138	0.04878	0.02302	0.01789	0.00878	0.00697	0.00219	0.00624	0.00706	0.00766	0.01126
11	0.00967	0.00713	0.00905	0.00857	0.01030	0.00650	0.00642	0.01277	0.01927	0.02684	0.62780	0.05401	0.14631	0.01469	0.00823	0.00222	0.00332	0.01288	0.00753	0.00650
12	0.07358	0.04689	0.02010	0.01582	0.04038	0.07885	0.01255	0.44854	0.07224	0.03658	0.01587	0.01631	0.01173	0.00782	0.00652	0.00198	0.00761	0.00581	0.00606	0.07478
13	0.01866	0.75896	0.03657	0.01194	0.01791	0.02761	0.01194	0.02090	0.01418	0.01642	0.00970	0.01119	0.00896	0.00597	0.00448	0.00149	0.00746	0.00373	0.00299	0.00896
14	0.01733	0.07389	0.05261	0.01295	0.04708	0.05126	0.01035	0.04371	0.04251	0.14502	0.24486	0.03006	0.04810	0.00964	0.00687	0.00192	0.00575	0.00803	0.00613	0.14194
15	0.01736	0.01499	0.01578	0.01420	0.01815	0.01736	0.01105	0.03708	0.69862	0.02919	0.02840	0.02604	0.02130	0.00947	0.00710	0.00237	0.00552	0.00789	0.00710	0.01105
16	0.80405	0.01350	0.01026	0.00918	0.01350	0.01565	0.00756	0.02051	0.01188	0.03131	0.00972	0.01134	0.00756	0.00648	0.00432	0.00216	0.00540	0.00378	0.00432	0.00756
17	0.01656	0.01586	0.02705	0.16304	0.59655	0.01639	0.02106	0.02080	0.01555	0.02194	0.01300	0.01750	0.01075	0.00635	0.00692	0.00212	0.00847	0.00621	0.00339	0.01048
18	0.01413	0.03516	0.68197	0.02040	0.03054	0.01628	0.06147	0.02211	0.01483	0.02211	0.01261	0.01495	0.00893	0.00659	0.00672	0.00222	0.01039	0.00532	0.00298	0.01026
19	0.01866	0.75896	0.03657	0.01194	0.01791	0.02761	0.01194	0.02090	0.01418	0.01642	0.00970	0.01119	0.00896	0.00597	0.00448	0.00149	0.00746	0.00373	0.00299	0.00896
20	0.01017	0.00668	0.00900	0.01032	0.01118	0.00627	0.00738	0.01175	0.01412	0.05709	0.03763	0.61249	0.04368	0.02075	0.00891	0.00285	0.00450	0.11252	0.00659	0.00612
21	0.00917	0.00669	0.00875	0.01020	0.01096	0.00641	0.00724	0.01133	0.03804	0.01867	0.03910	0.60884	0.06915	0.02092	0.00892	0.00285	0.00440	0.10590	0.00649	0.00597
22	0.01322	0.01393	0.12407	0.01442	0.05380	0.01075	0.03106	0.08412	0.05459	0.04664	0.06164	0.35037	0.08286	0.01498	0.00798	0.00249	0.00593	0.01326	0.00589	0.00800
23	0.01504	0.01406	0.02058	0.01729	0.01842	0.01826	0.07368	0.04108	0.01248	0.01922	0.01225	0.01794	0.01111	0.01479	0.08444	0.00356	0.50233	0.00647	0.08931	0.00769
24	0.00874	0.00621	0.00820	0.00969	0.01012	0.00585	0.00651	0.00995	0.01323	0.01762	0.03715	0.66810	0.04433	0.07709	0.01095	0.00315	0.00436	0.04685	0.00631	0.00559
25	0.01362	0.01285	0.02172	0.66347	0.11915	0.01562	0.01960	0.01821	0.01416	0.01836	0.01248	0.01846	0.00949	0.00690	0.00697	0.00230	0.00919	0.00620	0.00314	0.00811
26	0.01115	0.00800	0.01111	0.01267	0.01430	0.00796	0.01106	0.01432	0.01606	0.02082	0.03801	0.07835	0.06123	0.01923	0.00959	0.00319	0.00633	0.64377	0.00643	0.00641
27	0.00965	0.00693	0.00898	0.01017	0.01095	0.00667	0.00706	0.04673	0.01476	0.01973	0.06139	0.65520	0.04474	0.02074	0.00881	0.00279	0.00432	0.04776	0.00655	0.00607
28	0.02550	0.01554	0.01756	0.01379	0.01869	0.01635	0.01127	0.40218	0.04471	0.21880	0.02127	0.04300	0.01529	0.00887	0.00682	0.00209	0.00656	0.00697	0.09367	0.01106
29	0.00850	0.00607	0.00810	0.00972	0.01012	0.00567	0.00648	0.00972	0.01336	0.01781	0.03846	0.75020	0.04615	0.02186	0.00891	0.00283	0.00405	0.01984	0.00648	0.00567
30	0.01647	0.01882	0.04118	0.02941	0.03647	0.01765	0.68588	0.02235	0.01647	0.02235	0.01412	0.01882	0.01059	0.00588	0.00824	0.00235	0.01176	0.00824	0.00353	0.00941
31	0.01709	0.01640	0.02800	0.07366	0.68182	0.01653	0.02133	0.02126	0.01580	0.02258	0.01309	0.01733	0.01098	0.00625	0.00691	0.00208	0.00834	0.00622	0.00344	0.01091
32	0.01122	0.00846	0.00934	0.00877	0.01098	0.02794	0.00658	0.01444	0.04830	0.06074	0.34275	0.05380	0.30645	0.04814	0.00929	0.00246	0.00406	0.01257	0.00697	0.00674
33	0.03131	0.01188	0.01619	0.01242	0.01781	0.01026	0.01026	0.03401	0.01997	0.71606	0.02753	0.02375	0.01727	0.00864	0.00702	0.00216	0.00594	0.00702	0.00864	0.01188
34	0.02006	0.01429	0.01617	0.01328	0.01712	0.01543	0.01066	0.37462	0.02459	0.07634	0.07933	0.07713	0.09502	0.03589	0.06859	0.00311	0.03337	0.00887	0.00656	0.00954
35	0.01469	0.03369	0.62275	0.02077	0.03058	0.01655	0.09547	0.04493	0.01554	0.02288	0.01284	0.01524	0.00913	0.00661	0.00681	0.00222	0.01038	0.00552	0.00315	0.01027
36	0.02264	0.02721	0.01775	0.01619	0.01904	0.54651	0.01216	0.02442	0.01776	0.01745	0.01262	0.01661	0.01110	0.06148	0.03413	0.00255	0.06470	0.00526	0.06282	0.00760
37	0.76898	0.01345	0.01073	0.04149	0.01503	0.01565	0.00808	0.02039	0.01197	0.03071	0.00984	0.01166	0.00763	0.00650	0.00444	0.00217	0.00557	0.00389	0.00426	0.00757
38	0.00998	0.00744	0.01105	0.01105	0.01224	0.00863	0.00852	0.01236	0.01117	0.01608	0.01884	0.02823	0.01780	0.08390	0.69602	0.01101	0.01816	0.00760	0.00376	0.00614
39	0.02215	0.02504	0.01798	0.01628	0.02003	0.40763	0.01239	0.03201	0.32515	0.02253	0.01871	0.01864	0.01453	0.00822	0.00666	0.00205	0.00941	0.00602	0.00517	0.00942
40	0.01466	0.01409	0.02441	0.47728	0.25854	0.01597	0.05709	0.01922	0.01471	0.01966	0.01273	0.01819	0.00993	0.00667	0.00702	0.00225	0.00912	0.00632	0.00324	0.00890
41	0.00867	0.00661	0.00798	0.00865	0.00994	0.00591	0.00610	0.01046	0.01541	0.02006	0.17424	0.38898	0.27373	0.01903	0.00856	0.00255	0.00373	0.01676	0.00670	0.00591
42	0.01010	0.00692	0.00906	0.00918	0.01055	0.00637	0.00663	0.01258	0.01736	0.04854	0.42436	0.29933	0.07890	0.01688	0.00843	0.00243	0.00366	0.01505	0.00725	0.00642
43	0.00881	0.00634	0.00838	0.00968	0.01037	0.00591	0.00671	0.01039	0.01435	0.01922	0.11898	0.60780	0.07061	0.02068	0.00884	0.00276	0.00407	0.05365	0.00662	0.00583
44	0.80405	0.01350	0.01026	0.00918	0.01350	0.01565	0.00756	0.02051	0.01188	0.03131	0.00972	0.01134	0.00756	0.00648	0.00432	0.00216	0.00540	0.00378	0.00432	0.00756
45	0.02343	0.01781	0.01908	0.01531	0.02025	0.01986	0.01241	0.49550	0.19763	0.03912	0.02063	0.05202	0.01576	0.00925	0.00710	0.00220	0.00698	0.00729	0.00699	0.01138
46	0.01301	0.00650	0.00650	0.00650	0.00813	0.00650	0.00488	0.01626	0.01463	0.02602	0.02276	0.02602	0.01789	0.00813	0.00488	0.00163	0.00325	0.00650	0.79350	0.00650
47	0.01610	0.01332	0.01414	0.01278	0.01645	0.01487	0.00992	0.03174	0.54043	0.05169	0.05451	0.03362	0.13835	0.01096	0.00732	0.00235	0.00514	0.00914	0.00707	0.01008
48	0.02653	0.01955	0.02094	0.01606	0.02164	0.02164	0.01326	0.68796	0.03281	0.04398	0.01675	0.01675	0.01187	0.00838	0.00698	0.00209	0.00768	0.00628	0.00698	0.01187
49	0.01405	0.01314	0.02174	0.63469	0.04487	0.01593	0.05474	0.04211	0.05281	0.01960	0.01353	0.01897	0.01013	0.00710	0.00705	0.00232	0.00917	0.00641	0.00348	0.00817
50	0.00827	0.00697	0.00717	0.00733	0.00949	0.00587	0.00542	0.00999	0.01566	0.01875	0.06756	0.13344	0.64413	0.01808	0.00831	0.00240	0.00358	0.01522	0.00648	0.00587
51	0.03131	0.01188	0.01619	0.01242	0.01781	0.01026	0.01026	0.03401	0.01997	0.71606	0.02753	0.02375	0.01727	0.00864	0.00702	0.00216	0.00594	0.00702	0.00864	0.01188
52	0.01701	0.00985	0.01090	0.04952	0.01376	0.01034	0.00776	0.15433	0.01866	0.07596	0.02129	0.02356	0.01614	0.00815	0.00557	0.00180	0.00467	0.00648	0.53622	0.00803
53	0.01527	0.01527	0.02137	0.01832	0.01832	0.02137	0.01527	0.01679	0.01069	0.01679	0.00916	0.01527	0.00916	0.01221	0.02290	0.00305	0.74198	0.00611	0.00305	0.00763
54	0.00988	0.00713	0.00933	0.00878	0.01043	0.00658	0.00658	0.01317	0.01975	0.02798	0.70754	0.05213	0.06584	0.01427	0.00823	0.00219	0.00329	0.01262	0.00768	0.00658
55	0.00844	0.00654	0.00770	0.00855	0.00983	0.00579	0.00598	0.00996	0.01467	0.01860	0.07494	0.43344	0.33103	0.01981	0.00860	0.00261	0.00380	0.01740	0.00652	0.00579
56	0.02233	0.02150	0.16712	0.01620	0.02242	0.01871	0.01522	0.36023	0.16713	0.08848	0.01913	0.01881	0.01362	0.00826	0.00693	0.00218	0.00765	0.00644	0.00628	0.01137
57	0.03092	0.01251	0.01658	0.01271	0.01813	0.01119	0.01050	0.08772	0.02103	0.66086	0.02665	0.02318	0.01683	0.00862	0.00701	0.00215	0.00608	0.00696	0.00850	0.01188
58	0.01765	0.01458	0.01550	0.01388	0.01783	0.01666	0.01081	0.03602	0.64600	0.05841	0.02981	0.02735	0.04467	0.00971	0.00714	0.00236	0.00547	0.00809	0.00715	0.01090

[dist]
# distance from previous block
# <min> <max>
0	9

[block]
# block no. 6 follows, 30 sequences, length 43
# corresponding to MSA columns:
# 322-364
name=unknown_G
#
# <colnr> <probs for GDERKNQSTAVLIFYWHMCP>
#	G	D	E	R	K	N	Q	S	T	A	V	L	I	F	Y	W	H	M	C	P
0	0.01026	0.00782	0.01119	0.00999	0.01195	0.00723	0.04636	0.01371	0.01956	0.02765	0.66694	0.05018	0.06261	0.01378	0.00823	0.00220	0.00379	0.01236	0.00744	0.00675
1	0.01722	0.01671	0.02908	0.04205	0.67171	0.01664	0.06033	0.02147	0.01592	0.02277	0.01318	0.01736	0.01103	0.00620	0.00699	0.00209	0.00849	0.00634	0.00346	0.01096
2	0.80405	0.01350	0.01026	0.00918	0.01350	0.01565	0.00756	0.02051	0.01188	0.03131	0.00972	0.01134	0.00756	0.00648	0.00432	0.00216	0.00540	0.00378	0.00432	0.00756
3	0.01542	0.01678	0.03473	0.25504	0.04016	0.01696	0.47365	0.02091	0.01567	0.02091	0.01357	0.01875	0.01018	0.00623	0.00783	0.00234	0.01098	0.00759	0.00339	0.00888
4	0.80405	0.01350	0.01026	0.00918	0.01350	0.01565	0.00756	0.02051	0.01188	0.03131	0.00972	0.01134	0.00756	0.00648	0.00432	0.00216	0.00540	0.00378	0.00432	0.00756
5	0.00998	0.00742	0.01093	0.01093	0.01208	0.00857	0.00837	0.01228	0.01113	0.01599	0.01895	0.02884	0.01807	0.10731	0.67298	0.01087	0.01776	0.00769	0.00378	0.00607
6	0.02653	0.01955	0.02094	0.01606	0.02164	0.02164	0.01326	0.68796	0.03281	0.04398	0.01675	0.01675	0.01187	0.00838	0.00698	0.00209	0.00768	0.00628	0.00698	0.01187
7	0.00850	0.00607	0.00810	0.00972	0.01012	0.00567	0.00648	0.00972	0.01336	0.01781	0.03846	0.75020	0.04615	0.02186	0.00891	0.00283	0.00405	0.01984	0.00648	0.00567
8	0.02198	0.01404	0.01654	0.01232	0.01815	0.01263	0.01005	0.18906	0.02051	0.21346	0.01753	0.01752	0.01257	0.00690	0.00611	0.00160	0.00600	0.00544	0.00605	0.39153
9	0.05937	0.01193	0.01598	0.01230	0.01766	0.01045	0.01016	0.03352	0.01968	0.69120	0.02688	0.02330	0.01692	0.00856	0.00692	0.00216	0.00592	0.00690	0.00848	0.01172
10	0.01866	0.75896	0.03657	0.01194	0.01791	0.02761	0.01194	0.02090	0.01418	0.01642	0.00970	0.01119	0.00896	0.00597	0.00448	0.00149	0.00746	0.00373	0.00299	0.00896
11	0.00838	0.00707	0.00725	0.00721	0.00951	0.00595	0.00540	0.01027	0.01621	0.01958	0.12178	0.06595	0.65685	0.01740	0.00825	0.00234	0.00352	0.01456	0.00658	0.00595
12	0.01647	0.01882	0.04118	0.02941	0.03647	0.01765	0.68588	0.02235	0.01647	0.02235	0.01412	0.01882	0.01059	0.00588	0.00824	0.00235	0.01176	0.00824	0.00353	0.00941
13	0.01083	0.00875	0.01287	0.01237	0.01342	0.01078	0.00979	0.01317	0.01113	0.01630	0.01714	0.02543	0.01610	0.04580	0.61233	0.00988	0.13658	0.00725	0.00363	0.00646
14	0.01116	0.00743	0.00966	0.00893	0.01085	0.00678	0.00676	0.01434	0.01958	0.07122	0.63381	0.05105	0.09361	0.01407	0.00815	0.00220	0.00347	0.01237	0.00768	0.00689
15	0.01866	0.75896	0.03657	0.01194	0.01791	0.02761	0.01194	0.02090	0.01418	0.01642	0.00970	0.01119	0.00896	0.00597	0.00448	0.00149	0.00746	0.00373	0.00299	0.00896
16	0.03068	0.01288	0.01681	0.01289	0.01831	0.01174	0.01065	0.11939	0.02165	0.62831	0.02612	0.02284	0.01657	0.00860	0.00701	0.00215	0.00617	0.00692	0.00842	0.01187
