[name]
unknown

[dist]
# distance from previous block
# <min> <max>
3	21

[block]
# block no. 0 follows, 31 sequences, length 16
# corresponding to MSA columns:
# 21-36
name=unknown_A
#
# <colnr> <probs for GDERKNQSTAVLIFYWHMCP>
#	G	D	E	R	K	N	Q	S	T	A	V	L	I	F	Y	W	H	M	C	P
0	0.01662	0.01281	0.01339	0.05416	0.01659	0.08603	0.00934	0.02292	0.17586	0.10803	0.02245	0.10330	0.01944	0.06679	0.05461	0.00290	0.00687	0.00799	0.09050	0.10940
1	0.08762	0.01441	0.01548	0.08903	0.01952	0.04586	0.01063	0.24620	0.06605	0.06058	0.04534	0.02081	0.01521	0.05162	0.00785	0.00220	0.00650	0.00629	0.10025	0.08854
2	0.05952	0.01173	0.01379	0.01068	0.01544	0.01009	0.00846	0.01641	0.01359	0.02169	0.01478	0.10244	0.01406	0.00770	0.00697	0.00146	0.06976	0.00604	0.00425	0.59114
3	0.01045	0.00772	0.00922	0.00926	0.01071	0.00725	0.00640	0.05812	0.01453	0.01952	0.07359	0.37957	0.11032	0.16652	0.01341	0.00326	0.00475	0.01431	0.00581	0.07529
4	0.01122	0.00812	0.01000	0.01096	0.05394	0.00814	0.00676	0.06461	0.01330	0.01773	0.02720	0.21511	0.05853	0.41178	0.02234	0.00472	0.00600	0.03886	0.00503	0.00566
5	0.04339	0.01639	0.01779	0.01417	0.01880	0.01792	0.01144	0.47298	0.09943	0.08527	0.04441	0.04652	0.01673	0.05248	0.00852	0.00238	0.00680	0.00722	0.00675	0.01061
6	0.00979	0.00707	0.00860	0.00911	0.01011	0.00685	0.00650	0.02623	0.01358	0.01772	0.06286	0.21713	0.15115	0.26009	0.04251	0.00426	0.00571	0.12968	0.00559	0.00546
7	0.00943	0.00657	0.00779	0.00832	0.00875	0.00636	0.00531	0.01013	0.01172	0.01537	0.03134	0.23543	0.09632	0.44315	0.02365	0.00497	0.00561	0.05987	0.00509	0.00482
8	0.01534	0.01271	0.01587	0.04368	0.04633	0.03368	0.05738	0.04283	0.27372	0.06406	0.05393	0.10914	0.09198	0.04087	0.00894	0.00255	0.02399	0.04819	0.00605	0.00876
9	0.01531	0.01481	0.02493	0.07366	0.40945	0.01527	0.10012	0.02006	0.05825	0.02145	0.01979	0.05419	0.07596	0.00837	0.00819	0.00222	0.05670	0.00777	0.00397	0.00954
10	0.01474	0.01171	0.01299	0.01269	0.05777	0.02454	0.00913	0.15849	0.12938	0.02640	0.08522	0.07062	0.22597	0.04161	0.00842	0.00239	0.00528	0.03348	0.06097	0.00820
11	0.01604	0.01609	0.05824	0.01477	0.06184	0.06254	0.01165	0.06423	0.01530	0.02240	0.01190	0.01452	0.00993	0.00663	0.00812	0.00157	0.12011	0.00470	0.00393	0.47550
12	0.01446	0.01188	0.01282	0.06171	0.01576	0.06100	0.00903	0.13536	0.08709	0.02196	0.02628	0.10360	0.10056	0.16762	0.10875	0.03228	0.00811	0.00938	0.00516	0.00720
13	0.01496	0.01014	0.01241	0.04006	0.01476	0.00953	0.00823	0.10506	0.01702	0.07916	0.13416	0.12568	0.02598	0.04740	0.00981	0.07191	0.00518	0.00872	0.06034	0.19950
14	0.01407	0.01206	0.01469	0.10599	0.01825	0.06165	0.03716	0.09590	0.01530	0.02048	0.04729	0.16939	0.02264	0.17626	0.01532	0.00332	0.10296	0.00978	0.05062	0.00688
15	0.01165	0.00989	0.01340	0.01211	0.01386	0.01065	0.03662	0.02822	0.01344	0.01873	0.05134	0.18541	0.10281	0.09334	0.06377	0.00349	0.16483	0.05790	0.00487	0.10367

[dist]
# distance from previous block
# <min> <max>
5	38

[block]
# block no. 1 follows, 31 sequences, length 20
# corresponding to MSA columns:
# 82-101
name=unknown_B
#
# <colnr> <probs for GDERKNQSTAVLIFYWHMCP>
#	G	D	E	R	K	N	Q	S	T	A	V	L	I	F	Y	W	H	M	C	P
0	0.03992	0.01156	0.01442	0.09078	0.03598	0.04548	0.03608	0.05339	0.09775	0.07606	0.05443	0.03016	0.02017	0.19871	0.14252	0.00485	0.00909	0.02626	0.00492	0.00748
1	0.08791	0.06089	0.01829	0.12915	0.02218	0.16607	0.03338	0.07091	0.01614	0.04770	0.04479	0.01859	0.01328	0.04035	0.06813	0.00289	0.06104	0.00580	0.00415	0.08837
2	0.01448	0.03536	0.01687	0.16659	0.11095	0.03277	0.01226	0.06670	0.07223	0.02154	0.01815	0.10347	0.01671	0.06101	0.06003	0.00293	0.00761	0.00766	0.04166	0.13103
3	0.01037	0.00859	0.03237	0.09410	0.01408	0.00849	0.00773	0.01189	0.01197	0.01614	0.02790	0.11577	0.12081	0.35165	0.05793	0.00474	0.04394	0.01047	0.04558	0.00550
4	0.01985	0.01337	0.01521	0.01214	0.01645	0.01328	0.00956	0.26576	0.04776	0.12637	0.02011	0.08795	0.01717	0.09658	0.00984	0.00243	0.00611	0.00751	0.02853	0.18401
5	0.01183	0.00827	0.01091	0.03980	0.01403	0.00821	0.00922	0.05069	0.01674	0.04908	0.16296	0.14912	0.08388	0.05514	0.00998	0.00291	0.00542	0.29877	0.00641	0.00664
6	0.01883	0.16912	0.09591	0.01846	0.11787	0.19275	0.01422	0.02399	0.10634	0.05430	0.01876	0.01979	0.06989	0.00807	0.00701	0.00198	0.04334	0.00603	0.00422	0.00910
7	0.01565	0.01357	0.02294	0.23796	0.13428	0.01460	0.14219	0.04644	0.04807	0.07454	0.01816	0.12530	0.01610	0.00922	0.00820	0.00234	0.04879	0.00853	0.00440	0.00871
8	0.04771	0.01437	0.01810	0.12111	0.15524	0.03688	0.01325	0.16165	0.11556	0.06486	0.08553	0.02531	0.05344	0.04714	0.00834	0.00237	0.00689	0.00745	0.00545	0.00936
9	0.01686	0.01393	0.01630	0.16221	0.02284	0.08280	0.03831	0.05769	0.17781	0.09683	0.08057	0.07157	0.05704	0.04846	0.00855	0.00243	0.00692	0.00841	0.00561	0.02488
10	0.04893	0.01921	0.02118	0.05429	0.02147	0.18494	0.06784	0.08962	0.01548	0.02030	0.01113	0.01536	0.00966	0.01133	0.04804	0.00286	0.34084	0.00578	0.00364	0.00809
11	0.01258	0.00879	0.01064	0.01047	0.01166	0.03234	0.00741	0.01381	0.01311	0.09149	0.02804	0.38744	0.03126	0.17946	0.01529	0.00345	0.07656	0.01344	0.00556	0.04722
12	0.01686	0.01152	0.01239	0.01080	0.01384	0.01264	0.00853	0.20219	0.15218	0.02993	0.02141	0.02320	0.01655	0.01246	0.07575	0.00276	0.00624	0.00667	0.35545	0.00863
13	0.01920	0.01572	0.01576	0.01369	0.01762	0.06855	0.01073	0.16953	0.39038	0.06423	0.02660	0.05890	0.05486	0.00980	0.00695	0.00221	0.00615	0.00798	0.03097	0.01018
14	0.01669	0.01266	0.01353	0.01202	0.01495	0.04941	0.00927	0.23878	0.05488	0.05538	0.10962	0.20325	0.08597	0.05169	0.00905	0.00254	0.00583	0.03971	0.00650	0.00826
15	0.02471	0.01488	0.01666	0.01330	0.01830	0.05086	0.01074	0.15581	0.17529	0.32759	0.02277	0.02097	0.01568	0.00817	0.00666	0.00201	0.00631	0.00651	0.00710	0.09571
16	0.01838	0.01301	0.03542	0.01239	0.01569	0.04782	0.00977	0.12407	0.14108	0.17107	0.05798	0.24140	0.02703	0.04154	0.00852	0.00250	0.00583	0.01084	0.00670	0.00893
17	0.02013	0.01084	0.01314	0.01113	0.01444	0.01055	0.00860	0.15897	0.01939	0.26593	0.06331	0.15894	0.06223	0.10057	0.01055	0.00275	0.00555	0.01001	0.04414	0.00883
18	0.02276	0.01487	0.05225	0.04021	0.06478	0.06808	0.04880	0.02791	0.10621	0.35230	0.02485	0.09493	0.03167	0.00947	0.00708	0.00220	0.00683	0.00809	0.00658	0.01014
19	0.05895	0.06103	0.02496	0.07826	0.17144	0.01588	0.16450	0.02524	0.13901	0.12659	0.01739	0.01905	0.01297	0.00695	0.00675	0.00209	0.00778	0.00657	0.00482	0.04978

[dist]
# distance from previous block
# <min> <max>
4	23

[block]
# block no. 2 follows, 31 sequences, length 64
# corresponding to MSA columns:
# 125-188
name=unknown_C
#
# <colnr> <probs for GDERKNQSTAVLIFYWHMCP>
#	G	D	E	R	K	N	Q	S	T	A	V	L	I	F	Y	W	H	M	C	P
0	0.01788	0.01888	0.08971	0.02361	0.22827	0.10275	0.05662	0.07267	0.12935	0.04638	0.01747	0.04230	0.01463	0.04377	0.00818	0.00230	0.00809	0.02379	0.00459	0.04875
1	0.04817	0.00872	0.01077	0.01081	0.01247	0.00893	0.00827	0.08338	0.01655	0.02319	0.16218	0.32426	0.03997	0.03382	0.00938	0.00267	0.03351	0.13125	0.00629	0.02539
2	0.02387	0.01870	0.02004	0.08994	0.02356	0.05425	0.01344	0.53593	0.08810	0.03798	0.01670	0.01721	0.01205	0.00811	0.00682	0.00209	0.00774	0.00620	0.00631	0.01098
3	0.06926	0.02196	0.01932	0.18828	0.07623	0.31940	0.01443	0.08279	0.07141	0.05335	0.01363	0.01585	0.01049	0.00723	0.00640	0.00201	0.00960	0.00540	0.00422	0.00874
4	0.01567	0.01486	0.02522	0.21293	0.51994	0.01561	0.02005	0.01982	0.01512	0.02107	0.01377	0.02003	0.01173	0.00687	0.00691	0.00214	0.00829	0.03670	0.00344	0.00983
5	0.02581	0.01497	0.05204	0.05485	0.02053	0.01408	0.01206	0.22858	0.05354	0.38083	0.02280	0.05400	0.01597	0.00883	0.00694	0.00215	0.00663	0.00714	0.00724	0.01102
6	0.01727	0.01508	0.06490	0.23938	0.30608	0.01469	0.01807	0.02234	0.05445	0.12176	0.01657	0.02131	0.01295	0.00744	0.00692	0.00219	0.00797	0.03655	0.00432	0.00975
7	0.01617	0.01547	0.02639	0.17564	0.58922	0.01605	0.02062	0.02033	0.01522	0.02142	0.01273	0.01718	0.01051	0.00624	0.00679	0.00208	0.00832	0.00609	0.00332	0.01022
8	0.01669	0.01601	0.02733	0.08471	0.67608	0.01619	0.02087	0.02078	0.01546	0.02205	0.01283	0.01701	0.01073	0.00614	0.00678	0.00205	0.00819	0.00609	0.00337	0.01064
9	0.02799	0.04794	0.04222	0.01269	0.01793	0.04426	0.01081	0.06838	0.01983	0.55989	0.05813	0.02289	0.01795	0.00847	0.00678	0.00207	0.00631	0.00679	0.00765	0.01103
10	0.01366	0.01164	0.01775	0.47812	0.03487	0.01393	0.01526	0.04748	0.01450	0.04942	0.02042	0.02585	0.09690	0.06282	0.01023	0.00264	0.06568	0.00741	0.00393	0.00748
11	0.01320	0.01283	0.02364	0.36672	0.03551	0.01431	0.19648	0.01758	0.01401	0.01862	0.01533	0.02407	0.01300	0.01445	0.11960	0.00371	0.02799	0.05775	0.00350	0.00770
12	0.01512	0.20965	0.47387	0.01875	0.02744	0.01877	0.10352	0.02141	0.01452	0.02035	0.01180	0.01409	0.00890	0.00625	0.00618	0.00201	0.00961	0.00509	0.00297	0.00968
13	0.02600	0.01656	0.01865	0.01451	0.01962	0.01761	0.01189	0.49554	0.02801	0.20133	0.02025	0.06434	0.01499	0.00910	0.00697	0.00211	0.00690	0.00716	0.00720	0.01126
14	0.01419	0.01216	0.01419	0.01013	0.01621	0.00912	0.00811	0.01723	0.01419	0.02229	0.01216	0.01419	0.01013	0.00507	0.00507	0.00101	0.00507	0.00405	0.00405	0.80139
15	0.01470	0.03282	0.61743	0.02014	0.02967	0.01634	0.08676	0.06266	0.01568	0.02300	0.01268	0.01494	0.00901	0.00654	0.00667	0.00217	0.01009	0.00540	0.00318	0.01012
16	0.37622	0.01600	0.01416	0.01203	0.01628	0.08877	0.00972	0.18325	0.03648	0.09718	0.01516	0.01847	0.01202	0.03850	0.00687	0.00230	0.00670	0.03575	0.00536	0.00879
17	0.00915	0.00687	0.00851	0.00853	0.01014	0.00623	0.00636	0.01170	0.01731	0.02335	0.41595	0.15884	0.22469	0.01618	0.00824	0.00234	0.00356	0.04893	0.00700	0.00614
18	0.00843	0.00599	0.00791	0.00941	0.00978	0.00562	0.00623	0.00955	0.01292	0.01723	0.03680	0.71498	0.04410	0.06313	0.01021	0.00300	0.00412	0.01891	0.00623	0.00548
19	0.01375	0.01300	0.02250	0.30424	0.26990	0.01399	0.07759	0.01764	0.01445	0.01955	0.01721	0.15203	0.01640	0.00915	0.00727	0.00229	0.00806	0.00870	0.00380	0.00849
20	0.01450	0.01338	0.02084	0.14421	0.08930	0.01560	0.09671	0.07545	0.01480	0.02058	0.04830	0.04421	0.04352	0.05432	0.06983	0.00337	0.21153	0.00764	0.00399	0.00793
21	0.01672	0.01602	0.02773	0.03730	0.56261	0.01595	0.09910	0.05007	0.01623	0.02292	0.01465	0.06207	0.01291	0.00708	0.00705	0.00211	0.00825	0.00715	0.00373	0.01036
22	0.00833	0.00598	0.00791	0.00946	0.00991	0.00556	0.00632	0.00953	0.01316	0.01749	0.03854	0.73704	0.06277	0.02133	0.00872	0.00277	0.00396	0.01932	0.00635	0.00556
23	0.05803	0.56257	0.03013	0.01220	0.01734	0.13903	0.01132	0.02129	0.01470	0.01749	0.01046	0.01209	0.00925	0.00620	0.00469	0.00155	0.00778	0.00395	0.05150	0.00843
24	0.01374	0.01315	0.01867	0.06086	0.02126	0.09394	0.15831	0.01729	0.01619	0.02038	0.06038	0.08334	0.02925	0.01383	0.00851	0.00269	0.00804	0.34778	0.00523	0.00717
25	0.01275	0.00638	0.00638	0.00638	0.00797	0.00638	0.00478	0.01594	0.01435	0.02551	0.02232	0.02551	0.01754	0.00797	0.00478	0.00159	0.00319	0.00638	0.79755	0.00638
26	0.02601	0.01916	0.02053	0.01574	0.02122	0.02122	0.01300	0.69408	0.03217	0.04312	0.01643	0.01643	0.01163	0.00821	0.00684	0.00205	0.00753	0.00616	0.00684	0.01163
27	0.01575	0.01501	0.02533	0.18340	0.52158	0.01595	0.01984	0.01974	0.01479	0.02084	0.01276	0.01750	0.01065	0.00826	0.03555	0.00247	0.04129	0.00614	0.00331	0.00984
28	0.01609	0.11778	0.08937	0.12176	0.07187	0.05729	0.03579	0.05012	0.04436	0.01935	0.01191	0.01602	0.01012	0.01056	0.04493	0.00275	0.26227	0.00573	0.00343	0.00850
29	0.67690	0.01463	0.01174	0.04606	0.01583	0.05618	0.00865	0.06145	0.01343	0.03001	0.01014	0.01186	0.00783	0.00653	0.00463	0.00210	0.00602	0.00401	0.00429	0.00771
30	0.01982	0.41136	0.03048	0.01802	0.09635	0.21253	0.06255	0.02234	0.01561	0.01739	0.01046	0.01265	0.00914	0.00637	0.00592	0.00171	0.03085	0.00451	0.00318	0.00877
31	0.00993	0.00703	0.00901	0.00947	0.01069	0.00670	0.00673	0.01301	0.05771	0.04030	0.28024	0.42082	0.06717	0.01757	0.00832	0.00250	0.00383	0.01573	0.00687	0.00637
32	0.01141	0.01237	0.08807	0.01397	0.01747	0.00990	0.14576	0.01588	0.04834	0.02330	0.30434	0.13930	0.09692	0.03118	0.00862	0.00240	0.00590	0.01166	0.00587	0.00734
33	0.01433	0.03129	0.56202	0.02230	0.06213	0.01617	0.15218	0.02168	0.01482	0.02174	0.01260	0.01532	0.00909	0.00634	0.00681	0.00219	0.01029	0.00568	0.00302	0.00998
34	0.03070	0.01164	0.01588	0.01217	0.01746	0.01006	0.01006	0.03334	0.01958	0.72163	0.02699	0.02329	0.01694	0.00847	0.00688	0.00212	0.00582	0.00688	0.00847	0.01164
35	0.00832	0.00600	0.00789	0.00940	0.00989	0.00557	0.00629	0.00954	0.01322	0.01751	0.03926	0.72113	0.07821	0.02123	0.00870	0.00276	0.00394	0.01920	0.00635	0.00557
36	0.01454	0.01526	0.05423	0.38411	0.03521	0.06423	0.12940	0.01881	0.01429	0.01921	0.01323	0.01824	0.01027	0.00729	0.00825	0.00223	0.08018	0.00628	0.09689	0.00785
37	0.00880	0.00666	0.00882	0.00999	0.01046	0.00668	0.00691	0.01004	0.01305	0.01745	0.03742	0.66299	0.08034	0.02052	0.00968	0.00277	0.05741	0.01820	0.00611	0.00571
38	0.00977	0.00733	0.01100	0.01100	0.01222	0.00855	0.00855	0.01222	0.01100	0.01588	0.01833	0.02688	0.01710	0.05131	0.73245	0.01100	0.01833	0.00733	0.00367	0.00611
39	0.01842	0.54127	0.15531	0.01384	0.02015	0.11553	0.01430	0.02157	0.01470	0.01716	0.01014	0.01176	0.00876	0.00612	0.00499	0.00163	0.00845	0.00400	0.00300	0.00891
40	0.01475	0.08841	0.63340	0.01871	0.02824	0.01702	0.02358	0.05956	0.01540	0.02247	0.01231	0.01430	0.00884	0.00655	0.00636	0.00211	0.00976	0.00501	0.00312	0.01010
41	0.05596	0.01200	0.01588	0.01221	0.01748	0.01068	0.01009	0.05990	0.01984	0.67128	0.02599	0.02261	0.01641	0.00839	0.00679	0.00211	0.00587	0.00675	0.00826	0.01150
42	0.01366	0.01281	0.02139	0.45589	0.24626	0.01455	0.01827	0.01775	0.01430	0.01900	0.01627	0.06469	0.04065	0.00793	0.00699	0.00224	0.00827	0.00724	0.00348	0.00838
43	0.01564	0.01320	0.04231	0.10657	0.13286	0.01307	0.03017	0.14790	0.05703	0.05712	0.06052	0.17576	0.09560	0.01161	0.00744	0.00229	0.00645	0.01017	0.00555	0.00873
44	0.02223	0.10155	0.01991	0.05126	0.02074	0.45664	0.01252	0.10213	0.01931	0.01989	0.01441	0.10011	0.01343	0.00874	0.00640	0.00191	0.01012	0.00638	0.00416	0.00816
45	0.55425	0.01857	0.01316	0.01166	0.01580	0.19787	0.00928	0.06924	0.01505	0.02802	0.01028	0.01180	0.00806	0.00666	0.00491	0.00202	0.00724	0.00406	0.00424	0.00784
46	0.00925	0.00692	0.00858	0.00828	0.00998	0.00625	0.00617	0.01202	0.01816	0.02486	0.53043	0.09421	0.20938	0.01516	0.00811	0.00222	0.00332	0.01324	0.00720	0.00625
47	0.01607	0.01474	0.02319	0.05321	0.02408	0.01416	0.22699	0.11182	0.09134	0.02565	0.07107	0.04883	0.01715	0.00759	0.00693	0.00193	0.00751	0.00736	0.00487	0.22552
48	0.00834	0.00595	0.00794	0.00953	0.00992	0.00556	0.00635	0.00953	0.01310	0.01746	0.03771	0.75510	0.04525	0.02143	0.00873	0.00278	0.00397	0.01945	0.00635	0.00556
49	0.02449	0.02438	0.01905	0.01673	0.04296	0.36416	0.01269	0.26917	0.02367	0.06138	0.01762	0.01819	0.05874	0.00822	0.00660	0.00193	0.00952	0.00591	0.00517	0.00941
50	0.01115	0.01014	0.01780	0.01482	0.01750	0.00968	0.19883	0.01427	0.01586	0.02169	0.23190	0.27465	0.07768	0.01427	0.00881	0.00244	0.03243	0.01340	0.00577	0.00693
51	0.01420	0.07191	0.16193	0.01733	0.02036	0.01822	0.05402	0.01743	0.01192	0.01769	0.01143	0.01666	0.01027	0.01631	0.12938	0.00394	0.38996	0.00596	0.00310	0.00798
52	0.01497	0.01497	0.02095	0.01796	0.01796	0.02095	0.01497	0.01646	0.01048	0.01646	0.00898	0.01497	0.00898	0.01197	0.02245	0.00299	0.74704	0.00599	0.00299	0.00748
53	0.00977	0.00733	0.01100	0.01100	0.01222	0.00855	0.00855	0.01222	0.01100	0.01588	0.01833	0.02688	0.01710	0.05131	0.73245	0.01100	0.01833	0.00733	0.00367	0.00611
54	0.02557	0.03221	0.01942	0.01757	0.02115	0.71134	0.01321	0.04679	0.01976	0.01751	0.01075	0.01246	0.00889	0.00708	0.00619	0.00177	0.01220	0.00446	0.00362	0.00804
55	0.01142	0.00913	0.01346	0.01639	0.16770	0.00876	0.01010	0.01482	0.01820	0.02568	0.49653	0.04586	0.05034	0.01267	0.00791	0.00222	0.00459	0.07032	0.00650	0.00742
56	0.00842	0.00607	0.00800	0.00952	0.01004	0.00565	0.00647	0.00971	0.01331	0.01762	0.03909	0.69956	0.07539	0.02116	0.00873	0.00277	0.00403	0.04253	0.00635	0.00559
57	0.00834	0.00595	0.00794	0.00953	0.00992	0.00556	0.00635	0.00953	0.01310	0.01746	0.03771	0.75510	0.04525	0.02143	0.00873	0.00278	0.00397	0.01945	0.00635	0.00556
58	0.00977	0.00733	0.01100	0.01100	0.01222	0.00855	0.00855	0.01222	0.01100	0.01588	0.01833	0.02688	0.01710	0.05131	0.73245	0.01100	0.01833	0.00733	0.00367	0.00611
59	0.00853	0.00611	0.00812	0.00939	0.00997	0.00569	0.00637	0.01002	0.01402	0.01893	0.13707	0.65156	0.04809	0.02034	0.00863	0.00269	0.00386	0.01841	0.00652	0.00569
60	0.01275	0.00638	0.00638	0.00638	0.00797	0.00638	0.00478	0.01594	0.01435	0.02551	0.02232	0.02551	0.01754	0.00797	0.00478	0.00159	0.00319	0.00638	0.79755	0.00638
61	0.02574	0.01802	0.01954	0.01505	0.02033	0.01971	0.01241	0.61421	0.03042	0.09225	0.01747	0.01735	0.01230	0.00822	0.00675	0.00204	0.00720	0.00622	0.04337	0.01139
62	0.03561	0.01176	0.01387	0.06532	0.01711	0.01226	0.00968	0.23599	0.02079	0.07823	0.11283	0.19198	0.04989	0.01198	0.00719	0.00218	0.00555	0.01017	0.06261	0.04499
63	0.14295	0.04029	0.12270	0.01643	0.03895	0.07107	0.07426	0.22932	0.03918	0.10263	0.01503	0.01592	0.01087	0.00717	0.00631	0.00203	0.00794	0.00561	0.00517	0.04617

[dist]
# distance from previous block
# <min> <max>
4	19

[block]
# block no. 3 follows, 31 sequences, length 15
# corresponding to MSA columns:
# 208-222
name=unknown_D
#
# <colnr> <probs for GDERKNQSTAVLIFYWHMCP>
#	G	D	E	R	K	N	Q	S	T	A	V	L	I	F	Y	W	H	M	C	P
0	0.53035	0.01332	0.01283	0.01092	0.01509	0.01486	0.03362	0.10901	0.01554	0.06301	0.06232	0.01798	0.01385	0.00922	0.03185	0.00247	0.00620	0.02446	0.00502	0.00808
1	0.00945	0.00650	0.00835	0.00938	0.01032	0.00603	0.00655	0.01088	0.01366	0.04639	0.04052	0.53969	0.13989	0.04852	0.03598	0.00314	0.00470	0.04795	0.00626	0.00584
2	0.04374	0.06643	0.26340	0.05912	0.23503	0.01761	0.04756	0.14156	0.01787	0.02551	0.01300	0.01558	0.00991	0.00663	0.00653	0.00207	0.00874	0.00561	0.00382	0.01028
3	0.01412	0.01338	0.02268	0.53380	0.24708	0.01551	0.01960	0.01853	0.01425	0.01893	0.01237	0.01785	0.00963	0.00662	0.00682	0.00221	0.00882	0.00608	0.00314	0.00857
4	0.80789	0.01323	0.01006	0.00900	0.01323	0.01535	0.00741	0.02011	0.01164	0.03070	0.00953	0.01111	0.00741	0.00635	0.00423	0.00212	0.00529	0.00370	0.00423	0.00741
5	0.00983	0.00658	0.00750	0.00761	0.00764	0.00656	0.00430	0.00992	0.01017	0.01356	0.02270	0.09505	0.02631	0.70731	0.03297	0.00636	0.00644	0.01062	0.00430	0.00425
6	0.01566	0.11045	0.53599	0.01796	0.02672	0.01625	0.04505	0.02219	0.01487	0.08488	0.01427	0.04089	0.01077	0.00711	0.00644	0.00211	0.00925	0.00568	0.00354	0.00992
7	0.00811	0.00684	0.00702	0.00717	0.00930	0.00576	0.00530	0.00979	0.01537	0.01839	0.06642	0.12882	0.65300	0.01770	0.00814	0.00235	0.00351	0.01490	0.00635	0.00576
8	0.00992	0.00675	0.00805	0.00805	0.00826	0.00695	0.00488	0.01033	0.01012	0.01370	0.02102	0.04178	0.02357	0.64105	0.15156	0.00736	0.00859	0.00951	0.00407	0.00447
9	0.01604	0.01716	0.05921	0.12899	0.39961	0.01641	0.21921	0.02083	0.01545	0.02156	0.01304	0.01745	0.01039	0.00611	0.00715	0.00215	0.00935	0.00664	0.00334	0.00991
10	0.01566	0.01928	0.10025	0.09765	0.07294	0.01691	0.53004	0.02141	0.01572	0.02149	0.01348	0.01799	0.01013	0.00596	0.00774	0.00228	0.01099	0.00750	0.00336	0.00924
11	0.01102	0.00787	0.01102	0.01260	0.01417	0.00787	0.01102	0.01417	0.01575	0.02047	0.03622	0.07717	0.03937	0.01890	0.00945	0.00315	0.00630	0.67084	0.00630	0.00630
12	0.27194	0.01088	0.04870	0.03993	0.01388	0.01014	0.00818	0.01574	0.01465	0.05694	0.14488	0.12752	0.18798	0.01226	0.00671	0.00226	0.00480	0.01001	0.00562	0.00698
13	0.05552	0.04194	0.03549	0.01024	0.01314	0.03829	0.00833	0.05367	0.07950	0.04425	0.29401	0.07229	0.18216	0.01298	0.00746	0.00220	0.00477	0.02987	0.00646	0.00742
14	0.13486	0.49209	0.05266	0.01269	0.01801	0.15701	0.01183	0.02175	0.01462	0.01854	0.00981	0.01137	0.00858	0.00617	0.00477	0.00164	0.00806	0.00385	0.00323	0.00847

[dist]
# distance from previous block
# <min> <max>
0	4

[block]
# block no. 4 follows, 31 sequences, length 33
# corresponding to MSA columns:
# 227-259
name=unknown_E
#
# <colnr> <probs for GDERKNQSTAVLIFYWHMCP>
#	G	D	E	R	K	N	Q	S	T	A	V	L	I	F	Y	W	H	M	C	P
0	0.16795	0.01833	0.07508	0.06880	0.39506	0.07424	0.06226	0.02126	0.01499	0.02315	0.01203	0.01544	0.00974	0.00627	0.00631	0.00207	0.00835	0.00556	0.00351	0.00961
1	0.00954	0.00699	0.00895	0.00846	0.01013	0.00640	0.00634	0.01264	0.01903	0.02665	0.65651	0.05240	0.12181	0.01428	0.00807	0.00217	0.00325	0.01255	0.00743	0.00640
2	0.01852	0.03325	0.10810	0.01383	0.01872	0.01252	0.06755	0.13869	0.02043	0.17879	0.25168	0.02925	0.02994	0.00961	0.00719	0.00208	0.00628	0.00828	0.00644	0.03884
3	0.01419	0.01216	0.01419	0.01013	0.01621	0.00912	0.00811	0.01723	0.01419	0.02229	0.01216	0.01419	0.01013	0.00507	0.00507	0.00101	0.00507	0.00405	0.00405	0.80139
4	0.02558	0.03204	0.01944	0.01755	0.02115	0.70194	0.01321	0.05560	0.01993	0.01786	0.01082	0.01251	0.00893	0.00710	0.00620	0.00177	0.01213	0.00448	0.00367	0.00809
5	0.01372	0.03539	0.72412	0.01950	0.02961	0.01589	0.02528	0.02167	0.01444	0.02167	0.01228	0.01444	0.00867	0.00650	0.00650	0.00217	0.01011	0.00506	0.00289	0.01011
6	0.02940	0.01193	0.01584	0.01234	0.01750	0.01071	0.01013	0.03363	0.08423	0.65621	0.02707	0.02350	0.01731	0.00854	0.00689	0.00214	0.00578	0.00696	0.00833	0.01157
7	0.01822	0.01470	0.01571	0.01389	0.01791	0.01677	0.01087	0.06385	0.63476	0.07119	0.02731	0.02501	0.02026	0.00919	0.00695	0.00230	0.00553	0.00762	0.00705	0.01091
8	0.00995	0.00663	0.00746	0.00746	0.00746	0.00663	0.00415	0.00995	0.00995	0.01327	0.02156	0.04477	0.02487	0.75957	0.03482	0.00663	0.00663	0.00995	0.00415	0.00415
9	0.01702	0.01470	0.01547	0.01392	0.01779	0.01702	0.01083	0.03635	0.70453	0.02862	0.02785	0.02553	0.02088	0.00928	0.00696	0.00232	0.00541	0.00773	0.00696	0.01083
10	0.02547	0.02440	0.01987	0.01643	0.02105	0.30713	0.01300	0.39991	0.05345	0.03193	0.01452	0.01514	0.01086	0.00779	0.00658	0.00195	0.00938	0.00552	0.00551	0.01011
11	0.10884	0.00998	0.01269	0.01108	0.01465	0.00931	0.00895	0.02361	0.01732	0.37115	0.11576	0.12714	0.02864	0.01201	0.00732	0.00234	0.00525	0.09762	0.00731	0.00901
12	0.03042	0.01208	0.01615	0.01238	0.01768	0.01071	0.01023	0.07183	0.02031	0.68210	0.02638	0.02289	0.01663	0.00845	0.00688	0.00211	0.00592	0.00684	0.00837	0.01164
13	0.01292	0.01216	0.02052	0.74312	0.04712	0.01520	0.01900	0.01748	0.01368	0.01748	0.01216	0.01824	0.00912	0.00684	0.00684	0.00228	0.00912	0.00608	0.00304	0.00760
14	0.00836	0.00609	0.00789	0.00924	0.00987	0.00561	0.00624	0.00968	0.01357	0.01793	0.06585	0.66186	0.11110	0.02076	0.00864	0.00271	0.00389	0.01870	0.00639	0.00561
15	0.02954	0.01141	0.01561	0.01211	0.01718	0.00997	0.00997	0.03218	0.01911	0.68275	0.02651	0.02348	0.01694	0.01083	0.04685	0.00261	0.00651	0.00690	0.00820	0.01134
16	0.05247	0.01028	0.01217	0.01043	0.01370	0.03898	0.00819	0.02223	0.03676	0.29637	0.29300	0.06584	0.06190	0.01134	0.00725	0.00214	0.00480	0.00959	0.03391	0.00863
17	0.03001	0.01144	0.01551	0.01195	0.01710	0.00991	0.00985	0.03268	0.01938	0.69502	0.02681	0.02337	0.01696	0.00845	0.00680	0.00210	0.00572	0.00686	0.03863	0.01144
18	0.01538	0.01337	0.02167	0.14507	0.38859	0.01387	0.01738	0.04171	0.01588	0.04133	0.01924	0.06128	0.01822	0.00970	0.00743	0.00234	0.00764	0.14639	0.00433	0.00919
19	0.01581	0.16924	0.41183	0.02132	0.10240	0.01803	0.10105	0.02179	0.01484	0.04448	0.01250	0.01483	0.00941	0.00631	0.00633	0.00203	0.00939	0.00532	0.00321	0.00988
20	0.01829	0.76368	0.03585	0.01171	0.01756	0.02707	0.01171	0.02049	0.01390	0.01610	0.00951	0.01097	0.00878	0.00585	0.00439	0.00146	0.00732	0.00366	0.00293	0.00878
21	0.01383	0.01178	0.01381	0.01010	0.01583	0.00890	0.00800	0.01676	0.01412	0.02200	0.01371	0.05905	0.01226	0.00606	0.00529	0.00112	0.00500	0.00499	0.00419	0.75320
22	0.01452	0.16884	0.55574	0.06021	0.02840	0.01792	0.02240	0.02120	0.01430	0.02039	0.01176	0.01402	0.00871	0.00640	0.00613	0.00204	0.00954	0.00486	0.00290	0.00972
23	0.01060	0.00757	0.01054	0.01211	0.01350	0.00751	0.01029	0.01344	0.01533	0.02000	0.03646	0.18435	0.04030	0.01930	0.00934	0.00309	0.00593	0.56785	0.00631	0.00618
24	0.03070	0.01164	0.01588	0.01217	0.01746	0.01006	0.01006	0.03334	0.01958	0.72163	0.02699	0.02329	0.01694	0.00847	0.00688	0.00212	0.00582	0.00688	0.00847	0.01164
25	0.00995	0.00663	0.00746	0.00746	0.00746	0.00663	0.00415	0.00995	0.00995	0.01327	0.02156	0.04477	0.02487	0.75957	0.03482	0.00663	0.00663	0.00995	0.00415	0.00415
26	0.04450	0.47702	0.18719	0.01439	0.02092	0.04707	0.03444	0.04939	0.01487	0.01918	0.01057	0.01236	0.00888	0.00632	0.00563	0.00174	0.02897	0.00430	0.00317	0.00910
27	0.00862	0.00622	0.00823	0.00973	0.01036	0.00583	0.00681	0.01006	0.01352	0.01785	0.03921	0.64345	0.07984	0.02094	0.00878	0.00280	0.00420	0.09156	0.00635	0.00565
28	0.00946	0.00687	0.00892	0.00865	0.01015	0.00632	0.00640	0.01239	0.01848	0.02591	0.60850	0.13585	0.08643	0.01500	0.00815	0.00223	0.00333	0.01330	0.00735	0.00632
29	0.01689	0.01638	0.02846	0.04127	0.67937	0.01631	0.05796	0.02105	0.01561	0.02233	0.01292	0.01702	0.01081	0.00608	0.00684	0.00205	0.00832	0.00620	0.00339	0.01075
30	0.01632	0.01796	0.03756	0.03177	0.18771	0.01707	0.54234	0.02171	0.01602	0.02201	0.01362	0.01811	0.01048	0.00584	0.00778	0.00225	0.01077	0.00763	0.00344	0.00959
31	0.01102	0.00787	0.01102	0.01260	0.01417	0.00787	0.01102	0.01417	0.01575	0.02047	0.03622	0.07717	0.03937	0.01890	0.00945	0.00315	0.00630	0.67084	0.00630	0.00630
32	0.01677	0.01707	0.05704	0.03885	0.61843	0.01633	0.04882	0.02196	0.05569	0.02267	0.01376	0.01739	0.01131	0.00628	0.00683	0.00207	0.00820	0.00623	0.00358	0.01074

[dist]
# distance from previous block
# <min> <max>
0	1

[block]
# block no. 5 follows, 31 sequences, length 173
# corresponding to MSA columns:
# 261-433
name=unknown_F
#
# <colnr> <probs for GDERKNQSTAVLIFYWHMCP>
#	G	D	E	R	K	N	Q	S	T	A	V	L	I	F	Y	W	H	M	C	P
0	0.17983	0.05154	0.04702	0.01314	0.01782	0.11073	0.01107	0.22077	0.04825	0.12748	0.04342	0.01779	0.01375	0.00780	0.00603	0.00200	0.00703	0.00570	0.05933	0.00952
1	0.01183	0.00790	0.00956	0.00915	0.01005	0.00829	0.00624	0.05121	0.01297	0.04268	0.06807	0.10839	0.02638	0.39988	0.10329	0.00549	0.03910	0.00999	0.06385	0.00566
2	0.64225	0.03891	0.03566	0.01034	0.01467	0.03989	0.00885	0.02113	0.01254	0.07462	0.01079	0.01224	0.00825	0.00676	0.00538	0.00213	0.03932	0.00409	0.00435	0.00784
3	0.00834	0.00690	0.00731	0.00730	0.00942	0.00587	0.00544	0.01028	0.01606	0.01980	0.16596	0.09290	0.58683	0.01699	0.00811	0.00231	0.00345	0.01434	0.00653	0.00587
4	0.01611	0.01398	0.06897	0.01387	0.01912	0.01113	0.10521	0.07163	0.01695	0.10367	0.09345	0.10061	0.02069	0.00865	0.00666	0.00180	0.00630	0.00775	0.00524	0.30822
5	0.01419	0.01216	0.01419	0.01013	0.01621	0.00912	0.00811	0.01723	0.01419	0.02229	0.01216	0.01419	0.01013	0.00507	0.00507	0.00101	0.00507	0.00405	0.00405	0.80139
6	0.01573	0.01503	0.02560	0.25226	0.51603	0.01594	0.02040	0.01994	0.01501	0.02089	0.01266	0.01732	0.01032	0.00632	0.00679	0.00211	0.00843	0.00609	0.00328	0.00987
7	0.00834	0.00595	0.00794	0.00953	0.00992	0.00556	0.00635	0.00953	0.01310	0.01746	0.03771	0.75510	0.04525	0.02143	0.00873	0.00278	0.00397	0.01945	0.00635	0.00556
8	0.01292	0.01216	0.02052	0.74312	0.04712	0.01520	0.01900	0.01748	0.01368	0.01748	0.01216	0.01824	0.00912	0.00684	0.00684	0.00228	0.00912	0.00608	0.00304	0.00760
9	0.02601	0.01916	0.02053	0.01574	0.02122	0.02122	0.01300	0.69408	0.03217	0.04312	0.01643	0.01643	0.01163	0.00821	0.00684	0.00205	0.00753	0.00616	0.00684	0.01163
10	0.00977	0.00733	0.01100	0.01100	0.01222	0.00855	0.00855	0.01222	0.01100	0.01588	0.01833	0.02688	0.01710	0.05131	0.73245	0.01100	0.01833	0.00733	0.00367	0.00611
11	0.72089	0.01443	0.05736	0.00968	0.01419	0.01500	0.00855	0.01990	0.01216	0.02996	0.03999	0.01306	0.00995	0.00669	0.00455	0.00212	0.00552	0.00417	0.00429	0.00755
12	0.01419	0.01216	0.01419	0.01013	0.01621	0.00912	0.00811	0.01723	0.01419	0.02229	0.01216	0.01419	0.01013	0.00507	0.00507	0.00101	0.00507	0.00405	0.00405	0.80139
13	0.03018	0.01166	0.01582	0.01211	0.01743	0.01003	0.00999	0.03284	0.01941	0.69966	0.02652	0.02300	0.01672	0.00836	0.00682	0.00208	0.00580	0.00679	0.00833	0.03645
14	0.00834	0.00595	0.00794	0.00953	0.00992	0.00556	0.00635	0.00953	0.01310	0.01746	0.03771	0.75510	0.04525	0.02143	0.00873	0.00278	0.00397	0.01945	0.00635	0.00556
15	0.01057	0.00720	0.00832	0.00816	0.00851	0.00737	0.00495	0.03955	0.01110	0.01490	0.02164	0.06671	0.02440	0.64660	0.08700	0.00664	0.00749	0.00991	0.00430	0.00467
16	0.80789	0.01323	0.01006	0.00900	0.01323	0.01535	0.00741	0.02011	0.01164	0.03070	0.00953	0.01111	0.00741	0.00635	0.00423	0.00212	0.00529	0.00370	0.00423	0.00741
17	0.00995	0.00663	0.00746	0.00746	0.00746	0.00663	0.00415	0.00995	0.00995	0.01327	0.02156	0.04477	0.02487	0.75957	0.03482	0.00663	0.00663	0.00995	0.00415	0.00415
18	0.01275	0.00638	0.00638	0.00638	0.00797	0.00638	0.00478	0.01594	0.01435	0.02551	0.02232	0.02551	0.01754	0.00797	0.00478	0.00159	0.00319	0.00638	0.79755	0.00638
19	0.01665	0.07234	0.17126	0.16193	0.32011	0.04578	0.01995	0.07209	0.01629	0.02223	0.01256	0.01602	0.00990	0.00650	0.00654	0.00206	0.00879	0.00564	0.00346	0.00989
20	0.01611	0.01653	0.05342	0.16335	0.52302	0.04084	0.02006	0.02024	0.01525	0.02110	0.01346	0.04122	0.01151	0.00678	0.00682	0.00210	0.00839	0.00643	0.00341	0.00996
21	0.71021	0.01299	0.01108	0.03620	0.04419	0.01494	0.00835	0.01958	0.01195	0.02928	0.01103	0.04524	0.00933	0.00704	0.00464	0.00215	0.00549	0.00460	0.00425	0.00748
22	0.01615	0.27176	0.07097	0.01352	0.01751	0.14074	0.01251	0.01904	0.01566	0.01837	0.02173	0.03867	0.03683	0.01149	0.00692	0.00225	0.00790	0.26587	0.00443	0.00768
23	0.02950	0.01177	0.01579	0.01214	0.01742	0.01024	0.00999	0.03271	0.04191	0.66718	0.02635	0.02295	0.01676	0.00834	0.00680	0.00207	0.00577	0.00678	0.00822	0.04731
24	0.03836	0.51328	0.20263	0.01346	0.02016	0.02273	0.01469	0.02097	0.01436	0.04313	0.03404	0.01359	0.01084	0.00639	0.00511	0.00170	0.00776	0.00440	0.00330	0.00909
25	0.07951	0.01601	0.05487	0.17967	0.49580	0.01595	0.01969	0.02025	0.01483	0.02201	0.01243	0.01662	0.01012	0.00628	0.00657	0.00209	0.00819	0.00586	0.00336	0.00988
26	0.05658	0.01170	0.01568	0.01207	0.01732	0.01023	0.00997	0.03290	0.01932	0.69862	0.02641	0.02288	0.01662	0.00840	0.00679	0.00212	0.00580	0.00677	0.00833	0.01150
27	0.00977	0.00733	0.01100	0.01100	0.01222	0.00855	0.00855	0.01222	0.01100	0.01588	0.01833	0.02688	0.01710	0.05131	0.73245	0.01100	0.01833	0.00733	0.00367	0.00611
28	0.01403	0.03200	0.62923	0.01939	0.05204	0.01503	0.02338	0.02122	0.01456	0.04410	0.01446	0.06392	0.01144	0.00754	0.00667	0.00220	0.00949	0.00611	0.00332	0.00988
29	0.00964	0.00696	0.00910	0.00864	0.01021	0.00643	0.00645	0.01280	0.01916	0.02710	0.69078	0.07455	0.06391	0.01423	0.00809	0.00217	0.00325	0.01261	0.00749	0.00643
30	0.01829	0.76368	0.03585	0.01171	0.01756	0.02707	0.01171	0.02049	0.01390	0.01610	0.00951	0.01097	0.00878	0.00585	0.00439	0.00146	0.00732	0.00366	0.00293	0.00878
31	0.02586	0.01221	0.03824	0.01202	0.01674	0.01058	0.01005	0.08736	0.02008	0.51008	0.12240	0.02725	0.02327	0.04150	0.00824	0.00231	0.00578	0.00767	0.00782	0.01054
32	0.01512	0.14031	0.02269	0.01637	0.01745	0.02102	0.01392	0.01681	0.01109	0.01636	0.00980	0.01522	0.00958	0.01400	0.07451	0.00336	0.56607	0.00570	0.00303	0.00760
33	0.01102	0.00787	0.01102	0.01260	0.01417	0.00787	0.01102	0.01417	0.01575	0.02047	0.03622	0.07717	0.03937	0.01890	0.00945	0.00315	0.00630	0.67084	0.00630	0.00630
34	0.15889	0.00893	0.01014	0.04057	0.01315	0.00879	0.00744	0.01625	0.01595	0.12097	0.21313	0.09444	0.19268	0.03876	0.00817	0.00242	0.00455	0.03134	0.00635	0.00709
35	0.01573	0.11938	0.55856	0.01890	0.05474	0.01677	0.02229	0.02242	0.01483	0.07618	0.01313	0.01483	0.00942	0.00656	0.00629	0.00207	0.00936	0.00507	0.00335	0.01010
36	0.02391	0.01845	0.01839	0.01457	0.01924	0.08024	0.01179	0.53662	0.02827	0.03776	0.01676	0.01818	0.01255	0.03817	0.00769	0.00216	0.00744	0.00618	0.09117	0.01045
37	0.63725	0.03683	0.09135	0.01142	0.03726	0.01553	0.01007	0.02092	0.01250	0.06025	0.01073	0.01221	0.00813	0.00644	0.00469	0.00210	0.00600	0.00407	0.00421	0.00805
38	0.00948	0.00692	0.00892	0.00856	0.01014	0.00635	0.00636	0.01247	0.01868	0.02615	0.62404	0.10058	0.10629	0.01472	0.00812	0.00221	0.00329	0.01300	0.00737	0.00635
39	0.01188	0.00915	0.04236	0.01026	0.01259	0.00791	0.00839	0.01601	0.06417	0.07772	0.36554	0.13351	0.09595	0.01469	0.00810	0.00238	0.00440	0.10089	0.00697	0.00714
40	0.02417	0.01185	0.01521	0.01137	0.01697	0.00969	0.00929	0.02697	0.01745	0.44530	0.02113	0.01969	0.01425	0.00712	0.00616	0.00168	0.00552	0.00576	0.00672	0.32369
41	0.01372	0.03539	0.72412	0.01950	0.02961	0.01589	0.02528	0.02167	0.01444	0.02167	0.01228	0.01444	0.00867	0.00650	0.00650	0.00217	0.01011	0.00506	0.00289	0.01011
42	0.01372	0.03539	0.72412	0.01950	0.02961	0.01589	0.02528	0.02167	0.01444	0.02167	0.01228	0.01444	0.00867	0.00650	0.00650	0.00217	0.01011	0.00506	0.00289	0.01011
43	0.01899	0.07041	0.01689	0.03600	0.01806	0.04236	0.00966	0.04443	0.04584	0.17217	0.01588	0.01651	0.01191	0.00628	0.00565	0.00145	0.00594	0.00494	0.00507	0.45154
44	0.01372	0.03539	0.72412	0.01950	0.02961	0.01589	0.02528	0.02167	0.01444	0.02167	0.01228	0.01444	0.00867	0.00650	0.00650	0.00217	0.01011	0.00506	0.00289	0.01011
45	0.00831	0.00606	0.00782	0.00923	0.00985	0.00558	0.00622	0.00956	0.01338	0.01758	0.04127	0.67735	0.12070	0.02097	0.00866	0.00273	0.00391	0.01888	0.00635	0.00558
46	0.02474	0.01707	0.01899	0.04574	0.02109	0.01866	0.01241	0.49505	0.09559	0.12634	0.01890	0.01856	0.01330	0.00828	0.00680	0.00208	0.00703	0.00641	0.03173	0.01122
47	0.02985	0.01148	0.01567	0.01219	0.01732	0.00996	0.01010	0.03252	0.01942	0.69145	0.02739	0.02560	0.01790	0.00892	0.00699	0.00216	0.00584	0.03545	0.00837	0.01141
48	0.00836	0.00602	0.00794	0.00941	0.00991	0.00559	0.00631	0.00963	0.01336	0.01778	0.05776	0.71215	0.06826	0.02109	0.00869	0.00275	0.00393	0.01908	0.00638	0.00559
49	0.00834	0.00595	0.00794	0.00953	0.00992	0.00556	0.00635	0.00953	0.01310	0.01746	0.03771	0.75510	0.04525	0.02143	0.00873	0.00278	0.00397	0.01945	0.00635	0.00556
50	0.04102	0.01854	0.12097	0.08759	0.52498	0.01615	0.04988	0.02085	0.01519	0.02215	0.01268	0.01657	0.01029	0.00620	0.00672	0.00208	0.00852	0.00596	0.00332	0.01033
51	0.00929	0.00676	0.00874	0.00870	0.01009	0.00622	0.00635	0.01197	0.01775	0.02468	0.52453	0.20610	0.10160	0.01583	0.00822	0.00230	0.00341	0.01405	0.00720	0.00622
52	0.02601	0.01916	0.02053	0.01574	0.02122	0.02122	0.01300	0.69408	0.03217	0.04312	0.01643	0.01643	0.01163	0.00821	0.00684	0.00205	0.00753	0.00616	0.00684	0.01163
53	0.01841	0.01159	0.01384	0.01190	0.01529	0.01172	0.00965	0.22071	0.02195	0.15179	0.19188	0.04107	0.07963	0.04445	0.00888	0.00249	0.00567	0.12328	0.00705	0.00875
54	0.04414	0.37759	0.14794	0.01486	0.06465	0.06834	0.01358	0.01938	0.01432	0.01842	0.03819	0.08382	0.01497	0.04483	0.00705	0.00207	0.00764	0.00619	0.00358	0.00843
55	0.01844	0.01272	0.01441	0.01237	0.01597	0.01350	0.00977	0.18497	0.21903	0.12305	0.13224	0.06326	0.06900	0.04332	0.00853	0.00244	0.00555	0.03493	0.00701	0.00947
56	0.08136	0.01736	0.08008	0.07582	0.54673	0.01625	0.01986	0.04172	0.01558	0.02335	0.01262	0.01632	0.01032	0.00626	0.00655	0.00206	0.00809	0.00582	0.00351	0.01034
57	0.01773	0.01901	0.02399	0.25418	0.31284	0.18878	0.04536	0.02146	0.01593	0.01946	0.01213	0.01629	0.00979	0.00654	0.00670	0.00206	0.00959	0.00576	0.00331	0.00906
58	0.10661	0.01755	0.19242	0.01350	0.01961	0.01204	0.01338	0.02779	0.03702	0.40879	0.06565	0.02164	0.01703	0.00813	0.00658	0.00214	0.00666	0.00647	0.00652	0.01046
59	0.05188	0.66648	0.09606	0.01228	0.01845	0.02557	0.01273	0.02057	0.01385	0.01722	0.00976	0.01129	0.00871	0.00593	0.00457	0.00155	0.00748	0.00378	0.00298	0.00884
60	0.01668	0.01599	0.02730	0.08692	0.67397	0.01619	0.02087	0.02077	0.01546	0.02204	0.01282	0.01702	0.01073	0.00614	0.00678	0.00205	0.00819	0.00609	0.00336	0.01063
61	0.00968	0.00699	0.00914	0.00861	0.01022	0.00646	0.00646	0.01291	0.01937	0.02743	0.71328	0.05110	0.06455	0.01399	0.00807	0.00215	0.00323	0.01237	0.00753	0.00646
62	0.00977	0.00733	0.01100	0.01100	0.01222	0.00855	0.00855	0.01222	0.01100	0.01588	0.01833	0.02688	0.01710	0.05131	0.73245	0.01100	0.01833	0.00733	0.00367	0.00611
63	0.01412	0.08371	0.65745	0.01964	0.04901	0.01665	0.02424	0.02157	0.01444	0.02131	0.01211	0.01428	0.00874	0.00644	0.00637	0.00212	0.00986	0.00499	0.00291	0.01004
64	0.01157	0.00891	0.01109	0.01185	0.01387	0.00917	0.00984	0.01749	0.14783	0.02154	0.03918	0.11864	0.12706	0.01704	0.00873	0.00285	0.00557	0.40430	0.00644	0.00704
65	0.00894	0.00644	0.00859	0.01004	0.01081	0.00609	0.00731	0.01064	0.01397	0.01847	0.05997	0.55810	0.07340	0.02048	0.00884	0.00282	0.00442	0.15854	0.00638	0.00575
66	0.01531	0.01598	0.02658	0.02111	0.02312	0.01990	0.21125	0.01804	0.01212	0.01804	0.01039	0.01598	0.00939	0.01017	0.01828	0.00279	0.53383	0.00659	0.00313	0.00799
67	0.01292	0.01216	0.02052	0.74312	0.04712	0.01520	0.01900	0.01748	0.01368	0.01748	0.01216	0.01824	0.00912	0.00684	0.00684	0.00228	0.00912	0.00608	0.00304	0.00760
68	0.00843	0.00606	0.00803	0.00956	0.01007	0.00566	0.00650	0.00972	0.01329	0.01762	0.03869	0.70531	0.06699	0.02120	0.00874	0.00278	0.00405	0.04537	0.00635	0.00559
69	0.01292	0.01216	0.02052	0.74312	0.04712	0.01520	0.01900	0.01748	0.01368	0.01748	0.01216	0.01824	0.00912	0.00684	0.00684	0.00228	0.00912	0.00608	0.00304	0.00760
70	0.07062	0.11708	0.01813	0.04492	0.01818	0.01366	0.01041	0.05457	0.07048	0.42026	0.05300	0.02304	0.03869	0.00847	0.00647	0.00205	0.00600	0.00671	0.00692	0.01035
71	0.04852	0.01374	0.01482	0.01294	0.01652	0.01519	0.01011	0.23488	0.27693	0.03090	0.07347	0.15125	0.04810	0.01152	0.00724	0.00230	0.00561	0.00965	0.00673	0.00957
72	0.01052	0.00719	0.00936	0.00870	0.01050	0.00659	0.00657	0.01367	0.01925	0.05664	0.66232	0.05042	0.08450	0.01386	0.00802	0.00216	0.00335	0.01221	0.00753	0.00665
73	0.01292	0.01216	0.02052	0.74312	0.04712	0.01520	0.01900	0.01748	0.01368	0.01748	0.01216	0.01824	0.00912	0.00684	0.00684	0.00228	0.00912	0.00608	0.00304	0.00760
74	0.01615	0.01845	0.04037	0.02884	0.03576	0.01730	0.69204	0.02191	0.01615	0.02191	0.01384	0.01845	0.01038	0.00577	0.00807	0.00231	0.01153	0.00807	0.00346	0.00923
75	0.00968	0.00699	0.00914	0.00861	0.01022	0.00646	0.00646	0.01291	0.01937	0.02743	0.71328	0.05110	0.06455	0.01399	0.00807	0.00215	0.00323	0.01237	0.00753	0.00646
76	0.05469	0.01682	0.01793	0.01411	0.01897	0.01850	0.01155	0.51663	0.07328	0.06845	0.01805	0.01817	0.01300	0.00819	0.00651	0.00202	0.00672	0.00622	0.09938	0.01080
77	0.01441	0.05675	0.57935	0.02271	0.12550	0.01637	0.04776	0.02154	0.01464	0.02158	0.01232	0.01482	0.00903	0.00640	0.00652	0.00213	0.00979	0.00526	0.00298	0.01014
78	0.02008	0.05401	0.20421	0.01566	0.02215	0.01805	0.01531	0.35478	0.06804	0.03243	0.01607	0.04085	0.01231	0.00786	0.00654	0.00199	0.00769	0.00610	0.00535	0.09051
79	0.01769	0.01503	0.01585	0.01406	0.01805	0.01733	0.01099	0.08593	0.65385	0.02971	0.02698	0.02484	0.02019	0.00920	0.00695	0.00230	0.00557	0.00762	0.00695	0.01089
80	0.02083	0.01010	0.01272	0.01074	0.01389	0.00946	0.00814	0.08743	0.01742	0.34518	0.04424	0.13001	0.04600	0.19548	0.01407	0.00332	0.00579	0.00966	0.00686	0.00865
81	0.19236	0.14619	0.12088	0.09154	0.10063	0.01733	0.08265	0.03778	0.04451	0.05359	0.04261	0.01664	0.01220	0.00684	0.00597	0.00205	0.00764	0.00557	0.00403	0.00900
82	0.01047	0.00805	0.00917	0.00881	0.01105	0.00760	0.00669	0.01498	0.10397	0.04188	0.28118	0.08454	0.33649	0.01515	0.00797	0.00230	0.00380	0.03219	0.00689	0.00681
83	0.00873	0.00696	0.00783	0.00761	0.00964	0.00605	0.00571	0.01107	0.01712	0.02211	0.33025	0.05987	0.45091	0.01597	0.00808	0.00225	0.00337	0.01360	0.00683	0.00605
84	0.01402	0.03337	0.64827	0.01988	0.02951	0.01603	0.06886	0.02232	0.04427	0.02198	0.01305	0.01519	0.00931	0.00657	0.00662	0.00218	0.01000	0.00537	0.00310	0.01008
85	0.04551	0.48459	0.20343	0.03672	0.02143	0.04665	0.01514	0.02132	0.01432	0.04092	0.01088	0.01251	0.00898	0.00619	0.00512	0.00172	0.00811	0.00421	0.00317	0.00909
86	0.01188	0.00594	0.00891	0.00891	0.00891	0.00594	0.00594	0.00891	0.00891	0.01188	0.01188	0.02080	0.01188	0.02377	0.02674	0.80095	0.00594	0.00594	0.00297	0.00297
87	0.00995	0.00663	0.00746	0.00746	0.00746	0.00663	0.00415	0.00995	0.00995	0.01327	0.02156	0.04477	0.02487	0.75957	0.03482	0.00663	0.00663	0.00995	0.00415	0.00415
