[name]
unknown

[dist]
# distance from previous block
# <min> <max>
9	255

[block]
# block no. 0 follows, 30 sequences, length 55
# corresponding to MSA columns:
# 263-317
name=unknown_A
#
# <colnr> <probs for GDERKNQSTAVLIFYWHMCP>
#	G	D	E	R	K	N	Q	S	T	A	V	L	I	F	Y	W	H	M	C	P
0	0.02118	0.03937	0.04674	0.01444	0.01878	0.13531	0.01192	0.33021	0.05946	0.03261	0.13237	0.04948	0.02221	0.00956	0.00697	0.00207	0.00742	0.00751	0.04269	0.00969
1	0.01768	0.01204	0.01376	0.01193	0.01518	0.01268	0.00919	0.15215	0.19149	0.11954	0.13637	0.08367	0.06566	0.09738	0.02682	0.00299	0.00587	0.00968	0.00689	0.00906
2	0.01589	0.01544	0.02502	0.05928	0.47576	0.04254	0.06421	0.01951	0.01543	0.02135	0.01718	0.13954	0.01668	0.00906	0.00781	0.00225	0.03085	0.00856	0.00394	0.00970
3	0.01414	0.01335	0.02025	0.49207	0.09718	0.03423	0.01719	0.01825	0.01429	0.01909	0.01286	0.01890	0.01033	0.00710	0.00733	0.00212	0.03702	0.02108	0.00339	0.13984
4	0.01032	0.00700	0.00832	0.00855	0.00892	0.00697	0.00554	0.01104	0.01170	0.01561	0.06472	0.05156	0.03021	0.58852	0.02960	0.00590	0.00650	0.11949	0.00480	0.00473
5	0.54364	0.01304	0.01195	0.00991	0.01472	0.01370	0.00813	0.02227	0.01366	0.14383	0.01313	0.01393	0.00964	0.00662	0.00491	0.00197	0.00545	0.00438	0.00501	0.14013
6	0.00870	0.00638	0.00817	0.00922	0.01008	0.00585	0.00635	0.01033	0.01475	0.01964	0.15428	0.54635	0.13410	0.02006	0.00871	0.00267	0.00386	0.01798	0.00668	0.00585
7	0.01840	0.01665	0.02635	0.10860	0.52910	0.01732	0.01985	0.13233	0.01852	0.02583	0.01366	0.01732	0.01101	0.00665	0.00693	0.00210	0.00829	0.00623	0.00401	0.01086
8	0.02570	0.05678	0.02056	0.01726	0.02138	0.53517	0.01333	0.16859	0.03702	0.02305	0.01240	0.01371	0.00987	0.00745	0.00639	0.00186	0.01120	0.00492	0.00437	0.00899
9	0.02495	0.01833	0.01972	0.01537	0.02055	0.02030	0.01263	0.60802	0.05554	0.04158	0.01753	0.01792	0.01270	0.01003	0.03352	0.00242	0.00780	0.00640	0.04331	0.01138
10	0.00842	0.00688	0.00728	0.00755	0.00942	0.00591	0.00542	0.00997	0.01509	0.01831	0.06196	0.17971	0.55089	0.06904	0.01023	0.00274	0.00384	0.01527	0.00632	0.00574
11	0.01801	0.01850	0.03595	0.02586	0.03262	0.01774	0.52681	0.13314	0.01906	0.02599	0.01444	0.01818	0.01078	0.00625	0.00781	0.00222	0.01063	0.00763	0.00415	0.06423
12	0.01611	0.01368	0.01470	0.01330	0.01686	0.01556	0.01030	0.03309	0.58529	0.02899	0.14178	0.03039	0.02874	0.01027	0.00729	0.00234	0.00515	0.00868	0.00720	0.01030
13	0.02426	0.03025	0.02004	0.01803	0.02103	0.60899	0.01378	0.02602	0.01826	0.01703	0.01052	0.01303	0.00902	0.00803	0.00906	0.00201	0.13435	0.00476	0.00351	0.00801
14	0.01078	0.01169	0.12644	0.00979	0.01156	0.00841	0.00799	0.01223	0.01095	0.01506	0.02029	0.03983	0.02232	0.60388	0.05628	0.00617	0.00780	0.00922	0.00400	0.00532
15	0.58163	0.01473	0.01259	0.01073	0.01520	0.03551	0.00878	0.13261	0.01632	0.07034	0.03744	0.01445	0.01098	0.00722	0.00511	0.00214	0.00593	0.00472	0.00510	0.00849
16	0.01902	0.50752	0.14752	0.01394	0.02053	0.02453	0.01442	0.12098	0.03595	0.02183	0.01174	0.01302	0.00971	0.00654	0.00528	0.00173	0.00792	0.00446	0.00369	0.00967
17	0.01856	0.73715	0.03612	0.01213	0.01792	0.02743	0.01204	0.02078	0.01408	0.01643	0.00969	0.01131	0.00896	0.00615	0.00502	0.00154	0.02900	0.00380	0.00299	0.00892
18	0.01353	0.00821	0.01205	0.01142	0.01335	0.00898	0.00898	0.01606	0.01268	0.13303	0.02017	0.02680	0.01742	0.04504	0.60689	0.00970	0.01656	0.00740	0.00456	0.00717
19	0.00989	0.00719	0.00964	0.00919	0.01077	0.00694	0.00694	0.01305	0.01833	0.02602	0.59255	0.04800	0.05776	0.02062	0.12824	0.00370	0.00586	0.01176	0.00702	0.00653
20	0.01063	0.00672	0.00743	0.00743	0.00770	0.00672	0.00434	0.01117	0.01090	0.01561	0.02212	0.04239	0.02412	0.63012	0.03040	0.00591	0.00618	0.00954	0.13599	0.00461
21	0.01876	0.01859	0.07745	0.02563	0.03237	0.01645	0.51084	0.02410	0.01676	0.13796	0.01610	0.01928	0.01155	0.00660	0.00842	0.00234	0.03488	0.00777	0.00433	0.00982
22	0.00889	0.00690	0.00741	0.00741	0.00937	0.00592	0.00543	0.00986	0.01477	0.01773	0.06091	0.05949	0.59216	0.01877	0.01142	0.13501	0.00396	0.01328	0.00590	0.00541
23	0.01182	0.01277	0.12840	0.01113	0.01456	0.00917	0.01023	0.01718	0.07430	0.04952	0.48871	0.04339	0.07605	0.01254	0.00783	0.00222	0.00474	0.01088	0.00683	0.00772
24	0.01697	0.01378	0.01652	0.13279	0.02258	0.03404	0.01095	0.09078	0.01686	0.06770	0.01377	0.01593	0.01072	0.00610	0.00582	0.00146	0.00641	0.00490	0.00453	0.50739
25	0.01627	0.01535	0.02420	0.08496	0.49968	0.03861	0.01893	0.02079	0.04116	0.02218	0.01754	0.02779	0.01610	0.00860	0.00736	0.00228	0.00809	0.11607	0.00406	0.00995
26	0.01820	0.36577	0.09116	0.01295	0.01793	0.14879	0.01209	0.02085	0.01583	0.05038	0.06840	0.02172	0.06812	0.05180	0.00752	0.00207	0.00794	0.00604	0.00405	0.00837
27	0.01866	0.75896	0.03657	0.01194	0.01791	0.02761	0.01194	0.02090	0.01418	0.01642	0.00970	0.01119	0.00896	0.00597	0.00448	0.00149	0.00746	0.00373	0.00299	0.00896
28	0.01220	0.00610	0.00885	0.00885	0.00900	0.00610	0.00595	0.00976	0.00960	0.01341	0.01311	0.02166	0.01266	0.02275	0.02520	0.72324	0.00580	0.00610	0.07631	0.00335
29	0.02103	0.01619	0.01739	0.01466	0.01920	0.01823	0.01168	0.23638	0.45236	0.07643	0.02478	0.02305	0.01816	0.00908	0.00706	0.00227	0.00621	0.00734	0.00716	0.01135
30	0.02522	0.01523	0.01756	0.01405	0.01888	0.01593	0.01138	0.33501	0.10578	0.25525	0.02370	0.09145	0.01806	0.00990	0.00719	0.00222	0.00651	0.00803	0.00748	0.01117
31	0.01082	0.00790	0.01066	0.01203	0.01375	0.00773	0.01041	0.01383	0.01604	0.02060	0.04171	0.07708	0.13455	0.01905	0.00944	0.00309	0.00602	0.57251	0.00643	0.00635
32	0.08698	0.01199	0.01577	0.01218	0.01750	0.01065	0.01006	0.03304	0.01939	0.66673	0.02625	0.02286	0.01657	0.00848	0.00682	0.00216	0.00590	0.00678	0.00833	0.01156
33	0.00988	0.00713	0.00933	0.00878	0.01043	0.00658	0.00658	0.01317	0.01975	0.02798	0.70754	0.05213	0.06584	0.01427	0.00823	0.00219	0.00329	0.01262	0.00768	0.00658
34	0.02653	0.01955	0.02094	0.01606	0.02164	0.02164	0.01326	0.68796	0.03281	0.04398	0.01675	0.01675	0.01187	0.00838	0.00698	0.00209	0.00768	0.00628	0.00698	0.01187
35	0.00850	0.00607	0.00810	0.00972	0.01012	0.00567	0.00648	0.00972	0.01336	0.01781	0.03846	0.75020	0.04615	0.02186	0.00891	0.00283	0.00405	0.01984	0.00648	0.00567
36	0.02653	0.01955	0.02094	0.01606	0.02164	0.02164	0.01326	0.68796	0.03281	0.04398	0.01675	0.01675	0.01187	0.00838	0.00698	0.00209	0.00768	0.00628	0.00698	0.01187
37	0.01863	0.01627	0.01645	0.01455	0.01863	0.05065	0.01137	0.09814	0.60425	0.03003	0.02649	0.02454	0.01984	0.00926	0.00705	0.00231	0.00605	0.00758	0.00693	0.01099
38	0.02533	0.03169	0.01941	0.01761	0.02115	0.67437	0.01326	0.04503	0.01973	0.01777	0.01131	0.01338	0.00946	0.00932	0.03971	0.00224	0.01273	0.00468	0.00369	0.00811
39	0.02637	0.01217	0.01553	0.01253	0.01723	0.01152	0.01012	0.05762	0.13897	0.49717	0.06744	0.05922	0.02194	0.00971	0.00719	0.00223	0.00569	0.00806	0.00815	0.01113
40	0.00940	0.00711	0.00866	0.00828	0.01013	0.00638	0.00621	0.01224	0.01862	0.02529	0.51982	0.05656	0.25525	0.01527	0.00824	0.00224	0.00336	0.01324	0.00733	0.00638
41	0.01727	0.01658	0.02832	0.04283	0.71123	0.01658	0.02142	0.02142	0.01589	0.02280	0.01313	0.01727	0.01105	0.00622	0.00691	0.00207	0.00829	0.00622	0.00345	0.01105
42	0.00881	0.00621	0.00805	0.00934	0.00971	0.00587	0.00610	0.00987	0.01298	0.01734	0.05187	0.61573	0.04316	0.14403	0.01333	0.00347	0.00448	0.01805	0.00613	0.00545
43	0.00997	0.00748	0.01121	0.01121	0.01246	0.00872	0.00872	0.01246	0.01121	0.01620	0.01869	0.02741	0.01745	0.05234	0.72710	0.01121	0.01869	0.00748	0.00374	0.00623
44	0.02653	0.01955	0.02094	0.01606	0.02164	0.02164	0.01326	0.68796	0.03281	0.04398	0.01675	0.01675	0.01187	0.00838	0.00698	0.00209	0.00768	0.00628	0.00698	0.01187
45	0.01376	0.01080	0.01296	0.01028	0.01500	0.00844	0.00791	0.01637	0.01445	0.05325	0.01958	0.19809	0.01957	0.00948	0.00618	0.00153	0.00492	0.00818	0.00492	0.56431
46	0.01805	0.01005	0.01282	0.01124	0.01439	0.00964	0.00896	0.07312	0.06410	0.23090	0.30747	0.07450	0.04082	0.01272	0.00788	0.00233	0.00492	0.07962	0.00768	0.00878
47	0.01774	0.01453	0.01555	0.01390	0.01783	0.01660	0.01083	0.03600	0.63944	0.06234	0.05475	0.02694	0.02284	0.00961	0.00714	0.00235	0.00546	0.00803	0.00720	0.01091
48	0.72980	0.01334	0.01083	0.00949	0.01391	0.01514	0.00782	0.02181	0.01265	0.09710	0.01143	0.01253	0.00849	0.00669	0.00458	0.00216	0.00545	0.00409	0.00473	0.00797
49	0.01627	0.01823	0.03787	0.02756	0.03344	0.01827	0.57393	0.02142	0.01551	0.02142	0.01329	0.01823	0.01035	0.00694	0.01068	0.00247	0.13367	0.00788	0.00345	0.00911
50	0.01002	0.00729	0.01028	0.01028	0.01120	0.00821	0.00755	0.01186	0.01094	0.01550	0.01955	0.03217	0.01951	0.23538	0.54689	0.01006	0.01558	0.00817	0.00387	0.00571
51	0.01050	0.00828	0.01129	0.01030	0.01231	0.00816	0.05783	0.02929	0.01412	0.01892	0.05528	0.06091	0.25710	0.13797	0.21441	0.00547	0.00900	0.01076	0.06188	0.00621
52	0.80405	0.01350	0.01026	0.00918	0.01350	0.01565	0.00756	0.02051	0.01188	0.03131	0.00972	0.01134	0.00756	0.00648	0.00432	0.00216	0.00540	0.00378	0.00432	0.00756
53	0.01452	0.03241	0.57410	0.02192	0.03154	0.01651	0.16658	0.02215	0.01510	0.02215	0.01286	0.01561	0.00921	0.00647	0.00697	0.00224	0.01062	0.00581	0.00307	0.01012
54	0.01282	0.00649	0.00657	0.00664	0.00821	0.00647	0.00494	0.01599	0.01458	0.02568	0.02341	0.05602	0.01906	0.00870	0.00504	0.00168	0.00329	0.00706	0.76089	0.00647

[dist]
# distance from previous block
# <min> <max>
2	4

[block]
# block no. 1 follows, 30 sequences, length 12
# corresponding to MSA columns:
# 322-333
name=unknown_B
#
# <colnr> <probs for GDERKNQSTAVLIFYWHMCP>
#	G	D	E	R	K	N	Q	S	T	A	V	L	I	F	Y	W	H	M	C	P
0	0.01527	0.01527	0.02137	0.01832	0.01832	0.02137	0.01527	0.01679	0.01069	0.01679	0.00916	0.01527	0.00916	0.01221	0.02290	0.00305	0.74198	0.00611	0.00305	0.00763
1	0.02332	0.01792	0.01956	0.05621	0.02219	0.02015	0.01301	0.47576	0.21022	0.03854	0.01963	0.01935	0.01425	0.00859	0.00701	0.00218	0.00719	0.00671	0.00679	0.01142
2	0.08435	0.25881	0.02413	0.01366	0.01903	0.06269	0.01184	0.24724	0.06082	0.13017	0.01582	0.01584	0.01175	0.00748	0.00593	0.00191	0.00734	0.00535	0.00553	0.01032
3	0.01798	0.01530	0.01613	0.01433	0.01838	0.01765	0.01120	0.08110	0.65359	0.03019	0.02761	0.02541	0.02066	0.00939	0.00709	0.00235	0.00567	0.00778	0.00709	0.01110
4	0.00861	0.00708	0.00757	0.00745	0.00965	0.00604	0.00559	0.01071	0.01676	0.02087	0.21131	0.06384	0.56652	0.01692	0.00824	0.00232	0.00348	0.01426	0.00675	0.00604
5	0.02607	0.03326	0.01978	0.01798	0.02157	0.72674	0.01348	0.02787	0.01978	0.01708	0.01079	0.01258	0.00899	0.00719	0.00629	0.00180	0.01258	0.00449	0.00360	0.00809
6	0.05058	0.01868	0.06818	0.02469	0.03007	0.01859	0.42765	0.06013	0.01580	0.02270	0.01285	0.01734	0.01011	0.00757	0.01133	0.00249	0.18123	0.00728	0.00363	0.00911
7	0.00825	0.00707	0.00707	0.00707	0.00943	0.00589	0.00530	0.01001	0.01591	0.01885	0.07069	0.06716	0.70839	0.01767	0.00825	0.00236	0.00353	0.01473	0.00648	0.00589
8	0.02476	0.01435	0.01692	0.01369	0.01825	0.01470	0.01110	0.33045	0.02470	0.27021	0.02465	0.13521	0.02019	0.01100	0.00740	0.00228	0.00647	0.03555	0.00745	0.01069
9	0.01015	0.00677	0.00761	0.00761	0.00761	0.00677	0.00423	0.01015	0.01015	0.01353	0.02199	0.04567	0.02537	0.75476	0.03552	0.00677	0.00677	0.01015	0.00423	0.00423
10	0.02736	0.01821	0.02011	0.01542	0.02097	0.01966	0.01274	0.57392	0.03057	0.16118	0.01863	0.01797	0.01281	0.00842	0.00699	0.00211	0.00738	0.00641	0.00727	0.01187
11	0.43602	0.14845	0.01738	0.01131	0.01605	0.04522	0.00962	0.13830	0.01689	0.05467	0.04123	0.01448	0.01144	0.00716	0.00515	0.00202	0.00637	0.00473	0.00482	0.00870

[dist]
# distance from previous block
# <min> <max>
0	6

[block]
# block no. 2 follows, 30 sequences, length 29
# corresponding to MSA columns:
# 340-368
name=unknown_C
#
# <colnr> <probs for GDERKNQSTAVLIFYWHMCP>
#	G	D	E	R	K	N	Q	S	T	A	V	L	I	F	Y	W	H	M	C	P
0	0.01650	0.08428	0.02375	0.01834	0.01957	0.07772	0.05290	0.01836	0.01205	0.01710	0.00962	0.01489	0.00921	0.01089	0.01908	0.00277	0.57608	0.00588	0.00312	0.00789
1	0.00994	0.00746	0.00929	0.00906	0.01084	0.00699	0.00686	0.01359	0.04916	0.02546	0.48882	0.10199	0.16411	0.01541	0.00831	0.00233	0.00367	0.05280	0.00731	0.00660
2	0.00850	0.00607	0.00810	0.00972	0.01012	0.00567	0.00648	0.00972	0.01336	0.01781	0.03846	0.75020	0.04615	0.02186	0.00891	0.00283	0.00405	0.01984	0.00648	0.00567
3	0.01482	0.01373	0.01876	0.01627	0.01670	0.01852	0.01334	0.04362	0.01184	0.01819	0.01188	0.01888	0.01150	0.06052	0.08527	0.00389	0.56015	0.00651	0.04822	0.00741
4	0.02653	0.01955	0.02094	0.01606	0.02164	0.02164	0.01326	0.68796	0.03281	0.04398	0.01675	0.01675	0.01187	0.00838	0.00698	0.00209	0.00768	0.00628	0.00698	0.01187
5	0.01362	0.00709	0.00716	0.00694	0.00874	0.00719	0.00526	0.04661	0.01546	0.02683	0.02249	0.02560	0.01761	0.00814	0.00497	0.00165	0.00345	0.00649	0.75795	0.00675
6	0.02653	0.01955	0.02094	0.01606	0.02164	0.02164	0.01326	0.68796	0.03281	0.04398	0.01675	0.01675	0.01187	0.00838	0.00698	0.00209	0.00768	0.00628	0.00698	0.01187
7	0.02615	0.05541	0.02170	0.01586	0.02146	0.02193	0.01320	0.65561	0.03191	0.04264	0.01641	0.01648	0.01173	0.00826	0.00686	0.00207	0.00767	0.00616	0.00679	0.01173
8	0.01866	0.75896	0.03657	0.01194	0.01791	0.02761	0.01194	0.02090	0.01418	0.01642	0.00970	0.01119	0.00896	0.00597	0.00448	0.00149	0.00746	0.00373	0.00299	0.00896
9	0.68748	0.01357	0.01135	0.00982	0.01430	0.01531	0.00809	0.04960	0.01363	0.10662	0.01195	0.01292	0.00880	0.00679	0.00472	0.00216	0.00555	0.00424	0.00490	0.00821
10	0.01736	0.01499	0.01578	0.01420	0.01815	0.01736	0.01105	0.03708	0.69862	0.02919	0.02840	0.02604	0.02130	0.00947	0.00710	0.00237	0.00552	0.00789	0.00710	0.01105
11	0.00856	0.00687	0.00766	0.00808	0.00987	0.00598	0.00593	0.01037	0.01559	0.01940	0.11170	0.23326	0.46953	0.01849	0.00846	0.00249	0.00376	0.04152	0.00657	0.00591
12	0.01338	0.01261	0.02129	0.70422	0.08028	0.01556	0.01948	0.01800	0.01405	0.01807	0.01244	0.01854	0.00939	0.00694	0.00697	0.00231	0.00925	0.00620	0.00312	0.00791
13	0.02939	0.01318	0.01681	0.01304	0.01826	0.01236	0.01071	0.16510	0.02229	0.55100	0.02581	0.05280	0.01739	0.00914	0.00709	0.00217	0.00621	0.00741	0.00821	0.01161
14	0.01212	0.00606	0.00909	0.00909	0.00909	0.00606	0.00606	0.00909	0.00909	0.01212	0.01212	0.02121	0.01212	0.02424	0.02727	0.79697	0.00606	0.00606	0.00303	0.00303
15	0.01866	0.75896	0.03657	0.01194	0.01791	0.02761	0.01194	0.02090	0.01418	0.01642	0.00970	0.01119	0.00896	0.00597	0.00448	0.00149	0.00746	0.00373	0.00299	0.00896
16	0.01791	0.01510	0.01592	0.01406	0.01810	0.01727	0.01101	0.10647	0.59313	0.03030	0.02919	0.02702	0.05365	0.00975	0.00714	0.00234	0.00566	0.00805	0.00706	0.01088
17	0.01318	0.01240	0.02093	0.73798	0.04806	0.01550	0.01938	0.01783	0.01395	0.01783	0.01240	0.01860	0.00930	0.00698	0.00698	0.00233	0.00930	0.00620	0.00310	0.00775
18	0.02202	0.01731	0.01840	0.01514	0.01992	0.01953	0.01217	0.36789	0.36023	0.03671	0.02248	0.02132	0.01651	0.00891	0.00704	0.00223	0.00662	0.00707	0.00704	0.01146
19	0.01004	0.00675	0.00778	0.00788	0.00795	0.00677	0.00454	0.01021	0.01038	0.01389	0.02286	0.08775	0.02633	0.68343	0.06030	0.00670	0.00706	0.01063	0.00435	0.00439
20	0.01643	0.01834	0.03623	0.07652	0.05425	0.04109	0.51462	0.02150	0.01566	0.02119	0.01324	0.01811	0.01028	0.00681	0.00989	0.00241	0.10327	0.00765	0.00344	0.00908
21	0.01613	0.02117	0.13319	0.02812	0.03562	0.01745	0.59622	0.02232	0.01623	0.02232	0.01390	0.01827	0.01035	0.00598	0.00802	0.00233	0.01157	0.00782	0.00345	0.00953
22	0.00980	0.00713	0.00922	0.00870	0.01038	0.00655	0.00652	0.01302	0.01957	0.02754	0.67663	0.05286	0.09703	0.01443	0.00823	0.00220	0.00330	0.01272	0.00762	0.00655
23	0.02242	0.01597	0.01744	0.01397	0.01818	0.01743	0.01106	0.46544	0.06758	0.06447	0.01934	0.04646	0.01602	0.13233	0.01240	0.02831	0.00715	0.00748	0.00646	0.01007
24	0.01739	0.01128	0.01222	0.03340	0.01449	0.01214	0.00865	0.23074	0.04866	0.03129	0.02162	0.02604	0.01719	0.00890	0.00599	0.00192	0.00514	0.04642	0.43808	0.00843
25	0.00877	0.00700	0.00771	0.00780	0.00967	0.00612	0.00572	0.01067	0.01593	0.02000	0.17286	0.12200	0.47204	0.07121	0.01033	0.00272	0.00386	0.03320	0.00652	0.00589
26	0.02288	0.11652	0.02141	0.01538	0.02007	0.19091	0.01253	0.28792	0.11702	0.02979	0.03281	0.01705	0.01329	0.00806	0.00696	0.00197	0.03104	0.00581	0.00544	0.04315
27	0.08557	0.01278	0.01608	0.01258	0.01781	0.01199	0.01034	0.08092	0.06988	0.56763	0.02553	0.02251	0.01647	0.00852	0.00683	0.00217	0.00600	0.00679	0.00809	0.01150
28	0.71743	0.01435	0.03185	0.00991	0.01450	0.01571	0.00844	0.04917	0.01316	0.05867	0.01080	0.01216	0.00816	0.00665	0.00461	0.00216	0.00566	0.00405	0.00456	0.00799

[dist]
# distance from previous block
# <min> <max>
0	2

[block]
# block no. 3 follows, 30 sequences, length 10
# corresponding to MSA columns:
# 371-380
name=unknown_D
#
# <colnr> <probs for GDERKNQSTAVLIFYWHMCP>
#	G	D	E	R	K	N	Q	S	T	A	V	L	I	F	Y	W	H	M	C	P
0	0.09224	0.09594	0.02135	0.01480	0.02030	0.02100	0.01244	0.51783	0.02822	0.08466	0.01613	0.01618	0.01155	0.00798	0.00649	0.00204	0.00735	0.00585	0.00645	0.01120
1	0.01691	0.01905	0.07868	0.07500	0.03586	0.01702	0.56600	0.02267	0.01639	0.05945	0.01463	0.01883	0.01076	0.00615	0.00799	0.00233	0.01120	0.00785	0.00374	0.00949
2	0.01424	0.03462	0.66641	0.02162	0.08169	0.01623	0.02545	0.02205	0.01482	0.02215	0.01257	0.01492	0.00901	0.00660	0.00665	0.00220	0.01016	0.00524	0.00298	0.01037
3	0.00897	0.00710	0.00808	0.00783	0.00987	0.00620	0.00587	0.01142	0.01762	0.02293	0.35509	0.06045	0.42145	0.01615	0.00824	0.00228	0.00343	0.01379	0.00702	0.00620
4	0.01015	0.00677	0.00761	0.00761	0.00761	0.00677	0.00423	0.01015	0.01015	0.01353	0.02199	0.04567	0.02537	0.75476	0.03552	0.00677	0.00677	0.01015	0.00423	0.00423
5	0.02457	0.01796	0.01960	0.05265	0.02175	0.01991	0.01280	0.59055	0.03014	0.04095	0.01709	0.01771	0.01230	0.00828	0.00678	0.00206	0.00735	0.00630	0.08009	0.01115
6	0.01015	0.00677	0.00761	0.00761	0.00761	0.00677	0.00423	0.01015	0.01015	0.01353	0.02199	0.04567	0.02537	0.75476	0.03552	0.00677	0.00677	0.01015	0.00423	0.00423
7	0.02596	0.01835	0.01981	0.01528	0.02062	0.02012	0.01259	0.61254	0.03103	0.07838	0.01769	0.01769	0.01252	0.00838	0.00685	0.00207	0.00732	0.00633	0.05494	0.01154
8	0.01154	0.00820	0.00982	0.00946	0.01049	0.00859	0.00645	0.08040	0.01334	0.01796	0.02497	0.10288	0.06327	0.40990	0.18620	0.00669	0.00915	0.01027	0.00473	0.00570
9	0.74881	0.06592	0.01211	0.00937	0.01381	0.01650	0.00787	0.02054	0.01204	0.03026	0.00972	0.01133	0.00766	0.00644	0.00433	0.00211	0.00554	0.00378	0.00422	0.00766

[dist]
# distance from previous block
# <min> <max>
0	3

[block]
# block no. 4 follows, 30 sequences, length 103
# corresponding to MSA columns:
# 384-486
name=unknown_E
#
# <colnr> <probs for GDERKNQSTAVLIFYWHMCP>
#	G	D	E	R	K	N	Q	S	T	A	V	L	I	F	Y	W	H	M	C	P
0	0.09461	0.43000	0.02838	0.01370	0.01792	0.08899	0.01235	0.02121	0.03931	0.01848	0.01038	0.01278	0.00933	0.00762	0.00875	0.00196	0.16787	0.00448	0.00334	0.00853
1	0.02333	0.02677	0.02019	0.01762	0.02099	0.46586	0.03492	0.11843	0.01978	0.02095	0.01212	0.01479	0.01009	0.01126	0.06175	0.00271	0.10066	0.00528	0.00402	0.00847
2	0.00850	0.00607	0.00810	0.00972	0.01012	0.00567	0.00648	0.00972	0.01336	0.01781	0.03846	0.75020	0.04615	0.02186	0.00891	0.00283	0.00405	0.01984	0.00648	0.00567
3	0.00858	0.00617	0.00814	0.00957	0.01012	0.00573	0.00644	0.00994	0.01385	0.01849	0.08159	0.68311	0.06992	0.02124	0.00884	0.00278	0.00398	0.01921	0.00655	0.00573
4	0.03112	0.01218	0.01638	0.01256	0.01796	0.01070	0.01037	0.05962	0.02048	0.68973	0.02711	0.02348	0.01706	0.00863	0.00702	0.00216	0.00601	0.00699	0.00857	0.01188
5	0.17080	0.01217	0.01512	0.01183	0.01703	0.01123	0.00977	0.03157	0.01851	0.59245	0.02431	0.02151	0.01552	0.00825	0.00653	0.00216	0.00584	0.00643	0.00786	0.01110
6	0.80405	0.01350	0.01026	0.00918	0.01350	0.01565	0.00756	0.02051	0.01188	0.03131	0.00972	0.01134	0.00756	0.00648	0.00432	0.00216	0.00540	0.00378	0.00432	0.00756
7	0.01395	0.00741	0.00751	0.00717	0.00907	0.00756	0.00546	0.06292	0.01590	0.02726	0.02235	0.02537	0.01747	0.00815	0.00502	0.00166	0.00356	0.00649	0.73886	0.00688
8	0.05147	0.04590	0.02743	0.03292	0.41431	0.18387	0.10019	0.02299	0.01665	0.02153	0.01244	0.01591	0.01030	0.00641	0.00674	0.00203	0.00958	0.00588	0.00352	0.00994
9	0.02395	0.02126	0.12113	0.01667	0.02295	0.01981	0.03634	0.50776	0.04749	0.06401	0.01666	0.01698	0.01181	0.00799	0.00692	0.00210	0.00799	0.00619	0.00627	0.03573
10	0.01650	0.01874	0.04069	0.02992	0.06214	0.01761	0.66060	0.02232	0.01645	0.02237	0.01408	0.01876	0.01061	0.00590	0.00818	0.00234	0.01163	0.00816	0.00353	0.00947
11	0.00854	0.00694	0.00757	0.00771	0.00968	0.00597	0.00567	0.01047	0.01616	0.02015	0.16686	0.15968	0.51485	0.01772	0.00834	0.00240	0.00357	0.01510	0.00667	0.00597
12	0.00902	0.00663	0.00938	0.01036	0.01106	0.00622	0.03415	0.01046	0.01343	0.01813	0.03646	0.67573	0.04316	0.04292	0.00955	0.00289	0.00442	0.01864	0.03157	0.00580
13	0.00970	0.00658	0.00774	0.00819	0.00830	0.00647	0.00484	0.01003	0.01103	0.01470	0.02649	0.23815	0.03105	0.55453	0.02825	0.00569	0.00602	0.01280	0.00484	0.00462
14	0.01212	0.00606	0.00909	0.00909	0.00909	0.00606	0.00606	0.00909	0.00909	0.01212	0.01212	0.02121	0.01212	0.02424	0.02727	0.79697	0.00606	0.00606	0.00303	0.00303
15	0.01866	0.75896	0.03657	0.01194	0.01791	0.02761	0.01194	0.02090	0.01418	0.01642	0.00970	0.01119	0.00896	0.00597	0.00448	0.00149	0.00746	0.00373	0.00299	0.00896
16	0.01218	0.00609	0.00893	0.00893	0.00903	0.00609	0.00599	0.00955	0.00944	0.01301	0.01280	0.02152	0.01249	0.02321	0.02584	0.74624	0.00588	0.00609	0.05345	0.00325
17	0.01318	0.01240	0.02093	0.73798	0.04806	0.01550	0.01938	0.01783	0.01395	0.01783	0.01240	0.01860	0.00930	0.00698	0.00698	0.00233	0.00930	0.00620	0.00310	0.00775
18	0.02369	0.02851	0.01895	0.04455	0.02184	0.54615	0.01318	0.02948	0.16647	0.01973	0.01466	0.01572	0.01167	0.00768	0.00649	0.00194	0.01093	0.00529	0.00434	0.00872
19	0.01831	0.05810	0.05248	0.10877	0.35774	0.04159	0.01811	0.13840	0.04462	0.02552	0.01547	0.02093	0.01295	0.00766	0.00694	0.00215	0.00825	0.04739	0.00432	0.01029
20	0.01660	0.01574	0.02656	0.12173	0.58959	0.01629	0.02046	0.02069	0.01546	0.02213	0.01322	0.01764	0.01100	0.00656	0.00737	0.00212	0.03205	0.00622	0.02816	0.01042
21	0.01647	0.01882	0.04118	0.02941	0.03647	0.01765	0.68588	0.02235	0.01647	0.02235	0.01412	0.01882	0.01059	0.00588	0.00824	0.00235	0.01176	0.00824	0.00353	0.00941
22	0.00966	0.00712	0.00902	0.00855	0.01029	0.00649	0.00641	0.01274	0.01923	0.02675	0.62164	0.05415	0.15252	0.01473	0.00823	0.00222	0.00332	0.01290	0.00752	0.00649
23	0.03131	0.01188	0.01619	0.01242	0.01781	0.01026	0.01026	0.03401	0.01997	0.71606	0.02753	0.02375	0.01727	0.00864	0.00702	0.00216	0.00594	0.00702	0.00864	0.01188
24	0.01301	0.00650	0.00650	0.00650	0.00813	0.00650	0.00488	0.01626	0.01463	0.02602	0.02276	0.02602	0.01789	0.00813	0.00488	0.00163	0.00325	0.00650	0.79350	0.00650
25	0.00850	0.00607	0.00810	0.00972	0.01012	0.00567	0.00648	0.00972	0.01336	0.01781	0.03846	0.75020	0.04615	0.02186	0.00891	0.00283	0.00405	0.01984	0.00648	0.00567
26	0.01458	0.03415	0.62739	0.01969	0.02917	0.05467	0.04834	0.02207	0.01527	0.02207	0.04033	0.01626	0.01120	0.00694	0.00673	0.00219	0.01021	0.00553	0.00319	0.01001
27	0.01582	0.31898	0.45170	0.01678	0.02539	0.02067	0.02037	0.02163	0.01452	0.01988	0.01142	0.01335	0.00888	0.00637	0.00579	0.00193	0.00920	0.00460	0.00296	0.00978
28	0.02653	0.01955	0.02094	0.01606	0.02164	0.02164	0.01326	0.68796	0.03281	0.04398	0.01675	0.01675	0.01187	0.00838	0.00698	0.00209	0.00768	0.00628	0.00698	0.01187
29	0.01498	0.01484	0.02082	0.01793	0.01800	0.02068	0.01491	0.01656	0.01072	0.01676	0.00968	0.01593	0.00961	0.01440	0.06136	0.00350	0.70249	0.00618	0.00309	0.00756
30	0.01293	0.01072	0.01194	0.01155	0.01387	0.04892	0.00912	0.02023	0.18833	0.02610	0.34959	0.04942	0.04586	0.01381	0.00816	0.00244	0.00506	0.15718	0.00703	0.00774
31	0.01637	0.40367	0.37179	0.01585	0.02395	0.02201	0.01874	0.02149	0.01445	0.01921	0.01109	0.01293	0.00890	0.00629	0.00554	0.00185	0.00886	0.00443	0.00297	0.00962
32	0.01866	0.75896	0.03657	0.01194	0.01791	0.02761	0.01194	0.02090	0.01418	0.01642	0.00970	0.01119	0.00896	0.00597	0.00448	0.00149	0.00746	0.00373	0.00299	0.00896
33	0.00988	0.00713	0.00933	0.00878	0.01043	0.00658	0.00658	0.01317	0.01975	0.02798	0.70754	0.05213	0.06584	0.01427	0.00823	0.00219	0.00329	0.01262	0.00768	0.00658
34	0.01736	0.01499	0.01578	0.01420	0.01815	0.01736	0.01105	0.03708	0.69862	0.02919	0.02840	0.02604	0.02130	0.00947	0.00710	0.00237	0.00552	0.00789	0.00710	0.01105
35	0.01647	0.01882	0.04118	0.02941	0.03647	0.01765	0.68588	0.02235	0.01647	0.02235	0.01412	0.01882	0.01059	0.00588	0.00824	0.00235	0.01176	0.00824	0.00353	0.00941
36	0.00988	0.00713	0.00933	0.00878	0.01043	0.00658	0.00658	0.01317	0.01975	0.02798	0.70754	0.05213	0.06584	0.01427	0.00823	0.00219	0.00329	0.01262	0.00768	0.00658
37	0.01509	0.01460	0.02024	0.01742	0.01754	0.02024	0.01447	0.01675	0.01099	0.01750	0.01020	0.01609	0.00983	0.01190	0.02153	0.00294	0.68564	0.00614	0.06334	0.00755
38	0.01015	0.00677	0.00761	0.00761	0.00761	0.00677	0.00423	0.01015	0.01015	0.01353	0.02199	0.04567	0.02537	0.75476	0.03552	0.00677	0.00677	0.01015	0.00423	0.00423
39	0.01015	0.00727	0.00895	0.00845	0.01040	0.00652	0.00637	0.01302	0.01874	0.04818	0.51634	0.05518	0.23461	0.01498	0.00820	0.00224	0.00344	0.01299	0.00739	0.00657
40	0.01450	0.01252	0.01475	0.01066	0.01661	0.00979	0.00855	0.01754	0.01432	0.02250	0.01227	0.01450	0.01029	0.00545	0.00588	0.00111	0.03469	0.00421	0.00409	0.76577
41	0.32932	0.13348	0.04407	0.01364	0.01804	0.26599	0.01144	0.04509	0.01573	0.02362	0.01040	0.01221	0.00852	0.00694	0.00593	0.00197	0.03732	0.00425	0.00385	0.00820
42	0.01621	0.04431	0.11417	0.01755	0.03973	0.13741	0.01513	0.01963	0.03865	0.01808	0.01245	0.01725	0.01108	0.01735	0.14304	0.00409	0.31642	0.00594	0.00341	0.00809
43	0.03912	0.15039	0.05688	0.14653	0.07961	0.01766	0.25728	0.02048	0.01509	0.02084	0.01251	0.01629	0.00991	0.00605	0.00662	0.00197	0.00911	0.00608	0.00344	0.12414
44	0.12923	0.15956	0.02167	0.01547	0.01984	0.41671	0.01238	0.10864	0.01935	0.02225	0.01120	0.01269	0.00915	0.00702	0.00579	0.00183	0.01008	0.00449	0.00401	0.00865
45	0.01695	0.01605	0.02699	0.14578	0.59100	0.01658	0.02086	0.04140	0.01612	0.02271	0.01313	0.01745	0.01082	0.00640	0.00692	0.00211	0.00842	0.00622	0.00351	0.01059
46	0.00856	0.00612	0.00815	0.00968	0.01013	0.00571	0.00648	0.00986	0.01362	0.01823	0.06583	0.72165	0.04696	0.02155	0.00888	0.00281	0.00402	0.01954	0.00653	0.00571
47	0.01095	0.00725	0.00877	0.00877	0.01068	0.00640	0.00642	0.01297	0.01635	0.08931	0.19246	0.26788	0.30122	0.01733	0.00832	0.00245	0.00388	0.01507	0.00695	0.00656
48	0.02653	0.01955	0.02094	0.01606	0.02164	0.02164	0.01326	0.68796	0.03281	0.04398	0.01675	0.01675	0.01187	0.00838	0.00698	0.00209	0.00768	0.00628	0.00698	0.01187
49	0.05600	0.01193	0.01600	0.01231	0.01768	0.01043	0.01017	0.03358	0.01971	0.69418	0.02696	0.02335	0.01696	0.00857	0.00693	0.00216	0.00592	0.00691	0.00850	0.01174
50	0.02579	0.01883	0.02015	0.01553	0.02090	0.02081	0.01281	0.65128	0.03182	0.04300	0.01708	0.01726	0.01220	0.00836	0.00687	0.00207	0.00744	0.00629	0.04993	0.01157
51	0.01113	0.00742	0.00966	0.00894	0.01084	0.00678	0.00676	0.01432	0.01962	0.06982	0.64130	0.05097	0.08763	0.01405	0.00816	0.00220	0.00346	0.01236	0.00769	0.00688
52	0.01866	0.75896	0.03657	0.01194	0.01791	0.02761	0.01194	0.02090	0.01418	0.01642	0.00970	0.01119	0.00896	0.00597	0.00448	0.00149	0.00746	0.00373	0.00299	0.00896
53	0.80405	0.01350	0.01026	0.00918	0.01350	0.01565	0.00756	0.02051	0.01188	0.03131	0.00972	0.01134	0.00756	0.00648	0.00432	0.00216	0.00540	0.00378	0.00432	0.00756
54	0.00850	0.00607	0.00810	0.00972	0.01012	0.00567	0.00648	0.00972	0.01336	0.01781	0.03846	0.75020	0.04615	0.02186	0.00891	0.00283	0.00405	0.01984	0.00648	0.00567
55	0.00930	0.00739	0.00853	0.00904	0.01112	0.00662	0.00731	0.01160	0.01610	0.01986	0.08337	0.07041	0.46367	0.01808	0.00871	0.00263	0.00448	0.22916	0.00651	0.00609
56	0.01301	0.00650	0.00650	0.00650	0.00813	0.00650	0.00488	0.01626	0.01463	0.02602	0.02276	0.02602	0.01789	0.00813	0.00488	0.00163	0.00325	0.00650	0.79350	0.00650
57	0.01058	0.00862	0.01013	0.04954	0.01365	0.00873	0.00777	0.01607	0.15536	0.02105	0.08287	0.31213	0.24342	0.01678	0.00819	0.00253	0.00444	0.01466	0.00649	0.00701
58	0.01014	0.00679	0.00775	0.00775	0.00780	0.00684	0.00440	0.01024	0.01019	0.01363	0.02186	0.04496	0.02506	0.72768	0.06217	0.00694	0.00722	0.01005	0.00421	0.00431
59	0.02025	0.60249	0.03295	0.01324	0.01870	0.17835	0.01227	0.02240	0.01539	0.01656	0.00994	0.01149	0.00896	0.00623	0.00487	0.00156	0.00857	0.00390	0.00312	0.00877
60	0.01736	0.01499	0.01578	0.01420	0.01815	0.01736	0.01105	0.03708	0.69862	0.02919	0.02840	0.02604	0.02130	0.00947	0.00710	0.00237	0.00552	0.00789	0.00710	0.01105
61	0.19379	0.09274	0.16407	0.01460	0.02029	0.13524	0.01388	0.09913	0.08366	0.07305	0.03733	0.01646	0.01259	0.00749	0.00602	0.00206	0.00805	0.00537	0.00476	0.00943
62	0.80405	0.01350	0.01026	0.00918	0.01350	0.01565	0.00756	0.02051	0.01188	0.03131	0.00972	0.01134	0.00756	0.00648	0.00432	0.00216	0.00540	0.00378	0.00432	0.00756
63	0.01826	0.68359	0.08246	0.01311	0.01941	0.02649	0.03737	0.02103	0.01430	0.01701	0.01005	0.01171	0.00901	0.00601	0.00476	0.00157	0.00781	0.00399	0.00300	0.00906
64	0.00825	0.00707	0.00707	0.00707	0.00943	0.00589	0.00530	0.01001	0.01591	0.01885	0.07069	0.06716	0.70839	0.01767	0.00825	0.00236	0.00353	0.01473	0.00648	0.00589
65	0.02558	0.08109	0.02088	0.01758	0.02133	0.68066	0.01338	0.02741	0.01941	0.01704	0.01072	0.01249	0.00899	0.00711	0.00617	0.00178	0.01225	0.00444	0.00356	0.00815
66	0.01799	0.65603	0.13368	0.01307	0.01966	0.02599	0.01391	0.02107	0.01426	0.01723	0.01010	0.01170	0.00894	0.00606	0.00478	0.00159	0.00787	0.00393	0.00298	0.00915
67	0.01859	0.71833	0.03543	0.01206	0.01792	0.02705	0.01189	0.02178	0.05156	0.01712	0.01072	0.01200	0.00963	0.00616	0.00462	0.00154	0.00736	0.00396	0.00321	0.00907
68	0.01832	0.70688	0.08570	0.01251	0.01880	0.02679	0.01294	0.02098	0.01422	0.01683	0.00990	0.01145	0.00895	0.00602	0.00463	0.00154	0.00767	0.00383	0.00298	0.00905
69	0.01554	0.01595	0.02266	0.01902	0.01985	0.04864	0.07905	0.01748	0.01171	0.01738	0.01090	0.04556	0.01080	0.01180	0.02026	0.00293	0.61266	0.00681	0.00326	0.00774
70	0.00889	0.00635	0.00854	0.01016	0.01073	0.00600	0.00714	0.01038	0.01374	0.01824	0.03825	0.65627	0.04532	0.02150	0.00901	0.00289	0.00438	0.10998	0.00647	0.00577
71	0.01418	0.12268	0.42339	0.01667	0.02418	0.04197	0.04474	0.02010	0.01586	0.02212	0.13952	0.02308	0.04581	0.00833	0.00675	0.00211	0.00856	0.00677	0.00399	0.00918
72	0.02653	0.01955	0.02094	0.01606	0.02164	0.02164	0.01326	0.68796	0.03281	0.04398	0.01675	0.01675	0.01187	0.00838	0.00698	0.00209	0.00768	0.00628	0.00698	0.01187
73	0.00988	0.00713	0.00933	0.00878	0.01043	0.00658	0.00658	0.01317	0.01975	0.02798	0.70754	0.05213	0.06584	0.01427	0.00823	0.00219	0.00329	0.01262	0.00768	0.00658
74	0.00848	0.00686	0.00749	0.00794	0.00972	0.00595	0.00577	0.01011	0.01511	0.01850	0.06011	0.23117	0.50217	0.04265	0.00934	0.00265	0.00387	0.03990	0.00640	0.00580
75	0.02607	0.03326	0.01978	0.01798	0.02157	0.72674	0.01348	0.02787	0.01978	0.01708	0.01079	0.01258	0.00899	0.00719	0.00629	0.00180	0.01258	0.00449	0.00360	0.00809
76	0.00996	0.00719	0.00945	0.00903	0.01068	0.00668	0.00688	0.01325	0.01952	0.02754	0.66542	0.05380	0.06423	0.01458	0.00832	0.00226	0.00349	0.05356	0.00760	0.00657
77	0.77811	0.03812	0.01113	0.00927	0.01364	0.01605	0.00770	0.02053	0.01195	0.03082	0.00972	0.01133	0.00760	0.00646	0.00432	0.00214	0.00547	0.00378	0.00427	0.00760
78	0.01736	0.01499	0.01578	0.01420	0.01815	0.01736	0.01105	0.03708	0.69862	0.02919	0.02840	0.02604	0.02130	0.00947	0.00710	0.00237	0.00552	0.00789	0.00710	0.01105
79	0.02653	0.01955	0.02094	0.01606	0.02164	0.02164	0.01326	0.68796	0.03281	0.04398	0.01675	0.01675	0.01187	0.00838	0.00698	0.00209	0.00768	0.00628	0.00698	0.01187
80	0.00863	0.00708	0.00759	0.00747	0.00966	0.00605	0.00560	0.01075	0.01680	0.02097	0.21831	0.06367	0.55946	0.01688	0.00824	0.00232	0.00348	0.01424	0.00676	0.00605
81	0.70519	0.01329	0.01102	0.00959	0.01405	0.01496	0.00790	0.02224	0.01291	0.11891	0.01200	0.01292	0.00880	0.00675	0.00466	0.00216	0.00547	0.00419	0.00487	0.00811
82	0.01727	0.01658	0.02832	0.04283	0.71123	0.01658	0.02142	0.02142	0.01589	0.02280	0.01313	0.01727	0.01105	0.00622	0.00691	0.00207	0.00829	0.00622	0.00345	0.01105
83	0.00956	0.00712	0.00889	0.00844	0.01023	0.00645	0.00633	0.01255	0.01900	0.02620	0.58308	0.05506	0.19142	0.01493	0.00823	0.00223	0.00334	0.01303	0.00745	0.00645
84	0.80405	0.01350	0.01026	0.00918	0.01350	0.01565	0.00756	0.02051	0.01188	0.03131	0.00972	0.01134	0.00756	0.00648	0.00432	0.00216	0.00540	0.00378	0.00432	0.00756
85	0.00988	0.00678	0.00763	0.00767	0.00798	0.00663	0.00450	0.01021	0.01116	0.01469	0.04891	0.07521	0.09709	0.62831	0.03086	0.00602	0.00622	0.01107	0.00465	0.00453
86	0.00959	0.00651	0.00790	0.00854	0.00880	0.00640	0.00531	0.01029	0.01162	0.01578	0.02841	0.32284	0.03302	0.41155	0.04975	0.00519	0.00601	0.01375	0.03379	0.00496
87	0.80405	0.01350	0.01026	0.00918	0.01350	0.01565	0.00756	0.02051	0.01188	0.03131	0.00972	0.01134	0.00756	0.00648	0.00432	0.00216	0.00540	0.00378	0.00432	0.00756
88	0.07250	0.20478	0.40107	0.01850	0.05083	0.01880	0.07076	0.02215	0.01477	0.04784	0.01236	0.01439	0.00931	0.00647	0.00610	0.00204	0.00915	0.00506	0.00333	0.00981
89	0.04276	0.04477	0.01975	0.04631	0.16666	0.09297	0.01353	0.17100	0.18656	0.02858	0.01825	0.01945	0.01405	0.00783	0.00651	0.00206	0.00729	0.00632	0.09525	0.01009
90	0.01494	0.01544	0.01459	0.01367	0.01575	0.22102	0.03221	0.01725	0.01387	0.01656	0.01634	0.02347	0.01503	0.06499	0.46347	0.00797	0.01619	0.00673	0.00371	0.00681
91	0.01638	0.02194	0.15649	0.08332	0.10172	0.05584	0.41600	0.02217	0.01609	0.02171	0.01342	0.01759	0.01014	0.00620	0.00762	0.00227	0.01102	0.00713	0.00339	0.00953
92	0.01719	0.01653	0.02804	0.04183	0.68288	0.01678	0.02116	0.02123	0.01568	0.02255	0.01296	0.01719	0.01098	0.00646	0.00756	0.00211	0.03830	0.00621	0.00344	0.01091
93	0.00849	0.00613	0.00804	0.00957	0.01008	0.00568	0.00641	0.00973	0.01350	0.01787	0.04022	0.71290	0.08232	0.02163	0.00887	0.00281	0.00402	0.01956	0.00648	0.00568
94	0.01212	0.00606	0.00909	0.00909	0.00909	0.00606	0.00606	0.00909	0.00909	0.01212	0.01212	0.02121	0.01212	0.02424	0.02727	0.79697	0.00606	0.00606	0.00303	0.00303
95	0.01301	0.00650	0.00650	0.00650	0.00813	0.00650	0.00488	0.01626	0.01463	0.02602	0.02276	0.02602	0.01789	0.00813	0.00488	0.00163	0.00325	0.00650	0.79350	0.00650
96	0.00850	0.00607	0.00810	0.00972	0.01012	0.00567	0.00648	0.00972	0.01336	0.01781	0.03846	0.75020	0.04615	0.02186	0.00891	0.00283	0.00405	0.01984	0.00648	0.00567
97	0.01736	0.01499	0.01578	0.01420	0.01815	0.01736	0.01105	0.03708	0.69862	0.02919	0.02840	0.02604	0.02130	0.00947	0.00710	0.00237	0.00552	0.00789	0.00710	0.01105
98	0.01593	0.01637	0.02128	0.01830	0.01852	0.06462	0.01516	0.01747	0.01124	0.01681	0.00926	0.01510	0.00915	0.01191	0.02188	0.00298	0.69726	0.00601	0.00309	0.00766
99	0.00825	0.00707	0.00707	0.00707	0.00943	0.00589	0.00530	0.01001	0.01591	0.01885	0.07069	0.06716	0.70839	0.01767	0.00825	0.00236	0.00353	0.01473	0.00648	0.00589
100	0.01400	0.03610	0.71860	0.01989	0.03020	0.01621	0.02578	0.02210	0.01473	0.02210	0.01252	0.01473	0.00884	0.00663	0.00663	0.00221	0.01031	0.00516	0.00295	0.01031
101	0.01799	0.01531	0.01614	0.01433	0.01839	0.01765	0.01120	0.08230	0.65237	0.03022	0.02759	0.02539	0.02065	0.00939	0.00709	0.00235	0.00567	0.00778	0.00709	0.01110
102	0.00855	0.00611	0.00814	0.00969	0.01013	0.00570	0.00648	0.00983	0.01356	0.01813	0.05953	0.72822	0.04677	0.02162	0.00889	0.00281	0.00402	0.01961	0.00652	0.00570

[dist]
# distance from previous block
# <min> <max>
0	6

[block]
# block no. 5 follows, 30 sequences, length 9
# corresponding to MSA columns:
# 493-501
name=unknown_F
#
# <colnr> <probs for GDERKNQSTAVLIFYWHMCP>
#	G	D	E	R	K	N	Q	S	T	A	V	L	I	F	Y	W	H	M	C	P
0	0.11601	0.01885	0.01971	0.01526	0.02070	0.02095	0.01261	0.61115	0.03040	0.04252	0.01594	0.01613	0.01137	0.00816	0.00667	0.00210	0.00742	0.00599	0.00667	0.01137
1	0.00902	0.00702	0.00805	0.00792	0.00975	0.00621	0.00580	0.01125	0.01693	0.02206	0.31657	0.09683	0.37805	0.06160	0.00994	0.00259	0.00366	0.01389	0.00682	0.00605
2	0.01212	0.00606	0.00909	0.00909	0.00909	0.00606	0.00606	0.00909	0.00909	0.01212	0.01212	0.02121	0.01212	0.02424	0.02727	0.79697	0.00606	0.00606	0.00303	0.00303
3	0.02055	0.57353	0.03228	0.01348	0.01885	0.20625	0.01233	0.02268	0.01561	0.01659	0.00998	0.01155	0.00896	0.00628	0.00494	0.00157	0.00877	0.00393	0.00314	0.00873
4	0.01181	0.00606	0.00901	0.00914	0.00918	0.00603	0.00610	0.00914	0.00946	0.01261	0.01437	0.08353	0.01503	0.02404	0.02570	0.72909	0.00589	0.00724	0.00332	0.00326
5	0.01753	0.01854	0.08805	0.03512	0.47858	0.01706	0.08168	0.06726	0.08114	0.02470	0.01484	0.01798	0.01183	0.00667	0.00703	0.00214	0.00849	0.00647	0.00399	0.01089
6	0.05760	0.49304	0.20412	0.01418	0.02099	0.07055	0.01527	0.02164	0.01457	0.01863	0.01048	0.01218	0.00886	0.00624	0.00513	0.00173	0.00841	0.00414	0.00308	0.00917
7	0.33607	0.02047	0.21682	0.01373	0.02013	0.01557	0.01402	0.10719	0.01682	0.15676	0.01470	0.01529	0.01026	0.00716	0.00582	0.00217	0.00720	0.00509	0.00505	0.00969
8	0.01684	0.01529	0.02211	0.42522	0.12020	0.04212	0.04138	0.13428	0.06983	0.02388	0.01445	0.01849	0.01090	0.00728	0.00700	0.00224	0.00882	0.00636	0.00414	0.00917

[dist]
# distance from previous block
# <min> <max>
0	1

[block]
# block no. 6 follows, 30 sequences, length 18
# corresponding to MSA columns:
# 503-520
name=unknown_G
#
# <colnr> <probs for GDERKNQSTAVLIFYWHMCP>
#	G	D	E	R	K	N	Q	S	T	A	V	L	I	F	Y	W	H	M	C	P
0	0.01415	0.06320	0.63745	0.01960	0.02930	0.01639	0.05311	0.02175	0.01496	0.02209	0.03661	0.01607	0.01090	0.00684	0.00667	0.00219	0.01002	0.00549	0.00314	0.01009
1	0.07068	0.01132	0.01427	0.01160	0.01600	0.01057	0.00937	0.02905	0.09511	0.45352	0.14730	0.02980	0.05035	0.00991	0.00712	0.00220	0.00531	0.00818	0.00797	0.01039
2	0.02422	0.08326	0.06366	0.01682	0.02140	0.44796	0.01377	0.17312	0.02181	0.02338	0.01435	0.01555	0.03540	0.00772	0.00640	0.00189	0.01064	0.00525	0.00437	0.00905
3	0.00961	0.00662	0.00769	0.00808	0.00836	0.00643	0.00486	0.01003	0.01136	0.01497	0.02962	0.21909	0.08111	0.52133	0.02700	0.00548	0.00586	0.01285	0.00494	0.00470
4	0.01604	0.05312	0.42066	0.02142	0.05733	0.01754	0.13525	0.07810	0.06717	0.02416	0.01415	0.01644	0.01042	0.00698	0.00739	0.00223	0.03164	0.00600	0.00371	0.01025
5	0.01877	0.47610	0.14481	0.01685	0.08321	0.11887	0.01526	0.02208	0.01518	0.01801	0.01062	0.01251	0.00913	0.00626	0.00529	0.00170	0.00869	0.00429	0.00310	0.00925
6	0.03131	0.01188	0.01619	0.01242	0.01781	0.01026	0.01026	0.03401	0.01997	0.71606	0.02753	0.02375	0.01727	0.00864	0.00702	0.00216	0.00594	0.00702	0.00864	0.01188
7	0.01318	0.01240	0.02093	0.73798	0.04806	0.01550	0.01938	0.01783	0.01395	0.01783	0.01240	0.01860	0.00930	0.00698	0.00698	0.00233	0.00930	0.00620	0.00310	0.00775
8	0.05156	0.01963	0.13304	0.01608	0.03919	0.01748	0.01429	0.31073	0.13433	0.13803	0.01992	0.04181	0.01462	0.00860	0.00691	0.00219	0.00731	0.00680	0.00638	0.01111
9	0.00871	0.00623	0.00832	0.00982	0.01036	0.00584	0.00672	0.01014	0.01384	0.01851	0.07385	0.67945	0.04690	0.02133	0.00891	0.00282	0.00413	0.05185	0.00654	0.00575
10	0.03131	0.01188	0.01619	0.01242	0.01781	0.01026	0.01026	0.03401	0.01997	0.71606	0.02753	0.02375	0.01727	0.00864	0.00702	0.00216	0.00594	0.00702	0.00864	0.01188
11	0.02653	0.01955	0.02094	0.01606	0.02164	0.02164	0.01326	0.68796	0.03281	0.04398	0.01675	0.01675	0.01187	0.00838	0.00698	0.00209	0.00768	0.00628	0.00698	0.01187
12	0.01876	0.29062	0.16951	0.02240	0.19427	0.15402	0.01740	0.02258	0.01577	0.01929	0.01133	0.01369	0.00946	0.00640	0.00586	0.00184	0.00921	0.00478	0.00321	0.00959
13	0.05665	0.02029	0.01979	0.01560	0.02075	0.09944	0.01271	0.55989	0.02977	0.03973	0.01606	0.01646	0.01163	0.00816	0.00671	0.00204	0.00795	0.00599	0.03933	0.01105
14	0.01212	0.00606	0.00909	0.00909	0.00909	0.00606	0.00606	0.00909	0.00909	0.01212	0.01212	0.02121	0.01212	0.02424	0.02727	0.79697	0.00606	0.00606	0.00303	0.00303
15	0.01893	0.01477	0.01503	0.01319	0.01697	0.07492	0.01049	0.14059	0.25240	0.10399	0.07315	0.03515	0.11924	0.01132	0.00746	0.00231	0.00621	0.06743	0.00684	0.00961
