[name]
unknown

[dist]
# distance from previous block
# <min> <max>
1	62

[block]
# block no. 0 follows, 26 sequences, length 37
# corresponding to MSA columns:
# 64-100
name=unknown_A
#
# <colnr> <probs for GDERKNQSTAVLIFYWHMCP>
#	G	D	E	R	K	N	Q	S	T	A	V	L	I	F	Y	W	H	M	C	P
0	0.09130	0.01806	0.01939	0.01530	0.02088	0.03482	0.01246	0.36287	0.07415	0.16002	0.02097	0.04525	0.01547	0.00931	0.00727	0.00225	0.00741	0.00719	0.00735	0.06827
1	0.12487	0.01973	0.02066	0.01622	0.02187	0.02199	0.01335	0.53005	0.05857	0.04429	0.01784	0.01829	0.01294	0.01059	0.03198	0.00265	0.00836	0.00660	0.00710	0.01204
2	0.02704	0.02938	0.02143	0.01856	0.02294	0.42532	0.01438	0.19827	0.09408	0.02771	0.01542	0.01654	0.01203	0.00862	0.00778	0.00215	0.03700	0.00586	0.00527	0.01021
3	0.01362	0.01045	0.01371	0.01267	0.01374	0.01255	0.00970	0.05234	0.01363	0.02018	0.01928	0.03056	0.01865	0.19334	0.27348	0.00724	0.16894	0.00825	0.10066	0.00701
4	0.01493	0.01324	0.02000	0.01795	0.03776	0.01427	0.12437	0.05762	0.12533	0.02420	0.02903	0.28642	0.03006	0.01561	0.01106	0.00290	0.09840	0.06206	0.00605	0.00873
5	0.01435	0.01307	0.02206	0.43249	0.13062	0.01492	0.05504	0.01874	0.01556	0.02093	0.01874	0.13016	0.01720	0.00998	0.00784	0.00253	0.00884	0.00918	0.04913	0.00860
6	0.00924	0.00660	0.00880	0.01056	0.01100	0.00616	0.00704	0.01056	0.01452	0.01936	0.04181	0.72848	0.05017	0.02376	0.00968	0.00308	0.00440	0.02156	0.00704	0.00616
7	0.00929	0.00699	0.00861	0.00969	0.01082	0.00631	0.00670	0.01097	0.01586	0.02060	0.10535	0.49275	0.22489	0.02182	0.00942	0.00288	0.00418	0.01938	0.00715	0.00631
8	0.02686	0.02045	0.02259	0.01769	0.02291	0.02330	0.01460	0.55324	0.05854	0.04336	0.01767	0.01842	0.01294	0.00969	0.00981	0.00242	0.09933	0.00688	0.00705	0.01227
9	0.01064	0.00794	0.01084	0.01130	0.01205	0.00859	0.00814	0.01209	0.01313	0.01798	0.03140	0.30880	0.07008	0.10977	0.23676	0.04452	0.06036	0.01402	0.00538	0.00621
10	0.01971	0.01671	0.01762	0.01561	0.02004	0.01926	0.01221	0.09261	0.61874	0.03308	0.02980	0.02745	0.02229	0.01019	0.00771	0.00255	0.00620	0.00843	0.00771	0.01208
11	0.01877	0.01802	0.03079	0.04656	0.68612	0.01802	0.02328	0.02328	0.01727	0.02478	0.01427	0.01877	0.01201	0.00676	0.00751	0.00225	0.00901	0.00676	0.00375	0.01201
12	0.01372	0.01370	0.02711	0.02136	0.02555	0.01282	0.33748	0.01775	0.01664	0.02251	0.06580	0.33015	0.03181	0.01447	0.00927	0.00277	0.00861	0.01471	0.00549	0.00828
13	0.00961	0.00694	0.00918	0.01083	0.01156	0.00650	0.00763	0.01124	0.01506	0.01986	0.04362	0.60835	0.08582	0.02314	0.00974	0.00310	0.00470	0.09981	0.00703	0.00628
14	0.02402	0.01812	0.01951	0.01614	0.02127	0.02028	0.01295	0.29731	0.36473	0.08272	0.02556	0.02395	0.01861	0.00974	0.00766	0.00243	0.00700	0.00779	0.00778	0.01244
15	0.02604	0.01909	0.02045	0.01605	0.02130	0.02108	0.01300	0.53872	0.06933	0.04313	0.01974	0.02194	0.01505	0.07022	0.01010	0.00270	0.00789	0.00730	0.04502	0.01186
16	0.01434	0.03657	0.01919	0.01652	0.01723	0.01780	0.01352	0.01637	0.01208	0.01807	0.01517	0.05600	0.01508	0.02885	0.26119	0.00636	0.41640	0.00781	0.00376	0.00770
17	0.01656	0.00904	0.01201	0.01053	0.01334	0.00815	0.00815	0.01998	0.02153	0.19569	0.51903	0.04895	0.05837	0.01398	0.00862	0.00238	0.00430	0.01219	0.00861	0.00860
18	0.02762	0.03184	0.02251	0.02143	0.07932	0.51853	0.01534	0.14729	0.02378	0.02454	0.01315	0.01495	0.01054	0.00797	0.00704	0.00204	0.01229	0.00541	0.00458	0.00983
19	0.01989	0.02314	0.03543	0.09237	0.03538	0.17911	0.39395	0.02472	0.01795	0.02198	0.01387	0.01853	0.01084	0.00742	0.00967	0.00248	0.07232	0.00760	0.00377	0.00956
20	0.60866	0.01580	0.01363	0.01154	0.01655	0.01793	0.00951	0.14162	0.01757	0.06936	0.01295	0.01409	0.00961	0.00754	0.00538	0.00233	0.00636	0.00479	0.00547	0.00932
21	0.01739	0.01557	0.02131	0.33820	0.06696	0.05862	0.03384	0.12217	0.01830	0.02372	0.01669	0.08030	0.01478	0.03312	0.01120	0.04807	0.05847	0.00807	0.00446	0.00877
22	0.01659	0.01659	0.02323	0.01991	0.01991	0.02323	0.01659	0.01825	0.01162	0.01825	0.00996	0.01659	0.00996	0.01328	0.02489	0.00332	0.71955	0.00664	0.00332	0.00830
23	0.01741	0.22616	0.26296	0.01947	0.06258	0.02109	0.03618	0.02218	0.01552	0.04475	0.03594	0.04682	0.01395	0.00906	0.00988	0.00237	0.13331	0.00651	0.00383	0.01002
24	0.01684	0.12143	0.03632	0.09213	0.07861	0.01879	0.37783	0.02179	0.01697	0.02237	0.01980	0.07211	0.05249	0.00851	0.00819	0.00244	0.01049	0.00918	0.00411	0.00960
25	0.03275	0.01319	0.01756	0.01366	0.01939	0.01180	0.01122	0.03725	0.07656	0.63577	0.03000	0.02603	0.01915	0.00946	0.00764	0.00237	0.00642	0.00771	0.00925	0.01283
26	0.00921	0.00674	0.00866	0.01019	0.01090	0.00619	0.00688	0.01060	0.01488	0.01951	0.04629	0.64454	0.13122	0.02318	0.00959	0.00301	0.00433	0.02085	0.00704	0.00619
27	0.02612	0.01936	0.02032	0.01641	0.02150	0.06582	0.01328	0.35946	0.15615	0.12257	0.05398	0.02267	0.01821	0.00977	0.00834	0.00237	0.03676	0.00747	0.00746	0.01198
28	0.00928	0.00671	0.00879	0.01036	0.01097	0.00621	0.00697	0.01072	0.01493	0.01983	0.06715	0.66622	0.08744	0.02320	0.00961	0.00303	0.00434	0.02096	0.00709	0.00621
29	0.01103	0.00735	0.00827	0.00827	0.00827	0.00735	0.00460	0.01103	0.01103	0.01471	0.02390	0.04964	0.02758	0.73343	0.03861	0.00735	0.00735	0.01103	0.00460	0.00460
30	0.01652	0.01681	0.02392	0.11173	0.02539	0.05434	0.06802	0.01905	0.01319	0.01892	0.01240	0.04207	0.01179	0.01362	0.04416	0.00340	0.48545	0.00731	0.00355	0.00837
31	0.01743	0.01767	0.02811	0.02252	0.02475	0.02209	0.16996	0.04316	0.04162	0.02130	0.01241	0.01807	0.01098	0.01136	0.01975	0.00307	0.49561	0.00728	0.00378	0.00908
32	0.01116	0.00824	0.01084	0.01223	0.01397	0.00792	0.01022	0.01405	0.01705	0.02181	0.04800	0.16528	0.17748	0.02095	0.01006	0.00325	0.00600	0.42773	0.00700	0.00676
33	0.01705	0.01795	0.03077	0.02414	0.02682	0.02181	0.24145	0.02037	0.01382	0.02037	0.01184	0.01795	0.01050	0.01087	0.01931	0.00305	0.47200	0.00745	0.00350	0.00897
34	0.02855	0.01831	0.02053	0.01611	0.02184	0.01960	0.01319	0.40041	0.13538	0.21000	0.02326	0.02180	0.01607	0.00937	0.00762	0.00234	0.00748	0.00732	0.00807	0.01276
35	0.02657	0.01935	0.02092	0.01664	0.02223	0.02142	0.01355	0.45285	0.20291	0.08898	0.02238	0.02141	0.01602	0.00944	0.00763	0.00236	0.00759	0.00735	0.00775	0.01266
36	0.01089	0.00796	0.00993	0.01048	0.01173	0.00735	0.00709	0.03216	0.01475	0.02009	0.03491	0.51331	0.04086	0.13889	0.01395	0.00354	0.00515	0.01743	0.00637	0.09316

[dist]
# distance from previous block
# <min> <max>
0	2

[block]
# block no. 1 follows, 26 sequences, length 35
# corresponding to MSA columns:
# 103-137
name=unknown_B
#
# <colnr> <probs for GDERKNQSTAVLIFYWHMCP>
#	G	D	E	R	K	N	Q	S	T	A	V	L	I	F	Y	W	H	M	C	P
0	0.02134	0.01534	0.01722	0.01335	0.01902	0.01480	0.01075	0.19761	0.11428	0.09631	0.01982	0.02029	0.01484	0.00788	0.00661	0.00182	0.00630	0.00624	0.07681	0.31936
1	0.00942	0.00673	0.00900	0.01076	0.01128	0.00631	0.00734	0.01086	0.01469	0.01956	0.04171	0.69090	0.04979	0.02360	0.00973	0.00310	0.00455	0.05742	0.00704	0.00621
2	0.02028	0.73799	0.03975	0.01298	0.01947	0.03001	0.01298	0.02271	0.01541	0.01785	0.01055	0.01217	0.00973	0.00649	0.00487	0.00162	0.00811	0.00406	0.00324	0.00973
3	0.02109	0.01331	0.01628	0.01190	0.01838	0.01041	0.00962	0.02433	0.01748	0.21986	0.01829	0.01868	0.01344	0.00672	0.00621	0.00148	0.00586	0.00541	0.00593	0.55532
4	0.01340	0.01146	0.01532	0.01389	0.01409	0.01453	0.01051	0.01453	0.01146	0.01668	0.01734	0.03238	0.01867	0.32048	0.13309	0.00634	0.31665	0.00870	0.00396	0.00652
5	0.01042	0.00763	0.00978	0.00948	0.01120	0.00699	0.00702	0.01361	0.02037	0.02837	0.56066	0.12748	0.12531	0.01670	0.00902	0.00247	0.00369	0.01474	0.00810	0.00699
6	0.01085	0.00728	0.00833	0.00851	0.00855	0.00723	0.00485	0.01098	0.01139	0.01519	0.02575	0.11969	0.02991	0.66020	0.03562	0.00691	0.00705	0.01212	0.00485	0.00476
7	0.02210	0.01730	0.01913	0.01438	0.02069	0.01688	0.01171	0.32469	0.05575	0.03600	0.01654	0.01749	0.01258	0.00749	0.00665	0.00174	0.00693	0.00579	0.00611	0.38005
8	0.01016	0.00729	0.00946	0.01089	0.01159	0.00698	0.00739	0.04120	0.01552	0.02070	0.04069	0.69501	0.04841	0.02307	0.00958	0.00304	0.00459	0.02087	0.00707	0.00648
9	0.02324	0.01170	0.01483	0.01241	0.01656	0.01104	0.00985	0.04942	0.10699	0.34166	0.21555	0.06639	0.06250	0.01223	0.00815	0.00243	0.00545	0.01037	0.00862	0.01062
10	0.00924	0.00660	0.00880	0.01056	0.01100	0.00616	0.00704	0.01056	0.01452	0.01936	0.04181	0.72848	0.05017	0.02376	0.00968	0.00308	0.00440	0.02156	0.00704	0.00616
11	0.01877	0.01802	0.03079	0.04656	0.68612	0.01802	0.02328	0.02328	0.01727	0.02478	0.01427	0.01877	0.01201	0.00676	0.00751	0.00225	0.00901	0.00676	0.00375	0.01201
12	0.02883	0.02125	0.02276	0.01745	0.02352	0.02352	0.01442	0.66082	0.03566	0.04780	0.01821	0.01821	0.01290	0.00911	0.00759	0.00228	0.00835	0.00683	0.00759	0.01290
13	0.01548	0.00837	0.00851	0.00802	0.01018	0.00858	0.00614	0.07652	0.01771	0.03007	0.02415	0.02736	0.01884	0.00886	0.00551	0.00181	0.00398	0.00705	0.70527	0.00760
14	0.02964	0.01610	0.01911	0.01507	0.02071	0.01639	0.01231	0.23005	0.14569	0.37150	0.02648	0.02393	0.01777	0.00947	0.00763	0.00237	0.00696	0.00756	0.00853	0.01274
15	0.03171	0.01274	0.01696	0.01318	0.01852	0.01131	0.01068	0.06010	0.02130	0.60314	0.02889	0.02769	0.01934	0.07563	0.01046	0.00280	0.00661	0.00791	0.00888	0.01215
16	0.01392	0.00816	0.01021	0.01025	0.01238	0.00722	0.00746	0.01583	0.01701	0.14705	0.08221	0.37645	0.22403	0.01934	0.00905	0.00276	0.00459	0.01696	0.00755	0.00755
17	0.01981	0.04951	0.02036	0.13269	0.02444	0.17006	0.01408	0.12778	0.01866	0.02297	0.01610	0.05809	0.01517	0.12036	0.01557	0.00324	0.15034	0.00762	0.00456	0.00859
18	0.01325	0.01149	0.01796	0.43787	0.03606	0.01386	0.01570	0.01679	0.01435	0.01914	0.01948	0.13039	0.01891	0.10730	0.01295	0.00326	0.05062	0.00954	0.04358	0.00750
19	0.01629	0.01371	0.01611	0.03737	0.01917	0.01108	0.00959	0.05865	0.01675	0.02554	0.01421	0.01747	0.01198	0.03641	0.00719	0.00151	0.00602	0.00500	0.00465	0.67130
20	0.01528	0.08098	0.02737	0.06690	0.05366	0.04029	0.24167	0.01913	0.01679	0.02224	0.09989	0.17221	0.02712	0.04532	0.01043	0.00277	0.03312	0.01133	0.00497	0.00855
21	0.00922	0.00670	0.00870	0.01030	0.01093	0.00618	0.00692	0.01059	0.01478	0.01947	0.04501	0.66850	0.10807	0.02335	0.00962	0.00303	0.00435	0.02105	0.00704	0.00618
22	0.61357	0.01426	0.01263	0.01079	0.01575	0.01566	0.00889	0.02568	0.01494	0.18544	0.01502	0.01543	0.01065	0.00758	0.00537	0.00235	0.00600	0.00492	0.00578	0.00930
23	0.07039	0.01509	0.03829	0.01394	0.01908	0.01471	0.01153	0.07565	0.24284	0.30255	0.03209	0.02936	0.07971	0.01037	0.00759	0.00244	0.00631	0.00839	0.00801	0.01167
24	0.02830	0.01930	0.02122	0.01657	0.02237	0.02100	0.01359	0.48192	0.11852	0.14476	0.02170	0.02073	0.01517	0.00931	0.00761	0.00233	0.00774	0.00719	0.00788	0.01278
25	0.00949	0.00759	0.00849	0.00851	0.01063	0.00659	0.00629	0.01182	0.01819	0.02319	0.24474	0.13601	0.44447	0.01863	0.00903	0.00257	0.00382	0.01593	0.00741	0.00659
26	0.01659	0.01659	0.02323	0.01991	0.01991	0.02323	0.01659	0.01825	0.01162	0.01825	0.00996	0.01659	0.00996	0.01328	0.02489	0.00332	0.71955	0.00664	0.00332	0.00830
27	0.03334	0.01402	0.01829	0.01402	0.01992	0.01279	0.01158	0.11990	0.02356	0.60582	0.02837	0.02481	0.01799	0.00935	0.00762	0.00234	0.00671	0.00752	0.00915	0.01291
28	0.01592	0.01568	0.02191	0.01906	0.01910	0.02167	0.01572	0.01755	0.01188	0.01836	0.01287	0.08173	0.01364	0.01424	0.02350	0.00330	0.65411	0.00800	0.00366	0.00810
29	0.02255	0.01257	0.01530	0.01295	0.01705	0.01240	0.01022	0.10750	0.12723	0.27200	0.14902	0.11639	0.06588	0.01280	0.00818	0.00248	0.00573	0.01085	0.00831	0.01060
30	0.01722	0.01055	0.01290	0.01159	0.01470	0.01042	0.00892	0.02375	0.15114	0.17287	0.22594	0.08422	0.11816	0.04068	0.05898	0.00334	0.00610	0.01160	0.00778	0.00914
31	0.01877	0.01802	0.03079	0.04656	0.68612	0.01802	0.02328	0.02328	0.01727	0.02478	0.01427	0.01877	0.01201	0.00676	0.00751	0.00225	0.00901	0.00676	0.00375	0.01201
32	0.02689	0.01824	0.02031	0.01618	0.02151	0.01969	0.01331	0.46625	0.05913	0.12945	0.02259	0.02712	0.01755	0.03665	0.00900	0.00260	0.00783	0.06603	0.00767	0.01201
33	0.10004	0.02251	0.02124	0.01688	0.02249	0.12582	0.01372	0.47556	0.03072	0.07238	0.01706	0.01733	0.01226	0.00873	0.00720	0.00224	0.00884	0.00632	0.00684	0.01184
34	0.01070	0.00761	0.00901	0.00928	0.00958	0.00770	0.00579	0.01123	0.01235	0.01640	0.03153	0.20985	0.08198	0.48038	0.02894	0.00581	0.03763	0.01370	0.00530	0.00526

[dist]
# distance from previous block
# <min> <max>
1	2

[block]
# block no. 2 follows, 26 sequences, length 30
# corresponding to MSA columns:
# 140-169
name=unknown_C
#
# <colnr> <probs for GDERKNQSTAVLIFYWHMCP>
#	G	D	E	R	K	N	Q	S	T	A	V	L	I	F	Y	W	H	M	C	P
0	0.02713	0.02152	0.02149	0.01692	0.02266	0.09067	0.01374	0.47866	0.08594	0.06082	0.01862	0.01864	0.01350	0.00882	0.00738	0.00219	0.00843	0.00663	0.00705	0.06920
1	0.02838	0.03485	0.02161	0.01936	0.02346	0.64378	0.01463	0.08523	0.02273	0.02111	0.01229	0.01407	0.01004	0.00793	0.00690	0.00198	0.01321	0.00505	0.00423	0.00915
2	0.01587	0.01397	0.01736	0.01264	0.01894	0.01138	0.03419	0.01924	0.01552	0.02424	0.01330	0.01597	0.01115	0.00619	0.00711	0.00133	0.05638	0.00481	0.00439	0.69602
3	0.01101	0.00743	0.00864	0.00864	0.00877	0.00756	0.00506	0.01127	0.01114	0.01498	0.02356	0.04775	0.02676	0.66919	0.10172	0.00781	0.00858	0.01075	0.00455	0.00480
4	0.01047	0.00765	0.00983	0.00948	0.01122	0.00701	0.00703	0.01372	0.02055	0.02868	0.57929	0.11453	0.11920	0.01650	0.00901	0.00246	0.00367	0.01456	0.00813	0.00701
5	0.13024	0.01384	0.01721	0.01338	0.01911	0.01294	0.01105	0.08760	0.02175	0.55282	0.02645	0.02344	0.01693	0.00906	0.00725	0.00234	0.00654	0.00711	0.00863	0.01231
6	0.02005	0.01277	0.01338	0.01125	0.01474	0.01369	0.00897	0.27633	0.02385	0.03613	0.02212	0.02423	0.01681	0.00894	0.00622	0.00197	0.00547	0.00697	0.46669	0.00941
7	0.06761	0.01349	0.01712	0.01331	0.01885	0.01249	0.01095	0.10312	0.02241	0.54308	0.02736	0.02452	0.01768	0.00921	0.00732	0.00230	0.00643	0.00733	0.06315	0.01227
8	0.00924	0.00660	0.00880	0.01056	0.01100	0.00616	0.00704	0.01056	0.01452	0.01936	0.04181	0.72848	0.05017	0.02376	0.00968	0.00308	0.00440	0.02156	0.00704	0.00616
9	0.01003	0.00744	0.00935	0.00948	0.01105	0.00676	0.00688	0.01272	0.01890	0.02575	0.40642	0.23682	0.17375	0.01834	0.00914	0.00260	0.00384	0.01619	0.00777	0.00676
10	0.02103	0.53152	0.03468	0.01493	0.02014	0.13334	0.01373	0.02328	0.01584	0.01801	0.01065	0.01300	0.00977	0.00761	0.00789	0.00190	0.10539	0.00453	0.00336	0.00939
11	0.01292	0.00841	0.01154	0.01281	0.01443	0.00816	0.01048	0.01567	0.01673	0.06880	0.03926	0.25158	0.04303	0.04774	0.01112	0.00345	0.00627	0.40342	0.00708	0.00709
12	0.01084	0.00813	0.01219	0.01219	0.01354	0.00948	0.00948	0.01354	0.01219	0.01761	0.02032	0.02980	0.01896	0.05689	0.70337	0.01219	0.02032	0.00813	0.00406	0.00677
13	0.78701	0.01467	0.01115	0.00997	0.01467	0.01702	0.00821	0.02230	0.01291	0.03403	0.01056	0.01232	0.00821	0.00704	0.00469	0.00235	0.00587	0.00411	0.00469	0.00821
14	0.01995	0.01834	0.02906	0.04037	0.54024	0.01921	0.02151	0.10926	0.01929	0.02735	0.01444	0.01851	0.01196	0.00762	0.00898	0.00235	0.06873	0.00676	0.00424	0.01182
15	0.01475	0.00850	0.00982	0.10345	0.01531	0.00905	0.00780	0.04358	0.01659	0.02785	0.02296	0.02678	0.01792	0.00868	0.00570	0.00189	0.00462	0.00702	0.64024	0.00749
16	0.01132	0.00769	0.00985	0.00971	0.01133	0.00706	0.00703	0.01399	0.01889	0.05582	0.41519	0.20749	0.11301	0.06367	0.01097	0.00288	0.00416	0.01523	0.00775	0.00696
17	0.02817	0.02061	0.02206	0.01698	0.02286	0.02278	0.01401	0.63188	0.03477	0.04692	0.01850	0.01866	0.01319	0.00909	0.00748	0.00225	0.00813	0.00684	0.04215	0.01264
18	0.00973	0.00734	0.00900	0.00938	0.01092	0.00661	0.00673	0.01208	0.01793	0.02388	0.29523	0.29160	0.23321	0.01936	0.00920	0.00267	0.00393	0.01704	0.00754	0.00661
19	0.02119	0.01808	0.07161	0.01477	0.01979	0.04207	0.01247	0.25075	0.09469	0.06777	0.03656	0.02443	0.01724	0.09746	0.03997	0.03483	0.00822	0.00729	0.00614	0.11467
20	0.02182	0.01543	0.01820	0.01537	0.01899	0.01716	0.01225	0.30064	0.05086	0.10200	0.02462	0.18922	0.02274	0.01561	0.04515	0.00312	0.09900	0.01054	0.00693	0.01036
21	0.03382	0.01324	0.01781	0.01365	0.01953	0.01165	0.01128	0.06214	0.02227	0.66540	0.02945	0.02551	0.01854	0.00938	0.00763	0.00234	0.00653	0.00760	0.00932	0.01291
22	0.01463	0.01390	0.02282	0.62098	0.04786	0.01772	0.02046	0.01923	0.01469	0.01923	0.01300	0.01973	0.01009	0.00835	0.00993	0.00264	0.10625	0.00673	0.00336	0.00841
23	0.01807	0.01852	0.03104	0.07310	0.30922	0.04241	0.15923	0.02217	0.01592	0.02242	0.01322	0.01847	0.01117	0.00851	0.01246	0.00261	0.20038	0.00714	0.00364	0.01032
24	0.00945	0.00676	0.00899	0.01042	0.01105	0.00630	0.00706	0.01108	0.01549	0.02090	0.13088	0.63503	0.05314	0.02261	0.00958	0.00298	0.00429	0.02047	0.00722	0.00630
25	0.01103	0.00735	0.00827	0.00827	0.00827	0.00735	0.00460	0.01103	0.01103	0.01471	0.02390	0.04964	0.02758	0.73343	0.03861	0.00735	0.00735	0.01103	0.00460	0.00460
26	0.01878	0.63888	0.03555	0.01265	0.01832	0.02678	0.01217	0.02107	0.01529	0.01805	0.01478	0.10924	0.01521	0.00883	0.00552	0.00182	0.00761	0.00643	0.00376	0.00925
27	0.01558	0.03669	0.60613	0.02302	0.03375	0.01783	0.11348	0.02406	0.01627	0.02406	0.01385	0.01662	0.00987	0.00710	0.00744	0.00242	0.01142	0.00606	0.00329	0.01108
28	0.01268	0.01040	0.01095	0.01029	0.01337	0.01017	0.00799	0.08157	0.11959	0.02507	0.06080	0.08092	0.46020	0.01705	0.00874	0.00260	0.00482	0.04765	0.00720	0.00795
29	0.01595	0.01368	0.01583	0.01153	0.01810	0.01073	0.00920	0.02060	0.06217	0.02521	0.01471	0.01662	0.01208	0.00595	0.00577	0.00123	0.00564	0.00478	0.00472	0.72550

[dist]
# distance from previous block
# <min> <max>
0	2

[block]
# block no. 3 follows, 26 sequences, length 19
# corresponding to MSA columns:
# 172-190
name=unknown_D
#
# <colnr> <probs for GDERKNQSTAVLIFYWHMCP>
#	G	D	E	R	K	N	Q	S	T	A	V	L	I	F	Y	W	H	M	C	P
0	0.01722	0.02302	0.16040	0.02398	0.02870	0.04923	0.21823	0.02176	0.01484	0.02127	0.01242	0.01756	0.01036	0.00973	0.01574	0.00285	0.33266	0.00708	0.00348	0.00949
1	0.01444	0.01348	0.02218	0.65768	0.04944	0.01630	0.02008	0.01936	0.01521	0.01982	0.01348	0.01986	0.01020	0.00742	0.00742	0.00241	0.00974	0.00656	0.00346	0.07146
2	0.02838	0.03481	0.02161	0.01935	0.02346	0.64175	0.01463	0.08711	0.02277	0.02120	0.01231	0.01409	0.01005	0.00793	0.00691	0.00198	0.01320	0.00506	0.00424	0.00916
3	0.01738	0.03506	0.01314	0.01068	0.01378	0.00903	0.00840	0.02068	0.02117	0.21044	0.45789	0.04724	0.07713	0.01365	0.00844	0.00235	0.00454	0.01179	0.00841	0.00879
4	0.01076	0.00772	0.01000	0.00945	0.01110	0.00717	0.00696	0.01407	0.02068	0.02923	0.63225	0.05613	0.06824	0.06989	0.01119	0.00276	0.00386	0.01351	0.00807	0.00696
5	0.01196	0.00876	0.01094	0.01016	0.01232	0.00834	0.00780	0.06052	0.02197	0.03050	0.55574	0.05655	0.11605	0.01560	0.00892	0.00244	0.00410	0.04171	0.00813	0.00750
6	0.01318	0.00659	0.00988	0.00988	0.00988	0.00659	0.00659	0.00988	0.00988	0.01318	0.01318	0.02306	0.01318	0.02635	0.02964	0.77931	0.00659	0.00659	0.00329	0.00329
7	0.02837	0.03508	0.02159	0.01939	0.02345	0.65419	0.01464	0.07556	0.02251	0.02066	0.01219	0.01400	0.01000	0.00791	0.00689	0.00198	0.01330	0.00502	0.00417	0.00909
8	0.02838	0.01656	0.01928	0.01512	0.02059	0.01710	0.01237	0.32377	0.07744	0.28412	0.08335	0.02527	0.02115	0.00988	0.00773	0.00233	0.00704	0.00788	0.00834	0.01232
9	0.01150	0.00845	0.01124	0.01266	0.01451	0.00819	0.01081	0.01461	0.01731	0.02215	0.04706	0.10893	0.16311	0.02074	0.01016	0.00330	0.00630	0.49512	0.00700	0.00684
10	0.00899	0.00759	0.00778	0.00794	0.01031	0.00638	0.00588	0.01086	0.01704	0.02039	0.07368	0.13207	0.62601	0.01962	0.00903	0.00261	0.00389	0.01651	0.00704	0.00638
11	0.02883	0.02125	0.02276	0.01745	0.02352	0.02352	0.01442	0.66082	0.03566	0.04780	0.01821	0.01821	0.01290	0.00911	0.00759	0.00228	0.00835	0.00683	0.00759	0.01290
12	0.01073	0.00879	0.01063	0.01122	0.01219	0.03003	0.00804	0.01252	0.01585	0.02103	0.13834	0.45679	0.12651	0.02047	0.01083	0.00290	0.07197	0.01776	0.00679	0.00663
13	0.01129	0.00879	0.01306	0.01280	0.01404	0.01056	0.01004	0.01391	0.01215	0.01766	0.01951	0.02876	0.01826	0.05347	0.65021	0.01150	0.07510	0.00801	0.00401	0.00689
14	0.02009	0.01366	0.01544	0.01348	0.01743	0.01467	0.01056	0.08332	0.33112	0.13994	0.14103	0.05512	0.03050	0.01128	0.00778	0.00244	0.00561	0.00947	0.06623	0.01083
15	0.01597	0.01574	0.02310	0.21168	0.02883	0.02147	0.01783	0.01856	0.01260	0.01856	0.01093	0.01760	0.01000	0.01171	0.02012	0.00310	0.52388	0.00667	0.00333	0.00833
16	0.02293	0.01660	0.01589	0.01337	0.01730	0.10845	0.01062	0.24242	0.02380	0.10070	0.02093	0.02268	0.01577	0.01230	0.05666	0.00278	0.00808	0.00682	0.27204	0.00989
17	0.27465	0.05008	0.01912	0.01676	0.04046	0.32540	0.01279	0.05515	0.01819	0.04698	0.01213	0.01418	0.00978	0.00804	0.00763	0.00222	0.06799	0.00498	0.00443	0.00902
18	0.01825	0.15752	0.04953	0.13828	0.09492	0.13041	0.06473	0.02181	0.01661	0.02062	0.01683	0.05783	0.01562	0.00974	0.00871	0.00238	0.06757	0.06340	0.03620	0.00903

[dist]
# distance from previous block
# <min> <max>
0	1

[block]
# block no. 4 follows, 26 sequences, length 29
# corresponding to MSA columns:
# 192-220
name=unknown_E
#
# <colnr> <probs for GDERKNQSTAVLIFYWHMCP>
#	G	D	E	R	K	N	Q	S	T	A	V	L	I	F	Y	W	H	M	C	P
0	0.01030	0.00754	0.00972	0.00996	0.01150	0.00696	0.00740	0.01313	0.01897	0.02596	0.40460	0.22654	0.13056	0.01840	0.00926	0.00267	0.00409	0.06785	0.00777	0.00681
1	0.09410	0.09762	0.02325	0.10333	0.05934	0.04811	0.06263	0.13920	0.04981	0.08617	0.05694	0.02193	0.01648	0.04099	0.00923	0.00250	0.03890	0.00699	0.00544	0.03707
2	0.05181	0.17624	0.20469	0.09529	0.05489	0.01863	0.01724	0.06926	0.04698	0.04812	0.01902	0.12977	0.01736	0.01005	0.00711	0.00234	0.00838	0.00821	0.00468	0.00990
3	0.06724	0.01299	0.01732	0.01334	0.01916	0.01141	0.01102	0.03632	0.02132	0.66238	0.02907	0.02522	0.01831	0.00928	0.00750	0.00235	0.00643	0.00747	0.00918	0.01270
4	0.00944	0.00675	0.00898	0.01043	0.01105	0.00629	0.00706	0.01106	0.01545	0.02084	0.12730	0.63878	0.05302	0.02266	0.00958	0.00299	0.00429	0.02052	0.00722	0.00629
5	0.07744	0.07413	0.23577	0.24778	0.06499	0.05052	0.04921	0.02212	0.01573	0.02268	0.01351	0.01758	0.01031	0.00747	0.00742	0.00236	0.02858	0.00601	0.03680	0.00958
6	0.00945	0.00675	0.00904	0.01080	0.01133	0.00634	0.00741	0.01092	0.01473	0.01960	0.04169	0.68321	0.04971	0.02357	0.00974	0.00311	0.00458	0.06477	0.00704	0.00622
7	0.01099	0.00747	0.00888	0.00885	0.00911	0.00763	0.00536	0.01151	0.01164	0.01577	0.05191	0.04729	0.02833	0.61203	0.12608	0.00778	0.00892	0.01076	0.00469	0.00500
8	0.01702	0.08277	0.42731	0.07516	0.03169	0.08279	0.06340	0.02360	0.01610	0.02217	0.01296	0.01619	0.00982	0.00778	0.00887	0.00241	0.08044	0.00583	0.00334	0.01032
9	0.05810	0.01361	0.01640	0.01318	0.01779	0.01345	0.01066	0.19424	0.02494	0.29000	0.22615	0.03269	0.03297	0.01109	0.00789	0.00234	0.00605	0.00913	0.00839	0.01094
10	0.01193	0.00852	0.01189	0.01364	0.01525	0.00848	0.01172	0.01521	0.01717	0.02237	0.04032	0.14838	0.04429	0.02123	0.01040	0.00345	0.00673	0.57512	0.00699	0.00690
11	0.02025	0.61316	0.08397	0.01430	0.02067	0.06989	0.01430	0.02306	0.01565	0.01834	0.01081	0.01273	0.00974	0.00693	0.00606	0.00177	0.04102	0.00433	0.00329	0.00972
12	0.01208	0.00914	0.01094	0.01014	0.01238	0.00891	0.00763	0.04413	0.08462	0.02919	0.47559	0.05414	0.14605	0.04932	0.01018	0.00266	0.00424	0.01310	0.00790	0.00765
13	0.08395	0.01865	0.19594	0.04475	0.02176	0.01236	0.01484	0.02190	0.01732	0.12935	0.10801	0.08063	0.02577	0.01106	0.00760	0.00238	0.00725	0.07504	0.00583	0.11561
14	0.01564	0.01348	0.01615	0.05394	0.02005	0.01052	0.00972	0.01912	0.01569	0.02439	0.01348	0.01600	0.01117	0.00574	0.00574	0.00121	0.00589	0.00463	0.00443	0.73301
15	0.02653	0.11241	0.02321	0.01827	0.02264	0.51883	0.01419	0.06888	0.08527	0.02155	0.01386	0.01521	0.01126	0.00799	0.00675	0.00200	0.01198	0.00527	0.00443	0.00946
16	0.01928	0.09256	0.25302	0.01629	0.02321	0.01552	0.04491	0.07325	0.01973	0.15373	0.14315	0.02880	0.06414	0.00992	0.00759	0.00232	0.00800	0.00820	0.00593	0.01044
17	0.07970	0.02030	0.02168	0.01671	0.02268	0.02234	0.01381	0.58041	0.03330	0.08592	0.01841	0.01828	0.01294	0.00898	0.00740	0.00229	0.00807	0.00670	0.00750	0.01259
18	0.02200	0.01718	0.01842	0.01576	0.02054	0.01943	0.01249	0.17758	0.49164	0.07553	0.02801	0.02591	0.02062	0.00997	0.00768	0.00249	0.00655	0.00813	0.00779	0.01226
19	0.01114	0.00742	0.00862	0.00862	0.00883	0.00756	0.00512	0.01157	0.01136	0.01559	0.02357	0.04670	0.02635	0.63332	0.10481	0.00760	0.00851	0.01056	0.03781	0.00492
20	0.02833	0.03615	0.02149	0.01954	0.02345	0.70298	0.01466	0.03029	0.02149	0.01856	0.01172	0.01368	0.00977	0.00782	0.00684	0.00195	0.01368	0.00489	0.00391	0.00879
21	0.02719	0.01533	0.01833	0.01414	0.02006	0.01465	0.01153	0.17671	0.09791	0.32554	0.02382	0.02219	0.01631	0.00862	0.00720	0.00209	0.00666	0.00688	0.00774	0.17709
22	0.00909	0.00761	0.00791	0.00800	0.01036	0.00643	0.00594	0.01107	0.01735	0.02101	0.11109	0.11817	0.60138	0.01931	0.00901	0.00259	0.00387	0.01626	0.00712	0.00643
23	0.00926	0.00776	0.00810	0.00819	0.01066	0.00659	0.00626	0.01136	0.01749	0.02108	0.10148	0.07310	0.61304	0.01916	0.00906	0.00262	0.00404	0.05718	0.00710	0.00648
24	0.02742	0.05838	0.02067	0.01833	0.10831	0.01468	0.01323	0.10550	0.04073	0.38647	0.02510	0.02633	0.01795	0.01275	0.05657	0.00304	0.00811	0.03706	0.00751	0.01185
25	0.65928	0.01437	0.01224	0.01057	0.01547	0.01602	0.00871	0.02478	0.01440	0.14554	0.01385	0.01461	0.01001	0.00744	0.00519	0.00235	0.00597	0.00470	0.00549	0.00901
26	0.01035	0.00735	0.00945	0.01074	0.01141	0.00709	0.00734	0.03378	0.01502	0.02000	0.03861	0.57502	0.04557	0.11263	0.01331	0.00362	0.00508	0.06062	0.00675	0.00625
27	0.02535	0.01632	0.01864	0.01478	0.01977	0.01715	0.01202	0.36663	0.05264	0.17071	0.17319	0.02890	0.02788	0.01067	0.00791	0.00233	0.00679	0.00863	0.00812	0.01155
28	0.28083	0.04274	0.19479	0.05877	0.05324	0.01694	0.01578	0.05672	0.04615	0.07313	0.01460	0.01632	0.01083	0.00736	0.00623	0.00223	0.00788	0.00539	0.00472	0.08534

[dist]
# distance from previous block
# <min> <max>
3	7

[block]
# block no. 5 follows, 26 sequences, length 79
# corresponding to MSA columns:
# 228-306
name=unknown_F
#
# <colnr> <probs for GDERKNQSTAVLIFYWHMCP>
#	G	D	E	R	K	N	Q	S	T	A	V	L	I	F	Y	W	H	M	C	P
0	0.01421	0.01019	0.01208	0.01111	0.01300	0.01070	0.00799	0.12709	0.01659	0.02283	0.02517	0.09735	0.04846	0.29332	0.18873	0.00660	0.01008	0.01026	0.03470	0.03954
1	0.01843	0.06639	0.03082	0.11072	0.47091	0.01866	0.07729	0.04402	0.01760	0.02440	0.01512	0.02108	0.01282	0.00740	0.00758	0.00231	0.00930	0.03005	0.00394	0.01117
2	0.03255	0.01387	0.01802	0.01397	0.01975	0.01276	0.01149	0.09184	0.06709	0.59023	0.02896	0.02532	0.01856	0.00942	0.00763	0.00236	0.00659	0.00762	0.00912	0.01285
3	0.00977	0.00786	0.00875	0.00882	0.01095	0.00700	0.00650	0.01270	0.04209	0.02297	0.20574	0.16657	0.42582	0.01873	0.00902	0.00260	0.00395	0.01606	0.00736	0.00674
4	0.07177	0.02185	0.21699	0.01929	0.06886	0.01563	0.05834	0.12608	0.01980	0.14005	0.02093	0.09152	0.01745	0.01074	0.00856	0.03268	0.00852	0.03468	0.00567	0.01058
5	0.01144	0.00733	0.00819	0.00817	0.00849	0.00731	0.00481	0.01209	0.01217	0.01728	0.05417	0.04704	0.02848	0.60166	0.03270	0.00636	0.00666	0.01061	0.10997	0.00505
6	0.01147	0.00914	0.01253	0.01246	0.01390	0.03454	0.00967	0.01415	0.01253	0.01764	0.02001	0.02922	0.01863	0.05511	0.67820	0.01182	0.02008	0.00801	0.00406	0.00685
7	0.01436	0.01265	0.02117	0.57515	0.07630	0.01534	0.01896	0.01812	0.01446	0.01869	0.01347	0.02059	0.01067	0.01041	0.01095	0.12129	0.00952	0.00672	0.00338	0.00781
8	0.01673	0.01886	0.09628	0.27896	0.31321	0.01772	0.10444	0.02210	0.01648	0.02273	0.01406	0.01923	0.01103	0.00705	0.00769	0.00240	0.01011	0.00692	0.00357	0.01043
9	0.01210	0.00864	0.01208	0.01382	0.01551	0.00862	0.01200	0.01550	0.01734	0.02256	0.04023	0.11287	0.04393	0.02107	0.01044	0.00347	0.00687	0.60900	0.00699	0.00695
10	0.08906	0.01624	0.09512	0.22184	0.03217	0.01465	0.16302	0.01935	0.01600	0.02327	0.04327	0.10519	0.07335	0.01032	0.00787	0.00253	0.00876	0.00956	0.03984	0.00859
11	0.01766	0.09446	0.30786	0.14001	0.03182	0.01747	0.07057	0.05382	0.01731	0.08609	0.01765	0.08016	0.01443	0.00889	0.00746	0.00241	0.00966	0.00756	0.00441	0.01031
12	0.01223	0.00905	0.01185	0.04385	0.01437	0.00981	0.00915	0.01512	0.05895	0.02043	0.07631	0.21458	0.03488	0.15772	0.01788	0.06468	0.06850	0.11693	0.03714	0.00657
13	0.49389	0.04842	0.01642	0.11617	0.04783	0.12422	0.01188	0.02317	0.01485	0.02844	0.01131	0.01393	0.00895	0.00721	0.00557	0.00228	0.00792	0.00471	0.00428	0.00855
14	0.00984	0.00678	0.00875	0.00997	0.01045	0.00639	0.00656	0.01059	0.01378	0.01820	0.03897	0.52075	0.08646	0.12750	0.01567	0.07404	0.00499	0.01829	0.00634	0.00569
15	0.01806	0.01744	0.02989	0.14260	0.51673	0.01797	0.06553	0.02359	0.04856	0.02429	0.01502	0.01956	0.01224	0.00703	0.00763	0.00233	0.00928	0.00699	0.00389	0.01136
16	0.01759	0.01367	0.01692	0.01218	0.01887	0.01053	0.03182	0.02102	0.01639	0.08956	0.01515	0.01687	0.01198	0.00601	0.00593	0.00129	0.00595	0.00495	0.00495	0.67838
17	0.02495	0.14772	0.02451	0.10631	0.02632	0.48482	0.01511	0.02798	0.03975	0.01895	0.01234	0.01471	0.01022	0.00765	0.00664	0.00199	0.01208	0.00510	0.00385	0.00900
18	0.00940	0.00667	0.00875	0.01035	0.01076	0.00627	0.00682	0.01060	0.01421	0.01894	0.04019	0.66720	0.04813	0.08783	0.01229	0.00347	0.00467	0.02061	0.00682	0.00602
19	0.00896	0.00768	0.00768	0.00768	0.01025	0.00640	0.00576	0.01089	0.01729	0.02049	0.07684	0.07300	0.68304	0.01921	0.00896	0.00256	0.00384	0.01601	0.00704	0.00640
20	0.01887	0.01629	0.01715	0.01544	0.01972	0.01887	0.01201	0.04031	0.67241	0.03173	0.03087	0.02830	0.02315	0.01029	0.00772	0.00257	0.00600	0.00858	0.00772	0.01201
21	0.01071	0.00712	0.00947	0.01051	0.01147	0.00659	0.00726	0.01253	0.01616	0.05379	0.16006	0.56995	0.05263	0.02154	0.00945	0.00292	0.00435	0.01944	0.00740	0.00667
22	0.00924	0.00660	0.00880	0.01056	0.01100	0.00616	0.00704	0.01056	0.01452	0.01936	0.04181	0.72848	0.05017	0.02376	0.00968	0.00308	0.00440	0.02156	0.00704	0.00616
23	0.08468	0.01376	0.01762	0.01360	0.01941	0.01263	0.01124	0.09062	0.02233	0.59038	0.02758	0.02423	0.01754	0.00920	0.00743	0.00234	0.00658	0.00732	0.00891	0.01259
24	0.00924	0.00660	0.00880	0.01056	0.01100	0.00616	0.00704	0.01056	0.01452	0.01936	0.04181	0.72848	0.05017	0.02376	0.00968	0.00308	0.00440	0.02156	0.00704	0.00616
25	0.00961	0.00687	0.00917	0.01058	0.01128	0.00643	0.00731	0.01136	0.01568	0.02114	0.13539	0.59863	0.05298	0.02242	0.00961	0.00300	0.00441	0.05055	0.00723	0.00635
26	0.01848	0.01610	0.01945	0.22051	0.02943	0.04874	0.01388	0.14452	0.01972	0.02733	0.01431	0.01744	0.01116	0.00698	0.00664	0.00180	0.00787	0.00563	0.00474	0.36526
27	0.03403	0.01291	0.01760	0.01350	0.01936	0.01115	0.01115	0.03697	0.02171	0.69137	0.02992	0.02582	0.01878	0.00939	0.00763	0.00235	0.00645	0.00763	0.00939	0.01291
28	0.01510	0.00822	0.00840	0.00798	0.00997	0.00840	0.00598	0.06836	0.01715	0.02891	0.02417	0.02893	0.01947	0.05804	0.00774	0.00219	0.00418	0.00732	0.66216	0.00737
29	0.01435	0.00990	0.01217	0.01089	0.01344	0.00965	0.00835	0.10962	0.02298	0.06375	0.49189	0.09192	0.08121	0.01492	0.00873	0.00242	0.00448	0.01299	0.00816	0.00818
30	0.45019	0.04156	0.01493	0.01208	0.01676	0.07661	0.00984	0.09206	0.01803	0.10871	0.07969	0.01897	0.01634	0.00841	0.00595	0.00228	0.00674	0.00581	0.00578	0.00925
31	0.01024	0.00782	0.00951	0.00996	0.01171	0.00723	0.00747	0.01328	0.03885	0.02355	0.22780	0.24010	0.25071	0.01931	0.00929	0.00276	0.00437	0.09184	0.00742	0.00680
32	0.21708	0.01390	0.01638	0.01291	0.01850	0.01342	0.01066	0.07573	0.02051	0.48758	0.02441	0.02201	0.01580	0.00880	0.00691	0.00234	0.00644	0.00672	0.00812	0.01176
33	0.03080	0.11194	0.02047	0.01339	0.01915	0.01403	0.01133	0.05926	0.02141	0.54084	0.05884	0.02516	0.01990	0.00928	0.00731	0.00225	0.00662	0.00741	0.00843	0.01219
34	0.00979	0.00690	0.00888	0.00998	0.01052	0.00653	0.00659	0.01116	0.01480	0.01998	0.12574	0.50640	0.04875	0.15896	0.01514	0.00381	0.00486	0.01847	0.00675	0.00600
35	0.02282	0.08424	0.02386	0.18476	0.06150	0.30325	0.01646	0.09914	0.04293	0.02281	0.01346	0.01658	0.01080	0.00821	0.00823	0.00223	0.05917	0.00582	0.00424	0.00949
36	0.01026	0.00730	0.00942	0.01077	0.01144	0.00702	0.00734	0.03428	0.01511	0.02013	0.03925	0.60978	0.04646	0.08743	0.01227	0.00346	0.00494	0.05021	0.00684	0.00630
37	0.00921	0.00769	0.00802	0.00794	0.01039	0.00651	0.00595	0.01136	0.01786	0.02185	0.15979	0.07076	0.59924	0.01870	0.00896	0.00254	0.00381	0.01569	0.00722	0.00651
38	0.01790	0.01962	0.09641	0.12155	0.54711	0.01785	0.02350	0.02290	0.01690	0.02408	0.01411	0.01866	0.01155	0.00690	0.00749	0.00230	0.00936	0.00664	0.00365	0.01152
39	0.01569	0.03591	0.57913	0.02345	0.03404	0.01789	0.13969	0.02407	0.01635	0.02407	0.01392	0.01680	0.00995	0.00706	0.00752	0.00243	0.01149	0.00620	0.00332	0.01104
40	0.00928	0.00773	0.00815	0.00829	0.01069	0.00659	0.00631	0.01137	0.01742	0.02109	0.10300	0.09323	0.59012	0.01929	0.00909	0.00263	0.00406	0.05808	0.00710	0.00647
41	0.01665	0.01676	0.02415	0.02043	0.02075	0.02306	0.04387	0.01851	0.01188	0.01851	0.01019	0.01676	0.01002	0.01298	0.02421	0.00329	0.68952	0.00674	0.00334	0.00838
42	0.57356	0.01596	0.01407	0.01181	0.01688	0.01801	0.00974	0.16002	0.01838	0.08159	0.01351	0.01450	0.00993	0.00764	0.00551	0.00233	0.00644	0.00493	0.00563	0.00954
43	0.01110	0.00840	0.01223	0.01209	0.01324	0.00983	0.00925	0.01347	0.01204	0.01732	0.02027	0.03139	0.01952	0.12846	0.60267	0.01129	0.04835	0.00838	0.00409	0.00660
44	0.06262	0.08217	0.02148	0.01494	0.02090	0.01824	0.01255	0.29382	0.02655	0.33544	0.02249	0.02085	0.01507	0.00891	0.00724	0.00225	0.00736	0.00682	0.00788	0.01242
45	0.00981	0.00759	0.00851	0.00862	0.01037	0.00678	0.00617	0.01169	0.01666	0.02120	0.17060	0.12220	0.37463	0.14921	0.01449	0.00349	0.00461	0.04032	0.00683	0.00621
46	0.01432	0.01348	0.02275	0.71520	0.05224	0.01685	0.02107	0.01938	0.01517	0.01938	0.01348	0.02022	0.01011	0.00758	0.00758	0.00253	0.01011	0.00674	0.00337	0.00843
47	0.02708	0.03276	0.02083	0.01871	0.02276	0.58354	0.01416	0.07640	0.06657	0.02166	0.01568	0.01699	0.03349	0.00846	0.00702	0.00204	0.01244	0.00565	0.00454	0.00923
48	0.08161	0.33232	0.05717	0.01455	0.01930	0.10125	0.01305	0.07732	0.01724	0.02239	0.01601	0.11824	0.01582	0.01009	0.00794	0.00218	0.07268	0.00726	0.00438	0.00919
49	0.00933	0.00800	0.00803	0.00797	0.01060	0.00687	0.00599	0.01198	0.04157	0.02091	0.07514	0.07134	0.65858	0.01888	0.00892	0.00256	0.00392	0.01573	0.00707	0.00661
50	0.05000	0.49213	0.18068	0.01536	0.02224	0.02617	0.01640	0.02259	0.01511	0.01989	0.01117	0.01341	0.00966	0.00726	0.00713	0.00197	0.07102	0.00462	0.00330	0.00987
51	0.04767	0.01451	0.04209	0.03828	0.01930	0.01167	0.01025	0.06777	0.01663	0.02562	0.01418	0.01784	0.01196	0.03973	0.00853	0.03987	0.00635	0.00518	0.00459	0.55798
52	0.01840	0.11729	0.02594	0.05115	0.02236	0.10262	0.03626	0.02050	0.01364	0.01848	0.01057	0.01594	0.00996	0.01124	0.01877	0.00287	0.48584	0.00616	0.00340	0.00862
53	0.01826	0.01446	0.01724	0.01348	0.01847	0.01387	0.01083	0.12145	0.03900	0.06033	0.04266	0.07005	0.01718	0.00918	0.00902	0.00189	0.09880	0.00700	0.00550	0.41134
54	0.01766	0.01974	0.04077	0.02973	0.03599	0.01993	0.53957	0.02318	0.01674	0.02318	0.01435	0.01974	0.01122	0.00767	0.01191	0.00270	0.14379	0.00852	0.00374	0.00987
55	0.00961	0.00678	0.00877	0.01013	0.01056	0.00641	0.00664	0.01081	0.01425	0.01908	0.06751	0.58421	0.04733	0.14272	0.01451	0.00377	0.00486	0.01944	0.00669	0.00594
56	0.04926	0.01719	0.02423	0.31933	0.13290	0.01948	0.03992	0.24884	0.02279	0.03101	0.01524	0.01900	0.01136	0.00794	0.00751	0.00239	0.00925	0.00675	0.00500	0.01060
57	0.02883	0.02125	0.02276	0.01745	0.02352	0.02352	0.01442	0.66082	0.03566	0.04780	0.01821	0.01821	0.01290	0.00911	0.00759	0.00228	0.00835	0.00683	0.00759	0.01290
58	0.62203	0.01352	0.01127	0.01007	0.01443	0.01519	0.00818	0.02267	0.01400	0.09048	0.01484	0.04694	0.01195	0.00815	0.00523	0.00233	0.00566	0.00544	0.06919	0.00844
59	0.00945	0.00673	0.00893	0.01063	0.01111	0.00632	0.00718	0.01081	0.01452	0.01933	0.04104	0.67317	0.04900	0.05122	0.01084	0.00327	0.00463	0.04876	0.00694	0.00614
60	0.01037	0.00770	0.00966	0.00925	0.01113	0.00699	0.00691	0.01357	0.02048	0.02826	0.55197	0.08473	0.17797	0.01647	0.00898	0.00244	0.00366	0.01441	0.00807	0.00699
61	0.01562	0.09488	0.64202	0.02093	0.03176	0.01860	0.02683	0.02392	0.01597	0.02353	0.01337	0.01571	0.00962	0.00715	0.00702	0.00234	0.01096	0.00548	0.00321	0.01109
62	0.06275	0.01298	0.01736	0.01336	0.01918	0.01137	0.01104	0.03641	0.02137	0.66630	0.02919	0.02530	0.01837	0.00930	0.00752	0.00235	0.00643	0.00749	0.00921	0.01273
63	0.01084	0.00813	0.01219	0.01219	0.01354	0.00948	0.00948	0.01354	0.01219	0.01761	0.02032	0.02980	0.01896	0.05689	0.70337	0.01219	0.02032	0.00813	0.00406	0.00677
64	0.78701	0.01467	0.01115	0.00997	0.01467	0.01702	0.00821	0.02230	0.01291	0.03403	0.01056	0.01232	0.00821	0.00704	0.00469	0.00235	0.00587	0.00411	0.00469	0.00821
65	0.01447	0.01363	0.02301	0.69394	0.07240	0.01689	0.02114	0.01950	0.01523	0.01955	0.01351	0.02018	0.01017	0.00756	0.00758	0.00252	0.01008	0.00674	0.00338	0.00854
66	0.01414	0.00707	0.00707	0.00707	0.00884	0.00707	0.00530	0.01767	0.01591	0.02828	0.02474	0.02828	0.01944	0.00884	0.00530	0.00177	0.00353	0.00707	0.77554	0.00707
67	0.75989	0.01461	0.01138	0.01010	0.01484	0.01680	0.00832	0.02282	0.01323	0.05771	0.01126	0.01281	0.00859	0.00713	0.00480	0.00235	0.00589	0.00423	0.00486	0.00838
68	0.01666	0.00968	0.01012	0.00916	0.01169	0.01015	0.00713	0.13387	0.01932	0.03136	0.02338	0.02652	0.01824	0.01091	0.03511	0.00230	0.00511	0.00707	0.60411	0.00811
69	0.00925	0.00690	0.00861	0.00986	0.01084	0.00626	0.00675	0.01081	0.01547	0.02013	0.07917	0.54741	0.19625	0.02234	0.00948	0.00293	0.00423	0.01993	0.00710	0.00626
70	0.07313	0.12826	0.12612	0.07612	0.02296	0.01598	0.05760	0.04692	0.04036	0.05608	0.19497	0.03236	0.05370	0.01052	0.00752	0.00234	0.00738	0.03282	0.00564	0.00920
71	0.01868	0.01954	0.01894	0.02142	0.15401	0.23968	0.01386	0.02155	0.01660	0.02034	0.01632	0.02170	0.01428	0.02494	0.24991	0.00560	0.03588	0.00664	0.07150	0.00858
72	0.02979	0.01350	0.01734	0.01356	0.01886	0.01256	0.01109	0.13427	0.02393	0.49089	0.12344	0.02910	0.02555	0.01024	0.00781	0.00234	0.00634	0.00839	0.00895	0.01207
73	0.01830	0.01663	0.02545	0.14619	0.04977	0.01957	0.13189	0.12222	0.04592	0.02592	0.01525	0.01984	0.01223	0.00961	0.01309	0.00267	0.23363	0.00723	0.07504	0.00956
74	0.01724	0.01613	0.01546	0.01535	0.04196	0.16815	0.01098	0.04798	0.01719	0.04958	0.05722	0.25946	0.02880	0.06523	0.03573	0.00327	0.09802	0.01199	0.03242	0.00785
75	0.01080	0.00779	0.01026	0.00998	0.01170	0.00725	0.00760	0.01427	0.02081	0.02925	0.59717	0.08932	0.06816	0.01635	0.00911	0.00251	0.00391	0.06850	0.00817	0.00710
76	0.01103	0.00735	0.00827	0.00827	0.00827	0.00735	0.00460	0.01103	0.01103	0.01471	0.02390	0.04964	0.02758	0.73343	0.03861	0.00735	0.00735	0.01103	0.00460	0.00460
77	0.01632	0.14492	0.10467	0.09766	0.02498	0.01770	0.08592	0.07508	0.01681	0.02290	0.04135	0.09152	0.01790	0.01506	0.07257	0.03887	0.06534	0.00824	0.03333	0.00886
78	0.11203	0.01937	0.01917	0.04267	0.02173	0.07674	0.01285	0.38027	0.08440	0.03860	0.01833	0.01937	0.01365	0.01051	0.03208	0.00261	0.00841	0.00657	0.06957	0.01107

[dist]
# distance from previous block
# <min> <max>
0	2

[block]
# block no. 6 follows, 26 sequences, length 54
# corresponding to MSA columns:
# 309-362
name=unknown_G
#
# <colnr> <probs for GDERKNQSTAVLIFYWHMCP>
#	G	D	E	R	K	N	Q	S	T	A	V	L	I	F	Y	W	H	M	C	P
0	0.05113	0.07108	0.04440	0.01330	0.01598	0.01125	0.01175	0.01704	0.04310	0.02272	0.03685	0.15543	0.07174	0.01830	0.00928	0.00309	0.00666	0.38295	0.00643	0.00753
1	0.01653	0.01856	0.12090	0.15510	0.23732	0.01629	0.04647	0.04167	0.09506	0.02536	0.05105	0.02619	0.04036	0.00887	0.00768	0.00241	0.00854	0.02843	0.04288	0.01035
2	0.01965	0.25339	0.30966	0.01982	0.05213	0.11727	0.05431	0.02499	0.01697	0.04769	0.01315	0.01522	0.01022	0.00709	0.00655	0.00210	0.01040	0.00532	0.00361	0.01046
3	0.01557	0.01475	0.02500	0.52798	0.22972	0.01718	0.02168	0.02047	0.01576	0.02089	0.01370	0.01982	0.01064	0.00735	0.00756	0.00245	0.00980	0.00675	0.00348	0.00943
4	0.02028	0.73799	0.03975	0.01298	0.01947	0.03001	0.01298	0.02271	0.01541	0.01785	0.01055	0.01217	0.00973	0.00649	0.00487	0.00162	0.00811	0.00406	0.00324	0.00973
