[name]
unknown

[dist]
# distance from previous block
# <min> <max>
10	26

[block]
# block no. 0 follows, 28 sequences, length 19
# corresponding to MSA columns:
# 28-46
name=unknown_A
#
# <colnr> <probs for GDERKNQSTAVLIFYWHMCP>
#	G	D	E	R	K	N	Q	S	T	A	V	L	I	F	Y	W	H	M	C	P
0	0.04788	0.01070	0.01388	0.11809	0.01868	0.01189	0.01016	0.14594	0.01606	0.02267	0.01569	0.02265	0.01371	0.05179	0.11218	0.28592	0.00874	0.00670	0.05995	0.00670
1	0.01047	0.00692	0.00884	0.00986	0.01098	0.00628	0.00682	0.01194	0.01484	0.06659	0.04489	0.57769	0.15454	0.02108	0.00903	0.00282	0.00426	0.01884	0.00691	0.00639
2	0.00894	0.00720	0.00783	0.00802	0.00994	0.00624	0.00580	0.01078	0.01630	0.02028	0.13921	0.16682	0.48702	0.06015	0.01032	0.00277	0.00392	0.01560	0.00676	0.00609
3	0.00939	0.00669	0.00833	0.00925	0.00985	0.00629	0.00607	0.01058	0.01388	0.01846	0.09616	0.44985	0.09865	0.20282	0.01611	0.00388	0.00481	0.01703	0.00627	0.00563
4	0.01298	0.00970	0.01152	0.01103	0.01329	0.00935	0.00803	0.12690	0.01789	0.02424	0.06157	0.42546	0.08068	0.04748	0.00953	0.00270	0.00506	0.01516	0.00650	0.10092
5	0.02187	0.01743	0.01859	0.01535	0.02031	0.01942	0.01229	0.30248	0.37292	0.03641	0.02350	0.02235	0.01739	0.00911	0.00722	0.00226	0.00667	0.00728	0.00715	0.06001
6	0.00953	0.00653	0.00825	0.00945	0.01005	0.00616	0.00630	0.01095	0.01402	0.01930	0.06564	0.54725	0.06344	0.10342	0.01202	0.00326	0.00442	0.01778	0.07638	0.00586
7	0.01372	0.00885	0.01067	0.01052	0.01263	0.00849	0.00766	0.04822	0.07267	0.11071	0.07156	0.35982	0.16826	0.04883	0.00978	0.00283	0.00477	0.01538	0.00708	0.00755
8	0.01169	0.00865	0.01020	0.01051	0.01196	0.00862	0.00738	0.09049	0.04824	0.02198	0.03929	0.45088	0.12545	0.10443	0.01211	0.00325	0.00500	0.01651	0.00657	0.00679
9	0.00905	0.00670	0.00809	0.00910	0.00997	0.00613	0.00609	0.01027	0.01408	0.01816	0.04595	0.46734	0.20812	0.12980	0.01326	0.00344	0.00451	0.01781	0.00640	0.00574
10	0.01155	0.00807	0.00983	0.00969	0.01065	0.00845	0.00661	0.05792	0.01337	0.01836	0.02598	0.12857	0.05355	0.36777	0.19840	0.00693	0.00956	0.01091	0.03799	0.00585
11	0.00952	0.00669	0.00825	0.00914	0.00958	0.00637	0.00585	0.01046	0.01317	0.01750	0.06494	0.42388	0.07870	0.27954	0.01909	0.00435	0.00516	0.01642	0.00597	0.00543
12	0.01161	0.00857	0.01190	0.01154	0.01299	0.00976	0.00881	0.05887	0.01311	0.01853	0.01978	0.03026	0.01884	0.14124	0.57784	0.01042	0.01705	0.00806	0.00420	0.00663
13	0.02612	0.01941	0.02078	0.01619	0.02163	0.02152	0.01323	0.59393	0.08770	0.04320	0.01869	0.01952	0.01377	0.03963	0.00853	0.00241	0.00777	0.00685	0.00716	0.01196
14	0.01858	0.01473	0.01663	0.01561	0.05076	0.01624	0.01150	0.22324	0.28224	0.03169	0.02785	0.20816	0.02539	0.01269	0.00784	0.00249	0.00618	0.01085	0.00701	0.01032
15	0.01302	0.00960	0.01078	0.01035	0.01197	0.00988	0.00717	0.10836	0.07827	0.02201	0.03333	0.22899	0.10908	0.29193	0.01921	0.00429	0.00591	0.01304	0.00600	0.00681
16	0.00909	0.00645	0.00847	0.00988	0.01034	0.00606	0.00656	0.01038	0.01405	0.01884	0.07921	0.63946	0.04754	0.08264	0.01155	0.00325	0.00441	0.01936	0.00663	0.00584
17	0.01932	0.01540	0.01757	0.06359	0.02110	0.01560	0.01153	0.24925	0.12453	0.03165	0.01920	0.07546	0.01595	0.00874	0.00679	0.00192	0.00656	0.00713	0.00593	0.28277
18	0.01368	0.01127	0.01338	0.11812	0.01876	0.04083	0.00993	0.10028	0.01667	0.02184	0.02939	0.27833	0.08340	0.12398	0.01284	0.00318	0.02716	0.01256	0.00555	0.05886

[dist]
# distance from previous block
# <min> <max>
6	20

[block]
# block no. 1 follows, 28 sequences, length 18
# corresponding to MSA columns:
# 67-84
name=unknown_B
#
# <colnr> <probs for GDERKNQSTAVLIFYWHMCP>
#	G	D	E	R	K	N	Q	S	T	A	V	L	I	F	Y	W	H	M	C	P
0	0.01782	0.01273	0.01582	0.01450	0.06569	0.01231	0.01039	0.11682	0.04494	0.10944	0.06296	0.12200	0.04347	0.06317	0.01021	0.00243	0.04575	0.00897	0.00597	0.21461
1	0.02192	0.01580	0.01742	0.01420	0.01857	0.04010	0.01143	0.27819	0.08729	0.12423	0.05708	0.06739	0.08397	0.01090	0.00862	0.00227	0.05840	0.00853	0.00684	0.06685
2	0.01801	0.01444	0.01712	0.03781	0.01948	0.01399	0.03483	0.23133	0.04790	0.03001	0.02387	0.10180	0.08085	0.00989	0.00699	0.00193	0.00636	0.00827	0.00583	0.28927
3	0.01905	0.01623	0.01747	0.04629	0.02052	0.05288	0.01106	0.17703	0.10936	0.02926	0.01612	0.01733	0.01254	0.00697	0.00625	0.00163	0.00667	0.00548	0.00534	0.42251
4	0.01907	0.01600	0.01944	0.05552	0.06567	0.03611	0.03997	0.21961	0.04824	0.02938	0.01703	0.06545	0.01458	0.03163	0.00837	0.00209	0.03393	0.00695	0.00531	0.26565
5	0.01355	0.00678	0.00678	0.00678	0.00847	0.00678	0.00508	0.01694	0.01524	0.02710	0.02371	0.02710	0.01863	0.00847	0.00508	0.00169	0.00339	0.00678	0.78489	0.00678
6	0.02583	0.15706	0.02360	0.01765	0.02182	0.59769	0.01377	0.02778	0.01960	0.01767	0.01104	0.01286	0.00936	0.00727	0.00623	0.00182	0.01219	0.00455	0.00364	0.00858
7	0.00902	0.00640	0.00839	0.00991	0.01029	0.00602	0.00652	0.01017	0.01359	0.01812	0.03839	0.67210	0.04596	0.09336	0.01199	0.00335	0.00449	0.01968	0.00652	0.00576
8	0.01057	0.00705	0.00793	0.00793	0.00793	0.00705	0.00440	0.01057	0.01057	0.01409	0.02290	0.04757	0.02643	0.74454	0.03700	0.00705	0.00705	0.01057	0.00440	0.00440
9	0.01951	0.05131	0.02392	0.02795	0.31401	0.05673	0.01660	0.15789	0.08820	0.02743	0.01774	0.07022	0.01537	0.01077	0.03762	0.00265	0.03895	0.00751	0.00495	0.01065
10	0.79588	0.01406	0.01068	0.00956	0.01406	0.01631	0.00787	0.02137	0.01237	0.03261	0.01012	0.01181	0.00787	0.00675	0.00450	0.00225	0.00562	0.00394	0.00450	0.00787
11	0.01858	0.01922	0.02500	0.16177	0.24803	0.13439	0.04249	0.04894	0.01630	0.02118	0.01233	0.01698	0.01036	0.00838	0.01116	0.00242	0.18319	0.00623	0.00361	0.00947
12	0.01263	0.00631	0.00947	0.00947	0.00947	0.00631	0.00631	0.00947	0.00947	0.01263	0.01263	0.02210	0.01263	0.02525	0.02841	0.78851	0.00631	0.00631	0.00316	0.00316
13	0.01082	0.00790	0.01001	0.00940	0.01126	0.00741	0.00706	0.04033	0.02056	0.02873	0.59806	0.08925	0.10121	0.01522	0.00856	0.00233	0.00367	0.01339	0.00784	0.00699
14	0.01461	0.01254	0.04412	0.07510	0.01885	0.01218	0.04690	0.13863	0.03835	0.02368	0.02489	0.17614	0.04736	0.17651	0.07347	0.00420	0.00811	0.01075	0.00536	0.04825
15	0.02045	0.55292	0.03476	0.01484	0.02066	0.13714	0.05987	0.02372	0.04322	0.01820	0.01141	0.01309	0.00998	0.00656	0.00536	0.00171	0.00886	0.00453	0.00343	0.00931
16	0.01570	0.01332	0.01572	0.01175	0.01739	0.01130	0.00941	0.06432	0.01608	0.02454	0.01441	0.05289	0.01273	0.00705	0.00704	0.00140	0.05741	0.00546	0.00456	0.63751
17	0.02001	0.09453	0.17074	0.04323	0.05066	0.21323	0.01627	0.05492	0.16532	0.02351	0.01610	0.01729	0.01248	0.00762	0.00664	0.00205	0.00941	0.00572	0.00451	0.06578

[dist]
# distance from previous block
# <min> <max>
0	2

[block]
# block no. 2 follows, 28 sequences, length 119
# corresponding to MSA columns:
# 87-205
name=unknown_C
#
# <colnr> <probs for GDERKNQSTAVLIFYWHMCP>
#	G	D	E	R	K	N	Q	S	T	A	V	L	I	F	Y	W	H	M	C	P
0	0.04292	0.01409	0.02015	0.35154	0.03345	0.01656	0.01603	0.06529	0.01545	0.04563	0.01298	0.01768	0.01027	0.00823	0.01033	0.00231	0.16023	0.00601	0.00394	0.14692
1	0.01663	0.01760	0.08138	0.15964	0.41256	0.01676	0.02027	0.02347	0.10588	0.02351	0.01772	0.02106	0.03637	0.00752	0.00726	0.00227	0.00844	0.00693	0.00411	0.01065
2	0.01486	0.01270	0.01485	0.01074	0.01700	0.00956	0.00855	0.01803	0.01503	0.02351	0.01383	0.03944	0.01202	0.00597	0.00551	0.00114	0.00534	0.00486	0.00439	0.76264
3	0.00925	0.00703	0.00842	0.00936	0.01066	0.00639	0.00676	0.01090	0.01502	0.01905	0.05111	0.35614	0.28677	0.07299	0.01112	0.00311	0.00454	0.09882	0.00657	0.00598
4	0.01038	0.00779	0.01168	0.01168	0.01298	0.00909	0.00909	0.01298	0.01168	0.01687	0.01947	0.02856	0.01817	0.05452	0.71573	0.01168	0.01947	0.00779	0.00389	0.00649
5	0.02033	0.62544	0.03515	0.01353	0.01918	0.12045	0.01278	0.02258	0.01541	0.01721	0.01024	0.01202	0.00934	0.00664	0.00565	0.00166	0.03596	0.00409	0.00320	0.00916
6	0.01575	0.08629	0.55906	0.02051	0.03009	0.01830	0.06645	0.05312	0.01615	0.02347	0.01302	0.01547	0.00949	0.00710	0.00748	0.00228	0.03653	0.00556	0.00331	0.01055
7	0.02078	0.01695	0.01795	0.01534	0.01993	0.01934	0.01216	0.21824	0.50206	0.03476	0.02616	0.02439	0.01942	0.00954	0.00736	0.00239	0.00639	0.00775	0.00736	0.01175
8	0.01355	0.00678	0.00678	0.00678	0.00847	0.00678	0.00508	0.01694	0.01524	0.02710	0.02371	0.02710	0.01863	0.00847	0.00508	0.00169	0.00339	0.00678	0.78489	0.00678
9	0.01507	0.01292	0.01507	0.01077	0.01723	0.00969	0.00861	0.01830	0.01507	0.02369	0.01292	0.01507	0.01077	0.00538	0.00538	0.00108	0.00538	0.00431	0.00431	0.78898
10	0.01057	0.00705	0.00793	0.00793	0.00793	0.00705	0.00440	0.01057	0.01057	0.01409	0.02290	0.04757	0.02643	0.74454	0.03700	0.00705	0.00705	0.01057	0.00440	0.00440
11	0.01597	0.01609	0.02330	0.01966	0.02003	0.02207	0.04886	0.01778	0.01143	0.01778	0.00980	0.01609	0.00962	0.01239	0.02309	0.00314	0.69517	0.00647	0.00321	0.00804
12	0.01373	0.01292	0.02180	0.72707	0.05006	0.01615	0.02019	0.01857	0.01453	0.01857	0.01292	0.01938	0.00969	0.00727	0.00727	0.00242	0.00969	0.00646	0.00323	0.00807
13	0.02715	0.03464	0.02060	0.01873	0.02247	0.71536	0.01404	0.02903	0.02060	0.01779	0.01124	0.01311	0.00936	0.00749	0.00655	0.00187	0.01311	0.00468	0.00375	0.00843
14	0.03195	0.01343	0.01753	0.01344	0.01909	0.01226	0.01110	0.12044	0.02258	0.61670	0.02719	0.02377	0.01725	0.00896	0.00730	0.00224	0.00643	0.00721	0.00877	0.01237
15	0.01263	0.00631	0.00947	0.00947	0.00947	0.00631	0.00631	0.00947	0.00947	0.01263	0.01263	0.02210	0.01263	0.02525	0.02841	0.78851	0.00631	0.00631	0.00316	0.00316
16	0.02715	0.03464	0.02060	0.01873	0.02247	0.71536	0.01404	0.02903	0.02060	0.01779	0.01124	0.01311	0.00936	0.00749	0.00655	0.00187	0.01311	0.00468	0.00375	0.00843
17	0.01355	0.00678	0.00678	0.00678	0.00847	0.00678	0.00508	0.01694	0.01524	0.02710	0.02371	0.02710	0.01863	0.00847	0.00508	0.00169	0.00339	0.00678	0.78489	0.00678
18	0.00890	0.00645	0.00832	0.00979	0.01038	0.00597	0.00655	0.01017	0.01402	0.01848	0.04236	0.65323	0.10462	0.05080	0.01031	0.00307	0.00428	0.01980	0.00666	0.00587
19	0.01453	0.01374	0.02326	0.59813	0.17271	0.01636	0.02059	0.01928	0.01492	0.01955	0.01306	0.01912	0.01003	0.00712	0.00725	0.00237	0.00949	0.00646	0.00330	0.00872
20	0.02715	0.03464	0.02060	0.01873	0.02247	0.71536	0.01404	0.02903	0.02060	0.01779	0.01124	0.01311	0.00936	0.00749	0.00655	0.00187	0.01311	0.00468	0.00375	0.00843
21	0.01722	0.01952	0.07918	0.06214	0.32077	0.01773	0.32848	0.02267	0.01668	0.02329	0.01409	0.01863	0.01107	0.00637	0.00783	0.00232	0.01051	0.00739	0.00359	0.01053
22	0.01373	0.01292	0.02180	0.72707	0.05006	0.01615	0.02019	0.01857	0.01453	0.01857	0.01292	0.01938	0.00969	0.00727	0.00727	0.00242	0.00969	0.00646	0.00323	0.00807
23	0.01666	0.29731	0.35708	0.01818	0.02669	0.02106	0.08678	0.02235	0.01531	0.02089	0.01212	0.01441	0.00952	0.00650	0.00617	0.00198	0.00953	0.00510	0.00321	0.04916
24	0.02681	0.03399	0.02093	0.01970	0.04790	0.68913	0.01436	0.02877	0.02045	0.01801	0.01133	0.01329	0.00944	0.00745	0.00658	0.00188	0.01294	0.00475	0.00374	0.00854
25	0.01171	0.00837	0.01171	0.01339	0.01506	0.00837	0.01171	0.01506	0.01673	0.02175	0.03849	0.08199	0.04183	0.02008	0.01004	0.00335	0.00669	0.65027	0.00669	0.00669
26	0.50549	0.08573	0.04599	0.01149	0.01630	0.05273	0.00999	0.08819	0.01605	0.03104	0.06728	0.01608	0.01359	0.00761	0.00534	0.00216	0.00650	0.00506	0.00484	0.00854
27	0.01180	0.00977	0.01354	0.23251	0.02340	0.01070	0.01106	0.01660	0.08403	0.02200	0.19162	0.13426	0.10582	0.08818	0.01106	0.00294	0.00611	0.01156	0.00579	0.00725
28	0.00859	0.00736	0.00736	0.00736	0.00982	0.00614	0.00552	0.01043	0.01657	0.01964	0.07364	0.06996	0.69624	0.01841	0.00859	0.00245	0.00368	0.01534	0.00675	0.00614
29	0.02715	0.03464	0.02060	0.01873	0.02247	0.71536	0.01404	0.02903	0.02060	0.01779	0.01124	0.01311	0.00936	0.00749	0.00655	0.00187	0.01311	0.00468	0.00375	0.00843
30	0.02763	0.02036	0.02182	0.01672	0.02254	0.02254	0.01382	0.67496	0.03418	0.04581	0.01745	0.01745	0.01236	0.00873	0.00727	0.00218	0.00800	0.00654	0.00727	0.01236
31	0.01251	0.00639	0.00958	0.00958	0.00965	0.00645	0.00645	0.00965	0.00958	0.01284	0.01297	0.02242	0.01290	0.02672	0.06289	0.74954	0.00697	0.00639	0.00319	0.00332
32	0.01692	0.01633	0.02830	0.20864	0.51028	0.01705	0.05352	0.02145	0.01609	0.02248	0.01354	0.01840	0.01105	0.00665	0.00728	0.00224	0.00907	0.00658	0.00351	0.01060
33	0.01263	0.00631	0.00947	0.00947	0.00947	0.00631	0.00631	0.00947	0.00947	0.01263	0.01263	0.02210	0.01263	0.02525	0.02841	0.78851	0.00631	0.00631	0.00316	0.00316
34	0.01082	0.00898	0.03319	0.01154	0.05196	0.00777	0.00837	0.01441	0.02004	0.02832	0.61294	0.05143	0.08394	0.01423	0.00844	0.00228	0.00398	0.01258	0.00754	0.00723
35	0.01507	0.01292	0.01507	0.01077	0.01723	0.00969	0.00861	0.01830	0.01507	0.02369	0.01292	0.01507	0.01077	0.00538	0.00538	0.00108	0.00538	0.00431	0.00431	0.78898
36	0.01906	0.16527	0.17463	0.11697	0.09945	0.16050	0.09627	0.04666	0.01720	0.02115	0.01252	0.01558	0.00990	0.00687	0.00670	0.00209	0.01037	0.00563	0.00351	0.00967
37	0.24398	0.17398	0.08052	0.01917	0.14855	0.06817	0.01421	0.04772	0.04249	0.07973	0.01363	0.01518	0.01063	0.00702	0.00583	0.00207	0.00775	0.00512	0.00443	0.00982
38	0.01355	0.00678	0.00678	0.00678	0.00847	0.00678	0.00508	0.01694	0.01524	0.02710	0.02371	0.02710	0.01863	0.00847	0.00508	0.00169	0.00339	0.00678	0.78489	0.00678
39	0.19246	0.32490	0.06047	0.04139	0.04303	0.07238	0.01294	0.04297	0.01552	0.04732	0.03230	0.01472	0.01132	0.00737	0.00660	0.00200	0.05439	0.00487	0.00398	0.00908
40	0.00892	0.00635	0.00842	0.01004	0.01045	0.00595	0.00666	0.01014	0.01380	0.01840	0.03945	0.71505	0.04730	0.04858	0.01027	0.00310	0.00432	0.02030	0.00666	0.00585
41	0.02001	0.04288	0.06853	0.01503	0.02027	0.10568	0.01281	0.14893	0.12807	0.04600	0.03520	0.01855	0.01428	0.00811	0.00794	0.00195	0.06617	0.00597	0.00531	0.22831
42	0.01445	0.05099	0.02531	0.60240	0.04694	0.01707	0.10275	0.01933	0.01488	0.01910	0.01300	0.01902	0.00984	0.00707	0.00730	0.00238	0.00992	0.00660	0.00328	0.00836
43	0.00894	0.00742	0.00785	0.00786	0.01019	0.00633	0.00598	0.01103	0.01704	0.02083	0.14315	0.06875	0.59242	0.01808	0.00866	0.00248	0.00380	0.04605	0.00689	0.00625
44	0.01943	0.74891	0.03809	0.01244	0.01866	0.02876	0.01244	0.02177	0.01477	0.01710	0.01011	0.01166	0.00933	0.00622	0.00466	0.00155	0.00777	0.00389	0.00311	0.00933
45	0.01507	0.01292	0.01507	0.01077	0.01723	0.00969	0.00861	0.01830	0.01507	0.02369	0.01292	0.01507	0.01077	0.00538	0.00538	0.00108	0.00538	0.00431	0.00431	0.78898
46	0.01318	0.00982	0.03501	0.01027	0.01251	0.00900	0.00787	0.01791	0.11115	0.07094	0.31062	0.04451	0.08712	0.15484	0.01517	0.06009	0.00512	0.01094	0.00669	0.00724
47	0.17862	0.01695	0.11385	0.38866	0.10314	0.01621	0.01841	0.02070	0.01460	0.04569	0.01296	0.01729	0.00970	0.00709	0.00663	0.00234	0.00876	0.00581	0.00370	0.00888
48	0.01057	0.00705	0.00793	0.00793	0.00793	0.00705	0.00440	0.01057	0.01057	0.01409	0.02290	0.04757	0.02643	0.74454	0.03700	0.00705	0.00705	0.01057	0.00440	0.00440
49	0.00927	0.00662	0.00891	0.01060	0.01120	0.00626	0.00747	0.01084	0.01433	0.01902	0.03983	0.64380	0.04717	0.02238	0.00939	0.00301	0.00458	0.11255	0.00674	0.00602
50	0.55736	0.04493	0.04576	0.03692	0.01815	0.01764	0.02983	0.09314	0.04925	0.03213	0.01226	0.01384	0.00936	0.00711	0.00528	0.00224	0.00654	0.00472	0.00476	0.00879
51	0.01148	0.00858	0.01145	0.08929	0.01634	0.00885	0.00930	0.07301	0.01603	0.02125	0.03425	0.50271	0.03919	0.04474	0.00992	0.00301	0.00552	0.08201	0.00632	0.00677
52	0.01156	0.00832	0.01150	0.01309	0.01480	0.00826	0.01141	0.01483	0.01673	0.02165	0.04020	0.08141	0.07375	0.02000	0.00997	0.00330	0.00655	0.61930	0.00670	0.00667
53	0.01373	0.01292	0.02180	0.72707	0.05006	0.01615	0.02019	0.01857	0.01453	0.01857	0.01292	0.01938	0.00969	0.00727	0.00727	0.00242	0.00969	0.00646	0.00323	0.00807
54	0.02653	0.09252	0.02202	0.01822	0.02216	0.65973	0.01391	0.02844	0.02013	0.01773	0.01114	0.01299	0.00936	0.00739	0.00640	0.00185	0.01268	0.00462	0.00369	0.00850
55	0.01664	0.01602	0.02763	0.25494	0.47353	0.01697	0.04635	0.02119	0.01595	0.02213	0.01348	0.01848	0.01093	0.00671	0.00727	0.00225	0.00910	0.00655	0.00349	0.01039
56	0.02539	0.03121	0.02081	0.11280	0.02614	0.59611	0.01485	0.05216	0.02031	0.01896	0.01170	0.01411	0.00952	0.00751	0.00668	0.00196	0.01246	0.00499	0.00381	0.00853
57	0.00893	0.00738	0.00783	0.00772	0.01002	0.00628	0.00579	0.01108	0.01736	0.02152	0.19644	0.06686	0.57226	0.01771	0.00859	0.00242	0.00363	0.01491	0.00700	0.00628
58	0.79588	0.01406	0.01068	0.00956	0.01406	0.01631	0.00787	0.02137	0.01237	0.03261	0.01012	0.01181	0.00787	0.00675	0.00450	0.00225	0.00562	0.00394	0.00450	0.00787
59	0.01057	0.00705	0.00793	0.00793	0.00793	0.00705	0.00440	0.01057	0.01057	0.01409	0.02290	0.04757	0.02643	0.74454	0.03700	0.00705	0.00705	0.01057	0.00440	0.00440
60	0.00998	0.00742	0.00929	0.00882	0.01067	0.00673	0.00662	0.01313	0.01985	0.02744	0.58341	0.05712	0.18160	0.01550	0.00858	0.00232	0.00347	0.01354	0.00778	0.00673
61	0.79588	0.01406	0.01068	0.00956	0.01406	0.01631	0.00787	0.02137	0.01237	0.03261	0.01012	0.01181	0.00787	0.00675	0.00450	0.00225	0.00562	0.00394	0.00450	0.00787
62	0.01943	0.74891	0.03809	0.01244	0.01866	0.02876	0.01244	0.02177	0.01477	0.01710	0.01011	0.01166	0.00933	0.00622	0.00466	0.00155	0.00777	0.00389	0.00311	0.00933
63	0.02763	0.02036	0.02182	0.01672	0.02254	0.02254	0.01382	0.67496	0.03418	0.04581	0.01745	0.01745	0.01236	0.00873	0.00727	0.00218	0.00800	0.00654	0.00727	0.01236
64	0.00886	0.00633	0.00843	0.01012	0.01054	0.00590	0.00675	0.01012	0.01392	0.01856	0.04006	0.73979	0.04808	0.02277	0.00928	0.00295	0.00422	0.02066	0.00675	0.00590
65	0.02715	0.03464	0.02060	0.01873	0.02247	0.71536	0.01404	0.02903	0.02060	0.01779	0.01124	0.01311	0.00936	0.00749	0.00655	0.00187	0.01311	0.00468	0.00375	0.00843
66	0.01458	0.03760	0.70688	0.02072	0.03146	0.01688	0.02686	0.02302	0.01535	0.02302	0.01304	0.01535	0.00921	0.00691	0.00691	0.00230	0.01074	0.00537	0.00307	0.01074
67	0.02715	0.03464	0.02060	0.01873	0.02247	0.71536	0.01404	0.02903	0.02060	0.01779	0.01124	0.01311	0.00936	0.00749	0.00655	0.00187	0.01311	0.00468	0.00375	0.00843
68	0.01055	0.00707	0.00806	0.00817	0.00823	0.00705	0.00471	0.01070	0.01087	0.01447	0.02392	0.06984	0.02758	0.69951	0.03530	0.00680	0.00695	0.03114	0.00455	0.00452
69	0.00891	0.00643	0.00844	0.00994	0.01052	0.00596	0.00669	0.01030	0.01435	0.01908	0.07107	0.67552	0.08151	0.02220	0.00921	0.00290	0.00416	0.02006	0.00680	0.00596
70	0.01510	0.00906	0.01163	0.01034	0.01299	0.00855	0.00798	0.01992	0.07927	0.15400	0.51349	0.04644	0.05515	0.01334	0.00824	0.00230	0.00414	0.01163	0.00813	0.00829
71	0.02763	0.02036	0.02182	0.01672	0.02254	0.02254	0.01382	0.67496	0.03418	0.04581	0.01745	0.01745	0.01236	0.00873	0.00727	0.00218	0.00800	0.00654	0.00727	0.01236
72	0.01041	0.00698	0.00798	0.00814	0.00818	0.00694	0.00463	0.01053	0.01089	0.01452	0.02454	0.11356	0.02849	0.67574	0.03436	0.00666	0.00678	0.01153	0.00463	0.00455
73	0.00886	0.00633	0.00843	0.01012	0.01054	0.00590	0.00675	0.01012	0.01392	0.01856	0.04006	0.73979	0.04808	0.02277	0.00928	0.00295	0.00422	0.02066	0.00675	0.00590
74	0.01355	0.00678	0.00678	0.00678	0.00847	0.00678	0.00508	0.01694	0.01524	0.02710	0.02371	0.02710	0.01863	0.00847	0.00508	0.00169	0.00339	0.00678	0.78489	0.00678
75	0.01156	0.00954	0.01020	0.00963	0.01237	0.00933	0.00733	0.04287	0.15459	0.02437	0.16198	0.07782	0.40952	0.01585	0.00831	0.00243	0.00425	0.01335	0.00711	0.00759
76	0.00886	0.00633	0.00843	0.01012	0.01054	0.00590	0.00675	0.01012	0.01392	0.01856	0.04006	0.73979	0.04808	0.02277	0.00928	0.00295	0.00422	0.02066	0.00675	0.00590
77	0.01373	0.01292	0.02180	0.72707	0.05006	0.01615	0.02019	0.01857	0.01453	0.01857	0.01292	0.01938	0.00969	0.00727	0.00727	0.00242	0.00969	0.00646	0.00323	0.00807
78	0.01279	0.00797	0.01042	0.00955	0.01171	0.00725	0.00725	0.01601	0.02023	0.10743	0.57222	0.07395	0.08583	0.01457	0.00845	0.00231	0.00379	0.01279	0.00803	0.00744
79	0.06818	0.01245	0.01658	0.01278	0.01835	0.01095	0.01055	0.03477	0.02041	0.67293	0.02781	0.02414	0.01752	0.00889	0.00718	0.00225	0.00616	0.00715	0.00879	0.01216
80	0.01943	0.74891	0.03809	0.01244	0.01866	0.02876	0.01244	0.02177	0.01477	0.01710	0.01011	0.01166	0.00933	0.00622	0.00466	0.00155	0.00777	0.00389	0.00311	0.00933
81	0.01904	0.01805	0.11148	0.01512	0.02044	0.04073	0.03331	0.19756	0.05363	0.07477	0.02227	0.13018	0.02020	0.01091	0.00745	0.00224	0.00734	0.06402	0.00593	0.14533
82	0.51441	0.05307	0.01542	0.01190	0.01685	0.01877	0.00991	0.20842	0.03860	0.03553	0.01279	0.01386	0.00965	0.00738	0.00538	0.00220	0.00641	0.00480	0.00531	0.00933
83	0.03261	0.01237	0.01687	0.01293	0.01856	0.01068	0.01068	0.03543	0.02081	0.70423	0.02868	0.02474	0.01799	0.00900	0.00731	0.00225	0.00619	0.00731	0.00900	0.01237
84	0.01628	0.01524	0.02542	0.08897	0.53149	0.01536	0.01942	0.02043	0.01697	0.02400	0.11207	0.02490	0.04145	0.00811	0.00744	0.00221	0.00782	0.00770	0.00430	0.01043
85	0.01768	0.01695	0.02894	0.09493	0.65134	0.01719	0.02215	0.02203	0.01640	0.02337	0.01362	0.01809	0.01138	0.00653	0.00720	0.00218	0.00871	0.00648	0.00357	0.01126
86	0.01263	0.00631	0.00947	0.00947	0.00947	0.00631	0.00631	0.00947	0.00947	0.01263	0.01263	0.02210	0.01263	0.02525	0.02841	0.78851	0.00631	0.00631	0.00316	0.00316
87	0.01799	0.01727	0.02950	0.04462	0.69919	0.01727	0.02231	0.02231	0.01655	0.02375	0.01367	0.01799	0.01151	0.00648	0.00720	0.00216	0.00864	0.00648	0.00360	0.01151
88	0.01588	0.01512	0.02570	0.38183	0.37845	0.01672	0.02126	0.02046	0.01556	0.02119	0.01330	0.01868	0.01061	0.00687	0.00723	0.00229	0.00916	0.00647	0.00342	0.00981
89	0.01778	0.01706	0.02913	0.07790	0.66754	0.01722	0.02221	0.02213	0.01645	0.02350	0.01364	0.01806	0.01143	0.00652	0.00720	0.00217	0.00869	0.00648	0.00358	0.01135
90	0.66076	0.01462	0.01395	0.01565	0.13307	0.01647	0.01038	0.02153	0.01310	0.03107	0.01074	0.01288	0.00850	0.00670	0.00497	0.00223	0.00615	0.00438	0.00434	0.00850
91	0.03261	0.01237	0.01687	0.01293	0.01856	0.01068	0.01068	0.03543	0.02081	0.70423	0.02868	0.02474	0.01799	0.00900	0.00731	0.00225	0.00619	0.00731	0.00900	0.01237
92	0.01263	0.00631	0.00947	0.00947	0.00947	0.00631	0.00631	0.00947	0.00947	0.01263	0.01263	0.02210	0.01263	0.02525	0.02841	0.78851	0.00631	0.00631	0.00316	0.00316
93	0.01405	0.01325	0.02238	0.67554	0.09907	0.01623	0.02035	0.01885	0.01469	0.01896	0.01298	0.01927	0.00983	0.00721	0.00726	0.00240	0.00961	0.00646	0.00326	0.00833
94	0.79588	0.01406	0.01068	0.00956	0.01406	0.01631	0.00787	0.02137	0.01237	0.03261	0.01012	0.01181	0.00787	0.00675	0.00450	0.00225	0.00562	0.00394	0.00450	0.00787
95	0.07068	0.01281	0.01678	0.01293	0.01851	0.01150	0.01068	0.06334	0.02098	0.64107	0.02724	0.02377	0.01723	0.00887	0.00717	0.00225	0.00624	0.00711	0.00869	0.01214
96	0.01058	0.00799	0.01171	0.01161	0.01276	0.00934	0.00892	0.01292	0.01157	0.01666	0.01944	0.02973	0.01858	0.11027	0.63752	0.01103	0.04114	0.00797	0.00391	0.00636
97	0.01056	0.00708	0.00810	0.00810	0.00816	0.00714	0.00462	0.01068	0.01062	0.01422	0.02274	0.04668	0.02604	0.71239	0.06862	0.00726	0.00763	0.01044	0.00438	0.00450
98	0.01503	0.01292	0.01530	0.03542	0.01836	0.00991	0.00901	0.01831	0.01505	0.02351	0.01292	0.01522	0.01073	0.00545	0.00545	0.00112	0.00553	0.00438	0.00427	0.76209
99	0.01779	0.01699	0.02861	0.07672	0.64075	0.01725	0.02178	0.02277	0.04281	0.02376	0.01426	0.01842	0.01185	0.00665	0.00721	0.00218	0.00857	0.00654	0.00373	0.01135
100	0.01053	0.00720	0.00869	0.00869	0.00896	0.00746	0.00536	0.01106	0.01080	0.01466	0.02220	0.04369	0.02474	0.60375	0.17548	0.00799	0.00958	0.01000	0.00430	0.00483
101	0.02715	0.03464	0.02060	0.01873	0.02247	0.71536	0.01404	0.02903	0.02060	0.01779	0.01124	0.01311	0.00936	0.00749	0.00655	0.00187	0.01311	0.00468	0.00375	0.00843
102	0.01022	0.00738	0.00966	0.00919	0.01084	0.00681	0.00685	0.01355	0.02027	0.02866	0.66482	0.08624	0.06763	0.01523	0.00861	0.00232	0.00347	0.01350	0.00794	0.00681
103	0.01808	0.01561	0.01644	0.01479	0.01890	0.01808	0.01151	0.03863	0.68606	0.03041	0.02959	0.02712	0.02219	0.00986	0.00740	0.00247	0.00575	0.00822	0.00740	0.01151
104	0.01020	0.00743	0.00960	0.00905	0.01081	0.00682	0.00679	0.01355	0.02037	0.02867	0.66392	0.05509	0.10033	0.01504	0.00857	0.00229	0.00344	0.01326	0.00794	0.00682
105	0.26605	0.01289	0.01498	0.01190	0.01718	0.01240	0.00982	0.03113	0.01823	0.49882	0.02300	0.02079	0.01490	0.00831	0.00645	0.00225	0.00601	0.00628	0.00762	0.01099
106	0.01038	0.00779	0.01168	0.01168	0.01298	0.00909	0.00909	0.01298	0.01168	0.01687	0.01947	0.02856	0.01817	0.05452	0.71573	0.01168	0.01947	0.00779	0.00389	0.00649
107	0.01590	0.01590	0.02226	0.01908	0.01908	0.02226	0.01590	0.01749	0.01113	0.01749	0.00954	0.01590	0.00954	0.01272	0.02385	0.00318	0.73123	0.00636	0.00318	0.00795
108	0.01373	0.01292	0.02180	0.72707	0.05006	0.01615	0.02019	0.01857	0.01453	0.01857	0.01292	0.01938	0.00969	0.00727	0.00727	0.00242	0.00969	0.00646	0.00323	0.00807
109	0.03239	0.01273	0.01709	0.01310	0.01873	0.01121	0.01082	0.06404	0.02140	0.67476	0.02818	0.02442	0.01774	0.00898	0.00731	0.00225	0.00627	0.00728	0.00892	0.01237
110	0.01029	0.00743	0.00972	0.00914	0.01086	0.00686	0.00686	0.01372	0.02058	0.02915	0.69536	0.05430	0.06859	0.01486	0.00857	0.00229	0.00343	0.01315	0.00800	0.00686
111	0.00886	0.00633	0.00843	0.01012	0.01054	0.00590	0.00675	0.01012	0.01392	0.01856	0.04006	0.73979	0.04808	0.02277	0.00928	0.00295	0.00422	0.02066	0.00675	0.00590
112	0.00886	0.00633	0.00843	0.01012	0.01054	0.00590	0.00675	0.01012	0.01392	0.01856	0.04006	0.73979	0.04808	0.02277	0.00928	0.00295	0.00422	0.02066	0.00675	0.00590
113	0.03192	0.01349	0.01756	0.01346	0.01911	0.01234	0.01112	0.12496	0.02268	0.61205	0.02711	0.02372	0.01721	0.00896	0.00730	0.00224	0.00644	0.00720	0.00876	0.01237
114	0.01784	0.01752	0.02795	0.14137	0.57198	0.05213	0.02159	0.02211	0.01646	0.02271	0.01344	0.01795	0.01114	0.00664	0.00717	0.00218	0.00901	0.00638	0.00355	0.01087
115	0.01038	0.00779	0.01168	0.01168	0.01298	0.00909	0.00909	0.01298	0.01168	0.01687	0.01947	0.02856	0.01817	0.05452	0.71573	0.01168	0.01947	0.00779	0.00389	0.00649
116	0.01666	0.06352	0.29831	0.06233	0.13305	0.04923	0.22744	0.02298	0.01626	0.02246	0.01342	0.01700	0.01016	0.00661	0.00736	0.00228	0.01081	0.00649	0.00338	0.01025
117	0.01345	0.00795	0.01248	0.06274	0.01430	0.00819	0.04128	0.03373	0.01108	0.01474	0.01292	0.02161	0.01232	0.02241	0.02515	0.66478	0.00692	0.00645	0.00333	0.00417
118	0.01696	0.02193	0.12494	0.02890	0.06093	0.04172	0.52394	0.02303	0.01693	0.02294	0.01508	0.03987	0.01184	0.00677	0.00826	0.00242	0.01172	0.00831	0.00369	0.00983

[dist]
# distance from previous block
# <min> <max>
4	12

[block]
# block no. 3 follows, 28 sequences, length 29
# corresponding to MSA columns:
# 218-246
name=unknown_D
#
# <colnr> <probs for GDERKNQSTAVLIFYWHMCP>
#	G	D	E	R	K	N	Q	S	T	A	V	L	I	F	Y	W	H	M	C	P
0	0.01713	0.02239	0.20000	0.03860	0.53113	0.01717	0.02345	0.02249	0.01625	0.02356	0.01351	0.01733	0.01093	0.00658	0.00712	0.00219	0.00917	0.00620	0.00347	0.01132
1	0.74797	0.01399	0.01136	0.05351	0.01626	0.01630	0.00863	0.02120	0.01250	0.03175	0.01029	0.01227	0.00798	0.00678	0.00467	0.00226	0.00587	0.00409	0.00442	0.00788
2	0.01308	0.00998	0.01277	0.11510	0.05941	0.01000	0.00972	0.01750	0.08516	0.07375	0.11506	0.04794	0.30734	0.07880	0.01062	0.00281	0.00553	0.01151	0.00621	0.00770
3	0.01127	0.00883	0.01175	0.01167	0.01309	0.03795	0.00904	0.01388	0.01227	0.01754	0.01939	0.02783	0.01784	0.04976	0.64307	0.01067	0.01822	0.00760	0.05173	0.00659
4	0.01392	0.01330	0.02299	0.68781	0.04938	0.01628	0.05698	0.01884	0.01468	0.01884	0.01302	0.01939	0.00977	0.00720	0.00734	0.00242	0.00983	0.00658	0.00326	0.00817
5	0.01029	0.00743	0.00972	0.00914	0.01086	0.00686	0.00686	0.01372	0.02058	0.02915	0.69536	0.05430	0.06859	0.01486	0.00857	0.00229	0.00343	0.01315	0.00800	0.00686
6	0.01985	0.71004	0.03714	0.01278	0.01886	0.06613	0.01253	0.02216	0.01509	0.01714	0.01017	0.01174	0.00933	0.00629	0.00477	0.00157	0.00806	0.00393	0.00314	0.00928
7	0.01029	0.00743	0.00972	0.00914	0.01086	0.00686	0.00686	0.01372	0.02058	0.02915	0.69536	0.05430	0.06859	0.01486	0.00857	0.00229	0.00343	0.01315	0.00800	0.00686
8	0.01943	0.74891	0.03809	0.01244	0.01866	0.02876	0.01244	0.02177	0.01477	0.01710	0.01011	0.01166	0.00933	0.00622	0.00466	0.00155	0.00777	0.00389	0.00311	0.00933
9	0.00953	0.00783	0.00844	0.00821	0.01057	0.00697	0.00618	0.01278	0.05400	0.02257	0.22495	0.06375	0.50438	0.01707	0.00852	0.00241	0.00373	0.01441	0.00709	0.00661
10	0.01474	0.01256	0.01472	0.01073	0.01687	0.00949	0.00851	0.01786	0.01501	0.02341	0.01438	0.05413	0.01278	0.00632	0.00559	0.00118	0.00532	0.00519	0.00444	0.74678
11	0.03233	0.01282	0.01715	0.01315	0.01878	0.01135	0.01086	0.07148	0.02156	0.66711	0.02804	0.02433	0.01768	0.00898	0.00731	0.00225	0.00629	0.00727	0.00890	0.01237
12	0.02008	0.59622	0.03433	0.01441	0.04528	0.12030	0.01283	0.02247	0.01584	0.01790	0.03605	0.01370	0.01164	0.00672	0.00516	0.00165	0.00837	0.00444	0.00340	0.00920
13	0.01780	0.50887	0.26378	0.01523	0.02298	0.02475	0.01730	0.02219	0.01496	0.01910	0.01110	0.01290	0.00929	0.00645	0.00542	0.00181	0.00878	0.00439	0.00310	0.00981
14	0.01263	0.00631	0.00947	0.00947	0.00947	0.00631	0.00631	0.00947	0.00947	0.01263	0.01263	0.02210	0.01263	0.02525	0.02841	0.78851	0.00631	0.00631	0.00316	0.00316
15	0.02287	0.01077	0.01373	0.01122	0.01541	0.00961	0.00902	0.06034	0.02062	0.39063	0.17417	0.03963	0.16625	0.01210	0.00783	0.00230	0.00521	0.01010	0.00824	0.00997
16	0.04742	0.04579	0.04904	0.02094	0.08970	0.34906	0.03505	0.07825	0.05983	0.02219	0.01294	0.01545	0.01063	0.00834	0.00942	0.00221	0.12473	0.00559	0.00413	0.00930
17	0.00894	0.00738	0.00785	0.00773	0.01003	0.00629	0.00580	0.01111	0.01740	0.02161	0.20242	0.06671	0.56623	0.01767	0.00859	0.00242	0.00363	0.01489	0.00701	0.00629
18	0.22029	0.01564	0.01598	0.01338	0.01821	0.03756	0.01078	0.12281	0.23337	0.20504	0.02216	0.02085	0.01572	0.00862	0.00660	0.00230	0.00637	0.00656	0.00694	0.01083
19	0.13071	0.31885	0.02674	0.01549	0.06491	0.07188	0.01260	0.13981	0.01922	0.11686	0.01422	0.01499	0.01097	0.00722	0.00576	0.00192	0.00774	0.00505	0.00491	0.01015
20	0.01057	0.00705	0.00793	0.00793	0.00793	0.00705	0.00440	0.01057	0.01057	0.01409	0.02290	0.04757	0.02643	0.74454	0.03700	0.00705	0.00705	0.01057	0.00440	0.00440
21	0.01038	0.00779	0.01168	0.01168	0.01298	0.00909	0.00909	0.01298	0.01168	0.01687	0.01947	0.02856	0.01817	0.05452	0.71573	0.01168	0.01947	0.00779	0.00389	0.00649
22	0.01961	0.58696	0.03442	0.01389	0.01904	0.08678	0.01305	0.02180	0.01477	0.01721	0.01013	0.01237	0.00936	0.00722	0.00746	0.00181	0.10758	0.00429	0.00317	0.00906
23	0.01126	0.00764	0.01003	0.00931	0.01119	0.00702	0.00702	0.01466	0.02059	0.05843	0.66644	0.05302	0.06639	0.01461	0.00852	0.00228	0.00355	0.01289	0.00804	0.00710
24	0.00886	0.00633	0.00843	0.01012	0.01054	0.00590	0.00675	0.01012	0.01392	0.01856	0.04006	0.73979	0.04808	0.02277	0.00928	0.00295	0.00422	0.02066	0.00675	0.00590
25	0.00967	0.00741	0.00886	0.00850	0.01048	0.00660	0.00637	0.01253	0.01912	0.02570	0.47023	0.05997	0.29586	0.01615	0.00858	0.00235	0.00352	0.01394	0.00755	0.00660
26	0.01056	0.00708	0.00810	0.00810	0.00816	0.00714	0.00462	0.01068	0.01062	0.01422	0.02275	0.04670	0.02605	0.71301	0.06802	0.00726	0.00761	0.01044	0.00438	0.00450
27	0.02715	0.03464	0.02060	0.01873	0.02247	0.71536	0.01404	0.02903	0.02060	0.01779	0.01124	0.01311	0.00936	0.00749	0.00655	0.00187	0.01311	0.00468	0.00375	0.00843
28	0.01977	0.01646	0.01739	0.01514	0.01955	0.01887	0.01191	0.15135	0.57058	0.03314	0.02744	0.02541	0.02045	0.00966	0.00737	0.00242	0.00615	0.00792	0.00737	0.01166

[dist]
# distance from previous block
# <min> <max>
0	11

[block]
# block no. 4 follows, 28 sequences, length 39
# corresponding to MSA columns:
# 258-296
name=unknown_E
#
# <colnr> <probs for GDERKNQSTAVLIFYWHMCP>
#	G	D	E	R	K	N	Q	S	T	A	V	L	I	F	Y	W	H	M	C	P
0	0.01496	0.06554	0.63198	0.02109	0.03140	0.01748	0.07240	0.02299	0.01545	0.02280	0.01304	0.01550	0.00934	0.00682	0.00693	0.00228	0.01073	0.00554	0.00311	0.01062
1	0.01871	0.01625	0.01975	0.05022	0.15726	0.01822	0.01423	0.08948	0.46758	0.02991	0.02465	0.02413	0.01868	0.00898	0.00734	0.00238	0.00669	0.00765	0.00645	0.01144
2	0.01507	0.01292	0.01507	0.01077	0.01723	0.00969	0.00861	0.01830	0.01507	0.02369	0.01292	0.01507	0.01077	0.00538	0.00538	0.00108	0.00538	0.00431	0.00431	0.78898
3	0.00886	0.00633	0.00843	0.01012	0.01054	0.00590	0.00675	0.01012	0.01392	0.01856	0.04006	0.73979	0.04808	0.02277	0.00928	0.00295	0.00422	0.02066	0.00675	0.00590
4	0.01248	0.00850	0.01082	0.00987	0.01205	0.00810	0.00752	0.03613	0.05335	0.06882	0.60392	0.05015	0.06170	0.01409	0.00840	0.00229	0.00384	0.01237	0.00801	0.00757
5	0.01057	0.00705	0.00793	0.00793	0.00793	0.00705	0.00440	0.01057	0.01057	0.01409	0.02290	0.04757	0.02643	0.74454	0.03700	0.00705	0.00705	0.01057	0.00440	0.00440
6	0.01078	0.00837	0.01244	0.01221	0.01342	0.01003	0.00957	0.01330	0.01164	0.01692	0.01876	0.02765	0.01756	0.05153	0.66626	0.01107	0.07037	0.00769	0.00384	0.00659
7	0.01583	0.01565	0.02811	0.35283	0.26559	0.01711	0.13508	0.02062	0.01557	0.02111	0.01338	0.01884	0.01053	0.00697	0.00800	0.00236	0.03262	0.00683	0.00343	0.00953
8	0.05472	0.01398	0.01974	0.08823	0.12534	0.01398	0.01385	0.06990	0.01939	0.41960	0.02213	0.02164	0.01488	0.00861	0.00835	0.00231	0.05821	0.00686	0.00693	0.01134
9	0.79588	0.01406	0.01068	0.00956	0.01406	0.01631	0.00787	0.02137	0.01237	0.03261	0.01012	0.01181	0.00787	0.00675	0.00450	0.00225	0.00562	0.00394	0.00450	0.00787
10	0.01685	0.01961	0.09429	0.11135	0.27831	0.01760	0.30842	0.02239	0.01649	0.02291	0.01399	0.01862	0.01090	0.00645	0.00779	0.00233	0.01053	0.00730	0.00355	0.01032
11	0.01583	0.01247	0.01477	0.01087	0.01689	0.00952	0.00863	0.01891	0.01538	0.06801	0.01566	0.06136	0.01359	0.00672	0.00576	0.00127	0.00536	0.00553	0.00477	0.68869
12	0.00865	0.00732	0.00748	0.00753	0.00988	0.00615	0.00561	0.01052	0.01658	0.01989	0.09153	0.09693	0.65023	0.01848	0.00862	0.00247	0.00370	0.01549	0.00679	0.00615
13	0.01515	0.03626	0.01908	0.03798	0.01949	0.10345	0.12652	0.06351	0.01762	0.02251	0.13418	0.16085	0.06813	0.07002	0.04523	0.00321	0.03259	0.01110	0.00540	0.00770
14	0.01507	0.01292	0.01507	0.01077	0.01723	0.00969	0.00861	0.01830	0.01507	0.02369	0.01292	0.01507	0.01077	0.00538	0.00538	0.00108	0.00538	0.00431	0.00431	0.78898
15	0.01710	0.01270	0.01532	0.01135	0.01720	0.01016	0.00909	0.02013	0.01560	0.11044	0.01592	0.04605	0.01317	0.00685	0.00652	0.00139	0.03418	0.00544	0.00496	0.62644
16	0.00921	0.00675	0.00878	0.01006	0.01090	0.00613	0.00681	0.01061	0.01408	0.01889	0.03971	0.67353	0.06942	0.02161	0.00903	0.00283	0.00427	0.01952	0.00661	0.05127
17	0.23226	0.19362	0.27184	0.03926	0.04997	0.05992	0.01715	0.02245	0.01472	0.02388	0.01147	0.01362	0.00898	0.00673	0.00573	0.00209	0.00866	0.00467	0.00354	0.00943
18	0.01056	0.00784	0.01009	0.01126	0.01294	0.00748	0.00929	0.01316	0.01616	0.02057	0.04723	0.14475	0.21327	0.04888	0.01066	0.00322	0.00567	0.39397	0.00662	0.00638
19	0.01054	0.00769	0.00982	0.01053	0.01127	0.00785	0.00737	0.03763	0.01408	0.01884	0.03416	0.42653	0.06019	0.17351	0.05652	0.00430	0.03580	0.06139	0.00597	0.00603
20	0.01866	0.49043	0.14244	0.01615	0.02321	0.02476	0.09632	0.05381	0.01611	0.02038	0.01157	0.01360	0.00971	0.00641	0.00565	0.00180	0.00874	0.00484	0.00341	0.03200
21	0.79588	0.01406	0.01068	0.00956	0.01406	0.01631	0.00787	0.02137	0.01237	0.03261	0.01012	0.01181	0.00787	0.00675	0.00450	0.00225	0.00562	0.00394	0.00450	0.00787
22	0.00961	0.00670	0.00848	0.00941	0.00973	0.00656	0.00603	0.01049	0.01250	0.01676	0.03213	0.42841	0.03779	0.29675	0.07017	0.00512	0.00637	0.01595	0.00566	0.00538
23	0.01715	0.02092	0.15231	0.06616	0.51000	0.01723	0.06558	0.02235	0.01629	0.02338	0.01360	0.01767	0.01099	0.00656	0.00724	0.00221	0.00929	0.00641	0.00349	0.01113
24	0.01207	0.00847	0.01034	0.00975	0.01196	0.00804	0.00734	0.01675	0.08747	0.06886	0.42300	0.11442	0.16298	0.01529	0.00844	0.00239	0.00395	0.01332	0.00768	0.00747
25	0.01029	0.00743	0.00972	0.00914	0.01086	0.00686	0.00686	0.01372	0.02058	0.02915	0.69536	0.05430	0.06859	0.01486	0.00857	0.00229	0.00343	0.01315	0.00800	0.00686
26	0.00903	0.00646	0.00859	0.01000	0.01058	0.00602	0.00676	0.01055	0.01472	0.01983	0.11872	0.65751	0.05054	0.02182	0.00919	0.00287	0.00412	0.01976	0.00690	0.00602
27	0.03854	0.02920	0.42708	0.02489	0.11762	0.01680	0.14880	0.02375	0.01613	0.06812	0.01439	0.01702	0.01039	0.00683	0.00722	0.00231	0.01032	0.00622	0.00368	0.01069
28	0.02513	0.05911	0.02153	0.01854	0.02180	0.58241	0.01427	0.02697	0.01892	0.01772	0.01093	0.01348	0.00939	0.00825	0.00914	0.00206	0.12341	0.00491	0.00363	0.00839
29	0.01218	0.00890	0.01206	0.01349	0.01534	0.00908	0.01170	0.01679	0.06588	0.02239	0.03783	0.07797	0.04039	0.01933	0.00985	0.00328	0.00662	0.60312	0.00675	0.00705
30	0.01244	0.00800	0.00985	0.00905	0.01146	0.00709	0.00690	0.01530	0.01936	0.10723	0.42259	0.05560	0.25710	0.01526	0.00843	0.00233	0.00384	0.01313	0.00773	0.00730
31	0.02474	0.01578	0.01845	0.03777	0.02044	0.01688	0.01221	0.32505	0.08811	0.20273	0.06179	0.07350	0.02027	0.01036	0.00815	0.00233	0.03455	0.00826	0.00743	0.01120
32	0.01092	0.00858	0.01257	0.01229	0.01337	0.01031	0.00957	0.01327	0.01168	0.01692	0.01936	0.05704	0.01874	0.07151	0.58974	0.01025	0.09512	0.00826	0.00395	0.00655
33	0.00871	0.00737	0.00753	0.00749	0.00989	0.00619	0.00562	0.01067	0.01685	0.02032	0.11804	0.06884	0.65142	0.01816	0.00859	0.00244	0.00366	0.01518	0.00684	0.00619
34	0.01646	0.04691	0.24652	0.02757	0.06063	0.01819	0.42946	0.02312	0.01651	0.02304	0.01402	0.01800	0.01044	0.00638	0.00789	0.00237	0.01152	0.00737	0.00347	0.01014
35	0.01808	0.01782	0.02710	0.20019	0.44812	0.07225	0.04011	0.04784	0.01712	0.02293	0.01349	0.01796	0.01094	0.00682	0.00721	0.00221	0.00932	0.00640	0.00367	0.01045
36	0.01530	0.03311	0.55276	0.02521	0.13809	0.01705	0.07129	0.02293	0.01566	0.02315	0.01326	0.01607	0.00970	0.00678	0.00707	0.00229	0.01051	0.00577	0.00320	0.01080
37	0.00989	0.00709	0.00874	0.00885	0.00992	0.00664	0.00606	0.01182	0.01617	0.02205	0.32057	0.19577	0.11674	0.20840	0.01618	0.00369	0.00457	0.01425	0.00667	0.00594
38	0.01605	0.01371	0.01662	0.01195	0.01840	0.01094	0.03432	0.06539	0.01652	0.02525	0.01331	0.01542	0.01089	0.00565	0.00564	0.00121	0.00583	0.00463	0.00449	0.70378

[dist]
# distance from previous block
# <min> <max>
0	1

[block]
# block no. 5 follows, 28 sequences, length 127
# corresponding to MSA columns:
# 298-331,357-449
name=unknown_F
#
# <colnr> <probs for GDERKNQSTAVLIFYWHMCP>
#	G	D	E	R	K	N	Q	S	T	A	V	L	I	F	Y	W	H	M	C	P
0	0.01942	0.01989	0.04987	0.06489	0.52925	0.09371	0.02085	0.07080	0.01817	0.02450	0.01364	0.01739	0.01120	0.00680	0.00713	0.00214	0.00919	0.00625	0.00385	0.01108
1	0.01839	0.01626	0.01658	0.01493	0.01902	0.04180	0.01159	0.03830	0.66342	0.02998	0.02896	0.02664	0.02175	0.00978	0.00737	0.00245	0.00600	0.00810	0.00727	0.01140
2	0.00890	0.00645	0.00841	0.00988	0.01050	0.00596	0.00666	0.01030	0.01440	0.01909	0.07061	0.66108	0.09671	0.02211	0.00920	0.00289	0.00414	0.01995	0.00680	0.00596
3	0.01783	0.01711	0.02922	0.06972	0.67532	0.01723	0.02223	0.02217	0.01648	0.02356	0.01365	0.01804	0.01145	0.00651	0.00720	0.00217	0.00867	0.00648	0.00358	0.01139
4	0.01049	0.00701	0.00795	0.00803	0.00805	0.00700	0.00451	0.01055	0.01072	0.01429	0.02367	0.07853	0.02740	0.71226	0.03576	0.00686	0.00692	0.01102	0.00451	0.00447
5	0.01263	0.00631	0.00947	0.00947	0.00947	0.00631	0.00631	0.00947	0.00947	0.01263	0.01263	0.02210	0.01263	0.02525	0.02841	0.78851	0.00631	0.00631	0.00316	0.00316
6	0.01373	0.01292	0.02180	0.72707	0.05006	0.01615	0.02019	0.01857	0.01453	0.01857	0.01292	0.01938	0.00969	0.00727	0.00727	0.00242	0.00969	0.00646	0.00323	0.00807
7	0.00898	0.00641	0.00858	0.01026	0.01074	0.00601	0.00696	0.01033	0.01404	0.01869	0.04000	0.71162	0.04781	0.02266	0.00931	0.00297	0.00432	0.04763	0.00675	0.00594
8	0.01716	0.01961	0.04289	0.03064	0.03799	0.01838	0.67279	0.02328	0.01716	0.02328	0.01471	0.01961	0.01103	0.00613	0.00858	0.00245	0.01225	0.00858	0.00368	0.00980
9	0.02763	0.02036	0.02182	0.01672	0.02254	0.02254	0.01382	0.67496	0.03418	0.04581	0.01745	0.01745	0.01236	0.00873	0.00727	0.00218	0.00800	0.00654	0.00727	0.01236
10	0.01507	0.01292	0.01507	0.01077	0.01723	0.00969	0.00861	0.01830	0.01507	0.02369	0.01292	0.01507	0.01077	0.00538	0.00538	0.00108	0.00538	0.00431	0.00431	0.78898
11	0.01423	0.01319	0.02180	0.70156	0.04908	0.01638	0.01996	0.04214	0.01524	0.01955	0.01308	0.01931	0.00979	0.00732	0.00727	0.00241	0.00963	0.00646	0.00338	0.00823
