[name]
unknown

[dist]
# distance from previous block
# <min> <max>
15	26

[block]
# block no. 0 follows, 30 sequences, length 47
# corresponding to MSA columns:
# 27-73
name=unknown_A
#
# <colnr> <probs for GDERKNQSTAVLIFYWHMCP>
#	G	D	E	R	K	N	Q	S	T	A	V	L	I	F	Y	W	H	M	C	P
0	0.01965	0.01490	0.01664	0.01305	0.01812	0.01485	0.01047	0.29485	0.09276	0.05503	0.04267	0.07649	0.01710	0.00868	0.00658	0.00183	0.00611	0.00704	0.00607	0.27710
1	0.01608	0.01156	0.01320	0.01137	0.01412	0.01204	0.00864	0.22146	0.01979	0.04995	0.08980	0.13993	0.08294	0.15153	0.01338	0.00308	0.03957	0.01023	0.03593	0.05538
2	0.02074	0.01355	0.01465	0.01217	0.01581	0.03779	0.00956	0.29069	0.02271	0.13502	0.04738	0.09514	0.04623	0.07554	0.00942	0.00252	0.00617	0.00854	0.12712	0.00925
3	0.02325	0.01760	0.04286	0.01617	0.04615	0.01853	0.01299	0.41195	0.15406	0.09650	0.01975	0.01983	0.01438	0.01163	0.05893	0.00281	0.00803	0.00669	0.00664	0.01122
4	0.02088	0.01496	0.04043	0.01299	0.01755	0.01497	0.01086	0.27116	0.08696	0.11628	0.02074	0.02117	0.03270	0.00846	0.00715	0.00197	0.03986	0.00650	0.15374	0.10067
5	0.02460	0.11836	0.02243	0.01514	0.02063	0.02179	0.01275	0.55754	0.04764	0.03902	0.01797	0.01799	0.03563	0.00840	0.00669	0.00203	0.00745	0.00627	0.00643	0.01125
6	0.01946	0.24948	0.02420	0.05234	0.02013	0.07105	0.01243	0.20148	0.01913	0.02475	0.01358	0.04248	0.01175	0.01026	0.04375	0.00238	0.08493	0.00569	0.00441	0.08633
7	0.01440	0.01081	0.01197	0.01129	0.03617	0.01081	0.00840	0.07729	0.18524	0.08419	0.07881	0.04672	0.36911	0.01356	0.00771	0.00230	0.00473	0.01129	0.00682	0.00838
8	0.02681	0.01953	0.02060	0.01589	0.02140	0.04505	0.01308	0.62398	0.03155	0.08560	0.01723	0.01705	0.01211	0.00835	0.00696	0.00209	0.00774	0.00627	0.00697	0.01174
9	0.05050	0.30460	0.22840	0.02122	0.16279	0.04385	0.03575	0.02148	0.01473	0.02017	0.01134	0.01381	0.00934	0.00645	0.00627	0.00192	0.02969	0.00486	0.00316	0.00966
10	0.00857	0.00616	0.00813	0.00958	0.01011	0.00572	0.00644	0.00991	0.01378	0.01839	0.07498	0.69046	0.06927	0.02132	0.00885	0.00278	0.00399	0.01929	0.00654	0.00572
11	0.01015	0.00677	0.00761	0.00761	0.00761	0.00677	0.00423	0.01015	0.01015	0.01353	0.02199	0.04567	0.02537	0.75476	0.03552	0.00677	0.00677	0.01015	0.00423	0.00423
12	0.01563	0.18132	0.46530	0.05477	0.02862	0.05125	0.06776	0.02192	0.01493	0.02051	0.01197	0.01439	0.00901	0.00649	0.00630	0.00206	0.00988	0.00510	0.00303	0.00974
13	0.02203	0.12298	0.04536	0.05362	0.02142	0.01762	0.04599	0.18439	0.16594	0.18239	0.02254	0.02190	0.04575	0.00848	0.00676	0.00212	0.00700	0.00686	0.00626	0.01061
14	0.01212	0.00606	0.00909	0.00909	0.00909	0.00606	0.00606	0.00909	0.00909	0.01212	0.01212	0.02121	0.01212	0.02424	0.02727	0.79697	0.00606	0.00606	0.00303	0.00303
15	0.01322	0.00716	0.00756	0.03796	0.01031	0.00740	0.00579	0.01732	0.04727	0.02582	0.02259	0.02570	0.01768	0.00814	0.00507	0.00169	0.00362	0.00656	0.72236	0.00677
16	0.01586	0.03868	0.07836	0.03022	0.30711	0.01640	0.20223	0.02101	0.04626	0.02194	0.01759	0.05229	0.03975	0.00812	0.00840	0.00229	0.05476	0.02513	0.00389	0.00973
17	0.01599	0.02186	0.18527	0.10244	0.05482	0.01723	0.42727	0.04702	0.01643	0.02265	0.01366	0.01779	0.01013	0.00627	0.00767	0.00230	0.01093	0.00722	0.00349	0.00957
18	0.01552	0.01583	0.01976	0.01727	0.01778	0.08555	0.01416	0.01721	0.01161	0.01674	0.01068	0.01676	0.01033	0.01751	0.12254	0.00411	0.56980	0.00615	0.00320	0.00747
19	0.72626	0.04766	0.01179	0.00948	0.01393	0.01591	0.00790	0.02126	0.01242	0.06758	0.01068	0.01200	0.00815	0.00657	0.00447	0.00213	0.00552	0.00395	0.00449	0.00785
20	0.01688	0.01618	0.02762	0.10919	0.64792	0.01648	0.02122	0.02107	0.01570	0.02232	0.01306	0.01740	0.01089	0.00629	0.00691	0.00210	0.00839	0.00622	0.00342	0.01074
21	0.01988	0.01606	0.01851	0.03838	0.09392	0.01799	0.01289	0.18907	0.42492	0.05519	0.02352	0.02261	0.01749	0.00876	0.00705	0.00226	0.00645	0.00725	0.00662	0.01118
22	0.00997	0.00748	0.01121	0.01121	0.01246	0.00872	0.00872	0.01246	0.01121	0.01620	0.01869	0.02741	0.01745	0.05234	0.72710	0.01121	0.01869	0.00748	0.00374	0.00623
23	0.09074	0.01777	0.01870	0.01458	0.01994	0.04149	0.01195	0.44771	0.05948	0.12788	0.01764	0.01737	0.01247	0.00804	0.00662	0.00204	0.00714	0.00604	0.00667	0.06572
24	0.02607	0.01932	0.02068	0.01596	0.02147	0.02143	0.01315	0.65538	0.06613	0.04324	0.01734	0.01722	0.01234	0.00843	0.00699	0.00211	0.00757	0.00636	0.00699	0.01183
25	0.01523	0.03200	0.57263	0.02179	0.06292	0.01613	0.10415	0.02263	0.01523	0.05344	0.01342	0.01575	0.00954	0.00661	0.00685	0.00222	0.01019	0.00566	0.00330	0.01031
26	0.01613	0.02781	0.42097	0.04626	0.03185	0.01618	0.23790	0.02298	0.01568	0.07665	0.01422	0.01689	0.01008	0.00656	0.00719	0.00226	0.01040	0.00633	0.00359	0.01006
27	0.01431	0.07001	0.66239	0.01984	0.02983	0.01680	0.04816	0.02205	0.01477	0.02184	0.01244	0.01471	0.00891	0.00657	0.00658	0.00218	0.01023	0.00520	0.00297	0.01022
28	0.01631	0.01598	0.02536	0.27965	0.44961	0.05175	0.02032	0.02051	0.01542	0.02081	0.01276	0.01749	0.01035	0.00653	0.00690	0.00215	0.00885	0.00613	0.00334	0.00977
29	0.01388	0.01170	0.02032	0.10548	0.02342	0.01160	0.19818	0.05803	0.01641	0.06133	0.07502	0.30199	0.02921	0.01337	0.00822	0.00252	0.00718	0.02886	0.00548	0.00779
30	0.01255	0.01109	0.01776	0.01536	0.01726	0.01309	0.10125	0.03770	0.01254	0.01810	0.01596	0.02328	0.01455	0.03595	0.45427	0.00796	0.17327	0.00724	0.00367	0.00715
31	0.01318	0.01240	0.02093	0.73798	0.04806	0.01550	0.01938	0.01783	0.01395	0.01783	0.01240	0.01860	0.00930	0.00698	0.00698	0.00233	0.00930	0.00620	0.00310	0.00775
32	0.00914	0.00646	0.00779	0.00857	0.00903	0.00614	0.00544	0.00992	0.01233	0.01619	0.03527	0.38952	0.10967	0.31939	0.01965	0.00438	0.00510	0.01534	0.00556	0.00511
33	0.01853	0.01871	0.02752	0.10761	0.38416	0.10373	0.11401	0.07833	0.01753	0.02315	0.01310	0.01696	0.01057	0.00672	0.00748	0.00213	0.02964	0.00630	0.00373	0.01009
34	0.00933	0.00707	0.00860	0.00830	0.01011	0.00634	0.00620	0.01208	0.01834	0.02484	0.48980	0.08435	0.25796	0.01559	0.00826	0.00227	0.00339	0.01354	0.00727	0.00634
35	0.01015	0.00677	0.00761	0.00761	0.00761	0.00677	0.00423	0.01015	0.01015	0.01353	0.02199	0.04567	0.02537	0.75476	0.03552	0.00677	0.00677	0.01015	0.00423	0.00423
36	0.01525	0.02988	0.50921	0.06163	0.08479	0.01625	0.08090	0.02217	0.01502	0.05302	0.01325	0.01593	0.00958	0.00685	0.00744	0.00225	0.03747	0.00568	0.00331	0.01012
37	0.01699	0.48469	0.26781	0.01533	0.02281	0.02335	0.04338	0.02136	0.01446	0.01858	0.01083	0.01270	0.00898	0.00619	0.00536	0.00177	0.00860	0.00439	0.00299	0.00943
38	0.02607	0.03326	0.01978	0.01798	0.02157	0.72674	0.01348	0.02787	0.01978	0.01708	0.01079	0.01258	0.00899	0.00719	0.00629	0.00180	0.01258	0.00449	0.00360	0.00809
39	0.01075	0.00861	0.01235	0.01197	0.01283	0.01042	0.00925	0.01276	0.01122	0.01621	0.01906	0.08884	0.01919	0.10353	0.48738	0.00874	0.13821	0.00853	0.00390	0.00625
40	0.02350	0.25594	0.12035	0.01426	0.04519	0.01678	0.01314	0.02675	0.01685	0.34169	0.01895	0.01904	0.01350	0.03569	0.00722	0.00212	0.00716	0.00579	0.00566	0.01040
41	0.01010	0.00696	0.00861	0.00861	0.00896	0.00731	0.00548	0.01079	0.01045	0.01427	0.02107	0.04058	0.02316	0.55920	0.22806	0.00800	0.01009	0.00940	0.00409	0.00479
42	0.00936	0.00711	0.00862	0.00824	0.01011	0.00637	0.00618	0.01217	0.01854	0.02510	0.50662	0.05687	0.26856	0.01534	0.00824	0.00225	0.00337	0.01328	0.00730	0.00637
43	0.01807	0.01559	0.01558	0.01480	0.05027	0.09299	0.01099	0.06507	0.37436	0.07279	0.03198	0.03211	0.12629	0.01064	0.00728	0.00230	0.00631	0.03625	0.00651	0.00982
44	0.01602	0.02089	0.13924	0.13458	0.06798	0.04980	0.39143	0.02159	0.01569	0.02116	0.01319	0.01764	0.01001	0.00652	0.00831	0.00232	0.04395	0.00709	0.00335	0.00924
45	0.01499	0.01485	0.02084	0.01794	0.01801	0.02070	0.01492	0.01656	0.01071	0.01676	0.00967	0.01591	0.00960	0.01434	0.06020	0.00349	0.70367	0.00618	0.00309	0.00756
46	0.02607	0.03326	0.01978	0.01798	0.02157	0.72674	0.01348	0.02787	0.01978	0.01708	0.01079	0.01258	0.00899	0.00719	0.00629	0.00180	0.01258	0.00449	0.00360	0.00809

[dist]
# distance from previous block
# <min> <max>
2	6

[block]
# block no. 1 follows, 30 sequences, length 6
# corresponding to MSA columns:
# 80-85
name=unknown_B
#
# <colnr> <probs for GDERKNQSTAVLIFYWHMCP>
#	G	D	E	R	K	N	Q	S	T	A	V	L	I	F	Y	W	H	M	C	P
0	0.37093	0.01681	0.06510	0.01297	0.01800	0.05877	0.03648	0.06645	0.11446	0.15272	0.01647	0.01662	0.01184	0.00744	0.00580	0.00217	0.00668	0.00542	0.00548	0.00940
1	0.02611	0.03194	0.01989	0.01779	0.02158	0.65873	0.01346	0.09154	0.02103	0.01967	0.01136	0.01299	0.00927	0.00731	0.00636	0.00183	0.01211	0.00467	0.00392	0.00845
2	0.02550	0.01710	0.01919	0.01499	0.02009	0.01854	0.01233	0.51714	0.02857	0.14311	0.01860	0.01895	0.01328	0.01307	0.08321	0.00307	0.00858	0.00652	0.00689	0.01127
3	0.02350	0.01804	0.01924	0.01544	0.02049	0.02023	0.01253	0.47341	0.25228	0.03910	0.02059	0.01981	0.01498	0.00874	0.00702	0.00218	0.00697	0.00681	0.00702	0.01160
4	0.01000	0.00737	0.01066	0.01066	0.01172	0.00842	0.00803	0.01211	0.01105	0.01579	0.01920	0.03021	0.01866	0.16004	0.62106	0.01053	0.01686	0.00789	0.00381	0.00592
5	0.02003	0.01482	0.01624	0.01399	0.01811	0.01643	0.01101	0.18167	0.40857	0.10374	0.02666	0.09512	0.02119	0.01036	0.00724	0.00233	0.00591	0.00861	0.00717	0.01079

[dist]
# distance from previous block
# <min> <max>
1	4

[block]
# block no. 2 follows, 30 sequences, length 25
# corresponding to MSA columns:
# 90-114
name=unknown_C
#
# <colnr> <probs for GDERKNQSTAVLIFYWHMCP>
#	G	D	E	R	K	N	Q	S	T	A	V	L	I	F	Y	W	H	M	C	P
0	0.15429	0.03855	0.01831	0.01386	0.01902	0.01829	0.01147	0.42198	0.02614	0.14463	0.05264	0.01861	0.01469	0.00834	0.00654	0.00210	0.00680	0.00624	0.00672	0.01080
1	0.00912	0.04493	0.00965	0.00977	0.01054	0.00686	0.00677	0.01052	0.01383	0.01842	0.08182	0.66535	0.04556	0.02053	0.00863	0.00272	0.00417	0.01852	0.00638	0.00590
2	0.02607	0.03326	0.01978	0.01798	0.02157	0.72674	0.01348	0.02787	0.01978	0.01708	0.01079	0.01258	0.00899	0.00719	0.00629	0.00180	0.01258	0.00449	0.00360	0.00809
3	0.08110	0.01409	0.04695	0.01303	0.01859	0.01244	0.01117	0.12260	0.02098	0.54806	0.02422	0.02157	0.01552	0.00837	0.00682	0.00215	0.00633	0.00662	0.00788	0.01152
4	0.01011	0.00693	0.00845	0.00845	0.00874	0.00722	0.00528	0.01069	0.01040	0.01415	0.02122	0.04140	0.02352	0.59056	0.19718	0.00781	0.00955	0.00952	0.00411	0.00470
5	0.03021	0.01364	0.01728	0.01325	0.01869	0.01287	0.01095	0.18417	0.02292	0.56174	0.02506	0.02214	0.01603	0.00858	0.00701	0.00214	0.00634	0.00685	0.00826	0.01187
6	0.01866	0.75896	0.03657	0.01194	0.01791	0.02761	0.01194	0.02090	0.01418	0.01642	0.00970	0.01119	0.00896	0.00597	0.00448	0.00149	0.00746	0.00373	0.00299	0.00896
7	0.00850	0.00607	0.00810	0.00972	0.01012	0.00567	0.00648	0.00972	0.01336	0.01781	0.03846	0.75020	0.04615	0.02186	0.00891	0.00283	0.00405	0.01984	0.00648	0.00567
8	0.01779	0.01590	0.01598	0.01439	0.01832	0.05287	0.01117	0.03662	0.66463	0.02858	0.02752	0.02536	0.02069	0.00935	0.00706	0.00234	0.00588	0.00772	0.00693	0.01090
9	0.01595	0.01634	0.02095	0.01794	0.01846	0.06810	0.01483	0.01757	0.01147	0.01708	0.00942	0.01505	0.00920	0.01156	0.02098	0.00288	0.65972	0.00591	0.00314	0.04344
10	0.01629	0.01636	0.02284	0.01906	0.02001	0.04485	0.06730	0.05120	0.01255	0.01860	0.00998	0.01553	0.00940	0.01136	0.02040	0.00291	0.62383	0.00623	0.00331	0.00800
11	0.01400	0.03610	0.71860	0.01989	0.03020	0.01621	0.02578	0.02210	0.01473	0.02210	0.01252	0.01473	0.00884	0.00663	0.00663	0.00221	0.01031	0.00516	0.00295	0.01031
12	0.01015	0.00677	0.00761	0.00761	0.00761	0.00677	0.00423	0.01015	0.01015	0.01353	0.02199	0.04567	0.02537	0.75476	0.03552	0.00677	0.00677	0.01015	0.00423	0.00423
13	0.01627	0.01555	0.02651	0.21364	0.54828	0.01632	0.02092	0.02053	0.01541	0.02158	0.01295	0.01760	0.01062	0.00640	0.00693	0.00213	0.00854	0.00621	0.00337	0.01024
14	0.02538	0.01659	0.04677	0.01378	0.01849	0.11996	0.01137	0.08293	0.10406	0.37080	0.04762	0.07181	0.01935	0.00951	0.00707	0.00217	0.00700	0.00767	0.00713	0.01053
15	0.02486	0.04313	0.02053	0.01643	0.04517	0.06733	0.01297	0.47151	0.09222	0.08402	0.01789	0.01799	0.01298	0.00961	0.02888	0.00236	0.00804	0.00632	0.00652	0.01124
16	0.01244	0.01097	0.01760	0.50400	0.05980	0.01316	0.01539	0.01590	0.01300	0.01694	0.01496	0.02512	0.01345	0.17495	0.06153	0.00389	0.00934	0.00716	0.00340	0.00699
17	0.00850	0.00607	0.00810	0.00972	0.01012	0.00567	0.00648	0.00972	0.01336	0.01781	0.03846	0.75020	0.04615	0.02186	0.00891	0.00283	0.00405	0.01984	0.00648	0.00567
18	0.75022	0.01342	0.01098	0.05878	0.01585	0.01564	0.00836	0.02033	0.01202	0.03039	0.00990	0.01183	0.00768	0.00651	0.00450	0.00217	0.00566	0.00394	0.00424	0.00757
19	0.09062	0.00697	0.00822	0.00924	0.00997	0.00691	0.00614	0.01091	0.01257	0.01834	0.03221	0.53341	0.03803	0.16678	0.01375	0.00355	0.00473	0.01625	0.00581	0.00557
20	0.02411	0.01782	0.01927	0.01504	0.02011	0.01940	0.01223	0.58389	0.02976	0.04005	0.01819	0.06756	0.01459	0.03506	0.00801	0.00225	0.00727	0.00723	0.00671	0.05143
21	0.04119	0.01419	0.01743	0.04595	0.01984	0.01366	0.03461	0.21960	0.02155	0.17915	0.07946	0.02080	0.01717	0.00783	0.00655	0.00183	0.00634	0.00639	0.00620	0.24027
22	0.05187	0.01673	0.01820	0.01425	0.01943	0.05298	0.01161	0.34912	0.04950	0.27246	0.02039	0.01983	0.01411	0.02834	0.00760	0.00221	0.00710	0.00647	0.00715	0.03064
23	0.08498	0.01371	0.01700	0.03790	0.06495	0.01379	0.01137	0.20241	0.02141	0.33488	0.02255	0.08029	0.01706	0.03563	0.00795	0.00236	0.00650	0.00765	0.00701	0.01058
24	0.04527	0.01655	0.01512	0.03779	0.01772	0.17526	0.01034	0.11972	0.03752	0.11651	0.05507	0.12264	0.06995	0.02933	0.00775	0.00222	0.00722	0.02494	0.00579	0.08330

[dist]
# distance from previous block
# <min> <max>
9	19

[block]
# block no. 3 follows, 30 sequences, length 65
# corresponding to MSA columns:
# 134-198
name=unknown_D
#
# <colnr> <probs for GDERKNQSTAVLIFYWHMCP>
#	G	D	E	R	K	N	Q	S	T	A	V	L	I	F	Y	W	H	M	C	P
0	0.16277	0.14337	0.04284	0.11599	0.02003	0.03579	0.01115	0.08188	0.01663	0.05033	0.11352	0.11115	0.04813	0.01012	0.00647	0.00215	0.00642	0.00814	0.00506	0.00809
1	0.20502	0.06224	0.01627	0.01339	0.04169	0.03675	0.04375	0.09718	0.01604	0.02530	0.09702	0.09796	0.02156	0.09444	0.01104	0.00273	0.06690	0.00804	0.00495	0.03773
2	0.01433	0.15326	0.07996	0.05374	0.04394	0.03444	0.01134	0.07642	0.01771	0.02379	0.24307	0.11150	0.03278	0.03727	0.00803	0.00224	0.00616	0.00932	0.00540	0.03529
3	0.15556	0.01031	0.01280	0.15222	0.01956	0.01111	0.00996	0.06575	0.01691	0.06871	0.21973	0.17289	0.03339	0.01217	0.00725	0.00233	0.00548	0.01040	0.00595	0.00752
4	0.04717	0.32820	0.07724	0.02022	0.14254	0.04549	0.05935	0.02041	0.01409	0.01897	0.01106	0.01431	0.00971	0.00880	0.03432	0.00234	0.12839	0.00512	0.00321	0.00905
5	0.01121	0.00837	0.00941	0.00895	0.01100	0.03580	0.00670	0.01381	0.01816	0.06441	0.40429	0.10739	0.24397	0.01522	0.00814	0.00227	0.00395	0.01313	0.00713	0.00668
6	0.01447	0.01240	0.01447	0.01034	0.01654	0.00930	0.00827	0.01757	0.01447	0.02274	0.01240	0.01447	0.01034	0.00517	0.00517	0.00103	0.00517	0.00413	0.00413	0.79742
7	0.02314	0.17440	0.05224	0.01516	0.04467	0.01963	0.01280	0.32635	0.04654	0.12700	0.01840	0.01834	0.03511	0.00793	0.00639	0.00194	0.00719	0.00602	0.00591	0.05083
8	0.02409	0.02100	0.11773	0.01667	0.02278	0.01966	0.04189	0.51337	0.02825	0.07321	0.01678	0.01786	0.01211	0.03237	0.00791	0.00228	0.00809	0.00637	0.00628	0.01130
9	0.00893	0.00678	0.00826	0.00884	0.01025	0.00611	0.00643	0.01094	0.01588	0.02077	0.20825	0.31937	0.26443	0.01853	0.00858	0.00255	0.00386	0.05845	0.00676	0.00601
10	0.01866	0.75896	0.03657	0.01194	0.01791	0.02761	0.01194	0.02090	0.01418	0.01642	0.00970	0.01119	0.00896	0.00597	0.00448	0.00149	0.00746	0.00373	0.00299	0.00896
11	0.01212	0.00606	0.00909	0.00909	0.00909	0.00606	0.00606	0.00909	0.00909	0.01212	0.01212	0.02121	0.01212	0.02424	0.02727	0.79697	0.00606	0.00606	0.00303	0.00303
12	0.01300	0.01217	0.02045	0.71069	0.04664	0.01514	0.01890	0.01753	0.01393	0.01783	0.01338	0.04603	0.01068	0.00753	0.00705	0.00234	0.00911	0.00671	0.00323	0.00767
13	0.01744	0.09636	0.20538	0.02920	0.31620	0.09328	0.07514	0.02284	0.03933	0.02157	0.01299	0.01596	0.01038	0.00649	0.00665	0.00205	0.00937	0.00574	0.00342	0.01021
14	0.01967	0.01888	0.02672	0.03536	0.50120	0.09097	0.04450	0.13133	0.01909	0.02566	0.01352	0.01676	0.01096	0.00666	0.00691	0.00206	0.00877	0.00613	0.00405	0.01082
15	0.80405	0.01350	0.01026	0.00918	0.01350	0.01565	0.00756	0.02051	0.01188	0.03131	0.00972	0.01134	0.00756	0.00648	0.00432	0.00216	0.00540	0.00378	0.00432	0.00756
16	0.03041	0.01168	0.01591	0.01226	0.01750	0.01010	0.01010	0.03313	0.01996	0.68712	0.05613	0.02495	0.01932	0.00887	0.00707	0.00216	0.00583	0.00725	0.00860	0.01165
17	0.00988	0.00713	0.00933	0.00878	0.01043	0.00658	0.00658	0.01317	0.01975	0.02798	0.70754	0.05213	0.06584	0.01427	0.00823	0.00219	0.00329	0.01262	0.00768	0.00658
18	0.01798	0.01530	0.01613	0.01433	0.01838	0.01765	0.01120	0.08157	0.65310	0.03020	0.02761	0.02540	0.02066	0.00939	0.00709	0.00235	0.00567	0.00778	0.00709	0.01110
19	0.06106	0.04474	0.04302	0.04603	0.08610	0.29763	0.05890	0.04417	0.01743	0.07079	0.01478	0.01684	0.03472	0.00762	0.00762	0.00199	0.06300	0.00562	0.00413	0.07381
20	0.00988	0.00713	0.00933	0.00878	0.01043	0.00658	0.00658	0.01317	0.01975	0.02798	0.70754	0.05213	0.06584	0.01427	0.00823	0.00219	0.00329	0.01262	0.00768	0.00658
21	0.01727	0.01658	0.02832	0.04283	0.71123	0.01658	0.02142	0.02142	0.01589	0.02280	0.01313	0.01727	0.01105	0.00622	0.00691	0.00207	0.00829	0.00622	0.00345	0.01105
22	0.01974	0.65334	0.03412	0.01282	0.01844	0.12936	0.01216	0.02191	0.01499	0.01651	0.00986	0.01140	0.00896	0.00615	0.00474	0.00154	0.00821	0.00384	0.00307	0.00883
23	0.01647	0.01882	0.04118	0.02941	0.03647	0.01765	0.68588	0.02235	0.01647	0.02235	0.01412	0.01882	0.01059	0.00588	0.00824	0.00235	0.01176	0.00824	0.00353	0.00941
24	0.71613	0.01331	0.01093	0.00955	0.01399	0.01504	0.00786	0.02205	0.01280	0.10922	0.01174	0.01275	0.00866	0.00672	0.00463	0.00216	0.00546	0.00415	0.00481	0.00805
25	0.02647	0.02122	0.02080	0.01629	0.02163	0.10755	0.01329	0.60753	0.03122	0.04070	0.01603	0.01625	0.01152	0.00823	0.00690	0.00206	0.00828	0.00606	0.00657	0.01141
26	0.01301	0.00650	0.00650	0.00650	0.00813	0.00650	0.00488	0.01626	0.01463	0.02602	0.02276	0.02602	0.01789	0.00813	0.00488	0.00163	0.00325	0.00650	0.79350	0.00650
27	0.80405	0.01350	0.01026	0.00918	0.01350	0.01565	0.00756	0.02051	0.01188	0.03131	0.00972	0.01134	0.00756	0.00648	0.00432	0.00216	0.00540	0.00378	0.00432	0.00756
28	0.07056	0.01196	0.01589	0.01225	0.01759	0.01053	0.01012	0.03332	0.01956	0.68128	0.02663	0.02312	0.01678	0.00853	0.00688	0.00216	0.00591	0.00685	0.00842	0.01166
29	0.01301	0.00650	0.00650	0.00650	0.00813	0.00650	0.00488	0.01626	0.01463	0.02602	0.02276	0.02602	0.01789	0.00813	0.00488	0.00163	0.00325	0.00650	0.79350	0.00650
30	0.01212	0.00606	0.00909	0.00909	0.00909	0.00606	0.00606	0.00909	0.00909	0.01212	0.01212	0.02121	0.01212	0.02424	0.02727	0.79697	0.00606	0.00606	0.00303	0.00303
31	0.02727	0.01835	0.02020	0.01549	0.02104	0.01987	0.01279	0.58605	0.03081	0.14872	0.01843	0.01784	0.01271	0.00842	0.00699	0.00210	0.00741	0.00640	0.00724	0.01187
32	0.01015	0.00677	0.00761	0.00761	0.00761	0.00677	0.00423	0.01015	0.01015	0.01353	0.02199	0.04567	0.02537	0.75476	0.03552	0.00677	0.00677	0.01015	0.00423	0.00423
33	0.02653	0.01955	0.02094	0.01606	0.02164	0.02164	0.01326	0.68796	0.03281	0.04398	0.01675	0.01675	0.01187	0.00838	0.00698	0.00209	0.00768	0.00628	0.00698	0.01187
34	0.03060	0.01203	0.01617	0.01251	0.01783	0.01062	0.01030	0.03416	0.05444	0.68117	0.02757	0.02387	0.01748	0.00868	0.00702	0.00217	0.00592	0.00706	0.00856	0.01183
35	0.01736	0.01499	0.01578	0.01420	0.01815	0.01736	0.01105	0.03708	0.69862	0.02919	0.02840	0.02604	0.02130	0.00947	0.00710	0.00237	0.00552	0.00789	0.00710	0.01105
36	0.80405	0.01350	0.01026	0.00918	0.01350	0.01565	0.00756	0.02051	0.01188	0.03131	0.00972	0.01134	0.00756	0.00648	0.00432	0.00216	0.00540	0.00378	0.00432	0.00756
37	0.03131	0.01188	0.01619	0.01242	0.01781	0.01026	0.01026	0.03401	0.01997	0.71606	0.02753	0.02375	0.01727	0.00864	0.00702	0.00216	0.00594	0.00702	0.00864	0.01188
38	0.00901	0.00730	0.00813	0.00848	0.01063	0.00642	0.00673	0.01117	0.01609	0.01967	0.08690	0.06928	0.52856	0.01792	0.00857	0.00255	0.00420	0.16585	0.00651	0.00604
39	0.01400	0.03610	0.71860	0.01989	0.03020	0.01621	0.02578	0.02210	0.01473	0.02210	0.01252	0.01473	0.00884	0.00663	0.00663	0.00221	0.01031	0.00516	0.00295	0.01031
40	0.80405	0.01350	0.01026	0.00918	0.01350	0.01565	0.00756	0.02051	0.01188	0.03131	0.00972	0.01134	0.00756	0.00648	0.00432	0.00216	0.00540	0.00378	0.00432	0.00756
41	0.00830	0.00707	0.00715	0.00713	0.00946	0.00591	0.00535	0.01012	0.01604	0.01916	0.09249	0.06664	0.68640	0.01756	0.00825	0.00235	0.00353	0.01466	0.00652	0.00591
42	0.02607	0.03326	0.01978	0.01798	0.02157	0.72674	0.01348	0.02787	0.01978	0.01708	0.01079	0.01258	0.00899	0.00719	0.00629	0.00180	0.01258	0.00449	0.00360	0.00809
43	0.01703	0.01727	0.03225	0.03873	0.50495	0.01691	0.22455	0.02170	0.01607	0.02266	0.01343	0.01775	0.01091	0.00612	0.00731	0.00216	0.00935	0.00683	0.00348	0.01055
44	0.00825	0.00707	0.00707	0.00707	0.00943	0.00589	0.00530	0.01001	0.01591	0.01885	0.07069	0.06716	0.70839	0.01767	0.00825	0.00236	0.00353	0.01473	0.00648	0.00589
45	0.01120	0.00810	0.01053	0.01051	0.03755	0.00773	0.00752	0.01527	0.05868	0.04616	0.54636	0.04969	0.08128	0.04497	0.00928	0.00243	0.00395	0.03446	0.00728	0.00703
46	0.01804	0.01533	0.01616	0.01434	0.01841	0.01768	0.01121	0.08566	0.64892	0.03030	0.02753	0.02534	0.02060	0.00939	0.00709	0.00235	0.00568	0.00777	0.00709	0.01111
47	0.77379	0.01436	0.03738	0.00959	0.01414	0.01568	0.00826	0.02057	0.01199	0.03096	0.00982	0.01147	0.00761	0.00648	0.00441	0.00216	0.00559	0.00383	0.00427	0.00766
48	0.02512	0.12197	0.02293	0.01542	0.02100	0.02232	0.01300	0.57306	0.05309	0.03965	0.01618	0.01630	0.01179	0.00808	0.00664	0.00202	0.00757	0.00598	0.00643	0.01144
49	0.00850	0.00607	0.00810	0.00972	0.01012	0.00567	0.00648	0.00972	0.01336	0.01781	0.03846	0.75020	0.04615	0.02186	0.00891	0.00283	0.00405	0.01984	0.00648	0.00567
50	0.01007	0.00977	0.06742	0.00946	0.01207	0.00757	0.00800	0.01394	0.04114	0.02532	0.47247	0.05183	0.21611	0.01431	0.00806	0.00224	0.00400	0.01236	0.00698	0.00687
51	0.02653	0.01955	0.02094	0.01606	0.02164	0.02164	0.01326	0.68796	0.03281	0.04398	0.01675	0.01675	0.01187	0.00838	0.00698	0.00209	0.00768	0.00628	0.00698	0.01187
52	0.00854	0.00615	0.00810	0.00957	0.01010	0.00571	0.00643	0.00985	0.01369	0.01821	0.06296	0.69754	0.07448	0.02142	0.00886	0.00279	0.00400	0.01938	0.00652	0.00571
53	0.02653	0.01955	0.02094	0.01606	0.02164	0.02164	0.01326	0.68796	0.03281	0.04398	0.01675	0.01675	0.01187	0.00838	0.00698	0.00209	0.00768	0.00628	0.00698	0.01187
54	0.01400	0.03610	0.71860	0.01989	0.03020	0.01621	0.02578	0.02210	0.01473	0.02210	0.01252	0.01473	0.00884	0.00663	0.00663	0.00221	0.01031	0.00516	0.00295	0.01031
55	0.01647	0.01882	0.04118	0.02941	0.03647	0.01765	0.68588	0.02235	0.01647	0.02235	0.01412	0.01882	0.01059	0.00588	0.00824	0.00235	0.01176	0.00824	0.00353	0.00941
56	0.01400	0.03610	0.71860	0.01989	0.03020	0.01621	0.02578	0.02210	0.01473	0.02210	0.01252	0.01473	0.00884	0.00663	0.00663	0.00221	0.01031	0.00516	0.00295	0.01031
57	0.00850	0.00607	0.00810	0.00972	0.01012	0.00567	0.00648	0.00972	0.01336	0.01781	0.03846	0.75020	0.04615	0.02186	0.00891	0.00283	0.00405	0.01984	0.00648	0.00567
58	0.00909	0.00710	0.00824	0.00796	0.00994	0.00625	0.00597	0.01165	0.01790	0.02359	0.40112	0.05936	0.37501	0.01591	0.00824	0.00227	0.00341	0.01363	0.00710	0.00625
59	0.01866	0.75896	0.03657	0.01194	0.01791	0.02761	0.01194	0.02090	0.01418	0.01642	0.00970	0.01119	0.00896	0.00597	0.00448	0.00149	0.00746	0.00373	0.00299	0.00896
60	0.01301	0.00650	0.00650	0.00650	0.00813	0.00650	0.00488	0.01626	0.01463	0.02602	0.02276	0.02602	0.01789	0.00813	0.00488	0.00163	0.00325	0.00650	0.79350	0.00650
61	0.01866	0.75896	0.03657	0.01194	0.01791	0.02761	0.01194	0.02090	0.01418	0.01642	0.00970	0.01119	0.00896	0.00597	0.00448	0.00149	0.00746	0.00373	0.00299	0.00896
62	0.01553	0.01455	0.02330	0.33644	0.32425	0.01623	0.01901	0.02220	0.11635	0.02162	0.01508	0.01914	0.01182	0.00703	0.00697	0.00222	0.00831	0.00646	0.00384	0.00964
63	0.05395	0.01814	0.01928	0.01525	0.02038	0.02021	0.01246	0.52785	0.14880	0.04042	0.03922	0.01924	0.01498	0.00867	0.00694	0.00215	0.00708	0.00666	0.00692	0.01140
64	0.00999	0.00740	0.01084	0.01084	0.01195	0.00852	0.00825	0.01222	0.01110	0.01592	0.01904	0.02933	0.01828	0.12610	0.65447	0.01075	0.01744	0.00776	0.00379	0.00602

[dist]
# distance from previous block
# <min> <max>
0	1

[block]
# block no. 4 follows, 30 sequences, length 41
# corresponding to MSA columns:
# 200-240
name=unknown_E
#
# <colnr> <probs for GDERKNQSTAVLIFYWHMCP>
#	G	D	E	R	K	N	Q	S	T	A	V	L	I	F	Y	W	H	M	C	P
0	0.02545	0.09379	0.02118	0.01747	0.02127	0.66843	0.01335	0.02728	0.01931	0.01702	0.01070	0.01247	0.00899	0.00709	0.00614	0.00177	0.01216	0.00443	0.00354	0.00816
1	0.02277	0.19223	0.09817	0.01620	0.02221	0.08638	0.05785	0.28504	0.04656	0.08461	0.01523	0.01589	0.01129	0.00743	0.00639	0.00197	0.00841	0.00565	0.00524	0.01050
2	0.80405	0.01350	0.01026	0.00918	0.01350	0.01565	0.00756	0.02051	0.01188	0.03131	0.00972	0.01134	0.00756	0.00648	0.00432	0.00216	0.00540	0.00378	0.00432	0.00756
3	0.01301	0.00650	0.00650	0.00650	0.00813	0.00650	0.00488	0.01626	0.01463	0.02602	0.02276	0.02602	0.01789	0.00813	0.00488	0.00163	0.00325	0.00650	0.79350	0.00650
4	0.26552	0.11630	0.25127	0.01511	0.02146	0.18198	0.01553	0.02279	0.01494	0.02314	0.01090	0.01274	0.00849	0.00663	0.00556	0.00201	0.00895	0.00440	0.00353	0.00877
5	0.80405	0.01350	0.01026	0.00918	0.01350	0.01565	0.00756	0.02051	0.01188	0.03131	0.00972	0.01134	0.00756	0.00648	0.00432	0.00216	0.00540	0.00378	0.00432	0.00756
6	0.80405	0.01350	0.01026	0.00918	0.01350	0.01565	0.00756	0.02051	0.01188	0.03131	0.00972	0.01134	0.00756	0.00648	0.00432	0.00216	0.00540	0.00378	0.00432	0.00756
7	0.00850	0.00607	0.00810	0.00972	0.01012	0.00567	0.00648	0.00972	0.01336	0.01781	0.03846	0.75020	0.04615	0.02186	0.00891	0.00283	0.00405	0.01984	0.00648	0.00567
8	0.01124	0.00803	0.01124	0.01285	0.01446	0.00803	0.01124	0.01446	0.01606	0.02088	0.03695	0.07871	0.04016	0.01928	0.00964	0.00321	0.00643	0.66426	0.00643	0.00643
9	0.01866	0.75896	0.03657	0.01194	0.01791	0.02761	0.01194	0.02090	0.01418	0.01642	0.00970	0.01119	0.00896	0.00597	0.00448	0.00149	0.00746	0.00373	0.00299	0.00896
10	0.01035	0.04041	0.01233	0.01125	0.01270	0.00955	0.00886	0.01283	0.01134	0.01621	0.01830	0.02670	0.01707	0.05030	0.69543	0.01079	0.01820	0.00731	0.00371	0.00635
11	0.03131	0.01188	0.01619	0.01242	0.01781	0.01026	0.01026	0.03401	0.01997	0.71606	0.02753	0.02375	0.01727	0.00864	0.00702	0.00216	0.00594	0.00702	0.00864	0.01188
12	0.01004	0.00718	0.00969	0.00969	0.01042	0.00790	0.00683	0.01149	0.01076	0.01507	0.02008	0.03511	0.02079	0.34860	0.43541	0.00934	0.01366	0.00860	0.00394	0.00539
13	0.01592	0.06566	0.23431	0.02625	0.06146	0.01776	0.43128	0.02216	0.01582	0.02196	0.01337	0.01716	0.01001	0.00612	0.00751	0.00225	0.01096	0.00702	0.00333	0.00971
14	0.01015	0.00677	0.00761	0.00761	0.00761	0.00677	0.00423	0.01015	0.01015	0.01353	0.02199	0.04567	0.02537	0.75476	0.03552	0.00677	0.00677	0.01015	0.00423	0.00423
15	0.00944	0.00712	0.00872	0.00832	0.01015	0.00640	0.00624	0.01231	0.01871	0.02551	0.53501	0.05620	0.23993	0.01519	0.00824	0.00224	0.00336	0.01319	0.00736	0.00640
16	0.00937	0.00825	0.00971	0.01151	0.09666	0.00722	0.00730	0.01143	0.01590	0.01934	0.06354	0.06096	0.62172	0.01625	0.00808	0.00232	0.00413	0.01367	0.00610	0.00653
17	0.01862	0.24480	0.05167	0.02972	0.40013	0.04511	0.01775	0.07352	0.01679	0.02228	0.01226	0.01513	0.01033	0.00636	0.00614	0.00189	0.00820	0.00537	0.00358	0.01035
18	0.02607	0.03326	0.01978	0.01798	0.02157	0.72674	0.01348	0.02787	0.01978	0.01708	0.01079	0.01258	0.00899	0.00719	0.00629	0.00180	0.01258	0.00449	0.00360	0.00809
19	0.16444	0.01796	0.02170	0.02295	0.18378	0.11845	0.04795	0.02042	0.01371	0.02124	0.01068	0.01481	0.00936	0.00870	0.01256	0.00244	0.29119	0.00558	0.00348	0.00859
20	0.80405	0.01350	0.01026	0.00918	0.01350	0.01565	0.00756	0.02051	0.01188	0.03131	0.00972	0.01134	0.00756	0.00648	0.00432	0.00216	0.00540	0.00378	0.00432	0.00756
21	0.00825	0.00707	0.00707	0.00707	0.00943	0.00589	0.00530	0.01001	0.01591	0.01885	0.07069	0.06716	0.70839	0.01767	0.00825	0.00236	0.00353	0.01473	0.00648	0.00589
22	0.01866	0.75896	0.03657	0.01194	0.01791	0.02761	0.01194	0.02090	0.01418	0.01642	0.00970	0.01119	0.00896	0.00597	0.00448	0.00149	0.00746	0.00373	0.00299	0.00896
23	0.01810	0.01584	0.01617	0.01442	0.01843	0.04181	0.01124	0.06871	0.64274	0.02950	0.02723	0.02512	0.02042	0.00934	0.00707	0.00233	0.00587	0.00769	0.00697	0.01098
24	0.01400	0.03610	0.71860	0.01989	0.03020	0.01621	0.02578	0.02210	0.01473	0.02210	0.01252	0.01473	0.00884	0.00663	0.00663	0.00221	0.01031	0.00516	0.00295	0.01031
25	0.01756	0.18342	0.32722	0.02285	0.17953	0.07646	0.02010	0.02275	0.01554	0.05470	0.01266	0.01482	0.00979	0.00654	0.00623	0.00199	0.00922	0.00513	0.00340	0.01009
26	0.01866	0.75896	0.03657	0.01194	0.01791	0.02761	0.01194	0.02090	0.01418	0.01642	0.00970	0.01119	0.00896	0.00597	0.00448	0.00149	0.00746	0.00373	0.00299	0.00896
27	0.00997	0.00748	0.01121	0.01121	0.01246	0.00872	0.00872	0.01246	0.01121	0.01620	0.01869	0.02741	0.01745	0.05234	0.72710	0.01121	0.01869	0.00748	0.00374	0.00623
28	0.01515	0.01281	0.01484	0.01066	0.01683	0.01000	0.00855	0.05560	0.01551	0.02394	0.01265	0.01460	0.01042	0.00535	0.00527	0.00109	0.00531	0.00426	0.00430	0.75286
29	0.01001	0.00732	0.01043	0.01043	0.01140	0.00830	0.00774	0.01196	0.01098	0.01562	0.01941	0.03140	0.01918	0.20565	0.57615	0.01024	0.01609	0.00806	0.00385	0.00579
30	0.01501	0.01695	0.06252	0.11775	0.09153	0.03758	0.37136	0.01993	0.01617	0.02168	0.07220	0.06865	0.03900	0.00818	0.00786	0.00232	0.00968	0.00882	0.00405	0.00877
31	0.34617	0.02078	0.23712	0.01370	0.02023	0.01519	0.01428	0.07078	0.01585	0.16407	0.01461	0.01524	0.01018	0.00709	0.00577	0.00217	0.00723	0.00503	0.00492	0.00959
32	0.01449	0.01310	0.02258	0.54078	0.08236	0.01536	0.08044	0.01897	0.01457	0.04926	0.01437	0.02162	0.01138	0.00767	0.00773	0.00237	0.03246	0.03872	0.00357	0.00821
33	0.01718	0.23663	0.31915	0.01910	0.02706	0.01984	0.15698	0.06001	0.01615	0.04705	0.01284	0.01501	0.00971	0.00646	0.00638	0.00203	0.00949	0.00552	0.00351	0.00989
34	0.35449	0.01333	0.01607	0.14952	0.13274	0.01506	0.01252	0.02110	0.05393	0.06507	0.04261	0.04213	0.01357	0.00787	0.00651	0.00224	0.03219	0.00603	0.00453	0.00850
35	0.01858	0.01533	0.01723	0.01455	0.01890	0.01687	0.03558	0.18542	0.41346	0.03105	0.02468	0.07719	0.01973	0.00968	0.00710	0.00223	0.00612	0.00813	0.00667	0.07148
36	0.01301	0.00650	0.00650	0.00650	0.00813	0.00650	0.00488	0.01626	0.01463	0.02602	0.02276	0.02602	0.01789	0.00813	0.00488	0.00163	0.00325	0.00650	0.79350	0.00650
37	0.02277	0.06935	0.02206	0.04511	0.16402	0.49147	0.01492	0.02516	0.01833	0.01831	0.01347	0.01568	0.03527	0.00730	0.00641	0.00187	0.01097	0.00524	0.00362	0.00866
38	0.01694	0.01624	0.02772	0.09962	0.65705	0.01649	0.02125	0.02112	0.01573	0.02239	0.01307	0.01738	0.01091	0.00628	0.00691	0.00209	0.00837	0.00622	0.00343	0.01078
39	0.01984	0.24546	0.20098	0.01793	0.02427	0.26716	0.08954	0.02378	0.01652	0.01871	0.01126	0.01339	0.00912	0.00655	0.00606	0.00187	0.01043	0.00484	0.00325	0.00904
40	0.01727	0.01658	0.02832	0.04283	0.71123	0.01658	0.02142	0.02142	0.01589	0.02280	0.01313	0.01727	0.01105	0.00622	0.00691	0.00207	0.00829	0.00622	0.00345	0.01105

[dist]
# distance from previous block
# <min> <max>
0	11

[block]
# block no. 5 follows, 30 sequences, length 19
# corresponding to MSA columns:
# 252-270
name=unknown_F
#
# <colnr> <probs for GDERKNQSTAVLIFYWHMCP>
#	G	D	E	R	K	N	Q	S	T	A	V	L	I	F	Y	W	H	M	C	P
0	0.00906	0.00671	0.00935	0.06988	0.01351	0.00662	0.00783	0.01068	0.01357	0.01800	0.03622	0.64882	0.04275	0.02048	0.00879	0.00282	0.00463	0.05819	0.00620	0.00589
1	0.01841	0.01821	0.02878	0.06903	0.46938	0.08668	0.13184	0.02258	0.01646	0.05133	0.01364	0.01741	0.01095	0.00640	0.00708	0.00211	0.00925	0.00642	0.00368	0.01037
2	0.01429	0.01393	0.02476	0.53012	0.15876	0.01596	0.10465	0.01901	0.01460	0.01925	0.01274	0.01841	0.00976	0.00671	0.00713	0.00229	0.00944	0.00646	0.00322	0.00852
3	0.01564	0.01587	0.02183	0.24873	0.09987	0.07269	0.01707	0.01844	0.01295	0.01777	0.01072	0.01633	0.00939	0.00955	0.01494	0.00263	0.37835	0.00603	0.00315	0.00806
4	0.00955	0.00712	0.00887	0.00843	0.01022	0.00644	0.00632	0.01253	0.01897	0.02613	0.57820	0.05518	0.19635	0.01496	0.00823	0.00223	0.00334	0.01305	0.00744	0.00644
5	0.00988	0.00713	0.00933	0.00878	0.01043	0.00658	0.00658	0.01317	0.01975	0.02798	0.70754	0.05213	0.06584	0.01427	0.00823	0.00219	0.00329	0.01262	0.00768	0.00658
6	0.01828	0.01545	0.01630	0.01439	0.01850	0.01779	0.01127	0.10294	0.63125	0.03069	0.02722	0.02510	0.02035	0.00936	0.00709	0.00234	0.00574	0.00773	0.00709	0.01113
7	0.00825	0.00707	0.00707	0.00707	0.00943	0.00589	0.00530	0.01001	0.01591	0.01885	0.07069	0.06716	0.70839	0.01767	0.00825	0.00236	0.00353	0.01473	0.00648	0.00589
8	0.01866	0.75896	0.03657	0.01194	0.01791	0.02761	0.01194	0.02090	0.01418	0.01642	0.00970	0.01119	0.00896	0.00597	0.00448	0.00149	0.00746	0.00373	0.00299	0.00896
9	0.50071	0.11199	0.01644	0.01132	0.01618	0.01876	0.00960	0.19330	0.01759	0.03265	0.01154	0.01272	0.00885	0.00690	0.00503	0.00206	0.00626	0.00442	0.00483	0.00885
10	0.00997	0.00748	0.01121	0.01121	0.01246	0.00872	0.00872	0.01246	0.01121	0.01620	0.01869	0.02741	0.01745	0.05234	0.72710	0.01121	0.01869	0.00748	0.00374	0.00623
11	0.02070	0.01343	0.01524	0.01378	0.04277	0.04729	0.01039	0.03034	0.29403	0.24564	0.13191	0.02995	0.05331	0.01003	0.00725	0.00224	0.00568	0.00838	0.00734	0.01028
12	0.20049	0.58637	0.03048	0.01130	0.01689	0.02484	0.01093	0.02081	0.01365	0.01987	0.00970	0.01123	0.00863	0.00609	0.00444	0.00165	0.00698	0.00374	0.00329	0.00863
13	0.00936	0.00702	0.00867	0.00844	0.01015	0.00633	0.00626	0.01210	0.01825	0.02486	0.49327	0.11730	0.22081	0.01577	0.00829	0.00229	0.00342	0.01377	0.00728	0.00633
14	0.01542	0.01309	0.01775	0.04533	0.12855	0.01093	0.03464	0.01878	0.01493	0.04940	0.01389	0.03607	0.01168	0.00603	0.00580	0.00139	0.00606	0.00524	0.00420	0.56080
15	0.01829	0.01973	0.18009	0.01657	0.02338	0.01438	0.10839	0.13075	0.04247	0.09691	0.01651	0.01956	0.01262	0.00722	0.00667	0.00191	0.00782	0.03338	0.00490	0.23843
16	0.02467	0.02986	0.01980	0.01890	0.06323	0.59142	0.01355	0.06349	0.04839	0.01930	0.01236	0.01474	0.01032	0.03160	0.00735	0.00202	0.01157	0.00502	0.00394	0.00848
17	0.02051	0.42818	0.09057	0.01487	0.02020	0.25326	0.01380	0.02309	0.01590	0.01715	0.01028	0.01213	0.00896	0.00669	0.00604	0.00172	0.04053	0.00421	0.00318	0.00874
18	0.01400	0.03610	0.71860	0.01989	0.03020	0.01621	0.02578	0.02210	0.01473	0.02210	0.01252	0.01473	0.00884	0.00663	0.00663	0.00221	0.01031	0.00516	0.00295	0.01031

[dist]
# distance from previous block
# <min> <max>
0	1

[block]
# block no. 6 follows, 30 sequences, length 101
# corresponding to MSA columns:
# 272-372
name=unknown_G
#
# <colnr> <probs for GDERKNQSTAVLIFYWHMCP>
#	G	D	E	R	K	N	Q	S	T	A	V	L	I	F	Y	W	H	M	C	P
0	0.01822	0.01854	0.14443	0.04812	0.24237	0.01470	0.16097	0.02302	0.01641	0.14395	0.01810	0.04566	0.01462	0.00801	0.00741	0.00228	0.00874	0.04975	0.00457	0.01015
1	0.00850	0.00607	0.00810	0.00972	0.01012	0.00567	0.00648	0.00972	0.01336	0.01781	0.03846	0.75020	0.04615	0.02186	0.00891	0.00283	0.00405	0.01984	0.00648	0.00567
2	0.00881	0.00638	0.00867	0.03211	0.01153	0.00611	0.00715	0.01024	0.01354	0.01799	0.03758	0.68861	0.04468	0.02126	0.00889	0.00284	0.00435	0.05712	0.00637	0.00578
3	0.01701	0.01991	0.12891	0.03413	0.36740	0.01668	0.24380	0.02224	0.01606	0.04540	0.01385	0.01765	0.01079	0.00624	0.00732	0.00219	0.00966	0.00677	0.00358	0.01043
4	0.02997	0.01158	0.01577	0.01219	0.01735	0.01003	0.01003	0.03271	0.01996	0.67314	0.06994	0.02552	0.02030	0.00899	0.00709	0.00216	0.00577	0.00737	0.00858	0.01155
5	0.00988	0.00713	0.00933	0.00878	0.01043	0.00658	0.00658	0.01317	0.01975	0.02798	0.70754	0.05213	0.06584	0.01427	0.00823	0.00219	0.00329	0.01262	0.00768	0.00658
6	0.03049	0.01169	0.01593	0.01228	0.01753	0.01012	0.01012	0.03321	0.01996	0.68977	0.05352	0.02484	0.01913	0.00885	0.00706	0.00216	0.00584	0.00723	0.00860	0.01167
7	0.02277	0.01556	0.01814	0.01798	0.11971	0.06697	0.01245	0.08853	0.24025	0.24477	0.06044	0.02365	0.01922	0.00873	0.00704	0.00218	0.00664	0.00724	0.00681	0.01092
8	0.01647	0.01882	0.04118	0.02941	0.03647	0.01765	0.68588	0.02235	0.01647	0.02235	0.01412	0.01882	0.01059	0.00588	0.00824	0.00235	0.01176	0.00824	0.00353	0.00941
9	0.01447	0.01240	0.01447	0.01034	0.01654	0.00930	0.00827	0.01757	0.01447	0.02274	0.01240	0.01447	0.01034	0.00517	0.00517	0.00103	0.00517	0.00413	0.00413	0.79742
10	0.00979	0.00713	0.00921	0.00869	0.01037	0.00655	0.00652	0.01300	0.01955	0.02750	0.67391	0.05292	0.09978	0.01445	0.00823	0.00220	0.00330	0.01273	0.00762	0.00655
11	0.02653	0.01955	0.02094	0.01606	0.02164	0.02164	0.01326	0.68796	0.03281	0.04398	0.01675	0.01675	0.01187	0.00838	0.00698	0.00209	0.00768	0.00628	0.00698	0.01187
12	0.00988	0.00713	0.00933	0.00878	0.01043	0.00658	0.00658	0.01317	0.01975	0.02798	0.70754	0.05213	0.06584	0.01427	0.00823	0.00219	0.00329	0.01262	0.00768	0.00658
13	0.80405	0.01350	0.01026	0.00918	0.01350	0.01565	0.00756	0.02051	0.01188	0.03131	0.00972	0.01134	0.00756	0.00648	0.00432	0.00216	0.00540	0.00378	0.00432	0.00756
14	0.00825	0.00707	0.00707	0.00707	0.00943	0.00589	0.00530	0.01001	0.01591	0.01885	0.07069	0.06716	0.70839	0.01767	0.00825	0.00236	0.00353	0.01473	0.00648	0.00589
15	0.01445	0.00728	0.00755	0.00717	0.00914	0.00727	0.00547	0.04287	0.01560	0.06169	0.02278	0.02555	0.01762	0.00817	0.00507	0.00167	0.00356	0.00652	0.72360	0.00698
16	0.80405	0.01350	0.01026	0.00918	0.01350	0.01565	0.00756	0.02051	0.01188	0.03131	0.00972	0.01134	0.00756	0.00648	0.00432	0.00216	0.00540	0.00378	0.00432	0.00756
17	0.05629	0.01931	0.02053	0.01579	0.02133	0.02141	0.01305	0.66241	0.03201	0.04349	0.01648	0.01655	0.01170	0.00830	0.00688	0.00210	0.00759	0.00619	0.00688	0.01170
18	0.05723	0.12417	0.49018	0.01721	0.02593	0.01675	0.02076	0.02364	0.01530	0.12549	0.01426	0.01545	0.01005	0.00684	0.00629	0.00211	0.00904	0.00518	0.00387	0.01023
19	0.01414	0.01304	0.02139	0.65650	0.08803	0.01590	0.01918	0.05344	0.01507	0.01952	0.01268	0.01842	0.00955	0.00700	0.00697	0.00230	0.00915	0.00621	0.00333	0.00818
20	0.06546	0.01448	0.05187	0.01313	0.01859	0.03547	0.01123	0.06729	0.06233	0.54732	0.02487	0.02212	0.01608	0.00842	0.00685	0.00216	0.00642	0.00670	0.00780	0.01142
21	0.01015	0.00677	0.00761	0.00761	0.00761	0.00677	0.00423	0.01015	0.01015	0.01353	0.02199	0.04567	0.02537	0.75476	0.03552	0.00677	0.00677	0.01015	0.00423	0.00423
22	0.01647	0.01882	0.04118	0.02941	0.03647	0.01765	0.68588	0.02235	0.01647	0.02235	0.01412	0.01882	0.01059	0.00588	0.00824	0.00235	0.01176	0.00824	0.00353	0.00941
23	0.01182	0.00853	0.01038	0.01075	0.01206	0.00859	0.00758	0.13155	0.01669	0.02230	0.03373	0.58276	0.03894	0.05659	0.00991	0.00290	0.00484	0.01691	0.00645	0.00671
24	0.00997	0.00748	0.01121	0.01121	0.01246	0.00872	0.00872	0.01246	0.01121	0.01620	0.01869	0.02741	0.01745	0.05234	0.72710	0.01121	0.01869	0.00748	0.00374	0.00623
25	0.02612	0.01915	0.02050	0.01577	0.02123	0.02118	0.01301	0.66758	0.03226	0.04343	0.01694	0.01703	0.01205	0.00837	0.00692	0.00208	0.00754	0.00629	0.03085	0.01170
26	0.05978	0.01679	0.02700	0.05817	0.52971	0.01718	0.05889	0.10306	0.01773	0.02567	0.01343	0.01703	0.01089	0.00650	0.00686	0.00210	0.00830	0.00622	0.00393	0.01077
27	0.80405	0.01350	0.01026	0.00918	0.01350	0.01565	0.00756	0.02051	0.01188	0.03131	0.00972	0.01134	0.00756	0.00648	0.00432	0.00216	0.00540	0.00378	0.00432	0.00756
28	0.00849	0.00708	0.00740	0.00732	0.00957	0.00599	0.00549	0.01048	0.01647	0.02020	0.16473	0.06494	0.61352	0.01717	0.00824	0.00233	0.00350	0.01442	0.00666	0.00599
29	0.01014	0.00681	0.00784	0.00784	0.00791	0.00689	0.00451	0.01029	0.01021	0.01370	0.02178	0.04453	0.02488	0.71095	0.07865	0.00704	0.00751	0.00998	0.00420	0.00435
30	0.02083	0.01667	0.01733	0.01474	0.01919	0.04153	0.01169	0.21249	0.46194	0.06761	0.02463	0.02297	0.01814	0.00906	0.00704	0.00226	0.00636	0.00730	0.00703	0.01121
