[name]
unknown

[dist]
# distance from previous block
# <min> <max>
0	43

[block]
# block no. 0 follows, 29 sequences, length 108
# corresponding to MSA columns:
# 46-153
name=unknown_A
#
# <colnr> <probs for GDERKNQSTAVLIFYWHMCP>
#	G	D	E	R	K	N	Q	S	T	A	V	L	I	F	Y	W	H	M	C	P
0	0.01819	0.04176	0.01785	0.09043	0.10457	0.07218	0.01255	0.04253	0.09753	0.12715	0.02390	0.11991	0.04396	0.03367	0.00873	0.00242	0.03197	0.03882	0.00556	0.06631
1	0.05189	0.10490	0.06747	0.17046	0.06925	0.01793	0.01477	0.15002	0.11654	0.04780	0.01595	0.01778	0.01211	0.00736	0.00646	0.00203	0.00759	0.00588	0.00487	0.10893
2	0.01779	0.20118	0.05412	0.07046	0.02262	0.04446	0.06681	0.10113	0.01686	0.02276	0.01237	0.01518	0.01020	0.00749	0.00794	0.03347	0.05656	0.00516	0.00396	0.22949
3	0.02035	0.26451	0.08786	0.01582	0.04784	0.09462	0.01383	0.13151	0.07523	0.04680	0.01407	0.01531	0.01120	0.00726	0.00666	0.00186	0.03891	0.00516	0.00447	0.09672
4	0.01709	0.09878	0.39237	0.04886	0.05227	0.01790	0.02026	0.14903	0.01849	0.02600	0.01447	0.04641	0.01143	0.00763	0.00667	0.00213	0.00906	0.00601	0.00405	0.05110
5	0.01907	0.04571	0.01724	0.01239	0.01792	0.04873	0.02975	0.08893	0.01764	0.12781	0.01670	0.04493	0.01366	0.03849	0.00733	0.00176	0.00638	0.00587	0.00521	0.43451
6	0.01560	0.13794	0.50277	0.01792	0.02646	0.01775	0.02161	0.02250	0.03742	0.04696	0.01385	0.01689	0.01067	0.04567	0.00861	0.00242	0.03603	0.00551	0.00344	0.00998
7	0.01152	0.00930	0.01243	0.01324	0.04827	0.01028	0.00911	0.04334	0.01417	0.01946	0.05715	0.40780	0.05856	0.09909	0.01451	0.00326	0.14159	0.01468	0.00562	0.00662
8	0.01701	0.44858	0.32503	0.01564	0.02362	0.02322	0.01820	0.02185	0.01471	0.01922	0.01113	0.01296	0.00909	0.00638	0.00550	0.00183	0.00885	0.00443	0.00303	0.00973
9	0.00868	0.00620	0.00826	0.00991	0.01033	0.00578	0.00661	0.00991	0.01363	0.01818	0.03925	0.74510	0.04710	0.02231	0.00909	0.00289	0.00413	0.02024	0.00661	0.00578
10	0.01017	0.00763	0.01144	0.01144	0.01272	0.00890	0.00890	0.01272	0.01144	0.01653	0.01907	0.02797	0.01780	0.05340	0.72153	0.01144	0.01907	0.00763	0.00381	0.00636
11	0.01809	0.01548	0.01631	0.01457	0.01866	0.01789	0.01136	0.06356	0.66613	0.03039	0.02851	0.02619	0.02135	0.00962	0.00724	0.00240	0.00572	0.00799	0.00724	0.01130
12	0.00842	0.00721	0.00721	0.00721	0.00962	0.00601	0.00541	0.01022	0.01623	0.01924	0.07213	0.06853	0.70244	0.01803	0.00842	0.00240	0.00361	0.01503	0.00661	0.00601
13	0.01477	0.01266	0.01477	0.01055	0.01687	0.00949	0.00844	0.01793	0.01477	0.02320	0.01266	0.01477	0.01055	0.00527	0.00527	0.00105	0.00527	0.00422	0.00422	0.79328
14	0.05858	0.01716	0.01868	0.01455	0.01982	0.01837	0.01196	0.48498	0.02877	0.14190	0.02428	0.02339	0.08588	0.00951	0.00715	0.00218	0.00702	0.00733	0.00721	0.01128
15	0.01553	0.01403	0.02127	0.01761	0.01993	0.01689	0.11308	0.10908	0.01512	0.02165	0.01450	0.02055	0.01283	0.02486	0.25619	0.00570	0.28196	0.00706	0.00398	0.00818
16	0.02504	0.01894	0.02023	0.01597	0.02131	0.02113	0.01304	0.54179	0.17659	0.04160	0.01968	0.01915	0.01420	0.00879	0.00715	0.00220	0.00736	0.00677	0.00715	0.01193
17	0.02535	0.01843	0.02067	0.08537	0.02401	0.02043	0.01367	0.56540	0.03022	0.06935	0.01733	0.01866	0.01259	0.03542	0.00818	0.00234	0.00789	0.00658	0.00671	0.01142
18	0.01237	0.00618	0.00928	0.00928	0.00928	0.00618	0.00618	0.00928	0.00928	0.01237	0.01237	0.02165	0.01237	0.02474	0.02783	0.79283	0.00618	0.00618	0.00309	0.00309
19	0.01036	0.00690	0.00777	0.00777	0.00777	0.00690	0.00431	0.01036	0.01036	0.01381	0.02244	0.04660	0.02589	0.74975	0.03624	0.00690	0.00690	0.01036	0.00431	0.00431
20	0.02278	0.01475	0.01705	0.04069	0.01932	0.01563	0.01139	0.35272	0.04890	0.15819	0.02423	0.17278	0.02094	0.01148	0.00748	0.00231	0.00657	0.00953	0.03286	0.01041
21	0.01237	0.00618	0.00928	0.00928	0.00928	0.00618	0.00618	0.00928	0.00928	0.01237	0.01237	0.02165	0.01237	0.02474	0.02783	0.79283	0.00618	0.00618	0.00309	0.00309
22	0.01928	0.51114	0.03576	0.01642	0.02222	0.09924	0.13709	0.02218	0.01537	0.01797	0.01084	0.01319	0.00946	0.00646	0.00623	0.00178	0.03821	0.00485	0.00322	0.00908
23	0.02070	0.34428	0.18144	0.01557	0.02236	0.07482	0.01579	0.20018	0.02014	0.02567	0.01256	0.01386	0.00992	0.00699	0.00588	0.00187	0.00870	0.00489	0.00418	0.01018
24	0.00842	0.00721	0.00721	0.00721	0.00962	0.00601	0.00541	0.01022	0.01623	0.01924	0.07213	0.06853	0.70244	0.01803	0.00842	0.00240	0.00361	0.01503	0.00661	0.00601
25	0.01558	0.01558	0.02181	0.01869	0.01869	0.02181	0.01558	0.01714	0.01091	0.01714	0.00935	0.01558	0.00935	0.01246	0.02337	0.00312	0.73672	0.00623	0.00312	0.00779
26	0.01498	0.12123	0.59763	0.01984	0.02966	0.01800	0.05858	0.02242	0.01506	0.02187	0.01252	0.01482	0.00913	0.00665	0.00659	0.00218	0.01025	0.00525	0.00304	0.01031
27	0.01407	0.01179	0.01322	0.01275	0.03588	0.01274	0.00941	0.02606	0.37783	0.02716	0.19605	0.07241	0.13604	0.01258	0.00778	0.00238	0.00480	0.01077	0.00715	0.00914
28	0.01428	0.03683	0.71286	0.02030	0.03082	0.01654	0.02631	0.02255	0.01503	0.02255	0.01278	0.01503	0.00902	0.00677	0.00677	0.00226	0.01052	0.00526	0.00301	0.01052
29	0.01465	0.01404	0.02429	0.52682	0.20970	0.01620	0.05458	0.01933	0.01486	0.01968	0.01293	0.01866	0.01000	0.00687	0.00717	0.00231	0.00937	0.00644	0.00328	0.00883
30	0.01464	0.04369	0.01652	0.12216	0.04159	0.04899	0.05028	0.02035	0.13504	0.06320	0.05204	0.20689	0.09396	0.04720	0.00909	0.00264	0.00657	0.01133	0.00570	0.00811
31	0.07244	0.01925	0.14763	0.01494	0.02118	0.01577	0.01408	0.23272	0.05405	0.27897	0.02058	0.01971	0.01391	0.00824	0.00684	0.00218	0.00731	0.00640	0.03248	0.01133
32	0.00909	0.00637	0.00814	0.00938	0.00969	0.00606	0.00604	0.01002	0.01282	0.01709	0.03508	0.57209	0.04184	0.20249	0.01581	0.00389	0.00482	0.01779	0.00604	0.00542
33	0.05299	0.04616	0.07666	0.26251	0.35665	0.01671	0.02006	0.02111	0.01537	0.04638	0.01333	0.01758	0.01050	0.00672	0.00683	0.00219	0.00869	0.00607	0.00358	0.00990
34	0.01443	0.05851	0.69244	0.02005	0.03044	0.01689	0.02588	0.02251	0.01502	0.02238	0.01269	0.01492	0.00902	0.00674	0.00670	0.00223	0.01044	0.00522	0.00301	0.01048
35	0.01034	0.00695	0.00802	0.00802	0.00811	0.00704	0.00463	0.01052	0.01043	0.01399	0.02220	0.04531	0.02533	0.70164	0.08360	0.00722	0.00774	0.01017	0.00428	0.00446
36	0.01036	0.00690	0.00777	0.00777	0.00777	0.00690	0.00431	0.01036	0.01036	0.01381	0.02244	0.04660	0.02589	0.74975	0.03624	0.00690	0.00690	0.01036	0.00431	0.00431
37	0.01931	0.60067	0.07448	0.01316	0.01934	0.02626	0.01306	0.07541	0.06394	0.02027	0.01199	0.01316	0.01026	0.00658	0.00509	0.00168	0.00766	0.00440	0.00367	0.00961
38	0.51260	0.01723	0.11713	0.01161	0.01681	0.03886	0.01090	0.02247	0.01393	0.10642	0.01391	0.03822	0.01077	0.00749	0.00532	0.00220	0.00645	0.00511	0.03403	0.00855
39	0.02653	0.01923	0.02098	0.03795	0.02261	0.02124	0.01351	0.61122	0.05566	0.07173	0.01785	0.01779	0.01260	0.00856	0.00713	0.00216	0.00773	0.00650	0.00708	0.01195
40	0.02707	0.01995	0.02137	0.01638	0.02208	0.02208	0.01353	0.68159	0.03348	0.04488	0.01710	0.01710	0.01211	0.00855	0.00712	0.00214	0.00784	0.00641	0.00712	0.01211
41	0.00877	0.00717	0.00740	0.00737	0.00940	0.00617	0.00531	0.01039	0.01557	0.01889	0.09432	0.06468	0.57618	0.12246	0.01239	0.00304	0.00407	0.01426	0.00634	0.00580
42	0.02199	0.01742	0.01851	0.01536	0.02015	0.01971	0.01231	0.33232	0.39102	0.03669	0.02354	0.02223	0.01733	0.00915	0.00719	0.00229	0.00664	0.00730	0.00719	0.01165
43	0.01345	0.01266	0.02136	0.73264	0.04904	0.01582	0.01978	0.01819	0.01424	0.01819	0.01266	0.01898	0.00949	0.00712	0.00712	0.00237	0.00949	0.00633	0.00316	0.00791
44	0.01852	0.01630	0.01652	0.01474	0.01883	0.04772	0.01148	0.06739	0.63332	0.02997	0.02767	0.02554	0.02076	0.00951	0.00720	0.00238	0.00604	0.00783	0.00709	0.01118
45	0.01519	0.01291	0.01499	0.01075	0.01705	0.00992	0.00861	0.04062	0.01541	0.02394	0.01281	0.01485	0.01060	0.00539	0.00534	0.00109	0.00536	0.00429	0.00432	0.76657
46	0.01634	0.01561	0.02659	0.25465	0.50438	0.01658	0.02122	0.02073	0.01561	0.02171	0.01317	0.01804	0.01073	0.00658	0.00707	0.00219	0.00878	0.00634	0.00341	0.01025
47	0.00910	0.00750	0.00803	0.00785	0.01015	0.00656	0.00590	0.01187	0.03991	0.02167	0.21137	0.06369	0.53751	0.01697	0.00837	0.00237	0.00362	0.01431	0.00691	0.00635
48	0.01017	0.00763	0.01144	0.01144	0.01272	0.00890	0.00890	0.01272	0.01144	0.01653	0.01907	0.02797	0.01780	0.05340	0.72153	0.01144	0.01907	0.00763	0.00381	0.00636
49	0.01762	0.01692	0.02890	0.04371	0.70533	0.01692	0.02185	0.02185	0.01621	0.02326	0.01339	0.01762	0.01128	0.00634	0.00705	0.00211	0.00846	0.00634	0.00352	0.01128
50	0.01448	0.06736	0.68410	0.01995	0.03028	0.01703	0.02571	0.02250	0.01501	0.02230	0.01266	0.01488	0.00903	0.00674	0.00667	0.00222	0.01040	0.00520	0.00301	0.01046
51	0.01017	0.00763	0.01144	0.01144	0.01272	0.00890	0.00890	0.01272	0.01144	0.01653	0.01907	0.02797	0.01780	0.05340	0.72153	0.01144	0.01907	0.00763	0.00381	0.00636
52	0.01345	0.01266	0.02136	0.73264	0.04904	0.01582	0.01978	0.01819	0.01424	0.01819	0.01266	0.01898	0.00949	0.00712	0.00712	0.00237	0.00949	0.00633	0.00316	0.00791
53	0.01904	0.75404	0.03731	0.01218	0.01828	0.02818	0.01218	0.02132	0.01447	0.01675	0.00990	0.01142	0.00914	0.00609	0.00457	0.00152	0.00761	0.00381	0.00305	0.00914
54	0.01034	0.00695	0.00803	0.00803	0.00812	0.00704	0.00464	0.01052	0.01043	0.01400	0.02220	0.04528	0.02532	0.70047	0.08474	0.00722	0.00776	0.01016	0.00428	0.00446
55	0.00873	0.00732	0.00766	0.00782	0.01015	0.00624	0.00604	0.01069	0.01625	0.01945	0.06857	0.06975	0.63390	0.01820	0.00856	0.00250	0.00391	0.08159	0.00661	0.00607
56	0.00847	0.00722	0.00729	0.00727	0.00965	0.00604	0.00545	0.01033	0.01636	0.01955	0.09336	0.06801	0.68103	0.01792	0.00842	0.00240	0.00360	0.01496	0.00665	0.00604
57	0.02390	0.02617	0.01869	0.01656	0.02049	0.41994	0.01269	0.12343	0.17863	0.02471	0.01671	0.01736	0.01300	0.00810	0.00664	0.00200	0.00995	0.00576	0.04583	0.00943
58	0.01889	0.01714	0.02699	0.06787	0.54968	0.01769	0.02013	0.12288	0.04189	0.02657	0.01446	0.01791	0.01169	0.00683	0.00707	0.00214	0.00831	0.00641	0.00419	0.01126
59	0.01019	0.00755	0.01104	0.01104	0.01217	0.00868	0.00839	0.01245	0.01132	0.01623	0.01945	0.03003	0.01870	0.13045	0.64571	0.01094	0.01773	0.00793	0.00387	0.00613
60	0.01345	0.01266	0.02136	0.73264	0.04904	0.01582	0.01978	0.01819	0.01424	0.01819	0.01266	0.01898	0.00949	0.00712	0.00712	0.00237	0.00949	0.00633	0.00316	0.00791
61	0.01438	0.03617	0.68782	0.02066	0.03106	0.01659	0.05068	0.02256	0.01510	0.02256	0.01284	0.01519	0.00909	0.00674	0.00683	0.00226	0.01058	0.00538	0.00303	0.01049
62	0.01772	0.55483	0.22495	0.01444	0.02176	0.02494	0.01611	0.02166	0.01463	0.01836	0.01070	0.01243	0.00911	0.00628	0.00518	0.00173	0.00842	0.00421	0.00304	0.00952
63	0.01521	0.01305	0.01497	0.01114	0.01712	0.01073	0.00886	0.02093	0.11691	0.02420	0.01512	0.01654	0.01223	0.00593	0.00557	0.00126	0.00533	0.00480	0.00467	0.67542
64	0.02497	0.01836	0.01971	0.01557	0.02080	0.02036	0.01271	0.51781	0.15547	0.06164	0.01987	0.01942	0.01430	0.00875	0.00707	0.00217	0.00721	0.00675	0.03530	0.01176
65	0.01386	0.01288	0.02136	0.71076	0.04822	0.01601	0.01958	0.03846	0.01483	0.01901	0.01279	0.01893	0.00957	0.00716	0.00712	0.00237	0.00944	0.00633	0.00329	0.00804
66	0.01461	0.01351	0.02230	0.57054	0.15398	0.01603	0.01962	0.04520	0.01539	0.02018	0.01369	0.02049	0.01081	0.00742	0.00719	0.00235	0.00917	0.02546	0.00348	0.00859
67	0.00868	0.00620	0.00826	0.00991	0.01033	0.00578	0.00661	0.00991	0.01363	0.01818	0.03925	0.74510	0.04710	0.02231	0.00909	0.00289	0.00413	0.02024	0.00661	0.00578
68	0.01978	0.01589	0.01694	0.01471	0.01906	0.01809	0.01159	0.13828	0.56090	0.06111	0.02709	0.02499	0.02006	0.00945	0.00722	0.00236	0.00600	0.00776	0.00729	0.01144
69	0.01036	0.00690	0.00777	0.00777	0.00777	0.00690	0.00431	0.01036	0.01036	0.01381	0.02244	0.04660	0.02589	0.74975	0.03624	0.00690	0.00690	0.01036	0.00431	0.00431
70	0.02003	0.01614	0.01718	0.01482	0.01922	0.01837	0.01170	0.16749	0.53914	0.05360	0.02656	0.02459	0.01967	0.00941	0.00722	0.00235	0.00609	0.00769	0.00727	0.01147
71	0.01700	0.13924	0.48412	0.01887	0.02789	0.01914	0.04669	0.12171	0.01780	0.02507	0.01307	0.01497	0.00957	0.00691	0.00656	0.00213	0.00975	0.00534	0.00366	0.01052
72	0.00948	0.00726	0.00868	0.00833	0.01027	0.00646	0.00625	0.01227	0.01874	0.02518	0.47383	0.05874	0.29704	0.01582	0.00840	0.00230	0.00345	0.01366	0.00739	0.00646
73	0.01345	0.01266	0.02136	0.73264	0.04904	0.01582	0.01978	0.01819	0.01424	0.01819	0.01266	0.01898	0.00949	0.00712	0.00712	0.00237	0.00949	0.00633	0.00316	0.00791
74	0.01762	0.01692	0.02890	0.04371	0.70533	0.01692	0.02185	0.02185	0.01621	0.02326	0.01339	0.01762	0.01128	0.00634	0.00705	0.00211	0.00846	0.00634	0.00352	0.01128
75	0.02440	0.01699	0.01871	0.01473	0.01941	0.01851	0.01186	0.51149	0.02829	0.08708	0.01840	0.02146	0.01427	0.09291	0.03967	0.02950	0.00800	0.00694	0.00667	0.01072
76	0.00868	0.00620	0.00826	0.00991	0.01033	0.00578	0.00661	0.00991	0.01363	0.01818	0.03925	0.74510	0.04710	0.02231	0.00909	0.00289	0.00413	0.02024	0.00661	0.00578
77	0.01003	0.00728	0.00945	0.00890	0.01061	0.00670	0.00668	0.01334	0.02003	0.02826	0.68189	0.05367	0.08705	0.01467	0.00840	0.00224	0.00337	0.01294	0.00780	0.00670
78	0.80005	0.01377	0.01047	0.00936	0.01377	0.01597	0.00771	0.02093	0.01212	0.03195	0.00991	0.01157	0.00771	0.00661	0.00441	0.00220	0.00551	0.00386	0.00441	0.00771
79	0.01904	0.75404	0.03731	0.01218	0.01828	0.02818	0.01218	0.02132	0.01447	0.01675	0.00990	0.01142	0.00914	0.00609	0.00457	0.00152	0.00761	0.00381	0.00305	0.00914
80	0.00967	0.00721	0.00898	0.00865	0.01041	0.00653	0.00645	0.01260	0.01902	0.02612	0.53881	0.09228	0.19567	0.01567	0.00844	0.00231	0.00345	0.01370	0.00752	0.00653
81	0.02356	0.02115	0.01893	0.01588	0.02046	0.17651	0.01257	0.31175	0.23410	0.03339	0.01964	0.01942	0.01466	0.00861	0.00693	0.00214	0.00811	0.00652	0.03487	0.01079
82	0.00956	0.00691	0.00893	0.00971	0.01055	0.00668	0.00668	0.01191	0.03947	0.02053	0.19089	0.45941	0.04756	0.09190	0.04168	0.00347	0.00491	0.01659	0.00658	0.00608
83	0.00866	0.00625	0.00821	0.00977	0.01029	0.00580	0.00655	0.00993	0.01377	0.01823	0.04096	0.70994	0.08116	0.02209	0.00905	0.00287	0.00410	0.01997	0.00661	0.00580
84	0.01561	0.01612	0.02316	0.04973	0.02205	0.06627	0.11466	0.01800	0.01282	0.01813	0.01336	0.08138	0.01322	0.01324	0.04271	0.00316	0.45719	0.00775	0.00356	0.00787
85	0.01762	0.01692	0.02890	0.04371	0.70533	0.01692	0.02185	0.02185	0.01621	0.02326	0.01339	0.01762	0.01128	0.00634	0.00705	0.00211	0.00846	0.00634	0.00352	0.01128
86	0.01143	0.00758	0.00995	0.00919	0.01110	0.00695	0.00695	0.01475	0.02017	0.07054	0.66010	0.05141	0.06413	0.01420	0.00832	0.00224	0.00353	0.01253	0.00790	0.00705
87	0.01036	0.00690	0.00777	0.00777	0.00777	0.00690	0.00431	0.01036	0.01036	0.01381	0.02244	0.04660	0.02589	0.74975	0.03624	0.00690	0.00690	0.01036	0.00431	0.00431
88	0.01457	0.01311	0.01520	0.13699	0.02136	0.08324	0.03138	0.02109	0.17304	0.04209	0.02835	0.29391	0.04600	0.01392	0.00839	0.00254	0.02894	0.01210	0.00574	0.00805
89	0.01029	0.00688	0.00778	0.00785	0.00786	0.00686	0.00440	0.01034	0.01048	0.01397	0.02306	0.07267	0.02668	0.72259	0.03523	0.00675	0.00680	0.01072	0.00440	0.00437
90	0.00868	0.00620	0.00826	0.00991	0.01033	0.00578	0.00661	0.00991	0.01363	0.01818	0.03925	0.74510	0.04710	0.02231	0.00909	0.00289	0.00413	0.02024	0.00661	0.00578
91	0.01557	0.21656	0.51968	0.01859	0.02789	0.01951	0.04546	0.02225	0.01495	0.02110	0.01211	0.01427	0.00911	0.00657	0.00627	0.00208	0.00984	0.00501	0.00304	0.01014
92	0.01961	0.02060	0.07148	0.05389	0.40554	0.11100	0.01907	0.10339	0.07931	0.02547	0.01486	0.01759	0.01183	0.00709	0.00698	0.00212	0.00888	0.00620	0.00426	0.01082
93	0.01286	0.00681	0.01001	0.03116	0.01086	0.00697	0.00682	0.03040	0.01018	0.01355	0.01252	0.02142	0.01227	0.02371	0.02657	0.74462	0.00633	0.00620	0.00322	0.00352
94	0.75985	0.01482	0.01097	0.00983	0.01420	0.05263	0.00803	0.02132	0.01254	0.03119	0.00997	0.01163	0.00779	0.00665	0.00451	0.00218	0.00589	0.00389	0.00437	0.00774
95	0.00868	0.00620	0.00826	0.00991	0.01033	0.00578	0.00661	0.00991	0.01363	0.01818	0.03925	0.74510	0.04710	0.02231	0.00909	0.00289	0.00413	0.02024	0.00661	0.00578
96	0.00842	0.00721	0.00721	0.00721	0.00962	0.00601	0.00541	0.01022	0.01623	0.01924	0.07213	0.06853	0.70244	0.01803	0.00842	0.00240	0.00361	0.01503	0.00661	0.00601
97	0.02660	0.03394	0.02018	0.01834	0.02201	0.72116	0.01376	0.02843	0.02018	0.01743	0.01101	0.01284	0.00917	0.00734	0.00642	0.00183	0.01284	0.00459	0.00367	0.00825
98	0.01034	0.00697	0.00812	0.00812	0.00825	0.00710	0.00476	0.01058	0.01046	0.01407	0.02211	0.04479	0.02510	0.68222	0.10270	0.00734	0.00808	0.01009	0.00427	0.00451
99	0.30772	0.15503	0.01929	0.01266	0.01747	0.08842	0.01064	0.18490	0.01925	0.05922	0.03274	0.03767	0.01252	0.00787	0.00568	0.00205	0.00712	0.00545	0.00510	0.00922
100	0.02636	0.01310	0.01647	0.01253	0.01807	0.01168	0.01026	0.11957	0.02091	0.43057	0.05441	0.02245	0.01756	0.00824	0.00679	0.00194	0.00600	0.00666	0.00749	0.18895
101	0.01996	0.04014	0.01847	0.01478	0.04650	0.08377	0.01136	0.21854	0.09396	0.02980	0.04123	0.01799	0.01418	0.00733	0.00631	0.00170	0.00694	0.00571	0.00543	0.31590
102	0.06958	0.05230	0.01795	0.01539	0.05371	0.14715	0.01144	0.22313	0.02119	0.02799	0.01907	0.16916	0.01828	0.01044	0.00687	0.00207	0.00752	0.00842	0.00544	0.11289
103	0.14692	0.06779	0.04204	0.10053	0.09781	0.04811	0.01321	0.05402	0.06222	0.21657	0.01762	0.01828	0.01263	0.00745	0.00634	0.00208	0.00720	0.00584	0.00551	0.06786
104	0.15853	0.05923	0.17063	0.03971	0.09737	0.07008	0.01546	0.07453	0.01691	0.08784	0.03685	0.01675	0.01221	0.00739	0.00690	0.00208	0.03717	0.00550	0.00450	0.08038
105	0.05297	0.22272	0.02274	0.04746	0.01967	0.13913	0.01212	0.09840	0.10650	0.04345	0.04464	0.04305	0.03339	0.01023	0.02947	0.00235	0.05129	0.00647	0.00483	0.00912
106	0.07444	0.23151	0.08611	0.04653	0.02021	0.03945	0.01251	0.06776	0.03744	0.15860	0.03791	0.04657	0.01477	0.00791	0.00607	0.00192	0.00712	0.00603	0.00511	0.09203
107	0.17792	0.10001	0.08380	0.01338	0.01840	0.01671	0.01205	0.15151	0.01866	0.14110	0.04195	0.06882	0.01571	0.00905	0.00750	0.00217	0.05826	0.00670	0.00556	0.05072

[dist]
# distance from previous block
# <min> <max>
5	21

[block]
# block no. 1 follows, 29 sequences, length 24
# corresponding to MSA columns:
# 175-181,183-199
name=unknown_B
#
# <colnr> <probs for GDERKNQSTAVLIFYWHMCP>
#	G	D	E	R	K	N	Q	S	T	A	V	L	I	F	Y	W	H	M	C	P
0	0.01736	0.01786	0.02314	0.28118	0.24004	0.13722	0.03853	0.02290	0.08089	0.02126	0.04090	0.01957	0.01343	0.00742	0.00708	0.00220	0.00922	0.00652	0.00395	0.00933
1	0.01268	0.00789	0.00977	0.00898	0.01127	0.00704	0.00677	0.01531	0.01847	0.12060	0.38753	0.07227	0.22584	0.05208	0.00966	0.00253	0.00400	0.01272	0.00744	0.00714
2	0.01508	0.01422	0.02401	0.39888	0.32989	0.01583	0.02001	0.01953	0.01539	0.02091	0.04809	0.02014	0.01320	0.00716	0.00715	0.00225	0.00873	0.00667	0.00356	0.00930
3	0.00997	0.00758	0.00905	0.00867	0.01063	0.00690	0.00649	0.03251	0.01887	0.02536	0.43380	0.10028	0.27175	0.01599	0.00841	0.00233	0.00362	0.01384	0.00734	0.00659
4	0.01428	0.03683	0.71286	0.02030	0.03082	0.01654	0.02631	0.02255	0.01503	0.02255	0.01278	0.01503	0.00902	0.00677	0.00677	0.00226	0.01052	0.00526	0.00301	0.01052
5	0.07387	0.19340	0.39571	0.01898	0.02739	0.03963	0.11296	0.02236	0.01509	0.02183	0.01210	0.01449	0.00920	0.00651	0.00632	0.00210	0.00978	0.00525	0.00322	0.00981
6	0.74193	0.01329	0.01040	0.00933	0.01354	0.01529	0.00764	0.02038	0.01271	0.03170	0.06080	0.01463	0.01209	0.00719	0.00470	0.00221	0.00535	0.00452	0.00466	0.00764
7	0.02175	0.01208	0.01488	0.01203	0.01659	0.01133	0.00962	0.05533	0.14294	0.30353	0.16940	0.02906	0.02763	0.00963	0.00714	0.00207	0.00536	0.00805	0.00752	0.13409
8	0.01477	0.01266	0.01477	0.01055	0.01687	0.00949	0.00844	0.01793	0.01477	0.02320	0.01266	0.01477	0.01055	0.00527	0.00527	0.00105	0.00527	0.00422	0.00422	0.79328
9	0.02152	0.02149	0.01820	0.01585	0.01894	0.29678	0.01243	0.07050	0.04330	0.08857	0.05236	0.02115	0.05116	0.01174	0.04430	0.00265	0.15599	0.00654	0.00484	0.04170
10	0.68908	0.01353	0.01134	0.00984	0.01441	0.01518	0.00811	0.02292	0.01331	0.12994	0.01254	0.01340	0.00914	0.00693	0.00480	0.00220	0.00559	0.00433	0.00504	0.00835
11	0.00949	0.00726	0.00870	0.00834	0.01027	0.00647	0.00625	0.01229	0.01876	0.02523	0.47721	0.05866	0.29363	0.01580	0.00840	0.00230	0.00345	0.01364	0.00740	0.00647
12	0.01365	0.01286	0.02172	0.69973	0.08040	0.01587	0.01987	0.01837	0.01433	0.01844	0.01269	0.01892	0.00958	0.00708	0.00712	0.00236	0.00944	0.00633	0.00318	0.00807
13	0.01102	0.00749	0.00982	0.00912	0.01096	0.00688	0.00688	0.01435	0.02017	0.05796	0.67253	0.05194	0.06505	0.01431	0.00835	0.00224	0.00348	0.01263	0.00788	0.00695
14	0.10325	0.00997	0.01171	0.01036	0.01327	0.00998	0.00807	0.04414	0.08947	0.12423	0.43576	0.04042	0.04691	0.01214	0.00761	0.00224	0.00437	0.01033	0.00750	0.00825
15	0.07297	0.01221	0.01620	0.01249	0.01794	0.01076	0.01032	0.03397	0.01994	0.67404	0.02712	0.02356	0.01710	0.00870	0.00701	0.00220	0.00603	0.00698	0.00858	0.01188
16	0.02112	0.01477	0.01540	0.01373	0.01750	0.09657	0.01102	0.07607	0.18658	0.20658	0.06314	0.05850	0.04361	0.01183	0.00775	0.00244	0.00672	0.12982	0.00709	0.00977
17	0.01477	0.01266	0.01477	0.01055	0.01687	0.00949	0.00844	0.01793	0.01477	0.02320	0.01266	0.01477	0.01055	0.00527	0.00527	0.00105	0.00527	0.00422	0.00422	0.79328
18	0.02543	0.03094	0.02044	0.01824	0.02166	0.59508	0.01394	0.07350	0.02011	0.01934	0.01126	0.01344	0.00940	0.00798	0.00832	0.00200	0.09169	0.00490	0.00385	0.00848
19	0.02532	0.07123	0.02173	0.01575	0.02119	0.02168	0.01306	0.57554	0.06659	0.04109	0.01804	0.04414	0.01371	0.00894	0.00702	0.00214	0.00757	0.00683	0.00682	0.01162
20	0.05109	0.00831	0.01012	0.01059	0.01225	0.00802	0.00775	0.05932	0.01566	0.02189	0.06073	0.48808	0.06019	0.01858	0.00846	0.00267	0.00475	0.08076	0.00640	0.06439
21	0.01660	0.01588	0.02706	0.21215	0.54487	0.01665	0.02135	0.02096	0.01573	0.02202	0.01321	0.01796	0.01084	0.00653	0.00707	0.00218	0.00871	0.00634	0.00344	0.01046
22	0.01477	0.01266	0.01477	0.01055	0.01687	0.00949	0.00844	0.01793	0.01477	0.02320	0.01266	0.01477	0.01055	0.00527	0.00527	0.00105	0.00527	0.00422	0.00422	0.79328
23	0.00890	0.00690	0.00814	0.00870	0.01024	0.00613	0.00629	0.01082	0.01597	0.02051	0.16541	0.30922	0.33530	0.01904	0.00871	0.00258	0.00386	0.04041	0.00682	0.00607

[dist]
# distance from previous block
# <min> <max>
1	4

[block]
# block no. 2 follows, 29 sequences, length 6
# corresponding to MSA columns:
# 204-209
name=unknown_C
#
# <colnr> <probs for GDERKNQSTAVLIFYWHMCP>
#	G	D	E	R	K	N	Q	S	T	A	V	L	I	F	Y	W	H	M	C	P
0	0.01806	0.01327	0.08687	0.01239	0.01663	0.01041	0.01087	0.08306	0.01919	0.20025	0.18210	0.13551	0.03282	0.01224	0.00768	0.00227	0.00575	0.05551	0.00688	0.08825
1	0.01450	0.01230	0.01432	0.01069	0.01635	0.00985	0.00848	0.01902	0.06860	0.02428	0.08639	0.01973	0.01738	0.00659	0.00576	0.00129	0.00510	0.00543	0.00484	0.64910
2	0.04900	0.01358	0.05459	0.07805	0.01965	0.04077	0.04253	0.01873	0.06895	0.02417	0.18360	0.09478	0.02829	0.00992	0.00696	0.00196	0.00606	0.00859	0.00535	0.24447
3	0.09267	0.01316	0.01446	0.01311	0.03508	0.05515	0.04065	0.10918	0.09611	0.02708	0.14759	0.12297	0.13798	0.01235	0.00746	0.00227	0.00581	0.01046	0.00621	0.05024
4	0.13293	0.01502	0.09949	0.01342	0.04600	0.04474	0.01124	0.02230	0.06152	0.16987	0.16629	0.08102	0.08530	0.01104	0.00717	0.00228	0.00602	0.00912	0.00633	0.00891
5	0.13201	0.14481	0.07582	0.11899	0.08483	0.01651	0.01367	0.05143	0.04890	0.11725	0.07122	0.06111	0.01783	0.00864	0.00647	0.00215	0.00706	0.00695	0.00505	0.00931

[dist]
# distance from previous block
# <min> <max>
2	12

[block]
# block no. 3 follows, 29 sequences, length 20
# corresponding to MSA columns:
# 222-241
name=unknown_D
#
# <colnr> <probs for GDERKNQSTAVLIFYWHMCP>
#	G	D	E	R	K	N	Q	S	T	A	V	L	I	F	Y	W	H	M	C	P
0	0.13220	0.03190	0.02903	0.01205	0.01594	0.03310	0.00981	0.11137	0.13691	0.12378	0.25083	0.03082	0.03231	0.01040	0.00710	0.00222	0.00555	0.00847	0.00694	0.00929
1	0.17589	0.19100	0.25200	0.01414	0.02084	0.01731	0.01526	0.02274	0.01531	0.12250	0.05112	0.04393	0.01451	0.00786	0.00601	0.00209	0.00758	0.00588	0.00452	0.00949
2	0.10297	0.02131	0.01772	0.03500	0.01998	0.25646	0.01207	0.17609	0.06387	0.07567	0.03482	0.01802	0.01350	0.01054	0.04443	0.00255	0.03212	0.00588	0.03043	0.02656
3	0.32315	0.05360	0.01573	0.08619	0.01909	0.01442	0.05130	0.06611	0.01649	0.06854	0.13541	0.02597	0.07930	0.00921	0.00633	0.00221	0.00611	0.00727	0.00538	0.00818
4	0.00998	0.00755	0.00957	0.00922	0.01066	0.00693	0.02738	0.01165	0.01470	0.01968	0.18071	0.19989	0.16725	0.23725	0.01678	0.00376	0.00500	0.01356	0.00598	0.04250
5	0.01701	0.01508	0.02479	0.13607	0.48218	0.01554	0.01914	0.02183	0.05166	0.05734	0.01703	0.07967	0.01490	0.00810	0.00725	0.00224	0.00797	0.00764	0.00420	0.01038
6	0.01221	0.00732	0.00969	0.01023	0.01146	0.00686	0.00729	0.01385	0.01475	0.10648	0.08499	0.44210	0.04101	0.11047	0.02980	0.00349	0.00523	0.06957	0.00662	0.00656
7	0.01874	0.01434	0.01639	0.01220	0.01810	0.01278	0.00984	0.19629	0.02003	0.06512	0.01565	0.04298	0.01270	0.00697	0.00601	0.00147	0.00596	0.00556	0.00533	0.51355
8	0.01553	0.01311	0.01518	0.01091	0.01720	0.01028	0.00876	0.05931	0.01593	0.02455	0.01293	0.01491	0.01064	0.00548	0.00539	0.00112	0.00543	0.00436	0.00440	0.74457
9	0.00892	0.00637	0.00854	0.01019	0.01071	0.00599	0.00703	0.01033	0.01387	0.01845	0.03911	0.68760	0.04657	0.02208	0.00915	0.00293	0.00434	0.07536	0.00661	0.00585
10	0.02746	0.01300	0.01634	0.01308	0.01808	0.01250	0.01062	0.07008	0.16784	0.49027	0.06188	0.02582	0.02074	0.00928	0.00724	0.00225	0.00593	0.00760	0.00833	0.01166
11	0.02707	0.01995	0.02137	0.01638	0.02208	0.02208	0.01353	0.68159	0.03348	0.04488	0.01710	0.01710	0.01211	0.00855	0.00712	0.00214	0.00784	0.00641	0.00712	0.01211
12	0.01079	0.00845	0.01228	0.01194	0.01296	0.01016	0.00926	0.01301	0.01129	0.01637	0.01828	0.02816	0.01754	0.10730	0.58669	0.01014	0.09755	0.00770	0.00378	0.00634
13	0.02427	0.01819	0.02057	0.01797	0.07813	0.01987	0.01348	0.55292	0.02986	0.04015	0.01920	0.09661	0.01586	0.00987	0.00733	0.00222	0.00748	0.00792	0.00677	0.01135
14	0.01919	0.65590	0.03445	0.01252	0.01818	0.08390	0.01203	0.02149	0.01523	0.01743	0.04618	0.01372	0.01218	0.00664	0.00492	0.00159	0.00782	0.00435	0.00335	0.00894
15	0.01024	0.00773	0.01035	0.06956	0.01379	0.00743	0.00772	0.01361	0.01938	0.02703	0.59927	0.05140	0.10726	0.01418	0.00829	0.00226	0.00389	0.01248	0.00736	0.00677
16	0.01027	0.00723	0.00941	0.00941	0.00998	0.00780	0.00636	0.01141	0.01084	0.01502	0.02093	0.03828	0.02228	0.43879	0.34227	0.00893	0.01234	0.00914	0.00409	0.00523
17	0.50982	0.01461	0.01499	0.04052	0.01822	0.01609	0.04652	0.11138	0.01653	0.13184	0.01389	0.01488	0.00999	0.00718	0.00550	0.00221	0.00642	0.00503	0.00532	0.00906
18	0.10712	0.35598	0.28986	0.01668	0.06062	0.02173	0.01756	0.02177	0.01451	0.02106	0.01119	0.01315	0.00905	0.00642	0.00552	0.00191	0.00852	0.00451	0.00321	0.00962
19	0.01009	0.00764	0.01082	0.01137	0.01243	0.00731	0.04429	0.04577	0.01485	0.01983	0.03671	0.66675	0.04325	0.02068	0.00895	0.00283	0.00476	0.01886	0.00647	0.00633

[dist]
# distance from previous block
# <min> <max>
0	6

[block]
# block no. 4 follows, 29 sequences, length 10
# corresponding to MSA columns:
# 248-257
name=unknown_E
#
# <colnr> <probs for GDERKNQSTAVLIFYWHMCP>
#	G	D	E	R	K	N	Q	S	T	A	V	L	I	F	Y	W	H	M	C	P
0	0.01630	0.10984	0.19078	0.02942	0.35170	0.01777	0.01991	0.02164	0.04437	0.02201	0.01707	0.01982	0.05539	0.00763	0.00762	0.00216	0.04616	0.00641	0.00368	0.01032
1	0.23920	0.04493	0.12802	0.09241	0.04368	0.01583	0.01345	0.14023	0.01830	0.02931	0.11287	0.02298	0.05372	0.00873	0.00644	0.00221	0.00695	0.00675	0.00506	0.00893
2	0.08224	0.00749	0.00918	0.04048	0.01194	0.00751	0.00692	0.01200	0.01417	0.02062	0.15381	0.40343	0.04200	0.13986	0.01297	0.00335	0.00481	0.01514	0.00610	0.00598
3	0.01346	0.01157	0.01283	0.03861	0.03659	0.07492	0.00917	0.07305	0.01996	0.02674	0.42481	0.09041	0.08555	0.01348	0.00862	0.00228	0.03227	0.01148	0.00675	0.00745
4	0.01327	0.00664	0.00664	0.00664	0.00830	0.00664	0.00498	0.01659	0.01493	0.02655	0.02323	0.02655	0.01825	0.00830	0.00498	0.00166	0.00332	0.00664	0.78928	0.00664
5	0.55434	0.05659	0.03735	0.04232	0.01640	0.04032	0.00940	0.02106	0.01367	0.06413	0.05144	0.04050	0.01323	0.00774	0.00522	0.00219	0.00609	0.00529	0.00470	0.00802
6	0.02321	0.02353	0.01976	0.01697	0.02039	0.30062	0.01334	0.24349	0.02243	0.02664	0.01536	0.08212	0.01368	0.01000	0.00982	0.00225	0.13522	0.00692	0.00500	0.00924
7	0.01327	0.00664	0.00664	0.00664	0.00830	0.00664	0.00498	0.01659	0.01493	0.02655	0.02323	0.02655	0.01825	0.00830	0.00498	0.00166	0.00332	0.00664	0.78928	0.00664
8	0.48785	0.01477	0.01736	0.06462	0.24990	0.01628	0.01322	0.02108	0.01363	0.02818	0.01126	0.01406	0.00903	0.00655	0.00546	0.00218	0.00675	0.00485	0.00403	0.00893
9	0.19153	0.13136	0.42535	0.01721	0.02556	0.01812	0.05423	0.02203	0.01439	0.02386	0.01182	0.01397	0.00884	0.00660	0.00601	0.00215	0.00907	0.00491	0.00336	0.00965

[dist]
# distance from previous block
# <min> <max>
0	1

[block]
# block no. 5 follows, 29 sequences, length 10
# corresponding to MSA columns:
# 259-268
name=unknown_F
#
# <colnr> <probs for GDERKNQSTAVLIFYWHMCP>
#	G	D	E	R	K	N	Q	S	T	A	V	L	I	F	Y	W	H	M	C	P
0	0.01327	0.00664	0.00664	0.00664	0.00830	0.00664	0.00498	0.01659	0.01493	0.02655	0.02323	0.02655	0.01825	0.00830	0.00498	0.00166	0.00332	0.00664	0.78928	0.00664
1	0.19550	0.30765	0.10928	0.01347	0.01908	0.06921	0.01303	0.02328	0.01491	0.10813	0.01258	0.01389	0.00989	0.00715	0.00651	0.00198	0.05651	0.00463	0.00412	0.00921
2	0.02579	0.01898	0.02046	0.01592	0.02123	0.02103	0.01303	0.61104	0.06964	0.04238	0.01753	0.01786	0.01267	0.00943	0.00818	0.04217	0.00763	0.00649	0.00693	0.01161
3	0.55540	0.01465	0.03297	0.05851	0.05093	0.01568	0.01018	0.04700	0.03414	0.05623	0.01206	0.01379	0.00919	0.00680	0.00513	0.00214	0.00615	0.00455	0.00459	0.05991
4	0.01270	0.01070	0.01482	0.04364	0.01537	0.01363	0.01086	0.01462	0.01160	0.01747	0.01653	0.04802	0.01627	0.12916	0.22964	0.00595	0.29499	0.00772	0.07960	0.00670
5	0.01088	0.00867	0.01281	0.01240	0.01350	0.01060	0.00978	0.01330	0.01137	0.01661	0.01780	0.02635	0.01669	0.04803	0.62983	0.01035	0.11334	0.00745	0.00372	0.00655
6	0.01533	0.02649	0.35388	0.11343	0.11976	0.04894	0.13639	0.02159	0.01556	0.02168	0.01439	0.05379	0.01163	0.00744	0.00723	0.00229	0.01017	0.00681	0.00341	0.00979
7	0.01265	0.00913	0.01213	0.01143	0.01285	0.01080	0.00903	0.04888	0.01345	0.02079	0.01871	0.02526	0.01643	0.03304	0.39115	0.00713	0.11628	0.00710	0.21684	0.00693
8	0.02114	0.01866	0.01715	0.01622	0.06423	0.18484	0.01178	0.12235	0.18599	0.10543	0.02826	0.06024	0.11204	0.01037	0.00725	0.00221	0.00758	0.00830	0.00618	0.00978
9	0.01737	0.01817	0.06592	0.04123	0.60915	0.01700	0.08198	0.02198	0.01621	0.02318	0.01345	0.01763	0.01112	0.00634	0.00716	0.00215	0.00889	0.00648	0.00350	0.01109

[dist]
# distance from previous block
# <min> <max>
0	2

[block]
# block no. 6 follows, 29 sequences, length 21
# corresponding to MSA columns:
# 317-337
name=unknown_G
#
# <colnr> <probs for GDERKNQSTAVLIFYWHMCP>
#	G	D	E	R	K	N	Q	S	T	A	V	L	I	F	Y	W	H	M	C	P
0	0.29238	0.15851	0.08531	0.06692	0.04361	0.01776	0.01253	0.07371	0.01626	0.12661	0.03656	0.01627	0.01211	0.00729	0.00570	0.00208	0.00697	0.00523	0.00486	0.00934
1	0.01997	0.09292	0.15391	0.01583	0.02136	0.07882	0.01490	0.25738	0.06768	0.02919	0.02198	0.02260	0.09583	0.00941	0.00820	0.00220	0.06558	0.00693	0.00527	0.01005
2	0.01198	0.00863	0.01035	0.00966	0.01106	0.00890	0.00675	0.07931	0.01447	0.01973	0.09286	0.04045	0.07184	0.36681	0.18591	0.00651	0.00918	0.00970	0.00499	0.03088
3	0.01573	0.01694	0.01290	0.01220	0.01476	0.25766	0.00909	0.01885	0.05470	0.02134	0.19896	0.10820	0.20429	0.01339	0.00771	0.00221	0.00695	0.01097	0.00591	0.00723
4	0.00862	0.00683	0.00775	0.00834	0.00995	0.00597	0.00594	0.01031	0.01550	0.01942	0.09928	0.32250	0.41560	0.01943	0.00867	0.00258	0.00379	0.01686	0.00669	0.00597
5	0.01327	0.00664	0.00664	0.00664	0.00830	0.00664	0.00498	0.01659	0.01493	0.02655	0.02323	0.02655	0.01825	0.00830	0.00498	0.00166	0.00332	0.00664	0.78928	0.00664
6	0.05296	0.04536	0.29026	0.01424	0.02010	0.01287	0.01522	0.02050	0.08031	0.06444	0.11569	0.11192	0.10462	0.01128	0.00732	0.00233	0.00695	0.00940	0.00530	0.00892
7	0.01991	0.02321	0.07731	0.03479	0.46191	0.21606	0.01990	0.02377	0.01725	0.02156	0.01267	0.01608	0.01052	0.00666	0.00685	0.00205	0.00985	0.00577	0.00353	0.01037
8	0.01327	0.00664	0.00664	0.00664	0.00830	0.00664	0.00498	0.01659	0.01493	0.02655	0.02323	0.02655	0.01825	0.00830	0.00498	0.00166	0.00332	0.00664	0.78928	0.00664
9	0.01034	0.00695	0.00803	0.00803	0.00812	0.00704	0.00464	0.01052	0.01043	0.01400	0.02220	0.04528	0.02532	0.70048	0.08474	0.00722	0.00776	0.01016	0.00428	0.00446
10	0.01815	0.02185	0.13157	0.03619	0.49981	0.09778	0.02123	0.02328	0.04046	0.02272	0.01358	0.01700	0.01106	0.00664	0.00694	0.00211	0.00918	0.00604	0.00359	0.01082
11	0.02570	0.09557	0.02262	0.01803	0.04967	0.35025	0.01385	0.28607	0.02474	0.02847	0.01341	0.01459	0.01042	0.00766	0.00655	0.00194	0.01019	0.00531	0.00497	0.00999
12	0.71281	0.01569	0.06387	0.01094	0.01590	0.01609	0.03379	0.02112	0.01251	0.03091	0.01029	0.01211	0.00792	0.00660	0.00473	0.00221	0.00612	0.00413	0.00427	0.00799
13	0.02522	0.07857	0.02151	0.05386	0.05318	0.48519	0.01398	0.07409	0.03848	0.07192	0.01332	0.01479	0.01046	0.00746	0.00648	0.00192	0.01106	0.00511	0.00432	0.00908
14	0.01041	0.00751	0.01083	0.01083	0.01203	0.00859	0.00828	0.01281	0.01161	0.01704	0.01962	0.02926	0.01843	0.10201	0.61986	0.01041	0.01705	0.00776	0.05943	0.00623
15	0.57902	0.14736	0.05359	0.04638	0.01725	0.01818	0.01011	0.02095	0.01280	0.02804	0.01020	0.01210	0.00813	0.00655	0.00470	0.00209	0.00635	0.00405	0.00403	0.00813
16	0.01577	0.03166	0.50039	0.02560	0.17424	0.05459	0.05349	0.02273	0.01564	0.02244	0.01289	0.01565	0.00959	0.00667	0.00688	0.00221	0.01027	0.00559	0.00318	0.01052
17	0.02388	0.14354	0.04470	0.02006	0.08053	0.47949	0.04424	0.04699	0.01907	0.01908	0.01143	0.01351	0.00951	0.00702	0.00631	0.00186	0.01139	0.00486	0.00365	0.00890
18	0.01784	0.01828	0.02567	0.21924	0.43534	0.11894	0.02014	0.02186	0.01628	0.02110	0.01286	0.01728	0.01051	0.00669	0.00698	0.00214	0.00936	0.00608	0.00345	0.00996
19	0.02236	0.01531	0.01703	0.01391	0.01804	0.01644	0.01097	0.40364	0.05902	0.10384	0.02272	0.12964	0.01999	0.10024	0.01094	0.00285	0.00689	0.00909	0.00689	0.01019
20	0.02078	0.01141	0.01619	0.05059	0.11235	0.01095	0.01188	0.04652	0.04038	0.29814	0.04961	0.16805	0.02641	0.01252	0.00789	0.00247	0.00621	0.09098	0.00698	0.00970

[dist]
# distance from previous block
# <min> <max>
0	1

[block]
# block no. 7 follows, 29 sequences, length 7
# corresponding to MSA columns:
# 339-345
name=unknown_H
#
# <colnr> <probs for GDERKNQSTAVLIFYWHMCP>
#	G	D	E	R	K	N	Q	S	T	A	V	L	I	F	Y	W	H	M	C	P
0	0.08314	0.53354	0.18459	0.01374	0.02068	0.02458	0.01494	0.02156	0.01440	0.01930	0.01054	0.01223	0.00899	0.00628	0.00504	0.00174	0.00808	0.00413	0.00315	0.00933
1	0.01795	0.58996	0.19186	0.01404	0.02115	0.02551	0.01542	0.02160	0.01460	0.01808	0.01056	0.01225	0.00911	0.00625	0.00507	0.00169	0.00828	0.00414	0.00304	0.00945
2	0.01034	0.00698	0.00814	0.00814	0.00827	0.00711	0.00478	0.01060	0.01047	0.01409	0.02209	0.04469	0.02506	0.67844	0.10642	0.00737	0.00815	0.01008	0.00426	0.00452
3	0.01624	0.01960	0.13941	0.09470	0.40820	0.05507	0.02004	0.02095	0.01657	0.02304	0.10054	0.02156	0.01773	0.00758	0.00714	0.00216	0.00849	0.00689	0.00396	0.01011
4	0.00956	0.00684	0.00868	0.00946	0.01014	0.00648	0.00622	0.01065	0.01268	0.01718	0.03200	0.47237	0.03757	0.22066	0.05792	0.00438	0.00582	0.01592	0.00569	0.04979
5	0.01925	0.02033	0.01822	0.05566	0.12842	0.27082	0.01344	0.09628	0.01955	0.02234	0.02713	0.03320	0.14710	0.01084	0.00743	0.00222	0.00887	0.08542	0.00493	0.00852
6	0.07345	0.34034	0.20343	0.01526	0.02189	0.12025	0.01571	0.05674	0.05455	0.02153	0.01223	0.01369	0.00988	0.00680	0.00566	0.00188	0.00884	0.00466	0.00366	0.00954

[dist]
# distance from previous block
# <min> <max>
2	9

[block]
# block no. 8 follows, 29 sequences, length 58
# corresponding to MSA columns:
# 355-412
name=unknown_I
#
# <colnr> <probs for GDERKNQSTAVLIFYWHMCP>
#	G	D	E	R	K	N	Q	S	T	A	V	L	I	F	Y	W	H	M	C	P
0	0.04502	0.03785	0.01958	0.03402	0.02044	0.13240	0.03762	0.09994	0.11009	0.11008	0.01764	0.02113	0.01412	0.00921	0.00981	0.00225	0.13980	0.03984	0.00529	0.09385
1	0.41746	0.05462	0.06380	0.01644	0.12657	0.01564	0.01205	0.02413	0.01485	0.17304	0.01452	0.01545	0.01055	0.00702	0.00558	0.00216	0.00655	0.00505	0.00503	0.00948
2	0.05515	0.01272	0.01567	0.01271	0.01744	0.01239	0.01027	0.06600	0.16340	0.42916	0.10271	0.02714	0.02341	0.00954	0.00721	0.00225	0.00574	0.00783	0.00812	0.01117
3	0.01309	0.01259	0.07251	0.01093	0.01407	0.05987	0.00925	0.01732	0.05004	0.06137	0.42923	0.04470	0.12515	0.01292	0.00789	0.00220	0.00501	0.01105	0.00687	0.03394
4	0.01237	0.00618	0.00928	0.00928	0.00928	0.00618	0.00618	0.00928	0.00928	0.01237	0.01237	0.02165	0.01237	0.02474	0.02783	0.79283	0.00618	0.00618	0.00309	0.00309
5	0.01877	0.01582	0.01670	0.01471	0.01892	0.01821	0.01153	0.11075	0.61783	0.03150	0.02764	0.02549	0.02065	0.00953	0.00723	0.00238	0.00588	0.00786	0.00723	0.01137
6	0.01428	0.03683	0.71286	0.02030	0.03082	0.01654	0.02631	0.02255	0.01503	0.02255	0.01278	0.01503	0.00902	0.00677	0.00677	0.00226	0.01052	0.00526	0.00301	0.01052
7	0.09108	0.01600	0.10322	0.01368	0.01968	0.01275	0.01246	0.07733	0.04527	0.49747	0.02398	0.02165	0.01552	0.00839	0.00689	0.00221	0.00668	0.00664	0.00755	0.01153
8	0.01428	0.03683	0.71286	0.02030	0.03082	0.01654	0.02631	0.02255	0.01503	0.02255	0.01278	0.01503	0.00902	0.00677	0.00677	0.00226	0.01052	0.00526	0.00301	0.01052
9	0.01658	0.01431	0.01502	0.01360	0.01743	0.01628	0.01056	0.03447	0.61003	0.02850	0.03424	0.03168	0.10472	0.01068	0.00739	0.00241	0.00539	0.00890	0.00717	0.01063
10	0.00910	0.00696	0.01002	0.01083	0.01173	0.00646	0.04280	0.01063	0.01396	0.01849	0.03993	0.66443	0.08538	0.02117	0.00901	0.00284	0.00452	0.01928	0.00645	0.00600
11	0.00872	0.00623	0.00830	0.00989	0.01034	0.00581	0.00661	0.01002	0.01383	0.01849	0.05930	0.72416	0.04770	0.02207	0.00907	0.00287	0.00411	0.02002	0.00665	0.00581
12	0.00868	0.00620	0.00826	0.00991	0.01033	0.00578	0.00661	0.00991	0.01363	0.01818	0.03925	0.74510	0.04710	0.02231	0.00909	0.00289	0.00413	0.02024	0.00661	0.00578
13	0.00868	0.00620	0.00826	0.00991	0.01033	0.00578	0.00661	0.00991	0.01363	0.01818	0.03925	0.74510	0.04710	0.02231	0.00909	0.00289	0.00413	0.02024	0.00661	0.00578
14	0.01445	0.06291	0.68830	0.02000	0.03036	0.01696	0.02580	0.02251	0.01501	0.02234	0.01267	0.01490	0.00902	0.00674	0.00669	0.00223	0.01042	0.00521	0.00301	0.01047
15	0.02707	0.01995	0.02137	0.01638	0.02208	0.02208	0.01353	0.68159	0.03348	0.04488	0.01710	0.01710	0.01211	0.00855	0.00712	0.00214	0.00784	0.00641	0.00712	0.01211
16	0.00999	0.00728	0.00939	0.00886	0.01058	0.00668	0.00665	0.01326	0.01994	0.02805	0.66765	0.05402	0.10143	0.01474	0.00840	0.00225	0.00337	0.01299	0.00777	0.00668
17	0.00986	0.00708	0.00918	0.01036	0.01118	0.00682	0.00721	0.04651	0.01515	0.02027	0.07026	0.64154	0.04591	0.02107	0.00898	0.00284	0.00440	0.04847	0.00670	0.00621
18	0.01743	0.01672	0.02856	0.07542	0.67512	0.01687	0.02176	0.02168	0.01612	0.02303	0.01336	0.01769	0.01120	0.00638	0.00705	0.00213	0.00851	0.00634	0.00351	0.01112
19	0.01503	0.01478	0.02077	0.01797	0.01809	0.02051	0.01491	0.01669	0.01096	0.01708	0.01033	0.01683	0.01020	0.01658	0.09360	0.00395	0.66453	0.00637	0.00319	0.00765
20	0.80005	0.01377	0.01047	0.00936	0.01377	0.01597	0.00771	0.02093	0.01212	0.03195	0.00991	0.01157	0.00771	0.00661	0.00441	0.00220	0.00551	0.00386	0.00441	0.00771
21	0.01945	0.71522	0.03639	0.01252	0.01848	0.06553	0.01227	0.02171	0.01478	0.01679	0.00996	0.01150	0.00914	0.00616	0.00467	0.00154	0.00790	0.00385	0.00308	0.00909
22	0.01985	0.67667	0.03547	0.01285	0.01868	0.10263	0.01235	0.02209	0.01508	0.01683	0.01002	0.01157	0.00914	0.00623	0.00477	0.00156	0.00818	0.00389	0.00311	0.00904
23	0.01237	0.00618	0.00928	0.00928	0.00928	0.00618	0.00618	0.00928	0.00928	0.01237	0.01237	0.02165	0.01237	0.02474	0.02783	0.79283	0.00618	0.00618	0.00309	0.00309
24	0.01662	0.38895	0.38119	0.01631	0.02466	0.02225	0.01937	0.02195	0.01476	0.01970	0.01137	0.01326	0.00908	0.00643	0.00569	0.00190	0.00910	0.00455	0.00303	0.00984
