[name]
unknown

[dist]
# distance from previous block
# <min> <max>
15	36

[block]
# block no. 0 follows, 29 sequences, length 48
# corresponding to MSA columns:
# 39-86
name=unknown_A
#
# <colnr> <probs for GDERKNQSTAVLIFYWHMCP>
#	G	D	E	R	K	N	Q	S	T	A	V	L	I	F	Y	W	H	M	C	P
0	0.10880	0.06279	0.05818	0.04676	0.09567	0.14309	0.06636	0.02416	0.10701	0.06052	0.07137	0.02335	0.06301	0.00853	0.00675	0.00212	0.00799	0.00699	0.00493	0.03162
1	0.03422	0.01424	0.08743	0.01331	0.01739	0.03365	0.06043	0.03806	0.09404	0.10812	0.17058	0.06897	0.09646	0.04940	0.04807	0.00298	0.00698	0.00968	0.00612	0.03987
2	0.05013	0.08767	0.04076	0.05842	0.14391	0.08975	0.01374	0.08023	0.12109	0.05329	0.01695	0.04956	0.01395	0.00781	0.00646	0.00195	0.00750	0.00634	0.00485	0.14564
3	0.05220	0.01700	0.15973	0.26900	0.05553	0.01404	0.01643	0.04653	0.04858	0.02289	0.09845	0.06236	0.01986	0.04325	0.00845	0.00249	0.00788	0.00771	0.00442	0.04320
4	0.01478	0.01065	0.05793	0.05015	0.01579	0.00866	0.00950	0.01832	0.01896	0.15317	0.42740	0.07196	0.04708	0.01242	0.00785	0.00221	0.00480	0.01082	0.00720	0.05034
5	0.04764	0.02106	0.21647	0.05136	0.12339	0.01598	0.14323	0.02022	0.01539	0.02291	0.08981	0.02054	0.01630	0.00811	0.00935	0.00230	0.10657	0.00691	0.00389	0.05857
6	0.01150	0.00953	0.01022	0.01029	0.01201	0.05411	0.00727	0.04338	0.01559	0.02036	0.08357	0.41329	0.11122	0.07587	0.01049	0.00283	0.00509	0.01514	0.00612	0.08212
7	0.01890	0.04973	0.05729	0.01524	0.06473	0.01323	0.04408	0.09769	0.01786	0.11547	0.01521	0.01654	0.01157	0.00634	0.00605	0.00155	0.00661	0.00524	0.00496	0.43170
8	0.01814	0.30963	0.25737	0.01785	0.05239	0.05895	0.06413	0.02280	0.01569	0.06522	0.01393	0.01771	0.01142	0.00723	0.00620	0.00200	0.00905	0.03688	0.00368	0.00974
9	0.01803	0.01832	0.05396	0.06810	0.46107	0.06641	0.01899	0.05775	0.01709	0.02375	0.01326	0.01680	0.01089	0.00644	0.00675	0.00196	0.00842	0.00587	0.00379	0.12234
10	0.01635	0.01374	0.01565	0.01345	0.01711	0.04795	0.05358	0.08170	0.28157	0.05521	0.17348	0.03690	0.13984	0.01156	0.00770	0.00232	0.00581	0.00987	0.00690	0.00931
11	0.01502	0.01266	0.02057	0.52961	0.10340	0.01459	0.01782	0.01940	0.01528	0.06961	0.05913	0.02126	0.01410	0.00756	0.00710	0.00226	0.00851	0.00670	0.00397	0.05146
12	0.02433	0.05919	0.02158	0.02108	0.11070	0.56694	0.01452	0.02653	0.01901	0.01812	0.01167	0.01414	0.00986	0.00939	0.04110	0.00232	0.01236	0.00493	0.00363	0.00859
13	0.02513	0.01655	0.01908	0.03693	0.02087	0.01791	0.01251	0.44889	0.02738	0.16045	0.01923	0.02000	0.01384	0.01494	0.10893	0.00348	0.00917	0.00672	0.00684	0.01116
14	0.01439	0.01337	0.02214	0.63402	0.11640	0.01617	0.01976	0.04345	0.01517	0.01972	0.01290	0.01877	0.00978	0.00709	0.00711	0.00234	0.00932	0.00633	0.00335	0.00842
15	0.01081	0.00746	0.00964	0.00899	0.01086	0.00682	0.00678	0.01405	0.01992	0.05417	0.63619	0.05304	0.10515	0.01455	0.00835	0.00225	0.00348	0.01279	0.00780	0.00688
16	0.00882	0.00631	0.00839	0.00982	0.01036	0.00588	0.00662	0.01028	0.01431	0.01926	0.10824	0.67303	0.04919	0.02150	0.00902	0.00282	0.00405	0.01948	0.00674	0.00588
17	0.00960	0.00726	0.00885	0.00845	0.01034	0.00651	0.00634	0.01251	0.01902	0.02586	0.51931	0.05763	0.25113	0.01556	0.00840	0.00229	0.00343	0.01350	0.00748	0.00651
18	0.00868	0.00620	0.00826	0.00991	0.01033	0.00578	0.00661	0.00991	0.01363	0.01818	0.03925	0.74510	0.04710	0.02231	0.00909	0.00289	0.00413	0.02024	0.00661	0.00578
19	0.80005	0.01377	0.01047	0.00936	0.01377	0.01597	0.00771	0.02093	0.01212	0.03195	0.00991	0.01157	0.00771	0.00661	0.00441	0.00220	0.00551	0.00386	0.00441	0.00771
20	0.74956	0.01366	0.01086	0.00958	0.01406	0.01561	0.00789	0.02184	0.01266	0.07654	0.01111	0.01240	0.00836	0.00675	0.00459	0.00220	0.00554	0.00407	0.00470	0.00800
21	0.01771	0.01530	0.01610	0.01449	0.01852	0.01771	0.01127	0.03784	0.69247	0.02979	0.02898	0.02657	0.02174	0.00966	0.00725	0.00242	0.00564	0.00805	0.00725	0.01127
22	0.80005	0.01377	0.01047	0.00936	0.01377	0.01597	0.00771	0.02093	0.01212	0.03195	0.00991	0.01157	0.00771	0.00661	0.00441	0.00220	0.00551	0.00386	0.00441	0.00771
23	0.01345	0.01266	0.02136	0.73264	0.04904	0.01582	0.01978	0.01819	0.01424	0.01819	0.01266	0.01898	0.00949	0.00712	0.00712	0.00237	0.00949	0.00633	0.00316	0.00791
24	0.01008	0.00728	0.00952	0.00896	0.01064	0.00672	0.00672	0.01344	0.02016	0.02855	0.70158	0.05319	0.06719	0.01456	0.00840	0.00224	0.00336	0.01288	0.00784	0.00672
25	0.80005	0.01377	0.01047	0.00936	0.01377	0.01597	0.00771	0.02093	0.01212	0.03195	0.00991	0.01157	0.00771	0.00661	0.00441	0.00220	0.00551	0.00386	0.00441	0.00771
26	0.76609	0.01370	0.01073	0.00951	0.01397	0.01573	0.00783	0.02154	0.01248	0.06194	0.01072	0.01213	0.00815	0.00671	0.00453	0.00220	0.00553	0.00400	0.00460	0.00791
27	0.02707	0.01995	0.02137	0.01638	0.02208	0.02208	0.01353	0.68159	0.03348	0.04488	0.01710	0.01710	0.01211	0.00855	0.00712	0.00214	0.00784	0.00641	0.00712	0.01211
28	0.01771	0.01530	0.01610	0.01449	0.01852	0.01771	0.01127	0.03784	0.69247	0.02979	0.02898	0.02657	0.02174	0.00966	0.00725	0.00242	0.00564	0.00805	0.00725	0.01127
29	0.03195	0.01212	0.01652	0.01267	0.01818	0.01047	0.01047	0.03470	0.02038	0.71026	0.02809	0.02424	0.01763	0.00881	0.00716	0.00220	0.00606	0.00716	0.00881	0.01212
30	0.01066	0.00883	0.00955	0.00936	0.01176	0.00859	0.00700	0.01653	0.16221	0.02251	0.13531	0.14848	0.39000	0.01638	0.00825	0.00245	0.00408	0.01396	0.00690	0.00720
31	0.03195	0.01212	0.01652	0.01267	0.01818	0.01047	0.01047	0.03470	0.02038	0.71026	0.02809	0.02424	0.01763	0.00881	0.00716	0.00220	0.00606	0.00716	0.00881	0.01212
32	0.00868	0.00620	0.00826	0.00991	0.01033	0.00578	0.00661	0.00991	0.01363	0.01818	0.03925	0.74510	0.04710	0.02231	0.00909	0.00289	0.00413	0.02024	0.00661	0.00578
33	0.02724	0.01967	0.02120	0.01625	0.02194	0.02167	0.01343	0.65863	0.03301	0.06849	0.01749	0.01735	0.01231	0.00856	0.00712	0.00214	0.00777	0.00644	0.00718	0.01211
34	0.02006	0.02006	0.02661	0.03726	0.53852	0.15569	0.01973	0.02375	0.01719	0.05397	0.01360	0.01699	0.01116	0.00666	0.00693	0.00206	0.00921	0.00604	0.00380	0.01072
35	0.00896	0.00631	0.00818	0.00956	0.00990	0.00597	0.00623	0.00999	0.01308	0.01745	0.03643	0.62827	0.04355	0.14398	0.01363	0.00356	0.00459	0.01859	0.00623	0.00554
36	0.01595	0.00954	0.01030	0.04828	0.01320	0.01013	0.00745	0.14547	0.01849	0.02964	0.02146	0.02430	0.01658	0.00828	0.00551	0.00179	0.00453	0.00658	0.59475	0.00777
37	0.01477	0.01266	0.01477	0.01055	0.01687	0.00949	0.00844	0.01793	0.01477	0.02320	0.01266	0.01477	0.01055	0.00527	0.00527	0.00105	0.00527	0.00422	0.00422	0.79328
38	0.01882	0.58989	0.05580	0.01648	0.09560	0.04927	0.01392	0.02145	0.01470	0.01770	0.01039	0.01248	0.00938	0.00649	0.00589	0.00170	0.04332	0.00428	0.00312	0.00933
39	0.00866	0.00625	0.00821	0.00978	0.01029	0.00579	0.00655	0.00993	0.01376	0.01823	0.04084	0.71230	0.07887	0.02210	0.00906	0.00287	0.00411	0.01999	0.00661	0.00579
40	0.01609	0.01695	0.02880	0.32949	0.11895	0.06704	0.23031	0.02076	0.01550	0.02015	0.01297	0.01824	0.01009	0.00703	0.00853	0.00236	0.05763	0.00686	0.00338	0.00887
41	0.00844	0.00711	0.00732	0.00749	0.00969	0.00599	0.00553	0.01019	0.01596	0.01913	0.06874	0.13837	0.63479	0.01848	0.00849	0.00245	0.00366	0.01557	0.00661	0.00599
42	0.01008	0.00758	0.00930	0.00929	0.01086	0.00720	0.00673	0.01378	0.06618	0.02421	0.37751	0.21651	0.14561	0.05061	0.00977	0.00265	0.00390	0.01445	0.00717	0.00662
43	0.00941	0.00716	0.00865	0.00847	0.01028	0.00640	0.00628	0.01206	0.01828	0.02456	0.43531	0.12085	0.27359	0.01640	0.00847	0.00235	0.00351	0.01425	0.00733	0.00640
44	0.47425	0.01307	0.01304	0.01077	0.01564	0.01364	0.00888	0.02677	0.01562	0.31967	0.01763	0.01694	0.01192	0.00754	0.00557	0.00220	0.00574	0.00526	0.00628	0.00958
45	0.76232	0.01407	0.01100	0.00971	0.01418	0.01627	0.00800	0.05318	0.01316	0.03258	0.01027	0.01184	0.00793	0.00670	0.00454	0.00220	0.00562	0.00398	0.00454	0.00793
46	0.01345	0.01266	0.02136	0.73264	0.04904	0.01582	0.01978	0.01819	0.01424	0.01819	0.01266	0.01898	0.00949	0.00712	0.00712	0.00237	0.00949	0.00633	0.00316	0.00791
47	0.02660	0.03394	0.02018	0.01834	0.02201	0.72116	0.01376	0.02843	0.02018	0.01743	0.01101	0.01284	0.00917	0.00734	0.00642	0.00183	0.01284	0.00459	0.00367	0.00825

[dist]
# distance from previous block
# <min> <max>
0	10

[block]
# block no. 1 follows, 29 sequences, length 60
# corresponding to MSA columns:
# 97-156
name=unknown_B
#
# <colnr> <probs for GDERKNQSTAVLIFYWHMCP>
#	G	D	E	R	K	N	Q	S	T	A	V	L	I	F	Y	W	H	M	C	P
0	0.01365	0.01286	0.02172	0.69980	0.08033	0.01587	0.01987	0.01837	0.01433	0.01844	0.01269	0.01892	0.00958	0.00708	0.00712	0.00236	0.00944	0.00633	0.00318	0.00807
1	0.01460	0.11450	0.60311	0.01883	0.02842	0.01733	0.02377	0.02196	0.01523	0.02221	0.04693	0.01654	0.01194	0.00708	0.00660	0.00217	0.00984	0.00548	0.00325	0.01018
2	0.01793	0.01750	0.02861	0.04284	0.68211	0.04085	0.02158	0.02208	0.01635	0.02306	0.01331	0.01746	0.01121	0.00638	0.00703	0.00211	0.00861	0.00628	0.00353	0.01118
3	0.80005	0.01377	0.01047	0.00936	0.01377	0.01597	0.00771	0.02093	0.01212	0.03195	0.00991	0.01157	0.00771	0.00661	0.00441	0.00220	0.00551	0.00386	0.00441	0.00771
4	0.02256	0.09809	0.30780	0.01603	0.02357	0.03658	0.01735	0.02824	0.04511	0.30585	0.01942	0.01887	0.01311	0.00768	0.00672	0.00215	0.00826	0.00599	0.00560	0.01100
5	0.03000	0.06465	0.01895	0.01350	0.01903	0.03587	0.01126	0.15400	0.02241	0.51782	0.02428	0.02168	0.01576	0.00853	0.00695	0.00213	0.00671	0.00671	0.00795	0.01179
6	0.01089	0.00778	0.01081	0.01245	0.01384	0.00770	0.01047	0.01375	0.01582	0.02066	0.03802	0.21804	0.04225	0.02022	0.00968	0.00320	0.00605	0.52541	0.00657	0.00640
7	0.01105	0.00772	0.00996	0.00938	0.01121	0.00726	0.00704	0.01499	0.04905	0.05068	0.60863	0.09411	0.06231	0.01463	0.00835	0.00229	0.00360	0.01293	0.00777	0.00704
8	0.06568	0.03912	0.01827	0.01496	0.05305	0.01479	0.01160	0.14086	0.13367	0.39523	0.02417	0.02205	0.01630	0.00859	0.00694	0.00220	0.00643	0.00687	0.00760	0.01162
9	0.01806	0.01727	0.02421	0.02999	0.35690	0.05254	0.05848	0.02858	0.28462	0.02553	0.01952	0.02103	0.01529	0.00769	0.00718	0.00224	0.00778	0.00706	0.00501	0.01102
10	0.00866	0.00625	0.00821	0.00979	0.01029	0.00579	0.00655	0.00993	0.01376	0.01823	0.04081	0.71285	0.07834	0.02210	0.00906	0.00287	0.00411	0.01999	0.00661	0.00579
11	0.77228	0.01373	0.01085	0.03490	0.01502	0.01597	0.00814	0.02083	0.01219	0.03146	0.01001	0.01183	0.00777	0.00663	0.00450	0.00221	0.00565	0.00394	0.00436	0.00772
12	0.20004	0.02149	0.16358	0.06111	0.27451	0.08434	0.01806	0.02285	0.01550	0.05707	0.01289	0.01560	0.01000	0.00674	0.00632	0.00215	0.00856	0.00541	0.00387	0.00988
13	0.02615	0.03309	0.02062	0.01961	0.05621	0.68592	0.01416	0.02810	0.01998	0.01772	0.01113	0.01308	0.00928	0.00729	0.00645	0.00185	0.01262	0.00467	0.00366	0.00841
14	0.02809	0.01831	0.02036	0.01561	0.02126	0.01965	0.01289	0.54612	0.03074	0.18422	0.01940	0.01859	0.01326	0.00860	0.00713	0.00215	0.00746	0.00657	0.00748	0.01211
15	0.06490	0.07800	0.54688	0.05436	0.02954	0.01701	0.04093	0.02263	0.01503	0.04890	0.01304	0.01525	0.00935	0.00679	0.00655	0.00221	0.00984	0.00529	0.00334	0.01017
16	0.01036	0.00690	0.00777	0.00777	0.00777	0.00690	0.00431	0.01036	0.01036	0.01381	0.02244	0.04660	0.02589	0.74975	0.03624	0.00690	0.00690	0.01036	0.00431	0.00431
17	0.02761	0.01157	0.01524	0.01200	0.01677	0.01038	0.00979	0.06720	0.02073	0.53924	0.11414	0.02773	0.02376	0.00951	0.00717	0.00217	0.00563	0.00782	0.06050	0.01106
18	0.01505	0.02739	0.38779	0.12378	0.05707	0.01690	0.22602	0.02200	0.01551	0.02204	0.01328	0.01695	0.00971	0.00657	0.00733	0.00231	0.01077	0.00641	0.00323	0.00990
19	0.01003	0.00724	0.00926	0.00877	0.01033	0.00671	0.00644	0.01301	0.01908	0.02678	0.61124	0.05325	0.09104	0.08281	0.01098	0.00268	0.00370	0.01274	0.00746	0.00647
20	0.02231	0.44261	0.02990	0.01485	0.01989	0.32787	0.01286	0.02440	0.01694	0.01704	0.01038	0.01204	0.00915	0.00663	0.00537	0.00166	0.00988	0.00414	0.00332	0.00876
21	0.00850	0.00722	0.00733	0.00730	0.00967	0.00605	0.00547	0.01038	0.01642	0.01970	0.10332	0.06777	0.67097	0.01786	0.00841	0.00240	0.00359	0.01492	0.00667	0.00605
22	0.09155	0.37201	0.08045	0.01453	0.01986	0.25093	0.01327	0.02340	0.01605	0.01879	0.01080	0.01274	0.00931	0.00821	0.02985	0.00208	0.00974	0.00431	0.00340	0.00873
23	0.02174	0.45887	0.03034	0.03583	0.02060	0.29076	0.01301	0.02393	0.01663	0.01705	0.01040	0.01218	0.00916	0.00660	0.00535	0.00167	0.00965	0.00418	0.00329	0.00877
24	0.04880	0.04409	0.06305	0.07884	0.05855	0.01177	0.01155	0.06110	0.01876	0.14619	0.26694	0.03581	0.05293	0.03582	0.00846	0.00240	0.00598	0.03387	0.00641	0.00868
25	0.04534	0.14878	0.14054	0.02757	0.30831	0.13966	0.01848	0.02266	0.01641	0.02153	0.03852	0.01647	0.01220	0.00687	0.00643	0.00200	0.00911	0.00559	0.00358	0.00997
26	0.02519	0.01644	0.01873	0.01513	0.02007	0.01751	0.01261	0.44563	0.02807	0.16171	0.02275	0.02961	0.01824	0.01057	0.00761	0.00235	0.00729	0.12205	0.00733	0.01113
27	0.00868	0.00620	0.00826	0.00991	0.01033	0.00578	0.00661	0.00991	0.01363	0.01818	0.03925	0.74510	0.04710	0.02231	0.00909	0.00289	0.00413	0.02024	0.00661	0.00578
28	0.01433	0.07918	0.60113	0.01936	0.02886	0.01662	0.04514	0.02174	0.01518	0.02225	0.03672	0.04120	0.01234	0.00749	0.00681	0.00224	0.00993	0.00604	0.00331	0.01012
29	0.02562	0.01349	0.01741	0.04284	0.06258	0.01343	0.01192	0.06097	0.20036	0.40649	0.02668	0.02586	0.01858	0.00918	0.00726	0.00229	0.00632	0.02953	0.00770	0.01149
30	0.02950	0.01576	0.01718	0.01363	0.01877	0.10543	0.01105	0.11543	0.02183	0.50090	0.02653	0.02393	0.04845	0.00902	0.00712	0.00216	0.00706	0.00710	0.00781	0.01132
31	0.00868	0.00620	0.00826	0.00991	0.01033	0.00578	0.00661	0.00991	0.01363	0.01818	0.03925	0.74510	0.04710	0.02231	0.00909	0.00289	0.00413	0.02024	0.00661	0.00578
32	0.01939	0.04793	0.08279	0.14219	0.22751	0.06803	0.04513	0.16748	0.08123	0.02701	0.01519	0.01781	0.01168	0.00734	0.00699	0.00217	0.00883	0.00628	0.00454	0.01048
33	0.06867	0.60589	0.07674	0.01284	0.01907	0.02621	0.01289	0.07214	0.01582	0.02024	0.01063	0.01209	0.00927	0.00636	0.00489	0.00166	0.00768	0.00410	0.00344	0.00936
34	0.01305	0.00794	0.01047	0.00946	0.01166	0.00723	0.00723	0.01633	0.02019	0.12117	0.61008	0.04926	0.06045	0.01378	0.00823	0.00223	0.00373	0.01210	0.00797	0.00745
35	0.01904	0.75404	0.03731	0.01218	0.01828	0.02818	0.01218	0.02132	0.01447	0.01675	0.00990	0.01142	0.00914	0.00609	0.00457	0.00152	0.00761	0.00381	0.00305	0.00914
36	0.00869	0.00637	0.00817	0.00953	0.01024	0.00585	0.00646	0.01007	0.01419	0.01866	0.06577	0.63273	0.13417	0.02149	0.00898	0.00281	0.00404	0.01931	0.00665	0.00585
37	0.01008	0.00728	0.00952	0.00896	0.01064	0.00672	0.00672	0.01344	0.02016	0.02855	0.70158	0.05319	0.06719	0.01456	0.00840	0.00224	0.00336	0.01288	0.00784	0.00672
38	0.00996	0.00727	0.00935	0.00883	0.01057	0.00667	0.00663	0.01321	0.01988	0.02789	0.65658	0.05429	0.11260	0.01481	0.00840	0.00225	0.00338	0.01303	0.00775	0.00667
39	0.01605	0.01640	0.02128	0.01838	0.01866	0.06512	0.01519	0.01766	0.01151	0.01713	0.00985	0.01592	0.00968	0.01382	0.05093	0.00338	0.66192	0.00619	0.00318	0.00776
40	0.02572	0.01351	0.01634	0.01347	0.01833	0.01364	0.01082	0.03607	0.31449	0.41248	0.02848	0.02526	0.01943	0.00918	0.00720	0.00230	0.00587	0.00755	0.00813	0.01175
41	0.03195	0.01212	0.01652	0.01267	0.01818	0.01047	0.01047	0.03470	0.02038	0.71026	0.02809	0.02424	0.01763	0.00881	0.00716	0.00220	0.00606	0.00716	0.00881	0.01212
42	0.80005	0.01377	0.01047	0.00936	0.01377	0.01597	0.00771	0.02093	0.01212	0.03195	0.00991	0.01157	0.00771	0.00661	0.00441	0.00220	0.00551	0.00386	0.00441	0.00771
43	0.01477	0.01266	0.01477	0.01055	0.01687	0.00949	0.00844	0.01793	0.01477	0.02320	0.01266	0.01477	0.01055	0.00527	0.00527	0.00105	0.00527	0.00422	0.00422	0.79328
44	0.01036	0.00690	0.00777	0.00777	0.00777	0.00690	0.00431	0.01036	0.01036	0.01381	0.02244	0.04660	0.02589	0.74975	0.03624	0.00690	0.00690	0.01036	0.00431	0.00431
45	0.01681	0.01921	0.04202	0.03001	0.03721	0.01801	0.67947	0.02281	0.01681	0.02281	0.01441	0.01921	0.01080	0.00600	0.00840	0.00240	0.01200	0.00840	0.00360	0.00960
46	0.01655	0.01870	0.04043	0.08404	0.03812	0.01784	0.62875	0.02245	0.01661	0.02245	0.01427	0.01919	0.01070	0.00609	0.00830	0.00240	0.01181	0.00824	0.00357	0.00947
47	0.02788	0.01450	0.01750	0.01387	0.01910	0.01454	0.01131	0.17694	0.16505	0.42107	0.02587	0.02317	0.01729	0.00893	0.00717	0.00223	0.00636	0.00718	0.00811	0.01194
48	0.01460	0.03121	0.53490	0.01965	0.02918	0.01554	0.08652	0.02183	0.01516	0.02268	0.01292	0.01539	0.00944	0.00645	0.00668	0.00207	0.00982	0.00540	0.00326	0.13730
49	0.01870	0.05046	0.02602	0.17458	0.40590	0.13716	0.01937	0.04441	0.01700	0.02171	0.01282	0.01680	0.01050	0.00673	0.00685	0.00209	0.00935	0.00594	0.00358	0.01003
50	0.01327	0.00664	0.00664	0.00664	0.00830	0.00664	0.00498	0.01659	0.01493	0.02655	0.02323	0.02655	0.01825	0.00830	0.00498	0.00166	0.00332	0.00664	0.78928	0.00664
51	0.01985	0.01749	0.01929	0.04927	0.11122	0.06859	0.01344	0.16593	0.33259	0.03012	0.02110	0.02112	0.01600	0.00835	0.00696	0.00216	0.00712	0.00684	0.00604	0.07652
52	0.01008	0.00728	0.00952	0.00896	0.01064	0.00672	0.00672	0.01344	0.02016	0.02855	0.70158	0.05319	0.06719	0.01456	0.00840	0.00224	0.00336	0.01288	0.00784	0.00672
53	0.00868	0.00620	0.00826	0.00991	0.01033	0.00578	0.00661	0.00991	0.01363	0.01818	0.03925	0.74510	0.04710	0.02231	0.00909	0.00289	0.00413	0.02024	0.00661	0.00578
54	0.01428	0.03683	0.71286	0.02030	0.03082	0.01654	0.02631	0.02255	0.01503	0.02255	0.01278	0.01503	0.00902	0.00677	0.00677	0.00226	0.01052	0.00526	0.00301	0.01052
55	0.03164	0.01261	0.01683	0.01290	0.01842	0.01119	0.01066	0.07526	0.02120	0.66855	0.02740	0.02379	0.01728	0.00880	0.00716	0.00220	0.00617	0.00711	0.00871	0.01212
56	0.03171	0.01251	0.01676	0.01285	0.01837	0.01104	0.01062	0.06676	0.02103	0.67729	0.02755	0.02388	0.01735	0.00880	0.00716	0.00220	0.00615	0.00712	0.00873	0.01212
57	0.00843	0.00715	0.00728	0.00739	0.00966	0.00600	0.00549	0.01020	0.01606	0.01917	0.06999	0.11272	0.65964	0.01831	0.00846	0.00244	0.00364	0.01537	0.00661	0.00600
58	0.09004	0.02208	0.12795	0.15283	0.14037	0.14979	0.11999	0.02353	0.01645	0.07117	0.01361	0.01674	0.01028	0.00688	0.00688	0.00219	0.00989	0.00600	0.00388	0.00946
59	0.01887	0.01633	0.01637	0.01465	0.01872	0.06150	0.01139	0.03711	0.62170	0.05799	0.02782	0.02561	0.02077	0.00948	0.00719	0.00237	0.00611	0.00780	0.00709	0.01112

[dist]
# distance from previous block
# <min> <max>
0	11

[block]
# block no. 2 follows, 29 sequences, length 44
# corresponding to MSA columns:
# 168-211
name=unknown_C
#
# <colnr> <probs for GDERKNQSTAVLIFYWHMCP>
#	G	D	E	R	K	N	Q	S	T	A	V	L	I	F	Y	W	H	M	C	P
0	0.01753	0.01719	0.03045	0.04209	0.62653	0.01705	0.09941	0.02197	0.01628	0.02321	0.01351	0.01781	0.01122	0.00630	0.00721	0.00215	0.00888	0.00659	0.00353	0.01108
1	0.01771	0.01530	0.01610	0.01449	0.01852	0.01771	0.01127	0.03784	0.69247	0.02979	0.02898	0.02657	0.02174	0.00966	0.00725	0.00242	0.00564	0.00805	0.00725	0.01127
2	0.03195	0.01212	0.01652	0.01267	0.01818	0.01047	0.01047	0.03470	0.02038	0.71026	0.02809	0.02424	0.01763	0.00881	0.00716	0.00220	0.00606	0.00716	0.00881	0.01212
3	0.01017	0.00763	0.01144	0.01144	0.01272	0.00890	0.00890	0.01272	0.01144	0.01653	0.01907	0.02797	0.01780	0.05340	0.72153	0.01144	0.01907	0.00763	0.00381	0.00636
4	0.00914	0.00688	0.00849	0.00900	0.01039	0.00622	0.00649	0.01128	0.01649	0.02185	0.25744	0.32179	0.22934	0.01862	0.00872	0.00257	0.00383	0.03832	0.00700	0.00617
5	0.01904	0.75404	0.03731	0.01218	0.01828	0.02818	0.01218	0.02132	0.01447	0.01675	0.00990	0.01142	0.00914	0.00609	0.00457	0.00152	0.00761	0.00381	0.00305	0.00914
6	0.00992	0.00727	0.00930	0.00879	0.01054	0.00665	0.00659	0.01313	0.01978	0.02767	0.64180	0.05465	0.12751	0.01489	0.00840	0.00226	0.00338	0.01308	0.00772	0.00665
7	0.01327	0.00664	0.00664	0.00664	0.00830	0.00664	0.00498	0.01659	0.01493	0.02655	0.02323	0.02655	0.01825	0.00830	0.00498	0.00166	0.00332	0.00664	0.78928	0.00664
8	0.01904	0.75404	0.03731	0.01218	0.01828	0.02818	0.01218	0.02132	0.01447	0.01675	0.00990	0.01142	0.00914	0.00609	0.00457	0.00152	0.00761	0.00381	0.00305	0.00914
9	0.01904	0.75404	0.03731	0.01218	0.01828	0.02818	0.01218	0.02132	0.01447	0.01675	0.00990	0.01142	0.00914	0.00609	0.00457	0.00152	0.00761	0.00381	0.00305	0.00914
10	0.01797	0.01495	0.01596	0.01438	0.01838	0.01715	0.01125	0.03695	0.64720	0.05199	0.02925	0.02832	0.02226	0.00997	0.00733	0.00244	0.00568	0.03016	0.00727	0.01114
11	0.02181	0.04431	0.01925	0.04596	0.04686	0.04388	0.01261	0.30690	0.14806	0.07658	0.02096	0.02161	0.03498	0.01167	0.05190	0.00276	0.03114	0.00693	0.04124	0.01057
12	0.01017	0.00763	0.01144	0.01144	0.01272	0.00890	0.00890	0.01272	0.01144	0.01653	0.01907	0.02797	0.01780	0.05340	0.72153	0.01144	0.01907	0.00763	0.00381	0.00636
13	0.03092	0.01377	0.01755	0.01345	0.01900	0.01291	0.01111	0.17108	0.02314	0.56999	0.02577	0.02273	0.01646	0.00876	0.00715	0.00219	0.00643	0.00700	0.00846	0.01212
14	0.01189	0.00890	0.01234	0.05814	0.01468	0.00920	0.05322	0.01521	0.09511	0.01856	0.05306	0.19029	0.02765	0.24759	0.01944	0.10427	0.00627	0.01128	0.03678	0.00612
15	0.01340	0.01253	0.02106	0.67378	0.07265	0.01541	0.01927	0.01797	0.01429	0.01839	0.01387	0.05135	0.01124	0.00777	0.00720	0.00239	0.00921	0.00695	0.00333	0.00795
16	0.03195	0.01212	0.01652	0.01267	0.01818	0.01047	0.01047	0.03470	0.02038	0.71026	0.02809	0.02424	0.01763	0.00881	0.00716	0.00220	0.00606	0.00716	0.00881	0.01212
17	0.01762	0.01692	0.02890	0.04371	0.70533	0.01692	0.02185	0.02185	0.01621	0.02326	0.01339	0.01762	0.01128	0.00634	0.00705	0.00211	0.00846	0.00634	0.00352	0.01128
18	0.02737	0.01946	0.02107	0.01615	0.02184	0.02136	0.01334	0.64137	0.03266	0.08625	0.01778	0.01754	0.01245	0.00856	0.00713	0.00214	0.00773	0.00646	0.00723	0.01211
19	0.00978	0.00686	0.00885	0.00938	0.00983	0.00705	0.00620	0.01081	0.01167	0.01588	0.02693	0.26389	0.03059	0.34309	0.20031	0.00677	0.00909	0.01281	0.00492	0.00530
20	0.01600	0.01748	0.07998	0.02386	0.21412	0.11330	0.05235	0.01980	0.01646	0.02149	0.02220	0.06369	0.02196	0.01168	0.00838	0.00252	0.02973	0.21869	0.03765	0.00866
21	0.02310	0.24818	0.08352	0.01832	0.09452	0.19534	0.01470	0.09969	0.01911	0.11931	0.01417	0.01519	0.01090	0.00715	0.00613	0.00189	0.00905	0.00516	0.00452	0.01002
22	0.01459	0.04943	0.16370	0.33789	0.19991	0.01611	0.02044	0.01966	0.01504	0.02039	0.01596	0.02156	0.03860	0.00767	0.00707	0.00228	0.00904	0.02801	0.00347	0.00919
23	0.03195	0.01212	0.01652	0.01267	0.01818	0.01047	0.01047	0.03470	0.02038	0.71026	0.02809	0.02424	0.01763	0.00881	0.00716	0.00220	0.00606	0.00716	0.00881	0.01212
24	0.01014	0.00705	0.00887	0.00933	0.01079	0.00639	0.00675	0.01221	0.01632	0.05215	0.21907	0.35660	0.19354	0.01864	0.00871	0.00260	0.00400	0.04340	0.00703	0.00639
25	0.02660	0.11606	0.15569	0.01423	0.02080	0.01443	0.01390	0.05379	0.01902	0.45944	0.02228	0.02047	0.01461	0.00804	0.00674	0.00212	0.00720	0.00632	0.00685	0.01141
26	0.03164	0.01260	0.01683	0.01290	0.01842	0.01119	0.01066	0.07493	0.02120	0.66889	0.02741	0.02379	0.01728	0.00880	0.00716	0.00220	0.00617	0.00711	0.00871	0.01212
27	0.02562	0.03208	0.02113	0.02112	0.09671	0.64418	0.01464	0.02771	0.01975	0.01807	0.01127	0.01336	0.00940	0.00723	0.00649	0.00187	0.01236	0.00478	0.00365	0.00859
28	0.00899	0.00724	0.00801	0.00782	0.00997	0.00626	0.00586	0.01133	0.01759	0.02246	0.29012	0.06322	0.48245	0.01683	0.00841	0.00235	0.00352	0.01428	0.00704	0.00626
29	0.01576	0.01325	0.01530	0.01102	0.01730	0.01051	0.00885	0.07184	0.01629	0.02496	0.01302	0.01495	0.01067	0.00554	0.00542	0.00114	0.00548	0.00440	0.00445	0.72983
30	0.03195	0.01212	0.01652	0.01267	0.01818	0.01047	0.01047	0.03470	0.02038	0.71026	0.02809	0.02424	0.01763	0.00881	0.00716	0.00220	0.00606	0.00716	0.00881	0.01212
31	0.00844	0.00711	0.00732	0.00748	0.00969	0.00599	0.00553	0.01019	0.01598	0.01913	0.06893	0.13450	0.63855	0.01845	0.00848	0.00245	0.00366	0.01554	0.00661	0.00599
32	0.01734	0.01497	0.01575	0.01420	0.01816	0.01724	0.01104	0.03673	0.66539	0.02936	0.03071	0.02825	0.04899	0.01000	0.00729	0.00241	0.00555	0.00833	0.00722	0.01106
33	0.01771	0.01530	0.01610	0.01449	0.01852	0.01771	0.01127	0.03784	0.69247	0.02979	0.02898	0.02657	0.02174	0.00966	0.00725	0.00242	0.00564	0.00805	0.00725	0.01127
34	0.44864	0.01324	0.01320	0.01100	0.01580	0.01396	0.00902	0.02743	0.06213	0.29459	0.01827	0.01751	0.01252	0.00767	0.00567	0.00222	0.00573	0.00542	0.00631	0.00966
35	0.80005	0.01377	0.01047	0.00936	0.01377	0.01597	0.00771	0.02093	0.01212	0.03195	0.00991	0.01157	0.00771	0.00661	0.00441	0.00220	0.00551	0.00386	0.00441	0.00771
36	0.00842	0.00721	0.00721	0.00721	0.00962	0.00601	0.00541	0.01022	0.01623	0.01924	0.07213	0.06853	0.70244	0.01803	0.00842	0.00240	0.00361	0.01503	0.00661	0.00601
37	0.01017	0.00763	0.01144	0.01144	0.01272	0.00890	0.00890	0.01272	0.01144	0.01653	0.01907	0.02797	0.01780	0.05340	0.72153	0.01144	0.01907	0.00763	0.00381	0.00636
38	0.01477	0.01266	0.01477	0.01055	0.01687	0.00949	0.00844	0.01793	0.01477	0.02320	0.01266	0.01477	0.01055	0.00527	0.00527	0.00105	0.00527	0.00422	0.00422	0.79328
39	0.80005	0.01377	0.01047	0.00936	0.01377	0.01597	0.00771	0.02093	0.01212	0.03195	0.00991	0.01157	0.00771	0.00661	0.00441	0.00220	0.00551	0.00386	0.00441	0.00771
40	0.01001	0.00723	0.00946	0.00900	0.01062	0.00667	0.00671	0.01327	0.01985	0.02807	0.67036	0.08580	0.06624	0.01492	0.00843	0.00227	0.00340	0.01322	0.00778	0.00667
41	0.02707	0.01995	0.02137	0.01638	0.02208	0.02208	0.01353	0.68159	0.03348	0.04488	0.01710	0.01710	0.01211	0.00855	0.00712	0.00214	0.00784	0.00641	0.00712	0.01211
42	0.02662	0.03337	0.02023	0.01827	0.02202	0.69291	0.01375	0.05484	0.02072	0.01854	0.01125	0.01301	0.00929	0.00739	0.00645	0.00185	0.01264	0.00466	0.00381	0.00841
43	0.03759	0.00744	0.00940	0.00898	0.01070	0.00696	0.00671	0.01338	0.01935	0.02774	0.61679	0.09523	0.08342	0.01487	0.00830	0.00228	0.00349	0.01309	0.00760	0.00667

[dist]
# distance from previous block
# <min> <max>
0	1

[block]
# block no. 3 follows, 29 sequences, length 9
# corresponding to MSA columns:
# 213-221
name=unknown_D
#
# <colnr> <probs for GDERKNQSTAVLIFYWHMCP>
#	G	D	E	R	K	N	Q	S	T	A	V	L	I	F	Y	W	H	M	C	P
0	0.01131	0.00801	0.01105	0.01248	0.01408	0.00793	0.01075	0.01412	0.01598	0.02066	0.03868	0.07616	0.08576	0.01984	0.01076	0.04807	0.00633	0.57535	0.00636	0.00632
1	0.03195	0.01212	0.01652	0.01267	0.01818	0.01047	0.01047	0.03470	0.02038	0.71026	0.02809	0.02424	0.01763	0.00881	0.00716	0.00220	0.00606	0.00716	0.00881	0.01212
2	0.03150	0.01284	0.01697	0.01301	0.01854	0.01153	0.01075	0.09409	0.02158	0.64918	0.02708	0.02358	0.01712	0.00879	0.00716	0.00220	0.00622	0.00709	0.00866	0.01212
3	0.01428	0.03683	0.71286	0.02030	0.03082	0.01654	0.02631	0.02255	0.01503	0.02255	0.01278	0.01503	0.00902	0.00677	0.00677	0.00226	0.01052	0.00526	0.00301	0.01052
4	0.00930	0.00665	0.00898	0.01063	0.01132	0.00633	0.00770	0.01100	0.01425	0.01888	0.03890	0.59569	0.04572	0.02172	0.00926	0.00298	0.00468	0.16345	0.00660	0.00596
5	0.01008	0.00728	0.00952	0.00896	0.01064	0.00672	0.00672	0.01344	0.02016	0.02855	0.70158	0.05319	0.06719	0.01456	0.00840	0.00224	0.00336	0.01288	0.00784	0.00672
6	0.01754	0.01313	0.02027	0.51034	0.03970	0.01551	0.01728	0.05012	0.05067	0.14002	0.01622	0.02006	0.01164	0.00783	0.00782	0.00237	0.03943	0.00656	0.00452	0.00899
7	0.02578	0.01139	0.01495	0.01213	0.01662	0.01040	0.00976	0.03041	0.09138	0.49447	0.13814	0.06334	0.02751	0.01048	0.00746	0.00226	0.00548	0.00880	0.00838	0.01085
8	0.02876	0.01192	0.01587	0.01239	0.01740	0.01063	0.01014	0.06859	0.02109	0.58174	0.11713	0.02769	0.02391	0.00956	0.00732	0.00220	0.00580	0.00788	0.00859	0.01140

[dist]
# distance from previous block
# <min> <max>
0	1

[block]
# block no. 4 follows, 29 sequences, length 11
# corresponding to MSA columns:
# 223-233
name=unknown_E
#
# <colnr> <probs for GDERKNQSTAVLIFYWHMCP>
#	G	D	E	R	K	N	Q	S	T	A	V	L	I	F	Y	W	H	M	C	P
0	0.02222	0.09157	0.02014	0.01483	0.01934	0.07631	0.01216	0.39840	0.04754	0.03424	0.04820	0.10418	0.01983	0.01071	0.00725	0.00222	0.00747	0.04682	0.00637	0.01020
1	0.01506	0.03665	0.66903	0.02017	0.03026	0.06112	0.02551	0.02292	0.01536	0.02223	0.01267	0.01489	0.00903	0.00680	0.00674	0.00223	0.01067	0.00522	0.00305	0.01038
2	0.10043	0.12199	0.02216	0.01522	0.02058	0.08820	0.01270	0.43447	0.05823	0.03644	0.01538	0.01581	0.01144	0.00796	0.00645	0.00204	0.00795	0.00571	0.00598	0.01087
3	0.01751	0.02092	0.12998	0.07134	0.50209	0.06505	0.04603	0.02227	0.01624	0.02250	0.01314	0.01704	0.01070	0.00650	0.00702	0.00214	0.00925	0.00614	0.00344	0.01074
4	0.65695	0.11353	0.01435	0.00999	0.01461	0.01770	0.00849	0.02180	0.04542	0.02980	0.01084	0.01228	0.00858	0.00669	0.00457	0.00212	0.00580	0.00405	0.00436	0.00808
5	0.01637	0.02860	0.39460	0.02965	0.30331	0.05883	0.02375	0.02262	0.01582	0.02253	0.01292	0.01595	0.00994	0.00663	0.00686	0.00217	0.00983	0.00566	0.00326	0.01069
6	0.01383	0.01166	0.01376	0.01045	0.01586	0.00892	0.00816	0.01669	0.01459	0.02243	0.01676	0.12756	0.01619	0.00790	0.00586	0.00134	0.00510	0.00669	0.00459	0.67166
7	0.01452	0.03517	0.64973	0.02121	0.03142	0.01668	0.08777	0.02257	0.01520	0.02257	0.01293	0.01543	0.00919	0.00669	0.00692	0.00227	0.01066	0.00556	0.00306	0.01044
8	0.01414	0.01337	0.02262	0.61764	0.15859	0.01600	0.02012	0.01880	0.01457	0.01904	0.01278	0.01876	0.00979	0.00699	0.00711	0.00233	0.00932	0.00633	0.00322	0.00847
9	0.00868	0.00620	0.00826	0.00991	0.01033	0.00578	0.00661	0.00991	0.01363	0.01818	0.03925	0.74510	0.04710	0.02231	0.00909	0.00289	0.00413	0.02024	0.00661	0.00578
10	0.01345	0.01266	0.02136	0.73264	0.04904	0.01582	0.01978	0.01819	0.01424	0.01819	0.01266	0.01898	0.00949	0.00712	0.00712	0.00237	0.00949	0.00633	0.00316	0.00791

[dist]
# distance from previous block
# <min> <max>
0	4

[block]
# block no. 5 follows, 29 sequences, length 61
# corresponding to MSA columns:
# 238-298
name=unknown_F
#
# <colnr> <probs for GDERKNQSTAVLIFYWHMCP>
#	G	D	E	R	K	N	Q	S	T	A	V	L	I	F	Y	W	H	M	C	P
0	0.01036	0.00690	0.00777	0.00777	0.00777	0.00690	0.00431	0.01036	0.01036	0.01381	0.02244	0.04660	0.02589	0.74975	0.03624	0.00690	0.00690	0.01036	0.00431	0.00431
1	0.01589	0.01199	0.01500	0.01322	0.01574	0.01376	0.01049	0.22554	0.01835	0.02541	0.01806	0.02495	0.01599	0.08164	0.40689	0.00768	0.05906	0.00733	0.00486	0.00814
2	0.01017	0.00763	0.01144	0.01144	0.01272	0.00890	0.00890	0.01272	0.01144	0.01653	0.01907	0.02797	0.01780	0.05340	0.72153	0.01144	0.01907	0.00763	0.00381	0.00636
3	0.01017	0.00763	0.01144	0.01144	0.01272	0.00890	0.00890	0.01272	0.01144	0.01653	0.01907	0.02797	0.01780	0.05340	0.72153	0.01144	0.01907	0.00763	0.00381	0.00636
4	0.01771	0.01530	0.01610	0.01449	0.01852	0.01771	0.01127	0.03784	0.69247	0.02979	0.02898	0.02657	0.02174	0.00966	0.00725	0.00242	0.00564	0.00805	0.00725	0.01127
5	0.03195	0.01212	0.01652	0.01267	0.01818	0.01047	0.01047	0.03470	0.02038	0.71026	0.02809	0.02424	0.01763	0.00881	0.00716	0.00220	0.00606	0.00716	0.00881	0.01212
6	0.80005	0.01377	0.01047	0.00936	0.01377	0.01597	0.00771	0.02093	0.01212	0.03195	0.00991	0.01157	0.00771	0.00661	0.00441	0.00220	0.00551	0.00386	0.00441	0.00771
7	0.01919	0.01603	0.01694	0.01479	0.01908	0.01840	0.01163	0.13981	0.58808	0.03218	0.02710	0.02507	0.02021	0.00948	0.00723	0.00237	0.00598	0.00779	0.00723	0.01140
8	0.80005	0.01377	0.01047	0.00936	0.01377	0.01597	0.00771	0.02093	0.01212	0.03195	0.00991	0.01157	0.00771	0.00661	0.00441	0.00220	0.00551	0.00386	0.00441	0.00771
9	0.80005	0.01377	0.01047	0.00936	0.01377	0.01597	0.00771	0.02093	0.01212	0.03195	0.00991	0.01157	0.00771	0.00661	0.00441	0.00220	0.00551	0.00386	0.00441	0.00771
10	0.03195	0.01212	0.01652	0.01267	0.01818	0.01047	0.01047	0.03470	0.02038	0.71026	0.02809	0.02424	0.01763	0.00881	0.00716	0.00220	0.00606	0.00716	0.00881	0.01212
11	0.80005	0.01377	0.01047	0.00936	0.01377	0.01597	0.00771	0.02093	0.01212	0.03195	0.00991	0.01157	0.00771	0.00661	0.00441	0.00220	0.00551	0.00386	0.00441	0.00771
12	0.01477	0.01266	0.01477	0.01055	0.01687	0.00949	0.00844	0.01793	0.01477	0.02320	0.01266	0.01477	0.01055	0.00527	0.00527	0.00105	0.00527	0.00422	0.00422	0.79328
13	0.01771	0.01530	0.01610	0.01449	0.01852	0.01771	0.01127	0.03784	0.69247	0.02979	0.02898	0.02657	0.02174	0.00966	0.00725	0.00242	0.00564	0.00805	0.00725	0.01127
14	0.00842	0.00721	0.00721	0.00721	0.00962	0.00601	0.00541	0.01022	0.01623	0.01924	0.07213	0.06853	0.70244	0.01803	0.00842	0.00240	0.00361	0.01503	0.00661	0.00601
15	0.00868	0.00620	0.00826	0.00991	0.01033	0.00578	0.00661	0.00991	0.01363	0.01818	0.03925	0.74510	0.04710	0.02231	0.00909	0.00289	0.00413	0.02024	0.00661	0.00578
16	0.03099	0.01282	0.01686	0.01302	0.01847	0.01161	0.01072	0.08169	0.04986	0.63319	0.02733	0.02382	0.01740	0.00883	0.00716	0.00221	0.00617	0.00714	0.00862	0.01208
17	0.01771	0.01530	0.01610	0.01449	0.01852	0.01771	0.01127	0.03784	0.69247	0.02979	0.02898	0.02657	0.02174	0.00966	0.00725	0.00242	0.00564	0.00805	0.00725	0.01127
18	0.02707	0.01995	0.02137	0.01638	0.02208	0.02208	0.01353	0.68159	0.03348	0.04488	0.01710	0.01710	0.01211	0.00855	0.00712	0.00214	0.00784	0.00641	0.00712	0.01211
19	0.01036	0.00690	0.00777	0.00777	0.00777	0.00690	0.00431	0.01036	0.01036	0.01381	0.02244	0.04660	0.02589	0.74975	0.03624	0.00690	0.00690	0.01036	0.00431	0.00431
20	0.00868	0.00620	0.00826	0.00991	0.01033	0.00578	0.00661	0.00991	0.01363	0.01818	0.03925	0.74510	0.04710	0.02231	0.00909	0.00289	0.00413	0.02024	0.00661	0.00578
21	0.00868	0.00620	0.00826	0.00991	0.01033	0.00578	0.00661	0.00991	0.01363	0.01818	0.03925	0.74510	0.04710	0.02231	0.00909	0.00289	0.00413	0.02024	0.00661	0.00578
22	0.00868	0.00620	0.00826	0.00991	0.01033	0.00578	0.00661	0.00991	0.01363	0.01818	0.03925	0.74510	0.04710	0.02231	0.00909	0.00289	0.00413	0.02024	0.00661	0.00578
23	0.80005	0.01377	0.01047	0.00936	0.01377	0.01597	0.00771	0.02093	0.01212	0.03195	0.00991	0.01157	0.00771	0.00661	0.00441	0.00220	0.00551	0.00386	0.00441	0.00771
24	0.01428	0.03683	0.71286	0.02030	0.03082	0.01654	0.02631	0.02255	0.01503	0.02255	0.01278	0.01503	0.00902	0.00677	0.00677	0.00226	0.01052	0.00526	0.00301	0.01052
25	0.01490	0.13052	0.62462	0.01924	0.02918	0.01806	0.02446	0.02239	0.01496	0.02179	0.01240	0.01456	0.00904	0.00668	0.00648	0.00216	0.01014	0.00507	0.00301	0.01034
26	0.01008	0.00728	0.00952	0.00896	0.01064	0.00672	0.00672	0.01344	0.02016	0.02855	0.70158	0.05319	0.06719	0.01456	0.00840	0.00224	0.00336	0.01288	0.00784	0.00672
27	0.01156	0.00849	0.01025	0.00953	0.01177	0.00818	0.00723	0.01686	0.10819	0.05064	0.48619	0.05120	0.16395	0.01429	0.00821	0.00229	0.00379	0.01240	0.00759	0.00739
28	0.03195	0.01212	0.01652	0.01267	0.01818	0.01047	0.01047	0.03470	0.02038	0.71026	0.02809	0.02424	0.01763	0.00881	0.00716	0.00220	0.00606	0.00716	0.00881	0.01212
29	0.01019	0.00756	0.01108	0.01108	0.01223	0.00870	0.00845	0.01248	0.01134	0.01626	0.01941	0.02982	0.01860	0.12232	0.65372	0.01099	0.01787	0.00790	0.00386	0.00616
30	0.02439	0.02888	0.02201	0.04943	0.15679	0.51038	0.01555	0.07066	0.02008	0.02044	0.01194	0.01429	0.00979	0.00722	0.00662	0.00193	0.01152	0.00512	0.00385	0.00909
31	0.01718	0.01698	0.03049	0.09292	0.54681	0.01702	0.12948	0.02174	0.01616	0.02281	0.01350	0.01798	0.01107	0.00635	0.00728	0.00218	0.00912	0.00668	0.00351	0.01075
32	0.80005	0.01377	0.01047	0.00936	0.01377	0.01597	0.00771	0.02093	0.01212	0.03195	0.00991	0.01157	0.00771	0.00661	0.00441	0.00220	0.00551	0.00386	0.00441	0.00771
33	0.01463	0.03457	0.63010	0.02213	0.06330	0.01667	0.07508	0.02254	0.01522	0.02260	0.01293	0.01547	0.00926	0.00669	0.00690	0.00226	0.01054	0.00555	0.00308	0.01049
34	0.01682	0.01783	0.08080	0.09492	0.57769	0.01650	0.02168	0.02138	0.01597	0.02274	0.01412	0.01969	0.01199	0.00690	0.00713	0.00219	0.00864	0.02866	0.00356	0.01079
35	0.00882	0.00716	0.00782	0.00780	0.00990	0.00616	0.00579	0.01094	0.01697	0.02132	0.21543	0.10968	0.51234	0.01751	0.00846	0.00240	0.00358	0.01488	0.00690	0.00616
36	0.01714	0.01746	0.06022	0.09544	0.59251	0.01685	0.02145	0.02228	0.04484	0.02311	0.01397	0.01799	0.01148	0.00657	0.00705	0.00215	0.00852	0.00636	0.00363	0.01098
37	0.00890	0.00635	0.00851	0.01017	0.01068	0.00597	0.00699	0.01029	0.01385	0.01842	0.03913	0.69291	0.04662	0.02210	0.00915	0.00292	0.00432	0.07027	0.00661	0.00584
38	0.01665	0.01676	0.05533	0.17834	0.47901	0.01676	0.02061	0.02268	0.08045	0.02284	0.01471	0.01864	0.01182	0.00684	0.00707	0.00220	0.00848	0.00646	0.00379	0.01057
39	0.01477	0.01266	0.01477	0.01055	0.01687	0.00949	0.00844	0.01793	0.01477	0.02320	0.01266	0.01477	0.01055	0.00527	0.00527	0.00105	0.00527	0.00422	0.00422	0.79328
40	0.01019	0.00755	0.01105	0.01105	0.01219	0.00869	0.00841	0.01246	0.01133	0.01624	0.01943	0.02996	0.01867	0.12783	0.64829	0.01096	0.01777	0.00792	0.00387	0.00614
41	0.02592	0.01938	0.02072	0.01615	0.02165	0.02155	0.01326	0.60277	0.11417	0.04303	0.01855	0.01826	0.01329	0.00868	0.00714	0.00217	0.00757	0.00661	0.00714	0.01201
42	0.73975	0.01364	0.01094	0.00962	0.01412	0.01554	0.00793	0.02201	0.01277	0.08520	0.01134	0.01256	0.00849	0.00678	0.00462	0.00220	0.00555	0.00412	0.00475	0.00806
43	0.04075	0.00881	0.01226	0.01443	0.04748	0.00890	0.01183	0.01532	0.01623	0.02179	0.03553	0.07482	0.03835	0.01856	0.00950	0.00318	0.00661	0.60249	0.00633	0.00682
44	0.00884	0.00647	0.00835	0.00979	0.01055	0.00598	0.00680	0.01029	0.01416	0.01853	0.04341	0.61069	0.13169	0.02157	0.00905	0.00286	0.00423	0.06427	0.00661	0.00587
45	0.02457	0.02721	0.02078	0.02017	0.09369	0.43059	0.01425	0.14481	0.11029	0.02453	0.01470	0.01590	0.01156	0.00775	0.00672	0.00199	0.01055	0.00555	0.00474	0.00965
46	0.00901	0.00724	0.00804	0.00784	0.00998	0.00626	0.00588	0.01137	0.01763	0.02256	0.29665	0.06306	0.47586	0.01679	0.00841	0.00235	0.00352	0.01426	0.00705	0.00626
47	0.01904	0.75404	0.03731	0.01218	0.01828	0.02818	0.01218	0.02132	0.01447	0.01675	0.00990	0.01142	0.00914	0.00609	0.00457	0.00152	0.00761	0.00381	0.00305	0.00914
48	0.01036	0.00690	0.00777	0.00777	0.00777	0.00690	0.00431	0.01036	0.01036	0.01381	0.02244	0.04660	0.02589	0.74975	0.03624	0.00690	0.00690	0.01036	0.00431	0.00431
49	0.80005	0.01377	0.01047	0.00936	0.01377	0.01597	0.00771	0.02093	0.01212	0.03195	0.00991	0.01157	0.00771	0.00661	0.00441	0.00220	0.00551	0.00386	0.00441	0.00771
50	0.01651	0.01579	0.02509	0.05816	0.54500	0.04088	0.01923	0.02032	0.01614	0.02229	0.01864	0.07210	0.03964	0.00874	0.00739	0.00225	0.00807	0.04954	0.00403	0.01021
51	0.80005	0.01377	0.01047	0.00936	0.01377	0.01597	0.00771	0.02093	0.01212	0.03195	0.00991	0.01157	0.00771	0.00661	0.00441	0.00220	0.00551	0.00386	0.00441	0.00771
52	0.00842	0.00721	0.00721	0.00721	0.00962	0.00601	0.00541	0.01022	0.01623	0.01924	0.07213	0.06853	0.70244	0.01803	0.00842	0.00240	0.00361	0.01503	0.00661	0.00601
53	0.61801	0.01351	0.01299	0.17675	0.02193	0.01594	0.01050	0.02030	0.01261	0.02876	0.01055	0.01328	0.00812	0.00673	0.00503	0.00224	0.00643	0.00443	0.00412	0.00776
54	0.01728	0.01657	0.02829	0.09973	0.65196	0.01683	0.02168	0.02156	0.01605	0.02285	0.01333	0.01773	0.01113	0.00641	0.00706	0.00214	0.00854	0.00634	0.00350	0.01101
55	0.01493	0.01417	0.02404	0.48763	0.28244	0.01621	0.02051	0.01949	0.01494	0.02000	0.01292	0.01850	0.01013	0.00684	0.00709	0.00228	0.00912	0.00633	0.00329	0.00911
56	0.01933	0.72618	0.03665	0.01242	0.01842	0.05498	0.01224	0.02160	0.01469	0.01678	0.00994	0.01148	0.00914	0.00614	0.00464	0.00154	0.00782	0.00384	0.00307	0.00910
57	0.01008	0.00728	0.00952	0.00896	0.01064	0.00672	0.00672	0.01344	0.02016	0.02855	0.70158	0.05319	0.06719	0.01456	0.00840	0.00224	0.00336	0.01288	0.00784	0.00672
58	0.01021	0.00747	0.01065	0.01065	0.01164	0.00847	0.00791	0.01220	0.01121	0.01594	0.01980	0.03201	0.01956	0.20442	0.57292	0.01046	0.01643	0.00822	0.00392	0.00591
59	0.00868	0.00620	0.00826	0.00991	0.01033	0.00578	0.00661	0.00991	0.01363	0.01818	0.03925	0.74510	0.04710	0.02231	0.00909	0.00289	0.00413	0.02024	0.00661	0.00578
60	0.00868	0.00620	0.00826	0.00991	0.01033	0.00578	0.00661	0.00991	0.01363	0.01818	0.03925	0.74510	0.04710	0.02231	0.00909	0.00289	0.00413	0.02024	0.00661	0.00578

[dist]
# distance from previous block
# <min> <max>
0	66

[block]
# block no. 6 follows, 29 sequences, length 37
# corresponding to MSA columns:
# 365-401
name=unknown_G
#
# <colnr> <probs for GDERKNQSTAVLIFYWHMCP>
#	G	D	E	R	K	N	Q	S	T	A	V	L	I	F	Y	W	H	M	C	P
0	0.02618	0.03324	0.02024	0.01836	0.02189	0.69444	0.01383	0.02800	0.01982	0.01742	0.01094	0.01295	0.00918	0.00753	0.00707	0.00188	0.04050	0.00465	0.00365	0.00824
