[name]
unknown

[dist]
# distance from previous block
# <min> <max>
39	84

[block]
# block no. 0 follows, 27 sequences, length 19
# corresponding to MSA columns:
# 103-121
name=unknown_A
#
# <colnr> <probs for GDERKNQSTAVLIFYWHMCP>
#	G	D	E	R	K	N	Q	S	T	A	V	L	I	F	Y	W	H	M	C	P
0	0.02037	0.07291	0.22930	0.09672	0.02753	0.04020	0.01800	0.16295	0.04752	0.09045	0.01605	0.01766	0.01171	0.00786	0.00755	0.00219	0.03520	0.00598	0.00497	0.08487
1	0.04928	0.06656	0.06131	0.01418	0.01855	0.11894	0.05871	0.07920	0.05442	0.07070	0.05120	0.08039	0.17599	0.01169	0.00746	0.00228	0.00738	0.00962	0.05332	0.00883
2	0.09237	0.01800	0.07157	0.03758	0.02154	0.05420	0.06098	0.17942	0.07270	0.07609	0.04020	0.02456	0.07643	0.00907	0.00703	0.00216	0.00745	0.00734	0.05034	0.09095
3	0.18092	0.04340	0.10114	0.04306	0.02157	0.01633	0.05019	0.12422	0.09473	0.07548	0.02265	0.04551	0.07211	0.00916	0.00682	0.00226	0.00721	0.00731	0.00562	0.07031
4	0.01592	0.01486	0.02008	0.27669	0.03148	0.05398	0.06533	0.05987	0.05285	0.02362	0.05684	0.02468	0.06743	0.00842	0.00720	0.00209	0.00807	0.00731	0.00467	0.19861
5	0.01624	0.01452	0.02071	0.41410	0.09923	0.05764	0.01733	0.02022	0.01590	0.06625	0.02051	0.02457	0.08138	0.00888	0.00838	0.00238	0.04994	0.00737	0.00420	0.05025
6	0.02102	0.01495	0.01600	0.01367	0.01768	0.05174	0.01075	0.17352	0.19407	0.13723	0.14196	0.07853	0.05447	0.01161	0.00779	0.00237	0.00621	0.00963	0.02640	0.01039
7	0.08011	0.03199	0.02051	0.01821	0.02237	0.57021	0.01388	0.11436	0.02231	0.02303	0.01224	0.01389	0.00987	0.00777	0.00665	0.00198	0.01217	0.00498	0.00436	0.00910
8	0.01360	0.01250	0.01263	0.01230	0.01375	0.12933	0.00906	0.01552	0.01324	0.01675	0.01923	0.03086	0.01893	0.20276	0.43591	0.00913	0.01588	0.00805	0.00407	0.00648
9	0.12472	0.01654	0.05564	0.01432	0.02013	0.01554	0.01232	0.18765	0.07680	0.36453	0.02332	0.02147	0.01553	0.00879	0.00708	0.00230	0.00692	0.00681	0.00771	0.01189
10	0.79154	0.01436	0.01091	0.00976	0.01436	0.01665	0.00804	0.02182	0.01263	0.03331	0.01034	0.01206	0.00804	0.00689	0.00459	0.00230	0.00574	0.00402	0.00459	0.00804
11	0.01069	0.00809	0.01047	0.01036	0.01183	0.00800	0.00774	0.01404	0.03954	0.02583	0.42217	0.21077	0.09499	0.01717	0.00978	0.00260	0.04257	0.03895	0.00747	0.00694
12	0.01694	0.01551	0.02780	0.38222	0.21140	0.01685	0.13511	0.02185	0.01624	0.06281	0.01470	0.01981	0.01114	0.00712	0.00764	0.00240	0.00987	0.00704	0.00384	0.00973
13	0.00901	0.00661	0.00846	0.00993	0.01066	0.00606	0.00671	0.01038	0.01461	0.01911	0.04589	0.63808	0.14207	0.02261	0.00937	0.00294	0.00423	0.02032	0.00689	0.00606
14	0.01510	0.07441	0.61876	0.06866	0.03273	0.01784	0.02617	0.02313	0.01559	0.02288	0.01315	0.01575	0.00944	0.00704	0.00696	0.00232	0.01074	0.00548	0.00315	0.01071
15	0.01523	0.08619	0.65579	0.02059	0.03124	0.01806	0.02643	0.02342	0.01563	0.02310	0.01312	0.01542	0.00941	0.00701	0.00690	0.00230	0.01077	0.00538	0.00314	0.01087
16	0.01989	0.01582	0.01758	0.01643	0.05657	0.01767	0.01219	0.10050	0.49426	0.07673	0.03059	0.02854	0.05932	0.01021	0.00759	0.00246	0.00618	0.00848	0.00740	0.01158
17	0.01051	0.00759	0.00992	0.00934	0.01109	0.00700	0.00700	0.01401	0.02101	0.02977	0.68888	0.05545	0.07005	0.01518	0.00876	0.00233	0.00350	0.01343	0.00817	0.00700
18	0.02081	0.37885	0.14102	0.01647	0.02330	0.06584	0.06936	0.10187	0.01865	0.05935	0.03215	0.01593	0.01219	0.00725	0.00616	0.00194	0.00896	0.00544	0.00423	0.01022

[dist]
# distance from previous block
# <min> <max>
0	4

[block]
# block no. 1 follows, 27 sequences, length 38
# corresponding to MSA columns:
# 126-163
name=unknown_B
#
# <colnr> <probs for GDERKNQSTAVLIFYWHMCP>
#	G	D	E	R	K	N	Q	S	T	A	V	L	I	F	Y	W	H	M	C	P
0	0.06633	0.08168	0.06232	0.02696	0.29053	0.08442	0.01672	0.05286	0.05615	0.08625	0.04395	0.06578	0.01698	0.00868	0.00710	0.00222	0.00820	0.00738	0.00495	0.01055
1	0.02191	0.01644	0.02153	0.02095	0.14082	0.01707	0.05459	0.20741	0.15725	0.10682	0.05872	0.02332	0.01850	0.00873	0.00738	0.00222	0.00724	0.00749	0.04198	0.05963
2	0.56563	0.01387	0.01250	0.01076	0.01547	0.01526	0.00880	0.02550	0.05308	0.16864	0.03855	0.01714	0.01311	0.00783	0.00549	0.00231	0.00579	0.00530	0.00582	0.00916
3	0.01837	0.01764	0.03013	0.04557	0.69279	0.01764	0.02278	0.02278	0.01690	0.02425	0.01396	0.01837	0.01176	0.00661	0.00735	0.00220	0.00882	0.00661	0.00367	0.01176
4	0.01023	0.00786	0.00949	0.01030	0.01167	0.00762	0.00725	0.01414	0.09331	0.02154	0.10390	0.47208	0.16237	0.02019	0.00906	0.00280	0.00432	0.01795	0.00708	0.00683
5	0.01402	0.01319	0.02227	0.72126	0.05113	0.01649	0.02062	0.01897	0.01484	0.01897	0.01319	0.01979	0.00990	0.00742	0.00742	0.00247	0.00990	0.00660	0.00330	0.00825
6	0.00911	0.00651	0.00867	0.01029	0.01078	0.00607	0.00690	0.01050	0.01451	0.01943	0.06955	0.70426	0.05003	0.02290	0.00944	0.00298	0.00427	0.02077	0.00695	0.00607
7	0.01985	0.74357	0.03890	0.01270	0.01905	0.02937	0.01270	0.02223	0.01508	0.01747	0.01032	0.01191	0.00953	0.00635	0.00476	0.00159	0.00794	0.00397	0.00318	0.00953
8	0.02695	0.01844	0.02021	0.01589	0.02140	0.02008	0.01300	0.46052	0.13165	0.13534	0.02156	0.02072	0.01519	0.00912	0.00738	0.00227	0.00740	0.00707	0.03353	0.01230
9	0.01289	0.00645	0.00967	0.00967	0.00967	0.00645	0.00645	0.00967	0.00967	0.01289	0.01289	0.02257	0.01289	0.02579	0.02901	0.78401	0.00645	0.00645	0.00322	0.00322
10	0.00902	0.00753	0.00786	0.00778	0.01018	0.00637	0.00583	0.01112	0.01749	0.02141	0.16112	0.06921	0.60302	0.01829	0.00877	0.00248	0.00372	0.01535	0.00707	0.00637
11	0.02822	0.02079	0.02228	0.01708	0.02302	0.02302	0.01411	0.66804	0.03490	0.04679	0.01782	0.01782	0.01262	0.00891	0.00743	0.00223	0.00817	0.00668	0.00743	0.01262
12	0.02767	0.02052	0.02197	0.01697	0.02281	0.02276	0.01398	0.63247	0.07137	0.04590	0.01852	0.01838	0.01319	0.00898	0.00743	0.00224	0.00804	0.00678	0.00743	0.01258
13	0.01428	0.01346	0.02274	0.68025	0.09007	0.01656	0.02075	0.01920	0.01497	0.01929	0.01324	0.01971	0.01001	0.00737	0.00742	0.00246	0.00983	0.00660	0.00332	0.00846
14	0.00898	0.00753	0.00780	0.00773	0.01015	0.00635	0.00580	0.01105	0.01740	0.02120	0.14746	0.06956	0.61681	0.01837	0.00877	0.00249	0.00373	0.01540	0.00704	0.00635
15	0.04776	0.22119	0.02724	0.01758	0.02242	0.32794	0.07396	0.07664	0.01939	0.02134	0.01460	0.01649	0.03877	0.00793	0.00714	0.00200	0.03878	0.00559	0.00406	0.00917
16	0.79154	0.01436	0.01091	0.00976	0.01436	0.01665	0.00804	0.02182	0.01263	0.03331	0.01034	0.01206	0.00804	0.00689	0.00459	0.00230	0.00574	0.00402	0.00459	0.00804
17	0.00929	0.00754	0.00824	0.00807	0.01035	0.00649	0.00605	0.01166	0.01815	0.02296	0.25896	0.06666	0.50421	0.01772	0.00877	0.00246	0.00368	0.01500	0.00728	0.00649
18	0.02822	0.02079	0.02228	0.01708	0.02302	0.02302	0.01411	0.66804	0.03490	0.04679	0.01782	0.01782	0.01262	0.00891	0.00743	0.00223	0.00817	0.00668	0.00743	0.01262
19	0.01402	0.01319	0.02227	0.72126	0.05113	0.01649	0.02062	0.01897	0.01484	0.01897	0.01319	0.01979	0.00990	0.00742	0.00742	0.00247	0.00990	0.00660	0.00330	0.00825
20	0.03192	0.01233	0.01678	0.01297	0.01847	0.01067	0.01067	0.03483	0.02123	0.65739	0.06932	0.02710	0.02151	0.00955	0.00754	0.00230	0.00615	0.00783	0.00913	0.01229
21	0.01402	0.01319	0.02227	0.72126	0.05113	0.01649	0.02062	0.01897	0.01484	0.01897	0.01319	0.01979	0.00990	0.00742	0.00742	0.00247	0.00990	0.00660	0.00330	0.00825
22	0.01043	0.00759	0.00981	0.00926	0.01104	0.00697	0.00694	0.01386	0.02083	0.02932	0.66078	0.05619	0.09842	0.01534	0.00876	0.00234	0.00351	0.01353	0.00811	0.00697
23	0.01752	0.02003	0.04380	0.03129	0.03880	0.01877	0.66583	0.02378	0.01752	0.02378	0.01502	0.02003	0.01126	0.00626	0.00876	0.00250	0.01252	0.00876	0.00375	0.01001
24	0.02822	0.02079	0.02228	0.01708	0.02302	0.02302	0.01411	0.66804	0.03490	0.04679	0.01782	0.01782	0.01262	0.00891	0.00743	0.00223	0.00817	0.00668	0.00743	0.01262
25	0.02766	0.02051	0.02196	0.01697	0.02281	0.02276	0.01397	0.63184	0.07202	0.04588	0.01854	0.01839	0.01320	0.00898	0.00743	0.00224	0.00804	0.00678	0.00743	0.01257
26	0.00877	0.00752	0.00752	0.00752	0.01003	0.00627	0.00564	0.01065	0.01692	0.02005	0.07520	0.07144	0.68978	0.01880	0.00877	0.00251	0.00376	0.01567	0.00689	0.00627
27	0.01533	0.01453	0.02463	0.51852	0.24366	0.01684	0.02127	0.02011	0.01546	0.02055	0.01343	0.01937	0.01046	0.00718	0.00740	0.00239	0.00957	0.00660	0.00341	0.00930
28	0.02584	0.01775	0.02072	0.01629	0.02153	0.01894	0.04145	0.46725	0.02954	0.12844	0.02233	0.11535	0.01824	0.01076	0.00777	0.00236	0.00759	0.00882	0.00743	0.01162
29	0.79154	0.01436	0.01091	0.00976	0.01436	0.01665	0.00804	0.02182	0.01263	0.03331	0.01034	0.01206	0.00804	0.00689	0.00459	0.00230	0.00574	0.00402	0.00459	0.00804
30	0.00904	0.00646	0.00861	0.01034	0.01077	0.00603	0.00689	0.01034	0.01421	0.01895	0.04092	0.73426	0.04910	0.02326	0.00948	0.00301	0.00431	0.02110	0.00689	0.00603
31	0.01051	0.00759	0.00992	0.00934	0.01109	0.00700	0.00700	0.01401	0.02101	0.02977	0.68888	0.05545	0.07005	0.01518	0.00876	0.00233	0.00350	0.01343	0.00817	0.00700
32	0.02531	0.01872	0.02120	0.01761	0.04411	0.02104	0.01394	0.41806	0.14828	0.09082	0.02004	0.02006	0.01458	0.00947	0.00914	0.00239	0.07916	0.00703	0.00704	0.01199
33	0.01042	0.00758	0.00980	0.00925	0.01104	0.00697	0.00694	0.01384	0.02081	0.02929	0.65831	0.05625	0.10092	0.01536	0.00876	0.00234	0.00352	0.01354	0.00811	0.00697
34	0.02773	0.03538	0.02104	0.01913	0.02295	0.70930	0.01434	0.02964	0.02104	0.01817	0.01148	0.01339	0.00956	0.00765	0.00669	0.00191	0.01339	0.00478	0.00383	0.00861
35	0.71494	0.04539	0.01277	0.01044	0.01485	0.01754	0.00870	0.02162	0.01267	0.03176	0.01030	0.01229	0.00820	0.00721	0.00572	0.00232	0.04656	0.00416	0.00446	0.00811
36	0.01439	0.01380	0.02338	0.62494	0.04772	0.01716	0.05237	0.01911	0.01467	0.01911	0.01298	0.01949	0.00995	0.00786	0.00898	0.00254	0.07320	0.00670	0.00332	0.00832
37	0.01028	0.00754	0.00963	0.00920	0.01097	0.00689	0.00686	0.01353	0.02033	0.02837	0.60164	0.08415	0.13119	0.01586	0.00879	0.00238	0.00356	0.01396	0.00799	0.00689

[dist]
# distance from previous block
# <min> <max>
0	15

[block]
# block no. 2 follows, 27 sequences, length 80
# corresponding to MSA columns:
# 179-258
name=unknown_C
#
# <colnr> <probs for GDERKNQSTAVLIFYWHMCP>
#	G	D	E	R	K	N	Q	S	T	A	V	L	I	F	Y	W	H	M	C	P
0	0.02822	0.02079	0.02228	0.01708	0.02302	0.02302	0.01411	0.66804	0.03490	0.04679	0.01782	0.01782	0.01262	0.00891	0.00743	0.00223	0.00817	0.00668	0.00743	0.01262
1	0.01523	0.01464	0.02031	0.01765	0.01774	0.02003	0.01440	0.01673	0.01134	0.01741	0.01202	0.02092	0.01236	0.10216	0.06969	0.00427	0.59498	0.00710	0.00344	0.00759
2	0.04817	0.02384	0.01872	0.01873	0.07575	0.36186	0.01354	0.05137	0.03999	0.06570	0.07331	0.03033	0.02124	0.01053	0.00755	0.00229	0.00997	0.11290	0.00529	0.00893
3	0.01020	0.00744	0.00959	0.00933	0.01097	0.00683	0.00689	0.01331	0.01986	0.02771	0.56321	0.14214	0.11185	0.01646	0.00885	0.00243	0.00362	0.01455	0.00792	0.00683
4	0.01693	0.01617	0.02753	0.26894	0.48067	0.01726	0.02207	0.02152	0.01622	0.02251	0.01371	0.01884	0.01114	0.00688	0.00737	0.00229	0.00918	0.00661	0.00355	0.01060
5	0.20115	0.04929	0.01698	0.01310	0.01769	0.01503	0.01087	0.08233	0.04614	0.31340	0.02212	0.02500	0.01652	0.03590	0.00917	0.00258	0.05835	0.04707	0.00688	0.01041
6	0.79154	0.01436	0.01091	0.00976	0.01436	0.01665	0.00804	0.02182	0.01263	0.03331	0.01034	0.01206	0.00804	0.00689	0.00459	0.00230	0.00574	0.00402	0.00459	0.00804
7	0.01985	0.74357	0.03890	0.01270	0.01905	0.02937	0.01270	0.02223	0.01508	0.01747	0.01032	0.01191	0.00953	0.00635	0.00476	0.00159	0.00794	0.00397	0.00318	0.00953
8	0.01709	0.02229	0.20230	0.03289	0.35888	0.01679	0.07430	0.05361	0.01770	0.02521	0.04435	0.02402	0.01582	0.00817	0.00766	0.00236	0.00928	0.05225	0.00414	0.01090
9	0.01023	0.00758	0.00954	0.00905	0.01092	0.00689	0.00678	0.01347	0.02035	0.02820	0.58994	0.05803	0.16996	0.01576	0.00876	0.00236	0.00354	0.01379	0.00797	0.00689
10	0.02432	0.12529	0.05117	0.02119	0.10227	0.39733	0.01560	0.08304	0.04415	0.02195	0.01285	0.01489	0.01056	0.00774	0.00732	0.00202	0.03928	0.00528	0.00412	0.00964
11	0.01384	0.00692	0.00692	0.00692	0.00865	0.00692	0.00519	0.01730	0.01557	0.02768	0.02422	0.02768	0.01903	0.00865	0.00519	0.00173	0.00346	0.00692	0.78031	0.00692
12	0.01788	0.01534	0.01629	0.01469	0.01871	0.01763	0.01140	0.03759	0.63140	0.03096	0.07822	0.02972	0.02612	0.01044	0.00764	0.00250	0.00570	0.00876	0.00760	0.01140
13	0.00877	0.00752	0.00752	0.00752	0.01003	0.00627	0.00564	0.01065	0.01692	0.02005	0.07520	0.07144	0.68978	0.01880	0.00877	0.00251	0.00376	0.01567	0.00689	0.00627
14	0.02949	0.01718	0.01988	0.01531	0.02101	0.01779	0.01262	0.40190	0.02916	0.29477	0.04773	0.02210	0.01701	0.00926	0.00749	0.00226	0.00728	0.00724	0.00813	0.01241
15	0.01638	0.19719	0.48048	0.02175	0.09727	0.02005	0.02359	0.02314	0.01567	0.02221	0.01270	0.01509	0.00967	0.00685	0.00656	0.00216	0.01006	0.00526	0.00320	0.01072
16	0.00904	0.00646	0.00861	0.01034	0.01077	0.00603	0.00689	0.01034	0.01421	0.01895	0.04092	0.73426	0.04910	0.02326	0.00948	0.00301	0.00431	0.02110	0.00689	0.00603
17	0.01751	0.02075	0.08314	0.03333	0.16150	0.01846	0.50403	0.02357	0.01729	0.02385	0.01471	0.01944	0.01124	0.00638	0.00839	0.00244	0.01172	0.00815	0.00370	0.01040
18	0.01575	0.01372	0.01715	0.01511	0.09797	0.01082	0.01046	0.01918	0.01557	0.02420	0.01329	0.01575	0.01109	0.00563	0.00572	0.00123	0.00589	0.00466	0.00431	0.69250
19	0.00904	0.00646	0.00861	0.01034	0.01077	0.00603	0.00689	0.01034	0.01421	0.01895	0.04092	0.73426	0.04910	0.02326	0.00948	0.00301	0.00431	0.02110	0.00689	0.00603
20	0.01593	0.01488	0.02474	0.48234	0.25151	0.01710	0.02105	0.04486	0.01625	0.02169	0.01361	0.01927	0.01058	0.00723	0.00740	0.00238	0.00949	0.00661	0.00357	0.00952
21	0.03331	0.01263	0.01723	0.01321	0.01895	0.01091	0.01091	0.03618	0.02125	0.69794	0.02929	0.02527	0.01838	0.00919	0.00747	0.00230	0.00632	0.00747	0.00919	0.01263
22	0.01464	0.07747	0.51258	0.01926	0.02827	0.01645	0.05713	0.02192	0.01659	0.02414	0.12173	0.02205	0.01925	0.00827	0.00727	0.00231	0.00966	0.00684	0.00398	0.01019
23	0.01929	0.01339	0.01601	0.01165	0.01806	0.01060	0.00941	0.04746	0.01727	0.15276	0.01643	0.01736	0.01246	0.00633	0.00595	0.00137	0.00576	0.00507	0.00542	0.60795
24	0.01503	0.03742	0.66574	0.02170	0.03248	0.01732	0.06135	0.02352	0.01577	0.02352	0.01341	0.01590	0.00950	0.00701	0.00714	0.00236	0.01105	0.00566	0.00317	0.01092
25	0.02085	0.57975	0.07813	0.01432	0.02054	0.14268	0.01392	0.02356	0.01612	0.01797	0.01071	0.01240	0.00952	0.00661	0.00523	0.00169	0.00905	0.00420	0.00328	0.00946
26	0.00894	0.00756	0.00776	0.00780	0.01025	0.00637	0.00591	0.01093	0.01706	0.02045	0.09368	0.07137	0.64644	0.01875	0.00883	0.00253	0.00386	0.03825	0.00693	0.00631
27	0.01558	0.04400	0.01639	0.01107	0.01765	0.01072	0.00896	0.01884	0.01538	0.02391	0.01307	0.01525	0.01093	0.00553	0.00547	0.00112	0.00560	0.00438	0.00435	0.75180
28	0.00910	0.00650	0.00866	0.01030	0.01078	0.00606	0.00690	0.01047	0.01445	0.01934	0.06393	0.71014	0.04984	0.02297	0.00945	0.00299	0.00428	0.02083	0.00694	0.00606
29	0.01968	0.71968	0.06132	0.01299	0.01950	0.02896	0.01320	0.02227	0.01510	0.01767	0.01042	0.01204	0.00952	0.00638	0.00484	0.00161	0.00804	0.00402	0.00317	0.00958
30	0.00877	0.00752	0.00752	0.00752	0.01003	0.00627	0.00564	0.01065	0.01692	0.02005	0.07520	0.07144	0.68978	0.01880	0.00877	0.00251	0.00376	0.01567	0.00689	0.00627
31	0.01094	0.00806	0.01029	0.00976	0.01160	0.00768	0.00730	0.01544	0.06266	0.02928	0.61242	0.08975	0.06591	0.01528	0.00872	0.00238	0.00370	0.01351	0.00806	0.00726
32	0.01063	0.00787	0.01150	0.01150	0.01268	0.00905	0.00874	0.01298	0.01180	0.01691	0.02028	0.03134	0.01951	0.13239	0.63427	0.01140	0.01846	0.00827	0.00404	0.00639
33	0.01489	0.03840	0.70064	0.02116	0.03213	0.01724	0.02743	0.02351	0.01567	0.02351	0.01332	0.01567	0.00940	0.00705	0.00705	0.00235	0.01097	0.00549	0.00313	0.01097
34	0.01985	0.74357	0.03890	0.01270	0.01905	0.02937	0.01270	0.02223	0.01508	0.01747	0.01032	0.01191	0.00953	0.00635	0.00476	0.00159	0.00794	0.00397	0.00318	0.00953
35	0.01726	0.29942	0.34787	0.02127	0.10537	0.02189	0.04646	0.02296	0.01567	0.02134	0.01234	0.01475	0.00980	0.00671	0.00630	0.00205	0.00964	0.00518	0.00324	0.01049
36	0.01665	0.01693	0.02268	0.01948	0.01961	0.04741	0.01617	0.01829	0.01172	0.01788	0.00981	0.01614	0.00974	0.01280	0.02373	0.00320	0.69992	0.00644	0.00327	0.00814
37	0.01016	0.00732	0.00961	0.00958	0.01101	0.00677	0.00698	0.01314	0.01940	0.02720	0.53474	0.21693	0.06506	0.01710	0.00893	0.00250	0.00369	0.01525	0.00787	0.00677
38	0.00904	0.00646	0.00861	0.01034	0.01077	0.00603	0.00689	0.01034	0.01421	0.01895	0.04092	0.73426	0.04910	0.02326	0.00948	0.00301	0.00431	0.02110	0.00689	0.00603
39	0.01051	0.00759	0.00992	0.00934	0.01109	0.00700	0.00700	0.01401	0.02101	0.02977	0.68888	0.05545	0.07005	0.01518	0.00876	0.00233	0.00350	0.01343	0.00817	0.00700
40	0.01023	0.00758	0.00955	0.00905	0.01092	0.00689	0.00679	0.01348	0.02037	0.02824	0.59248	0.05797	0.16740	0.01575	0.00876	0.00236	0.00354	0.01378	0.00797	0.00689
41	0.02773	0.03538	0.02104	0.01913	0.02295	0.70930	0.01434	0.02964	0.02104	0.01817	0.01148	0.01339	0.00956	0.00765	0.00669	0.00191	0.01339	0.00478	0.00383	0.00861
42	0.01837	0.01764	0.03013	0.04557	0.69279	0.01764	0.02278	0.02278	0.01690	0.02425	0.01396	0.01837	0.01176	0.00661	0.00735	0.00220	0.00882	0.00661	0.00367	0.01176
43	0.01539	0.01319	0.01539	0.01100	0.01759	0.00990	0.00880	0.01869	0.01539	0.02419	0.01319	0.01539	0.01100	0.00550	0.00550	0.00110	0.00550	0.00440	0.00440	0.78449
44	0.02846	0.01311	0.01695	0.01279	0.01876	0.01113	0.01049	0.05689	0.02028	0.49730	0.02466	0.02241	0.01623	0.00822	0.00695	0.00198	0.00618	0.00664	0.00788	0.21268
45	0.01624	0.01624	0.02274	0.01949	0.01949	0.02274	0.01624	0.01787	0.01137	0.01787	0.00975	0.01624	0.00975	0.01299	0.02436	0.00325	0.72552	0.00650	0.00325	0.00812
46	0.01196	0.00854	0.01196	0.01367	0.01538	0.00854	0.01196	0.01538	0.01709	0.02222	0.03931	0.08374	0.04272	0.02051	0.01025	0.00342	0.00684	0.64283	0.00684	0.00684
47	0.01051	0.00759	0.00992	0.00934	0.01109	0.00700	0.00700	0.01401	0.02101	0.02977	0.68888	0.05545	0.07005	0.01518	0.00876	0.00233	0.00350	0.01343	0.00817	0.00700
48	0.01051	0.00759	0.00992	0.00934	0.01109	0.00700	0.00700	0.01401	0.02101	0.02977	0.68888	0.05545	0.07005	0.01518	0.00876	0.00233	0.00350	0.01343	0.00817	0.00700
49	0.01624	0.01624	0.02274	0.01949	0.01949	0.02274	0.01624	0.01787	0.01137	0.01787	0.00975	0.01624	0.00975	0.01299	0.02436	0.00325	0.72552	0.00650	0.00325	0.00812
50	0.01539	0.01319	0.01539	0.01100	0.01759	0.00990	0.00880	0.01869	0.01539	0.02419	0.01319	0.01539	0.01100	0.00550	0.00550	0.00110	0.00550	0.00440	0.00440	0.78449
51	0.03331	0.01263	0.01723	0.01321	0.01895	0.01091	0.01091	0.03618	0.02125	0.69794	0.02929	0.02527	0.01838	0.00919	0.00747	0.00230	0.00632	0.00747	0.00919	0.01263
52	0.01539	0.01319	0.01539	0.01100	0.01759	0.00990	0.00880	0.01869	0.01539	0.02419	0.01319	0.01539	0.01100	0.00550	0.00550	0.00110	0.00550	0.00440	0.00440	0.78449
53	0.79154	0.01436	0.01091	0.00976	0.01436	0.01665	0.00804	0.02182	0.01263	0.03331	0.01034	0.01206	0.00804	0.00689	0.00459	0.00230	0.00574	0.00402	0.00459	0.00804
54	0.02773	0.03538	0.02104	0.01913	0.02295	0.70930	0.01434	0.02964	0.02104	0.01817	0.01148	0.01339	0.00956	0.00765	0.00669	0.00191	0.01339	0.00478	0.00383	0.00861
55	0.02621	0.01331	0.01667	0.01292	0.01865	0.01184	0.01048	0.03206	0.12384	0.41371	0.02517	0.02303	0.01710	0.00835	0.00696	0.00201	0.00603	0.00680	0.00766	0.21721
56	0.02119	0.01917	0.01871	0.06105	0.02250	0.10762	0.01309	0.15449	0.43214	0.03158	0.02441	0.02351	0.01829	0.00938	0.00741	0.00238	0.00752	0.00750	0.00678	0.01129
57	0.79154	0.01436	0.01091	0.00976	0.01436	0.01665	0.00804	0.02182	0.01263	0.03331	0.01034	0.01206	0.00804	0.00689	0.00459	0.00230	0.00574	0.00402	0.00459	0.00804
58	0.01846	0.01595	0.01679	0.01511	0.01930	0.01846	0.01175	0.03945	0.67938	0.03105	0.03022	0.02770	0.02266	0.01007	0.00755	0.00252	0.00588	0.00839	0.00755	0.01175
59	0.00904	0.00646	0.00861	0.01034	0.01077	0.00603	0.00689	0.01034	0.01421	0.01895	0.04092	0.73426	0.04910	0.02326	0.00948	0.00301	0.00431	0.02110	0.00689	0.00603
60	0.01051	0.00759	0.00992	0.00934	0.01109	0.00700	0.00700	0.01401	0.02101	0.02977	0.68888	0.05545	0.07005	0.01518	0.00876	0.00233	0.00350	0.01343	0.00817	0.00700
61	0.02782	0.03263	0.02127	0.01874	0.02296	0.58009	0.01430	0.14984	0.02365	0.02356	0.01267	0.01422	0.01014	0.00789	0.00683	0.00197	0.01241	0.00514	0.00450	0.00936
62	0.64396	0.01402	0.01214	0.01043	0.01525	0.01554	0.00860	0.02462	0.01431	0.16267	0.01403	0.01463	0.01005	0.00734	0.00515	0.00230	0.00585	0.00469	0.00549	0.00893
63	0.00885	0.00752	0.00762	0.00760	0.01007	0.00630	0.00570	0.01079	0.01709	0.02046	0.10072	0.07078	0.66402	0.01865	0.00877	0.00250	0.00375	0.01557	0.00695	0.00630
64	0.00904	0.00646	0.00861	0.01034	0.01077	0.00603	0.00689	0.01034	0.01421	0.01895	0.04092	0.73426	0.04910	0.02326	0.00948	0.00301	0.00431	0.02110	0.00689	0.00603
65	0.01746	0.01827	0.02256	0.01945	0.01986	0.09551	0.01604	0.01911	0.01239	0.01790	0.00993	0.01594	0.00973	0.01243	0.02249	0.00311	0.65004	0.00631	0.00331	0.00817
66	0.01624	0.01624	0.02274	0.01949	0.01949	0.02274	0.01624	0.01787	0.01137	0.01787	0.00975	0.01624	0.00975	0.01299	0.02436	0.00325	0.72552	0.00650	0.00325	0.00812
67	0.01371	0.00693	0.00697	0.00697	0.00863	0.00693	0.00516	0.01702	0.01536	0.02710	0.02418	0.02859	0.01937	0.04040	0.00661	0.00197	0.00362	0.00709	0.74659	0.00681
68	0.02669	0.02195	0.02127	0.05118	0.02362	0.12834	0.01399	0.50277	0.03075	0.03997	0.01695	0.01775	0.01236	0.00863	0.00719	0.00216	0.00881	0.00640	0.04773	0.01148
69	0.00931	0.00674	0.00890	0.01036	0.01105	0.00619	0.00697	0.01068	0.01426	0.01917	0.03976	0.70437	0.04752	0.02252	0.00931	0.00294	0.00436	0.02041	0.00679	0.03839
70	0.01602	0.01357	0.01573	0.01129	0.01786	0.01054	0.00906	0.05034	0.01634	0.02529	0.01342	0.01551	0.01108	0.00566	0.00559	0.00115	0.00563	0.00451	0.00455	0.74686
71	0.01799	0.01587	0.01516	0.01394	0.01740	0.09749	0.01086	0.04976	0.38177	0.02873	0.08996	0.03282	0.02644	0.01089	0.00748	0.00239	0.00638	0.05910	0.10564	0.00994
72	0.01179	0.00801	0.01016	0.00940	0.01158	0.00722	0.00709	0.01502	0.02001	0.06368	0.52612	0.07735	0.12129	0.01492	0.00848	0.00231	0.00378	0.01305	0.03107	0.03767
73	0.02795	0.04139	0.10054	0.01519	0.02145	0.01631	0.01378	0.25528	0.02491	0.33473	0.02251	0.02121	0.01504	0.00872	0.00721	0.00223	0.00743	0.00682	0.04525	0.01206
74	0.01261	0.00922	0.01069	0.01039	0.01165	0.00971	0.00707	0.06419	0.09068	0.02008	0.02815	0.15709	0.05205	0.37324	0.10541	0.00597	0.00801	0.01177	0.00550	0.00652
75	0.02320	0.01854	0.02038	0.01597	0.02123	0.05236	0.03208	0.40747	0.02705	0.03658	0.01775	0.06111	0.01447	0.01101	0.03547	0.00248	0.03641	0.00715	0.00625	0.15305
76	0.16629	0.09717	0.09473	0.01860	0.10058	0.15553	0.01454	0.11352	0.04697	0.02716	0.01678	0.01823	0.04670	0.00795	0.00641	0.00210	0.00864	0.00583	0.00466	0.04761
77	0.07938	0.08164	0.21302	0.04319	0.07483	0.04412	0.11161	0.04333	0.04067	0.04414	0.05873	0.02286	0.01633	0.00824	0.00717	0.00227	0.00902	0.04031	0.00447	0.05469
78	0.06536	0.05822	0.57623	0.02036	0.03039	0.01794	0.05015	0.05479	0.01647	0.02508	0.01332	0.01560	0.00955	0.00708	0.00691	0.00232	0.01046	0.00553	0.00346	0.01078
79	0.04445	0.07532	0.06337	0.01202	0.01531	0.01237	0.01023	0.06710	0.03991	0.07565	0.25157	0.12216	0.07263	0.01422	0.00994	0.05227	0.03589	0.01091	0.00650	0.00818

[dist]
# distance from previous block
# <min> <max>
12	28

[block]
# block no. 3 follows, 27 sequences, length 26
# corresponding to MSA columns:
# 290-315
name=unknown_D
#
# <colnr> <probs for GDERKNQSTAVLIFYWHMCP>
#	G	D	E	R	K	N	Q	S	T	A	V	L	I	F	Y	W	H	M	C	P
0	0.01736	0.05005	0.04228	0.03910	0.01888	0.01427	0.01189	0.16216	0.10342	0.05427	0.05799	0.14073	0.05174	0.01361	0.00813	0.00254	0.00659	0.13535	0.00660	0.06304
1	0.04974	0.05043	0.01632	0.03837	0.01770	0.04157	0.01058	0.23991	0.04550	0.05560	0.02043	0.04730	0.01639	0.01450	0.08783	0.00322	0.00809	0.00718	0.21988	0.00945
2	0.13375	0.02498	0.34006	0.01646	0.02411	0.01494	0.01834	0.05299	0.01746	0.17754	0.02088	0.02438	0.03962	0.00900	0.00709	0.00241	0.00846	0.05170	0.00531	0.01051
3	0.09404	0.01548	0.04299	0.01364	0.01931	0.01443	0.01153	0.15909	0.07600	0.33085	0.02293	0.02155	0.01560	0.00852	0.00690	0.00216	0.00657	0.00667	0.04102	0.09071
4	0.02683	0.02049	0.02141	0.01673	0.02240	0.05190	0.01378	0.57901	0.03255	0.04331	0.01841	0.02080	0.01391	0.00928	0.00745	0.00222	0.00821	0.03810	0.00711	0.04609
5	0.00971	0.00756	0.00881	0.00850	0.01060	0.00666	0.00637	0.01246	0.01912	0.02528	0.40540	0.06284	0.35633	0.01685	0.00876	0.00241	0.00362	0.01446	0.00758	0.00666
6	0.01402	0.01319	0.02227	0.72126	0.05113	0.01649	0.02062	0.01897	0.01484	0.01897	0.01319	0.01979	0.00990	0.00742	0.00742	0.00247	0.00990	0.00660	0.00330	0.00825
7	0.01539	0.01319	0.01539	0.01100	0.01759	0.00990	0.00880	0.01869	0.01539	0.02419	0.01319	0.01539	0.01100	0.00550	0.00550	0.00110	0.00550	0.00440	0.00440	0.78449
8	0.79154	0.01436	0.01091	0.00976	0.01436	0.01665	0.00804	0.02182	0.01263	0.03331	0.01034	0.01206	0.00804	0.00689	0.00459	0.00230	0.00574	0.00402	0.00459	0.00804
9	0.00877	0.00752	0.00752	0.00752	0.01003	0.00627	0.00564	0.01065	0.01692	0.02005	0.07520	0.07144	0.68978	0.01880	0.00877	0.00251	0.00376	0.01567	0.00689	0.00627
10	0.01051	0.00759	0.00992	0.00934	0.01109	0.00700	0.00700	0.01401	0.02101	0.02977	0.68888	0.05545	0.07005	0.01518	0.00876	0.00233	0.00350	0.01343	0.00817	0.00700
11	0.01624	0.01624	0.02274	0.01949	0.01949	0.02274	0.01624	0.01787	0.01137	0.01787	0.00975	0.01624	0.00975	0.01299	0.02436	0.00325	0.72552	0.00650	0.00325	0.00812
12	0.01402	0.01319	0.02227	0.72126	0.05113	0.01649	0.02062	0.01897	0.01484	0.01897	0.01319	0.01979	0.00990	0.00742	0.00742	0.00247	0.00990	0.00660	0.00330	0.00825
13	0.00904	0.00646	0.00861	0.01034	0.01077	0.00603	0.00689	0.01034	0.01421	0.01895	0.04092	0.73426	0.04910	0.02326	0.00948	0.00301	0.00431	0.02110	0.00689	0.00603
14	0.01985	0.74357	0.03890	0.01270	0.01905	0.02937	0.01270	0.02223	0.01508	0.01747	0.01032	0.01191	0.00953	0.00635	0.00476	0.00159	0.00794	0.00397	0.00318	0.00953
15	0.01837	0.01764	0.03013	0.04557	0.69279	0.01764	0.02278	0.02278	0.01690	0.02425	0.01396	0.01837	0.01176	0.00661	0.00735	0.00220	0.00882	0.00661	0.00367	0.01176
16	0.79154	0.01436	0.01091	0.00976	0.01436	0.01665	0.00804	0.02182	0.01263	0.03331	0.01034	0.01206	0.00804	0.00689	0.00459	0.00230	0.00574	0.00402	0.00459	0.00804
17	0.01846	0.01595	0.01679	0.01511	0.01930	0.01846	0.01175	0.03945	0.67938	0.03105	0.03022	0.02770	0.02266	0.01007	0.00755	0.00252	0.00588	0.00839	0.00755	0.01175
18	0.02709	0.02023	0.02164	0.01685	0.02259	0.02249	0.01384	0.59534	0.10944	0.04497	0.01926	0.01897	0.01379	0.00905	0.00744	0.00226	0.00790	0.00688	0.00744	0.01252
19	0.79154	0.01436	0.01091	0.00976	0.01436	0.01665	0.00804	0.02182	0.01263	0.03331	0.01034	0.01206	0.00804	0.00689	0.00459	0.00230	0.00574	0.00402	0.00459	0.00804
20	0.00904	0.00646	0.00861	0.01034	0.01077	0.00603	0.00689	0.01034	0.01421	0.01895	0.04092	0.73426	0.04910	0.02326	0.00948	0.00301	0.00431	0.02110	0.00689	0.00603
21	0.00904	0.00646	0.00861	0.01034	0.01077	0.00603	0.00689	0.01034	0.01421	0.01895	0.04092	0.73426	0.04910	0.02326	0.00948	0.00301	0.00431	0.02110	0.00689	0.00603
22	0.01051	0.00759	0.00992	0.00934	0.01109	0.00700	0.00700	0.01401	0.02101	0.02977	0.68888	0.05545	0.07005	0.01518	0.00876	0.00233	0.00350	0.01343	0.00817	0.00700
23	0.01051	0.00759	0.00992	0.00934	0.01109	0.00700	0.00700	0.01401	0.02101	0.02977	0.68888	0.05545	0.07005	0.01518	0.00876	0.00233	0.00350	0.01343	0.00817	0.00700
24	0.03331	0.01263	0.01723	0.01321	0.01895	0.01091	0.01091	0.03618	0.02125	0.69794	0.02929	0.02527	0.01838	0.00919	0.00747	0.00230	0.00632	0.00747	0.00919	0.01263
25	0.01837	0.01764	0.03013	0.04557	0.69279	0.01764	0.02278	0.02278	0.01690	0.02425	0.01396	0.01837	0.01176	0.00661	0.00735	0.00220	0.00882	0.00661	0.00367	0.01176

[dist]
# distance from previous block
# <min> <max>
0	6

[block]
# block no. 4 follows, 27 sequences, length 52
# corresponding to MSA columns:
# 322-373
name=unknown_E
#
# <colnr> <probs for GDERKNQSTAVLIFYWHMCP>
#	G	D	E	R	K	N	Q	S	T	A	V	L	I	F	Y	W	H	M	C	P
0	0.02120	0.56430	0.03412	0.01404	0.01978	0.15305	0.01294	0.02476	0.06152	0.01852	0.01189	0.01326	0.01043	0.00684	0.00531	0.00171	0.00880	0.00442	0.00359	0.00951
1	0.01489	0.03840	0.70064	0.02116	0.03213	0.01724	0.02743	0.02351	0.01567	0.02351	0.01332	0.01567	0.00940	0.00705	0.00705	0.00235	0.01097	0.00549	0.00313	0.01097
2	0.01645	0.01677	0.02376	0.05313	0.02223	0.04605	0.06051	0.01859	0.01231	0.01831	0.01065	0.01697	0.01013	0.01342	0.04336	0.00339	0.59578	0.00664	0.00333	0.00823
3	0.02864	0.02012	0.02186	0.01676	0.02269	0.02203	0.01385	0.61618	0.03378	0.10023	0.01876	0.01843	0.01310	0.00893	0.00743	0.00223	0.00802	0.00675	0.00757	0.01263
4	0.01477	0.01425	0.01986	0.01762	0.01771	0.01933	0.01433	0.01633	0.01195	0.01809	0.01611	0.16280	0.01778	0.01509	0.02132	0.00320	0.57830	0.00948	0.00399	0.00769
5	0.02976	0.01258	0.01674	0.01340	0.01857	0.01137	0.01112	0.07790	0.02174	0.55280	0.05255	0.03234	0.02249	0.01065	0.00782	0.00242	0.00641	0.07879	0.00876	0.01179
6	0.01861	0.06655	0.02351	0.02102	0.09485	0.09358	0.01574	0.06498	0.01513	0.02117	0.01185	0.01667	0.01068	0.01074	0.01701	0.00272	0.43091	0.00620	0.04917	0.00891
7	0.00904	0.00646	0.00861	0.01034	0.01077	0.00603	0.00689	0.01034	0.01421	0.01895	0.04092	0.73426	0.04910	0.02326	0.00948	0.00301	0.00431	0.02110	0.00689	0.00603
8	0.03043	0.01724	0.02008	0.01539	0.02125	0.01775	0.01272	0.39297	0.02896	0.33025	0.02281	0.02106	0.01513	0.00903	0.00744	0.00226	0.00736	0.00702	0.00819	0.01263
9	0.01586	0.03618	0.63190	0.02140	0.03193	0.01705	0.06393	0.02409	0.01603	0.05355	0.01413	0.01635	0.00991	0.00710	0.00717	0.00236	0.01085	0.00576	0.00344	0.01099
10	0.01752	0.02003	0.04380	0.03129	0.03880	0.01877	0.66583	0.02378	0.01752	0.02378	0.01502	0.02003	0.01126	0.00626	0.00876	0.00250	0.01252	0.00876	0.00375	0.01001
11	0.01080	0.00720	0.00810	0.00810	0.00810	0.00720	0.00450	0.01080	0.01080	0.01439	0.02339	0.04858	0.02699	0.73910	0.03779	0.00720	0.00720	0.01080	0.00450	0.00450
12	0.01837	0.01764	0.03013	0.04557	0.69279	0.01764	0.02278	0.02278	0.01690	0.02425	0.01396	0.01837	0.01176	0.00661	0.00735	0.00220	0.00882	0.00661	0.00367	0.01176
13	0.01582	0.01571	0.06586	0.02621	0.18151	0.01386	0.22152	0.02004	0.01653	0.06193	0.02401	0.22551	0.02392	0.01206	0.00853	0.00260	0.00860	0.04139	0.00505	0.00935
14	0.01590	0.01577	0.02267	0.12827	0.02439	0.02177	0.01692	0.01804	0.01191	0.01804	0.01028	0.01679	0.00977	0.01213	0.02174	0.00313	0.61459	0.00651	0.00326	0.00814
15	0.01968	0.01655	0.01747	0.01535	0.01977	0.01903	0.01204	0.11787	0.59898	0.03302	0.02867	0.02647	0.02141	0.00993	0.00754	0.00248	0.00616	0.00818	0.00754	0.01186
16	0.00906	0.00753	0.00792	0.00782	0.01020	0.00639	0.00587	0.01121	0.01760	0.02167	0.17699	0.06879	0.58699	0.01820	0.00877	0.00248	0.00372	0.01530	0.00711	0.00639
17	0.01765	0.02285	0.18132	0.06528	0.26289	0.01832	0.21060	0.06069	0.01758	0.02480	0.01417	0.01822	0.01099	0.00700	0.00830	0.00237	0.03537	0.00699	0.00377	0.01083
18	0.01402	0.01319	0.02227	0.72126	0.05113	0.01649	0.02062	0.01897	0.01484	0.01897	0.01319	0.01979	0.00990	0.00742	0.00742	0.00247	0.00990	0.00660	0.00330	0.00825
19	0.01035	0.00754	0.00974	0.00927	0.01102	0.00693	0.00692	0.01368	0.02053	0.02881	0.62948	0.08111	0.10543	0.01568	0.00878	0.00237	0.00355	0.01384	0.00805	0.00693
20	0.01061	0.00795	0.01193	0.01193	0.01326	0.00928	0.00928	0.01326	0.01193	0.01723	0.01988	0.02916	0.01856	0.05568	0.70968	0.01193	0.01988	0.00795	0.00398	0.00663
21	0.01074	0.00772	0.00918	0.00882	0.01099	0.00682	0.00661	0.01341	0.01893	0.05543	0.36640	0.10049	0.32357	0.01688	0.00875	0.00244	0.00378	0.01454	0.00761	0.00690
22	0.02822	0.02079	0.02228	0.01708	0.02302	0.02302	0.01411	0.66804	0.03490	0.04679	0.01782	0.01782	0.01262	0.00891	0.00743	0.00223	0.00817	0.00668	0.00743	0.01262
23	0.00908	0.00674	0.00847	0.00970	0.01064	0.00614	0.00664	0.01062	0.01516	0.01981	0.08588	0.55919	0.18110	0.02187	0.00929	0.00287	0.00415	0.01954	0.00697	0.00614
24	0.01846	0.01595	0.01679	0.01511	0.01930	0.01846	0.01175	0.03945	0.67938	0.03105	0.03022	0.02770	0.02266	0.01007	0.00755	0.00252	0.00588	0.00839	0.00755	0.01175
25	0.02144	0.01326	0.01378	0.01169	0.01540	0.04550	0.00927	0.16351	0.09734	0.14607	0.02380	0.02448	0.01751	0.00891	0.00640	0.00203	0.00571	0.00703	0.35711	0.00976
26	0.79154	0.01436	0.01091	0.00976	0.01436	0.01665	0.00804	0.02182	0.01263	0.03331	0.01034	0.01206	0.00804	0.00689	0.00459	0.00230	0.00574	0.00402	0.00459	0.00804
27	0.01041	0.00758	0.00978	0.00923	0.01103	0.00696	0.00693	0.01381	0.02078	0.02920	0.65308	0.05639	0.10620	0.01539	0.00876	0.00234	0.00352	0.01356	0.00810	0.00696
28	0.01539	0.01319	0.01539	0.01100	0.01759	0.00990	0.00880	0.01869	0.01539	0.02419	0.01319	0.01539	0.01100	0.00550	0.00550	0.00110	0.00550	0.00440	0.00440	0.78449
29	0.02270	0.01676	0.01854	0.04351	0.02101	0.01838	0.01224	0.31403	0.22454	0.08031	0.02251	0.02439	0.01732	0.08305	0.01046	0.00278	0.00720	0.00756	0.00698	0.04572
30	0.02228	0.01567	0.01878	0.01392	0.02021	0.01440	0.03334	0.22117	0.02240	0.13931	0.01726	0.01788	0.01269	0.00717	0.00652	0.00169	0.00669	0.00574	0.00608	0.39681
31	0.01709	0.01146	0.01375	0.01183	0.01546	0.01099	0.00926	0.10453	0.08128	0.11818	0.23098	0.11923	0.06438	0.01298	0.00797	0.00228	0.00522	0.03390	0.00735	0.12190
32	0.02601	0.01771	0.02342	0.04983	0.02496	0.01850	0.10602	0.35361	0.05121	0.18677	0.02124	0.05106	0.01554	0.00919	0.00772	0.00234	0.00820	0.00783	0.00709	0.01174
33	0.79154	0.01436	0.01091	0.00976	0.01436	0.01665	0.00804	0.02182	0.01263	0.03331	0.01034	0.01206	0.00804	0.00689	0.00459	0.00230	0.00574	0.00402	0.00459	0.00804
34	0.01402	0.01319	0.02227	0.72126	0.05113	0.01649	0.02062	0.01897	0.01484	0.01897	0.01319	0.01979	0.00990	0.00742	0.00742	0.00247	0.00990	0.00660	0.00330	0.00825
35	0.00977	0.00756	0.00890	0.00857	0.01064	0.00669	0.00642	0.01258	0.01927	0.02564	0.42783	0.06226	0.33367	0.01672	0.00876	0.00241	0.00361	0.01438	0.00763	0.00669
36	0.01791	0.38872	0.34255	0.01687	0.02524	0.05302	0.01955	0.02314	0.01561	0.02028	0.01175	0.01370	0.00947	0.00673	0.00590	0.00195	0.00957	0.00470	0.00318	0.01015
37	0.00932	0.00754	0.00828	0.00810	0.01036	0.00650	0.00607	0.01172	0.01822	0.02313	0.26939	0.06638	0.49367	0.01765	0.00877	0.00245	0.00368	0.01496	0.00730	0.00650
38	0.01667	0.01395	0.01608	0.01160	0.01813	0.01120	0.00932	0.08310	0.01733	0.02643	0.01365	0.01563	0.01116	0.00584	0.00569	0.00121	0.00576	0.00462	0.00470	0.70792
39	0.00903	0.00753	0.00787	0.00779	0.01018	0.00638	0.00584	0.01115	0.01752	0.02148	0.16534	0.06910	0.59876	0.01827	0.00877	0.00248	0.00372	0.01534	0.00708	0.00638
40	0.65346	0.01442	0.01198	0.01040	0.01504	0.01638	0.00855	0.07244	0.01499	0.07304	0.01264	0.01397	0.00949	0.00726	0.00501	0.00227	0.00586	0.00456	0.03961	0.00861
41	0.01402	0.01319	0.02227	0.72126	0.05113	0.01649	0.02062	0.01897	0.01484	0.01897	0.01319	0.01979	0.00990	0.00742	0.00742	0.00247	0.00990	0.00660	0.00330	0.00825
42	0.01985	0.74357	0.03890	0.01270	0.01905	0.02937	0.01270	0.02223	0.01508	0.01747	0.01032	0.01191	0.00953	0.00635	0.00476	0.00159	0.00794	0.00397	0.00318	0.00953
43	0.01881	0.01423	0.01607	0.01344	0.01757	0.01454	0.01051	0.29070	0.05506	0.03307	0.07896	0.21605	0.02746	0.01278	0.00776	0.00227	0.00615	0.01084	0.00681	0.14692
44	0.02723	0.03298	0.02090	0.01871	0.02274	0.60918	0.01417	0.08586	0.06065	0.02142	0.01312	0.01461	0.01059	0.00790	0.00681	0.00198	0.01249	0.00516	0.00436	0.00914
45	0.02773	0.03538	0.02104	0.01913	0.02295	0.70930	0.01434	0.02964	0.02104	0.01817	0.01148	0.01339	0.00956	0.00765	0.00669	0.00191	0.01339	0.00478	0.00383	0.00861
46	0.01402	0.01319	0.02227	0.72126	0.05113	0.01649	0.02062	0.01897	0.01484	0.01897	0.01319	0.01979	0.00990	0.00742	0.00742	0.00247	0.00990	0.00660	0.00330	0.00825
47	0.00887	0.00740	0.00774	0.00791	0.01015	0.00627	0.00584	0.01075	0.01678	0.02033	0.09628	0.14504	0.59285	0.01915	0.00885	0.00256	0.00381	0.01619	0.00695	0.00627
48	0.01402	0.01319	0.02227	0.72126	0.05113	0.01649	0.02062	0.01897	0.01484	0.01897	0.01319	0.01979	0.00990	0.00742	0.00742	0.00247	0.00990	0.00660	0.00330	0.00825
49	0.01196	0.00854	0.01196	0.01367	0.01538	0.00854	0.01196	0.01538	0.01709	0.02222	0.03931	0.08374	0.04272	0.02051	0.01025	0.00342	0.00684	0.64283	0.00684	0.00684
50	0.02292	0.01350	0.01587	0.01330	0.01776	0.01378	0.01060	0.09099	0.24922	0.27024	0.11769	0.03278	0.07609	0.01096	0.00776	0.00239	0.00578	0.00910	0.00816	0.01112
51	0.03331	0.01263	0.01723	0.01321	0.01895	0.01091	0.01091	0.03618	0.02125	0.69794	0.02929	0.02527	0.01838	0.00919	0.00747	0.00230	0.00632	0.00747	0.00919	0.01263

[dist]
# distance from previous block
# <min> <max>
0	1

[block]
# block no. 5 follows, 27 sequences, length 14
# corresponding to MSA columns:
# 375-388
name=unknown_F
#
# <colnr> <probs for GDERKNQSTAVLIFYWHMCP>
#	G	D	E	R	K	N	Q	S	T	A	V	L	I	F	Y	W	H	M	C	P
0	0.01138	0.06137	0.01176	0.00947	0.01221	0.00972	0.00738	0.01627	0.10198	0.02456	0.27325	0.05621	0.34618	0.01557	0.00833	0.00238	0.00424	0.01315	0.00714	0.00744
1	0.01896	0.01373	0.01674	0.01291	0.01808	0.01272	0.01043	0.05054	0.06456	0.13571	0.05100	0.02013	0.01594	0.00802	0.00860	0.00178	0.09676	0.00601	0.00559	0.43178
2	0.79154	0.01436	0.01091	0.00976	0.01436	0.01665	0.00804	0.02182	0.01263	0.03331	0.01034	0.01206	0.00804	0.00689	0.00459	0.00230	0.00574	0.00402	0.00459	0.00804
3	0.07982	0.01587	0.01748	0.04956	0.02072	0.01643	0.01151	0.23211	0.15085	0.03295	0.01945	0.06160	0.01579	0.00876	0.00679	0.00202	0.00660	0.00700	0.00610	0.23860
4	0.05795	0.01632	0.01772	0.01790	0.10273	0.10544	0.01235	0.07943	0.06578	0.07598	0.06274	0.12320	0.05533	0.01143	0.00921	0.00234	0.08259	0.00910	0.00568	0.08678
5	0.02038	0.02091	0.02340	0.05027	0.28934	0.19183	0.01709	0.08419	0.04946	0.02392	0.01731	0.04568	0.03389	0.01112	0.04387	0.00275	0.05298	0.00710	0.00444	0.01008
6	0.17355	0.01874	0.01915	0.04931	0.02128	0.10606	0.04536	0.24098	0.02182	0.03230	0.01502	0.01736	0.01158	0.00860	0.00856	0.00229	0.09231	0.00603	0.10005	0.00965
7	0.55309	0.01379	0.01305	0.10554	0.01975	0.01540	0.01000	0.02075	0.01349	0.02972	0.01242	0.01683	0.01026	0.00741	0.00535	0.00222	0.00632	0.03389	0.00450	0.10624
8	0.01788	0.01774	0.02900	0.18487	0.29908	0.04551	0.12738	0.05440	0.01693	0.02312	0.01354	0.01846	0.01097	0.00770	0.00973	0.00243	0.10048	0.00688	0.00375	0.01016
9	0.03105	0.01434	0.01805	0.01405	0.01968	0.01370	0.01154	0.14493	0.08510	0.52386	0.02741	0.02422	0.01779	0.00922	0.00747	0.00231	0.00659	0.00742	0.00873	0.01255
10	0.01457	0.01376	0.02326	0.63578	0.13230	0.01664	0.02089	0.01945	0.01510	0.01964	0.01329	0.01961	0.01013	0.00732	0.00741	0.00244	0.00976	0.00660	0.00335	0.00869
11	0.01635	0.01654	0.02146	0.01865	0.01903	0.06401	0.01537	0.01810	0.01203	0.01782	0.01095	0.01746	0.01069	0.01727	0.09733	0.00410	0.60494	0.00655	0.00336	0.00799
12	0.03331	0.01263	0.01723	0.01321	0.01895	0.01091	0.01091	0.03618	0.02125	0.69794	0.02929	0.02527	0.01838	0.00919	0.00747	0.00230	0.00632	0.00747	0.00919	0.01263
13	0.03020	0.01195	0.01623	0.01268	0.01788	0.01038	0.01038	0.03315	0.02122	0.60679	0.11926	0.02939	0.02542	0.01001	0.00764	0.00230	0.00593	0.00828	0.00905	0.01187

[dist]
# distance from previous block
# <min> <max>
0	29

[block]
# block no. 6 follows, 27 sequences, length 92
# corresponding to MSA columns:
# 418-509
name=unknown_G
#
# <colnr> <probs for GDERKNQSTAVLIFYWHMCP>
#	G	D	E	R	K	N	Q	S	T	A	V	L	I	F	Y	W	H	M	C	P
0	0.02787	0.02068	0.02256	0.01811	0.04718	0.02283	0.01442	0.64477	0.03425	0.04597	0.01768	0.01784	0.01259	0.00883	0.00742	0.00223	0.00819	0.00668	0.00729	0.01259
1	0.01402	0.01319	0.02227	0.72126	0.05113	0.01649	0.02062	0.01897	0.01484	0.01897	0.01319	0.01979	0.00990	0.00742	0.00742	0.00247	0.00990	0.00660	0.00330	0.00825
2	0.01062	0.00789	0.01161	0.01161	0.01282	0.00910	0.00888	0.01305	0.01184	0.01699	0.02018	0.03080	0.01927	0.11336	0.65297	0.01153	0.01881	0.00819	0.00402	0.00645
3	0.01842	0.01804	0.02908	0.10071	0.61008	0.04775	0.02223	0.02276	0.01691	0.02355	0.01379	0.01827	0.01151	0.00673	0.00733	0.00221	0.00911	0.00653	0.00365	0.01133
4	0.01051	0.00759	0.00992	0.00934	0.01109	0.00700	0.00700	0.01401	0.02101	0.02977	0.68888	0.05545	0.07005	0.01518	0.00876	0.00233	0.00350	0.01343	0.00817	0.00700
