[name]
unknown

[dist]
# distance from previous block
# <min> <max>
0	7

[block]
# block no. 0 follows, 28 sequences, length 59
# corresponding to MSA columns:
# 7-65
name=unknown_A
#
# <colnr> <probs for GDERKNQSTAVLIFYWHMCP>
#	G	D	E	R	K	N	Q	S	T	A	V	L	I	F	Y	W	H	M	C	P
0	0.04086	0.00804	0.00999	0.01022	0.01224	0.00757	0.00815	0.01421	0.01778	0.04927	0.26807	0.11398	0.19318	0.01722	0.00885	0.00268	0.00468	0.19904	0.00716	0.00682
1	0.01943	0.74891	0.03809	0.01244	0.01866	0.02876	0.01244	0.02177	0.01477	0.01710	0.01011	0.01166	0.00933	0.00622	0.00466	0.00155	0.00777	0.00389	0.00311	0.00933
2	0.01687	0.02190	0.13330	0.03038	0.08943	0.01809	0.53231	0.02317	0.01686	0.02328	0.01440	0.01889	0.01082	0.00626	0.00824	0.00241	0.01176	0.00797	0.00359	0.01007
3	0.01943	0.74891	0.03809	0.01244	0.01866	0.02876	0.01244	0.02177	0.01477	0.01710	0.01011	0.01166	0.00933	0.00622	0.00466	0.00155	0.00777	0.00389	0.00311	0.00933
4	0.01712	0.02010	0.06546	0.03111	0.07661	0.01826	0.61186	0.02322	0.01706	0.02330	0.01459	0.01936	0.01099	0.00618	0.00844	0.00243	0.01199	0.00834	0.00365	0.00994
5	0.01679	0.02107	0.10696	0.02863	0.03567	0.01858	0.55050	0.02275	0.01644	0.02275	0.01408	0.01886	0.01072	0.00679	0.00977	0.00250	0.07580	0.00806	0.00357	0.00973
6	0.01263	0.00631	0.00947	0.00947	0.00947	0.00631	0.00631	0.00947	0.00947	0.01263	0.01263	0.02210	0.01263	0.02525	0.02841	0.78851	0.00631	0.00631	0.00316	0.00316
7	0.00886	0.00633	0.00843	0.01012	0.01054	0.00590	0.00675	0.01012	0.01392	0.01856	0.04006	0.73979	0.04808	0.02277	0.00928	0.00295	0.00422	0.02066	0.00675	0.00590
8	0.00922	0.00707	0.00849	0.00939	0.01066	0.00650	0.00656	0.01153	0.04113	0.01997	0.08853	0.46518	0.24836	0.02046	0.00895	0.00274	0.00407	0.01810	0.00685	0.00625
9	0.14054	0.02964	0.01973	0.01876	0.06099	0.52552	0.01360	0.06968	0.02003	0.02217	0.01162	0.01349	0.00946	0.00740	0.00633	0.00197	0.01140	0.00480	0.00408	0.00878
10	0.01422	0.00743	0.00749	0.00725	0.00914	0.00753	0.00550	0.04843	0.01615	0.02800	0.02341	0.02664	0.01833	0.00848	0.00519	0.00172	0.00361	0.00676	0.74768	0.00704
11	0.00886	0.00633	0.00843	0.01012	0.01054	0.00590	0.00675	0.01012	0.01392	0.01856	0.04006	0.73979	0.04808	0.02277	0.00928	0.00295	0.00422	0.02066	0.00675	0.00590
12	0.02622	0.02529	0.02066	0.01725	0.02205	0.29038	0.01361	0.34329	0.11233	0.03298	0.01660	0.01701	0.01246	0.00839	0.00701	0.00210	0.00969	0.00604	0.00592	0.01073
13	0.03261	0.01237	0.01687	0.01293	0.01856	0.01068	0.01068	0.03543	0.02081	0.70423	0.02868	0.02474	0.01799	0.00900	0.00731	0.00225	0.00619	0.00731	0.00900	0.01237
14	0.02027	0.01670	0.01767	0.01524	0.01974	0.01910	0.01204	0.18460	0.53652	0.03394	0.02680	0.02490	0.01993	0.00960	0.00737	0.00240	0.00627	0.00783	0.00737	0.01170
15	0.00886	0.00633	0.00843	0.01012	0.01054	0.00590	0.00675	0.01012	0.01392	0.01856	0.04006	0.73979	0.04808	0.02277	0.00928	0.00295	0.00422	0.02066	0.00675	0.00590
16	0.01943	0.74891	0.03809	0.01244	0.01866	0.02876	0.01244	0.02177	0.01477	0.01710	0.01011	0.01166	0.00933	0.00622	0.00466	0.00155	0.00777	0.00389	0.00311	0.00933
17	0.01534	0.01312	0.01504	0.01144	0.01725	0.01099	0.00904	0.02150	0.13145	0.02464	0.01691	0.04650	0.01426	0.00686	0.00589	0.00139	0.00540	0.00565	0.00494	0.62238
18	0.02717	0.03411	0.02064	0.01865	0.02247	0.68968	0.01404	0.05296	0.02110	0.01883	0.01147	0.01327	0.00947	0.00754	0.00658	0.00188	0.01292	0.00475	0.00388	0.00857
19	0.01681	0.01855	0.03745	0.02739	0.03323	0.01875	0.51004	0.02189	0.01585	0.02214	0.01359	0.01865	0.01072	0.00741	0.01149	0.00253	0.15593	0.00793	0.00361	0.04602
20	0.01753	0.05736	0.33115	0.02389	0.03218	0.11731	0.27027	0.02393	0.01676	0.02215	0.01331	0.01651	0.00993	0.00667	0.00741	0.00227	0.01154	0.00644	0.00340	0.01000
21	0.01226	0.00783	0.01021	0.00949	0.01153	0.00713	0.00715	0.01541	0.01996	0.09291	0.55759	0.09778	0.09273	0.01499	0.00850	0.00234	0.00376	0.01319	0.00795	0.00729
22	0.01373	0.01292	0.02180	0.72707	0.05006	0.01615	0.02019	0.01857	0.01453	0.01857	0.01292	0.01938	0.00969	0.00727	0.00727	0.00242	0.00969	0.00646	0.00323	0.00807
23	0.02571	0.01845	0.01984	0.01555	0.02085	0.02033	0.01274	0.53349	0.09512	0.06775	0.01958	0.01948	0.01406	0.00882	0.00710	0.00217	0.00732	0.00675	0.07308	0.01181
24	0.01057	0.00705	0.00793	0.00793	0.00793	0.00705	0.00440	0.01057	0.01057	0.01409	0.02290	0.04757	0.02643	0.74454	0.03700	0.00705	0.00705	0.01057	0.00440	0.00440
25	0.03261	0.01237	0.01687	0.01293	0.01856	0.01068	0.01068	0.03543	0.02081	0.70423	0.02868	0.02474	0.01799	0.00900	0.00731	0.00225	0.00619	0.00731	0.00900	0.01237
26	0.01458	0.03760	0.70688	0.02072	0.03146	0.01688	0.02686	0.02302	0.01535	0.02302	0.01304	0.01535	0.00921	0.00691	0.00691	0.00230	0.01074	0.00537	0.00307	0.01074
27	0.02603	0.01346	0.01643	0.01352	0.01840	0.01346	0.01086	0.03587	0.28351	0.41251	0.05434	0.02680	0.02157	0.00956	0.00739	0.00234	0.00591	0.00789	0.00833	0.01182
28	0.02763	0.02036	0.02182	0.01672	0.02254	0.02254	0.01382	0.67496	0.03418	0.04581	0.01745	0.01745	0.01236	0.00873	0.00727	0.00218	0.00800	0.00654	0.00727	0.01236
29	0.00886	0.00633	0.00843	0.01012	0.01054	0.00590	0.00675	0.01012	0.01392	0.01856	0.04006	0.73979	0.04808	0.02277	0.00928	0.00295	0.00422	0.02066	0.00675	0.00590
30	0.02268	0.11702	0.02775	0.02052	0.02505	0.39122	0.16102	0.02613	0.03939	0.01931	0.01230	0.01508	0.01015	0.00757	0.00834	0.00210	0.07604	0.00572	0.00372	0.00890
31	0.01694	0.02070	0.08749	0.02954	0.03686	0.01842	0.60498	0.02306	0.01682	0.02306	0.01441	0.01918	0.01085	0.00642	0.00902	0.00247	0.03810	0.00828	0.00362	0.00980
32	0.03261	0.01237	0.01687	0.01293	0.01856	0.01068	0.01068	0.03543	0.02081	0.70423	0.02868	0.02474	0.01799	0.00900	0.00731	0.00225	0.00619	0.00731	0.00900	0.01237
33	0.02581	0.01882	0.02028	0.01588	0.02117	0.02077	0.01292	0.54869	0.09970	0.06446	0.01940	0.02047	0.01439	0.05209	0.00903	0.00250	0.00765	0.00698	0.00717	0.01181
34	0.00995	0.00770	0.01081	0.09281	0.01554	0.00800	0.00875	0.01194	0.01476	0.01995	0.12493	0.52845	0.04460	0.01943	0.00966	0.00281	0.03987	0.01731	0.00634	0.00638
35	0.01696	0.01921	0.04165	0.07156	0.03870	0.01825	0.63445	0.02301	0.01700	0.02301	0.01460	0.01959	0.01095	0.00619	0.00850	0.00245	0.01210	0.00845	0.00365	0.00970
36	0.01559	0.01335	0.01568	0.01139	0.01752	0.01079	0.00916	0.04321	0.01561	0.02423	0.01293	0.01520	0.01077	0.00586	0.00635	0.00122	0.04056	0.00449	0.00436	0.72173
37	0.79588	0.01406	0.01068	0.00956	0.01406	0.01631	0.00787	0.02137	0.01237	0.03261	0.01012	0.01181	0.00787	0.00675	0.00450	0.00225	0.00562	0.00394	0.00450	0.00787
38	0.01056	0.00708	0.00811	0.00811	0.00817	0.00715	0.00463	0.01069	0.01062	0.01423	0.02274	0.04665	0.02603	0.71115	0.06984	0.00727	0.00765	0.01044	0.00438	0.00451
39	0.79588	0.01406	0.01068	0.00956	0.01406	0.01631	0.00787	0.02137	0.01237	0.03261	0.01012	0.01181	0.00787	0.00675	0.00450	0.00225	0.00562	0.00394	0.00450	0.00787
40	0.07474	0.01744	0.01965	0.09175	0.02366	0.01925	0.01329	0.44529	0.04844	0.08905	0.06894	0.02091	0.01675	0.00896	0.00720	0.00223	0.00748	0.00697	0.00684	0.01117
41	0.08317	0.01352	0.01709	0.01320	0.01877	0.01259	0.01090	0.11704	0.02197	0.57418	0.02598	0.02293	0.01659	0.00881	0.00712	0.00224	0.00638	0.00698	0.00847	0.01207
42	0.00886	0.00633	0.00843	0.01012	0.01054	0.00590	0.00675	0.01012	0.01392	0.01856	0.04006	0.73979	0.04808	0.02277	0.00928	0.00295	0.00422	0.02066	0.00675	0.00590
43	0.02279	0.01445	0.01565	0.01259	0.01683	0.01543	0.01021	0.36421	0.02572	0.10241	0.02091	0.02181	0.01528	0.00865	0.00645	0.00200	0.00608	0.00671	0.30157	0.01025
44	0.01656	0.01550	0.02602	0.29960	0.36764	0.01678	0.04583	0.05222	0.01667	0.02276	0.01462	0.02114	0.01207	0.00742	0.00740	0.00232	0.00906	0.03262	0.00376	0.00999
45	0.00981	0.00741	0.00905	0.00864	0.01056	0.00665	0.00648	0.01279	0.01944	0.02645	0.51892	0.05874	0.24671	0.01587	0.00858	0.00233	0.00350	0.01377	0.00765	0.00665
46	0.03154	0.01256	0.01683	0.01297	0.01845	0.01110	0.01069	0.06464	0.02142	0.64795	0.05320	0.02551	0.01963	0.00920	0.00736	0.00225	0.00617	0.00749	0.00888	0.01216
47	0.06272	0.01333	0.04089	0.01307	0.01883	0.01113	0.01114	0.03442	0.02027	0.65323	0.02738	0.02389	0.01728	0.00883	0.00718	0.00225	0.00632	0.00711	0.00861	0.01213
48	0.02508	0.03096	0.02183	0.06922	0.11167	0.57869	0.01552	0.02746	0.01967	0.01861	0.01166	0.01416	0.00966	0.00734	0.00668	0.00195	0.01230	0.00503	0.00369	0.00880
49	0.01485	0.01406	0.02383	0.54763	0.22074	0.01644	0.02075	0.01955	0.01507	0.01993	0.01312	0.01901	0.01017	0.00706	0.00725	0.00235	0.00941	0.00646	0.00333	0.00898
50	0.01620	0.18641	0.53399	0.01889	0.02835	0.05279	0.02322	0.02305	0.01548	0.02153	0.01234	0.01447	0.00924	0.00679	0.00642	0.00212	0.01023	0.00503	0.00311	0.01034
51	0.00897	0.00646	0.00850	0.00994	0.01054	0.00599	0.00671	0.01043	0.01457	0.01948	0.09576	0.65745	0.07438	0.02195	0.00919	0.00288	0.00413	0.01984	0.00685	0.00599
52	0.02076	0.01592	0.01783	0.01336	0.01942	0.01513	0.01085	0.27557	0.05424	0.05819	0.01606	0.01693	0.01220	0.00703	0.00629	0.00162	0.00645	0.00547	0.00578	0.42091
53	0.00949	0.00667	0.00857	0.00971	0.01019	0.00635	0.00646	0.01073	0.01379	0.01848	0.08468	0.49969	0.04437	0.18626	0.01557	0.00385	0.00492	0.04823	0.00630	0.00567
54	0.79588	0.01406	0.01068	0.00956	0.01406	0.01631	0.00787	0.02137	0.01237	0.03261	0.01012	0.01181	0.00787	0.00675	0.00450	0.00225	0.00562	0.00394	0.00450	0.00787
55	0.01071	0.00724	0.00941	0.01055	0.01144	0.00689	0.00724	0.04296	0.01516	0.04747	0.03852	0.67643	0.04516	0.02155	0.00910	0.00289	0.00448	0.01945	0.00686	0.00647
56	0.01373	0.01292	0.02180	0.72707	0.05006	0.01615	0.02019	0.01857	0.01453	0.01857	0.01292	0.01938	0.00969	0.00727	0.00727	0.00242	0.00969	0.00646	0.00323	0.00807
57	0.01716	0.01961	0.04289	0.03064	0.03799	0.01838	0.67279	0.02328	0.01716	0.02328	0.01471	0.01961	0.01103	0.00613	0.00858	0.00245	0.01225	0.00858	0.00368	0.00980
58	0.00884	0.00639	0.00837	0.00994	0.01050	0.00592	0.00667	0.01014	0.01409	0.01863	0.04222	0.69669	0.08979	0.02249	0.00923	0.00292	0.00418	0.02032	0.00675	0.00592

[dist]
# distance from previous block
# <min> <max>
3	29

[block]
# block no. 1 follows, 28 sequences, length 384
# corresponding to MSA columns:
# 95-103,107-118,122-484
name=unknown_B
#
# <colnr> <probs for GDERKNQSTAVLIFYWHMCP>
#	G	D	E	R	K	N	Q	S	T	A	V	L	I	F	Y	W	H	M	C	P
0	0.00913	0.00690	0.00900	0.01086	0.03484	0.00635	0.00709	0.01061	0.01447	0.01893	0.04499	0.59725	0.15993	0.02143	0.00908	0.00284	0.00428	0.01923	0.00664	0.00614
1	0.00911	0.00667	0.00893	0.01044	0.01085	0.00648	0.00707	0.01038	0.01382	0.01852	0.03898	0.71412	0.04671	0.02242	0.00980	0.00296	0.03001	0.02016	0.00662	0.00598
2	0.01784	0.01712	0.02923	0.06882	0.67617	0.01723	0.02223	0.02218	0.01648	0.02356	0.01365	0.01804	0.01145	0.00650	0.00720	0.00217	0.00867	0.00648	0.00359	0.01139
3	0.01683	0.01889	0.04013	0.02898	0.03553	0.01827	0.60065	0.02241	0.01648	0.02253	0.01462	0.02033	0.01147	0.03281	0.01071	0.00267	0.06508	0.00849	0.00367	0.00948
4	0.01049	0.00705	0.00812	0.00819	0.00827	0.00710	0.00472	0.01066	0.01076	0.01440	0.02344	0.07470	0.02692	0.68327	0.06740	0.00710	0.00751	0.01085	0.00448	0.00456
5	0.00885	0.00737	0.00772	0.00763	0.00997	0.00624	0.00572	0.01093	0.01717	0.02106	0.16698	0.06761	0.60201	0.01788	0.00859	0.00243	0.00364	0.01501	0.00694	0.00624
6	0.01763	0.01691	0.02886	0.10162	0.64497	0.01718	0.02213	0.02200	0.01638	0.02332	0.01361	0.01811	0.01136	0.00654	0.00720	0.00218	0.00872	0.00648	0.00357	0.01123
7	0.01784	0.01711	0.02923	0.06913	0.67588	0.01723	0.02223	0.02217	0.01648	0.02356	0.01365	0.01804	0.01145	0.00651	0.00720	0.00217	0.00867	0.00648	0.00358	0.01139
8	0.01590	0.01590	0.02226	0.01908	0.01908	0.02226	0.01590	0.01749	0.01113	0.01749	0.00954	0.01590	0.00954	0.01272	0.02385	0.00318	0.73123	0.00636	0.00318	0.00795
9	0.01263	0.00631	0.00947	0.00947	0.00947	0.00631	0.00631	0.00947	0.00947	0.01263	0.01263	0.02210	0.01263	0.02525	0.02841	0.78851	0.00631	0.00631	0.00316	0.00316
10	0.01719	0.01997	0.05867	0.13853	0.03613	0.07585	0.41308	0.02230	0.01624	0.02138	0.01346	0.01844	0.01044	0.00724	0.00998	0.00248	0.09833	0.00754	0.00353	0.00923
11	0.01458	0.03760	0.70688	0.02072	0.03146	0.01688	0.02686	0.02302	0.01535	0.02302	0.01304	0.01535	0.00921	0.00691	0.00691	0.00230	0.01074	0.00537	0.00307	0.01074
12	0.35203	0.24782	0.02177	0.01261	0.01758	0.15678	0.01080	0.04690	0.01577	0.04608	0.01117	0.01262	0.00909	0.00687	0.00514	0.00196	0.00786	0.00426	0.00416	0.00874
13	0.01627	0.28549	0.47380	0.01783	0.02700	0.02102	0.02183	0.02258	0.01515	0.02096	0.01202	0.01406	0.00925	0.00667	0.00612	0.00204	0.00971	0.00485	0.00308	0.01025
14	0.01596	0.24002	0.51656	0.01836	0.02782	0.02026	0.02275	0.02266	0.01518	0.02134	0.01221	0.01430	0.00924	0.00671	0.00627	0.00209	0.00990	0.00495	0.00308	0.01034
15	0.17995	0.06403	0.01854	0.01411	0.01905	0.10039	0.01150	0.22773	0.07432	0.16090	0.01882	0.04810	0.01426	0.00876	0.00657	0.00219	0.00744	0.00651	0.00635	0.01047
16	0.01057	0.00705	0.00793	0.00793	0.00793	0.00705	0.00440	0.01057	0.01057	0.01409	0.02290	0.04757	0.02643	0.74454	0.03700	0.00705	0.00705	0.01057	0.00440	0.00440
17	0.01468	0.03693	0.68226	0.02109	0.03170	0.01694	0.05081	0.02303	0.01541	0.02303	0.01311	0.01550	0.00928	0.00688	0.00697	0.00231	0.01080	0.00549	0.00309	0.01071
18	0.01512	0.01416	0.01942	0.01676	0.01776	0.01848	0.01377	0.04094	0.01252	0.01902	0.01287	0.04563	0.01260	0.01897	0.13099	0.00430	0.50128	0.00697	0.00368	0.07477
19	0.01507	0.01292	0.01507	0.01077	0.01723	0.00969	0.00861	0.01830	0.01507	0.02369	0.01292	0.01507	0.01077	0.00538	0.00538	0.00108	0.00538	0.00431	0.00431	0.78898
20	0.01633	0.00903	0.01171	0.01038	0.01314	0.00826	0.00799	0.04243	0.02026	0.19907	0.40469	0.11331	0.08564	0.01412	0.00828	0.00235	0.00438	0.01228	0.00804	0.00832
21	0.01029	0.00743	0.00972	0.00914	0.01086	0.00686	0.00686	0.01372	0.02058	0.02915	0.69536	0.05430	0.06859	0.01486	0.00857	0.00229	0.00343	0.01315	0.00800	0.00686
22	0.02732	0.01958	0.02123	0.01624	0.02208	0.02131	0.01341	0.60994	0.03257	0.08032	0.01785	0.01773	0.01259	0.00859	0.00719	0.00213	0.00778	0.00648	0.00723	0.04844
23	0.05578	0.05060	0.02011	0.01526	0.02042	0.06248	0.01257	0.48822	0.02917	0.03874	0.02318	0.02445	0.08625	0.00987	0.00724	0.00221	0.00770	0.02811	0.00669	0.01096
24	0.01779	0.40808	0.30170	0.01667	0.02460	0.05558	0.04230	0.02265	0.01536	0.01970	0.01149	0.01347	0.00934	0.00655	0.00578	0.00190	0.00936	0.00468	0.00314	0.00986
25	0.01458	0.03760	0.70688	0.02072	0.03146	0.01688	0.02686	0.02302	0.01535	0.02302	0.01304	0.01535	0.00921	0.00691	0.00691	0.00230	0.01074	0.00537	0.00307	0.01074
26	0.01799	0.01727	0.02950	0.04462	0.69919	0.01727	0.02231	0.02231	0.01655	0.02375	0.01367	0.01799	0.01151	0.00648	0.00720	0.00216	0.00864	0.00648	0.00360	0.01151
27	0.05391	0.01937	0.22849	0.01454	0.02103	0.01216	0.01490	0.02726	0.01874	0.34972	0.13871	0.02644	0.02365	0.00928	0.00729	0.00227	0.00709	0.00759	0.00681	0.01073
28	0.01436	0.00912	0.01136	0.01052	0.01294	0.00874	0.00795	0.04840	0.07087	0.12010	0.34919	0.18104	0.09604	0.01518	0.00839	0.00243	0.00437	0.01328	0.00772	0.00799
29	0.00878	0.00737	0.00763	0.00757	0.00994	0.00622	0.00567	0.01080	0.01702	0.02071	0.14404	0.06818	0.62517	0.01801	0.00859	0.00244	0.00365	0.01509	0.00689	0.00622
30	0.01373	0.01292	0.02180	0.72707	0.05006	0.01615	0.02019	0.01857	0.01453	0.01857	0.01292	0.01938	0.00969	0.00727	0.00727	0.00242	0.00969	0.00646	0.00323	0.00807
31	0.31612	0.03474	0.02022	0.26097	0.14065	0.01708	0.04567	0.04451	0.01488	0.02600	0.01214	0.01597	0.00944	0.00691	0.00618	0.00228	0.00796	0.00552	0.00394	0.00883
32	0.00982	0.00776	0.01190	0.01214	0.01338	0.00734	0.06889	0.01172	0.01435	0.01910	0.03801	0.58178	0.06915	0.02246	0.04324	0.00332	0.00579	0.04720	0.00632	0.00634
33	0.00886	0.00633	0.00843	0.01012	0.01054	0.00590	0.00675	0.01012	0.01392	0.01856	0.04006	0.73979	0.04808	0.02277	0.00928	0.00295	0.00422	0.02066	0.00675	0.00590
34	0.00890	0.00636	0.00848	0.01009	0.01055	0.00594	0.00675	0.01024	0.01414	0.01891	0.06227	0.71656	0.04877	0.02251	0.00925	0.00293	0.00419	0.02041	0.00679	0.00594
35	0.17602	0.01155	0.01263	0.01132	0.01463	0.01171	0.00871	0.11606	0.01707	0.07157	0.02387	0.22317	0.02425	0.07103	0.03489	0.00304	0.00625	0.04103	0.00589	0.11532
36	0.02192	0.01652	0.01783	0.01480	0.01923	0.01829	0.01180	0.38981	0.19245	0.03722	0.02392	0.11969	0.02005	0.01093	0.00746	0.00233	0.00667	0.00891	0.04920	0.01096
37	0.00886	0.00633	0.00843	0.01012	0.01054	0.00590	0.00675	0.01012	0.01392	0.01856	0.04006	0.73979	0.04808	0.02277	0.00928	0.00295	0.00422	0.02066	0.00675	0.00590
38	0.01943	0.74891	0.03809	0.01244	0.01866	0.02876	0.01244	0.02177	0.01477	0.01710	0.01011	0.01166	0.00933	0.00622	0.00466	0.00155	0.00777	0.00389	0.00311	0.00933
39	0.01943	0.74891	0.03809	0.01244	0.01866	0.02876	0.01244	0.02177	0.01477	0.01710	0.01011	0.01166	0.00933	0.00622	0.00466	0.00155	0.00777	0.00389	0.00311	0.00933
40	0.02202	0.01760	0.01876	0.01424	0.02019	0.04229	0.01157	0.35366	0.05070	0.03499	0.01580	0.01667	0.01196	0.00733	0.00646	0.00172	0.00701	0.00561	0.00591	0.33548
41	0.01661	0.01726	0.02217	0.01896	0.01981	0.09054	0.04676	0.01854	0.01242	0.01775	0.01082	0.01690	0.01034	0.01550	0.08138	0.00375	0.56277	0.00642	0.00332	0.00796
42	0.01438	0.01358	0.02297	0.62325	0.14881	0.01632	0.02051	0.01914	0.01484	0.01936	0.01303	0.01917	0.00997	0.00715	0.00726	0.00238	0.00953	0.00646	0.00329	0.00860
43	0.01799	0.01727	0.02950	0.04462	0.69919	0.01727	0.02231	0.02231	0.01655	0.02375	0.01367	0.01799	0.01151	0.00648	0.00720	0.00216	0.00864	0.00648	0.00360	0.01151
44	0.00861	0.00729	0.00744	0.00756	0.00987	0.00612	0.00561	0.01041	0.01638	0.01956	0.07120	0.11852	0.64925	0.01873	0.00864	0.00249	0.00372	0.01573	0.00675	0.00612
45	0.01355	0.00678	0.00678	0.00678	0.00847	0.00678	0.00508	0.01694	0.01524	0.02710	0.02371	0.02710	0.01863	0.00847	0.00508	0.00169	0.00339	0.00678	0.78489	0.00678
46	0.01808	0.01561	0.01644	0.01479	0.01890	0.01808	0.01151	0.03863	0.68606	0.03041	0.02959	0.02712	0.02219	0.00986	0.00740	0.00247	0.00575	0.00822	0.00740	0.01151
47	0.03261	0.01237	0.01687	0.01293	0.01856	0.01068	0.01068	0.03543	0.02081	0.70423	0.02868	0.02474	0.01799	0.00900	0.00731	0.00225	0.00619	0.00731	0.00900	0.01237
48	0.00876	0.00737	0.00760	0.00755	0.00992	0.00621	0.00566	0.01077	0.01698	0.02061	0.13713	0.06836	0.63214	0.01805	0.00859	0.00244	0.00366	0.01512	0.00688	0.00621
49	0.19913	0.01895	0.01933	0.01513	0.02065	0.02115	0.01249	0.52905	0.02931	0.04287	0.01582	0.01619	0.01136	0.00828	0.00665	0.00220	0.00747	0.00596	0.00665	0.01136
50	0.01165	0.00832	0.01162	0.01319	0.01487	0.00830	0.01149	0.01500	0.01691	0.02210	0.06900	0.08071	0.04308	0.01984	0.00997	0.00330	0.00654	0.62067	0.00675	0.00670
51	0.03052	0.12936	0.02024	0.01285	0.01857	0.01356	0.01096	0.03326	0.01985	0.59509	0.02573	0.02266	0.01662	0.00856	0.00689	0.00214	0.00644	0.00677	0.00806	0.01189
52	0.00978	0.00741	0.00902	0.00861	0.01055	0.00664	0.00646	0.01274	0.01938	0.02632	0.51023	0.05896	0.25549	0.01592	0.00858	0.00234	0.00350	0.01380	0.00763	0.00664
53	0.03145	0.01423	0.01802	0.01382	0.01949	0.01345	0.01141	0.18457	0.02392	0.55068	0.02606	0.02304	0.01668	0.00893	0.00730	0.00223	0.00661	0.00713	0.00859	0.01237
54	0.02737	0.01984	0.02138	0.01649	0.02223	0.02190	0.01359	0.62169	0.06396	0.06951	0.01843	0.01817	0.01303	0.00879	0.00728	0.00220	0.00783	0.00665	0.00734	0.01232
55	0.00873	0.00737	0.00755	0.00751	0.00990	0.00619	0.00563	0.01069	0.01689	0.02039	0.12312	0.06871	0.64629	0.01813	0.00859	0.00244	0.00366	0.01517	0.00685	0.00619
56	0.03261	0.01237	0.01687	0.01293	0.01856	0.01068	0.01068	0.03543	0.02081	0.70423	0.02868	0.02474	0.01799	0.00900	0.00731	0.00225	0.00619	0.00731	0.00900	0.01237
57	0.04373	0.01309	0.01694	0.01464	0.01716	0.01517	0.04184	0.05061	0.17365	0.05264	0.23108	0.03320	0.03252	0.01214	0.01201	0.00259	0.19109	0.03080	0.00626	0.00884
58	0.01096	0.00848	0.01248	0.01220	0.01340	0.01019	0.00958	0.01349	0.01173	0.01721	0.01871	0.02740	0.01742	0.04957	0.63526	0.01066	0.08194	0.00763	0.02507	0.00663
59	0.01901	0.68737	0.09596	0.01315	0.01976	0.02773	0.01369	0.02187	0.01482	0.01761	0.01036	0.01198	0.00932	0.00628	0.00486	0.00162	0.00803	0.00402	0.00311	0.00945
60	0.01263	0.00631	0.00947	0.00947	0.00947	0.00631	0.00631	0.00947	0.00947	0.01263	0.01263	0.02210	0.01263	0.02525	0.02841	0.78851	0.00631	0.00631	0.00316	0.00316
61	0.01507	0.01292	0.01507	0.01077	0.01723	0.00969	0.00861	0.01830	0.01507	0.02369	0.01292	0.01507	0.01077	0.00538	0.00538	0.00108	0.00538	0.00431	0.00431	0.78898
62	0.01501	0.10131	0.64698	0.01998	0.03031	0.01795	0.02557	0.02291	0.01530	0.02249	0.01278	0.01502	0.00922	0.00684	0.00671	0.00224	0.01048	0.00524	0.00307	0.01062
63	0.06987	0.30360	0.25016	0.01545	0.02250	0.04588	0.01663	0.09543	0.01734	0.02377	0.03444	0.04785	0.01312	0.00782	0.00608	0.00201	0.00852	0.00575	0.00400	0.00977
64	0.01263	0.00631	0.00947	0.00947	0.00947	0.00631	0.00631	0.00947	0.00947	0.01263	0.01263	0.02210	0.01263	0.02525	0.02841	0.78851	0.00631	0.00631	0.00316	0.00316
65	0.01507	0.01292	0.01507	0.01077	0.01723	0.00969	0.00861	0.01830	0.01507	0.02369	0.01292	0.01507	0.01077	0.00538	0.00538	0.00108	0.00538	0.00431	0.00431	0.78898
66	0.01753	0.46953	0.30077	0.01569	0.02369	0.02410	0.01810	0.02226	0.01500	0.01943	0.01126	0.01311	0.00928	0.00649	0.00554	0.00185	0.00894	0.00447	0.00309	0.00988
67	0.00886	0.00633	0.00843	0.01012	0.01054	0.00590	0.00675	0.01012	0.01392	0.01856	0.04006	0.73979	0.04808	0.02277	0.00928	0.00295	0.00422	0.02066	0.00675	0.00590
68	0.00909	0.00650	0.00866	0.01014	0.01073	0.00608	0.00693	0.01062	0.01463	0.01965	0.10087	0.65384	0.04977	0.02195	0.00924	0.00290	0.00423	0.04130	0.00686	0.00602
69	0.01507	0.01292	0.01507	0.01077	0.01723	0.00969	0.00861	0.01830	0.01507	0.02369	0.01292	0.01507	0.01077	0.00538	0.00538	0.00108	0.00538	0.00431	0.00431	0.78898
70	0.01516	0.01142	0.01195	0.01071	0.01219	0.04491	0.00737	0.14754	0.01612	0.02150	0.02068	0.03718	0.02155	0.48032	0.04860	0.00558	0.03377	0.00907	0.03787	0.00651
71	0.00896	0.00640	0.00855	0.01024	0.01070	0.00599	0.00692	0.01030	0.01402	0.01867	0.04001	0.71657	0.04786	0.02268	0.00930	0.00297	0.00430	0.04289	0.00675	0.00593
72	0.00968	0.00691	0.00937	0.01098	0.01178	0.00660	0.00811	0.01157	0.01488	0.01973	0.05841	0.54076	0.04696	0.02181	0.00947	0.00304	0.00487	0.19215	0.00677	0.00615
73	0.01899	0.05066	0.06113	0.05950	0.52895	0.07780	0.02094	0.05310	0.01752	0.02379	0.01344	0.01720	0.01111	0.00670	0.00703	0.00212	0.00909	0.00616	0.00372	0.01105
74	0.00950	0.00639	0.00821	0.00966	0.01026	0.00602	0.00652	0.01106	0.01410	0.01973	0.03782	0.64180	0.04403	0.02081	0.00870	0.00278	0.00410	0.01875	0.11374	0.00602
75	0.00896	0.00745	0.00788	0.00798	0.01032	0.00637	0.00612	0.01103	0.01685	0.02044	0.11203	0.06991	0.60057	0.01831	0.00871	0.00252	0.00391	0.06758	0.00683	0.00623
76	0.08155	0.02505	0.02015	0.01791	0.04883	0.30563	0.01353	0.25639	0.10795	0.03053	0.01574	0.01649	0.01200	0.00813	0.00679	0.00209	0.00967	0.00580	0.00549	0.01028
77	0.02070	0.63185	0.03522	0.01347	0.01928	0.14129	0.01270	0.02296	0.01573	0.01721	0.01029	0.01190	0.00933	0.00643	0.00497	0.00161	0.00865	0.00402	0.00321	0.00918
78	0.01682	0.01870	0.03942	0.05821	0.03657	0.01748	0.58355	0.02262	0.01685	0.02312	0.01446	0.01918	0.01095	0.00611	0.00823	0.00232	0.01151	0.00809	0.00372	0.08209
79	0.02189	0.01791	0.01770	0.01514	0.01966	0.08534	0.01195	0.17976	0.39247	0.08691	0.02686	0.02520	0.04687	0.00967	0.00733	0.00233	0.00692	0.00773	0.00712	0.01124
80	0.02647	0.05861	0.02168	0.01963	0.05377	0.63292	0.01436	0.05241	0.02071	0.01908	0.01154	0.01345	0.00957	0.00744	0.00654	0.00189	0.01252	0.00481	0.00385	0.00875
81	0.01199	0.00902	0.01141	0.01232	0.01426	0.00912	0.01013	0.03624	0.08728	0.02259	0.04167	0.18365	0.12363	0.01890	0.00936	0.00304	0.00583	0.37559	0.00680	0.00717
82	0.02715	0.03464	0.02060	0.01873	0.02247	0.71536	0.01404	0.02903	0.02060	0.01779	0.01124	0.01311	0.00936	0.00749	0.00655	0.00187	0.01311	0.00468	0.00375	0.00843
83	0.53161	0.01352	0.01321	0.06835	0.01815	0.01481	0.00961	0.02485	0.01477	0.20848	0.01524	0.01583	0.01069	0.00738	0.00546	0.00226	0.00610	0.00503	0.00558	0.00907
84	0.04585	0.00773	0.00976	0.00916	0.01100	0.00729	0.00690	0.01406	0.02020	0.02931	0.66434	0.05237	0.06584	0.01449	0.00839	0.00228	0.00353	0.01273	0.00784	0.00690
85	0.01668	0.01750	0.02262	0.01923	0.02034	0.09918	0.06974	0.01871	0.01288	0.01804	0.01221	0.05548	0.01207	0.01380	0.04769	0.00330	0.52184	0.00719	0.00351	0.00799
86	0.79588	0.01406	0.01068	0.00956	0.01406	0.01631	0.00787	0.02137	0.01237	0.03261	0.01012	0.01181	0.00787	0.00675	0.00450	0.00225	0.00562	0.00394	0.00450	0.00787
87	0.12240	0.01257	0.01614	0.01254	0.01803	0.01135	0.01035	0.03377	0.01981	0.62523	0.02649	0.02322	0.01680	0.00873	0.00698	0.00225	0.00612	0.00691	0.00847	0.01184
88	0.00910	0.00650	0.00872	0.01040	0.01093	0.00612	0.00717	0.01054	0.01416	0.01883	0.03993	0.68340	0.04754	0.02254	0.00934	0.00299	0.00443	0.07465	0.00674	0.00597
89	0.01411	0.01331	0.02248	0.66658	0.10760	0.01625	0.02038	0.01890	0.01471	0.01903	0.01299	0.01926	0.00985	0.00720	0.00726	0.00240	0.00960	0.00646	0.00326	0.00838
90	0.01355	0.00678	0.00678	0.00678	0.00847	0.00678	0.00508	0.01694	0.01524	0.02710	0.02371	0.02710	0.01863	0.00847	0.00508	0.00169	0.00339	0.00678	0.78489	0.00678
91	0.00900	0.00639	0.00839	0.00994	0.01033	0.00600	0.00655	0.01016	0.01364	0.01819	0.03864	0.68233	0.04628	0.08269	0.01158	0.00329	0.00445	0.01983	0.00655	0.00578
92	0.03046	0.01233	0.01649	0.01279	0.01809	0.01093	0.01051	0.06436	0.02143	0.61464	0.08530	0.02692	0.02206	0.00949	0.00742	0.00225	0.00604	0.00777	0.00883	0.01190
93	0.00886	0.00633	0.00843	0.01012	0.01054	0.00590	0.00675	0.01012	0.01392	0.01856	0.04006	0.73979	0.04808	0.02277	0.00928	0.00295	0.00422	0.02066	0.00675	0.00590
94	0.00908	0.00657	0.00859	0.00981	0.01056	0.00608	0.00670	0.01074	0.01518	0.02039	0.15196	0.58848	0.08651	0.02121	0.00912	0.00281	0.00406	0.01911	0.00696	0.00608
95	0.02763	0.01943	0.02112	0.01630	0.02202	0.02127	0.01343	0.58822	0.06326	0.10396	0.01902	0.01855	0.01332	0.00880	0.00728	0.00220	0.00773	0.00669	0.00743	0.01232
96	0.37452	0.01448	0.04179	0.01179	0.01686	0.01420	0.01007	0.08016	0.01787	0.27395	0.06326	0.01989	0.01598	0.00827	0.00611	0.00225	0.00608	0.00604	0.00652	0.00991
97	0.01841	0.62296	0.12739	0.01353	0.02016	0.02636	0.01425	0.02158	0.01472	0.01789	0.01088	0.01284	0.00967	0.00826	0.03360	0.00206	0.00865	0.00424	0.00314	0.00941
98	0.00909	0.00656	0.00866	0.01026	0.01090	0.00613	0.00711	0.01057	0.01430	0.01889	0.04174	0.64660	0.08252	0.02230	0.00931	0.00296	0.00440	0.07497	0.00674	0.00599
99	0.01943	0.74891	0.03809	0.01244	0.01866	0.02876	0.01244	0.02177	0.01477	0.01710	0.01011	0.01166	0.00933	0.00622	0.00466	0.00155	0.00777	0.00389	0.00311	0.00933
100	0.01919	0.71756	0.03677	0.01220	0.01823	0.02783	0.01213	0.02156	0.01479	0.01752	0.01068	0.01231	0.00972	0.00631	0.00468	0.00156	0.00759	0.00401	0.03613	0.00922
101	0.01887	0.01812	0.05079	0.08725	0.25127	0.07484	0.01683	0.05415	0.23063	0.05174	0.02052	0.02422	0.01641	0.00865	0.00736	0.00233	0.00804	0.04194	0.00529	0.01073
102	0.01320	0.03842	0.09818	0.01308	0.01631	0.01015	0.01212	0.01766	0.04305	0.06029	0.17456	0.08821	0.05859	0.01593	0.00883	0.00279	0.00628	0.30803	0.00655	0.00776
103	0.01194	0.00783	0.01004	0.00925	0.01138	0.00709	0.00702	0.01514	0.02014	0.08404	0.56873	0.05364	0.13641	0.01478	0.00847	0.00230	0.00369	0.01291	0.00794	0.00723
104	0.01507	0.01292	0.01507	0.01077	0.01723	0.00969	0.00861	0.01830	0.01507	0.02369	0.01292	0.01507	0.01077	0.00538	0.00538	0.00108	0.00538	0.00431	0.00431	0.78898
105	0.01941	0.01608	0.02134	0.05480	0.24731	0.01745	0.01554	0.06646	0.35211	0.07621	0.02285	0.02306	0.01727	0.00850	0.00731	0.00233	0.00703	0.00741	0.00606	0.01147
106	0.00883	0.00642	0.00834	0.00987	0.01048	0.00592	0.00664	0.01015	0.01415	0.01865	0.04307	0.67980	0.10613	0.02238	0.00922	0.00291	0.00417	0.02019	0.00675	0.00592
107	0.01000	0.00745	0.00932	0.00894	0.01080	0.00677	0.00677	0.01311	0.01964	0.02700	0.54856	0.05840	0.19201	0.01575	0.00863	0.00236	0.00360	0.03646	0.00771	0.00671
108	0.01507	0.01292	0.01507	0.01077	0.01723	0.00969	0.00861	0.01830	0.01507	0.02369	0.01292	0.01507	0.01077	0.00538	0.00538	0.00108	0.00538	0.00431	0.00431	0.78898
109	0.01388	0.00850	0.01079	0.00973	0.01216	0.00784	0.00741	0.01763	0.04678	0.13185	0.47824	0.05000	0.12151	0.03997	0.00934	0.00247	0.00410	0.01218	0.00788	0.00774
110	0.00886	0.00633	0.00843	0.01012	0.01054	0.00590	0.00675	0.01012	0.01392	0.01856	0.04006	0.73979	0.04808	0.02277	0.00928	0.00295	0.00422	0.02066	0.00675	0.00590
111	0.01057	0.00705	0.00793	0.00793	0.00793	0.00705	0.00440	0.01057	0.01057	0.01409	0.02290	0.04757	0.02643	0.74454	0.03700	0.00705	0.00705	0.01057	0.00440	0.00440
112	0.01507	0.01292	0.01507	0.01077	0.01723	0.00969	0.00861	0.01830	0.01507	0.02369	0.01292	0.01507	0.01077	0.00538	0.00538	0.00108	0.00538	0.00431	0.00431	0.78898
113	0.01560	0.00941	0.01000	0.00909	0.01137	0.01006	0.00707	0.10486	0.05008	0.02941	0.04830	0.02639	0.01950	0.00899	0.00641	0.00188	0.03486	0.00704	0.58188	0.00779
114	0.00886	0.00633	0.00843	0.01012	0.01054	0.00590	0.00675	0.01012	0.01392	0.01856	0.04006	0.73979	0.04808	0.02277	0.00928	0.00295	0.00422	0.02066	0.00675	0.00590
115	0.01330	0.01230	0.01718	0.01573	0.01599	0.01618	0.01256	0.01491	0.01198	0.01773	0.01929	0.22290	0.02143	0.02013	0.09512	0.00404	0.44717	0.01058	0.00427	0.00721
116	0.02142	0.01570	0.03889	0.01691	0.07292	0.01616	0.01277	0.11285	0.34196	0.16493	0.05336	0.02801	0.02168	0.00987	0.00750	0.00239	0.00645	0.03763	0.00726	0.01135
117	0.00887	0.00737	0.00775	0.00766	0.00999	0.00626	0.00574	0.01097	0.01723	0.02120	0.17576	0.06738	0.59315	0.01783	0.00859	0.00243	0.00364	0.01498	0.00696	0.00626
118	0.01029	0.00743	0.00972	0.00914	0.01086	0.00686	0.00686	0.01372	0.02058	0.02915	0.69536	0.05430	0.06859	0.01486	0.00857	0.00229	0.00343	0.01315	0.00800	0.00686
119	0.02763	0.02036	0.02182	0.01672	0.02254	0.02254	0.01382	0.67496	0.03418	0.04581	0.01745	0.01745	0.01236	0.00873	0.00727	0.00218	0.00800	0.00654	0.00727	0.01236
120	0.02698	0.01985	0.02128	0.01639	0.02198	0.02195	0.01346	0.64950	0.03327	0.04460	0.01766	0.01861	0.01290	0.03692	0.00841	0.00237	0.00796	0.00670	0.00716	0.01206
121	0.01662	0.01392	0.01614	0.01178	0.01793	0.01168	0.00950	0.09750	0.01724	0.02614	0.01335	0.01539	0.01092	0.00605	0.00626	0.00128	0.03132	0.00465	0.00462	0.66770
122	0.01691	0.02150	0.11623	0.03021	0.06910	0.01816	0.56950	0.02321	0.01693	0.02328	0.01447	0.01906	0.01085	0.00623	0.00833	0.00242	0.01191	0.00812	0.00361	0.00999
123	0.01360	0.01068	0.01163	0.01062	0.01370	0.01061	0.00843	0.14447	0.07227	0.02688	0.12235	0.05589	0.37167	0.01564	0.00839	0.00248	0.00499	0.08075	0.00703	0.00792
124	0.01038	0.00779	0.01168	0.01168	0.01298	0.00909	0.00909	0.01298	0.01168	0.01687	0.01947	0.02856	0.01817	0.05452	0.71573	0.01168	0.01947	0.00779	0.00389	0.00649
125	0.01958	0.57607	0.12821	0.01424	0.02082	0.09926	0.01459	0.02270	0.01546	0.01799	0.01063	0.01232	0.00932	0.00645	0.00517	0.00169	0.00874	0.00417	0.00317	0.00943
126	0.01873	0.01880	0.02702	0.06510	0.53953	0.09572	0.02024	0.02340	0.04396	0.02314	0.01398	0.01773	0.01160	0.00671	0.00705	0.00210	0.00892	0.00625	0.00379	0.04622
127	0.04479	0.01078	0.01456	0.01272	0.01554	0.01146	0.03366	0.06870	0.01428	0.02123	0.01725	0.02448	0.01565	0.06824	0.41014	0.00765	0.04886	0.00699	0.00425	0.14877
128	0.00921	0.00679	0.00869	0.01000	0.01097	0.00628	0.00714	0.01091	0.01497	0.01953	0.07080	0.51846	0.16053	0.02139	0.00922	0.00289	0.00439	0.09497	0.00679	0.00608
129	0.01387	0.01320	0.02269	0.69765	0.04955	0.01624	0.04775	0.01877	0.01465	0.01877	0.01300	0.01939	0.00975	0.00722	0.00732	0.00242	0.00980	0.00655	0.00325	0.00815
130	0.14373	0.01412	0.01523	0.01343	0.01751	0.01546	0.01081	0.11286	0.27547	0.12823	0.02571	0.03159	0.02094	0.04463	0.00865	0.00270	0.00627	0.09558	0.00692	0.01017
131	0.01784	0.01711	0.02922	0.06951	0.67552	0.01723	0.02223	0.02217	0.01648	0.02356	0.01365	0.01804	0.01145	0.00651	0.00720	0.00217	0.00867	0.00648	0.00358	0.01139
132	0.03261	0.01237	0.01687	0.01293	0.01856	0.01068	0.01068	0.03543	0.02081	0.70423	0.02868	0.02474	0.01799	0.00900	0.00731	0.00225	0.00619	0.00731	0.00900	0.01237
133	0.00930	0.00676	0.00889	0.01030	0.01094	0.00649	0.00700	0.01140	0.03788	0.01941	0.06939	0.65725	0.04704	0.02309	0.03455	0.00322	0.00478	0.01941	0.00673	0.00617
134	0.02733	0.02021	0.02164	0.01666	0.02243	0.02240	0.01374	0.65458	0.05506	0.04532	0.01784	0.01776	0.01268	0.00876	0.00728	0.00219	0.00793	0.00660	0.00728	0.01233
135	0.00873	0.00737	0.00755	0.00751	0.00990	0.00619	0.00563	0.01069	0.01689	0.02039	0.12295	0.06871	0.64646	0.01813	0.00859	0.00244	0.00366	0.01517	0.00685	0.00619
136	0.01009	0.00742	0.00943	0.00896	0.01069	0.00685	0.00668	0.01318	0.01946	0.02708	0.57504	0.05518	0.14213	0.04239	0.03115	0.00276	0.00408	0.01316	0.00760	0.00667
137	0.01038	0.00779	0.01168	0.01168	0.01298	0.00909	0.00909	0.01298	0.01168	0.01687	0.01947	0.02856	0.01817	0.05452	0.71573	0.01168	0.01947	0.00779	0.00389	0.00649
138	0.07012	0.01901	0.02012	0.01563	0.02124	0.05190	0.01285	0.47538	0.02956	0.18206	0.01912	0.01848	0.01316	0.00862	0.00710	0.00219	0.00773	0.00648	0.00732	0.01194
139	0.01343	0.00679	0.00682	0.00682	0.00845	0.00679	0.00505	0.01668	0.01506	0.02658	0.02368	0.02792	0.01895	0.03811	0.00637	0.00191	0.00353	0.00693	0.75346	0.00668
140	0.01534	0.01260	0.01338	0.01220	0.01575	0.01366	0.00944	0.02876	0.42749	0.05087	0.07497	0.04134	0.22870	0.01266	0.00781	0.00245	0.00503	0.01058	0.00729	0.00968
141	0.02693	0.01899	0.02082	0.01613	0.02165	0.02082	0.01329	0.58629	0.03178	0.09288	0.01841	0.01868	0.01314	0.01160	0.05136	0.00278	0.00858	0.00668	0.00719	0.01200
142	0.01132	0.00811	0.01116	0.01221	0.01389	0.00795	0.01036	0.01469	0.01780	0.02381	0.22123	0.07429	0.04928	0.01863	0.00963	0.00305	0.00579	0.47302	0.00706	0.00674
143	0.00891	0.00642	0.00845	0.00996	0.01053	0.00596	0.00670	0.01030	0.01434	0.01909	0.07195	0.67907	0.07698	0.02222	0.00922	0.00290	0.00416	0.02009	0.00681	0.00596
144	0.79588	0.01406	0.01068	0.00956	0.01406	0.01631	0.00787	0.02137	0.01237	0.03261	0.01012	0.01181	0.00787	0.00675	0.00450	0.00225	0.00562	0.00394	0.00450	0.00787
145	0.02191	0.03707	0.01496	0.01191	0.01588	0.01092	0.00961	0.02727	0.10802	0.33733	0.25199	0.03680	0.03616	0.01142	0.00776	0.00231	0.00528	0.03515	0.00815	0.01007
146	0.01142	0.00827	0.01130	0.01282	0.01457	0.00816	0.01113	0.01462	0.01672	0.02155	0.04181	0.08086	0.10364	0.01992	0.00990	0.00326	0.00641	0.59030	0.00670	0.00664
147	0.05400	0.01974	0.02127	0.04158	0.02312	0.02197	0.01377	0.61086	0.05091	0.04395	0.01737	0.01759	0.01238	0.00864	0.00718	0.00220	0.00791	0.00650	0.00703	0.01203
148	0.76419	0.01375	0.01059	0.00958	0.01392	0.01589	0.00783	0.02091	0.01243	0.03205	0.01133	0.04112	0.00949	0.00739	0.00469	0.00228	0.00557	0.00461	0.00459	0.00779
149	0.01071	0.00787	0.01008	0.00945	0.01129	0.00746	0.00711	0.01506	0.05650	0.02922	0.65942	0.05283	0.06608	0.01459	0.00851	0.00230	0.00355	0.01288	0.00797	0.00711
150	0.01051	0.00775	0.01149	0.01149	0.01281	0.00900	0.00893	0.01313	0.01182	0.01727	0.01963	0.02850	0.01819	0.05275	0.68851	0.01130	0.01885	0.00775	0.03381	0.00650
151	0.01830	0.01814	0.03012	0.04256	0.62386	0.04561	0.06914	0.02265	0.01676	0.02347	0.01365	0.01791	0.01139	0.00649	0.00727	0.00217	0.00908	0.00656	0.00361	0.01127
152	0.02007	0.01638	0.07335	0.01477	0.01953	0.01594	0.01259	0.06512	0.42128	0.14530	0.05269	0.02951	0.02280	0.01020	0.00753	0.00245	0.00632	0.04571	0.00729	0.01118
153	0.01458	0.03760	0.70688	0.02072	0.03146	0.01688	0.02686	0.02302	0.01535	0.02302	0.01304	0.01535	0.00921	0.00691	0.00691	0.00230	0.01074	0.00537	0.00307	0.01074
154	0.01788	0.01525	0.01617	0.01458	0.01861	0.01750	0.01141	0.05933	0.61699	0.03029	0.03084	0.03019	0.04315	0.01047	0.00753	0.00249	0.00580	0.03297	0.00735	0.01119
155	0.02383	0.01953	0.01943	0.01593	0.02079	0.07955	0.01272	0.38764	0.24398	0.03720	0.02107	0.02138	0.01584	0.03718	0.00839	0.00243	0.00767	0.00708	0.00690	0.01144
156	0.04758	0.01502	0.04984	0.01379	0.01897	0.03277	0.01165	0.08759	0.12662	0.40839	0.05034	0.02467	0.01912	0.01158	0.04549	0.00278	0.00728	0.00737	0.00773	0.01140
157	0.00954	0.00681	0.00922	0.01090	0.01163	0.00649	0.00794	0.01130	0.01459	0.01932	0.03969	0.58217	0.04658	0.02213	0.00946	0.00305	0.00481	0.17153	0.00673	0.00609
158	0.01065	0.00787	0.01026	0.01107	0.01286	0.00748	0.00915	0.01365	0.01753	0.02301	0.20408	0.09694	0.17646	0.01859	0.00937	0.00290	0.00523	0.34928	0.00702	0.00660
159	0.04575	0.01562	0.06505	0.01396	0.01795	0.04759	0.01185	0.14822	0.15052	0.08377	0.07625	0.12413	0.05435	0.01289	0.00792	0.00252	0.00662	0.09882	0.00675	0.00948
160	0.01645	0.01377	0.01581	0.01151	0.01782	0.01128	0.00924	0.08603	0.03887	0.02616	0.01393	0.01571	0.01130	0.00587	0.00564	0.00123	0.00566	0.00466	0.00471	0.68436
161	0.01101	0.00785	0.01075	0.01206	0.01346	0.00771	0.00995	0.01387	0.01645	0.02177	0.11903	0.18501	0.04542	0.05476	0.01103	0.00333	0.00590	0.43741	0.00675	0.00647
162	0.00895	0.00646	0.00847	0.00990	0.01053	0.00599	0.00669	0.01040	0.01455	0.01940	0.09037	0.65266	0.08483	0.02195	0.00919	0.00288	0.00413	0.01982	0.00684	0.00599
163	0.01752	0.01825	0.05530	0.03881	0.49420	0.01753	0.14576	0.02215	0.01629	0.02329	0.01360	0.01801	0.01121	0.00673	0.00830	0.00225	0.04831	0.00677	0.00359	0.03211
164	0.01734	0.01406	0.01692	0.01271	0.01830	0.01261	0.03630	0.17182	0.02051	0.02973	0.12245	0.02204	0.02034	0.00770	0.00646	0.00158	0.00596	0.00641	0.00556	0.45119
165	0.01247	0.00631	0.00943	0.00950	0.00951	0.00630	0.00633	0.00950	0.00965	0.01287	0.01373	0.05100	0.01405	0.02515	0.02764	0.75688	0.00623	0.00689	0.00330	0.00327
166	0.01107	0.00812	0.01084	0.01222	0.01399	0.00789	0.01046	0.01408	0.01660	0.02127	0.04462	0.10430	0.15523	0.01989	0.00976	0.00318	0.00608	0.51713	0.00671	0.00657
167	0.02065	0.32008	0.11752	0.01809	0.05930	0.24211	0.05075	0.02399	0.01716	0.01930	0.04083	0.01521	0.01209	0.00709	0.00607	0.00186	0.00994	0.00512	0.00357	0.00926
168	0.01687	0.02111	0.10270	0.02929	0.03667	0.01839	0.58868	0.02304	0.01676	0.02304	0.01436	0.01908	0.01081	0.00645	0.00901	0.00247	0.03966	0.00820	0.00360	0.00982
169	0.01048	0.00701	0.00796	0.00805	0.00807	0.00699	0.00453	0.01055	0.01075	0.01434	0.02383	0.08493	0.02760	0.70558	0.03550	0.00683	0.00689	0.01112	0.00453	0.00449
170	0.02788	0.02062	0.02149	0.01662	0.02232	0.05526	0.01366	0.60934	0.03280	0.08000	0.01776	0.01764	0.01252	0.00868	0.00724	0.00217	0.00815	0.00650	0.00719	0.01217
171	0.01858	0.01367	0.01487	0.01366	0.03708	0.04682	0.01017	0.21698	0.06199	0.08924	0.03330	0.17935	0.12941	0.06682	0.01011	0.00278	0.00640	0.03300	0.00673	0.00903
172	0.00868	0.00737	0.00749	0.00746	0.00987	0.00618	0.00559	0.01061	0.01678	0.02015	0.10719	0.06911	0.66237	0.01822	0.00859	0.00245	0.00367	0.01522	0.00682	0.00618
173	0.00886	0.00633	0.00843	0.01012	0.01054	0.00590	0.00675	0.01012	0.01392	0.01856	0.04006	0.73979	0.04808	0.02277	0.00928	0.00295	0.00422	0.02066	0.00675	0.00590
174	0.07616	0.05384	0.34611	0.05666	0.11624	0.03918	0.06960	0.08191	0.01746	0.05614	0.01397	0.01635	0.01026	0.00705	0.00686	0.00224	0.00966	0.00582	0.00397	0.01053
175	0.01599	0.01860	0.07880	0.01852	0.02054	0.08166	0.05902	0.01851	0.01340	0.01863	0.01816	0.02246	0.09352	0.01203	0.01801	0.00285	0.47010	0.00737	0.00369	0.00813
176	0.01548	0.01316	0.01529	0.01096	0.01740	0.01011	0.00878	0.03968	0.01570	0.02441	0.01307	0.01515	0.01082	0.00549	0.00544	0.00111	0.00547	0.00438	0.00440	0.76370
177	0.01030	0.00743	0.00976	0.00935	0.01102	0.00689	0.00705	0.01366	0.02022	0.02852	0.64868	0.07657	0.06688	0.01531	0.00865	0.00235	0.00359	0.03903	0.00791	0.00682
178	0.01690	0.01879	0.03950	0.02821	0.03545	0.01732	0.59170	0.02268	0.01690	0.02333	0.01449	0.01905	0.01100	0.00604	0.00819	0.00228	0.01142	0.00806	0.00375	0.10494
179	0.02205	0.01667	0.01929	0.08069	0.02291	0.01744	0.01269	0.37153	0.02532	0.05870	0.01712	0.05201	0.01354	0.00854	0.00739	0.00199	0.02940	0.00667	0.00605	0.21001
180	0.01475	0.06283	0.68315	0.02042	0.03101	0.01730	0.02635	0.02298	0.01533	0.02281	0.01294	0.01522	0.00921	0.00688	0.00683	0.00228	0.01064	0.00532	0.00307	0.01069
181	0.02010	0.68767	0.03659	0.01298	0.01898	0.08763	0.01258	0.02239	0.01527	0.01716	0.01020	0.01178	0.00933	0.00633	0.00483	0.00158	0.00823	0.00395	0.00316	0.00925
