[name]
unknown

[dist]
# distance from previous block
# <min> <max>
37	74

[block]
# block no. 0 follows, 29 sequences, length 76
# corresponding to MSA columns:
# 86-161
name=unknown_A
#
# <colnr> <probs for GDERKNQSTAVLIFYWHMCP>
#	G	D	E	R	K	N	Q	S	T	A	V	L	I	F	Y	W	H	M	C	P
0	0.11529	0.01357	0.01429	0.01258	0.01638	0.03499	0.01008	0.15071	0.15781	0.11624	0.04972	0.07665	0.08684	0.01162	0.00730	0.00238	0.00598	0.07674	0.03144	0.00940
1	0.02143	0.01385	0.01705	0.13061	0.02307	0.01490	0.01224	0.12170	0.23726	0.21729	0.05937	0.02675	0.05343	0.00951	0.00730	0.00230	0.00648	0.00788	0.00699	0.01059
2	0.08799	0.01208	0.01435	0.01172	0.01587	0.01183	0.00941	0.13142	0.04915	0.25405	0.24932	0.03131	0.03228	0.01037	0.00724	0.00216	0.00534	0.00856	0.00755	0.04801
3	0.05578	0.01408	0.07244	0.01449	0.01911	0.01199	0.11587	0.08786	0.01933	0.12238	0.22778	0.03356	0.08932	0.01184	0.03035	0.00250	0.00686	0.00924	0.00626	0.04897
4	0.04424	0.04368	0.18971	0.02210	0.05636	0.08601	0.24067	0.06593	0.03745	0.05167	0.01509	0.01885	0.01172	0.03759	0.04488	0.00288	0.01071	0.00677	0.00407	0.00963
5	0.09011	0.26257	0.13143	0.01523	0.02140	0.04356	0.04820	0.17073	0.01906	0.02648	0.03751	0.01554	0.01194	0.00730	0.00649	0.00194	0.03099	0.00531	0.00437	0.04985
6	0.05214	0.20892	0.02437	0.01489	0.02002	0.06744	0.07306	0.15210	0.05424	0.13711	0.01871	0.08871	0.01563	0.00887	0.00657	0.00205	0.00757	0.00719	0.00553	0.03491
7	0.01547	0.05010	0.02266	0.13248	0.11398	0.01512	0.10774	0.05977	0.04182	0.02245	0.01784	0.11064	0.01668	0.00950	0.00849	0.00222	0.06567	0.03474	0.00442	0.14822
8	0.01814	0.05617	0.07283	0.11481	0.18752	0.10327	0.01581	0.07564	0.09672	0.05055	0.08569	0.02391	0.05122	0.00862	0.00706	0.00216	0.00804	0.00721	0.00493	0.00969
9	0.01824	0.12815	0.04899	0.01443	0.01916	0.04389	0.05557	0.05467	0.25291	0.08165	0.02232	0.08865	0.01879	0.03759	0.00794	0.00231	0.00684	0.00789	0.00572	0.08429
10	0.05169	0.02527	0.19885	0.03936	0.02382	0.15860	0.01617	0.19388	0.11248	0.06264	0.01813	0.01872	0.03255	0.00817	0.00684	0.00217	0.00899	0.00616	0.00522	0.01033
11	0.01629	0.21152	0.36006	0.02029	0.06207	0.01950	0.11606	0.04439	0.01604	0.02217	0.03924	0.01642	0.01179	0.00683	0.00654	0.00208	0.00953	0.00574	0.00346	0.00999
12	0.06348	0.07968	0.20910	0.01601	0.05490	0.01466	0.01491	0.04789	0.04149	0.09625	0.02060	0.18154	0.01933	0.01090	0.00809	0.00232	0.05562	0.00887	0.00496	0.04939
13	0.02360	0.01484	0.01741	0.01361	0.01888	0.01469	0.01115	0.27339	0.04584	0.21201	0.02040	0.02211	0.01511	0.01138	0.05430	0.00259	0.00743	0.03308	0.00670	0.18148
14	0.01039	0.00774	0.01003	0.01124	0.01296	0.00738	0.00939	0.01308	0.01607	0.02045	0.04691	0.14364	0.21549	0.01950	0.00939	0.00301	0.00554	0.42486	0.00658	0.00634
15	0.13593	0.01908	0.01983	0.01539	0.02091	0.02122	0.01271	0.58854	0.03047	0.04306	0.01608	0.01632	0.01149	0.00827	0.00674	0.00215	0.00751	0.00605	0.00674	0.01149
16	0.00864	0.00717	0.00756	0.00757	0.00979	0.00609	0.00564	0.01062	0.01661	0.02039	0.15182	0.10030	0.58767	0.01780	0.00845	0.00241	0.00360	0.01501	0.00677	0.00609
17	0.01920	0.68071	0.08022	0.01273	0.01908	0.02678	0.01303	0.02189	0.01472	0.04234	0.01075	0.01212	0.00944	0.00623	0.00481	0.00160	0.00775	0.00402	0.00325	0.00934
18	0.02678	0.02681	0.01870	0.01645	0.02049	0.49023	0.01258	0.02980	0.05377	0.18233	0.04278	0.01779	0.01405	0.00808	0.00671	0.00197	0.01051	0.00569	0.00523	0.00926
19	0.00868	0.00620	0.00826	0.00991	0.01033	0.00578	0.00661	0.00991	0.01363	0.01818	0.03925	0.74510	0.04710	0.02231	0.00909	0.00289	0.00413	0.02024	0.00661	0.00578
20	0.01598	0.06053	0.02655	0.28030	0.14413	0.04751	0.11251	0.01981	0.01440	0.01931	0.01202	0.01729	0.00990	0.00803	0.01091	0.00244	0.17995	0.00638	0.00329	0.00876
21	0.11710	0.01373	0.02069	0.54512	0.04147	0.01651	0.04158	0.08168	0.01588	0.02268	0.01278	0.01785	0.00956	0.00715	0.00681	0.00233	0.00891	0.00609	0.00372	0.00834
22	0.01036	0.00690	0.00777	0.00777	0.00777	0.00690	0.00431	0.01036	0.01036	0.01381	0.02244	0.04660	0.02589	0.74975	0.03624	0.00690	0.00690	0.01036	0.00431	0.00431
23	0.00951	0.00714	0.00808	0.00791	0.00936	0.00650	0.00547	0.01124	0.01562	0.02039	0.24760	0.05715	0.30242	0.24145	0.01695	0.00373	0.00454	0.01294	0.00628	0.00571
24	0.01825	0.31297	0.08769	0.12341	0.02623	0.13809	0.08159	0.02167	0.01532	0.01819	0.01153	0.01481	0.00972	0.00885	0.03653	0.00236	0.05556	0.00520	0.00326	0.00877
25	0.00864	0.00632	0.00813	0.00958	0.01024	0.00581	0.00646	0.00995	0.01395	0.01831	0.04328	0.66206	0.12754	0.02178	0.00901	0.00283	0.00407	0.01960	0.00661	0.00581
26	0.02660	0.03394	0.02018	0.01834	0.02201	0.72116	0.01376	0.02843	0.02018	0.01743	0.01101	0.01284	0.00917	0.00734	0.00642	0.00183	0.01284	0.00459	0.00367	0.00825
27	0.01279	0.01052	0.04742	0.01257	0.04196	0.00935	0.00938	0.10302	0.01782	0.04552	0.12191	0.39799	0.08787	0.01718	0.00844	0.00260	0.00513	0.03446	0.00660	0.00747
28	0.80005	0.01377	0.01047	0.00936	0.01377	0.01597	0.00771	0.02093	0.01212	0.03195	0.00991	0.01157	0.00771	0.00661	0.00441	0.00220	0.00551	0.00386	0.00441	0.00771
29	0.02076	0.02223	0.02401	0.06703	0.36680	0.26065	0.01769	0.05587	0.01827	0.02220	0.01320	0.01646	0.01085	0.00693	0.00674	0.00201	0.00974	0.00575	0.04293	0.00987
30	0.01237	0.00618	0.00928	0.00928	0.00928	0.00618	0.00618	0.00928	0.00928	0.01237	0.01237	0.02165	0.01237	0.02474	0.02783	0.79283	0.00618	0.00618	0.00309	0.00309
31	0.01971	0.02023	0.01682	0.01511	0.01868	0.23514	0.01163	0.05737	0.34415	0.02561	0.08666	0.02565	0.04770	0.00977	0.00769	0.00223	0.03264	0.00757	0.00602	0.00962
32	0.80005	0.01377	0.01047	0.00936	0.01377	0.01597	0.00771	0.02093	0.01212	0.03195	0.00991	0.01157	0.00771	0.00661	0.00441	0.00220	0.00551	0.00386	0.00441	0.00771
33	0.02661	0.01972	0.02111	0.01629	0.02191	0.02187	0.01342	0.65018	0.06563	0.04414	0.01768	0.01756	0.01258	0.00860	0.00713	0.00215	0.00773	0.00649	0.00713	0.01207
34	0.01036	0.00690	0.00777	0.00777	0.00777	0.00690	0.00431	0.01036	0.01036	0.01381	0.02244	0.04660	0.02589	0.74975	0.03624	0.00690	0.00690	0.01036	0.00431	0.00431
35	0.01382	0.01286	0.01792	0.01584	0.01609	0.01729	0.01279	0.01538	0.01095	0.01659	0.01298	0.02202	0.01316	0.11383	0.16758	0.00529	0.49809	0.00704	0.00341	0.00706
36	0.01681	0.01921	0.04202	0.03001	0.03721	0.01801	0.67947	0.02281	0.01681	0.02281	0.01441	0.01921	0.01080	0.00600	0.00840	0.00240	0.01200	0.00840	0.00360	0.00960
37	0.01036	0.00690	0.00777	0.00777	0.00777	0.00690	0.00431	0.01036	0.01036	0.01381	0.02244	0.04660	0.02589	0.74975	0.03624	0.00690	0.00690	0.01036	0.00431	0.00431
38	0.01904	0.75404	0.03731	0.01218	0.01828	0.02818	0.01218	0.02132	0.01447	0.01675	0.00990	0.01142	0.00914	0.00609	0.00457	0.00152	0.00761	0.00381	0.00305	0.00914
39	0.36046	0.01333	0.01348	0.01117	0.01574	0.01399	0.00908	0.12014	0.01787	0.19875	0.04075	0.05521	0.01535	0.00850	0.00592	0.00215	0.00575	0.00631	0.03660	0.04943
40	0.04807	0.08630	0.05463	0.09848	0.02185	0.20833	0.01344	0.04370	0.03773	0.02053	0.03448	0.05641	0.01538	0.03178	0.01012	0.00239	0.12406	0.02909	0.05514	0.00810
41	0.80005	0.01377	0.01047	0.00936	0.01377	0.01597	0.00771	0.02093	0.01212	0.03195	0.00991	0.01157	0.00771	0.00661	0.00441	0.00220	0.00551	0.00386	0.00441	0.00771
42	0.02453	0.02951	0.02188	0.02336	0.16150	0.53645	0.01533	0.04672	0.03902	0.01979	0.01219	0.01434	0.01005	0.00724	0.00659	0.00192	0.01159	0.00510	0.00384	0.00907
43	0.00886	0.00633	0.00847	0.01012	0.01062	0.00594	0.00693	0.01023	0.01381	0.01838	0.03915	0.70189	0.04670	0.02214	0.00914	0.00292	0.00429	0.06166	0.00661	0.00583
44	0.01026	0.00746	0.00996	0.01144	0.01253	0.00736	0.00881	0.01327	0.04862	0.02003	0.03811	0.43987	0.04335	0.02061	0.00930	0.00302	0.00519	0.27782	0.00662	0.00637
45	0.01662	0.01793	0.02957	0.02307	0.02605	0.05609	0.27325	0.01992	0.01367	0.01935	0.01140	0.01685	0.00990	0.00969	0.01669	0.00277	0.41834	0.00699	0.00333	0.00852
46	0.01697	0.01854	0.08759	0.08772	0.53542	0.01692	0.08873	0.02176	0.01604	0.02281	0.01339	0.01766	0.01092	0.00640	0.00717	0.00217	0.00906	0.00646	0.00346	0.01081
47	0.00930	0.00722	0.00849	0.00843	0.01036	0.00641	0.00635	0.01181	0.01777	0.02330	0.34055	0.10645	0.35283	0.01689	0.00852	0.00241	0.00368	0.04578	0.00714	0.00633
48	0.02291	0.14010	0.02240	0.01568	0.02043	0.15503	0.01286	0.26425	0.19407	0.03031	0.01752	0.01771	0.01341	0.00834	0.00717	0.00208	0.03344	0.00605	0.00570	0.01053
49	0.01771	0.01530	0.01610	0.01449	0.01852	0.01771	0.01127	0.03784	0.69247	0.02979	0.02898	0.02657	0.02174	0.00966	0.00725	0.00242	0.00564	0.00805	0.00725	0.01127
50	0.01615	0.01541	0.02624	0.28716	0.47341	0.01653	0.02112	0.02056	0.01552	0.02147	0.01313	0.01810	0.01065	0.00662	0.00707	0.00221	0.00882	0.00634	0.00340	0.01009
51	0.00868	0.00620	0.00826	0.00991	0.01033	0.00578	0.00661	0.00991	0.01363	0.01818	0.03925	0.74510	0.04710	0.02231	0.00909	0.00289	0.00413	0.02024	0.00661	0.00578
52	0.02897	0.01689	0.01948	0.01493	0.02056	0.01754	0.01234	0.42888	0.02836	0.30482	0.02139	0.01989	0.01426	0.00865	0.00714	0.00216	0.00714	0.00670	0.00778	0.01211
53	0.02183	0.00988	0.01328	0.01095	0.01469	0.00873	0.00873	0.02487	0.02028	0.39498	0.33958	0.03763	0.04055	0.01147	0.00773	0.00222	0.00481	0.00980	0.00836	0.00962
54	0.21805	0.01818	0.01840	0.01455	0.01984	0.02035	0.01198	0.48497	0.06195	0.04090	0.01593	0.01621	0.01151	0.00812	0.00646	0.00217	0.00715	0.00586	0.00646	0.01098
55	0.02531	0.01884	0.02013	0.01577	0.02110	0.02093	0.01292	0.57079	0.12149	0.04218	0.01892	0.01871	0.01363	0.00869	0.00706	0.00216	0.00738	0.00664	0.03556	0.01180
56	0.01017	0.00763	0.01144	0.01144	0.01272	0.00890	0.00890	0.01272	0.01144	0.01653	0.01907	0.02797	0.01780	0.05340	0.72153	0.01144	0.01907	0.00763	0.00381	0.00636
57	0.80005	0.01377	0.01047	0.00936	0.01377	0.01597	0.00771	0.02093	0.01212	0.03195	0.00991	0.01157	0.00771	0.00661	0.00441	0.00220	0.00551	0.00386	0.00441	0.00771
58	0.01439	0.03609	0.68457	0.02071	0.03109	0.01660	0.05385	0.02256	0.01511	0.02256	0.01285	0.01521	0.00910	0.00673	0.00683	0.00226	0.01059	0.00539	0.00303	0.01048
59	0.12435	0.65421	0.03369	0.01180	0.01767	0.02653	0.01158	0.02127	0.01415	0.01880	0.00990	0.01144	0.00895	0.00616	0.00455	0.00161	0.00733	0.00381	0.00323	0.00895
60	0.01473	0.10374	0.64984	0.01954	0.02965	0.01762	0.02499	0.02244	0.01498	0.02201	0.01251	0.01470	0.00903	0.00670	0.00656	0.00219	0.01025	0.00513	0.00301	0.01039
61	0.00868	0.00620	0.00826	0.00991	0.01033	0.00578	0.00661	0.00991	0.01363	0.01818	0.03925	0.74510	0.04710	0.02231	0.00909	0.00289	0.00413	0.02024	0.00661	0.00578
62	0.01000	0.00783	0.00929	0.00991	0.01188	0.00733	0.00789	0.01324	0.05083	0.02081	0.08713	0.14688	0.34473	0.01845	0.00889	0.00274	0.00472	0.22429	0.00669	0.00647
63	0.02707	0.01995	0.02137	0.01638	0.02208	0.02208	0.01353	0.68159	0.03348	0.04488	0.01710	0.01710	0.01211	0.00855	0.00712	0.00214	0.00784	0.00641	0.00712	0.01211
64	0.00868	0.00620	0.00826	0.00991	0.01033	0.00578	0.00661	0.00991	0.01363	0.01818	0.03925	0.74510	0.04710	0.02231	0.00909	0.00289	0.00413	0.02024	0.00661	0.00578
65	0.01082	0.01053	0.00906	0.00907	0.01134	0.09893	0.00668	0.01254	0.01634	0.01884	0.05914	0.16513	0.51175	0.01730	0.00826	0.00241	0.00489	0.01447	0.00623	0.00627
66	0.01681	0.01921	0.04202	0.03001	0.03721	0.01801	0.67947	0.02281	0.01681	0.02281	0.01441	0.01921	0.01080	0.00600	0.00840	0.00240	0.01200	0.00840	0.00360	0.00960
67	0.01965	0.01626	0.01719	0.01488	0.01925	0.01862	0.01174	0.17113	0.55602	0.03291	0.02652	0.02461	0.01974	0.00943	0.00722	0.00236	0.00609	0.00771	0.00722	0.01144
68	0.00868	0.00620	0.00826	0.00991	0.01033	0.00578	0.00661	0.00991	0.01363	0.01818	0.03925	0.74510	0.04710	0.02231	0.00909	0.00289	0.00413	0.02024	0.00661	0.00578
69	0.01017	0.00763	0.01144	0.01144	0.01272	0.00890	0.00890	0.01272	0.01144	0.01653	0.01907	0.02797	0.01780	0.05340	0.72153	0.01144	0.01907	0.00763	0.00381	0.00636
70	0.00842	0.00721	0.00721	0.00721	0.00962	0.00601	0.00541	0.01022	0.01623	0.01924	0.07213	0.06853	0.70244	0.01803	0.00842	0.00240	0.00361	0.01503	0.00661	0.00601
71	0.01717	0.01941	0.10902	0.03989	0.57311	0.01696	0.07577	0.02201	0.01613	0.02314	0.01341	0.01745	0.01098	0.00637	0.00713	0.00215	0.00899	0.00639	0.00347	0.01106
72	0.01681	0.01921	0.04202	0.03001	0.03721	0.01801	0.67947	0.02281	0.01681	0.02281	0.01441	0.01921	0.01080	0.00600	0.00840	0.00240	0.01200	0.00840	0.00360	0.00960
73	0.01866	0.01325	0.01602	0.01245	0.04054	0.01084	0.00961	0.07002	0.01714	0.14035	0.01561	0.01663	0.01188	0.00615	0.00579	0.00136	0.00570	0.00495	0.00518	0.57788
74	0.01981	0.01533	0.01960	0.04261	0.02169	0.01474	0.07635	0.18100	0.10801	0.09186	0.01742	0.01832	0.01301	0.00709	0.00652	0.00178	0.00683	0.00600	0.00562	0.32640
75	0.02520	0.01861	0.02002	0.01567	0.02084	0.02055	0.01277	0.60079	0.05412	0.04186	0.01883	0.05579	0.01473	0.03624	0.00829	0.00236	0.00754	0.00732	0.00700	0.01147

[dist]
# distance from previous block
# <min> <max>
2	9

[block]
# block no. 1 follows, 29 sequences, length 23
# corresponding to MSA columns:
# 171-193
name=unknown_B
#
# <colnr> <probs for GDERKNQSTAVLIFYWHMCP>
#	G	D	E	R	K	N	Q	S	T	A	V	L	I	F	Y	W	H	M	C	P
0	0.01638	0.25140	0.29401	0.04110	0.02352	0.07201	0.01758	0.02110	0.01473	0.01978	0.01266	0.01554	0.01029	0.01008	0.05317	0.00261	0.05374	0.00511	0.05606	0.00914
1	0.04701	0.11617	0.60846	0.01894	0.02872	0.01782	0.02397	0.02235	0.01485	0.02229	0.01234	0.01449	0.00898	0.00668	0.00642	0.00217	0.00999	0.00504	0.00307	0.01025
2	0.01906	0.01376	0.03983	0.01316	0.01882	0.01133	0.05593	0.06680	0.04244	0.17661	0.01960	0.08626	0.01603	0.00814	0.00651	0.00174	0.00616	0.00699	0.00569	0.38516
3	0.01573	0.03424	0.63267	0.02011	0.03012	0.01614	0.05170	0.02348	0.01551	0.07478	0.01401	0.01590	0.00975	0.00689	0.00686	0.00226	0.01024	0.00553	0.00347	0.01061
4	0.01237	0.00618	0.00928	0.00928	0.00928	0.00618	0.00618	0.00928	0.00928	0.01237	0.01237	0.02165	0.01237	0.02474	0.02783	0.79283	0.00618	0.00618	0.00309	0.00309
5	0.02464	0.01042	0.01383	0.01119	0.01509	0.00924	0.00875	0.02696	0.01843	0.47814	0.12496	0.03272	0.02641	0.15112	0.01289	0.00311	0.00583	0.00860	0.00781	0.00984
6	0.01428	0.03683	0.71286	0.02030	0.03082	0.01654	0.02631	0.02255	0.01503	0.02255	0.01278	0.01503	0.00902	0.00677	0.00677	0.00226	0.01052	0.00526	0.00301	0.01052
7	0.01017	0.00763	0.01144	0.01144	0.01272	0.00890	0.00890	0.01272	0.01144	0.01653	0.01907	0.02797	0.01780	0.05340	0.72153	0.01144	0.01907	0.00763	0.00381	0.00636
8	0.01762	0.01692	0.02890	0.04371	0.70533	0.01692	0.02185	0.02185	0.01621	0.02326	0.01339	0.01762	0.01128	0.00634	0.00705	0.00211	0.00846	0.00634	0.00352	0.01128
9	0.00842	0.00721	0.00721	0.00721	0.00962	0.00601	0.00541	0.01022	0.01623	0.01924	0.07213	0.06853	0.70244	0.01803	0.00842	0.00240	0.00361	0.01503	0.00661	0.00601
10	0.01762	0.01692	0.02890	0.04371	0.70533	0.01692	0.02185	0.02185	0.01621	0.02326	0.01339	0.01762	0.01128	0.00634	0.00705	0.00211	0.00846	0.00634	0.00352	0.01128
11	0.01428	0.03683	0.71286	0.02030	0.03082	0.01654	0.02631	0.02255	0.01503	0.02255	0.01278	0.01503	0.00902	0.00677	0.00677	0.00226	0.01052	0.00526	0.00301	0.01052
12	0.01739	0.01487	0.01564	0.01402	0.01799	0.01700	0.01092	0.06195	0.61429	0.02960	0.03177	0.02937	0.07303	0.01025	0.00733	0.00240	0.00557	0.00851	0.00719	0.01091
13	0.02660	0.03394	0.02018	0.01834	0.02201	0.72116	0.01376	0.02843	0.02018	0.01743	0.01101	0.01284	0.00917	0.00734	0.00642	0.00183	0.01284	0.00459	0.00367	0.00825
14	0.01126	0.00804	0.01123	0.01287	0.01442	0.00801	0.01111	0.01439	0.01618	0.02107	0.03782	0.13080	0.04144	0.01987	0.00978	0.00325	0.00637	0.60902	0.00656	0.00650
15	0.01036	0.00690	0.00777	0.00777	0.00777	0.00690	0.00431	0.01036	0.01036	0.01381	0.02244	0.04660	0.02589	0.74975	0.03624	0.00690	0.00690	0.01036	0.00431	0.00431
16	0.01771	0.01530	0.01610	0.01449	0.01852	0.01771	0.01127	0.03784	0.69247	0.02979	0.02898	0.02657	0.02174	0.00966	0.00725	0.00242	0.00564	0.00805	0.00725	0.01127
17	0.01306	0.00794	0.01047	0.00946	0.01166	0.00723	0.00723	0.01633	0.02019	0.12140	0.60985	0.04925	0.06044	0.01377	0.00823	0.00223	0.00373	0.01210	0.00797	0.00745
18	0.01875	0.71068	0.07815	0.01267	0.01903	0.02747	0.01304	0.02140	0.01450	0.01710	0.01007	0.01164	0.00913	0.00613	0.00470	0.00157	0.00779	0.00390	0.00304	0.00922
19	0.01762	0.01692	0.02890	0.04371	0.70533	0.01692	0.02185	0.02185	0.01621	0.02326	0.01339	0.01762	0.01128	0.00634	0.00705	0.00211	0.00846	0.00634	0.00352	0.01128
20	0.01017	0.00763	0.01144	0.01144	0.01272	0.00890	0.00890	0.01272	0.01144	0.01653	0.01907	0.02797	0.01780	0.05340	0.72153	0.01144	0.01907	0.00763	0.00381	0.00636
21	0.01681	0.01921	0.04202	0.03001	0.03721	0.01801	0.67947	0.02281	0.01681	0.02281	0.01441	0.01921	0.01080	0.00600	0.00840	0.00240	0.01200	0.00840	0.00360	0.00960
22	0.01681	0.01921	0.04202	0.03001	0.03721	0.01801	0.67947	0.02281	0.01681	0.02281	0.01441	0.01921	0.01080	0.00600	0.00840	0.00240	0.01200	0.00840	0.00360	0.00960

[dist]
# distance from previous block
# <min> <max>
0	40

[block]
# block no. 2 follows, 29 sequences, length 91
# corresponding to MSA columns:
# 234-324
name=unknown_C
#
# <colnr> <probs for GDERKNQSTAVLIFYWHMCP>
#	G	D	E	R	K	N	Q	S	T	A	V	L	I	F	Y	W	H	M	C	P
0	0.00843	0.00718	0.00725	0.00732	0.00964	0.00600	0.00546	0.01021	0.01613	0.01920	0.07089	0.09413	0.67764	0.01820	0.00844	0.00242	0.00363	0.01523	0.00661	0.00600
1	0.74107	0.01449	0.01088	0.00976	0.01405	0.04780	0.00796	0.02105	0.01273	0.03118	0.03077	0.01288	0.00957	0.00688	0.00462	0.00219	0.00578	0.00416	0.00448	0.00771
2	0.01020	0.00693	0.00791	0.00797	0.00814	0.00691	0.00463	0.01044	0.01078	0.01431	0.02510	0.06941	0.05703	0.66324	0.06327	0.00676	0.00718	0.01077	0.00447	0.00453
3	0.01036	0.00690	0.00777	0.00777	0.00777	0.00690	0.00431	0.01036	0.01036	0.01381	0.02244	0.04660	0.02589	0.74975	0.03624	0.00690	0.00690	0.01036	0.00431	0.00431
4	0.01523	0.01293	0.01501	0.01077	0.01707	0.00996	0.00863	0.04279	0.01547	0.02402	0.01282	0.01485	0.01061	0.00540	0.00534	0.00110	0.00537	0.00430	0.00433	0.76402
5	0.02160	0.09610	0.02675	0.02893	0.31442	0.25057	0.04829	0.08799	0.01905	0.02277	0.01267	0.01546	0.01043	0.00684	0.00667	0.00198	0.00992	0.00562	0.00388	0.01007
6	0.01428	0.03683	0.71286	0.02030	0.03082	0.01654	0.02631	0.02255	0.01503	0.02255	0.01278	0.01503	0.00902	0.00677	0.00677	0.00226	0.01052	0.00526	0.00301	0.01052
7	0.01506	0.01430	0.02427	0.46670	0.30238	0.01624	0.02058	0.01961	0.01500	0.02015	0.01294	0.01846	0.01018	0.00682	0.00709	0.00227	0.00909	0.00633	0.00330	0.00921
8	0.03195	0.01212	0.01652	0.01267	0.01818	0.01047	0.01047	0.03470	0.02038	0.71026	0.02809	0.02424	0.01763	0.00881	0.00716	0.00220	0.00606	0.00716	0.00881	0.01212
9	0.01032	0.00703	0.00840	0.00840	0.00862	0.00725	0.00510	0.01076	0.01054	0.01427	0.02186	0.04340	0.02450	0.63020	0.15389	0.00768	0.00899	0.00989	0.00423	0.00467
10	0.02977	0.01561	0.01869	0.01433	0.01992	0.01565	0.01184	0.32363	0.02623	0.41307	0.02318	0.02105	0.01516	0.00869	0.00714	0.00217	0.00685	0.00683	0.00806	0.01211
11	0.00868	0.00620	0.00826	0.00991	0.01033	0.00578	0.00661	0.00991	0.01363	0.01818	0.03925	0.74510	0.04710	0.02231	0.00909	0.00289	0.00413	0.02024	0.00661	0.00578
12	0.01345	0.01266	0.02136	0.73264	0.04904	0.01582	0.01978	0.01819	0.01424	0.01819	0.01266	0.01898	0.00949	0.00712	0.00712	0.00237	0.00949	0.00633	0.00316	0.00791
13	0.01017	0.00763	0.01144	0.01144	0.01272	0.00890	0.00890	0.01272	0.01144	0.01653	0.01907	0.02797	0.01780	0.05340	0.72153	0.01144	0.01907	0.00763	0.00381	0.00636
14	0.01612	0.01811	0.03918	0.02832	0.03495	0.01698	0.62287	0.02172	0.01654	0.02242	0.01650	0.08027	0.01386	0.00737	0.00846	0.00244	0.01134	0.00940	0.00385	0.00928
15	0.01771	0.01530	0.01610	0.01449	0.01852	0.01771	0.01127	0.03784	0.69247	0.02979	0.02898	0.02657	0.02174	0.00966	0.00725	0.00242	0.00564	0.00805	0.00725	0.01127
16	0.03195	0.01212	0.01652	0.01267	0.01818	0.01047	0.01047	0.03470	0.02038	0.71026	0.02809	0.02424	0.01763	0.00881	0.00716	0.00220	0.00606	0.00716	0.00881	0.01212
17	0.80005	0.01377	0.01047	0.00936	0.01377	0.01597	0.00771	0.02093	0.01212	0.03195	0.00991	0.01157	0.00771	0.00661	0.00441	0.00220	0.00551	0.00386	0.00441	0.00771
18	0.01147	0.00820	0.01147	0.01311	0.01475	0.00820	0.01147	0.01475	0.01639	0.02131	0.03770	0.08032	0.04098	0.01967	0.00984	0.00328	0.00656	0.65741	0.00656	0.00656
19	0.00867	0.00623	0.00823	0.00982	0.01030	0.00579	0.00657	0.00993	0.01372	0.01821	0.04040	0.72132	0.07013	0.02216	0.00907	0.00287	0.00411	0.02006	0.00661	0.00579
20	0.01526	0.18430	0.57396	0.01863	0.02824	0.01893	0.02340	0.02230	0.01492	0.02136	0.01219	0.01429	0.00904	0.00663	0.00631	0.00210	0.00993	0.00496	0.00301	0.01024
21	0.01771	0.01530	0.01610	0.01449	0.01852	0.01771	0.01127	0.03784	0.69247	0.02979	0.02898	0.02657	0.02174	0.00966	0.00725	0.00242	0.00564	0.00805	0.00725	0.01127
22	0.01132	0.00858	0.01059	0.00986	0.01192	0.00851	0.00746	0.01741	0.12951	0.02876	0.59217	0.04886	0.05979	0.01376	0.00821	0.00227	0.00373	0.01209	0.00774	0.00746
23	0.00866	0.00625	0.00821	0.00978	0.01029	0.00580	0.00655	0.00993	0.01376	0.01823	0.04091	0.71094	0.08019	0.02209	0.00905	0.00287	0.00410	0.01998	0.00661	0.00580
24	0.01345	0.01266	0.02136	0.73264	0.04904	0.01582	0.01978	0.01819	0.01424	0.01819	0.01266	0.01898	0.00949	0.00712	0.00712	0.00237	0.00949	0.00633	0.00316	0.00791
25	0.01658	0.02079	0.10232	0.02914	0.03664	0.01788	0.62076	0.02279	0.01665	0.02279	0.01426	0.01883	0.01064	0.00607	0.00826	0.00239	0.01187	0.00812	0.00355	0.00969
26	0.80005	0.01377	0.01047	0.00936	0.01377	0.01597	0.00771	0.02093	0.01212	0.03195	0.00991	0.01157	0.00771	0.00661	0.00441	0.00220	0.00551	0.00386	0.00441	0.00771
27	0.01008	0.00728	0.00952	0.00896	0.01064	0.00672	0.00672	0.01344	0.02016	0.02855	0.70158	0.05319	0.06719	0.01456	0.00840	0.00224	0.00336	0.01288	0.00784	0.00672
28	0.00868	0.00620	0.00826	0.00991	0.01033	0.00578	0.00661	0.00991	0.01363	0.01818	0.03925	0.74510	0.04710	0.02231	0.00909	0.00289	0.00413	0.02024	0.00661	0.00578
29	0.80005	0.01377	0.01047	0.00936	0.01377	0.01597	0.00771	0.02093	0.01212	0.03195	0.00991	0.01157	0.00771	0.00661	0.00441	0.00220	0.00551	0.00386	0.00441	0.00771
30	0.01428	0.03683	0.71286	0.02030	0.03082	0.01654	0.02631	0.02255	0.01503	0.02255	0.01278	0.01503	0.00902	0.00677	0.00677	0.00226	0.01052	0.00526	0.00301	0.01052
31	0.01904	0.75404	0.03731	0.01218	0.01828	0.02818	0.01218	0.02132	0.01447	0.01675	0.00990	0.01142	0.00914	0.00609	0.00457	0.00152	0.00761	0.00381	0.00305	0.00914
32	0.01904	0.75404	0.03731	0.01218	0.01828	0.02818	0.01218	0.02132	0.01447	0.01675	0.00990	0.01142	0.00914	0.00609	0.00457	0.00152	0.00761	0.00381	0.00305	0.00914
33	0.01624	0.01310	0.01389	0.01248	0.01620	0.01431	0.00971	0.05425	0.44916	0.06184	0.04028	0.03755	0.20707	0.01186	0.00756	0.00239	0.00519	0.00985	0.00715	0.00991
34	0.80005	0.01377	0.01047	0.00936	0.01377	0.01597	0.00771	0.02093	0.01212	0.03195	0.00991	0.01157	0.00771	0.00661	0.00441	0.00220	0.00551	0.00386	0.00441	0.00771
35	0.01428	0.03683	0.71286	0.02030	0.03082	0.01654	0.02631	0.02255	0.01503	0.02255	0.01278	0.01503	0.00902	0.00677	0.00677	0.00226	0.01052	0.00526	0.00301	0.01052
36	0.01526	0.05774	0.65938	0.01969	0.02984	0.01661	0.02513	0.02308	0.01527	0.05465	0.01341	0.01535	0.00943	0.00684	0.00672	0.00223	0.01022	0.00531	0.00328	0.01056
37	0.02495	0.01833	0.01979	0.01543	0.02046	0.02024	0.01254	0.59689	0.03060	0.04105	0.01764	0.02012	0.01354	0.07583	0.03673	0.00291	0.00818	0.00681	0.00675	0.01120
38	0.01477	0.01266	0.01477	0.01055	0.01687	0.00949	0.00844	0.01793	0.01477	0.02320	0.01266	0.01477	0.01055	0.00527	0.00527	0.00105	0.00527	0.00422	0.00422	0.79328
39	0.01535	0.01460	0.02480	0.41815	0.34863	0.01632	0.02072	0.01986	0.01514	0.02051	0.01299	0.01836	0.01031	0.00677	0.00709	0.00226	0.00902	0.00634	0.00333	0.00945
40	0.02514	0.06270	0.02004	0.01734	0.02085	0.64151	0.01303	0.02686	0.01925	0.01714	0.01176	0.01515	0.01034	0.05941	0.00844	0.00218	0.01220	0.00496	0.00369	0.00802
41	0.00872	0.00623	0.00831	0.00988	0.01034	0.00582	0.00661	0.01004	0.01386	0.01854	0.06243	0.72088	0.04780	0.02204	0.00906	0.00287	0.00410	0.01999	0.00665	0.00582
42	0.01762	0.01692	0.02890	0.04371	0.70533	0.01692	0.02185	0.02185	0.01621	0.02326	0.01339	0.01762	0.01128	0.00634	0.00705	0.00211	0.00846	0.00634	0.00352	0.01128
43	0.00868	0.00620	0.00826	0.00991	0.01033	0.00578	0.00661	0.00991	0.01363	0.01818	0.03925	0.74510	0.04710	0.02231	0.00909	0.00289	0.00413	0.02024	0.00661	0.00578
44	0.01477	0.01266	0.01477	0.01055	0.01687	0.00949	0.00844	0.01793	0.01477	0.02320	0.01266	0.01477	0.01055	0.00527	0.00527	0.00105	0.00527	0.00422	0.00422	0.79328
45	0.02707	0.01995	0.02137	0.01638	0.02208	0.02208	0.01353	0.68159	0.03348	0.04488	0.01710	0.01710	0.01211	0.00855	0.00712	0.00214	0.00784	0.00641	0.00712	0.01211
46	0.01427	0.01343	0.02235	0.59612	0.15184	0.01607	0.01978	0.01952	0.04042	0.01944	0.01340	0.01906	0.01024	0.00709	0.00711	0.00233	0.00918	0.00640	0.00338	0.00857
47	0.01352	0.01275	0.02192	0.53042	0.10951	0.01488	0.06219	0.01788	0.01453	0.01901	0.01603	0.10570	0.01426	0.00878	0.00743	0.00241	0.00891	0.00813	0.00364	0.00811
48	0.01477	0.01266	0.01477	0.01055	0.01687	0.00949	0.00844	0.01793	0.01477	0.02320	0.01266	0.01477	0.01055	0.00527	0.00527	0.00105	0.00527	0.00422	0.00422	0.79328
49	0.02803	0.01840	0.02041	0.01565	0.02131	0.01979	0.01293	0.55403	0.03090	0.17608	0.01926	0.01850	0.01320	0.00860	0.00713	0.00215	0.00749	0.00656	0.00746	0.01211
50	0.00857	0.00705	0.00754	0.00777	0.00980	0.00602	0.00569	0.01038	0.01607	0.01968	0.10814	0.17757	0.55411	0.01850	0.00852	0.00247	0.00368	0.01574	0.00669	0.00602
51	0.01008	0.00728	0.00952	0.00896	0.01064	0.00672	0.00672	0.01344	0.02016	0.02855	0.70158	0.05319	0.06719	0.01456	0.00840	0.00224	0.00336	0.01288	0.00784	0.00672
52	0.01327	0.00664	0.00664	0.00664	0.00830	0.00664	0.00498	0.01659	0.01493	0.02655	0.02323	0.02655	0.01825	0.00830	0.00498	0.00166	0.00332	0.00664	0.78928	0.00664
53	0.01428	0.03683	0.71286	0.02030	0.03082	0.01654	0.02631	0.02255	0.01503	0.02255	0.01278	0.01503	0.00902	0.00677	0.00677	0.00226	0.01052	0.00526	0.00301	0.01052
54	0.02625	0.03154	0.02012	0.01795	0.02186	0.61180	0.01362	0.10112	0.05226	0.02103	0.01250	0.01394	0.01007	0.00758	0.00654	0.00189	0.01196	0.00495	0.00421	0.00882
55	0.01327	0.00664	0.00664	0.00664	0.00830	0.00664	0.00498	0.01659	0.01493	0.02655	0.02323	0.02655	0.01825	0.00830	0.00498	0.00166	0.00332	0.00664	0.78928	0.00664
56	0.00868	0.00620	0.00826	0.00991	0.01033	0.00578	0.00661	0.00991	0.01363	0.01818	0.03925	0.74510	0.04710	0.02231	0.00909	0.00289	0.00413	0.02024	0.00661	0.00578
57	0.01018	0.00760	0.01128	0.01128	0.01249	0.00881	0.00869	0.01261	0.01139	0.01641	0.01923	0.02882	0.01817	0.08511	0.69033	0.01124	0.01852	0.00775	0.00384	0.00626
58	0.02627	0.01940	0.02076	0.01599	0.02155	0.02139	0.01319	0.65275	0.03274	0.04378	0.01946	0.01930	0.04176	0.00896	0.00718	0.00215	0.00765	0.00678	0.00710	0.01185
59	0.01291	0.01235	0.02016	0.01882	0.08302	0.03839	0.18856	0.01641	0.03617	0.02048	0.02890	0.37542	0.05523	0.01459	0.00837	0.00254	0.00705	0.01391	0.00532	0.04141
60	0.01637	0.09656	0.46316	0.02217	0.07686	0.04447	0.11175	0.02308	0.01569	0.04599	0.01325	0.01569	0.00974	0.00667	0.00681	0.00218	0.01025	0.00567	0.00336	0.01030
61	0.01736	0.01580	0.02467	0.13122	0.39181	0.04041	0.05187	0.04643	0.04317	0.04908	0.01857	0.02573	0.03452	0.00838	0.00742	0.00229	0.00839	0.06844	0.00434	0.01008
62	0.01885	0.72621	0.06353	0.01250	0.01876	0.02772	0.01273	0.02137	0.01449	0.01698	0.01001	0.01156	0.00913	0.00612	0.00465	0.00155	0.00773	0.00386	0.00304	0.00919
63	0.01249	0.01089	0.01700	0.35441	0.08986	0.01233	0.01498	0.01676	0.04059	0.01996	0.05050	0.16059	0.05306	0.01242	0.00797	0.00257	0.00739	0.10380	0.00478	0.00763
64	0.01345	0.01266	0.02136	0.73264	0.04904	0.01582	0.01978	0.01819	0.01424	0.01819	0.01266	0.01898	0.00949	0.00712	0.00712	0.00237	0.00949	0.00633	0.00316	0.00791
65	0.02550	0.01072	0.01430	0.01145	0.01592	0.00932	0.00927	0.02830	0.01997	0.51314	0.16678	0.03392	0.08766	0.01077	0.00752	0.00223	0.00530	0.00900	0.00842	0.01050
66	0.01345	0.01266	0.02136	0.73264	0.04904	0.01582	0.01978	0.01819	0.01424	0.01819	0.01266	0.01898	0.00949	0.00712	0.00712	0.00237	0.00949	0.00633	0.00316	0.00791
67	0.03100	0.01184	0.01603	0.01236	0.01768	0.01027	0.01019	0.03379	0.02011	0.67574	0.02785	0.02435	0.01766	0.00879	0.00705	0.00218	0.00592	0.00713	0.04823	0.01184
68	0.01036	0.00690	0.00777	0.00777	0.00777	0.00690	0.00431	0.01036	0.01036	0.01381	0.02244	0.04660	0.02589	0.74975	0.03624	0.00690	0.00690	0.01036	0.00431	0.00431
69	0.01562	0.01571	0.02256	0.01912	0.01938	0.02167	0.04033	0.01735	0.01113	0.01735	0.00954	0.01571	0.00940	0.01222	0.02281	0.00309	0.70970	0.00631	0.00313	0.00786
70	0.00842	0.00721	0.00721	0.00721	0.00962	0.00601	0.00541	0.01022	0.01623	0.01924	0.07213	0.06853	0.70244	0.01803	0.00842	0.00240	0.00361	0.01503	0.00661	0.00601
71	0.01107	0.00796	0.01098	0.01255	0.01411	0.00787	0.01074	0.01409	0.01612	0.02092	0.03932	0.14428	0.06974	0.01986	0.00970	0.00320	0.00620	0.56827	0.00656	0.00646
72	0.01955	0.59215	0.10062	0.01376	0.01997	0.11591	0.01376	0.02235	0.01526	0.01740	0.01032	0.01195	0.00913	0.00632	0.00502	0.00163	0.00857	0.00405	0.00312	0.00916
73	0.01477	0.01266	0.01477	0.01055	0.01687	0.00949	0.00844	0.01793	0.01477	0.02320	0.01266	0.01477	0.01055	0.00527	0.00527	0.00105	0.00527	0.00422	0.00422	0.79328
74	0.01713	0.01671	0.02938	0.11054	0.57801	0.01691	0.08310	0.02158	0.01607	0.02272	0.01342	0.01791	0.01106	0.00639	0.00718	0.00217	0.00889	0.00654	0.00350	0.01079
75	0.80005	0.01377	0.01047	0.00936	0.01377	0.01597	0.00771	0.02093	0.01212	0.03195	0.00991	0.01157	0.00771	0.00661	0.00441	0.00220	0.00551	0.00386	0.00441	0.00771
76	0.01006	0.00795	0.00891	0.00864	0.01064	0.00746	0.00633	0.01393	0.08234	0.02262	0.26262	0.08304	0.33674	0.09377	0.01127	0.00285	0.00409	0.01337	0.00682	0.00656
77	0.00960	0.00714	0.00880	0.00941	0.01069	0.00663	0.00665	0.03576	0.01627	0.02156	0.18396	0.43586	0.18272	0.01930	0.00873	0.00263	0.00400	0.01713	0.00689	0.00626
78	0.01564	0.24121	0.52035	0.01798	0.02724	0.01985	0.02228	0.02220	0.01487	0.02090	0.01196	0.01400	0.00905	0.00657	0.00614	0.00205	0.00969	0.00485	0.00302	0.01013
79	0.01147	0.00820	0.01147	0.01311	0.01475	0.00820	0.01147	0.01475	0.01639	0.02131	0.03770	0.08032	0.04098	0.01967	0.00984	0.00328	0.00656	0.65741	0.00656	0.00656
80	0.00865	0.00630	0.00816	0.00964	0.01026	0.00581	0.00649	0.00995	0.01390	0.01829	0.04261	0.67592	0.11411	0.02187	0.00902	0.00284	0.00408	0.01971	0.00661	0.00581
81	0.03828	0.00687	0.00802	0.00892	0.01022	0.00628	0.00624	0.01055	0.01470	0.01941	0.07190	0.45814	0.27510	0.01997	0.00866	0.00267	0.00397	0.01756	0.00657	0.00597
82	0.00925	0.00716	0.00843	0.00829	0.01018	0.00634	0.00615	0.01177	0.01795	0.02373	0.37855	0.11537	0.33786	0.01667	0.00846	0.00236	0.00353	0.01439	0.00721	0.00634
83	0.01036	0.00690	0.00777	0.00777	0.00777	0.00690	0.00431	0.01036	0.01036	0.01381	0.02244	0.04660	0.02589	0.74975	0.03624	0.00690	0.00690	0.01036	0.00431	0.00431
84	0.00868	0.00620	0.00826	0.00991	0.01033	0.00578	0.00661	0.00991	0.01363	0.01818	0.03925	0.74510	0.04710	0.02231	0.00909	0.00289	0.00413	0.02024	0.00661	0.00578
85	0.01428	0.03683	0.71286	0.02030	0.03082	0.01654	0.02631	0.02255	0.01503	0.02255	0.01278	0.01503	0.00902	0.00677	0.00677	0.00226	0.01052	0.00526	0.00301	0.01052
86	0.01563	0.17209	0.48779	0.02137	0.09149	0.01888	0.05384	0.02226	0.01512	0.02151	0.01236	0.01478	0.00934	0.00656	0.00645	0.00211	0.00984	0.00523	0.00309	0.01028
87	0.01364	0.01286	0.02171	0.70030	0.07985	0.01587	0.01987	0.01837	0.01433	0.01843	0.01269	0.01892	0.00958	0.00708	0.00712	0.00236	0.00944	0.00633	0.00318	0.00807
88	0.66762	0.03751	0.01263	0.01028	0.01491	0.01671	0.00853	0.08560	0.01462	0.06186	0.01139	0.01264	0.00861	0.00688	0.00479	0.00218	0.00582	0.00424	0.00482	0.00837
89	0.10920	0.27403	0.06887	0.01349	0.01818	0.16904	0.01197	0.05477	0.01676	0.04297	0.04758	0.11093	0.01710	0.00920	0.00607	0.00198	0.00799	0.00690	0.00441	0.00857
90	0.52025	0.01779	0.13893	0.05769	0.04152	0.01582	0.01240	0.02152	0.04218	0.02889	0.03791	0.01508	0.01104	0.00709	0.00536	0.00223	0.00668	0.00487	0.00430	0.00846

[dist]
# distance from previous block
# <min> <max>
0	2

[block]
# block no. 3 follows, 29 sequences, length 7
# corresponding to MSA columns:
# 327-333
name=unknown_D
#
# <colnr> <probs for GDERKNQSTAVLIFYWHMCP>
#	G	D	E	R	K	N	Q	S	T	A	V	L	I	F	Y	W	H	M	C	P
0	0.01437	0.00978	0.01115	0.00989	0.01246	0.00940	0.00720	0.07560	0.06884	0.08863	0.08914	0.08571	0.16626	0.23298	0.01616	0.00360	0.00552	0.01076	0.00612	0.07643
1	0.01546	0.01306	0.01733	0.12424	0.02208	0.01339	0.01198	0.01837	0.01400	0.05936	0.01388	0.04822	0.01209	0.00827	0.01028	0.00191	0.18576	0.00591	0.00415	0.40026
2	0.01456	0.01266	0.01578	0.12214	0.02185	0.01047	0.01019	0.01797	0.01468	0.02243	0.01266	0.01542	0.01038	0.00556	0.00556	0.00126	0.00593	0.00454	0.00406	0.67191
3	0.01954	0.01458	0.01626	0.01316	0.01738	0.01509	0.01039	0.36395	0.02476	0.03387	0.09855	0.12570	0.02403	0.05853	0.00914	0.00240	0.00634	0.00903	0.00650	0.13082
4	0.00885	0.00638	0.00810	0.00939	0.00995	0.00594	0.00622	0.01000	0.01351	0.01777	0.04057	0.59482	0.11043	0.10760	0.01222	0.00332	0.00441	0.01855	0.00634	0.00563
5	0.06597	0.40740	0.13938	0.01447	0.02045	0.17064	0.01426	0.02262	0.01589	0.01929	0.04343	0.01429	0.01180	0.00690	0.00548	0.00178	0.00886	0.00464	0.00348	0.00897
6	0.02296	0.16379	0.02200	0.01523	0.01966	0.30831	0.01231	0.17418	0.06271	0.02486	0.01750	0.01836	0.05178	0.00820	0.00632	0.00190	0.00923	0.00578	0.04565	0.00927

[dist]
# distance from previous block
# <min> <max>
1	4

[block]
# block no. 4 follows, 29 sequences, length 54
# corresponding to MSA columns:
# 338-391
name=unknown_E
#
# <colnr> <probs for GDERKNQSTAVLIFYWHMCP>
#	G	D	E	R	K	N	Q	S	T	A	V	L	I	F	Y	W	H	M	C	P
0	0.08208	0.38040	0.23702	0.03436	0.05737	0.03943	0.01671	0.02154	0.01458	0.02014	0.01131	0.01355	0.00935	0.00778	0.02618	0.00215	0.00887	0.00457	0.00321	0.00941
1	0.11300	0.31172	0.05507	0.04356	0.06886	0.12493	0.01343	0.08887	0.01758	0.08429	0.01288	0.01424	0.01019	0.00691	0.00567	0.00188	0.00827	0.00482	0.00425	0.00956
2	0.04435	0.02040	0.12834	0.01914	0.08993	0.07926	0.04945	0.11902	0.15755	0.16084	0.02051	0.02212	0.01522	0.00846	0.00712	0.00225	0.00807	0.03128	0.00589	0.01080
3	0.02085	0.15894	0.19601	0.01788	0.04492	0.31058	0.01644	0.05782	0.03481	0.02103	0.04772	0.01592	0.01265	0.00743	0.00636	0.00194	0.01028	0.00528	0.00386	0.00926
4	0.01362	0.01299	0.02242	0.69637	0.04843	0.01593	0.05383	0.01843	0.01437	0.01843	0.01275	0.01900	0.00956	0.00706	0.00719	0.00237	0.00962	0.00644	0.00319	0.00800
5	0.00850	0.00714	0.00738	0.00749	0.00971	0.00602	0.00556	0.01032	0.01617	0.01950	0.09335	0.12174	0.62629	0.01824	0.00847	0.00244	0.00364	0.01536	0.00666	0.00602
6	0.01295	0.01141	0.01165	0.01187	0.01394	0.07620	0.00898	0.01913	0.17194	0.02213	0.08500	0.27935	0.11477	0.01653	0.00840	0.00264	0.00556	0.11352	0.00656	0.00749
7	0.01485	0.01294	0.01594	0.01138	0.01775	0.00986	0.03729	0.01814	0.01485	0.02319	0.01273	0.01496	0.01056	0.00530	0.00541	0.00111	0.00556	0.00440	0.00419	0.75959
8	0.01186	0.00944	0.01196	0.01106	0.01111	0.01129	0.00774	0.01240	0.01056	0.01487	0.01853	0.03693	0.02080	0.51034	0.05846	0.00598	0.21825	0.00906	0.00395	0.00540
9	0.00866	0.00625	0.00821	0.00978	0.01029	0.00579	0.00655	0.00993	0.01376	0.01823	0.04086	0.71198	0.07918	0.02210	0.00906	0.00287	0.00411	0.01999	0.00661	0.00579
10	0.80005	0.01377	0.01047	0.00936	0.01377	0.01597	0.00771	0.02093	0.01212	0.03195	0.00991	0.01157	0.00771	0.00661	0.00441	0.00220	0.00551	0.00386	0.00441	0.00771
11	0.01799	0.04787	0.02287	0.10661	0.28820	0.07596	0.01657	0.02798	0.27056	0.02439	0.01883	0.02049	0.01475	0.00775	0.00698	0.00221	0.00784	0.00673	0.00488	0.01056
12	0.01237	0.00618	0.00928	0.00928	0.00928	0.00618	0.00618	0.00928	0.00928	0.01237	0.01237	0.02165	0.01237	0.02474	0.02783	0.79283	0.00618	0.00618	0.00309	0.00309
13	0.01731	0.01878	0.09295	0.04151	0.64217	0.01688	0.02227	0.02192	0.01610	0.02320	0.01334	0.01738	0.01107	0.00638	0.00702	0.00213	0.00865	0.00624	0.00348	0.01121
14	0.80005	0.01377	0.01047	0.00936	0.01377	0.01597	0.00771	0.02093	0.01212	0.03195	0.00991	0.01157	0.00771	0.00661	0.00441	0.00220	0.00551	0.00386	0.00441	0.00771
15	0.01465	0.01415	0.02157	0.23080	0.02793	0.01862	0.04860	0.01749	0.01237	0.01806	0.01160	0.01781	0.01023	0.01246	0.05224	0.00322	0.42096	0.00645	0.03303	0.00780
16	0.02707	0.01995	0.02137	0.01638	0.02208	0.02208	0.01353	0.68159	0.03348	0.04488	0.01710	0.01710	0.01211	0.00855	0.00712	0.00214	0.00784	0.00641	0.00712	0.01211
17	0.00999	0.00810	0.01070	0.10569	0.03518	0.00786	0.00843	0.01275	0.01706	0.02249	0.28889	0.14365	0.27180	0.01554	0.00829	0.00240	0.00451	0.01352	0.00651	0.00664
18	0.01724	0.01488	0.01565	0.01412	0.01806	0.01712	0.01097	0.03643	0.65804	0.02925	0.03118	0.02870	0.05639	0.01009	0.00731	0.00241	0.00553	0.00841	0.00721	0.01100
19	0.01808	0.01763	0.02729	0.03976	0.60817	0.05243	0.02048	0.02365	0.07822	0.02357	0.01470	0.01820	0.01213	0.00670	0.00704	0.00213	0.00842	0.00641	0.00387	0.01113
20	0.01345	0.01266	0.02136	0.73264	0.04904	0.01582	0.01978	0.01819	0.01424	0.01819	0.01266	0.01898	0.00949	0.00712	0.00712	0.00237	0.00949	0.00633	0.00316	0.00791
21	0.02534	0.01909	0.02040	0.01603	0.02142	0.02127	0.01312	0.56271	0.15517	0.04209	0.01929	0.01884	0.01389	0.00875	0.00715	0.00219	0.00743	0.00671	0.00715	0.01195
22	0.80005	0.01377	0.01047	0.00936	0.01377	0.01597	0.00771	0.02093	0.01212	0.03195	0.00991	0.01157	0.00771	0.00661	0.00441	0.00220	0.00551	0.00386	0.00441	0.00771
23	0.01000	0.00728	0.00941	0.00887	0.01059	0.00668	0.00665	0.01328	0.01996	0.02810	0.67076	0.05394	0.09829	0.01473	0.00840	0.00225	0.00337	0.01298	0.00778	0.00668
24	0.01017	0.00763	0.01144	0.01144	0.01272	0.00890	0.00890	0.01272	0.01144	0.01653	0.01907	0.02797	0.01780	0.05340	0.72153	0.01144	0.01907	0.00763	0.00381	0.00636
25	0.80005	0.01377	0.01047	0.00936	0.01377	0.01597	0.00771	0.02093	0.01212	0.03195	0.00991	0.01157	0.00771	0.00661	0.00441	0.00220	0.00551	0.00386	0.00441	0.00771
26	0.02996	0.01531	0.01850	0.01418	0.01977	0.01520	0.01172	0.29860	0.02572	0.43882	0.02361	0.02132	0.01538	0.00871	0.00715	0.00218	0.00678	0.00685	0.00812	0.01211
27	0.01771	0.01530	0.01610	0.01449	0.01852	0.01771	0.01127	0.03784	0.69247	0.02979	0.02898	0.02657	0.02174	0.00966	0.00725	0.00242	0.00564	0.00805	0.00725	0.01127
28	0.00948	0.03930	0.00947	0.00893	0.01099	0.00730	0.00695	0.01150	0.01586	0.01963	0.08223	0.18993	0.42288	0.01842	0.00860	0.00259	0.00434	0.11890	0.00650	0.00622
29	0.02755	0.01455	0.01747	0.01390	0.01910	0.01468	0.01132	0.17503	0.18135	0.40656	0.02593	0.02324	0.01740	0.00896	0.00717	0.00224	0.00634	0.00721	0.00808	0.01192
30	0.01503	0.03591	0.65115	0.02112	0.05685	0.05201	0.02550	0.02282	0.01534	0.02232	0.01271	0.01502	0.00912	0.00678	0.00676	0.00223	0.01056	0.00527	0.00306	0.01044
31	0.06061	0.01223	0.01623	0.01260	0.01791	0.01094	0.01038	0.05100	0.02008	0.63961	0.02675	0.02369	0.01710	0.01041	0.03417	0.00255	0.00658	0.00703	0.00841	0.01173
32	0.02016	0.54545	0.09339	0.01408	0.02014	0.14550	0.01374	0.04266	0.01607	0.01823	0.01056	0.01216	0.00922	0.00644	0.00516	0.00166	0.00877	0.00415	0.00327	0.00920
33	0.01795	0.01521	0.01611	0.01441	0.01839	0.01747	0.01122	0.08083	0.61658	0.03030	0.02863	0.05830	0.02222	0.01015	0.00732	0.00242	0.00572	0.00849	0.00721	0.01108
34	0.01145	0.00884	0.01054	0.00984	0.01198	0.00883	0.00740	0.01783	0.15185	0.02736	0.48490	0.04903	0.11298	0.04445	0.00933	0.00248	0.00398	0.01201	0.00747	0.00745
35	0.02730	0.01331	0.01660	0.01309	0.01807	0.01284	0.01068	0.15841	0.07422	0.44747	0.10627	0.02647	0.02277	0.00951	0.00731	0.00221	0.00605	0.00776	0.00825	0.01141
36	0.01365	0.01001	0.01202	0.01131	0.01347	0.01030	0.00847	0.16521	0.04192	0.02769	0.23226	0.31758	0.04311	0.01774	0.03831	0.00287	0.00542	0.01395	0.00700	0.00771
37	0.00950	0.00731	0.00988	0.01096	0.01132	0.00769	0.00768	0.01078	0.01331	0.01805	0.03568	0.65818	0.04260	0.02114	0.01079	0.00292	0.09142	0.01857	0.00619	0.00602
38	0.04520	0.07471	0.55423	0.02075	0.03033	0.01739	0.11507	0.02245	0.01513	0.02262	0.01273	0.01527	0.00922	0.00662	0.00677	0.00223	0.01037	0.00556	0.00315	0.01021
39	0.01056	0.00783	0.01004	0.01111	0.01283	0.00751	0.00928	0.01319	0.01588	0.02017	0.04579	0.07452	0.21791	0.07603	0.01151	0.00333	0.00579	0.43411	0.00640	0.00624
