[name]
unknown

[dist]
# distance from previous block
# <min> <max>
8	211

[block]
# block no. 0 follows, 31 sequences, length 7
# corresponding to MSA columns:
# 244-250
name=unknown_A
#
# <colnr> <probs for GDERKNQSTAVLIFYWHMCP>
#	G	D	E	R	K	N	Q	S	T	A	V	L	I	F	Y	W	H	M	C	P
0	0.01316	0.00913	0.01061	0.00975	0.01247	0.00861	0.00731	0.01814	0.13388	0.10244	0.12307	0.16949	0.20768	0.05617	0.00909	0.00247	0.00447	0.01180	0.00650	0.08375
1	0.04914	0.01051	0.07818	0.01084	0.02821	0.00842	0.00905	0.01536	0.04111	0.04749	0.19079	0.16398	0.12800	0.01393	0.00752	0.00233	0.00477	0.08575	0.09761	0.00702
2	0.01455	0.00988	0.01134	0.04827	0.01383	0.01061	0.00811	0.12581	0.01683	0.02583	0.02348	0.02612	0.08196	0.01153	0.04965	0.00240	0.06235	0.00699	0.39587	0.05459
3	0.02564	0.01336	0.01680	0.01324	0.01766	0.01354	0.01088	0.19749	0.02188	0.40374	0.09922	0.02385	0.02014	0.00936	0.00850	0.00219	0.07722	0.00722	0.00742	0.01066
4	0.02439	0.01724	0.01788	0.01422	0.01892	0.07254	0.01147	0.43956	0.02651	0.14982	0.02176	0.05148	0.05352	0.03869	0.00804	0.00226	0.00721	0.00730	0.00670	0.01048
5	0.06497	0.15126	0.02430	0.08342	0.05811	0.27191	0.08151	0.11148	0.05113	0.02228	0.01250	0.01457	0.00995	0.00687	0.00616	0.00191	0.00954	0.00523	0.00400	0.00891
6	0.06505	0.06005	0.07399	0.01453	0.01967	0.01880	0.01268	0.44689	0.02496	0.03457	0.01537	0.01775	0.01194	0.05463	0.04437	0.00273	0.02710	0.00599	0.00564	0.04329

[dist]
# distance from previous block
# <min> <max>
2	21

[block]
# block no. 1 follows, 31 sequences, length 37
# corresponding to MSA columns:
# 274-310
name=unknown_B
#
# <colnr> <probs for GDERKNQSTAVLIFYWHMCP>
#	G	D	E	R	K	N	Q	S	T	A	V	L	I	F	Y	W	H	M	C	P
0	0.08841	0.03796	0.01799	0.14305	0.08102	0.10402	0.01281	0.13045	0.09627	0.07560	0.04144	0.02113	0.05076	0.00932	0.02703	0.00231	0.00774	0.00645	0.00506	0.04117
1	0.03991	0.01195	0.01245	0.01184	0.03717	0.07986	0.00831	0.11568	0.01610	0.06387	0.05900	0.06247	0.06067	0.26317	0.12334	0.00491	0.00853	0.00873	0.00505	0.00698
2	0.09391	0.10175	0.01848	0.01406	0.01809	0.33686	0.01115	0.04512	0.01788	0.14386	0.05576	0.01735	0.01404	0.01010	0.04862	0.00238	0.00947	0.00539	0.00476	0.03100
3	0.60525	0.01442	0.06494	0.09880	0.01850	0.01497	0.01022	0.01945	0.01206	0.02755	0.01057	0.01315	0.00828	0.00906	0.04742	0.00266	0.00688	0.00431	0.00396	0.00756
4	0.01611	0.01167	0.06042	0.01109	0.01459	0.00997	0.00933	0.12348	0.01999	0.15159	0.29355	0.11077	0.09499	0.01241	0.00755	0.00218	0.00497	0.01062	0.00697	0.02774
5	0.01397	0.07541	0.68629	0.01907	0.02895	0.01650	0.02453	0.02160	0.01441	0.02136	0.01213	0.01425	0.00867	0.00646	0.00638	0.00213	0.00996	0.00498	0.00289	0.01004
6	0.01299	0.01089	0.01291	0.01001	0.01493	0.00839	0.00775	0.01565	0.01396	0.02130	0.01739	0.16590	0.01732	0.00842	0.00582	0.00137	0.00484	0.00721	0.00452	0.63843
7	0.00993	0.00665	0.00756	0.00753	0.00762	0.00662	0.00428	0.01012	0.01050	0.01410	0.06212	0.04514	0.02720	0.71585	0.03325	0.00637	0.00643	0.01009	0.00434	0.00428
8	0.07978	0.01273	0.01972	0.55776	0.03930	0.01620	0.01734	0.01753	0.01296	0.01841	0.01140	0.01708	0.00895	0.00768	0.00929	0.00239	0.13492	0.00587	0.00313	0.00756
9	0.80789	0.01323	0.01006	0.00900	0.01323	0.01535	0.00741	0.02011	0.01164	0.03070	0.00953	0.01111	0.00741	0.00635	0.00423	0.00212	0.00529	0.00370	0.00423	0.00741
10	0.01693	0.01626	0.02777	0.04199	0.71689	0.01626	0.02100	0.02100	0.01558	0.02235	0.01287	0.01693	0.01084	0.00610	0.00677	0.00203	0.00813	0.00610	0.00339	0.01084
11	0.02541	0.01787	0.01941	0.01492	0.02024	0.01942	0.01230	0.59737	0.02996	0.08966	0.01728	0.01721	0.01221	0.00812	0.00670	0.00201	0.00715	0.00615	0.03968	0.03694
12	0.80789	0.01323	0.01006	0.00900	0.01323	0.01535	0.00741	0.02011	0.01164	0.03070	0.00953	0.01111	0.00741	0.00635	0.00423	0.00212	0.00529	0.00370	0.00423	0.00741
13	0.02601	0.01916	0.02053	0.01574	0.02122	0.02122	0.01300	0.69408	0.03217	0.04312	0.01643	0.01643	0.01163	0.00821	0.00684	0.00205	0.00753	0.00616	0.00684	0.01163
14	0.01058	0.00725	0.00908	0.00846	0.01044	0.00652	0.00640	0.01346	0.01859	0.06627	0.53810	0.05256	0.19787	0.01436	0.00800	0.00218	0.00343	0.01248	0.00734	0.00662
15	0.02601	0.01916	0.02053	0.01574	0.02122	0.02122	0.01300	0.69408	0.03217	0.04312	0.01643	0.01643	0.01163	0.00821	0.00684	0.00205	0.00753	0.00616	0.00684	0.01163
16	0.00995	0.00663	0.00746	0.00746	0.00746	0.00663	0.00415	0.00995	0.00995	0.01327	0.02156	0.04477	0.02487	0.75957	0.03482	0.00663	0.00663	0.00995	0.00415	0.00415
17	0.04190	0.01371	0.01657	0.01549	0.05433	0.10019	0.05917	0.01712	0.01338	0.01928	0.01773	0.02236	0.05437	0.01864	0.16934	0.00418	0.20535	0.00674	0.14293	0.00725
18	0.80789	0.01323	0.01006	0.00900	0.01323	0.01535	0.00741	0.02011	0.01164	0.03070	0.00953	0.01111	0.00741	0.00635	0.00423	0.00212	0.00529	0.00370	0.00423	0.00741
19	0.00828	0.00617	0.00772	0.00896	0.00977	0.00560	0.00610	0.00959	0.01364	0.01769	0.04459	0.60505	0.19086	0.02054	0.00859	0.00268	0.00386	0.01836	0.00635	0.00560
20	0.01770	0.01504	0.01585	0.01406	0.01805	0.01734	0.01099	0.08636	0.65341	0.02972	0.02698	0.02483	0.02018	0.00920	0.00695	0.00230	0.00558	0.00762	0.00695	0.01089
21	0.01451	0.01430	0.02008	0.01735	0.01746	0.01987	0.01440	0.01609	0.01052	0.01641	0.00980	0.01601	0.00969	0.01543	0.08476	0.00370	0.68309	0.00610	0.00305	0.00736
22	0.01592	0.01909	0.07632	0.02741	0.03393	0.01753	0.59875	0.02145	0.01558	0.02145	0.01335	0.01794	0.01017	0.00633	0.00919	0.00236	0.07299	0.00773	0.00339	0.00913
23	0.01504	0.01141	0.01463	0.03526	0.01664	0.01191	0.04711	0.23309	0.02028	0.02719	0.08508	0.31824	0.03230	0.01494	0.00805	0.00249	0.00589	0.08616	0.00634	0.00795
24	0.00951	0.00699	0.00891	0.00843	0.01012	0.00638	0.00632	0.01258	0.01896	0.02647	0.64380	0.05269	0.13463	0.01435	0.00807	0.00217	0.00325	0.01260	0.00740	0.00638
25	0.01372	0.03539	0.72412	0.01950	0.02961	0.01589	0.02528	0.02167	0.01444	0.02167	0.01228	0.01444	0.00867	0.00650	0.00650	0.00217	0.01011	0.00506	0.00289	0.01011
26	0.01447	0.03434	0.69299	0.01918	0.02908	0.01563	0.02461	0.02218	0.01467	0.05243	0.01292	0.01483	0.00903	0.00659	0.00652	0.00216	0.00992	0.00514	0.00313	0.01018
27	0.40882	0.01639	0.01522	0.01238	0.01718	0.03821	0.01017	0.32348	0.02134	0.05864	0.01323	0.01394	0.00966	0.00728	0.00555	0.00208	0.00651	0.00493	0.00553	0.00946
28	0.01690	0.01634	0.02828	0.04146	0.68933	0.01630	0.04814	0.02103	0.01560	0.02233	0.01291	0.01699	0.01082	0.00608	0.00683	0.00204	0.00827	0.00618	0.00339	0.01077
29	0.00961	0.00691	0.00887	0.00986	0.01069	0.00666	0.00680	0.05470	0.01487	0.01998	0.09283	0.64776	0.04466	0.01994	0.00855	0.00268	0.00414	0.01799	0.00648	0.00603
30	0.01140	0.01299	0.14808	0.01186	0.01533	0.00882	0.02943	0.01552	0.01775	0.04628	0.44096	0.06422	0.04740	0.01293	0.00791	0.00229	0.00524	0.08786	0.00638	0.00735
31	0.02601	0.01916	0.02053	0.01574	0.02122	0.02122	0.01300	0.69408	0.03217	0.04312	0.01643	0.01643	0.01163	0.00821	0.00684	0.00205	0.00753	0.00616	0.00684	0.01163
32	0.02730	0.01222	0.01559	0.01228	0.01702	0.01146	0.00991	0.09566	0.08025	0.53567	0.02559	0.02462	0.01743	0.07136	0.00922	0.00251	0.00602	0.00714	0.00782	0.01094
33	0.01419	0.01216	0.01419	0.01013	0.01621	0.00912	0.00811	0.01723	0.01419	0.02229	0.01216	0.01419	0.01013	0.00507	0.00507	0.00101	0.00507	0.00405	0.00405	0.80139
34	0.00993	0.00669	0.00776	0.00776	0.00786	0.00679	0.00451	0.01014	0.01004	0.01348	0.02129	0.04327	0.02422	0.70031	0.09319	0.00700	0.00761	0.00973	0.00411	0.00431
35	0.04442	0.06007	0.18240	0.05534	0.19463	0.12845	0.15098	0.02284	0.01598	0.06201	0.01309	0.01590	0.01002	0.00644	0.00668	0.00206	0.00967	0.00583	0.00360	0.00960
36	0.04927	0.09364	0.56854	0.01972	0.05092	0.01690	0.06579	0.02149	0.01442	0.02164	0.01204	0.01435	0.00880	0.00638	0.00633	0.00211	0.00969	0.00511	0.00300	0.00985

[dist]
# distance from previous block
# <min> <max>
1	3

[block]
# block no. 2 follows, 31 sequences, length 21
# corresponding to MSA columns:
# 314-334
name=unknown_C
#
# <colnr> <probs for GDERKNQSTAVLIFYWHMCP>
#	G	D	E	R	K	N	Q	S	T	A	V	L	I	F	Y	W	H	M	C	P
0	0.60546	0.01401	0.01275	0.08773	0.01803	0.01622	0.00948	0.12178	0.01496	0.03118	0.01085	0.01267	0.00823	0.00668	0.00490	0.00212	0.00604	0.00433	0.00450	0.00807
1	0.02601	0.01916	0.02053	0.01574	0.02122	0.02122	0.01300	0.69408	0.03217	0.04312	0.01643	0.01643	0.01163	0.00821	0.00684	0.00205	0.00753	0.00616	0.00684	0.01163
2	0.00955	0.00668	0.00824	0.00843	0.00898	0.00667	0.00548	0.01058	0.01206	0.01636	0.11384	0.15951	0.06219	0.41002	0.12662	0.00588	0.00731	0.01162	0.00496	0.00502
3	0.00863	0.00614	0.00816	0.00968	0.01015	0.00579	0.00662	0.00992	0.01316	0.01751	0.03683	0.66730	0.04382	0.05570	0.01001	0.00299	0.00428	0.07149	0.00624	0.00555
4	0.01188	0.00594	0.00891	0.00891	0.00891	0.00594	0.00594	0.00891	0.00891	0.01188	0.01188	0.02080	0.01188	0.02377	0.02674	0.80095	0.00594	0.00594	0.00297	0.00297
5	0.01035	0.00712	0.00900	0.00850	0.01019	0.00651	0.00628	0.01307	0.01802	0.05401	0.53505	0.07254	0.13665	0.07053	0.01006	0.00253	0.00364	0.01242	0.00714	0.00639
6	0.00876	0.00612	0.00797	0.00913	0.00959	0.00575	0.00605	0.00973	0.01295	0.01728	0.07225	0.57673	0.06441	0.10362	0.01252	0.04436	0.00431	0.01714	0.00599	0.00532
7	0.16573	0.01192	0.01487	0.01162	0.01673	0.01097	0.00960	0.03104	0.01820	0.60158	0.02396	0.02117	0.01528	0.00810	0.00642	0.00212	0.00573	0.00633	0.00773	0.01091
8	0.01419	0.01216	0.01419	0.01013	0.01621	0.00912	0.00811	0.01723	0.01419	0.02229	0.01216	0.01419	0.01013	0.00507	0.00507	0.00101	0.00507	0.00405	0.00405	0.80139
9	0.01370	0.00811	0.01005	0.00925	0.01173	0.00734	0.00704	0.01682	0.04624	0.16589	0.28815	0.14123	0.21863	0.01451	0.00787	0.00228	0.00401	0.01253	0.00724	0.00740
10	0.02494	0.01037	0.01403	0.01120	0.01548	0.00907	0.00907	0.02774	0.01952	0.53140	0.21506	0.03091	0.02998	0.00998	0.00721	0.00213	0.00511	0.00839	0.00821	0.01022
11	0.00866	0.00609	0.00784	0.00911	0.00943	0.00577	0.00591	0.00961	0.01247	0.01663	0.03449	0.61347	0.04119	0.16861	0.01393	0.00355	0.00450	0.01755	0.00591	0.00528
12	0.00809	0.00693	0.00693	0.00693	0.00924	0.00578	0.00520	0.00982	0.01559	0.01848	0.06931	0.06584	0.71411	0.01733	0.00809	0.00231	0.00347	0.01444	0.00635	0.00578
13	0.04443	0.01559	0.01732	0.01386	0.01846	0.01669	0.01122	0.44119	0.04784	0.14884	0.02120	0.11197	0.01713	0.00991	0.00696	0.00215	0.00655	0.00796	0.03015	0.01057
14	0.02601	0.01916	0.02053	0.01574	0.02122	0.02122	0.01300	0.69408	0.03217	0.04312	0.01643	0.01643	0.01163	0.00821	0.00684	0.00205	0.00753	0.00616	0.00684	0.01163
15	0.00839	0.00607	0.00783	0.00922	0.00976	0.00562	0.00616	0.00957	0.01317	0.01737	0.03965	0.66596	0.10054	0.05356	0.00983	0.00291	0.00404	0.01861	0.00625	0.00551
16	0.00858	0.00682	0.00761	0.00766	0.00949	0.00595	0.00559	0.01054	0.01598	0.02032	0.21973	0.14212	0.45002	0.04749	0.00926	0.00250	0.00360	0.01434	0.00655	0.00585
17	0.00873	0.00641	0.00805	0.00889	0.00984	0.00590	0.00618	0.01034	0.01446	0.01913	0.15561	0.44459	0.16177	0.07081	0.01035	0.00287	0.00403	0.03997	0.00639	0.00567
18	0.01419	0.01216	0.01419	0.01013	0.01621	0.00912	0.00811	0.01723	0.01419	0.02229	0.01216	0.01419	0.01013	0.00507	0.00507	0.00101	0.00507	0.00405	0.00405	0.80139
19	0.01552	0.01702	0.03534	0.13221	0.03585	0.01633	0.53810	0.02089	0.01563	0.02129	0.01346	0.01808	0.01018	0.00587	0.00765	0.00220	0.01066	0.00746	0.00345	0.07282
20	0.00982	0.00671	0.00761	0.00764	0.00795	0.00660	0.00456	0.01021	0.01101	0.01455	0.05608	0.04784	0.08263	0.64219	0.03064	0.00597	0.00622	0.03276	0.00454	0.00445

[dist]
# distance from previous block
# <min> <max>
1	2

[block]
# block no. 3 follows, 31 sequences, length 158
# corresponding to MSA columns:
# 337-494
name=unknown_D
#
# <colnr> <probs for GDERKNQSTAVLIFYWHMCP>
#	G	D	E	R	K	N	Q	S	T	A	V	L	I	F	Y	W	H	M	C	P
0	0.22969	0.09878	0.01762	0.01223	0.01702	0.01704	0.01026	0.26543	0.02139	0.14831	0.08307	0.01892	0.01621	0.00806	0.00601	0.00202	0.00622	0.00596	0.00606	0.00970
1	0.16013	0.02176	0.04423	0.01375	0.01734	0.34143	0.01092	0.04568	0.04184	0.04130	0.11534	0.05374	0.04726	0.00910	0.00637	0.00200	0.00839	0.00676	0.00480	0.00785
2	0.02181	0.00995	0.01304	0.01071	0.01444	0.00890	0.00850	0.04710	0.01909	0.41299	0.21765	0.05684	0.07235	0.04423	0.00857	0.00236	0.00501	0.00934	0.00777	0.00935
3	0.00946	0.00745	0.00821	0.00789	0.00994	0.00670	0.00585	0.04105	0.01694	0.02169	0.24234	0.07605	0.43850	0.06573	0.00983	0.00256	0.00380	0.01333	0.00656	0.00611
4	0.01502	0.24267	0.52823	0.01728	0.02618	0.01907	0.02141	0.02133	0.01429	0.02008	0.01149	0.01346	0.00870	0.00632	0.00590	0.00197	0.00932	0.00466	0.00290	0.00973
5	0.05659	0.20147	0.05217	0.01249	0.01790	0.01567	0.01119	0.07247	0.03720	0.39217	0.02022	0.01907	0.01391	0.00942	0.03616	0.00232	0.00698	0.00586	0.00631	0.01044
6	0.01088	0.00809	0.00924	0.00919	0.01031	0.00837	0.00618	0.03072	0.11521	0.01782	0.03049	0.17505	0.10397	0.36222	0.06814	0.00496	0.00639	0.01163	0.00526	0.00590
7	0.00952	0.00688	0.00800	0.00845	0.00926	0.00656	0.00552	0.03407	0.01310	0.01700	0.03727	0.32213	0.17176	0.29782	0.01835	0.00411	0.00500	0.01439	0.00554	0.00529
8	0.07871	0.07651	0.02631	0.05345	0.48826	0.09789	0.04030	0.02153	0.01554	0.02172	0.01210	0.01558	0.01012	0.00621	0.00637	0.00198	0.00846	0.00559	0.00342	0.00994
9	0.05002	0.33178	0.02587	0.01481	0.01940	0.38864	0.01238	0.05112	0.01738	0.01803	0.01034	0.01190	0.00886	0.00658	0.00540	0.00166	0.00983	0.00414	0.00344	0.00841
10	0.04106	0.11646	0.30127	0.01476	0.02106	0.03323	0.01590	0.02253	0.06928	0.12148	0.07793	0.07379	0.01932	0.00909	0.00665	0.00215	0.00752	0.03238	0.00484	0.00930
11	0.01175	0.00966	0.01082	0.01033	0.01278	0.01012	0.00782	0.02011	0.26417	0.02358	0.17137	0.11998	0.22070	0.01650	0.05619	0.00291	0.00517	0.01169	0.00662	0.00773
12	0.00917	0.00658	0.00823	0.00909	0.00971	0.00635	0.00602	0.01105	0.04094	0.01800	0.10208	0.48050	0.05830	0.18393	0.01437	0.00354	0.00453	0.01604	0.00600	0.00555
13	0.04814	0.01068	0.01384	0.01296	0.06589	0.01000	0.00947	0.05038	0.04923	0.31605	0.18899	0.03568	0.12043	0.01097	0.00728	0.00218	0.00512	0.02617	0.00726	0.00928
14	0.01460	0.17483	0.59234	0.01801	0.02730	0.01803	0.02268	0.02144	0.01434	0.02060	0.01175	0.01378	0.00869	0.00638	0.00610	0.00203	0.00958	0.00479	0.00290	0.00986
15	0.00936	0.00733	0.00770	0.00763	0.00995	0.00635	0.00571	0.01174	0.04112	0.04743	0.06326	0.12324	0.60112	0.01703	0.00805	0.00234	0.00368	0.01432	0.00646	0.00618
16	0.01116	0.00752	0.00960	0.00893	0.01087	0.00696	0.00674	0.01470	0.04135	0.07288	0.57362	0.07450	0.10695	0.01397	0.00798	0.00219	0.00352	0.01226	0.00745	0.00686
17	0.02137	0.01527	0.01657	0.01369	0.01801	0.01684	0.01092	0.29684	0.29078	0.10192	0.02254	0.02251	0.01674	0.04198	0.00800	0.00234	0.00621	0.00703	0.05981	0.01064
18	0.02346	0.01792	0.01845	0.01488	0.01952	0.06621	0.01198	0.49374	0.08162	0.06465	0.01976	0.10058	0.01618	0.00972	0.00702	0.00214	0.00721	0.00770	0.00664	0.01064
19	0.00995	0.00655	0.00803	0.00863	0.00923	0.00620	0.00555	0.01077	0.01232	0.04713	0.03319	0.38958	0.08587	0.31313	0.01894	0.00424	0.00507	0.01475	0.00557	0.00528
20	0.01931	0.01258	0.01393	0.01164	0.01499	0.01336	0.00903	0.26793	0.09243	0.10799	0.04317	0.05631	0.01955	0.14188	0.01158	0.00285	0.00595	0.00785	0.13872	0.00894
21	0.01747	0.01292	0.01437	0.01211	0.01474	0.01442	0.00921	0.28339	0.07799	0.02749	0.01905	0.02789	0.01738	0.27304	0.03578	0.00395	0.06462	0.00765	0.05840	0.00813
22	0.01423	0.11625	0.64770	0.01863	0.02827	0.01713	0.02377	0.02154	0.01438	0.02105	0.01197	0.01406	0.00868	0.00643	0.00627	0.00209	0.00980	0.00490	0.00289	0.00996
23	0.01941	0.01012	0.01281	0.01088	0.01434	0.00956	0.00858	0.04148	0.10624	0.30816	0.27042	0.06915	0.06629	0.01150	0.00745	0.00219	0.00471	0.00982	0.00771	0.00917
24	0.01224	0.00811	0.01065	0.01119	0.01302	0.00793	0.00901	0.01605	0.06656	0.08125	0.13061	0.21624	0.06809	0.01712	0.00864	0.00275	0.00513	0.30177	0.00672	0.00692
25	0.00984	0.00659	0.00749	0.00760	0.00763	0.00656	0.00429	0.00992	0.01016	0.01355	0.02264	0.09227	0.02624	0.71021	0.03308	0.00637	0.00645	0.01058	0.00429	0.00424
26	0.00977	0.00733	0.01100	0.01100	0.01222	0.00855	0.00855	0.01222	0.01100	0.01588	0.01833	0.02688	0.01710	0.05131	0.73245	0.01100	0.01833	0.00733	0.00367	0.00611
27	0.01401	0.00806	0.00962	0.00861	0.01131	0.00702	0.00657	0.01618	0.01700	0.18911	0.20161	0.05077	0.35024	0.06741	0.00970	0.00254	0.00420	0.01183	0.00697	0.00722
28	0.80789	0.01323	0.01006	0.00900	0.01323	0.01535	0.00741	0.02011	0.01164	0.03070	0.00953	0.01111	0.00741	0.00635	0.00423	0.00212	0.00529	0.00370	0.00423	0.00741
29	0.00843	0.00605	0.00792	0.00931	0.00981	0.00563	0.00622	0.00966	0.01328	0.01766	0.05933	0.67761	0.07274	0.04925	0.00968	0.00289	0.00403	0.01866	0.00630	0.00554
30	0.07494	0.01215	0.01571	0.01226	0.01738	0.01109	0.01014	0.07920	0.01989	0.60964	0.02552	0.02387	0.01675	0.00867	0.00681	0.00215	0.00593	0.02865	0.00803	0.01122
31	0.01487	0.01161	0.01275	0.01188	0.01514	0.01248	0.00940	0.02646	0.39142	0.07131	0.03928	0.04259	0.19589	0.01257	0.00758	0.00242	0.00508	0.10145	0.00682	0.00900
32	0.00992	0.00674	0.00803	0.00803	0.00823	0.00694	0.00485	0.01031	0.01012	0.01369	0.02104	0.04190	0.02363	0.64586	0.14682	0.00733	0.00851	0.00953	0.00407	0.00446
33	0.00834	0.00595	0.00794	0.00953	0.00992	0.00556	0.00635	0.00953	0.01310	0.01746	0.03771	0.75510	0.04525	0.02143	0.00873	0.00278	0.00397	0.01945	0.00635	0.00556
34	0.01308	0.01117	0.01511	0.13565	0.02019	0.04015	0.06010	0.09982	0.01567	0.02056	0.02510	0.29138	0.04774	0.07700	0.06695	0.00347	0.03306	0.01174	0.00503	0.00704
35	0.00946	0.00698	0.00884	0.00837	0.01008	0.00636	0.00628	0.01248	0.01884	0.02619	0.62356	0.05316	0.15505	0.01445	0.00807	0.00217	0.00326	0.01266	0.00737	0.00636
36	0.01802	0.01447	0.01550	0.01379	0.01777	0.01651	0.01077	0.03613	0.65433	0.07940	0.02778	0.02536	0.02059	0.00922	0.00696	0.00231	0.00544	0.00767	0.00707	0.01089
37	0.01814	0.72880	0.03516	0.01200	0.01758	0.02679	0.01186	0.02030	0.01374	0.01611	0.00949	0.01116	0.00879	0.00614	0.00523	0.00153	0.04178	0.00377	0.00293	0.00872
38	0.01504	0.01378	0.02094	0.46258	0.06719	0.01725	0.01748	0.09346	0.01510	0.02034	0.01194	0.01722	0.00945	0.00815	0.01045	0.00241	0.17951	0.00607	0.00347	0.00817
39	0.00985	0.00730	0.00922	0.00869	0.01045	0.00683	0.00653	0.01361	0.04666	0.02676	0.63370	0.05126	0.11521	0.01407	0.00803	0.00217	0.00333	0.01235	0.00741	0.00658
40	0.01615	0.01845	0.04037	0.02884	0.03576	0.01730	0.69204	0.02191	0.01615	0.02191	0.01384	0.01845	0.01038	0.00577	0.00807	0.00231	0.01153	0.00807	0.00346	0.00923
41	0.01386	0.01312	0.02221	0.57950	0.20342	0.01545	0.01947	0.01830	0.01412	0.01862	0.01233	0.01793	0.00952	0.00667	0.00682	0.00222	0.00889	0.00608	0.00312	0.00836
42	0.01498	0.01263	0.01461	0.01051	0.01655	0.00993	0.00843	0.06249	0.01539	0.02369	0.01245	0.01434	0.01023	0.00528	0.00519	0.00108	0.00523	0.00419	0.00424	0.74858
43	0.00978	0.00731	0.01089	0.01089	0.01207	0.00849	0.00842	0.01215	0.01096	0.01580	0.01842	0.02742	0.01734	0.07267	0.71141	0.01086	0.01797	0.00741	0.00368	0.00605
44	0.00834	0.00595	0.00794	0.00953	0.00992	0.00556	0.00635	0.00953	0.01310	0.01746	0.03771	0.75510	0.04525	0.02143	0.00873	0.00278	0.00397	0.01945	0.00635	0.00556
45	0.01629	0.11260	0.03759	0.02543	0.03143	0.01895	0.52892	0.02112	0.01522	0.02056	0.01274	0.01711	0.01002	0.00648	0.00924	0.00228	0.09445	0.00728	0.00334	0.00897
46	0.00991	0.00680	0.00830	0.00830	0.00858	0.00709	0.00518	0.01048	0.01020	0.01388	0.02079	0.04055	0.02304	0.59253	0.19935	0.00766	0.00939	0.00933	0.00403	0.00461
47	0.02559	0.01895	0.02030	0.01566	0.02106	0.02102	0.01290	0.66344	0.06349	0.04244	0.01696	0.01685	0.01207	0.00826	0.00685	0.00207	0.00743	0.00623	0.00685	0.01160
48	0.02330	0.01475	0.01708	0.01323	0.01853	0.01456	0.01085	0.29047	0.06262	0.21787	0.01979	0.02096	0.01446	0.00808	0.00656	0.00189	0.00632	0.03545	0.00661	0.19663
49	0.01693	0.01626	0.02777	0.04199	0.71689	0.01626	0.02100	0.02100	0.01558	0.02235	0.01287	0.01693	0.01084	0.00610	0.00677	0.00203	0.00813	0.00610	0.00339	0.01084
50	0.01306	0.01230	0.02077	0.71921	0.06997	0.01524	0.01907	0.01760	0.01374	0.01765	0.01218	0.01820	0.00918	0.00681	0.00684	0.00227	0.00909	0.00608	0.00305	0.00771
51	0.01188	0.00594	0.00891	0.00891	0.00891	0.00594	0.00594	0.00891	0.00891	0.01188	0.01188	0.02080	0.01188	0.02377	0.02674	0.80095	0.00594	0.00594	0.00297	0.00297
52	0.57528	0.01500	0.01317	0.01100	0.01561	0.01709	0.00907	0.22061	0.01775	0.03439	0.01158	0.01269	0.00867	0.00690	0.00501	0.00210	0.00596	0.00443	0.00501	0.00867
53	0.00834	0.00595	0.00794	0.00953	0.00992	0.00556	0.00635	0.00953	0.01310	0.01746	0.03771	0.75510	0.04525	0.02143	0.00873	0.00278	0.00397	0.01945	0.00635	0.00556
54	0.00809	0.00693	0.00693	0.00693	0.00924	0.00578	0.00520	0.00982	0.01559	0.01848	0.06931	0.06584	0.71411	0.01733	0.00809	0.00231	0.00347	0.01444	0.00635	0.00578
55	0.01702	0.01470	0.01547	0.01392	0.01779	0.01702	0.01083	0.03635	0.70453	0.02862	0.02785	0.02553	0.02088	0.00928	0.00696	0.00232	0.00541	0.00773	0.00696	0.01083
56	0.80789	0.01323	0.01006	0.00900	0.01323	0.01535	0.00741	0.02011	0.01164	0.03070	0.00953	0.01111	0.00741	0.00635	0.00423	0.00212	0.00529	0.00370	0.00423	0.00741
57	0.00841	0.00598	0.00792	0.00943	0.00981	0.00560	0.00625	0.00954	0.01296	0.01728	0.03699	0.72358	0.04434	0.05419	0.00989	0.00295	0.00409	0.01903	0.00625	0.00549
58	0.01492	0.01420	0.02413	0.39368	0.38094	0.01573	0.01999	0.01923	0.01463	0.01991	0.01251	0.01759	0.00998	0.00647	0.00681	0.00216	0.00863	0.00609	0.00321	0.00921
59	0.80789	0.01323	0.01006	0.00900	0.01323	0.01535	0.00741	0.02011	0.01164	0.03070	0.00953	0.01111	0.00741	0.00635	0.00423	0.00212	0.00529	0.00370	0.00423	0.00741
60	0.01012	0.00784	0.01166	0.01146	0.01260	0.00938	0.00898	0.01250	0.01096	0.01592	0.01770	0.02608	0.01656	0.04868	0.68497	0.01046	0.06706	0.00724	0.00362	0.00620
61	0.00829	0.00613	0.00776	0.00907	0.00980	0.00560	0.00615	0.00958	0.01354	0.01764	0.04331	0.63278	0.16394	0.02070	0.00862	0.00270	0.00388	0.01856	0.00635	0.00560
62	0.01883	0.01475	0.01583	0.01362	0.01754	0.01654	0.01071	0.20537	0.41566	0.05173	0.02568	0.02709	0.03777	0.06790	0.00920	0.00260	0.00605	0.02612	0.00672	0.01028
63	0.02539	0.01977	0.02012	0.01575	0.02099	0.06848	0.01288	0.60648	0.07528	0.04041	0.01678	0.01675	0.01205	0.00820	0.00681	0.00205	0.00771	0.00615	0.00663	0.01133
64	0.02970	0.01271	0.01647	0.01269	0.01796	0.01170	0.01046	0.11952	0.04030	0.61391	0.02564	0.02245	0.01635	0.00846	0.00688	0.00211	0.00603	0.00681	0.00821	0.01162
65	0.00994	0.00665	0.00753	0.00751	0.00757	0.00663	0.00423	0.01006	0.01031	0.01381	0.04800	0.04501	0.02639	0.73107	0.03380	0.00646	0.00650	0.01004	0.00427	0.00423
66	0.00945	0.00642	0.00761	0.00810	0.00822	0.00630	0.00483	0.00982	0.01092	0.01456	0.02654	0.26379	0.03116	0.53197	0.02678	0.00544	0.00581	0.01288	0.00483	0.00458
67	0.01691	0.01213	0.01373	0.01225	0.01572	0.01303	0.00964	0.04866	0.38287	0.12238	0.15840	0.03501	0.07163	0.01104	0.00736	0.00230	0.00505	0.04512	0.00720	0.00959
68	0.01264	0.00895	0.01187	0.01280	0.01482	0.00916	0.01104	0.03897	0.07550	0.04365	0.03457	0.06908	0.03618	0.01740	0.00907	0.00301	0.00625	0.57158	0.00644	0.00703
69	0.80789	0.01323	0.01006	0.00900	0.01323	0.01535	0.00741	0.02011	0.01164	0.03070	0.00953	0.01111	0.00741	0.00635	0.00423	0.00212	0.00529	0.00370	0.00423	0.00741
70	0.00929	0.00637	0.00771	0.00834	0.00856	0.00619	0.00512	0.00988	0.01156	0.01547	0.05267	0.33260	0.03453	0.43421	0.02331	0.00491	0.00543	0.01388	0.00516	0.00480
71	0.01677	0.01609	0.02747	0.07057	0.68959	0.01621	0.02091	0.02085	0.01550	0.02215	0.01284	0.01699	0.01077	0.00613	0.00678	0.00204	0.00817	0.00610	0.00337	0.01070
72	0.00985	0.00713	0.00864	0.00817	0.01014	0.00635	0.00616	0.01257	0.01814	0.04727	0.47956	0.05503	0.27603	0.01490	0.00804	0.00220	0.00339	0.01287	0.00718	0.00640
73	0.01008	0.00761	0.00859	0.00818	0.00984	0.00720	0.00581	0.03791	0.04008	0.02122	0.25590	0.05235	0.27681	0.21135	0.01504	0.00339	0.00445	0.01205	0.00618	0.00596
74	0.02368	0.01040	0.01369	0.01089	0.01530	0.00894	0.00881	0.02636	0.01876	0.48434	0.14549	0.03183	0.09800	0.01010	0.00709	0.00207	0.00509	0.00841	0.00779	0.06297
75	0.01419	0.01216	0.01419	0.01013	0.01621	0.00912	0.00811	0.01723	0.01419	0.02229	0.01216	0.01419	0.01013	0.00507	0.00507	0.00101	0.00507	0.00405	0.00405	0.80139
76	0.00862	0.00626	0.00806	0.00905	0.00983	0.00578	0.00619	0.01020	0.01439	0.01928	0.16667	0.53797	0.10700	0.04507	0.00945	0.00275	0.00388	0.01735	0.00650	0.00570
77	0.01015	0.00709	0.00833	0.00840	0.00909	0.00695	0.00547	0.03381	0.01308	0.01748	0.12044	0.14940	0.08057	0.44278	0.02353	0.00486	0.00559	0.04260	0.00526	0.00513
78	0.02246	0.00992	0.01320	0.01104	0.01481	0.00884	0.00874	0.02552	0.04114	0.44827	0.15125	0.14019	0.05079	0.01170	0.00741	0.00224	0.00500	0.01001	0.00787	0.00960
79	0.01071	0.00741	0.00951	0.00939	0.01096	0.00706	0.00688	0.01439	0.06335	0.05539	0.43865	0.25484	0.05385	0.01561	0.00814	0.00235	0.00371	0.01390	0.00719	0.00671
80	0.01047	0.00770	0.01079	0.01059	0.01179	0.00875	0.00799	0.04005	0.01169	0.01657	0.01879	0.02947	0.01819	0.16912	0.58463	0.00989	0.01590	0.00772	0.00388	0.00601
81	0.01207	0.00761	0.01004	0.00944	0.01147	0.00700	0.00738	0.01518	0.01881	0.10126	0.53189	0.05189	0.07774	0.01412	0.00812	0.00228	0.00391	0.09538	0.00744	0.00697
82	0.01768	0.01559	0.01580	0.01414	0.01805	0.04675	0.01100	0.05842	0.65324	0.02862	0.02674	0.02467	0.02007	0.00915	0.00692	0.00229	0.00577	0.00754	0.00682	0.01074
83	0.01188	0.00594	0.00891	0.00891	0.00891	0.00594	0.00594	0.00891	0.00891	0.01188	0.01188	0.02080	0.01188	0.02377	0.02674	0.80095	0.00594	0.00594	0.00297	0.00297
84	0.01597	0.01322	0.01515	0.01098	0.01697	0.01095	0.00885	0.11955	0.01690	0.02544	0.01280	0.01453	0.01036	0.00554	0.00534	0.00117	0.00544	0.00437	0.00448	0.68200
85	0.01601	0.00969	0.01205	0.01080	0.01353	0.00941	0.00843	0.12574	0.01991	0.15649	0.27500	0.17143	0.06872	0.01388	0.00787	0.00232	0.00477	0.05866	0.00724	0.00805
86	0.00842	0.00628	0.00785	0.00886	0.00981	0.00570	0.00611	0.00995	0.01430	0.01874	0.11575	0.53086	0.19293	0.01975	0.00852	0.00261	0.00378	0.01761	0.00648	0.00570
87	0.67276	0.01315	0.01185	0.10843	0.01797	0.01552	0.00924	0.01963	0.01188	0.02841	0.00986	0.01221	0.00770	0.00661	0.00522	0.00217	0.03181	0.00411	0.00403	0.00744
88	0.00919	0.00676	0.00848	0.00940	0.01047	0.00627	0.00677	0.01073	0.01361	0.01779	0.03969	0.40101	0.15127	0.11627	0.01204	0.00321	0.00469	0.13347	0.00597	0.03292
89	0.01853	0.10791	0.01839	0.01305	0.06366	0.01247	0.00997	0.04433	0.01592	0.15898	0.01492	0.01582	0.01139	0.00601	0.00551	0.00139	0.00579	0.00476	0.00483	0.46637
90	0.26642	0.01290	0.01442	0.01159	0.01648	0.01298	0.00952	0.07875	0.06504	0.41287	0.02094	0.01922	0.01391	0.00786	0.00608	0.00213	0.00576	0.00592	0.00695	0.01030
91	0.00854	0.00618	0.00799	0.00914	0.00981	0.00572	0.00619	0.00997	0.01391	0.01857	0.12034	0.58993	0.09745	0.04997	0.00965	0.00282	0.00395	0.01784	0.00640	0.00562
92	0.00936	0.00698	0.00870	0.00827	0.01002	0.00632	0.00620	0.01229	0.01861	0.02563	0.58360	0.05407	0.19536	0.01466	0.00807	0.00218	0.00328	0.01279	0.00729	0.00632
93	0.02965	0.01332	0.01691	0.01297	0.01830	0.01254	0.01071	0.18070	0.02239	0.57031	0.02463	0.02176	0.01575	0.00841	0.00687	0.00210	0.00620	0.00672	0.00811	0.01164
94	0.00957	0.00699	0.00898	0.00848	0.01015	0.00641	0.00636	0.01268	0.01909	0.02678	0.66609	0.05218	0.11215	0.01423	0.00807	0.00216	0.00325	0.01252	0.00744	0.00641
95	0.05416	0.01094	0.01349	0.01149	0.01511	0.01061	0.00896	0.07023	0.10202	0.34611	0.06872	0.15952	0.02524	0.06007	0.00901	0.00255	0.00542	0.00964	0.00727	0.00945
96	0.01419	0.01216	0.01419	0.01013	0.01621	0.00912	0.00811	0.01723	0.01419	0.02229	0.01216	0.01419	0.01013	0.00507	0.00507	0.00101	0.00507	0.00405	0.00405	0.80139
97	0.00970	0.00659	0.00783	0.00806	0.00823	0.00664	0.00484	0.01008	0.01050	0.01410	0.02362	0.14624	0.02716	0.59179	0.09086	0.00645	0.00725	0.01110	0.00442	0.00452
98	0.00834	0.00595	0.00794	0.00953	0.00992	0.00556	0.00635	0.00953	0.01310	0.01746	0.03771	0.75510	0.04525	0.02143	0.00873	0.00278	0.00397	0.01945	0.00635	0.00556
99	0.01117	0.00784	0.00972	0.00914	0.01085	0.00757	0.00671	0.04130	0.04998	0.04625	0.46638	0.11228	0.07396	0.10309	0.01118	0.00275	0.00406	0.01217	0.00695	0.00664
100	0.78796	0.01338	0.01032	0.00917	0.01343	0.01550	0.00755	0.03729	0.01217	0.03101	0.00970	0.01125	0.00752	0.00640	0.00430	0.00212	0.00535	0.00377	0.00430	0.00752
101	0.01309	0.00696	0.00726	0.00707	0.00879	0.00713	0.00537	0.04333	0.01485	0.02558	0.02181	0.02523	0.01727	0.01088	0.05353	0.00224	0.00438	0.00643	0.71223	0.00657
102	0.01514	0.00794	0.01037	0.00977	0.01200	0.00711	0.00724	0.01716	0.01633	0.22372	0.17166	0.30510	0.10370	0.04855	0.00916	0.00259	0.00443	0.01349	0.00710	0.00746
103	0.01998	0.00958	0.01266	0.01051	0.01396	0.00864	0.00835	0.04656	0.01992	0.34895	0.37122	0.03701	0.04066	0.01123	0.00748	0.00213	0.00458	0.00961	0.00794	0.00904
104	0.01615	0.01845	0.04037	0.02884	0.03576	0.01730	0.69204	0.02191	0.01615	0.02191	0.01384	0.01845	0.01038	0.00577	0.00807	0.00231	0.01153	0.00807	0.00346	0.00923
105	0.01011	0.00786	0.01119	0.17537	0.01803	0.00863	0.00894	0.01197	0.01199	0.01596	0.02465	0.21469	0.05055	0.24202	0.15277	0.00534	0.00862	0.01113	0.00444	0.00571
106	0.06557	0.00994	0.01281	0.01075	0.01458	0.00888	0.00852	0.02469	0.01765	0.44152	0.08618	0.15081	0.09471	0.01183	0.00726	0.00225	0.00504	0.00999	0.00760	0.00940
107	0.00984	0.00659	0.00749	0.00760	0.00763	0.00656	0.00429	0.00992	0.01016	0.01355	0.02264	0.09227	0.02624	0.71021	0.03308	0.00637	0.00645	0.01058	0.00429	0.00424
108	0.01372	0.03539	0.72412	0.01950	0.02961	0.01589	0.02528	0.02167	0.01444	0.02167	0.01228	0.01444	0.00867	0.00650	0.00650	0.00217	0.01011	0.00506	0.00289	0.01011
109	0.01731	0.01250	0.01913	0.18043	0.23890	0.01295	0.01494	0.02191	0.07195	0.15639	0.02266	0.05254	0.06077	0.00965	0.00781	0.02845	0.00704	0.05040	0.00506	0.00922
110	0.06098	0.01052	0.01388	0.11134	0.01800	0.02939	0.04649	0.06051	0.01522	0.04249	0.15904	0.05001	0.04550	0.16894	0.11173	0.00432	0.03104	0.00882	0.00496	0.00684
111	0.00837	0.00606	0.00792	0.00931	0.00989	0.00561	0.00628	0.00969	0.01352	0.01795	0.06777	0.67988	0.09078	0.02085	0.00866	0.00272	0.00390	0.01882	0.00640	0.00561
112	0.01733	0.46969	0.26191	0.01464	0.02180	0.05013	0.01629	0.04431	0.01492	0.01889	0.01070	0.01236	0.00884	0.00619	0.00524	0.00173	0.00844	0.00423	0.00307	0.00928
113	0.01568	0.01555	0.02380	0.32854	0.33599	0.07126	0.03939	0.01978	0.01511	0.01981	0.01339	0.01965	0.01114	0.00700	0.00690	0.00217	0.00889	0.03352	0.00338	0.00904
114	0.01491	0.01433	0.02166	0.42613	0.03601	0.04962	0.07872	0.06825	0.01509	0.01970	0.01364	0.04156	0.01151	0.00853	0.00957	0.00240	0.12759	0.02926	0.00359	0.00794
115	0.66256	0.01476	0.04679	0.03656	0.01746	0.01557	0.07886	0.02028	0.01231	0.02892	0.01019	0.01226	0.00783	0.00631	0.00482	0.00214	0.00629	0.00430	0.00405	0.00773
116	0.02601	0.01916	0.02053	0.01574	0.02122	0.02122	0.01300	0.69408	0.03217	0.04312	0.01643	0.01643	0.01163	0.00821	0.00684	0.00205	0.00753	0.00616	0.00684	0.01163
117	0.02652	0.01834	0.02002	0.01535	0.02081	0.02000	0.01268	0.62213	0.03080	0.11700	0.01758	0.01717	0.01221	0.00824	0.00685	0.00206	0.00734	0.00624	0.00702	0.01164
118	0.01505	0.00859	0.00883	0.00800	0.01027	0.00895	0.00621	0.13353	0.01744	0.02856	0.02130	0.02393	0.01651	0.00801	0.00514	0.00167	0.00394	0.00634	0.66044	0.00729
119	0.01188	0.00594	0.00891	0.00891	0.00891	0.00594	0.00594	0.00891	0.00891	0.01188	0.01188	0.02080	0.01188	0.02377	0.02674	0.80095	0.00594	0.00594	0.00297	0.00297
120	0.01419	0.01216	0.01419	0.01013	0.01621	0.00912	0.00811	0.01723	0.01419	0.02229	0.01216	0.01419	0.01013	0.00507	0.00507	0.00101	0.00507	0.00405	0.00405	0.80139
121	0.00839	0.00618	0.00786	0.00905	0.00984	0.00565	0.00618	0.00981	0.01393	0.01832	0.09015	0.59740	0.15163	0.02027	0.00858	0.00266	0.00384	0.01817	0.00643	0.00565
122	0.00951	0.00699	0.00891	0.00843	0.01012	0.00638	0.00632	0.01259	0.01897	0.02649	0.64550	0.05266	0.13292	0.01434	0.00807	0.00217	0.00325	0.01259	0.00741	0.00638
123	0.01419	0.01216	0.01419	0.01013	0.01621	0.00912	0.00811	0.01723	0.01419	0.02229	0.01216	0.01419	0.01013	0.00507	0.00507	0.00101	0.00507	0.00405	0.00405	0.80139
124	0.00990	0.00730	0.00771	0.00740	0.00992	0.00613	0.00562	0.01176	0.01604	0.07357	0.08889	0.06200	0.63673	0.01652	0.00799	0.00229	0.00364	0.01378	0.00656	0.00626
125	0.00841	0.00691	0.00740	0.00735	0.00946	0.00590	0.00549	0.01042	0.01626	0.02023	0.19649	0.08575	0.56260	0.01680	0.00810	0.00229	0.00343	0.01419	0.00659	0.00590
126	0.01014	0.00662	0.00739	0.00739	0.00750	0.00662	0.00419	0.01035	0.01024	0.01408	0.02161	0.04348	0.02438	0.70930	0.03281	0.00630	0.00640	0.00971	0.05720	0.00429
127	0.01372	0.03539	0.72412	0.01950	0.02961	0.01589	0.02528	0.02167	0.01444	0.02167	0.01228	0.01444	0.00867	0.00650	0.00650	0.00217	0.01011	0.00506	0.00289	0.01011
128	0.00960	0.00699	0.00903	0.00852	0.01017	0.00642	0.00639	0.01276	0.01918	0.02698	0.68092	0.05184	0.09719	0.01415	0.00807	0.00216	0.00324	0.01248	0.00747	0.00642
129	0.00977	0.00733	0.01100	0.01100	0.01222	0.00855	0.00855	0.01222	0.01100	0.01588	0.01833	0.02688	0.01710	0.05131	0.73245	0.01100	0.01833	0.00733	0.00367	0.00611
130	0.01292	0.01216	0.02052	0.74312	0.04712	0.01520	0.01900	0.01748	0.01368	0.01748	0.01216	0.01824	0.00912	0.00684	0.00684	0.00228	0.00912	0.00608	0.00304	0.00760
131	0.00841	0.00634	0.00756	0.00847	0.00945	0.00574	0.00575	0.00966	0.01360	0.01738	0.04649	0.45724	0.26332	0.09391	0.01113	0.00301	0.00407	0.01685	0.00613	0.00549
132	0.01018	0.00790	0.01165	0.01141	0.01250	0.00945	0.00889	0.01247	0.01092	0.01583	0.01771	0.02658	0.01675	0.07341	0.65236	0.01022	0.07467	0.00732	0.00363	0.00615
133	0.01615	0.01845	0.04037	0.02884	0.03576	0.01730	0.69204	0.02191	0.01615	0.02191	0.01384	0.01845	0.01038	0.00577	0.00807	0.00231	0.01153	0.00807	0.00346	0.00923
134	0.00851	0.00609	0.00809	0.00941	0.00996	0.00567	0.00636	0.00996	0.01389	0.01873	0.12341	0.66579	0.04770	0.02049	0.00865	0.00270	0.00388	0.01855	0.00650	0.00567
135	0.01821	0.01589	0.01610	0.01425	0.01825	0.04913	0.01113	0.09543	0.61332	0.02940	0.02605	0.02412	0.01951	0.00909	0.00692	0.00227	0.00591	0.00744	0.00680	0.01077
136	0.01498	0.01426	0.02424	0.38295	0.39118	0.01574	0.02003	0.01929	0.01465	0.01998	0.01252	0.01757	0.01000	0.00646	0.00681	0.00215	0.00861	0.00609	0.00322	0.00926
137	0.06154	0.01245	0.01610	0.01240	0.01766	0.01137	0.01024	0.09781	0.02050	0.62704	0.02525	0.02212	0.01603	0.00836	0.00677	0.00211	0.00597	0.00668	0.00814	0.01147
138	0.02295	0.03592	0.01508	0.01191	0.01609	0.01122	0.00973	0.05558	0.11476	0.39761	0.15532	0.03169	0.02741	0.01021	0.00720	0.00220	0.00543	0.05188	0.00769	0.01011
139	0.05446	0.01793	0.02080	0.01750	0.01988	0.13586	0.07998	0.06654	0.10208	0.02100	0.01318	0.01682	0.01117	0.01197	0.05544	0.00300	0.33392	0.00614	0.00398	0.00835
140	0.00987	0.00668	0.00783	0.00790	0.00804	0.00678	0.00467	0.01016	0.01018	0.01370	0.02188	0.07160	0.02492	0.65899	0.10354	0.00691	0.00769	0.01007	0.00419	0.00440
141	0.01245	0.00764	0.00916	0.00863	0.01102	0.00677	0.00668	0.01489	0.01702	0.12774	0.22953	0.08559	0.31195	0.01476	0.00780	0.00227	0.00395	0.05536	0.05990	0.00691
142	0.01461	0.05543	0.50064	0.02239	0.05333	0.01665	0.19724	0.02167	0.01490	0.02156	0.01261	0.01544	0.00919	0.00627	0.00684	0.00217	0.01032	0.00582	0.00305	0.00986
143	0.06894	0.01518	0.02332	0.21839	0.40945	0.03583	0.01838	0.04054	0.01529	0.02182	0.01433	0.01836	0.03427	0.00696	0.00713	0.00213	0.03053	0.00617	0.00355	0.00944
144	0.00843	0.00599	0.00791	0.00941	0.00978	0.00562	0.00622	0.00955	0.01292	0.01722	0.03677	0.71376	0.04406	0.06439	0.01025	0.00300	0.00412	0.01890	0.00622	0.00547
145	0.01050	0.00759	0.01036	0.01181	0.01331	0.00745	0.01005	0.01332	0.01545	0.01999	0.03906	0.14960	0.09465	0.01905	0.00926	0.00304	0.00582	0.54720	0.00631	0.00618
146	0.00957	0.00661	0.00819	0.00854	0.00884	0.00674	0.00541	0.01026	0.01082	0.01465	0.02450	0.19651	0.02794	0.47286	0.15298	0.00657	0.00813	0.01156	0.00454	0.00480
147	0.11166	0.01436	0.01664	0.01374	0.01815	0.01520	0.03199	0.28017	0.08125	0.17316	0.02244	0.06875	0.01846	0.01019	0.00704	0.00229	0.00651	0.09132	0.00668	0.00998
148	0.01070	0.00765	0.01066	0.01223	0.01367	0.00760	0.01047	0.01362	0.01543	0.02012	0.03640	0.15803	0.04007	0.01920	0.00936	0.00311	0.00602	0.59315	0.00631	0.00621
149	0.01739	0.01602	0.02415	0.21378	0.40059	0.03992	0.01864	0.11603	0.01754	0.02389	0.01310	0.01694	0.01042	0.00658	0.00672	0.00205	0.00832	0.00597	0.00382	0.03812
150	0.49065	0.19987	0.12832	0.01130	0.01686	0.01829	0.01126	0.02045	0.01263	0.02572	0.00995	0.01160	0.00794	0.00625	0.00463	0.00197	0.00654	0.00391	0.00370	0.00817
151	0.01729	0.00924	0.01224	0.04135	0.01506	0.00883	0.00888	0.05863	0.03490	0.24843	0.07676	0.33552	0.03290	0.01488	0.00790	0.00247	0.00513	0.05436	0.00702	0.00821
152	0.01669	0.01388	0.01665	0.01219	0.01811	0.04408	0.05449	0.05620	0.01593	0.07361	0.01350	0.01516	0.01066	0.00562	0.00555	0.00127	0.00603	0.00466	0.00446	0.61127
153	0.01634	0.01370	0.08525	0.07496	0.05006	0.01207	0.01184	0.02432	0.19967	0.14423	0.21408	0.03059	0.04458	0.00984	0.00714	0.00216	0.00572	0.00840	0.00636	0.03866
154	0.02137	0.01686	0.01792	0.01480	0.01945	0.01905	0.01188	0.35495	0.37884	0.03564	0.02231	0.02112	0.01640	0.00876	0.00690	0.00219	0.00644	0.00697	0.00690	0.01122
155	0.01568	0.01154	0.01384	0.01021	0.01571	0.00894	0.00816	0.01869	0.01539	0.10674	0.08988	0.01928	0.01684	0.00644	0.00561	0.00127	0.00496	0.00529	0.00496	0.62055
156	0.01509	0.08344	0.57150	0.01959	0.02884	0.01655	0.09334	0.02215	0.01482	0.05391	0.01293	0.01503	0.00924	0.00647	0.00653	0.00213	0.00986	0.00536	0.00321	0.01000
157	0.00875	0.00649	0.00819	0.00899	0.01010	0.00594	0.00642	0.01062	0.01515	0.02008	0.19590	0.42186	0.18056	0.01880	0.00850	0.00257	0.00384	0.05478	0.00661	0.00585

[dist]
# distance from previous block
# <min> <max>
0	3

[block]
# block no. 4 follows, 31 sequences, length 39
# corresponding to MSA columns:
# 498-536
name=unknown_E
#
# <colnr> <probs for GDERKNQSTAVLIFYWHMCP>
#	G	D	E	R	K	N	Q	S	T	A	V	L	I	F	Y	W	H	M	C	P
0	0.25393	0.01815	0.01634	0.03279	0.01889	0.11186	0.01113	0.26559	0.15162	0.03257	0.01568	0.01610	0.01171	0.00768	0.00601	0.00209	0.00714	0.00550	0.00556	0.00965
1	0.59303	0.01390	0.01118	0.00991	0.01380	0.05841	0.00799	0.06365	0.01458	0.03018	0.11202	0.01733	0.01605	0.00762	0.00508	0.00210	0.00557	0.00516	0.00484	0.00758
2	0.14513	0.01198	0.01500	0.01176	0.01685	0.01107	0.00969	0.03149	0.04124	0.59639	0.02444	0.02156	0.01566	0.00818	0.00649	0.00212	0.00573	0.00644	0.00779	0.01099
3	0.00844	0.00603	0.00806	0.00965	0.01009	0.00565	0.00653	0.00971	0.01320	0.01758	0.03765	0.72860	0.04502	0.02133	0.00876	0.00279	0.00406	0.04491	0.00635	0.00559
4	0.01179	0.00797	0.00946	0.00870	0.01040	0.00763	0.00622	0.06022	0.01688	0.06015	0.32405	0.04750	0.14381	0.23716	0.01594	0.00351	0.00472	0.01123	0.00634	0.00630
5	0.23116	0.01335	0.01505	0.01192	0.01686	0.01346	0.00982	0.15624	0.01993	0.38967	0.04212	0.01968	0.01495	0.00804	0.00622	0.00211	0.00593	0.00609	0.00703	0.01038
6	0.01014	0.00740	0.00988	0.01125	0.01257	0.00727	0.00909	0.01307	0.03681	0.01962	0.03875	0.29477	0.08780	0.01931	0.00904	0.00294	0.00532	0.39248	0.00634	0.00617
7	0.01059	0.00963	0.05214	0.00985	0.01246	0.00799	0.00836	0.05981	0.01747	0.02279	0.20438	0.09038	0.31710	0.01575	0.00818	0.00242	0.00463	0.13295	0.00644	0.00669
8	0.03422	0.00756	0.00944	0.00890	0.01075	0.00717	0.00680	0.03230	0.01908	0.02707	0.59885	0.05109	0.10207	0.01404	0.00798	0.00221	0.00357	0.04304	0.00728	0.00658
9	0.01722	0.01447	0.01524	0.01346	0.01737	0.01642	0.01054	0.11255	0.55680	0.02937	0.03052	0.02837	0.08738	0.00994	0.00706	0.00229	0.00548	0.00820	0.00689	0.01043
10	0.00970	0.00656	0.00763	0.00783	0.00798	0.00647	0.00460	0.01007	0.01097	0.01472	0.06532	0.14808	0.03020	0.60796	0.02944	0.00581	0.00604	0.01147	0.00467	0.00449
11	0.06288	0.01807	0.07252	0.04882	0.03280	0.01643	0.54598	0.02097	0.01535	0.02186	0.01376	0.01838	0.01054	0.00906	0.05830	0.00289	0.01148	0.00753	0.00348	0.00890
12	0.01040	0.00744	0.00902	0.00897	0.01053	0.00707	0.00655	0.01351	0.05714	0.04277	0.28385	0.15538	0.16961	0.12652	0.01214	0.00302	0.00431	0.05896	0.00655	0.00626
13	0.00849	0.00607	0.00807	0.00942	0.00996	0.00566	0.00636	0.00990	0.01380	0.01857	0.11280	0.67685	0.04739	0.02061	0.00866	0.00271	0.00389	0.01866	0.00648	0.00566
