[name]
unknown

[dist]
# distance from previous block
# <min> <max>
0	96

[block]
# block no. 0 follows, 28 sequences, length 36
# corresponding to MSA columns:
# 96-131
name=unknown_A
#
# <colnr> <probs for GDERKNQSTAVLIFYWHMCP>
#	G	D	E	R	K	N	Q	S	T	A	V	L	I	F	Y	W	H	M	C	P
0	0.03261	0.01237	0.01687	0.01293	0.01856	0.01068	0.01068	0.03543	0.02081	0.70423	0.02868	0.02474	0.01799	0.00900	0.00731	0.00225	0.00619	0.00731	0.00900	0.01237
1	0.00992	0.00745	0.00921	0.00887	0.01077	0.00674	0.00672	0.01295	0.01941	0.02645	0.51184	0.05938	0.22553	0.01597	0.00864	0.00237	0.00363	0.03986	0.00763	0.00667
2	0.01029	0.00743	0.00972	0.00914	0.01086	0.00686	0.00686	0.01372	0.02058	0.02915	0.69536	0.05430	0.06859	0.01486	0.00857	0.00229	0.00343	0.01315	0.00800	0.00686
3	0.01855	0.01585	0.01670	0.01489	0.01908	0.01830	0.01162	0.06979	0.65414	0.03116	0.02899	0.02665	0.02171	0.00981	0.00739	0.00245	0.00586	0.00814	0.00739	0.01155
4	0.02722	0.03275	0.02076	0.01846	0.02248	0.62348	0.01401	0.11468	0.02240	0.02151	0.01206	0.01368	0.00976	0.00765	0.00665	0.00191	0.01243	0.00493	0.00421	0.00895
5	0.01567	0.01557	0.02182	0.01878	0.01883	0.02172	0.01562	0.01731	0.01116	0.01747	0.00995	0.01643	0.00990	0.01446	0.05262	0.00353	0.70164	0.00642	0.00321	0.00789
6	0.00884	0.00638	0.00838	0.00998	0.01051	0.00592	0.00668	0.01014	0.01406	0.01861	0.04183	0.70459	0.08215	0.02254	0.00924	0.00293	0.00419	0.02038	0.00675	0.00592
7	0.01029	0.00743	0.00972	0.00914	0.01086	0.00686	0.00686	0.01372	0.02058	0.02915	0.69536	0.05430	0.06859	0.01486	0.00857	0.00229	0.00343	0.01315	0.00800	0.00686
8	0.01029	0.00743	0.00972	0.00914	0.01086	0.00686	0.00686	0.01372	0.02058	0.02915	0.69536	0.05430	0.06859	0.01486	0.00857	0.00229	0.00343	0.01315	0.00800	0.00686
9	0.01373	0.01292	0.02180	0.72707	0.05006	0.01615	0.02019	0.01857	0.01453	0.01857	0.01292	0.01938	0.00969	0.00727	0.00727	0.00242	0.00969	0.00646	0.00323	0.00807
10	0.79588	0.01406	0.01068	0.00956	0.01406	0.01631	0.00787	0.02137	0.01237	0.03261	0.01012	0.01181	0.00787	0.00675	0.00450	0.00225	0.00562	0.00394	0.00450	0.00787
11	0.02763	0.02036	0.02182	0.01672	0.02254	0.02254	0.01382	0.67496	0.03418	0.04581	0.01745	0.01745	0.01236	0.00873	0.00727	0.00218	0.00800	0.00654	0.00727	0.01236
12	0.01038	0.00779	0.01168	0.01168	0.01298	0.00909	0.00909	0.01298	0.01168	0.01687	0.01947	0.02856	0.01817	0.05452	0.71573	0.01168	0.01947	0.00779	0.00389	0.00649
13	0.01373	0.01292	0.02180	0.72707	0.05006	0.01615	0.02019	0.01857	0.01453	0.01857	0.01292	0.01938	0.00969	0.00727	0.00727	0.00242	0.00969	0.00646	0.00323	0.00807
14	0.02689	0.01965	0.02103	0.01620	0.02180	0.02172	0.01336	0.64046	0.03318	0.04483	0.01778	0.01796	0.01269	0.00871	0.00716	0.00216	0.00776	0.00656	0.04804	0.01207
15	0.00886	0.00633	0.00843	0.01012	0.01054	0.00590	0.00675	0.01012	0.01392	0.01856	0.04006	0.73979	0.04808	0.02277	0.00928	0.00295	0.00422	0.02066	0.00675	0.00590
16	0.02656	0.01983	0.02121	0.01651	0.02213	0.02204	0.01356	0.60372	0.10715	0.04409	0.01881	0.01853	0.01346	0.00885	0.00729	0.00221	0.00775	0.00673	0.00729	0.01227
17	0.00925	0.00661	0.00889	0.01057	0.01117	0.00625	0.00744	0.01081	0.01431	0.01900	0.03985	0.64865	0.04721	0.02240	0.00938	0.00301	0.00456	0.10790	0.00674	0.00601
18	0.00982	0.00736	0.00910	0.00877	0.01060	0.00664	0.00654	0.01277	0.01932	0.02641	0.51800	0.08882	0.21700	0.01606	0.00861	0.00236	0.00352	0.01401	0.00765	0.00664
19	0.00948	0.00740	0.00859	0.00829	0.01036	0.00651	0.00622	0.01215	0.01866	0.02460	0.39806	0.06179	0.36872	0.01656	0.00858	0.00237	0.00355	0.01420	0.00740	0.00651
20	0.01038	0.00779	0.01168	0.01168	0.01298	0.00909	0.00909	0.01298	0.01168	0.01687	0.01947	0.02856	0.01817	0.05452	0.71573	0.01168	0.01947	0.00779	0.00389	0.00649
21	0.79588	0.01406	0.01068	0.00956	0.01406	0.01631	0.00787	0.02137	0.01237	0.03261	0.01012	0.01181	0.00787	0.00675	0.00450	0.00225	0.00562	0.00394	0.00450	0.00787
22	0.02715	0.03464	0.02060	0.01873	0.02247	0.71536	0.01404	0.02903	0.02060	0.01779	0.01124	0.01311	0.00936	0.00749	0.00655	0.00187	0.01311	0.00468	0.00375	0.00843
23	0.01610	0.01389	0.01454	0.01324	0.01701	0.01559	0.01026	0.03274	0.54639	0.02816	0.03878	0.03606	0.16281	0.01165	0.00765	0.00246	0.00532	0.00970	0.00726	0.01039
24	0.02501	0.01200	0.01529	0.01252	0.01702	0.01139	0.01005	0.03155	0.15569	0.42672	0.16794	0.03139	0.02940	0.01040	0.00759	0.00230	0.00552	0.00871	0.00846	0.01105
25	0.01607	0.03227	0.53575	0.02537	0.17021	0.01670	0.02521	0.02341	0.01583	0.05260	0.01385	0.01630	0.01007	0.00691	0.00698	0.00227	0.01011	0.00569	0.00344	0.01097
26	0.01943	0.74891	0.03809	0.01244	0.01866	0.02876	0.01244	0.02177	0.01477	0.01710	0.01011	0.01166	0.00933	0.00622	0.00466	0.00155	0.00777	0.00389	0.00311	0.00933
27	0.00886	0.00633	0.00843	0.01012	0.01054	0.00590	0.00675	0.01012	0.01392	0.01856	0.04006	0.73979	0.04808	0.02277	0.00928	0.00295	0.00422	0.02066	0.00675	0.00590
28	0.79588	0.01406	0.01068	0.00956	0.01406	0.01631	0.00787	0.02137	0.01237	0.03261	0.01012	0.01181	0.00787	0.00675	0.00450	0.00225	0.00562	0.00394	0.00450	0.00787
29	0.01716	0.01961	0.04289	0.03064	0.03799	0.01838	0.67279	0.02328	0.01716	0.02328	0.01471	0.01961	0.01103	0.00613	0.00858	0.00245	0.01225	0.00858	0.00368	0.00980
30	0.01053	0.00722	0.00882	0.00882	0.00913	0.00753	0.00552	0.01114	0.01084	0.01476	0.02209	0.04304	0.02446	0.58013	0.19872	0.00815	0.01001	0.00991	0.00428	0.00490
31	0.02715	0.03464	0.02060	0.01873	0.02247	0.71536	0.01404	0.02903	0.02060	0.01779	0.01124	0.01311	0.00936	0.00749	0.00655	0.00187	0.01311	0.00468	0.00375	0.00843
32	0.00866	0.00737	0.00746	0.00744	0.00986	0.00617	0.00558	0.01057	0.01673	0.02003	0.09934	0.06931	0.67030	0.01826	0.00859	0.00245	0.00367	0.01525	0.00680	0.00617
33	0.05314	0.25762	0.31297	0.01474	0.02200	0.01841	0.01687	0.01991	0.01527	0.02089	0.02460	0.02539	0.15251	0.00908	0.00642	0.00209	0.00807	0.00691	0.00392	0.00919
34	0.00983	0.00698	0.00853	0.00885	0.00968	0.00659	0.00587	0.01133	0.01491	0.02015	0.22422	0.24937	0.10338	0.26621	0.01847	0.00411	0.00491	0.01461	0.00631	0.00569
35	0.01842	0.60052	0.17761	0.01417	0.02133	0.02628	0.01545	0.02203	0.01489	0.01834	0.01072	0.01243	0.00930	0.00636	0.00513	0.00171	0.00839	0.00420	0.00310	0.00962

[dist]
# distance from previous block
# <min> <max>
0	1

[block]
# block no. 1 follows, 28 sequences, length 28
# corresponding to MSA columns:
# 133-160
name=unknown_B
#
# <colnr> <probs for GDERKNQSTAVLIFYWHMCP>
#	G	D	E	R	K	N	Q	S	T	A	V	L	I	F	Y	W	H	M	C	P
0	0.12029	0.60132	0.08323	0.01267	0.01899	0.02627	0.01289	0.02181	0.01450	0.01955	0.01032	0.01195	0.00913	0.00634	0.00481	0.00170	0.00771	0.00400	0.00329	0.00924
1	0.15641	0.02144	0.01965	0.10853	0.02467	0.17210	0.01369	0.33701	0.02494	0.03389	0.01426	0.01579	0.01059	0.00793	0.00664	0.00216	0.00893	0.00568	0.00550	0.01018
2	0.02808	0.01964	0.02137	0.01638	0.02218	0.02147	0.01353	0.61723	0.03297	0.10524	0.01847	0.01811	0.01287	0.00875	0.00728	0.00219	0.00784	0.00661	0.00743	0.01236
3	0.00912	0.00658	0.00864	0.00983	0.01058	0.00610	0.00672	0.01082	0.01530	0.02063	0.16728	0.58230	0.07695	0.02108	0.00912	0.00281	0.00405	0.01902	0.00699	0.00610
4	0.02043	0.01534	0.01665	0.03272	0.01960	0.03878	0.01138	0.03517	0.46499	0.14363	0.02669	0.02482	0.01956	0.00911	0.00714	0.00227	0.00613	0.00750	0.00712	0.09097
5	0.02364	0.30516	0.02782	0.01798	0.06398	0.40995	0.01396	0.02584	0.01813	0.01791	0.01096	0.01287	0.00949	0.00694	0.00588	0.00177	0.01080	0.00449	0.00349	0.00897
6	0.01171	0.00943	0.01076	0.01098	0.01299	0.00973	0.00798	0.01911	0.22075	0.02297	0.07903	0.35785	0.16324	0.01756	0.00853	0.00267	0.00454	0.01544	0.00702	0.00772
7	0.01063	0.00790	0.00996	0.00936	0.01126	0.00746	0.00704	0.01495	0.05881	0.02862	0.61776	0.05371	0.10538	0.01479	0.00851	0.00231	0.00358	0.01300	0.00789	0.00708
8	0.05222	0.08558	0.02105	0.01538	0.02050	0.08085	0.01263	0.39429	0.13860	0.03673	0.01836	0.01850	0.01366	0.00850	0.00678	0.00212	0.00770	0.00634	0.04906	0.01114
9	0.02394	0.01676	0.01863	0.01468	0.01952	0.01801	0.01196	0.47391	0.03003	0.08988	0.17663	0.02659	0.02591	0.01018	0.00758	0.00221	0.00680	0.00814	0.00757	0.01108
10	0.02007	0.01257	0.01488	0.01258	0.01643	0.01291	0.00996	0.12238	0.19126	0.19075	0.27011	0.03504	0.03666	0.01131	0.00779	0.00231	0.00534	0.00955	0.00798	0.01014
11	0.01562	0.11619	0.57931	0.01905	0.02875	0.01762	0.02387	0.02297	0.01568	0.04718	0.03952	0.01677	0.01182	0.00721	0.00673	0.00221	0.00996	0.00557	0.00348	0.01049
12	0.74740	0.01371	0.01075	0.00980	0.01412	0.01582	0.00811	0.02098	0.01264	0.03194	0.01188	0.01615	0.00997	0.00757	0.00484	0.00232	0.00569	0.04389	0.00463	0.00780
13	0.02066	0.14705	0.06728	0.05369	0.31952	0.18423	0.01833	0.06514	0.01818	0.02239	0.01267	0.01562	0.01049	0.00687	0.00660	0.00201	0.00966	0.00555	0.00374	0.01030
14	0.00886	0.00633	0.00843	0.01012	0.01054	0.00590	0.00675	0.01012	0.01392	0.01856	0.04006	0.73979	0.04808	0.02277	0.00928	0.00295	0.00422	0.02066	0.00675	0.00590
15	0.01485	0.07652	0.67028	0.02027	0.03076	0.01753	0.02607	0.02295	0.01532	0.02270	0.01288	0.01515	0.00921	0.00687	0.00678	0.00226	0.01058	0.00529	0.00307	0.01067
16	0.01924	0.72009	0.06519	0.01277	0.01918	0.02828	0.01302	0.02182	0.01479	0.01734	0.01022	0.01181	0.00932	0.00625	0.00476	0.00159	0.00789	0.00395	0.00311	0.00939
17	0.00886	0.00633	0.00843	0.01012	0.01054	0.00590	0.00675	0.01012	0.01392	0.01856	0.04006	0.73979	0.04808	0.02277	0.00928	0.00295	0.00422	0.02066	0.00675	0.00590
18	0.01507	0.01292	0.01507	0.01077	0.01723	0.00969	0.00861	0.01830	0.01507	0.02369	0.01292	0.01507	0.01077	0.00538	0.00538	0.00108	0.00538	0.00431	0.00431	0.78898
19	0.01171	0.00923	0.01135	0.01044	0.01341	0.00769	0.00766	0.01383	0.01435	0.02059	0.02762	0.35715	0.03086	0.06122	0.00947	0.00246	0.00502	0.04965	0.00558	0.33072
20	0.02646	0.01141	0.01523	0.01205	0.01692	0.00979	0.00973	0.02930	0.01977	0.50491	0.11468	0.07182	0.02572	0.01025	0.00740	0.00218	0.00562	0.00859	0.00825	0.08992
21	0.00898	0.00638	0.00840	0.00996	0.01035	0.00599	0.00658	0.01015	0.01367	0.01823	0.03881	0.68937	0.04650	0.07535	0.01130	0.00325	0.00442	0.01993	0.00658	0.00579
22	0.01517	0.01476	0.02275	0.25179	0.03000	0.01934	0.05854	0.01819	0.01281	0.01863	0.01159	0.01777	0.01008	0.01033	0.01662	0.00282	0.41700	0.00655	0.03720	0.00806
23	0.02308	0.01732	0.01949	0.06004	0.02251	0.01811	0.01262	0.39044	0.08459	0.06598	0.01761	0.01816	0.01291	0.00793	0.00683	0.00196	0.00720	0.00617	0.00638	0.20070
24	0.01763	0.01660	0.01639	0.05963	0.05639	0.13754	0.01178	0.02721	0.27800	0.04546	0.11299	0.05563	0.05947	0.04263	0.00924	0.00255	0.02657	0.00887	0.00612	0.00929
25	0.02576	0.03122	0.02032	0.01905	0.04392	0.59526	0.01413	0.07060	0.02109	0.02013	0.01371	0.01857	0.01200	0.00846	0.00688	0.00201	0.01216	0.05189	0.00419	0.00866
26	0.01150	0.00945	0.01363	0.24767	0.02410	0.00995	0.01109	0.01402	0.01377	0.01854	0.02512	0.30753	0.02746	0.12234	0.01223	0.00315	0.00660	0.01241	0.00493	0.10453
27	0.01934	0.01552	0.01758	0.01673	0.06109	0.01734	0.01257	0.14281	0.42947	0.05209	0.02763	0.03173	0.02220	0.01072	0.00769	0.00250	0.00644	0.08838	0.00710	0.01107

[dist]
# distance from previous block
# <min> <max>
0	1

[block]
# block no. 2 follows, 28 sequences, length 13
# corresponding to MSA columns:
# 162-174
name=unknown_C
#
# <colnr> <probs for GDERKNQSTAVLIFYWHMCP>
#	G	D	E	R	K	N	Q	S	T	A	V	L	I	F	Y	W	H	M	C	P
0	0.01591	0.14239	0.42942	0.06582	0.13125	0.01881	0.05373	0.02246	0.01547	0.02196	0.01275	0.01561	0.00969	0.00672	0.00670	0.00218	0.00997	0.00552	0.00319	0.01044
1	0.01616	0.17498	0.43120	0.02232	0.08388	0.01947	0.10908	0.02275	0.01557	0.02194	0.01273	0.01539	0.00966	0.00663	0.00671	0.00216	0.01018	0.00559	0.00320	0.01040
2	0.01842	0.01378	0.01500	0.01278	0.01657	0.01463	0.01006	0.25303	0.14356	0.03157	0.02767	0.08124	0.07529	0.06950	0.00968	0.00262	0.00615	0.04237	0.08900	0.06708
3	0.01188	0.00859	0.01081	0.08384	0.01555	0.00846	0.00833	0.01543	0.06899	0.06896	0.09303	0.27919	0.22996	0.05104	0.00982	0.00281	0.00496	0.01468	0.00658	0.00710
4	0.02265	0.01632	0.01736	0.01402	0.01850	0.01799	0.01128	0.42117	0.12069	0.03841	0.02068	0.02211	0.01564	0.04082	0.00813	0.00233	0.00669	0.00700	0.16746	0.01074
5	0.02545	0.01814	0.01991	0.01521	0.02089	0.01914	0.01244	0.50319	0.02941	0.08986	0.01780	0.01876	0.01306	0.03576	0.00810	0.00220	0.00743	0.00641	0.00684	0.13000
6	0.00886	0.00633	0.00843	0.01012	0.01054	0.00590	0.00675	0.01012	0.01392	0.01856	0.04006	0.73979	0.04808	0.02277	0.00928	0.00295	0.00422	0.02066	0.00675	0.00590
7	0.02119	0.09782	0.02553	0.02722	0.28092	0.15067	0.01692	0.15073	0.02031	0.02578	0.01519	0.02091	0.01318	0.00841	0.00790	0.00219	0.04687	0.05342	0.00450	0.01033
8	0.01899	0.01172	0.01472	0.01402	0.06576	0.01142	0.01022	0.10850	0.07034	0.19493	0.19818	0.04168	0.15054	0.01252	0.00798	0.00235	0.00548	0.04365	0.00749	0.00949
9	0.00900	0.00649	0.00852	0.00989	0.01054	0.00602	0.00670	0.01052	0.01474	0.01973	0.11092	0.63669	0.07984	0.02174	0.00917	0.00286	0.00411	0.01963	0.00688	0.00602
10	0.02560	0.01877	0.02017	0.01552	0.02108	0.02036	0.01276	0.57422	0.03126	0.04267	0.01755	0.01798	0.01270	0.00844	0.00696	0.00206	0.00745	0.00638	0.06443	0.07366
11	0.01175	0.01002	0.01474	0.01294	0.01584	0.00908	0.10346	0.04601	0.01608	0.02148	0.03856	0.36766	0.16843	0.01649	0.00842	0.00249	0.00561	0.01498	0.00601	0.10996
12	0.01689	0.07286	0.01881	0.01566	0.10755	0.01224	0.01103	0.02017	0.01573	0.07127	0.01517	0.01917	0.01280	0.00658	0.00593	0.00145	0.00613	0.03668	0.00457	0.52929

[dist]
# distance from previous block
# <min> <max>
0	1

[block]
# block no. 3 follows, 28 sequences, length 25
# corresponding to MSA columns:
# 176-200
name=unknown_D
#
# <colnr> <probs for GDERKNQSTAVLIFYWHMCP>
#	G	D	E	R	K	N	Q	S	T	A	V	L	I	F	Y	W	H	M	C	P
0	0.02048	0.01111	0.01376	0.01114	0.01542	0.00990	0.00890	0.07877	0.02045	0.28056	0.19615	0.03740	0.13904	0.01146	0.00757	0.00213	0.00515	0.00958	0.00762	0.11343
1	0.02184	0.01174	0.01528	0.01313	0.04184	0.01030	0.01006	0.02592	0.06029	0.31786	0.09963	0.07229	0.02509	0.01021	0.00726	0.00209	0.00566	0.04484	0.00719	0.19748
2	0.01525	0.01131	0.01412	0.04866	0.01703	0.01169	0.02538	0.13013	0.10837	0.05694	0.13212	0.30129	0.03602	0.01494	0.00821	0.00251	0.00555	0.01318	0.00686	0.04043
3	0.02092	0.63936	0.03522	0.01305	0.01900	0.09144	0.01248	0.02324	0.01567	0.05751	0.01130	0.01256	0.00984	0.00650	0.00499	0.00163	0.00818	0.00416	0.00351	0.00942
4	0.00909	0.00728	0.00812	0.00813	0.01018	0.00631	0.00602	0.01131	0.01742	0.02217	0.24317	0.13199	0.45749	0.01786	0.00865	0.00246	0.00366	0.01526	0.00710	0.00631
5	0.02208	0.01635	0.01826	0.01391	0.01965	0.01615	0.01129	0.35707	0.02514	0.06916	0.01760	0.05823	0.01409	0.00828	0.00668	0.00181	0.00670	0.00655	0.00621	0.30480
6	0.01155	0.00741	0.00958	0.00973	0.01132	0.00673	0.00702	0.01384	0.01734	0.08564	0.29055	0.34543	0.12004	0.01806	0.00876	0.00258	0.00404	0.01604	0.00743	0.00688
7	0.06105	0.03620	0.66547	0.02005	0.03043	0.01685	0.02573	0.02292	0.01517	0.02359	0.01287	0.01514	0.00913	0.00690	0.00676	0.00230	0.01044	0.00529	0.00315	0.01057
8	0.01197	0.00780	0.01035	0.03861	0.01299	0.00728	0.00763	0.01471	0.01826	0.08726	0.38561	0.23914	0.09760	0.01642	0.00860	0.00248	0.00417	0.01455	0.00747	0.00710
9	0.01876	0.01933	0.02632	0.15788	0.45539	0.13194	0.02027	0.02324	0.03642	0.02206	0.01361	0.01770	0.01116	0.00688	0.00711	0.00217	0.00947	0.00623	0.00367	0.01041
10	0.01564	0.01677	0.03390	0.13573	0.07597	0.01668	0.42778	0.02073	0.01620	0.02184	0.01855	0.07541	0.04257	0.00836	0.00897	0.00250	0.04009	0.00923	0.00394	0.00912
11	0.00977	0.00671	0.00816	0.00895	0.00914	0.00652	0.00549	0.01036	0.01212	0.01617	0.03087	0.36908	0.03648	0.40931	0.02412	0.00515	0.00573	0.01526	0.00549	0.00510
12	0.00884	0.00638	0.00838	0.00998	0.01051	0.00592	0.00669	0.01014	0.01405	0.01861	0.04178	0.70557	0.08119	0.02255	0.00924	0.00293	0.00419	0.02039	0.00675	0.00592
13	0.01617	0.01777	0.03694	0.10985	0.03645	0.01763	0.51177	0.02154	0.01625	0.02206	0.01569	0.06306	0.01302	0.00772	0.00950	0.00253	0.06012	0.00892	0.00378	0.00924
14	0.00928	0.00688	0.00979	0.01099	0.01171	0.00645	0.03040	0.01080	0.01416	0.01887	0.03910	0.68510	0.04649	0.02207	0.00929	0.00295	0.00461	0.04834	0.00664	0.00608
15	0.01244	0.00883	0.01092	0.01147	0.01360	0.00865	0.00918	0.01703	0.09618	0.06308	0.04524	0.20410	0.18981	0.01836	0.00907	0.00289	0.00535	0.25954	0.00694	0.00732
16	0.01030	0.04516	0.01030	0.00972	0.01084	0.00760	0.00669	0.01173	0.01395	0.01900	0.08106	0.46678	0.04072	0.14854	0.01358	0.00342	0.00489	0.01611	0.02892	0.05068
17	0.01737	0.01615	0.02673	0.16200	0.51052	0.01684	0.02089	0.05484	0.01711	0.02386	0.01515	0.02187	0.01297	0.00751	0.00738	0.00227	0.00868	0.04329	0.00390	0.01067
18	0.01040	0.00812	0.00952	0.00974	0.01183	0.00762	0.00769	0.01397	0.05772	0.02235	0.17645	0.06640	0.33307	0.05432	0.01033	0.00289	0.00471	0.17931	0.00689	0.00666
19	0.00933	0.00647	0.00829	0.00961	0.01000	0.00614	0.00627	0.01044	0.01336	0.01805	0.03639	0.58991	0.04314	0.15272	0.01414	0.00365	0.00470	0.01836	0.03337	0.00566
20	0.03677	0.21534	0.41998	0.05592	0.05729	0.01995	0.05540	0.02241	0.01522	0.02158	0.01232	0.01485	0.00942	0.00669	0.00639	0.00212	0.00978	0.00522	0.00318	0.01015
21	0.01516	0.01219	0.01748	0.01659	0.07233	0.01232	0.09203	0.16144	0.01931	0.02615	0.09162	0.28255	0.03200	0.10011	0.01176	0.00307	0.00667	0.01294	0.00607	0.00820
22	0.01719	0.01353	0.01637	0.07446	0.02017	0.01343	0.01100	0.14676	0.06306	0.05183	0.02014	0.14661	0.01860	0.01018	0.00794	0.00201	0.05018	0.00835	0.00554	0.30266
23	0.02373	0.12087	0.06117	0.02024	0.12361	0.25806	0.01481	0.06081	0.05332	0.12702	0.01560	0.01662	0.01190	0.00743	0.00655	0.00195	0.00943	0.00554	0.00481	0.05653
24	0.01260	0.00914	0.01119	0.01084	0.01262	0.00913	0.00777	0.01625	0.08745	0.05101	0.05413	0.33483	0.03326	0.13439	0.01370	0.00325	0.04825	0.01345	0.03748	0.09928

[dist]
# distance from previous block
# <min> <max>
0	6

[block]
# block no. 4 follows, 28 sequences, length 23
# corresponding to MSA columns:
# 207-229
name=unknown_E
#
# <colnr> <probs for GDERKNQSTAVLIFYWHMCP>
#	G	D	E	R	K	N	Q	S	T	A	V	L	I	F	Y	W	H	M	C	P
0	0.58961	0.03854	0.07038	0.01346	0.05684	0.06622	0.01100	0.03955	0.01409	0.03018	0.01084	0.01270	0.00846	0.00683	0.00508	0.00220	0.00687	0.00432	0.00431	0.00852
1	0.01738	0.47462	0.02891	0.01253	0.01705	0.04539	0.01139	0.04493	0.01586	0.01955	0.07748	0.10540	0.01995	0.01124	0.03233	0.00227	0.04372	0.00718	0.00422	0.00860
2	0.02210	0.03747	0.09694	0.01316	0.01797	0.01200	0.01184	0.09087	0.02028	0.30451	0.15799	0.03409	0.02849	0.06119	0.00967	0.00264	0.00650	0.05500	0.00726	0.01003
3	0.07571	0.00955	0.01262	0.01447	0.11182	0.00921	0.00913	0.01601	0.01733	0.07096	0.29441	0.13636	0.11427	0.06420	0.01001	0.00270	0.00493	0.01210	0.00659	0.00762
4	0.01939	0.07100	0.02498	0.02061	0.05839	0.20946	0.08273	0.02182	0.01509	0.01885	0.01099	0.01530	0.00981	0.00941	0.01430	0.00246	0.33147	0.00585	0.00347	0.05462
5	0.01811	0.01982	0.09060	0.03873	0.54955	0.04965	0.02145	0.02404	0.07232	0.02396	0.01483	0.01828	0.01209	0.00684	0.00716	0.00218	0.00880	0.00644	0.00387	0.01130
6	0.01210	0.00814	0.00981	0.00911	0.01133	0.00745	0.00681	0.01544	0.04480	0.08478	0.38437	0.05451	0.23534	0.07116	0.01060	0.00270	0.00411	0.01286	0.00744	0.00713
7	0.00977	0.00713	0.00922	0.00958	0.01095	0.00659	0.00703	0.01235	0.01780	0.02435	0.38163	0.27751	0.11913	0.01809	0.00890	0.00259	0.00393	0.05958	0.00739	0.00647
8	0.06905	0.16596	0.02293	0.01562	0.03962	0.09218	0.01267	0.22981	0.08301	0.09651	0.05355	0.01904	0.01552	0.00857	0.00742	0.00211	0.04389	0.00624	0.00581	0.01046
9	0.02067	0.01410	0.01585	0.01373	0.01782	0.01514	0.01077	0.14138	0.32107	0.15767	0.03117	0.12472	0.06000	0.01173	0.00768	0.00244	0.00590	0.00985	0.00755	0.01076
10	0.00961	0.00699	0.00905	0.00941	0.01066	0.00643	0.00672	0.01208	0.01768	0.02433	0.39488	0.32591	0.10273	0.01822	0.00885	0.00256	0.00376	0.01626	0.00742	0.00643
11	0.01235	0.00818	0.01039	0.00997	0.01195	0.00772	0.00741	0.01635	0.06472	0.08453	0.41816	0.19737	0.09087	0.01590	0.00854	0.00245	0.00401	0.01403	0.00771	0.00741
12	0.02499	0.01863	0.02008	0.01594	0.02110	0.02061	0.01295	0.55113	0.09846	0.04182	0.02070	0.08288	0.01654	0.01009	0.00746	0.00228	0.00743	0.00797	0.00724	0.01170
13	0.12045	0.01121	0.01381	0.01142	0.01558	0.01062	0.00917	0.02700	0.05891	0.36709	0.23691	0.03259	0.03295	0.01062	0.00736	0.00227	0.00522	0.00878	0.00802	0.01002
14	0.02387	0.01090	0.01421	0.01162	0.01587	0.00982	0.00933	0.02797	0.06554	0.42727	0.20638	0.03625	0.08600	0.01134	0.00775	0.00229	0.00524	0.00954	0.00845	0.01037
15	0.02589	0.01737	0.01896	0.01485	0.02001	0.01881	0.01216	0.48104	0.06025	0.12078	0.02019	0.02006	0.01433	0.00878	0.00699	0.00214	0.00706	0.00674	0.11204	0.01157
16	0.02390	0.01875	0.01916	0.01532	0.02034	0.05697	0.01242	0.47831	0.09753	0.03919	0.04473	0.02542	0.09475	0.01009	0.00744	0.00223	0.00741	0.00784	0.00706	0.01117
17	0.01114	0.00879	0.01164	0.01147	0.01248	0.02938	0.00857	0.01309	0.01176	0.01644	0.02013	0.05687	0.02019	0.18806	0.49687	0.00970	0.05453	0.00864	0.00406	0.00618
18	0.01561	0.00984	0.01272	0.01251	0.05945	0.00934	0.00876	0.04117	0.05781	0.14656	0.35175	0.04518	0.12138	0.06335	0.01010	0.00262	0.00483	0.01124	0.00743	0.00835
19	0.02052	0.01647	0.01755	0.01512	0.01963	0.01874	0.01195	0.16832	0.53075	0.05617	0.02708	0.02507	0.02004	0.00960	0.00737	0.00240	0.00623	0.00785	0.00742	0.01171
20	0.04009	0.10468	0.01768	0.01257	0.01556	0.01557	0.01027	0.09353	0.01582	0.02305	0.01998	0.05434	0.06174	0.07577	0.05134	0.00310	0.16605	0.00741	0.08946	0.12199
21	0.01903	0.36631	0.04564	0.01249	0.01720	0.10799	0.01120	0.08602	0.01734	0.02163	0.01739	0.02040	0.04960	0.05774	0.00770	0.00212	0.00764	0.00580	0.11807	0.00868
22	0.00969	0.00707	0.00915	0.04835	0.01220	0.00680	0.00696	0.01111	0.01446	0.01911	0.12168	0.38684	0.13408	0.12586	0.01392	0.03977	0.00485	0.01607	0.00620	0.00583

[dist]
# distance from previous block
# <min> <max>
0	12

[block]
# block no. 5 follows, 28 sequences, length 9
# corresponding to MSA columns:
# 242-250
name=unknown_F
#
# <colnr> <probs for GDERKNQSTAVLIFYWHMCP>
#	G	D	E	R	K	N	Q	S	T	A	V	L	I	F	Y	W	H	M	C	P
0	0.20581	0.19880	0.05907	0.01809	0.12468	0.04578	0.01364	0.10463	0.04190	0.10326	0.01455	0.01566	0.01113	0.00722	0.00592	0.00205	0.00753	0.00527	0.00486	0.01016
1	0.06112	0.01463	0.02073	0.27474	0.16128	0.01636	0.01641	0.11208	0.09706	0.06955	0.01853	0.07336	0.01518	0.00886	0.00727	0.00236	0.00793	0.00766	0.00505	0.00983
2	0.01965	0.01567	0.01662	0.01584	0.06760	0.08470	0.01119	0.26557	0.02274	0.05470	0.06635	0.18862	0.02564	0.09782	0.01120	0.00290	0.00722	0.01051	0.00630	0.00914
3	0.01568	0.01807	0.15267	0.03493	0.12249	0.05173	0.01472	0.08725	0.03687	0.04567	0.16636	0.12831	0.07123	0.01180	0.00779	0.00235	0.00709	0.01016	0.00570	0.00913
4	0.02062	0.24319	0.08036	0.01828	0.09132	0.20050	0.01448	0.09929	0.01831	0.02164	0.01335	0.01706	0.01159	0.05215	0.06575	0.00297	0.01042	0.00549	0.00395	0.00929
5	0.05883	0.01962	0.06718	0.01407	0.01789	0.16984	0.01140	0.19429	0.02043	0.06845	0.01864	0.05621	0.01691	0.19507	0.01450	0.00338	0.00857	0.00761	0.02841	0.00868
6	0.20303	0.11646	0.20447	0.02175	0.14853	0.01785	0.09239	0.02173	0.01534	0.02513	0.05847	0.01764	0.01356	0.00715	0.00640	0.00218	0.00842	0.00593	0.00392	0.00964
7	0.06484	0.12446	0.33259	0.08559	0.06019	0.01689	0.05553	0.02041	0.01508	0.02185	0.01828	0.08851	0.04821	0.00890	0.00690	0.00228	0.00890	0.00740	0.00379	0.00939
8	0.01403	0.05431	0.01194	0.01031	0.01225	0.00910	0.00756	0.05155	0.01634	0.10346	0.09228	0.35746	0.06217	0.09693	0.01132	0.00303	0.00505	0.01431	0.05937	0.00724

[dist]
# distance from previous block
# <min> <max>
0	2

[block]
# block no. 6 follows, 28 sequences, length 12
# corresponding to MSA columns:
# 253-264
name=unknown_G
#
# <colnr> <probs for GDERKNQSTAVLIFYWHMCP>
#	G	D	E	R	K	N	Q	S	T	A	V	L	I	F	Y	W	H	M	C	P
0	0.06461	0.08307	0.01421	0.01038	0.01408	0.01101	0.00840	0.02124	0.05322	0.21240	0.16458	0.06898	0.21951	0.01294	0.00756	0.00228	0.00498	0.01071	0.00715	0.00870
1	0.01010	0.00780	0.00880	0.00879	0.01044	0.00735	0.00619	0.01324	0.06701	0.02111	0.18177	0.15024	0.29122	0.16656	0.01442	0.00343	0.00455	0.01410	0.00657	0.00631
2	0.05250	0.18218	0.02272	0.03859	0.05033	0.14827	0.01263	0.09763	0.14846	0.10874	0.02075	0.02075	0.04936	0.00848	0.00654	0.00207	0.00800	0.00638	0.00550	0.01012
3	0.01653	0.03129	0.47495	0.07985	0.13882	0.06174	0.02419	0.02339	0.01601	0.04724	0.01359	0.01629	0.00995	0.00698	0.00697	0.00226	0.01031	0.00566	0.00343	0.01057
4	0.02701	0.01177	0.01549	0.01241	0.01715	0.01070	0.01005	0.03169	0.08670	0.51154	0.15310	0.03049	0.02784	0.01018	0.00755	0.00228	0.00563	0.00849	0.00865	0.01126
5	0.05771	0.01519	0.02556	0.33116	0.31509	0.01653	0.06213	0.02129	0.01569	0.05088	0.01387	0.01865	0.01079	0.00691	0.00718	0.00230	0.00906	0.00651	0.00372	0.00978
6	0.05021	0.01817	0.08251	0.06123	0.53265	0.01674	0.02079	0.02248	0.04787	0.02403	0.01668	0.02014	0.03999	0.00720	0.00713	0.00221	0.00837	0.00673	0.00389	0.01096
7	0.03830	0.21319	0.40186	0.01873	0.02727	0.06726	0.07074	0.02347	0.01578	0.04228	0.01271	0.01479	0.00962	0.00677	0.00640	0.00209	0.01000	0.00522	0.00339	0.01013
8	0.00881	0.00652	0.00823	0.00961	0.01041	0.00595	0.00652	0.01018	0.01441	0.01876	0.04633	0.61487	0.16896	0.02196	0.00915	0.00286	0.00412	0.01967	0.00675	0.00595
9	0.00911	0.00663	0.00865	0.01017	0.01092	0.00617	0.00712	0.01064	0.01446	0.01898	0.04326	0.60772	0.11217	0.02207	0.00928	0.00294	0.00441	0.08254	0.00674	0.00601
10	0.01678	0.23161	0.34040	0.01889	0.06863	0.01958	0.05371	0.05091	0.01618	0.02283	0.01360	0.01596	0.01056	0.00688	0.00622	0.00202	0.00900	0.00538	0.08083	0.01002
11	0.00939	0.00684	0.00890	0.00992	0.01092	0.00635	0.00707	0.01138	0.01591	0.02133	0.19171	0.46737	0.11237	0.02035	0.00912	0.00279	0.00419	0.07086	0.00703	0.00621

[dist]
# distance from previous block
# <min> <max>
9	15

[block]
# block no. 7 follows, 28 sequences, length 32
# corresponding to MSA columns:
# 280-311
name=unknown_H
#
# <colnr> <probs for GDERKNQSTAVLIFYWHMCP>
#	G	D	E	R	K	N	Q	S	T	A	V	L	I	F	Y	W	H	M	C	P
0	0.01752	0.01226	0.01445	0.03281	0.01668	0.01286	0.01004	0.26610	0.02242	0.06631	0.06630	0.36721	0.03287	0.01579	0.00831	0.00257	0.00588	0.01374	0.00704	0.00883
1	0.10768	0.01611	0.05961	0.01471	0.02016	0.01510	0.05359	0.13579	0.14005	0.22809	0.07047	0.02322	0.01897	0.00876	0.00704	0.00223	0.00676	0.00718	0.00689	0.05760
2	0.09873	0.18971	0.38930	0.01620	0.02395	0.01805	0.01891	0.02103	0.01506	0.02270	0.05089	0.07456	0.01541	0.00844	0.00643	0.00218	0.00861	0.00653	0.00379	0.00952
3	0.09325	0.01091	0.01187	0.01038	0.01350	0.01129	0.00797	0.08482	0.09728	0.15743	0.02384	0.04819	0.01928	0.11280	0.01056	0.00278	0.00540	0.00770	0.26205	0.00869
4	0.09654	0.01799	0.01621	0.01451	0.01832	0.14579	0.01157	0.19320	0.13607	0.02948	0.02610	0.07470	0.06587	0.01177	0.00753	0.00243	0.00761	0.10876	0.00621	0.00934
5	0.01151	0.00762	0.00936	0.00947	0.01015	0.00769	0.00617	0.03481	0.01277	0.04189	0.02686	0.21999	0.03008	0.41802	0.11607	0.00626	0.00794	0.01253	0.00520	0.00563
6	0.01181	0.00844	0.01035	0.01060	0.01187	0.00841	0.00751	0.09261	0.01697	0.02287	0.12972	0.40129	0.04275	0.13970	0.01358	0.00346	0.00517	0.04967	0.00660	0.00663
7	0.06667	0.10709	0.59409	0.01915	0.02903	0.01803	0.02416	0.02279	0.01509	0.02306	0.01256	0.01474	0.00913	0.00683	0.00652	0.00222	0.01011	0.00513	0.00317	0.01041
8	0.02182	0.01599	0.01762	0.01461	0.01871	0.01744	0.01173	0.44051	0.04480	0.03623	0.02256	0.07307	0.02048	0.11553	0.01197	0.00307	0.00741	0.08958	0.00676	0.01011
9	0.01553	0.14751	0.52946	0.01964	0.02879	0.01919	0.04637	0.02244	0.01502	0.02170	0.01239	0.01495	0.00931	0.00719	0.00782	0.00225	0.06171	0.00532	0.00310	0.01029
10	0.02448	0.04153	0.01656	0.01305	0.01760	0.09074	0.01048	0.07204	0.11015	0.33043	0.07851	0.03089	0.11041	0.01049	0.00740	0.00224	0.00655	0.00844	0.00750	0.01049
11	0.06345	0.33117	0.29160	0.01545	0.02273	0.04156	0.01733	0.02162	0.01479	0.02058	0.01237	0.01487	0.01013	0.01043	0.06177	0.00270	0.00976	0.00487	0.02335	0.00947
12	0.01205	0.02945	0.01171	0.01136	0.01334	0.00954	0.00845	0.05243	0.10262	0.02228	0.03673	0.43719	0.07718	0.01823	0.00858	0.00270	0.00501	0.07773	0.00660	0.05682
13	0.02405	0.01064	0.01425	0.01169	0.01591	0.00924	0.00929	0.02681	0.01952	0.44047	0.16136	0.12301	0.03150	0.01173	0.00770	0.00228	0.00534	0.01002	0.00823	0.05698
14	0.04702	0.11554	0.02144	0.01540	0.02039	0.15550	0.01255	0.20960	0.18419	0.11688	0.01944	0.01896	0.01435	0.00841	0.00675	0.00212	0.00812	0.00626	0.00621	0.01087
15	0.02375	0.01797	0.01944	0.01510	0.02052	0.01921	0.01224	0.47114	0.09484	0.03902	0.01826	0.01973	0.01388	0.04958	0.00865	0.00231	0.00731	0.00659	0.00666	0.13379
16	0.01829	0.01845	0.03015	0.04004	0.54415	0.06325	0.10873	0.02265	0.01691	0.02323	0.01443	0.01991	0.01226	0.00693	0.00743	0.00222	0.00936	0.02697	0.00372	0.01093
17	0.01647	0.02199	0.16797	0.07197	0.03396	0.01812	0.37934	0.02459	0.10328	0.02352	0.01591	0.01952	0.01195	0.00721	0.00886	0.00246	0.05126	0.00763	0.00398	0.00999
18	0.00886	0.00633	0.00843	0.01012	0.01054	0.00590	0.00675	0.01012	0.01392	0.01856	0.04006	0.73979	0.04808	0.02277	0.00928	0.00295	0.00422	0.02066	0.00675	0.00590
19	0.01066	0.00784	0.01011	0.01004	0.01169	0.00752	0.00758	0.01477	0.05905	0.02686	0.49064	0.16293	0.06006	0.01630	0.00875	0.00250	0.00400	0.07408	0.00765	0.00697
20	0.01913	0.59999	0.11180	0.01370	0.02013	0.07214	0.01402	0.02216	0.01539	0.01816	0.03015	0.01340	0.01102	0.00663	0.00515	0.00168	0.00834	0.00437	0.00329	0.00936
21	0.01405	0.01050	0.01300	0.01326	0.01566	0.01098	0.01101	0.10011	0.10428	0.02571	0.05910	0.13775	0.06089	0.01740	0.00917	0.00298	0.00624	0.37308	0.00691	0.00792
22	0.00960	0.00673	0.00865	0.00978	0.01020	0.00653	0.00651	0.01070	0.01305	0.01742	0.03416	0.46745	0.04017	0.23016	0.04819	0.00453	0.00586	0.05881	0.00595	0.00555
23	0.06678	0.01906	0.01813	0.01488	0.01940	0.10889	0.01185	0.41596	0.02709	0.03569	0.02333	0.08183	0.07652	0.03706	0.00838	0.00241	0.00780	0.00825	0.00646	0.01022
24	0.01698	0.01954	0.07534	0.02581	0.09205	0.04751	0.34777	0.02187	0.01610	0.02252	0.01346	0.01766	0.01068	0.00684	0.00930	0.00221	0.08790	0.00697	0.00370	0.15581
25	0.01128	0.00906	0.01300	0.01248	0.01365	0.01099	0.00986	0.01369	0.01199	0.01745	0.02120	0.02891	0.05705	0.04413	0.53890	0.00944	0.13420	0.00797	0.02804	0.00672
26	0.01133	0.00866	0.00872	0.00867	0.00930	0.04887	0.00538	0.01155	0.01216	0.01524	0.03012	0.07133	0.13158	0.50791	0.02909	0.06275	0.00672	0.01102	0.00473	0.00488
27	0.01796	0.06183	0.02421	0.02341	0.16998	0.13131	0.10281	0.02115	0.01570	0.02136	0.01484	0.04042	0.01289	0.00879	0.01047	0.00228	0.16670	0.00677	0.13823	0.00888
28	0.01045	0.00707	0.00789	0.00789	0.00805	0.00699	0.00448	0.01056	0.01095	0.01445	0.02612	0.04899	0.06889	0.69851	0.03520	0.00676	0.00683	0.01087	0.00455	0.00451
29	0.12169	0.04982	0.15181	0.06005	0.04564	0.13029	0.06211	0.17648	0.02047	0.04735	0.01450	0.01647	0.01084	0.00749	0.00659	0.00215	0.00912	0.00576	0.05143	0.00993
30	0.09033	0.01599	0.01853	0.26726	0.05405	0.07559	0.01448	0.19001	0.02031	0.02726	0.02285	0.05051	0.10369	0.00965	0.00720	0.00231	0.00812	0.00780	0.00506	0.00899
31	0.02274	0.18618	0.05101	0.01713	0.02229	0.11750	0.05321	0.26515	0.06686	0.02932	0.01458	0.01608	0.01142	0.00828	0.00844	0.00214	0.08635	0.00586	0.00506	0.01040

[dist]
# distance from previous block
# <min> <max>
0	1

[block]
# block no. 8 follows, 28 sequences, length 50
# corresponding to MSA columns:
# 313-362
name=unknown_I
#
# <colnr> <probs for GDERKNQSTAVLIFYWHMCP>
#	G	D	E	R	K	N	Q	S	T	A	V	L	I	F	Y	W	H	M	C	P
0	0.14314	0.08284	0.04014	0.01361	0.01807	0.01777	0.01134	0.27367	0.09398	0.03295	0.04309	0.15635	0.02098	0.01113	0.00702	0.00232	0.00658	0.00894	0.00625	0.00981
1	0.02013	0.07976	0.01643	0.01251	0.01610	0.13824	0.00994	0.13410	0.05202	0.08851	0.06269	0.02601	0.05202	0.03940	0.04445	0.00268	0.00765	0.00723	0.18128	0.00885
2	0.01605	0.03477	0.01419	0.05459	0.01641	0.01193	0.00953	0.04268	0.13947	0.12124	0.20870	0.06108	0.09725	0.08919	0.01172	0.00288	0.04269	0.01033	0.00678	0.00852
3	0.54532	0.01313	0.01173	0.01022	0.01440	0.01454	0.00830	0.06112	0.01587	0.09085	0.13231	0.02072	0.01967	0.00849	0.00563	0.00225	0.00543	0.00600	0.00567	0.00836
4	0.01563	0.11199	0.02107	0.01592	0.01712	0.05505	0.01315	0.01738	0.01263	0.01792	0.01474	0.10126	0.01527	0.03500	0.04832	0.00328	0.42770	0.00781	0.04108	0.00770
5	0.04451	0.01405	0.01944	0.11903	0.02339	0.01523	0.04665	0.01826	0.01364	0.02107	0.01209	0.01657	0.01041	0.00986	0.03784	0.00244	0.23351	0.00560	0.00376	0.33264
6	0.01547	0.04488	0.14946	0.02151	0.04362	0.03800	0.26550	0.01992	0.01515	0.02106	0.04067	0.02277	0.01479	0.08054	0.04367	0.04084	0.07280	0.00763	0.03312	0.00859
7	0.01010	0.00715	0.00973	0.01166	0.04372	0.00667	0.00756	0.01172	0.01479	0.04075	0.07964	0.60861	0.07870	0.02087	0.00904	0.00283	0.00442	0.01885	0.00674	0.00644
8	0.02635	0.01960	0.02113	0.01612	0.02200	0.02123	0.01329	0.60802	0.03223	0.04356	0.01699	0.01721	0.01220	0.00839	0.00708	0.00207	0.00773	0.00632	0.00697	0.09153
9	0.01700	0.02060	0.12271	0.07149	0.32243	0.01759	0.27457	0.02259	0.01652	0.02320	0.01395	0.01834	0.01093	0.00644	0.00770	0.00230	0.01037	0.00715	0.00354	0.01057
10	0.13344	0.01997	0.02097	0.20931	0.11791	0.16038	0.01583	0.18780	0.02070	0.02802	0.01342	0.01634	0.01028	0.00750	0.00671	0.00219	0.00923	0.00576	0.00459	0.00966
11	0.01796	0.02634	0.26155	0.03072	0.32909	0.10450	0.02198	0.02470	0.07039	0.02329	0.01443	0.01720	0.01130	0.00702	0.00703	0.00220	0.00969	0.00601	0.00374	0.01086
12	0.02575	0.06382	0.02161	0.01841	0.04630	0.40544	0.01401	0.07923	0.02000	0.11925	0.01406	0.01561	0.01095	0.00840	0.00894	0.00212	0.10656	0.00546	0.00467	0.00941
13	0.01508	0.00996	0.01214	0.01128	0.01412	0.00980	0.00900	0.04513	0.11950	0.11684	0.27321	0.05215	0.14000	0.01455	0.00844	0.00252	0.00494	0.12538	0.00760	0.00836
14	0.00935	0.00712	0.00855	0.00914	0.01064	0.00644	0.00668	0.01135	0.01620	0.02095	0.16844	0.28028	0.28856	0.05069	0.01017	0.00286	0.00423	0.07531	0.00687	0.00617
15	0.00908	0.00647	0.00858	0.01018	0.01065	0.00609	0.00689	0.01040	0.01390	0.01851	0.03916	0.67292	0.04672	0.05716	0.01064	0.00317	0.00448	0.05249	0.00663	0.00587
16	0.47750	0.01103	0.00972	0.00903	0.01207	0.01235	0.00704	0.01802	0.01263	0.02768	0.03838	0.01808	0.01295	0.01089	0.00932	0.15246	0.00527	0.00524	0.14361	0.00674
17	0.01029	0.00669	0.00894	0.01029	0.01103	0.00619	0.00698	0.01165	0.01433	0.05990	0.03938	0.69668	0.04626	0.02194	0.00916	0.00291	0.00434	0.01986	0.00688	0.00629
18	0.02644	0.02079	0.02108	0.01663	0.02209	0.07067	0.01355	0.55215	0.11255	0.04197	0.01849	0.01832	0.01335	0.00878	0.00724	0.00219	0.00808	0.00662	0.00704	0.01198
19	0.00977	0.00706	0.00934	0.01026	0.01138	0.00663	0.00758	0.01208	0.01655	0.02238	0.24129	0.38918	0.08149	0.01971	0.00916	0.00279	0.00438	0.12553	0.00712	0.00634
20	0.03081	0.01195	0.01621	0.01257	0.01780	0.01038	0.01027	0.03352	0.02035	0.64867	0.05385	0.02685	0.02029	0.04100	0.00864	0.00246	0.00612	0.00767	0.00876	0.01182
21	0.00952	0.00691	0.00937	0.04123	0.01221	0.00694	0.00730	0.01093	0.01316	0.01769	0.03367	0.51412	0.03931	0.13049	0.10694	0.00468	0.00689	0.01688	0.00588	0.00586
22	0.00927	0.00656	0.00825	0.00944	0.00985	0.00620	0.00610	0.01025	0.01321	0.01749	0.03743	0.53360	0.07473	0.20300	0.01617	0.00395	0.00490	0.01788	0.00616	0.00554
23	0.00928	0.00659	0.00861	0.00973	0.01034	0.00619	0.00654	0.01081	0.01478	0.02001	0.15530	0.54954	0.04961	0.09221	0.01187	0.00324	0.00435	0.01833	0.00674	0.00593
24	0.01713	0.01023	0.01059	0.00930	0.01204	0.01078	0.00730	0.18404	0.02005	0.03185	0.02212	0.02465	0.01704	0.00853	0.00564	0.00182	0.00456	0.00672	0.58742	0.00819
25	0.02650	0.01951	0.02101	0.01633	0.02182	0.02154	0.01339	0.63487	0.03296	0.04417	0.01882	0.06100	0.01452	0.00957	0.00739	0.00223	0.00777	0.00740	0.00724	0.01197
26	0.37344	0.01366	0.01444	0.01168	0.01681	0.01399	0.00964	0.07210	0.01793	0.35981	0.01963	0.01847	0.01309	0.00797	0.00605	0.00224	0.00606	0.00575	0.00687	0.01036
27	0.01494	0.01428	0.02457	0.52657	0.21505	0.01652	0.04561	0.01970	0.01515	0.02007	0.01318	0.01903	0.01021	0.00702	0.00730	0.00236	0.00952	0.00654	0.00334	0.00902
28	0.01471	0.03667	0.67243	0.02123	0.03180	0.01696	0.06036	0.02303	0.01544	0.02303	0.01313	0.01557	0.00930	0.00687	0.00699	0.00231	0.01082	0.00554	0.00310	0.01069
29	0.16294	0.01925	0.01985	0.01546	0.02105	0.02144	0.01277	0.55984	0.03034	0.04349	0.01616	0.01646	0.01157	0.00838	0.00678	0.00219	0.00758	0.00609	0.00678	0.01157
30	0.04299	0.00705	0.00692	0.00688	0.00868	0.00713	0.00519	0.01710	0.01514	0.02731	0.02320	0.02652	0.01823	0.00840	0.00506	0.00171	0.00347	0.00667	0.75552	0.00682
31	0.01029	0.00708	0.00867	0.00891	0.00921	0.00725	0.00558	0.01094	0.01125	0.01523	0.02477	0.14409	0.02808	0.51725	0.15409	0.00728	0.00886	0.01153	0.00465	0.00499
32	0.01631	0.01712	0.02902	0.02287	0.02528	0.02099	0.23105	0.01939	0.01311	0.01939	0.01123	0.01712	0.01003	0.01056	0.01885	0.00294	0.49575	0.00709	0.00334	0.00856
33	0.01056	0.00708	0.00811	0.00811	0.00818	0.00715	0.00464	0.01069	0.01063	0.01423	0.02273	0.04663	0.02602	0.71040	0.07058	0.00728	0.00766	0.01043	0.00438	0.00451
34	0.01029	0.00743	0.00972	0.00914	0.01086	0.00686	0.00686	0.01372	0.02058	0.02915	0.69536	0.05430	0.06859	0.01486	0.00857	0.00229	0.00343	0.01315	0.00800	0.00686
35	0.02669	0.08204	0.02202	0.01796	0.02222	0.55350	0.01390	0.13483	0.02243	0.02235	0.01218	0.01372	0.00985	0.00761	0.00654	0.00190	0.01190	0.00493	0.00428	0.00914
36	0.28407	0.01478	0.01450	0.01207	0.01634	0.01651	0.00983	0.28271	0.02163	0.03576	0.01629	0.01814	0.01243	0.01128	0.05656	0.00279	0.00715	0.00579	0.15201	0.00937
37	0.79588	0.01406	0.01068	0.00956	0.01406	0.01631	0.00787	0.02137	0.01237	0.03261	0.01012	0.01181	0.00787	0.00675	0.00450	0.00225	0.00562	0.00394	0.00450	0.00787
38	0.79588	0.01406	0.01068	0.00956	0.01406	0.01631	0.00787	0.02137	0.01237	0.03261	0.01012	0.01181	0.00787	0.00675	0.00450	0.00225	0.00562	0.00394	0.00450	0.00787
39	0.01137	0.00813	0.01130	0.01286	0.01442	0.00806	0.01099	0.01452	0.01666	0.02183	0.07235	0.14301	0.04380	0.02007	0.00989	0.00325	0.00629	0.55781	0.00677	0.00663
40	0.01736	0.20750	0.36841	0.02246	0.13035	0.01963	0.05528	0.02325	0.01576	0.05665	0.01331	0.01555	0.01014	0.00674	0.00651	0.00210	0.00953	0.00544	0.00350	0.01055
41	0.01703	0.01922	0.04075	0.02944	0.03603	0.01879	0.60455	0.02268	0.01653	0.02268	0.01417	0.01922	0.01087	0.00681	0.01017	0.00253	0.08694	0.00835	0.00362	0.00961
42	0.00883	0.00643	0.00833	0.00985	0.01047	0.00593	0.00663	0.01015	0.01418	0.01866	0.04341	0.67300	0.11271	0.02234	0.00921	0.00290	0.00416	0.02013	0.00675	0.00593
43	0.16993	0.03529	0.05626	0.04266	0.01775	0.01239	0.01061	0.05721	0.01902	0.24964	0.22044	0.02948	0.02965	0.01001	0.00704	0.00225	0.00583	0.00810	0.00697	0.00949
44	0.01338	0.04654	0.01583	0.01441	0.04059	0.03277	0.01104	0.03531	0.01404	0.01983	0.07348	0.07206	0.02257	0.04950	0.28240	0.00622	0.16767	0.04170	0.03335	0.00732
45	0.01332	0.00775	0.00976	0.00945	0.01110	0.00717	0.00670	0.01531	0.01634	0.12105	0.22066	0.21982	0.08272	0.16653	0.01425	0.00341	0.00479	0.01343	0.04958	0.00687
46	0.01035	0.00695	0.00799	0.00821	0.00827	0.00690	0.00471	0.01051	0.01101	0.01467	0.02513	0.13745	0.02924	0.65082	0.03340	0.00652	0.00668	0.01188	0.00471	0.00460
47	0.20064	0.06741	0.01755	0.01304	0.01774	0.01848	0.01076	0.31633	0.07425	0.03646	0.05405	0.01964	0.01568	0.00849	0.00627	0.00212	0.00647	0.00627	0.09826	0.01009
48	0.01872	0.04437	0.02220	0.12099	0.11380	0.07604	0.01576	0.14649	0.01809	0.02440	0.01550	0.03469	0.03370	0.00994	0.01250	0.00250	0.24293	0.00682	0.03134	0.00924
49	0.13701	0.43327	0.03020	0.04467	0.02084	0.02471	0.03727	0.15257	0.01838	0.02548	0.01188	0.01348	0.00980	0.00684	0.00542	0.00186	0.00775	0.00472	0.00418	0.00968

[dist]
# distance from previous block
# <min> <max>
0	1

[block]
# block no. 9 follows, 28 sequences, length 52
# corresponding to MSA columns:
# 364-415
name=unknown_J
#
# <colnr> <probs for GDERKNQSTAVLIFYWHMCP>
#	G	D	E	R	K	N	Q	S	T	A	V	L	I	F	Y	W	H	M	C	P
0	0.01628	0.01888	0.06825	0.02657	0.03271	0.01763	0.48975	0.02152	0.01603	0.02229	0.01546	0.06276	0.01301	0.00796	0.01028	0.00250	0.10025	0.00869	0.00380	0.04538
1	0.02402	0.08817	0.02201	0.01946	0.07009	0.52043	0.01415	0.02608	0.01895	0.01825	0.01480	0.01682	0.04916	0.00831	0.00777	0.00199	0.06169	0.00548	0.00382	0.00856
