[name]
unknown

[dist]
# distance from previous block
# <min> <max>
4	133

[block]
# block no. 0 follows, 28 sequences, length 13
# corresponding to MSA columns:
# 180-192
name=unknown_A
#
# <colnr> <probs for GDERKNQSTAVLIFYWHMCP>
#	G	D	E	R	K	N	Q	S	T	A	V	L	I	F	Y	W	H	M	C	P
0	0.09800	0.11825	0.35713	0.05802	0.05878	0.01806	0.06022	0.05155	0.01633	0.06092	0.02981	0.01665	0.01136	0.00714	0.00659	0.00220	0.00924	0.00569	0.00392	0.01017
1	0.01613	0.01510	0.06643	0.08919	0.02210	0.03131	0.06977	0.16312	0.01898	0.02593	0.04810	0.17374	0.02259	0.05440	0.05211	0.00320	0.03964	0.01002	0.03527	0.04286
2	0.07931	0.03697	0.04944	0.05965	0.11658	0.01387	0.01281	0.09886	0.01799	0.09643	0.07119	0.15912	0.03747	0.01128	0.00808	0.00231	0.04052	0.00944	0.00565	0.07304
3	0.02163	0.05105	0.01894	0.01428	0.01907	0.04763	0.01165	0.27395	0.09278	0.07170	0.05936	0.02068	0.01675	0.00873	0.00790	0.00202	0.05659	0.00656	0.04883	0.14990
4	0.09585	0.00959	0.01132	0.05717	0.01435	0.01036	0.03670	0.05350	0.01560	0.02695	0.01980	0.02348	0.01562	0.00902	0.00720	0.03609	0.03374	0.00649	0.50986	0.00730
5	0.01611	0.01326	0.01517	0.07484	0.01972	0.01475	0.01106	0.02995	0.43417	0.04803	0.05431	0.13352	0.04457	0.01173	0.00764	0.00246	0.00572	0.01008	0.00685	0.04606
6	0.03206	0.01965	0.15742	0.09409	0.06277	0.01531	0.16623	0.04506	0.01619	0.04501	0.01486	0.04496	0.01205	0.00743	0.00797	0.00211	0.04841	0.00673	0.00407	0.19761
7	0.34154	0.07564	0.01668	0.01210	0.01713	0.01721	0.01008	0.19174	0.01964	0.12073	0.01760	0.04133	0.03383	0.00835	0.00593	0.00214	0.00637	0.00599	0.00582	0.05014
8	0.01011	0.00742	0.00947	0.00896	0.01075	0.00678	0.00672	0.01338	0.02016	0.02816	0.63075	0.05593	0.13382	0.01523	0.00858	0.00230	0.00346	0.01337	0.00787	0.00678
9	0.01372	0.00912	0.01246	0.14600	0.08862	0.00986	0.01012	0.01739	0.01488	0.02409	0.02021	0.02486	0.01617	0.01282	0.07957	0.00292	0.00678	0.00679	0.47614	0.00748
10	0.06210	0.02691	0.36389	0.08177	0.12508	0.01714	0.09947	0.02411	0.08530	0.02413	0.01487	0.01757	0.01106	0.00708	0.00708	0.00232	0.00972	0.00621	0.00376	0.01043
11	0.02662	0.03070	0.01942	0.01745	0.02131	0.59985	0.01319	0.02859	0.02038	0.08935	0.01676	0.01770	0.05109	0.00830	0.00675	0.00195	0.01183	0.00559	0.00447	0.00870
12	0.02562	0.01465	0.08762	0.01328	0.01863	0.01155	0.01184	0.08500	0.02135	0.43475	0.16583	0.02933	0.02720	0.00998	0.00753	0.00226	0.00624	0.00827	0.00802	0.01104

[dist]
# distance from previous block
# <min> <max>
18	80

[block]
# block no. 1 follows, 28 sequences, length 13
# corresponding to MSA columns:
# 284-296
name=unknown_B
#
# <colnr> <probs for GDERKNQSTAVLIFYWHMCP>
#	G	D	E	R	K	N	Q	S	T	A	V	L	I	F	Y	W	H	M	C	P
0	0.01029	0.00743	0.00972	0.00914	0.01086	0.00686	0.00686	0.01372	0.02058	0.02915	0.69536	0.05430	0.06859	0.01486	0.00857	0.00229	0.00343	0.01315	0.00800	0.00686
1	0.07320	0.08267	0.10347	0.06727	0.02202	0.02071	0.01628	0.01867	0.01231	0.01928	0.01076	0.01601	0.00978	0.01263	0.05053	0.00322	0.44365	0.00592	0.00330	0.00834
2	0.01646	0.05818	0.27026	0.07809	0.30329	0.01773	0.10774	0.02241	0.01599	0.02278	0.01337	0.01707	0.01042	0.00662	0.00716	0.00224	0.00988	0.00624	0.00337	0.01069
3	0.00897	0.00738	0.00789	0.00776	0.01005	0.00630	0.00582	0.01117	0.01747	0.02177	0.21303	0.06645	0.55552	0.01761	0.00859	0.00242	0.00363	0.01485	0.00703	0.00630
4	0.01762	0.01483	0.01584	0.01437	0.01815	0.01693	0.01109	0.07740	0.56317	0.03002	0.03002	0.11100	0.02461	0.01132	0.00761	0.00250	0.00572	0.00958	0.00731	0.01090
5	0.08474	0.02623	0.33339	0.08557	0.10505	0.01757	0.04419	0.13724	0.01877	0.05912	0.01441	0.01666	0.01042	0.00726	0.00691	0.00227	0.00934	0.00588	0.00430	0.01067
6	0.00897	0.00738	0.00789	0.00776	0.01005	0.00630	0.00582	0.01116	0.01746	0.02175	0.21144	0.06649	0.55713	0.01762	0.00859	0.00242	0.00363	0.01485	0.00703	0.00630
7	0.00979	0.00725	0.00913	0.00899	0.01064	0.00660	0.00662	0.01263	0.01891	0.02598	0.49350	0.15893	0.17088	0.01663	0.00868	0.00241	0.00359	0.01463	0.00761	0.00660
8	0.01336	0.01251	0.02053	0.60300	0.08212	0.01503	0.01857	0.01782	0.01489	0.01899	0.02016	0.02530	0.09122	0.00854	0.00742	0.00241	0.00892	0.00751	0.00367	0.00804
9	0.17872	0.01729	0.09836	0.01397	0.01994	0.01501	0.01266	0.14733	0.05107	0.34168	0.02119	0.01987	0.01413	0.00830	0.00671	0.00225	0.00692	0.00632	0.00703	0.01125
10	0.14757	0.18347	0.36618	0.01990	0.10498	0.01937	0.02003	0.02239	0.01487	0.02346	0.01200	0.01428	0.00928	0.00668	0.00606	0.00212	0.00900	0.00494	0.00338	0.01005
11	0.02353	0.15404	0.02166	0.01558	0.01968	0.41375	0.01236	0.09154	0.02018	0.02169	0.01555	0.01714	0.03738	0.00793	0.00620	0.00185	0.01015	0.00539	0.09569	0.00870
12	0.24321	0.34100	0.06531	0.01223	0.01788	0.02121	0.01159	0.06369	0.01622	0.08630	0.05170	0.01591	0.01327	0.00732	0.00538	0.00194	0.00695	0.00500	0.00458	0.00932

[dist]
# distance from previous block
# <min> <max>
0	1

[block]
# block no. 2 follows, 28 sequences, length 14
# corresponding to MSA columns:
# 298-311
name=unknown_C
#
# <colnr> <probs for GDERKNQSTAVLIFYWHMCP>
#	G	D	E	R	K	N	Q	S	T	A	V	L	I	F	Y	W	H	M	C	P
0	0.04849	0.00969	0.01145	0.01100	0.01313	0.00980	0.00820	0.10433	0.04895	0.05360	0.18924	0.28394	0.06633	0.06413	0.01029	0.00288	0.00504	0.04497	0.00698	0.00756
1	0.04634	0.03130	0.01052	0.00916	0.01177	0.00855	0.00702	0.01487	0.06008	0.02493	0.31605	0.08572	0.27026	0.01493	0.00804	0.00229	0.00405	0.01271	0.00694	0.05448
2	0.02746	0.01897	0.02082	0.01592	0.02175	0.02037	0.01313	0.55982	0.03144	0.12195	0.01850	0.01817	0.01293	0.00855	0.00716	0.00212	0.00763	0.00650	0.00729	0.05952
3	0.01136	0.00820	0.01121	0.01254	0.01427	0.00806	0.01079	0.01461	0.01714	0.02241	0.11140	0.07823	0.08758	0.01941	0.00979	0.00317	0.00615	0.54019	0.00684	0.00667
4	0.01458	0.03760	0.70688	0.02072	0.03146	0.01688	0.02686	0.02302	0.01535	0.02302	0.01304	0.01535	0.00921	0.00691	0.00691	0.00230	0.01074	0.00537	0.00307	0.01074
5	0.01551	0.15368	0.56270	0.01987	0.02969	0.01891	0.05772	0.02283	0.01535	0.02206	0.01265	0.01496	0.00932	0.00675	0.00662	0.00219	0.01033	0.00529	0.00311	0.01046
6	0.01483	0.01481	0.02749	0.45329	0.10647	0.01643	0.18975	0.01982	0.01538	0.02029	0.01452	0.04769	0.01172	0.00751	0.00768	0.00243	0.01004	0.00757	0.00352	0.00876
7	0.00886	0.00633	0.00843	0.01012	0.01054	0.00590	0.00675	0.01012	0.01392	0.01856	0.04006	0.73979	0.04808	0.02277	0.00928	0.00295	0.00422	0.02066	0.00675	0.00590
8	0.05856	0.13220	0.57810	0.01898	0.02877	0.01845	0.02386	0.02276	0.01510	0.02275	0.01249	0.01465	0.00915	0.00680	0.00647	0.00220	0.01006	0.00509	0.00315	0.01039
9	0.02156	0.05550	0.07164	0.02649	0.25750	0.17962	0.01721	0.15803	0.06478	0.02682	0.01696	0.01882	0.03718	0.00786	0.00700	0.00211	0.00927	0.00633	0.00469	0.01062
10	0.04875	0.01113	0.03592	0.01233	0.01522	0.01030	0.00983	0.11075	0.01849	0.16345	0.03225	0.36428	0.03326	0.01649	0.00840	0.00269	0.00571	0.08522	0.00706	0.00847
11	0.40812	0.10168	0.03873	0.03999	0.01876	0.01924	0.01107	0.20714	0.01912	0.03355	0.01283	0.01428	0.00977	0.00733	0.00551	0.00214	0.00679	0.00490	0.02969	0.00938
12	0.01028	0.00713	0.00889	0.00904	0.00954	0.00724	0.00585	0.01133	0.01242	0.01700	0.10587	0.13560	0.03287	0.43728	0.15237	0.00677	0.00848	0.01170	0.00505	0.00527
13	0.06473	0.04572	0.16805	0.19614	0.02925	0.05759	0.06272	0.05355	0.01687	0.02362	0.08184	0.02678	0.01879	0.01035	0.02676	0.00261	0.00906	0.06400	0.03285	0.00871

[dist]
# distance from previous block
# <min> <max>
0	1

[block]
# block no. 3 follows, 28 sequences, length 64
# corresponding to MSA columns:
# 313-376
name=unknown_D
#
# <colnr> <probs for GDERKNQSTAVLIFYWHMCP>
#	G	D	E	R	K	N	Q	S	T	A	V	L	I	F	Y	W	H	M	C	P
0	0.01016	0.00708	0.00895	0.00931	0.00971	0.00730	0.00604	0.01106	0.01155	0.01571	0.02568	0.18853	0.02897	0.42437	0.19677	0.00732	0.00948	0.01201	0.00477	0.00523
1	0.02142	0.11603	0.24513	0.06032	0.02658	0.33600	0.01836	0.05602	0.01851	0.02077	0.01208	0.01424	0.00947	0.00720	0.00653	0.00202	0.01128	0.00501	0.00359	0.00945
2	0.01872	0.06369	0.18691	0.01501	0.02198	0.01630	0.01476	0.22026	0.02134	0.03028	0.06043	0.01833	0.01471	0.00747	0.00651	0.00182	0.00750	0.00583	0.00509	0.26307
3	0.01539	0.13876	0.58745	0.02037	0.05294	0.01860	0.02463	0.02282	0.01531	0.02220	0.01265	0.01491	0.00931	0.00679	0.00660	0.00219	0.01024	0.00520	0.00309	0.01057
4	0.00942	0.00740	0.00851	0.00823	0.01032	0.00649	0.00617	0.01203	0.01851	0.02426	0.37556	0.06235	0.39144	0.01669	0.00858	0.00237	0.00356	0.01428	0.00736	0.00649
5	0.01027	0.00737	0.00935	0.00889	0.01037	0.00686	0.00643	0.01311	0.01890	0.02649	0.56929	0.05387	0.08598	0.12619	0.01291	0.00302	0.00399	0.01284	0.00741	0.00646
6	0.01615	0.30346	0.41413	0.01692	0.02543	0.02076	0.02025	0.02200	0.01544	0.02115	0.05217	0.01626	0.01275	0.00712	0.00616	0.00202	0.00919	0.00527	0.00338	0.00998
7	0.06361	0.01822	0.02526	0.08294	0.47251	0.10399	0.01939	0.02223	0.01669	0.02300	0.01521	0.02253	0.01347	0.00782	0.00720	0.00225	0.00893	0.06057	0.00391	0.01027
8	0.01029	0.00743	0.00972	0.00914	0.01086	0.00686	0.00686	0.01372	0.02058	0.02915	0.69536	0.05430	0.06859	0.01486	0.00857	0.00229	0.00343	0.01315	0.00800	0.00686
9	0.00886	0.00633	0.00843	0.01012	0.01054	0.00590	0.00675	0.01012	0.01392	0.01856	0.04006	0.73979	0.04808	0.02277	0.00928	0.00295	0.00422	0.02066	0.00675	0.00590
10	0.01799	0.01727	0.02950	0.04462	0.69919	0.01727	0.02231	0.02231	0.01655	0.02375	0.01367	0.01799	0.01151	0.00648	0.00720	0.00216	0.00864	0.00648	0.00360	0.01151
11	0.01450	0.01416	0.02173	0.68649	0.04848	0.05620	0.01984	0.01917	0.01488	0.01853	0.01282	0.01902	0.00967	0.00728	0.00723	0.00239	0.00989	0.00636	0.00326	0.00810
12	0.01355	0.00678	0.00678	0.00678	0.00847	0.00678	0.00508	0.01694	0.01524	0.02710	0.02371	0.02710	0.01863	0.00847	0.00508	0.00169	0.00339	0.00678	0.78489	0.00678
13	0.01156	0.00782	0.00874	0.00844	0.00878	0.00795	0.00495	0.04925	0.01195	0.01594	0.02259	0.04582	0.02561	0.70170	0.03527	0.00676	0.00710	0.01034	0.00457	0.00487
14	0.01775	0.01695	0.02850	0.08309	0.63265	0.01724	0.02173	0.02278	0.04473	0.02373	0.01430	0.01846	0.01186	0.00667	0.00721	0.00219	0.00858	0.00655	0.00374	0.01131
15	0.01040	0.00750	0.00988	0.00952	0.01113	0.00710	0.00720	0.01362	0.01934	0.02724	0.58047	0.05438	0.06190	0.05182	0.05052	0.00312	0.00474	0.05590	0.00751	0.00671
16	0.01520	0.01303	0.01513	0.01094	0.01730	0.01005	0.00874	0.01917	0.04362	0.02397	0.01363	0.01559	0.01125	0.00557	0.00547	0.00114	0.00540	0.00447	0.00444	0.75589
17	0.01521	0.01482	0.02166	0.08395	0.02184	0.01991	0.04314	0.01737	0.01197	0.01819	0.01215	0.04775	0.01182	0.01353	0.04213	0.00329	0.55662	0.00713	0.02967	0.00787
18	0.00886	0.00633	0.00843	0.01012	0.01054	0.00590	0.00675	0.01012	0.01392	0.01856	0.04006	0.73979	0.04808	0.02277	0.00928	0.00295	0.00422	0.02066	0.00675	0.00590
19	0.03261	0.01237	0.01687	0.01293	0.01856	0.01068	0.01068	0.03543	0.02081	0.70423	0.02868	0.02474	0.01799	0.00900	0.00731	0.00225	0.00619	0.00731	0.00900	0.01237
20	0.01021	0.00752	0.01020	0.03677	0.05208	0.00739	0.00778	0.01155	0.01334	0.01782	0.03272	0.44158	0.03822	0.22076	0.01680	0.00404	0.00560	0.05389	0.00579	0.00594
21	0.09607	0.01304	0.02063	0.65153	0.04627	0.01617	0.01889	0.01887	0.01431	0.02005	0.01263	0.01858	0.00950	0.00721	0.00698	0.00240	0.00926	0.00619	0.00336	0.00805
22	0.01147	0.00731	0.00850	0.00827	0.00870	0.00718	0.00494	0.01197	0.01211	0.04497	0.09715	0.04734	0.03071	0.63310	0.03261	0.00632	0.00661	0.01072	0.00499	0.00501
23	0.01049	0.00701	0.00795	0.00803	0.00805	0.00699	0.00452	0.01055	0.01073	0.01431	0.02373	0.08074	0.02746	0.70995	0.03567	0.00685	0.00691	0.01105	0.00452	0.00448
24	0.02588	0.15560	0.02374	0.01742	0.02183	0.51783	0.01374	0.10207	0.02116	0.02089	0.01176	0.01336	0.00970	0.00741	0.00631	0.00185	0.01161	0.00476	0.00404	0.00903
25	0.01263	0.00631	0.00947	0.00947	0.00947	0.00631	0.00631	0.00947	0.00947	0.01263	0.01263	0.02210	0.01263	0.02525	0.02841	0.78851	0.00631	0.00631	0.00316	0.00316
26	0.00990	0.00713	0.00936	0.00941	0.01077	0.00660	0.00683	0.01273	0.01875	0.02624	0.51560	0.24235	0.06296	0.01703	0.00877	0.00247	0.00365	0.01521	0.00766	0.00660
27	0.01783	0.01711	0.02921	0.07051	0.67456	0.01723	0.02223	0.02217	0.01648	0.02355	0.01364	0.01804	0.01144	0.00651	0.00720	0.00217	0.00868	0.00648	0.00358	0.01138
28	0.01414	0.05623	0.03540	0.01282	0.01547	0.01196	0.03044	0.13406	0.05342	0.02452	0.03242	0.37422	0.05606	0.03977	0.00936	0.00282	0.00596	0.07668	0.00637	0.00788
29	0.01659	0.01545	0.02553	0.35574	0.36298	0.01706	0.02085	0.05798	0.01664	0.02264	0.01354	0.01860	0.01073	0.00697	0.00723	0.00228	0.00908	0.00647	0.00364	0.00999
30	0.01819	0.29934	0.26437	0.02028	0.11407	0.08454	0.01881	0.02391	0.05481	0.02086	0.01283	0.01480	0.01033	0.00682	0.00610	0.00197	0.00927	0.00507	0.00347	0.01015
31	0.72675	0.01563	0.05207	0.01043	0.01534	0.01653	0.00917	0.04108	0.01320	0.03244	0.01051	0.01219	0.00809	0.00682	0.00472	0.00225	0.00600	0.00410	0.00450	0.00818
32	0.03618	0.00813	0.00925	0.00891	0.00954	0.00848	0.00559	0.05035	0.01214	0.01685	0.02180	0.04257	0.02410	0.60167	0.10932	0.00712	0.00843	0.00982	0.00452	0.00521
33	0.01965	0.05733	0.01948	0.13633	0.02376	0.01691	0.04345	0.28921	0.02272	0.03178	0.01772	0.02066	0.01357	0.01182	0.06350	0.00285	0.00834	0.00662	0.18473	0.00957
34	0.01511	0.01452	0.02021	0.01762	0.01779	0.01994	0.01453	0.01682	0.01152	0.01798	0.01248	0.05972	0.01266	0.01512	0.05527	0.00350	0.62000	0.00729	0.04021	0.00771
35	0.01767	0.01536	0.01694	0.08191	0.02184	0.01790	0.01232	0.03674	0.62278	0.02929	0.02802	0.02639	0.02101	0.00962	0.00738	0.00246	0.00612	0.00805	0.00700	0.01118
36	0.01739	0.01428	0.01544	0.01388	0.01768	0.01615	0.01078	0.03478	0.56385	0.05270	0.12961	0.03113	0.02902	0.01058	0.00757	0.00243	0.00542	0.00893	0.00754	0.01084
37	0.15778	0.02394	0.21264	0.04422	0.11010	0.08945	0.11774	0.04488	0.01692	0.09485	0.01441	0.01662	0.01057	0.00705	0.00680	0.00225	0.00946	0.00594	0.00430	0.01008
38	0.01583	0.01331	0.01414	0.01275	0.01637	0.01466	0.00990	0.06762	0.43751	0.02891	0.10682	0.03841	0.16886	0.01212	0.00776	0.00243	0.00521	0.01013	0.00731	0.00994
39	0.01055	0.00761	0.01080	0.01080	0.01188	0.00862	0.00808	0.01271	0.01163	0.01681	0.02027	0.03191	0.01968	0.17656	0.56368	0.01043	0.01656	0.00825	0.03705	0.00613
40	0.02615	0.03279	0.02011	0.01830	0.02200	0.65520	0.01376	0.02912	0.05847	0.01849	0.01252	0.01435	0.01035	0.00897	0.02690	0.00219	0.01287	0.00497	0.00396	0.00855
41	0.01777	0.01475	0.01580	0.01434	0.01829	0.01679	0.01124	0.03598	0.59856	0.05059	0.03193	0.03200	0.05168	0.01078	0.00760	0.00251	0.00573	0.04527	0.00738	0.01103
42	0.01160	0.00829	0.01156	0.01305	0.01473	0.00825	0.01133	0.01496	0.01703	0.02233	0.08993	0.07983	0.04393	0.01967	0.00993	0.00326	0.00644	0.60037	0.00680	0.00671
43	0.00878	0.00664	0.00811	0.00929	0.01032	0.00597	0.00638	0.01022	0.01472	0.01888	0.05021	0.53737	0.24396	0.02145	0.00907	0.00280	0.00406	0.01906	0.00675	0.00597
44	0.01674	0.01404	0.01505	0.03774	0.01724	0.09399	0.01079	0.16390	0.03952	0.02452	0.01853	0.02435	0.01595	0.05125	0.36459	0.00705	0.01403	0.00713	0.05541	0.00820
45	0.00931	0.00739	0.00843	0.00866	0.01068	0.00651	0.00660	0.01159	0.01717	0.02173	0.19487	0.13044	0.43390	0.01827	0.00881	0.00257	0.00401	0.08573	0.00700	0.00633
46	0.06919	0.01245	0.01657	0.01277	0.01834	0.01095	0.01055	0.03475	0.02040	0.67204	0.02779	0.02412	0.01751	0.00889	0.00718	0.00225	0.00616	0.00715	0.00878	0.01216
47	0.65338	0.01374	0.01184	0.01019	0.01490	0.01526	0.00840	0.02399	0.01395	0.15801	0.01359	0.01422	0.00976	0.00717	0.00502	0.00225	0.00573	0.00457	0.00534	0.00871
48	0.06076	0.13869	0.57001	0.01888	0.02860	0.01856	0.02367	0.02274	0.01509	0.02273	0.01245	0.01461	0.00915	0.00680	0.00644	0.00219	0.01002	0.00507	0.00316	0.01037
49	0.02952	0.01263	0.01637	0.01285	0.01804	0.01161	0.01051	0.07125	0.07179	0.55801	0.04867	0.02555	0.01960	0.00920	0.00724	0.00223	0.00602	0.00749	0.04958	0.01184
50	0.01748	0.01713	0.02736	0.19582	0.52176	0.05048	0.02144	0.02180	0.01630	0.02231	0.01339	0.01807	0.01100	0.00670	0.00718	0.00220	0.00909	0.00639	0.00352	0.01060
51	0.01625	0.13405	0.52244	0.02127	0.07985	0.05998	0.02376	0.02315	0.01567	0.02195	0.01258	0.01491	0.00941	0.00681	0.00660	0.00216	0.01031	0.00521	0.00316	0.01047
52	0.01087	0.00768	0.00921	0.00933	0.00962	0.00797	0.00590	0.02866	0.01206	0.01625	0.02613	0.21046	0.03020	0.49802	0.04755	0.00588	0.04144	0.01260	0.00497	0.00520
53	0.33391	0.10815	0.08282	0.12742	0.10087	0.01825	0.03145	0.05911	0.01535	0.04506	0.01226	0.01486	0.00948	0.00690	0.00581	0.00219	0.00765	0.00510	0.00415	0.00919
54	0.00979	0.00689	0.00932	0.01065	0.01148	0.00655	0.00778	0.01157	0.01515	0.02030	0.12083	0.48639	0.04785	0.02132	0.01016	0.03621	0.00472	0.15021	0.00674	0.00607
55	0.01006	0.00739	0.00943	0.00899	0.01074	0.00675	0.00671	0.01325	0.01994	0.02780	0.60857	0.07779	0.13448	0.01549	0.00860	0.00233	0.00348	0.01362	0.00783	0.00675
56	0.01716	0.33596	0.32022	0.02085	0.12779	0.02198	0.02005	0.02238	0.01529	0.02062	0.01189	0.01419	0.00961	0.00655	0.00600	0.00196	0.00916	0.00491	0.00317	0.01026
57	0.01692	0.11558	0.29593	0.10603	0.23941	0.01873	0.02214	0.06059	0.01667	0.02336	0.01312	0.01629	0.01018	0.00684	0.00678	0.00217	0.00944	0.00572	0.00350	0.01060
58	0.00886	0.00633	0.00843	0.01012	0.01054	0.00590	0.00675	0.01012	0.01392	0.01856	0.04006	0.73979	0.04808	0.02277	0.00928	0.00295	0.00422	0.02066	0.00675	0.00590
59	0.01140	0.00847	0.03206	0.01007	0.01203	0.00723	0.00785	0.01442	0.01867	0.06469	0.44446	0.20337	0.07785	0.01634	0.00866	0.00248	0.00414	0.04121	0.00753	0.00706
60	0.07011	0.05055	0.49895	0.04474	0.10934	0.01720	0.02357	0.04337	0.01597	0.04192	0.01338	0.01576	0.00974	0.00695	0.00675	0.00226	0.00982	0.00549	0.00352	0.01061
61	0.01472	0.03673	0.67805	0.02174	0.05987	0.01690	0.02666	0.02299	0.01540	0.02305	0.01307	0.01546	0.00931	0.00689	0.00692	0.00230	0.01065	0.00542	0.00309	0.01078
62	0.01171	0.00837	0.01171	0.01339	0.01506	0.00837	0.01171	0.01506	0.01673	0.02175	0.03849	0.08199	0.04183	0.02008	0.01004	0.00335	0.00669	0.65027	0.00669	0.00669
63	0.07480	0.15926	0.43675	0.01978	0.08386	0.01842	0.02131	0.02208	0.01542	0.02311	0.05144	0.01688	0.01273	0.00719	0.00644	0.00215	0.00922	0.00554	0.00351	0.01012

[dist]
# distance from previous block
# <min> <max>
0	3

[block]
# block no. 4 follows, 28 sequences, length 75
# corresponding to MSA columns:
# 380-454
name=unknown_E
#
# <colnr> <probs for GDERKNQSTAVLIFYWHMCP>
#	G	D	E	R	K	N	Q	S	T	A	V	L	I	F	Y	W	H	M	C	P
0	0.01661	0.02197	0.20243	0.21682	0.26724	0.04394	0.02164	0.05898	0.01687	0.02310	0.01514	0.01893	0.02992	0.00731	0.00716	0.00227	0.00946	0.00637	0.00367	0.01017
1	0.02226	0.02178	0.01883	0.01848	0.09461	0.26992	0.01293	0.18581	0.02155	0.02662	0.01585	0.01925	0.01297	0.04210	0.04915	0.00277	0.02881	0.00613	0.12095	0.00921
2	0.18883	0.01743	0.01809	0.01435	0.01954	0.01915	0.01177	0.43999	0.02714	0.09432	0.01788	0.04516	0.01344	0.00887	0.00670	0.00222	0.00707	0.00661	0.03043	0.01100
3	0.01267	0.00684	0.00713	0.00719	0.00887	0.00668	0.00534	0.01582	0.01566	0.02620	0.07818	0.07334	0.07469	0.01051	0.00584	0.00187	0.00346	0.00869	0.62433	0.00668
4	0.01691	0.11997	0.24683	0.07430	0.10407	0.05224	0.21499	0.02269	0.01613	0.02186	0.01312	0.01659	0.01010	0.00654	0.00710	0.00218	0.01045	0.00626	0.00339	0.03425
5	0.01729	0.01634	0.02768	0.06739	0.61586	0.01646	0.02131	0.02154	0.01649	0.02338	0.01579	0.02357	0.01407	0.00768	0.00744	0.00227	0.00851	0.06210	0.00385	0.01097
6	0.02081	0.55423	0.03284	0.01370	0.01920	0.18752	0.01254	0.02302	0.01619	0.01736	0.01282	0.01425	0.03585	0.00699	0.00526	0.00166	0.00886	0.00451	0.00340	0.00900
7	0.00901	0.00721	0.00807	0.00822	0.01017	0.00626	0.00602	0.01112	0.01703	0.02159	0.20743	0.17636	0.44926	0.01833	0.00870	0.00250	0.00371	0.01572	0.00703	0.00626
8	0.01738	0.01694	0.02726	0.14005	0.55557	0.04294	0.02108	0.02159	0.01642	0.02263	0.01567	0.01991	0.03621	0.00706	0.00723	0.00220	0.00877	0.00673	0.00367	0.01071
9	0.01808	0.01561	0.01644	0.01479	0.01890	0.01808	0.01151	0.03863	0.68606	0.03041	0.02959	0.02712	0.02219	0.00986	0.00740	0.00247	0.00575	0.00822	0.00740	0.01151
10	0.01266	0.00633	0.00936	0.00936	0.00943	0.00633	0.00626	0.00978	0.00971	0.01323	0.01309	0.02230	0.01288	0.02456	0.02744	0.75584	0.00619	0.00633	0.03562	0.00331
11	0.02085	0.01640	0.01756	0.01508	0.01963	0.01858	0.01193	0.16853	0.51548	0.07135	0.02705	0.02501	0.01994	0.00958	0.00737	0.00240	0.00624	0.00783	0.00746	0.01173
12	0.00859	0.00736	0.00736	0.00736	0.00982	0.00614	0.00552	0.01043	0.01657	0.01964	0.07364	0.06996	0.69624	0.01841	0.00859	0.00245	0.00368	0.01534	0.00675	0.00614
13	0.00886	0.00633	0.00843	0.01012	0.01054	0.00590	0.00675	0.01012	0.01392	0.01856	0.04006	0.73979	0.04808	0.02277	0.00928	0.00295	0.00422	0.02066	0.00675	0.00590
14	0.00885	0.00704	0.00795	0.00844	0.01016	0.00614	0.00605	0.01067	0.01613	0.02027	0.12705	0.28387	0.42285	0.01945	0.00881	0.00260	0.00383	0.01683	0.00688	0.00614
15	0.02584	0.01947	0.02178	0.01696	0.02253	0.02145	0.03839	0.57468	0.08153	0.04278	0.01915	0.02101	0.01430	0.00920	0.00745	0.00226	0.00794	0.03419	0.00712	0.01196
16	0.01412	0.01370	0.02208	0.01841	0.02022	0.01633	0.14288	0.01686	0.01421	0.02049	0.10582	0.14098	0.02496	0.01360	0.01597	0.00289	0.34980	0.03426	0.00461	0.00780
17	0.01042	0.00765	0.01096	0.01096	0.01201	0.00870	0.00819	0.01252	0.01147	0.01634	0.02013	0.03219	0.01975	0.18646	0.58595	0.01080	0.01709	0.00832	0.00399	0.00609
18	0.79588	0.01406	0.01068	0.00956	0.01406	0.01631	0.00787	0.02137	0.01237	0.03261	0.01012	0.01181	0.00787	0.00675	0.00450	0.00225	0.00562	0.00394	0.00450	0.00787
19	0.02066	0.02232	0.02692	0.03709	0.50240	0.22028	0.01991	0.02426	0.01773	0.02202	0.01296	0.01657	0.01089	0.00677	0.00701	0.00208	0.00994	0.00595	0.00364	0.01062
20	0.10809	0.01352	0.01686	0.01306	0.01860	0.01269	0.01079	0.11224	0.02160	0.55675	0.02545	0.02256	0.01630	0.00874	0.00703	0.00224	0.00635	0.00688	0.00834	0.01192
21	0.01747	0.01669	0.02819	0.12763	0.60020	0.01716	0.02174	0.02231	0.03523	0.02330	0.01403	0.01842	0.01159	0.00667	0.00721	0.00220	0.00868	0.00652	0.00366	0.01109
22	0.01187	0.00988	0.01525	0.02120	0.22945	0.00961	0.01188	0.01418	0.01486	0.02033	0.03162	0.48534	0.03622	0.01749	0.00865	0.00272	0.00572	0.04027	0.00575	0.00772
23	0.00987	0.00831	0.00867	0.00842	0.01097	0.00758	0.00636	0.01403	0.09313	0.02199	0.14239	0.06323	0.54518	0.01702	0.00845	0.00244	0.00389	0.01427	0.00697	0.00683
24	0.61472	0.01554	0.01331	0.01125	0.01606	0.01778	0.00927	0.17549	0.01751	0.03573	0.01185	0.01314	0.00893	0.00721	0.00515	0.00223	0.00618	0.00455	0.00515	0.00893
25	0.01673	0.01947	0.12883	0.10373	0.51217	0.01667	0.02218	0.02159	0.01608	0.02295	0.01453	0.04573	0.01242	0.00725	0.00724	0.00224	0.00888	0.00686	0.00361	0.01086
26	0.12991	0.01312	0.01615	0.01276	0.01799	0.01245	0.01053	0.09971	0.02099	0.50048	0.05111	0.02517	0.01876	0.00924	0.00707	0.00228	0.00621	0.02655	0.00812	0.01140
27	0.00886	0.00633	0.00843	0.01012	0.01054	0.00590	0.00675	0.01012	0.01392	0.01856	0.04006	0.73979	0.04808	0.02277	0.00928	0.00295	0.00422	0.02066	0.00675	0.00590
28	0.01143	0.01021	0.06175	0.01161	0.01338	0.00859	0.00908	0.07766	0.01599	0.02150	0.03461	0.53160	0.03988	0.06653	0.01073	0.00311	0.00540	0.05371	0.00637	0.00686
29	0.01447	0.00907	0.01134	0.01056	0.01295	0.00873	0.00811	0.01912	0.08999	0.12659	0.32730	0.07196	0.09101	0.08486	0.01118	0.00290	0.00483	0.07971	0.00747	0.00784
30	0.01048	0.00714	0.00855	0.00861	0.00884	0.00733	0.00524	0.01094	0.01087	0.01471	0.02299	0.07035	0.02591	0.60686	0.14490	0.00764	0.00894	0.01050	0.00441	0.00480
31	0.01533	0.03661	0.66745	0.02049	0.03095	0.01721	0.02611	0.06054	0.01643	0.02433	0.01330	0.01547	0.00939	0.00701	0.00693	0.00230	0.01058	0.00544	0.00331	0.01084
32	0.02062	0.02524	0.08538	0.03124	0.28834	0.25143	0.14641	0.02481	0.01793	0.02160	0.01300	0.01645	0.01051	0.00678	0.00723	0.00213	0.01101	0.00619	0.00362	0.01008
33	0.01116	0.00797	0.01108	0.01275	0.01418	0.00789	0.01075	0.01410	0.01619	0.02113	0.03879	0.20991	0.04305	0.02060	0.00989	0.00327	0.00621	0.52783	0.00670	0.00654
34	0.01633	0.01561	0.02723	0.26554	0.41207	0.01658	0.06924	0.02068	0.01567	0.02161	0.01346	0.01872	0.01092	0.00741	0.00811	0.03161	0.00916	0.00662	0.00347	0.00995
35	0.01683	0.01731	0.06598	0.14914	0.50379	0.01670	0.02121	0.02208	0.04332	0.02336	0.04027	0.01982	0.01371	0.00708	0.00725	0.00223	0.00861	0.00674	0.00383	0.01074
36	0.01788	0.03063	0.01386	0.01156	0.01454	0.01331	0.00894	0.26692	0.02167	0.03091	0.02359	0.14823	0.02187	0.08745	0.03016	0.00293	0.00624	0.00943	0.23131	0.00858
37	0.75206	0.01538	0.04974	0.01019	0.01503	0.01634	0.00894	0.02146	0.01254	0.03208	0.01029	0.01201	0.00795	0.00676	0.00463	0.00225	0.00591	0.00402	0.00442	0.00803
38	0.01164	0.00717	0.00861	0.00856	0.00970	0.00745	0.00609	0.01391	0.01351	0.02110	0.08043	0.03539	0.02495	0.22088	0.19781	0.00578	0.00854	0.00862	0.30380	0.00606
39	0.01458	0.03760	0.70688	0.02072	0.03146	0.01688	0.02686	0.02302	0.01535	0.02302	0.01304	0.01535	0.00921	0.00691	0.00691	0.00230	0.01074	0.00537	0.00307	0.01074
40	0.01469	0.01250	0.01461	0.01085	0.01677	0.00967	0.00856	0.01834	0.03691	0.02351	0.01555	0.07104	0.01400	0.00686	0.00575	0.00127	0.00531	0.00569	0.00459	0.70352
41	0.01943	0.74891	0.03809	0.01244	0.01866	0.02876	0.01244	0.02177	0.01477	0.01710	0.01011	0.01166	0.00933	0.00622	0.00466	0.00155	0.00777	0.00389	0.00311	0.00933
42	0.10079	0.01409	0.08103	0.01285	0.01764	0.01164	0.01120	0.04355	0.06609	0.34874	0.07728	0.13621	0.02480	0.01122	0.00740	0.00238	0.00607	0.00935	0.00739	0.01028
43	0.01663	0.01258	0.04658	0.15444	0.08862	0.01186	0.03854	0.02153	0.05661	0.15016	0.25046	0.03475	0.06508	0.01070	0.00782	0.00232	0.00646	0.00944	0.00636	0.00907
44	0.02679	0.01415	0.01649	0.01315	0.01795	0.05168	0.01065	0.15306	0.02315	0.40330	0.13469	0.02928	0.05194	0.01018	0.00752	0.00223	0.00638	0.00828	0.00812	0.01101
45	0.01040	0.00773	0.01140	0.01140	0.01260	0.00893	0.00873	0.01280	0.01160	0.01667	0.01973	0.02999	0.01879	0.10646	0.66464	0.01133	0.01854	0.00800	0.00393	0.00633
46	0.01808	0.03626	0.02353	0.22428	0.26362	0.08986	0.01815	0.07187	0.08443	0.02368	0.01672	0.02305	0.01397	0.00825	0.00731	0.00230	0.00890	0.05146	0.00437	0.00990
47	0.01374	0.01021	0.01195	0.01211	0.04017	0.01019	0.00893	0.02043	0.18538	0.07384	0.06575	0.09636	0.28468	0.01575	0.00920	0.03608	0.00507	0.08522	0.00683	0.00811
48	0.01066	0.00772	0.01041	0.01171	0.01315	0.00746	0.00956	0.01342	0.01651	0.02169	0.11553	0.22955	0.09522	0.01999	0.00959	0.00307	0.00553	0.38589	0.00686	0.00649
49	0.00894	0.00708	0.00805	0.00843	0.01019	0.00619	0.00609	0.01088	0.01648	0.02089	0.16601	0.25553	0.41141	0.01905	0.00878	0.00257	0.00379	0.01648	0.00695	0.00619
50	0.05442	0.01423	0.01968	0.39075	0.03486	0.01717	0.01618	0.14685	0.04330	0.02570	0.01500	0.01933	0.01143	0.00826	0.00853	0.00237	0.07800	0.00644	0.07861	0.00889
51	0.02513	0.01575	0.01799	0.01429	0.01903	0.01651	0.01152	0.39063	0.02723	0.19310	0.07309	0.07716	0.02134	0.05157	0.00919	0.00254	0.00690	0.00849	0.00753	0.01102
52	0.00886	0.00633	0.00843	0.01012	0.01054	0.00590	0.00675	0.01012	0.01392	0.01856	0.04006	0.73979	0.04808	0.02277	0.00928	0.00295	0.00422	0.02066	0.00675	0.00590
53	0.01426	0.00759	0.00780	0.00751	0.00943	0.00776	0.00572	0.05468	0.01621	0.02784	0.02321	0.02659	0.01826	0.01002	0.02889	0.00205	0.00419	0.00680	0.71411	0.00709
54	0.02371	0.02349	0.01857	0.01590	0.01998	0.34924	0.03989	0.12257	0.02145	0.10627	0.02536	0.02633	0.12679	0.03823	0.00836	0.00229	0.00964	0.00746	0.00544	0.00902
55	0.06815	0.01281	0.01651	0.01279	0.01821	0.01167	0.01054	0.08137	0.02115	0.59423	0.02674	0.02368	0.01712	0.00885	0.00708	0.00222	0.00617	0.00707	0.04174	0.01192
56	0.61742	0.06740	0.06936	0.04202	0.01818	0.01729	0.03503	0.02148	0.01304	0.02982	0.01064	0.01269	0.00827	0.00672	0.00497	0.00222	0.00660	0.00433	0.00420	0.00828
57	0.01684	0.01608	0.02721	0.16470	0.55488	0.01661	0.02123	0.02115	0.01619	0.02265	0.01603	0.02040	0.03962	0.00711	0.00727	0.00222	0.00862	0.00684	0.00366	0.01068
58	0.39627	0.01358	0.01375	0.01122	0.01620	0.01405	0.00922	0.07494	0.01721	0.26562	0.01783	0.01754	0.01233	0.00767	0.00576	0.00215	0.00589	0.00544	0.03866	0.05468
59	0.01848	0.60905	0.16959	0.01407	0.02117	0.02643	0.01527	0.02201	0.01488	0.01827	0.01068	0.01239	0.00930	0.00635	0.00510	0.00170	0.00836	0.00418	0.00310	0.00961
60	0.00884	0.00709	0.00790	0.00829	0.01012	0.00615	0.00599	0.01069	0.01628	0.02035	0.12990	0.24813	0.45635	0.01921	0.00877	0.00257	0.00380	0.01654	0.00688	0.00615
61	0.03261	0.01237	0.01687	0.01293	0.01856	0.01068	0.01068	0.03543	0.02081	0.70423	0.02868	0.02474	0.01799	0.00900	0.00731	0.00225	0.00619	0.00731	0.00900	0.01237
62	0.00989	0.00709	0.00949	0.01104	0.01195	0.00680	0.00830	0.01184	0.01484	0.01951	0.04011	0.46004	0.07019	0.05165	0.01066	0.00324	0.00516	0.23541	0.00663	0.00612
63	0.01531	0.03658	0.67904	0.02040	0.03094	0.01663	0.02620	0.02352	0.01557	0.05050	0.01368	0.01573	0.00956	0.00699	0.00692	0.00230	0.01056	0.00545	0.00331	0.01081
64	0.01052	0.00721	0.00876	0.00873	0.00908	0.00743	0.00545	0.01122	0.01135	0.01548	0.05996	0.04425	0.02719	0.56942	0.16739	0.00768	0.00926	0.01017	0.00451	0.00495
65	0.01040	0.00771	0.01131	0.01131	0.01248	0.00888	0.00862	0.01274	0.01157	0.01660	0.01981	0.03045	0.01900	0.12330	0.64807	0.01122	0.01823	0.00807	0.00394	0.00628
66	0.02009	0.02084	0.02777	0.03662	0.47881	0.15331	0.05742	0.04854	0.04321	0.02363	0.01400	0.01746	0.01150	0.00686	0.00716	0.00213	0.00958	0.00632	0.00391	0.01085
67	0.01554	0.17774	0.57511	0.01909	0.02894	0.01922	0.02402	0.02277	0.01523	0.02185	0.01247	0.01462	0.00923	0.00677	0.00646	0.00215	0.01016	0.00508	0.00308	0.01046
68	0.01171	0.00837	0.01171	0.01339	0.01506	0.00837	0.01171	0.01506	0.01673	0.02175	0.03849	0.08199	0.04183	0.02008	0.01004	0.00335	0.00669	0.65027	0.00669	0.00669
69	0.01345	0.00886	0.01080	0.01003	0.01263	0.00832	0.00781	0.01802	0.08213	0.10913	0.34626	0.05411	0.21154	0.01495	0.00842	0.00242	0.00430	0.06137	0.00766	0.00778
70	0.03895	0.02134	0.14926	0.10574	0.13517	0.04015	0.20379	0.04661	0.01600	0.02270	0.01300	0.01742	0.01028	0.00778	0.01042	0.00247	0.13892	0.00673	0.00358	0.00971
71	0.01819	0.01786	0.02864	0.08165	0.63022	0.05079	0.02179	0.02242	0.01663	0.02317	0.01351	0.01783	0.01131	0.00657	0.00717	0.00216	0.00891	0.00639	0.00358	0.01117
72	0.31483	0.27670	0.20757	0.01357	0.02034	0.02081	0.01457	0.02195	0.01401	0.02462	0.01090	0.01271	0.00874	0.00661	0.00520	0.00202	0.00775	0.00431	0.00363	0.00915
73	0.00996	0.00753	0.00921	0.01004	0.01168	0.00698	0.00787	0.01217	0.01594	0.02024	0.08198	0.17965	0.28166	0.07469	0.01137	0.00319	0.00507	0.23798	0.00661	0.00620
74	0.14098	0.01457	0.04096	0.04174	0.01818	0.04733	0.01125	0.12433	0.09009	0.08129	0.14820	0.03670	0.05271	0.01162	0.00752	0.00244	0.00646	0.10810	0.00651	0.00901

[dist]
# distance from previous block
# <min> <max>
0	1

[block]
# block no. 5 follows, 28 sequences, length 20
# corresponding to MSA columns:
# 456-475
name=unknown_F
#
# <colnr> <probs for GDERKNQSTAVLIFYWHMCP>
#	G	D	E	R	K	N	Q	S	T	A	V	L	I	F	Y	W	H	M	C	P
0	0.01173	0.05255	0.01063	0.00974	0.01093	0.00792	0.00681	0.01322	0.01427	0.06145	0.06736	0.43742	0.03877	0.14496	0.01332	0.00340	0.00494	0.01554	0.06867	0.00637
1	0.15457	0.62102	0.03332	0.01194	0.01786	0.02659	0.01164	0.02170	0.01435	0.01980	0.01011	0.01169	0.00907	0.00631	0.00464	0.00168	0.00740	0.00390	0.00335	0.00907
2	0.01393	0.01065	0.02999	0.01166	0.01395	0.03920	0.00902	0.01874	0.10611	0.09199	0.15838	0.31011	0.07009	0.01669	0.00855	0.00264	0.00522	0.06821	0.00706	0.00780
3	0.08636	0.06181	0.02135	0.27266	0.09491	0.08064	0.01567	0.10038	0.04120	0.11270	0.03388	0.01922	0.01305	0.00779	0.00684	0.00223	0.00848	0.00628	0.00490	0.00964
4	0.01154	0.00886	0.01092	0.01183	0.01335	0.00919	0.00881	0.01765	0.16935	0.02191	0.03734	0.44728	0.04089	0.01927	0.00899	0.00292	0.00505	0.14059	0.00689	0.00735
5	0.01311	0.00945	0.01229	0.01160	0.01347	0.01065	0.00894	0.09764	0.03479	0.02163	0.02023	0.02877	0.01838	0.10816	0.47479	0.00884	0.01494	0.00781	0.07731	0.00721
6	0.13925	0.01830	0.07930	0.03598	0.51036	0.01712	0.01995	0.02292	0.04459	0.02536	0.01375	0.01721	0.01122	0.00670	0.00676	0.00220	0.00821	0.00607	0.00386	0.01088
7	0.01244	0.01066	0.01718	0.01558	0.01841	0.01041	0.14051	0.01721	0.07012	0.02238	0.07059	0.18168	0.09253	0.01658	0.00920	0.00290	0.00684	0.27104	0.00624	0.00751
8	0.00891	0.00647	0.00842	0.00985	0.01050	0.00597	0.00666	0.01034	0.01449	0.01922	0.07849	0.64874	0.10113	0.02199	0.00918	0.00288	0.00413	0.01983	0.00682	0.00597
9	0.00954	0.00682	0.00922	0.01091	0.01163	0.00650	0.00794	0.01131	0.01459	0.01932	0.03969	0.58194	0.04658	0.02213	0.00946	0.00305	0.00481	0.17175	0.00673	0.00609
10	0.02143	0.15025	0.02541	0.02454	0.22759	0.27086	0.01562	0.05843	0.04057	0.02192	0.04464	0.01859	0.03432	0.00776	0.00664	0.00198	0.00959	0.00600	0.00417	0.00969
11	0.04970	0.00962	0.00974	0.00880	0.01137	0.01015	0.00685	0.12575	0.04100	0.03052	0.02230	0.02486	0.01726	0.00848	0.00549	0.00182	0.00432	0.00666	0.59739	0.00790
12	0.01147	0.00807	0.00991	0.01038	0.01215	0.00768	0.00782	0.01488	0.06512	0.05841	0.10508	0.28660	0.19401	0.04858	0.01009	0.00294	0.00480	0.12820	0.00693	0.00689
13	0.03170	0.01288	0.01707	0.01319	0.01875	0.01156	0.01086	0.06364	0.05334	0.64298	0.02823	0.02454	0.01795	0.00903	0.00731	0.00226	0.00624	0.00732	0.00884	0.01233
14	0.16553	0.01838	0.04459	0.17443	0.24549	0.10595	0.04857	0.04018	0.01623	0.02394	0.01375	0.04617	0.01160	0.00756	0.00676	0.00225	0.00890	0.00641	0.00393	0.00939
15	0.02467	0.01817	0.01967	0.01560	0.02064	0.02010	0.01271	0.54241	0.07172	0.04132	0.01979	0.05833	0.01544	0.01153	0.03783	0.00263	0.00795	0.00748	0.04054	0.01146
16	0.62623	0.01917	0.16186	0.01198	0.01784	0.01643	0.01199	0.02173	0.01302	0.03053	0.01076	0.01258	0.00816	0.00678	0.00502	0.00226	0.00673	0.00425	0.00419	0.00850
17	0.01934	0.41908	0.06053	0.04594	0.13226	0.12553	0.01486	0.02236	0.01630	0.01935	0.05359	0.01601	0.01338	0.00705	0.00580	0.00181	0.00863	0.00517	0.00359	0.00941
18	0.01322	0.01065	0.01210	0.01236	0.05531	0.04308	0.00865	0.01850	0.11113	0.05690	0.32134	0.07299	0.20707	0.01418	0.00820	0.00235	0.00476	0.01218	0.00713	0.00791
19	0.11003	0.21409	0.04219	0.01291	0.01860	0.03711	0.01146	0.02978	0.04547	0.37772	0.02071	0.01928	0.01422	0.00793	0.00626	0.00206	0.00687	0.00592	0.00652	0.01086

[dist]
# distance from previous block
# <min> <max>
0	1

[block]
# block no. 6 follows, 28 sequences, length 119
# corresponding to MSA columns:
# 477-595
name=unknown_G
#
# <colnr> <probs for GDERKNQSTAVLIFYWHMCP>
#	G	D	E	R	K	N	Q	S	T	A	V	L	I	F	Y	W	H	M	C	P
0	0.12060	0.05956	0.01692	0.01232	0.01731	0.01330	0.01022	0.10357	0.02080	0.40298	0.10535	0.02628	0.04008	0.00948	0.00698	0.00221	0.00603	0.00751	0.00770	0.01080
1	0.01023	0.00739	0.00967	0.00918	0.01085	0.00682	0.00685	0.01358	0.02032	0.02874	0.67020	0.08062	0.06780	0.01516	0.00860	0.00231	0.00346	0.01343	0.00795	0.00682
2	0.04204	0.06244	0.02399	0.04645	0.02275	0.04508	0.13446	0.10726	0.01673	0.04423	0.01633	0.08689	0.01495	0.01510	0.08507	0.00352	0.21140	0.00804	0.00448	0.00879
3	0.01519	0.05504	0.01668	0.01746	0.13069	0.01289	0.01124	0.16060	0.01904	0.02546	0.03034	0.38285	0.06159	0.01571	0.00818	0.00254	0.00599	0.01388	0.00611	0.00850
4	0.00962	0.00726	0.00888	0.00878	0.01052	0.00653	0.00647	0.01231	0.01855	0.02504	0.43166	0.15179	0.24218	0.01693	0.00867	0.00242	0.00361	0.01478	0.00748	0.00653
5	0.30694	0.01302	0.01413	0.01149	0.01640	0.01307	0.00942	0.06806	0.01831	0.35720	0.04275	0.02330	0.05847	0.00893	0.00640	0.00226	0.00586	0.00671	0.00709	0.01019
6	0.02078	0.50741	0.07176	0.01619	0.06027	0.17928	0.01419	0.02348	0.01620	0.01798	0.01073	0.01256	0.00946	0.00655	0.00536	0.00170	0.00917	0.00430	0.00328	0.00934
7	0.02065	0.63609	0.03533	0.01343	0.01926	0.13721	0.01269	0.02291	0.01569	0.01721	0.01028	0.01189	0.00933	0.00642	0.00496	0.00160	0.00862	0.00401	0.00321	0.00919
8	0.01167	0.00834	0.01166	0.01327	0.01494	0.00833	0.01158	0.01502	0.01684	0.02196	0.05666	0.08123	0.04257	0.01994	0.01000	0.00332	0.00660	0.63264	0.00673	0.00670
9	0.01228	0.01043	0.01164	0.01207	0.05170	0.03642	0.00867	0.04201	0.08579	0.02460	0.22052	0.05548	0.31003	0.01530	0.00839	0.00245	0.00492	0.07288	0.00686	0.00756
10	0.01570	0.01414	0.02189	0.61351	0.08386	0.04819	0.01947	0.02026	0.01530	0.05917	0.01381	0.01933	0.01027	0.00733	0.00723	0.00237	0.00958	0.00643	0.00361	0.00854
11	0.01059	0.00886	0.00989	0.03587	0.01263	0.04708	0.00742	0.01303	0.01762	0.02304	0.30989	0.24106	0.20182	0.01714	0.00861	0.00249	0.00448	0.01497	0.00696	0.00657
12	0.01985	0.01345	0.01433	0.01184	0.01523	0.01451	0.00921	0.33654	0.02359	0.03376	0.02051	0.02627	0.01705	0.14805	0.01220	0.00295	0.00633	0.00738	0.25790	0.00905
13	0.07401	0.02247	0.19500	0.02083	0.02741	0.05731	0.24358	0.09143	0.01837	0.02625	0.06617	0.06480	0.01718	0.00848	0.00754	0.00233	0.00956	0.00803	0.02971	0.00953
14	0.00960	0.00783	0.00861	0.00870	0.01102	0.00699	0.00677	0.01258	0.04283	0.02160	0.14949	0.06787	0.49840	0.01784	0.00874	0.00255	0.00414	0.10100	0.00693	0.00651
15	0.01854	0.01529	0.01850	0.01352	0.01986	0.01362	0.04907	0.19322	0.02028	0.02955	0.01423	0.01597	0.01121	0.00632	0.00607	0.00145	0.00648	0.00515	0.00506	0.53661
16	0.01458	0.03760	0.70688	0.02072	0.03146	0.01688	0.02686	0.02302	0.01535	0.02302	0.01304	0.01535	0.00921	0.00691	0.00691	0.00230	0.01074	0.00537	0.00307	0.01074
17	0.01844	0.02002	0.02286	0.11300	0.04428	0.19094	0.08621	0.04075	0.01600	0.01986	0.01558	0.01956	0.05351	0.00964	0.01274	0.00245	0.25087	0.00666	0.00381	0.05283
18	0.04412	0.31257	0.07622	0.06190	0.02235	0.02272	0.05190	0.06053	0.01539	0.02082	0.03455	0.01743	0.03282	0.00876	0.01035	0.00223	0.18675	0.00585	0.00374	0.00899
19	0.01566	0.00865	0.01128	0.00992	0.01267	0.00774	0.00769	0.01879	0.02028	0.19526	0.47540	0.04838	0.11168	0.01372	0.00826	0.00229	0.00413	0.01190	0.00814	0.00816
20	0.01180	0.00946	0.01202	0.01169	0.01267	0.03753	0.00879	0.01375	0.01213	0.01722	0.02021	0.07401	0.02026	0.17013	0.39622	0.00831	0.09502	0.00875	0.05369	0.00633
21	0.41191	0.01475	0.01450	0.03008	0.01697	0.01721	0.01026	0.14003	0.05977	0.03233	0.06645	0.01825	0.01489	0.00869	0.00783	0.00235	0.08989	0.00583	0.02919	0.00882
22	0.01148	0.00752	0.00936	0.00953	0.01103	0.00785	0.00713	0.03402	0.01444	0.02169	0.02993	0.17118	0.08787	0.02848	0.25718	0.00555	0.00940	0.01066	0.25909	0.00662
23	0.01048	0.00763	0.01009	0.01081	0.01239	0.00725	0.00865	0.01340	0.01767	0.02370	0.27549	0.16797	0.11641	0.01846	0.00926	0.00282	0.00487	0.26888	0.00717	0.00658
24	0.00886	0.00633	0.00843	0.01012	0.01054	0.00590	0.00675	0.01012	0.01392	0.01856	0.04006	0.73979	0.04808	0.02277	0.00928	0.00295	0.00422	0.02066	0.00675	0.00590
25	0.01783	0.01710	0.02921	0.07095	0.67415	0.01723	0.02223	0.02216	0.01647	0.02355	0.01364	0.01804	0.01144	0.00651	0.00720	0.00217	0.00868	0.00648	0.00358	0.01138
26	0.02749	0.02000	0.02099	0.01625	0.02185	0.04880	0.01336	0.58826	0.03220	0.08595	0.01811	0.01804	0.01280	0.00869	0.00718	0.00216	0.00794	0.00653	0.03139	0.01203
27	0.01044	0.00699	0.00797	0.00810	0.00813	0.00696	0.00458	0.01054	0.01083	0.01444	0.02422	0.10085	0.02809	0.68898	0.03486	0.00673	0.00683	0.01135	0.00458	0.00452
28	0.01355	0.00678	0.00678	0.00678	0.00847	0.00678	0.00508	0.01694	0.01524	0.02710	0.02371	0.02710	0.01863	0.00847	0.00508	0.00169	0.00339	0.00678	0.78489	0.00678
29	0.00919	0.00746	0.00819	0.00822	0.01047	0.00647	0.00631	0.01147	0.01737	0.02168	0.19239	0.06791	0.51784	0.01786	0.00871	0.00250	0.00389	0.06877	0.00699	0.00633
30	0.02859	0.01753	0.01990	0.01540	0.02105	0.01850	0.01268	0.43148	0.07209	0.25314	0.02179	0.02038	0.01478	0.00889	0.00729	0.00222	0.00728	0.00689	0.00783	0.01231
31	0.68529	0.01487	0.04353	0.05243	0.01702	0.01604	0.00961	0.02105	0.01279	0.03095	0.01145	0.01497	0.00927	0.00727	0.00497	0.00230	0.00614	0.02763	0.00444	0.00797
32	0.01492	0.01396	0.02363	0.50696	0.23608	0.01616	0.02035	0.01936	0.01495	0.01987	0.01313	0.01907	0.01031	0.00762	0.00793	0.02773	0.00928	0.00646	0.00333	0.00891
33	0.00859	0.00736	0.00736	0.00736	0.00982	0.00614	0.00552	0.01043	0.01657	0.01964	0.07364	0.06996	0.69624	0.01841	0.00859	0.00245	0.00368	0.01534	0.00675	0.00614
34	0.01567	0.01637	0.07354	0.37079	0.21753	0.01683	0.01977	0.02331	0.12927	0.02230	0.01596	0.02002	0.01227	0.00747	0.00724	0.00235	0.00882	0.00668	0.00402	0.00978
