[name]
unknown

[dist]
# distance from previous block
# <min> <max>
22	105

[block]
# block no. 0 follows, 28 sequences, length 13
# corresponding to MSA columns:
# 115-127
name=unknown_A
#
# <colnr> <probs for GDERKNQSTAVLIFYWHMCP>
#	G	D	E	R	K	N	Q	S	T	A	V	L	I	F	Y	W	H	M	C	P
0	0.01703	0.01720	0.02527	0.32469	0.27395	0.08722	0.05363	0.02206	0.04619	0.02107	0.01376	0.01851	0.01093	0.00723	0.00775	0.00230	0.03154	0.00647	0.00362	0.00957
1	0.01373	0.01292	0.02180	0.72707	0.05006	0.01615	0.02019	0.01857	0.01453	0.01857	0.01292	0.01938	0.00969	0.00727	0.00727	0.00242	0.00969	0.00646	0.00323	0.00807
2	0.01605	0.01475	0.02396	0.06017	0.48031	0.01486	0.01809	0.02103	0.05235	0.02515	0.17223	0.02692	0.02521	0.00862	0.00753	0.00221	0.00732	0.00811	0.00480	0.01031
3	0.02726	0.03134	0.02088	0.01826	0.02249	0.55502	0.01399	0.17851	0.02374	0.02427	0.01267	0.01411	0.01006	0.00778	0.00672	0.00194	0.01193	0.00511	0.00456	0.00934
4	0.01668	0.01720	0.01822	0.01628	0.01810	0.17718	0.03371	0.03961	0.01448	0.01840	0.01439	0.02057	0.01315	0.02818	0.30042	0.00628	0.22908	0.00663	0.00375	0.00767
5	0.01030	0.00785	0.00997	0.01027	0.01209	0.00678	0.00718	0.01201	0.01418	0.01974	0.03378	0.57208	0.03944	0.01875	0.00838	0.00252	0.00449	0.01688	0.00618	0.18712
6	0.01471	0.01393	0.02358	0.56913	0.20029	0.01641	0.02068	0.01944	0.01500	0.01977	0.01309	0.01906	0.01011	0.00708	0.00725	0.00236	0.00945	0.00646	0.00332	0.00887
7	0.01779	0.01462	0.01728	0.03908	0.05488	0.01313	0.01080	0.17013	0.01962	0.02845	0.01675	0.01840	0.04207	0.00687	0.00613	0.00150	0.00623	0.00551	0.00503	0.50574
8	0.01799	0.01727	0.02950	0.04462	0.69919	0.01727	0.02231	0.02231	0.01655	0.02375	0.01367	0.01799	0.01151	0.00648	0.00720	0.00216	0.00864	0.00648	0.00360	0.01151
9	0.01416	0.00847	0.00962	0.00880	0.01188	0.00718	0.00678	0.01620	0.01741	0.17801	0.06143	0.09553	0.50441	0.01647	0.00833	0.00243	0.00429	0.01377	0.00727	0.00757
10	0.01138	0.01012	0.01730	0.01525	0.01758	0.00963	0.16134	0.01388	0.01462	0.01987	0.03159	0.50716	0.03606	0.01763	0.00949	0.00275	0.03466	0.01646	0.00577	0.04748
11	0.01629	0.02233	0.22139	0.15428	0.39795	0.01697	0.02324	0.02187	0.01586	0.02266	0.01337	0.01747	0.01055	0.00673	0.00713	0.00224	0.00942	0.00616	0.00338	0.01071
12	0.01756	0.01516	0.01594	0.01439	0.01841	0.01743	0.01118	0.03709	0.64947	0.02982	0.03199	0.02946	0.05903	0.01033	0.00746	0.00246	0.00564	0.00861	0.00736	0.01121

[dist]
# distance from previous block
# <min> <max>
17	87

[block]
# block no. 1 follows, 28 sequences, length 10
# corresponding to MSA columns:
# 222-231
name=unknown_B
#
# <colnr> <probs for GDERKNQSTAVLIFYWHMCP>
#	G	D	E	R	K	N	Q	S	T	A	V	L	I	F	Y	W	H	M	C	P
0	0.06387	0.21504	0.11612	0.01456	0.02050	0.05009	0.01372	0.12272	0.07207	0.10211	0.01587	0.01721	0.01227	0.02650	0.00760	0.00211	0.03620	0.00556	0.00499	0.08089
1	0.12038	0.09827	0.31395	0.06633	0.05426	0.05643	0.01862	0.02413	0.04538	0.08546	0.04126	0.01768	0.01289	0.00749	0.00651	0.00220	0.00882	0.00572	0.00425	0.00997
2	0.01660	0.05150	0.16032	0.01524	0.03612	0.07058	0.01383	0.12981	0.07365	0.02756	0.18660	0.08728	0.03027	0.03780	0.00868	0.00248	0.00730	0.02936	0.00586	0.00914
3	0.12862	0.08582	0.37988	0.07461	0.08037	0.01788	0.09002	0.02232	0.01509	0.02368	0.01260	0.01549	0.00943	0.00674	0.00660	0.00225	0.00968	0.00555	0.00340	0.00997
4	0.01694	0.10919	0.41399	0.02008	0.02864	0.01722	0.12310	0.02344	0.01616	0.08408	0.01633	0.02152	0.01278	0.00790	0.00719	0.00232	0.00993	0.05493	0.00398	0.01028
5	0.01229	0.00897	0.01053	0.01009	0.01179	0.00868	0.00700	0.09109	0.01612	0.02185	0.08320	0.28881	0.07137	0.23506	0.01690	0.00384	0.00553	0.01357	0.00599	0.07733
6	0.04498	0.01844	0.08406	0.16187	0.03456	0.01724	0.32550	0.09080	0.04272	0.02497	0.01682	0.07337	0.01386	0.00810	0.00791	0.00244	0.01009	0.00843	0.00432	0.00951
7	0.01167	0.00978	0.06463	0.01056	0.01279	0.00761	0.00856	0.01467	0.01779	0.06923	0.37427	0.25788	0.05284	0.04227	0.00959	0.00266	0.00456	0.01435	0.00717	0.00715
8	0.02198	0.01841	0.07073	0.01552	0.02047	0.01835	0.01317	0.43345	0.08777	0.03718	0.02278	0.16400	0.02022	0.01153	0.00766	0.00237	0.00724	0.00946	0.00686	0.01086
9	0.01699	0.02673	0.36652	0.01840	0.02634	0.01633	0.07181	0.15797	0.02010	0.02867	0.10369	0.02122	0.01793	0.00815	0.00722	0.00219	0.00892	0.00681	0.00474	0.06925

[dist]
# distance from previous block
# <min> <max>
2	6

[block]
# block no. 2 follows, 28 sequences, length 20
# corresponding to MSA columns:
# 238-257
name=unknown_C
#
# <colnr> <probs for GDERKNQSTAVLIFYWHMCP>
#	G	D	E	R	K	N	Q	S	T	A	V	L	I	F	Y	W	H	M	C	P
0	0.27977	0.01704	0.03815	0.03856	0.04116	0.09142	0.01135	0.09252	0.01835	0.18728	0.04276	0.01808	0.01371	0.00778	0.00616	0.00211	0.00712	0.00568	0.00576	0.07523
1	0.01565	0.02292	0.30739	0.10603	0.07134	0.01453	0.04313	0.06447	0.01717	0.06339	0.08913	0.07331	0.02015	0.04885	0.00904	0.00260	0.00865	0.00806	0.00462	0.00954
2	0.06655	0.01674	0.06011	0.01558	0.07409	0.16034	0.01150	0.01832	0.01672	0.02208	0.17465	0.07037	0.06497	0.06740	0.08618	0.00363	0.03279	0.02519	0.00515	0.00764
3	0.05164	0.06729	0.02162	0.05496	0.02347	0.42274	0.01401	0.21007	0.02352	0.02619	0.01298	0.01454	0.01018	0.00773	0.00662	0.00198	0.01095	0.00523	0.00470	0.00955
4	0.44660	0.01250	0.01174	0.01015	0.01413	0.01352	0.00812	0.05649	0.01574	0.14287	0.07677	0.02166	0.01730	0.05959	0.00779	0.00254	0.00558	0.00613	0.06234	0.00844
5	0.11156	0.08444	0.05676	0.01103	0.01488	0.03361	0.00949	0.06629	0.07668	0.02615	0.18432	0.04089	0.23196	0.01249	0.00733	0.00226	0.00548	0.01012	0.00617	0.00810
6	0.01681	0.00912	0.01128	0.01009	0.01222	0.00865	0.00718	0.05405	0.01656	0.19356	0.13276	0.11482	0.05171	0.30619	0.01964	0.00425	0.00592	0.01113	0.00660	0.00745
7	0.58062	0.01667	0.05848	0.01156	0.01662	0.03698	0.01011	0.07732	0.03624	0.07947	0.01286	0.01393	0.00953	0.00720	0.00523	0.00224	0.00642	0.00464	0.00502	0.00888
8	0.08814	0.01988	0.05978	0.06657	0.34093	0.13306	0.01763	0.02407	0.07896	0.02425	0.06447	0.02007	0.01579	0.00767	0.00696	0.00218	0.00863	0.00654	0.00433	0.01011
9	0.01000	0.00700	0.00819	0.00842	0.00900	0.00671	0.00528	0.01089	0.01317	0.01750	0.12009	0.17561	0.11195	0.43627	0.02505	0.00516	0.00568	0.01327	0.00557	0.00519
10	0.09806	0.01943	0.02039	0.01592	0.02149	0.02164	0.01310	0.56766	0.08009	0.04346	0.01767	0.01764	0.01267	0.00863	0.00702	0.00221	0.00761	0.00643	0.00702	0.01188
11	0.09059	0.01285	0.01689	0.01729	0.12986	0.01214	0.01168	0.02532	0.07467	0.23925	0.02294	0.02626	0.03856	0.01004	0.00842	0.05704	0.00633	0.05093	0.00612	0.14282
12	0.18280	0.01553	0.02261	0.15076	0.35327	0.01680	0.01750	0.06893	0.01634	0.02597	0.01339	0.01748	0.01087	0.00956	0.04675	0.00276	0.00874	0.00601	0.00401	0.00993
13	0.02265	0.08691	0.02041	0.01492	0.01957	0.04170	0.01215	0.41108	0.08649	0.03586	0.04288	0.10511	0.01901	0.01100	0.00803	0.02947	0.00728	0.00828	0.00660	0.01060
14	0.01058	0.00726	0.00918	0.00921	0.01059	0.00670	0.00653	0.01284	0.01722	0.04758	0.35686	0.23206	0.11819	0.10734	0.01223	0.00306	0.00420	0.01479	0.00714	0.00643
15	0.01201	0.00749	0.00959	0.00993	0.01141	0.00688	0.00713	0.01386	0.01590	0.09531	0.14423	0.36088	0.12493	0.09055	0.01165	0.00314	0.00468	0.05676	0.00696	0.00669
16	0.01758	0.01696	0.02928	0.10518	0.61820	0.01721	0.04468	0.02201	0.01639	0.02327	0.01364	0.01817	0.01133	0.00654	0.00725	0.00219	0.00886	0.00655	0.00357	0.01115
17	0.01062	0.00771	0.00958	0.00958	0.01059	0.00798	0.00663	0.03361	0.01293	0.01731	0.03064	0.11450	0.12153	0.31905	0.24822	0.00730	0.01032	0.01125	0.00491	0.00575
18	0.65527	0.01281	0.01025	0.00927	0.01327	0.01460	0.00753	0.02028	0.01336	0.03181	0.07264	0.01698	0.01427	0.00763	0.00492	0.00220	0.00523	0.00502	0.07498	0.00768
19	0.20198	0.00934	0.01043	0.01019	0.01251	0.00937	0.00747	0.01735	0.01486	0.13712	0.07515	0.33364	0.03283	0.08257	0.01031	0.00300	0.00509	0.01296	0.00646	0.00739

[dist]
# distance from previous block
# <min> <max>
5	10

[block]
# block no. 3 follows, 28 sequences, length 16
# corresponding to MSA columns:
# 268-283
name=unknown_D
#
# <colnr> <probs for GDERKNQSTAVLIFYWHMCP>
#	G	D	E	R	K	N	Q	S	T	A	V	L	I	F	Y	W	H	M	C	P
0	0.02095	0.01497	0.01652	0.01443	0.01883	0.01662	0.01134	0.03799	0.55448	0.16368	0.02941	0.02665	0.02136	0.00969	0.00738	0.00242	0.00584	0.00804	0.00771	0.01168
1	0.00952	0.00730	0.00857	0.00843	0.01025	0.00651	0.00617	0.01196	0.01791	0.02369	0.35929	0.10958	0.31753	0.05858	0.01026	0.00267	0.00379	0.01442	0.00720	0.00636
2	0.01356	0.00837	0.00944	0.00891	0.01086	0.00859	0.00672	0.08120	0.01726	0.02673	0.12461	0.06364	0.05293	0.05773	0.08838	0.00335	0.00593	0.00895	0.39571	0.00712
3	0.02562	0.01344	0.01656	0.01363	0.01837	0.01358	0.01099	0.08110	0.21773	0.38432	0.02716	0.02531	0.01884	0.01400	0.08154	0.00330	0.00758	0.00757	0.00786	0.01150
4	0.01145	0.00764	0.00968	0.00905	0.01078	0.00705	0.00661	0.01422	0.01881	0.06376	0.51335	0.05277	0.10433	0.12384	0.01275	0.00301	0.00414	0.01259	0.00743	0.00675
5	0.01157	0.00632	0.00918	0.00965	0.00977	0.00620	0.00644	0.00965	0.01072	0.01429	0.02034	0.22395	0.02260	0.02456	0.02303	0.56758	0.00572	0.01035	0.00417	0.00393
6	0.01418	0.00946	0.01239	0.01303	0.07633	0.00898	0.00862	0.05264	0.01847	0.10170	0.28439	0.11510	0.12578	0.11195	0.01211	0.00299	0.00508	0.01218	0.00690	0.00771
7	0.01024	0.00751	0.00944	0.01043	0.01143	0.00736	0.00744	0.01317	0.06244	0.01994	0.07674	0.42066	0.07917	0.11923	0.01296	0.00347	0.00500	0.11055	0.00654	0.00628
8	0.59264	0.01529	0.04116	0.11775	0.02075	0.01675	0.01090	0.06772	0.01437	0.03107	0.01118	0.01349	0.00852	0.00697	0.00521	0.00227	0.00661	0.00456	0.00445	0.00834
9	0.02345	0.10843	0.04861	0.01631	0.02075	0.30565	0.01339	0.20650	0.02204	0.02540	0.01381	0.01627	0.01124	0.01329	0.07760	0.04665	0.01122	0.00554	0.00462	0.00924
10	0.10198	0.11299	0.07508	0.01581	0.02084	0.10493	0.08157	0.10924	0.03459	0.09717	0.04615	0.01972	0.01475	0.01377	0.08771	0.03323	0.00981	0.00636	0.00498	0.00933
11	0.07689	0.25041	0.02633	0.01898	0.12214	0.11282	0.01390	0.10837	0.08231	0.02465	0.01372	0.01545	0.01127	0.00746	0.00699	0.00197	0.04849	0.00530	0.00438	0.04817
12	0.02067	0.01758	0.01917	0.01783	0.08429	0.08749	0.01293	0.28103	0.04801	0.03043	0.01768	0.05942	0.01510	0.03103	0.10387	0.00353	0.04929	0.00722	0.00550	0.08793
13	0.02208	0.18834	0.11962	0.02020	0.07297	0.13298	0.09138	0.21677	0.02193	0.02769	0.01364	0.01546	0.01057	0.00726	0.00667	0.00204	0.00966	0.00572	0.00454	0.01048
14	0.18001	0.04810	0.26663	0.08024	0.09479	0.03661	0.03247	0.03936	0.01560	0.02514	0.06170	0.01803	0.01366	0.00780	0.00753	0.00230	0.05070	0.00593	0.00395	0.00946
15	0.01838	0.05496	0.17350	0.10194	0.31320	0.10680	0.05702	0.04773	0.01723	0.02284	0.01320	0.01674	0.01047	0.00683	0.00703	0.00217	0.00990	0.00602	0.00359	0.01045

[dist]
# distance from previous block
# <min> <max>
9	43

[block]
# block no. 4 follows, 28 sequences, length 35
# corresponding to MSA columns:
# 334-368
name=unknown_E
#
# <colnr> <probs for GDERKNQSTAVLIFYWHMCP>
#	G	D	E	R	K	N	Q	S	T	A	V	L	I	F	Y	W	H	M	C	P
0	0.14586	0.04543	0.08791	0.05459	0.02134	0.17558	0.01330	0.11197	0.05934	0.05162	0.01944	0.06473	0.03887	0.00958	0.00681	0.00223	0.00841	0.04400	0.00512	0.03388
1	0.17893	0.04569	0.08495	0.08980	0.02280	0.17404	0.01360	0.15426	0.01960	0.02748	0.05827	0.01789	0.01385	0.00912	0.00790	0.05374	0.00869	0.00581	0.00472	0.00888
2	0.20030	0.02304	0.01813	0.01830	0.09612	0.32600	0.01275	0.02566	0.04113	0.06824	0.06793	0.01802	0.01504	0.00815	0.00696	0.00211	0.03280	0.00575	0.00470	0.00888
3	0.09013	0.03776	0.01246	0.01097	0.01354	0.09279	0.00842	0.01809	0.06077	0.04702	0.29050	0.09917	0.10983	0.01401	0.00858	0.03337	0.00549	0.03319	0.00651	0.00740
4	0.03966	0.01006	0.01169	0.01165	0.03957	0.05039	0.00840	0.01671	0.01914	0.08219	0.43693	0.08466	0.07015	0.03859	0.00923	0.00251	0.00487	0.04888	0.00724	0.00746
5	0.08033	0.01331	0.01395	0.01252	0.01525	0.05910	0.00955	0.17237	0.06373	0.02642	0.06106	0.08472	0.02233	0.13464	0.19268	0.00543	0.01019	0.00878	0.00552	0.00811
6	0.09466	0.00965	0.05108	0.01003	0.01194	0.00833	0.00775	0.01415	0.01482	0.04767	0.18306	0.23742	0.03797	0.14389	0.01438	0.05589	0.00525	0.01250	0.03311	0.00645
7	0.06422	0.40115	0.23119	0.01522	0.02209	0.04546	0.01656	0.02180	0.01496	0.02009	0.01263	0.01704	0.01110	0.00754	0.00641	0.00199	0.03580	0.04191	0.00341	0.00942
8	0.04443	0.22412	0.35996	0.02056	0.06330	0.04365	0.10341	0.02282	0.01556	0.02167	0.01234	0.01484	0.00955	0.00661	0.00643	0.00210	0.00992	0.00536	0.00326	0.01011
9	0.02074	0.01455	0.01801	0.01612	0.05793	0.01525	0.03758	0.24768	0.11888	0.12039	0.10555	0.14419	0.02708	0.01176	0.00783	0.00238	0.00647	0.01010	0.00716	0.01036
10	0.06448	0.10639	0.40313	0.02178	0.08878	0.01861	0.03881	0.02413	0.05544	0.02519	0.01779	0.06736	0.01506	0.00959	0.00778	0.00269	0.00986	0.00727	0.00457	0.01129
11	0.01081	0.00806	0.01147	0.01234	0.01393	0.00778	0.03290	0.01361	0.01635	0.02154	0.10418	0.25405	0.08427	0.01971	0.00955	0.00305	0.00572	0.35738	0.00673	0.00657
12	0.04435	0.12345	0.42399	0.06002	0.07289	0.11143	0.02200	0.02331	0.01590	0.02171	0.01236	0.01486	0.00938	0.00688	0.00653	0.00215	0.01031	0.00518	0.00326	0.01006
13	0.01947	0.07121	0.36720	0.07729	0.14845	0.05493	0.02252	0.02456	0.01734	0.06861	0.01660	0.02077	0.01314	0.03323	0.00886	0.00281	0.01044	0.00660	0.00450	0.01148
14	0.01741	0.01668	0.02845	0.13808	0.61030	0.01712	0.02202	0.02180	0.01628	0.02304	0.01357	0.01818	0.01126	0.00658	0.00721	0.00219	0.00878	0.00647	0.00355	0.01104
15	0.00881	0.00737	0.00767	0.00759	0.00995	0.00623	0.00569	0.01085	0.01708	0.02086	0.15338	0.06795	0.61574	0.01795	0.00859	0.00243	0.00365	0.01506	0.00691	0.00623
16	0.01860	0.02688	0.35011	0.02041	0.08329	0.05645	0.04174	0.07858	0.06242	0.10049	0.07458	0.02089	0.01663	0.00813	0.00722	0.00226	0.00907	0.00669	0.00488	0.01067
17	0.01425	0.03529	0.65344	0.01983	0.02988	0.01611	0.02532	0.02231	0.01575	0.02349	0.06534	0.01833	0.01376	0.00752	0.00703	0.00230	0.01018	0.00597	0.00345	0.01045
18	0.00859	0.00736	0.00736	0.00736	0.00982	0.00614	0.00552	0.01043	0.01657	0.01964	0.07364	0.06996	0.69624	0.01841	0.00859	0.00245	0.00368	0.01534	0.00675	0.00614
19	0.01517	0.01461	0.02567	0.53066	0.11181	0.01683	0.11598	0.04393	0.01585	0.02079	0.01342	0.01920	0.01017	0.00708	0.00745	0.00239	0.00990	0.00678	0.00348	0.00883
20	0.02200	0.01369	0.05328	0.01600	0.06252	0.01279	0.01255	0.08467	0.01871	0.29390	0.02661	0.16129	0.02335	0.01269	0.00981	0.00258	0.09045	0.06625	0.00687	0.01000
21	0.01171	0.00837	0.01171	0.01339	0.01506	0.00837	0.01171	0.01506	0.01673	0.02175	0.03849	0.08199	0.04183	0.02008	0.01004	0.00335	0.00669	0.65027	0.00669	0.00669
22	0.03261	0.01237	0.01687	0.01293	0.01856	0.01068	0.01068	0.03543	0.02081	0.70423	0.02868	0.02474	0.01799	0.00900	0.00731	0.00225	0.00619	0.00731	0.00900	0.01237
23	0.01521	0.01399	0.02282	0.58994	0.13436	0.01672	0.02005	0.06213	0.01609	0.02105	0.01332	0.01907	0.01011	0.00726	0.00726	0.00237	0.00944	0.00647	0.00354	0.00881
24	0.01587	0.03453	0.61286	0.02224	0.08544	0.01657	0.02558	0.02365	0.01575	0.06111	0.01397	0.01609	0.00989	0.00699	0.00695	0.00229	0.01032	0.00557	0.00344	0.01090
25	0.02876	0.01152	0.01564	0.01228	0.01723	0.01002	0.01002	0.03168	0.02077	0.58776	0.14370	0.02984	0.02672	0.01001	0.00753	0.00226	0.00571	0.00832	0.00883	0.01142
26	0.01373	0.01292	0.02180	0.72707	0.05006	0.01615	0.02019	0.01857	0.01453	0.01857	0.01292	0.01938	0.00969	0.00727	0.00727	0.00242	0.00969	0.00646	0.00323	0.00807
27	0.01499	0.02359	0.28964	0.20987	0.19809	0.01627	0.05703	0.02100	0.01559	0.02187	0.01664	0.02031	0.04835	0.00750	0.00725	0.00231	0.00964	0.00665	0.00348	0.00993
28	0.01763	0.01540	0.05776	0.02005	0.15355	0.01415	0.06529	0.17590	0.02096	0.07210	0.03607	0.06042	0.23632	0.01164	0.00784	0.00233	0.00696	0.01004	0.00595	0.00965
29	0.01458	0.03760	0.70688	0.02072	0.03146	0.01688	0.02686	0.02302	0.01535	0.02302	0.01304	0.01535	0.00921	0.00691	0.00691	0.00230	0.01074	0.00537	0.00307	0.01074
30	0.10200	0.01822	0.12362	0.13157	0.29049	0.01592	0.01854	0.06453	0.01669	0.05035	0.01652	0.08911	0.01444	0.00855	0.00709	0.00231	0.00820	0.00748	0.00432	0.01003
31	0.01573	0.01926	0.13551	0.14250	0.27200	0.07804	0.01862	0.02015	0.01649	0.02218	0.08440	0.10461	0.02058	0.00950	0.00748	0.00230	0.00853	0.00844	0.00427	0.00943
32	0.07304	0.02390	0.26658	0.06950	0.27546	0.01697	0.05745	0.05905	0.01689	0.02526	0.03902	0.01811	0.01249	0.00712	0.00703	0.00225	0.00919	0.00627	0.00383	0.01056
33	0.05487	0.04003	0.09758	0.11909	0.18003	0.01407	0.01556	0.02147	0.07262	0.08238	0.02179	0.18116	0.02043	0.01078	0.00739	0.00237	0.00727	0.00948	0.00505	0.03658
34	0.17267	0.01886	0.11640	0.02873	0.34841	0.01668	0.01794	0.05904	0.05560	0.02739	0.05874	0.01928	0.01488	0.00746	0.00672	0.00222	0.00778	0.00636	0.00442	0.01042

[dist]
# distance from previous block
# <min> <max>
4	28

[block]
# block no. 5 follows, 28 sequences, length 20
# corresponding to MSA columns:
# 397-416
name=unknown_F
#
# <colnr> <probs for GDERKNQSTAVLIFYWHMCP>
#	G	D	E	R	K	N	Q	S	T	A	V	L	I	F	Y	W	H	M	C	P
0	0.01607	0.07289	0.01479	0.01136	0.01488	0.01267	0.00925	0.16076	0.04787	0.06988	0.12700	0.07612	0.25415	0.01420	0.00800	0.00238	0.00546	0.06687	0.00688	0.00851
1	0.47636	0.12747	0.06717	0.01123	0.01627	0.01685	0.01020	0.02218	0.01398	0.10027	0.01464	0.06981	0.01239	0.00816	0.00537	0.00220	0.00628	0.00569	0.00483	0.00864
2	0.00939	0.00812	0.00910	0.01027	0.06314	0.00703	0.00678	0.01136	0.01635	0.01976	0.06719	0.06514	0.61945	0.04325	0.00949	0.00259	0.00418	0.01449	0.00642	0.00649
3	0.01492	0.03242	0.54782	0.02371	0.11805	0.01647	0.05705	0.02244	0.01588	0.02346	0.05007	0.01801	0.01281	0.00724	0.00712	0.00229	0.01015	0.00609	0.00343	0.01059
4	0.01804	0.01899	0.06178	0.09582	0.57377	0.05962	0.02186	0.02246	0.01658	0.02294	0.01343	0.01767	0.01113	0.00662	0.00715	0.00217	0.00909	0.00631	0.00355	0.01102
5	0.01458	0.03760	0.70688	0.02072	0.03146	0.01688	0.02686	0.02302	0.01535	0.02302	0.01304	0.01535	0.00921	0.00691	0.00691	0.00230	0.01074	0.00537	0.00307	0.01074
6	0.00945	0.00745	0.00855	0.00843	0.01055	0.00656	0.00643	0.01200	0.01814	0.02347	0.31344	0.06462	0.41091	0.01713	0.00868	0.00244	0.00377	0.05429	0.00723	0.00645
7	0.26383	0.26034	0.10475	0.01332	0.01917	0.05568	0.01277	0.11735	0.01746	0.02742	0.04032	0.01485	0.01179	0.00726	0.00552	0.00200	0.00757	0.00490	0.00439	0.00934
8	0.06625	0.02368	0.23431	0.01621	0.02306	0.09825	0.01623	0.06182	0.06582	0.29188	0.02018	0.01950	0.01367	0.00808	0.00694	0.00223	0.00848	0.00623	0.00606	0.01108
9	0.04572	0.01343	0.02154	0.60707	0.09091	0.01635	0.01929	0.02020	0.05668	0.02023	0.01390	0.01947	0.01052	0.00736	0.00716	0.00240	0.00921	0.00647	0.00357	0.00852
10	0.00886	0.00633	0.00843	0.01012	0.01054	0.00590	0.00675	0.01012	0.01392	0.01856	0.04006	0.73979	0.04808	0.02277	0.00928	0.00295	0.00422	0.02066	0.00675	0.00590
11	0.01640	0.09455	0.01605	0.01225	0.01537	0.08213	0.00972	0.16036	0.02036	0.02573	0.11095	0.15205	0.13455	0.05606	0.00952	0.00263	0.00649	0.06059	0.00618	0.00807
12	0.02102	0.02261	0.02740	0.03505	0.43323	0.22107	0.05911	0.05178	0.01851	0.02291	0.01318	0.01664	0.01089	0.00685	0.00710	0.00209	0.01013	0.00608	0.00380	0.01055
13	0.00932	0.00673	0.00891	0.01036	0.01115	0.00631	0.00737	0.01104	0.01485	0.01970	0.08149	0.57184	0.08299	0.02169	0.00930	0.00294	0.00448	0.10661	0.00682	0.00608
14	0.01484	0.02234	0.24486	0.24442	0.07944	0.01642	0.18460	0.02091	0.01554	0.02149	0.01501	0.05952	0.01219	0.00771	0.00759	0.00241	0.01028	0.00746	0.00352	0.00945
15	0.01917	0.05588	0.02822	0.07560	0.53229	0.11945	0.02050	0.02306	0.01695	0.02227	0.01310	0.01704	0.01100	0.00665	0.00698	0.00210	0.00930	0.00609	0.00358	0.01077
16	0.01614	0.01486	0.02422	0.45797	0.25157	0.01700	0.02036	0.07058	0.01669	0.02231	0.01351	0.01879	0.01047	0.00713	0.00725	0.00232	0.00923	0.00647	0.00366	0.00949
17	0.00908	0.00665	0.00876	0.00998	0.01077	0.00634	0.00690	0.01066	0.01425	0.01900	0.07356	0.55747	0.11014	0.02559	0.09030	0.00387	0.00588	0.01828	0.00648	0.00604
18	0.12229	0.07532	0.10506	0.05230	0.02364	0.42540	0.01503	0.06123	0.01897	0.02183	0.01167	0.01367	0.00933	0.00730	0.00629	0.00200	0.01109	0.00481	0.00388	0.00889
19	0.08455	0.01779	0.02133	0.02092	0.15562	0.01889	0.01433	0.35934	0.06417	0.10647	0.01777	0.01831	0.01291	0.00805	0.00696	0.00215	0.00750	0.00639	0.00637	0.05017

[dist]
# distance from previous block
# <min> <max>
14	41

[block]
# block no. 6 follows, 28 sequences, length 16
# corresponding to MSA columns:
# 458-473
name=unknown_G
#
# <colnr> <probs for GDERKNQSTAVLIFYWHMCP>
#	G	D	E	R	K	N	Q	S	T	A	V	L	I	F	Y	W	H	M	C	P
0	0.02188	0.17261	0.10253	0.02171	0.15075	0.18720	0.01634	0.13569	0.02013	0.04776	0.01469	0.03448	0.01228	0.00791	0.00663	0.00204	0.00942	0.02133	0.00444	0.01016
1	0.08489	0.07499	0.10293	0.05586	0.28228	0.05913	0.01761	0.04756	0.01758	0.16513	0.01610	0.01784	0.01195	0.00722	0.00674	0.00215	0.00835	0.00601	0.00481	0.01084
2	0.08710	0.01641	0.01842	0.04225	0.05410	0.04281	0.01261	0.23184	0.13199	0.18442	0.02189	0.02397	0.01634	0.00918	0.00715	0.00228	0.00715	0.04567	0.00686	0.03756
3	0.01050	0.00756	0.00961	0.01070	0.01159	0.00736	0.00737	0.06836	0.01569	0.02094	0.03808	0.67652	0.04495	0.02154	0.00910	0.00288	0.00455	0.01943	0.00679	0.00647
4	0.01256	0.00860	0.01102	0.01144	0.01327	0.00849	0.00918	0.01642	0.06311	0.05866	0.14518	0.08620	0.08708	0.12430	0.01330	0.00352	0.00583	0.30812	0.00675	0.00696
5	0.01136	0.00781	0.00882	0.00849	0.00909	0.00781	0.00520	0.04638	0.01310	0.01753	0.09073	0.04772	0.06281	0.59822	0.03124	0.00610	0.00658	0.01084	0.00502	0.00515
6	0.01741	0.02075	0.14547	0.04053	0.58488	0.01720	0.02309	0.02243	0.01635	0.02362	0.01357	0.01754	0.01112	0.00655	0.00715	0.00218	0.00900	0.00629	0.00351	0.01138
7	0.01725	0.01652	0.02817	0.16291	0.58667	0.01708	0.02194	0.02166	0.01620	0.02285	0.01354	0.01823	0.01120	0.00661	0.00721	0.00220	0.00882	0.00647	0.00353	0.01092
8	0.01762	0.01689	0.02883	0.10440	0.64233	0.01717	0.02212	0.02198	0.01637	0.02329	0.01361	0.01811	0.01135	0.00655	0.00720	0.00218	0.00873	0.00648	0.00357	0.01121
9	0.01435	0.05597	0.01740	0.01408	0.01648	0.01306	0.07784	0.10750	0.01620	0.02187	0.02336	0.15314	0.02435	0.16306	0.13362	0.00502	0.06015	0.07001	0.00509	0.00745
10	0.01763	0.01690	0.02885	0.10306	0.64360	0.01718	0.02213	0.02199	0.01638	0.02330	0.01361	0.01811	0.01136	0.00654	0.00720	0.00218	0.00873	0.00648	0.00357	0.01122
11	0.01055	0.00714	0.00839	0.00839	0.00855	0.00730	0.00498	0.01087	0.01071	0.01444	0.02248	0.04523	0.02541	0.65960	0.12055	0.00762	0.00858	0.01023	0.00434	0.00466
12	0.01568	0.01491	0.02532	0.41518	0.34672	0.01666	0.02116	0.02028	0.01546	0.02094	0.01326	0.01875	0.01052	0.00691	0.00723	0.00230	0.00921	0.00647	0.00340	0.00965
13	0.17507	0.07173	0.09026	0.01486	0.02067	0.08345	0.01327	0.23401	0.04547	0.15822	0.01699	0.01702	0.01206	0.00795	0.00646	0.00216	0.00787	0.00576	0.00601	0.01072
14	0.01634	0.01702	0.12793	0.01378	0.01976	0.01226	0.05173	0.08503	0.01663	0.05245	0.01589	0.02167	0.01371	0.13429	0.01157	0.00255	0.00725	0.00617	0.00458	0.36938
15	0.10165	0.01765	0.07793	0.01845	0.11039	0.01685	0.01390	0.28029	0.04660	0.07611	0.08360	0.08437	0.02070	0.00994	0.00725	0.00229	0.00712	0.00814	0.00627	0.01052

[dist]
# distance from previous block
# <min> <max>
1	5

[block]
# block no. 7 follows, 28 sequences, length 13
# corresponding to MSA columns:
# 479-491
name=unknown_H
#
# <colnr> <probs for GDERKNQSTAVLIFYWHMCP>
#	G	D	E	R	K	N	Q	S	T	A	V	L	I	F	Y	W	H	M	C	P
0	0.11244	0.07823	0.06408	0.07273	0.13546	0.18815	0.01562	0.16451	0.05497	0.02749	0.01394	0.01590	0.01086	0.00748	0.00655	0.00210	0.00922	0.00559	0.00463	0.01006
1	0.07339	0.14076	0.02486	0.02456	0.25171	0.11920	0.01535	0.08985	0.07658	0.02548	0.04934	0.01830	0.01451	0.00751	0.00652	0.00202	0.00822	0.00603	0.00456	0.04127
2	0.01517	0.01171	0.01405	0.01056	0.01595	0.00915	0.00837	0.01841	0.01661	0.06815	0.15942	0.02405	0.02355	0.00763	0.00619	0.00141	0.00502	0.00638	0.00539	0.57282
3	0.01799	0.01727	0.02950	0.04462	0.69919	0.01727	0.02231	0.02231	0.01655	0.02375	0.01367	0.01799	0.01151	0.00648	0.00720	0.00216	0.00864	0.00648	0.00360	0.01151
4	0.79588	0.01406	0.01068	0.00956	0.01406	0.01631	0.00787	0.02137	0.01237	0.03261	0.01012	0.01181	0.00787	0.00675	0.00450	0.00225	0.00562	0.00394	0.00450	0.00787
5	0.01057	0.00705	0.00793	0.00793	0.00793	0.00705	0.00440	0.01057	0.01057	0.01409	0.02290	0.04757	0.02643	0.74454	0.03700	0.00705	0.00705	0.01057	0.00440	0.00440
6	0.18716	0.06016	0.02249	0.01650	0.02175	0.01671	0.15828	0.16378	0.01969	0.03019	0.06533	0.02525	0.01775	0.00879	0.00697	0.00222	0.00768	0.07120	0.00529	0.09282
7	0.44366	0.01529	0.01387	0.04815	0.01784	0.05770	0.00972	0.08600	0.01641	0.09830	0.01594	0.01697	0.03948	0.00760	0.00559	0.00212	0.00647	0.00523	0.00519	0.08849
8	0.01545	0.01311	0.04062	0.01282	0.01611	0.01291	0.01007	0.14059	0.19479	0.02709	0.03086	0.28509	0.05611	0.04268	0.00909	0.00266	0.00574	0.01242	0.00660	0.06518
9	0.09303	0.07325	0.11871	0.09674	0.21744	0.08889	0.08664	0.04795	0.01709	0.02408	0.05771	0.01875	0.01402	0.00733	0.00689	0.00218	0.00915	0.00637	0.00400	0.00979
10	0.16185	0.21815	0.11370	0.01540	0.02051	0.09381	0.01445	0.11455	0.01713	0.02492	0.01155	0.01387	0.00952	0.00801	0.00880	0.00218	0.13323	0.00498	0.00403	0.00935
11	0.07137	0.06475	0.02081	0.16551	0.02587	0.11613	0.08005	0.07462	0.01705	0.02251	0.04620	0.06435	0.04218	0.01028	0.00914	0.05980	0.03313	0.00742	0.00440	0.06443
12	0.11141	0.13474	0.06748	0.10789	0.09657	0.10643	0.03652	0.13800	0.01873	0.02596	0.01307	0.01583	0.01037	0.00756	0.00739	0.00214	0.05269	0.00556	0.03208	0.00959

[dist]
# distance from previous block
# <min> <max>
40	211

[block]
# block no. 8 follows, 28 sequences, length 16
# corresponding to MSA columns:
# 771-786
name=unknown_I
#
# <colnr> <probs for GDERKNQSTAVLIFYWHMCP>
#	G	D	E	R	K	N	Q	S	T	A	V	L	I	F	Y	W	H	M	C	P
0	0.02464	0.01810	0.04744	0.01837	0.09411	0.01806	0.01390	0.39968	0.02714	0.13458	0.02184	0.04192	0.04949	0.00919	0.00729	0.00217	0.00745	0.00735	0.00677	0.05052
1	0.15182	0.18409	0.11770	0.01697	0.04892	0.12916	0.05836	0.07413	0.01788	0.11669	0.01421	0.01541	0.01068	0.00717	0.00616	0.00205	0.00880	0.00530	0.00461	0.00990
2	0.01857	0.01935	0.06473	0.02116	0.17161	0.15603	0.01430	0.05809	0.12412	0.05119	0.06734	0.03068	0.10938	0.02948	0.00824	0.00238	0.00801	0.03037	0.00542	0.00956
3	0.01705	0.13477	0.16561	0.08716	0.22376	0.06503	0.10897	0.02185	0.01622	0.02140	0.01684	0.01991	0.05526	0.00739	0.00699	0.00216	0.00949	0.00660	0.00361	0.00993
4	0.01935	0.01951	0.08529	0.01489	0.01948	0.12819	0.01262	0.05629	0.32578	0.08157	0.07303	0.02886	0.08311	0.01019	0.00739	0.00231	0.00722	0.00821	0.00648	0.01023
5	0.02023	0.51683	0.07830	0.01705	0.08459	0.13851	0.01458	0.02308	0.01592	0.01823	0.01082	0.01274	0.00953	0.00650	0.00536	0.00171	0.00892	0.00436	0.00326	0.00948
6	0.01130	0.00844	0.01032	0.01017	0.01196	0.00779	0.00725	0.01374	0.04146	0.01967	0.06403	0.26020	0.03427	0.22453	0.01647	0.00377	0.00558	0.09392	0.00572	0.14942
7	0.01263	0.00631	0.00947	0.00947	0.00947	0.00631	0.00631	0.00947	0.00947	0.01263	0.01263	0.02210	0.01263	0.02525	0.02841	0.78851	0.00631	0.00631	0.00316	0.00316
8	0.01263	0.00631	0.00947	0.00947	0.00947	0.00631	0.00631	0.00947	0.00947	0.01263	0.01263	0.02210	0.01263	0.02525	0.02841	0.78851	0.00631	0.00631	0.00316	0.00316
9	0.01179	0.00873	0.01092	0.04854	0.01404	0.00898	0.00819	0.08303	0.05070	0.02158	0.03374	0.50955	0.03845	0.10132	0.01199	0.00328	0.00531	0.01662	0.00639	0.00683
10	0.02246	0.05274	0.02428	0.07306	0.21895	0.26889	0.01689	0.13172	0.02026	0.02413	0.01289	0.01582	0.01051	0.00777	0.00825	0.00214	0.06938	0.00573	0.00418	0.00994
11	0.00886	0.00633	0.00843	0.01012	0.01054	0.00590	0.00675	0.01012	0.01392	0.01856	0.04006	0.73979	0.04808	0.02277	0.00928	0.00295	0.00422	0.02066	0.00675	0.00590
12	0.01486	0.01292	0.01614	0.12380	0.02241	0.01071	0.01044	0.01835	0.01499	0.02288	0.01292	0.01575	0.01060	0.00568	0.00568	0.00129	0.00606	0.00465	0.00414	0.66575
13	0.01077	0.00766	0.01108	0.01108	0.01243	0.00880	0.00859	0.01347	0.01212	0.01813	0.01999	0.02838	0.01823	0.04885	0.62830	0.01045	0.01749	0.00766	0.09998	0.00653
14	0.01166	0.00773	0.01015	0.00938	0.01133	0.00709	0.00709	0.01505	0.02059	0.07053	0.65450	0.05249	0.06549	0.01450	0.00850	0.00228	0.00360	0.01279	0.00806	0.00720
15	0.00920	0.00657	0.00844	0.00980	0.01033	0.00618	0.00656	0.01041	0.01372	0.01814	0.03956	0.57866	0.08207	0.12188	0.01309	0.00350	0.00468	0.04505	0.00642	0.00574

[dist]
# distance from previous block
# <min> <max>
0	11

[block]
# block no. 9 follows, 28 sequences, length 8
# corresponding to MSA columns:
# 798-805
name=unknown_J
#
# <colnr> <probs for GDERKNQSTAVLIFYWHMCP>
#	G	D	E	R	K	N	Q	S	T	A	V	L	I	F	Y	W	H	M	C	P
0	0.01913	0.01038	0.01486	0.16169	0.02191	0.01021	0.01106	0.02263	0.01939	0.27240	0.30924	0.03620	0.03779	0.01113	0.00784	0.00230	0.00575	0.00962	0.00736	0.00912
1	0.00882	0.00737	0.00768	0.00760	0.00996	0.00623	0.00570	0.01087	0.01710	0.02091	0.15661	0.06787	0.61248	0.01794	0.00859	0.00243	0.00365	0.01505	0.00692	0.00623
2	0.00977	0.00735	0.01025	0.09981	0.01538	0.00739	0.00830	0.01169	0.01467	0.01969	0.12306	0.51322	0.04460	0.06631	0.01072	0.00306	0.00498	0.01723	0.00632	0.00621
3	0.01171	0.00837	0.01171	0.01339	0.01506	0.00837	0.01171	0.01506	0.01673	0.02175	0.03849	0.08199	0.04183	0.02008	0.01004	0.00335	0.00669	0.65027	0.00669	0.00669
4	0.01452	0.01588	0.06855	0.53377	0.04632	0.01668	0.16095	0.01986	0.01515	0.01986	0.01331	0.01918	0.00995	0.00700	0.00753	0.00242	0.01031	0.00685	0.00332	0.00861
5	0.01794	0.01557	0.02343	0.45618	0.07819	0.01808	0.05548	0.19770	0.02014	0.02654	0.01430	0.01879	0.01059	0.00756	0.00734	0.00234	0.00932	0.00660	0.00438	0.00953
6	0.58775	0.06010	0.01492	0.01290	0.05137	0.09175	0.00986	0.05631	0.01474	0.03035	0.01081	0.01255	0.00854	0.00688	0.00501	0.00216	0.00683	0.00428	0.00443	0.00844
7	0.05091	0.04476	0.01698	0.01326	0.01695	0.01662	0.01078	0.29717	0.02314	0.03128	0.06721	0.03406	0.19755	0.04409	0.01085	0.00257	0.09720	0.00918	0.00625	0.00920

[dist]
# distance from previous block
# <min> <max>
4	6

[block]
# block no. 10 follows, 28 sequences, length 12
# corresponding to MSA columns:
# 812-823
name=unknown_K
#
# <colnr> <probs for GDERKNQSTAVLIFYWHMCP>
#	G	D	E	R	K	N	Q	S	T	A	V	L	I	F	Y	W	H	M	C	P
0	0.79588	0.01406	0.01068	0.00956	0.01406	0.01631	0.00787	0.02137	0.01237	0.03261	0.01012	0.01181	0.00787	0.00675	0.00450	0.00225	0.00562	0.00394	0.00450	0.00787
1	0.00949	0.00669	0.00871	0.00975	0.01017	0.00659	0.00643	0.01059	0.01278	0.01720	0.03310	0.47369	0.03881	0.21239	0.10383	0.00509	0.00683	0.01647	0.00579	0.00559
2	0.01048	0.00739	0.00967	0.00967	0.01027	0.00799	0.00658	0.01169	0.01109	0.01538	0.02131	0.03875	0.02260	0.42447	0.35183	0.00920	0.01281	0.00928	0.00417	0.00537
3	0.02371	0.01873	0.01797	0.01535	0.01994	0.12901	0.01209	0.12889	0.35707	0.15998	0.02471	0.02301	0.01790	0.00915	0.00723	0.00229	0.00734	0.00723	0.00710	0.01130
4	0.00914	0.00690	0.00853	0.00972	0.01090	0.00629	0.00702	0.01084	0.01507	0.01929	0.04987	0.45612	0.24055	0.02113	0.00917	0.00285	0.00437	0.09942	0.00674	0.00607
5	0.07964	0.01681	0.05382	0.31175	0.23212	0.04766	0.04155	0.05802	0.01656	0.02324	0.01424	0.02042	0.01159	0.00757	0.00714	0.00233	0.00912	0.03314	0.00385	0.00945
6	0.01536	0.01204	0.01333	0.01233	0.01507	0.01301	0.00921	0.13036	0.24695	0.02732	0.07067	0.21608	0.07812	0.09249	0.01118	0.00302	0.00559	0.01219	0.00688	0.00880
7	0.04886	0.05485	0.09822	0.01595	0.04028	0.08350	0.01354	0.15690	0.17416	0.04697	0.01937	0.04838	0.01555	0.01236	0.06411	0.00290	0.00869	0.00687	0.00554	0.08301
8	0.02404	0.01803	0.01958	0.01535	0.02057	0.01961	0.01246	0.49972	0.08287	0.03959	0.01841	0.02011	0.01402	0.04824	0.04367	0.00283	0.00811	0.00675	0.00671	0.07931
9	0.01744	0.07925	0.12099	0.02399	0.12806	0.08251	0.18639	0.02193	0.01668	0.05150	0.01897	0.06778	0.01740	0.00973	0.00830	0.00243	0.03208	0.10080	0.00437	0.00940
10	0.06836	0.05553	0.20768	0.01549	0.02211	0.01489	0.04417	0.08741	0.04839	0.19780	0.09691	0.02271	0.01927	0.00848	0.00698	0.00217	0.00753	0.00691	0.00592	0.06130
11	0.05742	0.05120	0.08781	0.02485	0.06463	0.09829	0.35149	0.07501	0.01824	0.02468	0.01380	0.01723	0.01058	0.00655	0.00744	0.00219	0.01070	0.00687	0.00398	0.06704

[dist]
# distance from previous block
# <min> <max>
0	3

[block]
# block no. 11 follows, 28 sequences, length 29
# corresponding to MSA columns:
# 827-855
name=unknown_L
#
# <colnr> <probs for GDERKNQSTAVLIFYWHMCP>
#	G	D	E	R	K	N	Q	S	T	A	V	L	I	F	Y	W	H	M	C	P
0	0.06544	0.22850	0.07954	0.01835	0.05393	0.09333	0.11945	0.10872	0.01864	0.05409	0.04208	0.01768	0.01333	0.00985	0.04476	0.00255	0.00960	0.00605	0.00442	0.00971
1	0.02131	0.13007	0.02107	0.01420	0.01885	0.01765	0.03685	0.26005	0.07427	0.10939	0.12913	0.08914	0.02545	0.01060	0.00732	0.00221	0.00668	0.00875	0.00676	0.01026
2	0.02685	0.01957	0.02107	0.01638	0.02202	0.02163	0.01346	0.58508	0.10035	0.06975	0.01913	0.01872	0.01359	0.00885	0.00729	0.00221	0.00770	0.00675	0.00735	0.01227
3	0.01238	0.01001	0.01398	0.01304	0.01392	0.01256	0.01032	0.01460	0.01185	0.01804	0.01727	0.02595	0.01625	0.08352	0.38529	0.00773	0.22597	0.00744	0.09308	0.00681
4	0.01629	0.01372	0.01498	0.01398	0.01752	0.01549	0.01106	0.03247	0.51899	0.02849	0.06347	0.03904	0.05689	0.01210	0.00793	0.00260	0.00571	0.11171	0.00728	0.01029
5	0.01002	0.00742	0.00934	0.00886	0.01069	0.00674	0.00664	0.01319	0.01993	0.02762	0.59567	0.05681	0.16923	0.01543	0.00858	0.00231	0.00347	0.01350	0.00780	0.00674
6	0.03065	0.01216	0.01639	0.01275	0.01806	0.01069	0.01046	0.03411	0.04363	0.63684	0.07241	0.02676	0.02145	0.00941	0.00740	0.00226	0.00599	0.00772	0.00888	0.01198
7	0.01057	0.00705	0.00793	0.00793	0.00793	0.00705	0.00440	0.01057	0.01057	0.01409	0.02290	0.04757	0.02643	0.74454	0.03700	0.00705	0.00705	0.01057	0.00440	0.00440
8	0.01458	0.03760	0.70688	0.02072	0.03146	0.01688	0.02686	0.02302	0.01535	0.02302	0.01304	0.01535	0.00921	0.00691	0.00691	0.00230	0.01074	0.00537	0.00307	0.01074
9	0.02029	0.66980	0.03615	0.01313	0.01908	0.10481	0.01262	0.02257	0.01542	0.01718	0.01023	0.01182	0.00933	0.00636	0.00487	0.00159	0.00836	0.00397	0.00318	0.00923
10	0.01506	0.01521	0.02690	0.39378	0.03983	0.01813	0.17350	0.01943	0.01434	0.01943	0.01254	0.01861	0.00997	0.00830	0.01153	0.00261	0.18211	0.00694	0.00332	0.00845
11	0.26876	0.01498	0.01509	0.05310	0.01858	0.05278	0.01049	0.15455	0.04358	0.13804	0.13744	0.02357	0.02186	0.00912	0.00659	0.00224	0.00644	0.00696	0.00637	0.00947
12	0.01943	0.74891	0.03809	0.01244	0.01866	0.02876	0.01244	0.02177	0.01477	0.01710	0.01011	0.01166	0.00933	0.00622	0.00466	0.00155	0.00777	0.00389	0.00311	0.00933
13	0.03261	0.01237	0.01687	0.01293	0.01856	0.01068	0.01068	0.03543	0.02081	0.70423	0.02868	0.02474	0.01799	0.00900	0.00731	0.00225	0.00619	0.00731	0.00900	0.01237
14	0.02226	0.02439	0.01999	0.08343	0.06012	0.34051	0.01426	0.08363	0.16959	0.02345	0.01821	0.01953	0.03609	0.00868	0.00782	0.00218	0.04515	0.00634	0.00488	0.00949
15	0.02642	0.03342	0.02071	0.01875	0.02225	0.66992	0.01417	0.02827	0.01998	0.01777	0.01112	0.01329	0.00938	0.00783	0.00769	0.00196	0.06018	0.00479	0.00371	0.00840
16	0.01049	0.00706	0.00816	0.00823	0.00832	0.00712	0.00476	0.01069	0.01077	0.01443	0.02338	0.07374	0.02681	0.67673	0.07466	0.00715	0.00765	0.01081	0.00447	0.00458
17	0.01657	0.00969	0.01000	0.00891	0.01148	0.01015	0.00695	0.15796	0.01930	0.03111	0.02237	0.02503	0.01729	0.00852	0.00555	0.00180	0.00438	0.00673	0.61824	0.00797
18	0.01103	0.00842	0.01162	0.01128	0.01203	0.00985	0.00833	0.01270	0.01127	0.01606	0.01950	0.03324	0.01987	0.26928	0.42600	0.00930	0.09173	0.00852	0.00398	0.00598
19	0.00894	0.00639	0.00851	0.01007	0.01056	0.00596	0.00675	0.01033	0.01430	0.01916	0.07748	0.70066	0.04925	0.02232	0.00924	0.00291	0.00417	0.02024	0.00682	0.00596
20	0.00886	0.00633	0.00843	0.01012	0.01054	0.00590	0.00675	0.01012	0.01392	0.01856	0.04006	0.73979	0.04808	0.02277	0.00928	0.00295	0.00422	0.02066	0.00675	0.00590
21	0.01539	0.09862	0.54926	0.02144	0.03128	0.01817	0.12066	0.02295	0.01556	0.02253	0.01303	0.01564	0.00949	0.00673	0.00695	0.00226	0.01070	0.00571	0.00316	0.01048
22	0.02452	0.04662	0.02002	0.01508	0.02007	0.02005	0.01233	0.53607	0.02991	0.04048	0.01908	0.05819	0.01523	0.03991	0.00835	0.00236	0.00740	0.00739	0.06581	0.01114
23	0.01227	0.00780	0.00938	0.00900	0.00991	0.00782	0.00591	0.03116	0.01351	0.05522	0.11090	0.06099	0.03038	0.46199	0.10059	0.00616	0.00762	0.01040	0.04324	0.00575
24	0.01057	0.00705	0.00793	0.00793	0.00793	0.00705	0.00440	0.01057	0.01057	0.01409	0.02290	0.04757	0.02643	0.74454	0.03700	0.00705	0.00705	0.01057	0.00440	0.00440
25	0.01527	0.10537	0.59374	0.02117	0.05663	0.01810	0.04622	0.02288	0.01540	0.02248	0.01284	0.01523	0.00937	0.00680	0.00675	0.00223	0.01042	0.00537	0.00311	0.01061
26	0.08522	0.63625	0.08284	0.01278	0.01917	0.02687	0.01306	0.02182	0.01461	0.01884	0.01031	0.01193	0.00920	0.00631	0.00481	0.00167	0.00780	0.00400	0.00322	0.00930
27	0.00926	0.00697	0.01011	0.01112	0.01188	0.00651	0.03921	0.01076	0.01407	0.01879	0.03883	0.70469	0.04627	0.02196	0.00924	0.00293	0.00461	0.02008	0.00660	0.00609
28	0.46088	0.19730	0.10894	0.01179	0.01764	0.01908	0.01152	0.02152	0.01350	0.02707	0.01065	0.01241	0.00856	0.00657	0.00490	0.00202	0.00681	0.00413	0.00396	0.05076

[dist]
# distance from previous block
# <min> <max>
0	2

[block]
# block no. 12 follows, 28 sequences, length 27
# corresponding to MSA columns:
# 858-884
name=unknown_M
#
# <colnr> <probs for GDERKNQSTAVLIFYWHMCP>
#	G	D	E	R	K	N	Q	S	T	A	V	L	I	F	Y	W	H	M	C	P
0	0.02038	0.66322	0.03609	0.01305	0.01911	0.06544	0.01261	0.06441	0.01634	0.01900	0.01064	0.01211	0.00953	0.00645	0.00493	0.00161	0.00808	0.00410	0.00341	0.00948
1	0.01271	0.00756	0.00879	0.00841	0.00896	0.00740	0.00501	0.01298	0.01156	0.08093	0.02346	0.04536	0.02561	0.67330	0.03412	0.00658	0.00696	0.01026	0.00485	0.00518
2	0.02521	0.01832	0.01990	0.05229	0.02247	0.03749	0.01314	0.44795	0.11429	0.10418	0.02249	0.02199	0.04791	0.00927	0.00734	0.00224	0.00754	0.00722	0.00713	0.01162
3	0.02855	0.01232	0.01612	0.01281	0.01786	0.01128	0.01042	0.03374	0.10789	0.55062	0.09336	0.02792	0.02344	0.00968	0.00744	0.00228	0.00586	0.00799	0.00869	0.01172
4	0.01989	0.45412	0.12482	0.01816	0.09642	0.13874	0.01575	0.02319	0.01600	0.01875	0.01108	0.01310	0.00956	0.00655	0.00556	0.00178	0.00915	0.00451	0.00326	0.00961
5	0.01389	0.00839	0.00991	0.00896	0.01186	0.00725	0.00692	0.01635	0.01849	0.16028	0.23015	0.05666	0.39225	0.01557	0.00833	0.00237	0.00412	0.01314	0.00754	0.00759
6	0.01600	0.00870	0.01132	0.01000	0.01279	0.00777	0.00773	0.01901	0.01996	0.20755	0.42689	0.07258	0.12254	0.01397	0.00826	0.00232	0.00422	0.01210	0.00809	0.00821
7	0.01512	0.01307	0.01544	0.01120	0.01732	0.01034	0.00899	0.01826	0.01487	0.02337	0.01275	0.01512	0.01070	0.00576	0.00633	0.00119	0.04277	0.00441	0.00425	0.74874
8	0.00975	0.00707	0.00921	0.01040	0.01144	0.00667	0.00769	0.01174	0.01541	0.02035	0.11331	0.40618	0.11404	0.05730	0.01071	0.00313	0.00481	0.16789	0.00675	0.00614
9	0.02250	0.01719	0.01888	0.01449	0.02016	0.01759	0.01178	0.41976	0.04685	0.03713	0.01766	0.05608	0.01410	0.00850	0.00681	0.00189	0.00693	0.00668	0.00634	0.24867
10	0.01440	0.01393	0.01288	0.05021	0.01636	0.12160	0.00936	0.02116	0.17596	0.02387	0.18316	0.04479	0.25729	0.01331	0.00791	0.00233	0.00593	0.01103	0.00651	0.00802
11	0.01824	0.01865	0.03219	0.04013	0.51314	0.05108	0.17295	0.02286	0.01689	0.02335	0.01380	0.01813	0.01130	0.00644	0.00749	0.00221	0.00969	0.00688	0.00362	0.01097
12	0.01576	0.22383	0.45100	0.01697	0.02550	0.01893	0.02060	0.02201	0.01518	0.02189	0.01344	0.01567	0.01028	0.00690	0.00611	0.00204	0.00914	0.00513	0.08970	0.00993
13	0.01019	0.08867	0.01167	0.01017	0.01119	0.00855	0.00715	0.01146	0.01369	0.01796	0.03508	0.59208	0.04169	0.09084	0.01145	0.00319	0.00489	0.01783	0.00612	0.00614
14	0.01542	0.02016	0.16663	0.06302	0.08939	0.08227	0.07546	0.04314	0.01565	0.02101	0.01923	0.07946	0.04920	0.01770	0.13284	0.00405	0.08451	0.00806	0.00404	0.00876
15	0.01677	0.15873	0.38319	0.01980	0.07960	0.05562	0.03505	0.02193	0.01517	0.04026	0.01291	0.01589	0.01010	0.00886	0.00894	0.08925	0.00958	0.00539	0.00335	0.00961
16	0.05336	0.01685	0.17624	0.01362	0.01916	0.01138	0.01334	0.02488	0.01791	0.30307	0.12610	0.02921	0.05810	0.01483	0.08585	0.00332	0.00816	0.00806	0.00659	0.01000
