[name]
unknown

[dist]
# distance from previous block
# <min> <max>
0	48

[block]
# block no. 0 follows, 27 sequences, length 42
# corresponding to MSA columns:
# 48-89
name=unknown_A
#
# <colnr> <probs for GDERKNQSTAVLIFYWHMCP>
#	G	D	E	R	K	N	Q	S	T	A	V	L	I	F	Y	W	H	M	C	P
0	0.05771	0.02026	0.02158	0.05708	0.06331	0.16321	0.07870	0.15075	0.10879	0.02807	0.01843	0.04474	0.01542	0.00894	0.00729	0.00221	0.00892	0.04203	0.00534	0.09724
1	0.01849	0.04939	0.19762	0.01551	0.02166	0.01618	0.01529	0.13096	0.10545	0.07033	0.09402	0.02306	0.01973	0.00897	0.00796	0.00218	0.04628	0.00700	0.03932	0.11058
2	0.10761	0.09251	0.25569	0.01616	0.02325	0.03930	0.01681	0.16093	0.05115	0.06270	0.01589	0.01789	0.01202	0.03427	0.00767	0.00235	0.00852	0.00584	0.02782	0.04162
3	0.01067	0.00720	0.00840	0.00851	0.00863	0.00727	0.00499	0.01094	0.01109	0.01489	0.02426	0.09086	0.02780	0.64504	0.08365	0.00727	0.00791	0.01125	0.00461	0.00475
4	0.01491	0.01471	0.05894	0.20969	0.26727	0.01445	0.01758	0.01987	0.05949	0.02219	0.05588	0.11135	0.03828	0.01097	0.00892	0.04479	0.00792	0.00906	0.00450	0.00922
5	0.00946	0.00721	0.00873	0.00930	0.01083	0.00648	0.00675	0.01160	0.01694	0.02210	0.20808	0.30611	0.27670	0.01962	0.00910	0.00270	0.00406	0.05065	0.00720	0.00639
6	0.75300	0.05078	0.01231	0.00991	0.01459	0.01729	0.00827	0.02184	0.01276	0.03252	0.01034	0.01205	0.00811	0.00686	0.00460	0.00226	0.00585	0.00402	0.00452	0.00811
7	0.01752	0.02003	0.04380	0.03129	0.03880	0.01877	0.66583	0.02378	0.01752	0.02378	0.01502	0.02003	0.01126	0.00626	0.00876	0.00250	0.01252	0.00876	0.00375	0.01001
8	0.01402	0.01319	0.02227	0.72126	0.05113	0.01649	0.02062	0.01897	0.01484	0.01897	0.01319	0.01979	0.00990	0.00742	0.00742	0.00247	0.00990	0.00660	0.00330	0.00825
9	0.01051	0.00759	0.00992	0.00934	0.01109	0.00700	0.00700	0.01401	0.02101	0.02977	0.68888	0.05545	0.07005	0.01518	0.00876	0.00233	0.00350	0.01343	0.00817	0.00700
10	0.01612	0.01608	0.02271	0.05752	0.02120	0.02240	0.01648	0.01793	0.01156	0.01793	0.00993	0.01643	0.00975	0.01269	0.02344	0.00321	0.68673	0.00650	0.00325	0.00813
11	0.02321	0.01526	0.01712	0.01385	0.01786	0.01623	0.01079	0.37335	0.02545	0.12012	0.02159	0.06434	0.01860	0.17673	0.01539	0.03739	0.00743	0.00848	0.00677	0.01001
12	0.02086	0.01130	0.01409	0.01215	0.01574	0.01086	0.00948	0.10874	0.05653	0.26309	0.16590	0.18476	0.06679	0.01388	0.00822	0.00247	0.00542	0.01193	0.00806	0.00973
13	0.51876	0.01998	0.01429	0.01275	0.01718	0.19035	0.01011	0.05090	0.05961	0.02991	0.01223	0.01365	0.00957	0.00737	0.00543	0.00221	0.00776	0.00461	0.00471	0.00861
14	0.01974	0.70919	0.03913	0.01359	0.01999	0.02887	0.04374	0.02230	0.01520	0.01777	0.01054	0.01229	0.00961	0.00635	0.00495	0.00163	0.00816	0.00420	0.00320	0.00955
15	0.01908	0.01479	0.01656	0.01284	0.01851	0.01397	0.01028	0.14308	0.15698	0.05901	0.01888	0.01950	0.01448	0.00741	0.00635	0.00169	0.00599	0.00592	0.04880	0.40591
16	0.01492	0.01416	0.02437	0.62619	0.04882	0.01697	0.08337	0.04496	0.01589	0.02053	0.01355	0.01974	0.01014	0.00737	0.00755	0.00247	0.01008	0.00681	0.00351	0.00859
17	0.01402	0.01319	0.02227	0.72126	0.05113	0.01649	0.02062	0.01897	0.01484	0.01897	0.01319	0.01979	0.00990	0.00742	0.00742	0.00247	0.00990	0.00660	0.00330	0.00825
18	0.00985	0.00805	0.00877	0.00858	0.01098	0.00721	0.00651	0.01325	0.05544	0.02313	0.22256	0.06540	0.48003	0.01747	0.00874	0.00249	0.00391	0.03361	0.00724	0.00678
19	0.79154	0.01436	0.01091	0.00976	0.01436	0.01665	0.00804	0.02182	0.01263	0.03331	0.01034	0.01206	0.00804	0.00689	0.00459	0.00230	0.00574	0.00402	0.00459	0.00804
20	0.01874	0.01592	0.01690	0.01516	0.01935	0.01832	0.01189	0.07330	0.61708	0.03157	0.02989	0.02940	0.02291	0.01043	0.00766	0.00254	0.00604	0.03378	0.00752	0.01160
21	0.01051	0.00759	0.00992	0.00934	0.01109	0.00700	0.00700	0.01401	0.02101	0.02977	0.68888	0.05545	0.07005	0.01518	0.00876	0.00233	0.00350	0.01343	0.00817	0.00700
22	0.01895	0.01708	0.02891	0.08582	0.61468	0.01719	0.02198	0.02330	0.01702	0.06207	0.01478	0.01885	0.01202	0.00681	0.00736	0.00223	0.00874	0.00666	0.00396	0.01159
23	0.01062	0.00788	0.01157	0.01157	0.01278	0.00909	0.00883	0.01303	0.01183	0.01697	0.02021	0.03097	0.01934	0.11925	0.64718	0.01149	0.01870	0.00822	0.00403	0.00643
24	0.01029	0.00754	0.00965	0.00920	0.01098	0.00690	0.00687	0.01356	0.02039	0.02847	0.60773	0.07979	0.12933	0.01580	0.00878	0.00237	0.00355	0.01390	0.00801	0.00690
25	0.79154	0.01436	0.01091	0.00976	0.01436	0.01665	0.00804	0.02182	0.01263	0.03331	0.01034	0.01206	0.00804	0.00689	0.00459	0.00230	0.00574	0.00402	0.00459	0.00804
26	0.05957	0.07574	0.08557	0.01357	0.01990	0.06003	0.01208	0.04507	0.07987	0.14431	0.01732	0.01783	0.01293	0.00712	0.00623	0.00176	0.00703	0.00547	0.00539	0.32322
27	0.01027	0.00752	0.00963	0.00923	0.01098	0.00688	0.00687	0.01350	0.02026	0.02827	0.59645	0.09534	0.12515	0.01596	0.00880	0.00239	0.00357	0.01406	0.00798	0.00688
28	0.01531	0.03499	0.58301	0.02253	0.03261	0.01766	0.11721	0.02334	0.01578	0.02334	0.01343	0.01631	0.00968	0.00716	0.00793	0.00241	0.03737	0.00599	0.00323	0.01073
29	0.74986	0.01393	0.01084	0.00976	0.01411	0.01611	0.00795	0.02117	0.01248	0.03221	0.01047	0.01262	0.00830	0.00790	0.00590	0.04414	0.00578	0.00415	0.00452	0.00778
30	0.01089	0.00837	0.01247	0.01231	0.01357	0.00995	0.00963	0.01349	0.01190	0.01726	0.01938	0.02852	0.01812	0.05355	0.67545	0.01150	0.05513	0.00788	0.00394	0.00670
31	0.11001	0.02185	0.10027	0.01652	0.02292	0.02113	0.01480	0.49598	0.02944	0.04169	0.01629	0.01684	0.01168	0.00834	0.00700	0.00221	0.00813	0.00616	0.00649	0.04227
32	0.72065	0.08135	0.01348	0.01003	0.01479	0.01782	0.00847	0.02186	0.01286	0.03185	0.01034	0.01205	0.00818	0.00684	0.00461	0.00223	0.00594	0.00402	0.00446	0.00818
33	0.01793	0.04853	0.01827	0.01781	0.09834	0.09360	0.01238	0.03083	0.38816	0.02639	0.03282	0.03159	0.13040	0.01068	0.00752	0.00237	0.00680	0.00880	0.00638	0.01039
34	0.01289	0.00645	0.00967	0.00967	0.00967	0.00645	0.00645	0.00967	0.00967	0.01289	0.01289	0.02257	0.01289	0.02579	0.02901	0.78401	0.00645	0.00645	0.00322	0.00322
35	0.01132	0.00780	0.00974	0.00919	0.01128	0.00702	0.00691	0.01434	0.01983	0.06417	0.48871	0.08658	0.20332	0.01599	0.00872	0.00240	0.00375	0.01392	0.00789	0.00711
36	0.79154	0.01436	0.01091	0.00976	0.01436	0.01665	0.00804	0.02182	0.01263	0.03331	0.01034	0.01206	0.00804	0.00689	0.00459	0.00230	0.00574	0.00402	0.00459	0.00804
37	0.01034	0.00758	0.00969	0.00916	0.01099	0.00693	0.00687	0.01368	0.02061	0.02881	0.62821	0.05703	0.13131	0.01554	0.00876	0.00235	0.00353	0.01365	0.00805	0.00693
38	0.04503	0.65405	0.07397	0.01332	0.01977	0.05390	0.01343	0.02257	0.01526	0.01834	0.01053	0.01218	0.00947	0.00646	0.00496	0.00167	0.00824	0.00409	0.00324	0.00952
39	0.01289	0.00645	0.00967	0.00967	0.00967	0.00645	0.00645	0.00967	0.00967	0.01289	0.01289	0.02257	0.01289	0.02579	0.02901	0.78401	0.00645	0.00645	0.00322	0.00322
40	0.01985	0.74357	0.03890	0.01270	0.01905	0.02937	0.01270	0.02223	0.01508	0.01747	0.01032	0.01191	0.00953	0.00635	0.00476	0.00159	0.00794	0.00397	0.00318	0.00953
41	0.02545	0.09755	0.02452	0.01921	0.02364	0.51006	0.08218	0.02794	0.01973	0.05096	0.01295	0.01519	0.01054	0.00953	0.03707	0.00239	0.01273	0.00539	0.00402	0.00895

[dist]
# distance from previous block
# <min> <max>
0	1

[block]
# block no. 1 follows, 27 sequences, length 102
# corresponding to MSA columns:
# 91-192
name=unknown_B
#
# <colnr> <probs for GDERKNQSTAVLIFYWHMCP>
#	G	D	E	R	K	N	Q	S	T	A	V	L	I	F	Y	W	H	M	C	P
0	0.66336	0.04888	0.01332	0.03981	0.01661	0.04299	0.00913	0.02261	0.01351	0.05905	0.01129	0.01297	0.00867	0.00701	0.00492	0.00226	0.00633	0.00430	0.00464	0.00833
1	0.05454	0.39236	0.25551	0.01663	0.02428	0.07599	0.04465	0.02326	0.01572	0.02052	0.01160	0.01361	0.00949	0.00670	0.00583	0.00194	0.00945	0.00473	0.00330	0.00989
2	0.72372	0.01420	0.01148	0.01007	0.01477	0.01614	0.00830	0.02311	0.01340	0.09276	0.01203	0.01324	0.00896	0.00710	0.00485	0.00230	0.00579	0.00433	0.00501	0.00845
3	0.01837	0.01764	0.03013	0.04557	0.69279	0.01764	0.02278	0.02278	0.01690	0.02425	0.01396	0.01837	0.01176	0.00661	0.00735	0.00220	0.00882	0.00661	0.00367	0.01176
4	0.01624	0.01624	0.02274	0.01949	0.01949	0.02274	0.01624	0.01787	0.01137	0.01787	0.00975	0.01624	0.00975	0.01299	0.02436	0.00325	0.72552	0.00650	0.00325	0.00812
5	0.05991	0.64816	0.03600	0.01308	0.01913	0.08457	0.01260	0.02282	0.01545	0.01833	0.01042	0.01204	0.00945	0.00649	0.00491	0.00165	0.00827	0.00404	0.00330	0.00938
6	0.79154	0.01436	0.01091	0.00976	0.01436	0.01665	0.00804	0.02182	0.01263	0.03331	0.01034	0.01206	0.00804	0.00689	0.00459	0.00230	0.00574	0.00402	0.00459	0.00804
7	0.02751	0.01987	0.02146	0.01668	0.02243	0.02192	0.01370	0.57134	0.09901	0.07970	0.01968	0.01921	0.01394	0.00904	0.00744	0.00226	0.00784	0.00690	0.00753	0.01254
8	0.01114	0.00920	0.01166	0.01105	0.01238	0.00994	0.00847	0.01334	0.01636	0.02224	0.24977	0.11655	0.21430	0.07701	0.01442	0.00307	0.14831	0.03771	0.00637	0.00673
9	0.02731	0.07290	0.02198	0.01878	0.02274	0.67328	0.01426	0.02925	0.02072	0.01813	0.01141	0.01331	0.00956	0.00758	0.00659	0.00190	0.01310	0.00474	0.00379	0.00866
10	0.75236	0.01557	0.04571	0.01034	0.01525	0.01668	0.00902	0.02191	0.01279	0.03281	0.01049	0.01224	0.00811	0.00690	0.00472	0.00230	0.00601	0.00409	0.00452	0.00819
11	0.01062	0.00788	0.01048	0.04698	0.01317	0.00748	0.00767	0.01413	0.02052	0.02880	0.62771	0.05423	0.09248	0.01492	0.00869	0.00235	0.00385	0.01316	0.00786	0.00704
12	0.01514	0.01402	0.02113	0.49169	0.07436	0.04418	0.03782	0.05125	0.01568	0.02006	0.01501	0.02376	0.01277	0.11922	0.01207	0.00315	0.00957	0.00724	0.00375	0.00814
13	0.01061	0.00795	0.01193	0.01193	0.01326	0.00928	0.00928	0.01326	0.01193	0.01723	0.01988	0.02916	0.01856	0.05568	0.70968	0.01193	0.01988	0.00795	0.00398	0.00663
14	0.01080	0.00720	0.00810	0.00810	0.00810	0.00720	0.00450	0.01080	0.01080	0.01439	0.02339	0.04858	0.02699	0.73910	0.03779	0.00720	0.00720	0.01080	0.00450	0.00450
15	0.01805	0.02324	0.13239	0.05997	0.03195	0.10484	0.31596	0.04157	0.05084	0.02308	0.01739	0.02090	0.04268	0.00806	0.00949	0.00247	0.07565	0.00770	0.00404	0.00970
16	0.17734	0.01296	0.01603	0.01255	0.01808	0.01200	0.01037	0.03345	0.01961	0.57169	0.02569	0.02276	0.01641	0.00875	0.00692	0.00230	0.00621	0.00681	0.00832	0.01176
17	0.01644	0.01620	0.02833	0.29612	0.22995	0.01776	0.14658	0.02262	0.06994	0.02236	0.01498	0.01988	0.01173	0.00747	0.00857	0.00245	0.04768	0.00717	0.00384	0.00989
18	0.17800	0.01693	0.01753	0.01417	0.01894	0.01865	0.01138	0.38300	0.05933	0.07351	0.01904	0.04934	0.01539	0.08036	0.00991	0.00278	0.00722	0.00726	0.00665	0.01061
19	0.01888	0.10629	0.16626	0.02068	0.02833	0.01744	0.23760	0.05622	0.01768	0.08798	0.01526	0.01768	0.01138	0.00669	0.00712	0.00206	0.00949	0.00646	0.00439	0.16212
20	0.01900	0.05461	0.02587	0.16541	0.29596	0.06486	0.03872	0.07702	0.13554	0.02547	0.01669	0.01965	0.01312	0.00761	0.00728	0.00227	0.00883	0.00674	0.00458	0.01077
21	0.02681	0.02009	0.02148	0.01680	0.02248	0.02236	0.01377	0.57707	0.12817	0.04451	0.01962	0.01925	0.01408	0.00908	0.00744	0.00227	0.00784	0.00693	0.00744	0.01250
22	0.36750	0.01339	0.01444	0.01169	0.01693	0.01344	0.00965	0.02985	0.01745	0.40500	0.02093	0.01945	0.01382	0.00818	0.00620	0.00230	0.00606	0.00595	0.00716	0.01061
23	0.02822	0.02079	0.02228	0.01708	0.02302	0.02302	0.01411	0.66804	0.03490	0.04679	0.01782	0.01782	0.01262	0.00891	0.00743	0.00223	0.00817	0.00668	0.00743	0.01262
24	0.01080	0.00720	0.00810	0.00810	0.00810	0.00720	0.00450	0.01080	0.01080	0.01439	0.02339	0.04858	0.02699	0.73910	0.03779	0.00720	0.00720	0.01080	0.00450	0.00450
25	0.01144	0.00778	0.01011	0.00948	0.01140	0.00712	0.00713	0.01476	0.02060	0.05999	0.60878	0.07995	0.09251	0.01535	0.00872	0.00237	0.00367	0.01353	0.00812	0.00720
26	0.01402	0.01319	0.02227	0.72126	0.05113	0.01649	0.02062	0.01897	0.01484	0.01897	0.01319	0.01979	0.00990	0.00742	0.00742	0.00247	0.00990	0.00660	0.00330	0.00825
27	0.01782	0.01364	0.01562	0.01218	0.01733	0.01250	0.00970	0.17076	0.04133	0.05467	0.12006	0.05522	0.05688	0.00942	0.00690	0.00179	0.00573	0.00777	0.00617	0.36449
28	0.01673	0.01854	0.05985	0.02489	0.06146	0.02025	0.25600	0.02057	0.01427	0.02088	0.01220	0.01768	0.01044	0.00962	0.01622	0.00279	0.36566	0.00721	0.00350	0.04124
29	0.02696	0.03314	0.02187	0.02126	0.07974	0.61575	0.01505	0.06153	0.02139	0.02014	0.01201	0.01404	0.00990	0.00763	0.00679	0.00195	0.01273	0.00503	0.00400	0.00908
30	0.00910	0.00648	0.00860	0.01027	0.01068	0.00607	0.00681	0.01035	0.01410	0.01881	0.04036	0.71232	0.04839	0.04616	0.01038	0.00315	0.00440	0.02077	0.00681	0.00598
31	0.02718	0.02112	0.02124	0.01667	0.02218	0.07725	0.01361	0.56617	0.05054	0.04308	0.01798	0.01824	0.01298	0.00883	0.00726	0.00219	0.00828	0.00659	0.04662	0.01199
32	0.05869	0.01536	0.01971	0.15323	0.06022	0.01591	0.03879	0.17436	0.07519	0.06479	0.01911	0.02151	0.03832	0.02739	0.00776	0.00220	0.00749	0.00671	0.00546	0.18778
33	0.79154	0.01436	0.01091	0.00976	0.01436	0.01665	0.00804	0.02182	0.01263	0.03331	0.01034	0.01206	0.00804	0.00689	0.00459	0.00230	0.00574	0.00402	0.00459	0.00804
34	0.00920	0.00752	0.00799	0.00789	0.01012	0.00645	0.00583	0.01128	0.01734	0.02153	0.18507	0.06725	0.53947	0.05778	0.01037	0.00273	0.00390	0.01499	0.00700	0.00631
35	0.02479	0.01841	0.01999	0.01574	0.02135	0.01988	0.01281	0.41867	0.17937	0.07347	0.02071	0.02018	0.01503	0.00880	0.00724	0.00217	0.00725	0.00685	0.00720	0.10010
36	0.00929	0.00660	0.00871	0.01031	0.01076	0.00621	0.00692	0.01057	0.01408	0.01875	0.03959	0.65883	0.04725	0.07462	0.01154	0.00333	0.00462	0.04533	0.00672	0.00595
37	0.00934	0.00681	0.00888	0.01020	0.01101	0.00623	0.00692	0.01082	0.01466	0.01965	0.06814	0.64991	0.07617	0.02205	0.00926	0.00289	0.00430	0.01991	0.00685	0.03601
38	0.01664	0.02672	0.29370	0.02954	0.13389	0.01802	0.32495	0.02353	0.01672	0.02375	0.01421	0.01811	0.01062	0.00662	0.00790	0.00240	0.01137	0.00718	0.00350	0.01064
39	0.07187	0.01272	0.01691	0.01303	0.01872	0.01120	0.01077	0.03545	0.02081	0.66413	0.02832	0.02460	0.01785	0.00907	0.00732	0.00230	0.00629	0.00729	0.00895	0.01240
40	0.00904	0.00646	0.00861	0.01034	0.01077	0.00603	0.00689	0.01034	0.01421	0.01895	0.04092	0.73426	0.04910	0.02326	0.00948	0.00301	0.00431	0.02110	0.00689	0.00603
41	0.01531	0.08575	0.40745	0.04711	0.05263	0.03887	0.04192	0.02145	0.01535	0.02171	0.01568	0.05723	0.01351	0.01129	0.04418	0.00291	0.06206	0.03215	0.00360	0.00982
42	0.01089	0.00838	0.01056	0.01197	0.04631	0.00808	0.00793	0.03852	0.04968	0.02192	0.10141	0.43171	0.15885	0.04524	0.01001	0.00292	0.00470	0.01714	0.00681	0.00694
43	0.01402	0.01319	0.02227	0.72126	0.05113	0.01649	0.02062	0.01897	0.01484	0.01897	0.01319	0.01979	0.00990	0.00742	0.00742	0.00247	0.00990	0.00660	0.00330	0.00825
44	0.01061	0.00795	0.01193	0.01193	0.01326	0.00928	0.00928	0.01326	0.01193	0.01723	0.01988	0.02916	0.01856	0.05568	0.70968	0.01193	0.01988	0.00795	0.00398	0.00663
45	0.01525	0.01483	0.02519	0.46498	0.13664	0.01777	0.07212	0.01973	0.01483	0.01994	0.01294	0.01908	0.01025	0.00805	0.01005	0.00255	0.11680	0.00676	0.00338	0.00887
46	0.40537	0.01638	0.01525	0.01295	0.01778	0.01872	0.01050	0.18975	0.18473	0.03616	0.01719	0.01742	0.01285	0.00820	0.00605	0.00233	0.00639	0.00579	0.00605	0.01013
47	0.01801	0.10386	0.28547	0.01807	0.02499	0.05406	0.04520	0.02788	0.19353	0.05816	0.01968	0.02054	0.03140	0.00861	0.00824	0.00236	0.05790	0.00664	0.00479	0.01063
48	0.02660	0.01999	0.02137	0.01675	0.02241	0.02227	0.01372	0.56388	0.14170	0.04418	0.01988	0.01946	0.01429	0.00910	0.00745	0.00228	0.00779	0.00697	0.00745	0.01248
49	0.01936	0.01639	0.01729	0.01529	0.01964	0.01888	0.01197	0.09692	0.62046	0.03249	0.02908	0.02679	0.02174	0.00997	0.00754	0.00249	0.00608	0.00824	0.00754	0.01183
50	0.01821	0.01851	0.05562	0.04407	0.64120	0.01767	0.04954	0.02285	0.01688	0.02421	0.01398	0.01834	0.01165	0.00662	0.00740	0.00222	0.00905	0.00666	0.00366	0.01166
51	0.01619	0.20900	0.51549	0.01948	0.02920	0.02024	0.04758	0.02321	0.01560	0.02205	0.01266	0.01492	0.00950	0.00685	0.00656	0.00217	0.01029	0.00524	0.00317	0.01058
52	0.01523	0.08661	0.65539	0.02058	0.03124	0.01807	0.02642	0.02342	0.01563	0.02310	0.01312	0.01542	0.00941	0.00701	0.00690	0.00230	0.01076	0.00538	0.00314	0.01087
53	0.01498	0.03774	0.67717	0.02152	0.03237	0.01730	0.05023	0.02352	0.01574	0.02352	0.01338	0.01583	0.00947	0.00702	0.00711	0.00236	0.01103	0.00560	0.00316	0.01094
54	0.04366	0.68346	0.07308	0.01306	0.01960	0.02833	0.01334	0.02228	0.01504	0.01828	0.01048	0.01211	0.00947	0.00641	0.00488	0.00165	0.00803	0.00405	0.00322	0.00956
55	0.01514	0.07427	0.66698	0.02073	0.03147	0.01786	0.02668	0.02344	0.01564	0.02320	0.01317	0.01548	0.00941	0.00702	0.00694	0.00231	0.01082	0.00541	0.00314	0.01090
56	0.01196	0.00854	0.01196	0.01367	0.01538	0.00854	0.01196	0.01538	0.01709	0.02222	0.03931	0.08374	0.04272	0.02051	0.01025	0.00342	0.00684	0.64283	0.00684	0.00684
57	0.01061	0.00795	0.01193	0.01193	0.01326	0.00928	0.00928	0.01326	0.01193	0.01723	0.01988	0.02916	0.01856	0.05568	0.70968	0.01193	0.01988	0.00795	0.00398	0.00663
58	0.01051	0.00759	0.00992	0.00934	0.01109	0.00700	0.00700	0.01401	0.02101	0.02977	0.68888	0.05545	0.07005	0.01518	0.00876	0.00233	0.00350	0.01343	0.00817	0.00700
59	0.00913	0.00649	0.00859	0.01023	0.01064	0.00608	0.00678	0.01036	0.01405	0.01874	0.04010	0.70242	0.04807	0.05650	0.01079	0.00321	0.00444	0.02063	0.00678	0.00596
60	0.02822	0.02079	0.02228	0.01708	0.02302	0.02302	0.01411	0.66804	0.03490	0.04679	0.01782	0.01782	0.01262	0.00891	0.00743	0.00223	0.00817	0.00668	0.00743	0.01262
61	0.03047	0.01327	0.01714	0.01357	0.01902	0.01236	0.01107	0.03680	0.14723	0.57028	0.02947	0.02573	0.01920	0.00936	0.00748	0.00234	0.00623	0.00764	0.00888	0.01246
62	0.08772	0.01878	0.02090	0.05366	0.07037	0.02096	0.01412	0.42204	0.14827	0.03982	0.01896	0.01929	0.01388	0.00872	0.00721	0.00230	0.00768	0.00677	0.00674	0.01181
63	0.02744	0.06196	0.02171	0.01888	0.02280	0.68378	0.01428	0.02937	0.02081	0.01814	0.01143	0.01333	0.00956	0.00760	0.00662	0.00190	0.01318	0.00475	0.00380	0.00864
64	0.01748	0.01685	0.02911	0.17886	0.54015	0.01746	0.04746	0.02207	0.01652	0.02319	0.01385	0.01872	0.01137	0.00676	0.00742	0.00227	0.00918	0.00669	0.00360	0.01100
65	0.01462	0.01383	0.02321	0.61505	0.12515	0.01687	0.02070	0.01937	0.01495	0.01954	0.01315	0.01949	0.01011	0.00754	0.00806	0.00247	0.03729	0.00660	0.00334	0.00865
66	0.01046	0.00759	0.00985	0.00929	0.01106	0.00698	0.00696	0.01391	0.02089	0.02948	0.67067	0.05593	0.08844	0.01528	0.00876	0.00234	0.00351	0.01349	0.00813	0.00698
67	0.02703	0.02110	0.02131	0.01673	0.02215	0.07538	0.01357	0.56774	0.05034	0.04248	0.01795	0.01932	0.01339	0.04599	0.00892	0.00246	0.00846	0.00679	0.00700	0.01188
68	0.00985	0.00756	0.00901	0.00865	0.01069	0.00672	0.00649	0.01273	0.01946	0.02607	0.45525	0.06154	0.30598	0.01656	0.00876	0.00240	0.00360	0.01428	0.00769	0.00672
69	0.01665	0.02624	0.26904	0.02842	0.06475	0.01820	0.41858	0.02364	0.01686	0.02371	0.01439	0.01846	0.01065	0.00655	0.00811	0.00244	0.01183	0.00754	0.00354	0.01042
70	0.00924	0.00654	0.00856	0.01009	0.01048	0.00616	0.00663	0.01039	0.01384	0.01845	0.03900	0.65921	0.04668	0.10161	0.01257	0.00347	0.00462	0.01998	0.00663	0.00586
71	0.00958	0.00687	0.00909	0.00997	0.01089	0.00639	0.00693	0.01168	0.01669	0.02289	0.27708	0.48685	0.05673	0.02031	0.00921	0.00277	0.00401	0.01831	0.00736	0.00639
72	0.79154	0.01436	0.01091	0.00976	0.01436	0.01665	0.00804	0.02182	0.01263	0.03331	0.01034	0.01206	0.00804	0.00689	0.00459	0.00230	0.00574	0.00402	0.00459	0.00804
73	0.13583	0.01631	0.02546	0.03711	0.53029	0.01662	0.01937	0.02183	0.01626	0.02538	0.01689	0.02263	0.03699	0.00780	0.00713	0.00229	0.00807	0.03890	0.00409	0.01074
74	0.01886	0.49871	0.19857	0.01544	0.02246	0.06081	0.01656	0.02270	0.01534	0.01900	0.01108	0.01312	0.00951	0.00692	0.00641	0.00187	0.04516	0.00451	0.00320	0.00976
75	0.01777	0.01850	0.06483	0.04168	0.57328	0.01729	0.08159	0.02244	0.01680	0.02397	0.01504	0.04525	0.01299	0.00723	0.00754	0.00227	0.00910	0.00730	0.00378	0.01134
76	0.00879	0.00747	0.00758	0.00766	0.01007	0.00625	0.00570	0.01064	0.01678	0.02000	0.07345	0.10530	0.65706	0.01903	0.00881	0.00253	0.00379	0.01595	0.00689	0.00625
77	0.01717	0.02212	0.13008	0.03045	0.08851	0.01868	0.49597	0.02336	0.01691	0.02348	0.01444	0.01912	0.01098	0.00674	0.00922	0.00250	0.04843	0.00804	0.00364	0.01018
78	0.02121	0.58286	0.03493	0.01417	0.01981	0.15796	0.01314	0.02347	0.01608	0.01761	0.01052	0.01235	0.00954	0.00684	0.00584	0.00171	0.03514	0.00422	0.00330	0.00930
79	0.01769	0.01684	0.02842	0.04264	0.63639	0.01678	0.02159	0.02195	0.01691	0.02398	0.01773	0.02322	0.04437	0.00769	0.00752	0.00226	0.00851	0.03024	0.00394	0.01132
80	0.00919	0.00655	0.00866	0.01020	0.01068	0.00612	0.00680	0.01054	0.01442	0.01932	0.07293	0.67365	0.04931	0.05038	0.01053	0.00314	0.00438	0.02032	0.00686	0.00602
81	0.06309	0.02081	0.02170	0.04431	0.02371	0.05102	0.01409	0.58615	0.03251	0.04388	0.01703	0.01745	0.01218	0.00871	0.00726	0.00223	0.00834	0.00648	0.00698	0.01207
82	0.01470	0.01396	0.02456	0.51731	0.09722	0.01612	0.10539	0.01952	0.01523	0.02021	0.01436	0.02119	0.01129	0.03664	0.00872	0.00262	0.00978	0.00707	0.03556	0.00856
83	0.01060	0.00711	0.00816	0.00835	0.00840	0.00706	0.00477	0.01074	0.01119	0.01492	0.02540	0.12714	0.02952	0.65709	0.03454	0.00672	0.00687	0.01198	0.00477	0.00467
84	0.01523	0.08694	0.65509	0.02058	0.03123	0.01808	0.02641	0.02342	0.01563	0.02309	0.01312	0.01541	0.00941	0.00700	0.00690	0.00230	0.01076	0.00538	0.00314	0.01087
85	0.01510	0.06773	0.67312	0.02081	0.03159	0.01775	0.02682	0.02346	0.01565	0.02326	0.01320	0.01552	0.00941	0.00702	0.00696	0.00232	0.01085	0.00542	0.00314	0.01091
86	0.00904	0.00646	0.00861	0.01034	0.01077	0.00603	0.00689	0.01034	0.01421	0.01895	0.04092	0.73426	0.04910	0.02326	0.00948	0.00301	0.00431	0.02110	0.00689	0.00603
87	0.01932	0.01614	0.01902	0.01961	0.12307	0.01781	0.01337	0.06103	0.49328	0.05806	0.02639	0.02519	0.01986	0.00924	0.00742	0.00238	0.00642	0.00783	0.00687	0.04770
88	0.11817	0.01919	0.02042	0.01582	0.02158	0.02102	0.01307	0.52672	0.03088	0.11282	0.01814	0.01792	0.01268	0.00870	0.00710	0.00224	0.00769	0.00645	0.00728	0.01209
89	0.03075	0.01207	0.01641	0.01277	0.01807	0.01047	0.01047	0.03369	0.02122	0.62291	0.10335	0.02866	0.02418	0.00986	0.00761	0.00230	0.00600	0.00813	0.00907	0.01200
90	0.02860	0.02018	0.02190	0.01679	0.02272	0.02211	0.01387	0.62070	0.03388	0.09557	0.01868	0.01838	0.01306	0.00893	0.00743	0.00223	0.00803	0.00674	0.00756	0.01263
91	0.00950	0.00704	0.00892	0.01016	0.01106	0.00664	0.00696	0.01182	0.04247	0.02030	0.08806	0.58716	0.11896	0.02168	0.00927	0.00289	0.00426	0.01947	0.00701	0.00636
92	0.02536	0.01723	0.01931	0.01479	0.02053	0.01763	0.01204	0.38834	0.04838	0.14286	0.01931	0.02009	0.01412	0.03867	0.00831	0.00222	0.00722	0.00657	0.00697	0.17005
93	0.01063	0.00785	0.01141	0.01141	0.01256	0.00900	0.00863	0.01292	0.01178	0.01685	0.02036	0.03180	0.01970	0.14837	0.61855	0.01129	0.01816	0.00834	0.00405	0.00634
94	0.01000	0.00730	0.00980	0.01122	0.01186	0.00726	0.00811	0.01165	0.01446	0.01928	0.03833	0.53864	0.04498	0.06422	0.01188	0.00335	0.03393	0.14094	0.00659	0.00618
95	0.79154	0.01436	0.01091	0.00976	0.01436	0.01665	0.00804	0.02182	0.01263	0.03331	0.01034	0.01206	0.00804	0.00689	0.00459	0.00230	0.00574	0.00402	0.00459	0.00804
96	0.01028	0.00758	0.00961	0.00910	0.01095	0.00691	0.00683	0.01357	0.02048	0.02849	0.60832	0.05755	0.15140	0.01565	0.00876	0.00236	0.00354	0.01372	0.00800	0.00691
97	0.06119	0.02052	0.02179	0.01676	0.02265	0.02275	0.01385	0.64013	0.03394	0.04620	0.01750	0.01757	0.01243	0.00882	0.00730	0.00223	0.00806	0.00657	0.00730	0.01243
98	0.02632	0.01960	0.02099	0.01642	0.02188	0.02175	0.01338	0.56938	0.10084	0.04351	0.01940	0.02040	0.01440	0.04587	0.00897	0.00251	0.00788	0.00707	0.00729	0.01212
99	0.01744	0.01126	0.01366	0.01118	0.01568	0.00945	0.00867	0.04966	0.01721	0.15156	0.02689	0.19423	0.05795	0.01147	0.00708	0.00194	0.00531	0.00982	0.03845	0.34109
100	0.79154	0.01436	0.01091	0.00976	0.01436	0.01665	0.00804	0.02182	0.01263	0.03331	0.01034	0.01206	0.00804	0.00689	0.00459	0.00230	0.00574	0.00402	0.00459	0.00804
101	0.04251	0.10339	0.05213	0.01231	0.01721	0.06342	0.01057	0.08000	0.01946	0.10591	0.15347	0.03117	0.11139	0.01023	0.00701	0.00199	0.00638	0.00820	0.00605	0.15717

[dist]
# distance from previous block
# <min> <max>
0	2

[block]
# block no. 2 follows, 27 sequences, length 52
# corresponding to MSA columns:
# 195-246
name=unknown_C
#
# <colnr> <probs for GDERKNQSTAVLIFYWHMCP>
#	G	D	E	R	K	N	Q	S	T	A	V	L	I	F	Y	W	H	M	C	P
0	0.01764	0.19837	0.15049	0.02089	0.05519	0.05114	0.12241	0.02164	0.01484	0.02027	0.01177	0.01564	0.01001	0.00844	0.01178	0.00238	0.21937	0.00592	0.00338	0.03844
1	0.00894	0.00733	0.00788	0.00815	0.01023	0.00627	0.00596	0.01082	0.01670	0.02049	0.10914	0.19120	0.53243	0.01938	0.00890	0.00259	0.00384	0.01651	0.00698	0.00627
2	0.27415	0.02008	0.01792	0.08377	0.02240	0.14619	0.01263	0.23506	0.02176	0.03284	0.01367	0.01556	0.01039	0.00801	0.00689	0.00224	0.03333	0.00546	0.02802	0.00964
3	0.02522	0.01958	0.01922	0.01589	0.02082	0.11152	0.01268	0.27231	0.22871	0.13200	0.04795	0.02277	0.01832	0.00938	0.00742	0.00229	0.00772	0.00732	0.00727	0.01160
4	0.01597	0.01303	0.01363	0.01241	0.01573	0.03883	0.00954	0.07566	0.28130	0.05129	0.13248	0.10320	0.17899	0.01371	0.00812	0.00248	0.00540	0.01156	0.00734	0.00933
5	0.00969	0.00720	0.00902	0.00932	0.01078	0.00654	0.00670	0.01214	0.01796	0.02429	0.35456	0.28493	0.18244	0.01857	0.00900	0.00259	0.00382	0.01642	0.00750	0.00654
6	0.01552	0.01331	0.01545	0.01117	0.01767	0.01026	0.00892	0.01957	0.04355	0.02448	0.01392	0.01592	0.01149	0.00569	0.00559	0.00116	0.00551	0.00457	0.00453	0.75171
7	0.02532	0.03036	0.02171	0.12376	0.05703	0.53125	0.01563	0.06957	0.02085	0.02043	0.01226	0.01485	0.00991	0.00765	0.00688	0.00203	0.01233	0.00526	0.00398	0.00896
8	0.00903	0.00654	0.00853	0.01013	0.01071	0.00605	0.00680	0.01036	0.01441	0.01903	0.04339	0.68637	0.09539	0.02294	0.00942	0.00298	0.00427	0.02071	0.00689	0.00605
9	0.01837	0.01764	0.03013	0.04557	0.69279	0.01764	0.02278	0.02278	0.01690	0.02425	0.01396	0.01837	0.01176	0.00661	0.00735	0.00220	0.00882	0.00661	0.00367	0.01176
10	0.01420	0.03272	0.56261	0.02019	0.02944	0.01571	0.06160	0.02163	0.01557	0.02287	0.01740	0.11958	0.01524	0.00934	0.00750	0.00246	0.01010	0.00793	0.00371	0.01020
11	0.00904	0.00646	0.00861	0.01034	0.01077	0.00603	0.00689	0.01034	0.01421	0.01895	0.04092	0.73426	0.04910	0.02326	0.00948	0.00301	0.00431	0.02110	0.00689	0.00603
12	0.01985	0.74357	0.03890	0.01270	0.01905	0.02937	0.01270	0.02223	0.01508	0.01747	0.01032	0.01191	0.00953	0.00635	0.00476	0.00159	0.00794	0.00397	0.00318	0.00953
13	0.00904	0.00646	0.00861	0.01034	0.01077	0.00603	0.00689	0.01034	0.01421	0.01895	0.04092	0.73426	0.04910	0.02326	0.00948	0.00301	0.00431	0.02110	0.00689	0.00603
14	0.01949	0.01629	0.01732	0.01531	0.01964	0.01867	0.01207	0.12166	0.56732	0.03278	0.02894	0.02866	0.02214	0.01034	0.00765	0.00252	0.00622	0.03382	0.00751	0.01167
15	0.79154	0.01436	0.01091	0.00976	0.01436	0.01665	0.00804	0.02182	0.01263	0.03331	0.01034	0.01206	0.00804	0.00689	0.00459	0.00230	0.00574	0.00402	0.00459	0.00804
16	0.02773	0.03538	0.02104	0.01913	0.02295	0.70930	0.01434	0.02964	0.02104	0.01817	0.01148	0.01339	0.00956	0.00765	0.00669	0.00191	0.01339	0.00478	0.00383	0.00861
17	0.00904	0.00646	0.00861	0.01034	0.01077	0.00603	0.00689	0.01034	0.01421	0.01895	0.04092	0.73426	0.04910	0.02326	0.00948	0.00301	0.00431	0.02110	0.00689	0.00603
18	0.00896	0.00679	0.00827	0.00946	0.01054	0.00610	0.00650	0.01044	0.01506	0.01929	0.05158	0.52815	0.24833	0.02187	0.00926	0.00286	0.00414	0.01941	0.00689	0.00610
19	0.02759	0.01962	0.02127	0.01646	0.02212	0.02153	0.01349	0.57990	0.05928	0.08774	0.01926	0.01971	0.01387	0.03270	0.00842	0.00241	0.00792	0.00694	0.00745	0.01233
20	0.01884	0.47995	0.24159	0.01573	0.02334	0.07016	0.01735	0.02311	0.01566	0.01937	0.01132	0.01317	0.00949	0.00665	0.00560	0.00184	0.00923	0.00449	0.00321	0.00991
21	0.01289	0.00645	0.00967	0.00967	0.00967	0.00645	0.00645	0.00967	0.00967	0.01289	0.01289	0.02257	0.01289	0.02579	0.02901	0.78401	0.00645	0.00645	0.00322	0.00322
22	0.01692	0.02239	0.19617	0.12167	0.40730	0.01747	0.06586	0.02256	0.01639	0.02339	0.01378	0.01799	0.01091	0.00680	0.00738	0.00229	0.00973	0.00647	0.00350	0.01102
23	0.01840	0.53781	0.23198	0.01517	0.02287	0.02583	0.01700	0.02260	0.01526	0.01923	0.01120	0.01301	0.00949	0.00656	0.00543	0.00181	0.00882	0.00441	0.00316	0.00995
24	0.00966	0.00756	0.00875	0.00845	0.01057	0.00664	0.00634	0.01236	0.01901	0.02501	0.38812	0.06329	0.37377	0.01695	0.00876	0.00242	0.00363	0.01452	0.00755	0.00664
25	0.51970	0.06248	0.01507	0.01133	0.01639	0.01697	0.00949	0.08631	0.01661	0.16361	0.01476	0.01518	0.01060	0.00750	0.00544	0.00224	0.00623	0.00494	0.00567	0.00947
26	0.07437	0.01359	0.01576	0.01341	0.01805	0.01399	0.01077	0.03397	0.29142	0.30465	0.03189	0.03106	0.06453	0.01054	0.00752	0.00245	0.00595	0.03681	0.00796	0.01129
27	0.00902	0.00729	0.00804	0.00849	0.01042	0.00631	0.00620	0.01088	0.01645	0.02031	0.09521	0.23509	0.48235	0.01978	0.00899	0.00265	0.00397	0.03534	0.00695	0.00626
28	0.04751	0.00790	0.00783	0.00753	0.00958	0.00811	0.00574	0.04882	0.01637	0.02884	0.02332	0.02654	0.01825	0.00859	0.00527	0.00178	0.00378	0.00678	0.71021	0.00724
29	0.05174	0.07222	0.41014	0.02355	0.12680	0.04444	0.05378	0.06551	0.01740	0.02523	0.03328	0.01712	0.01179	0.00729	0.00700	0.00226	0.01001	0.00594	0.00377	0.01073
30	0.11925	0.04521	0.14369	0.02445	0.03168	0.01839	0.38114	0.02444	0.04631	0.05057	0.01505	0.01844	0.01122	0.00695	0.00815	0.00244	0.03117	0.00732	0.00411	0.01002
31	0.00904	0.00646	0.00861	0.01034	0.01077	0.00603	0.00689	0.01034	0.01421	0.01895	0.04092	0.73426	0.04910	0.02326	0.00948	0.00301	0.00431	0.02110	0.00689	0.00603
32	0.01705	0.01354	0.01720	0.01237	0.01894	0.01050	0.04720	0.02048	0.01602	0.08169	0.01467	0.01651	0.01164	0.00586	0.00586	0.00128	0.00598	0.00491	0.00477	0.67353
33	0.16135	0.05875	0.01788	0.01314	0.01822	0.01428	0.01097	0.03161	0.04832	0.45976	0.02341	0.02159	0.01559	0.00894	0.00808	0.00233	0.06040	0.00662	0.00750	0.01127
34	0.00904	0.00646	0.00861	0.01034	0.01077	0.00603	0.00689	0.01034	0.01421	0.01895	0.04092	0.73426	0.04910	0.02326	0.00948	0.00301	0.00431	0.02110	0.00689	0.00603
35	0.01774	0.01318	0.03889	0.03863	0.01775	0.01305	0.01065	0.05792	0.25102	0.12870	0.22184	0.03731	0.07000	0.03877	0.00905	0.00258	0.00563	0.00994	0.00751	0.00983
36	0.07619	0.01339	0.01603	0.01327	0.01808	0.01343	0.01066	0.03437	0.23677	0.37687	0.08607	0.02784	0.02363	0.00985	0.00742	0.00237	0.00589	0.00807	0.00826	0.01155
37	0.00901	0.00661	0.00846	0.00993	0.01066	0.00606	0.00671	0.01038	0.01460	0.01911	0.04582	0.63954	0.14066	0.02262	0.00938	0.00294	0.00423	0.02033	0.00689	0.00606
38	0.02663	0.03376	0.02025	0.01845	0.02220	0.66840	0.01384	0.02854	0.02080	0.01828	0.01518	0.01676	0.04913	0.00830	0.00681	0.00195	0.01283	0.00541	0.00400	0.00847
39	0.00903	0.00651	0.00857	0.01021	0.01073	0.00604	0.00684	0.01035	0.01433	0.01900	0.04245	0.70465	0.07772	0.02306	0.00944	0.00299	0.00428	0.02086	0.00689	0.00604
40	0.02758	0.02048	0.02192	0.01695	0.02278	0.02272	0.01396	0.62679	0.07719	0.04575	0.01864	0.01847	0.01328	0.00899	0.00743	0.00225	0.00802	0.00680	0.00743	0.01257
41	0.02058	0.02284	0.01756	0.01608	0.01869	0.35957	0.01237	0.04269	0.01743	0.01957	0.01488	0.01941	0.01296	0.02164	0.20283	0.00482	0.09262	0.00609	0.06940	0.00799
42	0.02702	0.03434	0.02053	0.01869	0.02247	0.68306	0.01402	0.02893	0.02088	0.01824	0.01385	0.01555	0.03495	0.00807	0.00677	0.00193	0.01303	0.00519	0.00394	0.00852
43	0.01426	0.00985	0.01212	0.03844	0.01506	0.00983	0.00899	0.12391	0.01911	0.06912	0.08186	0.38236	0.11929	0.01810	0.00882	0.00273	0.00530	0.04599	0.00708	0.00779
44	0.01120	0.00808	0.01103	0.01263	0.01415	0.00792	0.01058	0.01411	0.01653	0.02145	0.04196	0.20695	0.08631	0.02092	0.01001	0.00328	0.00615	0.48323	0.00685	0.00664
45	0.02633	0.01890	0.02092	0.04813	0.02319	0.02082	0.01369	0.52000	0.08064	0.08650	0.02034	0.05115	0.01527	0.00959	0.00753	0.00230	0.00778	0.00750	0.00734	0.01207
46	0.01729	0.01545	0.02226	0.04254	0.08026	0.01748	0.08206	0.11212	0.01707	0.02479	0.01615	0.08435	0.01487	0.01063	0.01316	0.00250	0.25355	0.00787	0.04964	0.11596
47	0.01831	0.38736	0.16811	0.01516	0.02134	0.09491	0.01543	0.02249	0.03696	0.01933	0.01529	0.01744	0.04127	0.01113	0.05738	0.00266	0.03702	0.00542	0.00360	0.00939
48	0.01028	0.00835	0.01029	0.01134	0.06012	0.00751	0.00782	0.01299	0.01827	0.02370	0.26869	0.06333	0.38785	0.01687	0.00878	0.00250	0.00428	0.06299	0.00707	0.00695
49	0.01915	0.01469	0.01621	0.01452	0.03729	0.01610	0.01097	0.18328	0.30036	0.05406	0.09490	0.03198	0.06842	0.05842	0.00959	0.00268	0.00613	0.00897	0.04180	0.01046
50	0.47405	0.01915	0.06198	0.01352	0.01884	0.08801	0.03395	0.11696	0.01765	0.07632	0.01314	0.01442	0.00974	0.00740	0.00572	0.00226	0.00750	0.00497	0.00510	0.00933
51	0.01155	0.00773	0.01015	0.01102	0.01254	0.00707	0.00816	0.01351	0.01547	0.06442	0.04048	0.47721	0.08568	0.02048	0.00922	0.00290	0.00496	0.13865	0.00689	0.05192

[dist]
# distance from previous block
# <min> <max>
0	1

[block]
# block no. 3 follows, 27 sequences, length 48
# corresponding to MSA columns:
# 248-295
name=unknown_D
#
# <colnr> <probs for GDERKNQSTAVLIFYWHMCP>
#	G	D	E	R	K	N	Q	S	T	A	V	L	I	F	Y	W	H	M	C	P
0	0.01364	0.01355	0.02483	0.02061	0.05202	0.01317	0.26984	0.01722	0.01579	0.02136	0.02995	0.24917	0.10626	0.01366	0.01009	0.00266	0.06787	0.01301	0.00510	0.04023
1	0.00904	0.00646	0.00861	0.01034	0.01077	0.00603	0.00689	0.01034	0.01421	0.01895	0.04092	0.73426	0.04910	0.02326	0.00948	0.00301	0.00431	0.02110	0.00689	0.00603
2	0.01898	0.01935	0.02583	0.08344	0.44599	0.13215	0.01965	0.02357	0.04463	0.02275	0.01569	0.02176	0.01356	0.00978	0.03748	0.00266	0.00991	0.03828	0.00401	0.01052
3	0.05274	0.02399	0.02031	0.04241	0.02185	0.30499	0.01404	0.12485	0.02016	0.06872	0.01669	0.01885	0.04722	0.00978	0.01110	0.00237	0.17963	0.00628	0.00478	0.00923
4	0.00881	0.00737	0.00767	0.00792	0.01013	0.00623	0.00582	0.01061	0.01654	0.01990	0.07038	0.16477	0.59957	0.01943	0.00887	0.00258	0.00384	0.01643	0.00689	0.00623
5	0.01516	0.01457	0.02500	0.52072	0.17611	0.01711	0.05558	0.01993	0.01525	0.02023	0.01330	0.01937	0.01033	0.00744	0.00820	0.00246	0.04011	0.00671	0.00340	0.00903
6	0.00997	0.00757	0.00918	0.00878	0.01076	0.00678	0.00659	0.01298	0.01976	0.02678	0.50024	0.06037	0.26055	0.01629	0.00876	0.00239	0.00358	0.01411	0.00778	0.00678
7	0.00920	0.00658	0.00876	0.01023	0.01080	0.00614	0.00690	0.01074	0.01495	0.02012	0.11118	0.66065	0.05137	0.02238	0.00940	0.00294	0.00422	0.02027	0.00703	0.00614
8	0.01051	0.00759	0.00992	0.00934	0.01109	0.00700	0.00700	0.01401	0.02101	0.02977	0.68888	0.05545	0.07005	0.01518	0.00876	0.00233	0.00350	0.01343	0.00817	0.00700
9	0.00911	0.00656	0.00865	0.01019	0.01076	0.00609	0.00685	0.01055	0.01467	0.01957	0.07697	0.67470	0.07249	0.02267	0.00941	0.00296	0.00424	0.02050	0.00696	0.00609
10	0.02775	0.03475	0.02109	0.01904	0.02295	0.67957	0.01433	0.05730	0.02164	0.01941	0.01175	0.01358	0.00970	0.00770	0.00673	0.00193	0.01316	0.00486	0.00398	0.00878
11	0.02395	0.02854	0.02100	0.01862	0.02178	0.48416	0.03528	0.04657	0.01902	0.01947	0.01251	0.01575	0.01067	0.01184	0.05801	0.00284	0.12676	0.00553	0.02916	0.00851
12	0.01896	0.01588	0.01683	0.01484	0.01908	0.01810	0.01162	0.11233	0.55184	0.03249	0.05756	0.02922	0.04707	0.01045	0.00763	0.00248	0.00598	0.00866	0.00754	0.01146
13	0.75449	0.01443	0.01119	0.01002	0.01459	0.01674	0.00822	0.02267	0.04459	0.03320	0.01129	0.01281	0.00874	0.00704	0.00474	0.00231	0.00575	0.00423	0.00474	0.00822
14	0.00913	0.00736	0.00813	0.00830	0.01034	0.00636	0.00609	0.01121	0.01722	0.02162	0.17989	0.17578	0.47483	0.01887	0.00888	0.00256	0.00380	0.01614	0.00712	0.00636
15	0.08400	0.06317	0.02194	0.02070	0.12192	0.27920	0.01437	0.18267	0.04532	0.02831	0.03642	0.01734	0.01324	0.00803	0.00675	0.00207	0.00965	0.00589	0.02890	0.01007
16	0.01289	0.00645	0.00967	0.00967	0.00967	0.00645	0.00645	0.00967	0.00967	0.01289	0.01289	0.02257	0.01289	0.02579	0.02901	0.78401	0.00645	0.00645	0.00322	0.00322
17	0.01903	0.01952	0.10960	0.02347	0.18428	0.01814	0.01684	0.12759	0.28992	0.03023	0.02280	0.02613	0.01811	0.00936	0.00760	0.00244	0.00767	0.04985	0.00597	0.01146
18	0.01739	0.02094	0.07668	0.03078	0.03846	0.01870	0.63388	0.02377	0.01743	0.02377	0.01493	0.01981	0.01117	0.00630	0.00868	0.00250	0.01244	0.00860	0.00372	0.01006
19	0.01024	0.00758	0.00956	0.00906	0.01093	0.00689	0.00680	0.01350	0.02039	0.02830	0.59584	0.05788	0.16400	0.01573	0.00876	0.00236	0.00354	0.01377	0.00798	0.00689
20	0.01544	0.11720	0.62669	0.02021	0.03067	0.01860	0.02578	0.02337	0.01561	0.02283	0.01299	0.01525	0.00942	0.00697	0.00680	0.00227	0.01063	0.00532	0.00314	0.01081
21	0.01129	0.01035	0.03229	0.01185	0.03390	0.04628	0.00908	0.01393	0.01729	0.02201	0.15471	0.19392	0.25245	0.01806	0.00899	0.00271	0.00536	0.14192	0.00670	0.00690
22	0.00903	0.00651	0.00856	0.01020	0.01073	0.00604	0.00683	0.01035	0.01435	0.01901	0.04263	0.70108	0.08117	0.02303	0.00944	0.00299	0.00428	0.02083	0.00689	0.00604
23	0.01770	0.01834	0.04876	0.23713	0.43760	0.06834	0.02169	0.02222	0.01658	0.02226	0.01354	0.01833	0.01099	0.00694	0.00731	0.00227	0.00954	0.00644	0.00356	0.01049
24	0.01743	0.29517	0.06025	0.10183	0.02595	0.02341	0.09547	0.02066	0.01427	0.01901	0.01128	0.01542	0.00989	0.00848	0.01161	0.00233	0.22553	0.00571	0.00332	0.03298
25	0.02548	0.01875	0.02033	0.01612	0.02127	0.02060	0.01308	0.57417	0.03195	0.04281	0.02112	0.12008	0.01783	0.01096	0.00772	0.00234	0.00762	0.00874	0.00735	0.01168
26	0.00902	0.00654	0.00853	0.01012	0.01071	0.00605	0.00679	0.01036	0.01442	0.01904	0.04358	0.68281	0.09883	0.02291	0.00942	0.00298	0.00426	0.02068	0.00689	0.00605
27	0.01662	0.01419	0.01736	0.01250	0.01908	0.01147	0.04075	0.07570	0.01720	0.02615	0.01369	0.01583	0.01115	0.00583	0.00582	0.00127	0.00607	0.00481	0.00463	0.67989
28	0.11281	0.01276	0.03832	0.01239	0.01638	0.01202	0.01013	0.09578	0.05549	0.23021	0.15067	0.14139	0.03102	0.01374	0.03062	0.00274	0.00619	0.01026	0.00741	0.00967
29	0.00908	0.00735	0.00807	0.00828	0.01031	0.00634	0.00606	0.01110	0.01706	0.02131	0.16054	0.18303	0.48750	0.01903	0.00889	0.00257	0.00382	0.01627	0.00708	0.00634
30	0.01489	0.03840	0.70064	0.02116	0.03213	0.01724	0.02743	0.02351	0.01567	0.02351	0.01332	0.01567	0.00940	0.00705	0.00705	0.00235	0.01097	0.00549	0.00313	0.01097
31	0.01489	0.03840	0.70064	0.02116	0.03213	0.01724	0.02743	0.02351	0.01567	0.02351	0.01332	0.01567	0.00940	0.00705	0.00705	0.00235	0.01097	0.00549	0.00313	0.01097
32	0.00904	0.00646	0.00861	0.01034	0.01077	0.00603	0.00689	0.01034	0.01421	0.01895	0.04092	0.73426	0.04910	0.02326	0.00948	0.00301	0.00431	0.02110	0.00689	0.00603
33	0.01624	0.01624	0.02274	0.01949	0.01949	0.02274	0.01624	0.01787	0.01137	0.01787	0.00975	0.01624	0.00975	0.01299	0.02436	0.00325	0.72552	0.00650	0.00325	0.00812
34	0.00913	0.00663	0.00864	0.01022	0.01088	0.00615	0.00697	0.01055	0.01456	0.01917	0.04385	0.65180	0.10487	0.02276	0.00944	0.00299	0.00435	0.04406	0.00689	0.00608
35	0.01210	0.00887	0.01267	0.06244	0.01784	0.00909	0.01256	0.01563	0.01693	0.02199	0.03751	0.07933	0.04046	0.01961	0.01006	0.00335	0.00705	0.59897	0.00659	0.00693
36	0.73093	0.01519	0.03716	0.01033	0.01522	0.01644	0.00889	0.02248	0.01310	0.06041	0.01123	0.01274	0.00852	0.00699	0.00481	0.00230	0.00596	0.00422	0.00473	0.00834
37	0.02773	0.03538	0.02104	0.01913	0.02295	0.70930	0.01434	0.02964	0.02104	0.01817	0.01148	0.01339	0.00956	0.00765	0.00669	0.00191	0.01339	0.00478	0.00383	0.00861
38	0.07848	0.02300	0.02123	0.02471	0.20934	0.28848	0.01571	0.04648	0.06449	0.02343	0.01777	0.02638	0.01605	0.00944	0.00734	0.00230	0.00987	0.10132	0.00467	0.00953
39	0.00892	0.00722	0.00793	0.00841	0.01028	0.00623	0.00606	0.01069	0.01629	0.02011	0.08895	0.26301	0.48009	0.01995	0.00898	0.00265	0.00391	0.01716	0.00694	0.00623
40	0.05603	0.01820	0.02210	0.22205	0.05666	0.02065	0.01607	0.42759	0.02745	0.03728	0.01602	0.01817	0.01161	0.00831	0.00730	0.00230	0.00859	0.00654	0.00596	0.01113
41	0.10408	0.02211	0.20007	0.07788	0.02530	0.04363	0.01644	0.07023	0.21020	0.12527	0.02042	0.02057	0.01466	0.00839	0.00703	0.00237	0.00807	0.00660	0.00576	0.01090
42	0.00884	0.00748	0.00765	0.00769	0.01009	0.00628	0.00574	0.01076	0.01695	0.02035	0.09498	0.09712	0.64309	0.01885	0.00880	0.00252	0.00377	0.01581	0.00694	0.00628
