[name]
unknown

[dist]
# distance from previous block
# <min> <max>
0	46

[block]
# block no. 0 follows, 29 sequences, length 24
# corresponding to MSA columns:
# 47-70
name=unknown_A
#
# <colnr> <probs for GDERKNQSTAVLIFYWHMCP>
#	G	D	E	R	K	N	Q	S	T	A	V	L	I	F	Y	W	H	M	C	P
0	0.13666	0.02148	0.18573	0.09813	0.08592	0.07151	0.05052	0.05618	0.09720	0.08121	0.01652	0.01955	0.01258	0.00777	0.00674	0.00226	0.00852	0.02703	0.00465	0.00982
1	0.15139	0.01493	0.02024	0.07606	0.15630	0.01565	0.05902	0.10164	0.10326	0.16641	0.05118	0.02093	0.01588	0.00799	0.00683	0.00223	0.00714	0.00677	0.00580	0.01035
2	0.01367	0.01124	0.03685	0.01177	0.01471	0.01094	0.00961	0.02252	0.23750	0.05443	0.30338	0.04668	0.08273	0.01337	0.00812	0.00245	0.00491	0.09937	0.00727	0.00848
3	0.01345	0.01266	0.02136	0.73264	0.04904	0.01582	0.01978	0.01819	0.01424	0.01819	0.01266	0.01898	0.00949	0.00712	0.00712	0.00237	0.00949	0.00633	0.00316	0.00791
4	0.00854	0.00707	0.00749	0.00771	0.00978	0.00601	0.00566	0.01034	0.01605	0.01957	0.10037	0.16801	0.57188	0.01848	0.00851	0.00247	0.00367	0.01569	0.00668	0.00601
5	0.01179	0.00973	0.01342	0.01252	0.01306	0.01208	0.00955	0.01334	0.01098	0.01594	0.01720	0.02960	0.01762	0.23653	0.32725	0.00776	0.22369	0.00799	0.00375	0.00620
6	0.01001	0.00732	0.00942	0.00902	0.01076	0.00673	0.00685	0.01323	0.01963	0.02738	0.61348	0.05590	0.12060	0.01512	0.00847	0.00231	0.00354	0.04592	0.00767	0.00665
7	0.80005	0.01377	0.01047	0.00936	0.01377	0.01597	0.00771	0.02093	0.01212	0.03195	0.00991	0.01157	0.00771	0.00661	0.00441	0.00220	0.00551	0.00386	0.00441	0.00771
8	0.80005	0.01377	0.01047	0.00936	0.01377	0.01597	0.00771	0.02093	0.01212	0.03195	0.00991	0.01157	0.00771	0.00661	0.00441	0.00220	0.00551	0.00386	0.00441	0.00771
9	0.00874	0.00630	0.00828	0.00974	0.01031	0.00584	0.00656	0.01011	0.01410	0.01877	0.07566	0.67626	0.07959	0.02170	0.00902	0.00283	0.00407	0.01961	0.00667	0.00584
10	0.68543	0.01407	0.01171	0.01012	0.01470	0.01597	0.00834	0.06837	0.01427	0.08618	0.01185	0.01295	0.00880	0.00692	0.00481	0.00220	0.00571	0.00429	0.00494	0.00837
11	0.13180	0.02914	0.46133	0.01988	0.06198	0.01648	0.06272	0.05345	0.01593	0.06392	0.01356	0.01553	0.00968	0.00687	0.00657	0.00224	0.00940	0.00547	0.00380	0.01025
12	0.04356	0.01702	0.01895	0.06754	0.04457	0.04878	0.01280	0.34318	0.08460	0.15698	0.03886	0.02254	0.05003	0.00905	0.00714	0.00219	0.00730	0.00713	0.00680	0.01098
13	0.01016	0.00733	0.00963	0.00919	0.01087	0.00680	0.00699	0.01351	0.01994	0.02814	0.66402	0.05472	0.06570	0.01485	0.00848	0.00230	0.00354	0.04934	0.00777	0.00671
14	0.15076	0.01634	0.01705	0.01468	0.01908	0.04146	0.04189	0.10330	0.45315	0.03104	0.02321	0.02222	0.01741	0.00878	0.00678	0.00233	0.00639	0.00707	0.00647	0.01058
15	0.04725	0.07917	0.21917	0.11259	0.04385	0.01622	0.01693	0.09545	0.01802	0.19486	0.01908	0.02000	0.04066	0.00815	0.00743	0.00222	0.03726	0.00631	0.00514	0.01026
16	0.01768	0.54974	0.22975	0.01449	0.02185	0.02486	0.01621	0.02167	0.01463	0.01840	0.01072	0.01245	0.00910	0.00628	0.00519	0.00173	0.00844	0.00422	0.00303	0.00953
17	0.01904	0.75404	0.03731	0.01218	0.01828	0.02818	0.01218	0.02132	0.01447	0.01675	0.00990	0.01142	0.00914	0.00609	0.00457	0.00152	0.00761	0.00381	0.00305	0.00914
18	0.00863	0.00638	0.00807	0.00942	0.01020	0.00583	0.00639	0.00997	0.01411	0.01837	0.04526	0.62145	0.16687	0.02153	0.00897	0.00280	0.00404	0.01929	0.00661	0.00583
19	0.01501	0.01355	0.01982	0.37035	0.12027	0.04719	0.01654	0.01916	0.03632	0.04241	0.01690	0.10303	0.01510	0.00957	0.00900	0.00242	0.08818	0.00795	0.03896	0.00829
20	0.01826	0.01765	0.02620	0.17066	0.47421	0.07129	0.02018	0.07353	0.01750	0.02355	0.01336	0.01747	0.01084	0.00674	0.00702	0.00214	0.00894	0.00621	0.00375	0.01047
21	0.01154	0.00928	0.01061	0.01069	0.01284	0.00948	0.00803	0.01862	0.20543	0.02317	0.12291	0.24455	0.20042	0.01660	0.00839	0.00259	0.00453	0.06584	0.00693	0.00755
22	0.01020	0.00684	0.00781	0.00796	0.00800	0.00680	0.00452	0.01032	0.01065	0.01420	0.02395	0.10966	0.02780	0.68408	0.03379	0.00654	0.00665	0.01125	0.00452	0.00445
23	0.09209	0.01997	0.07935	0.01596	0.02149	0.02030	0.01395	0.45502	0.08198	0.06192	0.01701	0.01737	0.01228	0.00855	0.00779	0.00223	0.04886	0.00624	0.00637	0.01128

[dist]
# distance from previous block
# <min> <max>
3	5

[block]
# block no. 1 follows, 29 sequences, length 23
# corresponding to MSA columns:
# 77-99
name=unknown_B
#
# <colnr> <probs for GDERKNQSTAVLIFYWHMCP>
#	G	D	E	R	K	N	Q	S	T	A	V	L	I	F	Y	W	H	M	C	P
0	0.04478	0.01764	0.07608	0.04341	0.10269	0.03943	0.01404	0.13241	0.30942	0.02925	0.04984	0.02559	0.01933	0.02907	0.00797	0.00244	0.00707	0.03310	0.00599	0.01045
1	0.00979	0.00720	0.00909	0.00875	0.01039	0.00658	0.00646	0.01272	0.01895	0.02627	0.56023	0.09458	0.14576	0.04036	0.00938	0.00246	0.00356	0.01349	0.00749	0.00649
2	0.05938	0.11650	0.31415	0.02279	0.07853	0.01842	0.20010	0.02242	0.01535	0.03951	0.01300	0.01597	0.00984	0.00671	0.00749	0.00222	0.03821	0.00602	0.00344	0.00994
3	0.13615	0.01631	0.04489	0.01388	0.01928	0.01618	0.01178	0.27771	0.06249	0.26935	0.04624	0.02059	0.01590	0.00859	0.00679	0.00219	0.00671	0.00660	0.00719	0.01118
4	0.00998	0.00723	0.00949	0.00952	0.01105	0.00674	0.00722	0.01298	0.01864	0.02587	0.50477	0.15399	0.08588	0.01639	0.00867	0.00246	0.00386	0.09125	0.00747	0.00654
5	0.01708	0.36346	0.29497	0.01669	0.02438	0.02143	0.07383	0.02203	0.01530	0.04211	0.03945	0.01553	0.01181	0.00677	0.00597	0.00193	0.00888	0.00522	0.00345	0.00971
6	0.01040	0.00863	0.00891	0.00862	0.01094	0.00827	0.00630	0.01524	0.13761	0.02029	0.05655	0.05751	0.47348	0.13100	0.01256	0.00311	0.00449	0.01304	0.00637	0.00670
7	0.00941	0.00727	0.00852	0.00831	0.01025	0.00647	0.00624	0.01197	0.01795	0.02369	0.37725	0.06070	0.34276	0.04201	0.00944	0.00251	0.00371	0.03809	0.00713	0.00632
8	0.01345	0.01266	0.02136	0.73264	0.04904	0.01582	0.01978	0.01819	0.01424	0.01819	0.01266	0.01898	0.00949	0.00712	0.00712	0.00237	0.00949	0.00633	0.00316	0.00791
9	0.01882	0.01618	0.01634	0.01462	0.01869	0.05597	0.01137	0.03718	0.62607	0.05901	0.02796	0.02571	0.02087	0.00950	0.00720	0.00237	0.00605	0.00782	0.00712	0.01114
10	0.01762	0.01692	0.02890	0.04371	0.70533	0.01692	0.02185	0.02185	0.01621	0.02326	0.01339	0.01762	0.01128	0.00634	0.00705	0.00211	0.00846	0.00634	0.00352	0.01128
11	0.69886	0.07989	0.01330	0.00990	0.01451	0.01731	0.00835	0.04806	0.01320	0.03113	0.01021	0.01178	0.00802	0.00664	0.00453	0.00214	0.00579	0.00396	0.00440	0.00802
12	0.01345	0.01266	0.02136	0.73264	0.04904	0.01582	0.01978	0.01819	0.01424	0.01819	0.01266	0.01898	0.00949	0.00712	0.00712	0.00237	0.00949	0.00633	0.00316	0.00791
13	0.02707	0.01995	0.02137	0.01638	0.02208	0.02208	0.01353	0.68159	0.03348	0.04488	0.01710	0.01710	0.01211	0.00855	0.00712	0.00214	0.00784	0.00641	0.00712	0.01211
14	0.01057	0.00744	0.00938	0.00891	0.00926	0.00736	0.03583	0.01091	0.01082	0.01444	0.02290	0.08003	0.02624	0.67902	0.03360	0.00649	0.00700	0.01076	0.00440	0.00463
15	0.10482	0.01227	0.01595	0.01236	0.01776	0.01099	0.01020	0.03340	0.01960	0.64591	0.02637	0.02303	0.01669	0.00860	0.00690	0.00220	0.00601	0.00685	0.00840	0.01170
16	0.01017	0.00763	0.01144	0.01144	0.01272	0.00890	0.00890	0.01272	0.01144	0.01653	0.01907	0.02797	0.01780	0.05340	0.72153	0.01144	0.01907	0.00763	0.00381	0.00636
17	0.00908	0.00683	0.00828	0.00874	0.01007	0.00617	0.00616	0.01101	0.01603	0.02114	0.23287	0.31580	0.24315	0.05879	0.01019	0.00279	0.00391	0.01612	0.00683	0.00603
18	0.01919	0.66998	0.07663	0.01302	0.01924	0.06720	0.01312	0.02180	0.01483	0.01714	0.01013	0.01172	0.00913	0.00620	0.00481	0.00158	0.00809	0.00394	0.00308	0.00917
19	0.01002	0.00684	0.00779	0.00798	0.00820	0.00671	0.00467	0.01029	0.01116	0.01471	0.02795	0.13186	0.07606	0.61105	0.03103	0.00611	0.00634	0.01187	0.00475	0.00461
20	0.01249	0.00956	0.01244	0.01171	0.01350	0.00974	0.03802	0.11558	0.01762	0.02377	0.13313	0.37507	0.07748	0.07310	0.01125	0.00294	0.03427	0.01485	0.00642	0.00706
21	0.01699	0.01397	0.01596	0.01160	0.01782	0.01177	0.00936	0.13796	0.01815	0.02712	0.01346	0.01519	0.01083	0.00587	0.00561	0.00125	0.00574	0.00462	0.00474	0.65200
22	0.02572	0.11838	0.02200	0.01486	0.02025	0.05151	0.01246	0.41897	0.02740	0.14548	0.05844	0.01943	0.01574	0.00856	0.00683	0.00206	0.00748	0.00648	0.00673	0.01121

[dist]
# distance from previous block
# <min> <max>
0	1

[block]
# block no. 2 follows, 29 sequences, length 46
# corresponding to MSA columns:
# 101-146
name=unknown_C
#
# <colnr> <probs for GDERKNQSTAVLIFYWHMCP>
#	G	D	E	R	K	N	Q	S	T	A	V	L	I	F	Y	W	H	M	C	P
0	0.01813	0.30083	0.07503	0.01443	0.01977	0.01990	0.05463	0.05008	0.05166	0.07202	0.04527	0.01875	0.03664	0.00800	0.00787	0.00193	0.08789	0.00587	0.00438	0.10691
1	0.02111	0.02239	0.02564	0.03380	0.44256	0.23429	0.01872	0.07433	0.01876	0.02312	0.01294	0.01611	0.01069	0.00682	0.00686	0.00203	0.00976	0.00581	0.00384	0.01041
2	0.05726	0.01937	0.02074	0.01595	0.02159	0.02134	0.01318	0.62804	0.03209	0.07310	0.01729	0.01719	0.01218	0.00848	0.00702	0.00214	0.00767	0.00634	0.00709	0.01194
3	0.00866	0.00624	0.00822	0.00980	0.01030	0.00579	0.00656	0.00993	0.01374	0.01822	0.04066	0.71609	0.07520	0.02213	0.00906	0.00287	0.00411	0.02002	0.00661	0.00579
4	0.02350	0.01684	0.01825	0.01424	0.01967	0.03775	0.01156	0.33694	0.11016	0.12899	0.02063	0.02017	0.03372	0.00830	0.00678	0.00196	0.00682	0.00647	0.00666	0.17060
5	0.01762	0.01692	0.02890	0.04371	0.70533	0.01692	0.02185	0.02185	0.01621	0.02326	0.01339	0.01762	0.01128	0.00634	0.00705	0.00211	0.00846	0.00634	0.00352	0.01128
6	0.00868	0.00620	0.00826	0.00991	0.01033	0.00578	0.00661	0.00991	0.01363	0.01818	0.03925	0.74510	0.04710	0.02231	0.00909	0.00289	0.00413	0.02024	0.00661	0.00578
7	0.01036	0.00690	0.00777	0.00777	0.00777	0.00690	0.00431	0.01036	0.01036	0.01381	0.02244	0.04660	0.02589	0.74975	0.03624	0.00690	0.00690	0.01036	0.00431	0.00431
8	0.02699	0.02046	0.02078	0.01625	0.02171	0.07932	0.01328	0.56405	0.05568	0.08287	0.01770	0.01753	0.01256	0.00850	0.00707	0.00213	0.00806	0.00637	0.00694	0.01176
9	0.01723	0.01502	0.01773	0.01889	0.12416	0.01688	0.01292	0.03366	0.53789	0.02815	0.02723	0.02919	0.02155	0.00989	0.00741	0.00243	0.00614	0.05608	0.00662	0.01092
10	0.01017	0.00763	0.01144	0.01144	0.01272	0.00890	0.00890	0.01272	0.01144	0.01653	0.01907	0.02797	0.01780	0.05340	0.72153	0.01144	0.01907	0.00763	0.00381	0.00636
11	0.02660	0.03394	0.02018	0.01834	0.02201	0.72116	0.01376	0.02843	0.02018	0.01743	0.01101	0.01284	0.00917	0.00734	0.00642	0.00183	0.01284	0.00459	0.00367	0.00825
12	0.80005	0.01377	0.01047	0.00936	0.01377	0.01597	0.00771	0.02093	0.01212	0.03195	0.00991	0.01157	0.00771	0.00661	0.00441	0.00220	0.00551	0.00386	0.00441	0.00771
13	0.01327	0.00664	0.00664	0.00664	0.00830	0.00664	0.00498	0.01659	0.01493	0.02655	0.02323	0.02655	0.01825	0.00830	0.00498	0.00166	0.00332	0.00664	0.78928	0.00664
14	0.01262	0.00847	0.01118	0.01160	0.03639	0.00806	0.00862	0.03923	0.01814	0.07665	0.29281	0.15733	0.09387	0.04096	0.00957	0.00272	0.00485	0.15269	0.00707	0.00718
15	0.01237	0.00618	0.00928	0.00928	0.00928	0.00618	0.00618	0.00928	0.00928	0.01237	0.01237	0.02165	0.01237	0.02474	0.02783	0.79283	0.00618	0.00618	0.00309	0.00309
16	0.01762	0.01692	0.02890	0.04371	0.70533	0.01692	0.02185	0.02185	0.01621	0.02326	0.01339	0.01762	0.01128	0.00634	0.00705	0.00211	0.00846	0.00634	0.00352	0.01128
17	0.80005	0.01377	0.01047	0.00936	0.01377	0.01597	0.00771	0.02093	0.01212	0.03195	0.00991	0.01157	0.00771	0.00661	0.00441	0.00220	0.00551	0.00386	0.00441	0.00771
18	0.80005	0.01377	0.01047	0.00936	0.01377	0.01597	0.00771	0.02093	0.01212	0.03195	0.00991	0.01157	0.00771	0.00661	0.00441	0.00220	0.00551	0.00386	0.00441	0.00771
19	0.01552	0.01477	0.02510	0.39050	0.37497	0.01637	0.02081	0.02001	0.01522	0.02071	0.01302	0.01831	0.01038	0.00673	0.00708	0.00224	0.00898	0.00634	0.00334	0.00958
20	0.00868	0.00620	0.00826	0.00991	0.01033	0.00578	0.00661	0.00991	0.01363	0.01818	0.03925	0.74510	0.04710	0.02231	0.00909	0.00289	0.00413	0.02024	0.00661	0.00578
21	0.01470	0.01393	0.02362	0.52599	0.24590	0.01615	0.02040	0.01929	0.01483	0.01971	0.01288	0.01858	0.01003	0.00689	0.00710	0.00230	0.00918	0.00633	0.00327	0.00892
22	0.00873	0.00639	0.00821	0.00953	0.01026	0.00587	0.00647	0.01017	0.01435	0.01894	0.08388	0.62051	0.12789	0.02131	0.00896	0.00279	0.00402	0.01916	0.00669	0.00587
23	0.04601	0.06479	0.58795	0.01935	0.02841	0.01753	0.02391	0.02190	0.01449	0.02215	0.01220	0.01479	0.00901	0.00729	0.00820	0.00231	0.08133	0.00524	0.00308	0.01008
24	0.01747	0.01676	0.02863	0.06864	0.68158	0.01688	0.02178	0.02172	0.01614	0.02308	0.01337	0.01767	0.01121	0.00637	0.00705	0.00212	0.00850	0.00634	0.00351	0.01116
25	0.03195	0.01212	0.01652	0.01267	0.01818	0.01047	0.01047	0.03470	0.02038	0.71026	0.02809	0.02424	0.01763	0.00881	0.00716	0.00220	0.00606	0.00716	0.00881	0.01212
26	0.01762	0.01692	0.02890	0.04371	0.70533	0.01692	0.02185	0.02185	0.01621	0.02326	0.01339	0.01762	0.01128	0.00634	0.00705	0.00211	0.00846	0.00634	0.00352	0.01128
27	0.01444	0.03575	0.67169	0.02089	0.03121	0.01663	0.06639	0.02257	0.01514	0.02257	0.01288	0.01529	0.00913	0.00672	0.00687	0.00226	0.01061	0.00545	0.00304	0.01047
28	0.01652	0.06530	0.02272	0.01824	0.01888	0.06734	0.01524	0.01814	0.01174	0.01713	0.00949	0.01513	0.00932	0.01171	0.02104	0.00293	0.64210	0.00597	0.00315	0.00791
29	0.01021	0.00749	0.01075	0.01075	0.01179	0.00853	0.00804	0.01227	0.01124	0.01602	0.01970	0.03147	0.01932	0.18414	0.59287	0.01059	0.01679	0.00814	0.00391	0.00597
30	0.00900	0.00641	0.00826	0.00960	0.01008	0.00604	0.00639	0.01016	0.01337	0.01770	0.03818	0.59167	0.07210	0.12741	0.01302	0.00347	0.00459	0.04067	0.00628	0.00561
31	0.01752	0.14060	0.01655	0.03338	0.01544	0.01230	0.00917	0.02109	0.06616	0.19802	0.11664	0.18990	0.07922	0.04149	0.00852	0.00246	0.00549	0.01095	0.00656	0.00855
32	0.01427	0.01343	0.02254	0.63038	0.07030	0.01636	0.04798	0.04077	0.01496	0.01944	0.01280	0.01877	0.00970	0.00726	0.00770	0.00238	0.03299	0.00642	0.00333	0.00824
33	0.00912	0.00652	0.00877	0.01042	0.01103	0.00617	0.00739	0.01069	0.01407	0.01868	0.03900	0.63915	0.04612	0.02189	0.00921	0.00295	0.00452	0.12179	0.00660	0.00591
34	0.01773	0.01811	0.05707	0.10977	0.56091	0.04428	0.02124	0.04407	0.01670	0.02323	0.01333	0.01744	0.01095	0.00655	0.00702	0.00214	0.00880	0.00623	0.00359	0.01082
35	0.01376	0.01300	0.02181	0.66880	0.08655	0.01608	0.01976	0.01837	0.01424	0.01846	0.01259	0.01879	0.00959	0.00725	0.00765	0.00238	0.03329	0.00633	0.00318	0.00810
36	0.04474	0.03594	0.68563	0.01987	0.03016	0.01652	0.02559	0.02249	0.01492	0.02291	0.01267	0.01490	0.00897	0.00676	0.00667	0.00225	0.01033	0.00521	0.00306	0.01041
37	0.01237	0.00618	0.00928	0.00928	0.00928	0.00618	0.00618	0.00928	0.00928	0.01237	0.01237	0.02165	0.01237	0.02474	0.02783	0.79283	0.00618	0.00618	0.00309	0.00309
38	0.02218	0.05107	0.36366	0.01706	0.02514	0.01438	0.04250	0.02777	0.01739	0.31958	0.01935	0.01903	0.01281	0.00760	0.00692	0.00221	0.00854	0.00614	0.00554	0.01113
39	0.01584	0.05722	0.51573	0.02135	0.05646	0.01713	0.08595	0.02279	0.01524	0.05836	0.01344	0.01593	0.00976	0.00713	0.00797	0.00229	0.05797	0.00571	0.00340	0.01032
40	0.02001	0.45425	0.10940	0.01441	0.04257	0.02243	0.01368	0.07094	0.01667	0.10628	0.01495	0.05908	0.01280	0.00769	0.00569	0.00184	0.00759	0.00568	0.00429	0.00975
41	0.05317	0.07051	0.11860	0.01394	0.02008	0.01407	0.01303	0.10710	0.02044	0.43811	0.04354	0.02161	0.01632	0.00839	0.00686	0.00215	0.00692	0.00662	0.00718	0.01135
42	0.02079	0.02013	0.19714	0.01795	0.04770	0.01483	0.08710	0.12757	0.06358	0.20272	0.02285	0.07048	0.03669	0.00939	0.00743	0.00232	0.00799	0.02679	0.00594	0.01060
43	0.01418	0.06205	0.07414	0.01388	0.01737	0.03721	0.07869	0.01924	0.10351	0.06327	0.05226	0.30646	0.05199	0.03879	0.00883	0.00260	0.00641	0.01252	0.00578	0.03083
44	0.02156	0.09491	0.04651	0.03780	0.01980	0.03550	0.05223	0.12053	0.04421	0.22844	0.07381	0.07660	0.04474	0.00974	0.00705	0.00214	0.00679	0.00815	0.02916	0.04033
45	0.01912	0.13047	0.04936	0.01488	0.04760	0.09724	0.01195	0.08626	0.13582	0.09292	0.04942	0.06913	0.08805	0.01015	0.00754	0.00214	0.03616	0.00799	0.00563	0.03816

[dist]
# distance from previous block
# <min> <max>
9	34

[block]
# block no. 3 follows, 29 sequences, length 35
# corresponding to MSA columns:
# 190-224
name=unknown_D
#
# <colnr> <probs for GDERKNQSTAVLIFYWHMCP>
#	G	D	E	R	K	N	Q	S	T	A	V	L	I	F	Y	W	H	M	C	P
0	0.01748	0.06358	0.06282	0.01431	0.01843	0.04479	0.02982	0.19015	0.15362	0.02794	0.02639	0.18941	0.04637	0.01241	0.00757	0.00238	0.00675	0.04934	0.00613	0.03030
1	0.01771	0.17895	0.11950	0.04216	0.14527	0.09928	0.06685	0.04869	0.01664	0.02153	0.01623	0.01845	0.05527	0.00716	0.00635	0.00187	0.00858	0.00588	0.00381	0.11980
2	0.02037	0.06898	0.15152	0.04682	0.13623	0.09216	0.04176	0.15538	0.10277	0.06646	0.01706	0.01967	0.01315	0.00792	0.00696	0.00218	0.00875	0.02632	0.00497	0.01057
3	0.04851	0.01802	0.07979	0.02675	0.30355	0.04405	0.01687	0.08205	0.11303	0.08802	0.01840	0.02247	0.01476	0.00807	0.00703	0.00219	0.00776	0.04581	0.00505	0.04782
4	0.01688	0.01838	0.03267	0.02531	0.05120	0.05210	0.38079	0.02161	0.03593	0.02107	0.01306	0.01782	0.01063	0.00814	0.01269	0.00254	0.23269	0.00734	0.00359	0.03556
5	0.00861	0.00646	0.00799	0.00921	0.01014	0.00584	0.00630	0.00999	0.01431	0.01845	0.04783	0.56857	0.21809	0.02119	0.00891	0.00276	0.00399	0.01888	0.00661	0.00584
6	0.01888	0.02111	0.02058	0.37259	0.03503	0.30168	0.03757	0.02239	0.01678	0.01858	0.01273	0.01699	0.00998	0.00725	0.00674	0.00211	0.01053	0.00571	0.05475	0.00802
7	0.00872	0.00712	0.00776	0.00819	0.01018	0.00616	0.00614	0.01056	0.01580	0.01923	0.06354	0.18515	0.53323	0.01891	0.00865	0.00256	0.00395	0.07151	0.00661	0.00602
8	0.01032	0.00704	0.00845	0.00845	0.00869	0.00728	0.00517	0.01079	0.01056	0.01431	0.02181	0.04313	0.02438	0.61998	0.16396	0.00775	0.00917	0.00985	0.00422	0.00470
9	0.01028	0.00692	0.00774	0.00774	0.00784	0.00687	0.00436	0.01035	0.01059	0.01402	0.02440	0.04747	0.05269	0.72077	0.03514	0.00673	0.00677	0.01054	0.00441	0.00438
10	0.01477	0.01266	0.01477	0.01055	0.01687	0.00949	0.00844	0.01793	0.01477	0.02320	0.01266	0.01477	0.01055	0.00527	0.00527	0.00105	0.00527	0.00422	0.00422	0.79328
11	0.01770	0.01533	0.02336	0.37791	0.25138	0.04125	0.01903	0.07639	0.01712	0.07146	0.01431	0.01855	0.01085	0.00712	0.00708	0.00224	0.00890	0.00634	0.00403	0.00964
12	0.00868	0.00620	0.00826	0.00991	0.01033	0.00578	0.00661	0.00991	0.01363	0.01818	0.03925	0.74510	0.04710	0.02231	0.00909	0.00289	0.00413	0.02024	0.00661	0.00578
13	0.25147	0.01445	0.01940	0.34278	0.05465	0.01681	0.05559	0.09509	0.04130	0.02621	0.01308	0.01680	0.00985	0.00713	0.00639	0.00229	0.00809	0.00579	0.00417	0.00866
14	0.01738	0.01822	0.08402	0.08674	0.50896	0.01706	0.02071	0.04557	0.08576	0.02424	0.01501	0.01840	0.01206	0.00685	0.00705	0.00218	0.00840	0.00643	0.00396	0.01100
15	0.00974	0.00724	0.00911	0.00902	0.01072	0.00661	0.00681	0.01260	0.01854	0.02530	0.47255	0.12102	0.18389	0.01630	0.00857	0.00241	0.00371	0.06195	0.00740	0.00649
16	0.01762	0.01692	0.02890	0.04371	0.70533	0.01692	0.02185	0.02185	0.01621	0.02326	0.01339	0.01762	0.01128	0.00634	0.00705	0.00211	0.00846	0.00634	0.00352	0.01128
17	0.02508	0.01716	0.01908	0.01479	0.02025	0.01802	0.01209	0.44473	0.06757	0.13740	0.01965	0.04416	0.01453	0.00874	0.00698	0.00206	0.00700	0.00684	0.00701	0.10686
18	0.00922	0.00682	0.00870	0.00972	0.01085	0.00629	0.00707	0.01116	0.01546	0.02036	0.14496	0.42843	0.16701	0.02001	0.00897	0.00276	0.00425	0.10509	0.00679	0.00607
19	0.06719	0.01339	0.01508	0.01100	0.01714	0.01105	0.00885	0.07808	0.01628	0.02573	0.01288	0.01477	0.01050	0.00566	0.00538	0.00123	0.00552	0.00439	0.00449	0.67138
20	0.01005	0.00749	0.01013	0.00990	0.01071	0.00718	0.04930	0.01101	0.01237	0.01632	0.03174	0.28226	0.08866	0.39456	0.02294	0.00488	0.00603	0.01395	0.00523	0.00530
21	0.05841	0.01651	0.01956	0.16570	0.04894	0.01857	0.01400	0.38900	0.06259	0.03547	0.06128	0.02043	0.01565	0.00853	0.00701	0.00220	0.00753	0.00679	0.03141	0.01042
22	0.80005	0.01377	0.01047	0.00936	0.01377	0.01597	0.00771	0.02093	0.01212	0.03195	0.00991	0.01157	0.00771	0.00661	0.00441	0.00220	0.00551	0.00386	0.00441	0.00771
23	0.01755	0.01499	0.01577	0.01411	0.01810	0.01715	0.01099	0.06649	0.61710	0.02981	0.03124	0.02886	0.06576	0.01016	0.00732	0.00240	0.00561	0.00843	0.00720	0.01097
24	0.80005	0.01377	0.01047	0.00936	0.01377	0.01597	0.00771	0.02093	0.01212	0.03195	0.00991	0.01157	0.00771	0.00661	0.00441	0.00220	0.00551	0.00386	0.00441	0.00771
25	0.01763	0.01678	0.02783	0.04126	0.64787	0.01698	0.02097	0.02319	0.07279	0.02381	0.01470	0.01837	0.01215	0.00662	0.00707	0.00214	0.00822	0.00649	0.00384	0.01128
26	0.01558	0.01558	0.02181	0.01869	0.01869	0.02181	0.01558	0.01714	0.01091	0.01714	0.00935	0.01558	0.00935	0.01246	0.02337	0.00312	0.73672	0.00623	0.00312	0.00779
27	0.01746	0.01675	0.02860	0.07119	0.67915	0.01687	0.02177	0.02171	0.01613	0.02306	0.01336	0.01768	0.01121	0.00638	0.00705	0.00213	0.00850	0.00634	0.00351	0.01114
28	0.01017	0.00763	0.01144	0.01144	0.01272	0.00890	0.00890	0.01272	0.01144	0.01653	0.01907	0.02797	0.01780	0.05340	0.72153	0.01144	0.01907	0.00763	0.00381	0.00636
29	0.02640	0.08136	0.02270	0.01603	0.02176	0.02259	0.01342	0.62635	0.03189	0.04252	0.01649	0.01662	0.01186	0.00834	0.00691	0.00209	0.00782	0.00619	0.00678	0.01186
30	0.01036	0.00690	0.00777	0.00777	0.00777	0.00690	0.00431	0.01036	0.01036	0.01381	0.02244	0.04660	0.02589	0.74975	0.03624	0.00690	0.00690	0.01036	0.00431	0.00431
31	0.01643	0.01826	0.03847	0.07140	0.03624	0.01716	0.58294	0.02212	0.01648	0.02256	0.01415	0.01882	0.01070	0.00601	0.00806	0.00229	0.01129	0.00793	0.00363	0.07506
32	0.01523	0.01547	0.02128	0.56362	0.04224	0.09816	0.01857	0.01925	0.01452	0.01798	0.01207	0.01786	0.00944	0.00779	0.00900	0.00240	0.09786	0.00611	0.00322	0.00794
33	0.00960	0.00722	0.00888	0.00855	0.01036	0.00650	0.00638	0.01247	0.01888	0.02574	0.51320	0.08589	0.22867	0.01577	0.00843	0.00231	0.00345	0.01373	0.00747	0.00650
34	0.01616	0.05114	0.42323	0.02300	0.10763	0.01667	0.11246	0.04854	0.01624	0.04130	0.01354	0.01609	0.00999	0.00660	0.00687	0.00214	0.00978	0.00579	0.00355	0.06927

[dist]
# distance from previous block
# <min> <max>
3	4

[block]
# block no. 4 follows, 29 sequences, length 14
# corresponding to MSA columns:
# 230-243
name=unknown_E
#
# <colnr> <probs for GDERKNQSTAVLIFYWHMCP>
#	G	D	E	R	K	N	Q	S	T	A	V	L	I	F	Y	W	H	M	C	P
0	0.00898	0.00641	0.00829	0.00968	0.01020	0.00603	0.00650	0.01019	0.01351	0.01787	0.03891	0.60317	0.07708	0.10447	0.01217	0.00334	0.00453	0.04667	0.00635	0.00566
1	0.01477	0.01266	0.01477	0.01055	0.01687	0.00949	0.00844	0.01793	0.01477	0.02320	0.01266	0.01477	0.01055	0.00527	0.00527	0.00105	0.00527	0.00422	0.00422	0.79328
2	0.01223	0.01050	0.01476	0.04591	0.18782	0.01040	0.01118	0.01679	0.08371	0.02290	0.16898	0.17383	0.18491	0.01395	0.00803	0.00239	0.00531	0.01236	0.00601	0.00803
3	0.01675	0.01539	0.02032	0.01739	0.01851	0.02030	0.01432	0.10945	0.05820	0.02180	0.01347	0.05039	0.01262	0.01394	0.04920	0.00328	0.52501	0.00707	0.00412	0.00846
4	0.01023	0.00692	0.00773	0.00773	0.00788	0.00685	0.00438	0.01035	0.01073	0.01415	0.02557	0.04798	0.06851	0.70365	0.03449	0.00662	0.00670	0.01065	0.00446	0.00442
5	0.01327	0.00664	0.00664	0.00664	0.00830	0.00664	0.00498	0.01659	0.01493	0.02655	0.02323	0.02655	0.01825	0.00830	0.00498	0.00166	0.00332	0.00664	0.78928	0.00664
6	0.01904	0.75404	0.03731	0.01218	0.01828	0.02818	0.01218	0.02132	0.01447	0.01675	0.00990	0.01142	0.00914	0.00609	0.00457	0.00152	0.00761	0.00381	0.00305	0.00914
7	0.01327	0.00664	0.00664	0.00664	0.00830	0.00664	0.00498	0.01659	0.01493	0.02655	0.02323	0.02655	0.01825	0.00830	0.00498	0.00166	0.00332	0.00664	0.78928	0.00664
8	0.01543	0.03387	0.62830	0.01925	0.02921	0.01574	0.02427	0.02305	0.01536	0.06606	0.01374	0.01560	0.00965	0.00681	0.00670	0.00218	0.00994	0.00532	0.00344	0.05608
9	0.01428	0.03683	0.71286	0.02030	0.03082	0.01654	0.02631	0.02255	0.01503	0.02255	0.01278	0.01503	0.00902	0.00677	0.00677	0.00226	0.01052	0.00526	0.00301	0.01052
10	0.01558	0.01558	0.02181	0.01869	0.01869	0.02181	0.01558	0.01714	0.01091	0.01714	0.00935	0.01558	0.00935	0.01246	0.02337	0.00312	0.73672	0.00623	0.00312	0.00779
11	0.02402	0.05369	0.01891	0.01400	0.01887	0.01870	0.01156	0.48332	0.02813	0.06786	0.01847	0.01907	0.01347	0.00838	0.00655	0.00201	0.00681	0.00636	0.16899	0.01083
12	0.24090	0.06013	0.01566	0.01240	0.01648	0.16238	0.00993	0.10344	0.01892	0.10087	0.11522	0.02427	0.07355	0.00924	0.00635	0.00210	0.00706	0.00684	0.00564	0.00865
13	0.01990	0.01533	0.01747	0.05886	0.02049	0.04006	0.01136	0.19744	0.05535	0.09176	0.01709	0.05052	0.01369	0.00807	0.00739	0.00183	0.04749	0.00627	0.00554	0.31410

[dist]
# distance from previous block
# <min> <max>
6	24

[block]
# block no. 5 follows, 29 sequences, length 30
# corresponding to MSA columns:
# 270-299
name=unknown_F
#
# <colnr> <probs for GDERKNQSTAVLIFYWHMCP>
#	G	D	E	R	K	N	Q	S	T	A	V	L	I	F	Y	W	H	M	C	P
0	0.02161	0.01800	0.12041	0.01562	0.02110	0.03886	0.06364	0.13858	0.11717	0.21745	0.02607	0.09090	0.05783	0.01012	0.00743	0.00231	0.00732	0.00856	0.00654	0.01049
1	0.06528	0.01789	0.17215	0.01952	0.10291	0.01326	0.11488	0.05996	0.01674	0.05135	0.07213	0.18132	0.05944	0.01134	0.00765	0.00239	0.00755	0.01026	0.00506	0.00891
2	0.09542	0.14657	0.02058	0.03370	0.01946	0.26894	0.01182	0.14057	0.02033	0.04607	0.06570	0.01890	0.03424	0.00819	0.00623	0.00193	0.00871	0.00583	0.03790	0.00890
3	0.34079	0.09511	0.01435	0.01033	0.01383	0.01462	0.00845	0.03881	0.01488	0.04612	0.15095	0.02392	0.02215	0.06360	0.00898	0.00247	0.05106	0.00657	0.03223	0.04076
4	0.65809	0.01316	0.01142	0.01131	0.05366	0.01490	0.00841	0.02007	0.01334	0.03103	0.09451	0.01700	0.01518	0.00756	0.00505	0.00220	0.00542	0.00510	0.00477	0.00780
5	0.01010	0.00802	0.01020	0.07398	0.01493	0.00769	0.00884	0.01288	0.01671	0.02125	0.15334	0.06552	0.33037	0.01705	0.00875	0.00266	0.00504	0.21973	0.00648	0.00646
6	0.02419	0.15807	0.02377	0.04566	0.02268	0.46196	0.03815	0.04672	0.05043	0.04686	0.01271	0.01429	0.01025	0.00726	0.00628	0.00187	0.01099	0.00498	0.00401	0.00886
7	0.01713	0.14976	0.45297	0.02042	0.07761	0.01796	0.05304	0.02348	0.01563	0.08777	0.01390	0.01571	0.01012	0.00678	0.00654	0.00213	0.00954	0.00543	0.00364	0.01046
8	0.01722	0.11652	0.37934	0.02389	0.15112	0.07000	0.07245	0.02318	0.01590	0.04713	0.01311	0.01557	0.00991	0.00667	0.00667	0.00212	0.00992	0.00555	0.00342	0.01032
9	0.01428	0.03683	0.71286	0.02030	0.03082	0.01654	0.02631	0.02255	0.01503	0.02255	0.01278	0.01503	0.00902	0.00677	0.00677	0.00226	0.01052	0.00526	0.00301	0.01052
10	0.00888	0.00660	0.00828	0.00919	0.01024	0.00600	0.00638	0.01063	0.01536	0.02030	0.16790	0.47951	0.18468	0.02001	0.00882	0.00267	0.00388	0.01782	0.00684	0.00600
11	0.02467	0.12222	0.05024	0.01706	0.02169	0.43865	0.01387	0.14175	0.06353	0.02310	0.01312	0.01435	0.01046	0.00751	0.00637	0.00190	0.01076	0.00505	0.00439	0.00932
12	0.00961	0.00739	0.00895	0.00946	0.01131	0.00673	0.00747	0.01207	0.01677	0.02150	0.18048	0.13804	0.32961	0.01826	0.00887	0.00266	0.00443	0.19328	0.00683	0.00628
13	0.01147	0.00820	0.01147	0.01311	0.01475	0.00820	0.01147	0.01475	0.01639	0.02131	0.03770	0.08032	0.04098	0.01967	0.00984	0.00328	0.00656	0.65741	0.00656	0.00656
14	0.02419	0.02999	0.04826	0.02084	0.10406	0.53725	0.01483	0.06134	0.02002	0.01988	0.01458	0.01636	0.04237	0.00777	0.00664	0.00193	0.01152	0.00542	0.00395	0.00881
15	0.02679	0.01849	0.02145	0.01870	0.09297	0.01985	0.01396	0.51811	0.02976	0.13980	0.01831	0.01819	0.01283	0.00836	0.00712	0.00214	0.00764	0.00651	0.00699	0.01202
16	0.00996	0.00727	0.00935	0.00883	0.01056	0.00667	0.00662	0.01320	0.01987	0.02787	0.65502	0.05432	0.11417	0.01481	0.00840	0.00225	0.00338	0.01304	0.00775	0.00667
17	0.01077	0.00769	0.01067	0.01231	0.01364	0.00759	0.01025	0.01354	0.01570	0.02052	0.03809	0.24737	0.04252	0.02033	0.00965	0.00318	0.00595	0.49730	0.00657	0.00636
18	0.07366	0.11511	0.02195	0.01801	0.04827	0.54328	0.01351	0.05057	0.01934	0.01948	0.01113	0.01294	0.00927	0.00715	0.00613	0.00184	0.01142	0.00459	0.00376	0.00858
19	0.01678	0.01606	0.02738	0.18241	0.57320	0.01670	0.02143	0.02112	0.01582	0.02224	0.01325	0.01790	0.01092	0.00650	0.00706	0.00217	0.00867	0.00634	0.00345	0.01060
20	0.00863	0.00638	0.00807	0.00943	0.01020	0.00582	0.00639	0.00997	0.01410	0.01837	0.04520	0.62262	0.16574	0.02153	0.00897	0.00280	0.00404	0.01930	0.00661	0.00582
21	0.00984	0.00669	0.00792	0.00843	0.00856	0.00656	0.00502	0.01022	0.01136	0.01515	0.02761	0.26166	0.03242	0.52578	0.02788	0.00567	0.00605	0.01340	0.00502	0.00477
22	0.05241	0.08470	0.44030	0.02124	0.03001	0.05874	0.16936	0.02278	0.01555	0.02232	0.01269	0.01541	0.00937	0.00657	0.00684	0.00221	0.01054	0.00575	0.00325	0.00995
23	0.01504	0.01444	0.02279	0.40112	0.27121	0.04097	0.01921	0.01929	0.01533	0.02011	0.01683	0.02348	0.04434	0.00796	0.00726	0.00231	0.00884	0.03692	0.00363	0.00893
24	0.01789	0.05439	0.47061	0.02055	0.06708	0.13720	0.02217	0.02410	0.01619	0.06511	0.01330	0.01530	0.00974	0.00711	0.00715	0.00217	0.03093	0.00531	0.00352	0.01016
25	0.02234	0.07336	0.04931	0.02036	0.12191	0.33436	0.01448	0.07551	0.10429	0.04607	0.05775	0.01848	0.01517	0.00797	0.00671	0.00201	0.00966	0.00600	0.00472	0.00955
26	0.01543	0.06444	0.08176	0.01242	0.01628	0.06760	0.01090	0.10471	0.01882	0.05217	0.15879	0.05767	0.13779	0.01699	0.09251	0.00330	0.00793	0.03938	0.00577	0.03534
27	0.02060	0.07027	0.02066	0.05837	0.07143	0.01834	0.01302	0.34790	0.02411	0.03272	0.06585	0.06146	0.01768	0.02752	0.00871	0.00225	0.05270	0.00738	0.00580	0.07323
28	0.05592	0.04216	0.10264	0.01981	0.13007	0.11633	0.04131	0.11788	0.08832	0.04586	0.06335	0.02381	0.07559	0.00875	0.00695	0.00212	0.00800	0.00715	0.00513	0.03886
29	0.02077	0.01671	0.06059	0.01559	0.03784	0.06092	0.05785	0.13216	0.14133	0.16418	0.11095	0.02663	0.05055	0.00933	0.00726	0.00216	0.00696	0.00785	0.00654	0.06383

[dist]
# distance from previous block
# <min> <max>
5	67

[block]
# block no. 6 follows, 29 sequences, length 16
# corresponding to MSA columns:
# 370-385
name=unknown_G
#
# <colnr> <probs for GDERKNQSTAVLIFYWHMCP>
#	G	D	E	R	K	N	Q	S	T	A	V	L	I	F	Y	W	H	M	C	P
0	0.01745	0.14414	0.15810	0.01369	0.01890	0.04398	0.01340	0.02213	0.04840	0.13522	0.13243	0.05782	0.02607	0.01054	0.00713	0.00220	0.00700	0.08890	0.00562	0.04689
1	0.05829	0.19488	0.08064	0.01337	0.01881	0.01777	0.01219	0.08767	0.15666	0.19861	0.04369	0.02068	0.01644	0.00820	0.00633	0.00206	0.00665	0.00632	0.04028	0.01045
2	0.01921	0.59865	0.07893	0.01336	0.01941	0.07981	0.01317	0.02313	0.06356	0.01812	0.01154	0.01285	0.01004	0.00649	0.00505	0.00166	0.00807	0.00427	0.00339	0.00931
3	0.01689	0.28885	0.35297	0.01962	0.07476	0.05056	0.06104	0.02233	0.01525	0.02034	0.01183	0.01410	0.00934	0.00647	0.00609	0.00198	0.00953	0.00499	0.00312	0.00993
4	0.01836	0.68175	0.06854	0.01254	0.01860	0.02664	0.01270	0.02095	0.01434	0.01702	0.01050	0.01243	0.00957	0.00852	0.04093	0.00206	0.00833	0.00407	0.00308	0.00906
5	0.08105	0.21427	0.02380	0.01613	0.02047	0.49482	0.01292	0.02609	0.01815	0.01832	0.01065	0.01239	0.00906	0.00697	0.00581	0.00178	0.01099	0.00434	0.00357	0.00844
6	0.00863	0.00639	0.00807	0.00941	0.01020	0.00583	0.00639	0.00997	0.01412	0.01837	0.04535	0.61947	0.16879	0.02151	0.00896	0.00280	0.00403	0.01927	0.00661	0.00583
7	0.00946	0.00786	0.00936	0.01044	0.06063	0.00694	0.00697	0.01173	0.01688	0.02144	0.19978	0.11006	0.46951	0.01675	0.00836	0.00238	0.00395	0.01431	0.00665	0.00653
8	0.00846	0.00704	0.00739	0.00767	0.00974	0.00597	0.00561	0.01017	0.01579	0.01906	0.06658	0.18286	0.59170	0.01876	0.00853	0.00249	0.00370	0.01591	0.00661	0.00597
9	0.02660	0.03394	0.02018	0.01834	0.02201	0.72116	0.01376	0.02843	0.02018	0.01743	0.01101	0.01284	0.00917	0.00734	0.00642	0.00183	0.01284	0.00459	0.00367	0.00825
10	0.01156	0.00823	0.01011	0.00975	0.01196	0.00776	0.00763	0.01574	0.06776	0.05993	0.37776	0.05724	0.20337	0.01545	0.00846	0.00244	0.00418	0.10616	0.00738	0.00714
11	0.04226	0.01015	0.05862	0.01041	0.01317	0.00828	0.00876	0.01676	0.01887	0.10602	0.47743	0.04726	0.05176	0.04398	0.00925	0.00250	0.00461	0.05513	0.00726	0.00753
12	0.05701	0.01546	0.01732	0.01415	0.01889	0.01656	0.01150	0.28344	0.18461	0.18306	0.07278	0.02593	0.02063	0.00969	0.00725	0.00228	0.00645	0.03446	0.00743	0.01110
13	0.34100	0.03911	0.01838	0.06931	0.14610	0.11212	0.01302	0.11128	0.04243	0.02864	0.01257	0.01468	0.00985	0.00705	0.00583	0.00213	0.00770	0.00509	0.00449	0.00922
14	0.25247	0.01791	0.06793	0.10104	0.09758	0.09247	0.01363	0.07125	0.04528	0.12666	0.03902	0.01781	0.01299	0.00759	0.00626	0.00218	0.00764	0.00576	0.00505	0.00946
15	0.04956	0.10612	0.02442	0.02146	0.12063	0.36693	0.07253	0.05284	0.01835	0.02073	0.01221	0.01478	0.01009	0.00722	0.00708	0.00196	0.04077	0.00530	0.03803	0.00896

[dist]
# distance from previous block
# <min> <max>
68	181

[block]
# block no. 7 follows, 29 sequences, length 21
# corresponding to MSA columns:
# 625-645
name=unknown_H
#
# <colnr> <probs for GDERKNQSTAVLIFYWHMCP>
#	G	D	E	R	K	N	Q	S	T	A	V	L	I	F	Y	W	H	M	C	P
0	0.07668	0.01776	0.09137	0.01440	0.01962	0.01639	0.01268	0.33524	0.04359	0.03380	0.03992	0.10749	0.01863	0.01016	0.00706	0.00217	0.00695	0.03561	0.00607	0.10441
1	0.02056	0.01888	0.06130	0.01785	0.10395	0.14997	0.01305	0.08879	0.10950	0.12571	0.04719	0.05802	0.06720	0.00939	0.00705	0.00209	0.00762	0.00763	0.00573	0.07852
2	0.02037	0.09933	0.02112	0.12918	0.05326	0.04654	0.03351	0.11048	0.13610	0.13823	0.05802	0.02134	0.01677	0.00811	0.00678	0.00207	0.00729	0.00667	0.00571	0.07914
3	0.07923	0.06056	0.02213	0.04708	0.08941	0.24723	0.05221	0.15109	0.01986	0.02497	0.01370	0.04603	0.01163	0.00820	0.00783	0.00209	0.06303	0.00608	0.00443	0.04320
4	0.08571	0.01094	0.01268	0.01080	0.01426	0.01073	0.00853	0.09834	0.01889	0.15476	0.16388	0.08988	0.13439	0.01204	0.00790	0.00220	0.03447	0.00985	0.04427	0.07547
5	0.06183	0.01555	0.01806	0.01717	0.09114	0.01676	0.01227	0.34878	0.07859	0.06310	0.02266	0.17933	0.02056	0.01136	0.00742	0.00233	0.00671	0.00950	0.00657	0.01032
6	0.01254	0.00776	0.01116	0.09668	0.01488	0.00817	0.00821	0.04578	0.01225	0.01632	0.04368	0.13099	0.01986	0.05132	0.02107	0.47552	0.00628	0.00874	0.00407	0.00473
7	0.02477	0.01858	0.02014	0.01529	0.02111	0.01973	0.01258	0.55773	0.02999	0.04083	0.01627	0.01666	0.01182	0.00794	0.00678	0.00193	0.00736	0.00600	0.00658	0.15790
8	0.01613	0.01734	0.03550	0.09793	0.16134	0.01683	0.45206	0.02139	0.01625	0.02217	0.01561	0.06434	0.01304	0.00719	0.00807	0.00238	0.01061	0.00856	0.00373	0.00952
9	0.01762	0.01692	0.02890	0.04371	0.70533	0.01692	0.02185	0.02185	0.01621	0.02326	0.01339	0.01762	0.01128	0.00634	0.00705	0.00211	0.00846	0.00634	0.00352	0.01128
10	0.02584	0.01889	0.02033	0.01583	0.02119	0.02085	0.01308	0.62588	0.03199	0.04313	0.01819	0.02006	0.01354	0.00899	0.00714	0.00216	0.00759	0.03272	0.04094	0.01165
11	0.02177	0.01627	0.01800	0.01399	0.01939	0.01660	0.01132	0.36177	0.09087	0.06396	0.01873	0.05965	0.01486	0.00852	0.00672	0.00190	0.00660	0.00677	0.00634	0.23597
12	0.01237	0.00618	0.00928	0.00928	0.00928	0.00618	0.00618	0.00928	0.00928	0.01237	0.01237	0.02165	0.01237	0.02474	0.02783	0.79283	0.00618	0.00618	0.00309	0.00309
13	0.01699	0.01627	0.02776	0.14830	0.60569	0.01675	0.02154	0.02130	0.01591	0.02249	0.01328	0.01783	0.01101	0.00646	0.00706	0.00215	0.00862	0.00634	0.00347	0.01077
14	0.01970	0.27508	0.19187	0.01869	0.08167	0.02061	0.06566	0.08572	0.05645	0.09803	0.01497	0.01618	0.01134	0.00700	0.00626	0.00199	0.00844	0.00556	0.00437	0.01041
15	0.00876	0.00623	0.00824	0.00981	0.01020	0.00584	0.00650	0.00994	0.01347	0.01797	0.03844	0.71140	0.04607	0.05741	0.01040	0.00309	0.00426	0.01977	0.00650	0.00571
16	0.00964	0.00719	0.00901	0.00902	0.01068	0.00655	0.00678	0.01239	0.01819	0.02468	0.43215	0.15044	0.19671	0.01670	0.00860	0.00244	0.00375	0.06135	0.00732	0.00643
17	0.44840	0.01456	0.01485	0.12135	0.02120	0.01646	0.01095	0.14538	0.01737	0.10948	0.01374	0.01517	0.00993	0.00730	0.00564	0.00222	0.00661	0.00509	0.00523	0.00906
18	0.07701	0.26214	0.05513	0.06181	0.08507	0.11770	0.01400	0.02438	0.01611	0.14833	0.01403	0.01554	0.01086	0.00740	0.00718	0.00200	0.06222	0.00518	0.00436	0.00955
19	0.21181	0.01551	0.02081	0.22370	0.22228	0.01734	0.01622	0.14372	0.01787	0.02802	0.01302	0.01641	0.01005	0.00704	0.00643	0.00221	0.00790	0.00574	0.00431	0.00960
20	0.26821	0.14480	0.02069	0.05962	0.04455	0.14789	0.01219	0.17729	0.01928	0.02859	0.01209	0.01375	0.00949	0.00713	0.00570	0.00201	0.00810	0.00482	0.00457	0.00922

[dist]
# distance from previous block
# <min> <max>
0	1

[block]
# block no. 8 follows, 29 sequences, length 23
# corresponding to MSA columns:
# 647-669
name=unknown_I
#
# <colnr> <probs for GDERKNQSTAVLIFYWHMCP>
#	G	D	E	R	K	N	Q	S	T	A	V	L	I	F	Y	W	H	M	C	P
0	0.02417	0.01801	0.01784	0.04554	0.02042	0.13239	0.01194	0.21119	0.14597	0.18883	0.05869	0.02314	0.01819	0.04099	0.00837	0.00238	0.00763	0.00711	0.00671	0.01050
1	0.06812	0.04848	0.03430	0.01355	0.01891	0.03162	0.01134	0.15283	0.11404	0.26153	0.02061	0.01971	0.01448	0.00809	0.00699	0.00202	0.02540	0.00621	0.00664	0.13512
2	0.01026	0.00692	0.00774	0.00774	0.00786	0.00686	0.00437	0.01035	0.01066	0.01409	0.02499	0.04772	0.06061	0.71220	0.03481	0.00667	0.00673	0.01059	0.00443	0.00440
3	0.02309	0.01837	0.02042	0.01620	0.02086	0.04847	0.04472	0.43921	0.08850	0.03672	0.01993	0.02058	0.04387	0.00923	0.00853	0.00223	0.07160	0.00697	0.04968	0.01080
4	0.01191	0.00763	0.00939	0.00898	0.01103	0.00681	0.00664	0.01428	0.01760	0.10179	0.31232	0.15920	0.23666	0.05144	0.00971	0.00261	0.00403	0.01383	0.00725	0.00688
5	0.02514	0.01862	0.02013	0.01560	0.02102	0.02026	0.01278	0.59697	0.03104	0.04182	0.01816	0.06160	0.01415	0.00918	0.00712	0.00211	0.00744	0.00712	0.00690	0.06283
6	0.01968	0.26744	0.02505	0.05521	0.02043	0.14629	0.01293	0.12970	0.01810	0.02187	0.01605	0.07058	0.04040	0.00941	0.00874	0.00210	0.11637	0.00655	0.00426	0.00883
7	0.00908	0.00723	0.00788	0.00786	0.00981	0.00634	0.00579	0.01102	0.01625	0.02037	0.17794	0.06373	0.47919	0.10330	0.01174	0.00294	0.00408	0.04291	0.00656	0.00596
8	0.00917	0.00672	0.00856	0.00980	0.01053	0.00639	0.00664	0.01129	0.04236	0.01905	0.07215	0.60895	0.08901	0.05087	0.01004	0.00297	0.00424	0.01863	0.00660	0.00601
9	0.01609	0.01350	0.01679	0.01273	0.01836	0.01183	0.05577	0.08070	0.08365	0.02591	0.01653	0.02012	0.01364	0.00689	0.00605	0.00152	0.00596	0.03527	0.04824	0.51046
10	0.36159	0.06846	0.01816	0.01618	0.09631	0.06755	0.01173	0.18479	0.06307	0.03192	0.01340	0.01468	0.01032	0.00727	0.00571	0.00212	0.00708	0.00509	0.00501	0.00957
11	0.08043	0.04078	0.01174	0.05017	0.01407	0.00922	0.00790	0.01642	0.01693	0.11823	0.24571	0.12431	0.17458	0.04748	0.00901	0.00253	0.00475	0.01173	0.00666	0.00736
12	0.18710	0.14974	0.04853	0.01293	0.01814	0.07864	0.01126	0.18077	0.01976	0.08689	0.01972	0.02002	0.07895	0.00830	0.00604	0.00199	0.00713	0.00599	0.00528	0.05282
13	0.02286	0.01718	0.02011	0.01555	0.02101	0.01810	0.05551	0.38281	0.13015	0.07137	0.01893	0.01911	0.01382	0.00808	0.00687	0.00202	0.00712	0.00652	0.03804	0.12483
14	0.13430	0.04937	0.05177	0.04777	0.02210	0.10168	0.05622	0.17393	0.16673	0.06749	0.01746	0.01804	0.01298	0.00782	0.00656	0.00214	0.00787	0.00609	0.00555	0.04413
15	0.05251	0.01967	0.09534	0.03207	0.42356	0.08442	0.01888	0.02391	0.06125	0.06243	0.04646	0.01923	0.01431	0.00723	0.00693	0.00214	0.00841	0.00641	0.00427	0.01059
16	0.01866	0.20205	0.32517	0.01863	0.05292	0.06760	0.04873	0.02377	0.01578	0.10120	0.01367	0.01542	0.01026	0.00715	0.00729	0.00209	0.05041	0.00533	0.00380	0.01006
17	0.01564	0.02268	0.30632	0.01929	0.04590	0.01403	0.12903	0.02231	0.05475	0.08471	0.09936	0.04923	0.02195	0.00961	0.00767	0.00240	0.00862	0.07200	0.00490	0.00960
18	0.01666	0.05220	0.13852	0.08263	0.09776	0.01788	0.33656	0.06473	0.01717	0.02365	0.04282	0.01922	0.01282	0.00703	0.00826	0.00231	0.03889	0.00733	0.00383	0.00972
19	0.01886	0.01743	0.01849	0.04366	0.02077	0.12318	0.05953	0.16760	0.09032	0.02732	0.05015	0.06735	0.04389	0.00891	0.00687	0.00193	0.00748	0.00739	0.00541	0.21347
20	0.18103	0.01579	0.05526	0.01871	0.16401	0.04794	0.01263	0.09667	0.01756	0.10672	0.02305	0.05525	0.09481	0.03825	0.00780	0.00235	0.00686	0.00748	0.00528	0.04255
21	0.02301	0.17913	0.02356	0.01552	0.04889	0.02076	0.01260	0.36261	0.06301	0.07114	0.01870	0.01886	0.04187	0.00818	0.00650	0.00196	0.00723	0.00619	0.00596	0.06432
