[name]
unknown

[dist]
# distance from previous block
# <min> <max>
0	68

[block]
# block no. 0 follows, 29 sequences, length 6
# corresponding to MSA columns:
# 68-73
name=unknown_A
#
# <colnr> <probs for GDERKNQSTAVLIFYWHMCP>
#	G	D	E	R	K	N	Q	S	T	A	V	L	I	F	Y	W	H	M	C	P
0	0.01846	0.00953	0.01320	0.01296	0.01592	0.00897	0.01113	0.02156	0.01775	0.25633	0.03442	0.06119	0.03301	0.01597	0.00892	0.00291	0.00639	0.43559	0.00733	0.00845
1	0.02403	0.17798	0.02085	0.01271	0.01771	0.01732	0.01085	0.20227	0.06024	0.23205	0.02040	0.01998	0.01460	0.00811	0.00624	0.00196	0.00643	0.00619	0.12952	0.01055
2	0.40138	0.17348	0.07817	0.01174	0.01731	0.01807	0.01094	0.06058	0.01515	0.10579	0.01276	0.01373	0.00963	0.00682	0.00515	0.00201	0.00658	0.00451	0.00465	0.04153
3	0.05823	0.11873	0.06558	0.01347	0.01855	0.04830	0.01184	0.16623	0.05793	0.20765	0.13767	0.02437	0.02269	0.00912	0.00683	0.00210	0.00675	0.00718	0.00657	0.01023
4	0.01136	0.00802	0.00889	0.00858	0.00948	0.00799	0.00545	0.06811	0.01351	0.01766	0.03104	0.09990	0.13251	0.51647	0.02733	0.00549	0.00626	0.01149	0.00509	0.00536
5	0.01675	0.32671	0.32949	0.02066	0.13159	0.02135	0.01984	0.02194	0.01499	0.02029	0.01170	0.01396	0.00942	0.00642	0.00591	0.00193	0.00901	0.00484	0.00310	0.01008

[dist]
# distance from previous block
# <min> <max>
3	5

[block]
# block no. 1 follows, 29 sequences, length 25
# corresponding to MSA columns:
# 79-103
name=unknown_B
#
# <colnr> <probs for GDERKNQSTAVLIFYWHMCP>
#	G	D	E	R	K	N	Q	S	T	A	V	L	I	F	Y	W	H	M	C	P
0	0.04646	0.18374	0.42167	0.02068	0.06638	0.01917	0.10299	0.02222	0.01509	0.02177	0.01230	0.01480	0.00934	0.00650	0.00643	0.00211	0.00978	0.00535	0.00317	0.01005
1	0.07752	0.01601	0.04948	0.03950	0.02319	0.05470	0.21146	0.01973	0.01485	0.04420	0.01492	0.02146	0.01296	0.12884	0.01191	0.00273	0.02510	0.00673	0.00408	0.22060
2	0.01956	0.01533	0.01669	0.01400	0.01875	0.01651	0.01108	0.12934	0.43834	0.07665	0.02448	0.02307	0.01820	0.00872	0.00690	0.00214	0.00593	0.00712	0.00683	0.14037
3	0.00999	0.00713	0.00848	0.00837	0.00966	0.00674	0.00587	0.01196	0.01550	0.02118	0.26810	0.07020	0.18132	0.22926	0.05404	0.00411	0.00535	0.02650	0.05041	0.00583
4	0.01955	0.01543	0.01644	0.01400	0.01791	0.01735	0.01086	0.24291	0.36546	0.03207	0.02403	0.02679	0.01929	0.13130	0.01199	0.00306	0.00656	0.00790	0.00672	0.01040
5	0.00890	0.00720	0.00794	0.00808	0.01016	0.00624	0.00609	0.01100	0.01668	0.02081	0.17118	0.12075	0.50515	0.01790	0.00855	0.00247	0.00379	0.05416	0.00681	0.00614
6	0.13888	0.18912	0.07253	0.01564	0.04101	0.19971	0.07358	0.02256	0.01597	0.02204	0.01312	0.01548	0.01064	0.00690	0.00568	0.00188	0.00858	0.00509	0.13309	0.00849
7	0.01533	0.17351	0.54773	0.01925	0.02875	0.01885	0.05817	0.02233	0.01502	0.02145	0.01231	0.01456	0.00914	0.00660	0.00643	0.00212	0.01004	0.00515	0.00305	0.01021
8	0.14041	0.00856	0.01087	0.01069	0.01234	0.00984	0.00819	0.01381	0.01143	0.01877	0.01794	0.02735	0.01704	0.12343	0.52681	0.00941	0.01548	0.00731	0.00397	0.00635
9	0.00888	0.00661	0.00861	0.00971	0.01060	0.00634	0.00678	0.01043	0.01372	0.01809	0.04153	0.51149	0.15404	0.02671	0.12642	0.00422	0.00650	0.01727	0.00615	0.00592
10	0.01656	0.13393	0.30439	0.02164	0.13323	0.06444	0.05808	0.02191	0.01554	0.02159	0.01241	0.01497	0.00976	0.00635	0.00631	0.00191	0.00915	0.00519	0.00337	0.13927
11	0.07280	0.20712	0.18283	0.05541	0.07064	0.01873	0.01580	0.10483	0.01664	0.04201	0.01388	0.01691	0.01122	0.01454	0.12397	0.00356	0.01017	0.00552	0.00398	0.00944
12	0.13979	0.00816	0.00912	0.00930	0.01126	0.00802	0.00704	0.01335	0.01619	0.02422	0.24975	0.21559	0.17125	0.01622	0.00804	0.00251	0.00424	0.07280	0.00663	0.00651
13	0.01787	0.13509	0.50168	0.01788	0.02695	0.01720	0.02168	0.02438	0.01583	0.13509	0.01489	0.01604	0.01046	0.00701	0.00652	0.00214	0.00937	0.00537	0.00397	0.01059
14	0.02047	0.07538	0.40640	0.01750	0.02587	0.01691	0.01990	0.13371	0.01918	0.17258	0.01657	0.01710	0.01137	0.00745	0.00677	0.00218	0.00894	0.00576	0.00493	0.01104
15	0.01391	0.02048	0.21841	0.19749	0.04996	0.01505	0.20682	0.01950	0.01557	0.02102	0.02301	0.02608	0.12401	0.00848	0.00760	0.00235	0.00950	0.00805	0.00382	0.00889
16	0.01359	0.03196	0.59691	0.01843	0.02749	0.01492	0.02308	0.02105	0.01588	0.02354	0.12633	0.02132	0.01861	0.00805	0.00703	0.00225	0.00934	0.00652	0.00380	0.00990
17	0.00944	0.00675	0.00914	0.01079	0.01154	0.00645	0.00794	0.01124	0.01439	0.01904	0.03882	0.56279	0.04542	0.02159	0.00929	0.00300	0.00480	0.19498	0.00660	0.00600
18	0.01516	0.05911	0.54483	0.01810	0.02681	0.01519	0.02208	0.02190	0.01526	0.07578	0.01714	0.10574	0.01440	0.00882	0.00700	0.00230	0.00927	0.00720	0.00391	0.01001
19	0.02977	0.01517	0.10249	0.01361	0.01974	0.01122	0.01242	0.03320	0.01972	0.62537	0.02620	0.02310	0.01656	0.00856	0.00711	0.00221	0.00661	0.00693	0.00810	0.01192
20	0.04417	0.59594	0.07095	0.01227	0.01785	0.02434	0.01214	0.01997	0.01432	0.01778	0.01369	0.10221	0.01377	0.00815	0.00525	0.00176	0.00728	0.00592	0.00353	0.00875
21	0.00915	0.00655	0.00877	0.01015	0.01085	0.00616	0.00716	0.01088	0.01474	0.01980	0.12084	0.58697	0.04891	0.02106	0.00909	0.00285	0.00430	0.08903	0.00676	0.00598
22	0.00990	0.00715	0.00936	0.00908	0.01060	0.00660	0.00671	0.01300	0.01935	0.02727	0.61981	0.13861	0.06471	0.01551	0.00848	0.00232	0.00345	0.01379	0.00769	0.00660
23	0.00868	0.00620	0.00826	0.00991	0.01033	0.00578	0.00661	0.00991	0.01363	0.01818	0.03925	0.74510	0.04710	0.02231	0.00909	0.00289	0.00413	0.02024	0.00661	0.00578
24	0.70253	0.01297	0.01035	0.00931	0.01338	0.01483	0.00759	0.02001	0.01311	0.03153	0.09530	0.01671	0.01505	0.00759	0.00490	0.00221	0.00524	0.00497	0.00483	0.00759

[dist]
# distance from previous block
# <min> <max>
0	27

[block]
# block no. 2 follows, 29 sequences, length 46
# corresponding to MSA columns:
# 131-176
name=unknown_C
#
# <colnr> <probs for GDERKNQSTAVLIFYWHMCP>
#	G	D	E	R	K	N	Q	S	T	A	V	L	I	F	Y	W	H	M	C	P
0	0.74943	0.01338	0.01053	0.00950	0.01370	0.01552	0.00779	0.02040	0.01207	0.03096	0.01050	0.01262	0.00836	0.00961	0.05037	0.00280	0.00638	0.00410	0.00437	0.00762
1	0.01952	0.70789	0.03622	0.01258	0.01852	0.07259	0.01228	0.02178	0.01483	0.01680	0.00997	0.01151	0.00914	0.00617	0.00469	0.00154	0.00795	0.00386	0.00309	0.00908
2	0.01656	0.14853	0.53350	0.01845	0.02776	0.01850	0.02262	0.06508	0.01634	0.05059	0.01321	0.01496	0.00958	0.00685	0.00646	0.00213	0.00971	0.00518	0.00351	0.01047
3	0.74964	0.01370	0.01116	0.05572	0.01603	0.01596	0.00848	0.02076	0.01225	0.03107	0.01009	0.01204	0.00783	0.00664	0.00458	0.00221	0.00576	0.00401	0.00433	0.00772
4	0.01780	0.21115	0.06509	0.03371	0.46320	0.01990	0.04822	0.02179	0.01572	0.02150	0.01249	0.01594	0.01059	0.00628	0.00644	0.00198	0.00849	0.00572	0.00338	0.01061
5	0.01457	0.08011	0.67209	0.01981	0.03006	0.01724	0.02546	0.02248	0.01500	0.02220	0.01260	0.01482	0.00903	0.00672	0.00663	0.00221	0.01035	0.00517	0.00301	0.01044
6	0.01327	0.00664	0.00664	0.00664	0.00830	0.00664	0.00498	0.01659	0.01493	0.02655	0.02323	0.02655	0.01825	0.00830	0.00498	0.00166	0.00332	0.00664	0.78928	0.00664
7	0.01771	0.01530	0.01610	0.01449	0.01852	0.01771	0.01127	0.03784	0.69247	0.02979	0.02898	0.02657	0.02174	0.00966	0.00725	0.00242	0.00564	0.00805	0.00725	0.01127
8	0.01019	0.00755	0.01107	0.01107	0.01221	0.00870	0.00843	0.01247	0.01133	0.01625	0.01942	0.02988	0.01863	0.12474	0.65133	0.01098	0.01783	0.00791	0.00387	0.00615
9	0.04408	0.01997	0.01755	0.01437	0.01917	0.19540	0.01134	0.23932	0.04388	0.05341	0.01971	0.04684	0.05944	0.00869	0.00664	0.00189	0.00794	0.00658	0.00555	0.17824
10	0.01844	0.01882	0.02749	0.03750	0.53191	0.10588	0.05963	0.02295	0.03824	0.02289	0.03825	0.01867	0.01331	0.00685	0.00711	0.00211	0.00896	0.00653	0.00382	0.01063
11	0.80005	0.01377	0.01047	0.00936	0.01377	0.01597	0.00771	0.02093	0.01212	0.03195	0.00991	0.01157	0.00771	0.00661	0.00441	0.00220	0.00551	0.00386	0.00441	0.00771
12	0.01017	0.00763	0.01144	0.01144	0.01272	0.00890	0.00890	0.01272	0.01144	0.01653	0.01907	0.02797	0.01780	0.05340	0.72153	0.01144	0.01907	0.00763	0.00381	0.00636
13	0.01111	0.00794	0.01104	0.01254	0.01406	0.00787	0.01070	0.01420	0.01636	0.02145	0.07905	0.14382	0.04321	0.01961	0.00967	0.00318	0.00612	0.55493	0.00664	0.00649
14	0.01802	0.01766	0.02852	0.04260	0.67553	0.04763	0.02150	0.02214	0.01639	0.02301	0.01329	0.01742	0.01119	0.00639	0.00702	0.00210	0.00865	0.00627	0.00353	0.01115
15	0.01345	0.01266	0.02136	0.73264	0.04904	0.01582	0.01978	0.01819	0.01424	0.01819	0.01266	0.01898	0.00949	0.00712	0.00712	0.00237	0.00949	0.00633	0.00316	0.00791
16	0.01681	0.01921	0.04202	0.03001	0.03721	0.01801	0.67947	0.02281	0.01681	0.02281	0.01441	0.01921	0.01080	0.00600	0.00840	0.00240	0.01200	0.00840	0.00360	0.00960
17	0.03195	0.01212	0.01652	0.01267	0.01818	0.01047	0.01047	0.03470	0.02038	0.71026	0.02809	0.02424	0.01763	0.00881	0.00716	0.00220	0.00606	0.00716	0.00881	0.01212
18	0.00842	0.00721	0.00721	0.00721	0.00962	0.00601	0.00541	0.01022	0.01623	0.01924	0.07213	0.06853	0.70244	0.01803	0.00842	0.00240	0.00361	0.01503	0.00661	0.00601
19	0.01036	0.00690	0.00777	0.00777	0.00777	0.00690	0.00431	0.01036	0.01036	0.01381	0.02244	0.04660	0.02589	0.74975	0.03624	0.00690	0.00690	0.01036	0.00431	0.00431
20	0.02707	0.01995	0.02137	0.01638	0.02208	0.02208	0.01353	0.68159	0.03348	0.04488	0.01710	0.01710	0.01211	0.00855	0.00712	0.00214	0.00784	0.00641	0.00712	0.01211
21	0.01327	0.00664	0.00664	0.00664	0.00830	0.00664	0.00498	0.01659	0.01493	0.02655	0.02323	0.02655	0.01825	0.00830	0.00498	0.00166	0.00332	0.00664	0.78928	0.00664
22	0.00860	0.00649	0.00796	0.00914	0.01012	0.00585	0.00627	0.01000	0.01438	0.01848	0.04868	0.55100	0.23511	0.02108	0.00890	0.00275	0.00398	0.01875	0.00661	0.00585
23	0.01771	0.01530	0.01610	0.01449	0.01852	0.01771	0.01127	0.03784	0.69247	0.02979	0.02898	0.02657	0.02174	0.00966	0.00725	0.00242	0.00564	0.00805	0.00725	0.01127
24	0.01327	0.00664	0.00664	0.00664	0.00830	0.00664	0.00498	0.01659	0.01493	0.02655	0.02323	0.02655	0.01825	0.00830	0.00498	0.00166	0.00332	0.00664	0.78928	0.00664
25	0.01860	0.01592	0.01628	0.01458	0.01864	0.04560	0.01134	0.03734	0.64043	0.05474	0.02823	0.02593	0.02108	0.00954	0.00721	0.00238	0.00594	0.00788	0.00716	0.01118
26	0.01465	0.01249	0.01465	0.01064	0.01680	0.00944	0.00855	0.01781	0.01483	0.02313	0.01357	0.01716	0.01166	0.00580	0.00544	0.00114	0.00532	0.02809	0.00430	0.76453
27	0.01803	0.49333	0.24203	0.01502	0.02232	0.06533	0.01658	0.02211	0.01498	0.01856	0.01084	0.01261	0.00910	0.00637	0.00535	0.00176	0.00881	0.00430	0.00307	0.00951
28	0.75238	0.01338	0.01041	0.00934	0.01358	0.01542	0.00765	0.02048	0.01260	0.03174	0.05165	0.01408	0.01130	0.00709	0.00465	0.00221	0.00538	0.00440	0.00461	0.00765
29	0.05086	0.03126	0.01939	0.01760	0.02115	0.63019	0.01328	0.02764	0.04354	0.01839	0.01334	0.01500	0.02979	0.00787	0.00697	0.00192	0.03461	0.00504	0.00389	0.00827
30	0.06290	0.01218	0.01628	0.01254	0.01800	0.01069	0.01035	0.03415	0.02005	0.68293	0.02736	0.02373	0.01723	0.00872	0.00705	0.00220	0.00604	0.00703	0.00864	0.01194
31	0.80005	0.01377	0.01047	0.00936	0.01377	0.01597	0.00771	0.02093	0.01212	0.03195	0.00991	0.01157	0.00771	0.00661	0.00441	0.00220	0.00551	0.00386	0.00441	0.00771
32	0.00977	0.00724	0.00896	0.00855	0.01027	0.00659	0.00632	0.01262	0.01880	0.02585	0.53783	0.05578	0.18859	0.05960	0.01008	0.00255	0.00362	0.01314	0.00739	0.00644
33	0.01327	0.00664	0.00664	0.00664	0.00830	0.00664	0.00498	0.01659	0.01493	0.02655	0.02323	0.02655	0.01825	0.00830	0.00498	0.00166	0.00332	0.00664	0.78928	0.00664
34	0.01771	0.01530	0.01610	0.01449	0.01852	0.01771	0.01127	0.03784	0.69247	0.02979	0.02898	0.02657	0.02174	0.00966	0.00725	0.00242	0.00564	0.00805	0.00725	0.01127
35	0.03195	0.01212	0.01652	0.01267	0.01818	0.01047	0.01047	0.03470	0.02038	0.71026	0.02809	0.02424	0.01763	0.00881	0.00716	0.00220	0.00606	0.00716	0.00881	0.01212
36	0.01327	0.00664	0.00664	0.00664	0.00830	0.00664	0.00498	0.01659	0.01493	0.02655	0.02323	0.02655	0.01825	0.00830	0.00498	0.00166	0.00332	0.00664	0.78928	0.00664
37	0.02397	0.01696	0.01806	0.01420	0.01899	0.01862	0.01161	0.53241	0.02932	0.04076	0.01847	0.01922	0.01349	0.00849	0.00664	0.00203	0.00682	0.00646	0.18259	0.01088
38	0.00876	0.00623	0.00824	0.00981	0.01020	0.00584	0.00650	0.00994	0.01347	0.01796	0.03843	0.71098	0.04606	0.05785	0.01042	0.00309	0.00427	0.01976	0.00650	0.00571
39	0.02641	0.01962	0.02100	0.01625	0.02183	0.02177	0.01338	0.63635	0.07979	0.04382	0.01793	0.01776	0.01279	0.00863	0.00713	0.00216	0.00768	0.00653	0.00713	0.01205
40	0.01327	0.00664	0.00664	0.00664	0.00830	0.00664	0.00498	0.01659	0.01493	0.02655	0.02323	0.02655	0.01825	0.00830	0.00498	0.00166	0.00332	0.00664	0.78928	0.00664
41	0.01558	0.01558	0.02181	0.01869	0.01869	0.02181	0.01558	0.01714	0.01091	0.01714	0.00935	0.01558	0.00935	0.01246	0.02337	0.00312	0.73672	0.00623	0.00312	0.00779
42	0.01870	0.70279	0.08558	0.01276	0.01917	0.02734	0.01319	0.02141	0.01451	0.01717	0.01011	0.01168	0.00913	0.00614	0.00473	0.00158	0.00782	0.00391	0.00304	0.00924
43	0.80005	0.01377	0.01047	0.00936	0.01377	0.01597	0.00771	0.02093	0.01212	0.03195	0.00991	0.01157	0.00771	0.00661	0.00441	0.00220	0.00551	0.00386	0.00441	0.00771
44	0.01558	0.01558	0.02181	0.01869	0.01869	0.02181	0.01558	0.01714	0.01091	0.01714	0.00935	0.01558	0.00935	0.01246	0.02337	0.00312	0.73672	0.00623	0.00312	0.00779
45	0.01493	0.06900	0.57048	0.02148	0.03125	0.01735	0.13211	0.02253	0.01530	0.02231	0.01290	0.01554	0.00932	0.00661	0.00692	0.00224	0.01062	0.00570	0.00311	0.01031

[dist]
# distance from previous block
# <min> <max>
0	15

[block]
# block no. 3 follows, 29 sequences, length 87
# corresponding to MSA columns:
# 192-278
name=unknown_D
#
# <colnr> <probs for GDERKNQSTAVLIFYWHMCP>
#	G	D	E	R	K	N	Q	S	T	A	V	L	I	F	Y	W	H	M	C	P
0	0.00873	0.00704	0.00778	0.00799	0.00991	0.00608	0.00584	0.01069	0.01640	0.02056	0.16847	0.18899	0.48009	0.01825	0.00854	0.00247	0.00366	0.01563	0.00681	0.00608
1	0.00937	0.00680	0.00884	0.00929	0.01045	0.00627	0.00660	0.01172	0.01708	0.02350	0.37683	0.35824	0.09219	0.01815	0.00870	0.00254	0.00371	0.01623	0.00723	0.00627
2	0.01428	0.03683	0.71286	0.02030	0.03082	0.01654	0.02631	0.02255	0.01503	0.02255	0.01278	0.01503	0.00902	0.00677	0.00677	0.00226	0.01052	0.00526	0.00301	0.01052
3	0.00868	0.00620	0.00826	0.00991	0.01033	0.00578	0.00661	0.00991	0.01363	0.01818	0.03925	0.74510	0.04710	0.02231	0.00909	0.00289	0.00413	0.02024	0.00661	0.00578
4	0.01237	0.00618	0.00928	0.00928	0.00928	0.00618	0.00618	0.00928	0.00928	0.01237	0.01237	0.02165	0.01237	0.02474	0.02783	0.79283	0.00618	0.00618	0.00309	0.00309
5	0.01771	0.01530	0.01610	0.01449	0.01852	0.01771	0.01127	0.03784	0.69247	0.02979	0.02898	0.02657	0.02174	0.00966	0.00725	0.00242	0.00564	0.00805	0.00725	0.01127
6	0.01762	0.01692	0.02890	0.04371	0.70533	0.01692	0.02185	0.02185	0.01621	0.02326	0.01339	0.01762	0.01128	0.00634	0.00705	0.00211	0.00846	0.00634	0.00352	0.01128
7	0.01345	0.01266	0.02136	0.73264	0.04904	0.01582	0.01978	0.01819	0.01424	0.01819	0.01266	0.01898	0.00949	0.00712	0.00712	0.00237	0.00949	0.00633	0.00316	0.00791
8	0.02612	0.03303	0.02064	0.01970	0.05841	0.68366	0.01419	0.02808	0.01997	0.01774	0.01113	0.01310	0.00928	0.00728	0.00645	0.00185	0.01261	0.00468	0.00366	0.00842
9	0.01036	0.00690	0.00777	0.00777	0.00777	0.00690	0.00431	0.01036	0.01036	0.01381	0.02244	0.04660	0.02589	0.74975	0.03624	0.00690	0.00690	0.01036	0.00431	0.00431
10	0.01367	0.01288	0.02176	0.69594	0.08400	0.01588	0.01989	0.01839	0.01434	0.01846	0.01270	0.01891	0.00959	0.00708	0.00712	0.00236	0.00944	0.00633	0.00318	0.00809
11	0.01327	0.00664	0.00664	0.00664	0.00830	0.00664	0.00498	0.01659	0.01493	0.02655	0.02323	0.02655	0.01825	0.00830	0.00498	0.00166	0.00332	0.00664	0.78928	0.00664
12	0.01904	0.75404	0.03731	0.01218	0.01828	0.02818	0.01218	0.02132	0.01447	0.01675	0.00990	0.01142	0.00914	0.00609	0.00457	0.00152	0.00761	0.00381	0.00305	0.00914
13	0.01327	0.00664	0.00664	0.00664	0.00830	0.00664	0.00498	0.01659	0.01493	0.02655	0.02323	0.02655	0.01825	0.00830	0.00498	0.00166	0.00332	0.00664	0.78928	0.00664
14	0.80005	0.01377	0.01047	0.00936	0.01377	0.01597	0.00771	0.02093	0.01212	0.03195	0.00991	0.01157	0.00771	0.00661	0.00441	0.00220	0.00551	0.00386	0.00441	0.00771
15	0.02660	0.03394	0.02018	0.01834	0.02201	0.72116	0.01376	0.02843	0.02018	0.01743	0.01101	0.01284	0.00917	0.00734	0.00642	0.00183	0.01284	0.00459	0.00367	0.00825
16	0.02707	0.01995	0.02137	0.01638	0.02208	0.02208	0.01353	0.68159	0.03348	0.04488	0.01710	0.01710	0.01211	0.00855	0.00712	0.00214	0.00784	0.00641	0.00712	0.01211
17	0.01748	0.01677	0.02864	0.06774	0.68244	0.01688	0.02178	0.02173	0.01614	0.02309	0.01337	0.01767	0.01122	0.00637	0.00705	0.00212	0.00850	0.00634	0.00351	0.01116
18	0.01036	0.00690	0.00777	0.00777	0.00777	0.00690	0.00431	0.01036	0.01036	0.01381	0.02244	0.04660	0.02589	0.74975	0.03624	0.00690	0.00690	0.01036	0.00431	0.00431
19	0.76911	0.01373	0.01089	0.03781	0.01516	0.01597	0.00819	0.02082	0.01220	0.03141	0.01002	0.01186	0.00778	0.00663	0.00451	0.00221	0.00566	0.00395	0.00436	0.00772
20	0.01652	0.03017	0.46138	0.01817	0.02625	0.07967	0.02083	0.02577	0.13358	0.05328	0.05323	0.01929	0.01475	0.00783	0.00692	0.00224	0.00931	0.00618	0.00431	0.01031
21	0.05335	0.00824	0.00847	0.00857	0.00901	0.03546	0.00519	0.01158	0.01129	0.01553	0.02364	0.14024	0.02719	0.57946	0.02958	0.00589	0.00668	0.01115	0.00461	0.00486
22	0.01537	0.00897	0.01105	0.00996	0.01179	0.00897	0.00707	0.06480	0.01476	0.14401	0.05214	0.03847	0.05773	0.37231	0.14619	0.00608	0.00864	0.00934	0.00551	0.00685
23	0.01327	0.00664	0.00664	0.00664	0.00830	0.00664	0.00498	0.01659	0.01493	0.02655	0.02323	0.02655	0.01825	0.00830	0.00498	0.00166	0.00332	0.00664	0.78928	0.00664
24	0.01762	0.01692	0.02890	0.04371	0.70533	0.01692	0.02185	0.02185	0.01621	0.02326	0.01339	0.01762	0.01128	0.00634	0.00705	0.00211	0.00846	0.00634	0.00352	0.01128
25	0.00862	0.00640	0.00805	0.00938	0.01019	0.00583	0.00637	0.00998	0.01415	0.01839	0.04581	0.61003	0.17793	0.02146	0.00895	0.00279	0.00403	0.01920	0.00661	0.00583
26	0.01387	0.09901	0.01518	0.01125	0.01336	0.01199	0.04133	0.11312	0.01566	0.02082	0.02423	0.22232	0.02648	0.29571	0.01850	0.00409	0.00654	0.01141	0.02834	0.00679
27	0.01959	0.01252	0.01522	0.01126	0.01710	0.01011	0.00909	0.04869	0.01730	0.20743	0.05364	0.01943	0.01551	0.00684	0.00602	0.00147	0.00548	0.00555	0.00575	0.51201
28	0.06489	0.02464	0.02167	0.01902	0.06527	0.28215	0.04016	0.33695	0.02569	0.03175	0.01412	0.01535	0.01069	0.00776	0.00677	0.00204	0.00979	0.00568	0.00533	0.01030
29	0.01762	0.01692	0.02890	0.04371	0.70533	0.01692	0.02185	0.02185	0.01621	0.02326	0.01339	0.01762	0.01128	0.00634	0.00705	0.00211	0.00846	0.00634	0.00352	0.01128
30	0.01878	0.71536	0.07374	0.01262	0.01895	0.02755	0.01295	0.02139	0.01450	0.01707	0.01005	0.01162	0.00913	0.00613	0.00469	0.00156	0.00777	0.00389	0.00304	0.00921
31	0.00956	0.00722	0.00883	0.00851	0.01034	0.00649	0.00635	0.01241	0.01881	0.02556	0.50113	0.08478	0.24228	0.01583	0.00843	0.00231	0.00346	0.01376	0.00745	0.00649
32	0.01452	0.07301	0.67878	0.01989	0.03019	0.01712	0.02560	0.02249	0.01501	0.02226	0.01263	0.01485	0.00903	0.00673	0.00665	0.00222	0.01038	0.00519	0.00301	0.01045
33	0.02660	0.03394	0.02018	0.01834	0.02201	0.72116	0.01376	0.02843	0.02018	0.01743	0.01101	0.01284	0.00917	0.00734	0.00642	0.00183	0.01284	0.00459	0.00367	0.00825
34	0.05094	0.01417	0.05202	0.01263	0.01708	0.01327	0.01065	0.18997	0.08238	0.16908	0.20353	0.03203	0.07601	0.01066	0.00738	0.00220	0.00578	0.00878	0.00721	0.03423
35	0.06003	0.06103	0.53733	0.02305	0.13611	0.01703	0.02397	0.02230	0.01503	0.02297	0.01260	0.01510	0.00931	0.00666	0.00659	0.00220	0.00979	0.00529	0.00317	0.01043
36	0.02660	0.03394	0.02018	0.01834	0.02201	0.72116	0.01376	0.02843	0.02018	0.01743	0.01101	0.01284	0.00917	0.00734	0.00642	0.00183	0.01284	0.00459	0.00367	0.00825
37	0.02496	0.01837	0.01987	0.01564	0.02074	0.02022	0.01274	0.60474	0.03121	0.04182	0.01963	0.10040	0.01611	0.01012	0.00735	0.00222	0.00741	0.00799	0.00706	0.01139
38	0.01017	0.00763	0.01144	0.01144	0.01272	0.00890	0.00890	0.01272	0.01144	0.01653	0.01907	0.02797	0.01780	0.05340	0.72153	0.01144	0.01907	0.00763	0.00381	0.00636
39	0.02660	0.03394	0.02018	0.01834	0.02201	0.72116	0.01376	0.02843	0.02018	0.01743	0.01101	0.01284	0.00917	0.00734	0.00642	0.00183	0.01284	0.00459	0.00367	0.00825
40	0.01558	0.01558	0.02181	0.01869	0.01869	0.02181	0.01558	0.01714	0.01091	0.01714	0.00935	0.01558	0.00935	0.01246	0.02337	0.00312	0.73672	0.00623	0.00312	0.00779
41	0.02660	0.03394	0.02018	0.01834	0.02201	0.72116	0.01376	0.02843	0.02018	0.01743	0.01101	0.01284	0.00917	0.00734	0.00642	0.00183	0.01284	0.00459	0.00367	0.00825
42	0.01036	0.00690	0.00777	0.00777	0.00777	0.00690	0.00431	0.01036	0.01036	0.01381	0.02244	0.04660	0.02589	0.74975	0.03624	0.00690	0.00690	0.01036	0.00431	0.00431
43	0.01728	0.01657	0.02828	0.10029	0.65143	0.01683	0.02168	0.02155	0.01605	0.02285	0.01333	0.01774	0.01113	0.00641	0.00706	0.00214	0.00854	0.00634	0.00350	0.01100
44	0.80005	0.01377	0.01047	0.00936	0.01377	0.01597	0.00771	0.02093	0.01212	0.03195	0.00991	0.01157	0.00771	0.00661	0.00441	0.00220	0.00551	0.00386	0.00441	0.00771
45	0.01815	0.01383	0.01637	0.05376	0.05509	0.01497	0.01143	0.30233	0.07824	0.03104	0.04365	0.25500	0.02594	0.03539	0.00868	0.00256	0.00643	0.01130	0.00650	0.00934
46	0.01017	0.00763	0.01144	0.01144	0.01272	0.00890	0.00890	0.01272	0.01144	0.01653	0.01907	0.02797	0.01780	0.05340	0.72153	0.01144	0.01907	0.00763	0.00381	0.00636
47	0.01327	0.00664	0.00664	0.00664	0.00830	0.00664	0.00498	0.01659	0.01493	0.02655	0.02323	0.02655	0.01825	0.00830	0.00498	0.00166	0.00332	0.00664	0.78928	0.00664
48	0.01818	0.01539	0.01622	0.01437	0.01848	0.01764	0.01124	0.09464	0.60615	0.03072	0.02964	0.02739	0.04809	0.00990	0.00728	0.00239	0.00575	0.00818	0.00721	0.01114
49	0.01327	0.00664	0.00664	0.00664	0.00830	0.00664	0.00498	0.01659	0.01493	0.02655	0.02323	0.02655	0.01825	0.00830	0.00498	0.00166	0.00332	0.00664	0.78928	0.00664
50	0.37044	0.18159	0.05660	0.01260	0.01756	0.15377	0.01110	0.05963	0.01562	0.02589	0.01109	0.01274	0.00895	0.00680	0.00513	0.00197	0.00771	0.00429	0.02803	0.00850
51	0.05607	0.01301	0.02162	0.60565	0.07851	0.01566	0.04722	0.01846	0.01431	0.01939	0.01347	0.04161	0.01074	0.00749	0.00709	0.00237	0.00916	0.00673	0.00338	0.00807
52	0.01444	0.01231	0.01441	0.01051	0.01652	0.00929	0.00834	0.01750	0.01470	0.02293	0.01409	0.05415	0.01252	0.00619	0.00548	0.00115	0.00521	0.00508	0.00435	0.75081
53	0.01017	0.00763	0.01144	0.01144	0.01272	0.00890	0.00890	0.01272	0.01144	0.01653	0.01907	0.02797	0.01780	0.05340	0.72153	0.01144	0.01907	0.00763	0.00381	0.00636
54	0.01477	0.01266	0.01477	0.01055	0.01687	0.00949	0.00844	0.01793	0.01477	0.02320	0.01266	0.01477	0.01055	0.00527	0.00527	0.00105	0.00527	0.00422	0.00422	0.79328
55	0.01936	0.72303	0.03658	0.01245	0.01844	0.05801	0.01225	0.02163	0.01471	0.01678	0.00995	0.01148	0.00914	0.00615	0.00465	0.00154	0.00784	0.00384	0.00307	0.00910
56	0.01477	0.01266	0.01477	0.01055	0.01687	0.00949	0.00844	0.01793	0.01477	0.02320	0.01266	0.01477	0.01055	0.00527	0.00527	0.00105	0.00527	0.00422	0.00422	0.79328
57	0.02065	0.60028	0.03365	0.01350	0.01907	0.17615	0.01252	0.02284	0.01569	0.01690	0.01014	0.01173	0.00915	0.00636	0.00496	0.00159	0.00873	0.00397	0.00318	0.00895
58	0.05447	0.00852	0.01087	0.00986	0.01237	0.00786	0.00754	0.01791	0.01886	0.17566	0.41832	0.13353	0.06808	0.01399	0.00802	0.00232	0.00416	0.01218	0.00769	0.00781
59	0.01447	0.03553	0.66339	0.02101	0.03129	0.01665	0.07447	0.02257	0.01516	0.02257	0.01290	0.01534	0.00915	0.00671	0.00689	0.00227	0.01063	0.00549	0.00305	0.01046
60	0.01498	0.14199	0.61380	0.01911	0.02898	0.01824	0.02424	0.02237	0.01495	0.02170	0.01236	0.01450	0.00904	0.00667	0.00644	0.00215	0.01010	0.00505	0.00301	0.01032
61	0.01662	0.01991	0.07484	0.02895	0.03596	0.01812	0.61303	0.02251	0.01642	0.02251	0.01407	0.01881	0.01064	0.00637	0.00908	0.00243	0.04849	0.00814	0.00355	0.00956
62	0.05047	0.01312	0.14366	0.01116	0.01456	0.00891	0.01042	0.01495	0.01777	0.02580	0.41977	0.12776	0.08677	0.01380	0.00797	0.00233	0.00494	0.01197	0.00653	0.00734
63	0.01428	0.03683	0.71286	0.02030	0.03082	0.01654	0.02631	0.02255	0.01503	0.02255	0.01278	0.01503	0.00902	0.00677	0.00677	0.00226	0.01052	0.00526	0.00301	0.01052
64	0.01329	0.01129	0.01252	0.01374	0.01562	0.09382	0.01175	0.01640	0.01685	0.02084	0.03450	0.07222	0.03716	0.01819	0.00943	0.00311	0.00731	0.57901	0.00621	0.00676
65	0.00863	0.00713	0.00759	0.00781	0.00992	0.00609	0.00581	0.01049	0.01612	0.01964	0.09885	0.14938	0.57082	0.01842	0.00854	0.00248	0.00375	0.03582	0.00667	0.00604
66	0.01681	0.01921	0.04202	0.03001	0.03721	0.01801	0.67947	0.02281	0.01681	0.02281	0.01441	0.01921	0.01080	0.00600	0.00840	0.00240	0.01200	0.00840	0.00360	0.00960
67	0.01327	0.00664	0.00664	0.00664	0.00830	0.00664	0.00498	0.01659	0.01493	0.02655	0.02323	0.02655	0.01825	0.00830	0.00498	0.00166	0.00332	0.00664	0.78928	0.00664
68	0.01291	0.00668	0.00668	0.00668	0.00839	0.00659	0.00501	0.01612	0.01503	0.02601	0.02685	0.02966	0.06896	0.00902	0.00523	0.00171	0.00334	0.00726	0.73127	0.00659
69	0.00931	0.00722	0.00853	0.00919	0.01091	0.00652	0.00704	0.01136	0.01578	0.01985	0.09252	0.20650	0.36453	0.04216	0.00975	0.00283	0.00446	0.15888	0.00660	0.00607
70	0.01327	0.00664	0.00664	0.00664	0.00830	0.00664	0.00498	0.01659	0.01493	0.02655	0.02323	0.02655	0.01825	0.00830	0.00498	0.00166	0.00332	0.00664	0.78928	0.00664
71	0.01428	0.03683	0.71286	0.02030	0.03082	0.01654	0.02631	0.02255	0.01503	0.02255	0.01278	0.01503	0.00902	0.00677	0.00677	0.00226	0.01052	0.00526	0.00301	0.01052
72	0.01904	0.75404	0.03731	0.01218	0.01828	0.02818	0.01218	0.02132	0.01447	0.01675	0.00990	0.01142	0.00914	0.00609	0.00457	0.00152	0.00761	0.00381	0.00305	0.00914
73	0.01237	0.00618	0.00928	0.00928	0.00928	0.00618	0.00618	0.00928	0.00928	0.01237	0.01237	0.02165	0.01237	0.02474	0.02783	0.79283	0.00618	0.00618	0.00309	0.00309
74	0.01035	0.00694	0.00795	0.00795	0.00802	0.00700	0.00455	0.01047	0.01041	0.01394	0.02227	0.04566	0.02548	0.71463	0.07081	0.00713	0.00752	0.01022	0.00429	0.00442
75	0.01558	0.01558	0.02181	0.01869	0.01869	0.02181	0.01558	0.01714	0.01091	0.01714	0.00935	0.01558	0.00935	0.01246	0.02337	0.00312	0.73672	0.00623	0.00312	0.00779
76	0.01424	0.03561	0.67798	0.05623	0.03174	0.01650	0.02598	0.02233	0.01499	0.02233	0.01277	0.01523	0.00904	0.00678	0.00678	0.00226	0.01047	0.00532	0.00301	0.01039
77	0.01428	0.03683	0.71286	0.02030	0.03082	0.01654	0.02631	0.02255	0.01503	0.02255	0.01278	0.01503	0.00902	0.00677	0.00677	0.00226	0.01052	0.00526	0.00301	0.01052
78	0.01558	0.01558	0.02181	0.01869	0.01869	0.02181	0.01558	0.01714	0.01091	0.01714	0.00935	0.01558	0.00935	0.01246	0.02337	0.00312	0.73672	0.00623	0.00312	0.00779
79	0.00862	0.00642	0.00803	0.00932	0.01017	0.00583	0.00634	0.00998	0.01421	0.01841	0.04655	0.59488	0.19261	0.02136	0.00894	0.00278	0.00401	0.01908	0.00661	0.00583
80	0.67703	0.04016	0.01275	0.01033	0.01496	0.01715	0.00859	0.10298	0.01485	0.03303	0.01081	0.01225	0.00831	0.00683	0.00475	0.00217	0.00587	0.00417	0.00470	0.00831
81	0.00875	0.00623	0.00824	0.00982	0.01022	0.00583	0.00651	0.00993	0.01349	0.01799	0.03852	0.71503	0.04618	0.05363	0.01026	0.00306	0.00425	0.01982	0.00651	0.00572
82	0.07483	0.07102	0.34947	0.02270	0.13049	0.04194	0.07721	0.05009	0.07197	0.02435	0.01408	0.01627	0.01061	0.00691	0.00668	0.00219	0.00936	0.00576	0.00378	0.01032
83	0.02509	0.01953	0.02026	0.01556	0.02125	0.05732	0.01274	0.54154	0.02980	0.03998	0.01607	0.01650	0.01171	0.00796	0.00679	0.00195	0.00770	0.00597	0.00648	0.13581
84	0.02395	0.01899	0.05646	0.01529	0.02114	0.01900	0.01306	0.49252	0.04946	0.06245	0.01925	0.01929	0.03984	0.00846	0.00692	0.00203	0.00735	0.00649	0.00658	0.11148
85	0.01888	0.51050	0.06655	0.01403	0.01959	0.10038	0.03610	0.02261	0.05425	0.01872	0.04824	0.01524	0.01301	0.00710	0.00592	0.00176	0.02947	0.00492	0.00363	0.00908
86	0.05583	0.02662	0.38588	0.02236	0.14180	0.01630	0.02115	0.10794	0.01767	0.02593	0.01630	0.02341	0.01358	0.00847	0.00711	0.00234	0.00909	0.08384	0.00413	0.01024

[dist]
# distance from previous block
# <min> <max>
0	8

[block]
# block no. 4 follows, 29 sequences, length 38
# corresponding to MSA columns:
# 287-324
name=unknown_E
#
# <colnr> <probs for GDERKNQSTAVLIFYWHMCP>
#	G	D	E	R	K	N	Q	S	T	A	V	L	I	F	Y	W	H	M	C	P
0	0.00873	0.00716	0.00770	0.00770	0.00985	0.00612	0.00572	0.01078	0.01677	0.02085	0.18355	0.10918	0.54581	0.01768	0.00846	0.00241	0.00360	0.01497	0.00683	0.00612
1	0.01477	0.01266	0.01477	0.01055	0.01687	0.00949	0.00844	0.01793	0.01477	0.02320	0.01266	0.01477	0.01055	0.00527	0.00527	0.00105	0.00527	0.00422	0.00422	0.79328
2	0.01354	0.01253	0.02088	0.58262	0.11202	0.01497	0.01869	0.01808	0.01498	0.01964	0.06895	0.02342	0.01525	0.00801	0.00730	0.00236	0.00881	0.02615	0.00368	0.00812
3	0.01965	0.69605	0.03593	0.01268	0.01858	0.08398	0.01231	0.02189	0.01493	0.01681	0.00999	0.01154	0.00914	0.00619	0.00472	0.00155	0.00804	0.00387	0.00310	0.00907
4	0.06544	0.14605	0.56352	0.01834	0.02779	0.01830	0.02294	0.02226	0.01476	0.02226	0.01215	0.01425	0.00895	0.00665	0.00627	0.00214	0.00975	0.00495	0.00310	0.01013
5	0.01569	0.12290	0.53294	0.02160	0.09742	0.04587	0.02362	0.02256	0.01529	0.02171	0.01242	0.01477	0.00927	0.00666	0.00651	0.00213	0.01005	0.00517	0.00309	0.01034
6	0.77054	0.01401	0.01088	0.00963	0.01409	0.01621	0.00793	0.04615	0.01293	0.03244	0.01019	0.01178	0.00788	0.00668	0.00451	0.00220	0.00560	0.00395	0.00451	0.00788
7	0.01413	0.03573	0.68673	0.01987	0.03007	0.01617	0.02558	0.02221	0.01522	0.02277	0.03837	0.01645	0.01118	0.00705	0.00683	0.00225	0.01026	0.00554	0.00319	0.01038
8	0.01615	0.01261	0.01491	0.01072	0.01698	0.00957	0.00860	0.01928	0.01522	0.07853	0.01390	0.01553	0.01112	0.00556	0.00543	0.00115	0.00534	0.00446	0.00459	0.73038
9	0.01035	0.00868	0.01342	0.01265	0.01461	0.00814	0.10187	0.01320	0.03505	0.02026	0.08404	0.42045	0.14377	0.01826	0.00884	0.00272	0.00534	0.06543	0.00628	0.00664
10	0.01020	0.00753	0.01092	0.01092	0.01202	0.00862	0.00825	0.01238	0.01129	0.01615	0.01955	0.03060	0.01894	0.15165	0.62485	0.01080	0.01736	0.00801	0.00389	0.00607
11	0.01464	0.09143	0.66143	0.01968	0.02986	0.01742	0.02523	0.02246	0.01499	0.02211	0.01256	0.01476	0.00903	0.00671	0.00660	0.00220	0.01030	0.00515	0.00301	0.01042
12	0.01868	0.69943	0.08874	0.01280	0.01923	0.02729	0.01326	0.02142	0.01451	0.01719	0.01012	0.01170	0.00913	0.00614	0.00474	0.00158	0.00784	0.00392	0.00304	0.00924
13	0.00991	0.00672	0.00790	0.00833	0.00844	0.00661	0.00492	0.01024	0.01122	0.01496	0.02688	0.23105	0.03149	0.55766	0.02907	0.00584	0.00617	0.01297	0.00492	0.00470
14	0.00842	0.00721	0.00721	0.00721	0.00962	0.00601	0.00541	0.01022	0.01623	0.01924	0.07213	0.06853	0.70244	0.01803	0.00842	0.00240	0.00361	0.01503	0.00661	0.00601
15	0.01327	0.00664	0.00664	0.00664	0.00830	0.00664	0.00498	0.01659	0.01493	0.02655	0.02323	0.02655	0.01825	0.00830	0.00498	0.00166	0.00332	0.00664	0.78928	0.00664
16	0.01770	0.01706	0.03219	0.05897	0.25451	0.01655	0.31139	0.02244	0.01632	0.06668	0.01453	0.01849	0.01126	0.00656	0.00821	0.00221	0.04058	0.00713	0.00392	0.07328
17	0.25408	0.01646	0.01509	0.01267	0.01731	0.12737	0.01015	0.05325	0.07271	0.29013	0.02154	0.02048	0.04256	0.00838	0.00629	0.00217	0.00692	0.00615	0.00641	0.00988
18	0.01327	0.00664	0.00664	0.00664	0.00830	0.00664	0.00498	0.01659	0.01493	0.02655	0.02323	0.02655	0.01825	0.00830	0.00498	0.00166	0.00332	0.00664	0.78928	0.00664
19	0.02795	0.01853	0.02049	0.01571	0.02137	0.01997	0.01298	0.56424	0.03110	0.16558	0.01909	0.01839	0.01311	0.00860	0.00713	0.00215	0.00751	0.00655	0.00743	0.01211
20	0.07049	0.01578	0.10171	0.01495	0.06279	0.01253	0.01240	0.02701	0.11242	0.25396	0.06942	0.02235	0.01823	0.00807	0.00665	0.00200	0.00631	0.00660	0.00625	0.17005
21	0.01455	0.00965	0.01123	0.01008	0.01268	0.03495	0.00774	0.04346	0.03579	0.12943	0.42461	0.06818	0.14189	0.01379	0.00808	0.00226	0.00441	0.01186	0.00758	0.00778
22	0.01307	0.00666	0.00672	0.00672	0.00826	0.00666	0.00493	0.01615	0.01461	0.02564	0.02317	0.02798	0.01880	0.06126	0.00721	0.00203	0.00357	0.00690	0.73321	0.00647
23	0.02402	0.01775	0.01916	0.01485	0.01990	0.01920	0.01199	0.54554	0.02913	0.03931	0.01740	0.02054	0.01368	0.09950	0.01056	0.00264	0.00751	0.00672	0.00654	0.07405
24	0.01036	0.00690	0.00777	0.00777	0.00777	0.00690	0.00431	0.01036	0.01036	0.01381	0.02244	0.04660	0.02589	0.74975	0.03624	0.00690	0.00690	0.01036	0.00431	0.00431
25	0.00868	0.00620	0.00826	0.00991	0.01033	0.00578	0.00661	0.00991	0.01363	0.01818	0.03925	0.74510	0.04710	0.02231	0.00909	0.00289	0.00413	0.02024	0.00661	0.00578
26	0.04985	0.01562	0.02097	0.09195	0.22885	0.01718	0.01545	0.08345	0.25833	0.08232	0.02006	0.02110	0.01519	0.00825	0.00773	0.00230	0.03811	0.00692	0.00556	0.01080
27	0.01107	0.00921	0.03695	0.03275	0.01380	0.00850	0.00867	0.06545	0.03482	0.02112	0.05380	0.51933	0.03836	0.02164	0.06598	0.00340	0.00608	0.01616	0.00618	0.02673
28	0.01017	0.00763	0.01144	0.01144	0.01272	0.00890	0.00890	0.01272	0.01144	0.01653	0.01907	0.02797	0.01780	0.05340	0.72153	0.01144	0.01907	0.00763	0.00381	0.00636
29	0.01529	0.01305	0.01532	0.04010	0.01844	0.01067	0.00924	0.04007	0.05882	0.02410	0.01384	0.01577	0.01127	0.00573	0.00553	0.00123	0.00555	0.00462	0.00446	0.68688
30	0.01628	0.09795	0.22799	0.08861	0.08463	0.01859	0.27440	0.03774	0.01596	0.02205	0.01312	0.01690	0.01002	0.00667	0.00789	0.00227	0.03919	0.00657	0.00340	0.00978
31	0.02054	0.07418	0.01980	0.01767	0.10277	0.12280	0.01258	0.19941	0.13286	0.05431	0.05715	0.02659	0.10943	0.00967	0.00707	0.00213	0.00743	0.00770	0.00590	0.00998
32	0.00846	0.00705	0.00738	0.00765	0.00973	0.00597	0.00560	0.01017	0.01581	0.01907	0.06684	0.17749	0.59690	0.01872	0.00852	0.00248	0.00369	0.01587	0.00661	0.00597
33	0.01183	0.00732	0.00979	0.04153	0.01148	0.00748	0.00680	0.03740	0.01171	0.01557	0.02050	0.13918	0.02247	0.23548	0.02506	0.34716	0.00632	0.03408	0.00427	0.00456
34	0.02412	0.01222	0.05907	0.01202	0.01668	0.00971	0.01034	0.02742	0.01997	0.45754	0.23318	0.03251	0.03224	0.01044	0.00751	0.00222	0.00552	0.00879	0.00814	0.01036
35	0.05108	0.01365	0.03655	0.01280	0.01810	0.01220	0.01072	0.10961	0.05732	0.42007	0.08369	0.02441	0.02026	0.00884	0.00698	0.00209	0.00605	0.00716	0.00766	0.09073
36	0.28412	0.04487	0.03477	0.08432	0.01863	0.04162	0.01016	0.02156	0.01587	0.13682	0.13371	0.02245	0.02051	0.00835	0.00606	0.00208	0.00608	0.00639	0.02998	0.07166
37	0.09609	0.01700	0.02546	0.12112	0.21744	0.04707	0.14931	0.08640	0.09913	0.02582	0.01603	0.03922	0.01287	0.00752	0.00713	0.00226	0.00867	0.00704	0.00447	0.00993

[dist]
# distance from previous block
# <min> <max>
2	8

[block]
# block no. 5 follows, 29 sequences, length 7
# corresponding to MSA columns:
# 333-339
name=unknown_F
#
# <colnr> <probs for GDERKNQSTAVLIFYWHMCP>
#	G	D	E	R	K	N	Q	S	T	A	V	L	I	F	Y	W	H	M	C	P
0	0.02284	0.07253	0.01974	0.01698	0.09786	0.06135	0.01227	0.14367	0.12132	0.20872	0.06012	0.02357	0.04388	0.00876	0.00691	0.00208	0.00686	0.00709	0.00648	0.05697
1	0.07754	0.01978	0.01870	0.04570	0.07278	0.21695	0.05604	0.16934	0.02056	0.02758	0.01565	0.01797	0.01215	0.00761	0.00630	0.00197	0.00842	0.00588	0.19008	0.00900
2	0.01982	0.01937	0.10591	0.03427	0.46557	0.01726	0.02018	0.13115	0.01921	0.07629	0.01499	0.01771	0.01161	0.00693	0.00704	0.00214	0.00842	0.00629	0.00444	0.01139
3	0.07616	0.33274	0.25603	0.01515	0.02224	0.02031	0.05513	0.02055	0.01481	0.02048	0.01807	0.01947	0.08651	0.00768	0.00594	0.00197	0.00823	0.00582	0.00357	0.00917
4	0.10833	0.09848	0.02468	0.02931	0.38631	0.01825	0.01664	0.02546	0.17533	0.02508	0.01628	0.01834	0.01310	0.00713	0.00651	0.00213	0.00736	0.00618	0.00445	0.01063
5	0.06104	0.06753	0.07748	0.01282	0.01766	0.06498	0.01129	0.10742	0.06821	0.21688	0.05733	0.02562	0.07309	0.00922	0.00666	0.00210	0.00657	0.00723	0.09706	0.00982
6	0.01243	0.01565	0.17628	0.01190	0.01635	0.01052	0.01168	0.08916	0.01916	0.02593	0.25792	0.04513	0.25365	0.01317	0.00788	0.00229	0.00563	0.01105	0.00622	0.00799

[dist]
# distance from previous block
# <min> <max>
4	10

[block]
# block no. 6 follows, 29 sequences, length 10
# corresponding to MSA columns:
# 350-359
name=unknown_G
#
# <colnr> <probs for GDERKNQSTAVLIFYWHMCP>
#	G	D	E	R	K	N	Q	S	T	A	V	L	I	F	Y	W	H	M	C	P
0	0.20873	0.04031	0.01475	0.04140	0.01695	0.01501	0.00969	0.19470	0.04944	0.11251	0.02012	0.02088	0.03874	0.00831	0.00596	0.00206	0.00588	0.00623	0.17903	0.00930
1	0.29098	0.01980	0.14695	0.09960	0.02380	0.01789	0.01450	0.20715	0.06384	0.03203	0.01405	0.01564	0.01033	0.00744	0.00612	0.00223	0.00758	0.00541	0.00495	0.00973
2	0.02203	0.01653	0.01830	0.01392	0.01970	0.01657	0.01134	0.35599	0.07967	0.06684	0.01695	0.01735	0.01258	0.00745	0.00646	0.00177	0.00664	0.00578	0.00615	0.29798
3	0.38087	0.01828	0.15176	0.01527	0.06787	0.01541	0.03608	0.08008	0.01562	0.02910	0.04419	0.06418	0.01426	0.00821	0.00595	0.00224	0.00689	0.00626	0.02868	0.00878
4	0.01683	0.01929	0.11593	0.03476	0.42812	0.01675	0.12049	0.02325	0.07746	0.02362	0.01587	0.02090	0.01308	0.00719	0.00735	0.00225	0.00892	0.03325	0.00393	0.01074
5	0.01255	0.01129	0.01209	0.01130	0.01385	0.07284	0.00844	0.01459	0.01489	0.01997	0.05266	0.32726	0.08498	0.01493	0.00869	0.00226	0.05364	0.03635	0.00550	0.22191
6	0.01534	0.05092	0.29901	0.01828	0.08113	0.08902	0.01755	0.03845	0.01650	0.02226	0.05173	0.06611	0.06163	0.00968	0.00711	0.00219	0.00848	0.06008	0.00429	0.08024
7	0.06597	0.13570	0.08366	0.01588	0.02047	0.40298	0.01346	0.04882	0.04271	0.02082	0.01288	0.01461	0.01043	0.00727	0.00599	0.00186	0.01018	0.00486	0.07278	0.00866
8	0.19835	0.25794	0.05379	0.01269	0.01739	0.05270	0.01133	0.08823	0.07119	0.02469	0.01721	0.08219	0.03809	0.00899	0.00651	0.00208	0.03667	0.00652	0.00459	0.00884
9	0.07551	0.01485	0.01573	0.01318	0.01746	0.04089	0.01049	0.18195	0.21488	0.12674	0.13579	0.02781	0.04686	0.00991	0.00714	0.00221	0.00601	0.00801	0.00708	0.03751

[dist]
# distance from previous block
# <min> <max>
6	72

[block]
# block no. 7 follows, 29 sequences, length 14
# corresponding to MSA columns:
# 432-445
name=unknown_H
#
# <colnr> <probs for GDERKNQSTAVLIFYWHMCP>
#	G	D	E	R	K	N	Q	S	T	A	V	L	I	F	Y	W	H	M	C	P
0	0.15182	0.12054	0.06995	0.01309	0.01763	0.13134	0.01134	0.11685	0.01889	0.05785	0.13780	0.02288	0.02113	0.04825	0.00791	0.00227	0.00742	0.00658	0.00520	0.03126
1	0.01720	0.01342	0.01800	0.04377	0.03824	0.01269	0.07402	0.13817	0.04980	0.07243	0.05375	0.14398	0.02085	0.00984	0.00705	0.00197	0.00641	0.00869	0.00565	0.26405
2	0.02189	0.01576	0.02024	0.01616	0.02010	0.04612	0.07143	0.15476	0.05195	0.18422	0.01863	0.04499	0.01438	0.00955	0.01090	0.00233	0.17982	0.00706	0.04339	0.06630
3	0.14668	0.08660	0.01727	0.01294	0.01709	0.03775	0.01055	0.06937	0.24452	0.13008	0.10025	0.02391	0.02138	0.00925	0.00735	0.00224	0.03942	0.00710	0.00637	0.00988
4	0.16703	0.04101	0.01880	0.01803	0.11657	0.06728	0.01261	0.15037	0.22022	0.06392	0.01849	0.01874	0.01395	0.00794	0.00645	0.00215	0.00700	0.00616	0.00575	0.03754
5	0.01327	0.00664	0.00664	0.00664	0.00830	0.00664	0.00498	0.01659	0.01493	0.02655	0.02323	0.02655	0.01825	0.00830	0.00498	0.00166	0.00332	0.00664	0.78928	0.00664
6	0.01368	0.00833	0.01105	0.01119	0.04496	0.00758	0.00782	0.01626	0.01793	0.14055	0.32317	0.18580	0.13075	0.03693	0.00909	0.00252	0.00435	0.01325	0.00729	0.00751
7	0.00978	0.00685	0.00838	0.00909	0.01036	0.00617	0.00633	0.01133	0.01494	0.04882	0.09189	0.44014	0.23314	0.05565	0.01010	0.00288	0.00415	0.01721	0.00668	0.00611
8	0.67838	0.01355	0.01172	0.05506	0.01640	0.01545	0.00873	0.02206	0.01303	0.09494	0.01180	0.01323	0.00876	0.00685	0.00484	0.00221	0.00581	0.00432	0.00474	0.00814
9	0.01390	0.08164	0.04636	0.01135	0.01457	0.01199	0.00931	0.02092	0.17623	0.05297	0.28976	0.10496	0.03972	0.04758	0.00889	0.00244	0.00507	0.01049	0.00660	0.04523
10	0.06411	0.33403	0.02644	0.01474	0.01948	0.32514	0.01244	0.05588	0.01798	0.01976	0.04252	0.01424	0.01189	0.00716	0.00566	0.00176	0.00957	0.00469	0.00380	0.00871
11	0.01032	0.00780	0.00938	0.00969	0.01135	0.00722	0.00689	0.03873	0.03868	0.02049	0.07368	0.42283	0.19101	0.01890	0.00929	0.03599	0.00434	0.01602	0.00640	0.06102
12	0.09010	0.04865	0.03842	0.01179	0.01489	0.10536	0.00949	0.05074	0.01792	0.10043	0.20080	0.14244	0.05543	0.04447	0.00869	0.00249	0.00621	0.03763	0.00620	0.00785
13	0.02271	0.06839	0.08500	0.01392	0.01883	0.07173	0.01219	0.14871	0.04397	0.24528	0.08566	0.10869	0.02272	0.01042	0.00722	0.00221	0.00699	0.00851	0.00671	0.01016

[dist]
