[name]
unknown

[dist]
# distance from previous block
# <min> <max>
10	69

[block]
# block no. 0 follows, 28 sequences, length 18
# corresponding to MSA columns:
# 69-86
name=unknown_A
#
# <colnr> <probs for GDERKNQSTAVLIFYWHMCP>
#	G	D	E	R	K	N	Q	S	T	A	V	L	I	F	Y	W	H	M	C	P
0	0.01806	0.03935	0.01757	0.01326	0.01825	0.01376	0.03707	0.17563	0.06372	0.05400	0.01975	0.11280	0.01774	0.03430	0.03090	0.00233	0.00679	0.00782	0.00564	0.31126
1	0.01824	0.01610	0.05784	0.04415	0.02084	0.01452	0.02890	0.21649	0.05123	0.03035	0.06583	0.04063	0.01720	0.00997	0.03571	0.00221	0.00726	0.00667	0.00553	0.31033
2	0.03768	0.01347	0.03548	0.04336	0.01932	0.01312	0.06547	0.06606	0.11264	0.04698	0.06885	0.10898	0.07070	0.01160	0.00951	0.03562	0.06137	0.00912	0.00556	0.16513
3	0.06485	0.01650	0.02129	0.01670	0.02205	0.01725	0.12560	0.17667	0.24711	0.03163	0.02021	0.02081	0.01521	0.00801	0.00699	0.00213	0.00723	0.00697	0.03908	0.13371
4	0.01355	0.00678	0.00678	0.00678	0.00847	0.00678	0.00508	0.01694	0.01524	0.02710	0.02371	0.02710	0.01863	0.00847	0.00508	0.00169	0.00339	0.00678	0.78489	0.00678
5	0.06244	0.01788	0.01934	0.01495	0.02062	0.04843	0.01226	0.38609	0.02732	0.22390	0.01957	0.01882	0.01345	0.00838	0.00697	0.00210	0.00740	0.00637	0.00722	0.07649
6	0.01852	0.02227	0.06402	0.05889	0.05561	0.13438	0.45046	0.02367	0.01718	0.02184	0.01366	0.01808	0.01055	0.00682	0.00892	0.00238	0.05213	0.00751	0.00361	0.00949
7	0.79588	0.01406	0.01068	0.00956	0.01406	0.01631	0.00787	0.02137	0.01237	0.03261	0.01012	0.01181	0.00787	0.00675	0.00450	0.00225	0.00562	0.00394	0.00450	0.00787
8	0.01590	0.01590	0.02226	0.01908	0.01908	0.02226	0.01590	0.01749	0.01113	0.01749	0.00954	0.01590	0.00954	0.01272	0.02385	0.00318	0.73123	0.00636	0.00318	0.00795
9	0.01628	0.01427	0.02103	0.52395	0.04164	0.01692	0.01791	0.12150	0.06801	0.02396	0.01487	0.01942	0.01110	0.00758	0.00717	0.00231	0.00889	0.00649	0.00423	0.05247
10	0.02492	0.01868	0.02014	0.01560	0.02111	0.02024	0.01271	0.53281	0.07869	0.04106	0.01810	0.01920	0.01351	0.03991	0.00836	0.00230	0.00753	0.00661	0.00685	0.09169
11	0.02089	0.01701	0.01802	0.01536	0.01997	0.01939	0.01218	0.22548	0.49464	0.03493	0.02602	0.02428	0.01930	0.00953	0.00736	0.00238	0.00641	0.00773	0.00736	0.01176
12	0.00897	0.00654	0.00831	0.00959	0.01031	0.00603	0.00645	0.01031	0.01430	0.01880	0.06564	0.58739	0.13347	0.06407	0.01078	0.00310	0.00428	0.01912	0.00665	0.00588
13	0.01856	0.01593	0.01447	0.01247	0.01610	0.12041	0.00976	0.24352	0.02320	0.02946	0.06518	0.06602	0.23778	0.01249	0.00752	0.00221	0.00660	0.00999	0.07962	0.00872
14	0.00882	0.00649	0.00827	0.00970	0.01043	0.00594	0.00656	0.01017	0.01433	0.01872	0.04525	0.63628	0.14825	0.02210	0.00917	0.00288	0.00413	0.01984	0.00675	0.00594
15	0.01514	0.01491	0.02596	0.26847	0.06437	0.01527	0.19807	0.01963	0.01527	0.02127	0.01419	0.04286	0.01171	0.00730	0.00817	0.00216	0.04931	0.00702	0.00375	0.19519
16	0.01876	0.04679	0.01738	0.01461	0.01888	0.01822	0.01151	0.03777	0.62899	0.05861	0.02872	0.02636	0.02146	0.00967	0.00728	0.00242	0.00586	0.00799	0.00728	0.01145
17	0.01700	0.22020	0.09272	0.05330	0.08335	0.01974	0.21116	0.02119	0.01556	0.03885	0.01579	0.07285	0.01424	0.00858	0.00838	0.00228	0.06315	0.02842	0.00387	0.00936

[dist]
# distance from previous block
# <min> <max>
0	2

[block]
# block no. 1 follows, 28 sequences, length 18
# corresponding to MSA columns:
# 89-106
name=unknown_B
#
# <colnr> <probs for GDERKNQSTAVLIFYWHMCP>
#	G	D	E	R	K	N	Q	S	T	A	V	L	I	F	Y	W	H	M	C	P
0	0.01639	0.06723	0.22864	0.02521	0.03248	0.01908	0.36297	0.02235	0.01570	0.02208	0.01328	0.01744	0.01021	0.00723	0.00990	0.00245	0.10705	0.00710	0.00340	0.00980
1	0.72563	0.01463	0.01170	0.01021	0.01483	0.01688	0.00842	0.08114	0.01436	0.03382	0.01079	0.01232	0.00828	0.00693	0.00475	0.00224	0.00584	0.00417	0.00475	0.00828
2	0.68062	0.01453	0.01207	0.01041	0.01510	0.01655	0.00858	0.08197	0.01486	0.07342	0.01189	0.01309	0.00888	0.00706	0.00492	0.00224	0.00587	0.00437	0.00502	0.00855
3	0.07790	0.01668	0.01822	0.05140	0.02100	0.01837	0.01221	0.37586	0.12681	0.08258	0.05639	0.02292	0.03667	0.00929	0.00711	0.00224	0.00691	0.00727	0.03916	0.01100
4	0.00904	0.00720	0.00758	0.00774	0.00948	0.00631	0.00539	0.01043	0.01503	0.01834	0.05963	0.12638	0.49253	0.17539	0.01478	0.00349	0.00446	0.01480	0.00624	0.00574
5	0.01355	0.00678	0.00678	0.00678	0.00847	0.00678	0.00508	0.01694	0.01524	0.02710	0.02371	0.02710	0.01863	0.00847	0.00508	0.00169	0.00339	0.00678	0.78489	0.00678
6	0.00917	0.00646	0.00834	0.00972	0.01006	0.00611	0.00632	0.01020	0.01330	0.01774	0.03692	0.61302	0.04411	0.15496	0.01435	0.00370	0.00474	0.01882	0.00632	0.00563
7	0.00898	0.00659	0.00843	0.00963	0.01048	0.00604	0.00659	0.01057	0.01504	0.01991	0.11918	0.57053	0.13874	0.02128	0.00910	0.00281	0.00405	0.01908	0.00689	0.00604
8	0.01355	0.00678	0.00678	0.00678	0.00847	0.00678	0.00508	0.01694	0.01524	0.02710	0.02371	0.02710	0.01863	0.00847	0.00508	0.00169	0.00339	0.00678	0.78489	0.00678
9	0.00995	0.00678	0.00811	0.00873	0.00888	0.00663	0.00526	0.01041	0.01179	0.01572	0.02915	0.29940	0.03430	0.48196	0.02691	0.00556	0.00602	0.01424	0.00526	0.00495
10	0.02674	0.01992	0.02131	0.01654	0.02220	0.02213	0.01360	0.61569	0.09489	0.04438	0.01858	0.01835	0.01328	0.00883	0.00728	0.00221	0.00779	0.00670	0.00728	0.01228
11	0.02671	0.07614	0.02162	0.01836	0.02225	0.67547	0.01395	0.02860	0.02026	0.01775	0.01117	0.01302	0.00936	0.00742	0.00644	0.00185	0.01280	0.00464	0.00371	0.00848
12	0.00886	0.00633	0.00843	0.01012	0.01054	0.00590	0.00675	0.01012	0.01392	0.01856	0.04006	0.73979	0.04808	0.02277	0.00928	0.00295	0.00422	0.02066	0.00675	0.00590
13	0.00906	0.00713	0.00818	0.00845	0.01024	0.00625	0.00614	0.01114	0.01688	0.02164	0.21345	0.22758	0.39081	0.01862	0.00875	0.00253	0.00375	0.01610	0.00705	0.00625
14	0.02608	0.01885	0.02039	0.01607	0.02154	0.02082	0.01313	0.50303	0.16320	0.08913	0.02066	0.01989	0.01472	0.00897	0.00730	0.00224	0.00742	0.00693	0.00742	0.01219
15	0.02514	0.16365	0.02319	0.01665	0.02110	0.43815	0.01323	0.05184	0.09182	0.06837	0.01445	0.01532	0.01145	0.00766	0.00637	0.00191	0.01065	0.00517	0.00451	0.00934
16	0.01723	0.01347	0.01784	0.01284	0.01929	0.01060	0.07001	0.02068	0.01591	0.09975	0.01485	0.01657	0.01160	0.00586	0.00589	0.00133	0.00611	0.00504	0.00477	0.63037
17	0.01501	0.01415	0.01955	0.35883	0.05222	0.06287	0.04369	0.04223	0.05050	0.02099	0.01931	0.11895	0.03328	0.00989	0.00798	0.00236	0.03335	0.00854	0.02308	0.06324

[dist]
# distance from previous block
# <min> <max>
0	1

[block]
# block no. 2 follows, 28 sequences, length 17
# corresponding to MSA columns:
# 108-124
name=unknown_C
#
# <colnr> <probs for GDERKNQSTAVLIFYWHMCP>
#	G	D	E	R	K	N	Q	S	T	A	V	L	I	F	Y	W	H	M	C	P
0	0.02622	0.01617	0.01848	0.01443	0.01959	0.01684	0.01182	0.39744	0.02824	0.22233	0.09978	0.02584	0.04925	0.00991	0.00749	0.00222	0.00680	0.00787	0.00780	0.01148
1	0.01553	0.01306	0.01517	0.01109	0.01724	0.01027	0.00883	0.05622	0.01614	0.02475	0.01440	0.04760	0.01253	0.00636	0.00567	0.00122	0.00548	0.00517	0.00459	0.70870
2	0.01859	0.01587	0.01672	0.01490	0.01910	0.01832	0.01163	0.07251	0.65135	0.03123	0.02894	0.02661	0.02167	0.00980	0.00739	0.00245	0.00587	0.00813	0.00739	0.01155
3	0.00992	0.00716	0.00877	0.00875	0.00995	0.00667	0.00605	0.01197	0.01657	0.02258	0.34922	0.15569	0.13808	0.19810	0.01575	0.00359	0.00448	0.01390	0.00676	0.00601
4	0.01590	0.01590	0.02226	0.01908	0.01908	0.02226	0.01590	0.01749	0.01113	0.01749	0.00954	0.01590	0.00954	0.01272	0.02385	0.00318	0.73123	0.00636	0.00318	0.00795
5	0.01007	0.00737	0.00945	0.00903	0.01075	0.00675	0.00673	0.01325	0.01990	0.02780	0.60887	0.08815	0.12361	0.01555	0.00861	0.00233	0.00349	0.01370	0.00783	0.00675
6	0.02763	0.02036	0.02182	0.01672	0.02254	0.02254	0.01382	0.67496	0.03418	0.04581	0.01745	0.01745	0.01236	0.00873	0.00727	0.00218	0.00800	0.00654	0.00727	0.01236
7	0.01067	0.00820	0.01222	0.01206	0.01329	0.00976	0.00944	0.01321	0.01165	0.01691	0.01896	0.02791	0.01773	0.05238	0.68031	0.01125	0.05591	0.00772	0.00386	0.00656
8	0.03084	0.01198	0.01630	0.01263	0.01794	0.01038	0.01038	0.03370	0.02079	0.65059	0.08165	0.02709	0.02201	0.00946	0.00741	0.00225	0.00597	0.00777	0.00892	0.01193
9	0.00901	0.00639	0.00839	0.00993	0.01031	0.00601	0.00654	0.01016	0.01362	0.01816	0.03854	0.67832	0.04615	0.08687	0.01174	0.00332	0.00447	0.01977	0.00654	0.00577
10	0.02551	0.01955	0.02190	0.01715	0.02192	0.02249	0.01419	0.55579	0.03000	0.04068	0.01602	0.01717	0.01185	0.00945	0.01028	0.00236	0.13908	0.00651	0.00653	0.01156
11	0.01716	0.01961	0.04289	0.03064	0.03799	0.01838	0.67279	0.02328	0.01716	0.02328	0.01471	0.01961	0.01103	0.00613	0.00858	0.00245	0.01225	0.00858	0.00368	0.00980
12	0.00894	0.00642	0.00835	0.00986	0.01035	0.00598	0.00655	0.01016	0.01385	0.01835	0.04073	0.66615	0.07903	0.06463	0.01086	0.00317	0.00436	0.01981	0.00661	0.00583
13	0.02497	0.01848	0.01984	0.01555	0.02079	0.02023	0.01271	0.58159	0.03157	0.04208	0.02361	0.05944	0.07494	0.01031	0.00749	0.00225	0.00742	0.00806	0.00720	0.01148
14	0.01292	0.04608	0.02024	0.09141	0.02175	0.01422	0.12677	0.01572	0.01472	0.01939	0.03416	0.12832	0.22175	0.01373	0.01202	0.00265	0.18056	0.01123	0.00481	0.00754
15	0.03203	0.01331	0.01745	0.01338	0.01902	0.01207	0.01105	0.11024	0.02237	0.62720	0.02736	0.02389	0.01733	0.00897	0.00731	0.00224	0.00640	0.00722	0.00880	0.01237
16	0.00895	0.00655	0.00842	0.00970	0.01048	0.00602	0.00661	0.01048	0.01483	0.01963	0.10232	0.59784	0.12835	0.02154	0.00913	0.00283	0.00408	0.01935	0.00686	0.00602

[dist]
# distance from previous block
# <min> <max>
5	8

[block]
# block no. 3 follows, 28 sequences, length 35
# corresponding to MSA columns:
# 133-167
name=unknown_D
#
# <colnr> <probs for GDERKNQSTAVLIFYWHMCP>
#	G	D	E	R	K	N	Q	S	T	A	V	L	I	F	Y	W	H	M	C	P
0	0.02342	0.01860	0.01975	0.01611	0.02070	0.05969	0.01304	0.32425	0.21046	0.07371	0.02004	0.02004	0.01486	0.00931	0.00906	0.00232	0.08905	0.00684	0.00663	0.04212
1	0.00917	0.00653	0.00827	0.00951	0.00999	0.00614	0.00621	0.01023	0.01344	0.01776	0.03894	0.56132	0.08649	0.16265	0.01462	0.00371	0.00473	0.01835	0.00629	0.00563
2	0.01020	0.00739	0.00945	0.03290	0.01202	0.00724	0.00717	0.04307	0.01477	0.01966	0.05762	0.54338	0.06476	0.11898	0.01283	0.00341	0.00492	0.01774	0.00638	0.00612
3	0.02280	0.04092	0.02076	0.01625	0.02139	0.02007	0.04482	0.31256	0.32328	0.06345	0.02296	0.02199	0.01682	0.00904	0.00731	0.00230	0.00712	0.00734	0.00709	0.01176
4	0.01362	0.00975	0.01133	0.01034	0.01144	0.01056	0.00704	0.12086	0.01462	0.01981	0.02098	0.03894	0.02237	0.51019	0.10804	0.00658	0.04327	0.00939	0.00476	0.00612
5	0.01590	0.01590	0.02226	0.01908	0.01908	0.02226	0.01590	0.01749	0.01113	0.01749	0.00954	0.01590	0.00954	0.01272	0.02385	0.00318	0.73123	0.00636	0.00318	0.00795
6	0.01891	0.01373	0.01567	0.01201	0.01722	0.01259	0.00957	0.19290	0.02081	0.08964	0.06136	0.02512	0.06799	0.05541	0.00851	0.00203	0.00601	0.00693	0.00592	0.35767
7	0.01565	0.01556	0.02221	0.10097	0.02267	0.02156	0.01640	0.01762	0.01153	0.01762	0.00993	0.01631	0.00956	0.01209	0.02194	0.00309	0.64778	0.00637	0.00319	0.00797
8	0.01014	0.00686	0.00806	0.00848	0.00859	0.00676	0.00500	0.01046	0.01142	0.01523	0.02726	0.22317	0.03192	0.56145	0.02997	0.00601	0.00633	0.01313	0.00500	0.00478
9	0.00882	0.00645	0.00830	0.00978	0.01045	0.00593	0.00660	0.01016	0.01424	0.01869	0.04418	0.65762	0.12759	0.02224	0.00919	0.00289	0.00415	0.02001	0.00675	0.00593
10	0.00959	0.00729	0.00882	0.00866	0.01049	0.00652	0.00641	0.01227	0.01858	0.02495	0.42460	0.13036	0.27133	0.01684	0.00865	0.00241	0.00359	0.01464	0.00746	0.00652
11	0.02767	0.01921	0.02102	0.01608	0.02190	0.02076	0.01327	0.58007	0.03198	0.11577	0.01848	0.01814	0.01290	0.00862	0.00720	0.00214	0.00770	0.00654	0.00734	0.04321
12	0.01507	0.01292	0.01507	0.01077	0.01723	0.00969	0.00861	0.01830	0.01507	0.02369	0.01292	0.01507	0.01077	0.00538	0.00538	0.00108	0.00538	0.00431	0.00431	0.78898
13	0.00895	0.00640	0.00837	0.00991	0.01037	0.00598	0.00657	0.01016	0.01380	0.01833	0.04012	0.67789	0.06737	0.06502	0.01088	0.00318	0.00437	0.01990	0.00661	0.00582
14	0.00989	0.00719	0.00931	0.00925	0.01073	0.00661	0.00676	0.01276	0.01893	0.02635	0.52025	0.20118	0.10011	0.01675	0.00872	0.00244	0.00361	0.01487	0.00766	0.00661
15	0.08805	0.01624	0.02066	0.06572	0.04345	0.04366	0.04008	0.10159	0.07106	0.11478	0.03210	0.01909	0.01344	0.01003	0.01341	0.00262	0.28277	0.00665	0.00507	0.00953
16	0.02590	0.01201	0.01524	0.01228	0.01680	0.01126	0.00992	0.10155	0.04782	0.42782	0.11781	0.05663	0.02563	0.01030	0.00737	0.00224	0.00568	0.00854	0.07436	0.01086
17	0.00886	0.00633	0.00843	0.01012	0.01054	0.00590	0.00675	0.01012	0.01392	0.01856	0.04006	0.73979	0.04808	0.02277	0.00928	0.00295	0.00422	0.02066	0.00675	0.00590
18	0.02729	0.01879	0.02045	0.01577	0.02133	0.02047	0.01300	0.57427	0.03177	0.10859	0.01891	0.01873	0.01328	0.00874	0.00715	0.00216	0.00755	0.00663	0.05310	0.01203
19	0.02583	0.01807	0.01926	0.01522	0.02026	0.04634	0.01231	0.47615	0.02910	0.12753	0.02209	0.05780	0.03997	0.04498	0.00882	0.00246	0.00757	0.00779	0.00718	0.01128
20	0.01099	0.00759	0.00858	0.00844	0.00898	0.00753	0.00514	0.03748	0.01274	0.01691	0.06615	0.08801	0.08006	0.57690	0.03044	0.00600	0.00646	0.01149	0.00504	0.00508
21	0.01913	0.62427	0.07413	0.01345	0.01943	0.06014	0.01338	0.02177	0.01485	0.01748	0.01057	0.01258	0.00958	0.00793	0.02559	0.00196	0.03714	0.00422	0.00316	0.00923
22	0.01971	0.72312	0.03746	0.01266	0.01879	0.05355	0.01250	0.02203	0.01498	0.01713	0.01015	0.01171	0.00933	0.00626	0.00473	0.00157	0.00797	0.00392	0.00313	0.00930
23	0.01830	0.18051	0.36778	0.01824	0.02603	0.01919	0.05204	0.02385	0.01560	0.11313	0.01424	0.01611	0.01054	0.00763	0.00838	0.00224	0.08637	0.00558	0.00392	0.01032
24	0.01819	0.01448	0.01801	0.01310	0.01947	0.01232	0.05202	0.12266	0.01853	0.06626	0.01465	0.01629	0.01145	0.00616	0.00599	0.00141	0.00628	0.00510	0.00500	0.57262
25	0.00861	0.00730	0.00742	0.00752	0.00986	0.00612	0.00559	0.01041	0.01642	0.01957	0.07172	0.10826	0.65918	0.01866	0.00863	0.00248	0.00371	0.01565	0.00675	0.00612
26	0.03139	0.01201	0.01622	0.01254	0.01791	0.01043	0.01033	0.03424	0.02045	0.66093	0.02836	0.02489	0.01803	0.00896	0.00717	0.00221	0.00601	0.00728	0.05862	0.01201
27	0.01659	0.01516	0.04610	0.27020	0.22732	0.01550	0.05626	0.07481	0.01743	0.05042	0.02079	0.02429	0.07930	0.00831	0.00734	0.00228	0.00839	0.00749	0.04247	0.00954
28	0.01716	0.01961	0.04289	0.03064	0.03799	0.01838	0.67279	0.02328	0.01716	0.02328	0.01471	0.01961	0.01103	0.00613	0.00858	0.00245	0.01225	0.00858	0.00368	0.00980
29	0.01125	0.00899	0.01031	0.01030	0.01238	0.00901	0.00757	0.01763	0.17227	0.02396	0.19315	0.25252	0.20901	0.01690	0.00851	0.00256	0.00426	0.01475	0.00718	0.00748
30	0.01076	0.00865	0.00986	0.00999	0.01237	0.00827	0.00795	0.01553	0.10136	0.02273	0.13953	0.06548	0.37175	0.01728	0.00879	0.00265	0.00464	0.16837	0.00698	0.00704
31	0.01852	0.57590	0.07369	0.01411	0.01947	0.02691	0.01389	0.02107	0.01415	0.01751	0.01017	0.01264	0.00936	0.00743	0.00825	0.00189	0.13834	0.00442	0.00312	0.00916
32	0.00979	0.00736	0.00919	0.01033	0.01140	0.00711	0.00726	0.01291	0.07106	0.02016	0.06275	0.54790	0.12154	0.02081	0.00906	0.00285	0.00439	0.05082	0.00684	0.00647
33	0.00920	0.00739	0.00821	0.00800	0.01019	0.00640	0.00600	0.01161	0.01801	0.02305	0.29675	0.06434	0.47100	0.01714	0.00858	0.00239	0.00359	0.01455	0.00720	0.00640
34	0.01821	0.01383	0.01691	0.05606	0.01984	0.01486	0.03757	0.23275	0.13052	0.05207	0.12940	0.11956	0.04818	0.01260	0.00806	0.00247	0.00646	0.06412	0.00695	0.00959

[dist]
# distance from previous block
# <min> <max>
0	1

[block]
# block no. 4 follows, 28 sequences, length 6
# corresponding to MSA columns:
# 169-174
name=unknown_E
#
# <colnr> <probs for GDERKNQSTAVLIFYWHMCP>
#	G	D	E	R	K	N	Q	S	T	A	V	L	I	F	Y	W	H	M	C	P
0	0.01711	0.07160	0.10677	0.01558	0.01978	0.08504	0.07931	0.04729	0.05286	0.08781	0.04556	0.18891	0.04759	0.05410	0.01017	0.00269	0.04339	0.01038	0.00540	0.00867
1	0.00967	0.00667	0.00851	0.00988	0.01073	0.00628	0.00699	0.01144	0.01457	0.01994	0.04067	0.53769	0.09450	0.02054	0.00883	0.00281	0.00435	0.08570	0.09411	0.00610
2	0.01624	0.01272	0.08813	0.01016	0.01362	0.01079	0.00912	0.13794	0.01872	0.03006	0.02137	0.02402	0.01643	0.00834	0.00569	0.00185	0.00506	0.00658	0.55492	0.00824
3	0.21919	0.18907	0.10531	0.01714	0.09222	0.05978	0.01419	0.11723	0.01806	0.08633	0.01357	0.01487	0.01037	0.00714	0.00587	0.00205	0.00787	0.00508	0.00466	0.01001
4	0.06642	0.01450	0.01653	0.01307	0.01788	0.01480	0.01065	0.28349	0.02479	0.22738	0.09823	0.02436	0.02075	0.00922	0.00697	0.00212	0.00623	0.00730	0.09033	0.04500
5	0.19582	0.07226	0.05234	0.01224	0.01763	0.01524	0.01062	0.12296	0.05152	0.11045	0.06418	0.01942	0.01598	0.00779	0.00604	0.00193	0.00620	0.00586	0.03508	0.17645

[dist]
# distance from previous block
# <min> <max>
0	6

[block]
# block no. 5 follows, 28 sequences, length 43
# corresponding to MSA columns:
# 181-223
name=unknown_F
#
# <colnr> <probs for GDERKNQSTAVLIFYWHMCP>
#	G	D	E	R	K	N	Q	S	T	A	V	L	I	F	Y	W	H	M	C	P
0	0.09036	0.36517	0.15246	0.01521	0.02127	0.10185	0.01519	0.06333	0.01622	0.02150	0.01118	0.01323	0.00939	0.00724	0.00705	0.00197	0.06977	0.00463	0.00357	0.00942
1	0.08081	0.04376	0.10448	0.01342	0.01865	0.01401	0.03720	0.14537	0.01898	0.13433	0.01813	0.02070	0.01381	0.04539	0.00904	0.04483	0.00689	0.00625	0.12404	0.09989
2	0.06730	0.12602	0.04966	0.01571	0.02156	0.04474	0.01359	0.44743	0.05726	0.06254	0.01657	0.01678	0.01210	0.00821	0.00671	0.00210	0.00794	0.00601	0.00631	0.01145
3	0.00965	0.00716	0.00900	0.00906	0.01060	0.00651	0.00660	0.01230	0.01832	0.02500	0.43292	0.21646	0.17493	0.01733	0.00874	0.00247	0.00366	0.01528	0.00749	0.00651
4	0.09554	0.01242	0.01455	0.06304	0.01754	0.01406	0.01034	0.13542	0.06696	0.08004	0.01938	0.02411	0.01582	0.08002	0.10153	0.00388	0.07494	0.00701	0.15480	0.00861
5	0.14277	0.08411	0.10509	0.03783	0.01959	0.04211	0.01268	0.04266	0.01718	0.23817	0.05356	0.02062	0.01583	0.00853	0.00760	0.00220	0.05887	0.00626	0.07453	0.00979
6	0.01639	0.30292	0.45742	0.01763	0.02669	0.02131	0.02148	0.02255	0.01513	0.02081	0.01195	0.01397	0.00925	0.00665	0.00607	0.00202	0.00964	0.00482	0.00308	0.01022
7	0.01057	0.00705	0.00793	0.00793	0.00793	0.00705	0.00440	0.01057	0.01057	0.01409	0.02290	0.04757	0.02643	0.74454	0.03700	0.00705	0.00705	0.01057	0.00440	0.00440
8	0.01129	0.00764	0.00985	0.00924	0.01117	0.00696	0.00695	0.01445	0.01995	0.06444	0.57732	0.08425	0.11850	0.01519	0.00854	0.00233	0.00363	0.01335	0.00789	0.00705
9	0.05275	0.01721	0.10491	0.01476	0.02062	0.01447	0.01344	0.16580	0.06805	0.35649	0.02455	0.02628	0.01753	0.00954	0.00738	0.00234	0.00714	0.05780	0.00744	0.01150
10	0.01398	0.01341	0.02336	0.67564	0.04917	0.01631	0.06838	0.01892	0.01473	0.01892	0.01305	0.01940	0.00979	0.00718	0.00736	0.00242	0.00988	0.00662	0.00326	0.00820
11	0.00973	0.00723	0.00894	0.00885	0.01045	0.00657	0.00644	0.01233	0.01826	0.02483	0.43368	0.15925	0.19685	0.05168	0.01004	0.00265	0.00377	0.01461	0.00738	0.00645
12	0.05531	0.01624	0.01872	0.01458	0.01996	0.01680	0.01196	0.36786	0.02726	0.29085	0.04418	0.04591	0.01736	0.00944	0.00730	0.00224	0.00696	0.00744	0.00783	0.01181
13	0.01960	0.50997	0.18090	0.01453	0.02167	0.02484	0.01556	0.06368	0.01643	0.05669	0.01219	0.01352	0.00995	0.00667	0.00545	0.00179	0.00835	0.00456	0.00367	0.00999
14	0.01417	0.01328	0.02229	0.31318	0.05848	0.01505	0.12282	0.03769	0.01566	0.02117	0.05375	0.08949	0.05982	0.01024	0.00958	0.00251	0.08918	0.00899	0.03451	0.00817
15	0.00886	0.00658	0.00826	0.00951	0.01040	0.00599	0.00650	0.01033	0.01473	0.01919	0.07241	0.57400	0.18363	0.02156	0.00911	0.00282	0.00408	0.01927	0.00680	0.00599
16	0.02648	0.01944	0.02135	0.05497	0.02370	0.02158	0.01393	0.58317	0.07043	0.06342	0.01825	0.01834	0.01296	0.00872	0.00728	0.00221	0.00791	0.00666	0.00711	0.01208
17	0.07574	0.02052	0.02107	0.01635	0.02201	0.04897	0.01345	0.60901	0.03229	0.04390	0.01675	0.01693	0.01196	0.00855	0.00707	0.00217	0.00805	0.00631	0.00696	0.01193
18	0.59787	0.01466	0.01352	0.10714	0.01993	0.01704	0.01025	0.09975	0.01529	0.03231	0.01138	0.01351	0.00866	0.00706	0.00521	0.00226	0.00646	0.00459	0.00466	0.00844
19	0.02807	0.01669	0.05362	0.01664	0.06311	0.01570	0.01326	0.23386	0.07793	0.36791	0.02353	0.02177	0.01573	0.00872	0.00728	0.00224	0.00710	0.00700	0.00770	0.01216
20	0.00913	0.00644	0.00835	0.00977	0.01012	0.00609	0.00637	0.01019	0.01338	0.01784	0.03732	0.62905	0.04461	0.13824	0.01371	0.00361	0.00467	0.01905	0.00637	0.00566
21	0.26662	0.01304	0.01472	0.01199	0.01656	0.01341	0.00985	0.06143	0.01799	0.35454	0.05026	0.02121	0.01629	0.00875	0.00741	0.00228	0.05126	0.00639	0.04584	0.01017
22	0.01263	0.00631	0.00947	0.00947	0.00947	0.00631	0.00631	0.00947	0.00947	0.01263	0.01263	0.02210	0.01263	0.02525	0.02841	0.78851	0.00631	0.00631	0.00316	0.00316
23	0.02763	0.02036	0.02182	0.01672	0.02254	0.02254	0.01382	0.67496	0.03418	0.04581	0.01745	0.01745	0.01236	0.00873	0.00727	0.00218	0.00800	0.00654	0.00727	0.01236
24	0.01509	0.01404	0.02298	0.50712	0.04233	0.01579	0.08563	0.05701	0.01602	0.02140	0.01337	0.01865	0.01014	0.00695	0.00712	0.00221	0.00922	0.00636	0.00367	0.12490
25	0.04600	0.01297	0.02096	0.65608	0.04668	0.01578	0.01901	0.01867	0.01448	0.01945	0.01280	0.01882	0.00968	0.00714	0.00704	0.00234	0.00927	0.00623	0.00334	0.05326
26	0.01716	0.01961	0.04289	0.03064	0.03799	0.01838	0.67279	0.02328	0.01716	0.02328	0.01471	0.01961	0.01103	0.00613	0.00858	0.00245	0.01225	0.00858	0.00368	0.00980
27	0.01098	0.00719	0.00943	0.00994	0.01117	0.00666	0.00707	0.01305	0.01643	0.06473	0.24290	0.40406	0.06860	0.05526	0.01033	0.00291	0.00432	0.04125	0.00716	0.00657
28	0.01356	0.01159	0.01605	0.01453	0.01554	0.01477	0.01163	0.05598	0.01281	0.01873	0.01583	0.02439	0.01512	0.08351	0.36318	0.00756	0.28672	0.00736	0.00387	0.00727
29	0.01300	0.00994	0.01235	0.01295	0.01506	0.01046	0.01050	0.03687	0.17379	0.02420	0.07173	0.19219	0.03910	0.01762	0.00912	0.00298	0.00586	0.32750	0.00695	0.00783
30	0.00884	0.00638	0.00838	0.00998	0.01051	0.00592	0.00668	0.01014	0.01406	0.01861	0.04182	0.70484	0.08190	0.02255	0.00924	0.00293	0.00419	0.02039	0.00675	0.00592
31	0.01590	0.01590	0.02226	0.01908	0.01908	0.02226	0.01590	0.01749	0.01113	0.01749	0.00954	0.01590	0.00954	0.01272	0.02385	0.00318	0.73123	0.00636	0.00318	0.00795
32	0.01413	0.00733	0.00739	0.00718	0.00905	0.00742	0.00544	0.04403	0.01602	0.02787	0.02346	0.02670	0.01837	0.00848	0.00517	0.00171	0.00358	0.00677	0.75288	0.00701
33	0.00951	0.00664	0.00842	0.00946	0.00978	0.00644	0.00607	0.01041	0.01269	0.01698	0.03332	0.47336	0.03938	0.26664	0.05236	0.00474	0.00590	0.01666	0.00582	0.00543
34	0.79588	0.01406	0.01068	0.00956	0.01406	0.01631	0.00787	0.02137	0.01237	0.03261	0.01012	0.01181	0.00787	0.00675	0.00450	0.00225	0.00562	0.00394	0.00450	0.00787
35	0.01125	0.00761	0.00976	0.00946	0.01133	0.00694	0.00713	0.01417	0.01906	0.06532	0.46380	0.14153	0.14231	0.01621	0.00866	0.00244	0.00388	0.04449	0.00768	0.00696
36	0.00886	0.00633	0.00843	0.01012	0.01054	0.00590	0.00675	0.01012	0.01392	0.01856	0.04006	0.73979	0.04808	0.02277	0.00928	0.00295	0.00422	0.02066	0.00675	0.00590
37	0.00923	0.00657	0.00874	0.01033	0.01086	0.00621	0.00712	0.01064	0.01402	0.01864	0.03901	0.63798	0.04632	0.06017	0.01080	0.00321	0.00461	0.08301	0.00662	0.00590
38	0.02499	0.19549	0.02456	0.01683	0.02143	0.43223	0.01352	0.11267	0.05427	0.02194	0.01271	0.01405	0.01039	0.00748	0.00626	0.00187	0.01085	0.00492	0.00425	0.00930
39	0.05970	0.01075	0.01148	0.04607	0.01405	0.05656	0.00862	0.03522	0.01482	0.02397	0.01924	0.02390	0.01585	0.01779	0.14823	0.00391	0.07539	0.00661	0.40062	0.00722
40	0.05868	0.04995	0.22377	0.09422	0.03364	0.01778	0.31284	0.05108	0.01672	0.02415	0.01408	0.01784	0.01048	0.00669	0.00743	0.00232	0.01055	0.00689	0.03112	0.00978
41	0.01950	0.04801	0.04692	0.02380	0.19396	0.12560	0.05795	0.02961	0.27013	0.04959	0.02201	0.02264	0.04094	0.00843	0.00721	0.00225	0.00824	0.00722	0.00534	0.01064
42	0.06686	0.11616	0.04404	0.01658	0.05210	0.30945	0.01287	0.06630	0.07881	0.04708	0.02180	0.02233	0.09828	0.00895	0.00665	0.00204	0.00928	0.00653	0.00480	0.00911

[dist]
# distance from previous block
# <min> <max>
3	5

[block]
# block no. 6 follows, 28 sequences, length 19
# corresponding to MSA columns:
# 229-247
name=unknown_G
#
# <colnr> <probs for GDERKNQSTAVLIFYWHMCP>
#	G	D	E	R	K	N	Q	S	T	A	V	L	I	F	Y	W	H	M	C	P
0	0.01676	0.01439	0.01920	0.01776	0.07247	0.04252	0.06120	0.08367	0.01578	0.02372	0.01576	0.02106	0.01347	0.04124	0.03128	0.00286	0.27496	0.00681	0.21676	0.00833
1	0.00873	0.00718	0.00757	0.00784	0.00985	0.00614	0.00567	0.01039	0.01586	0.01920	0.06580	0.17867	0.55925	0.05251	0.01001	0.00275	0.00392	0.01599	0.00664	0.00602
2	0.01621	0.02043	0.16949	0.14837	0.42640	0.01656	0.02224	0.02138	0.01597	0.02259	0.01584	0.01976	0.03835	0.00718	0.00720	0.00224	0.00905	0.00660	0.00355	0.01058
3	0.01943	0.46790	0.19732	0.01540	0.02234	0.13049	0.01617	0.02318	0.01580	0.01864	0.01099	0.01277	0.00930	0.00658	0.00549	0.00178	0.00931	0.00437	0.00320	0.00953
4	0.01744	0.01738	0.02580	0.13271	0.39109	0.07297	0.06429	0.02322	0.08384	0.02289	0.01914	0.02238	0.05898	0.00780	0.00737	0.00224	0.00877	0.00726	0.00416	0.01029
5	0.04955	0.27615	0.16736	0.01551	0.02103	0.09645	0.01533	0.03805	0.05747	0.02086	0.02957	0.01657	0.01232	0.01170	0.06668	0.00287	0.08409	0.00542	0.00379	0.00924
6	0.06929	0.09584	0.04161	0.01356	0.01906	0.04343	0.01165	0.13396	0.02164	0.39479	0.06441	0.02252	0.01813	0.00877	0.00690	0.00215	0.00688	0.00683	0.00737	0.01124
7	0.00883	0.00641	0.00835	0.00990	0.01048	0.00592	0.00665	0.01015	0.01413	0.01864	0.04278	0.68561	0.10051	0.02242	0.00922	0.00291	0.00417	0.02023	0.00675	0.00592
8	0.01035	0.00754	0.00886	0.00850	0.01059	0.00666	0.00633	0.01288	0.01828	0.04955	0.35465	0.08294	0.33814	0.04088	0.00951	0.00254	0.00379	0.01405	0.00733	0.00664
9	0.01938	0.01474	0.01499	0.01274	0.01599	0.05838	0.00974	0.29172	0.05897	0.03145	0.06827	0.07800	0.02271	0.15747	0.01314	0.00315	0.00684	0.00880	0.10457	0.00894
10	0.02365	0.02814	0.02147	0.01864	0.02230	0.48636	0.06989	0.06692	0.02024	0.02083	0.05979	0.04626	0.01532	0.00894	0.00822	0.00210	0.06157	0.00647	0.00434	0.00855
11	0.00886	0.00633	0.00843	0.01012	0.01054	0.00590	0.00675	0.01012	0.01392	0.01856	0.04006	0.73979	0.04808	0.02277	0.00928	0.00295	0.00422	0.02066	0.00675	0.00590
12	0.01008	0.00735	0.00948	0.00910	0.01077	0.00675	0.00677	0.01326	0.01986	0.02781	0.61038	0.10291	0.10700	0.01564	0.00862	0.00234	0.00350	0.01381	0.00784	0.00675
13	0.02223	0.07014	0.12439	0.01533	0.02121	0.01787	0.01407	0.20772	0.20156	0.14832	0.04279	0.02341	0.03999	0.00913	0.00716	0.00226	0.00721	0.00725	0.00668	0.01131
14	0.79588	0.01406	0.01068	0.00956	0.01406	0.01631	0.00787	0.02137	0.01237	0.03261	0.01012	0.01181	0.00787	0.00675	0.00450	0.00225	0.00562	0.00394	0.00450	0.00787
15	0.00886	0.00633	0.00843	0.01012	0.01054	0.00590	0.00675	0.01012	0.01392	0.01856	0.04006	0.73979	0.04808	0.02277	0.00928	0.00295	0.00422	0.02066	0.00675	0.00590
16	0.04901	0.02047	0.09324	0.02783	0.03462	0.01856	0.52856	0.02262	0.01622	0.02308	0.01387	0.01858	0.01061	0.00686	0.00977	0.00250	0.08246	0.00791	0.00361	0.00962
17	0.00896	0.00637	0.00840	0.00998	0.01038	0.00598	0.00660	0.01015	0.01371	0.01828	0.03899	0.69641	0.04672	0.06801	0.01102	0.00321	0.00439	0.02003	0.00660	0.00581
18	0.01765	0.01445	0.01646	0.01199	0.01832	0.01233	0.00968	0.15306	0.01899	0.02823	0.01385	0.01556	0.01109	0.00607	0.00577	0.00130	0.00592	0.00477	0.00492	0.62960

[dist]
# distance from previous block
# <min> <max>
0	22

[block]
# block no. 7 follows, 28 sequences, length 22
# corresponding to MSA columns:
# 270-291
name=unknown_H
#
# <colnr> <probs for GDERKNQSTAVLIFYWHMCP>
#	G	D	E	R	K	N	Q	S	T	A	V	L	I	F	Y	W	H	M	C	P
0	0.02760	0.02136	0.02173	0.01687	0.02254	0.07125	0.01383	0.62954	0.03322	0.04384	0.01701	0.01715	0.01215	0.00864	0.00722	0.00216	0.00836	0.00641	0.00702	0.01209
1	0.01575	0.20857	0.54612	0.01873	0.02838	0.01974	0.02339	0.02272	0.01521	0.02160	0.01234	0.01446	0.00924	0.00674	0.00637	0.00212	0.01003	0.00501	0.00308	0.01040
2	0.01561	0.18848	0.56502	0.01896	0.02875	0.01940	0.02380	0.02275	0.01522	0.02176	0.01242	0.01456	0.00923	0.00676	0.00643	0.00214	0.01011	0.00506	0.00308	0.01044
3	0.00931	0.00784	0.00816	0.00823	0.01070	0.00689	0.00633	0.01217	0.04844	0.02033	0.06856	0.06894	0.60862	0.01814	0.00866	0.00253	0.00404	0.06889	0.00678	0.00644
4	0.01492	0.01524	0.02911	0.48581	0.04588	0.01692	0.24626	0.02020	0.01544	0.02020	0.01354	0.01946	0.01015	0.00687	0.00772	0.00243	0.01058	0.00719	0.00338	0.00867
5	0.79588	0.01406	0.01068	0.00956	0.01406	0.01631	0.00787	0.02137	0.01237	0.03261	0.01012	0.01181	0.00787	0.00675	0.00450	0.00225	0.00562	0.00394	0.00450	0.00787
6	0.01458	0.03760	0.70688	0.02072	0.03146	0.01688	0.02686	0.02302	0.01535	0.02302	0.01304	0.01535	0.00921	0.00691	0.00691	0.00230	0.01074	0.00537	0.00307	0.01074
7	0.00871	0.00737	0.00753	0.00749	0.00989	0.00619	0.00562	0.01066	0.01685	0.02030	0.11720	0.06886	0.65227	0.01816	0.00859	0.00244	0.00366	0.01519	0.00684	0.00619
8	0.00958	0.00681	0.00911	0.01069	0.01135	0.00651	0.00767	0.01121	0.01431	0.01896	0.03864	0.55436	0.04537	0.06767	0.01119	0.00330	0.00493	0.15577	0.00659	0.00598
9	0.01057	0.00705	0.00793	0.00793	0.00793	0.00705	0.00440	0.01057	0.01057	0.01409	0.02290	0.04757	0.02643	0.74454	0.03700	0.00705	0.00705	0.01057	0.00440	0.00440
10	0.01180	0.00777	0.01020	0.00940	0.01138	0.00712	0.00712	0.01519	0.02059	0.07498	0.65010	0.05229	0.06515	0.01446	0.00849	0.00228	0.00362	0.01275	0.00807	0.00723
11	0.00886	0.00633	0.00843	0.01012	0.01054	0.00590	0.00675	0.01012	0.01392	0.01856	0.04006	0.73979	0.04808	0.02277	0.00928	0.00295	0.00422	0.02066	0.00675	0.00590
12	0.01038	0.00779	0.01168	0.01168	0.01298	0.00909	0.00909	0.01298	0.01168	0.01687	0.01947	0.02856	0.01817	0.05452	0.71573	0.01168	0.01947	0.00779	0.00389	0.00649
13	0.01746	0.01691	0.02936	0.12082	0.59000	0.01721	0.05747	0.02194	0.01636	0.02314	0.01364	0.01824	0.01128	0.00655	0.00728	0.00220	0.00895	0.00659	0.00356	0.01103
14	0.01058	0.00768	0.00933	0.00981	0.01094	0.00739	0.00676	0.05741	0.01596	0.02121	0.11970	0.42155	0.12090	0.13000	0.01318	0.00338	0.00475	0.01660	0.00658	0.00627
15	0.02259	0.01600	0.01734	0.01398	0.01819	0.01743	0.01105	0.43309	0.05938	0.05819	0.02072	0.05289	0.01732	0.13415	0.01223	0.00302	0.00716	0.00792	0.06708	0.01028
16	0.04680	0.00871	0.01060	0.01011	0.01251	0.00807	0.00755	0.04166	0.01770	0.14616	0.16887	0.28431	0.17542	0.01667	0.00837	0.00254	0.00452	0.01448	0.00732	0.00763
17	0.00977	0.00756	0.01034	0.01087	0.01191	0.00738	0.03393	0.01143	0.01435	0.01927	0.04150	0.53820	0.13803	0.02021	0.00974	0.00281	0.04399	0.01794	0.04453	0.00625
18	0.05091	0.02231	0.07618	0.02503	0.03105	0.13640	0.39256	0.02425	0.01704	0.05920	0.01408	0.01784	0.01074	0.00724	0.00940	0.00240	0.08269	0.00724	0.00392	0.00951
19	0.04024	0.01089	0.01425	0.01251	0.01493	0.03857	0.06403	0.06239	0.01558	0.05461	0.07993	0.03068	0.02226	0.13741	0.26945	0.00634	0.01146	0.00827	0.09884	0.00733
20	0.02295	0.01708	0.06887	0.01545	0.02081	0.01645	0.03824	0.14313	0.30468	0.20950	0.02683	0.02500	0.03848	0.00934	0.00740	0.00235	0.00680	0.00772	0.00732	0.01159
21	0.01984	0.01949	0.12658	0.01804	0.02366	0.01717	0.12596	0.28433	0.02245	0.05160	0.01743	0.02197	0.01392	0.07541	0.12445	0.00418	0.01086	0.00726	0.00530	0.01008

[dist]
# distance from previous block
# <min> <max>
6	9

[block]
# block no. 8 follows, 28 sequences, length 47
# corresponding to MSA columns:
# 301-315,317-324,336-359
name=unknown_I
#
# <colnr> <probs for GDERKNQSTAVLIFYWHMCP>
#	G	D	E	R	K	N	Q	S	T	A	V	L	I	F	Y	W	H	M	C	P
0	0.01557	0.01105	0.01301	0.01146	0.01447	0.01099	0.00900	0.17330	0.02179	0.05754	0.26319	0.08283	0.10313	0.05966	0.01001	0.00265	0.00538	0.07709	0.00712	0.05076
1	0.00902	0.00640	0.00839	0.00991	0.01029	0.00601	0.00652	0.01016	0.01360	0.01813	0.03842	0.67347	0.04600	0.09192	0.01193	0.00334	0.00449	0.01970	0.00652	0.00576
2	0.04497	0.01068	0.01359	0.01183	0.01428	0.01073	0.05890	0.11966	0.01691	0.05982	0.03106	0.14713	0.12166	0.25888	0.04407	0.00434	0.00704	0.01148	0.00574	0.00722
3	0.15741	0.01603	0.05389	0.01345	0.01887	0.01525	0.01147	0.18630	0.08530	0.21296	0.04546	0.03812	0.01667	0.00870	0.00670	0.00215	0.00651	0.00676	0.00675	0.09126
4	0.01173	0.00885	0.01122	0.01078	0.01111	0.01024	0.00760	0.01278	0.01168	0.01689	0.02217	0.12994	0.02431	0.36347	0.08698	0.00558	0.15927	0.01043	0.07919	0.00576
5	0.07939	0.00893	0.00896	0.00839	0.01047	0.00942	0.00620	0.06683	0.05220	0.02690	0.02229	0.02863	0.01880	0.13535	0.01083	0.00274	0.00468	0.00725	0.48460	0.00714
6	0.01721	0.01419	0.01622	0.01178	0.01813	0.01188	0.00950	0.13000	0.01832	0.02745	0.01369	0.01548	0.01104	0.00595	0.00570	0.00126	0.00583	0.00469	0.00481	0.65687
7	0.01827	0.01711	0.02862	0.03970	0.57015	0.01718	0.05928	0.07249	0.01817	0.02573	0.05115	0.02002	0.01466	0.00709	0.00736	0.00218	0.00852	0.00697	0.00413	0.01123
8	0.00881	0.00653	0.00823	0.00959	0.01040	0.00595	0.00651	0.01018	0.01443	0.01876	0.04653	0.61070	0.17299	0.02193	0.00915	0.00286	0.00411	0.01964	0.00675	0.00595
9	0.00894	0.00644	0.00839	0.00987	0.01042	0.00598	0.00660	0.01025	0.01412	0.01874	0.05867	0.66094	0.08321	0.04752	0.01019	0.00305	0.00427	0.01982	0.00670	0.00589
10	0.01486	0.01356	0.02081	0.18001	0.02601	0.01696	0.07284	0.04239	0.01380	0.02015	0.01400	0.02016	0.01205	0.01693	0.12549	0.00410	0.29254	0.00685	0.07851	0.00797
11	0.00959	0.00692	0.00893	0.01029	0.01099	0.00657	0.00699	0.03646	0.01481	0.01967	0.04028	0.68894	0.06819	0.02207	0.00918	0.00291	0.00435	0.01993	0.00677	0.00617
12	0.02601	0.01669	0.01889	0.01493	0.01998	0.01768	0.01214	0.44450	0.02871	0.18037	0.05052	0.09512	0.01958	0.01049	0.00754	0.00228	0.00704	0.00844	0.00761	0.01147
13	0.04408	0.00701	0.00899	0.01028	0.01114	0.00675	0.00727	0.01151	0.01473	0.02047	0.10432	0.55164	0.04716	0.03966	0.00979	0.00300	0.00453	0.08484	0.00671	0.00613
14	0.01761	0.23845	0.42264	0.01717	0.02580	0.01934	0.02043	0.02357	0.01590	0.08899	0.03699	0.01654	0.01214	0.00719	0.00636	0.00208	0.00919	0.00540	0.00384	0.01037
15	0.02338	0.01066	0.01401	0.01142	0.01554	0.00951	0.00917	0.04829	0.02090	0.41064	0.25310	0.03740	0.08083	0.01158	0.00782	0.00227	0.00516	0.00977	0.00845	0.01011
16	0.00886	0.00633	0.00843	0.01012	0.01054	0.00590	0.00675	0.01012	0.01392	0.01856	0.04006	0.73979	0.04808	0.02277	0.00928	0.00295	0.00422	0.02066	0.00675	0.00590
17	0.01365	0.00834	0.01137	0.01213	0.01407	0.00794	0.00994	0.01637	0.01677	0.11257	0.06748	0.22921	0.06672	0.01895	0.00937	0.00303	0.00578	0.36201	0.00707	0.00725
18	0.01799	0.01727	0.02950	0.04462	0.69919	0.01727	0.02231	0.02231	0.01655	0.02375	0.01367	0.01799	0.01151	0.00648	0.00720	0.00216	0.00864	0.00648	0.00360	0.01151
19	0.02007	0.01461	0.01602	0.01407	0.01835	0.01615	0.01104	0.03654	0.53488	0.14601	0.03183	0.02904	0.05817	0.01018	0.00745	0.00243	0.00571	0.00845	0.00764	0.01136
20	0.01695	0.02105	0.09610	0.02984	0.03747	0.01826	0.62103	0.02326	0.01701	0.02326	0.01457	0.01927	0.01088	0.00619	0.00844	0.00244	0.01213	0.00832	0.00363	0.00988
21	0.02069	0.06785	0.02196	0.30856	0.03291	0.10890	0.01591	0.22402	0.02176	0.05351	0.01707	0.01977	0.03951	0.00821	0.00706	0.00221	0.00909	0.00649	0.00491	0.00962
22	0.01943	0.74891	0.03809	0.01244	0.01866	0.02876	0.01244	0.02177	0.01477	0.01710	0.01011	0.01166	0.00933	0.00622	0.00466	0.00155	0.00777	0.00389	0.00311	0.00933
23	0.01881	0.64354	0.06085	0.01278	0.01886	0.02674	0.01271	0.02265	0.06068	0.01870	0.03793	0.01449	0.01248	0.00683	0.00509	0.00167	0.00758	0.00459	0.00359	0.00943
24	0.01029	0.00743	0.00972	0.00914	0.01086	0.00686	0.00686	0.01372	0.02058	0.02915	0.69536	0.05430	0.06859	0.01486	0.00857	0.00229	0.00343	0.01315	0.00800	0.00686
25	0.01373	0.01292	0.02180	0.72707	0.05006	0.01615	0.02019	0.01857	0.01453	0.01857	0.01292	0.01938	0.00969	0.00727	0.00727	0.00242	0.00969	0.00646	0.00323	0.00807
26	0.00903	0.00645	0.00863	0.01031	0.01081	0.00605	0.00704	0.01041	0.01408	0.01875	0.03997	0.70089	0.04771	0.02261	0.00932	0.00298	0.00436	0.05790	0.00674	0.00595
27	0.02715	0.03464	0.02060	0.01873	0.02247	0.71536	0.01404	0.02903	0.02060	0.01779	0.01124	0.01311	0.00936	0.00749	0.00655	0.00187	0.01311	0.00468	0.00375	0.00843
28	0.07420	0.00734	0.00708	0.00699	0.00890	0.00751	0.00530	0.01728	0.01502	0.02753	0.02266	0.02591	0.01780	0.00834	0.00504	0.00174	0.00356	0.00655	0.72439	0.00686
29	0.00943	0.00730	0.00859	0.00848	0.01039	0.00646	0.00628	0.01198	0.01823	0.02409	0.36809	0.12698	0.33328	0.01713	0.00865	0.00242	0.00361	0.01480	0.00735	0.00646
30	0.03164	0.01216	0.01656	0.01277	0.01822	0.01052	0.01052	0.03448	0.02080	0.67487	0.05767	0.02603	0.02019	0.00925	0.00736	0.00225	0.00607	0.00756	0.00895	0.01213
31	0.00951	0.00660	0.00824	0.00929	0.00955	0.00634	0.00586	0.01029	0.01264	0.01686	0.03353	0.47629	0.03984	0.29752	0.01983	0.00451	0.00529	0.01682	0.00586	0.00533
32	0.00886	0.00633	0.00843	0.01012	0.01054	0.00590	0.00675	0.01012	0.01392	0.01856	0.04006	0.73979	0.04808	0.02277	0.00928	0.00295	0.00422	0.02066	0.00675	0.00590
33	0.01859	0.01547	0.01730	0.01651	0.05598	0.01747	0.01243	0.11960	0.48295	0.03106	0.02817	0.03189	0.02265	0.01075	0.00768	0.00252	0.00632	0.08455	0.00709	0.01105
34	0.01030	0.00779	0.00963	0.00968	0.01156	0.00728	0.00748	0.01382	0.04371	0.02496	0.36841	0.11449	0.20971	0.01695	0.00882	0.00255	0.00415	0.11460	0.00738	0.00676
35	0.00904	0.00651	0.00862	0.01024	0.01083	0.00608	0.00704	0.01048	0.01422	0.01882	0.04128	0.66750	0.07331	0.02241	0.00930	0.00296	0.00437	0.06426	0.00674	0.00597
36	0.06695	0.01171	0.01485	0.01251	0.01693	0.01106	0.01026	0.02959	0.09745	0.41654	0.08465	0.03611	0.05133	0.01130	0.00768	0.00243	0.00585	0.09413	0.00809	0.01058
37	0.01619	0.01781	0.03744	0.17665	0.03972	0.01754	0.51577	0.02190	0.01651	0.02215	0.01508	0.04078	0.01184	0.00686	0.00832	0.00246	0.01148	0.00849	0.00367	0.00933
38	0.01527	0.01522	0.02539	0.45690	0.16150	0.04336	0.10710	0.01996	0.01556	0.02014	0.01558	0.02088	0.03679	0.00741	0.00745	0.00236	0.00974	0.00702	0.00351	0.00886
39	0.71539	0.01441	0.01279	0.01105	0.01541	0.01675	0.03769	0.02122	0.01251	0.03131	0.01029	0.01239	0.00811	0.00707	0.00582	0.00231	0.04883	0.00428	0.00438	0.00796
40	0.01042	0.00725	0.00881	0.00940	0.00986	0.00717	0.00600	0.03624	0.01309	0.01750	0.03066	0.37097	0.03582	0.35822	0.04128	0.00506	0.00609	0.01508	0.00560	0.00547
41	0.00981	0.00673	0.00815	0.00890	0.00909	0.00654	0.00545	0.01037	0.01206	0.01608	0.03054	0.35576	0.03607	0.42319	0.02466	0.00522	0.00579	0.01506	0.00545	0.00507
42	0.16399	0.04633	0.06752	0.13037	0.05687	0.01547	0.14932	0.02501	0.01672	0.20739	0.04018	0.02002	0.01390	0.00756	0.00695	0.00229	0.00825	0.00671	0.00527	0.00988
43	0.02324	0.06544	0.06242	0.05636	0.02417	0.30951	0.04349	0.12164	0.15383	0.04508	0.01658	0.01754	0.01268	0.00801	0.00689	0.00211	0.01006	0.00599	0.00502	0.00994
44	0.08509	0.01748	0.10622	0.01442	0.02040	0.01485	0.01302	0.11799	0.14625	0.31179	0.02302	0.02147	0.01571	0.00848	0.00695	0.00222	0.00685	0.00670	0.00709	0.05399
45	0.01487	0.01182	0.01424	0.05620	0.01653	0.04192	0.01027	0.10590	0.01578	0.02238	0.01875	0.05078	0.01731	0.11154	0.23827	0.00584	0.10090	0.00778	0.11099	0.02794
46	0.11446	0.05511	0.06031	0.01313	0.01815	0.01483	0.01141	0.12259	0.11584	0.22685	0.05677	0.02913	0.08582	0.01014	0.00710	0.00230	0.00635	0.03242	0.00693	0.01037

[dist]
# distance from previous block
# <min> <max>
13	26

[block]
# block no. 9 follows, 28 sequences, length 34
# corresponding to MSA columns:
# 386-419
name=unknown_J
#
# <colnr> <probs for GDERKNQSTAVLIFYWHMCP>
#	G	D	E	R	K	N	Q	S	T	A	V	L	I	F	Y	W	H	M	C	P
0	0.01942	0.01452	0.01703	0.01292	0.01828	0.01381	0.02724	0.20842	0.02077	0.06265	0.01631	0.01797	0.01257	0.00726	0.00684	0.00166	0.03679	0.00562	0.10898	0.37095
1	0.00939	0.00671	0.00903	0.01059	0.01128	0.00635	0.00754	0.01110	0.01473	0.01965	0.07580	0.59777	0.04821	0.02191	0.00936	0.00298	0.00457	0.12016	0.00681	0.00608
2	0.02208	0.08271	0.03917	0.01471	0.01904	0.24282	0.01195	0.11640	0.08579	0.08238	0.11262	0.02274	0.02072	0.00891	0.00680	0.00201	0.00832	0.00677	0.05451	0.03957
3	0.01129	0.01035	0.01090	0.09096	0.01589	0.07240	0.00845	0.01374	0.01720	0.02129	0.19342	0.15568	0.31968	0.01601	0.00835	0.00243	0.00525	0.01367	0.00635	0.00669
