[name]
unknown

[dist]
# distance from previous block
# <min> <max>
0	54

[block]
# block no. 0 follows, 27 sequences, length 18
# corresponding to MSA columns:
# 55-72
name=unknown_A
#
# <colnr> <probs for GDERKNQSTAVLIFYWHMCP>
#	G	D	E	R	K	N	Q	S	T	A	V	L	I	F	Y	W	H	M	C	P
0	0.04341	0.12128	0.19200	0.01511	0.02021	0.01409	0.01556	0.02008	0.01648	0.07570	0.02678	0.07943	0.02660	0.01380	0.00819	0.00274	0.00785	0.28647	0.00548	0.00874
1	0.01595	0.33130	0.28036	0.01515	0.02227	0.02024	0.01699	0.02070	0.01596	0.02119	0.08589	0.05643	0.05139	0.00897	0.00646	0.00207	0.00823	0.00693	0.00404	0.00947
2	0.01615	0.01110	0.01323	0.01178	0.01462	0.01132	0.00912	0.13320	0.05372	0.09746	0.22266	0.16165	0.14772	0.01507	0.00923	0.00251	0.04073	0.01271	0.00744	0.00859
3	0.02147	0.01573	0.01943	0.01586	0.01974	0.07163	0.06901	0.07562	0.09676	0.19268	0.11086	0.02848	0.05407	0.02677	0.01109	0.00255	0.12255	0.00841	0.00652	0.03078
4	0.01818	0.02189	0.06785	0.02999	0.03736	0.07020	0.59224	0.02421	0.01771	0.02335	0.01469	0.01936	0.01106	0.00639	0.00854	0.00245	0.01252	0.00834	0.00374	0.00995
5	0.00894	0.00743	0.00781	0.00792	0.01018	0.00631	0.00586	0.01090	0.01702	0.02075	0.12229	0.12841	0.58286	0.01890	0.00883	0.00254	0.00379	0.01596	0.00700	0.00631
6	0.07249	0.01214	0.01545	0.01213	0.01721	0.01077	0.00986	0.04680	0.02031	0.43340	0.14339	0.02837	0.02585	0.00963	0.00727	0.00215	0.00573	0.00790	0.00806	0.11109
7	0.01644	0.01999	0.10005	0.15152	0.03732	0.01884	0.38716	0.02197	0.01590	0.02197	0.01370	0.01897	0.01060	0.00760	0.01081	0.00260	0.12384	0.00770	0.00353	0.00949
8	0.00902	0.00654	0.00853	0.01013	0.01071	0.00605	0.00680	0.01036	0.01442	0.01903	0.04347	0.68484	0.09687	0.02293	0.00942	0.00298	0.00427	0.02070	0.00689	0.00605
9	0.00904	0.00646	0.00861	0.01034	0.01077	0.00603	0.00689	0.01034	0.01421	0.01895	0.04092	0.73426	0.04910	0.02326	0.00948	0.00301	0.00431	0.02110	0.00689	0.00603
10	0.02605	0.13915	0.05601	0.01777	0.02281	0.41200	0.01466	0.17887	0.02316	0.02507	0.01289	0.01432	0.01027	0.00772	0.00659	0.00196	0.01122	0.00514	0.00454	0.00980
11	0.02054	0.14430	0.12211	0.02331	0.03047	0.08825	0.31700	0.05981	0.01849	0.08264	0.01507	0.01779	0.01126	0.00691	0.00748	0.00224	0.01086	0.00692	0.00426	0.01029
12	0.01846	0.01595	0.01679	0.01511	0.01930	0.01846	0.01175	0.03945	0.67938	0.03105	0.03022	0.02770	0.02266	0.01007	0.00755	0.00252	0.00588	0.00839	0.00755	0.01175
13	0.00912	0.00657	0.00865	0.01015	0.01075	0.00610	0.00684	0.01057	0.01474	0.01965	0.08146	0.66462	0.07812	0.02258	0.00940	0.00295	0.00423	0.02041	0.00697	0.00610
14	0.09389	0.02075	0.02039	0.01633	0.02172	0.07870	0.01326	0.46880	0.12357	0.04099	0.01840	0.01836	0.01340	0.00879	0.00713	0.00225	0.00806	0.00654	0.00690	0.01176
15	0.08827	0.01796	0.01766	0.01371	0.01935	0.09918	0.01101	0.17748	0.02039	0.02946	0.01371	0.01548	0.01090	0.00703	0.00683	0.00167	0.03770	0.00505	0.00503	0.40214
16	0.08648	0.47914	0.02910	0.01215	0.01741	0.09043	0.01119	0.02085	0.01578	0.01939	0.02201	0.02268	0.13073	0.00875	0.00565	0.00185	0.00753	0.00614	0.00403	0.00872
17	0.34352	0.15902	0.01724	0.01068	0.01531	0.01627	0.00914	0.02350	0.01581	0.15634	0.07467	0.01995	0.01686	0.00813	0.00560	0.00210	0.00586	0.00579	0.08520	0.00901

[dist]
# distance from previous block
# <min> <max>
0	3

[block]
# block no. 1 follows, 27 sequences, length 14
# corresponding to MSA columns:
# 76-89
name=unknown_B
#
# <colnr> <probs for GDERKNQSTAVLIFYWHMCP>
#	G	D	E	R	K	N	Q	S	T	A	V	L	I	F	Y	W	H	M	C	P
0	0.11446	0.04125	0.09960	0.01511	0.02013	0.08307	0.03630	0.05351	0.05801	0.20798	0.09568	0.02370	0.02009	0.01152	0.04218	0.00279	0.05132	0.00716	0.00611	0.01004
1	0.01850	0.06837	0.01513	0.01124	0.01478	0.01130	0.00906	0.08533	0.02181	0.19316	0.37924	0.04160	0.07501	0.01255	0.00799	0.00226	0.00502	0.01065	0.00789	0.00911
2	0.01058	0.00801	0.01059	0.06350	0.01403	0.00765	0.00789	0.01401	0.02008	0.02785	0.56808	0.05453	0.13533	0.01499	0.00866	0.00236	0.00402	0.01316	0.00766	0.00702
3	0.01632	0.01681	0.02168	0.39634	0.03662	0.11200	0.01796	0.01975	0.01467	0.01854	0.01310	0.04686	0.01140	0.00969	0.01225	0.00264	0.21480	0.00691	0.00350	0.00817
4	0.05160	0.01942	0.12328	0.01546	0.02133	0.04575	0.01401	0.10184	0.22182	0.24893	0.04253	0.02356	0.01834	0.00911	0.00732	0.00235	0.00731	0.00728	0.00714	0.01161
5	0.03138	0.01370	0.01768	0.01364	0.01922	0.01267	0.01124	0.13657	0.02343	0.56096	0.05944	0.02554	0.01996	0.00943	0.00752	0.00229	0.00648	0.00763	0.00886	0.01236
6	0.01956	0.01649	0.01740	0.01533	0.01972	0.01898	0.01202	0.10995	0.60710	0.03282	0.02883	0.02659	0.02154	0.00994	0.00754	0.00249	0.00613	0.00820	0.00754	0.01185
7	0.01807	0.31544	0.34185	0.01661	0.02475	0.02110	0.01917	0.02339	0.01566	0.07409	0.01378	0.01574	0.01071	0.00985	0.04813	0.00261	0.00993	0.00519	0.00368	0.01027
8	0.02914	0.01511	0.05922	0.01476	0.02054	0.01285	0.04030	0.11479	0.02202	0.49594	0.02706	0.07402	0.01898	0.00990	0.00763	0.00235	0.00696	0.00827	0.00820	0.01195
9	0.00904	0.00646	0.00861	0.01034	0.01077	0.00603	0.00689	0.01034	0.01421	0.01895	0.04092	0.73426	0.04910	0.02326	0.00948	0.00301	0.00431	0.02110	0.00689	0.00603
10	0.02046	0.68839	0.03751	0.01320	0.01936	0.08235	0.01283	0.02281	0.01555	0.01752	0.01041	0.01202	0.00953	0.00645	0.00491	0.00161	0.00836	0.00403	0.00323	0.00946
11	0.01510	0.01328	0.02064	0.53818	0.04208	0.01632	0.01814	0.06981	0.01623	0.02176	0.01516	0.04563	0.01221	0.00858	0.00847	0.00247	0.05731	0.00714	0.06309	0.00840
12	0.00911	0.00658	0.00850	0.01001	0.01058	0.00610	0.00668	0.01038	0.01426	0.01882	0.04276	0.65035	0.09798	0.05659	0.01075	0.00317	0.00440	0.02020	0.00678	0.00598
13	0.02880	0.01986	0.02170	0.01664	0.02255	0.02163	0.01374	0.59549	0.03334	0.12155	0.01914	0.01868	0.01329	0.00894	0.00743	0.00224	0.00796	0.00677	0.00763	0.01263

[dist]
# distance from previous block
# <min> <max>
0	1

[block]
# block no. 2 follows, 27 sequences, length 13
# corresponding to MSA columns:
# 91-103
name=unknown_C
#
# <colnr> <probs for GDERKNQSTAVLIFYWHMCP>
#	G	D	E	R	K	N	Q	S	T	A	V	L	I	F	Y	W	H	M	C	P
0	0.01585	0.01569	0.07775	0.01736	0.03991	0.01390	0.12607	0.11548	0.09716	0.02779	0.12233	0.19205	0.03015	0.01241	0.00819	0.00244	0.00715	0.01136	0.00611	0.06086
1	0.01509	0.01424	0.01464	0.01418	0.01563	0.11703	0.01061	0.05830	0.05880	0.02117	0.02824	0.39461	0.03145	0.01715	0.01171	0.00281	0.14688	0.01406	0.00579	0.00761
2	0.01626	0.01387	0.01630	0.01193	0.01806	0.01155	0.00961	0.05982	0.01637	0.02522	0.01327	0.01560	0.01102	0.00620	0.00683	0.00131	0.05200	0.00468	0.00452	0.68557
3	0.03765	0.18383	0.11507	0.09323	0.02735	0.04332	0.11771	0.07157	0.03369	0.02254	0.01361	0.03639	0.01151	0.00867	0.01030	0.00239	0.15125	0.00652	0.00389	0.00951
4	0.01068	0.00715	0.00813	0.00825	0.00828	0.00712	0.00466	0.01076	0.01103	0.01470	0.02458	0.09510	0.02849	0.69054	0.03586	0.00691	0.00700	0.01150	0.00466	0.00460
5	0.01724	0.01429	0.01638	0.01187	0.01837	0.01178	0.00956	0.11195	0.01820	0.02744	0.01386	0.01574	0.01123	0.00599	0.00577	0.00126	0.00588	0.00473	0.00483	0.67363
6	0.01200	0.00833	0.00986	0.00957	0.01028	0.00869	0.00619	0.06187	0.01306	0.01766	0.02349	0.08652	0.02588	0.52340	0.14564	0.00734	0.00920	0.01066	0.00479	0.00558
7	0.02232	0.01581	0.02000	0.09564	0.02355	0.03894	0.04289	0.19048	0.06509	0.15765	0.01948	0.02145	0.01444	0.01267	0.06056	0.00310	0.11212	0.00705	0.06647	0.01030
8	0.00904	0.00646	0.00861	0.01034	0.01077	0.00603	0.00689	0.01034	0.01421	0.01895	0.04092	0.73426	0.04910	0.02326	0.00948	0.00301	0.00431	0.02110	0.00689	0.00603
9	0.00901	0.00658	0.00849	0.01002	0.01068	0.00606	0.00675	0.01037	0.01452	0.01907	0.04474	0.66034	0.12055	0.02276	0.00940	0.00296	0.00425	0.02050	0.00689	0.00606
10	0.02482	0.01796	0.01972	0.01569	0.02066	0.01982	0.01271	0.48494	0.08477	0.06738	0.01989	0.02200	0.01518	0.05986	0.07644	0.00350	0.00896	0.00724	0.00699	0.01146
11	0.00908	0.00730	0.00809	0.00838	0.01033	0.00632	0.00610	0.01106	0.01692	0.02119	0.15420	0.21054	0.46600	0.01924	0.00892	0.00259	0.00384	0.01651	0.00707	0.00632
12	0.03130	0.01483	0.01846	0.01427	0.01998	0.01430	0.01175	0.19342	0.05778	0.50249	0.02648	0.02354	0.01716	0.00916	0.00746	0.00229	0.00676	0.00732	0.00867	0.01259

[dist]
# distance from previous block
# <min> <max>
0	1

[block]
# block no. 3 follows, 27 sequences, length 25
# corresponding to MSA columns:
# 105-129
name=unknown_D
#
# <colnr> <probs for GDERKNQSTAVLIFYWHMCP>
#	G	D	E	R	K	N	Q	S	T	A	V	L	I	F	Y	W	H	M	C	P
0	0.05561	0.01567	0.01697	0.01427	0.01878	0.01715	0.01129	0.20015	0.31067	0.12575	0.02776	0.02772	0.05265	0.06010	0.00952	0.00272	0.00652	0.00816	0.00737	0.01117
1	0.79154	0.01436	0.01091	0.00976	0.01436	0.01665	0.00804	0.02182	0.01263	0.03331	0.01034	0.01206	0.00804	0.00689	0.00459	0.00230	0.00574	0.00402	0.00459	0.00804
2	0.60659	0.06345	0.01429	0.01106	0.01587	0.05619	0.00918	0.05045	0.01487	0.08420	0.01220	0.01340	0.00923	0.00716	0.00507	0.00223	0.00646	0.00444	0.00494	0.00872
3	0.09513	0.08142	0.48282	0.02030	0.02935	0.01847	0.08559	0.02296	0.01526	0.02381	0.01277	0.01550	0.00947	0.00724	0.00778	0.00236	0.05049	0.00560	0.00335	0.01032
4	0.02650	0.14715	0.02392	0.01802	0.02233	0.57283	0.01407	0.05505	0.02067	0.01925	0.01156	0.01334	0.00968	0.00750	0.00642	0.00187	0.01231	0.00473	0.00387	0.00892
5	0.09312	0.05058	0.06817	0.02450	0.07540	0.01770	0.33837	0.04761	0.01691	0.02522	0.01382	0.01757	0.01077	0.00660	0.00793	0.00220	0.03445	0.00689	0.00401	0.13819
6	0.65420	0.01551	0.01296	0.01108	0.01592	0.01780	0.00913	0.13810	0.01664	0.03573	0.01168	0.01310	0.00886	0.00725	0.00510	0.00228	0.00618	0.00450	0.00510	0.00886
7	0.01582	0.01710	0.03535	0.09874	0.03500	0.01677	0.47182	0.02099	0.01648	0.02230	0.01855	0.12844	0.01681	0.00925	0.00939	0.00261	0.04097	0.01032	0.00416	0.00915
8	0.01838	0.01596	0.02629	0.26656	0.40422	0.01703	0.02087	0.05044	0.01730	0.06982	0.01493	0.01930	0.01163	0.00716	0.00738	0.00230	0.00898	0.00667	0.00409	0.01069
9	0.00993	0.00757	0.00913	0.00874	0.01074	0.00676	0.00655	0.01290	0.01966	0.02656	0.48624	0.06073	0.27468	0.01637	0.00876	0.00239	0.00359	0.01417	0.00775	0.00676
10	0.03252	0.01281	0.01720	0.01331	0.01897	0.01131	0.01096	0.03635	0.05632	0.66240	0.02934	0.02540	0.01860	0.00924	0.00747	0.00231	0.00629	0.00751	0.00910	0.01259
11	0.03331	0.01263	0.01723	0.01321	0.01895	0.01091	0.01091	0.03618	0.02125	0.69794	0.02929	0.02527	0.01838	0.00919	0.00747	0.00230	0.00632	0.00747	0.00919	0.01263
12	0.03293	0.01324	0.01760	0.01350	0.01925	0.01181	0.01115	0.08317	0.02226	0.64951	0.02844	0.02471	0.01795	0.00917	0.00746	0.00229	0.00645	0.00741	0.00906	0.01263
13	0.01954	0.01536	0.01664	0.01488	0.01912	0.01739	0.01168	0.03820	0.59405	0.09065	0.03049	0.02969	0.02307	0.01040	0.00765	0.00253	0.00595	0.03339	0.00767	0.01164
14	0.01062	0.00790	0.01168	0.01168	0.01292	0.00914	0.00897	0.01310	0.01186	0.01705	0.02011	0.03044	0.01911	0.10045	0.66566	0.01162	0.01905	0.00814	0.00401	0.00649
15	0.00904	0.00646	0.00861	0.01034	0.01077	0.00603	0.00689	0.01034	0.01421	0.01895	0.04092	0.73426	0.04910	0.02326	0.00948	0.00301	0.00431	0.02110	0.00689	0.00603
16	0.01837	0.01764	0.03013	0.04557	0.69279	0.01764	0.02278	0.02278	0.01690	0.02425	0.01396	0.01837	0.01176	0.00661	0.00735	0.00220	0.00882	0.00661	0.00367	0.01176
17	0.02773	0.03538	0.02104	0.01913	0.02295	0.70930	0.01434	0.02964	0.02104	0.01817	0.01148	0.01339	0.00956	0.00765	0.00669	0.00191	0.01339	0.00478	0.00383	0.00861
18	0.01031	0.00708	0.00862	0.00907	0.00932	0.00710	0.00561	0.01092	0.01181	0.01588	0.02766	0.22757	0.03198	0.48163	0.09773	0.00657	0.00771	0.01323	0.00508	0.00512
19	0.01796	0.01398	0.01516	0.01363	0.01757	0.01533	0.01074	0.06778	0.43258	0.07899	0.03808	0.03845	0.14221	0.01218	0.00793	0.00254	0.00572	0.05109	0.00750	0.01056
20	0.01402	0.01319	0.02227	0.72126	0.05113	0.01649	0.02062	0.01897	0.01484	0.01897	0.01319	0.01979	0.00990	0.00742	0.00742	0.00247	0.00990	0.00660	0.00330	0.00825
21	0.01495	0.01429	0.02462	0.56987	0.16581	0.01680	0.04912	0.01986	0.01533	0.02013	0.01341	0.01955	0.01029	0.00723	0.00747	0.00243	0.00982	0.00669	0.00339	0.00895
22	0.02654	0.03117	0.02133	0.08372	0.02557	0.54370	0.01489	0.12313	0.02252	0.02248	0.01257	0.01464	0.01005	0.00782	0.00687	0.00201	0.01229	0.00523	0.00431	0.00917
23	0.01150	0.00942	0.01037	0.00981	0.01245	0.00923	0.00745	0.01818	0.16620	0.02568	0.26538	0.05646	0.33860	0.01567	0.00850	0.00245	0.00415	0.01331	0.00746	0.00773
24	0.18194	0.23159	0.16650	0.01582	0.04993	0.08898	0.01494	0.04594	0.01597	0.02364	0.01495	0.01710	0.03951	0.01062	0.05197	0.00270	0.00931	0.00536	0.00392	0.00931

[dist]
# distance from previous block
# <min> <max>
0	6

[block]
# block no. 4 follows, 27 sequences, length 63
# corresponding to MSA columns:
# 136-198
name=unknown_E
#
# <colnr> <probs for GDERKNQSTAVLIFYWHMCP>
#	G	D	E	R	K	N	Q	S	T	A	V	L	I	F	Y	W	H	M	C	P
0	0.02116	0.01794	0.01630	0.01436	0.03758	0.15933	0.01082	0.16438	0.05940	0.08287	0.02732	0.02832	0.11803	0.03600	0.00813	0.00224	0.00748	0.00778	0.09604	0.08450
1	0.02627	0.01864	0.02040	0.01598	0.02144	0.02017	0.01303	0.52550	0.05289	0.08987	0.02067	0.07440	0.01615	0.00995	0.00752	0.00226	0.00756	0.00783	0.00740	0.04207
2	0.10081	0.02641	0.20112	0.07894	0.18611	0.18461	0.01923	0.02395	0.01686	0.02312	0.01269	0.01568	0.01001	0.00699	0.00669	0.00212	0.01002	0.00544	0.00369	0.06549
3	0.01121	0.00780	0.00966	0.00924	0.01114	0.00712	0.00691	0.01399	0.01890	0.05368	0.42793	0.05843	0.19108	0.09033	0.01177	0.00293	0.00424	0.04933	0.00749	0.00682
4	0.06196	0.02089	0.02091	0.01658	0.02209	0.07682	0.01350	0.49978	0.10132	0.06332	0.01867	0.01850	0.01343	0.00885	0.00725	0.00224	0.00817	0.00662	0.00708	0.01200
5	0.01835	0.01767	0.03020	0.04415	0.64975	0.01770	0.04472	0.02332	0.03699	0.02444	0.01449	0.01871	0.01207	0.00671	0.00740	0.00222	0.00886	0.00674	0.00379	0.01170
6	0.05145	0.06595	0.61900	0.02002	0.03034	0.01752	0.02538	0.02379	0.01569	0.04562	0.01358	0.01566	0.00964	0.00709	0.00686	0.00231	0.01045	0.00542	0.00340	0.01083
7	0.01080	0.00720	0.00810	0.00810	0.00810	0.00720	0.00450	0.01080	0.01080	0.01439	0.02339	0.04858	0.02699	0.73910	0.03779	0.00720	0.00720	0.01080	0.00450	0.00450
8	0.01733	0.01657	0.02825	0.20749	0.53902	0.01736	0.02226	0.02187	0.01641	0.02299	0.01378	0.01871	0.01131	0.00681	0.00737	0.00227	0.00908	0.00661	0.00358	0.01092
9	0.04349	0.62895	0.07636	0.01350	0.01997	0.05242	0.01355	0.04493	0.01594	0.01935	0.01080	0.01240	0.00958	0.00654	0.00506	0.00169	0.00826	0.00418	0.00339	0.00964
10	0.02040	0.01775	0.06329	0.10445	0.03349	0.01633	0.36331	0.02556	0.01767	0.17662	0.01815	0.02115	0.01289	0.00744	0.00867	0.00244	0.03679	0.00791	0.03541	0.01026
11	0.00938	0.00665	0.00873	0.01012	0.01054	0.00638	0.00670	0.01057	0.01361	0.01822	0.03730	0.59933	0.04430	0.12392	0.05338	0.00410	0.00560	0.01893	0.00639	0.00585
12	0.01061	0.00760	0.01031	0.01145	0.01274	0.00730	0.00900	0.01332	0.01710	0.02300	0.20267	0.29760	0.05174	0.02011	0.00961	0.00301	0.00514	0.27390	0.00719	0.00660
13	0.01422	0.06552	0.02455	0.46949	0.04124	0.01623	0.10982	0.01864	0.01515	0.01954	0.01726	0.12265	0.01574	0.00947	0.00772	0.00249	0.00932	0.00882	0.00387	0.00827
14	0.02835	0.01289	0.01649	0.01310	0.01820	0.01200	0.01066	0.07872	0.08916	0.49459	0.09160	0.02960	0.04959	0.01019	0.00764	0.00233	0.00604	0.00838	0.00871	0.01177
15	0.00904	0.00646	0.00861	0.01034	0.01077	0.00603	0.00689	0.01034	0.01421	0.01895	0.04092	0.73426	0.04910	0.02326	0.00948	0.00301	0.00431	0.02110	0.00689	0.00603
16	0.00923	0.00654	0.00856	0.01011	0.01049	0.00615	0.00664	0.01038	0.01386	0.01848	0.03911	0.66352	0.04682	0.09710	0.01240	0.00345	0.00461	0.02004	0.00664	0.00587
17	0.01722	0.01940	0.04148	0.08029	0.03897	0.01876	0.59563	0.02322	0.01710	0.02322	0.01469	0.01987	0.01111	0.00659	0.00924	0.00253	0.03864	0.00852	0.00370	0.00982
18	0.02337	0.01107	0.01450	0.01185	0.01593	0.01010	0.00949	0.07013	0.02208	0.37244	0.30580	0.03745	0.03970	0.01169	0.00801	0.00231	0.00526	0.00992	0.00864	0.01027
19	0.01489	0.03840	0.70064	0.02116	0.03213	0.01724	0.02743	0.02351	0.01567	0.02351	0.01332	0.01567	0.00940	0.00705	0.00705	0.00235	0.01097	0.00549	0.00313	0.01097
20	0.01513	0.01229	0.01512	0.01141	0.01694	0.00962	0.02786	0.01807	0.01523	0.04632	0.01730	0.09077	0.01619	0.05687	0.00824	0.00179	0.00573	0.00675	0.00480	0.60356
21	0.02587	0.01564	0.04916	0.01576	0.05095	0.01422	0.01274	0.15025	0.08558	0.32665	0.02480	0.02664	0.01801	0.00945	0.00744	0.00226	0.00690	0.05431	0.00748	0.09592
22	0.01161	0.00852	0.01028	0.00980	0.01197	0.00810	0.00735	0.01640	0.08909	0.04866	0.41484	0.11830	0.18498	0.01592	0.00866	0.00245	0.00397	0.01387	0.00776	0.00745
23	0.00926	0.00662	0.00884	0.01040	0.01097	0.00620	0.00710	0.01079	0.01479	0.01982	0.08523	0.66221	0.05028	0.02260	0.00946	0.00298	0.00435	0.04501	0.00698	0.00613
24	0.01806	0.01732	0.02957	0.09398	0.64682	0.01756	0.02263	0.02251	0.01676	0.02387	0.01391	0.01848	0.01163	0.00667	0.00735	0.00222	0.00890	0.00661	0.00365	0.01151
25	0.01004	0.00757	0.00928	0.00885	0.01081	0.00681	0.00664	0.01311	0.01992	0.02717	0.52449	0.05974	0.23606	0.01615	0.00876	0.00238	0.00357	0.01403	0.00783	0.00681
26	0.00917	0.00651	0.00858	0.01018	0.01058	0.00611	0.00672	0.01037	0.01397	0.01862	0.03966	0.68513	0.04752	0.07455	0.01150	0.00331	0.00451	0.02037	0.00672	0.00592
27	0.01003	0.00737	0.00939	0.00931	0.01090	0.00673	0.00682	0.01292	0.01926	0.02659	0.49460	0.18402	0.14024	0.01712	0.00889	0.00248	0.00368	0.01513	0.00778	0.00673
28	0.01523	0.08740	0.65465	0.02057	0.03122	0.01808	0.02641	0.02342	0.01563	0.02309	0.01311	0.01541	0.00941	0.00700	0.00689	0.00230	0.01076	0.00538	0.00314	0.01087
29	0.06448	0.00992	0.01285	0.01114	0.01453	0.00905	0.00869	0.02321	0.01959	0.30925	0.27333	0.14446	0.04156	0.01343	0.00809	0.00242	0.00494	0.01156	0.00820	0.00928
30	0.01056	0.00710	0.00817	0.00839	0.00845	0.00704	0.00481	0.01074	0.01125	0.01500	0.02570	0.13906	0.02991	0.64464	0.03405	0.00665	0.00682	0.01216	0.00481	0.00470
31	0.01568	0.01455	0.02272	0.50011	0.07194	0.01826	0.01938	0.06543	0.01568	0.02098	0.01287	0.01888	0.01015	0.00860	0.01080	0.00260	0.15250	0.00658	0.00360	0.00869
32	0.01522	0.01118	0.01252	0.01076	0.01410	0.01076	0.00832	0.15554	0.02078	0.05252	0.14851	0.04749	0.24461	0.09872	0.01154	0.00285	0.00546	0.03456	0.00677	0.08780
33	0.00936	0.00754	0.00833	0.00813	0.01039	0.00652	0.00610	0.01179	0.01830	0.02333	0.28216	0.06605	0.48078	0.01758	0.00877	0.00245	0.00367	0.01491	0.00732	0.00652
34	0.01136	0.00781	0.01000	0.00932	0.01134	0.00710	0.00704	0.01466	0.02059	0.05908	0.59413	0.05577	0.13314	0.01529	0.00870	0.00235	0.00366	0.01339	0.00808	0.00718
35	0.04400	0.13734	0.04819	0.01145	0.01569	0.01306	0.00997	0.04519	0.01956	0.18453	0.26622	0.03810	0.11376	0.01180	0.00750	0.00221	0.00555	0.00974	0.00703	0.00910
36	0.02641	0.01397	0.01654	0.01325	0.01795	0.04438	0.01070	0.14998	0.02377	0.37696	0.19056	0.03083	0.02975	0.01056	0.00774	0.00228	0.00629	0.00868	0.00835	0.01104
37	0.01534	0.10479	0.58697	0.02082	0.05459	0.01806	0.02510	0.02302	0.01585	0.02318	0.03727	0.01683	0.01168	0.00726	0.00690	0.00227	0.01033	0.00567	0.00334	0.01072
38	0.01079	0.00723	0.00826	0.00826	0.00831	0.00728	0.00470	0.01090	0.01084	0.01451	0.02324	0.04777	0.02664	0.71052	0.06589	0.00740	0.00773	0.01068	0.00448	0.00459
39	0.01056	0.00762	0.01000	0.00950	0.01125	0.00706	0.00719	0.01406	0.02087	0.02949	0.66470	0.05651	0.06903	0.01538	0.00881	0.00238	0.00363	0.03685	0.00812	0.00700
40	0.01805	0.01839	0.05672	0.06815	0.61935	0.01762	0.04709	0.02271	0.01681	0.02402	0.01395	0.01838	0.01158	0.00665	0.00739	0.00223	0.00908	0.00665	0.00364	0.01154
41	0.01824	0.02126	0.08146	0.03512	0.27590	0.05770	0.35145	0.02373	0.01737	0.02361	0.01432	0.01875	0.01122	0.00652	0.00801	0.00235	0.01111	0.00753	0.00369	0.01063
42	0.02621	0.17336	0.02458	0.01779	0.02219	0.55086	0.01401	0.05187	0.02039	0.01909	0.01148	0.01326	0.00967	0.00744	0.00634	0.00186	0.01213	0.00469	0.00383	0.00894
43	0.02572	0.01509	0.01798	0.01444	0.01912	0.01552	0.01163	0.29414	0.02494	0.25505	0.02419	0.12052	0.01947	0.01169	0.00912	0.03273	0.03343	0.00886	0.00751	0.03884
44	0.01289	0.00645	0.00967	0.00967	0.00967	0.00645	0.00645	0.00967	0.00967	0.01289	0.01289	0.02257	0.01289	0.02579	0.02901	0.78401	0.00645	0.00645	0.00322	0.00322
45	0.01559	0.04464	0.01641	0.01107	0.01766	0.01073	0.00896	0.01884	0.01538	0.02390	0.01307	0.01524	0.01093	0.00553	0.00547	0.00112	0.00560	0.00438	0.00435	0.75113
46	0.01501	0.03766	0.67675	0.02203	0.05567	0.01725	0.02726	0.02348	0.01572	0.02354	0.01335	0.01577	0.00949	0.00704	0.00706	0.00235	0.01089	0.00553	0.00315	0.01100
47	0.00904	0.00646	0.00861	0.01034	0.01077	0.00603	0.00689	0.01034	0.01421	0.01895	0.04092	0.73426	0.04910	0.02326	0.00948	0.00301	0.00431	0.02110	0.00689	0.00603
48	0.01041	0.00758	0.00979	0.00924	0.01103	0.00696	0.00693	0.01382	0.02078	0.02921	0.65382	0.05637	0.10545	0.01538	0.00876	0.00234	0.00352	0.01355	0.00810	0.00696
49	0.01568	0.01330	0.01560	0.01152	0.01755	0.01073	0.00919	0.04813	0.01610	0.02475	0.01473	0.05279	0.01300	0.00682	0.00642	0.00132	0.02940	0.00544	0.00463	0.68290
50	0.01727	0.16715	0.43467	0.01970	0.02819	0.08696	0.05010	0.02347	0.01585	0.02147	0.01240	0.01498	0.00955	0.00737	0.00791	0.00224	0.06190	0.00535	0.00324	0.01023
51	0.00904	0.00646	0.00861	0.01034	0.01077	0.00603	0.00689	0.01034	0.01421	0.01895	0.04092	0.73426	0.04910	0.02326	0.00948	0.00301	0.00431	0.02110	0.00689	0.00603
52	0.01506	0.01384	0.02445	0.50806	0.06844	0.01586	0.11585	0.01975	0.01534	0.04401	0.01557	0.04789	0.01272	0.04156	0.00910	0.00270	0.00979	0.00769	0.00378	0.00854
53	0.02676	0.01814	0.02025	0.01589	0.02123	0.01966	0.01301	0.50770	0.03051	0.12952	0.02054	0.05215	0.01547	0.01295	0.05784	0.00297	0.00859	0.00753	0.00739	0.01190
54	0.02633	0.01107	0.01492	0.01198	0.01643	0.00972	0.00962	0.02926	0.02079	0.49254	0.20643	0.03426	0.03259	0.03827	0.00895	0.00249	0.00559	0.00919	0.00874	0.01081
55	0.00878	0.00748	0.00756	0.00763	0.01006	0.00626	0.00569	0.01064	0.01682	0.02001	0.07387	0.09719	0.66489	0.01897	0.00880	0.00253	0.00378	0.01588	0.00689	0.00626
56	0.01663	0.02264	0.16756	0.06790	0.03708	0.01786	0.48028	0.02290	0.01670	0.02303	0.01450	0.01927	0.01089	0.00724	0.00915	0.03319	0.01183	0.00792	0.00359	0.00983
57	0.02380	0.05675	0.02350	0.09681	0.10737	0.33357	0.03313	0.14308	0.02157	0.02463	0.01351	0.01614	0.01077	0.00784	0.00748	0.00211	0.03404	0.00574	0.02847	0.00970
58	0.02822	0.02079	0.02228	0.01708	0.02302	0.02302	0.01411	0.66804	0.03490	0.04679	0.01782	0.01782	0.01262	0.00891	0.00743	0.00223	0.00817	0.00668	0.00743	0.01262
59	0.02294	0.26369	0.02704	0.04587	0.02220	0.26465	0.01405	0.11922	0.01962	0.02213	0.01221	0.01462	0.01033	0.00950	0.03118	0.00234	0.07983	0.00514	0.00407	0.00938
60	0.00962	0.00729	0.01029	0.01111	0.01209	0.00679	0.03684	0.01130	0.01480	0.01961	0.06405	0.58606	0.09311	0.04346	0.01025	0.00307	0.00479	0.04252	0.00672	0.00624
61	0.00988	0.00812	0.00841	0.00813	0.01064	0.00713	0.00610	0.04119	0.01785	0.02185	0.11979	0.06684	0.58430	0.04487	0.00979	0.00265	0.00407	0.01489	0.00693	0.00655
62	0.02558	0.14643	0.02400	0.01623	0.02159	0.17107	0.01344	0.38276	0.02751	0.03409	0.01845	0.01892	0.05012	0.00877	0.00689	0.00207	0.00900	0.00632	0.00589	0.01087

[dist]
# distance from previous block
# <min> <max>
0	1

[block]
# block no. 5 follows, 27 sequences, length 17
# corresponding to MSA columns:
# 200-216
name=unknown_F
#
# <colnr> <probs for GDERKNQSTAVLIFYWHMCP>
#	G	D	E	R	K	N	Q	S	T	A	V	L	I	F	Y	W	H	M	C	P
0	0.33147	0.05793	0.01695	0.03453	0.01902	0.20555	0.01113	0.10149	0.04505	0.04649	0.01377	0.01527	0.01067	0.00762	0.00582	0.00213	0.00822	0.00506	0.05281	0.00902
1	0.16385	0.01528	0.01691	0.01335	0.01889	0.01542	0.01089	0.17562	0.09753	0.24833	0.02087	0.01994	0.01455	0.00824	0.00664	0.00212	0.00646	0.00630	0.00703	0.13180
2	0.02555	0.08643	0.10919	0.01878	0.02384	0.52547	0.01588	0.07101	0.02085	0.02071	0.01205	0.01387	0.00974	0.00756	0.00665	0.00197	0.01233	0.00494	0.00393	0.00924
3	0.02119	0.01474	0.01588	0.01312	0.01715	0.01618	0.01056	0.34525	0.08222	0.03671	0.02118	0.02286	0.01609	0.01268	0.06307	0.00287	0.00735	0.00701	0.26372	0.01017
4	0.12161	0.04724	0.26572	0.06919	0.11563	0.01846	0.11437	0.09781	0.03426	0.02735	0.01409	0.01687	0.01053	0.00715	0.00702	0.00232	0.00960	0.00615	0.00411	0.01053
5	0.01234	0.00665	0.00976	0.01013	0.01035	0.00660	0.00703	0.01029	0.01092	0.01451	0.01879	0.11427	0.02010	0.02498	0.02487	0.61553	0.00623	0.06873	0.00401	0.00391
6	0.02332	0.02385	0.02213	0.04700	0.16951	0.27570	0.01560	0.18033	0.05662	0.02714	0.01700	0.07604	0.01473	0.00913	0.00731	0.00219	0.00988	0.00724	0.00509	0.01020
7	0.01988	0.01563	0.01683	0.01493	0.01927	0.01775	0.01167	0.03914	0.61680	0.09446	0.03013	0.02747	0.02225	0.00999	0.00755	0.00250	0.00592	0.00830	0.00771	0.01183
8	0.01017	0.00813	0.00918	0.00899	0.01120	0.00748	0.00670	0.01409	0.07128	0.02418	0.27930	0.11719	0.37070	0.01723	0.00873	0.00249	0.00389	0.01476	0.00739	0.00694
9	0.02773	0.03538	0.02104	0.01913	0.02295	0.70930	0.01434	0.02964	0.02104	0.01817	0.01148	0.01339	0.00956	0.00765	0.00669	0.00191	0.01339	0.00478	0.00383	0.00861
10	0.07053	0.01365	0.01723	0.01350	0.01905	0.01284	0.01108	0.08199	0.08699	0.55000	0.02756	0.02428	0.01785	0.00914	0.00732	0.00231	0.00638	0.00732	0.00866	0.01231
11	0.00913	0.00650	0.00859	0.01022	0.01063	0.00609	0.00677	0.01036	0.01404	0.01872	0.04003	0.69969	0.04799	0.05934	0.01090	0.00323	0.00445	0.02058	0.00677	0.00595
12	0.01749	0.01409	0.01675	0.03504	0.07438	0.01544	0.01248	0.08978	0.33584	0.04779	0.05439	0.05938	0.06323	0.01241	0.00814	0.00262	0.00637	0.11708	0.00700	0.01029
13	0.01207	0.00799	0.01008	0.00932	0.01154	0.00719	0.00707	0.01522	0.02027	0.08315	0.52040	0.05593	0.18091	0.01536	0.00865	0.00236	0.00378	0.01335	0.00802	0.00733
14	0.00919	0.00652	0.00857	0.01016	0.01055	0.00612	0.00670	0.01037	0.01394	0.01859	0.03951	0.67922	0.04732	0.08072	0.01175	0.00335	0.00454	0.02028	0.00670	0.00591
15	0.01526	0.01484	0.02437	0.01987	0.02196	0.01777	0.17508	0.01816	0.01372	0.02043	0.01705	0.12469	0.01684	0.01243	0.01646	0.00288	0.37295	0.00926	0.07780	0.00817
16	0.02668	0.01608	0.01849	0.01496	0.02021	0.01695	0.01210	0.21418	0.25576	0.28192	0.02640	0.02404	0.01827	0.00942	0.00749	0.00236	0.00668	0.00757	0.00812	0.01232

[dist]
# distance from previous block
# <min> <max>
0	5

[block]
# block no. 6 follows, 27 sequences, length 38
# corresponding to MSA columns:
# 222-259
name=unknown_G
#
# <colnr> <probs for GDERKNQSTAVLIFYWHMCP>
#	G	D	E	R	K	N	Q	S	T	A	V	L	I	F	Y	W	H	M	C	P
0	0.01717	0.01946	0.04234	0.03042	0.03764	0.01824	0.63849	0.02322	0.01738	0.02358	0.01609	0.04966	0.01283	0.00696	0.00879	0.00252	0.01218	0.00927	0.00388	0.00985
1	0.01061	0.00795	0.01193	0.01193	0.01326	0.00928	0.00928	0.01326	0.01193	0.01723	0.01988	0.02916	0.01856	0.05568	0.70968	0.01193	0.01988	0.00795	0.00398	0.00663
2	0.01080	0.00720	0.00810	0.00810	0.00810	0.00720	0.00450	0.01080	0.01080	0.01439	0.02339	0.04858	0.02699	0.73910	0.03779	0.00720	0.00720	0.01080	0.00450	0.00450
3	0.00904	0.00646	0.00861	0.01034	0.01077	0.00603	0.00689	0.01034	0.01421	0.01895	0.04092	0.73426	0.04910	0.02326	0.00948	0.00301	0.00431	0.02110	0.00689	0.00603
4	0.02476	0.03193	0.06388	0.02116	0.02606	0.51532	0.12830	0.02875	0.05256	0.02009	0.01312	0.01538	0.01049	0.00749	0.00712	0.00207	0.01273	0.00569	0.00396	0.00914
5	0.01694	0.01347	0.01578	0.01137	0.01789	0.01048	0.00913	0.04592	0.01652	0.06385	0.01431	0.01606	0.01149	0.00585	0.00569	0.00121	0.00565	0.00467	0.00480	0.70892
6	0.01821	0.01853	0.06121	0.04266	0.62268	0.01767	0.02237	0.02378	0.05495	0.02461	0.01487	0.01878	0.01227	0.00683	0.00735	0.00223	0.00875	0.00666	0.00387	0.01172
7	0.01037	0.04633	0.01084	0.00976	0.01133	0.00780	0.00718	0.01291	0.01800	0.02461	0.38104	0.29706	0.09962	0.01783	0.00880	0.00255	0.00404	0.01582	0.00736	0.00674
8	0.02874	0.01280	0.01663	0.01298	0.01818	0.01163	0.01061	0.10224	0.02253	0.50356	0.12628	0.02864	0.02524	0.00993	0.00759	0.00226	0.00607	0.00817	0.00868	0.03723
9	0.01769	0.01679	0.02810	0.10003	0.58326	0.01715	0.02151	0.02280	0.04429	0.02431	0.04168	0.02037	0.01439	0.00717	0.00742	0.00225	0.00858	0.00696	0.00398	0.01127
10	0.01489	0.03840	0.70064	0.02116	0.03213	0.01724	0.02743	0.02351	0.01567	0.02351	0.01332	0.01567	0.00940	0.00705	0.00705	0.00235	0.01097	0.00549	0.00313	0.01097
11	0.01539	0.01319	0.01539	0.01100	0.01759	0.00990	0.00880	0.01869	0.01539	0.02419	0.01319	0.01539	0.01100	0.00550	0.00550	0.00110	0.00550	0.00440	0.00440	0.78449
12	0.01044	0.00759	0.00983	0.00927	0.01105	0.00698	0.00695	0.01388	0.02085	0.02938	0.66452	0.05609	0.09464	0.01532	0.00876	0.00234	0.00351	0.01351	0.00812	0.00698
13	0.01539	0.01319	0.01539	0.01100	0.01759	0.00990	0.00880	0.01869	0.01539	0.02419	0.01319	0.01539	0.01100	0.00550	0.00550	0.00110	0.00550	0.00440	0.00440	0.78449
14	0.01566	0.01514	0.04750	0.01411	0.02101	0.01138	0.09670	0.01957	0.01569	0.02411	0.01344	0.01602	0.01097	0.00566	0.00599	0.00134	0.00665	0.00502	0.00426	0.64980
15	0.01746	0.01985	0.04285	0.03075	0.03792	0.01895	0.63640	0.02351	0.01724	0.02351	0.01478	0.01985	0.01120	0.00656	0.00947	0.00254	0.04482	0.00866	0.00373	0.00993
16	0.00904	0.00646	0.00861	0.01034	0.01077	0.00603	0.00689	0.01034	0.01421	0.01895	0.04092	0.73426	0.04910	0.02326	0.00948	0.00301	0.00431	0.02110	0.00689	0.00603
17	0.01489	0.03840	0.70064	0.02116	0.03213	0.01724	0.02743	0.02351	0.01567	0.02351	0.01332	0.01567	0.00940	0.00705	0.00705	0.00235	0.01097	0.00549	0.00313	0.01097
18	0.01301	0.00996	0.01360	0.01306	0.01498	0.00993	0.05702	0.12575	0.01806	0.02415	0.03498	0.55666	0.03995	0.01950	0.00907	0.00284	0.00559	0.01768	0.00675	0.00747
19	0.00880	0.00743	0.00761	0.00776	0.01009	0.00625	0.00575	0.01063	0.01669	0.01996	0.07225	0.12855	0.63458	0.01919	0.00883	0.00255	0.00381	0.01614	0.00689	0.00625
20	0.02892	0.01439	0.01767	0.01413	0.01949	0.01420	0.01148	0.10695	0.19216	0.45422	0.02826	0.02507	0.01884	0.00939	0.00748	0.00235	0.00641	0.00762	0.00857	0.01241
21	0.01926	0.02209	0.07829	0.12783	0.35742	0.15000	0.06257	0.02439	0.04485	0.02257	0.01408	0.01790	0.01133	0.00708	0.00731	0.00223	0.01012	0.00639	0.00378	0.01051
22	0.01605	0.15717	0.52730	0.02025	0.05255	0.01940	0.02391	0.02411	0.05093	0.02290	0.01373	0.01576	0.01021	0.00708	0.00670	0.00222	0.01011	0.00542	0.00340	0.01079
23	0.00891	0.00753	0.00770	0.00766	0.01011	0.00632	0.00574	0.01091	0.01723	0.02079	0.12187	0.07023	0.64266	0.01853	0.00877	0.00249	0.00374	0.01550	0.00699	0.00632
24	0.00902	0.00656	0.00851	0.01007	0.01070	0.00605	0.00677	0.01037	0.01447	0.01905	0.04411	0.67257	0.10873	0.02284	0.00941	0.00297	0.00426	0.02060	0.00689	0.00605
25	0.01199	0.00794	0.01028	0.00949	0.01157	0.00723	0.00719	0.01534	0.02076	0.07590	0.60282	0.05438	0.10672	0.01499	0.00867	0.00234	0.00372	0.01315	0.00816	0.00735
26	0.01545	0.01339	0.01587	0.01155	0.01772	0.01073	0.00928	0.01864	0.01513	0.02378	0.01297	0.01545	0.01091	0.00599	0.00672	0.00124	0.05231	0.00453	0.00432	0.73401
27	0.00923	0.00660	0.00881	0.01042	0.01097	0.00618	0.00710	0.01072	0.01466	0.01961	0.07279	0.67487	0.04988	0.02275	0.00947	0.00300	0.00437	0.04551	0.00695	0.00611
28	0.00933	0.00686	0.00878	0.00994	0.01091	0.00631	0.00695	0.01110	0.01564	0.02070	0.13180	0.51750	0.14560	0.02141	0.00931	0.00287	0.00423	0.04746	0.00706	0.00623
29	0.02703	0.01492	0.01775	0.01412	0.01940	0.01497	0.01147	0.18825	0.14921	0.34366	0.05387	0.02605	0.03806	0.00966	0.00749	0.00229	0.00647	0.00781	0.00818	0.03934
30	0.03224	0.00783	0.00978	0.00940	0.01132	0.00721	0.00701	0.01424	0.01946	0.05386	0.48943	0.13821	0.13993	0.01615	0.00868	0.00244	0.00381	0.01415	0.00780	0.00705
31	0.01063	0.00713	0.00815	0.00831	0.00836	0.00708	0.00473	0.01075	0.01113	0.01484	0.02509	0.11506	0.02913	0.66970	0.03504	0.00679	0.00692	0.01180	0.00473	0.00465
32	0.01679	0.01715	0.02266	0.01947	0.01965	0.05535	0.01615	0.01843	0.01183	0.01788	0.00983	0.01611	0.00974	0.01274	0.02352	0.00318	0.69169	0.00642	0.00328	0.00814
33	0.01572	0.01538	0.02173	0.17795	0.02745	0.07248	0.10223	0.04439	0.01548	0.02072	0.01880	0.16790	0.01868	0.01219	0.01242	0.00271	0.20056	0.00976	0.03529	0.00814
34	0.01091	0.00752	0.00896	0.00943	0.01037	0.00740	0.00635	0.03869	0.01435	0.01968	0.03531	0.31890	0.10197	0.23081	0.06262	0.00459	0.00618	0.01464	0.08530	0.00601
35	0.01188	0.00858	0.01060	0.00996	0.01211	0.00823	0.00750	0.01695	0.08976	0.05103	0.50752	0.08646	0.12049	0.01517	0.00862	0.00240	0.00391	0.01328	0.00796	0.00758
36	0.06930	0.15240	0.47308	0.01918	0.02850	0.01902	0.05959	0.02380	0.01574	0.05521	0.01347	0.01551	0.00987	0.00698	0.00662	0.00223	0.00998	0.00542	0.00356	0.01056
37	0.01811	0.06533	0.05018	0.07527	0.56373	0.01839	0.05636	0.02263	0.01668	0.02350	0.01373	0.01803	0.01143	0.00663	0.00725	0.00220	0.00907	0.00652	0.00361	0.01133

[dist]
# distance from previous block
# <min> <max>
0	27

[block]
# block no. 7 follows, 27 sequences, length 37
# corresponding to MSA columns:
# 287-323
name=unknown_H
#
# <colnr> <probs for GDERKNQSTAVLIFYWHMCP>
#	G	D	E	R	K	N	Q	S	T	A	V	L	I	F	Y	W	H	M	C	P
0	0.01051	0.00759	0.00992	0.00934	0.01109	0.00700	0.00700	0.01401	0.02101	0.02977	0.68888	0.05545	0.07005	0.01518	0.00876	0.00233	0.00350	0.01343	0.00817	0.00700
1	0.01565	0.01486	0.02521	0.46868	0.29099	0.01692	0.02143	0.02039	0.01561	0.02094	0.01348	0.01926	0.01059	0.00712	0.00739	0.00237	0.00949	0.00660	0.00344	0.00956
2	0.02822	0.02079	0.02228	0.01708	0.02302	0.02302	0.01411	0.66804	0.03490	0.04679	0.01782	0.01782	0.01262	0.00891	0.00743	0.00223	0.00817	0.00668	0.00743	0.01262
3	0.01479	0.01411	0.01996	0.01755	0.01789	0.01928	0.01445	0.01668	0.01151	0.01770	0.01235	0.01956	0.01201	0.02396	0.20050	0.00548	0.54416	0.00687	0.00344	0.00774
4	0.01180	0.00843	0.01178	0.01349	0.01512	0.00840	0.01168	0.01510	0.01693	0.02203	0.03940	0.12002	0.04308	0.02066	0.01021	0.00340	0.00669	0.60815	0.00684	0.00679
5	0.01587	0.01348	0.01565	0.01122	0.01779	0.01038	0.00899	0.04278	0.01612	0.02503	0.01337	0.01548	0.01106	0.00562	0.00557	0.00114	0.00560	0.00448	0.00451	0.75586
6	0.02575	0.02063	0.06358	0.01650	0.02226	0.02120	0.01410	0.55646	0.04813	0.04258	0.01835	0.01993	0.01366	0.04954	0.00904	0.00251	0.00810	0.00689	0.02891	0.01188
7	0.03025	0.01376	0.01746	0.01380	0.01927	0.01307	0.01127	0.07653	0.14347	0.53400	0.02874	0.02525	0.01880	0.00933	0.00748	0.00233	0.00635	0.00759	0.00878	0.01247
8	0.00927	0.00671	0.00880	0.01022	0.01095	0.00623	0.00704	0.01087	0.01506	0.02004	0.09579	0.60917	0.09083	0.02220	0.00941	0.00294	0.00432	0.04698	0.00699	0.00616
9	0.02360	0.01428	0.06267	0.01312	0.01800	0.01228	0.01130	0.14506	0.02309	0.31356	0.20579	0.03391	0.06802	0.01113	0.00785	0.00231	0.00608	0.00924	0.00804	0.01065
10	0.01722	0.01378	0.01619	0.01179	0.01810	0.01125	0.00950	0.06424	0.01691	0.06024	0.01424	0.01610	0.01145	0.00615	0.00631	0.00131	0.02798	0.00478	0.00482	0.66766
11	0.01101	0.00841	0.01097	0.01165	0.01231	0.00895	0.00824	0.04676	0.01482	0.02009	0.03514	0.57681	0.04142	0.05814	0.01255	0.00321	0.08849	0.01810	0.00637	0.00655
12	0.00913	0.00653	0.00869	0.01028	0.01079	0.00609	0.00690	0.01056	0.01462	0.01960	0.08009	0.69322	0.05037	0.02277	0.00943	0.00297	0.00426	0.02064	0.00697	0.00609
13	0.09225	0.03240	0.01651	0.01180	0.01807	0.01270	0.00960	0.09991	0.01787	0.06840	0.01439	0.01588	0.01132	0.00629	0.00575	0.00144	0.00596	0.00482	0.00505	0.54957
14	0.02627	0.01933	0.02096	0.01652	0.02192	0.02129	0.01359	0.59600	0.03278	0.04390	0.02028	0.06147	0.01629	0.01034	0.00769	0.00234	0.00788	0.04185	0.00736	0.01194
15	0.01020	0.00710	0.00812	0.00844	0.00885	0.00686	0.00510	0.01069	0.01225	0.01600	0.03359	0.17950	0.11978	0.50926	0.02863	0.00579	0.00620	0.01337	0.00526	0.00502
16	0.01594	0.00894	0.00916	0.00840	0.01074	0.00927	0.00649	0.11219	0.01839	0.03046	0.02328	0.02624	0.01809	0.00869	0.00552	0.00180	0.00415	0.00688	0.66761	0.00775
17	0.08860	0.01571	0.02640	0.25353	0.07992	0.01823	0.17158	0.02032	0.01463	0.02189	0.01302	0.01849	0.01048	0.00838	0.01133	0.00260	0.17654	0.00686	0.03265	0.00881
18	0.06026	0.64681	0.03610	0.01291	0.01914	0.02820	0.01258	0.07512	0.01658	0.02068	0.01094	0.01240	0.00970	0.00659	0.00497	0.00168	0.00784	0.00419	0.00360	0.00970
19	0.00962	0.00684	0.00911	0.01071	0.01131	0.00651	0.00753	0.01116	0.01443	0.01915	0.03946	0.58466	0.04657	0.07207	0.01155	0.00337	0.00490	0.11829	0.00672	0.00605
20	0.00958	0.00754	0.00792	0.00806	0.01019	0.00660	0.00603	0.01149	0.01620	0.02012	0.06345	0.06730	0.52235	0.09484	0.01176	0.00303	0.00437	0.06773	0.05528	0.00617
21	0.10723	0.01444	0.05927	0.28797	0.03094	0.01463	0.03265	0.07576	0.01761	0.10169	0.06400	0.02643	0.01787	0.03091	0.00815	0.00255	0.00795	0.04250	0.04851	0.00895
22	0.00879	0.00746	0.00758	0.00767	0.01007	0.00625	0.00571	0.01064	0.01677	0.01999	0.07335	0.10724	0.65518	0.01904	0.00881	0.00253	0.00379	0.01596	0.00689	0.00625
23	0.00909	0.00650	0.00866	0.01030	0.01078	0.00606	0.00690	0.01046	0.01444	0.01932	0.06295	0.71118	0.04981	0.02298	0.00945	0.00299	0.00428	0.02084	0.00693	0.00606
24	0.19608	0.32916	0.02654	0.01407	0.01925	0.16330	0.01227	0.09623	0.01784	0.02449	0.01138	0.01306	0.00956	0.00726	0.00610	0.00194	0.03353	0.00454	0.00411	0.00931
25	0.02780	0.02058	0.02204	0.01700	0.02286	0.02283	0.01401	0.64090	0.06273	0.04611	0.01836	0.01825	0.01306	0.00896	0.00743	0.00224	0.00807	0.00676	0.00743	0.01259
26	0.00903	0.00652	0.00855	0.01018	0.01073	0.00604	0.00682	0.01035	0.01436	0.01901	0.04283	0.69717	0.08495	0.02301	0.00944	0.00299	0.00428	0.02080	0.00689	0.00604
27	0.02576	0.01969	0.02266	0.06799	0.08550	0.02181	0.01520	0.52684	0.07086	0.04188	0.01790	0.01861	0.01297	0.00867	0.00743	0.00226	0.00821	0.00677	0.00681	0.01219
28	0.01049	0.00707	0.00819	0.00849	0.00857	0.00699	0.00492	0.01071	0.01140	0.01520	0.02649	0.16992	0.03090	0.61243	0.03278	0.00646	0.00669	0.01262	0.00492	0.00477
29	0.01895	0.59360	0.11213	0.01367	0.02017	0.04873	0.01408	0.02210	0.01572	0.01895	0.05338	0.01513	0.01332	0.00703	0.00534	0.00173	0.00818	0.00476	0.00351	0.00950
30	0.17101	0.12454	0.06083	0.01293	0.01633	0.01718	0.01131	0.05881	0.05157	0.02431	0.01433	0.01805	0.01205	0.01140	0.01246	0.12537	0.13082	0.00573	0.11292	0.00803
31	0.23272	0.07415	0.06413	0.01318	0.01826	0.01696	0.01164	0.19844	0.02118	0.10801	0.08119	0.04214	0.01930	0.00946	0.00663	0.00227	0.00671	0.03061	0.03313	0.00989
32	0.01501	0.12501	0.06322	0.01180	0.01525	0.05098	0.01015	0.03908	0.01951	0.06666	0.37301	0.10932	0.04608	0.01309	0.00786	0.00226	0.00565	0.01114	0.00672	0.00818
33	0.01967	0.01725	0.01716	0.01478	0.01933	0.06740	0.01159	0.13130	0.42222	0.03111	0.02839	0.02695	0.06492	0.00987	0.00735	0.00229	0.00659	0.00798	0.00691	0.08695
34	0.01785	0.01382	0.01729	0.01369	0.01833	0.01334	0.06510	0.20803	0.02152	0.03077	0.05905	0.11815	0.03698	0.01022	0.00709	0.00199	0.00629	0.00879	0.10964	0.22206
35	0.09405	0.06821	0.34454	0.02383	0.15364	0.01889	0.03894	0.12463	0.01865	0.02795	0.01374	0.01608	0.01028	0.00719	0.00685	0.00226	0.00948	0.00575	0.00407	0.01099
36	0.13223	0.46457	0.05537	0.01334	0.01901	0.10801	0.01254	0.02299	0.01546	0.03851	0.01163	0.01358	0.01006	0.00945	0.04457	0.00236	0.00902	0.00445	0.00367	0.00918

[dist]
# distance from previous block
# <min> <max>
0	1

[block]
# block no. 8 follows, 27 sequences, length 147
# corresponding to MSA columns:
# 325-357,359-472
name=unknown_I
#
# <colnr> <probs for GDERKNQSTAVLIFYWHMCP>
#	G	D	E	R	K	N	Q	S	T	A	V	L	I	F	Y	W	H	M	C	P
0	0.01358	0.01282	0.01612	0.01470	0.01694	0.10581	0.07057	0.01647	0.01369	0.01797	0.01829	0.02616	0.01666	0.04455	0.54894	0.00969	0.01832	0.00759	0.00394	0.00721
1	0.01267	0.00948	0.01263	0.01252	0.01430	0.00952	0.03562	0.10901	0.01801	0.02419	0.07710	0.46103	0.04146	0.02119	0.04227	0.00329	0.00614	0.07547	0.00678	0.00734
2	0.01213	0.00947	0.01244	0.01241	0.01438	0.00946	0.03943	0.05738	0.08618	0.02333	0.07085	0.38980	0.10504	0.01894	0.00912	0.00286	0.00538	0.10709	0.00690	0.00743
3	0.01402	0.01319	0.02227	0.72126	0.05113	0.01649	0.02062	0.01897	0.01484	0.01897	0.01319	0.01979	0.00990	0.00742	0.00742	0.00247	0.00990	0.00660	0.00330	0.00825
4	0.01080	0.00774	0.00999	0.01119	0.01216	0.00757	0.00803	0.05449	0.01588	0.02110	0.03852	0.56590	0.04495	0.04789	0.01048	0.00317	0.00504	0.11173	0.00683	0.00653
5	0.01837	0.01764	0.03013	0.04557	0.69279	0.01764	0.02278	0.02278	0.01690	0.02425	0.01396	0.01837	0.01176	0.00661	0.00735	0.00220	0.00882	0.00661	0.00367	0.01176
