[name]
unknown

[dist]
# distance from previous block
# <min> <max>
0	14

[block]
# block no. 0 follows, 28 sequences, length 333
# corresponding to MSA columns:
# 14-346
name=unknown_A
#
# <colnr> <probs for GDERKNQSTAVLIFYWHMCP>
#	G	D	E	R	K	N	Q	S	T	A	V	L	I	F	Y	W	H	M	C	P
0	0.01171	0.00837	0.01171	0.01339	0.01506	0.00837	0.01171	0.01506	0.01673	0.02175	0.03849	0.08199	0.04183	0.02008	0.01004	0.00335	0.00669	0.65027	0.00669	0.00669
1	0.20229	0.04420	0.14608	0.01376	0.02012	0.01426	0.01327	0.05527	0.01818	0.37211	0.02040	0.01927	0.01350	0.00798	0.00650	0.00223	0.00704	0.00602	0.00658	0.01093
2	0.01128	0.00854	0.03207	0.00971	0.01181	0.00729	0.00764	0.01475	0.02015	0.05611	0.61997	0.07958	0.06381	0.01469	0.00850	0.00231	0.00381	0.01296	0.00784	0.00717
3	0.01694	0.02341	0.21104	0.02563	0.03321	0.01759	0.40127	0.02307	0.01630	0.05080	0.01439	0.01825	0.01072	0.00690	0.00908	0.00240	0.06434	0.00735	0.00373	0.04356
4	0.01247	0.00631	0.00943	0.00950	0.00951	0.00630	0.00633	0.00950	0.00965	0.01287	0.01375	0.05142	0.01407	0.02515	0.02763	0.75641	0.00623	0.00690	0.00330	0.00327
5	0.01081	0.00701	0.00919	0.01000	0.01114	0.00642	0.00698	0.01257	0.01563	0.07084	0.14321	0.53772	0.09046	0.02025	0.00898	0.00276	0.00421	0.01817	0.00711	0.00654
6	0.00897	0.00642	0.00854	0.01004	0.01057	0.00598	0.00676	0.01042	0.01446	0.01942	0.09378	0.68360	0.04976	0.02212	0.00922	0.00290	0.00415	0.02005	0.00685	0.00598
7	0.00994	0.00735	0.00928	0.00894	0.01068	0.00669	0.00665	0.01299	0.01954	0.02704	0.55969	0.10158	0.16083	0.01591	0.00862	0.00235	0.00352	0.01397	0.00773	0.00669
8	0.04546	0.00742	0.00770	0.00755	0.00958	0.00728	0.00571	0.01649	0.01540	0.05461	0.03169	0.06203	0.12532	0.01214	0.03035	0.00225	0.00423	0.00862	0.53924	0.00692
9	0.01590	0.01590	0.02226	0.01908	0.01908	0.02226	0.01590	0.01749	0.01113	0.01749	0.00954	0.01590	0.00954	0.01272	0.02385	0.00318	0.73123	0.00636	0.00318	0.00795
10	0.76430	0.01432	0.01114	0.00985	0.01441	0.01656	0.00812	0.04824	0.01327	0.03316	0.01042	0.01204	0.00806	0.00683	0.00461	0.00225	0.00572	0.00404	0.00461	0.00806
11	0.00929	0.00674	0.00877	0.01017	0.01097	0.00630	0.00718	0.01090	0.01461	0.01923	0.06195	0.54980	0.10870	0.04589	0.01021	0.00307	0.00455	0.09897	0.00670	0.00600
12	0.01228	0.00790	0.01011	0.00978	0.01187	0.00718	0.00751	0.01513	0.01877	0.09513	0.37897	0.13318	0.16627	0.01629	0.00868	0.00249	0.00418	0.07948	0.00761	0.00718
13	0.01808	0.01561	0.01644	0.01479	0.01890	0.01808	0.01151	0.03863	0.68606	0.03041	0.02959	0.02712	0.02219	0.00986	0.00740	0.00247	0.00575	0.00822	0.00740	0.01151
14	0.01131	0.00695	0.00931	0.01041	0.01137	0.00640	0.00715	0.01273	0.01463	0.08932	0.03889	0.66600	0.04497	0.02135	0.00907	0.00288	0.00442	0.01929	0.00698	0.00657
15	0.01123	0.00873	0.01047	0.01106	0.01258	0.00897	0.00787	0.01743	0.17794	0.02256	0.10613	0.47262	0.06668	0.01867	0.00872	0.00275	0.00449	0.01668	0.00703	0.00737
16	0.01009	0.00742	0.00944	0.00894	0.01074	0.00677	0.00670	0.01333	0.02011	0.02804	0.62295	0.05612	0.14168	0.01527	0.00858	0.00231	0.00346	0.01340	0.00786	0.00677
17	0.01007	0.00726	0.00956	0.00952	0.01098	0.00674	0.00705	0.01308	0.01911	0.02675	0.53830	0.18924	0.06340	0.01664	0.00878	0.00246	0.00373	0.04297	0.00770	0.00667
18	0.00971	0.00741	0.00892	0.00854	0.01051	0.00661	0.00640	0.01260	0.01921	0.02592	0.48416	0.05962	0.28180	0.01607	0.00858	0.00234	0.00352	0.01389	0.00758	0.00661
19	0.02797	0.01981	0.02148	0.01647	0.02227	0.02173	0.01360	0.63118	0.03326	0.09088	0.01822	0.01795	0.01275	0.00874	0.00727	0.00219	0.00787	0.00660	0.00739	0.01236
20	0.01057	0.00705	0.00793	0.00793	0.00793	0.00705	0.00440	0.01057	0.01057	0.01409	0.02290	0.04757	0.02643	0.74454	0.03700	0.00705	0.00705	0.01057	0.00440	0.00440
21	0.00886	0.00633	0.00843	0.01012	0.01054	0.00590	0.00675	0.01012	0.01392	0.01856	0.04006	0.73979	0.04808	0.02277	0.00928	0.00295	0.00422	0.02066	0.00675	0.00590
22	0.01355	0.00678	0.00678	0.00678	0.00847	0.00678	0.00508	0.01694	0.01524	0.02710	0.02371	0.02710	0.01863	0.00847	0.00508	0.00169	0.00339	0.00678	0.78489	0.00678
23	0.79588	0.01406	0.01068	0.00956	0.01406	0.01631	0.00787	0.02137	0.01237	0.03261	0.01012	0.01181	0.00787	0.00675	0.00450	0.00225	0.00562	0.00394	0.00450	0.00787
24	0.01709	0.01928	0.03891	0.13056	0.03907	0.04755	0.55082	0.02285	0.01692	0.02237	0.01430	0.01930	0.01077	0.00635	0.00830	0.00242	0.01192	0.00811	0.00361	0.00950
25	0.01263	0.00631	0.00947	0.00947	0.00947	0.00631	0.00631	0.00947	0.00947	0.01263	0.01263	0.02210	0.01263	0.02525	0.02841	0.78851	0.00631	0.00631	0.00316	0.00316
26	0.01507	0.01292	0.01507	0.01077	0.01723	0.00969	0.00861	0.01830	0.01507	0.02369	0.01292	0.01507	0.01077	0.00538	0.00538	0.00108	0.00538	0.00431	0.00431	0.78898
27	0.00859	0.00736	0.00736	0.00736	0.00982	0.00614	0.00552	0.01043	0.01657	0.01964	0.07364	0.06996	0.69624	0.01841	0.00859	0.00245	0.00368	0.01534	0.00675	0.00614
28	0.01057	0.00705	0.00793	0.00793	0.00793	0.00705	0.00440	0.01057	0.01057	0.01409	0.02290	0.04757	0.02643	0.74454	0.03700	0.00705	0.00705	0.01057	0.00440	0.00440
29	0.01651	0.10641	0.23454	0.08490	0.14669	0.01874	0.24400	0.02248	0.01604	0.02220	0.01337	0.01716	0.01027	0.00652	0.00730	0.00225	0.01048	0.00657	0.00338	0.01018
30	0.76416	0.01401	0.01113	0.03866	0.01552	0.01630	0.00837	0.02125	0.01246	0.03204	0.01023	0.01212	0.00795	0.00677	0.00461	0.00226	0.00579	0.00404	0.00445	0.00788
31	0.01808	0.01561	0.01644	0.01479	0.01890	0.01808	0.01151	0.03863	0.68606	0.03041	0.02959	0.02712	0.02219	0.00986	0.00740	0.00247	0.00575	0.00822	0.00740	0.01151
32	0.01298	0.01019	0.01175	0.00945	0.01290	0.00846	0.00666	0.01471	0.01298	0.01923	0.01756	0.03018	0.01805	0.34901	0.02008	0.00385	0.00616	0.00722	0.00435	0.42424
33	0.00901	0.00731	0.00758	0.00755	0.00955	0.00633	0.00540	0.01063	0.01576	0.01919	0.09730	0.06536	0.55041	0.14103	0.01339	0.00322	0.00424	0.01442	0.00642	0.00588
34	0.01810	0.02256	0.15803	0.02713	0.03490	0.01811	0.48279	0.07179	0.01824	0.05252	0.01518	0.01890	0.01109	0.00657	0.00813	0.00240	0.01143	0.00781	0.00405	0.01026
35	0.01512	0.01278	0.02002	0.41272	0.11666	0.01489	0.01682	0.06649	0.04287	0.02062	0.01425	0.02022	0.01146	0.01234	0.03958	0.13569	0.00910	0.00657	0.00376	0.00805
36	0.00910	0.00764	0.00785	0.00789	0.01018	0.00667	0.00582	0.01163	0.04497	0.01980	0.06742	0.11199	0.59651	0.04800	0.00975	0.00268	0.00394	0.01520	0.00668	0.00628
37	0.01710	0.01789	0.02209	0.01905	0.01944	0.09588	0.01571	0.01872	0.01214	0.01753	0.00972	0.01561	0.00952	0.01217	0.02202	0.00304	0.65496	0.00618	0.00324	0.00800
38	0.01411	0.01290	0.01544	0.09547	0.01895	0.08102	0.01157	0.04506	0.01384	0.01834	0.01868	0.02722	0.04332	0.11669	0.29854	0.00678	0.14330	0.00767	0.00400	0.00712
39	0.01057	0.00705	0.00793	0.00793	0.00793	0.00705	0.00440	0.01057	0.01057	0.01409	0.02290	0.04757	0.02643	0.74454	0.03700	0.00705	0.00705	0.01057	0.00440	0.00440
40	0.00878	0.00662	0.00813	0.00935	0.01034	0.00597	0.00640	0.01021	0.01466	0.01886	0.04949	0.55183	0.22996	0.02155	0.00909	0.00281	0.00407	0.01917	0.00675	0.00597
41	0.01808	0.01561	0.01644	0.01479	0.01890	0.01808	0.01151	0.03863	0.68606	0.03041	0.02959	0.02712	0.02219	0.00986	0.00740	0.00247	0.00575	0.00822	0.00740	0.01151
42	0.01127	0.00776	0.00906	0.03923	0.01035	0.00795	0.00550	0.03323	0.01194	0.01596	0.04957	0.04562	0.02695	0.65863	0.03357	0.00649	0.00705	0.01036	0.00460	0.00493
43	0.79588	0.01406	0.01068	0.00956	0.01406	0.01631	0.00787	0.02137	0.01237	0.03261	0.01012	0.01181	0.00787	0.00675	0.00450	0.00225	0.00562	0.00394	0.00450	0.00787
44	0.03094	0.01200	0.01620	0.01255	0.01787	0.01038	0.01028	0.03363	0.02032	0.65476	0.03041	0.02733	0.04694	0.03125	0.00825	0.00240	0.00611	0.00775	0.00877	0.01187
45	0.01091	0.00759	0.01071	0.01071	0.01202	0.00862	0.00822	0.01352	0.01221	0.01841	0.02032	0.02918	0.01862	0.07816	0.56933	0.00985	0.01629	0.00775	0.13114	0.00644
46	0.01911	0.66357	0.03776	0.01407	0.02010	0.02772	0.06129	0.02169	0.01479	0.01757	0.01042	0.01243	0.00946	0.00649	0.00578	0.00169	0.03925	0.00434	0.00315	0.00930
47	0.01050	0.00797	0.01204	0.03683	0.01428	0.00933	0.00948	0.01318	0.01178	0.01693	0.01924	0.02823	0.01787	0.05286	0.69083	0.01136	0.01913	0.00774	0.00387	0.00655
48	0.01029	0.00693	0.00801	0.00828	0.00835	0.00686	0.00479	0.01050	0.01111	0.01482	0.02569	0.16010	0.02995	0.62721	0.03249	0.00638	0.00659	0.01221	0.00479	0.00465
49	0.01088	0.00928	0.01526	0.16318	0.02203	0.00953	0.08649	0.01353	0.01463	0.01944	0.05222	0.48343	0.03638	0.01734	0.00875	0.00276	0.00627	0.01604	0.00569	0.00684
50	0.01409	0.01329	0.02246	0.66894	0.10535	0.01625	0.02037	0.01889	0.01471	0.01901	0.01298	0.01926	0.00985	0.00720	0.00726	0.00240	0.00960	0.00646	0.00326	0.00837
51	0.03830	0.00728	0.00798	0.00794	0.00817	0.00736	0.00455	0.01121	0.01082	0.01527	0.02249	0.04548	0.02546	0.68875	0.03456	0.00666	0.00685	0.01018	0.03606	0.00462
52	0.01014	0.00745	0.00951	0.00908	0.01088	0.00682	0.00686	0.01338	0.01998	0.02779	0.60055	0.05706	0.14133	0.01545	0.00862	0.00234	0.00357	0.03462	0.00781	0.00677
53	0.66756	0.01599	0.04325	0.01098	0.01557	0.04506	0.00944	0.02208	0.01308	0.05451	0.01093	0.01266	0.00842	0.00713	0.00565	0.00228	0.03847	0.00426	0.00450	0.00819
54	0.01987	0.00973	0.01298	0.01141	0.01437	0.00916	0.00881	0.04508	0.01760	0.29324	0.12133	0.11023	0.02978	0.09433	0.09667	0.04478	0.00736	0.03756	0.00707	0.00865
55	0.01120	0.00763	0.00995	0.00941	0.01127	0.00701	0.00711	0.01444	0.02004	0.05815	0.59400	0.08226	0.09044	0.01522	0.00859	0.00235	0.00369	0.03231	0.00790	0.00703
56	0.01086	0.00702	0.00782	0.00782	0.00798	0.00702	0.00447	0.01118	0.01102	0.01535	0.02298	0.04560	0.02568	0.67360	0.03392	0.00653	0.00669	0.01021	0.07962	0.00463
57	0.79588	0.01406	0.01068	0.00956	0.01406	0.01631	0.00787	0.02137	0.01237	0.03261	0.01012	0.01181	0.00787	0.00675	0.00450	0.00225	0.00562	0.00394	0.00450	0.00787
58	0.02304	0.07319	0.04843	0.01754	0.02281	0.05583	0.09289	0.32248	0.05222	0.08355	0.04536	0.04902	0.01610	0.00924	0.00836	0.00227	0.05338	0.00742	0.00608	0.01077
59	0.01716	0.01676	0.02697	0.23567	0.48881	0.04548	0.02137	0.02153	0.01615	0.02205	0.01336	0.01818	0.01091	0.00674	0.00719	0.00222	0.00912	0.00640	0.00350	0.01042
60	0.65642	0.01318	0.01076	0.00953	0.01383	0.01489	0.00780	0.02199	0.01332	0.08371	0.01295	0.01438	0.00976	0.00710	0.00477	0.00219	0.00544	0.00449	0.08538	0.00811
61	0.01821	0.01518	0.01620	0.01447	0.01846	0.01725	0.01133	0.11212	0.52738	0.03099	0.03053	0.06619	0.04711	0.01102	0.00761	0.00248	0.00590	0.02929	0.00730	0.01097
62	0.02380	0.27440	0.02661	0.01663	0.02096	0.43734	0.01363	0.02581	0.01800	0.01754	0.01074	0.01281	0.00936	0.00741	0.00707	0.00185	0.05933	0.00453	0.00349	0.00870
63	0.02422	0.01042	0.01399	0.01151	0.01547	0.00920	0.00909	0.02687	0.01956	0.45115	0.18354	0.08585	0.03249	0.06056	0.00973	0.00263	0.00546	0.00986	0.00829	0.01008
64	0.00919	0.00719	0.00834	0.00859	0.01040	0.00634	0.00631	0.01138	0.01709	0.02202	0.23208	0.20692	0.37370	0.01842	0.00877	0.00254	0.00381	0.03355	0.00708	0.00630
65	0.01030	0.00764	0.01064	0.01111	0.01205	0.00750	0.03516	0.03255	0.01408	0.01890	0.03375	0.49616	0.03919	0.13431	0.07676	0.00432	0.00656	0.03685	0.00602	0.00613
66	0.02391	0.01812	0.04656	0.01510	0.02022	0.01888	0.01267	0.46348	0.08541	0.06207	0.02046	0.05221	0.01563	0.00936	0.00710	0.00219	0.00713	0.00733	0.10092	0.01126
67	0.01105	0.00760	0.00973	0.00916	0.01108	0.00691	0.00688	0.01420	0.01988	0.05816	0.57126	0.08284	0.13317	0.01530	0.00855	0.00233	0.00361	0.01343	0.00786	0.00699
68	0.01470	0.03679	0.67690	0.02117	0.03176	0.01695	0.05601	0.02303	0.01543	0.02303	0.01312	0.01554	0.00929	0.00687	0.00698	0.00231	0.01081	0.00552	0.00310	0.01070
69	0.01317	0.01109	0.01554	0.04286	0.01718	0.03383	0.03930	0.06393	0.01393	0.01947	0.01759	0.02521	0.01594	0.04142	0.51185	0.00904	0.08983	0.00744	0.00403	0.00734
70	0.01042	0.00738	0.00975	0.00981	0.01044	0.00799	0.00673	0.01171	0.01122	0.01558	0.02185	0.06229	0.02321	0.38843	0.36187	0.00913	0.01291	0.00958	0.00424	0.00546
71	0.01345	0.00678	0.00682	0.00682	0.00845	0.00678	0.00506	0.01671	0.01508	0.02664	0.02368	0.02782	0.01891	0.03434	0.00620	0.00188	0.00352	0.00691	0.75746	0.00669
72	0.01355	0.00678	0.00678	0.00678	0.00847	0.00678	0.00508	0.01694	0.01524	0.02710	0.02371	0.02710	0.01863	0.00847	0.00508	0.00169	0.00339	0.00678	0.78489	0.00678
73	0.01864	0.66355	0.08084	0.01294	0.01921	0.02696	0.01322	0.02139	0.01465	0.01748	0.01079	0.01278	0.00978	0.00877	0.04169	0.00213	0.00858	0.00419	0.00315	0.00927
74	0.01373	0.01292	0.02180	0.72707	0.05006	0.01615	0.02019	0.01857	0.01453	0.01857	0.01292	0.01938	0.00969	0.00727	0.00727	0.00242	0.00969	0.00646	0.00323	0.00807
75	0.01572	0.01331	0.01542	0.01108	0.01750	0.01036	0.00888	0.05236	0.01606	0.02483	0.01315	0.01520	0.01085	0.00556	0.00548	0.00113	0.00552	0.00442	0.00446	0.74870
76	0.02715	0.03464	0.02060	0.01873	0.02247	0.71536	0.01404	0.02903	0.02060	0.01779	0.01124	0.01311	0.00936	0.00749	0.00655	0.00187	0.01311	0.00468	0.00375	0.00843
77	0.01507	0.01292	0.01507	0.01077	0.01723	0.00969	0.00861	0.01830	0.01507	0.02369	0.01292	0.01507	0.01077	0.00538	0.00538	0.00108	0.00538	0.00431	0.00431	0.78898
78	0.01055	0.00879	0.00939	0.00920	0.01168	0.00840	0.00689	0.01595	0.14058	0.02248	0.12459	0.12958	0.44146	0.01692	0.00844	0.00249	0.00409	0.01435	0.00700	0.00718
79	0.00884	0.00637	0.00839	0.01000	0.01051	0.00591	0.00669	0.01014	0.01404	0.01860	0.04156	0.70998	0.07692	0.02258	0.00925	0.00293	0.00419	0.02043	0.00675	0.00591
80	0.01716	0.01961	0.04289	0.03064	0.03799	0.01838	0.67279	0.02328	0.01716	0.02328	0.01471	0.01961	0.01103	0.00613	0.00858	0.00245	0.01225	0.00858	0.00368	0.00980
81	0.01130	0.00775	0.00912	0.00869	0.01100	0.00678	0.00654	0.01376	0.01821	0.08200	0.29445	0.10734	0.36313	0.01661	0.00852	0.00241	0.00384	0.01422	0.00740	0.00692
82	0.00890	0.00735	0.00771	0.00784	0.01002	0.00630	0.00584	0.01074	0.01627	0.01969	0.08705	0.09867	0.58381	0.05623	0.01016	0.00275	0.00401	0.04392	0.00666	0.00608
83	0.01038	0.00779	0.01168	0.01168	0.01298	0.00909	0.00909	0.01298	0.01168	0.01687	0.01947	0.02856	0.01817	0.05452	0.71573	0.01168	0.01947	0.00779	0.00389	0.00649
84	0.00892	0.00663	0.00833	0.00949	0.01042	0.00603	0.00651	0.01048	0.01500	0.01966	0.10142	0.54870	0.17939	0.02124	0.00908	0.00280	0.00404	0.01897	0.00685	0.00603
85	0.15415	0.01187	0.01474	0.01186	0.01667	0.01100	0.00965	0.02976	0.01909	0.49414	0.09495	0.05750	0.02290	0.00985	0.00707	0.00228	0.00572	0.00795	0.00806	0.01078
86	0.00870	0.00740	0.00751	0.00757	0.01000	0.00621	0.00574	0.01059	0.01657	0.01971	0.07243	0.07037	0.67370	0.01847	0.00864	0.00249	0.00379	0.03721	0.00675	0.00616
87	0.00914	0.00741	0.00817	0.00832	0.01049	0.00644	0.00635	0.01133	0.01704	0.02119	0.16099	0.10347	0.50947	0.01826	0.00876	0.00254	0.00395	0.07347	0.00693	0.00628
88	0.70028	0.01484	0.01207	0.01045	0.01511	0.01708	0.00861	0.10271	0.01508	0.03426	0.01103	0.01251	0.00843	0.00699	0.00484	0.00224	0.00592	0.00426	0.00484	0.00843
89	0.20416	0.01351	0.01484	0.01217	0.01673	0.01392	0.00982	0.13659	0.07478	0.26440	0.08774	0.02608	0.04451	0.03945	0.00804	0.00246	0.00601	0.00745	0.00717	0.01018
90	0.01800	0.01516	0.01605	0.01425	0.01830	0.01723	0.01113	0.09347	0.55522	0.03106	0.05998	0.03017	0.06665	0.01052	0.00751	0.00243	0.00572	0.00874	0.00737	0.01104
91	0.01038	0.00779	0.01168	0.01168	0.01298	0.00909	0.00909	0.01298	0.01168	0.01687	0.01947	0.02856	0.01817	0.05452	0.71573	0.01168	0.01947	0.00779	0.00389	0.00649
92	0.01057	0.00756	0.01055	0.01055	0.01155	0.00849	0.00777	0.01258	0.01157	0.01666	0.02049	0.03309	0.02019	0.21932	0.51950	0.01011	0.01574	0.00842	0.03927	0.00600
93	0.00975	0.00689	0.00808	0.00856	0.00913	0.00656	0.00538	0.01055	0.01290	0.01691	0.06454	0.26077	0.13373	0.38732	0.02318	0.00492	0.00554	0.01444	0.00562	0.00522
94	0.01018	0.00842	0.00905	0.00871	0.01120	0.00781	0.00658	0.01474	0.10189	0.02317	0.21029	0.06097	0.46770	0.01652	0.00844	0.00242	0.00389	0.01394	0.00712	0.00698
95	0.02301	0.01047	0.01388	0.01140	0.01541	0.00935	0.00912	0.02661	0.04280	0.40733	0.27967	0.03732	0.05859	0.01152	0.00783	0.00228	0.00506	0.00978	0.00850	0.01008
96	0.01784	0.01801	0.02701	0.03075	0.31683	0.08065	0.14564	0.02487	0.13086	0.02374	0.01929	0.02362	0.03532	0.01007	0.03956	0.00272	0.00954	0.02885	0.00449	0.01034
97	0.02650	0.01980	0.02118	0.01650	0.02211	0.02201	0.01354	0.59930	0.11168	0.04398	0.01889	0.01860	0.01353	0.00886	0.00729	0.00222	0.00773	0.00674	0.00729	0.01226
98	0.02499	0.01754	0.01891	0.01495	0.02001	0.01923	0.01220	0.47909	0.10208	0.08045	0.02028	0.02024	0.01461	0.00883	0.00699	0.00215	0.00703	0.00680	0.11208	0.01152
99	0.01057	0.00705	0.00793	0.00793	0.00793	0.00705	0.00440	0.01057	0.01057	0.01409	0.02290	0.04757	0.02643	0.74454	0.03700	0.00705	0.00705	0.01057	0.00440	0.00440
100	0.07981	0.01678	0.03750	0.01771	0.10045	0.07534	0.03449	0.18291	0.02152	0.09929	0.08887	0.02971	0.13286	0.01046	0.00807	0.00227	0.03781	0.00838	0.00606	0.00970
101	0.01038	0.00779	0.01168	0.01168	0.01298	0.00909	0.00909	0.01298	0.01168	0.01687	0.01947	0.02856	0.01817	0.05452	0.71573	0.01168	0.01947	0.00779	0.00389	0.00649
102	0.00865	0.00737	0.00744	0.00742	0.00985	0.00616	0.00557	0.01054	0.01670	0.01995	0.09440	0.06943	0.67528	0.01829	0.00859	0.00245	0.00367	0.01527	0.00679	0.00616
103	0.01507	0.01292	0.01507	0.01077	0.01723	0.00969	0.00861	0.01830	0.01507	0.02369	0.01292	0.01507	0.01077	0.00538	0.00538	0.00108	0.00538	0.00431	0.00431	0.78898
104	0.75601	0.01513	0.01120	0.01003	0.01449	0.05256	0.00819	0.02176	0.01280	0.03184	0.01018	0.01188	0.00795	0.00679	0.00461	0.00223	0.00601	0.00397	0.00446	0.00790
105	0.01119	0.00897	0.01322	0.01276	0.01387	0.01100	0.01008	0.01364	0.01160	0.01696	0.01803	0.02672	0.01692	0.04845	0.61522	0.01045	0.12287	0.00758	0.00379	0.00670
106	0.01038	0.00779	0.01168	0.01168	0.01298	0.00909	0.00909	0.01298	0.01168	0.01687	0.01947	0.02856	0.01817	0.05452	0.71573	0.01168	0.01947	0.00779	0.00389	0.00649
107	0.00876	0.00670	0.00805	0.00912	0.01028	0.00599	0.00630	0.01023	0.01488	0.01895	0.05225	0.49666	0.28335	0.02119	0.00903	0.00277	0.00402	0.01873	0.00675	0.00599
108	0.40251	0.01693	0.01616	0.01306	0.01822	0.01897	0.01078	0.32736	0.02294	0.06910	0.01438	0.01503	0.01043	0.00777	0.00592	0.00222	0.00676	0.00531	0.00600	0.01017
109	0.31709	0.11615	0.29414	0.01496	0.02203	0.01811	0.01653	0.02254	0.01419	0.05605	0.01209	0.01396	0.00911	0.00710	0.00644	0.00222	0.03921	0.00476	0.00389	0.00941
110	0.01012	0.00775	0.00933	0.00892	0.01087	0.00721	0.00667	0.01363	0.04583	0.02532	0.43136	0.05637	0.24684	0.04362	0.04147	0.00294	0.00445	0.01325	0.00730	0.00673
111	0.01590	0.01590	0.02226	0.01908	0.01908	0.02226	0.01590	0.01749	0.01113	0.01749	0.00954	0.01590	0.00954	0.01272	0.02385	0.00318	0.73123	0.00636	0.00318	0.00795
112	0.01459	0.01362	0.02303	0.56100	0.18508	0.01607	0.02019	0.01907	0.01480	0.01947	0.01307	0.01917	0.01017	0.00767	0.00792	0.02730	0.00936	0.00646	0.00330	0.00864
113	0.01061	0.00812	0.01211	0.01198	0.01323	0.00962	0.00936	0.01316	0.01166	0.01690	0.01907	0.02804	0.01782	0.05282	0.68767	0.01134	0.04834	0.00773	0.00387	0.00655
114	0.01661	0.01297	0.01423	0.01316	0.01667	0.01421	0.01025	0.03050	0.44315	0.07583	0.03704	0.09529	0.11751	0.01277	0.00790	0.00255	0.00544	0.05656	0.00732	0.01003
115	0.02763	0.02036	0.02182	0.01672	0.02254	0.02254	0.01382	0.67496	0.03418	0.04581	0.01745	0.01745	0.01236	0.00873	0.00727	0.00218	0.00800	0.00654	0.00727	0.01236
116	0.00972	0.00681	0.00838	0.00920	0.00967	0.00653	0.00597	0.01069	0.01311	0.01740	0.06169	0.36873	0.07354	0.31251	0.02040	0.00456	0.00541	0.04444	0.00585	0.00539
117	0.00904	0.00645	0.00854	0.00996	0.01049	0.00603	0.00668	0.01047	0.01443	0.01940	0.10037	0.65418	0.04929	0.04494	0.01009	0.00302	0.00423	0.01965	0.00679	0.00595
118	0.09088	0.01260	0.01638	0.01273	0.01822	0.01134	0.01049	0.03444	0.04069	0.63176	0.02728	0.02382	0.01734	0.00885	0.00710	0.00226	0.00613	0.00708	0.00860	0.01200
119	0.04239	0.00770	0.00976	0.00916	0.01099	0.00724	0.00690	0.01403	0.02024	0.02929	0.66736	0.05256	0.06611	0.01453	0.00841	0.00228	0.00352	0.01277	0.00786	0.00690
120	0.49957	0.01251	0.01127	0.00991	0.01408	0.01354	0.00802	0.02199	0.03725	0.12711	0.07503	0.02483	0.10134	0.00928	0.00583	0.00229	0.00529	0.00672	0.00580	0.00834
121	0.10469	0.00825	0.00938	0.00894	0.01116	0.00789	0.00685	0.01395	0.01856	0.02718	0.45103	0.05363	0.20074	0.01486	0.00814	0.00236	0.00386	0.03447	0.00725	0.00681
122	0.79588	0.01406	0.01068	0.00956	0.01406	0.01631	0.00787	0.02137	0.01237	0.03261	0.01012	0.01181	0.00787	0.00675	0.00450	0.00225	0.00562	0.00394	0.00450	0.00787
123	0.01018	0.00755	0.00883	0.00842	0.01061	0.00664	0.00635	0.01284	0.01870	0.04551	0.38209	0.06076	0.36251	0.01635	0.00854	0.00236	0.00363	0.01400	0.00744	0.00669
124	0.00904	0.00666	0.00839	0.00946	0.01036	0.00610	0.00647	0.01061	0.01503	0.01983	0.12230	0.52099	0.15934	0.04695	0.01007	0.00294	0.00414	0.01852	0.00681	0.00600
125	0.00897	0.00637	0.00840	0.00997	0.01037	0.00598	0.00659	0.01015	0.01369	0.01825	0.03891	0.69304	0.04661	0.07152	0.01115	0.00323	0.00441	0.01998	0.00659	0.00580
126	0.01057	0.00705	0.00793	0.00793	0.00793	0.00705	0.00440	0.01057	0.01057	0.01409	0.02290	0.04757	0.02643	0.74454	0.03700	0.00705	0.00705	0.01057	0.00440	0.00440
127	0.00890	0.00641	0.00844	0.00997	0.01053	0.00595	0.00670	0.01028	0.01430	0.01903	0.06802	0.68445	0.07556	0.02227	0.00922	0.00290	0.00416	0.02014	0.00680	0.00595
128	0.00891	0.00637	0.00849	0.01008	0.01056	0.00594	0.00675	0.01027	0.01419	0.01898	0.06657	0.71207	0.04891	0.02245	0.00925	0.00293	0.00419	0.02036	0.00680	0.00594
129	0.01874	0.01547	0.01646	0.01471	0.01889	0.01775	0.01147	0.03848	0.65603	0.06082	0.02954	0.02701	0.02200	0.00982	0.00739	0.00246	0.00577	0.00818	0.00747	0.01154
130	0.02677	0.01953	0.02089	0.01611	0.02168	0.02157	0.01328	0.63455	0.03301	0.04466	0.01784	0.01804	0.01275	0.00871	0.00714	0.00215	0.00772	0.00656	0.05502	0.01202
131	0.01050	0.00702	0.00795	0.00802	0.00804	0.00700	0.00450	0.01055	0.01071	0.01428	0.02363	0.07686	0.02734	0.71400	0.03583	0.00687	0.00693	0.01100	0.00450	0.00447
132	0.02639	0.01946	0.02081	0.01617	0.02169	0.02157	0.01329	0.60435	0.07667	0.04398	0.01853	0.01851	0.01328	0.00879	0.00719	0.00218	0.00765	0.00667	0.04076	0.01206
133	0.01943	0.74891	0.03809	0.01244	0.01866	0.02876	0.01244	0.02177	0.01477	0.01710	0.01011	0.01166	0.00933	0.00622	0.00466	0.00155	0.00777	0.00389	0.00311	0.00933
134	0.01507	0.01292	0.01507	0.01077	0.01723	0.00969	0.00861	0.01830	0.01507	0.02369	0.01292	0.01507	0.01077	0.00538	0.00538	0.00108	0.00538	0.00431	0.00431	0.78898
135	0.79588	0.01406	0.01068	0.00956	0.01406	0.01631	0.00787	0.02137	0.01237	0.03261	0.01012	0.01181	0.00787	0.00675	0.00450	0.00225	0.00562	0.00394	0.00450	0.00787
136	0.01734	0.01491	0.01577	0.01424	0.01817	0.01709	0.01105	0.03636	0.62900	0.02991	0.06102	0.03009	0.05189	0.01043	0.00750	0.00246	0.00556	0.00873	0.00740	0.01108
137	0.01005	0.00742	0.00939	0.00890	0.01072	0.00676	0.00667	0.01326	0.02002	0.02784	0.60965	0.05646	0.15512	0.01535	0.00858	0.00231	0.00346	0.01345	0.00783	0.00676
138	0.02312	0.02682	0.02332	0.02739	0.25806	0.40715	0.01669	0.02758	0.08106	0.02104	0.01379	0.01611	0.01131	0.00736	0.00686	0.00203	0.01087	0.00564	0.00403	0.00979
139	0.02966	0.04477	0.01862	0.01383	0.01930	0.04286	0.01142	0.16696	0.04358	0.47032	0.02624	0.02363	0.03640	0.00907	0.00720	0.00220	0.00682	0.00717	0.00807	0.01187
140	0.06546	0.20881	0.35828	0.01817	0.05983	0.04910	0.01945	0.02353	0.01590	0.07591	0.03370	0.01616	0.01175	0.00713	0.00628	0.00208	0.00911	0.00533	0.00384	0.01017
141	0.02715	0.03464	0.02060	0.01873	0.02247	0.71536	0.01404	0.02903	0.02060	0.01779	0.01124	0.01311	0.00936	0.00749	0.00655	0.00187	0.01311	0.00468	0.00375	0.00843
142	0.01030	0.00741	0.00964	0.00910	0.01074	0.00687	0.00676	0.01359	0.02017	0.02853	0.66779	0.05402	0.06686	0.04478	0.00974	0.00248	0.00358	0.01304	0.00785	0.00676
143	0.02682	0.01996	0.02136	0.01656	0.02223	0.02216	0.01362	0.62070	0.08976	0.04450	0.01849	0.01828	0.01320	0.00882	0.00728	0.00221	0.00781	0.00669	0.00728	0.01229
144	0.01642	0.04994	0.07820	0.14983	0.07385	0.04046	0.32431	0.02135	0.01569	0.02115	0.01408	0.04135	0.01158	0.00781	0.00986	0.00247	0.10117	0.00766	0.00357	0.00924
145	0.01038	0.00779	0.01168	0.01168	0.01298	0.00909	0.00909	0.01298	0.01168	0.01687	0.01947	0.02856	0.01817	0.05452	0.71573	0.01168	0.01947	0.00779	0.00389	0.00649
146	0.00913	0.00717	0.00939	0.00996	0.01131	0.00646	0.03023	0.01084	0.01513	0.01950	0.07647	0.47746	0.24928	0.02049	0.00901	0.00275	0.00431	0.01827	0.00669	0.00616
147	0.02745	0.01984	0.02139	0.01649	0.02223	0.02188	0.01359	0.62302	0.06007	0.07209	0.01840	0.01814	0.01299	0.00878	0.00728	0.00220	0.00783	0.00664	0.00735	0.01233
148	0.02855	0.01144	0.01553	0.01230	0.01716	0.00996	0.00999	0.03137	0.02046	0.58283	0.11851	0.06098	0.02613	0.01040	0.00757	0.00229	0.00573	0.00869	0.00876	0.01134
149	0.01038	0.00779	0.01168	0.01168	0.01298	0.00909	0.00909	0.01298	0.01168	0.01687	0.01947	0.02856	0.01817	0.05452	0.71573	0.01168	0.01947	0.00779	0.00389	0.00649
150	0.01520	0.01303	0.01513	0.01093	0.01730	0.01003	0.00873	0.01914	0.04266	0.02396	0.01361	0.01557	0.01124	0.00557	0.00547	0.00113	0.00540	0.00447	0.00443	0.75701
151	0.01038	0.00779	0.01168	0.01168	0.01298	0.00909	0.00909	0.01298	0.01168	0.01687	0.01947	0.02856	0.01817	0.05452	0.71573	0.01168	0.01947	0.00779	0.00389	0.00649
152	0.01943	0.74891	0.03809	0.01244	0.01866	0.02876	0.01244	0.02177	0.01477	0.01710	0.01011	0.01166	0.00933	0.00622	0.00466	0.00155	0.00777	0.00389	0.00311	0.00933
153	0.08009	0.17731	0.02343	0.01681	0.02111	0.52726	0.01328	0.02702	0.01884	0.01870	0.01093	0.01272	0.00925	0.00718	0.00603	0.00184	0.01150	0.00447	0.00367	0.00857
154	0.00974	0.00758	0.00798	0.00776	0.01027	0.00639	0.00586	0.01177	0.01712	0.04860	0.13034	0.06663	0.60933	0.01769	0.00854	0.00243	0.00376	0.01481	0.00696	0.00646
155	0.00859	0.00736	0.00736	0.00736	0.00982	0.00614	0.00552	0.01043	0.01657	0.01964	0.07364	0.06996	0.69624	0.01841	0.00859	0.00245	0.00368	0.01534	0.00675	0.00614
156	0.01042	0.00764	0.01091	0.01091	0.01194	0.00867	0.00812	0.01248	0.01145	0.01630	0.02018	0.03247	0.01987	0.19663	0.57595	0.01073	0.01691	0.00836	0.00400	0.00606
157	0.02475	0.01940	0.02000	0.01601	0.02123	0.05021	0.01298	0.48194	0.17470	0.04020	0.02213	0.02152	0.04241	0.00932	0.00732	0.00224	0.00755	0.00719	0.00713	0.01175
158	0.01478	0.03638	0.66616	0.02215	0.07160	0.01690	0.02658	0.02298	0.01542	0.02306	0.01308	0.01551	0.00935	0.00688	0.00692	0.00229	0.01062	0.00544	0.00310	0.01079
159	0.01799	0.01727	0.02950	0.04462	0.69919	0.01727	0.02231	0.02231	0.01655	0.02375	0.01367	0.01799	0.01151	0.00648	0.00720	0.00216	0.00864	0.00648	0.00360	0.01151
160	0.01473	0.06002	0.68580	0.02046	0.03106	0.01726	0.02640	0.02298	0.01533	0.02283	0.01295	0.01523	0.00921	0.00688	0.00684	0.00228	0.01065	0.00532	0.00307	0.01070
161	0.01355	0.00678	0.00678	0.00678	0.00847	0.00678	0.00508	0.01694	0.01524	0.02710	0.02371	0.02710	0.01863	0.00847	0.00508	0.00169	0.00339	0.00678	0.78489	0.00678
162	0.02439	0.01834	0.02004	0.01532	0.02108	0.01940	0.01257	0.51536	0.02940	0.04016	0.01662	0.01743	0.01228	0.00993	0.03602	0.00235	0.00794	0.00614	0.00654	0.16868
163	0.01808	0.01561	0.01644	0.01479	0.01890	0.01808	0.01151	0.03863	0.68606	0.03041	0.02959	0.02712	0.02219	0.00986	0.00740	0.00247	0.00575	0.00822	0.00740	0.01151
164	0.01355	0.00678	0.00678	0.00678	0.00847	0.00678	0.00508	0.01694	0.01524	0.02710	0.02371	0.02710	0.01863	0.00847	0.00508	0.00169	0.00339	0.00678	0.78489	0.00678
165	0.01768	0.01695	0.02894	0.09499	0.65128	0.01719	0.02215	0.02203	0.01640	0.02337	0.01362	0.01809	0.01138	0.00654	0.00720	0.00218	0.00871	0.00648	0.00357	0.01126
166	0.00875	0.00731	0.00744	0.00750	0.00970	0.00620	0.00548	0.01043	0.01602	0.01918	0.06866	0.09056	0.62365	0.07385	0.01078	0.00282	0.00396	0.01516	0.00657	0.00600
167	0.01467	0.01250	0.01478	0.03621	0.01787	0.01024	0.00908	0.01919	0.07004	0.02356	0.01692	0.08652	0.01529	0.00750	0.00599	0.00142	0.00545	0.00629	0.00476	0.62172
168	0.01799	0.01727	0.02950	0.04462	0.69919	0.01727	0.02231	0.02231	0.01655	0.02375	0.01367	0.01799	0.01151	0.00648	0.00720	0.00216	0.00864	0.00648	0.00360	0.01151
169	0.01488	0.01271	0.01486	0.01075	0.01701	0.00957	0.00855	0.01804	0.01504	0.02352	0.01378	0.03807	0.01195	0.00594	0.00551	0.00114	0.00535	0.00483	0.00438	0.76413
170	0.03246	0.01262	0.01703	0.01305	0.01868	0.01106	0.01078	0.05572	0.02123	0.68334	0.02832	0.02451	0.01781	0.00899	0.00731	0.00225	0.00624	0.00729	0.00894	0.01237
171	0.01373	0.01292	0.02180	0.72707	0.05006	0.01615	0.02019	0.01857	0.01453	0.01857	0.01292	0.01938	0.00969	0.00727	0.00727	0.00242	0.00969	0.00646	0.00323	0.00807
172	0.02763	0.02036	0.02182	0.01672	0.02254	0.02254	0.01382	0.67496	0.03418	0.04581	0.01745	0.01745	0.01236	0.00873	0.00727	0.00218	0.00800	0.00654	0.00727	0.01236
173	0.01799	0.01727	0.02950	0.04462	0.69919	0.01727	0.02231	0.02231	0.01655	0.02375	0.01367	0.01799	0.01151	0.00648	0.00720	0.00216	0.00864	0.00648	0.00360	0.01151
174	0.01590	0.01590	0.02226	0.01908	0.01908	0.02226	0.01590	0.01749	0.01113	0.01749	0.00954	0.01590	0.00954	0.01272	0.02385	0.00318	0.73123	0.00636	0.00318	0.00795
175	0.01355	0.00678	0.00678	0.00678	0.00847	0.00678	0.00508	0.01694	0.01524	0.02710	0.02371	0.02710	0.01863	0.00847	0.00508	0.00169	0.00339	0.00678	0.78489	0.00678
176	0.05878	0.01987	0.02136	0.03897	0.02307	0.02208	0.01377	0.62726	0.03266	0.04440	0.01701	0.01728	0.01209	0.00860	0.00716	0.00219	0.00795	0.00643	0.00703	0.01204
177	0.00874	0.00733	0.00759	0.00762	0.00993	0.00618	0.00568	0.01068	0.01678	0.02035	0.12183	0.09580	0.62000	0.01830	0.00862	0.00246	0.00368	0.01538	0.00685	0.00618
178	0.01355	0.00678	0.00678	0.00678	0.00847	0.00678	0.00508	0.01694	0.01524	0.02710	0.02371	0.02710	0.01863	0.00847	0.00508	0.00169	0.00339	0.00678	0.78489	0.00678
179	0.08661	0.46589	0.03037	0.01415	0.01946	0.24085	0.01256	0.02399	0.01638	0.01861	0.01046	0.01212	0.00922	0.00666	0.00524	0.00171	0.00925	0.00414	0.00342	0.00893
180	0.01372	0.01270	0.02126	0.70127	0.04857	0.01581	0.01965	0.01851	0.01456	0.01888	0.01331	0.01966	0.01001	0.00731	0.00719	0.00240	0.00946	0.00647	0.03123	0.00803
181	0.01355	0.00678	0.00678	0.00678	0.00847	0.00678	0.00508	0.01694	0.01524	0.02710	0.02371	0.02710	0.01863	0.00847	0.00508	0.00169	0.00339	0.00678	0.78489	0.00678
182	0.01029	0.00743	0.00972	0.00914	0.01086	0.00686	0.00686	0.01372	0.02058	0.02915	0.69536	0.05430	0.06859	0.01486	0.00857	0.00229	0.00343	0.01315	0.00800	0.00686
183	0.03261	0.01237	0.01687	0.01293	0.01856	0.01068	0.01068	0.03543	0.02081	0.70423	0.02868	0.02474	0.01799	0.00900	0.00731	0.00225	0.00619	0.00731	0.00900	0.01237
184	0.01373	0.01292	0.02180	0.72707	0.05006	0.01615	0.02019	0.01857	0.01453	0.01857	0.01292	0.01938	0.00969	0.00727	0.00727	0.00242	0.00969	0.00646	0.00323	0.00807
185	0.01057	0.00705	0.00793	0.00793	0.00793	0.00705	0.00440	0.01057	0.01057	0.01409	0.02290	0.04757	0.02643	0.74454	0.03700	0.00705	0.00705	0.01057	0.00440	0.00440
186	0.01943	0.74891	0.03809	0.01244	0.01866	0.02876	0.01244	0.02177	0.01477	0.01710	0.01011	0.01166	0.00933	0.00622	0.00466	0.00155	0.00777	0.00389	0.00311	0.00933
187	0.01590	0.01590	0.02226	0.01908	0.01908	0.02226	0.01590	0.01749	0.01113	0.01749	0.00954	0.01590	0.00954	0.01272	0.02385	0.00318	0.73123	0.00636	0.00318	0.00795
188	0.01590	0.01590	0.02226	0.01908	0.01908	0.02226	0.01590	0.01749	0.01113	0.01749	0.00954	0.01590	0.00954	0.01272	0.02385	0.00318	0.73123	0.00636	0.00318	0.00795
189	0.01355	0.00678	0.00678	0.00678	0.00847	0.00678	0.00508	0.01694	0.01524	0.02710	0.02371	0.02710	0.01863	0.00847	0.00508	0.00169	0.00339	0.00678	0.78489	0.00678
190	0.76192	0.01398	0.01096	0.00971	0.01426	0.01606	0.00800	0.02199	0.01275	0.06250	0.01095	0.01238	0.00832	0.00685	0.00462	0.00225	0.00565	0.00409	0.00470	0.00807
191	0.01263	0.00631	0.00947	0.00947	0.00947	0.00631	0.00631	0.00947	0.00947	0.01263	0.01263	0.02210	0.01263	0.02525	0.02841	0.78851	0.00631	0.00631	0.00316	0.00316
192	0.01171	0.00837	0.01171	0.01339	0.01506	0.00837	0.01171	0.01506	0.01673	0.02175	0.03849	0.08199	0.04183	0.02008	0.01004	0.00335	0.00669	0.65027	0.00669	0.00669
193	0.02715	0.03464	0.02060	0.01873	0.02247	0.71536	0.01404	0.02903	0.02060	0.01779	0.01124	0.01311	0.00936	0.00749	0.00655	0.00187	0.01311	0.00468	0.00375	0.00843
194	0.02715	0.03464	0.02060	0.01873	0.02247	0.71536	0.01404	0.02903	0.02060	0.01779	0.01124	0.01311	0.00936	0.00749	0.00655	0.00187	0.01311	0.00468	0.00375	0.00843
195	0.01355	0.00678	0.00678	0.00678	0.00847	0.00678	0.00508	0.01694	0.01524	0.02710	0.02371	0.02710	0.01863	0.00847	0.00508	0.00169	0.00339	0.00678	0.78489	0.00678
196	0.00859	0.00736	0.00736	0.00736	0.00982	0.00614	0.00552	0.01043	0.01657	0.01964	0.07364	0.06996	0.69624	0.01841	0.00859	0.00245	0.00368	0.01534	0.00675	0.00614
197	0.79588	0.01406	0.01068	0.00956	0.01406	0.01631	0.00787	0.02137	0.01237	0.03261	0.01012	0.01181	0.00787	0.00675	0.00450	0.00225	0.00562	0.00394	0.00450	0.00787
198	0.01458	0.03760	0.70688	0.02072	0.03146	0.01688	0.02686	0.02302	0.01535	0.02302	0.01304	0.01535	0.00921	0.00691	0.00691	0.00230	0.01074	0.00537	0.00307	0.01074
199	0.01472	0.01394	0.02360	0.56771	0.20164	0.01641	0.02068	0.01944	0.01501	0.01978	0.01310	0.01906	0.01012	0.00708	0.00725	0.00236	0.00944	0.00646	0.00332	0.00888
200	0.02715	0.03464	0.02060	0.01873	0.02247	0.71536	0.01404	0.02903	0.02060	0.01779	0.01124	0.01311	0.00936	0.00749	0.00655	0.00187	0.01311	0.00468	0.00375	0.00843
201	0.01824	0.01555	0.01637	0.01459	0.01873	0.01784	0.01139	0.07507	0.61918	0.03086	0.03073	0.02836	0.05013	0.01016	0.00744	0.00245	0.00580	0.00842	0.00736	0.01133
202	0.01410	0.01336	0.02260	0.57982	0.10606	0.01612	0.04059	0.01864	0.01463	0.01915	0.01413	0.05163	0.01163	0.00809	0.00810	0.00246	0.03996	0.00717	0.00343	0.00834
203	0.01039	0.00777	0.01157	0.01157	0.01282	0.00902	0.00894	0.01291	0.01165	0.01679	0.01958	0.02914	0.01843	0.07574	0.69486	0.01154	0.01909	0.00787	0.00391	0.00643
204	0.01057	0.00705	0.00793	0.00793	0.00793	0.00705	0.00440	0.01057	0.01057	0.01409	0.02290	0.04757	0.02643	0.74454	0.03700	0.00705	0.00705	0.01057	0.00440	0.00440
205	0.01102	0.00788	0.01088	0.01228	0.01373	0.00774	0.01023	0.01400	0.01669	0.02206	0.11798	0.19821	0.04619	0.01994	0.00972	0.00315	0.00585	0.45901	0.00686	0.00657
206	0.03167	0.01219	0.01664	0.01295	0.01840	0.01058	0.01073	0.03451	0.02062	0.67342	0.02912	0.02733	0.01907	0.00950	0.00743	0.00230	0.00621	0.03633	0.00889	0.01211
207	0.01057	0.00705	0.00793	0.00793	0.00793	0.00705	0.00440	0.01057	0.01057	0.01409	0.02290	0.04757	0.02643	0.74454	0.03700	0.00705	0.00705	0.01057	0.00440	0.00440
208	0.00884	0.00637	0.00839	0.01000	0.01051	0.00591	0.00669	0.01014	0.01404	0.01860	0.04156	0.70998	0.07692	0.02258	0.00925	0.00293	0.00419	0.02043	0.00675	0.00591
209	0.00923	0.00662	0.00842	0.00956	0.01013	0.00630	0.00633	0.01038	0.01341	0.01774	0.03871	0.51825	0.09796	0.15687	0.05096	0.00412	0.00548	0.01768	0.00617	0.00568
210	0.01263	0.00631	0.00947	0.00947	0.00947	0.00631	0.00631	0.00947	0.00947	0.01263	0.01263	0.02210	0.01263	0.02525	0.02841	0.78851	0.00631	0.00631	0.00316	0.00316
211	0.01590	0.01590	0.02226	0.01908	0.01908	0.02226	0.01590	0.01749	0.01113	0.01749	0.00954	0.01590	0.00954	0.01272	0.02385	0.00318	0.73123	0.00636	0.00318	0.00795
212	0.01107	0.00766	0.00858	0.00852	0.00884	0.00783	0.00502	0.01264	0.06100	0.01547	0.02402	0.07084	0.02689	0.66397	0.03380	0.00656	0.00685	0.01076	0.00471	0.00499
213	0.00907	0.00646	0.00832	0.00972	0.01017	0.00607	0.00639	0.01019	0.01358	0.01801	0.03916	0.62039	0.07177	0.11846	0.01293	0.00348	0.00457	0.01911	0.00644	0.00571
214	0.00883	0.00644	0.00832	0.00983	0.01047	0.00593	0.00662	0.01015	0.01420	0.01867	0.04365	0.66822	0.11733	0.02231	0.00920	0.00290	0.00416	0.02010	0.00675	0.00593
215	0.01355	0.00678	0.00678	0.00678	0.00847	0.00678	0.00508	0.01694	0.01524	0.02710	0.02371	0.02710	0.01863	0.00847	0.00508	0.00169	0.00339	0.00678	0.78489	0.00678
216	0.00941	0.00703	0.00881	0.00966	0.01097	0.00643	0.00707	0.01147	0.01616	0.02122	0.17352	0.37047	0.20594	0.01990	0.00907	0.00275	0.00423	0.09266	0.00698	0.00624
217	0.01038	0.00779	0.01168	0.01168	0.01298	0.00909	0.00909	0.01298	0.01168	0.01687	0.01947	0.02856	0.01817	0.05452	0.71573	0.01168	0.01947	0.00779	0.00389	0.00649
218	0.79588	0.01406	0.01068	0.00956	0.01406	0.01631	0.00787	0.02137	0.01237	0.03261	0.01012	0.01181	0.00787	0.00675	0.00450	0.00225	0.00562	0.00394	0.00450	0.00787
219	0.02074	0.01419	0.01581	0.01376	0.01809	0.01538	0.01083	0.03561	0.47555	0.18830	0.03291	0.03000	0.07534	0.01034	0.00747	0.00241	0.00569	0.00858	0.00772	0.01128
220	0.00985	0.00745	0.00911	0.00880	0.01073	0.00671	0.00667	0.01282	0.01925	0.02608	0.48775	0.05998	0.24999	0.01611	0.00864	0.00238	0.00364	0.03982	0.00758	0.00664
221	0.03162	0.01259	0.01684	0.01306	0.01858	0.01119	0.01074	0.03564	0.06650	0.65794	0.02874	0.02490	0.01828	0.00906	0.00732	0.00226	0.00616	0.00737	0.00889	0.01231
222	0.00870	0.00721	0.00762	0.00785	0.00997	0.00613	0.00576	0.01053	0.01635	0.01988	0.09500	0.16789	0.57428	0.01890	0.00869	0.00252	0.00375	0.01603	0.00680	0.00613
223	0.62043	0.01341	0.01160	0.01004	0.01463	0.01479	0.00825	0.02328	0.01408	0.15040	0.01669	0.01711	0.04536	0.00775	0.00521	0.00226	0.00562	0.00512	0.00541	0.00858
224	0.00921	0.00647	0.00833	0.00967	0.01001	0.00614	0.00627	0.01021	0.01323	0.01764	0.03655	0.59793	0.04364	0.17069	0.01496	0.00379	0.00480	0.01860	0.00627	0.00560
225	0.00965	0.00741	0.00883	0.00847	0.01047	0.00659	0.00635	0.01247	0.01906	0.02555	0.45987	0.06023	0.30633	0.01620	0.00858	0.00235	0.00353	0.01398	0.00753	0.00659
226	0.00886	0.00633	0.00843	0.01012	0.01054	0.00590	0.00675	0.01012	0.01392	0.01856	0.04006	0.73979	0.04808	0.02277	0.00928	0.00295	0.00422	0.02066	0.00675	0.00590
227	0.03261	0.01237	0.01687	0.01293	0.01856	0.01068	0.01068	0.03543	0.02081	0.70423	0.02868	0.02474	0.01799	0.00900	0.00731	0.00225	0.00619	0.00731	0.00900	0.01237
228	0.75604	0.01438	0.01126	0.00993	0.01450	0.01663	0.00818	0.05527	0.01350	0.03330	0.01050	0.01210	0.00811	0.00685	0.00464	0.00225	0.00575	0.00407	0.00464	0.00811
229	0.01447	0.01437	0.02638	0.57576	0.04744	0.01663	0.16198	0.01960	0.01510	0.01960	0.01331	0.01943	0.00998	0.00702	0.00755	0.00243	0.01025	0.00692	0.00333	0.00845
230	0.00928	0.00668	0.00882	0.00997	0.01079	0.00622	0.00695	0.01111	0.01554	0.02097	0.17962	0.54404	0.07299	0.02084	0.00914	0.00281	0.00414	0.04692	0.00701	0.00615
231	0.01754	0.01682	0.02870	0.11604	0.63126	0.01715	0.02209	0.02192	0.01634	0.02321	0.01359	0.01814	0.01132	0.00656	0.00720	0.00219	0.00875	0.00647	0.00356	0.01115
232	0.01458	0.03760	0.70688	0.02072	0.03146	0.01688	0.02686	0.02302	0.01535	0.02302	0.01304	0.01535	0.00921	0.00691	0.00691	0.00230	0.01074	0.00537	0.00307	0.01074
233	0.01052	0.00752	0.00949	0.01050	0.01133	0.00735	0.00715	0.06438	0.01532	0.02045	0.03694	0.62933	0.04355	0.07538	0.01118	0.00319	0.00474	0.01876	0.00662	0.00632
234	0.01500	0.01570	0.05684	0.47846	0.17042	0.01668	0.10309	0.02007	0.01528	0.02034	0.01329	0.01896	0.01018	0.00696	0.00740	0.00237	0.00986	0.00668	0.00335	0.00906
235	0.01006	0.00742	0.00940	0.00891	0.01072	0.00676	0.00668	0.01328	0.02004	0.02788	0.61240	0.05639	0.15234	0.01533	0.00858	0.00231	0.00346	0.01344	0.00783	0.00676
236	0.00993	0.00772	0.00891	0.00855	0.01069	0.00692	0.00642	0.03046	0.01885	0.02479	0.36241	0.08423	0.36060	0.01663	0.00857	0.00239	0.00370	0.01425	0.00735	0.00664
237	0.01457	0.20129	0.02204	0.01437	0.01650	0.01859	0.01224	0.01676	0.01229	0.01714	0.01372	0.01995	0.01299	0.02801	0.29975	0.00621	0.25611	0.00630	0.00345	0.00771
238	0.00879	0.00737	0.00763	0.00757	0.00994	0.00622	0.00568	0.01081	0.01703	0.02073	0.14477	0.06816	0.62444	0.01800	0.00859	0.00244	0.00365	0.01509	0.00689	0.00622
239	0.00886	0.00633	0.00843	0.01012	0.01054	0.00590	0.00675	0.01012	0.01392	0.01856	0.04006	0.73979	0.04808	0.02277	0.00928	0.00295	0.00422	0.02066	0.00675	0.00590
240	0.01768	0.01527	0.01605	0.01448	0.01852	0.01757	0.01125	0.03743	0.65774	0.02995	0.03145	0.02893	0.05071	0.01022	0.00745	0.00247	0.00567	0.00852	0.00737	0.01128
241	0.01188	0.04189	0.03988	0.00994	0.01240	0.00842	0.00810	0.01544	0.02011	0.05884	0.60680	0.04947	0.06123	0.01389	0.00827	0.00225	0.00405	0.01215	0.00763	0.00738
