[name]
unknown

[dist]
# distance from previous block
# <min> <max>
0	14

[block]
# block no. 0 follows, 28 sequences, length 25
# corresponding to MSA columns:
# 14-38
name=unknown_A
#
# <colnr> <probs for GDERKNQSTAVLIFYWHMCP>
#	G	D	E	R	K	N	Q	S	T	A	V	L	I	F	Y	W	H	M	C	P
0	0.01530	0.00905	0.01260	0.01331	0.01566	0.00876	0.01154	0.01855	0.01743	0.13882	0.03680	0.07217	0.03774	0.01818	0.00957	0.00316	0.00661	0.53998	0.00709	0.00767
1	0.08246	0.01564	0.04078	0.01395	0.01964	0.01481	0.01178	0.19530	0.07489	0.37895	0.02324	0.02134	0.01550	0.00858	0.00699	0.00219	0.00668	0.00673	0.00767	0.05286
2	0.01609	0.01262	0.01313	0.01137	0.01458	0.05247	0.00854	0.11181	0.09167	0.05954	0.06970	0.05622	0.14215	0.16523	0.04070	0.00351	0.00673	0.00959	0.00600	0.10836
3	0.05333	0.41049	0.28228	0.01724	0.06312	0.02314	0.01811	0.02224	0.01498	0.02038	0.01140	0.01339	0.00935	0.00651	0.00563	0.00190	0.00882	0.00459	0.00319	0.00991
4	0.25255	0.01923	0.07047	0.01357	0.01827	0.13537	0.01154	0.05913	0.14993	0.09683	0.03936	0.02034	0.03144	0.00844	0.00629	0.00221	0.00730	0.00619	0.04208	0.00947
5	0.01147	0.00797	0.00930	0.00889	0.01028	0.00762	0.00609	0.04496	0.01613	0.04012	0.22194	0.09899	0.15801	0.30403	0.01976	0.00424	0.00526	0.01255	0.00626	0.00612
6	0.01507	0.01292	0.01507	0.01077	0.01723	0.00969	0.00861	0.01830	0.01507	0.02369	0.01292	0.01507	0.01077	0.00538	0.00538	0.00108	0.00538	0.00431	0.00431	0.78898
7	0.01634	0.01367	0.01575	0.01137	0.01776	0.01099	0.00914	0.08468	0.01700	0.02592	0.01338	0.01531	0.01093	0.00572	0.00557	0.00119	0.00565	0.00453	0.00461	0.71048
8	0.00991	0.00720	0.00935	0.00963	0.01030	0.00687	0.02807	0.01092	0.01304	0.01729	0.06008	0.34265	0.08438	0.33255	0.02112	0.00464	0.00564	0.01523	0.00568	0.00544
9	0.00859	0.00736	0.00736	0.00736	0.00982	0.00614	0.00552	0.01043	0.01657	0.01964	0.07364	0.06996	0.69624	0.01841	0.00859	0.00245	0.00368	0.01534	0.00675	0.00614
10	0.08495	0.01574	0.01774	0.01390	0.01936	0.06268	0.01139	0.16992	0.02304	0.46916	0.02377	0.02147	0.01548	0.00868	0.00705	0.00221	0.00701	0.00673	0.00795	0.01178
11	0.08481	0.10038	0.01897	0.01264	0.01825	0.01324	0.01069	0.03280	0.01949	0.57492	0.02515	0.02227	0.01625	0.00851	0.00680	0.00217	0.00634	0.00666	0.00798	0.01169
12	0.01709	0.01942	0.04183	0.03004	0.03701	0.01858	0.63891	0.02299	0.01685	0.02299	0.01444	0.01942	0.01095	0.00647	0.00937	0.00249	0.04934	0.00846	0.00365	0.00971
13	0.00883	0.00642	0.00834	0.00987	0.01048	0.00593	0.00664	0.01015	0.01416	0.01865	0.04312	0.67879	0.10711	0.02238	0.00922	0.00291	0.00417	0.02018	0.00675	0.00593
14	0.02336	0.02580	0.02380	0.01981	0.02360	0.34284	0.09654	0.13704	0.04266	0.02364	0.01299	0.01571	0.01055	0.00869	0.01054	0.00229	0.16055	0.00595	0.00435	0.00928
15	0.01160	0.00958	0.01402	0.01332	0.01433	0.01200	0.01059	0.01398	0.01156	0.01701	0.01728	0.02576	0.01626	0.04528	0.56281	0.00980	0.17679	0.00747	0.00374	0.00681
16	0.00885	0.00637	0.00839	0.01001	0.01051	0.00591	0.00670	0.01013	0.01402	0.01860	0.04143	0.71253	0.07446	0.02260	0.00925	0.00293	0.00420	0.02045	0.00675	0.00591
17	0.01012	0.00712	0.00931	0.03570	0.01206	0.00671	0.00712	0.01200	0.01561	0.04117	0.17904	0.44087	0.11295	0.06209	0.01056	0.00296	0.00442	0.01704	0.00681	0.00631
18	0.02413	0.02263	0.01986	0.01818	0.06054	0.25424	0.01348	0.18978	0.14112	0.08265	0.01893	0.05400	0.01513	0.00928	0.00792	0.00222	0.04286	0.00696	0.00581	0.01030
19	0.01772	0.01901	0.02297	0.01957	0.02050	0.13045	0.04633	0.01957	0.01289	0.01781	0.01005	0.01564	0.00958	0.01160	0.02044	0.00294	0.58533	0.00620	0.00329	0.00811
20	0.01902	0.01251	0.01453	0.01227	0.01509	0.01350	0.00936	0.23431	0.01999	0.09994	0.02073	0.02981	0.01848	0.24810	0.10575	0.00493	0.04191	0.00807	0.06319	0.00849
21	0.01626	0.01346	0.01711	0.17639	0.02522	0.01248	0.01183	0.05091	0.07019	0.05016	0.01508	0.01752	0.01179	0.00647	0.00614	0.00159	0.00656	0.00534	0.00462	0.48088
22	0.01292	0.13370	0.01621	0.01169	0.01350	0.01259	0.02967	0.05220	0.01436	0.01894	0.02661	0.33584	0.03036	0.18807	0.01595	0.00364	0.05850	0.01320	0.00526	0.00678
23	0.02059	0.08387	0.01993	0.01544	0.05255	0.01754	0.01189	0.25927	0.13718	0.05475	0.02069	0.09723	0.01752	0.00951	0.00692	0.00206	0.00667	0.00774	0.00619	0.15246
24	0.01050	0.00740	0.00899	0.00897	0.01082	0.00659	0.00658	0.01287	0.01772	0.05696	0.30474	0.21589	0.27007	0.01757	0.00868	0.00249	0.00383	0.01532	0.00735	0.00667

[dist]
# distance from previous block
# <min> <max>
0	29

[block]
# block no. 1 follows, 28 sequences, length 10
# corresponding to MSA columns:
# 68-77
name=unknown_B
#
# <colnr> <probs for GDERKNQSTAVLIFYWHMCP>
#	G	D	E	R	K	N	Q	S	T	A	V	L	I	F	Y	W	H	M	C	P
0	0.01762	0.01734	0.03091	0.08303	0.56877	0.01736	0.11272	0.02222	0.01652	0.02338	0.01377	0.01830	0.01134	0.00647	0.00739	0.00222	0.00920	0.00677	0.00359	0.01107
1	0.00962	0.00740	0.00879	0.00845	0.01045	0.00658	0.00634	0.01243	0.01901	0.02542	0.45173	0.06043	0.31454	0.01625	0.00858	0.00235	0.00353	0.01401	0.00751	0.00658
2	0.01657	0.18550	0.52950	0.01856	0.02808	0.01904	0.02296	0.02342	0.01552	0.05835	0.01327	0.01508	0.00970	0.00687	0.00646	0.00214	0.00988	0.00516	0.00340	0.01053
3	0.02093	0.02418	0.03011	0.02337	0.02842	0.26530	0.29512	0.05506	0.01833	0.02170	0.01288	0.01653	0.01031	0.00751	0.00953	0.00226	0.10092	0.00662	0.00384	0.04706
4	0.01355	0.00911	0.01291	0.01443	0.06803	0.00878	0.01088	0.01695	0.01832	0.08325	0.24977	0.06297	0.04610	0.01635	0.00910	0.00281	0.00574	0.33624	0.00707	0.00762
5	0.01256	0.00676	0.00988	0.05248	0.01188	0.00693	0.00705	0.01081	0.01062	0.01480	0.01540	0.06535	0.01518	0.02232	0.02363	0.61466	0.00610	0.00723	0.08236	0.00398
6	0.02712	0.01934	0.02104	0.01608	0.02192	0.02090	0.01326	0.58897	0.03202	0.08765	0.01789	0.01777	0.01263	0.00852	0.00715	0.00211	0.00770	0.00645	0.00719	0.06429
7	0.68554	0.01446	0.01198	0.01035	0.01503	0.01646	0.00853	0.07526	0.01467	0.07595	0.01188	0.01308	0.00887	0.00705	0.00490	0.00224	0.00585	0.00436	0.00501	0.00852
8	0.15490	0.14813	0.02054	0.01391	0.01857	0.17457	0.01148	0.22024	0.02159	0.02988	0.01435	0.01577	0.01122	0.00764	0.00590	0.00195	0.00809	0.00525	0.10657	0.00947
9	0.01740	0.01667	0.02844	0.13922	0.60921	0.01712	0.02201	0.02179	0.01627	0.02303	0.01357	0.01818	0.01126	0.00659	0.00721	0.00220	0.00878	0.00647	0.00355	0.01104

[dist]
# distance from previous block
# <min> <max>
0	1

[block]
# block no. 2 follows, 28 sequences, length 51
# corresponding to MSA columns:
# 79-129
name=unknown_C
#
# <colnr> <probs for GDERKNQSTAVLIFYWHMCP>
#	G	D	E	R	K	N	Q	S	T	A	V	L	I	F	Y	W	H	M	C	P
0	0.02010	0.02330	0.01670	0.01562	0.01828	0.41779	0.01178	0.02218	0.01680	0.01730	0.01484	0.02034	0.01339	0.05359	0.27941	0.00583	0.01531	0.00610	0.00383	0.00753
1	0.05191	0.01478	0.01647	0.01289	0.01830	0.01436	0.01034	0.11239	0.18058	0.02842	0.01731	0.01822	0.01358	0.00733	0.00697	0.00172	0.04023	0.00564	0.00542	0.42315
2	0.51084	0.01533	0.01538	0.06288	0.11802	0.04162	0.01138	0.04674	0.01466	0.05186	0.01189	0.01406	0.00922	0.00685	0.00539	0.00218	0.00670	0.00473	0.00450	0.04577
3	0.05899	0.00904	0.01010	0.00966	0.01210	0.00858	0.00718	0.05707	0.04128	0.02352	0.13193	0.22012	0.25616	0.01673	0.00908	0.03967	0.00451	0.01360	0.00649	0.06418
4	0.00913	0.00662	0.00844	0.00977	0.01046	0.00617	0.00665	0.01046	0.01407	0.01844	0.04233	0.56301	0.12153	0.08848	0.01179	0.00329	0.00455	0.05245	0.00653	0.00584
5	0.01943	0.74891	0.03809	0.01244	0.01866	0.02876	0.01244	0.02177	0.01477	0.01710	0.01011	0.01166	0.00933	0.00622	0.00466	0.00155	0.00777	0.00389	0.00311	0.00933
6	0.01373	0.01292	0.02180	0.72707	0.05006	0.01615	0.02019	0.01857	0.01453	0.01857	0.01292	0.01938	0.00969	0.00727	0.00727	0.00242	0.00969	0.00646	0.00323	0.00807
7	0.01057	0.00705	0.00793	0.00793	0.00793	0.00705	0.00440	0.01057	0.01057	0.01409	0.02290	0.04757	0.02643	0.74454	0.03700	0.00705	0.00705	0.01057	0.00440	0.00440
8	0.02012	0.01663	0.01759	0.01521	0.01968	0.01903	0.01200	0.17462	0.54674	0.03370	0.02699	0.02505	0.02009	0.00962	0.00737	0.00240	0.00623	0.00786	0.00737	0.01169
9	0.00884	0.00637	0.00839	0.00999	0.01051	0.00591	0.00669	0.01014	0.01404	0.01861	0.04161	0.70899	0.07789	0.02257	0.00925	0.00293	0.00419	0.02042	0.00675	0.00591
10	0.01156	0.00738	0.00978	0.00987	0.01137	0.00678	0.00713	0.01403	0.01780	0.08139	0.36429	0.33958	0.05573	0.01769	0.00876	0.00256	0.00399	0.01581	0.00756	0.00692
11	0.00876	0.00742	0.00759	0.00768	0.01010	0.00625	0.00585	0.01068	0.01658	0.01975	0.07178	0.07059	0.66159	0.01850	0.00867	0.00250	0.00384	0.04896	0.00675	0.00617
12	0.01613	0.01355	0.01564	0.01127	0.01767	0.01077	0.00905	0.07363	0.01668	0.02555	0.01330	0.01527	0.01090	0.00566	0.00554	0.00117	0.00560	0.00450	0.00456	0.72354
13	0.01044	0.00756	0.01053	0.01053	0.01142	0.00846	0.00764	0.01224	0.01134	0.01602	0.02053	0.03442	0.02072	0.26716	0.50657	0.01025	0.01564	0.00865	0.00405	0.00585
14	0.01355	0.00678	0.00678	0.00678	0.00847	0.00678	0.00508	0.01694	0.01524	0.02710	0.02371	0.02710	0.01863	0.00847	0.00508	0.00169	0.00339	0.00678	0.78489	0.00678
15	0.00886	0.00633	0.00843	0.01012	0.01054	0.00590	0.00675	0.01012	0.01392	0.01856	0.04006	0.73979	0.04808	0.02277	0.00928	0.00295	0.00422	0.02066	0.00675	0.00590
16	0.01865	0.63471	0.14546	0.01377	0.02071	0.02686	0.01475	0.02197	0.01486	0.01805	0.01058	0.01225	0.00931	0.00633	0.00502	0.00167	0.00825	0.00413	0.00310	0.00956
17	0.01313	0.01031	0.01201	0.01135	0.01292	0.03803	0.00834	0.01750	0.11006	0.04081	0.08218	0.03666	0.05680	0.23971	0.23030	0.00658	0.05193	0.00927	0.00515	0.00696
18	0.00878	0.00730	0.00767	0.00772	0.00997	0.00619	0.00574	0.01074	0.01679	0.02051	0.13293	0.11281	0.59117	0.01835	0.00863	0.00247	0.00369	0.01548	0.00687	0.00619
19	0.01752	0.01679	0.02866	0.11950	0.62797	0.01715	0.02208	0.02190	0.01633	0.02318	0.01359	0.01814	0.01131	0.00656	0.00720	0.00219	0.00875	0.00647	0.00356	0.01114
20	0.01263	0.00631	0.00947	0.00947	0.00947	0.00631	0.00631	0.00947	0.00947	0.01263	0.01263	0.02210	0.01263	0.02525	0.02841	0.78851	0.00631	0.00631	0.00316	0.00316
21	0.01943	0.74891	0.03809	0.01244	0.01866	0.02876	0.01244	0.02177	0.01477	0.01710	0.01011	0.01166	0.00933	0.00622	0.00466	0.00155	0.00777	0.00389	0.00311	0.00933
22	0.00973	0.00741	0.00894	0.00856	0.01052	0.00662	0.00642	0.01264	0.01926	0.02602	0.49095	0.05945	0.27495	0.01603	0.00858	0.00234	0.00351	0.01387	0.00759	0.00662
23	0.00916	0.00748	0.00819	0.00851	0.01072	0.00651	0.00661	0.01127	0.01662	0.02027	0.08924	0.10065	0.54093	0.01874	0.00885	0.00261	0.00417	0.11643	0.00679	0.00624
24	0.01041	0.00767	0.01109	0.01109	0.01218	0.00876	0.00835	0.01260	0.01151	0.01644	0.02001	0.03155	0.01947	0.16328	0.60875	0.01095	0.01751	0.00823	0.00397	0.00616
25	0.02569	0.16976	0.02391	0.01754	0.02175	0.58548	0.01374	0.02765	0.01950	0.01766	0.01102	0.01283	0.00936	0.00725	0.00620	0.00181	0.01210	0.00453	0.00363	0.00860
26	0.02834	0.01331	0.01686	0.01317	0.01827	0.01259	0.01078	0.16513	0.02355	0.46941	0.12316	0.02752	0.02417	0.00979	0.00749	0.00224	0.00616	0.00800	0.00849	0.01157
27	0.01421	0.06362	0.50448	0.01911	0.02773	0.01574	0.06714	0.02123	0.01604	0.02327	0.09215	0.04587	0.01847	0.00870	0.00729	0.00233	0.00953	0.02930	0.00392	0.00987
28	0.01669	0.01266	0.01434	0.01264	0.01522	0.03974	0.00970	0.22569	0.01912	0.02594	0.01935	0.02830	0.01770	0.17963	0.29887	0.00699	0.01248	0.00782	0.02910	0.00802
29	0.01687	0.01317	0.01547	0.01116	0.01753	0.01027	0.00897	0.04540	0.01625	0.07506	0.01427	0.01588	0.01137	0.00578	0.00560	0.00121	0.00555	0.00462	0.00477	0.70080
30	0.01350	0.01075	0.01154	0.01196	0.01349	0.08069	0.00891	0.01593	0.03679	0.06569	0.05691	0.37138	0.06382	0.05683	0.01088	0.00303	0.03229	0.12227	0.00639	0.00694
31	0.02824	0.09578	0.01983	0.01356	0.01902	0.01561	0.01137	0.17337	0.06776	0.40864	0.02400	0.02196	0.01611	0.00866	0.00692	0.00215	0.00661	0.00680	0.04185	0.01173
32	0.02770	0.01252	0.01637	0.01233	0.01818	0.01041	0.01010	0.03063	0.01920	0.51375	0.02427	0.02204	0.01597	0.00799	0.00677	0.00192	0.00596	0.00647	0.00768	0.22974
33	0.01507	0.01292	0.01507	0.01077	0.01723	0.00969	0.00861	0.01830	0.01507	0.02369	0.01292	0.01507	0.01077	0.00538	0.00538	0.00108	0.00538	0.00431	0.00431	0.78898
34	0.01943	0.74891	0.03809	0.01244	0.01866	0.02876	0.01244	0.02177	0.01477	0.01710	0.01011	0.01166	0.00933	0.00622	0.00466	0.00155	0.00777	0.00389	0.00311	0.00933
35	0.01002	0.00733	0.00886	0.00853	0.01000	0.00676	0.00605	0.01237	0.01757	0.02394	0.42398	0.05587	0.18230	0.17774	0.01489	0.00338	0.00428	0.01300	0.00696	0.00617
36	0.00894	0.00742	0.00786	0.00788	0.01021	0.00633	0.00600	0.01104	0.01702	0.02080	0.14073	0.06886	0.59198	0.01810	0.00867	0.00248	0.00381	0.04872	0.00689	0.00625
37	0.01057	0.00705	0.00793	0.00793	0.00793	0.00705	0.00440	0.01057	0.01057	0.01409	0.02290	0.04757	0.02643	0.74454	0.03700	0.00705	0.00705	0.01057	0.00440	0.00440
38	0.76244	0.01398	0.01095	0.00971	0.01425	0.01606	0.00800	0.02198	0.01274	0.06204	0.01093	0.01238	0.00832	0.00685	0.00462	0.00225	0.00565	0.00408	0.00470	0.00807
39	0.01744	0.01318	0.01552	0.01131	0.01759	0.01047	0.00909	0.04131	0.03782	0.09751	0.01528	0.01657	0.01196	0.00602	0.00571	0.00128	0.00556	0.00482	0.00500	0.65654
40	0.03899	0.23740	0.49783	0.01806	0.02734	0.02021	0.02223	0.02262	0.01510	0.02163	0.01213	0.01420	0.00920	0.00671	0.00620	0.00209	0.00975	0.00491	0.00312	0.01026
41	0.01943	0.74891	0.03809	0.01244	0.01866	0.02876	0.01244	0.02177	0.01477	0.01710	0.01011	0.01166	0.00933	0.00622	0.00466	0.00155	0.00777	0.00389	0.00311	0.00933
42	0.01517	0.12349	0.62612	0.01972	0.02991	0.01832	0.02512	0.02287	0.01528	0.02231	0.01269	0.01490	0.00922	0.00682	0.00664	0.00221	0.01038	0.00519	0.00307	0.01057
43	0.05043	0.21862	0.02559	0.04393	0.07572	0.21811	0.01411	0.10638	0.05800	0.04892	0.01353	0.01530	0.01095	0.00778	0.00752	0.00203	0.06371	0.00531	0.00438	0.00967
44	0.01057	0.00705	0.00793	0.00793	0.00793	0.00705	0.00440	0.01057	0.01057	0.01409	0.02290	0.04757	0.02643	0.74454	0.03700	0.00705	0.00705	0.01057	0.00440	0.00440
45	0.01454	0.01404	0.02196	0.12209	0.02441	0.01754	0.09313	0.01745	0.01377	0.01972	0.06818	0.06079	0.01940	0.01252	0.01635	0.00292	0.37646	0.07271	0.00414	0.00788
46	0.01510	0.01319	0.01649	0.04309	0.01951	0.01032	0.03585	0.01852	0.01513	0.02345	0.01299	0.01545	0.01073	0.00550	0.00559	0.00119	0.00585	0.00457	0.00423	0.72325
47	0.01096	0.00709	0.00843	0.00853	0.00910	0.00730	0.00551	0.01211	0.01181	0.01719	0.02347	0.08254	0.02486	0.44475	0.15232	0.00668	0.00847	0.01000	0.14358	0.00530
48	0.01716	0.01456	0.01938	0.11486	0.07025	0.01751	0.01420	0.17374	0.01811	0.02520	0.01906	0.08236	0.04734	0.03849	0.03955	0.00311	0.23927	0.00827	0.02878	0.00880
49	0.07595	0.04039	0.01480	0.01237	0.01588	0.03782	0.00999	0.12292	0.04125	0.16478	0.14016	0.12015	0.03136	0.01280	0.00771	0.00242	0.00598	0.09740	0.03682	0.00905
50	0.04165	0.01301	0.03991	0.04660	0.08458	0.01281	0.01143	0.07685	0.17147	0.02617	0.09059	0.14772	0.12873	0.01309	0.00785	0.00244	0.00585	0.03529	0.00628	0.03769

[dist]
# distance from previous block
# <min> <max>
3	12

[block]
# block no. 3 follows, 28 sequences, length 76
# corresponding to MSA columns:
# 142-217
name=unknown_D
#
# <colnr> <probs for GDERKNQSTAVLIFYWHMCP>
#	G	D	E	R	K	N	Q	S	T	A	V	L	I	F	Y	W	H	M	C	P
0	0.01593	0.01403	0.01408	0.01393	0.05143	0.12015	0.00972	0.06397	0.03615	0.05171	0.06279	0.29276	0.04880	0.03588	0.00861	0.00241	0.00645	0.01200	0.00587	0.13333
1	0.01687	0.04031	0.06806	0.07132	0.36451	0.05613	0.04335	0.04238	0.01696	0.02315	0.01959	0.06136	0.04405	0.00904	0.00738	0.00227	0.00836	0.05262	0.04238	0.00990
2	0.02529	0.02931	0.02261	0.02391	0.16417	0.48695	0.01575	0.10430	0.02136	0.02236	0.01248	0.01465	0.01017	0.00742	0.00677	0.00197	0.01157	0.00528	0.00413	0.00954
3	0.05141	0.01396	0.01451	0.01206	0.01609	0.06158	0.00947	0.17564	0.02079	0.14422	0.04205	0.08884	0.03968	0.03895	0.00794	0.00223	0.00620	0.00809	0.13899	0.10730
4	0.00898	0.00638	0.00840	0.00997	0.01036	0.00598	0.00658	0.01015	0.01368	0.01824	0.03886	0.69118	0.04656	0.07346	0.01122	0.00324	0.00442	0.01996	0.00658	0.00580
5	0.06343	0.05481	0.01990	0.04274	0.02141	0.09581	0.01271	0.32051	0.14453	0.08055	0.02001	0.05710	0.01560	0.00928	0.00706	0.00223	0.00777	0.00718	0.00650	0.01089
6	0.01894	0.51823	0.16331	0.01512	0.02200	0.07407	0.03721	0.02305	0.03486	0.01887	0.01146	0.01317	0.00974	0.00654	0.00543	0.00178	0.00880	0.00451	0.00329	0.00961
7	0.01263	0.00631	0.00947	0.00947	0.00947	0.00631	0.00631	0.00947	0.00947	0.01263	0.01263	0.02210	0.01263	0.02525	0.02841	0.78851	0.00631	0.00631	0.00316	0.00316
8	0.02595	0.14680	0.02341	0.01765	0.02187	0.57809	0.01378	0.05481	0.02025	0.01885	0.01132	0.01306	0.00948	0.00734	0.00629	0.00184	0.01205	0.00463	0.00379	0.00873
9	0.02248	0.02214	0.01877	0.01622	0.01964	0.27147	0.01277	0.21783	0.02186	0.02666	0.01509	0.01813	0.01232	0.01592	0.12041	0.00364	0.08986	0.00606	0.05962	0.00913
10	0.01638	0.01820	0.09429	0.23516	0.39534	0.01701	0.07565	0.02140	0.01591	0.02217	0.01348	0.01826	0.01073	0.00671	0.00730	0.00227	0.00944	0.00654	0.00345	0.01032
11	0.01943	0.74891	0.03809	0.01244	0.01866	0.02876	0.01244	0.02177	0.01477	0.01710	0.01011	0.01166	0.00933	0.00622	0.00466	0.00155	0.00777	0.00389	0.00311	0.00933
12	0.01721	0.01418	0.01622	0.01178	0.01813	0.01187	0.00950	0.12985	0.01832	0.02744	0.01369	0.01548	0.01104	0.00595	0.00570	0.00126	0.00583	0.00469	0.00481	0.65705
13	0.02179	0.01627	0.01813	0.01620	0.04773	0.01807	0.01233	0.16842	0.44407	0.11460	0.02632	0.02447	0.01922	0.00938	0.00735	0.00237	0.00639	0.00769	0.00741	0.01179
14	0.03903	0.01351	0.02220	0.47392	0.08725	0.01563	0.07695	0.05196	0.01588	0.02190	0.01505	0.04218	0.01199	0.00775	0.00717	0.00234	0.00892	0.00705	0.07081	0.00850
15	0.00886	0.00633	0.00843	0.01012	0.01054	0.00590	0.00675	0.01012	0.01392	0.01856	0.04006	0.73979	0.04808	0.02277	0.00928	0.00295	0.00422	0.02066	0.00675	0.00590
16	0.01032	0.00747	0.00964	0.01071	0.01143	0.00757	0.00764	0.01256	0.03969	0.01922	0.03532	0.47318	0.04063	0.11156	0.01322	0.00346	0.03499	0.10548	0.03976	0.00616
17	0.02123	0.01303	0.01530	0.01295	0.01698	0.01339	0.01024	0.14688	0.18356	0.21460	0.14298	0.09557	0.05756	0.01179	0.00777	0.00237	0.00566	0.00992	0.00783	0.01038
18	0.00896	0.00644	0.00833	0.00979	0.01031	0.00600	0.00650	0.01017	0.01386	0.01831	0.04106	0.64727	0.08905	0.07317	0.01118	0.00321	0.00438	0.01961	0.00658	0.00581
19	0.00890	0.00734	0.00782	0.00778	0.01003	0.00626	0.00581	0.01100	0.01717	0.02128	0.18215	0.09296	0.56046	0.01795	0.00861	0.00244	0.00366	0.01516	0.00697	0.00626
20	0.01474	0.01647	0.06694	0.02441	0.06269	0.01475	0.38984	0.01926	0.01594	0.02184	0.03839	0.19112	0.02128	0.01113	0.00963	0.02539	0.03189	0.01116	0.00445	0.00869
21	0.14825	0.02480	0.31927	0.01975	0.02727	0.01592	0.18159	0.02208	0.01505	0.05227	0.01453	0.01888	0.01131	0.05748	0.03856	0.00303	0.01018	0.00645	0.00383	0.00949
22	0.00893	0.00636	0.00841	0.01003	0.01044	0.00595	0.00665	0.01014	0.01378	0.01837	0.03935	0.71118	0.04718	0.05261	0.01042	0.00312	0.00433	0.02025	0.00665	0.00584
23	0.01373	0.01292	0.02180	0.72707	0.05006	0.01615	0.02019	0.01857	0.01453	0.01857	0.01292	0.01938	0.00969	0.00727	0.00727	0.00242	0.00969	0.00646	0.00323	0.00807
24	0.01900	0.58046	0.16825	0.01408	0.02116	0.02572	0.01519	0.02255	0.01512	0.04543	0.01142	0.01290	0.00965	0.00646	0.00521	0.00173	0.00829	0.00431	0.00333	0.00973
25	0.01510	0.01570	0.05666	0.12767	0.04916	0.03181	0.30026	0.01948	0.01600	0.04804	0.02190	0.22098	0.02137	0.01115	0.00837	0.00255	0.00924	0.01130	0.00465	0.00861
26	0.01038	0.00779	0.01168	0.01168	0.01298	0.00909	0.00909	0.01298	0.01168	0.01687	0.01947	0.02856	0.01817	0.05452	0.71573	0.01168	0.01947	0.00779	0.00389	0.00649
27	0.01311	0.01011	0.01382	0.01565	0.09968	0.01011	0.01086	0.06242	0.04804	0.02683	0.29943	0.10360	0.04639	0.01522	0.00873	0.00262	0.00549	0.19308	0.00691	0.00791
28	0.02689	0.05019	0.01786	0.01348	0.01833	0.04372	0.01097	0.17077	0.02268	0.38697	0.06122	0.10070	0.02190	0.01053	0.00742	0.00226	0.00660	0.00861	0.00781	0.01106
29	0.01039	0.00776	0.01153	0.01153	0.01278	0.00901	0.00890	0.01289	0.01164	0.01676	0.01961	0.02931	0.01850	0.08178	0.68892	0.01150	0.01898	0.00790	0.00391	0.00641
30	0.01716	0.01961	0.04289	0.03064	0.03799	0.01838	0.67279	0.02328	0.01716	0.02328	0.01471	0.01961	0.01103	0.00613	0.00858	0.00245	0.01225	0.00858	0.00368	0.00980
31	0.01625	0.01428	0.02400	0.35666	0.32187	0.01571	0.01972	0.02023	0.01530	0.04903	0.01388	0.01920	0.01102	0.00827	0.00872	0.05751	0.00886	0.00649	0.00362	0.00937
32	0.01744	0.01667	0.02851	0.17224	0.51967	0.01728	0.05621	0.04233	0.01676	0.02344	0.01370	0.01832	0.01117	0.00668	0.00729	0.00223	0.00901	0.00659	0.00365	0.01080
33	0.01347	0.01233	0.02049	0.66051	0.04632	0.01524	0.01887	0.01807	0.01453	0.01893	0.01475	0.05641	0.01202	0.00811	0.00728	0.00242	0.00915	0.00720	0.03600	0.00791
34	0.01113	0.00764	0.00986	0.00918	0.01112	0.00697	0.00693	0.01442	0.02030	0.05748	0.62293	0.05413	0.11062	0.01486	0.00852	0.00230	0.00357	0.01305	0.00796	0.00704
35	0.58590	0.01941	0.17117	0.01226	0.01824	0.01622	0.01235	0.02230	0.01339	0.05694	0.01153	0.01313	0.00858	0.00687	0.00516	0.00226	0.00682	0.00440	0.00435	0.00871
36	0.04578	0.11747	0.45423	0.02149	0.03070	0.01861	0.16662	0.02287	0.01556	0.02274	0.01295	0.01571	0.00957	0.00665	0.00691	0.00224	0.01053	0.00585	0.00326	0.01026
37	0.01029	0.00743	0.00972	0.00914	0.01086	0.00686	0.00686	0.01372	0.02058	0.02915	0.69536	0.05430	0.06859	0.01486	0.00857	0.00229	0.00343	0.01315	0.00800	0.00686
38	0.01932	0.71175	0.03834	0.01337	0.01964	0.02823	0.04609	0.02184	0.01489	0.01742	0.01034	0.01207	0.00942	0.00621	0.00486	0.00160	0.00800	0.00413	0.00314	0.00935
39	0.01943	0.74891	0.03809	0.01244	0.01866	0.02876	0.01244	0.02177	0.01477	0.01710	0.01011	0.01166	0.00933	0.00622	0.00466	0.00155	0.00777	0.00389	0.00311	0.00933
40	0.01894	0.54633	0.19365	0.01440	0.02165	0.02510	0.01573	0.02273	0.01520	0.05209	0.01170	0.01316	0.00972	0.00652	0.00532	0.00176	0.00839	0.00440	0.00339	0.00981
41	0.01373	0.01292	0.02180	0.72707	0.05006	0.01615	0.02019	0.01857	0.01453	0.01857	0.01292	0.01938	0.00969	0.00727	0.00727	0.00242	0.00969	0.00646	0.00323	0.00807
42	0.00927	0.00665	0.00881	0.00984	0.01064	0.00618	0.00678	0.01117	0.01586	0.02164	0.23079	0.54028	0.05405	0.02047	0.00907	0.00276	0.00399	0.01848	0.00711	0.00618
43	0.01845	0.01800	0.02812	0.04117	0.61646	0.05147	0.02112	0.02383	0.06560	0.02394	0.01471	0.01842	0.01219	0.00677	0.00718	0.00217	0.00864	0.00652	0.00388	0.01136
44	0.01057	0.00705	0.00793	0.00793	0.00793	0.00705	0.00440	0.01057	0.01057	0.01409	0.02290	0.04757	0.02643	0.74454	0.03700	0.00705	0.00705	0.01057	0.00440	0.00440
45	0.01458	0.03760	0.70688	0.02072	0.03146	0.01688	0.02686	0.02302	0.01535	0.02302	0.01304	0.01535	0.00921	0.00691	0.00691	0.00230	0.01074	0.00537	0.00307	0.01074
46	0.00882	0.00731	0.00774	0.00794	0.01015	0.00624	0.00595	0.01073	0.01650	0.02002	0.09510	0.13117	0.58333	0.01873	0.00871	0.00253	0.00385	0.04221	0.00680	0.00617
47	0.06752	0.01911	0.02021	0.01567	0.02114	0.02115	0.01291	0.59580	0.03174	0.04385	0.01748	0.01780	0.01255	0.00860	0.00698	0.00215	0.00756	0.00642	0.05962	0.01175
48	0.01808	0.01561	0.01644	0.01479	0.01890	0.01808	0.01151	0.03863	0.68606	0.03041	0.02959	0.02712	0.02219	0.00986	0.00740	0.00247	0.00575	0.00822	0.00740	0.01151
49	0.00964	0.00750	0.00890	0.00938	0.01131	0.00676	0.00734	0.01204	0.01700	0.02163	0.16731	0.14365	0.36480	0.01868	0.00900	0.00269	0.00440	0.16466	0.00695	0.00636
50	0.01048	0.00692	0.00901	0.00982	0.01091	0.00638	0.00686	0.01235	0.01579	0.05594	0.17227	0.50881	0.08423	0.01982	0.00887	0.00272	0.00411	0.01778	0.03046	0.00646
51	0.02476	0.01750	0.01907	0.01517	0.02010	0.01916	0.01220	0.44251	0.14134	0.09975	0.02108	0.02276	0.01595	0.08243	0.01026	0.00272	0.00736	0.00730	0.00716	0.01142
52	0.01425	0.01346	0.02275	0.64287	0.13015	0.01629	0.02045	0.01903	0.01478	0.01921	0.01301	0.01921	0.00991	0.00717	0.00726	0.00239	0.00956	0.00646	0.00328	0.00850
53	0.01516	0.03415	0.59181	0.02478	0.14489	0.01695	0.02608	0.02290	0.01555	0.02314	0.01315	0.01580	0.00960	0.00683	0.00696	0.00228	0.01038	0.00556	0.00316	0.01087
54	0.79588	0.01406	0.01068	0.00956	0.01406	0.01631	0.00787	0.02137	0.01237	0.03261	0.01012	0.01181	0.00787	0.00675	0.00450	0.00225	0.00562	0.00394	0.00450	0.00787
55	0.00862	0.00727	0.00747	0.00763	0.00989	0.00611	0.00564	0.01040	0.01632	0.01953	0.07045	0.13357	0.63469	0.01882	0.00866	0.00250	0.00373	0.01585	0.00675	0.00611
56	0.01458	0.03760	0.70688	0.02072	0.03146	0.01688	0.02686	0.02302	0.01535	0.02302	0.01304	0.01535	0.00921	0.00691	0.00691	0.00230	0.01074	0.00537	0.00307	0.01074
57	0.01171	0.00837	0.01171	0.01339	0.01506	0.00837	0.01171	0.01506	0.01673	0.02175	0.03849	0.08199	0.04183	0.02008	0.01004	0.00335	0.00669	0.65027	0.00669	0.00669
58	0.01824	0.01593	0.02499	0.01975	0.02327	0.01817	0.17866	0.14771	0.01774	0.05796	0.01529	0.02007	0.01259	0.01838	0.15299	0.00444	0.23281	0.00728	0.00453	0.00921
59	0.01079	0.00783	0.01035	0.01170	0.01300	0.00771	0.00932	0.01374	0.03736	0.02040	0.03962	0.27815	0.07996	0.07135	0.01153	0.00341	0.00576	0.35504	0.00658	0.00642
60	0.05181	0.01880	0.02029	0.01581	0.02129	0.02063	0.01298	0.54421	0.07307	0.08689	0.04673	0.01988	0.01553	0.00900	0.00724	0.00221	0.00747	0.00689	0.00733	0.01193
61	0.02650	0.01941	0.02089	0.01625	0.02176	0.02143	0.01344	0.62555	0.03282	0.04419	0.01854	0.02046	0.01380	0.00919	0.00731	0.00221	0.00779	0.03339	0.03312	0.01194
62	0.58469	0.01696	0.01233	0.01105	0.01527	0.12646	0.00884	0.04371	0.01469	0.02996	0.01362	0.01514	0.03592	0.00746	0.00510	0.00217	0.00672	0.00471	0.03720	0.00800
63	0.01614	0.00963	0.01134	0.01012	0.01281	0.03567	0.00768	0.01875	0.01895	0.19170	0.32692	0.07680	0.14854	0.06969	0.01038	0.00268	0.00484	0.01185	0.00755	0.00793
64	0.01726	0.43024	0.33771	0.01615	0.02439	0.02344	0.01890	0.02233	0.01503	0.01975	0.01142	0.01331	0.00927	0.00653	0.00567	0.00189	0.00910	0.00455	0.00309	0.00996
65	0.01799	0.01727	0.02950	0.04462	0.69919	0.01727	0.02231	0.02231	0.01655	0.02375	0.01367	0.01799	0.01151	0.00648	0.00720	0.00216	0.00864	0.00648	0.00360	0.01151
66	0.01568	0.01278	0.01497	0.01103	0.01704	0.01001	0.00877	0.04570	0.01596	0.04331	0.01534	0.06331	0.01350	0.00677	0.00577	0.00128	0.00544	0.00556	0.00472	0.68306
67	0.01561	0.03554	0.64319	0.02075	0.03108	0.01663	0.05378	0.02366	0.01570	0.05774	0.01391	0.01601	0.00973	0.00698	0.00700	0.00231	0.01058	0.00561	0.00340	0.01079
68	0.01458	0.03760	0.70688	0.02072	0.03146	0.01688	0.02686	0.02302	0.01535	0.02302	0.01304	0.01535	0.00921	0.00691	0.00691	0.00230	0.01074	0.00537	0.00307	0.01074
69	0.01029	0.00743	0.00972	0.00914	0.01086	0.00686	0.00686	0.01372	0.02058	0.02915	0.69536	0.05430	0.06859	0.01486	0.00857	0.00229	0.00343	0.01315	0.00800	0.00686
70	0.01776	0.01704	0.02910	0.08089	0.66469	0.01721	0.02220	0.02211	0.01644	0.02347	0.01363	0.01806	0.01142	0.00652	0.00720	0.00217	0.00869	0.00648	0.00358	0.01133
71	0.01043	0.00707	0.00789	0.00789	0.00806	0.00698	0.00448	0.01056	0.01099	0.01448	0.02647	0.04914	0.07347	0.69355	0.03500	0.00672	0.00681	0.01091	0.00457	0.00453
72	0.03212	0.01316	0.01736	0.01331	0.01895	0.01185	0.01099	0.09834	0.02212	0.63945	0.02757	0.02402	0.01744	0.00897	0.00731	0.00224	0.00636	0.00723	0.00883	0.01237
73	0.01017	0.00743	0.00955	0.00902	0.01079	0.00681	0.00676	0.01349	0.02029	0.02848	0.65170	0.05540	0.11266	0.01511	0.00857	0.00230	0.00345	0.01330	0.00791	0.00681
74	0.01507	0.01292	0.01507	0.01077	0.01723	0.00969	0.00861	0.01830	0.01507	0.02369	0.01292	0.01507	0.01077	0.00538	0.00538	0.00108	0.00538	0.00431	0.00431	0.78898
75	0.00884	0.00638	0.00838	0.00999	0.01051	0.00592	0.00669	0.01014	0.01405	0.01861	0.04171	0.70703	0.07978	0.02256	0.00924	0.00293	0.00419	0.02040	0.00675	0.00592

[dist]
# distance from previous block
# <min> <max>
0	1

[block]
# block no. 4 follows, 28 sequences, length 34
# corresponding to MSA columns:
# 219-252
name=unknown_E
#
# <colnr> <probs for GDERKNQSTAVLIFYWHMCP>
#	G	D	E	R	K	N	Q	S	T	A	V	L	I	F	Y	W	H	M	C	P
0	0.01066	0.00785	0.01025	0.01139	0.01265	0.00778	0.00866	0.01443	0.07226	0.02175	0.11503	0.40169	0.04640	0.01995	0.00927	0.00295	0.00500	0.20837	0.00693	0.00673
1	0.08508	0.68678	0.03577	0.01219	0.01827	0.02771	0.01205	0.02173	0.01457	0.01841	0.01011	0.01167	0.00921	0.00626	0.00465	0.00161	0.00759	0.00389	0.00323	0.00921
2	0.01158	0.00861	0.01128	0.01253	0.01430	0.00865	0.01047	0.01596	0.07269	0.02186	0.04109	0.16537	0.09942	0.01944	0.00959	0.00314	0.00601	0.45431	0.00677	0.00694
3	0.02416	0.24233	0.02666	0.01882	0.07846	0.37290	0.01424	0.10174	0.02012	0.02136	0.01183	0.01360	0.00988	0.00717	0.00613	0.00184	0.01056	0.00482	0.00396	0.00941
4	0.00864	0.00718	0.00756	0.00786	0.00995	0.00609	0.00574	0.01038	0.01609	0.01944	0.06764	0.18961	0.58046	0.01919	0.00871	0.00254	0.00378	0.01629	0.00675	0.00609
5	0.02650	0.09492	0.02208	0.01820	0.02215	0.65741	0.01391	0.02841	0.02011	0.01773	0.01114	0.01299	0.00936	0.00738	0.00639	0.00185	0.01266	0.00461	0.00369	0.00850
6	0.01841	0.01766	0.02818	0.09999	0.58879	0.04186	0.02144	0.05304	0.01736	0.02414	0.01370	0.01791	0.01132	0.00669	0.00718	0.00217	0.00885	0.00642	0.00375	0.01116
7	0.01113	0.00805	0.01098	0.01251	0.01411	0.00790	0.01063	0.01411	0.01640	0.02121	0.04164	0.15517	0.09787	0.02024	0.00983	0.00323	0.00616	0.52557	0.00670	0.00656
8	0.01019	0.00747	0.00958	0.00916	0.01095	0.00686	0.00695	0.01347	0.02003	0.02794	0.60867	0.05697	0.12592	0.01542	0.00864	0.00235	0.00360	0.04122	0.00783	0.00678
9	0.01696	0.01124	0.01377	0.01149	0.01495	0.01083	0.00897	0.06525	0.04977	0.14377	0.18152	0.06163	0.08661	0.06997	0.01108	0.00253	0.06225	0.00944	0.00655	0.16141
10	0.60783	0.01304	0.01117	0.00979	0.01411	0.01450	0.00800	0.02255	0.01403	0.11938	0.04345	0.01641	0.01259	0.00751	0.00508	0.00221	0.00544	0.00498	0.05957	0.00834
11	0.01726	0.01035	0.01073	0.00939	0.01217	0.01092	0.00738	0.19011	0.02023	0.03202	0.02207	0.02456	0.01698	0.00854	0.00566	0.00182	0.00460	0.00671	0.58024	0.00825
12	0.01706	0.01472	0.01606	0.01224	0.01814	0.03484	0.00974	0.07780	0.13672	0.02657	0.01623	0.01736	0.01290	0.00653	0.00594	0.00144	0.00592	0.00521	0.00509	0.55948
13	0.01263	0.00631	0.00947	0.00947	0.00947	0.00631	0.00631	0.00947	0.00947	0.01263	0.01263	0.02210	0.01263	0.02525	0.02841	0.78851	0.00631	0.00631	0.00316	0.00316
14	0.01441	0.01356	0.02254	0.54344	0.17378	0.01578	0.01967	0.01899	0.01502	0.01979	0.01531	0.02083	0.03548	0.00746	0.00724	0.00233	0.00912	0.00672	0.00347	0.03506
15	0.08178	0.01626	0.02400	0.01966	0.02171	0.04449	0.13874	0.01885	0.01278	0.01981	0.01169	0.01751	0.01060	0.01524	0.09247	0.00382	0.43230	0.00667	0.00348	0.00816
16	0.01690	0.01760	0.07366	0.01986	0.04512	0.01458	0.23985	0.08656	0.01775	0.02557	0.01493	0.04124	0.01218	0.00670	0.00696	0.00184	0.00844	0.00669	0.00436	0.33920
17	0.01698	0.01904	0.04054	0.02896	0.03624	0.01765	0.61674	0.02286	0.01698	0.02332	0.01456	0.01923	0.01101	0.00606	0.00831	0.00234	0.01168	0.00822	0.00373	0.07556
18	0.01783	0.01710	0.02921	0.07075	0.67434	0.01723	0.02223	0.02217	0.01647	0.02355	0.01364	0.01804	0.01144	0.00651	0.00720	0.00217	0.00868	0.00648	0.00358	0.01138
19	0.00859	0.00736	0.00736	0.00736	0.00982	0.00614	0.00552	0.01043	0.01657	0.01964	0.07364	0.06996	0.69624	0.01841	0.00859	0.00245	0.00368	0.01534	0.00675	0.00614
20	0.01124	0.00862	0.01260	0.04283	0.01484	0.01014	0.00972	0.03307	0.01241	0.01771	0.01895	0.02828	0.01772	0.08145	0.60952	0.01050	0.04196	0.00777	0.00397	0.00669
21	0.00886	0.00633	0.00843	0.01012	0.01054	0.00590	0.00675	0.01012	0.01392	0.01856	0.04006	0.73979	0.04808	0.02277	0.00928	0.00295	0.00422	0.02066	0.00675	0.00590
22	0.01716	0.01961	0.04289	0.03064	0.03799	0.01838	0.67279	0.02328	0.01716	0.02328	0.01471	0.01961	0.01103	0.00613	0.00858	0.00245	0.01225	0.00858	0.00368	0.00980
23	0.01029	0.00743	0.00972	0.00914	0.01086	0.00686	0.00686	0.01372	0.02058	0.02915	0.69536	0.05430	0.06859	0.01486	0.00857	0.00229	0.00343	0.01315	0.00800	0.00686
24	0.00945	0.00839	0.03252	0.00863	0.01099	0.00677	0.00682	0.01209	0.01792	0.02330	0.30473	0.09297	0.40566	0.01687	0.00856	0.00241	0.00386	0.01441	0.00710	0.00656
25	0.01041	0.00767	0.01108	0.01108	0.01217	0.00876	0.00834	0.01260	0.01150	0.01643	0.02002	0.03159	0.01949	0.16475	0.60730	0.01094	0.01749	0.00823	0.00398	0.00616
26	0.01507	0.01292	0.01507	0.01077	0.01723	0.00969	0.00861	0.01830	0.01507	0.02369	0.01292	0.01507	0.01077	0.00538	0.00538	0.00108	0.00538	0.00431	0.00431	0.78898
27	0.00987	0.00741	0.00914	0.00870	0.01060	0.00668	0.00653	0.01291	0.01959	0.02680	0.54173	0.05817	0.22368	0.01574	0.00858	0.00233	0.00349	0.01369	0.00769	0.00668
28	0.46851	0.01428	0.05641	0.01075	0.01468	0.03450	0.00914	0.03601	0.01500	0.02956	0.13364	0.10870	0.02362	0.01021	0.00608	0.00233	0.00569	0.00777	0.00534	0.00778
29	0.08092	0.01410	0.02278	0.49650	0.20863	0.01644	0.01967	0.01974	0.01485	0.02105	0.01287	0.01839	0.00999	0.00703	0.00702	0.00234	0.00908	0.00625	0.00343	0.00891
30	0.01799	0.01727	0.02950	0.04462	0.69919	0.01727	0.02231	0.02231	0.01655	0.02375	0.01367	0.01799	0.01151	0.00648	0.00720	0.00216	0.00864	0.00648	0.00360	0.01151
31	0.01073	0.00838	0.01192	0.01166	0.01282	0.00980	0.00899	0.01296	0.01192	0.01691	0.02312	0.03230	0.07064	0.10654	0.54521	0.00986	0.07726	0.00849	0.00410	0.00641
32	0.01770	0.01707	0.13099	0.01479	0.01972	0.01399	0.04408	0.13969	0.12447	0.09230	0.24477	0.03360	0.03336	0.01089	0.00781	0.00234	0.00659	0.02921	0.00680	0.00984
33	0.02568	0.02028	0.02042	0.01626	0.02162	0.07959	0.01318	0.47056	0.14522	0.05928	0.01922	0.01890	0.01393	0.00872	0.00717	0.00217	0.00791	0.00663	0.00695	0.03630

[dist]
# distance from previous block
# <min> <max>
0	1

[block]
# block no. 5 follows, 28 sequences, length 169
# corresponding to MSA columns:
# 254-376,379-388,391-426
name=unknown_F
#
# <colnr> <probs for GDERKNQSTAVLIFYWHMCP>
#	G	D	E	R	K	N	Q	S	T	A	V	L	I	F	Y	W	H	M	C	P
0	0.01581	0.01298	0.01518	0.01097	0.01733	0.00999	0.00878	0.01956	0.03611	0.04881	0.01401	0.01580	0.01139	0.00565	0.00552	0.00116	0.00542	0.00454	0.00457	0.73640
1	0.02562	0.01906	0.02061	0.01585	0.02154	0.02057	0.01301	0.58095	0.03141	0.04247	0.01779	0.04329	0.01348	0.00888	0.00714	0.00209	0.00758	0.00682	0.00694	0.09490
2	0.03075	0.01251	0.01665	0.01293	0.01830	0.01116	0.01062	0.05744	0.04405	0.62169	0.06359	0.02612	0.02061	0.00933	0.00738	0.00226	0.00609	0.00762	0.00883	0.01205
3	0.01507	0.01292	0.01507	0.01077	0.01723	0.00969	0.00861	0.01830	0.01507	0.02369	0.01292	0.01507	0.01077	0.00538	0.00538	0.00108	0.00538	0.00431	0.00431	0.78898
4	0.01384	0.01308	0.02183	0.68966	0.04843	0.01647	0.01996	0.01852	0.01436	0.01852	0.01274	0.01920	0.00968	0.00756	0.00814	0.00246	0.04782	0.00645	0.00323	0.00807
5	0.00886	0.00633	0.00843	0.01012	0.01054	0.00590	0.00675	0.01012	0.01392	0.01856	0.04006	0.73979	0.04808	0.02277	0.00928	0.00295	0.00422	0.02066	0.00675	0.00590
6	0.01782	0.01710	0.02920	0.07129	0.67382	0.01723	0.02223	0.02216	0.01647	0.02355	0.01364	0.01805	0.01144	0.00651	0.00720	0.00217	0.00868	0.00648	0.00358	0.01138
7	0.00886	0.00633	0.00843	0.01012	0.01054	0.00590	0.00675	0.01012	0.01392	0.01856	0.04006	0.73979	0.04808	0.02277	0.00928	0.00295	0.00422	0.02066	0.00675	0.00590
8	0.01045	0.00759	0.00994	0.00979	0.01154	0.00708	0.00764	0.01378	0.01969	0.02734	0.54689	0.05999	0.09757	0.01597	0.00883	0.00248	0.00401	0.12492	0.00771	0.00679
9	0.02786	0.02000	0.02159	0.01656	0.02236	0.02201	0.01368	0.64636	0.03358	0.07525	0.01795	0.01778	0.01261	0.00874	0.00727	0.00218	0.00792	0.00658	0.00735	0.01236
10	0.02254	0.01769	0.01893	0.01564	0.02050	0.01998	0.01257	0.35256	0.34045	0.03756	0.02324	0.02239	0.01719	0.01083	0.03160	0.00264	0.00733	0.00738	0.00721	0.01176
11	0.02076	0.01532	0.01730	0.01328	0.01893	0.01480	0.01075	0.24586	0.08292	0.08900	0.01942	0.01996	0.03444	0.00933	0.03081	0.00209	0.00681	0.00614	0.00606	0.33603
12	0.01670	0.20789	0.50905	0.01831	0.02769	0.01942	0.02252	0.02337	0.01550	0.05759	0.01316	0.01495	0.00970	0.00685	0.00639	0.00212	0.00979	0.00512	0.00339	0.01049
13	0.00886	0.00633	0.00843	0.01012	0.01054	0.00590	0.00675	0.01012	0.01392	0.01856	0.04006	0.73979	0.04808	0.02277	0.00928	0.00295	0.00422	0.02066	0.00675	0.00590
14	0.01681	0.01607	0.02737	0.23374	0.51931	0.01696	0.02172	0.02127	0.01599	0.02231	0.01346	0.01838	0.01101	0.00670	0.00722	0.00223	0.00893	0.00647	0.00350	0.01056
15	0.02805	0.01482	0.01784	0.01404	0.01930	0.01483	0.01147	0.22472	0.10202	0.38801	0.06700	0.02469	0.01996	0.00938	0.00739	0.00226	0.00650	0.00755	0.00824	0.01192
16	0.00920	0.00660	0.00864	0.00976	0.01049	0.00614	0.00665	0.01087	0.01521	0.02054	0.17143	0.55760	0.07093	0.04713	0.01012	0.00295	0.00415	0.01864	0.00691	0.00605
17	0.01040	0.00702	0.00818	0.00833	0.00844	0.00705	0.00487	0.01066	0.01094	0.01465	0.02430	0.11022	0.02798	0.64113	0.07086	0.00692	0.00745	0.01135	0.00459	0.00465
18	0.02692	0.01997	0.02142	0.01647	0.02225	0.02199	0.01358	0.63317	0.05528	0.04460	0.01771	0.01770	0.01264	0.00866	0.00722	0.00216	0.00784	0.00653	0.00718	0.03670
19	0.00934	0.00739	0.00840	0.00815	0.01028	0.00646	0.00611	0.01189	0.01834	0.02385	0.34869	0.06303	0.41856	0.01684	0.00858	0.00238	0.00357	0.01437	0.00730	0.00646
20	0.01729	0.43451	0.33370	0.01610	0.02432	0.02351	0.01881	0.02232	0.01502	0.01972	0.01140	0.01329	0.00928	0.00652	0.00566	0.00189	0.00909	0.00454	0.00309	0.00995
21	0.01943	0.74891	0.03809	0.01244	0.01866	0.02876	0.01244	0.02177	0.01477	0.01710	0.01011	0.01166	0.00933	0.00622	0.00466	0.00155	0.00777	0.00389	0.00311	0.00933
22	0.01020	0.00735	0.00918	0.00877	0.01022	0.00683	0.00628	0.01285	0.01834	0.02550	0.51581	0.05433	0.11317	0.15347	0.01396	0.00320	0.00414	0.01284	0.00722	0.00633
23	0.01719	0.01645	0.02805	0.17349	0.57661	0.01706	0.02191	0.02160	0.01617	0.02277	0.01353	0.01825	0.01117	0.00663	0.00721	0.00221	0.00883	0.00647	0.00353	0.01086
24	0.00886	0.00633	0.00843	0.01012	0.01054	0.00590	0.00675	0.01012	0.01392	0.01856	0.04006	0.73979	0.04808	0.02277	0.00928	0.00295	0.00422	0.02066	0.00675	0.00590
25	0.01517	0.01283	0.01495	0.01094	0.01705	0.00993	0.00869	0.04037	0.01567	0.02417	0.01451	0.05352	0.01280	0.00642	0.00565	0.00121	0.00541	0.00525	0.00454	0.72092
26	0.02003	0.01519	0.01778	0.01451	0.05424	0.01405	0.01103	0.18794	0.07068	0.08401	0.01661	0.01750	0.01264	0.00691	0.00626	0.00161	0.00631	0.00552	0.00563	0.43157
27	0.01263	0.00631	0.00947	0.00947	0.00947	0.00631	0.00631	0.00947	0.00947	0.01263	0.01263	0.02210	0.01263	0.02525	0.02841	0.78851	0.00631	0.00631	0.00316	0.00316
28	0.01111	0.00810	0.01021	0.01101	0.01238	0.00791	0.00817	0.07048	0.01688	0.02236	0.08499	0.45938	0.09582	0.02016	0.00913	0.00287	0.00490	0.13056	0.00687	0.00670
29	0.02025	0.63264	0.07192	0.01330	0.01958	0.07074	0.01323	0.02290	0.01544	0.04819	0.01117	0.01253	0.00971	0.00646	0.00502	0.00165	0.00820	0.00417	0.00341	0.00948
30	0.73848	0.01579	0.06183	0.01038	0.01534	0.01635	0.00927	0.02149	0.01259	0.03191	0.01034	0.01207	0.00797	0.00676	0.00468	0.00225	0.00600	0.00404	0.00439	0.00808
31	0.01171	0.00837	0.01171	0.01339	0.01506	0.00837	0.01171	0.01506	0.01673	0.02175	0.03849	0.08199	0.04183	0.02008	0.01004	0.00335	0.00669	0.65027	0.00669	0.00669
32	0.01355	0.00678	0.00678	0.00678	0.00847	0.00678	0.00508	0.01694	0.01524	0.02710	0.02371	0.02710	0.01863	0.00847	0.00508	0.00169	0.00339	0.00678	0.78489	0.00678
33	0.01095	0.00797	0.01070	0.01220	0.01352	0.00794	0.00978	0.01441	0.05156	0.02098	0.03862	0.33339	0.04319	0.02057	0.00960	0.00315	0.00569	0.37238	0.00675	0.00665
34	0.03261	0.01237	0.01687	0.01293	0.01856	0.01068	0.01068	0.03543	0.02081	0.70423	0.02868	0.02474	0.01799	0.00900	0.00731	0.00225	0.00619	0.00731	0.00900	0.01237
35	0.01458	0.03760	0.70688	0.02072	0.03146	0.01688	0.02686	0.02302	0.01535	0.02302	0.01304	0.01535	0.00921	0.00691	0.00691	0.00230	0.01074	0.00537	0.00307	0.01074
36	0.01038	0.00779	0.01168	0.01168	0.01298	0.00909	0.00909	0.01298	0.01168	0.01687	0.01947	0.02856	0.01817	0.05452	0.71573	0.01168	0.01947	0.00779	0.00389	0.00649
37	0.00886	0.00633	0.00843	0.01012	0.01054	0.00590	0.00675	0.01012	0.01392	0.01856	0.04006	0.73979	0.04808	0.02277	0.00928	0.00295	0.00422	0.02066	0.00675	0.00590
38	0.01473	0.01262	0.01466	0.01058	0.01683	0.00950	0.00845	0.01788	0.01515	0.02347	0.01618	0.01802	0.04754	0.00608	0.00556	0.00115	0.00529	0.00490	0.00444	0.74697
39	0.01874	0.01850	0.01963	0.01701	0.01907	0.14601	0.01371	0.02357	0.12202	0.05569	0.01765	0.02051	0.04887	0.01109	0.01556	0.00265	0.37476	0.00679	0.00450	0.04367
