[name]
unknown

[dist]
# distance from previous block
# <min> <max>
21	40

[block]
# block no. 0 follows, 30 sequences, length 31
# corresponding to MSA columns:
# 51-81
name=unknown_A
#
# <colnr> <probs for GDERKNQSTAVLIFYWHMCP>
#	G	D	E	R	K	N	Q	S	T	A	V	L	I	F	Y	W	H	M	C	P
0	0.02091	0.09559	0.04908	0.03688	0.02118	0.01764	0.06092	0.25444	0.12760	0.10480	0.02205	0.04044	0.05610	0.00876	0.00684	0.00209	0.00710	0.00717	0.00602	0.05439
1	0.04309	0.18580	0.06259	0.01425	0.03736	0.01654	0.05472	0.04191	0.15961	0.11099	0.09815	0.02400	0.04723	0.00850	0.00647	0.00199	0.00647	0.00700	0.00551	0.06781
2	0.01443	0.08967	0.09284	0.01244	0.01612	0.05948	0.01082	0.07938	0.12321	0.02369	0.11952	0.19624	0.10838	0.01299	0.00742	0.00228	0.00604	0.01097	0.00585	0.00821
3	0.01774	0.19474	0.23964	0.01546	0.02235	0.01821	0.03943	0.12395	0.05803	0.05259	0.03821	0.03660	0.01356	0.00748	0.00624	0.00193	0.00787	0.00588	0.00445	0.09563
4	0.01974	0.07728	0.13845	0.01657	0.04873	0.06652	0.01452	0.16685	0.26782	0.05189	0.01937	0.01925	0.01446	0.00801	0.00665	0.00211	0.00752	0.00630	0.00561	0.04237
5	0.07739	0.37734	0.24108	0.01582	0.04375	0.07118	0.01638	0.02157	0.01448	0.01955	0.01073	0.01274	0.00889	0.00655	0.00606	0.00186	0.03788	0.00440	0.00313	0.00922
6	0.01301	0.00650	0.00650	0.00650	0.00813	0.00650	0.00488	0.01626	0.01463	0.02602	0.02276	0.02602	0.01789	0.00813	0.00488	0.00163	0.00325	0.00650	0.79350	0.00650
7	0.01921	0.07317	0.10682	0.01518	0.02032	0.06011	0.01339	0.12219	0.41169	0.04923	0.02239	0.02141	0.01670	0.00855	0.00678	0.00221	0.00699	0.00680	0.00610	0.01076
8	0.19448	0.11011	0.02070	0.01657	0.04416	0.40037	0.03432	0.04205	0.01720	0.02119	0.01072	0.01272	0.00888	0.00702	0.00632	0.00192	0.03469	0.00453	0.00375	0.00830
9	0.01385	0.01322	0.02275	0.61688	0.13460	0.01574	0.04776	0.01849	0.01431	0.01867	0.01257	0.01844	0.00959	0.00683	0.00702	0.00229	0.00927	0.00629	0.00317	0.00826
10	0.01220	0.00654	0.00999	0.06461	0.01206	0.00678	0.00708	0.00976	0.00946	0.01256	0.01214	0.02101	0.01191	0.02293	0.02573	0.73645	0.00631	0.00607	0.00304	0.00339
11	0.00825	0.00707	0.00707	0.00707	0.00943	0.00589	0.00530	0.01001	0.01591	0.01885	0.07069	0.06716	0.70839	0.01767	0.00825	0.00236	0.00353	0.01473	0.00648	0.00589
12	0.01428	0.01381	0.01948	0.01699	0.01723	0.01901	0.01405	0.01599	0.01079	0.01668	0.01094	0.01753	0.01071	0.01970	0.15430	0.00458	0.60702	0.00636	0.00318	0.00737
13	0.00846	0.00708	0.00736	0.00729	0.00955	0.00598	0.00547	0.01042	0.01640	0.02003	0.15285	0.06522	0.62551	0.01723	0.00825	0.00234	0.00350	0.01446	0.00664	0.00598
14	0.01318	0.01240	0.02093	0.73798	0.04806	0.01550	0.01938	0.01783	0.01395	0.01783	0.01240	0.01860	0.00930	0.00698	0.00698	0.00233	0.00930	0.00620	0.00310	0.00775
15	0.01672	0.01693	0.02126	0.23056	0.13523	0.12933	0.04421	0.02197	0.10496	0.01968	0.01413	0.01832	0.01150	0.00998	0.02842	0.04452	0.11372	0.00625	0.00379	0.00852
16	0.00849	0.00613	0.00804	0.00956	0.01008	0.00568	0.00641	0.00973	0.01351	0.01788	0.04040	0.70903	0.08607	0.02161	0.00887	0.00281	0.00402	0.01953	0.00648	0.00568
17	0.01447	0.01240	0.01447	0.01034	0.01654	0.00930	0.00827	0.01757	0.01447	0.02274	0.01240	0.01447	0.01034	0.00517	0.00517	0.00103	0.00517	0.00413	0.00413	0.79742
18	0.02118	0.01641	0.01806	0.01362	0.01939	0.01637	0.01111	0.38485	0.05199	0.03461	0.01542	0.01618	0.01161	0.00710	0.00624	0.00167	0.00655	0.00546	0.00581	0.33636
19	0.01403	0.01392	0.04700	0.50519	0.06449	0.01501	0.11986	0.01869	0.01476	0.04003	0.01751	0.02224	0.06203	0.00762	0.00725	0.00231	0.00914	0.00714	0.00359	0.00819
20	0.01014	0.00681	0.00783	0.00783	0.00790	0.00688	0.00450	0.01029	0.01021	0.01369	0.02179	0.04457	0.02489	0.71242	0.07720	0.00703	0.00748	0.00999	0.00420	0.00435
21	0.02607	0.03326	0.01978	0.01798	0.02157	0.72674	0.01348	0.02787	0.01978	0.01708	0.01079	0.01258	0.00899	0.00719	0.00629	0.00180	0.01258	0.00449	0.00360	0.00809
22	0.00859	0.00611	0.00807	0.00961	0.00999	0.00573	0.00636	0.00974	0.01319	0.01759	0.03759	0.71298	0.04506	0.06058	0.01031	0.00304	0.00419	0.01933	0.00636	0.00559
23	0.01866	0.75896	0.03657	0.01194	0.01791	0.02761	0.01194	0.02090	0.01418	0.01642	0.00970	0.01119	0.00896	0.00597	0.00448	0.00149	0.00746	0.00373	0.00299	0.00896
24	0.00849	0.00611	0.00806	0.00962	0.01010	0.00568	0.00643	0.00973	0.01345	0.01785	0.03964	0.72530	0.07030	0.02171	0.00888	0.00282	0.00403	0.01965	0.00648	0.00568
25	0.00850	0.00607	0.00810	0.00972	0.01012	0.00567	0.00648	0.00972	0.01336	0.01781	0.03846	0.75020	0.04615	0.02186	0.00891	0.00283	0.00405	0.01984	0.00648	0.00567
26	0.02401	0.01665	0.01870	0.01575	0.04348	0.01813	0.01230	0.34057	0.24865	0.15233	0.02228	0.02101	0.01585	0.00871	0.00702	0.00219	0.00670	0.00693	0.00718	0.01157
27	0.02397	0.02886	0.01881	0.01707	0.02075	0.55589	0.01290	0.03008	0.18328	0.02000	0.01503	0.01582	0.01195	0.00774	0.00649	0.00193	0.01088	0.00531	0.00444	0.00880
28	0.01301	0.00650	0.00650	0.00650	0.00813	0.00650	0.00488	0.01626	0.01463	0.02602	0.02276	0.02602	0.01789	0.00813	0.00488	0.00163	0.00325	0.00650	0.79350	0.00650
29	0.02683	0.02077	0.02043	0.01603	0.02134	0.11394	0.01306	0.55093	0.03011	0.09161	0.01679	0.01674	0.01190	0.00824	0.00689	0.00206	0.00819	0.00610	0.00666	0.01137
30	0.06693	0.08110	0.34261	0.09329	0.02843	0.01664	0.08733	0.04564	0.01582	0.11590	0.01435	0.01637	0.01024	0.00702	0.00704	0.00219	0.02953	0.00570	0.00402	0.00987

[dist]
# distance from previous block
# <min> <max>
0	2

[block]
# block no. 1 follows, 30 sequences, length 94
# corresponding to MSA columns:
# 84-177
name=unknown_B
#
# <colnr> <probs for GDERKNQSTAVLIFYWHMCP>
#	G	D	E	R	K	N	Q	S	T	A	V	L	I	F	Y	W	H	M	C	P
0	0.01019	0.00773	0.01139	0.01127	0.01239	0.00909	0.00870	0.01249	0.01113	0.01606	0.01852	0.02806	0.01761	0.09382	0.65744	0.01063	0.04598	0.00759	0.00374	0.00616
1	0.01477	0.01290	0.01591	0.01156	0.01765	0.01027	0.04267	0.01913	0.06083	0.02316	0.01357	0.01547	0.01109	0.00549	0.00545	0.00119	0.00553	0.00460	0.00430	0.70446
2	0.00927	0.00686	0.00847	0.00941	0.01033	0.00654	0.00647	0.01155	0.04845	0.01880	0.08169	0.48113	0.13328	0.09807	0.01154	0.00314	0.00437	0.03840	0.00634	0.00590
3	0.01145	0.00827	0.00952	0.00934	0.01025	0.00865	0.00612	0.04003	0.09968	0.01800	0.05016	0.13922	0.02824	0.45826	0.06845	0.00558	0.00687	0.01099	0.00511	0.00580
4	0.08597	0.59430	0.08493	0.01269	0.01848	0.02533	0.01281	0.02070	0.01381	0.01816	0.00988	0.01172	0.00884	0.00645	0.00576	0.00170	0.05251	0.00399	0.00310	0.00886
5	0.02153	0.47774	0.03006	0.01428	0.01933	0.29853	0.01254	0.02360	0.01635	0.01667	0.01012	0.01173	0.00897	0.00644	0.00518	0.00161	0.00945	0.00403	0.00322	0.00862
6	0.00957	0.00655	0.00789	0.00845	0.00863	0.00645	0.00515	0.01007	0.01129	0.01510	0.02758	0.28870	0.03230	0.47877	0.04853	0.00555	0.00621	0.01341	0.00499	0.00479
7	0.01301	0.00650	0.00650	0.00650	0.00813	0.00650	0.00488	0.01626	0.01463	0.02602	0.02276	0.02602	0.01789	0.00813	0.00488	0.00163	0.00325	0.00650	0.79350	0.00650
8	0.01501	0.01272	0.01476	0.01059	0.01676	0.00985	0.00849	0.04737	0.01529	0.02368	0.01260	0.01457	0.01040	0.00531	0.00525	0.00108	0.00528	0.00423	0.00426	0.76250
9	0.01001	0.00733	0.01047	0.01047	0.01146	0.00832	0.00779	0.01198	0.01099	0.01565	0.01937	0.03118	0.01908	0.19740	0.58427	0.01030	0.01623	0.00803	0.00384	0.00582
10	0.00847	0.00619	0.00797	0.00940	0.01004	0.00570	0.00633	0.00975	0.01367	0.01794	0.04237	0.66728	0.12655	0.02135	0.00883	0.00278	0.00399	0.01922	0.00648	0.00570
11	0.07734	0.01383	0.01744	0.01330	0.01883	0.01301	0.04033	0.14491	0.04277	0.38236	0.02134	0.01999	0.01435	0.00777	0.00658	0.00197	0.00632	0.00627	0.00702	0.14426
12	0.02607	0.03326	0.01978	0.01798	0.02157	0.72674	0.01348	0.02787	0.01978	0.01708	0.01079	0.01258	0.00899	0.00719	0.00629	0.00180	0.01258	0.00449	0.00360	0.00809
13	0.01527	0.01527	0.02137	0.01832	0.01832	0.02137	0.01527	0.01679	0.01069	0.01679	0.00916	0.01527	0.00916	0.01221	0.02290	0.00305	0.74198	0.00611	0.00305	0.00763
14	0.80405	0.01350	0.01026	0.00918	0.01350	0.01565	0.00756	0.02051	0.01188	0.03131	0.00972	0.01134	0.00756	0.00648	0.00432	0.00216	0.00540	0.00378	0.00432	0.00756
15	0.00850	0.00607	0.00810	0.00972	0.01012	0.00567	0.00648	0.00972	0.01336	0.01781	0.03846	0.75020	0.04615	0.02186	0.00891	0.00283	0.00405	0.01984	0.00648	0.00567
16	0.80405	0.01350	0.01026	0.00918	0.01350	0.01565	0.00756	0.02051	0.01188	0.03131	0.00972	0.01134	0.00756	0.00648	0.00432	0.00216	0.00540	0.00378	0.00432	0.00756
17	0.01526	0.01539	0.02718	0.05181	0.04893	0.01480	0.30245	0.02005	0.04141	0.02174	0.01476	0.05430	0.01253	0.00733	0.00874	0.00205	0.08518	0.00721	0.00393	0.24495
18	0.01715	0.01640	0.02773	0.04144	0.68141	0.01627	0.02085	0.02125	0.01583	0.02280	0.01310	0.01715	0.01102	0.00617	0.00683	0.00203	0.00816	0.00613	0.00348	0.04481
19	0.01736	0.01499	0.01578	0.01420	0.01815	0.01736	0.01105	0.03708	0.69862	0.02919	0.02840	0.02604	0.02130	0.00947	0.00710	0.00237	0.00552	0.00789	0.00710	0.01105
20	0.01488	0.01470	0.02064	0.01781	0.01790	0.02046	0.01479	0.01648	0.01073	0.01675	0.00985	0.01615	0.00976	0.01512	0.07393	0.00364	0.68957	0.00621	0.00310	0.00753
21	0.02487	0.02974	0.01904	0.01722	0.02092	0.59370	0.01300	0.02950	0.12592	0.04055	0.01406	0.01503	0.01117	0.00759	0.00644	0.00190	0.01127	0.00510	0.00430	0.00867
22	0.01566	0.04848	0.02406	0.36468	0.16932	0.07275	0.08449	0.04088	0.01562	0.01997	0.01453	0.07141	0.01253	0.00783	0.00707	0.00223	0.00909	0.00717	0.00362	0.00862
23	0.02536	0.01897	0.02028	0.01582	0.02119	0.02109	0.01298	0.60497	0.11770	0.04209	0.01824	0.01794	0.01307	0.00852	0.00700	0.00213	0.00740	0.00649	0.00700	0.01176
24	0.01485	0.01490	0.02340	0.20897	0.02811	0.01943	0.08881	0.01767	0.01217	0.01767	0.01055	0.01653	0.00935	0.01015	0.01712	0.00279	0.47020	0.00636	0.00312	0.00786
25	0.02653	0.01955	0.02094	0.01606	0.02164	0.02164	0.01326	0.68796	0.03281	0.04398	0.01675	0.01675	0.01187	0.00838	0.00698	0.00209	0.00768	0.00628	0.00698	0.01187
26	0.01212	0.00606	0.00909	0.00909	0.00909	0.00606	0.00606	0.00909	0.00909	0.01212	0.01212	0.02121	0.01212	0.02424	0.02727	0.79697	0.00606	0.00606	0.00303	0.00303
27	0.01000	0.00735	0.01059	0.01059	0.01162	0.00838	0.00794	0.01206	0.01103	0.01573	0.01927	0.03060	0.01883	0.17480	0.60652	0.01044	0.01661	0.00794	0.00382	0.00588
28	0.01318	0.01240	0.02093	0.73798	0.04806	0.01550	0.01938	0.01783	0.01395	0.01783	0.01240	0.01860	0.00930	0.00698	0.00698	0.00233	0.00930	0.00620	0.00310	0.00775
29	0.01796	0.01529	0.01612	0.01432	0.01838	0.01764	0.01119	0.08010	0.65462	0.03017	0.02763	0.02542	0.02068	0.00940	0.00709	0.00235	0.00567	0.00778	0.00709	0.01110
30	0.01866	0.75896	0.03657	0.01194	0.01791	0.02761	0.01194	0.02090	0.01418	0.01642	0.00970	0.01119	0.00896	0.00597	0.00448	0.00149	0.00746	0.00373	0.00299	0.00896
31	0.01624	0.01345	0.01542	0.01118	0.01729	0.01112	0.00900	0.11620	0.01717	0.02586	0.01304	0.01481	0.01056	0.00564	0.00543	0.00119	0.00554	0.00445	0.00455	0.68184
32	0.01324	0.00997	0.01208	0.01154	0.01287	0.01088	0.00838	0.14788	0.01636	0.02214	0.02750	0.37879	0.03093	0.16452	0.01540	0.00349	0.08780	0.01362	0.00575	0.00685
33	0.00985	0.00712	0.00959	0.01109	0.01223	0.00686	0.00877	0.01210	0.01489	0.01942	0.04001	0.36657	0.09041	0.02027	0.00922	0.00299	0.00520	0.34088	0.00645	0.00606
34	0.00862	0.00616	0.00823	0.00985	0.01030	0.00577	0.00668	0.00992	0.01347	0.01794	0.03840	0.72202	0.04590	0.02175	0.00894	0.00285	0.00415	0.04688	0.00648	0.00570
35	0.01400	0.03610	0.71860	0.01989	0.03020	0.01621	0.02578	0.02210	0.01473	0.02210	0.01252	0.01473	0.00884	0.00663	0.00663	0.00221	0.01031	0.00516	0.00295	0.01031
36	0.00866	0.00617	0.00816	0.00957	0.01004	0.00577	0.00639	0.00996	0.01365	0.01831	0.08199	0.67434	0.04658	0.05228	0.00999	0.00296	0.00411	0.01895	0.00646	0.00567
37	0.00913	0.00732	0.00796	0.00777	0.00978	0.00653	0.00569	0.01169	0.03908	0.02085	0.21690	0.06003	0.46325	0.09030	0.01093	0.00276	0.00387	0.01354	0.00656	0.00606
38	0.01015	0.00677	0.00761	0.00761	0.00761	0.00677	0.00423	0.01015	0.01015	0.01353	0.02199	0.04567	0.02537	0.75476	0.03552	0.00677	0.00677	0.01015	0.00423	0.00423
39	0.01527	0.01527	0.02137	0.01832	0.01832	0.02137	0.01527	0.01679	0.01069	0.01679	0.00916	0.01527	0.00916	0.01221	0.02290	0.00305	0.74198	0.00611	0.00305	0.00763
40	0.01318	0.01240	0.02093	0.73798	0.04806	0.01550	0.01938	0.01783	0.01395	0.01783	0.01240	0.01860	0.00930	0.00698	0.00698	0.00233	0.00930	0.00620	0.00310	0.00775
41	0.01318	0.01240	0.02093	0.73798	0.04806	0.01550	0.01938	0.01783	0.01395	0.01783	0.01240	0.01860	0.00930	0.00698	0.00698	0.00233	0.00930	0.00620	0.00310	0.00775
42	0.01004	0.00749	0.00965	0.01067	0.01234	0.00709	0.00879	0.01266	0.01600	0.02054	0.09634	0.14872	0.21907	0.01877	0.00908	0.00287	0.00516	0.37195	0.00654	0.00621
43	0.00850	0.00607	0.00810	0.00972	0.01012	0.00567	0.00648	0.00972	0.01336	0.01781	0.03846	0.75020	0.04615	0.02186	0.00891	0.00283	0.00405	0.01984	0.00648	0.00567
44	0.01400	0.03610	0.71860	0.01989	0.03020	0.01621	0.02578	0.02210	0.01473	0.02210	0.01252	0.01473	0.00884	0.00663	0.00663	0.00221	0.01031	0.00516	0.00295	0.01031
45	0.00991	0.00742	0.01108	0.01115	0.01236	0.00859	0.00863	0.01234	0.01131	0.01627	0.01954	0.05844	0.01868	0.05103	0.69628	0.01086	0.01806	0.00801	0.00386	0.00621
46	0.01447	0.01240	0.01447	0.01034	0.01654	0.00930	0.00827	0.01757	0.01447	0.02274	0.01240	0.01447	0.01034	0.00517	0.00517	0.00103	0.00517	0.00413	0.00413	0.79742
47	0.01301	0.00650	0.00650	0.00650	0.00813	0.00650	0.00488	0.01626	0.01463	0.02602	0.02276	0.02602	0.01789	0.00813	0.00488	0.00163	0.00325	0.00650	0.79350	0.00650
48	0.00850	0.00607	0.00810	0.00972	0.01012	0.00567	0.00648	0.00972	0.01336	0.01781	0.03846	0.75020	0.04615	0.02186	0.00891	0.00283	0.00405	0.01984	0.00648	0.00567
49	0.01792	0.01527	0.01610	0.01431	0.01836	0.01762	0.01118	0.07696	0.65782	0.03010	0.02769	0.02547	0.02072	0.00940	0.00709	0.00235	0.00565	0.00779	0.00709	0.01110
50	0.02064	0.04109	0.06718	0.01488	0.02096	0.07135	0.06408	0.20229	0.02059	0.09926	0.01507	0.01615	0.01123	0.00673	0.00625	0.00169	0.00745	0.00542	0.00516	0.30252
51	0.01876	0.68276	0.03493	0.01259	0.01809	0.05673	0.01221	0.02094	0.01420	0.01647	0.00971	0.01150	0.00897	0.00640	0.00568	0.00160	0.05269	0.00391	0.00302	0.00884
52	0.01447	0.01240	0.01447	0.01034	0.01654	0.00930	0.00827	0.01757	0.01447	0.02274	0.01240	0.01447	0.01034	0.00517	0.00517	0.00103	0.00517	0.00413	0.00413	0.79742
53	0.02118	0.14467	0.02157	0.01511	0.01914	0.20990	0.03323	0.15908	0.07523	0.05537	0.06693	0.04357	0.01698	0.03319	0.00849	0.00219	0.05337	0.00663	0.00507	0.00911
54	0.01463	0.01094	0.01581	0.03782	0.01734	0.01149	0.07937	0.06748	0.06360	0.09143	0.06952	0.30075	0.05133	0.01483	0.00974	0.00260	0.08177	0.04560	0.00607	0.00788
55	0.03102	0.01235	0.01649	0.01264	0.01805	0.01095	0.01044	0.07408	0.02076	0.67488	0.02687	0.02332	0.01694	0.00862	0.00702	0.00216	0.00604	0.00697	0.00854	0.01188
56	0.02246	0.33445	0.02760	0.01674	0.06542	0.26095	0.01332	0.14201	0.01949	0.02197	0.01155	0.01305	0.00962	0.00683	0.00569	0.00174	0.00928	0.00461	0.00393	0.00932
57	0.03131	0.01188	0.01619	0.01242	0.01781	0.01026	0.01026	0.03401	0.01997	0.71606	0.02753	0.02375	0.01727	0.00864	0.00702	0.00216	0.00594	0.00702	0.00864	0.01188
58	0.00898	0.00710	0.00808	0.00784	0.00987	0.00620	0.00588	0.01143	0.01763	0.02295	0.35623	0.06042	0.42030	0.01615	0.00824	0.00228	0.00343	0.01378	0.00702	0.00620
59	0.01001	0.00732	0.01040	0.01040	0.01137	0.00828	0.00771	0.01194	0.01097	0.01560	0.01943	0.03153	0.01923	0.21072	0.57117	0.01021	0.01600	0.00808	0.00385	0.00578
60	0.00886	0.00635	0.00842	0.00947	0.01020	0.00591	0.00651	0.01062	0.01504	0.02048	0.21392	0.56714	0.05132	0.01987	0.00873	0.00267	0.00385	0.01795	0.00679	0.00591
61	0.01447	0.01240	0.01447	0.01034	0.01654	0.00930	0.00827	0.01757	0.01447	0.02274	0.01240	0.01447	0.01034	0.00517	0.00517	0.00103	0.00517	0.00413	0.00413	0.79742
62	0.00997	0.00748	0.01121	0.01121	0.01246	0.00872	0.00872	0.01246	0.01121	0.01620	0.01869	0.02741	0.01745	0.05234	0.72710	0.01121	0.01869	0.00748	0.00374	0.00623
63	0.00998	0.00745	0.01106	0.01106	0.01226	0.00864	0.00853	0.01236	0.01117	0.01609	0.01883	0.02818	0.01778	0.08197	0.69792	0.01103	0.01819	0.00759	0.00376	0.00615
64	0.17977	0.01288	0.01530	0.01214	0.01724	0.01251	0.00997	0.07169	0.06822	0.49255	0.02348	0.02108	0.01535	0.00826	0.00650	0.00217	0.00591	0.00641	0.00759	0.01098
65	0.57120	0.01395	0.01262	0.01060	0.01526	0.01543	0.00874	0.10463	0.01588	0.15484	0.01375	0.01421	0.00982	0.00709	0.00513	0.00215	0.00577	0.00466	0.00541	0.00885
66	0.00847	0.00667	0.00749	0.00811	0.00957	0.00587	0.00567	0.00991	0.01455	0.01810	0.05522	0.32388	0.41190	0.06910	0.01034	0.00284	0.00395	0.01635	0.00633	0.00569
67	0.01866	0.75896	0.03657	0.01194	0.01791	0.02761	0.01194	0.02090	0.01418	0.01642	0.00970	0.01119	0.00896	0.00597	0.00448	0.00149	0.00746	0.00373	0.00299	0.00896
68	0.06318	0.01593	0.01839	0.01416	0.01961	0.01640	0.01170	0.37274	0.02627	0.33688	0.02115	0.01957	0.01404	0.00841	0.00688	0.00213	0.00682	0.00649	0.00759	0.01168
69	0.00880	0.00642	0.00865	0.03355	0.01153	0.00612	0.00707	0.01028	0.01374	0.01825	0.05649	0.65927	0.06468	0.02094	0.00884	0.00280	0.00428	0.04609	0.00640	0.00580
70	0.01456	0.01386	0.02319	0.47796	0.24565	0.01624	0.01970	0.01884	0.01431	0.01925	0.01239	0.01797	0.00982	0.00712	0.00808	0.00230	0.06063	0.00620	0.00320	0.00874
71	0.00997	0.00745	0.01110	0.01110	0.01230	0.00866	0.00858	0.01239	0.01118	0.01611	0.01880	0.02801	0.01770	0.07509	0.70470	0.01107	0.01831	0.00756	0.00375	0.00617
72	0.00856	0.00610	0.00808	0.00964	0.01003	0.00571	0.00639	0.00973	0.01324	0.01765	0.03785	0.72403	0.04538	0.04909	0.00990	0.00298	0.00415	0.01948	0.00639	0.00561
73	0.00999	0.00738	0.01071	0.01071	0.01179	0.00845	0.00810	0.01214	0.01107	0.01583	0.01915	0.02996	0.01855	0.15012	0.63083	0.01060	0.01703	0.00785	0.00381	0.00595
74	0.80405	0.01350	0.01026	0.00918	0.01350	0.01565	0.00756	0.02051	0.01188	0.03131	0.00972	0.01134	0.00756	0.00648	0.00432	0.00216	0.00540	0.00378	0.00432	0.00756
75	0.01577	0.01347	0.01677	0.04313	0.01943	0.01127	0.04348	0.08733	0.01645	0.02471	0.01294	0.01510	0.01046	0.00561	0.00559	0.00127	0.00594	0.00465	0.00435	0.64229
76	0.01573	0.35573	0.37175	0.01573	0.02351	0.02063	0.01844	0.02081	0.01440	0.01931	0.01286	0.05823	0.01118	0.00727	0.00581	0.00193	0.00866	0.00542	0.00318	0.00942
77	0.01151	0.00888	0.01221	0.01105	0.01318	0.00895	0.04191	0.05860	0.04834	0.02545	0.39244	0.09550	0.06277	0.02150	0.15146	0.00405	0.00724	0.01135	0.00649	0.00712
78	0.02607	0.03326	0.01978	0.01798	0.02157	0.72674	0.01348	0.02787	0.01978	0.01708	0.01079	0.01258	0.00899	0.00719	0.00629	0.00180	0.01258	0.00449	0.00360	0.00809
79	0.02325	0.01708	0.01802	0.01431	0.01875	0.04173	0.01140	0.48642	0.04951	0.06555	0.04041	0.02300	0.01621	0.12854	0.01159	0.00285	0.00741	0.00713	0.00652	0.01032
80	0.02653	0.01955	0.02094	0.01606	0.02164	0.02164	0.01326	0.68796	0.03281	0.04398	0.01675	0.01675	0.01187	0.00838	0.00698	0.00209	0.00768	0.00628	0.00698	0.01187
81	0.01949	0.01233	0.06148	0.04435	0.01686	0.01110	0.01047	0.06829	0.01644	0.26402	0.04461	0.03259	0.02077	0.21607	0.03934	0.00385	0.05220	0.05124	0.00600	0.00851
82	0.01488	0.25612	0.16169	0.04936	0.02432	0.01795	0.17151	0.01899	0.01464	0.01925	0.01743	0.16897	0.01713	0.00945	0.00681	0.00215	0.00838	0.00855	0.00384	0.00858
83	0.01536	0.01553	0.02283	0.01914	0.01966	0.02110	0.06468	0.01720	0.01111	0.01720	0.00953	0.01553	0.00927	0.01175	0.02182	0.00300	0.68818	0.00626	0.00309	0.00776
84	0.80405	0.01350	0.01026	0.00918	0.01350	0.01565	0.00756	0.02051	0.01188	0.03131	0.00972	0.01134	0.00756	0.00648	0.00432	0.00216	0.00540	0.00378	0.00432	0.00756
85	0.01199	0.00853	0.01093	0.05519	0.01430	0.00860	0.00838	0.09786	0.01668	0.04439	0.07987	0.50088	0.05885	0.01809	0.00844	0.00264	0.00490	0.03612	0.00648	0.00688
86	0.03968	0.37446	0.23420	0.01623	0.02281	0.04477	0.06184	0.02113	0.01424	0.01898	0.01081	0.01322	0.00901	0.00686	0.00734	0.00195	0.08547	0.00473	0.00308	0.00918
87	0.00850	0.00607	0.00810	0.00972	0.01012	0.00567	0.00648	0.00972	0.01336	0.01781	0.03846	0.75020	0.04615	0.02186	0.00891	0.00283	0.00405	0.01984	0.00648	0.00567
88	0.00987	0.00694	0.00902	0.00923	0.00974	0.00736	0.00619	0.01096	0.01096	0.01507	0.02286	0.12867	0.02506	0.39880	0.29059	0.00793	0.01088	0.01039	0.00433	0.00516
89	0.01844	0.25305	0.19169	0.07792	0.02489	0.12469	0.03822	0.07987	0.01645	0.02062	0.01146	0.01402	0.00929	0.00724	0.00770	0.00202	0.08481	0.00500	0.00345	0.00918
90	0.01039	0.00724	0.00854	0.00838	0.00846	0.00763	0.00508	0.01063	0.01024	0.01387	0.02113	0.04295	0.02404	0.67191	0.07953	0.00687	0.04466	0.00977	0.00414	0.00453
91	0.00849	0.00612	0.00805	0.00958	0.01009	0.00568	0.00642	0.00973	0.01349	0.01787	0.04009	0.71571	0.07959	0.02165	0.00887	0.00281	0.00402	0.01958	0.00648	0.00568
92	0.01602	0.01530	0.02679	0.14873	0.05909	0.01601	0.27642	0.04359	0.14732	0.04190	0.09286	0.02370	0.01866	0.00805	0.00816	0.00233	0.03295	0.00804	0.00481	0.00927
93	0.01841	0.08144	0.06908	0.11231	0.02528	0.12421	0.09584	0.10198	0.03886	0.05168	0.01579	0.01892	0.03349	0.01192	0.06891	0.00298	0.10947	0.00638	0.00420	0.00885

[dist]
# distance from previous block
# <min> <max>
0	2

[block]
# block no. 2 follows, 30 sequences, length 30
# corresponding to MSA columns:
# 180-209
name=unknown_C
#
# <colnr> <probs for GDERKNQSTAVLIFYWHMCP>
#	G	D	E	R	K	N	Q	S	T	A	V	L	I	F	Y	W	H	M	C	P
0	0.02069	0.50321	0.06425	0.01416	0.01962	0.23996	0.01308	0.02308	0.01591	0.01689	0.01017	0.01179	0.00896	0.00637	0.00513	0.00162	0.00916	0.00403	0.00317	0.00876
1	0.02094	0.19948	0.09470	0.01689	0.02262	0.11446	0.09685	0.20981	0.04468	0.04724	0.01549	0.03874	0.01266	0.00792	0.00655	0.00202	0.00877	0.02555	0.00477	0.00984
2	0.01504	0.01198	0.01417	0.01041	0.01621	0.00913	0.00827	0.01800	0.01471	0.06129	0.01488	0.06095	0.01296	0.00641	0.00551	0.00121	0.00514	0.00528	0.00453	0.70394
3	0.09038	0.04657	0.28319	0.10116	0.07053	0.08109	0.05637	0.07674	0.01608	0.02321	0.01216	0.01517	0.00931	0.00732	0.00811	0.00223	0.08198	0.00547	0.00356	0.00939
4	0.00914	0.00756	0.00786	0.00761	0.01001	0.00658	0.00575	0.03684	0.01699	0.02083	0.13837	0.06354	0.61079	0.01694	0.00820	0.00233	0.00367	0.01417	0.00663	0.00620
5	0.01176	0.00606	0.00899	0.00915	0.00919	0.00602	0.00610	0.00915	0.00951	0.01268	0.01473	0.09333	0.01549	0.02401	0.02546	0.71840	0.00586	0.00742	0.00337	0.00329
6	0.02357	0.12031	0.08100	0.01591	0.03710	0.15520	0.01352	0.26144	0.02276	0.12573	0.01718	0.06480	0.01369	0.00856	0.00662	0.00202	0.00835	0.00650	0.00557	0.01019
7	0.01429	0.01405	0.02132	0.64669	0.08772	0.06286	0.01911	0.01872	0.01446	0.01809	0.01234	0.01812	0.00939	0.00694	0.00693	0.00227	0.00946	0.00609	0.00316	0.00798
8	0.01674	0.01783	0.01858	0.15863	0.05022	0.20362	0.01389	0.01890	0.01389	0.01681	0.01277	0.02030	0.01200	0.11598	0.06051	0.00357	0.22861	0.00635	0.00343	0.00735
9	0.05915	0.01691	0.01821	0.01691	0.05765	0.15040	0.05693	0.14661	0.01918	0.07312	0.02013	0.05092	0.01838	0.01564	0.09345	0.00342	0.03537	0.13372	0.00524	0.00867
10	0.76089	0.01340	0.01059	0.00936	0.01374	0.01535	0.00771	0.02127	0.01233	0.06956	0.01071	0.01203	0.00810	0.00660	0.00447	0.00216	0.00543	0.00396	0.00456	0.00780
11	0.01462	0.01436	0.01994	0.01735	0.01758	0.01967	0.01446	0.01627	0.01132	0.01716	0.01434	0.02214	0.05029	0.01296	0.02125	0.00302	0.65465	0.04770	0.00346	0.00746
12	0.01925	0.70109	0.03523	0.01242	0.01820	0.08335	0.01206	0.02145	0.01463	0.01647	0.00979	0.01130	0.00896	0.00607	0.00462	0.00152	0.00787	0.00379	0.00303	0.00889
13	0.01527	0.01527	0.02137	0.01832	0.01832	0.02137	0.01527	0.01679	0.01069	0.01679	0.00916	0.01527	0.00916	0.01221	0.02290	0.00305	0.74198	0.00611	0.00305	0.00763
14	0.01015	0.00677	0.00761	0.00761	0.00761	0.00677	0.00423	0.01015	0.01015	0.01353	0.02199	0.04567	0.02537	0.75476	0.03552	0.00677	0.00677	0.01015	0.00423	0.00423
15	0.00957	0.00690	0.00889	0.01014	0.01085	0.00675	0.00713	0.01186	0.04807	0.01830	0.03562	0.52367	0.04134	0.11473	0.01233	0.00337	0.00482	0.11357	0.00621	0.00587
16	0.00967	0.00712	0.00904	0.00856	0.01030	0.00649	0.00642	0.01276	0.01926	0.02680	0.62534	0.05407	0.14878	0.01471	0.00823	0.00222	0.00332	0.01289	0.00753	0.00649
17	0.01074	0.00767	0.01066	0.01227	0.01365	0.00759	0.01036	0.01358	0.01556	0.02031	0.03723	0.20352	0.04127	0.01976	0.00950	0.00314	0.00598	0.54448	0.00644	0.00628
18	0.03109	0.01223	0.01641	0.01258	0.01799	0.01079	0.01040	0.06439	0.02057	0.68483	0.02703	0.02343	0.01702	0.00862	0.00702	0.00216	0.00602	0.00698	0.00856	0.01188
19	0.06576	0.01248	0.02022	0.68953	0.04576	0.01551	0.01859	0.01801	0.01382	0.01873	0.01222	0.01812	0.00919	0.00694	0.00680	0.00231	0.00904	0.00604	0.00318	0.00774
20	0.01556	0.01313	0.01503	0.01110	0.01704	0.01092	0.00888	0.06407	0.08337	0.02479	0.01428	0.01577	0.01152	0.00581	0.00548	0.00124	0.00537	0.00465	0.00462	0.66739
21	0.03084	0.01263	0.01666	0.01278	0.01819	0.01138	0.01055	0.09870	0.02124	0.64957	0.02646	0.02306	0.01674	0.00861	0.00701	0.00215	0.00611	0.00694	0.00847	0.01188
22	0.01212	0.00606	0.00909	0.00909	0.00909	0.00606	0.00606	0.00909	0.00909	0.01212	0.01212	0.02121	0.01212	0.02424	0.02727	0.79697	0.00606	0.00606	0.00303	0.00303
23	0.01847	0.72937	0.06448	0.01227	0.01841	0.02715	0.01251	0.02094	0.01420	0.01665	0.00982	0.01134	0.00895	0.00600	0.00457	0.00152	0.00758	0.00379	0.00298	0.00901
24	0.01013	0.00684	0.00797	0.00797	0.00809	0.00696	0.00467	0.01038	0.01025	0.01379	0.02166	0.04386	0.02459	0.68527	0.10394	0.00721	0.00795	0.00988	0.00418	0.00443
25	0.02588	0.01963	0.02021	0.01571	0.02101	0.05645	0.01288	0.62351	0.03131	0.04179	0.01673	0.01697	0.01200	0.00831	0.00685	0.00206	0.00772	0.00620	0.04335	0.01143
26	0.01647	0.01882	0.04118	0.02941	0.03647	0.01765	0.68588	0.02235	0.01647	0.02235	0.01412	0.01882	0.01059	0.00588	0.00824	0.00235	0.01176	0.00824	0.00353	0.00941
27	0.01576	0.01317	0.01516	0.01095	0.01708	0.01062	0.00880	0.08911	0.01643	0.02501	0.01287	0.01471	0.01050	0.00551	0.00536	0.00115	0.00544	0.00436	0.00444	0.71358
28	0.00859	0.00614	0.00817	0.00966	0.01014	0.00573	0.00648	0.00993	0.01376	0.01845	0.08060	0.70624	0.04739	0.02138	0.00886	0.00279	0.00400	0.01938	0.00655	0.00573
29	0.12532	0.21434	0.04186	0.01321	0.01808	0.09232	0.01145	0.08258	0.11492	0.06277	0.01481	0.01592	0.01175	0.00904	0.03457	0.00225	0.03773	0.00515	0.00463	0.08728

[dist]
# distance from previous block
# <min> <max>
0	14

[block]
# block no. 3 follows, 30 sequences, length 72
# corresponding to MSA columns:
# 224-295
name=unknown_D
#
# <colnr> <probs for GDERKNQSTAVLIFYWHMCP>
#	G	D	E	R	K	N	Q	S	T	A	V	L	I	F	Y	W	H	M	C	P
0	0.02187	0.07668	0.01877	0.01500	0.01865	0.34941	0.01174	0.12445	0.04285	0.05163	0.15790	0.02230	0.02199	0.00902	0.00716	0.00197	0.02810	0.00665	0.00521	0.00864
1	0.01949	0.67716	0.03467	0.01262	0.01832	0.10641	0.01211	0.02168	0.01481	0.01649	0.00982	0.01135	0.00896	0.00611	0.00468	0.00153	0.00804	0.00382	0.00305	0.00886
2	0.01439	0.01413	0.06596	0.03485	0.01856	0.01001	0.00991	0.01791	0.01447	0.02253	0.01241	0.01462	0.01019	0.00533	0.00533	0.00116	0.00568	0.00428	0.00401	0.71425
3	0.01355	0.01177	0.01468	0.08817	0.01910	0.01026	0.00960	0.01649	0.01415	0.02121	0.01745	0.08027	0.04965	0.00789	0.00699	0.00152	0.05315	0.00637	0.00428	0.55347
4	0.00972	0.00763	0.00897	0.00904	0.01080	0.00733	0.00662	0.01338	0.07876	0.02124	0.19773	0.19962	0.27843	0.04502	0.07032	0.00332	0.00517	0.01392	0.00650	0.00645
5	0.01179	0.00618	0.00885	0.00885	0.00885	0.00618	0.00576	0.00927	0.00927	0.01235	0.01375	0.02526	0.01431	0.14507	0.02864	0.66627	0.00618	0.00674	0.00323	0.00323
6	0.80405	0.01350	0.01026	0.00918	0.01350	0.01565	0.00756	0.02051	0.01188	0.03131	0.00972	0.01134	0.00756	0.00648	0.00432	0.00216	0.00540	0.00378	0.00432	0.00756
7	0.01736	0.01499	0.01578	0.01420	0.01815	0.01736	0.01105	0.03708	0.69862	0.02919	0.02840	0.02604	0.02130	0.00947	0.00710	0.00237	0.00552	0.00789	0.00710	0.01105
8	0.02653	0.01955	0.02094	0.01606	0.02164	0.02164	0.01326	0.68796	0.03281	0.04398	0.01675	0.01675	0.01187	0.00838	0.00698	0.00209	0.00768	0.00628	0.00698	0.01187
9	0.00987	0.00665	0.00769	0.00797	0.00804	0.00658	0.00461	0.01007	0.01069	0.01426	0.02479	0.16538	0.02890	0.63022	0.03100	0.00610	0.00630	0.01179	0.00461	0.00447
10	0.00850	0.00607	0.00810	0.00972	0.01012	0.00567	0.00648	0.00972	0.01336	0.01781	0.03846	0.75020	0.04615	0.02186	0.00891	0.00283	0.00405	0.01984	0.00648	0.00567
11	0.01360	0.03391	0.66686	0.01915	0.02874	0.01544	0.02438	0.02120	0.01463	0.02179	0.01441	0.06829	0.01156	0.00774	0.00680	0.00226	0.00986	0.00623	0.00320	0.00997
12	0.00936	0.00707	0.01002	0.10270	0.01529	0.00714	0.00847	0.01125	0.01393	0.01851	0.06588	0.57589	0.04193	0.01943	0.00868	0.00277	0.00486	0.06470	0.00610	0.00603
13	0.01500	0.01310	0.01679	0.05149	0.04347	0.01070	0.04186	0.04057	0.01521	0.02318	0.01266	0.01507	0.01037	0.00544	0.00553	0.00124	0.00590	0.00459	0.00412	0.66372
14	0.01431	0.03164	0.56138	0.02108	0.03020	0.01639	0.13091	0.02164	0.01475	0.02176	0.01285	0.01582	0.00941	0.00818	0.03056	0.00255	0.03781	0.00576	0.00307	0.00994
15	0.01015	0.00677	0.00761	0.00761	0.00761	0.00677	0.00423	0.01015	0.01015	0.01353	0.02199	0.04567	0.02537	0.75476	0.03552	0.00677	0.00677	0.01015	0.00423	0.00423
16	0.01007	0.00707	0.00917	0.00917	0.00971	0.00761	0.00618	0.01115	0.01061	0.01469	0.02056	0.03776	0.02194	0.45043	0.33515	0.00869	0.01193	0.00899	0.00402	0.00510
17	0.02607	0.03326	0.01978	0.01798	0.02157	0.72674	0.01348	0.02787	0.01978	0.01708	0.01079	0.01258	0.00899	0.00719	0.00629	0.00180	0.01258	0.00449	0.00360	0.00809
18	0.00959	0.00699	0.00906	0.00913	0.01059	0.00646	0.00681	0.01236	0.01795	0.02481	0.48097	0.19141	0.10772	0.01637	0.00847	0.00241	0.00369	0.06164	0.00727	0.00634
19	0.01736	0.01499	0.01578	0.01420	0.01815	0.01736	0.01105	0.03708	0.69862	0.02919	0.02840	0.02604	0.02130	0.00947	0.00710	0.00237	0.00552	0.00789	0.00710	0.01105
20	0.02708	0.01121	0.01502	0.01188	0.01658	0.00994	0.00967	0.03062	0.04918	0.57010	0.14256	0.02865	0.02566	0.00962	0.00723	0.00217	0.00547	0.00800	0.00841	0.01095
21	0.00850	0.00607	0.00810	0.00972	0.01012	0.00567	0.00648	0.00972	0.01336	0.01781	0.03846	0.75020	0.04615	0.02186	0.00891	0.00283	0.00405	0.01984	0.00648	0.00567
22	0.01566	0.01323	0.01431	0.01306	0.01645	0.01496	0.01007	0.03170	0.55005	0.02846	0.14588	0.06392	0.03012	0.01087	0.00738	0.00236	0.00507	0.00926	0.00717	0.01003
23	0.01004	0.00778	0.00988	0.00990	0.01137	0.00737	0.00706	0.01174	0.01389	0.01920	0.10138	0.40654	0.08653	0.07441	0.03292	0.00304	0.04691	0.01458	0.00581	0.11965
24	0.01400	0.03610	0.71860	0.01989	0.03020	0.01621	0.02578	0.02210	0.01473	0.02210	0.01252	0.01473	0.00884	0.00663	0.00663	0.00221	0.01031	0.00516	0.00295	0.01031
25	0.22931	0.01558	0.01657	0.01315	0.01827	0.01664	0.01082	0.29761	0.05553	0.23112	0.01855	0.01778	0.01274	0.00801	0.00631	0.00214	0.00649	0.00592	0.00677	0.01071
26	0.01318	0.01240	0.02093	0.73798	0.04806	0.01550	0.01938	0.01783	0.01395	0.01783	0.01240	0.01860	0.00930	0.00698	0.00698	0.00233	0.00930	0.00620	0.00310	0.00775
27	0.08372	0.01152	0.01470	0.01169	0.01631	0.01056	0.00939	0.02968	0.04928	0.52361	0.02501	0.02495	0.01735	0.08409	0.02950	0.00284	0.00629	0.00706	0.00754	0.03493
28	0.01147	0.00673	0.01000	0.03860	0.01140	0.00717	0.00714	0.01038	0.00991	0.01350	0.01453	0.02448	0.01434	0.08395	0.20640	0.50637	0.00948	0.00673	0.00330	0.00413
29	0.01499	0.01271	0.01475	0.01058	0.01676	0.00983	0.00848	0.04646	0.01526	0.02365	0.01259	0.01457	0.01040	0.00531	0.00525	0.00108	0.00528	0.00423	0.00426	0.76356
30	0.01203	0.00609	0.00902	0.00902	0.00902	0.00609	0.00597	0.00914	0.00914	0.01219	0.01259	0.02238	0.01275	0.05914	0.02767	0.75922	0.00609	0.00626	0.00309	0.00309
31	0.01647	0.01882	0.04118	0.02941	0.03647	0.01765	0.68588	0.02235	0.01647	0.02235	0.01412	0.01882	0.01059	0.00588	0.00824	0.00235	0.01176	0.00824	0.00353	0.00941
32	0.01400	0.03610	0.71860	0.01989	0.03020	0.01621	0.02578	0.02210	0.01473	0.02210	0.01252	0.01473	0.00884	0.00663	0.00663	0.00221	0.01031	0.00516	0.00295	0.01031
33	0.01591	0.01738	0.03460	0.02574	0.03070	0.01816	0.47931	0.02053	0.01495	0.02084	0.01392	0.02076	0.01163	0.00817	0.01212	0.00258	0.20135	0.03902	0.00354	0.00881
34	0.12413	0.01266	0.01584	0.01230	0.01759	0.01178	0.01016	0.08238	0.01998	0.58210	0.02456	0.02172	0.01569	0.00836	0.00669	0.00215	0.00601	0.00657	0.00799	0.01135
35	0.00918	0.00711	0.00836	0.00805	0.01000	0.00629	0.00604	0.01182	0.01811	0.02409	0.43571	0.05854	0.34011	0.01572	0.00824	0.00226	0.00340	0.01352	0.00717	0.00629
36	0.01447	0.01240	0.01447	0.01034	0.01654	0.00930	0.00827	0.01757	0.01447	0.02274	0.01240	0.01447	0.01034	0.00517	0.00517	0.00103	0.00517	0.00413	0.00413	0.79742
37	0.01035	0.00804	0.01195	0.01173	0.01289	0.00964	0.00920	0.01278	0.01118	0.01624	0.01800	0.02653	0.01684	0.04941	0.67582	0.01062	0.07136	0.00738	0.00369	0.00633
38	0.01377	0.01166	0.01372	0.01026	0.01578	0.00887	0.00806	0.01665	0.01434	0.02216	0.01547	0.10107	0.01455	0.00713	0.00561	0.00125	0.00504	0.00598	0.00441	0.70423
39	0.01736	0.01499	0.01578	0.01420	0.01815	0.01736	0.01105	0.03708	0.69862	0.02919	0.02840	0.02604	0.02130	0.00947	0.00710	0.00237	0.00552	0.00789	0.00710	0.01105
40	0.02653	0.01955	0.02094	0.01606	0.02164	0.02164	0.01326	0.68796	0.03281	0.04398	0.01675	0.01675	0.01187	0.00838	0.00698	0.00209	0.00768	0.00628	0.00698	0.01187
41	0.01014	0.00680	0.00778	0.00778	0.00783	0.00686	0.00444	0.01025	0.01020	0.01365	0.02184	0.04482	0.02500	0.72237	0.06741	0.00697	0.00732	0.01002	0.00421	0.00432
42	0.01527	0.01527	0.02137	0.01832	0.01832	0.02137	0.01527	0.01679	0.01069	0.01679	0.00916	0.01527	0.00916	0.01221	0.02290	0.00305	0.74198	0.00611	0.00305	0.00763
43	0.01447	0.01240	0.01447	0.01034	0.01654	0.00930	0.00827	0.01757	0.01447	0.02274	0.01240	0.01447	0.01034	0.00517	0.00517	0.00103	0.00517	0.00413	0.00413	0.79742
44	0.01675	0.01381	0.01704	0.01288	0.01801	0.01286	0.03251	0.11733	0.01691	0.04642	0.01405	0.04035	0.01185	0.00724	0.00798	0.00159	0.09963	0.00546	0.00462	0.50271
45	0.02529	0.05513	0.02052	0.01682	0.02120	0.40922	0.01317	0.25087	0.07460	0.02703	0.01407	0.01494	0.01088	0.00771	0.00652	0.00193	0.01021	0.00532	0.00498	0.00962
46	0.00919	0.00659	0.00859	0.00996	0.01056	0.00628	0.00674	0.03576	0.01411	0.01882	0.03763	0.72204	0.04484	0.02134	0.00883	0.00281	0.00419	0.01932	0.00650	0.00591
47	0.07807	0.01308	0.01528	0.01197	0.01697	0.04388	0.00971	0.07153	0.01934	0.40626	0.09290	0.02334	0.01976	0.00842	0.00662	0.00196	0.00592	0.00674	0.00716	0.14111
48	0.00946	0.00642	0.00781	0.00858	0.00883	0.00623	0.00533	0.01015	0.01185	0.01602	0.02992	0.38324	0.03509	0.37682	0.02167	0.00470	0.00534	0.01467	0.03285	0.00500
49	0.00917	0.00635	0.00790	0.00886	0.00910	0.00611	0.00556	0.00989	0.01205	0.01607	0.03176	0.46372	0.03770	0.31988	0.01973	0.00443	0.00515	0.01590	0.00556	0.00508
50	0.01590	0.22697	0.47941	0.01804	0.02676	0.05322	0.04588	0.02207	0.01489	0.02036	0.01175	0.01384	0.00894	0.00645	0.00610	0.00201	0.00972	0.00486	0.00301	0.00981
51	0.02685	0.01902	0.02062	0.01581	0.02138	0.02086	0.01306	0.64331	0.03193	0.08986	0.01749	0.01723	0.01224	0.00839	0.00698	0.00210	0.00756	0.00633	0.00709	0.01187
52	0.01212	0.00606	0.00909	0.00909	0.00909	0.00606	0.00606	0.00909	0.00909	0.01212	0.01212	0.02121	0.01212	0.02424	0.02727	0.79697	0.00606	0.00606	0.00303	0.00303
53	0.00993	0.00730	0.00847	0.00835	0.01046	0.00641	0.00636	0.01225	0.01705	0.05163	0.25040	0.10549	0.40410	0.01666	0.00832	0.00239	0.00379	0.05733	0.00692	0.00637
54	0.01778	0.01822	0.02612	0.13468	0.14157	0.13323	0.21012	0.02364	0.09523	0.04795	0.01708	0.07179	0.01429	0.00801	0.00737	0.00224	0.00945	0.00773	0.00429	0.00922
55	0.01318	0.01240	0.02093	0.73798	0.04806	0.01550	0.01938	0.01783	0.01395	0.01783	0.01240	0.01860	0.00930	0.00698	0.00698	0.00233	0.00930	0.00620	0.00310	0.00775
56	0.01252	0.00767	0.01013	0.00929	0.01134	0.00700	0.00704	0.01561	0.01942	0.11465	0.58309	0.08842	0.05856	0.01399	0.00812	0.00223	0.00367	0.01232	0.00773	0.00720
57	0.01387	0.01310	0.02217	0.62133	0.15935	0.01568	0.01972	0.01843	0.01428	0.01866	0.01252	0.01838	0.00960	0.00685	0.00697	0.00228	0.00913	0.00620	0.00316	0.00831
58	0.04602	0.01412	0.02193	0.59905	0.04370	0.04867	0.06696	0.04200	0.01498	0.01957	0.01250	0.01799	0.00940	0.00694	0.00693	0.00229	0.00942	0.00618	0.00334	0.00802
59	0.02653	0.01955	0.02094	0.01606	0.02164	0.02164	0.01326	0.68796	0.03281	0.04398	0.01675	0.01675	0.01187	0.00838	0.00698	0.00209	0.00768	0.00628	0.00698	0.01187
60	0.01413	0.01338	0.02265	0.57590	0.20269	0.01575	0.01985	0.01867	0.01440	0.01899	0.01257	0.01829	0.00971	0.00680	0.00696	0.00227	0.00907	0.00621	0.00318	0.00852
61	0.01318	0.01240	0.02093	0.73798	0.04806	0.01550	0.01938	0.01783	0.01395	0.01783	0.01240	0.01860	0.00930	0.00698	0.00698	0.00233	0.00930	0.00620	0.00310	0.00775
62	0.02038	0.10717	0.02010	0.01533	0.03837	0.07724	0.01207	0.20449	0.34262	0.03034	0.04492	0.02137	0.01759	0.00865	0.00672	0.00213	0.00690	0.00681	0.00621	0.01061
63	0.01920	0.01506	0.01604	0.01379	0.01797	0.01688	0.01090	0.18217	0.44989	0.05810	0.02838	0.02662	0.06541	0.00969	0.00707	0.00227	0.00581	0.00790	0.03610	0.01075
64	0.00850	0.00607	0.00810	0.00972	0.01012	0.00567	0.00648	0.00972	0.01336	0.01781	0.03846	0.75020	0.04615	0.02186	0.00891	0.00283	0.00405	0.01984	0.00648	0.00567
65	0.01390	0.00854	0.01190	0.01279	0.01490	0.00833	0.01111	0.01705	0.01658	0.11299	0.03570	0.07143	0.03713	0.01787	0.00929	0.00307	0.00636	0.57718	0.00672	0.00715
66	0.00886	0.00633	0.00849	0.00998	0.01058	0.00596	0.00697	0.01040	0.01401	0.01871	0.07683	0.64110	0.04667	0.02116	0.00894	0.00284	0.00425	0.08555	0.00654	0.00580
67	0.01015	0.00677	0.00761	0.00761	0.00761	0.00677	0.00423	0.01015	0.01015	0.01353	0.02199	0.04567	0.02537	0.75476	0.03552	0.00677	0.00677	0.01015	0.00423	0.00423
68	0.03131	0.01188	0.01619	0.01242	0.01781	0.01026	0.01026	0.03401	0.01997	0.71606	0.02753	0.02375	0.01727	0.00864	0.00702	0.00216	0.00594	0.00702	0.00864	0.01188
69	0.80405	0.01350	0.01026	0.00918	0.01350	0.01565	0.00756	0.02051	0.01188	0.03131	0.00972	0.01134	0.00756	0.00648	0.00432	0.00216	0.00540	0.00378	0.00432	0.00756
70	0.80405	0.01350	0.01026	0.00918	0.01350	0.01565	0.00756	0.02051	0.01188	0.03131	0.00972	0.01134	0.00756	0.00648	0.00432	0.00216	0.00540	0.00378	0.00432	0.00756
71	0.80405	0.01350	0.01026	0.00918	0.01350	0.01565	0.00756	0.02051	0.01188	0.03131	0.00972	0.01134	0.00756	0.00648	0.00432	0.00216	0.00540	0.00378	0.00432	0.00756

[dist]
# distance from previous block
# <min> <max>
2	6

[block]
# block no. 4 follows, 30 sequences, length 19
# corresponding to MSA columns:
# 303-321
name=unknown_E
#
# <colnr> <probs for GDERKNQSTAVLIFYWHMCP>
#	G	D	E	R	K	N	Q	S	T	A	V	L	I	F	Y	W	H	M	C	P
0	0.21918	0.01752	0.01785	0.01412	0.01930	0.01950	0.01162	0.46465	0.06022	0.06615	0.01600	0.01614	0.01148	0.00797	0.00633	0.00213	0.00694	0.00577	0.00639	0.01076
1	0.10625	0.01457	0.01694	0.05745	0.02005	0.03605	0.01130	0.20838	0.02199	0.36976	0.02182	0.05087	0.01530	0.00876	0.00679	0.00217	0.00669	0.00691	0.00716	0.01080
2	0.07562	0.02196	0.01761	0.01533	0.01943	0.27830	0.01191	0.16135	0.19931	0.06892	0.01871	0.04895	0.01478	0.00869	0.00666	0.00210	0.00851	0.00650	0.00567	0.00971
3	0.01407	0.01198	0.01404	0.01029	0.01611	0.00906	0.00815	0.01704	0.01440	0.02241	0.01415	0.06381	0.01274	0.00629	0.00542	0.00115	0.00509	0.00519	0.00429	0.74432
4	0.02554	0.03214	0.01953	0.01775	0.02136	0.68341	0.01333	0.02843	0.06124	0.01782	0.01186	0.01341	0.00974	0.00733	0.00634	0.00183	0.01215	0.00470	0.00381	0.00827
5	0.00867	0.00709	0.00766	0.00751	0.00969	0.00607	0.00563	0.01083	0.01690	0.02122	0.23610	0.06325	0.54151	0.01679	0.00824	0.00231	0.00347	0.01418	0.00679	0.00607
6	0.01318	0.01240	0.02093	0.73798	0.04806	0.01550	0.01938	0.01783	0.01395	0.01783	0.01240	0.01860	0.00930	0.00698	0.00698	0.00233	0.00930	0.00620	0.00310	0.00775
7	0.01318	0.01240	0.02093	0.73798	0.04806	0.01550	0.01938	0.01783	0.01395	0.01783	0.01240	0.01860	0.00930	0.00698	0.00698	0.00233	0.00930	0.00620	0.00310	0.00775
8	0.02653	0.01955	0.02094	0.01606	0.02164	0.02164	0.01326	0.68796	0.03281	0.04398	0.01675	0.01675	0.01187	0.00838	0.00698	0.00209	0.00768	0.00628	0.00698	0.01187
9	0.00825	0.00707	0.00707	0.00707	0.00943	0.00589	0.00530	0.01001	0.01591	0.01885	0.07069	0.06716	0.70839	0.01767	0.00825	0.00236	0.00353	0.01473	0.00648	0.00589
