[name]
unknown

[dist]
# distance from previous block
# <min> <max>
0	31

[block]
# block no. 0 follows, 31 sequences, length 15
# corresponding to MSA columns:
# 32-46
name=unknown_A
#
# <colnr> <probs for GDERKNQSTAVLIFYWHMCP>
#	G	D	E	R	K	N	Q	S	T	A	V	L	I	F	Y	W	H	M	C	P
0	0.01728	0.34757	0.02894	0.04268	0.08474	0.08866	0.09512	0.02076	0.03772	0.01846	0.01440	0.02167	0.01336	0.00810	0.00709	0.00200	0.05219	0.08703	0.00365	0.00859
1	0.03845	0.01966	0.19628	0.10293	0.24907	0.01536	0.07999	0.04279	0.01514	0.02221	0.01403	0.04881	0.01168	0.00732	0.00745	0.00214	0.04380	0.00646	0.03716	0.03928
2	0.01003	0.00991	0.09654	0.01074	0.01267	0.00708	0.00881	0.01223	0.01393	0.04924	0.06745	0.57649	0.06149	0.01854	0.00832	0.00263	0.00476	0.01663	0.00607	0.00643
3	0.02216	0.01792	0.02066	0.01617	0.02118	0.10438	0.10288	0.28524	0.06822	0.11151	0.03752	0.05372	0.01530	0.00834	0.00689	0.00202	0.00780	0.00700	0.00591	0.08521
4	0.01583	0.01597	0.11346	0.10164	0.04200	0.01366	0.15554	0.08771	0.06858	0.08093	0.05184	0.15629	0.02126	0.01041	0.00756	0.00235	0.00772	0.03324	0.00516	0.00886
5	0.00975	0.00655	0.00752	0.00772	0.00776	0.00650	0.00442	0.00990	0.01034	0.01378	0.02355	0.13228	0.02738	0.66863	0.03161	0.00616	0.00630	0.01112	0.00442	0.00432
6	0.01057	0.00903	0.04253	0.01117	0.01256	0.00843	0.00878	0.05090	0.01430	0.01924	0.03250	0.41913	0.06091	0.06353	0.05609	0.00350	0.04829	0.11652	0.00573	0.00630
7	0.01717	0.25000	0.31066	0.02056	0.14006	0.06441	0.01893	0.06528	0.01593	0.02119	0.01171	0.01381	0.00927	0.00638	0.00591	0.00190	0.00891	0.00484	0.00328	0.00980
8	0.02522	0.01877	0.02009	0.01558	0.02092	0.02085	0.01281	0.63634	0.09118	0.04184	0.01743	0.01722	0.01245	0.00831	0.00685	0.00208	0.00734	0.00630	0.00685	0.01156
9	0.80789	0.01323	0.01006	0.00900	0.01323	0.01535	0.00741	0.02011	0.01164	0.03070	0.00953	0.01111	0.00741	0.00635	0.00423	0.00212	0.00529	0.00370	0.00423	0.00741
10	0.00843	0.00694	0.00740	0.00729	0.00945	0.00592	0.00547	0.01048	0.01640	0.02039	0.20662	0.06270	0.57561	0.01661	0.00808	0.00228	0.00341	0.01400	0.00660	0.00592
11	0.01198	0.00905	0.01242	0.01171	0.01337	0.01051	0.00918	0.09629	0.01355	0.01916	0.01786	0.02579	0.01641	0.07037	0.59077	0.00943	0.04410	0.00723	0.00405	0.00677
12	0.01485	0.01992	0.19506	0.30499	0.03680	0.01659	0.18657	0.06178	0.01545	0.02113	0.01269	0.01708	0.00947	0.00687	0.00796	0.00229	0.05201	0.00633	0.00334	0.00885
13	0.01186	0.00836	0.00975	0.00964	0.01068	0.00853	0.00648	0.11939	0.01481	0.01978	0.02740	0.33347	0.03116	0.33445	0.01957	0.00431	0.00568	0.01326	0.00549	0.00593
14	0.01771	0.15859	0.27839	0.01655	0.02320	0.19693	0.04104	0.02311	0.05558	0.02006	0.03051	0.01502	0.01107	0.00672	0.00604	0.00185	0.00933	0.00501	0.00354	0.07973

[dist]
# distance from previous block
# <min> <max>
1	3

[block]
# block no. 1 follows, 31 sequences, length 35
# corresponding to MSA columns:
# 50-84
name=unknown_B
#
# <colnr> <probs for GDERKNQSTAVLIFYWHMCP>
#	G	D	E	R	K	N	Q	S	T	A	V	L	I	F	Y	W	H	M	C	P
0	0.06755	0.06591	0.02039	0.06241	0.07450	0.50177	0.01368	0.06181	0.03545	0.01968	0.01147	0.01345	0.00935	0.00698	0.00611	0.00185	0.01074	0.00473	0.00376	0.00842
1	0.02346	0.01041	0.01372	0.01132	0.01498	0.00970	0.00886	0.02681	0.09374	0.43785	0.05654	0.02570	0.01919	0.05711	0.01228	0.14910	0.00572	0.00725	0.00698	0.00926
2	0.00968	0.00686	0.00840	0.00809	0.00916	0.00648	0.00554	0.01165	0.01572	0.02175	0.42312	0.04970	0.08948	0.28491	0.01778	0.00379	0.00448	0.01162	0.00623	0.00558
3	0.00995	0.00663	0.00746	0.00746	0.00746	0.00663	0.00415	0.00995	0.00995	0.01327	0.02156	0.04477	0.02487	0.75957	0.03482	0.00663	0.00663	0.00995	0.00415	0.00415
4	0.00855	0.00680	0.00769	0.00794	0.00974	0.00594	0.00587	0.01052	0.01586	0.02008	0.18550	0.19000	0.44213	0.01750	0.00825	0.00240	0.00362	0.03916	0.00658	0.00588
5	0.01829	0.76368	0.03585	0.01171	0.01756	0.02707	0.01171	0.02049	0.01390	0.01610	0.00951	0.01097	0.00878	0.00585	0.00439	0.00146	0.00732	0.00366	0.00293	0.00878
6	0.01516	0.01277	0.01470	0.01068	0.01664	0.01028	0.00856	0.06834	0.03848	0.02406	0.01300	0.01473	0.01060	0.00544	0.00526	0.00113	0.00526	0.00433	0.00436	0.71621
7	0.00961	0.00699	0.00905	0.00853	0.01018	0.00643	0.00640	0.01278	0.01920	0.02704	0.68509	0.05175	0.09299	0.01413	0.00807	0.00216	0.00324	0.01246	0.00748	0.00643
8	0.01292	0.01216	0.02052	0.74312	0.04712	0.01520	0.01900	0.01748	0.01368	0.01748	0.01216	0.01824	0.00912	0.00684	0.00684	0.00228	0.00912	0.00608	0.00304	0.00760
9	0.00953	0.00731	0.00877	0.00849	0.01033	0.00677	0.00633	0.01305	0.05492	0.02421	0.44262	0.10769	0.24420	0.01524	0.00806	0.00225	0.00347	0.01325	0.00708	0.00643
10	0.00889	0.00664	0.00834	0.00955	0.01043	0.00631	0.00662	0.01124	0.05234	0.01833	0.04113	0.60199	0.12893	0.02014	0.00858	0.00271	0.00407	0.04148	0.00638	0.00591
11	0.02556	0.03261	0.01939	0.01763	0.02115	0.73210	0.01322	0.02732	0.01939	0.01674	0.01058	0.01234	0.00881	0.00705	0.00617	0.00176	0.01234	0.00441	0.00353	0.00793
12	0.01259	0.01171	0.01947	0.66214	0.04321	0.01454	0.01783	0.01678	0.01355	0.01745	0.01423	0.08028	0.01216	0.00821	0.00741	0.00234	0.02815	0.00720	0.00332	0.00742
13	0.02301	0.01701	0.01784	0.01429	0.01858	0.05636	0.01147	0.47511	0.02643	0.07437	0.01840	0.06380	0.01499	0.06511	0.00943	0.00244	0.03138	0.00720	0.04268	0.01013
14	0.00969	0.00725	0.01082	0.01091	0.01209	0.00838	0.00843	0.01207	0.01111	0.01597	0.01941	0.06781	0.01869	0.04963	0.69177	0.01053	0.01752	0.00801	0.00382	0.00608
15	0.02017	0.01774	0.01720	0.01492	0.01876	0.11865	0.01175	0.13038	0.41828	0.06713	0.02227	0.02141	0.01670	0.00896	0.00798	0.00224	0.06203	0.00685	0.00625	0.01033
16	0.01345	0.01292	0.02200	0.61527	0.07923	0.01579	0.05525	0.01783	0.01368	0.01790	0.01206	0.01795	0.00927	0.00712	0.00804	0.00232	0.06283	0.00618	0.00308	0.00785
17	0.01013	0.00700	0.00812	0.00804	0.00805	0.00727	0.00474	0.01024	0.01009	0.01357	0.02155	0.06936	0.02486	0.69707	0.03328	0.00632	0.04166	0.01011	0.00417	0.00436
18	0.01553	0.01401	0.02194	0.48489	0.13326	0.01631	0.04213	0.10769	0.05588	0.02229	0.01377	0.01825	0.01040	0.00702	0.00688	0.00222	0.00865	0.00626	0.00382	0.00881
19	0.00950	0.00695	0.00891	0.00849	0.01013	0.00637	0.00634	0.01253	0.01883	0.02633	0.63542	0.07538	0.12019	0.01452	0.00809	0.00219	0.00327	0.01278	0.00739	0.00637
20	0.02544	0.01874	0.02013	0.01554	0.02086	0.02072	0.01279	0.67223	0.03156	0.04230	0.01710	0.03999	0.01271	0.00863	0.00690	0.00208	0.00741	0.00658	0.00683	0.01144
21	0.01505	0.01271	0.01501	0.04870	0.01821	0.01038	0.00906	0.07019	0.01557	0.02367	0.01249	0.01457	0.01020	0.00540	0.00530	0.00116	0.00547	0.00432	0.00422	0.69832
22	0.02535	0.01800	0.01946	0.01507	0.02031	0.01976	0.01240	0.59652	0.06261	0.08283	0.01784	0.01763	0.01262	0.00827	0.00677	0.00205	0.00716	0.00629	0.03765	0.01139
23	0.10304	0.01301	0.01532	0.01250	0.01714	0.01314	0.01016	0.10313	0.17222	0.37943	0.05308	0.02429	0.01882	0.00889	0.00674	0.00218	0.00577	0.02301	0.00744	0.01069
24	0.00977	0.00733	0.01100	0.01100	0.01222	0.00855	0.00855	0.01222	0.01100	0.01588	0.01833	0.02688	0.01710	0.05131	0.73245	0.01100	0.01833	0.00733	0.00367	0.00611
25	0.00977	0.00733	0.01100	0.01100	0.01222	0.00855	0.00855	0.01222	0.01100	0.01588	0.01833	0.02688	0.01710	0.05131	0.73245	0.01100	0.01833	0.00733	0.00367	0.00611
26	0.02286	0.01699	0.01833	0.01416	0.01936	0.01816	0.01158	0.51205	0.06323	0.03805	0.01681	0.01722	0.01232	0.00779	0.00644	0.00188	0.00675	0.00595	0.06274	0.12734
27	0.01292	0.01216	0.02052	0.74312	0.04712	0.01520	0.01900	0.01748	0.01368	0.01748	0.01216	0.01824	0.00912	0.00684	0.00684	0.00228	0.00912	0.00608	0.00304	0.00760
28	0.01060	0.00718	0.00833	0.03983	0.00957	0.00737	0.00505	0.02799	0.01085	0.01469	0.02104	0.04214	0.02356	0.67823	0.03172	0.00613	0.00663	0.00954	0.03498	0.00457
29	0.00995	0.00663	0.00746	0.00746	0.00746	0.00663	0.00415	0.00995	0.00995	0.01327	0.02156	0.04477	0.02487	0.75957	0.03482	0.00663	0.00663	0.00995	0.00415	0.00415
30	0.01755	0.20529	0.27051	0.01861	0.07507	0.15029	0.03558	0.02282	0.05252	0.01963	0.01207	0.01414	0.00964	0.00677	0.00674	0.00194	0.04433	0.00492	0.00332	0.02827
31	0.02171	0.01765	0.05612	0.01439	0.01957	0.01794	0.01218	0.43793	0.13056	0.03607	0.01802	0.01868	0.01340	0.02479	0.00718	0.00208	0.00683	0.00624	0.05421	0.08445
32	0.06133	0.01841	0.10235	0.04717	0.26734	0.08370	0.06658	0.04859	0.06312	0.04552	0.01864	0.08824	0.04210	0.00851	0.00690	0.00216	0.00802	0.00755	0.00433	0.00942
33	0.01739	0.03342	0.01992	0.06010	0.02094	0.14632	0.08698	0.02234	0.10564	0.04569	0.03397	0.01855	0.01337	0.00851	0.01033	0.00216	0.18946	0.00618	0.07656	0.08215
34	0.01796	0.01514	0.03431	0.01558	0.06024	0.05401	0.04790	0.23253	0.07172	0.04577	0.02177	0.20171	0.02051	0.01088	0.00709	0.00213	0.00663	0.00936	0.02748	0.09732

[dist]
# distance from previous block
# <min> <max>
10	26

[block]
# block no. 2 follows, 31 sequences, length 15
# corresponding to MSA columns:
# 111-125
name=unknown_C
#
# <colnr> <probs for GDERKNQSTAVLIFYWHMCP>
#	G	D	E	R	K	N	Q	S	T	A	V	L	I	F	Y	W	H	M	C	P
0	0.01666	0.01557	0.02290	0.10383	0.39079	0.03679	0.01691	0.05755	0.04537	0.02280	0.01325	0.01665	0.01085	0.00653	0.00717	0.00191	0.04185	0.00572	0.00381	0.16309
1	0.01887	0.04173	0.08296	0.02987	0.35099	0.01796	0.10418	0.18890	0.04909	0.02747	0.01437	0.01699	0.01117	0.00674	0.00687	0.00208	0.00843	0.00628	0.00435	0.01071
2	0.01502	0.04522	0.01382	0.01051	0.01429	0.03532	0.00805	0.11964	0.03511	0.02324	0.04003	0.06786	0.04246	0.16132	0.01186	0.00261	0.00585	0.00730	0.04160	0.29890
3	0.01401	0.01400	0.02392	0.13723	0.02631	0.01625	0.19413	0.01731	0.01291	0.01840	0.01344	0.05541	0.01216	0.01380	0.09068	0.00343	0.27265	0.00728	0.00343	0.05324
4	0.01665	0.01112	0.01316	0.01133	0.01474	0.01083	0.00879	0.15982	0.05048	0.11309	0.06050	0.20668	0.04065	0.03386	0.03233	0.00253	0.00575	0.02794	0.03536	0.14439
5	0.00979	0.00749	0.00949	0.00968	0.01148	0.00644	0.00679	0.01144	0.01337	0.01866	0.03137	0.57117	0.03653	0.01737	0.00782	0.00234	0.00424	0.01563	0.00578	0.20312
6	0.02567	0.02927	0.01967	0.01716	0.02117	0.55562	0.01317	0.19284	0.02256	0.02329	0.01203	0.01335	0.00951	0.00734	0.00634	0.00183	0.01114	0.00484	0.00435	0.00885
7	0.01636	0.15862	0.39213	0.01547	0.02281	0.01562	0.01785	0.02171	0.01554	0.12286	0.08713	0.05172	0.01726	0.00810	0.00644	0.00206	0.00800	0.00646	0.00434	0.00952
8	0.16581	0.01306	0.01955	0.43658	0.15786	0.01512	0.01663	0.01953	0.01397	0.06178	0.01265	0.01695	0.00955	0.00671	0.00633	0.00220	0.00802	0.00568	0.00364	0.00837
9	0.01372	0.03539	0.72412	0.01950	0.02961	0.01589	0.02528	0.02167	0.01444	0.02167	0.01228	0.01444	0.00867	0.00650	0.00650	0.00217	0.01011	0.00506	0.00289	0.01011
10	0.01426	0.01500	0.03059	0.10675	0.05243	0.01452	0.44546	0.01894	0.01530	0.02078	0.01906	0.13288	0.03454	0.00869	0.00787	0.00234	0.00947	0.00964	0.03314	0.00833
11	0.02041	0.00982	0.01249	0.01063	0.01427	0.00880	0.00847	0.05701	0.01841	0.36659	0.08746	0.11852	0.18318	0.01278	0.00756	0.00228	0.00500	0.03980	0.00750	0.00901
12	0.02953	0.01351	0.01703	0.01306	0.01840	0.01283	0.01079	0.19737	0.02271	0.55318	0.02437	0.02158	0.01562	0.00840	0.00687	0.00210	0.00625	0.00670	0.00806	0.01164
13	0.03935	0.39676	0.06880	0.01336	0.01822	0.19783	0.01212	0.02169	0.01544	0.05310	0.01396	0.09454	0.01320	0.00806	0.00556	0.00178	0.00823	0.00584	0.00377	0.00840
14	0.01340	0.01481	0.06754	0.20895	0.07181	0.01389	0.28080	0.01783	0.01467	0.01975	0.01879	0.18895	0.01807	0.00974	0.00774	0.00239	0.00887	0.00990	0.00398	0.00810

[dist]
# distance from previous block
# <min> <max>
0	11

[block]
# block no. 3 follows, 31 sequences, length 22
# corresponding to MSA columns:
# 137-158
name=unknown_D
#
# <colnr> <probs for GDERKNQSTAVLIFYWHMCP>
#	G	D	E	R	K	N	Q	S	T	A	V	L	I	F	Y	W	H	M	C	P
0	0.02982	0.01197	0.01600	0.01223	0.01757	0.01048	0.01010	0.05987	0.01988	0.66485	0.02594	0.02263	0.01644	0.00832	0.00680	0.00207	0.00586	0.00673	0.00822	0.04422
1	0.01417	0.01384	0.01940	0.01692	0.01703	0.01907	0.01395	0.01570	0.01069	0.01649	0.01158	0.06686	0.01202	0.01524	0.06863	0.00351	0.64737	0.00701	0.00327	0.00726
2	0.01401	0.03367	0.66157	0.02152	0.09134	0.01592	0.02489	0.02161	0.01455	0.02173	0.01233	0.01467	0.00886	0.00646	0.00652	0.00215	0.00993	0.00515	0.00293	0.01018
3	0.02098	0.04152	0.05572	0.01237	0.01672	0.01416	0.01057	0.27532	0.03963	0.15741	0.04947	0.06525	0.01806	0.00908	0.00645	0.00200	0.00595	0.00728	0.18238	0.00968
4	0.00853	0.00603	0.00788	0.00928	0.00963	0.00568	0.00609	0.00958	0.01273	0.01697	0.03580	0.67125	0.04284	0.10857	0.01181	0.00323	0.00428	0.01833	0.00609	0.00539
5	0.00874	0.00625	0.00837	0.00974	0.01038	0.00588	0.00683	0.01034	0.01400	0.01877	0.10564	0.61545	0.04660	0.02043	0.00874	0.00275	0.00413	0.08475	0.00646	0.00572
6	0.16793	0.01853	0.17523	0.14689	0.20214	0.01510	0.04422	0.02084	0.03372	0.04974	0.05242	0.01795	0.01292	0.00697	0.00637	0.00215	0.00789	0.00591	0.00391	0.00918
7	0.02510	0.05139	0.10357	0.01388	0.01949	0.04028	0.01256	0.17342	0.04973	0.36324	0.06053	0.02143	0.01698	0.00835	0.00676	0.00208	0.00685	0.00661	0.00689	0.01086
8	0.01877	0.01650	0.01601	0.01519	0.05705	0.12894	0.01112	0.05712	0.37692	0.08441	0.07381	0.02690	0.06820	0.00951	0.00697	0.00217	0.00651	0.00775	0.00633	0.00982
9	0.04123	0.33070	0.34749	0.01572	0.02345	0.02006	0.03776	0.02201	0.01457	0.07174	0.01220	0.01370	0.00934	0.00636	0.00564	0.00188	0.00854	0.00467	0.00338	0.00957
10	0.00859	0.00617	0.00796	0.00912	0.00971	0.00575	0.00611	0.00991	0.01359	0.01816	0.10528	0.58733	0.08241	0.08248	0.01082	0.00301	0.00409	0.01767	0.00628	0.00554
11	0.00895	0.00665	0.00895	0.04498	0.01209	0.00627	0.00707	0.01050	0.01348	0.01820	0.06612	0.64534	0.04241	0.01946	0.00840	0.00263	0.00425	0.01761	0.00612	0.05054
12	0.02174	0.10993	0.14433	0.01899	0.11338	0.11959	0.01547	0.20525	0.02066	0.11777	0.01565	0.03960	0.01205	0.00765	0.00645	0.00199	0.00838	0.00594	0.00496	0.01021
13	0.01237	0.00831	0.00971	0.00937	0.01124	0.03024	0.00684	0.01498	0.03682	0.10546	0.27017	0.22282	0.14744	0.07048	0.00998	0.00265	0.00437	0.01322	0.00677	0.00676
14	0.01104	0.00844	0.01052	0.01126	0.01298	0.00862	0.00891	0.01647	0.13983	0.02146	0.08614	0.25386	0.09109	0.01739	0.00860	0.00276	0.00505	0.27218	0.00653	0.00688
15	0.07162	0.01376	0.01974	0.30208	0.18653	0.01546	0.01580	0.14773	0.01754	0.02503	0.01496	0.05327	0.01226	0.00769	0.00658	0.00214	0.00762	0.00660	0.06467	0.00890
16	0.15352	0.05381	0.05998	0.02046	0.16052	0.28333	0.01419	0.07194	0.06013	0.04238	0.01285	0.01453	0.01015	0.00692	0.00603	0.00195	0.00903	0.00503	0.00414	0.00913
17	0.00854	0.00617	0.00813	0.00963	0.01023	0.00576	0.00667	0.00992	0.01345	0.01777	0.03937	0.66103	0.08246	0.02100	0.00875	0.00278	0.00413	0.07224	0.00635	0.00563
18	0.01684	0.01585	0.02258	0.42558	0.13459	0.07205	0.05607	0.13231	0.01763	0.02266	0.01295	0.01731	0.00983	0.00692	0.00685	0.00217	0.00910	0.00608	0.00379	0.00885
19	0.17758	0.12439	0.01962	0.04265	0.01940	0.14866	0.01153	0.27999	0.02148	0.03006	0.01320	0.01446	0.01012	0.00723	0.00574	0.00191	0.00775	0.00501	0.04994	0.00927
20	0.04200	0.45054	0.22686	0.01443	0.02124	0.07636	0.01556	0.04874	0.01514	0.01926	0.01065	0.01228	0.00882	0.00624	0.00521	0.00173	0.00843	0.00421	0.00316	0.00916
21	0.13382	0.15397	0.07217	0.01208	0.01629	0.06029	0.01056	0.17373	0.01811	0.02564	0.07446	0.04821	0.04649	0.11451	0.01010	0.00263	0.00689	0.00698	0.00487	0.00821

[dist]
# distance from previous block
# <min> <max>
3	14

[block]
# block no. 4 follows, 31 sequences, length 11
# corresponding to MSA columns:
# 173-183
name=unknown_E
#
# <colnr> <probs for GDERKNQSTAVLIFYWHMCP>
#	G	D	E	R	K	N	Q	S	T	A	V	L	I	F	Y	W	H	M	C	P
0	0.05193	0.09238	0.13360	0.01496	0.05113	0.01490	0.04382	0.06720	0.01531	0.04903	0.01372	0.01616	0.01088	0.00704	0.00756	0.00182	0.09148	0.00522	0.10807	0.20380
1	0.27958	0.08619	0.09546	0.01307	0.01757	0.01765	0.01194	0.16170	0.03455	0.02848	0.06314	0.01767	0.03082	0.00835	0.00790	0.00218	0.10465	0.00566	0.00471	0.00872
2	0.11918	0.18800	0.08432	0.01294	0.01781	0.09920	0.01170	0.14268	0.01855	0.04835	0.12059	0.01972	0.01832	0.00946	0.03156	0.00220	0.00756	0.00592	0.00483	0.03711
3	0.04015	0.02966	0.51820	0.01993	0.02837	0.01624	0.11427	0.02102	0.01423	0.02157	0.01211	0.01492	0.00894	0.00682	0.00798	0.00221	0.07429	0.00547	0.00307	0.04056
4	0.01297	0.01323	0.04170	0.09101	0.02373	0.01335	0.21071	0.01640	0.01424	0.01992	0.07838	0.19645	0.02293	0.01141	0.01041	0.00243	0.13960	0.01021	0.00440	0.06652
5	0.02552	0.05165	0.01999	0.01468	0.01995	0.01946	0.01219	0.55351	0.02899	0.11869	0.01762	0.01742	0.01241	0.00812	0.00663	0.00201	0.00710	0.00614	0.04667	0.01124
6	0.00953	0.00646	0.00759	0.00800	0.00810	0.00635	0.00472	0.00984	0.01077	0.01435	0.02575	0.22904	0.03016	0.56809	0.02805	0.00563	0.00594	0.01241	0.00472	0.00451
7	0.01034	0.00794	0.00953	0.00925	0.01119	0.00769	0.00709	0.01494	0.09617	0.02421	0.38874	0.05397	0.19435	0.04911	0.00933	0.00252	0.00403	0.08598	0.00692	0.00669
8	0.01418	0.10892	0.65462	0.01871	0.02839	0.01702	0.02391	0.02155	0.01439	0.02110	0.01200	0.01409	0.00868	0.00643	0.00629	0.00210	0.00983	0.00491	0.00289	0.00998
9	0.00891	0.00674	0.00907	0.01026	0.01062	0.00690	0.00710	0.01013	0.01287	0.01738	0.03520	0.69048	0.04208	0.02061	0.00993	0.00280	0.06884	0.01827	0.00606	0.00573
10	0.68264	0.01238	0.00989	0.00884	0.01281	0.01409	0.00722	0.02022	0.01230	0.06050	0.01176	0.01330	0.00899	0.00663	0.00441	0.00206	0.00507	0.00415	0.09526	0.00748

[dist]
# distance from previous block
# <min> <max>
0	2

[block]
# block no. 5 follows, 31 sequences, length 15
# corresponding to MSA columns:
# 186-200
name=unknown_F
#
# <colnr> <probs for GDERKNQSTAVLIFYWHMCP>
#	G	D	E	R	K	N	Q	S	T	A	V	L	I	F	Y	W	H	M	C	P
0	0.01262	0.00811	0.01314	0.01175	0.01238	0.00869	0.06900	0.01095	0.00975	0.01332	0.01173	0.01992	0.01142	0.02079	0.02456	0.63733	0.09136	0.00614	0.00302	0.00405
1	0.01535	0.01697	0.03581	0.02597	0.03193	0.01624	0.57931	0.02061	0.01623	0.02227	0.09373	0.02202	0.01652	0.00702	0.00880	0.00232	0.04771	0.00846	0.00390	0.00882
2	0.02998	0.01279	0.01659	0.01272	0.01804	0.01176	0.01051	0.13414	0.02150	0.61811	0.02538	0.02224	0.01613	0.00843	0.00687	0.00211	0.00608	0.00677	0.00822	0.01164
3	0.01424	0.01235	0.01464	0.01065	0.01633	0.00991	0.00856	0.01718	0.01394	0.02191	0.01195	0.01424	0.01006	0.00552	0.00622	0.00114	0.05430	0.00418	0.00398	0.74871
4	0.01119	0.12326	0.01621	0.01222	0.01429	0.01053	0.08604	0.01316	0.01358	0.01772	0.02906	0.41974	0.03322	0.08325	0.01041	0.00291	0.00584	0.08567	0.00529	0.00642
5	0.00950	0.00689	0.00983	0.01025	0.01120	0.00757	0.00760	0.01150	0.01162	0.01649	0.02381	0.22233	0.02505	0.07988	0.47672	0.00824	0.01334	0.01068	0.03161	0.00586
6	0.01347	0.08947	0.55984	0.01721	0.02569	0.01535	0.02132	0.02024	0.01515	0.02210	0.11900	0.01976	0.01720	0.00759	0.00657	0.00211	0.00884	0.00606	0.00360	0.00945
7	0.00851	0.00695	0.00752	0.00738	0.00950	0.00596	0.00553	0.01064	0.01660	0.02087	0.24134	0.06190	0.54059	0.01643	0.00808	0.00227	0.00340	0.01389	0.00667	0.00596
8	0.01676	0.01326	0.01434	0.01268	0.01635	0.01468	0.00991	0.08517	0.46678	0.06523	0.10774	0.03158	0.09469	0.01049	0.00718	0.00227	0.00517	0.00875	0.00703	0.00994
9	0.00834	0.00595	0.00794	0.00953	0.00992	0.00556	0.00635	0.00953	0.01310	0.01746	0.03771	0.75510	0.04525	0.02143	0.00873	0.00278	0.00397	0.01945	0.00635	0.00556
10	0.02291	0.12697	0.02190	0.01738	0.05590	0.39658	0.01320	0.14990	0.02001	0.02183	0.01199	0.01405	0.00989	0.00964	0.04578	0.00234	0.04198	0.00494	0.00404	0.00877
11	0.01057	0.00776	0.00982	0.00960	0.01055	0.00810	0.00673	0.02782	0.01263	0.01777	0.08568	0.19976	0.02943	0.27501	0.13448	0.00522	0.05654	0.01112	0.03310	0.04829
12	0.01593	0.04180	0.02042	0.21196	0.08327	0.09883	0.05000	0.01902	0.01411	0.04157	0.01340	0.03534	0.01136	0.01001	0.04006	0.00256	0.16437	0.00617	0.05621	0.06363
13	0.01349	0.04035	0.05860	0.03706	0.03556	0.01311	0.22250	0.01704	0.01501	0.04061	0.10204	0.12969	0.08537	0.03256	0.01009	0.00245	0.08864	0.00995	0.00467	0.04121
14	0.09367	0.17549	0.03804	0.07921	0.01984	0.05703	0.01218	0.15075	0.01712	0.04708	0.01345	0.01610	0.01083	0.01000	0.04469	0.00248	0.11408	0.00534	0.08398	0.00862

[dist]
# distance from previous block
# <min> <max>
3	24

[block]
# block no. 6 follows, 31 sequences, length 77
# corresponding to MSA columns:
# 225-301
name=unknown_G
#
# <colnr> <probs for GDERKNQSTAVLIFYWHMCP>
#	G	D	E	R	K	N	Q	S	T	A	V	L	I	F	Y	W	H	M	C	P
0	0.04285	0.03917	0.01640	0.01288	0.01624	0.03060	0.06961	0.21692	0.01911	0.02783	0.01914	0.02243	0.03850	0.03199	0.09835	0.00320	0.04545	0.00670	0.23435	0.00829
1	0.03496	0.11449	0.04423	0.05259	0.07589	0.11869	0.01113	0.10348	0.01734	0.02285	0.04469	0.02560	0.10656	0.03900	0.03079	0.00238	0.00732	0.00698	0.13304	0.00802
2	0.03541	0.08874	0.53099	0.01903	0.05340	0.01641	0.04735	0.04275	0.01531	0.02255	0.05564	0.01667	0.01235	0.00692	0.00645	0.00211	0.00923	0.00555	0.00338	0.00975
3	0.01564	0.04729	0.09621	0.10311	0.11439	0.01669	0.41328	0.02097	0.01546	0.02128	0.01314	0.01734	0.01007	0.00594	0.00732	0.00215	0.01018	0.00694	0.00337	0.05923
4	0.01534	0.01375	0.02156	0.43894	0.20752	0.01581	0.01802	0.08239	0.05103	0.02192	0.01389	0.01837	0.01067	0.00695	0.00676	0.00218	0.00833	0.00619	0.03151	0.00890
5	0.01168	0.01024	0.02898	0.00988	0.01202	0.06881	0.00766	0.01520	0.04482	0.04176	0.47455	0.10759	0.11283	0.01383	0.00785	0.00219	0.00442	0.01199	0.00686	0.00683
6	0.01165	0.00871	0.01013	0.01003	0.01150	0.00911	0.00708	0.01675	0.16604	0.04214	0.05954	0.26041	0.10722	0.20473	0.01529	0.00357	0.03076	0.01274	0.00592	0.00669
7	0.01420	0.01268	0.01730	0.05888	0.05858	0.01045	0.06707	0.01755	0.01436	0.02178	0.01333	0.04357	0.01149	0.00593	0.00567	0.00133	0.00599	0.00523	0.00399	0.61065
8	0.01439	0.00793	0.01033	0.00947	0.01183	0.00709	0.00718	0.01694	0.01784	0.19416	0.35010	0.17758	0.11909	0.01439	0.00790	0.00228	0.00403	0.01258	0.00741	0.00748
9	0.00995	0.00663	0.00746	0.00746	0.00746	0.00663	0.00415	0.00995	0.00995	0.01327	0.02156	0.04477	0.02487	0.75957	0.03482	0.00663	0.00663	0.00995	0.00415	0.00415
10	0.06936	0.05486	0.04665	0.01695	0.02091	0.61782	0.01330	0.04807	0.01899	0.01856	0.01074	0.01244	0.00882	0.00699	0.00604	0.00180	0.01153	0.00442	0.00363	0.00813
11	0.02558	0.03184	0.01945	0.01752	0.02115	0.69168	0.01321	0.06523	0.02011	0.01824	0.01091	0.01257	0.00897	0.00712	0.00621	0.00178	0.01206	0.00451	0.00371	0.00814
12	0.00837	0.00601	0.00795	0.00943	0.00991	0.00559	0.00632	0.00964	0.01336	0.01781	0.06000	0.71412	0.06395	0.02109	0.00869	0.00275	0.00393	0.01909	0.00639	0.00559
13	0.00959	0.00699	0.00902	0.00851	0.01017	0.00642	0.00638	0.01273	0.01915	0.02693	0.67666	0.05194	0.10148	0.01418	0.00807	0.00216	0.00324	0.01249	0.00746	0.00642
14	0.01802	0.00962	0.01265	0.01074	0.01370	0.00921	0.00849	0.05469	0.01939	0.26725	0.37878	0.06222	0.04170	0.01193	0.00840	0.00220	0.04487	0.01006	0.00753	0.00854
15	0.02556	0.03261	0.01939	0.01763	0.02115	0.73210	0.01322	0.02732	0.01939	0.01674	0.01058	0.01234	0.00881	0.00705	0.00617	0.00176	0.01234	0.00441	0.00353	0.00793
16	0.05778	0.18997	0.46993	0.04283	0.02585	0.01781	0.02032	0.02075	0.01422	0.02073	0.01288	0.01721	0.01038	0.00707	0.00610	0.00207	0.00899	0.04257	0.00317	0.00937
17	0.17423	0.01420	0.01450	0.01271	0.01683	0.01604	0.01006	0.07353	0.44830	0.08716	0.02468	0.02313	0.03801	0.00881	0.00644	0.00225	0.00550	0.00697	0.00652	0.01012
18	0.13288	0.05852	0.12918	0.03321	0.05893	0.09608	0.03539	0.22917	0.02013	0.02865	0.01547	0.03857	0.02964	0.00773	0.00622	0.00201	0.00790	0.00592	0.02711	0.03730
19	0.01747	0.33186	0.16466	0.01341	0.01893	0.10824	0.01349	0.06007	0.01568	0.02027	0.01296	0.01514	0.01066	0.00892	0.04267	0.00219	0.00846	0.00477	0.12154	0.00861
20	0.01756	0.59101	0.17798	0.01350	0.02016	0.04573	0.01456	0.02093	0.01418	0.01727	0.01012	0.01173	0.00876	0.00602	0.00488	0.00162	0.00804	0.00397	0.00294	0.00903
21	0.01285	0.00778	0.00990	0.00941	0.01169	0.00701	0.00735	0.01547	0.01756	0.13825	0.30960	0.11148	0.19896	0.01509	0.00811	0.00236	0.00417	0.09873	0.00716	0.00706
22	0.03430	0.07054	0.53992	0.01685	0.02506	0.01483	0.02071	0.02001	0.01521	0.02262	0.13633	0.02066	0.01855	0.00779	0.00660	0.00212	0.00861	0.00624	0.00375	0.00932
23	0.05846	0.01194	0.01582	0.01217	0.01743	0.01061	0.01006	0.05436	0.01971	0.67473	0.02602	0.02263	0.01642	0.00838	0.00678	0.00211	0.00586	0.00674	0.00826	0.01149
24	0.01401	0.10287	0.61045	0.01856	0.02787	0.01660	0.04337	0.02110	0.01449	0.02102	0.01426	0.01622	0.03598	0.00683	0.00641	0.00211	0.00963	0.00538	0.00304	0.00979
25	0.00929	0.00657	0.00752	0.00781	0.00835	0.00626	0.00484	0.00995	0.01189	0.01551	0.05740	0.18732	0.15239	0.45789	0.02406	0.00496	0.00543	0.01268	0.00509	0.00479
26	0.01149	0.00858	0.01137	0.01119	0.01261	0.00855	0.04198	0.10617	0.01558	0.02081	0.03134	0.50250	0.03592	0.11618	0.01190	0.00317	0.00527	0.03299	0.00598	0.00643
27	0.06651	0.12465	0.02124	0.01686	0.04445	0.47042	0.01283	0.09075	0.05419	0.02077	0.01190	0.01332	0.00969	0.00705	0.00596	0.00181	0.01033	0.00467	0.00398	0.00862
28	0.04706	0.01845	0.03863	0.24037	0.02835	0.13629	0.01547	0.17425	0.01806	0.02358	0.01204	0.01572	0.00954	0.00837	0.01030	0.00230	0.18289	0.00569	0.00402	0.00861
29	0.01493	0.01422	0.02356	0.28730	0.23264	0.01592	0.08025	0.03929	0.03149	0.02038	0.01396	0.05496	0.01195	0.00792	0.00882	0.00227	0.09567	0.00692	0.00359	0.03396
30	0.00979	0.00728	0.01076	0.01076	0.01190	0.00842	0.00826	0.01206	0.01092	0.01571	0.01854	0.02808	0.01763	0.09887	0.68561	0.01070	0.01754	0.00751	0.00370	0.00598
31	0.00833	0.00694	0.00727	0.00719	0.00939	0.00588	0.00539	0.01029	0.01618	0.01986	0.16855	0.06357	0.61401	0.01681	0.00808	0.00229	0.00343	0.01412	0.00653	0.00588
32	0.00892	0.00681	0.00833	0.00926	0.01070	0.00622	0.00704	0.01084	0.01484	0.01883	0.06690	0.31442	0.29604	0.01908	0.00864	0.00268	0.00432	0.17390	0.00637	0.00584
33	0.01419	0.01216	0.01419	0.01013	0.01621	0.00912	0.00811	0.01723	0.01419	0.02229	0.01216	0.01419	0.01013	0.00507	0.00507	0.00101	0.00507	0.00405	0.00405	0.80139
34	0.01479	0.01380	0.02245	0.39299	0.25404	0.01523	0.03598	0.04280	0.03438	0.02066	0.01456	0.01902	0.02924	0.00687	0.00678	0.00212	0.00832	0.00629	0.00355	0.05611
35	0.01498	0.06271	0.34110	0.12381	0.17341	0.03766	0.08148	0.02082	0.01489	0.02078	0.01317	0.01780	0.01042	0.00682	0.00673	0.00215	0.00948	0.02900	0.00320	0.00957
36	0.02601	0.01916	0.02053	0.01574	0.02122	0.02122	0.01300	0.69408	0.03217	0.04312	0.01643	0.01643	0.01163	0.00821	0.00684	0.00205	0.00753	0.00616	0.00684	0.01163
37	0.01518	0.00872	0.00897	0.00809	0.01039	0.00909	0.00629	0.14001	0.01761	0.02873	0.02124	0.02384	0.01646	0.00801	0.00516	0.00168	0.00398	0.00634	0.65288	0.00734
38	0.00995	0.00663	0.00746	0.00746	0.00746	0.00663	0.00415	0.00995	0.00995	0.01327	0.02156	0.04477	0.02487	0.75957	0.03482	0.00663	0.00663	0.00995	0.00415	0.00415
39	0.00973	0.00724	0.01067	0.01072	0.01184	0.00833	0.00820	0.01198	0.01100	0.01577	0.01920	0.05331	0.01857	0.09491	0.66333	0.01043	0.01709	0.00792	0.00379	0.00597
40	0.01102	0.00787	0.01102	0.01260	0.01417	0.00787	0.01102	0.01417	0.01575	0.02047	0.03622	0.07717	0.03937	0.01890	0.00945	0.00315	0.00630	0.67084	0.00630	0.00630
41	0.02539	0.01870	0.02010	0.01547	0.02080	0.02066	0.01275	0.66818	0.03168	0.04252	0.04292	0.01774	0.01365	0.00843	0.00689	0.00206	0.00736	0.00640	0.00687	0.01144
42	0.01773	0.69789	0.06990	0.01208	0.01797	0.02580	0.01228	0.02023	0.01382	0.01637	0.00999	0.01176	0.00909	0.00761	0.03218	0.00186	0.00788	0.00387	0.00295	0.00875
43	0.00857	0.00612	0.00821	0.00979	0.01029	0.00576	0.00675	0.00993	0.01333	0.01772	0.03758	0.69650	0.04474	0.02121	0.00879	0.00281	0.00417	0.07576	0.00635	0.00562
44	0.30856	0.01559	0.09699	0.15626	0.06424	0.01477	0.09951	0.01878	0.01327	0.02367	0.01417	0.09619	0.01267	0.00820	0.00666	0.00227	0.02952	0.00681	0.00390	0.00797
45	0.01549	0.01705	0.03500	0.02653	0.05785	0.01699	0.52562	0.02029	0.01513	0.02087	0.01471	0.06702	0.01253	0.00769	0.01008	0.00242	0.11387	0.00846	0.00358	0.00880
46	0.00815	0.00690	0.00705	0.00707	0.00930	0.00580	0.00528	0.00993	0.01567	0.01880	0.09312	0.08567	0.66936	0.01732	0.00810	0.00232	0.00347	0.01451	0.00640	0.00580
47	0.01450	0.09387	0.06416	0.28197	0.02925	0.01920	0.01671	0.01757	0.01224	0.01711	0.01039	0.01571	0.00899	0.00913	0.01391	0.00252	0.35623	0.00572	0.00300	0.00782
48	0.06869	0.02746	0.01872	0.05613	0.02184	0.51647	0.01298	0.09870	0.07704	0.02140	0.01267	0.01413	0.01006	0.00731	0.00623	0.00189	0.01067	0.00492	0.00418	0.00852
49	0.00856	0.00613	0.00805	0.00950	0.01001	0.00575	0.00645	0.00981	0.01317	0.01745	0.03792	0.65783	0.06741	0.05869	0.01008	0.00298	0.00421	0.05426	0.00624	0.00553
50	0.00844	0.00694	0.00742	0.00730	0.00946	0.00593	0.00548	0.01051	0.01644	0.02048	0.21307	0.06255	0.56910	0.01658	0.00808	0.00227	0.00341	0.01398	0.00662	0.00593
51	0.01457	0.01239	0.01439	0.01031	0.01638	0.00951	0.00827	0.03916	0.01477	0.02297	0.01230	0.01426	0.01018	0.00517	0.00512	0.00105	0.00515	0.00412	0.00414	0.77580
52	0.02836	0.01113	0.01513	0.01178	0.01666	0.00965	0.00965	0.03107	0.01956	0.64436	0.10338	0.02638	0.02224	0.00908	0.00701	0.00212	0.00553	0.00749	0.00836	0.01107
53	0.05628	0.19314	0.30496	0.03999	0.14211	0.01908	0.01908	0.02044	0.01385	0.02021	0.01119	0.01408	0.00905	0.00698	0.00798	0.00209	0.10204	0.00499	0.00307	0.00939
54	0.06560	0.01607	0.01800	0.05533	0.02069	0.01710	0.01179	0.39544	0.06894	0.10445	0.01706	0.01751	0.01234	0.00896	0.02793	0.00221	0.00716	0.00594	0.00617	0.12129
55	0.04038	0.56124	0.13247	0.01274	0.01898	0.02370	0.01331	0.04674	0.01479	0.03839	0.01111	0.01254	0.00937	0.00620	0.00487	0.00163	0.00749	0.00414	0.03088	0.00904
56	0.01602	0.01277	0.11019	0.03852	0.01517	0.01033	0.00983	0.10432	0.01693	0.08655	0.02003	0.02238	0.01515	0.00935	0.03168	0.00214	0.00571	0.00623	0.45864	0.00806
57	0.76471	0.01333	0.01065	0.00949	0.01349	0.01565	0.00782	0.01991	0.01158	0.02992	0.00950	0.01132	0.00749	0.00666	0.00523	0.00216	0.04568	0.00383	0.00417	0.00741
58	0.00993	0.00669	0.00777	0.00777	0.00787	0.00680	0.00453	0.01015	0.01004	0.01349	0.02128	0.04322	0.02420	0.69816	0.09531	0.00701	0.00765	0.00972	0.00410	0.00432
59	0.02503	0.03026	0.01959	0.01745	0.02098	0.62000	0.01329	0.09555	0.02022	0.01945	0.01109	0.01290	0.00911	0.00744	0.00713	0.00186	0.05185	0.00467	0.00384	0.00829
60	0.00865	0.00612	0.00795	0.00918	0.00960	0.00577	0.00605	0.00981	0.01309	0.01756	0.08103	0.60973	0.04374	0.12268	0.01228	0.00327	0.00429	0.01766	0.00613	0.00542
61	0.00819	0.00696	0.00707	0.00713	0.00941	0.00585	0.00540	0.00997	0.01560	0.01855	0.06814	0.06624	0.69039	0.01738	0.00813	0.00234	0.00356	0.03751	0.00635	0.00579
62	0.00983	0.00708	0.00940	0.00938	0.01090	0.00665	0.00726	0.01291	0.01831	0.02554	0.54820	0.10266	0.05880	0.01535	0.00836	0.00237	0.00382	0.12958	0.00723	0.00637
63	0.00871	0.00692	0.00782	0.00767	0.00964	0.00603	0.00572	0.01101	0.01698	0.02193	0.31833	0.08255	0.44012	0.01616	0.00810	0.00226	0.00339	0.01380	0.00681	0.00603
64	0.01829	0.76368	0.03585	0.01171	0.01756	0.02707	0.01171	0.02049	0.01390	0.01610	0.00951	0.01097	0.00878	0.00585	0.00439	0.00146	0.00732	0.00366	0.00293	0.00878
65	0.01419	0.01216	0.01419	0.01013	0.01621	0.00912	0.00811	0.01723	0.01419	0.02229	0.01216	0.01419	0.01013	0.00507	0.00507	0.00101	0.00507	0.00405	0.00405	0.80139
66	0.01419	0.01216	0.01419	0.01013	0.01621	0.00912	0.00811	0.01723	0.01419	0.02229	0.01216	0.01419	0.01013	0.00507	0.00507	0.00101	0.00507	0.00405	0.00405	0.80139
67	0.01188	0.00594	0.00891	0.00891	0.00891	0.00594	0.00594	0.00891	0.00891	0.01188	0.01188	0.02080	0.01188	0.02377	0.02674	0.80095	0.00594	0.00594	0.00297	0.00297
68	0.01372	0.03539	0.72412	0.01950	0.02961	0.01589	0.02528	0.02167	0.01444	0.02167	0.01228	0.01444	0.00867	0.00650	0.00650	0.00217	0.01011	0.00506	0.00289	0.01011
69	0.02556	0.03261	0.01939	0.01763	0.02115	0.73210	0.01322	0.02732	0.01939	0.01674	0.01058	0.01234	0.00881	0.00705	0.00617	0.00176	0.01234	0.00441	0.00353	0.00793
70	0.36898	0.01371	0.01466	0.04941	0.03853	0.01461	0.01015	0.13236	0.01770	0.25360	0.01647	0.01641	0.01133	0.00735	0.00571	0.00211	0.00610	0.00531	0.00593	0.00956
71	0.02601	0.01916	0.02053	0.01574	0.02122	0.02122	0.01300	0.69408	0.03217	0.04312	0.01643	0.01643	0.01163	0.00821	0.00684	0.00205	0.00753	0.00616	0.00684	0.01163
72	0.03070	0.01164	0.01588	0.01217	0.01746	0.01006	0.01006	0.03334	0.01958	0.72163	0.02699	0.02329	0.01694	0.00847	0.00688	0.00212	0.00582	0.00688	0.00847	0.01164
73	0.01472	0.01381	0.02126	0.22690	0.02752	0.01731	0.07800	0.07387	0.01383	0.01943	0.01223	0.01796	0.01046	0.01488	0.11055	0.00372	0.30582	0.00640	0.00347	0.00785
74	0.01611	0.01833	0.03967	0.02844	0.03512	0.01743	0.66772	0.02172	0.01594	0.02172	0.01367	0.01833	0.01033	0.00599	0.00859	0.00233	0.03795	0.00800	0.00344	0.00916
75	0.01693	0.01626	0.02777	0.04199	0.71689	0.01626	0.02100	0.02100	0.01558	0.02235	0.01287	0.01693	0.01084	0.00610	0.00677	0.00203	0.00813	0.00610	0.00339	0.01084
76	0.01858	0.01378	0.01592	0.01344	0.01694	0.01474	0.02692	0.39590	0.02438	0.03276	0.07417	0.26960	0.02685	0.01306	0.00760	0.00231	0.00611	0.01117	0.00664	0.00914

[dist]
# distance from previous block
# <min> <max>
0	6

[block]
# block no. 7 follows, 31 sequences, length 91
# corresponding to MSA columns:
# 308-398
name=unknown_H
#
# <colnr> <probs for GDERKNQSTAVLIFYWHMCP>
#	G	D	E	R	K	N	Q	S	T	A	V	L	I	F	Y	W	H	M	C	P
0	0.01349	0.01232	0.02033	0.32926	0.26954	0.01350	0.01689	0.01742	0.01509	0.02054	0.10510	0.07719	0.02047	0.00896	0.00720	0.00224	0.00755	0.03044	0.00409	0.00838
1	0.00977	0.00733	0.01100	0.01100	0.01222	0.00855	0.00855	0.01222	0.01100	0.01588	0.01833	0.02688	0.01710	0.05131	0.73245	0.01100	0.01833	0.00733	0.00367	0.00611
2	0.01521	0.01345	0.01808	0.01390	0.04775	0.01105	0.08636	0.05732	0.01551	0.02347	0.01263	0.01491	0.01028	0.00537	0.00558	0.00126	0.00607	0.00472	0.00412	0.63296
3	0.01702	0.01470	0.01547	0.01392	0.01779	0.01702	0.01083	0.03635	0.70453	0.02862	0.02785	0.02553	0.02088	0.00928	0.00696	0.00232	0.00541	0.00773	0.00696	0.01083
4	0.00834	0.00595	0.00794	0.00953	0.00992	0.00556	0.00635	0.00953	0.01310	0.01746	0.03771	0.75510	0.04525	0.02143	0.00873	0.00278	0.00397	0.01945	0.00635	0.00556
5	0.01419	0.01216	0.01419	0.01013	0.01621	0.00912	0.00811	0.01723	0.01419	0.02229	0.01216	0.01419	0.01013	0.00507	0.00507	0.00101	0.00507	0.00405	0.00405	0.80139
6	0.02511	0.03147	0.01949	0.01759	0.02101	0.68150	0.01329	0.04550	0.01936	0.01747	0.01067	0.01257	0.00890	0.00730	0.00689	0.00182	0.04394	0.00452	0.00359	0.00802
7	0.01325	0.01262	0.02140	0.66583	0.07043	0.01554	0.03891	0.01770	0.01369	0.01775	0.01210	0.01806	0.00922	0.00699	0.00752	0.00230	0.03974	0.00614	0.00306	0.00776
8	0.01024	0.00798	0.01176	0.01150	0.01257	0.00959	0.00898	0.01252	0.01092	0.01585	0.01760	0.02640	0.01664	0.07091	0.64678	0.01014	0.08254	0.00730	0.00362	0.00617
9	0.00995	0.00663	0.00746	0.00746	0.00746	0.00663	0.00415	0.00995	0.00995	0.01327	0.02156	0.04477	0.02487	0.75957	0.03482	0.00663	0.00663	0.00995	0.00415	0.00415
10	0.00834	0.00595	0.00794	0.00953	0.00992	0.00556	0.00635	0.00953	0.01310	0.01746	0.03771	0.75510	0.04525	0.02143	0.00873	0.00278	0.00397	0.01945	0.00635	0.00556
11	0.02626	0.01875	0.02028	0.01555	0.02101	0.02060	0.01284	0.65787	0.03148	0.08030	0.01700	0.01680	0.01193	0.00823	0.00685	0.00206	0.00743	0.00620	0.00693	0.01164
12	0.00836	0.00602	0.00793	0.00939	0.00990	0.00559	0.00631	0.00963	0.01337	0.01778	0.05731	0.70748	0.07349	0.02106	0.00869	0.00274	0.00393	0.01905	0.00638	0.00559
13	0.01419	0.01216	0.01419	0.01013	0.01621	0.00912	0.00811	0.01723	0.01419	0.02229	0.01216	0.01419	0.01013	0.00507	0.00507	0.00101	0.00507	0.00405	0.00405	0.80139
14	0.00847	0.00695	0.00746	0.00733	0.00948	0.00594	0.00550	0.01056	0.01650	0.02064	0.22438	0.06229	0.55769	0.01652	0.00808	0.00227	0.00341	0.01394	0.00664	0.00594
15	0.01714	0.01781	0.05611	0.03956	0.63424	0.04665	0.04574	0.02133	0.01571	0.02207	0.01278	0.01669	0.01065	0.00614	0.00678	0.00204	0.00851	0.00606	0.00337	0.01062
16	0.01619	0.01868	0.06103	0.03054	0.13998	0.01709	0.56713	0.02177	0.01600	0.02197	0.01364	0.01809	0.01039	0.00584	0.00782	0.00226	0.01096	0.00767	0.00343	0.00950
17	0.00833	0.00599	0.00791	0.00944	0.00990	0.00556	0.00631	0.00954	0.01318	0.01750	0.03874	0.73248	0.06720	0.02130	0.00871	0.00276	0.00395	0.01928	0.00635	0.00556
18	0.01998	0.01298	0.01435	0.01228	0.01617	0.01403	0.00973	0.11634	0.34342	0.16532	0.02508	0.02391	0.01824	0.00872	0.00649	0.00210	0.00531	0.00709	0.16829	0.01018
19	0.01497	0.01497	0.02095	0.01796	0.01796	0.02095	0.01497	0.01646	0.01048	0.01646	0.00898	0.01497	0.00898	0.01197	0.02245	0.00299	0.74704	0.00599	0.00299	0.00748
20	0.06309	0.01379	0.01634	0.09201	0.04887	0.01512	0.01172	0.07122	0.35720	0.17511	0.02499	0.02384	0.03875	0.00875	0.00680	0.00223	0.00607	0.00720	0.00654	0.01036
21	0.06127	0.18521	0.31147	0.01723	0.06111	0.04290	0.01762	0.12309	0.01726	0.06240	0.01310	0.01469	0.00987	0.00789	0.02504	0.00220	0.00880	0.00504	0.00394	0.00985
22	0.80789	0.01323	0.01006	0.00900	0.01323	0.01535	0.00741	0.02011	0.01164	0.03070	0.00953	0.01111	0.00741	0.00635	0.00423	0.00212	0.00529	0.00370	0.00423	0.00741
23	0.03054	0.01189	0.01603	0.01229	0.01759	0.01042	0.01015	0.05485	0.01999	0.69954	0.02665	0.02306	0.01676	0.00846	0.00688	0.00211	0.00588	0.00686	0.00841	0.01164
24	0.00838	0.00599	0.00798	0.00950	0.00993	0.00558	0.00635	0.00963	0.01329	0.01777	0.05869	0.73324	0.04585	0.02120	0.00871	0.00276	0.00395	0.01923	0.00639	0.00558
25	0.00955	0.00696	0.00898	0.00854	0.01016	0.00639	0.00638	0.01262	0.01895	0.02660	0.65447	0.07520	0.10072	0.01442	0.00809	0.00218	0.00327	0.01272	0.00743	0.00639
26	0.06249	0.01171	0.01564	0.01204	0.01729	0.01027	0.00995	0.03280	0.01926	0.69336	0.02628	0.02279	0.01655	0.00838	0.00677	0.00212	0.00580	0.00675	0.00829	0.01147
27	0.00834	0.00595	0.00794	0.00953	0.00992	0.00556	0.00635	0.00953	0.01310	0.01746	0.03771	0.75510	0.04525	0.02143	0.00873	0.00278	0.00397	0.01945	0.00635	0.00556
28	0.01188	0.00594	0.00891	0.00891	0.00891	0.00594	0.00594	0.00891	0.00891	0.01188	0.01188	0.02080	0.01188	0.02377	0.02674	0.80095	0.00594	0.00594	0.00297	0.00297
29	0.00973	0.00702	0.00921	0.00874	0.01035	0.00650	0.00661	0.01295	0.01924	0.02720	0.69054	0.05198	0.06371	0.01415	0.00812	0.00219	0.00333	0.03448	0.00749	0.00645
30	0.01702	0.01470	0.01547	0.01392	0.01779	0.01702	0.01083	0.03635	0.70453	0.02862	0.02785	0.02553	0.02088	0.00928	0.00696	0.00232	0.00541	0.00773	0.00696	0.01083
31	0.02556	0.03261	0.01939	0.01763	0.02115	0.73210	0.01322	0.02732	0.01939	0.01674	0.01058	0.01234	0.00881	0.00705	0.00617	0.00176	0.01234	0.00441	0.00353	0.00793
32	0.01308	0.01233	0.02081	0.71470	0.07427	0.01524	0.01908	0.01762	0.01376	0.01768	0.01219	0.01819	0.00919	0.00681	0.00684	0.00227	0.00908	0.00608	0.00305	0.00773
33	0.01372	0.03539	0.72412	0.01950	0.02961	0.01589	0.02528	0.02167	0.01444	0.02167	0.01228	0.01444	0.00867	0.00650	0.00650	0.00217	0.01011	0.00506	0.00289	0.01011
34	0.01693	0.01626	0.02777	0.04199	0.71689	0.01626	0.02100	0.02100	0.01558	0.02235	0.01287	0.01693	0.01084	0.00610	0.00677	0.00203	0.00813	0.00610	0.00339	0.01084
35	0.00842	0.00599	0.00791	0.00941	0.00979	0.00562	0.00623	0.00955	0.01293	0.01723	0.03682	0.71618	0.04413	0.06188	0.01016	0.00299	0.00412	0.01893	0.00623	0.00548
36	0.01247	0.01156	0.01861	0.53295	0.03747	0.01445	0.01649	0.01610	0.01317	0.01734	0.01573	0.13280	0.01474	0.00979	0.00920	0.00245	0.10569	0.00815	0.00355	0.00727
37	0.15757	0.13868	0.01998	0.05434	0.04313	0.18887	0.01179	0.16014	0.01922	0.07227	0.04149	0.01590	0.01228	0.00733	0.00583	0.00191	0.00796	0.00522	0.02715	0.00896
38	0.00994	0.00665	0.00753	0.00751	0.00758	0.00663	0.00425	0.01008	0.01036	0.01388	0.05143	0.04504	0.02659	0.72736	0.03367	0.00644	0.00649	0.01005	0.00429	0.00425
39	0.00940	0.00698	0.00876	0.00831	0.01005	0.00634	0.00624	0.01237	0.01871	0.02587	0.60047	0.05369	0.17834	0.01457	0.00807	0.00218	0.00327	0.01273	0.00732	0.00634
40	0.01397	0.07530	0.68640	0.01907	0.02895	0.01650	0.02453	0.02160	0.01441	0.02136	0.01213	0.01425	0.00867	0.00646	0.00638	0.00213	0.00996	0.00498	0.00289	0.01004
41	0.01911	0.04470	0.02450	0.03206	0.45672	0.18099	0.01757	0.03920	0.01680	0.04089	0.01408	0.05629	0.01238	0.00727	0.00667	0.00199	0.00876	0.00638	0.00380	0.00985
42	0.01469	0.18936	0.57861	0.01785	0.02706	0.01825	0.02241	0.02142	0.01433	0.02049	0.01169	0.01371	0.00869	0.00636	0.00605	0.00202	0.00952	0.00476	0.00290	0.00983
