[name]
unknown

[dist]
# distance from previous block
# <min> <max>
0	59

[block]
# block no. 0 follows, 29 sequences, length 16
# corresponding to MSA columns:
# 59-74
name=unknown_A
#
# <colnr> <probs for GDERKNQSTAVLIFYWHMCP>
#	G	D	E	R	K	N	Q	S	T	A	V	L	I	F	Y	W	H	M	C	P
0	0.01454	0.01479	0.02809	0.50368	0.04519	0.01653	0.23474	0.01970	0.01508	0.01970	0.01323	0.01906	0.00992	0.00676	0.00754	0.00238	0.01031	0.00700	0.00331	0.00846
1	0.01653	0.02341	0.25178	0.03608	0.48554	0.01679	0.02331	0.02208	0.01583	0.02303	0.01319	0.01678	0.01054	0.00648	0.00696	0.00216	0.00913	0.00599	0.00336	0.01103
2	0.02036	0.01248	0.01534	0.01124	0.01730	0.00981	0.00910	0.02340	0.01660	0.24709	0.01769	0.01785	0.01285	0.00643	0.00589	0.00143	0.00553	0.00518	0.00572	0.53873
3	0.01487	0.01298	0.01612	0.01151	0.01788	0.00991	0.04170	0.01817	0.01487	0.02318	0.01274	0.01499	0.01056	0.00531	0.00543	0.00112	0.00561	0.00443	0.00419	0.75444
4	0.02372	0.01970	0.02810	0.02082	0.02701	0.02075	0.23054	0.46692	0.02805	0.03769	0.01622	0.01778	0.01168	0.00772	0.00754	0.00222	0.00919	0.00706	0.00598	0.01129
5	0.01075	0.00994	0.01197	0.01095	0.01258	0.01116	0.00872	0.01247	0.01450	0.01855	0.05167	0.05127	0.47659	0.01622	0.01329	0.00264	0.24250	0.01216	0.00547	0.00659
6	0.01118	0.00903	0.01338	0.24478	0.02315	0.00968	0.01097	0.01499	0.01823	0.02518	0.47709	0.04204	0.04839	0.01213	0.00798	0.00228	0.00536	0.01074	0.00632	0.00711
7	0.01736	0.01766	0.03318	0.03924	0.48762	0.01727	0.23614	0.02216	0.01641	0.02312	0.01372	0.01814	0.01112	0.00623	0.00749	0.00221	0.00961	0.00702	0.00355	0.01073
8	0.02290	0.02545	0.24670	0.01766	0.02493	0.02028	0.01770	0.46684	0.02747	0.03760	0.01569	0.01642	0.01110	0.00797	0.00701	0.00218	0.00871	0.00604	0.00578	0.01159
9	0.01094	0.00706	0.00833	0.00801	0.00977	0.00662	0.00601	0.01412	0.01803	0.02690	0.41305	0.04615	0.11935	0.01289	0.00729	0.00207	0.00337	0.01107	0.26235	0.00662
10	0.01467	0.01068	0.01253	0.01202	0.01416	0.01109	0.00887	0.22879	0.02010	0.02688	0.03203	0.50788	0.03570	0.01782	0.00845	0.00265	0.00534	0.01574	0.00678	0.00785
11	0.43294	0.01179	0.01119	0.01018	0.01319	0.01329	0.00786	0.05827	0.06807	0.02617	0.01270	0.01641	0.01064	0.01288	0.01243	0.25985	0.00588	0.00511	0.00437	0.00676
12	0.01573	0.01440	0.01521	0.01118	0.01729	0.06764	0.00887	0.01879	0.01521	0.02273	0.01252	0.01461	0.01043	0.00544	0.00537	0.00112	0.00589	0.00425	0.00417	0.72914
13	0.01771	0.04533	0.13022	0.02355	0.05832	0.06592	0.31111	0.05382	0.13379	0.02440	0.01629	0.01880	0.01233	0.00692	0.00743	0.00222	0.00993	0.00709	0.00431	0.05050
14	0.01115	0.03596	0.01079	0.00985	0.01191	0.00878	0.00727	0.04816	0.07179	0.02242	0.14982	0.30076	0.20427	0.03753	0.00903	0.00259	0.00444	0.01466	0.00661	0.03218
15	0.04523	0.03813	0.04641	0.05259	0.08451	0.05353	0.34229	0.03449	0.01648	0.02270	0.03497	0.09561	0.01589	0.00814	0.00761	0.00224	0.00952	0.00855	0.00414	0.07696

[dist]
# distance from previous block
# <min> <max>
2	20

[block]
# block no. 1 follows, 29 sequences, length 172
# corresponding to MSA columns:
# 95-266
name=unknown_B
#
# <colnr> <probs for GDERKNQSTAVLIFYWHMCP>
#	G	D	E	R	K	N	Q	S	T	A	V	L	I	F	Y	W	H	M	C	P
0	0.16657	0.39975	0.05133	0.01354	0.01898	0.06405	0.04276	0.02333	0.05399	0.06014	0.01239	0.01379	0.01016	0.00690	0.00595	0.00189	0.03678	0.00466	0.00394	0.00912
1	0.04729	0.01881	0.01672	0.01473	0.01872	0.17209	0.01140	0.11764	0.30279	0.06846	0.02321	0.09292	0.01912	0.00996	0.00707	0.00223	0.00738	0.00796	0.00627	0.03523
2	0.80005	0.01377	0.01047	0.00936	0.01377	0.01597	0.00771	0.02093	0.01212	0.03195	0.00991	0.01157	0.00771	0.00661	0.00441	0.00220	0.00551	0.00386	0.00441	0.00771
3	0.01237	0.00618	0.00928	0.00928	0.00928	0.00618	0.00618	0.00928	0.00928	0.01237	0.01237	0.02165	0.01237	0.02474	0.02783	0.79283	0.00618	0.00618	0.00309	0.00309
4	0.02502	0.04006	0.04008	0.01212	0.01779	0.01083	0.01030	0.02809	0.01851	0.43978	0.06581	0.02284	0.01834	0.00809	0.00664	0.00188	0.00589	0.00657	0.00715	0.21417
5	0.01477	0.01266	0.01477	0.01055	0.01687	0.00949	0.00844	0.01793	0.01477	0.02320	0.01266	0.01477	0.01055	0.00527	0.00527	0.00105	0.00527	0.00422	0.00422	0.79328
6	0.01036	0.00690	0.00777	0.00777	0.00777	0.00690	0.00431	0.01036	0.01036	0.01381	0.02244	0.04660	0.02589	0.74975	0.03624	0.00690	0.00690	0.01036	0.00431	0.00431
7	0.02304	0.16432	0.14676	0.01758	0.02291	0.47057	0.01571	0.02610	0.01823	0.01822	0.01112	0.01298	0.00914	0.00701	0.00615	0.00185	0.01149	0.00457	0.00344	0.00882
8	0.70282	0.04359	0.01228	0.00993	0.01451	0.01653	0.00827	0.05204	0.01353	0.05866	0.01096	0.01232	0.00836	0.00677	0.00465	0.00217	0.00572	0.00410	0.00465	0.00815
9	0.01847	0.01406	0.01591	0.01257	0.01789	0.01337	0.01000	0.10818	0.21025	0.08881	0.02013	0.04400	0.01579	0.00782	0.00636	0.00174	0.00573	0.00639	0.00593	0.37657
10	0.01744	0.12693	0.11598	0.13161	0.05052	0.01924	0.13265	0.13772	0.01790	0.02415	0.01485	0.06679	0.01271	0.00861	0.00889	0.00231	0.09097	0.00715	0.00415	0.00942
11	0.80005	0.01377	0.01047	0.00936	0.01377	0.01597	0.00771	0.02093	0.01212	0.03195	0.00991	0.01157	0.00771	0.00661	0.00441	0.00220	0.00551	0.00386	0.00441	0.00771
12	0.01732	0.01436	0.01570	0.01320	0.01799	0.01489	0.01036	0.03153	0.45691	0.05275	0.02387	0.02281	0.01810	0.00826	0.00663	0.00198	0.00554	0.00683	0.00636	0.25461
13	0.01561	0.01573	0.02422	0.04948	0.06585	0.02047	0.09026	0.01799	0.01205	0.01819	0.01058	0.01660	0.00988	0.01228	0.03952	0.00318	0.56019	0.00652	0.00322	0.00818
14	0.01324	0.01238	0.02080	0.70193	0.04740	0.01539	0.01922	0.01784	0.01421	0.01819	0.01379	0.04983	0.01109	0.00776	0.00720	0.00240	0.00926	0.00692	0.00331	0.00782
15	0.00868	0.00620	0.00826	0.00991	0.01033	0.00578	0.00661	0.00991	0.01363	0.01818	0.03925	0.74510	0.04710	0.02231	0.00909	0.00289	0.00413	0.02024	0.00661	0.00578
16	0.80005	0.01377	0.01047	0.00936	0.01377	0.01597	0.00771	0.02093	0.01212	0.03195	0.00991	0.01157	0.00771	0.00661	0.00441	0.00220	0.00551	0.00386	0.00441	0.00771
17	0.01428	0.03683	0.71286	0.02030	0.03082	0.01654	0.02631	0.02255	0.01503	0.02255	0.01278	0.01503	0.00902	0.00677	0.00677	0.00226	0.01052	0.00526	0.00301	0.01052
18	0.00876	0.00626	0.00834	0.00986	0.01035	0.00584	0.00662	0.01013	0.01403	0.01881	0.07932	0.70324	0.04831	0.02184	0.00905	0.00285	0.00408	0.01980	0.00668	0.00584
19	0.01904	0.75404	0.03731	0.01218	0.01828	0.02818	0.01218	0.02132	0.01447	0.01675	0.00990	0.01142	0.00914	0.00609	0.00457	0.00152	0.00761	0.00381	0.00305	0.00914
20	0.00868	0.00620	0.00826	0.00991	0.01033	0.00578	0.00661	0.00991	0.01363	0.01818	0.03925	0.74510	0.04710	0.02231	0.00909	0.00289	0.00413	0.02024	0.00661	0.00578
21	0.03172	0.01248	0.01675	0.01284	0.01836	0.01101	0.01061	0.06486	0.02099	0.67924	0.02758	0.02390	0.01737	0.00880	0.00716	0.00220	0.00614	0.00713	0.00873	0.01212
22	0.01036	0.00690	0.00777	0.00777	0.00777	0.00690	0.00431	0.01036	0.01036	0.01381	0.02244	0.04660	0.02589	0.74975	0.03624	0.00690	0.00690	0.01036	0.00431	0.00431
23	0.00868	0.00620	0.00826	0.00991	0.01033	0.00578	0.00661	0.00991	0.01363	0.01818	0.03925	0.74510	0.04710	0.02231	0.00909	0.00289	0.00413	0.02024	0.00661	0.00578
24	0.02073	0.01523	0.01682	0.01422	0.01822	0.01661	0.01120	0.36911	0.14342	0.05782	0.02541	0.21140	0.02323	0.01239	0.00767	0.00239	0.00641	0.01038	0.00707	0.01029
25	0.02905	0.01677	0.01940	0.01487	0.02050	0.01736	0.01229	0.41885	0.02816	0.31513	0.02156	0.02000	0.01435	0.00866	0.00714	0.00216	0.00711	0.00672	0.00781	0.01211
26	0.01017	0.00763	0.01144	0.01144	0.01272	0.00890	0.00890	0.01272	0.01144	0.01653	0.01907	0.02797	0.01780	0.05340	0.72153	0.01144	0.01907	0.00763	0.00381	0.00636
27	0.02897	0.01690	0.01949	0.01494	0.02056	0.01757	0.01234	0.43014	0.02839	0.30352	0.02137	0.01987	0.01425	0.00865	0.00714	0.00216	0.00715	0.00670	0.00778	0.01211
28	0.00889	0.00714	0.00787	0.00799	0.00996	0.00621	0.00591	0.01090	0.01647	0.02066	0.17731	0.13351	0.48229	0.04203	0.00944	0.00260	0.00381	0.03418	0.00675	0.00607
29	0.80005	0.01377	0.01047	0.00936	0.01377	0.01597	0.00771	0.02093	0.01212	0.03195	0.00991	0.01157	0.00771	0.00661	0.00441	0.00220	0.00551	0.00386	0.00441	0.00771
30	0.01147	0.00820	0.01147	0.01311	0.01475	0.00820	0.01147	0.01475	0.01639	0.02131	0.03770	0.08032	0.04098	0.01967	0.00984	0.00328	0.00656	0.65741	0.00656	0.00656
31	0.01018	0.00758	0.01119	0.01119	0.01237	0.00876	0.00858	0.01255	0.01137	0.01634	0.01931	0.02926	0.01836	0.10150	0.67420	0.01113	0.01823	0.00782	0.00385	0.00622
32	0.01011	0.00680	0.00784	0.00808	0.00814	0.00674	0.00465	0.01029	0.01084	0.01445	0.02492	0.14973	0.02902	0.64234	0.03223	0.00631	0.00649	0.01182	0.00465	0.00453
33	0.02993	0.01334	0.01707	0.01325	0.01856	0.01247	0.01087	0.15721	0.02257	0.55080	0.02651	0.05648	0.01795	0.00939	0.00724	0.00222	0.00631	0.00763	0.00839	0.01182
34	0.80005	0.01377	0.01047	0.00936	0.01377	0.01597	0.00771	0.02093	0.01212	0.03195	0.00991	0.01157	0.00771	0.00661	0.00441	0.00220	0.00551	0.00386	0.00441	0.00771
35	0.01558	0.01558	0.02181	0.01869	0.01869	0.02181	0.01558	0.01714	0.01091	0.01714	0.00935	0.01558	0.00935	0.01246	0.02337	0.00312	0.73672	0.00623	0.00312	0.00779
36	0.01008	0.00726	0.00863	0.00849	0.01029	0.00648	0.00619	0.01233	0.01717	0.04715	0.30956	0.14979	0.29451	0.06745	0.01038	0.00271	0.00390	0.01428	0.00701	0.00636
37	0.71119	0.01358	0.01117	0.00975	0.01428	0.01534	0.00803	0.02252	0.01307	0.11042	0.01202	0.01303	0.00886	0.00686	0.00473	0.00220	0.00557	0.00424	0.00492	0.00822
38	0.01904	0.75404	0.03731	0.01218	0.01828	0.02818	0.01218	0.02132	0.01447	0.01675	0.00990	0.01142	0.00914	0.00609	0.00457	0.00152	0.00761	0.00381	0.00305	0.00914
39	0.01554	0.01534	0.02035	0.44925	0.03776	0.09664	0.04343	0.02214	0.11549	0.02029	0.01728	0.02511	0.01425	0.00864	0.00736	0.00240	0.00913	0.06704	0.00416	0.00839
40	0.00930	0.00777	0.00819	0.00815	0.01051	0.00694	0.00616	0.01252	0.06315	0.02071	0.11493	0.08912	0.56085	0.01740	0.00841	0.00244	0.00385	0.03643	0.00675	0.00644
41	0.01934	0.72524	0.03663	0.01243	0.01843	0.05589	0.01225	0.02161	0.01470	0.01678	0.00994	0.01148	0.00914	0.00614	0.00464	0.00154	0.00782	0.00384	0.00307	0.00910
42	0.00868	0.00620	0.00826	0.00991	0.01033	0.00578	0.00661	0.00991	0.01363	0.01818	0.03925	0.74510	0.04710	0.02231	0.00909	0.00289	0.00413	0.02024	0.00661	0.00578
43	0.01345	0.01266	0.02136	0.73264	0.04904	0.01582	0.01978	0.01819	0.01424	0.01819	0.01266	0.01898	0.00949	0.00712	0.00712	0.00237	0.00949	0.00633	0.00316	0.00791
44	0.00891	0.00656	0.00854	0.00962	0.01049	0.00620	0.00668	0.01053	0.01433	0.01905	0.09879	0.52613	0.13319	0.02408	0.07778	0.00360	0.00544	0.01770	0.00645	0.00595
45	0.01036	0.00690	0.00777	0.00777	0.00777	0.00690	0.00431	0.01036	0.01036	0.01381	0.02244	0.04660	0.02589	0.74975	0.03624	0.00690	0.00690	0.01036	0.00431	0.00431
46	0.00866	0.00627	0.00819	0.00973	0.01028	0.00580	0.00653	0.00994	0.01381	0.01825	0.04152	0.69838	0.09236	0.02201	0.00904	0.00286	0.00409	0.01988	0.00661	0.00580
47	0.01471	0.01099	0.01282	0.01139	0.01427	0.01150	0.00882	0.09361	0.20391	0.05288	0.42261	0.04109	0.04724	0.01239	0.00791	0.00227	0.00455	0.01068	0.00763	0.00872
48	0.01202	0.00845	0.00978	0.00910	0.01026	0.00854	0.00610	0.08399	0.01553	0.02111	0.19157	0.04521	0.05861	0.43853	0.04753	0.00522	0.00641	0.01063	0.00556	0.00588
49	0.80005	0.01377	0.01047	0.00936	0.01377	0.01597	0.00771	0.02093	0.01212	0.03195	0.00991	0.01157	0.00771	0.00661	0.00441	0.00220	0.00551	0.00386	0.00441	0.00771
50	0.01147	0.00820	0.01147	0.01311	0.01475	0.00820	0.01147	0.01475	0.01639	0.02131	0.03770	0.08032	0.04098	0.01967	0.00984	0.00328	0.00656	0.65741	0.00656	0.00656
51	0.01131	0.00764	0.01036	0.01152	0.01299	0.00734	0.00928	0.01385	0.01596	0.05285	0.08571	0.28520	0.07425	0.01956	0.00931	0.00299	0.00541	0.35115	0.00677	0.00656
52	0.71648	0.01299	0.01017	0.00930	0.01333	0.01493	0.00754	0.02001	0.01233	0.03080	0.01243	0.06278	0.01082	0.00776	0.00475	0.00223	0.00533	0.00509	0.03340	0.00754
53	0.02707	0.01995	0.02137	0.01638	0.02208	0.02208	0.01353	0.68159	0.03348	0.04488	0.01710	0.01710	0.01211	0.00855	0.00712	0.00214	0.00784	0.00641	0.00712	0.01211
54	0.74700	0.01366	0.01088	0.00959	0.01408	0.01559	0.00790	0.02188	0.01269	0.07880	0.01117	0.01244	0.00840	0.00676	0.00460	0.00220	0.00555	0.00408	0.00471	0.00802
55	0.00977	0.00722	0.00830	0.00824	0.01009	0.00638	0.00598	0.01181	0.01661	0.04184	0.23516	0.14698	0.36816	0.07841	0.01078	0.00279	0.00395	0.01447	0.00682	0.00622
56	0.00961	0.00653	0.00797	0.00883	0.00911	0.00631	0.00553	0.01039	0.01224	0.01660	0.03114	0.40590	0.03650	0.34318	0.02091	0.00461	0.00532	0.01530	0.03885	0.00517
57	0.01599	0.01349	0.01462	0.01325	0.01674	0.01524	0.01025	0.03235	0.54127	0.02951	0.18025	0.03255	0.03196	0.01076	0.00750	0.00238	0.00512	0.00914	0.00738	0.01025
58	0.00901	0.00718	0.00782	0.00773	0.00986	0.00621	0.00577	0.01125	0.01712	0.02184	0.23173	0.08430	0.49601	0.01695	0.00832	0.00235	0.00355	0.01436	0.03243	0.00621
59	0.03862	0.00838	0.01051	0.00984	0.01223	0.00759	0.00731	0.01742	0.01686	0.19841	0.17705	0.24165	0.14399	0.06455	0.01001	0.00275	0.00461	0.01339	0.00721	0.00760
60	0.01036	0.00690	0.00777	0.00777	0.00777	0.00690	0.00431	0.01036	0.01036	0.01381	0.02244	0.04660	0.02589	0.74975	0.03624	0.00690	0.00690	0.01036	0.00431	0.00431
61	0.80005	0.01377	0.01047	0.00936	0.01377	0.01597	0.00771	0.02093	0.01212	0.03195	0.00991	0.01157	0.00771	0.00661	0.00441	0.00220	0.00551	0.00386	0.00441	0.00771
62	0.00909	0.00627	0.00812	0.00956	0.01004	0.00591	0.00636	0.01040	0.01353	0.01850	0.03715	0.65415	0.04385	0.06438	0.01041	0.00304	0.00424	0.01872	0.06053	0.00576
63	0.77537	0.01372	0.01066	0.00947	0.01391	0.01580	0.00780	0.02137	0.01238	0.05375	0.01050	0.01197	0.00803	0.00668	0.00450	0.00220	0.00553	0.00396	0.00455	0.00785
64	0.01050	0.03436	0.01220	0.01130	0.01269	0.00950	0.00881	0.01291	0.01150	0.01641	0.01890	0.02824	0.01786	0.08391	0.66413	0.01088	0.01810	0.00762	0.00381	0.00636
65	0.01192	0.00635	0.00894	0.00894	0.00894	0.00635	0.00576	0.00952	0.00952	0.01269	0.01463	0.02726	0.01541	0.18779	0.02972	0.61607	0.00635	0.00712	0.00337	0.00337
66	0.00980	0.00667	0.00855	0.00963	0.01012	0.00645	0.00657	0.01087	0.01299	0.01746	0.03293	0.41660	0.03826	0.21672	0.01709	0.03557	0.00525	0.10170	0.03135	0.00541
67	0.05090	0.42982	0.02946	0.01435	0.01965	0.22019	0.01264	0.10981	0.01847	0.02118	0.01115	0.01257	0.00948	0.00678	0.00541	0.00172	0.00902	0.00437	0.00380	0.00923
68	0.00980	0.00715	0.00921	0.00895	0.01053	0.00656	0.00662	0.01280	0.01911	0.02668	0.57930	0.13657	0.10867	0.01572	0.00848	0.00233	0.00347	0.01390	0.00761	0.00656
69	0.01558	0.01558	0.02181	0.01869	0.01869	0.02181	0.01558	0.01714	0.01091	0.01714	0.00935	0.01558	0.00935	0.01246	0.02337	0.00312	0.73672	0.00623	0.00312	0.00779
70	0.01423	0.00974	0.01254	0.03595	0.03878	0.01002	0.00896	0.12159	0.03847	0.04286	0.13861	0.21818	0.03242	0.04600	0.01340	0.16717	0.00565	0.03251	0.00593	0.00699
71	0.00887	0.00628	0.00821	0.00967	0.01003	0.00591	0.00634	0.00997	0.01325	0.01767	0.03730	0.66429	0.04464	0.10647	0.01223	0.00336	0.00445	0.01910	0.00634	0.00561
72	0.48057	0.01200	0.01105	0.01007	0.01341	0.01336	0.00788	0.07103	0.01414	0.04875	0.03733	0.10831	0.01592	0.01158	0.00866	0.11130	0.00556	0.00685	0.00497	0.00728
73	0.01028	0.00717	0.00910	0.00907	0.00959	0.00758	0.00599	0.01130	0.01118	0.01542	0.05296	0.04056	0.02506	0.47824	0.26841	0.00823	0.01088	0.00954	0.00431	0.00512
74	0.01032	0.00705	0.00849	0.00849	0.00874	0.00730	0.00522	0.01082	0.01057	0.01434	0.02177	0.04292	0.02429	0.61237	0.17144	0.00780	0.00930	0.00982	0.00422	0.00472
75	0.01263	0.00922	0.01133	0.01160	0.01330	0.00837	0.00867	0.01455	0.01904	0.02606	0.34745	0.19340	0.12771	0.01882	0.00983	0.00306	0.00514	0.14411	0.00793	0.00779
76	0.28811	0.01211	0.01195	0.01065	0.01422	0.01297	0.00845	0.11150	0.06153	0.08120	0.04783	0.07999	0.12116	0.04558	0.00798	0.00254	0.00549	0.03843	0.03008	0.00823
77	0.00992	0.00727	0.00930	0.00880	0.01054	0.00665	0.00660	0.01314	0.01979	0.02769	0.64312	0.05461	0.12619	0.01488	0.00840	0.00225	0.00338	0.01308	0.00772	0.00665
78	0.01681	0.01921	0.04202	0.03001	0.03721	0.01801	0.67947	0.02281	0.01681	0.02281	0.01441	0.01921	0.01080	0.00600	0.00840	0.00240	0.01200	0.00840	0.00360	0.00960
79	0.00889	0.00717	0.00782	0.00776	0.00981	0.00620	0.00572	0.01095	0.01678	0.02112	0.21384	0.09567	0.49870	0.04625	0.00954	0.00257	0.00370	0.01459	0.00680	0.00610
80	0.00983	0.00687	0.00865	0.00886	0.00990	0.00646	0.00614	0.01194	0.01620	0.02262	0.34288	0.24793	0.07042	0.14719	0.01338	0.00323	0.00421	0.01430	0.04297	0.00600
81	0.01327	0.00664	0.00664	0.00664	0.00830	0.00664	0.00498	0.01659	0.01493	0.02655	0.02323	0.02655	0.01825	0.00830	0.00498	0.00166	0.00332	0.00664	0.78928	0.00664
82	0.80005	0.01377	0.01047	0.00936	0.01377	0.01597	0.00771	0.02093	0.01212	0.03195	0.00991	0.01157	0.00771	0.00661	0.00441	0.00220	0.00551	0.00386	0.00441	0.00771
83	0.04566	0.00683	0.00865	0.00959	0.01049	0.00651	0.00662	0.01129	0.01505	0.02120	0.19791	0.52301	0.04952	0.04104	0.00950	0.00282	0.00409	0.01741	0.00674	0.00606
84	0.01033	0.00693	0.00791	0.00786	0.00799	0.00689	0.00451	0.01060	0.01113	0.01498	0.07625	0.04712	0.02916	0.69150	0.03404	0.00653	0.00662	0.01055	0.00459	0.00451
85	0.01681	0.01921	0.04202	0.03001	0.03721	0.01801	0.67947	0.02281	0.01681	0.02281	0.01441	0.01921	0.01080	0.00600	0.00840	0.00240	0.01200	0.00840	0.00360	0.00960
86	0.02707	0.01995	0.02137	0.01638	0.02208	0.02208	0.01353	0.68159	0.03348	0.04488	0.01710	0.01710	0.01211	0.00855	0.00712	0.00214	0.00784	0.00641	0.00712	0.01211
87	0.00920	0.00782	0.00803	0.00799	0.01047	0.00692	0.00610	0.01234	0.06294	0.02006	0.06755	0.06618	0.62459	0.01753	0.00840	0.00245	0.00388	0.04450	0.00665	0.00640
88	0.80005	0.01377	0.01047	0.00936	0.01377	0.01597	0.00771	0.02093	0.01212	0.03195	0.00991	0.01157	0.00771	0.00661	0.00441	0.00220	0.00551	0.00386	0.00441	0.00771
89	0.01237	0.00618	0.00928	0.00928	0.00928	0.00618	0.00618	0.00928	0.00928	0.01237	0.01237	0.02165	0.01237	0.02474	0.02783	0.79283	0.00618	0.00618	0.00309	0.00309
90	0.01477	0.01266	0.01477	0.01055	0.01687	0.00949	0.00844	0.01793	0.01477	0.02320	0.01266	0.01477	0.01055	0.00527	0.00527	0.00105	0.00527	0.00422	0.00422	0.79328
91	0.01423	0.00756	0.00765	0.00731	0.00925	0.00770	0.00557	0.06252	0.01621	0.02781	0.02281	0.02589	0.01783	0.00831	0.00513	0.00169	0.00363	0.00662	0.73526	0.00701
92	0.01008	0.00728	0.00952	0.00896	0.01064	0.00672	0.00672	0.01344	0.02016	0.02855	0.70158	0.05319	0.06719	0.01456	0.00840	0.00224	0.00336	0.01288	0.00784	0.00672
93	0.00996	0.00727	0.00936	0.00884	0.01057	0.00667	0.00663	0.01322	0.01989	0.02791	0.65810	0.05425	0.11106	0.01480	0.00840	0.00225	0.00338	0.01303	0.00775	0.00667
94	0.03115	0.01339	0.01731	0.01327	0.01881	0.01236	0.01097	0.14000	0.02251	0.60195	0.02630	0.02307	0.01673	0.00877	0.00715	0.00219	0.00635	0.00704	0.00854	0.01212
95	0.00984	0.00727	0.00918	0.00871	0.01049	0.00662	0.00653	0.01297	0.01959	0.02721	0.61045	0.05541	0.15915	0.01506	0.00840	0.00226	0.00340	0.01319	0.00766	0.00662
96	0.01026	0.00742	0.00983	0.00995	0.01156	0.00698	0.00780	0.01342	0.01871	0.02587	0.48193	0.10708	0.07784	0.01639	0.00878	0.00253	0.00417	0.16546	0.00742	0.00660
97	0.80005	0.01377	0.01047	0.00936	0.01377	0.01597	0.00771	0.02093	0.01212	0.03195	0.00991	0.01157	0.00771	0.00661	0.00441	0.00220	0.00551	0.00386	0.00441	0.00771
98	0.02660	0.03394	0.02018	0.01834	0.02201	0.72116	0.01376	0.02843	0.02018	0.01743	0.01101	0.01284	0.00917	0.00734	0.00642	0.00183	0.01284	0.00459	0.00367	0.00825
99	0.01237	0.00618	0.00928	0.00928	0.00928	0.00618	0.00618	0.00928	0.00928	0.01237	0.01237	0.02165	0.01237	0.02474	0.02783	0.79283	0.00618	0.00618	0.00309	0.00309
100	0.01055	0.00679	0.00767	0.00786	0.00813	0.00674	0.00467	0.01114	0.01134	0.01601	0.02446	0.12364	0.02729	0.56769	0.02897	0.00575	0.00611	0.01099	0.10943	0.00479
101	0.77117	0.01462	0.03628	0.00977	0.01440	0.01599	0.00840	0.02099	0.01223	0.03160	0.01002	0.01169	0.00776	0.00662	0.00449	0.00221	0.00569	0.00391	0.00436	0.00781
102	0.01706	0.01901	0.10664	0.07030	0.60047	0.01683	0.02227	0.02178	0.01600	0.02297	0.01329	0.01739	0.01095	0.00643	0.00702	0.00214	0.00874	0.00622	0.00345	0.01105
103	0.02471	0.06527	0.20374	0.01572	0.02260	0.01650	0.01562	0.20507	0.04404	0.28493	0.02001	0.01918	0.01348	0.00806	0.00689	0.00217	0.00780	0.00628	0.00642	0.01149
104	0.01745	0.01674	0.02858	0.07297	0.67745	0.01687	0.02177	0.02170	0.01613	0.02305	0.01336	0.01768	0.01120	0.00638	0.00705	0.00213	0.00850	0.00634	0.00351	0.01114
105	0.01345	0.01266	0.02136	0.73264	0.04904	0.01582	0.01978	0.01819	0.01424	0.01819	0.01266	0.01898	0.00949	0.00712	0.00712	0.00237	0.00949	0.00633	0.00316	0.00791
106	0.80005	0.01377	0.01047	0.00936	0.01377	0.01597	0.00771	0.02093	0.01212	0.03195	0.00991	0.01157	0.00771	0.00661	0.00441	0.00220	0.00551	0.00386	0.00441	0.00771
107	0.00874	0.00622	0.00824	0.00983	0.01023	0.00583	0.00652	0.00993	0.01350	0.01801	0.03858	0.71759	0.04626	0.05096	0.01016	0.00305	0.00424	0.01985	0.00652	0.00573
108	0.00842	0.00721	0.00721	0.00721	0.00962	0.00601	0.00541	0.01022	0.01623	0.01924	0.07213	0.06853	0.70244	0.01803	0.00842	0.00240	0.00361	0.01503	0.00661	0.00601
109	0.01147	0.00820	0.01147	0.01311	0.01475	0.00820	0.01147	0.01475	0.01639	0.02131	0.03770	0.08032	0.04098	0.01967	0.00984	0.00328	0.00656	0.65741	0.00656	0.00656
110	0.80005	0.01377	0.01047	0.00936	0.01377	0.01597	0.00771	0.02093	0.01212	0.03195	0.00991	0.01157	0.00771	0.00661	0.00441	0.00220	0.00551	0.00386	0.00441	0.00771
111	0.01069	0.00739	0.00948	0.00899	0.01081	0.00673	0.00673	0.01372	0.01932	0.05416	0.56542	0.09999	0.12928	0.01521	0.00840	0.00230	0.00354	0.01336	0.00767	0.00680
112	0.01237	0.00618	0.00928	0.00928	0.00928	0.00618	0.00618	0.00928	0.00928	0.01237	0.01237	0.02165	0.01237	0.02474	0.02783	0.79283	0.00618	0.00618	0.00309	0.00309
113	0.02579	0.03024	0.01994	0.01770	0.02168	0.55894	0.01348	0.11634	0.08801	0.02230	0.01358	0.01476	0.01080	0.00773	0.00660	0.00193	0.01147	0.00517	0.00448	0.00906
114	0.02707	0.01995	0.02137	0.01638	0.02208	0.02208	0.01353	0.68159	0.03348	0.04488	0.01710	0.01710	0.01211	0.00855	0.00712	0.00214	0.00784	0.00641	0.00712	0.01211
115	0.01717	0.01823	0.02157	0.01864	0.01917	0.12279	0.01532	0.01877	0.01224	0.01718	0.00959	0.01518	0.00932	0.01172	0.02092	0.00293	0.63219	0.00599	0.00320	0.00786
116	0.01771	0.01530	0.01610	0.01449	0.01852	0.01771	0.01127	0.03784	0.69247	0.02979	0.02898	0.02657	0.02174	0.00966	0.00725	0.00242	0.00564	0.00805	0.00725	0.01127
117	0.02707	0.01995	0.02137	0.01638	0.02208	0.02208	0.01353	0.68159	0.03348	0.04488	0.01710	0.01710	0.01211	0.00855	0.00712	0.00214	0.00784	0.00641	0.00712	0.01211
118	0.03896	0.00751	0.00911	0.00864	0.01056	0.00693	0.00650	0.01310	0.01911	0.02689	0.55527	0.05459	0.18685	0.01493	0.00825	0.00227	0.00349	0.01296	0.00748	0.00662
119	0.80005	0.01377	0.01047	0.00936	0.01377	0.01597	0.00771	0.02093	0.01212	0.03195	0.00991	0.01157	0.00771	0.00661	0.00441	0.00220	0.00551	0.00386	0.00441	0.00771
120	0.02660	0.03394	0.02018	0.01834	0.02201	0.72116	0.01376	0.02843	0.02018	0.01743	0.01101	0.01284	0.00917	0.00734	0.00642	0.00183	0.01284	0.00459	0.00367	0.00825
121	0.00847	0.00722	0.00729	0.00727	0.00965	0.00604	0.00545	0.01033	0.01636	0.01955	0.09346	0.06801	0.68092	0.01792	0.00842	0.00240	0.00360	0.01496	0.00665	0.00604
122	0.00908	0.00723	0.00817	0.00825	0.01028	0.00633	0.00625	0.01135	0.01709	0.02173	0.23113	0.10876	0.44972	0.01752	0.00855	0.00245	0.00378	0.05917	0.00693	0.00622
123	0.77097	0.01351	0.01032	0.00926	0.01357	0.01563	0.00761	0.02077	0.01222	0.03175	0.01041	0.01212	0.00810	0.00667	0.00443	0.00218	0.00543	0.00396	0.03342	0.00767
124	0.02707	0.01995	0.02137	0.01638	0.02208	0.02208	0.01353	0.68159	0.03348	0.04488	0.01710	0.01710	0.01211	0.00855	0.00712	0.00214	0.00784	0.00641	0.00712	0.01211
125	0.00975	0.00708	0.00919	0.00905	0.01054	0.00652	0.00664	0.01266	0.01881	0.02627	0.55439	0.17725	0.09299	0.01610	0.00852	0.00236	0.00351	0.01429	0.00756	0.00652
126	0.01111	0.00756	0.00938	0.00881	0.01089	0.00677	0.00664	0.01397	0.01899	0.07224	0.47801	0.07727	0.22112	0.01528	0.00834	0.00230	0.00363	0.01326	0.00756	0.00688
127	0.03177	0.01240	0.01670	0.01280	0.01832	0.01088	0.01058	0.05790	0.02085	0.68640	0.02770	0.02398	0.01743	0.00880	0.00716	0.00220	0.00612	0.00713	0.00875	0.01212
128	0.02707	0.01995	0.02137	0.01638	0.02208	0.02208	0.01353	0.68159	0.03348	0.04488	0.01710	0.01710	0.01211	0.00855	0.00712	0.00214	0.00784	0.00641	0.00712	0.01211
129	0.34511	0.01682	0.01652	0.01322	0.01837	0.01870	0.01091	0.36140	0.02371	0.08963	0.01497	0.01536	0.01072	0.00777	0.00601	0.00217	0.00675	0.00542	0.00613	0.01030
130	0.01075	0.00747	0.00978	0.00946	0.01123	0.00692	0.00726	0.01393	0.01935	0.04732	0.56023	0.08303	0.08920	0.01537	0.00854	0.00238	0.00381	0.07954	0.00763	0.00680
131	0.00868	0.00620	0.00826	0.00991	0.01033	0.00578	0.00661	0.00991	0.01363	0.01818	0.03925	0.74510	0.04710	0.02231	0.00909	0.00289	0.00413	0.02024	0.00661	0.00578
132	0.15069	0.09783	0.35779	0.01857	0.07174	0.01858	0.01920	0.13960	0.01785	0.02762	0.01283	0.01464	0.00952	0.00696	0.00624	0.00214	0.00877	0.00516	0.00402	0.01025
133	0.01087	0.00748	0.00893	0.00882	0.00927	0.00777	0.00556	0.03556	0.01154	0.01562	0.02236	0.07192	0.02486	0.56954	0.15399	0.00735	0.00895	0.01015	0.00443	0.00502
134	0.80005	0.01377	0.01047	0.00936	0.01377	0.01597	0.00771	0.02093	0.01212	0.03195	0.00991	0.01157	0.00771	0.00661	0.00441	0.00220	0.00551	0.00386	0.00441	0.00771
135	0.01237	0.00618	0.00928	0.00928	0.00928	0.00618	0.00618	0.00928	0.00928	0.01237	0.01237	0.02165	0.01237	0.02474	0.02783	0.79283	0.00618	0.00618	0.00309	0.00309
136	0.80005	0.01377	0.01047	0.00936	0.01377	0.01597	0.00771	0.02093	0.01212	0.03195	0.00991	0.01157	0.00771	0.00661	0.00441	0.00220	0.00551	0.00386	0.00441	0.00771
137	0.01237	0.00618	0.00928	0.00928	0.00928	0.00618	0.00618	0.00928	0.00928	0.01237	0.01237	0.02165	0.01237	0.02474	0.02783	0.79283	0.00618	0.00618	0.00309	0.00309
138	0.02729	0.01958	0.02115	0.01621	0.02190	0.02154	0.01339	0.65167	0.03287	0.07565	0.01760	0.01743	0.01236	0.00856	0.00713	0.00214	0.00775	0.00645	0.00720	0.01211
139	0.01036	0.00690	0.00777	0.00777	0.00777	0.00690	0.00431	0.01036	0.01036	0.01381	0.02244	0.04660	0.02589	0.74975	0.03624	0.00690	0.00690	0.01036	0.00431	0.00431
140	0.01052	0.00714	0.00931	0.00927	0.01063	0.00661	0.00666	0.01305	0.01770	0.04989	0.44849	0.24105	0.05700	0.06724	0.01046	0.00274	0.00392	0.01451	0.00729	0.00650
141	0.00943	0.00658	0.00878	0.00953	0.01037	0.00614	0.00662	0.01112	0.01564	0.02145	0.27207	0.44998	0.05182	0.01973	0.01014	0.05722	0.00400	0.01666	0.00680	0.00593
142	0.01477	0.01266	0.01477	0.01055	0.01687	0.00949	0.00844	0.01793	0.01477	0.02320	0.01266	0.01477	0.01055	0.00527	0.00527	0.00105	0.00527	0.00422	0.00422	0.79328
143	0.80005	0.01377	0.01047	0.00936	0.01377	0.01597	0.00771	0.02093	0.01212	0.03195	0.00991	0.01157	0.00771	0.00661	0.00441	0.00220	0.00551	0.00386	0.00441	0.00771
144	0.06560	0.00770	0.00868	0.00853	0.01030	0.00721	0.00610	0.01282	0.01571	0.05077	0.21557	0.15006	0.24568	0.14847	0.01319	0.00322	0.00445	0.01325	0.00646	0.00624
145	0.00923	0.00647	0.00828	0.00946	0.00985	0.00617	0.00621	0.01029	0.01311	0.01752	0.05537	0.52917	0.04227	0.20191	0.01581	0.00388	0.00487	0.03858	0.00608	0.00547
146	0.00917	0.00717	0.00830	0.00817	0.01012	0.00631	0.00607	0.01162	0.01778	0.02327	0.34720	0.10850	0.37728	0.01680	0.00845	0.00237	0.00353	0.01444	0.00715	0.00631
147	0.00869	0.00694	0.00762	0.00801	0.00971	0.00605	0.00569	0.01030	0.01536	0.01903	0.08961	0.23507	0.46287	0.06948	0.01050	0.00283	0.00395	0.01591	0.00651	0.00587
148	0.01004	0.00690	0.00884	0.00930	0.01044	0.00636	0.00650	0.01199	0.01600	0.04483	0.26148	0.37900	0.10495	0.07621	0.01088	0.00293	0.00411	0.01613	0.00691	0.00621
149	0.01204	0.00896	0.01067	0.00963	0.01198	0.00864	0.00739	0.10209	0.02121	0.02901	0.49357	0.05121	0.17748	0.01440	0.00823	0.00226	0.00400	0.01241	0.00752	0.00731
150	0.53914	0.01394	0.01297	0.01083	0.01563	0.01519	0.00893	0.08568	0.01614	0.20016	0.01506	0.01520	0.01056	0.00733	0.00534	0.00220	0.00586	0.00491	0.00574	0.00921
151	0.07453	0.00824	0.00946	0.00884	0.01127	0.00759	0.00668	0.01502	0.01736	0.10323	0.28015	0.09958	0.27167	0.04395	0.00909	0.00252	0.00412	0.01265	0.00703	0.00702
152	0.00917	0.00660	0.00820	0.00904	0.00976	0.00616	0.00601	0.01050	0.01411	0.01875	0.12600	0.43322	0.12093	0.17035	0.01450	0.00358	0.00454	0.01665	0.00630	0.00563
153	0.00996	0.00727	0.00935	0.00883	0.01056	0.00667	0.00662	0.01320	0.01987	0.02786	0.65499	0.05433	0.11421	0.01481	0.00840	0.00225	0.00338	0.01304	0.00775	0.00667
154	0.01029	0.00715	0.00899	0.00899	0.00942	0.00757	0.00585	0.01114	0.01072	0.01472	0.02131	0.04038	0.02319	0.51721	0.26510	0.00842	0.01097	0.00944	0.00415	0.00500
155	0.00986	0.00686	0.00908	0.01037	0.01127	0.00658	0.00768	0.01189	0.01487	0.02023	0.09654	0.44240	0.04478	0.04876	0.01004	0.00302	0.00475	0.18203	0.05292	0.00606
156	0.01075	0.00687	0.00761	0.00761	0.00784	0.00687	0.00441	0.01121	0.01098	0.01555	0.02254	0.04386	0.02485	0.64859	0.03198	0.00619	0.00641	0.00985	0.11141	0.00463
157	0.00868	0.00620	0.00826	0.00991	0.01033	0.00578	0.00661	0.00991	0.01363	0.01818	0.03925	0.74510	0.04710	0.02231	0.00909	0.00289	0.00413	0.02024	0.00661	0.00578
158	0.01115	0.00782	0.01012	0.00919	0.01133	0.00704	0.00697	0.01447	0.01979	0.05138	0.63089	0.04954	0.06157	0.01372	0.00814	0.00216	0.00358	0.01208	0.00762	0.06144
159	0.01055	0.00778	0.00993	0.00930	0.01113	0.00740	0.00700	0.01496	0.06206	0.02863	0.65965	0.05153	0.06435	0.01425	0.00833	0.00225	0.00350	0.01258	0.00780	0.00700
160	0.05029	0.01999	0.02011	0.08374	0.02351	0.11706	0.01361	0.42705	0.02687	0.05874	0.01585	0.01705	0.01161	0.00836	0.00761	0.00215	0.04235	0.00609	0.03733	0.01061
161	0.01477	0.01266	0.01477	0.01055	0.01687	0.00949	0.00844	0.01793	0.01477	0.02320	0.01266	0.01477	0.01055	0.00527	0.00527	0.00105	0.00527	0.00422	0.00422	0.79328
162	0.01648	0.20478	0.43004	0.01759	0.02556	0.08717	0.02041	0.02211	0.01505	0.02011	0.01221	0.01533	0.00979	0.03843	0.00808	0.00227	0.03674	0.00510	0.00314	0.00961
163	0.01855	0.39033	0.05070	0.01423	0.01861	0.02326	0.01303	0.08703	0.04710	0.04132	0.01405	0.06476	0.01294	0.00910	0.00945	0.00211	0.16413	0.00607	0.00408	0.00915
164	0.00920	0.00719	0.00844	0.00919	0.01073	0.00658	0.00670	0.01166	0.04190	0.01966	0.07237	0.35415	0.32317	0.01955	0.00877	0.00268	0.00415	0.07106	0.00667	0.00619
165	0.80005	0.01377	0.01047	0.00936	0.01377	0.01597	0.00771	0.02093	0.01212	0.03195	0.00991	0.01157	0.00771	0.00661	0.00441	0.00220	0.00551	0.00386	0.00441	0.00771
166	0.00974	0.00664	0.00795	0.00856	0.00871	0.00649	0.00516	0.01019	0.01156	0.01542	0.02864	0.30431	0.03371	0.48136	0.02622	0.00542	0.00588	0.01400	0.00516	0.00486
167	0.08463	0.02863	0.47056	0.02074	0.10464	0.01562	0.02167	0.04097	0.01593	0.02460	0.07097	0.02027	0.01509	0.00780	0.00683	0.00226	0.00904	0.02595	0.00383	0.00997
168	0.01347	0.01456	0.10635	0.03471	0.01723	0.04171	0.01182	0.08282	0.04854	0.02319	0.09810	0.27004	0.07834	0.01510	0.00945	0.00259	0.06776	0.05060	0.00581	0.00780
169	0.01646	0.03427	0.01503	0.01164	0.01646	0.01120	0.00927	0.06801	0.08198	0.08467	0.02131	0.13053	0.01962	0.00968	0.00659	0.00179	0.00554	0.04605	0.00559	0.40431
170	0.34943	0.04606	0.03720	0.01280	0.01789	0.01810	0.01088	0.26635	0.04783	0.08018	0.04002	0.01666	0.01282	0.00787	0.00593	0.00216	0.00656	0.00555	0.00584	0.00987
171	0.01712	0.01929	0.13690	0.03219	0.40090	0.01617	0.04614	0.08804	0.01783	0.02505	0.01721	0.02624	0.01526	0.00854	0.00747	0.00232	0.00860	0.10000	0.00425	0.01050

[dist]
# distance from previous block
# <min> <max>
12	21

[block]
# block no. 2 follows, 29 sequences, length 10
# corresponding to MSA columns:
# 288-297
name=unknown_C
#
# <colnr> <probs for GDERKNQSTAVLIFYWHMCP>
#	G	D	E	R	K	N	Q	S	T	A	V	L	I	F	Y	W	H	M	C	P
0	0.01469	0.13522	0.57562	0.01847	0.02784	0.01756	0.02314	0.02182	0.01527	0.02211	0.05435	0.01685	0.01258	0.00715	0.00656	0.00215	0.00968	0.00552	0.00331	0.01010
1	0.02350	0.06400	0.04336	0.01434	0.01938	0.03615	0.01208	0.27577	0.13968	0.17478	0.10134	0.02390	0.02101	0.00925	0.00711	0.00217	0.00678	0.00735	0.00708	0.01098
2	0.05465	0.08157	0.63379	0.01922	0.02915	0.01725	0.02446	0.02239	0.01485	0.02266	0.01245	0.01463	0.00896	0.00671	0.00650	0.00221	0.01008	0.00510	0.00308	0.01029
3	0.09154	0.12960	0.45916	0.06028	0.02788	0.07288	0.02125	0.02243	0.01503	0.02202	0.01197	0.01428	0.00895	0.00673	0.00624	0.00213	0.00977	0.00494	0.00321	0.00973
4	0.06754	0.09187	0.12675	0.01340	0.01841	0.06863	0.01240	0.02507	0.08204	0.20646	0.14448	0.06810	0.02529	0.00989	0.00696	0.00218	0.00677	0.00802	0.00619	0.00956
5	0.52250	0.08985	0.06241	0.01358	0.08018	0.01649	0.01066	0.02049	0.01367	0.02865	0.07327	0.01614	0.01368	0.00727	0.00519	0.00213	0.00614	0.00500	0.00440	0.00829
6	0.07167	0.08258	0.01158	0.00985	0.01136	0.00905	0.00719	0.01258	0.01466	0.02083	0.15369	0.46211	0.04305	0.04515	0.00915	0.00273	0.00455	0.01560	0.00622	0.00639
7	0.01057	0.08286	0.01235	0.01009	0.01169	0.00944	0.00765	0.01264	0.01582	0.02119	0.23528	0.32488	0.13510	0.01713	0.00930	0.00251	0.05381	0.01474	0.00638	0.00657
8	0.03437	0.16937	0.36001	0.04616	0.02470	0.05915	0.01860	0.02090	0.01574	0.02189	0.10853	0.01964	0.01725	0.00787	0.00686	0.00208	0.02635	0.00601	0.00381	0.03072
9	0.08723	0.12153	0.09398	0.01410	0.03481	0.07101	0.01234	0.10726	0.10710	0.02590	0.01929	0.02001	0.06540	0.00784	0.00613	0.00186	0.00709	0.00595	0.00484	0.18632

[dist]
# distance from previous block
# <min> <max>
1	19

[block]
# block no. 3 follows, 29 sequences, length 211
# corresponding to MSA columns:
# 317-527
name=unknown_D
#
# <colnr> <probs for GDERKNQSTAVLIFYWHMCP>
#	G	D	E	R	K	N	Q	S	T	A	V	L	I	F	Y	W	H	M	C	P
0	0.09803	0.44171	0.20898	0.01429	0.02134	0.02349	0.01549	0.06700	0.01568	0.02174	0.01114	0.01277	0.00917	0.00649	0.00530	0.00182	0.00817	0.00437	0.00345	0.00956
1	0.12737	0.04228	0.01959	0.01501	0.02028	0.02076	0.01235	0.46797	0.13738	0.03980	0.01785	0.01772	0.01300	0.00839	0.00670	0.00217	0.00716	0.00626	0.00665	0.01130
2	0.01780	0.01386	0.05770	0.01452	0.04469	0.01307	0.01140	0.22019	0.05560	0.09202	0.04975	0.28817	0.02894	0.01422	0.00801	0.00250	0.00619	0.04550	0.00669	0.00917
3	0.19153	0.03884	0.01693	0.01305	0.01781	0.05104	0.03024	0.16072	0.04246	0.23164	0.04573	0.02120	0.01581	0.05497	0.00830	0.00242	0.00679	0.00645	0.00638	0.03771
4	0.03195	0.01212	0.01652	0.01267	0.01818	0.01047	0.01047	0.03470	0.02038	0.71026	0.02809	0.02424	0.01763	0.00881	0.00716	0.00220	0.00606	0.00716	0.00881	0.01212
5	0.00842	0.00721	0.00721	0.00721	0.00962	0.00601	0.00541	0.01022	0.01623	0.01924	0.07213	0.06853	0.70244	0.01803	0.00842	0.00240	0.00361	0.01503	0.00661	0.00601
6	0.80005	0.01377	0.01047	0.00936	0.01377	0.01597	0.00771	0.02093	0.01212	0.03195	0.00991	0.01157	0.00771	0.00661	0.00441	0.00220	0.00551	0.00386	0.00441	0.00771
7	0.01036	0.00690	0.00777	0.00777	0.00777	0.00690	0.00431	0.01036	0.01036	0.01381	0.02244	0.04660	0.02589	0.74975	0.03624	0.00690	0.00690	0.01036	0.00431	0.00431
8	0.00883	0.00644	0.00823	0.00943	0.01017	0.00594	0.00639	0.01028	0.01438	0.01904	0.10066	0.57713	0.12517	0.04979	0.01002	0.00294	0.00411	0.01859	0.00663	0.00583
9	0.01551	0.06102	0.53870	0.02154	0.03111	0.01708	0.14711	0.02294	0.01551	0.04446	0.01346	0.01597	0.00963	0.00666	0.00700	0.00225	0.01054	0.00585	0.00331	0.01035
10	0.03195	0.01212	0.01652	0.01267	0.01818	0.01047	0.01047	0.03470	0.02038	0.71026	0.02809	0.02424	0.01763	0.00881	0.00716	0.00220	0.00606	0.00716	0.00881	0.01212
11	0.01242	0.00621	0.00914	0.00914	0.00923	0.00621	0.00612	0.00966	0.00957	0.01310	0.01293	0.02190	0.01267	0.02388	0.02664	0.75181	0.00604	0.00621	0.04385	0.00328
12	0.01501	0.01425	0.02417	0.47565	0.29385	0.01623	0.02055	0.01956	0.01498	0.02008	0.01293	0.01848	0.01016	0.00683	0.00709	0.00228	0.00911	0.00633	0.00330	0.00917
13	0.00866	0.00627	0.00819	0.00973	0.01028	0.00580	0.00653	0.00994	0.01381	0.01825	0.04148	0.69924	0.09152	0.02202	0.00904	0.00286	0.00410	0.01989	0.00661	0.00580
14	0.01477	0.01266	0.01477	0.01055	0.01687	0.00949	0.00844	0.01793	0.01477	0.02320	0.01266	0.01477	0.01055	0.00527	0.00527	0.00105	0.00527	0.00422	0.00422	0.79328
15	0.74551	0.01381	0.01124	0.03145	0.01502	0.01620	0.00838	0.02070	0.01213	0.03095	0.00997	0.01195	0.00783	0.00686	0.00524	0.00224	0.03445	0.00402	0.00432	0.00772
16	0.01008	0.00728	0.00952	0.00896	0.01064	0.00672	0.00672	0.01344	0.02016	0.02855	0.70158	0.05319	0.06719	0.01456	0.00840	0.00224	0.00336	0.01288	0.00784	0.00672
17	0.03058	0.01203	0.01623	0.01258	0.01788	0.01056	0.01034	0.03395	0.04333	0.65942	0.05539	0.02549	0.01977	0.00907	0.00721	0.00221	0.00594	0.00742	0.00872	0.01187
18	0.01640	0.01384	0.01670	0.01207	0.01836	0.01143	0.03625	0.10203	0.01721	0.02593	0.01329	0.01524	0.01075	0.00572	0.00563	0.00125	0.00587	0.00467	0.00456	0.66280
19	0.01033	0.00702	0.00837	0.00837	0.00858	0.00723	0.00507	0.01074	0.01053	0.01425	0.02188	0.04354	0.02456	0.63560	0.14858	0.00765	0.00890	0.00991	0.00423	0.00465
20	0.03179	0.01236	0.01668	0.01279	0.01830	0.01083	0.01056	0.05501	0.02079	0.68937	0.02775	0.02401	0.01745	0.00880	0.00716	0.00220	0.00611	0.00714	0.00876	0.01212
21	0.01024	0.00694	0.00783	0.00780	0.00801	0.00685	0.00450	0.01051	0.01116	0.01485	0.06019	0.04806	0.06266	0.67419	0.03337	0.00643	0.00655	0.01073	0.00461	0.00453
22	0.01327	0.00664	0.00664	0.00664	0.00830	0.00664	0.00498	0.01659	0.01493	0.02655	0.02323	0.02655	0.01825	0.00830	0.00498	0.00166	0.00332	0.00664	0.78928	0.00664
23	0.00868	0.00620	0.00826	0.00991	0.01033	0.00578	0.00661	0.00991	0.01363	0.01818	0.03925	0.74510	0.04710	0.02231	0.00909	0.00289	0.00413	0.02024	0.00661	0.00578
24	0.01036	0.00690	0.00777	0.00777	0.00777	0.00690	0.00431	0.01036	0.01036	0.01381	0.02244	0.04660	0.02589	0.74975	0.03624	0.00690	0.00690	0.01036	0.00431	0.00431
25	0.01036	0.00690	0.00777	0.00777	0.00777	0.00690	0.00431	0.01036	0.01036	0.01381	0.02244	0.04660	0.02589	0.74975	0.03624	0.00690	0.00690	0.01036	0.00431	0.00431
26	0.02707	0.01995	0.02137	0.01638	0.02208	0.02208	0.01353	0.68159	0.03348	0.04488	0.01710	0.01710	0.01211	0.00855	0.00712	0.00214	0.00784	0.00641	0.00712	0.01211
27	0.01762	0.01692	0.02890	0.04371	0.70533	0.01692	0.02185	0.02185	0.01621	0.02326	0.01339	0.01762	0.01128	0.00634	0.00705	0.00211	0.00846	0.00634	0.00352	0.01128
28	0.00873	0.00622	0.00825	0.00984	0.01024	0.00582	0.00653	0.00993	0.01352	0.01803	0.03867	0.72107	0.04637	0.04734	0.01002	0.00303	0.00423	0.01990	0.00653	0.00573
29	0.01008	0.00728	0.00952	0.00896	0.01064	0.00672	0.00672	0.01344	0.02016	0.02855	0.70158	0.05319	0.06719	0.01456	0.00840	0.00224	0.00336	0.01288	0.00784	0.00672
30	0.03162	0.01264	0.01685	0.01292	0.01844	0.01124	0.01067	0.07790	0.02126	0.66583	0.02736	0.02376	0.01726	0.00880	0.00716	0.00220	0.00618	0.00711	0.00870	0.01212
31	0.01017	0.00763	0.01144	0.01144	0.01272	0.00890	0.00890	0.01272	0.01144	0.01653	0.01907	0.02797	0.01780	0.05340	0.72153	0.01144	0.01907	0.00763	0.00381	0.00636
32	0.01771	0.01530	0.01610	0.01449	0.01852	0.01771	0.01127	0.03784	0.69247	0.02979	0.02898	0.02657	0.02174	0.00966	0.00725	0.00242	0.00564	0.00805	0.00725	0.01127
33	0.01036	0.00690	0.00777	0.00777	0.00777	0.00690	0.00431	0.01036	0.01036	0.01381	0.02244	0.04660	0.02589	0.74975	0.03624	0.00690	0.00690	0.01036	0.00431	0.00431
34	0.00868	0.00620	0.00826	0.00991	0.01033	0.00578	0.00661	0.00991	0.01363	0.01818	0.03925	0.74510	0.04710	0.02231	0.00909	0.00289	0.00413	0.02024	0.00661	0.00578
35	0.01017	0.00763	0.01144	0.01144	0.01272	0.00890	0.00890	0.01272	0.01144	0.01653	0.01907	0.02797	0.01780	0.05340	0.72153	0.01144	0.01907	0.00763	0.00381	0.00636
36	0.01237	0.00618	0.00928	0.00928	0.00928	0.00618	0.00618	0.00928	0.00928	0.01237	0.01237	0.02165	0.01237	0.02474	0.02783	0.79283	0.00618	0.00618	0.00309	0.00309
37	0.00868	0.00620	0.00826	0.00991	0.01033	0.00578	0.00661	0.00991	0.01363	0.01818	0.03925	0.74510	0.04710	0.02231	0.00909	0.00289	0.00413	0.02024	0.00661	0.00578
38	0.01477	0.01266	0.01477	0.01055	0.01687	0.00949	0.00844	0.01793	0.01477	0.02320	0.01266	0.01477	0.01055	0.00527	0.00527	0.00105	0.00527	0.00422	0.00422	0.79328
39	0.01032	0.00705	0.00851	0.00851	0.00876	0.00730	0.00524	0.01083	0.01057	0.01435	0.02176	0.04286	0.02426	0.60986	0.17392	0.00782	0.00935	0.00981	0.00421	0.00473
