[name]
unknown

[dist]
# distance from previous block
# <min> <max>
0	24

[block]
# block no. 0 follows, 31 sequences, length 23
# corresponding to MSA columns:
# 24-46
name=unknown_A
#
# <colnr> <probs for GDERKNQSTAVLIFYWHMCP>
#	G	D	E	R	K	N	Q	S	T	A	V	L	I	F	Y	W	H	M	C	P
0	0.05940	0.01474	0.01929	0.04119	0.22136	0.01488	0.01372	0.17327	0.06883	0.02762	0.01682	0.02276	0.01430	0.00793	0.00656	0.00195	0.00679	0.07420	0.00492	0.18947
1	0.01944	0.01396	0.01591	0.01231	0.01768	0.01325	0.00991	0.15188	0.16739	0.12961	0.01852	0.01839	0.01373	0.00707	0.00608	0.00165	0.00572	0.00566	0.00585	0.36599
2	0.01628	0.01529	0.11033	0.01337	0.05159	0.01077	0.01135	0.04979	0.01565	0.10409	0.01598	0.06919	0.01337	0.00703	0.00590	0.00152	0.00601	0.00582	0.00467	0.47199
3	0.01718	0.01206	0.01656	0.01620	0.10066	0.01161	0.04999	0.14592	0.01827	0.12588	0.02443	0.28114	0.02405	0.01217	0.00736	0.00220	0.00600	0.01084	0.00593	0.11156
4	0.01609	0.01513	0.02440	0.13824	0.49478	0.01546	0.01862	0.02134	0.07032	0.02214	0.01390	0.01754	0.01132	0.00636	0.00663	0.00199	0.00775	0.00602	0.00369	0.08827
5	0.01479	0.01223	0.01454	0.01081	0.01622	0.01011	0.00866	0.04571	0.01474	0.03904	0.01343	0.03403	0.01147	0.00782	0.03431	0.00161	0.04132	0.00482	0.00427	0.66005
6	0.01019	0.00740	0.00924	0.00994	0.01103	0.00719	0.00696	0.07731	0.01567	0.02096	0.09926	0.58596	0.07431	0.01926	0.00846	0.00263	0.00423	0.01726	0.00651	0.00625
7	0.02173	0.01688	0.01873	0.01625	0.05999	0.01856	0.01237	0.41659	0.21207	0.03592	0.02011	0.05262	0.01557	0.00885	0.00688	0.00211	0.00672	0.00710	0.00653	0.04438
8	0.01462	0.01040	0.01261	0.01029	0.01424	0.00898	0.00801	0.03328	0.03190	0.10349	0.08548	0.11965	0.09420	0.01077	0.00787	0.03170	0.03196	0.00846	0.00547	0.35661
9	0.01712	0.01723	0.03344	0.02453	0.03008	0.01736	0.47357	0.05210	0.03428	0.05911	0.01418	0.01809	0.01083	0.00708	0.01011	0.00235	0.12816	0.00743	0.00392	0.03904
10	0.01626	0.44056	0.34122	0.01516	0.02291	0.02211	0.01773	0.02101	0.01414	0.01857	0.01074	0.01251	0.00873	0.00614	0.00533	0.00178	0.00856	0.00428	0.00291	0.00937
11	0.01188	0.00594	0.00891	0.00891	0.00891	0.00594	0.00594	0.00891	0.00891	0.01188	0.01188	0.02080	0.01188	0.02377	0.02674	0.80095	0.00594	0.00594	0.00297	0.00297
12	0.01453	0.16428	0.60231	0.01812	0.02748	0.01787	0.02288	0.02146	0.01435	0.02068	0.01179	0.01383	0.00869	0.00639	0.00613	0.00204	0.00962	0.00481	0.00290	0.00988
13	0.02154	0.01695	0.01697	0.01407	0.01826	0.09365	0.01119	0.32411	0.15485	0.08341	0.12057	0.05187	0.02244	0.00966	0.00705	0.00212	0.00676	0.00774	0.00671	0.01010
14	0.00839	0.00600	0.00799	0.00949	0.00994	0.00559	0.00635	0.00966	0.01335	0.01787	0.06496	0.72670	0.04603	0.02113	0.00871	0.00275	0.00394	0.01916	0.00640	0.00559
15	0.00821	0.00694	0.00710	0.00706	0.00932	0.00583	0.00529	0.01006	0.01588	0.01917	0.11877	0.06471	0.66422	0.01707	0.00808	0.00230	0.00345	0.01428	0.00644	0.00583
16	0.04591	0.42312	0.33016	0.01495	0.02257	0.02183	0.01737	0.02098	0.01405	0.01903	0.01070	0.01247	0.00868	0.00615	0.00529	0.00179	0.00844	0.00426	0.00296	0.00930
17	0.01874	0.65598	0.07061	0.01268	0.01854	0.09328	0.01257	0.02120	0.01445	0.01645	0.00976	0.01129	0.00878	0.00600	0.00467	0.00153	0.00794	0.00380	0.00298	0.00877
18	0.01010	0.00711	0.00879	0.00868	0.00896	0.00762	0.00558	0.01072	0.01021	0.01399	0.02033	0.03949	0.02247	0.56694	0.19638	0.00751	0.03721	0.00919	0.00399	0.00473
19	0.01759	0.02043	0.03395	0.08635	0.03323	0.15112	0.47980	0.02232	0.01631	0.02034	0.01288	0.01714	0.00992	0.00636	0.00822	0.00223	0.04249	0.00713	0.00342	0.00877
20	0.01701	0.10587	0.02085	0.01560	0.01819	0.09897	0.04493	0.11103	0.04661	0.02087	0.01440	0.05607	0.01317	0.01679	0.13236	0.00380	0.24459	0.00666	0.00406	0.00816
21	0.55974	0.04310	0.01301	0.01036	0.01488	0.04723	0.00856	0.04734	0.01439	0.16700	0.01329	0.01377	0.00957	0.00685	0.00495	0.00207	0.00587	0.00445	0.00509	0.00848
22	0.53684	0.04919	0.01293	0.03032	0.01509	0.01579	0.00873	0.05116	0.07900	0.02914	0.07260	0.01653	0.01400	0.00759	0.00576	0.00214	0.03542	0.00510	0.00475	0.00791

[dist]
# distance from previous block
# <min> <max>
7	16

[block]
# block no. 1 follows, 31 sequences, length 16
# corresponding to MSA columns:
# 64-79
name=unknown_B
#
# <colnr> <probs for GDERKNQSTAVLIFYWHMCP>
#	G	D	E	R	K	N	Q	S	T	A	V	L	I	F	Y	W	H	M	C	P
0	0.00854	0.00615	0.00809	0.00929	0.00994	0.00570	0.00633	0.01006	0.01416	0.01905	0.14359	0.62117	0.07229	0.02013	0.00861	0.00266	0.00384	0.01817	0.00653	0.00570
1	0.01287	0.00809	0.00994	0.00956	0.01151	0.00754	0.00694	0.05853	0.01623	0.11170	0.13754	0.31381	0.14181	0.08808	0.01060	0.00281	0.00454	0.01381	0.00656	0.02754
2	0.01811	0.61733	0.13019	0.01315	0.01945	0.06935	0.01368	0.02107	0.01432	0.01691	0.00996	0.01154	0.00877	0.00602	0.00479	0.00158	0.00802	0.00390	0.00296	0.00891
3	0.00978	0.00789	0.01199	0.01174	0.01277	0.00797	0.07067	0.01145	0.01300	0.01766	0.05330	0.50436	0.03666	0.08947	0.05641	0.00359	0.05415	0.01565	0.00553	0.00596
4	0.02409	0.01197	0.01478	0.01210	0.01637	0.01166	0.00970	0.11759	0.11227	0.39760	0.04733	0.09719	0.02109	0.00998	0.00696	0.00217	0.00555	0.00829	0.06292	0.01040
5	0.00832	0.00603	0.00786	0.00932	0.00987	0.00557	0.00626	0.00955	0.01330	0.01755	0.04022	0.70025	0.09847	0.02111	0.00868	0.00274	0.00393	0.01905	0.00635	0.00557
6	0.02449	0.01764	0.01898	0.01484	0.01992	0.01945	0.01217	0.56126	0.09705	0.06745	0.01833	0.01815	0.01312	0.00831	0.00673	0.00205	0.00699	0.00636	0.05548	0.01123
7	0.02465	0.01812	0.01937	0.01507	0.02021	0.02007	0.01238	0.61220	0.07364	0.04115	0.01750	0.01754	0.01257	0.00827	0.00673	0.00204	0.00714	0.00627	0.05380	0.01127
8	0.00838	0.00627	0.00779	0.00882	0.00978	0.00568	0.00608	0.00987	0.01420	0.01851	0.09916	0.53128	0.20962	0.01984	0.00852	0.00261	0.00379	0.01767	0.00645	0.00568
9	0.01138	0.00867	0.00980	0.01047	0.01162	0.04995	0.00734	0.05793	0.01529	0.04340	0.06802	0.60114	0.04082	0.01888	0.00836	0.00262	0.00473	0.01688	0.00635	0.00636
10	0.01482	0.01410	0.02396	0.41062	0.36474	0.01570	0.01995	0.01915	0.01458	0.01979	0.01250	0.01762	0.00993	0.00649	0.00681	0.00216	0.00865	0.00609	0.00320	0.00913
11	0.01578	0.01508	0.02568	0.24387	0.52404	0.01595	0.02042	0.01998	0.01503	0.02095	0.01266	0.01731	0.01034	0.00631	0.00679	0.00210	0.00841	0.00609	0.00329	0.00990
12	0.01728	0.60182	0.18882	0.01344	0.02024	0.02459	0.01472	0.02075	0.01402	0.01733	0.01013	0.01175	0.00875	0.00600	0.00486	0.00162	0.00794	0.00397	0.00292	0.00908
13	0.00944	0.00648	0.00755	0.00796	0.00818	0.00632	0.00476	0.00984	0.01104	0.01460	0.02812	0.22547	0.06575	0.53445	0.02684	0.00543	0.00580	0.01258	0.00482	0.00459
14	0.01431	0.01217	0.01435	0.01067	0.01610	0.00990	0.00850	0.04208	0.01462	0.02251	0.01374	0.05981	0.01229	0.00651	0.00617	0.00125	0.03955	0.00517	0.00425	0.68605
15	0.01076	0.00854	0.01100	0.01117	0.01189	0.00950	0.00808	0.03352	0.05628	0.01886	0.06375	0.45791	0.03556	0.09013	0.01339	0.00311	0.12980	0.01476	0.00568	0.00630

[dist]
# distance from previous block
# <min> <max>
0	2

[block]
# block no. 2 follows, 31 sequences, length 13
# corresponding to MSA columns:
# 82-94
name=unknown_C
#
# <colnr> <probs for GDERKNQSTAVLIFYWHMCP>
#	G	D	E	R	K	N	Q	S	T	A	V	L	I	F	Y	W	H	M	C	P
0	0.01666	0.01598	0.02728	0.08959	0.67142	0.01618	0.02086	0.02076	0.01545	0.02202	0.01282	0.01702	0.01072	0.00615	0.00678	0.00205	0.00819	0.00609	0.00336	0.01062
1	0.00883	0.00689	0.00864	0.00944	0.01025	0.00679	0.00662	0.01013	0.01338	0.01746	0.04257	0.50443	0.20362	0.04995	0.01066	0.00284	0.05895	0.01685	0.00601	0.00569
2	0.01902	0.01705	0.02530	0.01918	0.02389	0.05111	0.21946	0.15769	0.01825	0.07235	0.01378	0.01664	0.01066	0.00775	0.01031	0.00216	0.16967	0.00634	0.00448	0.13492
3	0.00837	0.00617	0.00785	0.00906	0.00983	0.00564	0.00617	0.00977	0.01386	0.01821	0.08213	0.60357	0.15362	0.02034	0.00859	0.00267	0.00385	0.01823	0.00642	0.00564
4	0.00835	0.00632	0.00772	0.00867	0.00974	0.00569	0.00601	0.00985	0.01430	0.01847	0.09474	0.49565	0.25044	0.01966	0.00849	0.00259	0.00376	0.01743	0.00643	0.00569
5	0.01038	0.00841	0.00961	0.00919	0.01126	0.00830	0.00695	0.03465	0.09140	0.02264	0.23735	0.12817	0.33253	0.01545	0.00862	0.00234	0.03634	0.01305	0.00662	0.00674
6	0.00995	0.00663	0.00746	0.00746	0.00746	0.00663	0.00415	0.00995	0.00995	0.01327	0.02156	0.04477	0.02487	0.75957	0.03482	0.00663	0.00663	0.00995	0.00415	0.00415
7	0.00828	0.00615	0.00773	0.00900	0.00978	0.00560	0.00612	0.00959	0.01361	0.01767	0.04416	0.61428	0.18190	0.02059	0.00860	0.00268	0.00387	0.01843	0.00635	0.00560
8	0.01528	0.28331	0.48982	0.01685	0.02551	0.01970	0.02066	0.02126	0.01426	0.01977	0.01134	0.01326	0.00870	0.00628	0.00578	0.00193	0.00916	0.00458	0.00290	0.00966
9	0.01400	0.03287	0.62846	0.02025	0.02957	0.01627	0.08359	0.02143	0.01440	0.02143	0.01225	0.01482	0.00883	0.00671	0.00744	0.00222	0.04726	0.00537	0.00294	0.00990
10	0.01180	0.00945	0.01330	0.01167	0.01267	0.01034	0.07156	0.04052	0.01178	0.01619	0.01946	0.07295	0.02121	0.45928	0.08188	0.00566	0.11119	0.00936	0.00411	0.00563
11	0.02078	0.01461	0.01696	0.03616	0.01844	0.01568	0.03173	0.40372	0.02452	0.07852	0.05012	0.08428	0.01887	0.09592	0.01020	0.00264	0.00675	0.00810	0.05246	0.00953
12	0.01574	0.22317	0.09415	0.01415	0.01882	0.04299	0.06633	0.08389	0.04941	0.02109	0.01921	0.13082	0.04484	0.01221	0.05208	0.00257	0.03613	0.00783	0.00435	0.06025

[dist]
# distance from previous block
# <min> <max>
4	15

[block]
# block no. 3 follows, 31 sequences, length 20
# corresponding to MSA columns:
# 110-129
name=unknown_D
#
# <colnr> <probs for GDERKNQSTAVLIFYWHMCP>
#	G	D	E	R	K	N	Q	S	T	A	V	L	I	F	Y	W	H	M	C	P
0	0.01844	0.04112	0.17388	0.04444	0.02316	0.06396	0.05578	0.18496	0.01899	0.04995	0.03246	0.01640	0.01162	0.00754	0.00819	0.00200	0.09022	0.00566	0.00447	0.14677
1	0.01862	0.06437	0.11259	0.01860	0.10975	0.10760	0.01453	0.16101	0.06337	0.05016	0.01875	0.10397	0.03611	0.00968	0.00832	0.00220	0.07862	0.00755	0.00484	0.00935
2	0.04338	0.01232	0.01334	0.01208	0.01423	0.05871	0.00924	0.05643	0.14196	0.06377	0.07909	0.10343	0.09543	0.11214	0.03800	0.00325	0.12050	0.00947	0.00555	0.00767
3	0.00865	0.00615	0.00794	0.00924	0.00970	0.00580	0.00616	0.00976	0.01284	0.01701	0.03658	0.60571	0.06750	0.12517	0.01241	0.00332	0.00441	0.04024	0.00604	0.00539
4	0.03863	0.25140	0.06093	0.01417	0.01844	0.08823	0.01259	0.11342	0.08543	0.05237	0.01642	0.04214	0.03867	0.00876	0.00860	0.00207	0.12825	0.00602	0.00445	0.00902
5	0.05329	0.01221	0.01999	0.70584	0.04540	0.01521	0.01841	0.01761	0.01358	0.01815	0.01203	0.01788	0.00903	0.00682	0.00671	0.00227	0.00893	0.00596	0.00310	0.00759
6	0.00864	0.00608	0.00785	0.00913	0.00945	0.00576	0.00593	0.00961	0.01250	0.01666	0.03462	0.61934	0.04135	0.16251	0.01372	0.00352	0.00448	0.01763	0.00593	0.00529
7	0.00863	0.00666	0.00788	0.00819	0.00973	0.00591	0.00591	0.01065	0.01598	0.02083	0.25055	0.26394	0.32547	0.01754	0.00827	0.00240	0.00354	0.01530	0.00670	0.00591
8	0.01523	0.27531	0.49738	0.01693	0.02564	0.01957	0.02081	0.02128	0.01427	0.01983	0.01137	0.01330	0.00870	0.00629	0.00580	0.00193	0.00919	0.00460	0.00290	0.00967
9	0.02158	0.01342	0.01551	0.01297	0.01722	0.01413	0.01035	0.12575	0.31168	0.24394	0.11255	0.02678	0.02387	0.00947	0.00706	0.00220	0.00556	0.00783	0.00748	0.01064
10	0.00842	0.00602	0.00801	0.00947	0.00994	0.00561	0.00636	0.00973	0.01347	0.01806	0.07830	0.71280	0.04641	0.02099	0.00869	0.00274	0.00392	0.01902	0.00642	0.00561
11	0.01382	0.01308	0.02215	0.58541	0.19778	0.01544	0.01945	0.01827	0.01411	0.01858	0.01232	0.01795	0.00951	0.00667	0.00682	0.00222	0.00890	0.00608	0.00312	0.00833
12	0.05103	0.01341	0.01549	0.01263	0.01692	0.01377	0.01012	0.24256	0.09645	0.25657	0.06239	0.08398	0.05309	0.02985	0.00778	0.00230	0.00593	0.00837	0.00719	0.01016
13	0.00937	0.00718	0.00862	0.00837	0.01018	0.00657	0.00623	0.01259	0.04278	0.02405	0.44502	0.10674	0.25640	0.01537	0.00808	0.00225	0.00343	0.01335	0.00707	0.00634
14	0.00886	0.00686	0.00807	0.00798	0.00977	0.00607	0.00590	0.01124	0.01711	0.02257	0.36736	0.12813	0.34314	0.01618	0.00814	0.00228	0.00340	0.01398	0.00690	0.00607
15	0.01647	0.01882	0.03809	0.02758	0.03387	0.04839	0.61482	0.02176	0.01589	0.02131	0.01336	0.01794	0.01021	0.00626	0.00901	0.00233	0.06364	0.00777	0.00343	0.00905
16	0.02628	0.01732	0.01922	0.01489	0.02021	0.01866	0.01225	0.51263	0.07945	0.17834	0.01939	0.01848	0.01338	0.00834	0.00686	0.00209	0.00703	0.00642	0.00718	0.01158
17	0.01419	0.01216	0.01419	0.01013	0.01621	0.00912	0.00811	0.01723	0.01419	0.02229	0.01216	0.01419	0.01013	0.00507	0.00507	0.00101	0.00507	0.00405	0.00405	0.80139
18	0.01648	0.01573	0.01381	0.01253	0.01541	0.19486	0.00953	0.02094	0.11346	0.06644	0.10011	0.13898	0.11232	0.01180	0.00804	0.00213	0.05105	0.00950	0.00556	0.08131
19	0.01836	0.66892	0.08702	0.01251	0.01866	0.02591	0.01280	0.05654	0.01492	0.01796	0.01009	0.01153	0.00892	0.00603	0.00468	0.00155	0.00754	0.00390	0.00313	0.00903

[dist]
# distance from previous block
# <min> <max>
1	6

[block]
# block no. 4 follows, 31 sequences, length 18
# corresponding to MSA columns:
# 136-153
name=unknown_E
#
# <colnr> <probs for GDERKNQSTAVLIFYWHMCP>
#	G	D	E	R	K	N	Q	S	T	A	V	L	I	F	Y	W	H	M	C	P
0	0.01418	0.01091	0.01228	0.01093	0.01325	0.03494	0.00808	0.16120	0.01654	0.02246	0.04577	0.12254	0.02236	0.22217	0.16248	0.00509	0.00877	0.00908	0.00501	0.09193
1	0.12374	0.01250	0.01554	0.01259	0.01698	0.01224	0.03931	0.14795	0.01935	0.32292	0.02367	0.15449	0.01941	0.01029	0.00686	0.00220	0.00595	0.00860	0.00686	0.03854
2	0.00865	0.00609	0.00785	0.00912	0.00944	0.00577	0.00592	0.00961	0.01249	0.01665	0.03457	0.61704	0.04129	0.16489	0.01380	0.00353	0.00449	0.01760	0.00592	0.00528
3	0.01693	0.01626	0.02777	0.04199	0.71689	0.01626	0.02100	0.02100	0.01558	0.02235	0.01287	0.01693	0.01084	0.00610	0.00677	0.00203	0.00813	0.00610	0.00339	0.01084
4	0.01428	0.12416	0.64022	0.01855	0.02814	0.01725	0.02362	0.02152	0.01438	0.02099	0.01194	0.01402	0.00868	0.00642	0.00624	0.00208	0.00977	0.00489	0.00289	0.00995
5	0.01588	0.01787	0.03808	0.07398	0.03555	0.01736	0.61360	0.02135	0.01569	0.02135	0.01348	0.01826	0.01023	0.00616	0.00875	0.00234	0.04980	0.00784	0.00341	0.00903
6	0.01298	0.00796	0.00967	0.00944	0.01087	0.00776	0.00678	0.01525	0.05119	0.10693	0.05265	0.07327	0.08130	0.37723	0.02115	0.00456	0.00595	0.13333	0.00561	0.00612
7	0.00976	0.00704	0.00951	0.01087	0.01204	0.00679	0.00864	0.01209	0.01497	0.01967	0.08193	0.33185	0.08021	0.01946	0.00901	0.00290	0.00506	0.34580	0.00640	0.00600
8	0.00892	0.00688	0.00814	0.00801	0.00980	0.00610	0.00594	0.01136	0.01729	0.02294	0.39389	0.11814	0.32593	0.01599	0.00813	0.00227	0.00339	0.01382	0.00695	0.00610
9	0.02517	0.01788	0.01934	0.01503	0.02023	0.01964	0.01235	0.57997	0.07772	0.08486	0.01812	0.01785	0.01285	0.00829	0.00678	0.00206	0.00711	0.00632	0.03705	0.01138
10	0.01747	0.01110	0.01308	0.01124	0.01435	0.01140	0.00866	0.10412	0.17820	0.16271	0.24896	0.03479	0.03375	0.10635	0.01085	0.00274	0.00519	0.00917	0.00707	0.00880
11	0.01702	0.01470	0.01547	0.01392	0.01779	0.01702	0.01083	0.03635	0.70453	0.02862	0.02785	0.02553	0.02088	0.00928	0.00696	0.00232	0.00541	0.00773	0.00696	0.01083
12	0.02658	0.01824	0.01996	0.01530	0.02076	0.01985	0.01264	0.61310	0.03062	0.12627	0.01772	0.01727	0.01228	0.00824	0.00685	0.00206	0.00732	0.00625	0.00704	0.01164
13	0.00871	0.00699	0.00779	0.00770	0.00976	0.00608	0.00584	0.01097	0.01677	0.02134	0.26709	0.06178	0.48367	0.01636	0.00814	0.00230	0.00352	0.04248	0.00672	0.00601
14	0.00965	0.00691	0.00826	0.00864	0.00933	0.00676	0.00563	0.01164	0.05021	0.01776	0.12608	0.28480	0.07482	0.32626	0.01935	0.00424	0.00502	0.01361	0.00563	0.00539
15	0.00891	0.00701	0.00807	0.00793	0.00991	0.00617	0.00603	0.01133	0.01716	0.02229	0.33386	0.06036	0.40895	0.01603	0.00815	0.00229	0.00352	0.04910	0.00684	0.00609
16	0.02148	0.01651	0.01557	0.01297	0.01694	0.12498	0.01028	0.27127	0.08099	0.09231	0.01938	0.04460	0.01493	0.00843	0.00628	0.00192	0.00672	0.00652	0.18951	0.03843
17	0.01362	0.00961	0.01075	0.00975	0.01227	0.00968	0.00738	0.11333	0.08620	0.06238	0.11486	0.09074	0.22999	0.09490	0.04244	0.00307	0.00536	0.01087	0.06541	0.00739

[dist]
# distance from previous block
# <min> <max>
1	16

[block]
# block no. 5 follows, 31 sequences, length 83
# corresponding to MSA columns:
# 170-252
name=unknown_F
#
# <colnr> <probs for GDERKNQSTAVLIFYWHMCP>
#	G	D	E	R	K	N	Q	S	T	A	V	L	I	F	Y	W	H	M	C	P
0	0.11067	0.01546	0.03997	0.22847	0.06117	0.01687	0.03433	0.19970	0.12949	0.05075	0.01623	0.01833	0.01205	0.00875	0.02673	0.00243	0.00786	0.00618	0.00503	0.00953
1	0.01377	0.04071	0.02035	0.01565	0.01930	0.01332	0.16197	0.01843	0.07711	0.02076	0.05317	0.06488	0.01809	0.03293	0.10355	0.00337	0.10673	0.02600	0.02788	0.16205
2	0.01135	0.00991	0.05259	0.01089	0.01283	0.00901	0.00852	0.01647	0.13178	0.04063	0.18840	0.34154	0.04032	0.05683	0.00999	0.00272	0.02913	0.01367	0.00635	0.00708
3	0.05207	0.05200	0.57388	0.01800	0.02695	0.03689	0.02208	0.02310	0.03541	0.07779	0.01366	0.01517	0.00964	0.00673	0.00637	0.00213	0.00940	0.00516	0.00354	0.01003
4	0.28462	0.01736	0.01583	0.01315	0.01773	0.10247	0.01070	0.26673	0.04914	0.10399	0.01585	0.01789	0.01202	0.00799	0.00602	0.00210	0.00705	0.03412	0.00573	0.00953
5	0.00863	0.00618	0.00820	0.00933	0.00999	0.00575	0.00637	0.01026	0.01445	0.01962	0.18373	0.60294	0.04942	0.01982	0.00859	0.00264	0.00381	0.01792	0.00661	0.00575
6	0.01004	0.00737	0.00884	0.00835	0.01037	0.00669	0.00630	0.01330	0.04078	0.04520	0.46356	0.05416	0.27022	0.01474	0.00800	0.00221	0.00345	0.01272	0.00716	0.00654
7	0.01511	0.13101	0.60025	0.01813	0.02745	0.01711	0.02278	0.02204	0.01461	0.05302	0.01258	0.01439	0.00906	0.00650	0.00624	0.00207	0.00954	0.00495	0.00315	0.01000
8	0.00843	0.00608	0.00799	0.00934	0.00991	0.00564	0.00631	0.00980	0.01370	0.01829	0.09162	0.66882	0.07742	0.02067	0.00865	0.00271	0.00389	0.01867	0.00644	0.00564
9	0.00834	0.00595	0.00794	0.00953	0.00992	0.00556	0.00635	0.00953	0.01310	0.01746	0.03771	0.75510	0.04525	0.02143	0.00873	0.00278	0.00397	0.01945	0.00635	0.00556
10	0.00841	0.00599	0.00792	0.00943	0.00980	0.00561	0.00624	0.00955	0.01295	0.01726	0.03693	0.72082	0.04427	0.05705	0.00999	0.00296	0.00410	0.01899	0.00624	0.00549
11	0.02060	0.01423	0.01579	0.01352	0.01780	0.01557	0.01071	0.09526	0.47433	0.18144	0.02773	0.02529	0.03786	0.00922	0.00696	0.00225	0.00564	0.00758	0.00726	0.01094
12	0.00891	0.00683	0.00816	0.00810	0.00982	0.00608	0.00597	0.01131	0.01712	0.02277	0.38296	0.15009	0.30470	0.01622	0.00816	0.00229	0.00341	0.01408	0.00693	0.00608
13	0.00888	0.00696	0.00803	0.00776	0.00973	0.00611	0.00582	0.01135	0.01746	0.02292	0.38827	0.05854	0.39238	0.01567	0.00808	0.00223	0.00335	0.01342	0.00694	0.00611
14	0.02494	0.03158	0.01948	0.01764	0.02097	0.69087	0.01332	0.02669	0.01887	0.01673	0.01048	0.01249	0.00882	0.00734	0.00711	0.00183	0.05493	0.00450	0.00349	0.00791
15	0.01292	0.01216	0.02052	0.74312	0.04712	0.01520	0.01900	0.01748	0.01368	0.01748	0.01216	0.01824	0.00912	0.00684	0.00684	0.00228	0.00912	0.00608	0.00304	0.00760
16	0.01419	0.01216	0.01419	0.01013	0.01621	0.00912	0.00811	0.01723	0.01419	0.02229	0.01216	0.01419	0.01013	0.00507	0.00507	0.00101	0.00507	0.00405	0.00405	0.80139
17	0.02557	0.03211	0.01943	0.01756	0.02115	0.70578	0.01321	0.05201	0.01986	0.01772	0.01079	0.01249	0.00892	0.00709	0.00619	0.00177	0.01216	0.00447	0.00365	0.00807
18	0.01441	0.01404	0.01946	0.01680	0.01680	0.01936	0.01377	0.01574	0.01042	0.01611	0.01038	0.01828	0.01075	0.09498	0.02383	0.00340	0.66484	0.00643	0.00312	0.00711
19	0.65714	0.01437	0.01208	0.01030	0.01477	0.01648	0.00849	0.15005	0.01560	0.03309	0.01086	0.01214	0.00822	0.00671	0.00474	0.00210	0.00572	0.00418	0.00474	0.00822
20	0.01304	0.00931	0.01109	0.00973	0.01228	0.00881	0.00729	0.10533	0.01828	0.05108	0.29861	0.11480	0.08377	0.11186	0.01110	0.00266	0.00469	0.01082	0.00638	0.10908
21	0.01829	0.76368	0.03585	0.01171	0.01756	0.02707	0.01171	0.02049	0.01390	0.01610	0.00951	0.01097	0.00878	0.00585	0.00439	0.00146	0.00732	0.00366	0.00293	0.00878
22	0.01292	0.01216	0.02052	0.74312	0.04712	0.01520	0.01900	0.01748	0.01368	0.01748	0.01216	0.01824	0.00912	0.00684	0.00684	0.00228	0.00912	0.00608	0.00304	0.00760
23	0.01626	0.01762	0.03478	0.02563	0.03078	0.01836	0.49771	0.04788	0.01540	0.02143	0.01275	0.01751	0.01009	0.00740	0.01156	0.00247	0.19251	0.00748	0.00348	0.00890
24	0.01978	0.01282	0.01475	0.01294	0.01683	0.01372	0.01020	0.03230	0.42553	0.21795	0.05817	0.06562	0.02364	0.01025	0.00717	0.00231	0.00539	0.03286	0.00734	0.01042
25	0.01292	0.01216	0.02052	0.74312	0.04712	0.01520	0.01900	0.01748	0.01368	0.01748	0.01216	0.01824	0.00912	0.00684	0.00684	0.00228	0.00912	0.00608	0.00304	0.00760
26	0.17882	0.01287	0.01516	0.01194	0.01689	0.01259	0.00983	0.12862	0.01992	0.45701	0.05183	0.02112	0.01637	0.00826	0.00642	0.00211	0.00586	0.00640	0.00737	0.01060
27	0.00984	0.00775	0.00873	0.00844	0.01059	0.00712	0.00641	0.04691	0.03437	0.02274	0.25811	0.09965	0.39790	0.01595	0.00808	0.00231	0.00379	0.03816	0.00675	0.00642
28	0.10193	0.01179	0.01534	0.01188	0.01708	0.01054	0.00981	0.03213	0.01885	0.65830	0.02539	0.02217	0.01606	0.00827	0.00664	0.00212	0.00577	0.00659	0.00808	0.01125
29	0.01275	0.00638	0.00638	0.00638	0.00797	0.00638	0.00478	0.01594	0.01435	0.02551	0.02232	0.02551	0.01754	0.00797	0.00478	0.00159	0.00319	0.00638	0.79755	0.00638
30	0.01377	0.03458	0.69635	0.01944	0.02915	0.01609	0.02487	0.02146	0.01429	0.02146	0.01215	0.01446	0.00868	0.00672	0.00713	0.00220	0.03922	0.00509	0.00289	0.01001
31	0.01275	0.00638	0.00638	0.00638	0.00797	0.00638	0.00478	0.01594	0.01435	0.02551	0.02232	0.02551	0.01754	0.00797	0.00478	0.00159	0.00319	0.00638	0.79755	0.00638
32	0.00834	0.00595	0.00794	0.00953	0.00992	0.00556	0.00635	0.00953	0.01310	0.01746	0.03771	0.75510	0.04525	0.02143	0.00873	0.00278	0.00397	0.01945	0.00635	0.00556
33	0.01292	0.01216	0.02052	0.74312	0.04712	0.01520	0.01900	0.01748	0.01368	0.01748	0.01216	0.01824	0.00912	0.00684	0.00684	0.00228	0.00912	0.00608	0.00304	0.00760
34	0.01432	0.03120	0.55510	0.02181	0.03113	0.01624	0.19009	0.02173	0.01487	0.02173	0.01266	0.01544	0.00909	0.00632	0.00689	0.00220	0.01046	0.00580	0.00303	0.00989
35	0.00839	0.00598	0.00792	0.00945	0.00984	0.00559	0.00627	0.00954	0.01299	0.01732	0.03715	0.73047	0.04454	0.04703	0.00964	0.00291	0.00406	0.01912	0.00627	0.00551
36	0.01372	0.03539	0.72412	0.01950	0.02961	0.01589	0.02528	0.02167	0.01444	0.02167	0.01228	0.01444	0.00867	0.00650	0.00650	0.00217	0.01011	0.00506	0.00289	0.01011
37	0.01360	0.01278	0.01946	0.32917	0.22639	0.03087	0.01610	0.01816	0.05183	0.01992	0.04651	0.05697	0.11181	0.00909	0.00711	0.00222	0.00751	0.00808	0.00412	0.00832
38	0.02471	0.01576	0.08480	0.01329	0.01816	0.05948	0.01155	0.13748	0.01958	0.38097	0.02117	0.02197	0.01495	0.06045	0.03498	0.05008	0.00745	0.00658	0.00655	0.01004
39	0.01135	0.00797	0.01083	0.03575	0.08876	0.00836	0.00771	0.01298	0.01168	0.01715	0.01930	0.03231	0.01919	0.32455	0.18832	0.03592	0.00897	0.00800	0.14508	0.00581
40	0.01419	0.01216	0.01419	0.01013	0.01621	0.00912	0.00811	0.01723	0.01419	0.02229	0.01216	0.01419	0.01013	0.00507	0.00507	0.00101	0.00507	0.00405	0.00405	0.80139
41	0.19375	0.00859	0.00794	0.00745	0.00985	0.00918	0.00580	0.05192	0.01465	0.02759	0.01911	0.02177	0.01493	0.00762	0.00476	0.00174	0.00389	0.00576	0.57679	0.00688
42	0.00834	0.00595	0.00794	0.00953	0.00992	0.00556	0.00635	0.00953	0.01310	0.01746	0.03771	0.75510	0.04525	0.02143	0.00873	0.00278	0.00397	0.01945	0.00635	0.00556
43	0.00834	0.00595	0.00794	0.00953	0.00992	0.00556	0.00635	0.00953	0.01310	0.01746	0.03771	0.75510	0.04525	0.02143	0.00873	0.00278	0.00397	0.01945	0.00635	0.00556
44	0.02553	0.01667	0.01839	0.01424	0.01931	0.01791	0.01172	0.51767	0.02834	0.15587	0.01877	0.01845	0.01309	0.00823	0.00665	0.00202	0.00682	0.00630	0.08287	0.01113
45	0.03953	0.31129	0.36393	0.01656	0.02419	0.04065	0.05106	0.02117	0.01424	0.01951	0.01106	0.01317	0.00877	0.00641	0.00622	0.00192	0.03335	0.00464	0.00299	0.00933
46	0.00907	0.00735	0.00809	0.00784	0.01000	0.00658	0.00590	0.01219	0.05241	0.02192	0.27650	0.05897	0.46715	0.01583	0.00802	0.00226	0.00349	0.01342	0.00677	0.00626
47	0.22156	0.01079	0.01259	0.01041	0.01444	0.01042	0.00842	0.02449	0.01752	0.35975	0.20761	0.02771	0.02736	0.00942	0.00653	0.00213	0.00499	0.00756	0.00714	0.00917
48	0.62223	0.01326	0.01124	0.00978	0.01396	0.01494	0.00796	0.09256	0.01438	0.03101	0.04207	0.04378	0.01200	0.00744	0.00490	0.00209	0.00538	0.00500	0.00474	0.04125
49	0.01548	0.01582	0.02088	0.01795	0.01812	0.05527	0.01488	0.01699	0.01091	0.01648	0.00906	0.01484	0.00897	0.01174	0.02167	0.00293	0.71159	0.00591	0.00302	0.00751
50	0.00839	0.00602	0.00788	0.00935	0.00980	0.00561	0.00622	0.00955	0.01307	0.01734	0.03824	0.70153	0.06921	0.05043	0.00974	0.00291	0.00406	0.01889	0.00626	0.00551
51	0.01188	0.00594	0.00891	0.00891	0.00891	0.00594	0.00594	0.00891	0.00891	0.01188	0.01188	0.02080	0.01188	0.02377	0.02674	0.80095	0.00594	0.00594	0.00297	0.00297
52	0.09001	0.01883	0.01918	0.01510	0.02026	0.04925	0.01236	0.55435	0.08800	0.03976	0.01660	0.01660	0.01197	0.00810	0.00661	0.00207	0.00736	0.00602	0.00650	0.01106
53	0.00834	0.00595	0.00794	0.00953	0.00992	0.00556	0.00635	0.00953	0.01310	0.01746	0.03771	0.75510	0.04525	0.02143	0.00873	0.00278	0.00397	0.01945	0.00635	0.00556
54	0.01391	0.00700	0.00722	0.00691	0.00878	0.00701	0.00526	0.03855	0.01514	0.05436	0.02232	0.02512	0.01732	0.00800	0.00493	0.00163	0.00344	0.00639	0.73994	0.00676
55	0.01618	0.01835	0.03979	0.02944	0.06699	0.01725	0.66127	0.02187	0.01612	0.02193	0.01380	0.01838	0.01040	0.00578	0.00801	0.00229	0.01138	0.00798	0.00346	0.00930
56	0.02610	0.02260	0.01953	0.01593	0.02071	0.25024	0.01270	0.39041	0.04532	0.10548	0.01596	0.01607	0.01153	0.00789	0.00663	0.00197	0.00885	0.00571	0.00594	0.01041
57	0.01372	0.03539	0.72412	0.01950	0.02961	0.01589	0.02528	0.02167	0.01444	0.02167	0.01228	0.01444	0.00867	0.00650	0.00650	0.00217	0.01011	0.00506	0.00289	0.01011
58	0.01313	0.01237	0.02089	0.70690	0.08172	0.01525	0.01910	0.01766	0.01378	0.01773	0.01220	0.01817	0.00921	0.00680	0.00684	0.00227	0.00907	0.00608	0.00306	0.00777
59	0.01702	0.01470	0.01547	0.01392	0.01779	0.01702	0.01083	0.03635	0.70453	0.02862	0.02785	0.02553	0.02088	0.00928	0.00696	0.00232	0.00541	0.00773	0.00696	0.01083
60	0.01497	0.01497	0.02095	0.01796	0.01796	0.02095	0.01497	0.01646	0.01048	0.01646	0.00898	0.01497	0.00898	0.01197	0.02245	0.00299	0.74704	0.00599	0.00299	0.00748
61	0.02836	0.01178	0.01560	0.01211	0.01707	0.01057	0.00994	0.08190	0.02052	0.60463	0.09060	0.02537	0.02100	0.00897	0.00699	0.00212	0.00571	0.00734	0.00826	0.01116
62	0.09775	0.01377	0.01515	0.01216	0.01642	0.01452	0.00989	0.31997	0.02364	0.16425	0.11110	0.02308	0.02008	0.00881	0.00647	0.00202	0.00581	0.00691	0.11837	0.00980
63	0.01615	0.01845	0.04037	0.02884	0.03576	0.01730	0.69204	0.02191	0.01615	0.02191	0.01384	0.01845	0.01038	0.00577	0.00807	0.00231	0.01153	0.00807	0.00346	0.00923
64	0.02459	0.01655	0.01815	0.01415	0.01899	0.01793	0.01158	0.52872	0.02810	0.11137	0.01793	0.01823	0.01279	0.00887	0.00748	0.03572	0.00685	0.00625	0.08498	0.01075
65	0.00977	0.00733	0.01100	0.01100	0.01222	0.00855	0.00855	0.01222	0.01100	0.01588	0.01833	0.02688	0.01710	0.05131	0.73245	0.01100	0.01833	0.00733	0.00367	0.00611
66	0.01105	0.00749	0.00918	0.00890	0.01080	0.00690	0.00665	0.01316	0.01631	0.08893	0.23867	0.20848	0.28736	0.01623	0.00865	0.00238	0.03165	0.01391	0.00677	0.00655
67	0.00834	0.00595	0.00794	0.00953	0.00992	0.00556	0.00635	0.00953	0.01310	0.01746	0.03771	0.75510	0.04525	0.02143	0.00873	0.00278	0.00397	0.01945	0.00635	0.00556
68	0.00858	0.00613	0.00822	0.00981	0.01031	0.00577	0.00678	0.00995	0.01334	0.01774	0.03757	0.69330	0.04471	0.02120	0.00880	0.00281	0.00418	0.07883	0.00635	0.00562
69	0.00928	0.00635	0.00766	0.00832	0.00848	0.00619	0.00506	0.00977	0.01126	0.01501	0.02827	0.33987	0.03334	0.45292	0.02398	0.00503	0.00553	0.01390	0.00506	0.00473
70	0.02033	0.01385	0.01557	0.01331	0.01742	0.01504	0.01052	0.12496	0.39779	0.17518	0.06434	0.05865	0.02229	0.00978	0.00707	0.00225	0.00561	0.00813	0.00726	0.01063
71	0.04826	0.01589	0.04973	0.01520	0.01938	0.04068	0.06985	0.10290	0.38601	0.02761	0.02468	0.07339	0.02056	0.01013	0.00721	0.00235	0.00661	0.06363	0.00614	0.00979
72	0.00986	0.00731	0.00924	0.00870	0.01046	0.00685	0.00654	0.01365	0.04798	0.02677	0.63299	0.05120	0.11452	0.01405	0.00802	0.00217	0.00334	0.01234	0.00741	0.00659
73	0.00896	0.00700	0.00814	0.00795	0.00991	0.00618	0.00603	0.01145	0.01736	0.02275	0.36864	0.05944	0.38230	0.01583	0.00814	0.00227	0.00347	0.04117	0.00690	0.00612
74	0.01408	0.01345	0.01672	0.04222	0.01698	0.07553	0.01221	0.03796	0.01232	0.01717	0.01400	0.05075	0.01361	0.04523	0.24406	0.00545	0.35068	0.00697	0.00355	0.00705
75	0.10300	0.05625	0.01923	0.01641	0.02008	0.54563	0.01264	0.07817	0.01900	0.02017	0.01082	0.01261	0.00890	0.00725	0.00671	0.00187	0.04476	0.00452	0.00381	0.00818
76	0.00858	0.00695	0.00761	0.00745	0.00954	0.00598	0.00558	0.01077	0.01675	0.02123	0.26717	0.06131	0.51453	0.01630	0.00808	0.00226	0.00339	0.01380	0.00672	0.00598
77	0.01172	0.00744	0.00980	0.00895	0.01092	0.00680	0.00680	0.01489	0.01939	0.09477	0.64671	0.04841	0.05993	0.01345	0.00795	0.00215	0.00348	0.01184	0.00762	0.00696
78	0.01942	0.08398	0.01925	0.08455	0.06903	0.19408	0.03111	0.02414	0.09842	0.12378	0.10716	0.02416	0.05513	0.00883	0.00712	0.00205	0.02678	0.00704	0.00519	0.00879
79	0.01422	0.01279	0.02048	0.21386	0.06453	0.03146	0.15202	0.08422	0.01619	0.02186	0.02047	0.21151	0.01988	0.01064	0.00740	0.00231	0.00764	0.00998	0.07066	0.00788
80	0.05506	0.01634	0.02593	0.08128	0.59215	0.03946	0.01973	0.02077	0.01519	0.02204	0.01244	0.01651	0.01043	0.00642	0.00725	0.00208	0.03737	0.00592	0.00340	0.01025
81	0.01196	0.00836	0.01036	0.00989	0.01212	0.00754	0.00721	0.05391	0.01561	0.05552	0.11562	0.41301	0.03637	0.01536	0.00757	0.00223	0.00435	0.01364	0.04052	0.15884
82	0.07007	0.05207	0.02045	0.03899	0.09404	0.35293	0.01372	0.15407	0.05686	0.02387	0.01272	0.01450	0.01015	0.00747	0.00714	0.00197	0.05043	0.00516	0.00431	0.00907

[dist]
# distance from previous block
# <min> <max>
5	10

[block]
# block no. 6 follows, 31 sequences, length 13
# corresponding to MSA columns:
# 263-275
name=unknown_G
#
# <colnr> <probs for GDERKNQSTAVLIFYWHMCP>
#	G	D	E	R	K	N	Q	S	T	A	V	L	I	F	Y	W	H	M	C	P
0	0.02504	0.01830	0.02023	0.01665	0.05317	0.02011	0.01306	0.57664	0.08759	0.07228	0.01771	0.01753	0.01262	0.00822	0.00685	0.00208	0.00730	0.00632	0.00677	0.01153
1	0.01349	0.00919	0.01147	0.01041	0.01268	0.00919	0.00816	0.09260	0.01922	0.08704	0.36400	0.10101	0.11863	0.01404	0.00874	0.00232	0.04340	0.06001	0.00698	0.00740
2	0.01443	0.01231	0.01421	0.01078	0.01634	0.01016	0.00863	0.01975	0.11046	0.02309	0.01550	0.01878	0.01303	0.00631	0.00554	0.00130	0.00517	0.03642	0.00457	0.65325
3	0.00891	0.00636	0.00860	0.01018	0.01083	0.00605	0.00735	0.01052	0.01366	0.01811	0.03739	0.61069	0.04400	0.02089	0.00889	0.00286	0.00447	0.15820	0.00634	0.00572
4	0.00930	0.00688	0.00869	0.00844	0.01004	0.00626	0.00625	0.01210	0.01817	0.02508	0.54769	0.12358	0.16167	0.01524	0.00814	0.00224	0.00334	0.01339	0.00723	0.00626
5	0.01419	0.01216	0.01419	0.01013	0.01621	0.00912	0.00811	0.01723	0.01419	0.02229	0.01216	0.01419	0.01013	0.00507	0.00507	0.00101	0.00507	0.00405	0.00405	0.80139
6	0.00994	0.00668	0.00772	0.00772	0.00781	0.00677	0.00447	0.01012	0.01003	0.01346	0.02132	0.04346	0.02430	0.70751	0.08609	0.00695	0.00749	0.00976	0.00411	0.00429
7	0.02457	0.02695	0.01914	0.01664	0.02060	0.47216	0.01284	0.21047	0.05082	0.02445	0.01327	0.01471	0.01049	0.00959	0.04126	0.00231	0.01102	0.00517	0.00459	0.00898
8	0.01607	0.00896	0.01147	0.01011	0.01282	0.00845	0.00777	0.02051	0.08705	0.21540	0.39303	0.07881	0.04455	0.04313	0.00877	0.00238	0.00433	0.01070	0.00753	0.00816
9	0.01419	0.01216	0.01419	0.01013	0.01621	0.00912	0.00811	0.01723	0.01419	0.02229	0.01216	0.01419	0.01013	0.00507	0.00507	0.00101	0.00507	0.00405	0.00405	0.80139
10	0.01618	0.01948	0.08028	0.15801	0.03259	0.12360	0.33452	0.02089	0.01585	0.02005	0.01484	0.04894	0.01249	0.00742	0.00743	0.00223	0.01035	0.03788	0.00361	0.03335
11	0.01306	0.00927	0.00941	0.00898	0.01003	0.06155	0.00608	0.06033	0.01344	0.01858	0.05165	0.05931	0.02162	0.31097	0.02120	0.14575	0.00607	0.00833	0.15905	0.00534
12	0.04451	0.00714	0.00906	0.00966	0.01106	0.00677	0.00723	0.01253	0.01552	0.04760	0.21135	0.34951	0.09999	0.01765	0.00836	0.00259	0.00425	0.12237	0.00663	0.00623

[dist]
# distance from previous block
# <min> <max>
2	21

[block]
# block no. 7 follows, 31 sequences, length 81
# corresponding to MSA columns:
# 297-377
name=unknown_H
#
# <colnr> <probs for GDERKNQSTAVLIFYWHMCP>
#	G	D	E	R	K	N	Q	S	T	A	V	L	I	F	Y	W	H	M	C	P
0	0.07239	0.01465	0.01659	0.01484	0.05522	0.01578	0.01120	0.39348	0.02446	0.05305	0.06726	0.16249	0.02243	0.01129	0.00721	0.00224	0.00635	0.03300	0.00646	0.00961
1	0.49871	0.18466	0.07979	0.01063	0.01567	0.01749	0.01002	0.02042	0.01299	0.04762	0.04187	0.01355	0.01069	0.00666	0.00472	0.00198	0.00610	0.00430	0.00410	0.00805
2	0.01026	0.00774	0.00947	0.00976	0.01131	0.00720	0.00682	0.04131	0.03964	0.01939	0.03384	0.51806	0.07343	0.06631	0.00979	0.00273	0.00446	0.01559	0.00596	0.10692
3	0.02281	0.11944	0.02029	0.01518	0.01928	0.40867	0.01200	0.14659	0.02052	0.02268	0.04340	0.01543	0.01233	0.00738	0.00603	0.00175	0.00959	0.00508	0.04739	0.04416
4	0.01462	0.01390	0.01662	0.01429	0.01697	0.11646	0.09593	0.06603	0.05676	0.02050	0.08558	0.02804	0.05104	0.08971	0.24756	0.00545	0.04074	0.00792	0.00455	0.00735
5	0.01620	0.01551	0.02644	0.17012	0.59449	0.01606	0.02063	0.02035	0.01523	0.02146	0.01274	0.01717	0.01052	0.00623	0.00679	0.00208	0.00831	0.00609	0.00332	0.01025
6	0.01372	0.03539	0.72412	0.01950	0.02961	0.01589	0.02528	0.02167	0.01444	0.02167	0.01228	0.01444	0.00867	0.00650	0.00650	0.00217	0.01011	0.00506	0.00289	0.01011
7	0.00841	0.00598	0.00792	0.00944	0.00982	0.00560	0.00625	0.00954	0.01296	0.01728	0.03700	0.72421	0.04436	0.05354	0.00987	0.00295	0.00409	0.01904	0.00625	0.00550
8	0.01310	0.01234	0.02084	0.71201	0.07684	0.01525	0.01909	0.01764	0.01376	0.01770	0.01219	0.01818	0.00920	0.00681	0.00684	0.00227	0.00908	0.00608	0.00306	0.00774
9	0.01328	0.01253	0.02117	0.68005	0.10737	0.01529	0.01918	0.01780	0.01385	0.01792	0.01222	0.01812	0.00927	0.00677	0.00683	0.00226	0.00903	0.00608	0.00307	0.00789
10	0.02060	0.01018	0.01315	0.01098	0.01463	0.00951	0.00872	0.02560	0.10641	0.35764	0.30001	0.03463	0.03637	0.01077	0.00736	0.00216	0.00474	0.00917	0.00790	0.00948
11	0.00969	0.00708	0.00936	0.01045	0.01178	0.00674	0.00831	0.01211	0.01548	0.02035	0.13692	0.26858	0.12729	0.01874	0.00888	0.00280	0.00484	0.30807	0.00650	0.00604
12	0.02977	0.01313	0.01680	0.01288	0.01821	0.01227	0.01064	0.16434	0.02208	0.58710	0.02490	0.02193	0.01588	0.00842	0.00687	0.00210	0.00616	0.00674	0.00815	0.01164
13	0.00995	0.00663	0.00746	0.00746	0.00746	0.00663	0.00415	0.00995	0.00995	0.01327	0.02156	0.04477	0.02487	0.75957	0.03482	0.00663	0.00663	0.00995	0.00415	0.00415
14	0.00870	0.00621	0.00835	0.00994	0.01049	0.00587	0.00698	0.01015	0.01345	0.01787	0.03751	0.66441	0.04446	0.02109	0.00883	0.00283	0.00428	0.10659	0.00634	0.00566
15	0.00843	0.00599	0.00791	0.00941	0.00978	0.00562	0.00622	0.00955	0.01292	0.01722	0.03677	0.71399	0.04407	0.06415	0.01024	0.00300	0.00412	0.01890	0.00622	0.00548
16	0.01388	0.06134	0.69959	0.01922	0.02918	0.01629	0.02479	0.02162	0.01442	0.02147	0.01218	0.01432	0.00867	0.00648	0.00642	0.00214	0.01001	0.00501	0.00289	0.01006
17	0.01578	0.00966	0.01162	0.01036	0.01216	0.01026	0.00769	0.18381	0.04053	0.02279	0.01547	0.02071	0.01315	0.01650	0.01709	0.42792	0.00583	0.00614	0.14648	0.00604
18	0.01436	0.01232	0.01427	0.01037	0.01631	0.00961	0.00828	0.01842	0.05714	0.02269	0.01314	0.01489	0.01080	0.00533	0.00518	0.00109	0.00509	0.00428	0.00423	0.75220
19	0.01513	0.01639	0.03342	0.02459	0.03002	0.01621	0.50338	0.01990	0.01481	0.02059	0.01382	0.01896	0.01108	0.01217	0.10137	0.00342	0.08951	0.00758	0.00346	0.04418
20	0.01227	0.01148	0.01068	0.01038	0.01207	0.13896	0.00759	0.01460	0.01724	0.02204	0.36552	0.17107	0.08300	0.04932	0.04055	0.00279	0.00585	0.01199	0.00620	0.00641
21	0.00891	0.00628	0.00816	0.00945	0.00989	0.00599	0.00641	0.01008	0.01278	0.01698	0.03453	0.55288	0.04083	0.15958	0.01370	0.00354	0.00471	0.08399	0.00593	0.00537
22	0.01702	0.01470	0.01547	0.01392	0.01779	0.01702	0.01083	0.03635	0.70453	0.02862	0.02785	0.02553	0.02088	0.00928	0.00696	0.00232	0.00541	0.00773	0.00696	0.01083
23	0.01682	0.01334	0.01534	0.01117	0.01712	0.01123	0.00902	0.13374	0.01747	0.05180	0.01344	0.01491	0.01064	0.00573	0.00544	0.00123	0.00552	0.00452	0.00469	0.63684
24	0.01241	0.00687	0.00768	0.00743	0.00863	0.00684	0.00518	0.03232	0.01291	0.02083	0.01981	0.02816	0.01769	0.17004	0.01523	0.14874	0.00459	0.00698	0.44035	0.02730
25	0.63546	0.01288	0.01135	0.00970	0.01417	0.01417	0.00800	0.02305	0.01340	0.18398	0.01340	0.01381	0.00952	0.00682	0.00482	0.00212	0.00541	0.00441	0.00517	0.00835
26	0.01025	0.00745	0.01003	0.01145	0.01274	0.00736	0.00930	0.01326	0.03802	0.01970	0.03755	0.29566	0.06357	0.01935	0.00909	0.00297	0.00542	0.41431	0.00634	0.00619
27	0.00983	0.00706	0.00944	0.01033	0.01157	0.00678	0.00811	0.01231	0.01576	0.02115	0.21592	0.24280	0.06955	0.05143	0.00999	0.00292	0.00481	0.27767	0.00654	0.00604
28	0.01340	0.03354	0.67762	0.01873	0.02832	0.01525	0.02401	0.02099	0.01463	0.02173	0.03527	0.01734	0.03501	0.00710	0.00660	0.00217	0.00967	0.00560	0.00315	0.00985
29	0.00995	0.00663	0.00746	0.00746	0.00746	0.00663	0.00415	0.00995	0.00995	0.01327	0.02156	0.04477	0.02487	0.75957	0.03482	0.00663	0.00663	0.00995	0.00415	0.00415
30	0.01043	0.00746	0.01030	0.01163	0.01301	0.00733	0.00972	0.01327	0.01574	0.02080	0.11644	0.18489	0.04331	0.01873	0.00917	0.00297	0.00556	0.48659	0.00645	0.00620
31	0.19686	0.17168	0.02134	0.03595	0.01919	0.01849	0.05791	0.18017	0.04845	0.09968	0.01736	0.01804	0.04896	0.00777	0.00639	0.00203	0.02949	0.00580	0.00512	0.00932
32	0.01251	0.00919	0.01355	0.01708	0.14170	0.00897	0.01160	0.01534	0.01539	0.05822	0.03323	0.19775	0.06438	0.01643	0.00862	0.00278	0.00602	0.35411	0.00590	0.00725
33	0.01006	0.00817	0.00908	0.00876	0.01106	0.00778	0.00670	0.01498	0.12112	0.02285	0.25909	0.05572	0.37992	0.01515	0.00797	0.00230	0.00381	0.04191	0.00680	0.00677
34	0.00987	0.00735	0.00941	0.01013	0.01167	0.00703	0.00800	0.01296	0.04087	0.02136	0.19494	0.21236	0.15980	0.01772	0.00866	0.00267	0.00460	0.24773	0.00662	0.00625
35	0.01431	0.01227	0.01424	0.01030	0.01628	0.00946	0.00822	0.01806	0.04421	0.02257	0.01284	0.01468	0.01060	0.00525	0.00515	0.00107	0.00508	0.00421	0.00418	0.76701
36	0.00925	0.00670	0.00874	0.00896	0.01022	0.00620	0.00653	0.01178	0.01714	0.02374	0.45468	0.27178	0.08341	0.01660	0.00832	0.00239	0.00357	0.03678	0.00708	0.00614
37	0.02944	0.01136	0.01547	0.01196	0.01703	0.00984	0.00984	0.03212	0.01957	0.68012	0.06803	0.02495	0.01978	0.00880	0.00695	0.00212	0.00567	0.00721	0.00841	0.01133
38	0.04165	0.01179	0.05165	0.01239	0.04075	0.01053	0.00984	0.12272	0.01990	0.16507	0.27835	0.10414	0.06113	0.01203	0.00749	0.00222	0.00519	0.02771	0.00691	0.00856
39	0.06058	0.01280	0.05336	0.01212	0.01705	0.01084	0.01040	0.07629	0.01982	0.49377	0.13388	0.02620	0.02326	0.00913	0.00693	0.00212	0.00574	0.00746	0.00771	0.01055
40	0.00834	0.00595	0.00794	0.00953	0.00992	0.00556	0.00635	0.00953	0.01310	0.01746	0.03771	0.75510	0.04525	0.02143	0.00873	0.00278	0.00397	0.01945	0.00635	0.00556
41	0.01503	0.24460	0.52641	0.01726	0.02615	0.01910	0.02138	0.02133	0.01429	0.02007	0.01148	0.01345	0.00870	0.00631	0.00589	0.00196	0.00931	0.00465	0.00290	0.00973
42	0.00834	0.00595	0.00794	0.00953	0.00992	0.00556	0.00635	0.00953	0.01310	0.01746	0.03771	0.75510	0.04525	0.02143	0.00873	0.00278	0.00397	0.01945	0.00635	0.00556
43	0.01615	0.01845	0.04037	0.02884	0.03576	0.01730	0.69204	0.02191	0.01615	0.02191	0.01384	0.01845	0.01038	0.00577	0.00807	0.00231	0.01153	0.00807	0.00346	0.00923
44	0.09553	0.01244	0.01470	0.01140	0.01660	0.01129	0.00923	0.05558	0.08457	0.29950	0.04301	0.01992	0.01550	0.00737	0.00607	0.00176	0.00547	0.00586	0.00633	0.27786
45	0.02601	0.01916	0.02053	0.01574	0.02122	0.02122	0.01300	0.69408	0.03217	0.04312	0.01643	0.01643	0.01163	0.00821	0.00684	0.00205	0.00753	0.00616	0.00684	0.01163
46	0.00989	0.00706	0.00971	0.01120	0.01230	0.00688	0.00896	0.01225	0.01482	0.01954	0.06362	0.34960	0.04274	0.01973	0.00911	0.00296	0.00524	0.38202	0.00637	0.00601
