[name]
unknown

[dist]
# distance from previous block
# <min> <max>
12	22

[block]
# block no. 0 follows, 31 sequences, length 14
# corresponding to MSA columns:
# 23-36
name=unknown_A
#
# <colnr> <probs for GDERKNQSTAVLIFYWHMCP>
#	G	D	E	R	K	N	Q	S	T	A	V	L	I	F	Y	W	H	M	C	P
0	0.01333	0.01243	0.02082	0.56857	0.15527	0.01468	0.01834	0.01770	0.01445	0.01908	0.06790	0.02063	0.01380	0.00728	0.00693	0.00223	0.00849	0.00658	0.00345	0.00805
1	0.74623	0.01310	0.01052	0.00925	0.01357	0.01493	0.00762	0.02116	0.01227	0.08551	0.01091	0.01208	0.00816	0.00652	0.00444	0.00212	0.00533	0.00396	0.00457	0.00775
2	0.00929	0.00643	0.00825	0.00930	0.00979	0.00618	0.00636	0.01025	0.01252	0.01654	0.03305	0.41808	0.05935	0.21327	0.01650	0.04341	0.00506	0.10559	0.00560	0.00517
3	0.01436	0.00776	0.01028	0.00993	0.01182	0.00710	0.00733	0.01639	0.01600	0.18889	0.19491	0.29859	0.04067	0.08978	0.01077	0.00288	0.00465	0.05384	0.00692	0.00714
4	0.01061	0.00845	0.01282	0.01184	0.01305	0.00957	0.05331	0.01262	0.01105	0.01570	0.01813	0.02974	0.01793	0.21507	0.46606	0.00880	0.06767	0.00791	0.00372	0.00594
5	0.01903	0.01513	0.01626	0.01389	0.01825	0.01686	0.01098	0.14621	0.51099	0.06503	0.02483	0.02312	0.01841	0.00878	0.00681	0.00218	0.00577	0.00718	0.00682	0.06346
6	0.04348	0.00814	0.01018	0.00944	0.01160	0.00749	0.00689	0.01701	0.01550	0.20894	0.14843	0.21558	0.09673	0.15396	0.01278	0.00315	0.00484	0.01206	0.00663	0.00717
7	0.00953	0.00654	0.00797	0.00849	0.00874	0.00650	0.00534	0.01015	0.01116	0.01493	0.02660	0.24732	0.03083	0.47445	0.06849	0.00565	0.00657	0.04118	0.00484	0.00476
8	0.00825	0.00674	0.00730	0.00758	0.00945	0.00578	0.00552	0.00998	0.01536	0.01892	0.10933	0.20548	0.53069	0.01792	0.00822	0.00239	0.00355	0.01531	0.00644	0.00578
9	0.00834	0.00595	0.00794	0.00953	0.00992	0.00556	0.00635	0.00953	0.01310	0.01746	0.03771	0.75510	0.04525	0.02143	0.00873	0.00278	0.00397	0.01945	0.00635	0.00556
10	0.02100	0.02501	0.02006	0.01777	0.01978	0.42588	0.01397	0.02264	0.01555	0.01662	0.00989	0.01347	0.00888	0.00917	0.01318	0.00229	0.32870	0.00509	0.00330	0.00774
11	0.00995	0.00663	0.00746	0.00746	0.00746	0.00663	0.00415	0.00995	0.00995	0.01327	0.02156	0.04477	0.02487	0.75957	0.03482	0.00663	0.00663	0.00995	0.00415	0.00415
12	0.01043	0.00719	0.00917	0.00856	0.01042	0.00653	0.00646	0.01344	0.01890	0.05745	0.60206	0.05170	0.14356	0.01416	0.00802	0.00217	0.00337	0.01238	0.00743	0.00660
13	0.00961	0.00640	0.00755	0.00804	0.00826	0.00628	0.00488	0.01018	0.01120	0.01532	0.02667	0.26638	0.03082	0.48262	0.02482	0.00512	0.00559	0.01271	0.05282	0.00472

[dist]
# distance from previous block
# <min> <max>
0	6

[block]
# block no. 1 follows, 31 sequences, length 6
# corresponding to MSA columns:
# 43-48
name=unknown_B
#
# <colnr> <probs for GDERKNQSTAVLIFYWHMCP>
#	G	D	E	R	K	N	Q	S	T	A	V	L	I	F	Y	W	H	M	C	P
0	0.00850	0.00608	0.00809	0.00941	0.00996	0.00567	0.00636	0.00995	0.01388	0.01870	0.12166	0.66762	0.04765	0.02051	0.00865	0.00270	0.00388	0.01857	0.00650	0.00567
1	0.01569	0.01707	0.03330	0.02459	0.02959	0.01770	0.46175	0.02012	0.01449	0.02048	0.01242	0.01722	0.00999	0.00738	0.01172	0.00240	0.20830	0.00723	0.00338	0.06520
2	0.01419	0.01216	0.01419	0.01013	0.01621	0.00912	0.00811	0.01723	0.01419	0.02229	0.01216	0.01419	0.01013	0.00507	0.00507	0.00101	0.00507	0.00405	0.00405	0.80139
3	0.00857	0.00623	0.00770	0.00876	0.00940	0.00577	0.00579	0.00964	0.01297	0.01692	0.04008	0.52486	0.14947	0.14476	0.01301	0.00335	0.00434	0.01705	0.00598	0.00535
4	0.01306	0.00774	0.01023	0.00918	0.01139	0.00703	0.00703	0.01620	0.01940	0.13915	0.60283	0.04663	0.05689	0.01310	0.00788	0.00215	0.00365	0.01149	0.00768	0.00729
5	0.02647	0.01842	0.02007	0.01539	0.02085	0.02012	0.01271	0.62901	0.03093	0.10993	0.01747	0.01710	0.01216	0.00824	0.00685	0.00206	0.00736	0.00623	0.00700	0.01164

[dist]
# distance from previous block
# <min> <max>
2	18

[block]
# block no. 2 follows, 31 sequences, length 298
# corresponding to MSA columns:
# 67-364
name=unknown_C
#
# <colnr> <probs for GDERKNQSTAVLIFYWHMCP>
#	G	D	E	R	K	N	Q	S	T	A	V	L	I	F	Y	W	H	M	C	P
0	0.53769	0.01353	0.05617	0.00995	0.01412	0.01357	0.00866	0.04168	0.01439	0.05962	0.15175	0.02004	0.01949	0.00804	0.00535	0.00212	0.00528	0.00575	0.00508	0.00771
1	0.02143	0.38779	0.02751	0.04911	0.02063	0.33164	0.01275	0.04468	0.01685	0.01730	0.01032	0.01208	0.00890	0.00649	0.00535	0.00165	0.00958	0.00418	0.00332	0.00845
2	0.02785	0.01206	0.01586	0.01242	0.01724	0.01119	0.01019	0.07660	0.04749	0.57625	0.07416	0.02461	0.01984	0.00898	0.00746	0.00215	0.02926	0.00722	0.00806	0.01111
3	0.03011	0.04734	0.01682	0.01215	0.01747	0.01086	0.01013	0.03273	0.01931	0.68814	0.02616	0.02270	0.01655	0.00834	0.00676	0.00209	0.00589	0.00673	0.00820	0.01151
4	0.01799	0.13931	0.47178	0.01679	0.02525	0.01633	0.02004	0.02395	0.01545	0.16848	0.01497	0.01579	0.01043	0.00682	0.00626	0.00205	0.00879	0.00523	0.00407	0.01023
5	0.00834	0.00595	0.00794	0.00953	0.00992	0.00556	0.00635	0.00953	0.01310	0.01746	0.03771	0.75510	0.04525	0.02143	0.00873	0.00278	0.00397	0.01945	0.00635	0.00556
6	0.00966	0.00651	0.00755	0.00783	0.00790	0.00644	0.00454	0.00987	0.01051	0.01402	0.02445	0.17193	0.02852	0.62743	0.03015	0.00594	0.00616	0.01165	0.00454	0.00440
7	0.01392	0.06674	0.69449	0.01916	0.02909	0.01637	0.02469	0.02162	0.01442	0.02143	0.01216	0.01429	0.00867	0.00647	0.00641	0.00214	0.00999	0.00500	0.00289	0.01005
8	0.01338	0.01263	0.02135	0.66267	0.12398	0.01532	0.01923	0.01788	0.01390	0.01804	0.01224	0.01809	0.00932	0.00675	0.00683	0.00225	0.00901	0.00608	0.00308	0.00797
9	0.01675	0.00856	0.01141	0.00981	0.01266	0.00767	0.00767	0.01978	0.01944	0.26080	0.48257	0.04175	0.04854	0.01213	0.00767	0.00214	0.00410	0.01053	0.00785	0.00820
10	0.02487	0.01968	0.06335	0.01576	0.02142	0.02031	0.01354	0.59497	0.06967	0.06115	0.01715	0.01704	0.01215	0.00818	0.00683	0.00208	0.00751	0.00620	0.00666	0.01149
11	0.01590	0.01780	0.03778	0.07924	0.05843	0.01726	0.59526	0.02135	0.01573	0.02140	0.01350	0.01825	0.01025	0.00610	0.00852	0.00232	0.04063	0.00778	0.00341	0.00910
12	0.02591	0.02200	0.02029	0.01614	0.02120	0.17122	0.01305	0.55338	0.02947	0.03755	0.01519	0.01556	0.01104	0.00797	0.00670	0.00199	0.00854	0.00579	0.00614	0.01085
13	0.00878	0.00696	0.00790	0.00766	0.00967	0.00607	0.00575	0.01117	0.01724	0.02240	0.35103	0.05939	0.42994	0.01587	0.00808	0.00224	0.00336	0.01353	0.00687	0.00607
14	0.01693	0.01626	0.02777	0.04199	0.71689	0.01626	0.02100	0.02100	0.01558	0.02235	0.01287	0.01693	0.01084	0.00610	0.00677	0.00203	0.00813	0.00610	0.00339	0.01084
15	0.05853	0.00744	0.00933	0.00891	0.01068	0.00710	0.00684	0.01344	0.01864	0.02714	0.62248	0.05050	0.05928	0.01387	0.00793	0.00222	0.00357	0.05835	0.00724	0.00650
16	0.01681	0.01613	0.02755	0.06356	0.69628	0.01622	0.02093	0.02089	0.01552	0.02220	0.01285	0.01697	0.01078	0.00612	0.00678	0.00204	0.00816	0.00610	0.00338	0.01074
17	0.01444	0.01395	0.02219	0.35491	0.17874	0.01733	0.01808	0.01789	0.01302	0.01817	0.01126	0.01688	0.00944	0.00838	0.01200	0.00246	0.25346	0.00605	0.00310	0.00824
18	0.00980	0.00724	0.01056	0.01056	0.01163	0.00831	0.00801	0.01194	0.01087	0.01556	0.01873	0.02909	0.01807	0.13900	0.64608	0.01045	0.01688	0.00765	0.00372	0.00587
19	0.02514	0.01932	0.02000	0.01565	0.02089	0.05142	0.01281	0.60305	0.09533	0.04061	0.01726	0.01711	0.01239	0.00826	0.00683	0.00207	0.00754	0.00623	0.00671	0.01140
20	0.01442	0.14680	0.61883	0.01831	0.02777	0.01760	0.02320	0.02149	0.01436	0.02081	0.01185	0.01391	0.00868	0.00640	0.00618	0.00206	0.00968	0.00484	0.00289	0.00991
21	0.03070	0.01164	0.01588	0.01217	0.01746	0.01006	0.01006	0.03334	0.01958	0.72163	0.02699	0.02329	0.01694	0.00847	0.00688	0.00212	0.00582	0.00688	0.00847	0.01164
22	0.00832	0.00603	0.00786	0.00932	0.00987	0.00557	0.00626	0.00955	0.01330	0.01755	0.04026	0.69943	0.09927	0.02110	0.00868	0.00274	0.00393	0.01904	0.00635	0.00557
23	0.02212	0.34033	0.05965	0.01501	0.01990	0.37365	0.01303	0.02439	0.01685	0.04312	0.01082	0.01227	0.00910	0.00657	0.00546	0.00167	0.00987	0.00421	0.00343	0.00853
24	0.01812	0.73638	0.06165	0.01200	0.01801	0.02665	0.01221	0.02053	0.01392	0.01630	0.00961	0.01110	0.00878	0.00588	0.00447	0.00149	0.00742	0.00371	0.00293	0.00883
25	0.00834	0.00595	0.00794	0.00953	0.00992	0.00556	0.00635	0.00953	0.01310	0.01746	0.03771	0.75510	0.04525	0.02143	0.00873	0.00278	0.00397	0.01945	0.00635	0.00556
26	0.02556	0.03261	0.01939	0.01763	0.02115	0.73210	0.01322	0.02732	0.01939	0.01674	0.01058	0.01234	0.00881	0.00705	0.00617	0.00176	0.01234	0.00441	0.00353	0.00793
27	0.02923	0.01337	0.01687	0.01300	0.01829	0.01270	0.01072	0.17641	0.04501	0.55184	0.02473	0.02188	0.01592	0.00844	0.00687	0.00211	0.00618	0.00675	0.00807	0.01161
28	0.03070	0.01164	0.01588	0.01217	0.01746	0.01006	0.01006	0.03334	0.01958	0.72163	0.02699	0.02329	0.01694	0.00847	0.00688	0.00212	0.00582	0.00688	0.00847	0.01164
29	0.00809	0.00693	0.00693	0.00693	0.00924	0.00578	0.00520	0.00982	0.01559	0.01848	0.06931	0.06584	0.71411	0.01733	0.00809	0.00231	0.00347	0.01444	0.00635	0.00578
30	0.01372	0.03539	0.72412	0.01950	0.02961	0.01589	0.02528	0.02167	0.01444	0.02167	0.01228	0.01444	0.00867	0.00650	0.00650	0.00217	0.01011	0.00506	0.00289	0.01011
31	0.02920	0.01158	0.01559	0.01206	0.01712	0.01018	0.00992	0.05300	0.01997	0.65576	0.07049	0.02485	0.01981	0.00881	0.00695	0.00212	0.00571	0.00721	0.00836	0.01131
32	0.01829	0.76368	0.03585	0.01171	0.01756	0.02707	0.01171	0.02049	0.01390	0.01610	0.00951	0.01097	0.00878	0.00585	0.00439	0.00146	0.00732	0.00366	0.00293	0.00878
33	0.01497	0.01214	0.01427	0.01023	0.01627	0.00916	0.00820	0.01799	0.01444	0.05549	0.01286	0.01462	0.01046	0.00523	0.00515	0.00107	0.00510	0.00419	0.00426	0.76390
34	0.02380	0.01562	0.01735	0.01598	0.07458	0.08137	0.01173	0.08024	0.26921	0.29875	0.02387	0.02207	0.01674	0.00842	0.00683	0.00215	0.00659	0.00684	0.00693	0.01093
35	0.00838	0.00597	0.00792	0.00947	0.00985	0.00559	0.00629	0.00954	0.01301	0.01735	0.03725	0.73500	0.04467	0.04232	0.00947	0.00289	0.00404	0.01918	0.00629	0.00552
36	0.02601	0.01916	0.02053	0.01574	0.02122	0.02122	0.01300	0.69408	0.03217	0.04312	0.01643	0.01643	0.01163	0.00821	0.00684	0.00205	0.00753	0.00616	0.00684	0.01163
37	0.01408	0.05802	0.65701	0.02068	0.07320	0.01628	0.02456	0.02158	0.01450	0.02153	0.01222	0.01449	0.00881	0.00645	0.00645	0.00213	0.00989	0.00508	0.00292	0.01011
38	0.03070	0.01164	0.01588	0.01217	0.01746	0.01006	0.01006	0.03334	0.01958	0.72163	0.02699	0.02329	0.01694	0.00847	0.00688	0.00212	0.00582	0.00688	0.00847	0.01164
39	0.00992	0.00755	0.01128	0.01119	0.01238	0.00890	0.00873	0.01234	0.01098	0.01590	0.01806	0.02654	0.01687	0.05020	0.71237	0.01077	0.03894	0.00729	0.00365	0.00615
40	0.01161	0.00770	0.00986	0.03931	0.01155	0.00799	0.00683	0.06829	0.01258	0.01682	0.02177	0.17481	0.02389	0.27836	0.06406	0.19938	0.00679	0.02882	0.00451	0.00509
41	0.01496	0.01402	0.02077	0.23277	0.11121	0.01779	0.01607	0.05828	0.01333	0.01890	0.01165	0.01816	0.01043	0.05736	0.01580	0.00284	0.34802	0.00629	0.00336	0.00797
42	0.01308	0.01233	0.02082	0.71449	0.07447	0.01524	0.01908	0.01762	0.01376	0.01768	0.01219	0.01819	0.00919	0.00681	0.00684	0.00227	0.00908	0.00608	0.00305	0.00773
43	0.08565	0.01176	0.01547	0.01195	0.01717	0.01043	0.00987	0.03241	0.01902	0.67277	0.02576	0.02243	0.01626	0.00832	0.00669	0.00212	0.00578	0.00666	0.00817	0.01134
44	0.02599	0.01980	0.02048	0.01583	0.02121	0.05496	0.01301	0.66243	0.03156	0.04186	0.01615	0.01623	0.01150	0.00816	0.00681	0.00204	0.00776	0.00608	0.00669	0.01146
45	0.00934	0.00713	0.00861	0.00854	0.01023	0.00657	0.00629	0.01251	0.04677	0.02336	0.39421	0.17434	0.23494	0.01596	0.00814	0.00231	0.00351	0.01394	0.00699	0.00631
46	0.00859	0.00637	0.00901	0.01016	0.01077	0.00594	0.02891	0.00993	0.01320	0.01761	0.03692	0.73087	0.04410	0.02092	0.00871	0.00276	0.00422	0.01907	0.00626	0.00568
47	0.01292	0.01216	0.02052	0.74312	0.04712	0.01520	0.01900	0.01748	0.01368	0.01748	0.01216	0.01824	0.00912	0.00684	0.00684	0.00228	0.00912	0.00608	0.00304	0.00760
48	0.01579	0.01736	0.03490	0.05776	0.05803	0.01795	0.49336	0.02053	0.01481	0.02058	0.01269	0.01764	0.01004	0.00715	0.01104	0.00244	0.16827	0.00747	0.00334	0.00885
49	0.00853	0.00624	0.00767	0.00872	0.00942	0.00576	0.00579	0.00965	0.01309	0.01702	0.04125	0.51523	0.16945	0.13357	0.01260	0.00328	0.00428	0.01704	0.00601	0.00538
50	0.01275	0.00638	0.00638	0.00638	0.00797	0.00638	0.00478	0.01594	0.01435	0.02551	0.02232	0.02551	0.01754	0.00797	0.00478	0.00159	0.00319	0.00638	0.79755	0.00638
51	0.01292	0.01216	0.02052	0.74312	0.04712	0.01520	0.01900	0.01748	0.01368	0.01748	0.01216	0.01824	0.00912	0.00684	0.00684	0.00228	0.00912	0.00608	0.00304	0.00760
52	0.00977	0.00733	0.01100	0.01100	0.01222	0.00855	0.00855	0.01222	0.01100	0.01588	0.01833	0.02688	0.01710	0.05131	0.73245	0.01100	0.01833	0.00733	0.00367	0.00611
53	0.01464	0.08140	0.60321	0.01960	0.02896	0.04362	0.07241	0.02182	0.01472	0.02114	0.01215	0.01443	0.00880	0.00643	0.00646	0.00212	0.01012	0.00516	0.00296	0.00988
54	0.01486	0.16559	0.51356	0.01925	0.02819	0.01810	0.10620	0.02148	0.01456	0.02069	0.01197	0.01432	0.00890	0.00629	0.00631	0.00206	0.00978	0.00518	0.00297	0.00976
55	0.02601	0.01916	0.02053	0.01574	0.02122	0.02122	0.01300	0.69408	0.03217	0.04312	0.01643	0.01643	0.01163	0.00821	0.00684	0.00205	0.00753	0.00616	0.00684	0.01163
56	0.01372	0.03539	0.72412	0.01950	0.02961	0.01589	0.02528	0.02167	0.01444	0.02167	0.01228	0.01444	0.00867	0.00650	0.00650	0.00217	0.01011	0.00506	0.00289	0.01011
57	0.03984	0.01989	0.06967	0.17963	0.27005	0.17554	0.01738	0.05055	0.03536	0.02113	0.01531	0.01839	0.04347	0.00721	0.00663	0.00206	0.00901	0.00602	0.00372	0.00915
58	0.02564	0.02187	0.02013	0.01608	0.02110	0.17154	0.01298	0.53275	0.05012	0.03709	0.01554	0.01584	0.01132	0.00800	0.00670	0.00200	0.00848	0.00584	0.00615	0.01083
59	0.00977	0.00733	0.01100	0.01100	0.01222	0.00855	0.00855	0.01222	0.01100	0.01588	0.01833	0.02688	0.01710	0.05131	0.73245	0.01100	0.01833	0.00733	0.00367	0.00611
60	0.01699	0.01732	0.02760	0.11295	0.44277	0.07215	0.12001	0.02158	0.03745	0.02132	0.01311	0.01715	0.01068	0.00650	0.00745	0.00212	0.03319	0.00631	0.00347	0.00991
61	0.01650	0.01680	0.05710	0.08134	0.62541	0.01633	0.02087	0.02067	0.01525	0.02185	0.01268	0.01684	0.01058	0.00635	0.00727	0.00208	0.03221	0.00605	0.00333	0.01051
62	0.00985	0.00680	0.00842	0.00847	0.00881	0.00711	0.00540	0.01054	0.01033	0.01410	0.02120	0.06252	0.02344	0.54652	0.22077	0.00768	0.00968	0.00955	0.00409	0.00472
63	0.00834	0.00595	0.00794	0.00953	0.00992	0.00556	0.00635	0.00953	0.01310	0.01746	0.03771	0.75510	0.04525	0.02143	0.00873	0.00278	0.00397	0.01945	0.00635	0.00556
64	0.01372	0.03539	0.72412	0.01950	0.02961	0.01589	0.02528	0.02167	0.01444	0.02167	0.01228	0.01444	0.00867	0.00650	0.00650	0.00217	0.01011	0.00506	0.00289	0.01011
65	0.00916	0.00650	0.00868	0.01012	0.01078	0.00624	0.00734	0.01075	0.01349	0.01786	0.03589	0.51945	0.04194	0.08656	0.01124	0.00322	0.00480	0.18420	0.00614	0.00562
66	0.01740	0.01722	0.02703	0.03970	0.65097	0.06068	0.02032	0.02124	0.01565	0.02181	0.01260	0.01658	0.01065	0.00635	0.00725	0.00205	0.03259	0.00599	0.00338	0.01055
67	0.01575	0.01277	0.01480	0.01070	0.01670	0.01023	0.00860	0.07803	0.01595	0.04559	0.01299	0.01467	0.01048	0.00545	0.00528	0.00114	0.00531	0.00433	0.00444	0.70680
68	0.62082	0.01311	0.01275	0.15962	0.04247	0.01535	0.01020	0.01960	0.01218	0.02774	0.01017	0.01275	0.00787	0.00644	0.00485	0.00215	0.00616	0.00426	0.00396	0.00756
69	0.02117	0.33978	0.04671	0.01521	0.01958	0.34824	0.01309	0.02327	0.01611	0.01659	0.01003	0.01207	0.00881	0.00698	0.00693	0.00176	0.07791	0.00425	0.00321	0.00831
70	0.02449	0.01780	0.01980	0.01613	0.05030	0.01917	0.01267	0.56650	0.02904	0.07222	0.01713	0.03901	0.01277	0.00832	0.00678	0.00201	0.00720	0.00645	0.00657	0.06565
71	0.02354	0.01362	0.01449	0.01205	0.01598	0.11970	0.00954	0.02671	0.03985	0.39609	0.21936	0.02958	0.02933	0.00984	0.00711	0.00208	0.00607	0.00809	0.00740	0.00958
72	0.05657	0.01097	0.01460	0.01149	0.01616	0.00969	0.00939	0.02963	0.01925	0.58630	0.13446	0.02721	0.02408	0.00926	0.00697	0.00212	0.00539	0.00763	0.00816	0.01067
73	0.01382	0.03481	0.70301	0.02018	0.05044	0.01590	0.02515	0.02165	0.01448	0.02169	0.01230	0.01452	0.00873	0.00649	0.00651	0.00216	0.01005	0.00509	0.00290	0.01013
74	0.01693	0.01626	0.02777	0.04199	0.71689	0.01626	0.02100	0.02100	0.01558	0.02235	0.01287	0.01693	0.01084	0.00610	0.00677	0.00203	0.00813	0.00610	0.00339	0.01084
75	0.01372	0.03539	0.72412	0.01950	0.02961	0.01589	0.02528	0.02167	0.01444	0.02167	0.01228	0.01444	0.00867	0.00650	0.00650	0.00217	0.01011	0.00506	0.00289	0.01011
76	0.00834	0.00595	0.00794	0.00953	0.00992	0.00556	0.00635	0.00953	0.01310	0.01746	0.03771	0.75510	0.04525	0.02143	0.00873	0.00278	0.00397	0.01945	0.00635	0.00556
77	0.02601	0.01916	0.02053	0.01574	0.02122	0.02122	0.01300	0.69408	0.03217	0.04312	0.01643	0.01643	0.01163	0.00821	0.00684	0.00205	0.00753	0.00616	0.00684	0.01163
78	0.01615	0.01845	0.04037	0.02884	0.03576	0.01730	0.69204	0.02191	0.01615	0.02191	0.01384	0.01845	0.01038	0.00577	0.00807	0.00231	0.01153	0.00807	0.00346	0.00923
79	0.00868	0.00620	0.00833	0.00992	0.01047	0.00585	0.00695	0.01012	0.01344	0.01785	0.03752	0.66857	0.04450	0.02111	0.00882	0.00283	0.00427	0.10259	0.00634	0.00565
80	0.01397	0.01345	0.01687	0.03541	0.01653	0.05974	0.01220	0.03592	0.01250	0.01748	0.01824	0.18693	0.03827	0.04592	0.01752	0.00296	0.43563	0.00939	0.00406	0.00701
81	0.01615	0.01845	0.04037	0.02884	0.03576	0.01730	0.69204	0.02191	0.01615	0.02191	0.01384	0.01845	0.01038	0.00577	0.00807	0.00231	0.01153	0.00807	0.00346	0.00923
82	0.02982	0.01304	0.01674	0.01284	0.01816	0.01213	0.01060	0.15625	0.02192	0.59541	0.02503	0.02201	0.01595	0.00842	0.00687	0.00211	0.00614	0.00675	0.00817	0.01164
83	0.01603	0.01677	0.03284	0.12779	0.30315	0.01662	0.34167	0.02097	0.01560	0.02150	0.01324	0.01783	0.01039	0.00604	0.00740	0.00220	0.00989	0.00704	0.00338	0.00964
84	0.02567	0.05033	0.02109	0.01568	0.02106	0.06197	0.01296	0.62857	0.03069	0.04051	0.01581	0.01597	0.01136	0.00805	0.00671	0.00201	0.00779	0.00596	0.00649	0.01131
85	0.03024	0.01174	0.01586	0.01223	0.01748	0.01029	0.01008	0.03344	0.04229	0.69865	0.02702	0.02336	0.01707	0.00849	0.00688	0.00212	0.00581	0.00691	0.00842	0.01162
86	0.00853	0.00603	0.00788	0.00928	0.00963	0.00568	0.00609	0.00958	0.01272	0.01697	0.03579	0.67064	0.04283	0.10920	0.01183	0.00324	0.00429	0.01832	0.00609	0.00539
87	0.01662	0.34864	0.37269	0.01600	0.02376	0.07679	0.01849	0.02160	0.01460	0.01888	0.01095	0.01279	0.00873	0.00626	0.00557	0.00183	0.00908	0.00440	0.00295	0.00937
88	0.01960	0.01598	0.01692	0.01444	0.01877	0.01822	0.01145	0.22522	0.51146	0.03278	0.02457	0.02291	0.01823	0.00897	0.00693	0.00224	0.00602	0.00728	0.00693	0.01106
89	0.03070	0.01164	0.01588	0.01217	0.01746	0.01006	0.01006	0.03334	0.01958	0.72163	0.02699	0.02329	0.01694	0.00847	0.00688	0.00212	0.00582	0.00688	0.00847	0.01164
90	0.01684	0.01498	0.01746	0.03596	0.01878	0.08930	0.09501	0.17542	0.11883	0.02491	0.02368	0.14937	0.05040	0.12385	0.01154	0.00292	0.00736	0.00962	0.00546	0.00829
91	0.02279	0.04869	0.01971	0.04370	0.04416	0.19325	0.01289	0.28044	0.18879	0.05041	0.01752	0.01770	0.01310	0.00798	0.00661	0.00203	0.00821	0.00603	0.00571	0.01025
92	0.00866	0.00632	0.00840	0.00974	0.01011	0.00619	0.00657	0.00981	0.01285	0.01723	0.03586	0.69359	0.04292	0.05611	0.01049	0.00297	0.03200	0.01849	0.00612	0.00556
93	0.01015	0.00735	0.00956	0.00965	0.01035	0.00788	0.00672	0.03054	0.01200	0.01655	0.05172	0.19135	0.02754	0.29781	0.24981	0.00676	0.03308	0.01103	0.00465	0.00549
94	0.01772	0.50184	0.22030	0.01424	0.02113	0.05256	0.01549	0.05306	0.01514	0.01891	0.01063	0.01223	0.00889	0.00619	0.00515	0.00169	0.00829	0.00418	0.00313	0.00924
95	0.02270	0.01724	0.01850	0.01490	0.01967	0.01920	0.01205	0.49127	0.19349	0.03797	0.02055	0.06589	0.01602	0.00932	0.00699	0.00216	0.00679	0.00739	0.00684	0.01105
96	0.61810	0.03628	0.01434	0.01525	0.14106	0.01603	0.01016	0.04013	0.01303	0.02912	0.01033	0.01232	0.00820	0.00634	0.00478	0.00208	0.00593	0.00421	0.00412	0.00820
97	0.06634	0.58271	0.07427	0.01276	0.01848	0.11386	0.01247	0.02139	0.01448	0.01739	0.00981	0.01137	0.00869	0.00607	0.00473	0.00158	0.00799	0.00384	0.00308	0.00867
98	0.01003	0.00761	0.00938	0.00910	0.01033	0.00793	0.00657	0.03038	0.01299	0.01727	0.07455	0.04338	0.20718	0.25182	0.23751	0.00628	0.03698	0.01024	0.00482	0.00565
99	0.07124	0.05050	0.01899	0.01831	0.13917	0.01660	0.01258	0.12195	0.29416	0.15172	0.02148	0.02077	0.01573	0.00809	0.00660	0.00214	0.00633	0.00663	0.00623	0.01077
100	0.01662	0.01594	0.02720	0.09677	0.66457	0.01617	0.02084	0.02072	0.01543	0.02197	0.01281	0.01703	0.01070	0.00615	0.00678	0.00205	0.00821	0.00609	0.00336	0.01058
101	0.02813	0.01404	0.01723	0.01316	0.01856	0.01351	0.01085	0.24030	0.02319	0.46182	0.02268	0.02053	0.01482	0.00816	0.00675	0.00202	0.00631	0.00647	0.00766	0.06380
102	0.00834	0.00595	0.00794	0.00953	0.00992	0.00556	0.00635	0.00953	0.01310	0.01746	0.03771	0.75510	0.04525	0.02143	0.00873	0.00278	0.00397	0.01945	0.00635	0.00556
103	0.01417	0.10737	0.65609	0.01873	0.02842	0.01699	0.02394	0.02155	0.01439	0.02112	0.01200	0.01410	0.00868	0.00644	0.00629	0.00210	0.00983	0.00492	0.00289	0.00998
104	0.00983	0.00712	0.00995	0.00995	0.01082	0.00799	0.00725	0.01155	0.01069	0.01511	0.01928	0.03215	0.01939	0.25987	0.52702	0.00971	0.01488	0.00810	0.00381	0.00553
105	0.00880	0.00689	0.00796	0.00783	0.00971	0.00606	0.00582	0.01115	0.01707	0.02231	0.34753	0.10481	0.38733	0.01614	0.00812	0.00227	0.00340	0.01387	0.00687	0.00606
106	0.01809	0.66998	0.10113	0.01265	0.01883	0.04920	0.01305	0.02082	0.01413	0.01665	0.00981	0.01135	0.00877	0.00595	0.00465	0.00154	0.00775	0.00382	0.00294	0.00888
107	0.01693	0.01626	0.02777	0.04199	0.71689	0.01626	0.02100	0.02100	0.01558	0.02235	0.01287	0.01693	0.01084	0.00610	0.00677	0.00203	0.00813	0.00610	0.00339	0.01084
108	0.00955	0.00694	0.00899	0.00858	0.01016	0.00638	0.00640	0.01262	0.01891	0.02658	0.65349	0.08515	0.09160	0.01448	0.00810	0.00219	0.00327	0.01280	0.00742	0.00638
109	0.00968	0.00699	0.00914	0.00861	0.01022	0.00646	0.00646	0.01291	0.01937	0.02743	0.71328	0.05110	0.06455	0.01399	0.00807	0.00215	0.00323	0.01237	0.00753	0.00646
110	0.00844	0.00603	0.00805	0.00964	0.01008	0.00564	0.00653	0.00970	0.01320	0.01758	0.03765	0.72969	0.04503	0.02134	0.00876	0.00279	0.00406	0.04386	0.00635	0.00558
111	0.00962	0.00699	0.00906	0.00854	0.01018	0.00643	0.00641	0.01279	0.01922	0.02708	0.68756	0.05169	0.09050	0.01412	0.00807	0.00216	0.00324	0.01246	0.00748	0.00643
112	0.00995	0.00663	0.00746	0.00746	0.00746	0.00663	0.00415	0.00995	0.00995	0.01327	0.02156	0.04477	0.02487	0.75957	0.03482	0.00663	0.00663	0.00995	0.00415	0.00415
113	0.02601	0.01916	0.02053	0.01574	0.02122	0.02122	0.01300	0.69408	0.03217	0.04312	0.01643	0.01643	0.01163	0.00821	0.00684	0.00205	0.00753	0.00616	0.00684	0.01163
114	0.01455	0.01238	0.01438	0.01031	0.01637	0.00949	0.00826	0.03805	0.01474	0.02293	0.01229	0.01426	0.01018	0.00516	0.00512	0.00105	0.00514	0.00412	0.00414	0.77709
115	0.02975	0.06001	0.01730	0.01226	0.01759	0.01150	0.01025	0.05349	0.01962	0.65495	0.02554	0.02228	0.01625	0.00829	0.00672	0.00207	0.00597	0.00665	0.00806	0.01146
116	0.01275	0.00638	0.00638	0.00638	0.00797	0.00638	0.00478	0.01594	0.01435	0.02551	0.02232	0.02551	0.01754	0.00797	0.00478	0.00159	0.00319	0.00638	0.79755	0.00638
117	0.02445	0.01794	0.01934	0.01520	0.02030	0.01983	0.01242	0.56899	0.11524	0.06131	0.01888	0.04208	0.01406	0.00879	0.00692	0.00211	0.00709	0.00682	0.00689	0.01133
118	0.01665	0.01778	0.08233	0.03850	0.60571	0.01630	0.04770	0.02175	0.04517	0.02255	0.01351	0.01717	0.01108	0.00625	0.00681	0.00207	0.00830	0.00616	0.00350	0.01072
119	0.03070	0.01164	0.01588	0.01217	0.01746	0.01006	0.01006	0.03334	0.01958	0.72163	0.02699	0.02329	0.01694	0.00847	0.00688	0.00212	0.00582	0.00688	0.00847	0.01164
120	0.01693	0.01626	0.02777	0.04199	0.71689	0.01626	0.02100	0.02100	0.01558	0.02235	0.01287	0.01693	0.01084	0.00610	0.00677	0.00203	0.00813	0.00610	0.00339	0.01084
121	0.00843	0.00619	0.00785	0.00912	0.00984	0.00570	0.00621	0.00972	0.01346	0.01756	0.04214	0.59855	0.15187	0.04837	0.00963	0.00286	0.00405	0.03663	0.00627	0.00556
122	0.00834	0.00595	0.00794	0.00953	0.00992	0.00556	0.00635	0.00953	0.01310	0.01746	0.03771	0.75510	0.04525	0.02143	0.00873	0.00278	0.00397	0.01945	0.00635	0.00556
123	0.01666	0.01598	0.02728	0.08892	0.67206	0.01618	0.02086	0.02076	0.01545	0.02202	0.01282	0.01702	0.01072	0.00615	0.00678	0.00205	0.00819	0.00609	0.00336	0.01062
124	0.01161	0.00738	0.00972	0.00900	0.01089	0.00675	0.00679	0.01467	0.01903	0.09305	0.60998	0.08793	0.05893	0.01388	0.00799	0.00218	0.00352	0.01225	0.00755	0.00690
125	0.01618	0.01548	0.02640	0.17431	0.59049	0.01606	0.02062	0.02033	0.01522	0.02143	0.01273	0.01718	0.01051	0.00624	0.00679	0.00208	0.00831	0.00609	0.00332	0.01023
126	0.00914	0.00656	0.00852	0.00976	0.01042	0.00626	0.00664	0.03911	0.01412	0.01888	0.05814	0.70105	0.04441	0.02063	0.00863	0.00273	0.00410	0.01865	0.00641	0.00585
127	0.00834	0.00595	0.00794	0.00953	0.00992	0.00556	0.00635	0.00953	0.01310	0.01746	0.03771	0.75510	0.04525	0.02143	0.00873	0.00278	0.00397	0.01945	0.00635	0.00556
128	0.00871	0.00641	0.00825	0.00957	0.01046	0.00595	0.00688	0.01028	0.01391	0.01809	0.04262	0.53935	0.15307	0.02038	0.00874	0.00276	0.00424	0.11829	0.00634	0.00571
129	0.04985	0.01118	0.01462	0.01163	0.01614	0.01013	0.00944	0.06706	0.01977	0.52649	0.13128	0.05666	0.02478	0.00976	0.00706	0.00215	0.00543	0.00810	0.00802	0.01047
130	0.02059	0.21713	0.04184	0.01273	0.01756	0.01760	0.01110	0.16563	0.12064	0.16103	0.07130	0.05660	0.03948	0.00905	0.00641	0.00200	0.00630	0.00715	0.00601	0.00986
131	0.01713	0.01677	0.02715	0.06733	0.66333	0.04544	0.02060	0.02112	0.01566	0.02194	0.01275	0.01679	0.01069	0.00616	0.00675	0.00203	0.00834	0.00603	0.00338	0.01060
132	0.01787	0.69619	0.09963	0.01243	0.01868	0.02603	0.01296	0.02060	0.01395	0.01661	0.00977	0.01130	0.00877	0.00591	0.00459	0.00153	0.00758	0.00379	0.00292	0.00890
133	0.01007	0.00776	0.01156	0.01139	0.01254	0.00925	0.00891	0.01246	0.01097	0.01591	0.01780	0.02621	0.01665	0.04910	0.69253	0.01055	0.05930	0.00725	0.00363	0.00619
134	0.02481	0.02064	0.10819	0.01595	0.02199	0.01973	0.01432	0.56169	0.02903	0.09003	0.01668	0.01668	0.01165	0.00802	0.00680	0.00207	0.00773	0.00607	0.00647	0.01144
135	0.40011	0.01487	0.01463	0.01183	0.01668	0.01625	0.00976	0.24432	0.01993	0.16871	0.01518	0.01522	0.01065	0.00737	0.00561	0.00210	0.00613	0.00513	0.00591	0.00962
136	0.02293	0.01011	0.01351	0.01098	0.01494	0.00901	0.00882	0.02629	0.04070	0.45759	0.26685	0.03308	0.03370	0.01042	0.00730	0.00214	0.00490	0.00883	0.00809	0.00980
137	0.00809	0.00693	0.00693	0.00693	0.00924	0.00578	0.00520	0.00982	0.01559	0.01848	0.06931	0.06584	0.71411	0.01733	0.00809	0.00231	0.00347	0.01444	0.00635	0.00578
138	0.02677	0.01638	0.01865	0.01442	0.01965	0.01724	0.01186	0.46786	0.02763	0.24805	0.02043	0.04625	0.01451	0.00879	0.00693	0.00210	0.00688	0.00688	0.00732	0.01141
139	0.01377	0.03462	0.69771	0.01944	0.02917	0.01608	0.02489	0.02147	0.01430	0.02147	0.01215	0.01446	0.00868	0.00671	0.00710	0.00220	0.03779	0.00509	0.00289	0.01001
140	0.02317	0.01518	0.01703	0.01399	0.01869	0.01640	0.01125	0.22438	0.33263	0.21377	0.02434	0.02233	0.01720	0.00876	0.00691	0.00219	0.00613	0.00706	0.00732	0.01127
141	0.80789	0.01323	0.01006	0.00900	0.01323	0.01535	0.00741	0.02011	0.01164	0.03070	0.00953	0.01111	0.00741	0.00635	0.00423	0.00212	0.00529	0.00370	0.00423	0.00741
142	0.01037	0.00787	0.00981	0.00975	0.01055	0.03156	0.00688	0.01178	0.01084	0.01483	0.01941	0.03379	0.02004	0.34251	0.42029	0.00889	0.01330	0.00832	0.00386	0.00536
143	0.00826	0.00684	0.00726	0.00749	0.00951	0.00583	0.00557	0.01002	0.01540	0.01871	0.08543	0.15387	0.58645	0.01779	0.00821	0.00239	0.00361	0.03518	0.00639	0.00579
144	0.00834	0.00595	0.00794	0.00953	0.00992	0.00556	0.00635	0.00953	0.01310	0.01746	0.03771	0.75510	0.04525	0.02143	0.00873	0.00278	0.00397	0.01945	0.00635	0.00556
145	0.01693	0.01626	0.02777	0.04199	0.71689	0.01626	0.02100	0.02100	0.01558	0.02235	0.01287	0.01693	0.01084	0.00610	0.00677	0.00203	0.00813	0.00610	0.00339	0.01084
146	0.01383	0.03471	0.70080	0.01932	0.02922	0.01593	0.02480	0.02215	0.03715	0.02189	0.01279	0.01481	0.00907	0.00659	0.00652	0.00217	0.00996	0.00514	0.00302	0.01013
147	0.01829	0.76368	0.03585	0.01171	0.01756	0.02707	0.01171	0.02049	0.01390	0.01610	0.00951	0.01097	0.00878	0.00585	0.00439	0.00146	0.00732	0.00366	0.00293	0.00878
148	0.01389	0.06269	0.69832	0.01921	0.02916	0.01631	0.02477	0.02162	0.01442	0.02146	0.01217	0.01431	0.00867	0.00648	0.00642	0.00214	0.01001	0.00500	0.00289	0.01006
149	0.02309	0.28218	0.02505	0.01555	0.01992	0.46990	0.01270	0.04481	0.01789	0.01731	0.01039	0.01199	0.00889	0.00668	0.00558	0.00167	0.01048	0.00420	0.00342	0.00833
150	0.02557	0.03220	0.01942	0.01757	0.02115	0.71055	0.01321	0.04753	0.01977	0.01754	0.01075	0.01246	0.00890	0.00709	0.00619	0.00177	0.01219	0.00446	0.00363	0.00804
151	0.00834	0.00595	0.00794	0.00953	0.00992	0.00556	0.00635	0.00953	0.01310	0.01746	0.03771	0.75510	0.04525	0.02143	0.00873	0.00278	0.00397	0.01945	0.00635	0.00556
152	0.05199	0.10976	0.59100	0.01856	0.02782	0.01709	0.04964	0.02148	0.01432	0.02152	0.01192	0.01408	0.00869	0.00640	0.00623	0.00210	0.00965	0.00497	0.00298	0.00981
153	0.03070	0.01164	0.01588	0.01217	0.01746	0.01006	0.01006	0.03334	0.01958	0.72163	0.02699	0.02329	0.01694	0.00847	0.00688	0.00212	0.00582	0.00688	0.00847	0.01164
154	0.00834	0.00595	0.00794	0.00953	0.00992	0.00556	0.00635	0.00953	0.01310	0.01746	0.03771	0.75510	0.04525	0.02143	0.00873	0.00278	0.00397	0.01945	0.00635	0.00556
155	0.00834	0.00595	0.00794	0.00953	0.00992	0.00556	0.00635	0.00953	0.01310	0.01746	0.03771	0.75510	0.04525	0.02143	0.00873	0.00278	0.00397	0.01945	0.00635	0.00556
156	0.00861	0.00634	0.00839	0.00966	0.01018	0.00612	0.00659	0.00993	0.01341	0.01795	0.07011	0.66901	0.07227	0.02060	0.00913	0.00274	0.02855	0.01846	0.00630	0.00567
157	0.01292	0.01216	0.02052	0.74312	0.04712	0.01520	0.01900	0.01748	0.01368	0.01748	0.01216	0.01824	0.00912	0.00684	0.00684	0.00228	0.00912	0.00608	0.00304	0.00760
158	0.80789	0.01323	0.01006	0.00900	0.01323	0.01535	0.00741	0.02011	0.01164	0.03070	0.00953	0.01111	0.00741	0.00635	0.00423	0.00212	0.00529	0.00370	0.00423	0.00741
159	0.01298	0.01224	0.02053	0.72270	0.04630	0.01536	0.01889	0.01745	0.01359	0.01745	0.01207	0.01815	0.00912	0.00698	0.00728	0.00230	0.02990	0.00608	0.00304	0.00760
160	0.05348	0.01169	0.01571	0.01208	0.01734	0.01021	0.00998	0.03295	0.01935	0.70137	0.02648	0.02293	0.01666	0.00841	0.00680	0.00212	0.00581	0.00679	0.00834	0.01152
161	0.00977	0.00733	0.01100	0.01100	0.01222	0.00855	0.00855	0.01222	0.01100	0.01588	0.01833	0.02688	0.01710	0.05131	0.73245	0.01100	0.01833	0.00733	0.00367	0.00611
162	0.00977	0.00733	0.01100	0.01100	0.01222	0.00855	0.00855	0.01222	0.01100	0.01588	0.01833	0.02688	0.01710	0.05131	0.73245	0.01100	0.01833	0.00733	0.00367	0.00611
163	0.00977	0.00733	0.01100	0.01100	0.01222	0.00855	0.00855	0.01222	0.01100	0.01588	0.01833	0.02688	0.01710	0.05131	0.73245	0.01100	0.01833	0.00733	0.00367	0.00611
164	0.00834	0.00595	0.00794	0.00953	0.00992	0.00556	0.00635	0.00953	0.01310	0.01746	0.03771	0.75510	0.04525	0.02143	0.00873	0.00278	0.00397	0.01945	0.00635	0.00556
165	0.06758	0.01172	0.01560	0.01202	0.01726	0.01031	0.00993	0.03271	0.01920	0.68883	0.02616	0.02271	0.01648	0.00837	0.00675	0.00212	0.00580	0.00673	0.00827	0.01144
166	0.01829	0.76368	0.03585	0.01171	0.01756	0.02707	0.01171	0.02049	0.01390	0.01610	0.00951	0.01097	0.00878	0.00585	0.00439	0.00146	0.00732	0.00366	0.00293	0.00878
167	0.01497	0.01497	0.02095	0.01796	0.01796	0.02095	0.01497	0.01646	0.01048	0.01646	0.00898	0.01497	0.00898	0.01197	0.02245	0.00299	0.74704	0.00599	0.00299	0.00748
168	0.01829	0.76368	0.03585	0.01171	0.01756	0.02707	0.01171	0.02049	0.01390	0.01610	0.00951	0.01097	0.00878	0.00585	0.00439	0.00146	0.00732	0.00366	0.00293	0.00878
169	0.00954	0.00699	0.00895	0.00846	0.01013	0.00639	0.00634	0.01263	0.01903	0.02664	0.65589	0.05242	0.12244	0.01428	0.00807	0.00217	0.00325	0.01256	0.00743	0.00639
170	0.03056	0.01187	0.01602	0.01228	0.01758	0.01039	0.01014	0.05300	0.01996	0.70144	0.02668	0.02308	0.01678	0.00846	0.00688	0.00212	0.00587	0.00686	0.00842	0.01164
171	0.01408	0.01278	0.02032	0.01658	0.02040	0.01277	0.21422	0.08593	0.13059	0.02360	0.03115	0.18084	0.12182	0.01260	0.00803	0.00246	0.00697	0.07103	0.00563	0.00823
172	0.01317	0.01241	0.02097	0.70003	0.08829	0.01526	0.01912	0.01770	0.01380	0.01778	0.01220	0.01816	0.00923	0.00679	0.00684	0.00226	0.00906	0.00608	0.00306	0.00780
173	0.01497	0.01497	0.02095	0.01796	0.01796	0.02095	0.01497	0.01646	0.01048	0.01646	0.00898	0.01497	0.00898	0.01197	0.02245	0.00299	0.74704	0.00599	0.00299	0.00748
174	0.00981	0.00719	0.01031	0.01031	0.01130	0.00818	0.00770	0.01178	0.01079	0.01537	0.01895	0.03034	0.01861	0.18854	0.59729	0.01015	0.01606	0.00784	0.00376	0.00573
175	0.01615	0.01845	0.04037	0.02884	0.03576	0.01730	0.69204	0.02191	0.01615	0.02191	0.01384	0.01845	0.01038	0.00577	0.00807	0.00231	0.01153	0.00807	0.00346	0.00923
176	0.01693	0.01626	0.02777	0.04199	0.71689	0.01626	0.02100	0.02100	0.01558	0.02235	0.01287	0.01693	0.01084	0.00610	0.00677	0.00203	0.00813	0.00610	0.00339	0.01084
177	0.80789	0.01323	0.01006	0.00900	0.01323	0.01535	0.00741	0.02011	0.01164	0.03070	0.00953	0.01111	0.00741	0.00635	0.00423	0.00212	0.00529	0.00370	0.00423	0.00741
178	0.00834	0.00595	0.00794	0.00953	0.00992	0.00556	0.00635	0.00953	0.01310	0.01746	0.03771	0.75510	0.04525	0.02143	0.00873	0.00278	0.00397	0.01945	0.00635	0.00556
179	0.01292	0.01216	0.02052	0.74312	0.04712	0.01520	0.01900	0.01748	0.01368	0.01748	0.01216	0.01824	0.00912	0.00684	0.00684	0.00228	0.00912	0.00608	0.00304	0.00760
180	0.01253	0.00909	0.01093	0.01100	0.01260	0.00928	0.00793	0.17207	0.01763	0.02356	0.03265	0.57970	0.03727	0.01829	0.00828	0.00261	0.00481	0.01629	0.00647	0.00700
181	0.01829	0.76368	0.03585	0.01171	0.01756	0.02707	0.01171	0.02049	0.01390	0.01610	0.00951	0.01097	0.00878	0.00585	0.00439	0.00146	0.00732	0.00366	0.00293	0.00878
182	0.01419	0.01216	0.01419	0.01013	0.01621	0.00912	0.00811	0.01723	0.01419	0.02229	0.01216	0.01419	0.01013	0.00507	0.00507	0.00101	0.00507	0.00405	0.00405	0.80139
183	0.01372	0.03539	0.72412	0.01950	0.02961	0.01589	0.02528	0.02167	0.01444	0.02167	0.01228	0.01444	0.00867	0.00650	0.00650	0.00217	0.01011	0.00506	0.00289	0.01011
184	0.01497	0.01497	0.02095	0.01796	0.01796	0.02095	0.01497	0.01646	0.01048	0.01646	0.00898	0.01497	0.00898	0.01197	0.02245	0.00299	0.74704	0.00599	0.00299	0.00748
185	0.22921	0.01602	0.01641	0.01308	0.01782	0.01767	0.01073	0.41852	0.02492	0.06745	0.08737	0.01893	0.01625	0.00834	0.00629	0.00208	0.00642	0.00619	0.00630	0.00999
186	0.01392	0.06674	0.69449	0.01916	0.02909	0.01637	0.02469	0.02162	0.01442	0.02143	0.01216	0.01429	0.00867	0.00647	0.00641	0.00214	0.00999	0.00500	0.00289	0.01005
187	0.00834	0.00595	0.00794	0.00953	0.00992	0.00556	0.00635	0.00953	0.01310	0.01746	0.03771	0.75510	0.04525	0.02143	0.00873	0.00278	0.00397	0.01945	0.00635	0.00556
188	0.01693	0.01626	0.02777	0.04199	0.71689	0.01626	0.02100	0.02100	0.01558	0.02235	0.01287	0.01693	0.01084	0.00610	0.00677	0.00203	0.00813	0.00610	0.00339	0.01084
189	0.01693	0.01626	0.02777	0.04199	0.71689	0.01626	0.02100	0.02100	0.01558	0.02235	0.01287	0.01693	0.01084	0.00610	0.00677	0.00203	0.00813	0.00610	0.00339	0.01084
190	0.03028	0.01174	0.01586	0.01223	0.01747	0.01027	0.01008	0.03343	0.04058	0.70038	0.02702	0.02335	0.01706	0.00849	0.00688	0.00212	0.00581	0.00691	0.00842	0.01162
191	0.00977	0.00733	0.01100	0.01100	0.01222	0.00855	0.00855	0.01222	0.01100	0.01588	0.01833	0.02688	0.01710	0.05131	0.73245	0.01100	0.01833	0.00733	0.00367	0.00611
192	0.00995	0.00663	0.00746	0.00746	0.00746	0.00663	0.00415	0.00995	0.00995	0.01327	0.02156	0.04477	0.02487	0.75957	0.03482	0.00663	0.00663	0.00995	0.00415	0.00415
193	0.70485	0.01305	0.01110	0.05368	0.01558	0.01496	0.00830	0.02089	0.01233	0.07870	0.01092	0.01241	0.00819	0.00653	0.00458	0.00213	0.00556	0.00407	0.00446	0.00772
194	0.00834	0.00595	0.00794	0.00953	0.00992	0.00556	0.00635	0.00953	0.01310	0.01746	0.03771	0.75510	0.04525	0.02143	0.00873	0.00278	0.00397	0.01945	0.00635	0.00556
195	0.01693	0.01626	0.02777	0.04199	0.71689	0.01626	0.02100	0.02100	0.01558	0.02235	0.01287	0.01693	0.01084	0.00610	0.00677	0.00203	0.00813	0.00610	0.00339	0.01084
196	0.02425	0.02970	0.02070	0.02130	0.12759	0.60104	0.01440	0.04656	0.01919	0.01840	0.01110	0.01316	0.00921	0.00694	0.00628	0.00181	0.01155	0.00472	0.00360	0.00849
197	0.00834	0.00595	0.00794	0.00953	0.00992	0.00556	0.00635	0.00953	0.01310	0.01746	0.03771	0.75510	0.04525	0.02143	0.00873	0.00278	0.00397	0.01945	0.00635	0.00556
198	0.00833	0.00598	0.00791	0.00945	0.00990	0.00556	0.00632	0.00954	0.01318	0.01750	0.03869	0.73377	0.06594	0.02131	0.00871	0.00276	0.00395	0.01929	0.00635	0.00556
199	0.01693	0.01626	0.02777	0.04199	0.71689	0.01626	0.02100	0.02100	0.01558	0.02235	0.01287	0.01693	0.01084	0.00610	0.00677	0.00203	0.00813	0.00610	0.00339	0.01084
200	0.01693	0.01626	0.02777	0.04199	0.71689	0.01626	0.02100	0.02100	0.01558	0.02235	0.01287	0.01693	0.01084	0.00610	0.00677	0.00203	0.00813	0.00610	0.00339	0.01084
201	0.01843	0.01539	0.01649	0.03633	0.01927	0.01768	0.01145	0.14861	0.56825	0.03077	0.02541	0.02374	0.01894	0.00902	0.00694	0.00227	0.00589	0.00741	0.00682	0.01087
202	0.01693	0.01626	0.02777	0.04199	0.71689	0.01626	0.02100	0.02100	0.01558	0.02235	0.01287	0.01693	0.01084	0.00610	0.00677	0.00203	0.00813	0.00610	0.00339	0.01084
203	0.02601	0.01916	0.02053	0.01574	0.02122	0.02122	0.01300	0.69408	0.03217	0.04312	0.01643	0.01643	0.01163	0.00821	0.00684	0.00205	0.00753	0.00616	0.00684	0.01163
204	0.03070	0.01164	0.01588	0.01217	0.01746	0.01006	0.01006	0.03334	0.01958	0.72163	0.02699	0.02329	0.01694	0.00847	0.00688	0.00212	0.00582	0.00688	0.00847	0.01164
205	0.01398	0.07693	0.68485	0.01905	0.02892	0.01653	0.02450	0.02160	0.01441	0.02135	0.01212	0.01425	0.00867	0.00646	0.00638	0.00213	0.00995	0.00498	0.00289	0.01003
206	0.01789	0.70003	0.09601	0.01239	0.01861	0.02609	0.01289	0.02059	0.01395	0.01658	0.00975	0.01128	0.00877	0.00591	0.00457	0.00152	0.00756	0.00378	0.00292	0.00890
207	0.02556	0.03261	0.01939	0.01763	0.02115	0.73210	0.01322	0.02732	0.01939	0.01674	0.01058	0.01234	0.00881	0.00705	0.00617	0.00176	0.01234	0.00441	0.00353	0.00793
208	0.01986	0.01306	0.11225	0.01181	0.01625	0.00939	0.01074	0.02339	0.01851	0.34560	0.27033	0.06348	0.03399	0.01072	0.00733	0.00216	0.00542	0.00913	0.00726	0.00932
209	0.02433	0.02556	0.05414	0.01934	0.09025	0.33303	0.01447	0.30257	0.02407	0.02845	0.01331	0.01458	0.01017	0.00741	0.00652	0.00193	0.00982	0.00533	0.00486	0.00986
210	0.01677	0.01609	0.02747	0.07062	0.68954	0.01621	0.02091	0.02085	0.01550	0.02215	0.01284	0.01699	0.01077	0.00613	0.00678	0.00204	0.00817	0.00610	0.00337	0.01070
211	0.80789	0.01323	0.01006	0.00900	0.01323	0.01535	0.00741	0.02011	0.01164	0.03070	0.00953	0.01111	0.00741	0.00635	0.00423	0.00212	0.00529	0.00370	0.00423	0.00741
212	0.01681	0.01613	0.02756	0.06264	0.69716	0.01622	0.02094	0.02089	0.01552	0.02221	0.01285	0.01697	0.01079	0.00612	0.00677	0.00204	0.00816	0.00610	0.00338	0.01074
213	0.00843	0.00599	0.00791	0.00941	0.00978	0.00562	0.00622	0.00955	0.01292	0.01722	0.03679	0.71458	0.04409	0.06354	0.01022	0.00300	0.00412	0.01891	0.00622	0.00548
214	0.01292	0.01216	0.02052	0.74312	0.04712	0.01520	0.01900	0.01748	0.01368	0.01748	0.01216	0.01824	0.00912	0.00684	0.00684	0.00228	0.00912	0.00608	0.00304	0.00760
215	0.00902	0.00648	0.00855	0.00906	0.01007	0.00601	0.00640	0.01124	0.01628	0.02253	0.38074	0.39763	0.05505	0.01765	0.00840	0.00246	0.00359	0.01586	0.00695	0.00601
216	0.02998	0.01279	0.01659	0.01272	0.01804	0.01176	0.01051	0.13442	0.02151	0.61783	0.02537	0.02224	0.01612	0.00843	0.00687	0.00211	0.00608	0.00677	0.00822	0.01164
217	0.01233	0.00778	0.01006	0.00914	0.01127	0.00718	0.00697	0.01594	0.04059	0.10868	0.59029	0.04752	0.07888	0.01330	0.00790	0.00216	0.00361	0.01165	0.00758	0.00718
218	0.01387	0.05935	0.70148	0.01924	0.02921	0.01626	0.02483	0.02163	0.01443	0.02148	0.01219	0.01433	0.00867	0.00648	0.00643	0.00214	0.01002	0.00501	0.00289	0.01007
219	0.01618	0.42733	0.35372	0.01531	0.02312	0.02191	0.01797	0.02103	0.01415	0.01867	0.01079	0.01258	0.00873	0.00615	0.00536	0.00179	0.00861	0.00430	0.00291	0.00939
