[name]
unknown

[dist]
# distance from previous block
# <min> <max>
27	45

[block]
# block no. 0 follows, 26 sequences, length 38
# corresponding to MSA columns:
# 54-91
name=unknown_A
#
# <colnr> <probs for GDERKNQSTAVLIFYWHMCP>
#	G	D	E	R	K	N	Q	S	T	A	V	L	I	F	Y	W	H	M	C	P
0	0.01894	0.01551	0.01963	0.04587	0.17002	0.03499	0.01386	0.20869	0.02188	0.02973	0.04826	0.12185	0.02265	0.07561	0.01061	0.00279	0.00756	0.04135	0.00583	0.08437
1	0.01429	0.01202	0.01547	0.01632	0.10469	0.03232	0.03110	0.05115	0.01667	0.02296	0.03023	0.22019	0.10436	0.04419	0.02542	0.03066	0.00652	0.01165	0.03503	0.17475
2	0.01924	0.01496	0.01752	0.07432	0.02089	0.01634	0.01191	0.26474	0.06558	0.03086	0.02258	0.06284	0.04837	0.11412	0.06433	0.00375	0.04735	0.00855	0.00597	0.08580
3	0.01800	0.01457	0.01895	0.01670	0.06300	0.01468	0.04698	0.14202	0.05276	0.05039	0.02236	0.09685	0.04937	0.03641	0.04812	0.00290	0.07371	0.00859	0.00559	0.21805
4	0.02241	0.01670	0.01841	0.01595	0.05324	0.04261	0.01199	0.32243	0.02574	0.08342	0.02631	0.10222	0.08041	0.03662	0.00876	0.00242	0.00721	0.00914	0.00678	0.10722
5	0.01865	0.01368	0.01582	0.01353	0.01712	0.01428	0.01047	0.20940	0.08677	0.06460	0.08112	0.19079	0.02853	0.06082	0.01084	0.00275	0.04015	0.01106	0.00685	0.10277
6	0.01364	0.01226	0.01831	0.25943	0.05971	0.01470	0.01490	0.01656	0.01416	0.01934	0.02178	0.15828	0.04092	0.07326	0.01459	0.00318	0.17058	0.03267	0.00445	0.03727
7	0.01526	0.01158	0.01443	0.05263	0.01647	0.01166	0.03826	0.13024	0.01686	0.02299	0.02157	0.07726	0.02237	0.38830	0.02375	0.00486	0.00754	0.00970	0.00516	0.10910
8	0.01157	0.00831	0.01059	0.05109	0.01320	0.00869	0.00751	0.04497	0.01374	0.01849	0.02781	0.24578	0.03127	0.34214	0.12532	0.00626	0.00861	0.01328	0.00533	0.00603
9	0.02695	0.01978	0.02123	0.01648	0.02191	0.02181	0.01338	0.59213	0.03306	0.04430	0.01881	0.02153	0.01445	0.08568	0.01087	0.00281	0.00824	0.00727	0.00727	0.01202
10	0.01896	0.01551	0.01636	0.01446	0.01854	0.01758	0.01125	0.11372	0.48962	0.03216	0.03095	0.03034	0.05561	0.04493	0.00910	0.00272	0.00611	0.00877	0.05214	0.01119
11	0.02006	0.01683	0.01784	0.01553	0.02015	0.01913	0.01220	0.12144	0.56163	0.03357	0.02849	0.02646	0.02132	0.00994	0.00762	0.00247	0.00630	0.00818	0.00757	0.04327
12	0.02589	0.01906	0.02138	0.01788	0.05827	0.02053	0.01382	0.46917	0.08580	0.07250	0.05329	0.02125	0.01688	0.00919	0.00754	0.00223	0.00767	0.00721	0.00731	0.06312
13	0.02037	0.01704	0.01800	0.01574	0.02030	0.01957	0.01237	0.13374	0.57654	0.03415	0.02897	0.02678	0.02161	0.01011	0.00770	0.00253	0.00636	0.00831	0.00770	0.01214
14	0.01573	0.01371	0.01706	0.04947	0.02052	0.01077	0.03099	0.01928	0.01577	0.02442	0.01354	0.01612	0.01118	0.00575	0.00583	0.00125	0.00609	0.00476	0.00441	0.71335
15	0.01125	0.00821	0.01150	0.01138	0.01243	0.00940	0.00850	0.01340	0.01212	0.01757	0.02093	0.03340	0.02047	0.19422	0.50482	0.01033	0.04142	0.00863	0.04366	0.00639
16	0.01573	0.01348	0.01573	0.01123	0.01798	0.01011	0.00899	0.01910	0.01573	0.02472	0.01348	0.01573	0.01123	0.00562	0.00562	0.00112	0.00562	0.00449	0.00449	0.77980
17	0.00924	0.00660	0.00880	0.01056	0.01100	0.00616	0.00704	0.01056	0.01452	0.01936	0.04181	0.72848	0.05017	0.02376	0.00968	0.00308	0.00440	0.02156	0.00704	0.00616
18	0.01790	0.02046	0.04476	0.03197	0.03964	0.01918	0.65857	0.02430	0.01790	0.02430	0.01535	0.02046	0.01151	0.00639	0.00895	0.00256	0.01279	0.00895	0.00384	0.01023
19	0.01085	0.00806	0.01186	0.01186	0.01310	0.00930	0.00907	0.01333	0.01209	0.01736	0.02062	0.03148	0.01969	0.11408	0.64717	0.01178	0.01922	0.00837	0.00411	0.00659
20	0.01885	0.54072	0.22449	0.01542	0.02324	0.02651	0.01723	0.02308	0.01558	0.01959	0.01141	0.01325	0.00970	0.00669	0.00553	0.00184	0.00899	0.00449	0.00323	0.01015
21	0.01153	0.00823	0.01143	0.01318	0.01462	0.00813	0.01102	0.01451	0.01678	0.02192	0.04054	0.23534	0.04517	0.02161	0.01029	0.00340	0.00638	0.49214	0.00700	0.00679
22	0.00896	0.00768	0.00768	0.00768	0.01025	0.00640	0.00576	0.01089	0.01729	0.02049	0.07684	0.07300	0.68304	0.01921	0.00896	0.00256	0.00384	0.01601	0.00704	0.00640
23	0.00909	0.00769	0.00786	0.00781	0.01032	0.00646	0.00586	0.01113	0.01758	0.02119	0.11951	0.07185	0.63993	0.01895	0.00896	0.00255	0.00382	0.01585	0.00714	0.00646
24	0.02801	0.02939	0.02174	0.01852	0.02327	0.40677	0.01442	0.27098	0.06251	0.03042	0.01524	0.01620	0.01169	0.00844	0.00717	0.00211	0.01123	0.00583	0.00552	0.01053
25	0.01579	0.01471	0.02235	0.63555	0.04871	0.05182	0.02014	0.02115	0.03698	0.04024	0.01446	0.02032	0.01078	0.00774	0.00755	0.00249	0.01005	0.00673	0.00372	0.00870
26	0.01573	0.01348	0.01573	0.01123	0.01798	0.01011	0.00899	0.01910	0.01573	0.02472	0.01348	0.01573	0.01123	0.00562	0.00562	0.00112	0.00562	0.00449	0.00449	0.77980
27	0.02325	0.06335	0.01914	0.01462	0.01968	0.01751	0.01183	0.12455	0.32561	0.18125	0.05665	0.02586	0.02140	0.00965	0.00743	0.00233	0.00645	0.00783	0.00763	0.05398
28	0.01881	0.02103	0.03123	0.02375	0.02958	0.15638	0.34439	0.02385	0.03861	0.02270	0.01690	0.06603	0.01448	0.01079	0.04847	0.00285	0.01174	0.00834	0.00428	0.10580
29	0.02310	0.01806	0.02030	0.07471	0.02410	0.01918	0.01337	0.36553	0.12624	0.03768	0.01866	0.01935	0.01384	0.00836	0.00716	0.00208	0.00752	0.00655	0.00654	0.18766
30	0.02027	0.01699	0.02284	0.01887	0.06665	0.01661	0.10719	0.23605	0.05867	0.03234	0.01874	0.07840	0.01583	0.00877	0.00735	0.00204	0.00773	0.00775	0.00578	0.25113
31	0.01590	0.01316	0.01665	0.01342	0.01802	0.01201	0.04280	0.10600	0.01806	0.02608	0.02192	0.21425	0.02222	0.01157	0.00818	0.00201	0.04259	0.00989	0.00554	0.37972
32	0.02060	0.06919	0.02015	0.10521	0.02388	0.01660	0.01260	0.18972	0.07885	0.07990	0.01881	0.05756	0.01515	0.00854	0.00689	0.00197	0.00713	0.00689	0.00585	0.25451
33	0.01581	0.01555	0.02610	0.09652	0.05828	0.01631	0.19865	0.02080	0.04996	0.02269	0.03949	0.02389	0.05082	0.01219	0.05685	0.00306	0.13888	0.00789	0.00434	0.14192
34	0.01674	0.01563	0.02033	0.01688	0.02069	0.03604	0.08477	0.02570	0.22903	0.02480	0.02205	0.10768	0.01961	0.01108	0.01117	0.00247	0.15320	0.00887	0.00552	0.16775
35	0.05682	0.01615	0.02185	0.35175	0.12760	0.05617	0.01746	0.07488	0.01755	0.02426	0.01374	0.01820	0.01071	0.00721	0.00700	0.00216	0.00894	0.00608	0.00409	0.15738
36	0.01901	0.01526	0.02195	0.36797	0.09274	0.01671	0.01740	0.13956	0.01969	0.07379	0.01559	0.01941	0.01158	0.00761	0.00727	0.00222	0.00872	0.00647	0.00479	0.13225
37	0.01437	0.01329	0.02180	0.55113	0.10149	0.01560	0.01927	0.01895	0.01533	0.02020	0.01594	0.07967	0.01374	0.00875	0.00762	0.00246	0.00924	0.00785	0.00379	0.05948

[dist]
# distance from previous block
# <min> <max>
4	20

[block]
# block no. 1 follows, 26 sequences, length 22
# corresponding to MSA columns:
# 112-133
name=unknown_B
#
# <colnr> <probs for GDERKNQSTAVLIFYWHMCP>
#	G	D	E	R	K	N	Q	S	T	A	V	L	I	F	Y	W	H	M	C	P
0	0.07139	0.02260	0.12695	0.01754	0.02378	0.05389	0.03792	0.30004	0.02452	0.06669	0.01582	0.01727	0.01170	0.00850	0.00873	0.00226	0.07484	0.00618	0.00572	0.10366
1	0.11138	0.10384	0.13599	0.01739	0.05539	0.07373	0.01539	0.22361	0.04217	0.03201	0.01514	0.01656	0.01153	0.00773	0.00656	0.00209	0.00847	0.00568	0.03190	0.08345
2	0.02183	0.02066	0.14467	0.01948	0.09086	0.01615	0.04254	0.16016	0.05798	0.13369	0.01820	0.01909	0.01322	0.00764	0.00709	0.00205	0.00801	0.00632	0.00575	0.20462
3	0.06658	0.06873	0.28317	0.05220	0.05467	0.10260	0.01858	0.02372	0.01668	0.05660	0.01449	0.03322	0.01143	0.00743	0.00666	0.00206	0.00935	0.00570	0.00407	0.16205
4	0.01912	0.10009	0.04146	0.01478	0.04991	0.01596	0.01186	0.16971	0.02038	0.02904	0.01571	0.05183	0.01339	0.00755	0.00633	0.00164	0.00681	0.00598	0.00513	0.41331
5	0.13942	0.21740	0.06728	0.01383	0.01964	0.08355	0.01246	0.12603	0.01954	0.02794	0.07485	0.01825	0.01598	0.00787	0.00612	0.00192	0.00771	0.00566	0.00490	0.12966
6	0.05514	0.05484	0.04425	0.01925	0.06685	0.04935	0.09592	0.22359	0.05638	0.11024	0.05020	0.02070	0.01594	0.00828	0.00731	0.00217	0.00829	0.00697	0.00613	0.09821
7	0.01737	0.06935	0.52226	0.01950	0.02947	0.01743	0.02376	0.05604	0.01729	0.06682	0.01470	0.01652	0.01051	0.00725	0.00699	0.00223	0.01009	0.00561	0.00393	0.08286
8	0.01248	0.01389	0.11031	0.01361	0.01743	0.01005	0.03902	0.01695	0.05687	0.02272	0.06285	0.35608	0.03468	0.01595	0.00844	0.00256	0.00615	0.04588	0.00600	0.14810
9	0.56428	0.06098	0.07317	0.01205	0.01745	0.01835	0.01088	0.05621	0.07585	0.03266	0.01310	0.01442	0.01005	0.00743	0.00535	0.00233	0.00660	0.00479	0.00490	0.00915
10	0.01077	0.00724	0.00835	0.00860	0.00867	0.00718	0.00495	0.01096	0.01153	0.01538	0.02648	0.14762	0.03084	0.63100	0.03443	0.00674	0.00693	0.01255	0.00495	0.00482
11	0.01938	0.51037	0.16570	0.01666	0.02407	0.05166	0.07603	0.02339	0.01599	0.01966	0.01163	0.01374	0.00988	0.00667	0.00577	0.00187	0.00935	0.00484	0.00332	0.01003
12	0.02619	0.26303	0.02780	0.01621	0.02189	0.18664	0.01379	0.25904	0.02467	0.07123	0.01485	0.01560	0.01147	0.00794	0.00651	0.00199	0.00942	0.00549	0.00538	0.01087
13	0.01318	0.00659	0.00988	0.00988	0.00988	0.00659	0.00659	0.00988	0.00988	0.01318	0.01318	0.02306	0.01318	0.02635	0.02964	0.77931	0.00659	0.00659	0.00329	0.00329
14	0.01389	0.00837	0.01107	0.01020	0.01244	0.00763	0.00771	0.01717	0.02084	0.12302	0.52879	0.11620	0.06205	0.01543	0.00883	0.00245	0.00406	0.01360	0.00837	0.00788
15	0.01955	0.58895	0.09571	0.01609	0.02313	0.02761	0.09519	0.02302	0.01578	0.01918	0.01141	0.01353	0.00995	0.00654	0.00558	0.00181	0.00896	0.00480	0.00332	0.00992
16	0.01840	0.02131	0.08875	0.18650	0.20276	0.11818	0.10381	0.02483	0.07836	0.02304	0.01664	0.02256	0.01358	0.00814	0.00776	0.00242	0.01027	0.03835	0.00418	0.01016
17	0.01877	0.01802	0.03079	0.04656	0.68612	0.01802	0.02328	0.02328	0.01727	0.02478	0.01427	0.01877	0.01201	0.00676	0.00751	0.00225	0.00901	0.00676	0.00375	0.01201
18	0.00924	0.00660	0.00880	0.01056	0.01100	0.00616	0.00704	0.01056	0.01452	0.01936	0.04181	0.72848	0.05017	0.02376	0.00968	0.00308	0.00440	0.02156	0.00704	0.00616
19	0.02472	0.01896	0.04667	0.01579	0.02095	0.07504	0.01302	0.20969	0.23432	0.16851	0.02648	0.05454	0.03606	0.01025	0.00769	0.00241	0.00749	0.00821	0.00747	0.01174
20	0.09873	0.05023	0.05290	0.01615	0.04743	0.01814	0.01298	0.30314	0.06534	0.03493	0.02213	0.14677	0.02023	0.01147	0.00752	0.00240	0.00723	0.02782	0.00646	0.04801
21	0.05627	0.12186	0.33926	0.02308	0.13689	0.04481	0.02150	0.05707	0.05042	0.05837	0.01501	0.01692	0.01126	0.00741	0.00688	0.00226	0.00963	0.00581	0.00415	0.01113

[dist]
# distance from previous block
# <min> <max>
0	31

[block]
# block no. 2 follows, 26 sequences, length 24
# corresponding to MSA columns:
# 165-188
name=unknown_C
#
# <colnr> <probs for GDERKNQSTAVLIFYWHMCP>
#	G	D	E	R	K	N	Q	S	T	A	V	L	I	F	Y	W	H	M	C	P
0	0.07992	0.05775	0.35115	0.02221	0.12826	0.01632	0.04233	0.02205	0.01678	0.02570	0.11274	0.02214	0.01922	0.00823	0.00719	0.00228	0.00895	0.00686	0.00426	0.04566
1	0.01208	0.00863	0.01205	0.01380	0.01548	0.00860	0.01197	0.01546	0.01732	0.02254	0.04024	0.11725	0.04397	0.02109	0.01044	0.00347	0.00686	0.60482	0.00699	0.00694
2	0.01995	0.65895	0.06831	0.01354	0.02010	0.02872	0.01361	0.02392	0.05820	0.01903	0.01201	0.01339	0.01060	0.00677	0.00516	0.00172	0.00812	0.00442	0.00353	0.00995
3	0.01877	0.01802	0.03079	0.04656	0.68612	0.01802	0.02328	0.02328	0.01727	0.02478	0.01427	0.01877	0.01201	0.00676	0.00751	0.00225	0.00901	0.00676	0.00375	0.01201
4	0.17354	0.01796	0.04267	0.01492	0.02077	0.01824	0.01265	0.30366	0.05883	0.23089	0.02064	0.01974	0.01412	0.00879	0.00704	0.00233	0.00731	0.00659	0.00741	0.01191
5	0.01737	0.01633	0.02803	0.06892	0.49939	0.01640	0.06115	0.02184	0.01725	0.02415	0.01888	0.03075	0.01750	0.00928	0.00813	0.00250	0.00894	0.11802	0.00431	0.01086
6	0.01432	0.01348	0.02275	0.71520	0.05224	0.01685	0.02107	0.01938	0.01517	0.01938	0.01348	0.02022	0.01011	0.00758	0.00758	0.00253	0.01011	0.00674	0.00337	0.00843
7	0.01877	0.01802	0.03079	0.04656	0.68612	0.01802	0.02328	0.02328	0.01727	0.02478	0.01427	0.01877	0.01201	0.00676	0.00751	0.00225	0.00901	0.00676	0.00375	0.01201
8	0.01084	0.00813	0.01219	0.01219	0.01354	0.00948	0.00948	0.01354	0.01219	0.01761	0.02032	0.02980	0.01896	0.05689	0.70337	0.01219	0.02032	0.00813	0.00406	0.00677
9	0.01084	0.00813	0.01219	0.01219	0.01354	0.00948	0.00948	0.01354	0.01219	0.01761	0.02032	0.02980	0.01896	0.05689	0.70337	0.01219	0.02032	0.00813	0.00406	0.00677
10	0.02768	0.02987	0.02228	0.04405	0.04758	0.43382	0.01510	0.23509	0.02574	0.02834	0.01399	0.01556	0.01088	0.00819	0.00713	0.00209	0.01165	0.00565	0.00508	0.01023
11	0.01877	0.01802	0.03079	0.04656	0.68612	0.01802	0.02328	0.02328	0.01727	0.02478	0.01427	0.01877	0.01201	0.00676	0.00751	0.00225	0.00901	0.00676	0.00375	0.01201
12	0.01456	0.01373	0.02318	0.67919	0.08638	0.01692	0.02118	0.01959	0.01528	0.01967	0.01352	0.02014	0.01021	0.00754	0.00758	0.00251	0.01005	0.00674	0.00339	0.00862
13	0.01449	0.01354	0.02302	0.59653	0.08075	0.01629	0.04277	0.01943	0.01557	0.02011	0.01590	0.02582	0.01317	0.00866	0.00788	0.00260	0.00988	0.06132	0.00372	0.00855
14	0.01872	0.01818	0.03170	0.04561	0.64404	0.01810	0.06463	0.02334	0.01731	0.02475	0.01434	0.01888	0.01198	0.00673	0.00760	0.00227	0.00926	0.00690	0.00376	0.01190
15	0.01432	0.01348	0.02275	0.71520	0.05224	0.01685	0.02107	0.01938	0.01517	0.01938	0.01348	0.02022	0.01011	0.00758	0.00758	0.00253	0.01011	0.00674	0.00337	0.00843
16	0.01162	0.00830	0.01153	0.01328	0.01476	0.00821	0.01117	0.01467	0.01687	0.02202	0.04049	0.21589	0.04497	0.02152	0.01032	0.00341	0.00646	0.51070	0.00700	0.00682
17	0.01087	0.00798	0.01145	0.01145	0.01254	0.00908	0.00855	0.01307	0.01197	0.01706	0.02100	0.03357	0.02060	0.18555	0.57695	0.01127	0.01785	0.00868	0.00416	0.00636
18	0.78701	0.01467	0.01115	0.00997	0.01467	0.01702	0.00821	0.02230	0.01291	0.03403	0.01056	0.01232	0.00821	0.00704	0.00469	0.00235	0.00587	0.00411	0.00469	0.00821
19	0.24442	0.02002	0.06108	0.01538	0.02120	0.02084	0.01326	0.37823	0.08895	0.04082	0.01694	0.01735	0.01233	0.00851	0.00675	0.00233	0.00759	0.00614	0.00650	0.01136
20	0.02241	0.52011	0.03433	0.01424	0.02052	0.02782	0.01330	0.18742	0.05139	0.02619	0.01347	0.01448	0.01118	0.00734	0.00570	0.00183	0.00807	0.00498	0.00457	0.01065
21	0.02592	0.19500	0.06904	0.01664	0.02313	0.02471	0.01493	0.46713	0.02955	0.03909	0.01608	0.01662	0.01193	0.00836	0.00691	0.00213	0.00847	0.00608	0.00627	0.01203
22	0.02031	0.16586	0.36655	0.01872	0.02748	0.02175	0.02105	0.21715	0.02187	0.03008	0.01443	0.01595	0.01063	0.00765	0.00688	0.00222	0.00975	0.00568	0.00454	0.01144
23	0.01864	0.51127	0.25207	0.01578	0.02380	0.02599	0.01786	0.02314	0.01561	0.01985	0.01154	0.01342	0.00969	0.00672	0.00563	0.00188	0.00912	0.00456	0.00323	0.01021

[dist]
# distance from previous block
# <min> <max>
2	6

[block]
# block no. 3 follows, 26 sequences, length 75
# corresponding to MSA columns:
# 195-269
name=unknown_D
#
# <colnr> <probs for GDERKNQSTAVLIFYWHMCP>
#	G	D	E	R	K	N	Q	S	T	A	V	L	I	F	Y	W	H	M	C	P
0	0.23827	0.01439	0.01914	0.39193	0.05984	0.01707	0.01641	0.07422	0.01644	0.02637	0.01448	0.02119	0.01165	0.00823	0.00690	0.00250	0.00853	0.03932	0.00431	0.00879
1	0.07050	0.08804	0.08266	0.17235	0.30330	0.01867	0.04501	0.02395	0.05349	0.04965	0.01502	0.01864	0.01182	0.00724	0.00713	0.00230	0.00900	0.00644	0.00409	0.01070
2	0.02349	0.05242	0.08942	0.02592	0.18703	0.15711	0.05418	0.15548	0.02163	0.08167	0.01535	0.01761	0.01179	0.00818	0.00870	0.00229	0.06536	0.00637	0.00492	0.01106
3	0.04852	0.41401	0.25350	0.01822	0.05982	0.02437	0.04318	0.02322	0.01571	0.02113	0.01194	0.01411	0.00982	0.00676	0.00593	0.00198	0.00927	0.00490	0.00334	0.01030
4	0.09015	0.16314	0.30884	0.01815	0.02590	0.16206	0.01940	0.08562	0.01863	0.02493	0.01282	0.01470	0.00985	0.00737	0.00651	0.00215	0.01039	0.00515	0.00391	0.01033
5	0.40774	0.10149	0.14534	0.04564	0.07540	0.01900	0.03559	0.04795	0.01528	0.02922	0.01201	0.01434	0.00932	0.00707	0.00578	0.00228	0.00787	0.00497	0.00421	0.00951
6	0.01068	0.00730	0.00878	0.00906	0.00934	0.00730	0.00556	0.01132	0.01230	0.01660	0.06171	0.16902	0.03323	0.51476	0.08544	0.00672	0.00767	0.01281	0.00519	0.00519
7	0.01059	0.00775	0.00993	0.00939	0.01124	0.00709	0.00704	0.01402	0.02112	0.02958	0.63112	0.05804	0.12309	0.01582	0.00895	0.00240	0.00360	0.01391	0.00824	0.00709
8	0.01521	0.03923	0.69413	0.02162	0.03283	0.01762	0.02802	0.02402	0.01601	0.02402	0.01361	0.01601	0.00961	0.00721	0.00721	0.00240	0.01121	0.00560	0.00320	0.01121
9	0.00924	0.00660	0.00880	0.01056	0.01100	0.00616	0.00704	0.01056	0.01452	0.01936	0.04181	0.72848	0.05017	0.02376	0.00968	0.00308	0.00440	0.02156	0.00704	0.00616
10	0.01849	0.01807	0.02889	0.07218	0.59715	0.04615	0.02194	0.02278	0.01736	0.02407	0.01727	0.02134	0.04552	0.00746	0.00756	0.00227	0.00899	0.00714	0.00391	0.01144
11	0.01635	0.01549	0.02407	0.01720	0.02421	0.01272	0.19575	0.02059	0.01635	0.02460	0.01402	0.01709	0.01131	0.00584	0.00658	0.00154	0.00768	0.00578	0.00430	0.55853
12	0.01575	0.03574	0.57812	0.02448	0.07958	0.01781	0.09496	0.02400	0.01630	0.02410	0.01384	0.01668	0.00998	0.00709	0.00741	0.00241	0.01122	0.00604	0.00331	0.01116
13	0.01074	0.00775	0.01014	0.00954	0.01133	0.00716	0.00716	0.01431	0.02147	0.03042	0.68211	0.05666	0.07157	0.01551	0.00895	0.00239	0.00358	0.01372	0.00835	0.00716
14	0.01074	0.00775	0.01014	0.00954	0.01133	0.00716	0.00716	0.01431	0.02147	0.03042	0.68211	0.05666	0.07157	0.01551	0.00895	0.00239	0.00358	0.01372	0.00835	0.00716
15	0.01591	0.09370	0.58097	0.02249	0.05953	0.01871	0.05826	0.02390	0.01611	0.02357	0.01348	0.01604	0.00981	0.00709	0.00712	0.00234	0.01095	0.00570	0.00326	0.01108
16	0.01055	0.00719	0.00860	0.00920	0.00940	0.00706	0.00565	0.01109	0.01234	0.01643	0.02993	0.25366	0.03499	0.49162	0.02879	0.00592	0.00646	0.04055	0.00543	0.00516
17	0.01994	0.18683	0.02555	0.24271	0.03087	0.17130	0.01580	0.02317	0.01666	0.04706	0.01280	0.01640	0.01040	0.00773	0.00802	0.00211	0.06813	0.00551	0.00382	0.08519
18	0.01756	0.01542	0.01966	0.29397	0.03285	0.01830	0.01573	0.06312	0.37894	0.02762	0.02332	0.02458	0.01745	0.00915	0.00766	0.00254	0.00776	0.00776	0.00598	0.01063
19	0.00931	0.00663	0.00878	0.01048	0.01090	0.00620	0.00695	0.01058	0.01439	0.01919	0.04115	0.70356	0.04934	0.04981	0.01074	0.00324	0.00451	0.02118	0.00695	0.00610
20	0.01659	0.01659	0.02323	0.01991	0.01991	0.02323	0.01659	0.01825	0.01162	0.01825	0.00996	0.01659	0.00996	0.01328	0.02489	0.00332	0.71955	0.00664	0.00332	0.00830
21	0.01818	0.02088	0.10479	0.04033	0.45811	0.01826	0.17955	0.02361	0.01729	0.02458	0.01446	0.01889	0.01163	0.00672	0.00783	0.00234	0.01017	0.00717	0.00372	0.01149
22	0.01542	0.01460	0.02472	0.55103	0.20788	0.01714	0.02161	0.02034	0.01568	0.02071	0.01367	0.01987	0.01058	0.00738	0.00757	0.00246	0.00984	0.00675	0.00346	0.00931
23	0.01521	0.03923	0.69413	0.02162	0.03283	0.01762	0.02802	0.02402	0.01601	0.02402	0.01361	0.01601	0.00961	0.00721	0.00721	0.00240	0.01121	0.00560	0.00320	0.01121
24	0.01521	0.03923	0.69413	0.02162	0.03283	0.01762	0.02802	0.02402	0.01601	0.02402	0.01361	0.01601	0.00961	0.00721	0.00721	0.00240	0.01121	0.00560	0.00320	0.01121
25	0.01521	0.03923	0.69413	0.02162	0.03283	0.01762	0.02802	0.02402	0.01601	0.02402	0.01361	0.01601	0.00961	0.00721	0.00721	0.00240	0.01121	0.00560	0.00320	0.01121
26	0.00924	0.00660	0.00880	0.01056	0.01100	0.00616	0.00704	0.01056	0.01452	0.01936	0.04181	0.72848	0.05017	0.02376	0.00968	0.00308	0.00440	0.02156	0.00704	0.00616
27	0.01085	0.00808	0.01197	0.01197	0.01325	0.00936	0.00921	0.01340	0.01212	0.01744	0.02052	0.03092	0.01945	0.09513	0.66580	0.01192	0.01958	0.00829	0.00409	0.00665
28	0.01103	0.00735	0.00827	0.00827	0.00827	0.00735	0.00460	0.01103	0.01103	0.01471	0.02390	0.04964	0.02758	0.73343	0.03861	0.00735	0.00735	0.01103	0.00460	0.00460
29	0.01117	0.00858	0.01269	0.01250	0.01373	0.01019	0.00972	0.01373	0.01212	0.01755	0.01985	0.02970	0.01874	0.07662	0.64321	0.01153	0.05942	0.00814	0.00404	0.00679
30	0.02028	0.73799	0.03975	0.01298	0.01947	0.03001	0.01298	0.02271	0.01541	0.01785	0.01055	0.01217	0.00973	0.00649	0.00487	0.00162	0.00811	0.00406	0.00324	0.00973
31	0.02565	0.01840	0.01802	0.01544	0.02021	0.12888	0.01215	0.03751	0.34122	0.25662	0.02739	0.02504	0.01944	0.00957	0.00754	0.00239	0.00742	0.00764	0.00767	0.01179
32	0.01103	0.00735	0.00827	0.00827	0.00827	0.00735	0.00460	0.01103	0.01103	0.01471	0.02390	0.04964	0.02758	0.73343	0.03861	0.00735	0.00735	0.01103	0.00460	0.00460
33	0.03343	0.01304	0.01758	0.01357	0.01938	0.01145	0.01118	0.03710	0.04745	0.66527	0.02996	0.02592	0.01895	0.00942	0.00763	0.00236	0.00644	0.00767	0.00932	0.01287
34	0.01090	0.00811	0.01198	0.01206	0.01335	0.00934	0.00934	0.01350	0.01235	0.01766	0.02133	0.03316	0.02044	0.09129	0.63947	0.01157	0.01908	0.03420	0.00421	0.00667
35	0.01573	0.01348	0.01573	0.01123	0.01798	0.01011	0.00899	0.01910	0.01573	0.02472	0.01348	0.01573	0.01123	0.00562	0.00562	0.00112	0.00562	0.00449	0.00449	0.77980
36	0.01318	0.00659	0.00988	0.00988	0.00988	0.00659	0.00659	0.00988	0.00988	0.01318	0.01318	0.02306	0.01318	0.02635	0.02964	0.77931	0.00659	0.00659	0.00329	0.00329
37	0.01521	0.03923	0.69413	0.02162	0.03283	0.01762	0.02802	0.02402	0.01601	0.02402	0.01361	0.01601	0.00961	0.00721	0.00721	0.00240	0.01121	0.00560	0.00320	0.01121
38	0.01914	0.01873	0.03043	0.04551	0.66036	0.04464	0.02294	0.02355	0.01744	0.02454	0.01417	0.01857	0.01193	0.00680	0.00748	0.00224	0.00919	0.00669	0.00376	0.01189
39	0.01943	0.62145	0.14889	0.01442	0.02170	0.02795	0.01549	0.02293	0.01551	0.01888	0.01106	0.01281	0.00971	0.00661	0.00526	0.00175	0.00863	0.00431	0.00324	0.00998
40	0.01877	0.01802	0.03079	0.04656	0.68612	0.01802	0.02328	0.02328	0.01727	0.02478	0.01427	0.01877	0.01201	0.00676	0.00751	0.00225	0.00901	0.00676	0.00375	0.01201
41	0.01659	0.01659	0.02323	0.01991	0.01991	0.02323	0.01659	0.01825	0.01162	0.01825	0.00996	0.01659	0.00996	0.01328	0.02489	0.00332	0.71955	0.00664	0.00332	0.00830
42	0.01084	0.00813	0.01219	0.01219	0.01354	0.00948	0.00948	0.01354	0.01219	0.01761	0.02032	0.02980	0.01896	0.05689	0.70337	0.01219	0.02032	0.00813	0.00406	0.00677
43	0.01877	0.01802	0.03079	0.04656	0.68612	0.01802	0.02328	0.02328	0.01727	0.02478	0.01427	0.01877	0.01201	0.00676	0.00751	0.00225	0.00901	0.00676	0.00375	0.01201
44	0.01222	0.00873	0.01222	0.01397	0.01572	0.00873	0.01222	0.01572	0.01746	0.02270	0.04016	0.08556	0.04365	0.02095	0.01048	0.00349	0.00698	0.63506	0.00698	0.00698
45	0.01065	0.00769	0.01006	0.00960	0.01131	0.00710	0.00715	0.01410	0.02108	0.02979	0.64592	0.09464	0.07036	0.01597	0.00899	0.00242	0.00362	0.01416	0.00828	0.00710
46	0.01084	0.00813	0.01219	0.01219	0.01354	0.00948	0.00948	0.01354	0.01219	0.01761	0.02032	0.02980	0.01896	0.05689	0.70337	0.01219	0.02032	0.00813	0.00406	0.00677
47	0.01775	0.02017	0.04385	0.06026	0.04016	0.01909	0.63217	0.02409	0.01779	0.02409	0.01527	0.02045	0.01145	0.00644	0.00889	0.00256	0.01268	0.00886	0.00382	0.01016
48	0.00924	0.00660	0.00880	0.01056	0.01100	0.00616	0.00704	0.01056	0.01452	0.01936	0.04181	0.72848	0.05017	0.02376	0.00968	0.00308	0.00440	0.02156	0.00704	0.00616
49	0.01521	0.03923	0.69413	0.02162	0.03283	0.01762	0.02802	0.02402	0.01601	0.02402	0.01361	0.01601	0.00961	0.00721	0.00721	0.00240	0.01121	0.00560	0.00320	0.01121
50	0.01877	0.01802	0.03079	0.04656	0.68612	0.01802	0.02328	0.02328	0.01727	0.02478	0.01427	0.01877	0.01201	0.00676	0.00751	0.00225	0.00901	0.00676	0.00375	0.01201
51	0.01877	0.01802	0.03079	0.04656	0.68612	0.01802	0.02328	0.02328	0.01727	0.02478	0.01427	0.01877	0.01201	0.00676	0.00751	0.00225	0.00901	0.00676	0.00375	0.01201
52	0.01086	0.00802	0.01164	0.01164	0.01280	0.00918	0.00879	0.01319	0.01203	0.01720	0.02082	0.03259	0.02018	0.15213	0.60979	0.01151	0.01849	0.00854	0.00414	0.00647
53	0.01101	0.00743	0.00869	0.00869	0.00883	0.00758	0.00511	0.01130	0.01115	0.01501	0.02352	0.04755	0.02667	0.66222	0.10858	0.00786	0.00872	0.01072	0.00454	0.00483
54	0.01573	0.01348	0.01573	0.01123	0.01798	0.01011	0.00899	0.01910	0.01573	0.02472	0.01348	0.01573	0.01123	0.00562	0.00562	0.00112	0.00562	0.00449	0.00449	0.77980
55	0.01990	0.68503	0.08935	0.01363	0.02048	0.02907	0.01412	0.02281	0.01546	0.01831	0.01078	0.01246	0.00972	0.00654	0.00504	0.00168	0.00835	0.00417	0.00324	0.00985
56	0.01783	0.06041	0.04106	0.02898	0.03537	0.02044	0.52014	0.02325	0.01676	0.02297	0.01422	0.01938	0.01116	0.00749	0.01125	0.00263	0.12474	0.00831	0.00372	0.00990
57	0.13381	0.00825	0.00770	0.00752	0.00974	0.00861	0.00575	0.01839	0.01544	0.02917	0.02255	0.02581	0.01770	0.00856	0.00521	0.00186	0.00390	0.00661	0.65618	0.00725
58	0.00997	0.00691	0.00859	0.00963	0.00989	0.00665	0.00604	0.01075	0.01309	0.01746	0.03449	0.45096	0.04093	0.31389	0.02151	0.00483	0.00561	0.01726	0.00604	0.00552
59	0.02028	0.73799	0.03975	0.01298	0.01947	0.03001	0.01298	0.02271	0.01541	0.01785	0.01055	0.01217	0.00973	0.00649	0.00487	0.00162	0.00811	0.00406	0.00324	0.00973
60	0.01873	0.01815	0.03153	0.04578	0.65182	0.01808	0.05698	0.02333	0.01730	0.02475	0.01432	0.01886	0.01199	0.00674	0.00759	0.00227	0.00921	0.00687	0.00376	0.01192
61	0.03403	0.01291	0.01760	0.01350	0.01936	0.01115	0.01115	0.03697	0.02171	0.69137	0.02992	0.02582	0.01878	0.00939	0.00763	0.00235	0.00645	0.00763	0.00939	0.01291
62	0.01103	0.00735	0.00827	0.00827	0.00827	0.00735	0.00460	0.01103	0.01103	0.01471	0.02390	0.04964	0.02758	0.73343	0.03861	0.00735	0.00735	0.01103	0.00460	0.00460
63	0.00923	0.00666	0.00875	0.01042	0.01096	0.00617	0.00698	0.01058	0.01466	0.01942	0.04356	0.69558	0.08193	0.02353	0.00965	0.00305	0.00437	0.02128	0.00704	0.00617
64	0.06065	0.17459	0.33505	0.02219	0.03105	0.02056	0.20575	0.02374	0.01626	0.02341	0.01332	0.01631	0.01010	0.00682	0.00709	0.00229	0.01073	0.00617	0.00348	0.01046
65	0.01566	0.01348	0.01606	0.04486	0.01961	0.01043	0.00956	0.01911	0.01570	0.02446	0.01348	0.01594	0.01118	0.00571	0.00571	0.00119	0.00583	0.00460	0.00444	0.74296
66	0.71224	0.01515	0.01269	0.01217	0.04879	0.01738	0.00927	0.05284	0.01421	0.03423	0.01111	0.01293	0.00863	0.00713	0.00497	0.00234	0.00614	0.00437	0.00479	0.00863
67	0.01785	0.12212	0.33156	0.02506	0.08073	0.01943	0.21493	0.02450	0.01687	0.05523	0.01456	0.01752	0.01081	0.00694	0.00747	0.00233	0.01089	0.00659	0.00374	0.01086
68	0.02487	0.05344	0.02200	0.01739	0.04920	0.02132	0.01368	0.44652	0.12354	0.04103	0.06169	0.02174	0.01786	0.00931	0.00748	0.00224	0.00761	0.00729	0.00716	0.04463
69	0.05849	0.02907	0.02141	0.01859	0.02278	0.45331	0.04449	0.12010	0.02209	0.02403	0.01472	0.06040	0.01288	0.00902	0.00766	0.00213	0.03375	0.00644	0.00468	0.03397
70	0.05127	0.02418	0.23242	0.02145	0.13052	0.07535	0.01813	0.07134	0.05355	0.05082	0.08776	0.05103	0.01967	0.00901	0.00735	0.00226	0.00863	0.00742	0.00502	0.07282
71	0.04716	0.04676	0.08906	0.02344	0.16150	0.22169	0.01674	0.10920	0.04882	0.04819	0.04667	0.01875	0.01447	0.00827	0.00776	0.00218	0.03587	0.00627	0.00485	0.04235
72	0.04581	0.06588	0.05745	0.02061	0.13450	0.11333	0.04143	0.12176	0.02169	0.08042	0.16557	0.02829	0.05120	0.00990	0.00759	0.00225	0.00808	0.00824	0.00593	0.01008
73	0.11153	0.11463	0.02522	0.02659	0.26794	0.19121	0.01618	0.02478	0.01783	0.04758	0.03943	0.01745	0.01325	0.00740	0.00663	0.00206	0.00922	0.00581	0.00426	0.05103
74	0.04983	0.11236	0.09656	0.15504	0.18013	0.07444	0.01817	0.08493	0.01866	0.05218	0.01792	0.02277	0.03873	0.00852	0.00720	0.00230	0.00913	0.03644	0.00450	0.01021

[dist]
# distance from previous block
# <min> <max>
3	32

[block]
# block no. 4 follows, 26 sequences, length 17
# corresponding to MSA columns:
# 305-321
name=unknown_E
#
# <colnr> <probs for GDERKNQSTAVLIFYWHMCP>
#	G	D	E	R	K	N	Q	S	T	A	V	L	I	F	Y	W	H	M	C	P
0	0.20163	0.10604	0.15697	0.01667	0.04450	0.05329	0.04693	0.04959	0.01707	0.02690	0.09849	0.02587	0.02023	0.00962	0.00778	0.00240	0.04323	0.05872	0.00481	0.00924
1	0.08043	0.39983	0.13160	0.01564	0.05349	0.05857	0.01475	0.02315	0.01635	0.04809	0.05374	0.01707	0.01424	0.00748	0.00582	0.00193	0.00822	0.00532	0.03451	0.00976
2	0.12843	0.53624	0.09319	0.01356	0.02019	0.02674	0.01372	0.05607	0.01617	0.02224	0.01122	0.01285	0.00967	0.00677	0.00519	0.00183	0.00808	0.00435	0.00367	0.00982
3	0.05672	0.07868	0.10960	0.03904	0.52084	0.01889	0.02226	0.02327	0.01675	0.02459	0.01370	0.01759	0.01135	0.00680	0.00712	0.00222	0.00904	0.00627	0.00369	0.01154
4	0.36809	0.01818	0.01963	0.08899	0.20955	0.08991	0.01477	0.06379	0.01671	0.02927	0.01250	0.01542	0.00993	0.00723	0.00618	0.00229	0.00814	0.00536	0.00440	0.00967
5	0.00952	0.00680	0.00912	0.01088	0.01144	0.00640	0.00752	0.01104	0.01479	0.01967	0.04165	0.66911	0.04957	0.02350	0.00975	0.00312	0.00464	0.07822	0.00704	0.00624
6	0.01036	0.00768	0.00966	0.00928	0.01113	0.00698	0.00692	0.01355	0.02042	0.02820	0.54833	0.09251	0.17381	0.01654	0.00899	0.00245	0.00366	0.01449	0.00806	0.00698
7	0.01094	0.00732	0.00830	0.00839	0.00841	0.00729	0.00472	0.01101	0.01121	0.01494	0.02480	0.08377	0.02871	0.69775	0.03715	0.00714	0.00721	0.01156	0.00472	0.00467
8	0.01103	0.00735	0.00827	0.00827	0.00827	0.00735	0.00460	0.01103	0.01103	0.01471	0.02390	0.04964	0.02758	0.73343	0.03861	0.00735	0.00735	0.01103	0.00460	0.00460
9	0.01786	0.40414	0.35240	0.01711	0.02585	0.02409	0.02017	0.02334	0.01570	0.02080	0.01201	0.01401	0.00967	0.00683	0.00598	0.00199	0.00959	0.00480	0.00322	0.01044
10	0.03974	0.06833	0.57958	0.02245	0.05832	0.01827	0.06233	0.02389	0.01605	0.02410	0.01350	0.01609	0.00978	0.00710	0.00713	0.00237	0.01090	0.00572	0.00331	0.01103
11	0.13290	0.06487	0.31973	0.01918	0.05833	0.07834	0.04827	0.02416	0.01710	0.07172	0.08098	0.02014	0.01647	0.00812	0.00697	0.00231	0.00934	0.00640	0.00449	0.01018
12	0.09630	0.02570	0.28181	0.06978	0.29847	0.01797	0.02299	0.05488	0.01714	0.02627	0.01379	0.01711	0.01064	0.00712	0.00711	0.00234	0.00956	0.00605	0.00381	0.01116
13	0.01885	0.15715	0.16546	0.02668	0.25165	0.05707	0.01917	0.07396	0.01866	0.02531	0.06999	0.01971	0.01604	0.00774	0.00696	0.00211	0.00889	0.00641	0.00428	0.04391
14	0.09685	0.05498	0.16251	0.13592	0.19853	0.07691	0.04137	0.09900	0.01872	0.02659	0.01376	0.01705	0.01063	0.00735	0.00706	0.00230	0.00972	0.00606	0.00412	0.01057
15	0.06035	0.05114	0.18683	0.04637	0.20355	0.05838	0.04387	0.05159	0.01822	0.05496	0.09171	0.06215	0.02016	0.00913	0.00749	0.00234	0.00879	0.00786	0.00478	0.01034
16	0.07443	0.04814	0.24979	0.02030	0.11834	0.01595	0.01798	0.09092	0.01942	0.06636	0.14333	0.02460	0.02273	0.00895	0.00730	0.00227	0.00807	0.00736	0.00527	0.04849

[dist]
# distance from previous block
# <min> <max>
0	35

[block]
# block no. 5 follows, 26 sequences, length 19
# corresponding to MSA columns:
# 358-376
name=unknown_F
#
# <colnr> <probs for GDERKNQSTAVLIFYWHMCP>
#	G	D	E	R	K	N	Q	S	T	A	V	L	I	F	Y	W	H	M	C	P
0	0.13957	0.07045	0.04573	0.03671	0.08417	0.01427	0.01173	0.04271	0.05575	0.11419	0.15430	0.02684	0.02535	0.00929	0.00683	0.00215	0.00620	0.00754	0.06546	0.08076
1	0.04621	0.05564	0.16702	0.02875	0.28610	0.09782	0.01975	0.06491	0.01901	0.05013	0.07777	0.02089	0.01697	0.00805	0.00730	0.00224	0.00922	0.00678	0.00455	0.01086
2	0.04017	0.02032	0.20112	0.02544	0.23960	0.01456	0.01853	0.02162	0.05456	0.02678	0.20371	0.03123	0.02968	0.01002	0.00785	0.00239	0.00774	0.02928	0.00526	0.01014
3	0.01807	0.47752	0.09585	0.01441	0.03972	0.02362	0.01364	0.04505	0.01695	0.02141	0.09424	0.07358	0.02045	0.00908	0.00614	0.00195	0.00762	0.00690	0.00433	0.00948
4	0.01181	0.00989	0.01065	0.01012	0.01212	0.06071	0.00756	0.01497	0.02067	0.02782	0.52905	0.08216	0.14255	0.01571	0.00882	0.00240	0.00442	0.01364	0.00779	0.00715
5	0.02118	0.01668	0.01829	0.01634	0.04404	0.01850	0.01253	0.21894	0.35947	0.05656	0.03103	0.03075	0.08114	0.01093	0.00787	0.00249	0.00665	0.02748	0.00751	0.01163
6	0.01480	0.03633	0.63097	0.02050	0.03084	0.01665	0.02610	0.02312	0.01652	0.02461	0.07534	0.01977	0.01533	0.00797	0.00737	0.00240	0.01051	0.00635	0.00368	0.01084
7	0.01852	0.01776	0.03033	0.08501	0.64967	0.01795	0.02315	0.02305	0.01715	0.02447	0.01422	0.01886	0.01191	0.00681	0.00751	0.00227	0.00907	0.00676	0.00373	0.01181
8	0.01877	0.01802	0.03079	0.04656	0.68612	0.01802	0.02328	0.02328	0.01727	0.02478	0.01427	0.01877	0.01201	0.00676	0.00751	0.00225	0.00901	0.00676	0.00375	0.01201
9	0.01074	0.00775	0.01014	0.00954	0.01133	0.00716	0.00716	0.01431	0.02147	0.03042	0.68211	0.05666	0.07157	0.01551	0.00895	0.00239	0.00358	0.01372	0.00835	0.00716
10	0.07476	0.03734	0.64143	0.02072	0.03143	0.01757	0.02650	0.02389	0.01577	0.02479	0.01338	0.01573	0.00950	0.00719	0.00701	0.00240	0.01080	0.00549	0.00332	0.01098
11	0.01691	0.17583	0.39936	0.02246	0.03183	0.02051	0.18272	0.02383	0.01636	0.02284	0.01343	0.01635	0.01011	0.00686	0.00717	0.00228	0.01098	0.00613	0.00337	0.01067
12	0.01103	0.00735	0.00827	0.00827	0.00827	0.00735	0.00460	0.01103	0.01103	0.01471	0.02390	0.04964	0.02758	0.73343	0.03861	0.00735	0.00735	0.01103	0.00460	0.00460
13	0.01103	0.00735	0.00827	0.00827	0.00827	0.00735	0.00460	0.01103	0.01103	0.01471	0.02390	0.04964	0.02758	0.73343	0.03861	0.00735	0.00735	0.01103	0.00460	0.00460
14	0.01934	0.01911	0.03023	0.04494	0.64652	0.05895	0.02276	0.02370	0.01752	0.02441	0.01412	0.01847	0.01188	0.00682	0.00747	0.00223	0.00929	0.00665	0.00376	0.01182
15	0.20135	0.04265	0.01099	0.00919	0.01218	0.01199	0.00731	0.04712	0.05506	0.02976	0.02060	0.02336	0.01623	0.01048	0.03557	0.00242	0.00538	0.00635	0.44403	0.00799
16	0.00938	0.00671	0.00892	0.01047	0.01103	0.00625	0.00705	0.01091	0.01516	0.02038	0.10093	0.66644	0.05214	0.02300	0.00961	0.00302	0.00432	0.02084	0.00716	0.00625
17	0.01896	0.01807	0.02668	0.06668	0.46724	0.04377	0.02004	0.02763	0.18123	0.02605	0.01829	0.02103	0.01464	0.00772	0.00754	0.00233	0.00848	0.00714	0.00474	0.01174
18	0.01877	0.01802	0.03079	0.04656	0.68612	0.01802	0.02328	0.02328	0.01727	0.02478	0.01427	0.01877	0.01201	0.00676	0.00751	0.00225	0.00901	0.00676	0.00375	0.01201

[dist]
# distance from previous block
# <min> <max>
3	12

[block]
# block no. 6 follows, 26 sequences, length 31
# corresponding to MSA columns:
# 389-419
name=unknown_G
#
# <colnr> <probs for GDERKNQSTAVLIFYWHMCP>
#	G	D	E	R	K	N	Q	S	T	A	V	L	I	F	Y	W	H	M	C	P
0	0.02230	0.15208	0.07286	0.04417	0.02324	0.12059	0.05193	0.16850	0.05534	0.08338	0.08171	0.02380	0.04932	0.00924	0.00724	0.00219	0.00870	0.00730	0.00575	0.01037
1	0.33648	0.01383	0.01416	0.07674	0.01918	0.03914	0.01032	0.02513	0.06576	0.16328	0.13996	0.02517	0.02335	0.00939	0.00664	0.00237	0.00625	0.00719	0.00638	0.00928
2	0.05034	0.03568	0.61175	0.02026	0.03037	0.01674	0.02555	0.02294	0.01576	0.02414	0.01557	0.06876	0.01256	0.00843	0.00727	0.00245	0.01046	0.00672	0.00356	0.01070
3	0.01573	0.01348	0.01573	0.01123	0.01798	0.01011	0.00899	0.01910	0.01573	0.02472	0.01348	0.01573	0.01123	0.00562	0.00562	0.00112	0.00562	0.00449	0.00449	0.77980
4	0.01094	0.00770	0.01005	0.01005	0.01066	0.00832	0.00681	0.01217	0.01156	0.01602	0.02228	0.04065	0.02367	0.42692	0.33978	0.00954	0.01323	0.00971	0.00435	0.00558
5	0.00942	0.00695	0.00857	0.00970	0.01059	0.00637	0.00654	0.01083	0.01506	0.01962	0.07460	0.49760	0.18070	0.09124	0.01230	0.00336	0.00454	0.01905	0.00686	0.00610
6	0.01872	0.01139	0.01400	0.01213	0.01537	0.01121	0.00943	0.15479	0.02339	0.15703	0.31456	0.15180	0.04572	0.01434	0.00853	0.00247	0.00526	0.01238	0.00817	0.00930
7	0.07851	0.01746	0.01816	0.01555	0.02034	0.01994	0.01235	0.20025	0.45793	0.03608	0.02607	0.02449	0.01938	0.00974	0.00746	0.00248	0.00660	0.00779	0.00746	0.01196
8	0.01432	0.01348	0.02275	0.71520	0.05224	0.01685	0.02107	0.01938	0.01517	0.01938	0.01348	0.02022	0.01011	0.00758	0.00758	0.00253	0.01011	0.00674	0.00337	0.00843
9	0.02641	0.02287	0.02212	0.05775	0.02464	0.14733	0.01478	0.42221	0.08017	0.03782	0.01725	0.01819	0.01279	0.00912	0.00848	0.00232	0.05117	0.00659	0.00643	0.01155
10	0.13188	0.01540	0.01606	0.01425	0.01835	0.01738	0.01133	0.14302	0.33911	0.03320	0.05622	0.03193	0.02354	0.04473	0.00902	0.00279	0.00644	0.06772	0.00706	0.01056
11	0.35170	0.02773	0.36898	0.01698	0.02520	0.01742	0.04609	0.02328	0.01474	0.02840	0.01236	0.01459	0.00908	0.00710	0.00619	0.00238	0.00895	0.00509	0.00388	0.00986
12	0.00924	0.00660	0.00880	0.01056	0.01100	0.00616	0.00704	0.01056	0.01452	0.01936	0.04181	0.72848	0.05017	0.02376	0.00968	0.00308	0.00440	0.02156	0.00704	0.00616
13	0.01573	0.01348	0.01573	0.01123	0.01798	0.01011	0.00899	0.01910	0.01573	0.02472	0.01348	0.01573	0.01123	0.00562	0.00562	0.00112	0.00562	0.00449	0.00449	0.77980
14	0.01796	0.01416	0.01645	0.01201	0.01856	0.01155	0.00965	0.07185	0.04097	0.06610	0.01544	0.01697	0.01223	0.00628	0.00597	0.00134	0.00590	0.00501	0.00514	0.64646
15	0.01643	0.01525	0.02424	0.32496	0.28254	0.01702	0.01981	0.02353	0.10985	0.02379	0.05451	0.02291	0.01620	0.00811	0.00765	0.00242	0.00874	0.00741	0.00442	0.01021
16	0.01318	0.00659	0.00988	0.00988	0.00988	0.00659	0.00659	0.00988	0.00988	0.01318	0.01318	0.02306	0.01318	0.02635	0.02964	0.77931	0.00659	0.00659	0.00329	0.00329
17	0.02028	0.73799	0.03975	0.01298	0.01947	0.03001	0.01298	0.02271	0.01541	0.01785	0.01055	0.01217	0.00973	0.00649	0.00487	0.00162	0.00811	0.00406	0.00324	0.00973
18	0.50243	0.01714	0.01551	0.01278	0.01799	0.01946	0.01054	0.26197	0.02145	0.03920	0.01343	0.01453	0.00997	0.00782	0.00578	0.00232	0.00680	0.00513	0.00578	0.00997
19	0.01593	0.01414	0.01846	0.01318	0.02001	0.01096	0.07002	0.01959	0.01593	0.02468	0.01366	0.01617	0.01126	0.00569	0.00593	0.00126	0.00629	0.00491	0.00443	0.70750
20	0.12783	0.01598	0.01536	0.01379	0.01678	0.11536	0.01080	0.07743	0.08787	0.05669	0.01881	0.02333	0.01572	0.05652	0.17738	0.00495	0.07116	0.00691	0.07863	0.00870
21	0.78701	0.01467	0.01115	0.00997	0.01467	0.01702	0.00821	0.02230	0.01291	0.03403	0.01056	0.01232	0.00821	0.00704	0.00469	0.00235	0.00587	0.00411	0.00469	0.00821
22	0.01999	0.01604	0.01718	0.01529	0.01970	0.01829	0.01194	0.04006	0.62408	0.08072	0.03080	0.02812	0.02283	0.01022	0.00771	0.00256	0.00604	0.00851	0.00784	0.01207
23	0.01081	0.00780	0.01024	0.00976	0.01155	0.00723	0.00741	0.01438	0.02127	0.03003	0.65028	0.05809	0.07018	0.01578	0.00902	0.00244	0.00375	0.04453	0.00828	0.00715
24	0.01032	0.00743	0.00976	0.00983	0.01124	0.00688	0.00712	0.01326	0.01952	0.02732	0.50268	0.24492	0.06557	0.01782	0.00915	0.00258	0.00381	0.01592	0.00798	0.00688
25	0.00924	0.00660	0.00880	0.01056	0.01100	0.00616	0.00704	0.01056	0.01452	0.01936	0.04181	0.72848	0.05017	0.02376	0.00968	0.00308	0.00440	0.02156	0.00704	0.00616
26	0.01050	0.00768	0.00986	0.00945	0.01122	0.00704	0.00704	0.01381	0.02072	0.02895	0.59460	0.09761	0.12058	0.01630	0.00899	0.00244	0.00365	0.01437	0.00817	0.00704
27	0.02836	0.03540	0.02156	0.01944	0.02345	0.66875	0.01464	0.06206	0.02221	0.02004	0.01205	0.01391	0.00993	0.00788	0.00688	0.00197	0.01341	0.00498	0.00409	0.00900
28	0.01877	0.01802	0.03079	0.04656	0.68612	0.01802	0.02328	0.02328	0.01727	0.02478	0.01427	0.01877	0.01201	0.00676	0.00751	0.00225	0.00901	0.00676	0.00375	0.01201
29	0.01573	0.01348	0.01573	0.01123	0.01798	0.01011	0.00899	0.01910	0.01573	0.02472	0.01348	0.01573	0.01123	0.00562	0.00562	0.00112	0.00562	0.00449	0.00449	0.77980
30	0.01877	0.01802	0.03079	0.04656	0.68612	0.01802	0.02328	0.02328	0.01727	0.02478	0.01427	0.01877	0.01201	0.00676	0.00751	0.00225	0.00901	0.00676	0.00375	0.01201

[dist]
# distance from previous block
# <min> <max>
0	40

[block]
# block no. 7 follows, 26 sequences, length 210
# corresponding to MSA columns:
# 460-669
name=unknown_H
#
# <colnr> <probs for GDERKNQSTAVLIFYWHMCP>
#	G	D	E	R	K	N	Q	S	T	A	V	L	I	F	Y	W	H	M	C	P
0	0.78701	0.01467	0.01115	0.00997	0.01467	0.01702	0.00821	0.02230	0.01291	0.03403	0.01056	0.01232	0.00821	0.00704	0.00469	0.00235	0.00587	0.00411	0.00469	0.00821
1	0.01318	0.00659	0.00988	0.00988	0.00988	0.00659	0.00659	0.00988	0.00988	0.01318	0.01318	0.02306	0.01318	0.02635	0.02964	0.77931	0.00659	0.00659	0.00329	0.00329
2	0.01887	0.01629	0.01715	0.01544	0.01972	0.01887	0.01201	0.04031	0.67241	0.03173	0.03087	0.02830	0.02315	0.01029	0.00772	0.00257	0.00600	0.00858	0.00772	0.01201
3	0.02883	0.02125	0.02276	0.01745	0.02352	0.02352	0.01442	0.66082	0.03566	0.04780	0.01821	0.01821	0.01290	0.00911	0.00759	0.00228	0.00835	0.00683	0.00759	0.01290
4	0.01103	0.00735	0.00827	0.00827	0.00827	0.00735	0.00460	0.01103	0.01103	0.01471	0.02390	0.04964	0.02758	0.73343	0.03861	0.00735	0.00735	0.01103	0.00460	0.00460
5	0.01887	0.01629	0.01715	0.01544	0.01972	0.01887	0.01201	0.04031	0.67241	0.03173	0.03087	0.02830	0.02315	0.01029	0.00772	0.00257	0.00600	0.00858	0.00772	0.01201
6	0.01074	0.00775	0.01014	0.00954	0.01133	0.00716	0.00716	0.01431	0.02147	0.03042	0.68211	0.05666	0.07157	0.01551	0.00895	0.00239	0.00358	0.01372	0.00835	0.00716
