[name]
unknown

[dist]
# distance from previous block
# <min> <max>
7	55

[block]
# block no. 0 follows, 24 sequences, length 18
# corresponding to MSA columns:
# 60-77
name=unknown_A
#
# <colnr> <probs for GDERKNQSTAVLIFYWHMCP>
#	G	D	E	R	K	N	Q	S	T	A	V	L	I	F	Y	W	H	M	C	P
0	0.10341	0.27197	0.14260	0.01658	0.02308	0.08481	0.01615	0.08461	0.10152	0.02651	0.01517	0.01661	0.01213	0.00825	0.00744	0.00224	0.04593	0.00563	0.00464	0.01072
1	0.08373	0.09077	0.02678	0.02009	0.02401	0.17596	0.10251	0.09289	0.01877	0.02473	0.01346	0.01757	0.01143	0.01309	0.06069	0.00331	0.19971	0.00651	0.00435	0.00964
2	0.02410	0.01788	0.02178	0.01715	0.02260	0.01869	0.06405	0.34487	0.07625	0.08080	0.06876	0.09659	0.02288	0.01118	0.00822	0.00242	0.00776	0.00943	0.00746	0.07712
3	0.16471	0.08560	0.01424	0.01063	0.01393	0.04507	0.00839	0.03955	0.01856	0.02729	0.21572	0.04538	0.19516	0.07136	0.01041	0.00285	0.00578	0.01099	0.00651	0.00786
4	0.01532	0.01584	0.05553	0.02046	0.02456	0.01516	0.19364	0.01927	0.01633	0.02297	0.02418	0.16996	0.02486	0.01394	0.01234	0.00288	0.13907	0.10371	0.00514	0.10484
5	0.01864	0.01342	0.01603	0.01324	0.01775	0.01265	0.01035	0.11628	0.05107	0.09278	0.08675	0.17418	0.02823	0.01249	0.00860	0.00222	0.03530	0.01049	0.00677	0.27277
6	0.02725	0.07228	0.01982	0.01397	0.01985	0.01431	0.01169	0.10774	0.02247	0.34161	0.05601	0.02876	0.02105	0.00993	0.00761	0.00222	0.00687	0.05054	0.00784	0.15819
7	0.02609	0.01439	0.01742	0.01434	0.01916	0.01441	0.01147	0.14012	0.14204	0.30157	0.13732	0.07129	0.03060	0.01188	0.00834	0.00254	0.00638	0.00993	0.00884	0.01190
8	0.01478	0.00739	0.00739	0.00739	0.00924	0.00739	0.00554	0.01848	0.01663	0.02956	0.02587	0.02956	0.02033	0.00924	0.00554	0.00185	0.00370	0.00739	0.76534	0.00739
9	0.08213	0.01763	0.01818	0.01501	0.02016	0.09987	0.01200	0.09368	0.12743	0.32447	0.08377	0.02695	0.02279	0.01014	0.00779	0.00244	0.00750	0.00801	0.00818	0.01191
10	0.01026	0.00715	0.00939	0.01085	0.01149	0.00672	0.00741	0.01135	0.01498	0.01975	0.04281	0.54197	0.09205	0.06133	0.01342	0.06594	0.00507	0.05500	0.00690	0.00618
11	0.01478	0.00739	0.00739	0.00739	0.00924	0.00739	0.00554	0.01848	0.01663	0.02956	0.02587	0.02956	0.02033	0.00924	0.00554	0.00185	0.00370	0.00739	0.76534	0.00739
12	0.16730	0.05572	0.02949	0.17982	0.03383	0.02055	0.20773	0.02237	0.01549	0.02452	0.01314	0.01833	0.01057	0.00864	0.01145	0.00274	0.15797	0.00704	0.00393	0.00939
13	0.07112	0.01541	0.02508	0.48352	0.21127	0.01795	0.02165	0.02153	0.01625	0.02282	0.01409	0.02015	0.01094	0.00766	0.00769	0.00255	0.00995	0.00685	0.00373	0.00976
14	0.01900	0.01411	0.01510	0.01339	0.01691	0.05240	0.01034	0.13052	0.12855	0.09670	0.20089	0.13516	0.10460	0.01465	0.00874	0.00260	0.00609	0.01243	0.00799	0.00983
15	0.01030	0.00738	0.00947	0.01032	0.01123	0.00689	0.00703	0.01221	0.01692	0.02296	0.21787	0.42465	0.08466	0.10378	0.01341	0.00352	0.00469	0.01869	0.00744	0.00655
16	0.02111	0.05669	0.07019	0.01746	0.02314	0.05636	0.09261	0.19244	0.05023	0.06867	0.04996	0.09833	0.08372	0.01142	0.00815	0.00241	0.00833	0.00977	0.00641	0.07264
17	0.02097	0.01767	0.01883	0.01502	0.01991	0.06476	0.01188	0.21886	0.02262	0.03117	0.01817	0.06973	0.01634	0.06769	0.01168	0.00252	0.07510	0.00755	0.00576	0.28377

[dist]
# distance from previous block
# <min> <max>
0	5

[block]
# block no. 1 follows, 24 sequences, length 29
# corresponding to MSA columns:
# 84-108,111-114
name=unknown_B
#
# <colnr> <probs for GDERKNQSTAVLIFYWHMCP>
#	G	D	E	R	K	N	Q	S	T	A	V	L	I	F	Y	W	H	M	C	P
0	0.29230	0.18616	0.02307	0.01409	0.01953	0.04587	0.01212	0.15652	0.01967	0.03205	0.01299	0.01484	0.01047	0.00809	0.00736	0.00222	0.06063	0.00515	0.00504	0.07183
1	0.02075	0.52584	0.17536	0.01603	0.02365	0.08130	0.01704	0.02467	0.01675	0.02008	0.01180	0.01370	0.01015	0.00705	0.00577	0.00190	0.00963	0.00465	0.00344	0.01042
2	0.01168	0.00906	0.01314	0.01285	0.01431	0.00880	0.05846	0.01367	0.01516	0.02116	0.03523	0.47650	0.04040	0.08412	0.01301	0.00338	0.03972	0.01762	0.06399	0.04770
3	0.04856	0.03471	0.52282	0.02125	0.03152	0.01731	0.05705	0.02615	0.01758	0.09741	0.04102	0.01957	0.01361	0.00807	0.00764	0.00251	0.01073	0.00653	0.00436	0.01157
4	0.02145	0.07054	0.01860	0.01401	0.01912	0.08257	0.01123	0.06498	0.18974	0.12568	0.03291	0.03159	0.13028	0.01075	0.00757	0.00223	0.00699	0.00857	0.00686	0.14433
5	0.01436	0.01148	0.01222	0.01126	0.01375	0.04504	0.00858	0.06566	0.01978	0.05003	0.17870	0.05734	0.28799	0.10283	0.01391	0.00328	0.04641	0.04259	0.00707	0.00770
6	0.19690	0.08443	0.02215	0.01692	0.02194	0.23637	0.01368	0.22633	0.02419	0.03282	0.01398	0.01552	0.01091	0.00858	0.00764	0.00228	0.04384	0.00560	0.00542	0.01050
7	0.01028	0.00786	0.00952	0.01012	0.01188	0.00709	0.00755	0.01270	0.01826	0.02371	0.19793	0.25704	0.28345	0.02079	0.00977	0.00291	0.00452	0.09009	0.00766	0.00687
8	0.01478	0.00739	0.00739	0.00739	0.00924	0.00739	0.00554	0.01848	0.01663	0.02956	0.02587	0.02956	0.02033	0.00924	0.00554	0.00185	0.00370	0.00739	0.76534	0.00739
9	0.62596	0.05089	0.01350	0.01077	0.01558	0.01720	0.00893	0.02353	0.01498	0.07343	0.07022	0.01782	0.01519	0.00826	0.00550	0.00242	0.00608	0.00540	0.00547	0.00887
10	0.02120	0.72609	0.04155	0.01357	0.02035	0.03138	0.01357	0.02374	0.01611	0.01866	0.01102	0.01272	0.01018	0.00678	0.00509	0.00170	0.00848	0.00424	0.00339	0.01018
11	0.01478	0.00739	0.00739	0.00739	0.00924	0.00739	0.00554	0.01848	0.01663	0.02956	0.02587	0.02956	0.02033	0.00924	0.00554	0.00185	0.00370	0.00739	0.76534	0.00739
12	0.01963	0.01884	0.03219	0.04867	0.67185	0.01884	0.02434	0.02434	0.01806	0.02591	0.01492	0.01963	0.01256	0.00707	0.00785	0.00236	0.00942	0.00707	0.00393	0.01256
13	0.01151	0.00772	0.00880	0.00875	0.00889	0.00767	0.00501	0.01179	0.01236	0.01662	0.07371	0.05245	0.03232	0.66786	0.03801	0.00729	0.00739	0.01174	0.00510	0.00501
14	0.00966	0.00690	0.00920	0.01104	0.01150	0.00644	0.00736	0.01104	0.01518	0.02024	0.04371	0.71614	0.05245	0.02484	0.01012	0.00322	0.00460	0.02254	0.00736	0.00644
15	0.01010	0.00718	0.00946	0.01082	0.01135	0.00692	0.00723	0.01151	0.01481	0.01993	0.06452	0.54938	0.04771	0.11851	0.06697	0.00452	0.00627	0.01968	0.00684	0.00632
16	0.00964	0.00699	0.00911	0.01080	0.01144	0.00646	0.00725	0.01107	0.01541	0.02034	0.04664	0.66493	0.10176	0.02446	0.01006	0.00318	0.00455	0.02208	0.00736	0.00646
17	0.01590	0.04102	0.68023	0.02260	0.03432	0.01842	0.02930	0.02511	0.01674	0.02511	0.01423	0.01674	0.01005	0.00753	0.00753	0.00251	0.01172	0.00586	0.00335	0.01172
18	0.02080	0.67415	0.08997	0.01425	0.02141	0.03039	0.01476	0.02385	0.01616	0.01915	0.01127	0.01303	0.01017	0.00684	0.00527	0.00176	0.00873	0.00436	0.00339	0.01029
19	0.01102	0.00814	0.01021	0.01074	0.01119	0.00838	0.00717	0.01207	0.01412	0.01901	0.06654	0.35288	0.07461	0.27617	0.02229	0.00480	0.06180	0.01659	0.00619	0.00609
20	0.58733	0.04627	0.05225	0.04237	0.02047	0.01835	0.06135	0.02399	0.01461	0.05473	0.01243	0.01459	0.00947	0.00740	0.00564	0.00245	0.00732	0.00502	0.00480	0.00917
21	0.05255	0.06895	0.02058	0.01671	0.02143	0.14794	0.01318	0.08418	0.42102	0.03096	0.02520	0.02408	0.01917	0.00977	0.00756	0.00247	0.00813	0.00759	0.00686	0.01167
22	0.01763	0.01515	0.01788	0.01340	0.01950	0.01349	0.01081	0.06303	0.05012	0.02709	0.01495	0.01739	0.01235	0.00725	0.00834	0.00158	0.08304	0.00533	0.00495	0.59672
23	0.01983	0.01313	0.01562	0.04125	0.01927	0.01330	0.01124	0.02960	0.23881	0.16789	0.07262	0.04352	0.12736	0.01311	0.00848	0.00262	0.00615	0.08064	0.00784	0.06771
24	0.07665	0.01504	0.02364	0.24003	0.03287	0.01689	0.11414	0.02012	0.01584	0.02346	0.06900	0.02427	0.01721	0.05062	0.01282	0.00288	0.13072	0.00776	0.00436	0.10169
25	0.02060	0.37149	0.12422	0.01550	0.02242	0.08512	0.01523	0.05705	0.05544	0.02353	0.04058	0.01711	0.01399	0.00767	0.00622	0.00191	0.00885	0.00545	0.00433	0.10331
26	0.02349	0.01812	0.02278	0.01809	0.02311	0.01961	0.08218	0.40062	0.02856	0.03852	0.02143	0.08383	0.01828	0.04256	0.11658	0.00430	0.01080	0.00910	0.00677	0.01126
27	0.05742	0.01522	0.02157	0.12448	0.02627	0.04390	0.08695	0.05784	0.03872	0.08125	0.02063	0.10445	0.01857	0.01995	0.12826	0.00452	0.12623	0.00931	0.00521	0.00925
28	0.01743	0.07239	0.02674	0.40125	0.04164	0.01922	0.09082	0.08892	0.01810	0.02365	0.01560	0.04819	0.01284	0.00970	0.00990	0.03496	0.04742	0.00771	0.00420	0.00932

[dist]
# distance from previous block
# <min> <max>
6	11

[block]
# block no. 2 follows, 24 sequences, length 8
# corresponding to MSA columns:
# 126-133
name=unknown_C
#
# <colnr> <probs for GDERKNQSTAVLIFYWHMCP>
#	G	D	E	R	K	N	Q	S	T	A	V	L	I	F	Y	W	H	M	C	P
0	0.01498	0.01409	0.02378	0.70226	0.05462	0.01762	0.02202	0.02026	0.01586	0.02026	0.01409	0.02114	0.01057	0.00793	0.00793	0.00264	0.01057	0.00705	0.00352	0.00881
1	0.01875	0.01502	0.01869	0.26005	0.03103	0.05544	0.01482	0.02763	0.19960	0.09884	0.02496	0.09401	0.02113	0.07229	0.01094	0.00309	0.00830	0.00948	0.00606	0.00986
2	0.04574	0.01253	0.01960	0.49389	0.04201	0.01492	0.01786	0.01836	0.01605	0.02123	0.02510	0.10033	0.08081	0.01165	0.00835	0.00276	0.00895	0.04704	0.00457	0.00826
3	0.01592	0.01573	0.02026	0.15998	0.02717	0.10040	0.07628	0.02083	0.06216	0.02097	0.02331	0.02892	0.07068	0.02764	0.25056	0.00620	0.05143	0.00850	0.00455	0.00852
4	0.09996	0.02319	0.02176	0.09136	0.02651	0.15247	0.01498	0.33667	0.09265	0.03771	0.01775	0.01881	0.01314	0.00900	0.00750	0.00238	0.00951	0.00664	0.00643	0.01157
5	0.02596	0.02141	0.02367	0.20497	0.03277	0.08294	0.01699	0.41932	0.03010	0.03910	0.01708	0.01918	0.01239	0.00896	0.00786	0.00242	0.00973	0.00693	0.00638	0.01182
6	0.02638	0.02031	0.02295	0.01817	0.02283	0.02347	0.01489	0.47846	0.03056	0.04153	0.01766	0.02075	0.01382	0.05495	0.01364	0.00293	0.15052	0.00737	0.00683	0.01196
7	0.01926	0.22135	0.40628	0.01900	0.02842	0.02142	0.02241	0.02707	0.06160	0.07920	0.01607	0.01742	0.01188	0.00775	0.00695	0.00230	0.01005	0.00582	0.00424	0.01151

[dist]
# distance from previous block
# <min> <max>
3	69

[block]
# block no. 3 follows, 24 sequences, length 16
# corresponding to MSA columns:
# 203-218
name=unknown_D
#
# <colnr> <probs for GDERKNQSTAVLIFYWHMCP>
#	G	D	E	R	K	N	Q	S	T	A	V	L	I	F	Y	W	H	M	C	P
0	0.01641	0.01351	0.01359	0.05595	0.01744	0.10650	0.01002	0.05942	0.01855	0.07635	0.03821	0.36371	0.11063	0.04887	0.01046	0.00303	0.00688	0.01568	0.00678	0.00800
1	0.01572	0.01095	0.01205	0.01081	0.01223	0.01149	0.00711	0.15403	0.01732	0.02315	0.02365	0.04451	0.02538	0.56130	0.03307	0.00649	0.00792	0.01054	0.00551	0.00676
2	0.02745	0.02044	0.02190	0.01722	0.02283	0.02265	0.01394	0.52609	0.10396	0.04525	0.02100	0.02292	0.01594	0.06848	0.01063	0.00285	0.00837	0.00771	0.00769	0.01266
3	0.01832	0.02045	0.04266	0.07380	0.03980	0.02041	0.52930	0.02432	0.01775	0.02432	0.01525	0.02089	0.01175	0.00762	0.01126	0.00277	0.09615	0.00892	0.00392	0.01034
4	0.01790	0.02089	0.07480	0.02964	0.03629	0.01962	0.47613	0.02382	0.01771	0.02442	0.01735	0.02624	0.01449	0.00893	0.01158	0.00285	0.10377	0.05920	0.00418	0.01020
5	0.01103	0.00765	0.00862	0.00881	0.00924	0.00741	0.00525	0.01146	0.01285	0.01675	0.03483	0.12567	0.12217	0.54803	0.03276	0.00650	0.00684	0.01344	0.00544	0.00525
6	0.02392	0.01864	0.02026	0.01604	0.02189	0.01965	0.01293	0.34319	0.17392	0.03960	0.02187	0.04667	0.01699	0.00955	0.00758	0.00221	0.00737	0.00758	0.00722	0.18290
7	0.01930	0.02019	0.02919	0.02350	0.02596	0.07832	0.15810	0.05229	0.01571	0.02205	0.01226	0.01809	0.01091	0.01157	0.01982	0.00312	0.45901	0.00734	0.00386	0.00941
8	0.01179	0.00853	0.01152	0.01277	0.01445	0.00825	0.01053	0.01501	0.01856	0.02455	0.16092	0.17685	0.09441	0.02117	0.01042	0.00331	0.00601	0.37622	0.00758	0.00717
9	0.01008	0.00854	0.00945	0.00937	0.01156	0.00790	0.00704	0.01213	0.01768	0.02191	0.11559	0.14256	0.51117	0.01991	0.01057	0.00278	0.05116	0.01655	0.00720	0.00686
10	0.02933	0.03230	0.02265	0.01960	0.02436	0.46507	0.01512	0.21124	0.05561	0.02895	0.01514	0.01638	0.01180	0.00868	0.00742	0.00217	0.01231	0.00588	0.00539	0.01060
11	0.01227	0.01000	0.01514	0.01455	0.01655	0.00975	0.08863	0.01620	0.06412	0.02210	0.03881	0.38141	0.06588	0.08286	0.01269	0.00357	0.00657	0.12471	0.00675	0.00745
12	0.02318	0.01167	0.01498	0.01256	0.01664	0.01079	0.01002	0.08304	0.02320	0.30628	0.25363	0.07358	0.08101	0.01368	0.00872	0.00255	0.00564	0.02941	0.00893	0.01049
13	0.01450	0.01345	0.02248	0.64065	0.05077	0.01662	0.02072	0.01944	0.01580	0.02026	0.01673	0.08308	0.01430	0.00944	0.00812	0.00269	0.01004	0.00843	0.00387	0.00860
14	0.01837	0.02286	0.10171	0.03160	0.03941	0.02020	0.54582	0.02495	0.01809	0.02495	0.01550	0.02070	0.01174	0.00725	0.01033	0.00271	0.06035	0.00888	0.00391	0.01065
15	0.02458	0.02692	0.02045	0.07220	0.02451	0.37337	0.01441	0.13758	0.02294	0.02498	0.01953	0.02231	0.05695	0.01649	0.10445	0.00371	0.01329	0.00690	0.00498	0.00947

[dist]
# distance from previous block
# <min> <max>
8	21

[block]
# block no. 4 follows, 24 sequences, length 6
# corresponding to MSA columns:
# 240-245
name=unknown_E
#
# <colnr> <probs for GDERKNQSTAVLIFYWHMCP>
#	G	D	E	R	K	N	Q	S	T	A	V	L	I	F	Y	W	H	M	C	P
0	0.01929	0.02190	0.03801	0.06281	0.03602	0.10442	0.42643	0.02447	0.01809	0.02338	0.01617	0.05461	0.01355	0.00869	0.01102	0.00271	0.09529	0.00907	0.00410	0.00996
1	0.01528	0.01575	0.06308	0.31576	0.03522	0.01693	0.01790	0.01947	0.01482	0.02096	0.01428	0.02065	0.01192	0.01566	0.10182	0.00391	0.15682	0.00677	0.00378	0.12922
2	0.02256	0.01711	0.01922	0.05305	0.02276	0.01887	0.01329	0.21239	0.30619	0.07931	0.06921	0.02986	0.02382	0.01082	0.00814	0.00255	0.00711	0.03414	0.00778	0.04183
3	0.11414	0.02144	0.02243	0.01737	0.02355	0.02383	0.01434	0.57547	0.03461	0.04836	0.01814	0.01835	0.01294	0.00928	0.00759	0.00239	0.00843	0.00682	0.00759	0.01294
4	0.02735	0.02082	0.02222	0.01768	0.02353	0.02328	0.01440	0.48344	0.20380	0.04546	0.02259	0.02187	0.01636	0.00985	0.00797	0.00246	0.00807	0.00763	0.00797	0.01323
5	0.01558	0.01503	0.02382	0.30646	0.03529	0.01920	0.05749	0.01916	0.01435	0.02001	0.01512	0.06528	0.01387	0.01439	0.05634	0.00362	0.28433	0.00824	0.00383	0.00862

[dist]
# distance from previous block
# <min> <max>
0	1

[block]
# block no. 5 follows, 24 sequences, length 10
# corresponding to MSA columns:
# 247-256
name=unknown_F
#
# <colnr> <probs for GDERKNQSTAVLIFYWHMCP>
#	G	D	E	R	K	N	Q	S	T	A	V	L	I	F	Y	W	H	M	C	P
0	0.02092	0.01742	0.01838	0.01605	0.02075	0.01984	0.01262	0.14241	0.51798	0.03537	0.03265	0.03034	0.05740	0.01106	0.00812	0.00264	0.00657	0.00908	0.00801	0.01239
1	0.02065	0.01750	0.01845	0.01633	0.02098	0.02016	0.01278	0.09603	0.60211	0.03467	0.03109	0.02864	0.02325	0.01065	0.00806	0.00266	0.00649	0.00880	0.00806	0.01263
2	0.01644	0.01409	0.01644	0.01175	0.01879	0.01057	0.00940	0.01997	0.01644	0.02584	0.01409	0.01644	0.01175	0.00587	0.00587	0.00117	0.00587	0.00470	0.00470	0.76979
3	0.02664	0.02089	0.02137	0.01720	0.02263	0.06216	0.01388	0.47130	0.10030	0.04298	0.02438	0.07312	0.04440	0.01113	0.00812	0.00247	0.00830	0.00873	0.00765	0.01233
4	0.50413	0.07927	0.01900	0.12933	0.02438	0.01939	0.04989	0.04878	0.01543	0.03146	0.01219	0.01503	0.00948	0.00745	0.00583	0.00243	0.00764	0.00518	0.00461	0.00910
5	0.03014	0.02221	0.02380	0.01825	0.02459	0.02459	0.01507	0.64541	0.03728	0.04998	0.01904	0.01904	0.01349	0.00952	0.00793	0.00238	0.00873	0.00714	0.00793	0.01349
6	0.07116	0.01453	0.02222	0.57194	0.04779	0.01788	0.01994	0.02303	0.09034	0.02288	0.01599	0.02152	0.01201	0.00822	0.00772	0.00263	0.00975	0.00707	0.00415	0.00923
7	0.01754	0.01547	0.02379	0.58667	0.04954	0.01880	0.02085	0.12590	0.01948	0.02528	0.01493	0.02079	0.01106	0.00820	0.00793	0.00260	0.01026	0.00706	0.00427	0.00960
8	0.01334	0.00709	0.01038	0.01027	0.01059	0.00699	0.00699	0.01111	0.01238	0.01682	0.12427	0.03004	0.02409	0.02563	0.02734	0.63971	0.00636	0.00815	0.00434	0.00413
9	0.01533	0.01480	0.02599	0.63803	0.05335	0.01785	0.08166	0.02075	0.01613	0.02075	0.01428	0.02117	0.01071	0.00781	0.00807	0.00265	0.01084	0.00727	0.00357	0.00899

[dist]
# distance from previous block
# <min> <max>
0	1

[block]
# block no. 6 follows, 24 sequences, length 11
# corresponding to MSA columns:
# 258-268
name=unknown_G
#
# <colnr> <probs for GDERKNQSTAVLIFYWHMCP>
#	G	D	E	R	K	N	Q	S	T	A	V	L	I	F	Y	W	H	M	C	P
0	0.01222	0.00820	0.01041	0.01015	0.01215	0.00742	0.00750	0.01515	0.02025	0.07071	0.40081	0.19523	0.16351	0.01820	0.00942	0.00267	0.00416	0.01600	0.00830	0.00754
1	0.01186	0.00911	0.01156	0.01126	0.01228	0.00953	0.00794	0.01343	0.01477	0.02049	0.12216	0.21273	0.06984	0.24463	0.06498	0.00503	0.08795	0.01382	0.00594	0.05068
2	0.03014	0.02221	0.02380	0.01825	0.02459	0.02459	0.01507	0.64541	0.03728	0.04998	0.01904	0.01904	0.01349	0.00952	0.00793	0.00238	0.00873	0.00714	0.00793	0.01349
3	0.02002	0.57282	0.18444	0.01559	0.02348	0.02848	0.01709	0.02405	0.01625	0.02010	0.01174	0.01362	0.01015	0.00695	0.00564	0.00188	0.00920	0.00460	0.00338	0.01052
4	0.02512	0.01837	0.01997	0.01661	0.02192	0.02042	0.01330	0.24592	0.37265	0.11490	0.02768	0.02571	0.02004	0.01023	0.00801	0.00256	0.00716	0.00823	0.00823	0.01298
5	0.01655	0.12458	0.60232	0.02150	0.03262	0.02000	0.02738	0.02495	0.01667	0.02433	0.01384	0.01625	0.01006	0.00744	0.00724	0.00241	0.01132	0.00566	0.00335	0.01153
6	0.03006	0.02468	0.02359	0.01859	0.02458	0.13005	0.01511	0.54806	0.03493	0.04513	0.01796	0.01829	0.01297	0.00931	0.00781	0.00233	0.00961	0.00682	0.00732	0.01280
7	0.02015	0.58991	0.16851	0.01536	0.02313	0.02880	0.01670	0.02402	0.01624	0.01994	0.01166	0.01352	0.01015	0.00693	0.00557	0.00186	0.00912	0.00456	0.00338	0.01048
8	0.60817	0.17434	0.01834	0.01113	0.01646	0.02083	0.00970	0.02341	0.01408	0.03179	0.01104	0.01285	0.00894	0.00723	0.00495	0.00228	0.00666	0.00428	0.00457	0.00894
9	0.01265	0.00809	0.00989	0.00977	0.01067	0.00793	0.00636	0.01377	0.01426	0.05918	0.10038	0.12726	0.06456	0.42355	0.09228	0.00653	0.00797	0.01284	0.00591	0.00613
10	0.02199	0.66126	0.03976	0.01421	0.02074	0.09336	0.01373	0.02449	0.01671	0.01873	0.01114	0.01287	0.01018	0.00691	0.00528	0.00173	0.00903	0.00432	0.00346	0.01008

[dist]
# distance from previous block
# <min> <max>
1	5

[block]
# block no. 7 follows, 24 sequences, length 13
# corresponding to MSA columns:
# 286-298
name=unknown_H
#
# <colnr> <probs for GDERKNQSTAVLIFYWHMCP>
#	G	D	E	R	K	N	Q	S	T	A	V	L	I	F	Y	W	H	M	C	P
0	0.01139	0.00826	0.01156	0.01156	0.01256	0.00927	0.00843	0.01340	0.01239	0.01753	0.02233	0.03717	0.02244	0.25158	0.50136	0.01128	0.01731	0.00938	0.00441	0.00642
1	0.62242	0.01418	0.01175	0.01043	0.01499	0.01586	0.00846	0.02188	0.01500	0.03450	0.11001	0.02004	0.01872	0.00862	0.00563	0.00239	0.00576	0.00583	0.00547	0.04806
2	0.01590	0.04102	0.68023	0.02260	0.03432	0.01842	0.02930	0.02511	0.01674	0.02511	0.01423	0.01674	0.01005	0.00753	0.00753	0.00251	0.01172	0.00586	0.00335	0.01172
3	0.02768	0.02538	0.02212	0.01838	0.02369	0.20799	0.01458	0.34086	0.17121	0.03775	0.02010	0.02007	0.01496	0.00942	0.00775	0.00236	0.00973	0.00698	0.00690	0.01209
4	0.01670	0.14411	0.58412	0.02124	0.03222	0.02037	0.02693	0.02491	0.01665	0.02414	0.01375	0.01614	0.01006	0.00742	0.00717	0.00239	0.01123	0.00562	0.00335	0.01149
5	0.02684	0.02057	0.02194	0.01758	0.02333	0.02305	0.01427	0.45387	0.23421	0.04464	0.02324	0.02239	0.01689	0.00991	0.00798	0.00248	0.00795	0.00772	0.00798	0.01319
6	0.02809	0.03074	0.02202	0.01921	0.02388	0.42447	0.01480	0.17478	0.13195	0.02875	0.01716	0.01794	0.01330	0.00891	0.00748	0.00223	0.01168	0.00622	0.00564	0.01074
7	0.01472	0.00959	0.01207	0.01063	0.01360	0.00838	0.00796	0.01773	0.01966	0.10231	0.34769	0.10272	0.07736	0.08100	0.01160	0.00283	0.00490	0.01251	0.00764	0.13512
8	0.14113	0.02045	0.02115	0.01678	0.02264	0.02289	0.01374	0.46767	0.12020	0.04547	0.01968	0.01958	0.01424	0.00937	0.00750	0.00243	0.00799	0.00697	0.00750	0.01262
9	0.01385	0.00837	0.01014	0.00966	0.01057	0.00824	0.00617	0.01476	0.01383	0.08234	0.08992	0.04847	0.03180	0.52565	0.08787	0.00707	0.00832	0.01121	0.00565	0.00612
10	0.32505	0.02088	0.01881	0.07005	0.02331	0.10845	0.01309	0.26847	0.02420	0.03789	0.01459	0.01615	0.01088	0.00836	0.00663	0.00239	0.00858	0.00574	0.00588	0.01061
11	0.17085	0.01251	0.01794	0.27801	0.03068	0.01409	0.04970	0.01816	0.01454	0.02283	0.01788	0.12205	0.01699	0.01343	0.01149	0.13068	0.00815	0.00878	0.00443	0.03684
12	0.01325	0.00975	0.01324	0.01268	0.01438	0.01105	0.00966	0.07724	0.01503	0.02113	0.02158	0.03306	0.02054	0.15404	0.52358	0.01094	0.01794	0.00882	0.00470	0.00738

[dist]
# distance from previous block
# <min> <max>
0	9

[block]
# block no. 8 follows, 24 sequences, length 18
# corresponding to MSA columns:
# 309-326
name=unknown_I
#
# <colnr> <probs for GDERKNQSTAVLIFYWHMCP>
#	G	D	E	R	K	N	Q	S	T	A	V	L	I	F	Y	W	H	M	C	P
0	0.01002	0.00956	0.04076	0.00924	0.01208	0.00738	0.00747	0.01264	0.01860	0.02332	0.17620	0.10785	0.49883	0.01909	0.00932	0.00267	0.00437	0.01614	0.00741	0.00706
1	0.02922	0.02344	0.06653	0.01853	0.02522	0.02419	0.01600	0.60503	0.03595	0.04836	0.01873	0.01889	0.01326	0.00939	0.00791	0.00239	0.00892	0.00706	0.00763	0.01337
2	0.01282	0.01022	0.01103	0.01071	0.01132	0.05011	0.00707	0.01361	0.01276	0.01664	0.02558	0.04546	0.05779	0.49296	0.14221	0.00767	0.05090	0.01064	0.00472	0.00576
3	0.02778	0.02100	0.02298	0.05923	0.02585	0.02349	0.01514	0.52369	0.12235	0.04584	0.02058	0.02063	0.01480	0.00960	0.00795	0.00244	0.00850	0.00739	0.00769	0.01307
4	0.10144	0.01527	0.01848	0.01457	0.02044	0.01490	0.01195	0.12210	0.09338	0.46032	0.02782	0.02487	0.01826	0.00965	0.00770	0.00247	0.00691	0.00763	0.00891	0.01294
5	0.01133	0.00850	0.01274	0.01274	0.01416	0.00991	0.00991	0.01416	0.01274	0.01841	0.02124	0.03115	0.01982	0.05947	0.68989	0.01274	0.02124	0.00850	0.00425	0.00708
6	0.67131	0.01891	0.10475	0.01212	0.01798	0.01788	0.01147	0.02356	0.01395	0.03412	0.01149	0.01342	0.00879	0.00739	0.00527	0.00246	0.00691	0.00451	0.00469	0.00902
7	0.61122	0.01706	0.07362	0.01178	0.01709	0.01677	0.01059	0.02366	0.01420	0.07503	0.01282	0.01486	0.00976	0.00880	0.00698	0.05032	0.00674	0.00484	0.00499	0.00887
8	0.02148	0.51112	0.14875	0.01609	0.02334	0.12198	0.01652	0.02510	0.01712	0.01987	0.01175	0.01364	0.01016	0.00711	0.00580	0.00189	0.00986	0.00464	0.00348	0.01030
9	0.02755	0.02019	0.02169	0.01691	0.02237	0.02224	0.01364	0.55715	0.03370	0.04516	0.01987	0.02361	0.01562	0.10863	0.01245	0.00312	0.00858	0.00775	0.00750	0.01228
10	0.12648	0.62712	0.03739	0.01313	0.01965	0.02949	0.01288	0.02368	0.01575	0.02101	0.01103	0.01274	0.00996	0.00686	0.00506	0.00180	0.00815	0.00425	0.00360	0.00996
11	0.03073	0.01246	0.01664	0.01311	0.01852	0.01077	0.01070	0.03374	0.02218	0.55294	0.09042	0.03496	0.09327	0.01145	0.00824	0.00248	0.00620	0.00944	0.00946	0.01226
12	0.02962	0.06310	0.02483	0.01797	0.02435	0.02499	0.01498	0.60930	0.03605	0.04816	0.01857	0.01867	0.01329	0.00936	0.00777	0.00234	0.00871	0.00697	0.00767	0.01329
13	0.01338	0.00942	0.01188	0.01135	0.01380	0.00898	0.00881	0.01847	0.07702	0.06223	0.40002	0.09830	0.09730	0.01659	0.00932	0.00268	0.00473	0.09435	0.00824	0.03314
14	0.05514	0.69418	0.04021	0.01343	0.02013	0.03077	0.01334	0.02373	0.01600	0.01942	0.01103	0.01273	0.01011	0.00681	0.00508	0.00173	0.00838	0.00424	0.00346	0.01011
15	0.56014	0.01488	0.01365	0.09483	0.02043	0.01732	0.01056	0.02423	0.08232	0.03258	0.01556	0.05632	0.01302	0.00880	0.00591	0.00255	0.00660	0.00618	0.00522	0.00891
16	0.01874	0.01996	0.02539	0.06402	0.02491	0.11660	0.07290	0.02117	0.01455	0.01982	0.01277	0.04628	0.01227	0.01251	0.02009	0.00314	0.47474	0.00755	0.00377	0.00884
17	0.11732	0.02112	0.02114	0.01691	0.02268	0.06383	0.01376	0.41275	0.11902	0.08209	0.02026	0.01997	0.01457	0.00937	0.00755	0.00242	0.00831	0.00698	0.00747	0.01251

[dist]
# distance from previous block
# <min> <max>
0	10

[block]
# block no. 9 follows, 24 sequences, length 9
# corresponding to MSA columns:
# 337-345
name=unknown_J
#
# <colnr> <probs for GDERKNQSTAVLIFYWHMCP>
#	G	D	E	R	K	N	Q	S	T	A	V	L	I	F	Y	W	H	M	C	P
0	0.10315	0.35469	0.31067	0.01707	0.02575	0.02433	0.01972	0.02428	0.01609	0.02330	0.01239	0.01445	0.00994	0.00717	0.00611	0.00213	0.00960	0.00494	0.00354	0.01066
1	0.01253	0.01033	0.01282	0.01261	0.01439	0.01113	0.01002	0.01632	0.06195	0.02304	0.11345	0.10080	0.23110	0.06516	0.01441	0.00338	0.11789	0.15440	0.00675	0.00751
2	0.01418	0.01001	0.01147	0.01080	0.01212	0.01040	0.00726	0.11334	0.01650	0.02205	0.02847	0.12561	0.05753	0.43434	0.08644	0.00651	0.00849	0.01212	0.00568	0.00668
3	0.05100	0.01247	0.01228	0.01115	0.01402	0.08436	0.00836	0.01946	0.01976	0.12225	0.25397	0.05063	0.19482	0.09639	0.01229	0.00308	0.00600	0.01217	0.00742	0.00812
4	0.01677	0.01749	0.03250	0.05466	0.03079	0.01862	0.31671	0.02110	0.01616	0.02275	0.01817	0.11733	0.01717	0.01121	0.01376	0.00288	0.20159	0.01016	0.00435	0.05585
5	0.02240	0.01592	0.01841	0.01372	0.02036	0.01423	0.01112	0.16072	0.05235	0.12688	0.01856	0.01918	0.01387	0.00748	0.00674	0.00170	0.00664	0.00592	0.00632	0.45747
6	0.15343	0.45289	0.13257	0.01425	0.02109	0.02552	0.01474	0.02313	0.01569	0.02274	0.01344	0.05461	0.01235	0.00806	0.00573	0.00204	0.00834	0.00557	0.00389	0.00991
7	0.01868	0.19015	0.35700	0.06239	0.02936	0.04778	0.02188	0.02476	0.01675	0.06566	0.01482	0.01759	0.01136	0.01098	0.04942	0.00297	0.03788	0.00588	0.00389	0.01080
8	0.43793	0.01640	0.04909	0.17679	0.02654	0.01752	0.01358	0.06271	0.01643	0.06630	0.01484	0.01944	0.01161	0.00839	0.00637	0.00255	0.00772	0.03144	0.00506	0.00932

[dist]
# distance from previous block
# <min> <max>
0	5

[block]
# block no. 10 follows, 24 sequences, length 13
# corresponding to MSA columns:
# 351-363
name=unknown_K
#
# <colnr> <probs for GDERKNQSTAVLIFYWHMCP>
#	G	D	E	R	K	N	Q	S	T	A	V	L	I	F	Y	W	H	M	C	P
0	0.01248	0.00917	0.01029	0.00993	0.01160	0.00890	0.00685	0.07531	0.01770	0.02308	0.11456	0.15284	0.21536	0.27313	0.02055	0.00452	0.00587	0.01447	0.00665	0.00674
1	0.02128	0.51586	0.15536	0.01606	0.02341	0.11087	0.01665	0.02498	0.01702	0.01992	0.01176	0.01365	0.01016	0.00709	0.00579	0.00189	0.00979	0.00464	0.00347	0.01033
2	0.02270	0.01732	0.01850	0.01528	0.01979	0.01908	0.01198	0.33431	0.18990	0.03760	0.02828	0.03181	0.07077	0.13045	0.01354	0.00338	0.00755	0.00911	0.00740	0.01125
3	0.08087	0.63022	0.07599	0.01384	0.02076	0.02955	0.01408	0.02379	0.01594	0.02037	0.01121	0.01297	0.01004	0.00687	0.00521	0.00180	0.00848	0.00434	0.00351	0.01014
4	0.02071	0.01730	0.01825	0.01599	0.02065	0.01971	0.01256	0.13234	0.52576	0.03505	0.03305	0.03069	0.06004	0.01111	0.00812	0.00264	0.00652	0.00914	0.00801	0.01235
5	0.02120	0.72609	0.04155	0.01357	0.02035	0.03138	0.01357	0.02374	0.01611	0.01866	0.01102	0.01272	0.01018	0.00678	0.00509	0.00170	0.00848	0.00424	0.00339	0.01018
6	0.00937	0.00803	0.00803	0.00803	0.01071	0.00669	0.00602	0.01138	0.01807	0.02142	0.08033	0.07632	0.66863	0.02008	0.00937	0.00268	0.00402	0.01674	0.00736	0.00669
7	0.02120	0.72609	0.04155	0.01357	0.02035	0.03138	0.01357	0.02374	0.01611	0.01866	0.01102	0.01272	0.01018	0.00678	0.00509	0.00170	0.00848	0.00424	0.00339	0.01018
8	0.01644	0.01409	0.01644	0.01175	0.01879	0.01057	0.00940	0.01997	0.01644	0.02584	0.01409	0.01644	0.01175	0.00587	0.00587	0.00117	0.00587	0.00470	0.00470	0.76979
9	0.01278	0.00913	0.01278	0.01460	0.01643	0.00913	0.01278	0.01643	0.01825	0.02373	0.04199	0.08945	0.04564	0.02191	0.01095	0.00365	0.00730	0.61847	0.00730	0.00730
10	0.08488	0.01801	0.02303	0.07920	0.02348	0.05966	0.01687	0.02025	0.01315	0.02066	0.01089	0.01712	0.01025	0.01247	0.02155	0.00323	0.54635	0.00661	0.00364	0.00871
11	0.03558	0.01350	0.01840	0.01411	0.02024	0.01166	0.01166	0.03865	0.02270	0.67734	0.03128	0.02699	0.01963	0.00981	0.00797	0.00245	0.00675	0.00797	0.00981	0.01350
12	0.71590	0.01524	0.01263	0.06618	0.01850	0.01778	0.00967	0.02306	0.01369	0.03434	0.01129	0.01355	0.00875	0.00741	0.00515	0.00247	0.00649	0.00452	0.00480	0.00861

[dist]
# distance from previous block
# <min> <max>
0	1

[block]
# block no. 11 follows, 24 sequences, length 8
# corresponding to MSA columns:
# 365-372
name=unknown_L
#
# <colnr> <probs for GDERKNQSTAVLIFYWHMCP>
#	G	D	E	R	K	N	Q	S	T	A	V	L	I	F	Y	W	H	M	C	P
0	0.01174	0.00946	0.01226	0.05180	0.01588	0.00997	0.00985	0.01530	0.05781	0.02248	0.09079	0.32544	0.15984	0.02012	0.01117	0.00307	0.06689	0.09181	0.00694	0.00740
1	0.17191	0.06368	0.04572	0.01671	0.02103	0.28958	0.03770	0.04457	0.01861	0.02433	0.04166	0.01953	0.01459	0.01792	0.13570	0.00420	0.01291	0.00619	0.00453	0.00895
2	0.01895	0.02086	0.03480	0.07051	0.03336	0.08223	0.32383	0.02345	0.01673	0.02256	0.01373	0.01926	0.01125	0.00912	0.01413	0.00280	0.22984	0.00787	0.00385	0.04086
3	0.01377	0.00689	0.01033	0.01033	0.01033	0.00689	0.00689	0.01033	0.01033	0.01377	0.01377	0.02410	0.01377	0.02755	0.03099	0.76928	0.00689	0.00689	0.00344	0.00344
4	0.02444	0.21861	0.02581	0.01678	0.02145	0.34076	0.01352	0.06214	0.07867	0.02201	0.01816	0.02070	0.04473	0.04971	0.00874	0.00238	0.01080	0.00627	0.00467	0.00963
5	0.02412	0.01768	0.01975	0.01601	0.02083	0.01915	0.01283	0.43594	0.02953	0.03989	0.02179	0.10861	0.01892	0.01686	0.07167	0.04791	0.00908	0.00907	0.00708	0.05327
6	0.02164	0.61249	0.08565	0.01464	0.02174	0.02983	0.01483	0.08086	0.01810	0.02199	0.01199	0.01359	0.01047	0.00709	0.00552	0.00182	0.00873	0.00462	0.00381	0.01059
7	0.09004	0.30409	0.24704	0.01757	0.02531	0.15007	0.01866	0.02565	0.01728	0.02248	0.01232	0.01437	0.01000	0.00735	0.00627	0.00210	0.01044	0.00495	0.00365	0.01036

[dist]
# distance from previous block
# <min> <max>
0	35

[block]
# block no. 12 follows, 24 sequences, length 8
# corresponding to MSA columns:
# 408-415
name=unknown_M
#
# <colnr> <probs for GDERKNQSTAVLIFYWHMCP>
#	G	D	E	R	K	N	Q	S	T	A	V	L	I	F	Y	W	H	M	C	P
0	0.01810	0.24851	0.38873	0.01872	0.02766	0.06675	0.02186	0.02436	0.01737	0.02326	0.06309	0.01859	0.01505	0.00801	0.00690	0.00223	0.01029	0.00596	0.00382	0.01075
1	0.02027	0.57827	0.09143	0.01525	0.02155	0.02940	0.01534	0.02325	0.01565	0.01924	0.01121	0.01365	0.01020	0.00777	0.00800	0.00199	0.09931	0.00472	0.00340	0.01011
2	0.23929	0.17624	0.02394	0.21259	0.02963	0.15688	0.01492	0.02422	0.01657	0.02415	0.01216	0.01551	0.00984	0.00756	0.00627	0.00226	0.00959	0.00524	0.00401	0.00912
3	0.06101	0.08972	0.53743	0.02112	0.03149	0.01898	0.05169	0.02449	0.01682	0.02553	0.04126	0.01818	0.01277	0.00779	0.00735	0.00245	0.01088	0.00615	0.00370	0.01120
4	0.01313	0.00699	0.01001	0.01017	0.01021	0.00695	0.00666	0.01055	0.01091	0.01454	0.01782	0.08759	0.01907	0.11729	0.03040	0.60423	0.00679	0.00884	0.00396	0.00388
5	0.11286	0.08708	0.46113	0.01954	0.02908	0.01950	0.02331	0.02699	0.09938	0.02698	0.01592	0.01761	0.01171	0.00787	0.00708	0.00246	0.01006	0.00594	0.00416	0.01131
6	0.01513	0.03679	0.59716	0.02117	0.03150	0.01693	0.02658	0.02337	0.01655	0.02451	0.01788	0.10333	0.01529	0.00968	0.00785	0.00260	0.01084	0.00793	0.00385	0.01107
7	0.16916	0.01413	0.04308	0.01304	0.01812	0.01286	0.01099	0.03036	0.07244	0.33668	0.16372	0.03103	0.02938	0.01071	0.00768	0.00248	0.00615	0.00864	0.00824	0.01112

[dist]
# distance from previous block
# <min> <max>
3	8

[block]
# block no. 13 follows, 24 sequences, length 13
# corresponding to MSA columns:
# 424-436
name=unknown_N
#
# <colnr> <probs for GDERKNQSTAVLIFYWHMCP>
#	G	D	E	R	K	N	Q	S	T	A	V	L	I	F	Y	W	H	M	C	P
0	0.02433	0.02030	0.06196	0.01685	0.02245	0.02050	0.01433	0.40899	0.04998	0.03970	0.02167	0.04773	0.04006	0.04816	0.01072	0.00268	0.05214	0.00802	0.00686	0.08257
1	0.12355	0.01410	0.01863	0.04156	0.02126	0.01393	0.06971	0.05142	0.09792	0.22093	0.08846	0.09850	0.02564	0.01112	0.00790	0.00249	0.00686	0.00955	0.00733	0.06914
2	0.08884	0.07455	0.29000	0.01666	0.02376	0.01676	0.01814	0.07058	0.05731	0.02890	0.13146	0.03200	0.05929	0.01086	0.00780	0.00253	0.00836	0.04647	0.00551	0.01023
3	0.08194	0.01421	0.01731	0.01355	0.01923	0.01323	0.01108	0.11888	0.02320	0.41018	0.05307	0.02976	0.07975	0.01047	0.00777	0.00237	0.00656	0.00838	0.00855	0.07049
4	0.24766	0.01717	0.05076	0.31377	0.03458	0.04640	0.01660	0.02317	0.05523	0.02605	0.01397	0.01821	0.01081	0.00826	0.00815	0.00256	0.05768	0.00609	0.00428	0.03858
5	0.12172	0.01451	0.01671	0.01339	0.01880	0.01410	0.01081	0.09269	0.10462	0.25187	0.10387	0.02687	0.02367	0.00970	0.00739	0.00226	0.00628	0.00776	0.00773	0.14525
6	0.10522	0.01738	0.03090	0.28027	0.04045	0.01947	0.24785	0.02234	0.01611	0.02376	0.01394	0.01974	0.01085	0.00824	0.01065	0.00275	0.10921	0.00756	0.00386	0.00946
7	0.01055	0.00798	0.01002	0.01055	0.01215	0.00723	0.00743	0.01251	0.01620	0.02180	0.10592	0.41828	0.14859	0.04500	0.05627	0.00365	0.00575	0.01791	0.00697	0.07524
8	0.01674	0.08371	0.05478	0.28540	0.04082	0.01959	0.23725	0.02187	0.01658	0.02198	0.01607	0.06376	0.01365	0.00890	0.00968	0.00266	0.06458	0.00852	0.00391	0.00953
9	0.02275	0.10456	0.02203	0.10571	0.02499	0.32319	0.01404	0.08224	0.02068	0.02219	0.02054	0.07594	0.05616	0.06001	0.00978	0.00264	0.01079	0.00797	0.00480	0.00898
10	0.01776	0.01327	0.01536	0.01331	0.01674	0.01371	0.01018	0.22265	0.02193	0.02988	0.02795	0.16135	0.06283	0.11346	0.12829	0.00486	0.00931	0.01116	0.00637	0.09964
11	0.01353	0.00906	0.01044	0.01073	0.01189	0.03327	0.00720	0.01484	0.01561	0.08075	0.08040	0.34251	0.06528	0.24484	0.01940	0.00446	0.00607	0.01621	0.00674	0.00676
12	0.02051	0.01688	0.01775	0.04064	0.02020	0.09074	0.01208	0.10404	0.11311	0.09134	0.07540	0.03062	0.08009	0.03939	0.05134	0.00320	0.07291	0.00860	0.00640	0.10476

[dist]
# distance from previous block
# <min> <max>
15	60

[block]
# block no. 14 follows, 24 sequences, length 44
# corresponding to MSA columns:
# 497-540
name=unknown_O
#
# <colnr> <probs for GDERKNQSTAVLIFYWHMCP>
#	G	D	E	R	K	N	Q	S	T	A	V	L	I	F	Y	W	H	M	C	P
0	0.02200	0.66308	0.03996	0.01399	0.02073	0.03077	0.01370	0.07939	0.01801	0.02146	0.01174	0.01329	0.01047	0.00703	0.00534	0.00176	0.00850	0.00450	0.00380	0.01047
1	0.02856	0.01852	0.13403	0.11078	0.02746	0.01404	0.01619	0.03392	0.05086	0.44271	0.02599	0.02453	0.01693	0.00920	0.00790	0.00250	0.00812	0.00753	0.00774	0.01249
2	0.04476	0.01466	0.02354	0.52332	0.04643	0.01723	0.04999	0.05521	0.01789	0.08184	0.03849	0.02259	0.01376	0.00839	0.00794	0.00260	0.00987	0.00740	0.00457	0.00951
3	0.51867	0.01706	0.04366	0.06011	0.02031	0.01852	0.01147	0.06161	0.12593	0.03446	0.01550	0.01684	0.01175	0.00811	0.00595	0.00251	0.00686	0.00552	0.00546	0.00970
4	0.01152	0.00773	0.00886	0.00886	0.00893	0.00780	0.00506	0.01167	0.01159	0.01553	0.02479	0.05084	0.02837	0.68763	0.07342	0.00795	0.00838	0.01138	0.00478	0.00492
5	0.01614	0.07088	0.65238	0.02221	0.03371	0.01898	0.02861	0.02505	0.01671	0.02483	0.01409	0.01657	0.01005	0.00750	0.00743	0.00248	0.01158	0.00579	0.00335	0.01165
6	0.01678	0.11988	0.54837	0.02251	0.03331	0.02009	0.08238	0.02498	0.01684	0.02438	0.01402	0.01668	0.01024	0.00737	0.00741	0.00243	0.01149	0.00598	0.00341	0.01145
7	0.00985	0.00698	0.00914	0.01080	0.01121	0.00657	0.00710	0.01109	0.01481	0.01975	0.04180	0.64834	0.05004	0.09593	0.01321	0.00368	0.00492	0.02142	0.00710	0.00627
8	0.00964	0.00697	0.00913	0.01086	0.01146	0.00646	0.00728	0.01106	0.01535	0.02031	0.04586	0.67857	0.08863	0.02456	0.01008	0.00319	0.00457	0.02220	0.00736	0.00646
9	0.01718	0.17146	0.49785	0.02003	0.03008	0.02057	0.02459	0.04609	0.01764	0.02509	0.04841	0.01829	0.01362	0.00792	0.00717	0.00235	0.01056	0.00604	0.00380	0.01126
10	0.01791	0.01877	0.02850	0.05925	0.02704	0.06124	0.15616	0.02101	0.01444	0.02053	0.01258	0.01905	0.01130	0.01421	0.05781	0.00369	0.43629	0.00746	0.00367	0.00907
11	0.00974	0.00699	0.00912	0.01078	0.01133	0.00651	0.00717	0.01108	0.01515	0.02007	0.04460	0.65345	0.08133	0.05768	0.01152	0.00341	0.00472	0.02174	0.00724	0.00638
12	0.03492	0.01455	0.01906	0.01461	0.02077	0.01323	0.01207	0.11235	0.02447	0.60114	0.02980	0.02602	0.01888	0.00978	0.00797	0.00244	0.00699	0.00787	0.00959	0.01349
13	0.01652	0.12000	0.60659	0.02156	0.03271	0.01991	0.02748	0.02496	0.01667	0.02437	0.01386	0.01628	0.01006	0.00745	0.00725	0.00242	0.01135	0.00567	0.00335	0.01154
14	0.02560	0.01876	0.01868	0.01590	0.02086	0.10149	0.01256	0.10395	0.30804	0.19951	0.03088	0.02859	0.05793	0.01060	0.00799	0.00251	0.00754	0.00848	0.00796	0.01213
15	0.02083	0.65280	0.07653	0.01420	0.02116	0.03008	0.01441	0.02472	0.04738	0.01973	0.01224	0.01377	0.01085	0.00702	0.00537	0.00179	0.00856	0.00456	0.00362	0.01038
16	0.26874	0.02510	0.01917	0.01639	0.02141	0.25008	0.01296	0.20696	0.05426	0.03408	0.01479	0.01595	0.01131	0.00843	0.00670	0.00230	0.00969	0.00562	0.00565	0.01040
17	0.02321	0.01700	0.01877	0.01566	0.01997	0.01843	0.01231	0.42787	0.02953	0.03955	0.02660	0.22634	0.02572	0.04809	0.01013	0.00288	0.00746	0.01190	0.00761	0.01099
18	0.01498	0.01409	0.02378	0.70226	0.05462	0.01762	0.02202	0.02026	0.01586	0.02026	0.01409	0.02114	0.01057	0.00793	0.00793	0.00264	0.01057	0.00705	0.00352	0.00881
19	0.01498	0.01409	0.02378	0.70226	0.05462	0.01762	0.02202	0.02026	0.01586	0.02026	0.01409	0.02114	0.01057	0.00793	0.00793	0.00264	0.01057	0.00705	0.00352	0.00881
20	0.72781	0.01486	0.01142	0.01027	0.01504	0.01707	0.00842	0.02254	0.01379	0.03467	0.01551	0.01697	0.05115	0.00818	0.00520	0.00247	0.00600	0.00510	0.00507	0.00847
21	0.03558	0.01350	0.01840	0.01411	0.02024	0.01166	0.01166	0.03865	0.02270	0.67734	0.03128	0.02699	0.01963	0.00981	0.00797	0.00245	0.00675	0.00797	0.00981	0.01350
22	0.01644	0.01409	0.01644	0.01175	0.01879	0.01057	0.00940	0.01997	0.01644	0.02584	0.01409	0.01644	0.01175	0.00587	0.00587	0.00117	0.00587	0.00470	0.00470	0.76979
23	0.01644	0.01409	0.01644	0.01175	0.01879	0.01057	0.00940	0.01997	0.01644	0.02584	0.01409	0.01644	0.01175	0.00587	0.00587	0.00117	0.00587	0.00470	0.00470	0.76979
24	0.03477	0.01368	0.01838	0.01421	0.02026	0.01207	0.01170	0.03882	0.05501	0.64455	0.03133	0.02712	0.01986	0.00986	0.00798	0.00247	0.00672	0.00802	0.00973	0.01345
25	0.03370	0.01652	0.02027	0.01554	0.02175	0.01614	0.01284	0.24888	0.02775	0.45997	0.02704	0.02424	0.01750	0.00971	0.00796	0.00243	0.00743	0.00769	0.00916	0.01349
26	0.01242	0.00851	0.01104	0.01046	0.01246	0.00796	0.00782	0.01649	0.04213	0.05914	0.55780	0.12153	0.06856	0.01660	0.00933	0.00257	0.00404	0.01470	0.00862	0.00781
27	0.02947	0.02188	0.02342	0.01811	0.02434	0.02428	0.01491	0.60651	0.07728	0.04889	0.01989	0.01972	0.01418	0.00960	0.00794	0.00240	0.00857	0.00726	0.00794	0.01343
28	0.01260	0.00818	0.00933	0.00912	0.01001	0.00813	0.00589	0.03556	0.01539	0.02214	0.13647	0.08333	0.03598	0.41450	0.02624	0.00536	0.00619	0.01173	0.13777	0.00611
29	0.01109	0.00823	0.01040	0.01032	0.01212	0.00769	0.00766	0.01486	0.04184	0.02845	0.45315	0.17416	0.13265	0.01814	0.00950	0.00269	0.00413	0.03728	0.00827	0.00738
30	0.02459	0.05993	0.02560	0.14449	0.16674	0.40176	0.01832	0.02778	0.02011	0.02090	0.01309	0.01655	0.01077	0.00783	0.00734	0.00220	0.01236	0.00582	0.00392	0.00988
31	0.02817	0.06250	0.02384	0.01918	0.02394	0.34084	0.01520	0.25696	0.04899	0.03110	0.01526	0.01673	0.01192	0.00911	0.00876	0.00228	0.06268	0.00608	0.00556	0.01090
32	0.00966	0.00690	0.00920	0.01104	0.01150	0.00644	0.00736	0.01104	0.01518	0.02024	0.04371	0.71614	0.05245	0.02484	0.01012	0.00322	0.00460	0.02254	0.00736	0.00644
33	0.01644	0.01409	0.01644	0.01175	0.01879	0.01057	0.00940	0.01997	0.01644	0.02584	0.01409	0.01644	0.01175	0.00587	0.00587	0.00117	0.00587	0.00470	0.00470	0.76979
34	0.01494	0.01267	0.01938	0.42926	0.03852	0.01517	0.01695	0.05498	0.01689	0.02288	0.02106	0.15445	0.01971	0.01165	0.00893	0.00270	0.04028	0.01004	0.08105	0.00848
35	0.01055	0.00776	0.00988	0.01003	0.01161	0.00709	0.00726	0.01341	0.01986	0.02726	0.41892	0.24495	0.14379	0.01911	0.00957	0.00272	0.00402	0.01694	0.00817	0.00709
36	0.01179	0.00866	0.01027	0.00977	0.01215	0.00790	0.00735	0.01570	0.05103	0.05072	0.38510	0.08545	0.27994	0.01739	0.00928	0.00259	0.00410	0.01499	0.00821	0.00762
37	0.01072	0.00864	0.00962	0.00927	0.01177	0.00782	0.00698	0.01468	0.06092	0.02600	0.29350	0.06701	0.40842	0.01806	0.00928	0.00261	0.00406	0.01535	0.00791	0.00736
38	0.17456	0.09794	0.02463	0.02198	0.13977	0.09920	0.03856	0.16893	0.02186	0.06015	0.01544	0.01751	0.01200	0.00823	0.00751	0.00231	0.03363	0.00613	0.03874	0.01093
39	0.01744	0.12752	0.45052	0.02721	0.17456	0.02024	0.02609	0.02476	0.01695	0.02443	0.01396	0.01685	0.01062	0.00733	0.00728	0.00237	0.01077	0.00591	0.00348	0.01170
40	0.01815	0.31110	0.39389	0.01960	0.02917	0.02363	0.05560	0.02459	0.01660	0.02257	0.01306	0.01540	0.01020	0.00719	0.00666	0.00220	0.01052	0.00540	0.00340	0.01105
41	0.01837	0.06444	0.02662	0.02107	0.02221	0.06213	0.05373	0.02047	0.01337	0.01945	0.01088	0.01712	0.01048	0.01268	0.02263	0.00323	0.58188	0.00680	0.00353	0.00892
