[name]
unknown

[dist]
# distance from previous block
# <min> <max>
33	109

[block]
# block no. 0 follows, 27 sequences, length 7
# corresponding to MSA columns:
# 122-128
name=unknown_A
#
# <colnr> <probs for GDERKNQSTAVLIFYWHMCP>
#	G	D	E	R	K	N	Q	S	T	A	V	L	I	F	Y	W	H	M	C	P
0	0.01824	0.01762	0.01989	0.30721	0.03260	0.13255	0.01549	0.08515	0.04215	0.02331	0.01437	0.01826	0.01124	0.00776	0.00784	0.00213	0.05052	0.00600	0.04527	0.14239
1	0.01134	0.00919	0.01048	0.01027	0.01274	0.00869	0.00754	0.01651	0.12766	0.02271	0.09576	0.28399	0.23786	0.01715	0.00846	0.00252	0.00447	0.01492	0.00683	0.09090
2	0.02397	0.01719	0.01921	0.01541	0.02004	0.01880	0.01248	0.46549	0.02946	0.07437	0.09406	0.09935	0.02301	0.01133	0.00851	0.00237	0.03747	0.00901	0.00736	0.01111
3	0.03121	0.01599	0.01931	0.01480	0.02063	0.01589	0.01223	0.29615	0.02687	0.43003	0.02457	0.02220	0.01601	0.00907	0.00745	0.00227	0.00708	0.00714	0.00846	0.01263
4	0.02700	0.01930	0.02094	0.01643	0.02206	0.02125	0.01345	0.51006	0.14227	0.09789	0.02086	0.02010	0.01479	0.00913	0.00745	0.00228	0.00763	0.00704	0.00759	0.01248
5	0.01252	0.00928	0.01090	0.01070	0.01263	0.00914	0.00779	0.12171	0.01914	0.02536	0.14487	0.35505	0.16501	0.04778	0.01003	0.00285	0.00485	0.01603	0.00709	0.00728
6	0.02273	0.01448	0.01658	0.01343	0.01787	0.01475	0.01051	0.23412	0.10287	0.17870	0.02362	0.06690	0.01946	0.13249	0.01247	0.00304	0.00681	0.00834	0.00698	0.09383

[dist]
# distance from previous block
# <min> <max>
0	11

[block]
# block no. 1 follows, 27 sequences, length 6
# corresponding to MSA columns:
# 140-145
name=unknown_B
#
# <colnr> <probs for GDERKNQSTAVLIFYWHMCP>
#	G	D	E	R	K	N	Q	S	T	A	V	L	I	F	Y	W	H	M	C	P
0	0.01509	0.00885	0.01168	0.01098	0.01201	0.00918	0.00777	0.12003	0.01434	0.01916	0.01643	0.09070	0.01636	0.02272	0.02350	0.57740	0.00653	0.00791	0.00428	0.00507
1	0.11577	0.01281	0.01346	0.08013	0.01767	0.07846	0.00963	0.05025	0.01752	0.11789	0.15657	0.12348	0.03090	0.12894	0.01241	0.00316	0.00668	0.01015	0.00617	0.00793
2	0.02088	0.08009	0.02044	0.08269	0.02262	0.04445	0.01249	0.29662	0.02420	0.03249	0.05413	0.04730	0.04109	0.00897	0.00693	0.00198	0.00737	0.00708	0.00585	0.18233
3	0.01814	0.01771	0.08042	0.13417	0.02772	0.01538	0.07715	0.16198	0.01981	0.02817	0.01440	0.01714	0.01106	0.00678	0.00669	0.00182	0.00798	0.00578	0.00471	0.34301
4	0.04871	0.39653	0.06527	0.01482	0.02097	0.02343	0.05175	0.06044	0.12812	0.09916	0.01661	0.01705	0.01293	0.00748	0.00602	0.00198	0.00777	0.00561	0.00489	0.01046
5	0.02153	0.04598	0.02062	0.05206	0.04279	0.01538	0.06573	0.20324	0.02186	0.13032	0.01955	0.06182	0.01544	0.00856	0.00694	0.00200	0.00713	0.00723	0.07343	0.17840

[dist]
# distance from previous block
# <min> <max>
0	6

[block]
# block no. 2 follows, 27 sequences, length 14
# corresponding to MSA columns:
# 152-165
name=unknown_C
#
# <colnr> <probs for GDERKNQSTAVLIFYWHMCP>
#	G	D	E	R	K	N	Q	S	T	A	V	L	I	F	Y	W	H	M	C	P
0	0.02059	0.42695	0.07784	0.01501	0.02073	0.12134	0.01403	0.05232	0.11501	0.02122	0.01392	0.01514	0.01161	0.00752	0.00655	0.00192	0.03925	0.00506	0.00409	0.00990
1	0.06497	0.23557	0.09789	0.02043	0.13852	0.04294	0.01588	0.11930	0.04894	0.06039	0.03669	0.01745	0.01334	0.00791	0.00742	0.00212	0.04921	0.00586	0.00467	0.01051
2	0.01401	0.00849	0.01193	0.01133	0.01304	0.00909	0.00854	0.01615	0.01308	0.11748	0.02200	0.03258	0.02027	0.18942	0.46741	0.00953	0.01526	0.00847	0.00486	0.00708
3	0.39138	0.02022	0.01458	0.04325	0.01827	0.24299	0.01050	0.02311	0.01673	0.02719	0.11134	0.01926	0.01780	0.00839	0.00602	0.00218	0.00810	0.00577	0.00482	0.00808
4	0.79154	0.01436	0.01091	0.00976	0.01436	0.01665	0.00804	0.02182	0.01263	0.03331	0.01034	0.01206	0.00804	0.00689	0.00459	0.00230	0.00574	0.00402	0.00459	0.00804
5	0.01327	0.00745	0.01052	0.00987	0.01084	0.00696	0.00680	0.01101	0.01052	0.01457	0.01294	0.02150	0.01261	0.02278	0.02553	0.66804	0.00631	0.00614	0.00340	0.11895
6	0.07182	0.11581	0.04614	0.01392	0.01971	0.01655	0.01213	0.17474	0.02278	0.35972	0.05612	0.02218	0.01757	0.00883	0.00697	0.00219	0.00696	0.00684	0.00742	0.01159
7	0.01086	0.00870	0.01151	0.11498	0.01702	0.00877	0.00884	0.01321	0.01571	0.02100	0.16792	0.21365	0.16182	0.10897	0.01282	0.00314	0.03044	0.01361	0.00604	0.05100
8	0.01231	0.00916	0.01104	0.01046	0.01277	0.00879	0.00772	0.01760	0.11584	0.04521	0.30011	0.19514	0.09802	0.04841	0.00976	0.00264	0.00446	0.01350	0.00726	0.06982
9	0.01653	0.05852	0.33050	0.02117	0.02981	0.05202	0.18409	0.02285	0.01633	0.02319	0.01350	0.01644	0.01022	0.00653	0.00705	0.00208	0.01023	0.00599	0.00359	0.16937
10	0.02227	0.11182	0.04968	0.01395	0.01914	0.01632	0.01195	0.17964	0.04141	0.17927	0.02206	0.12464	0.01874	0.01036	0.00767	0.00216	0.03126	0.00830	0.00642	0.12294
11	0.01656	0.03996	0.08546	0.04204	0.02083	0.01272	0.01190	0.04803	0.01623	0.04449	0.01364	0.01593	0.01098	0.00636	0.00671	0.00148	0.03918	0.00487	0.00441	0.55823
12	0.01734	0.01458	0.06420	0.01721	0.11731	0.01228	0.01234	0.04477	0.09599	0.10564	0.12376	0.05312	0.06252	0.00977	0.00723	0.00204	0.00611	0.00836	0.02425	0.20118
13	0.01762	0.01746	0.07073	0.07064	0.02369	0.03285	0.06403	0.12027	0.03877	0.02622	0.03498	0.01926	0.01354	0.03214	0.01023	0.00219	0.10898	0.00626	0.00468	0.28546

[dist]
# distance from previous block
# <min> <max>
14	25

[block]
# block no. 3 follows, 27 sequences, length 8
# corresponding to MSA columns:
# 192-199
name=unknown_D
#
# <colnr> <probs for GDERKNQSTAVLIFYWHMCP>
#	G	D	E	R	K	N	Q	S	T	A	V	L	I	F	Y	W	H	M	C	P
0	0.66606	0.01541	0.01278	0.01097	0.01578	0.01770	0.00904	0.12806	0.01629	0.03552	0.01157	0.01301	0.00879	0.00722	0.00506	0.00229	0.00614	0.00446	0.00506	0.00879
1	0.02225	0.01579	0.01755	0.01459	0.01916	0.01718	0.01166	0.24550	0.27438	0.11801	0.13423	0.02865	0.02656	0.01041	0.00770	0.00236	0.00631	0.00853	0.00781	0.01137
2	0.02606	0.01871	0.01997	0.01555	0.02086	0.02060	0.01277	0.57027	0.03200	0.04392	0.01878	0.01930	0.01359	0.00887	0.00709	0.00215	0.00746	0.00672	0.12355	0.01177
3	0.01089	0.00722	0.00939	0.01003	0.01129	0.00660	0.00707	0.01289	0.01660	0.06369	0.20838	0.46326	0.10475	0.01996	0.00911	0.00276	0.00418	0.01786	0.00736	0.00671
4	0.08214	0.01183	0.01545	0.01226	0.01719	0.01060	0.00999	0.03111	0.02060	0.52892	0.14893	0.02988	0.02713	0.01013	0.00750	0.00230	0.00576	0.00832	0.00868	0.01128
5	0.01991	0.00957	0.01264	0.01100	0.01432	0.00846	0.00854	0.02265	0.01967	0.31419	0.24757	0.15170	0.10017	0.01421	0.00832	0.00244	0.00486	0.01229	0.00829	0.00920
6	0.14164	0.00903	0.01064	0.01068	0.01295	0.00883	0.00805	0.01689	0.01617	0.12232	0.11323	0.34279	0.07168	0.01709	0.00832	0.00272	0.00493	0.06753	0.00700	0.00752
7	0.00956	0.00701	0.00870	0.00935	0.01044	0.00644	0.00644	0.01138	0.01606	0.02142	0.21021	0.37135	0.16515	0.09658	0.01218	0.00320	0.00431	0.01709	0.00696	0.00616

[dist]
# distance from previous block
# <min> <max>
0	3

[block]
# block no. 4 follows, 27 sequences, length 18
# corresponding to MSA columns:
# 203-220
name=unknown_E
#
# <colnr> <probs for GDERKNQSTAVLIFYWHMCP>
#	G	D	E	R	K	N	Q	S	T	A	V	L	I	F	Y	W	H	M	C	P
0	0.03229	0.01427	0.01824	0.01398	0.01976	0.01333	0.01155	0.16251	0.02398	0.56775	0.02700	0.02378	0.01723	0.00913	0.00746	0.00228	0.00669	0.00731	0.00884	0.01263
1	0.01297	0.01088	0.01622	0.01459	0.01613	0.01316	0.04661	0.03570	0.01335	0.01961	0.04477	0.02632	0.01806	0.03802	0.43273	0.00829	0.18155	0.00780	0.03586	0.00738
2	0.01058	0.00724	0.00840	0.00846	0.00876	0.00722	0.00506	0.01103	0.01169	0.01559	0.04795	0.08029	0.06499	0.59922	0.07788	0.00690	0.00759	0.01143	0.00482	0.00488
3	0.08341	0.01818	0.01958	0.01555	0.02081	0.01988	0.01266	0.48087	0.06231	0.09595	0.02079	0.07960	0.01636	0.01006	0.00740	0.00232	0.00739	0.00786	0.00732	0.01168
4	0.01131	0.00725	0.00913	0.00982	0.01093	0.00667	0.00668	0.01267	0.01480	0.07428	0.05994	0.46098	0.12850	0.13446	0.01367	0.00353	0.00483	0.01742	0.00674	0.00639
5	0.02477	0.01837	0.02026	0.01611	0.02118	0.02045	0.01318	0.52872	0.05750	0.04102	0.01869	0.02019	0.01407	0.01706	0.12905	0.00392	0.01010	0.00697	0.00683	0.01155
6	0.01560	0.01492	0.02595	0.52202	0.12568	0.01720	0.10268	0.04773	0.01629	0.02140	0.01372	0.01957	0.01041	0.00724	0.00758	0.00243	0.01003	0.00688	0.00358	0.00908
7	0.01922	0.01980	0.02874	0.10688	0.50606	0.11433	0.05153	0.02342	0.01731	0.02287	0.01359	0.01789	0.01125	0.00682	0.00733	0.00220	0.00974	0.00646	0.00366	0.01089
8	0.79154	0.01436	0.01091	0.00976	0.01436	0.01665	0.00804	0.02182	0.01263	0.03331	0.01034	0.01206	0.00804	0.00689	0.00459	0.00230	0.00574	0.00402	0.00459	0.00804
9	0.01088	0.00735	0.00889	0.00889	0.00926	0.00765	0.00559	0.01162	0.01125	0.01559	0.02265	0.04339	0.02478	0.55674	0.18506	0.00801	0.00985	0.01000	0.03746	0.00507
10	0.05093	0.07627	0.02566	0.23950	0.30222	0.05510	0.01888	0.06365	0.01755	0.02391	0.04686	0.01954	0.01369	0.00748	0.00708	0.00223	0.00888	0.00653	0.00404	0.01001
11	0.01026	0.00705	0.00818	0.00858	0.00884	0.00687	0.00513	0.01068	0.01199	0.01582	0.03084	0.20828	0.07564	0.52661	0.02935	0.00592	0.00630	0.01349	0.00521	0.00497
12	0.01676	0.01655	0.03046	0.22139	0.07210	0.01713	0.29349	0.05865	0.01718	0.02377	0.01478	0.01968	0.01136	0.00716	0.00851	0.00235	0.04368	0.00738	0.05039	0.06722
13	0.01199	0.00815	0.00933	0.00904	0.00968	0.00821	0.00564	0.05982	0.01344	0.01791	0.05315	0.09367	0.05518	0.53718	0.03071	0.04854	0.00674	0.01127	0.00506	0.00532
14	0.09961	0.01754	0.01991	0.11702	0.02501	0.07560	0.04828	0.17454	0.15001	0.08561	0.06255	0.02219	0.01748	0.00910	0.00806	0.00238	0.04156	0.00718	0.00607	0.01031
15	0.13253	0.06752	0.04070	0.07395	0.04547	0.12232	0.01361	0.24587	0.05541	0.03130	0.01851	0.02001	0.04869	0.01080	0.03972	0.00266	0.00903	0.00643	0.00543	0.01006
16	0.01618	0.01393	0.01768	0.05893	0.02112	0.01167	0.04512	0.06714	0.01689	0.02536	0.01446	0.03756	0.01220	0.00645	0.00606	0.00141	0.00632	0.00544	0.00459	0.61150
17	0.01193	0.00853	0.01045	0.01092	0.01209	0.00851	0.00762	0.09499	0.01669	0.02234	0.06064	0.48630	0.04157	0.13313	0.01364	0.00356	0.00531	0.03845	0.00663	0.00670

[dist]
# distance from previous block
# <min> <max>
6	9

[block]
# block no. 5 follows, 27 sequences, length 6
# corresponding to MSA columns:
# 230-235
name=unknown_F
#
# <colnr> <probs for GDERKNQSTAVLIFYWHMCP>
#	G	D	E	R	K	N	Q	S	T	A	V	L	I	F	Y	W	H	M	C	P
0	0.02067	0.02115	0.07069	0.05141	0.02266	0.18025	0.05092	0.10221	0.15995	0.07235	0.10246	0.02743	0.06557	0.00991	0.00758	0.00229	0.00850	0.00806	0.00603	0.00991
1	0.04989	0.10802	0.33823	0.02065	0.10232	0.01833	0.02013	0.09620	0.04682	0.05085	0.06593	0.01953	0.01548	0.00795	0.00694	0.00224	0.00890	0.00632	0.00453	0.01076
2	0.02187	0.02067	0.07824	0.01595	0.02112	0.12503	0.01352	0.10594	0.29854	0.10255	0.02347	0.02445	0.01784	0.00931	0.00732	0.00229	0.00782	0.03302	0.00650	0.06455
3	0.01774	0.06081	0.19108	0.14034	0.15021	0.01708	0.01883	0.07758	0.08972	0.06572	0.04471	0.02338	0.05358	0.00858	0.00731	0.00232	0.00848	0.00721	0.00486	0.01048
4	0.11422	0.05810	0.12374	0.09870	0.02531	0.11981	0.01536	0.09959	0.16565	0.08143	0.01805	0.01887	0.01334	0.00818	0.00682	0.00228	0.00861	0.00620	0.00537	0.01037
5	0.05484	0.23245	0.07860	0.05790	0.09660	0.02070	0.05975	0.15375	0.01974	0.02714	0.05964	0.01931	0.01526	0.00959	0.03323	0.00244	0.00862	0.00631	0.03408	0.01003

[dist]
# distance from previous block
# <min> <max>
18	43

[block]
# block no. 6 follows, 27 sequences, length 57
# corresponding to MSA columns:
# 286-342
name=unknown_G
#
# <colnr> <probs for GDERKNQSTAVLIFYWHMCP>
#	G	D	E	R	K	N	Q	S	T	A	V	L	I	F	Y	W	H	M	C	P
0	0.09105	0.01796	0.01916	0.01673	0.05842	0.05245	0.01269	0.32547	0.10306	0.08032	0.01977	0.05564	0.01552	0.01067	0.02938	0.00252	0.00784	0.00722	0.00656	0.06757
1	0.09520	0.05851	0.04060	0.01427	0.05525	0.01409	0.01107	0.06907	0.13209	0.13796	0.22745	0.03127	0.03214	0.01041	0.00733	0.00225	0.00582	0.00862	0.00694	0.03966
2	0.06987	0.01892	0.06071	0.01713	0.05474	0.01872	0.01391	0.34270	0.10391	0.16673	0.02045	0.01991	0.01436	0.00864	0.00720	0.00225	0.00751	0.00673	0.00707	0.03853
3	0.06737	0.01762	0.08183	0.11596	0.09093	0.01711	0.01535	0.17170	0.15176	0.07702	0.07791	0.02533	0.01985	0.00933	0.00744	0.00238	0.00756	0.02679	0.00611	0.01066
4	0.15143	0.13298	0.24439	0.01882	0.07228	0.06028	0.06699	0.02192	0.01584	0.02416	0.06316	0.04020	0.01549	0.00962	0.03065	0.00255	0.00927	0.00644	0.00404	0.00949
5	0.01843	0.01860	0.02592	0.08961	0.47130	0.11262	0.01961	0.02243	0.01780	0.02364	0.09170	0.02208	0.01806	0.00781	0.00743	0.00220	0.00892	0.00715	0.00419	0.01050
6	0.01374	0.01051	0.01455	0.07703	0.01856	0.01033	0.04318	0.01798	0.07724	0.06836	0.05557	0.34066	0.04976	0.01527	0.00879	0.00252	0.03034	0.01355	0.00617	0.12589
7	0.17687	0.02493	0.29854	0.01984	0.05128	0.01731	0.09974	0.02180	0.01462	0.02471	0.01270	0.01609	0.00990	0.00926	0.03330	0.00273	0.10093	0.00578	0.00366	0.05600
8	0.01439	0.01353	0.02170	0.57903	0.04458	0.01659	0.01906	0.01882	0.01451	0.01932	0.01281	0.01900	0.00998	0.00787	0.00913	0.00244	0.08912	0.00639	0.00339	0.07834
9	0.01035	0.03321	0.01070	0.05129	0.01333	0.00805	0.00747	0.01325	0.01881	0.02482	0.38004	0.05821	0.31190	0.01586	0.00855	0.00239	0.00414	0.01359	0.00720	0.00687
10	0.01354	0.01079	0.01290	0.01354	0.06582	0.01090	0.00942	0.02131	0.20207	0.04896	0.18211	0.10100	0.22916	0.01473	0.00838	0.00251	0.00491	0.03217	0.00718	0.00859
11	0.01140	0.00869	0.00981	0.00927	0.01186	0.00798	0.00701	0.01574	0.08440	0.05025	0.25348	0.08704	0.36250	0.01629	0.00854	0.00243	0.00406	0.01387	0.00737	0.02803
12	0.02014	0.01504	0.01746	0.03753	0.02023	0.01373	0.01080	0.16929	0.06118	0.09311	0.01681	0.01779	0.01274	0.00697	0.00632	0.00160	0.00636	0.00553	0.00569	0.46169
13	0.01186	0.00783	0.00993	0.00926	0.01102	0.00723	0.00675	0.01464	0.01909	0.06798	0.50042	0.05343	0.09783	0.13460	0.01347	0.00315	0.00430	0.01276	0.00755	0.00689
14	0.05859	0.01392	0.01697	0.01309	0.01867	0.01285	0.01067	0.14575	0.02195	0.36872	0.04648	0.04680	0.01826	0.00899	0.00706	0.00207	0.00630	0.00724	0.00759	0.16803
15	0.01262	0.00803	0.01057	0.00975	0.01183	0.00734	0.00737	0.01598	0.02078	0.09290	0.60155	0.07835	0.06434	0.01491	0.00866	0.00236	0.00380	0.01315	0.00822	0.00750
16	0.01985	0.74357	0.03890	0.01270	0.01905	0.02937	0.01270	0.02223	0.01508	0.01747	0.01032	0.01191	0.00953	0.00635	0.00476	0.00159	0.00794	0.00397	0.00318	0.00953
17	0.02849	0.01920	0.02115	0.01634	0.02215	0.02080	0.01346	0.52980	0.06945	0.15140	0.02039	0.01959	0.01413	0.00902	0.00744	0.00226	0.00774	0.00691	0.00772	0.01258
18	0.02228	0.01669	0.01686	0.01474	0.01912	0.08144	0.01154	0.03689	0.45007	0.17069	0.02800	0.02584	0.02037	0.00960	0.00735	0.00238	0.00657	0.00779	0.04034	0.01144
19	0.01752	0.02003	0.04380	0.03129	0.03880	0.01877	0.66583	0.02378	0.01752	0.02378	0.01502	0.02003	0.01126	0.00626	0.00876	0.00250	0.01252	0.00876	0.00375	0.01001
20	0.01632	0.06689	0.17762	0.06107	0.06177	0.01796	0.38195	0.02232	0.01657	0.02275	0.01623	0.07341	0.01363	0.00781	0.00809	0.00244	0.01100	0.00853	0.00380	0.00986
21	0.01506	0.06315	0.67741	0.02086	0.03167	0.01767	0.02691	0.02347	0.01565	0.02330	0.01322	0.01554	0.00941	0.00703	0.00697	0.00232	0.01086	0.00543	0.00314	0.01092
22	0.03331	0.01263	0.01723	0.01321	0.01895	0.01091	0.01091	0.03618	0.02125	0.69794	0.02929	0.02527	0.01838	0.00919	0.00747	0.00230	0.00632	0.00747	0.00919	0.01263
23	0.00910	0.00679	0.00848	0.00963	0.01063	0.00616	0.00662	0.01070	0.01536	0.02006	0.10046	0.53282	0.19289	0.02162	0.00926	0.00285	0.00412	0.01928	0.00699	0.00616
24	0.02227	0.01513	0.01710	0.01441	0.01830	0.05579	0.03134	0.23620	0.04797	0.16222	0.02589	0.15227	0.02353	0.09651	0.01146	0.00302	0.00731	0.04242	0.00698	0.00988
25	0.01305	0.00812	0.01060	0.00986	0.01202	0.00742	0.00756	0.01594	0.01977	0.10038	0.48166	0.05346	0.11885	0.01579	0.00986	0.04699	0.00420	0.04935	0.00780	0.00732
26	0.00904	0.00646	0.00861	0.01034	0.01077	0.00603	0.00689	0.01034	0.01421	0.01895	0.04092	0.73426	0.04910	0.02326	0.00948	0.00301	0.00431	0.02110	0.00689	0.00603
27	0.01820	0.01870	0.06445	0.04432	0.65898	0.01762	0.02302	0.02282	0.01684	0.02422	0.01393	0.01824	0.01164	0.00664	0.00733	0.00221	0.00893	0.00656	0.00365	0.01172
28	0.01928	0.01853	0.02808	0.07543	0.54836	0.05739	0.02113	0.06246	0.05083	0.02532	0.01482	0.01859	0.01213	0.00702	0.00733	0.00222	0.00895	0.00660	0.00408	0.01145
29	0.00904	0.00646	0.00861	0.01034	0.01077	0.00603	0.00689	0.01034	0.01421	0.01895	0.04092	0.73426	0.04910	0.02326	0.00948	0.00301	0.00431	0.02110	0.00689	0.00603
30	0.01810	0.01925	0.08229	0.04367	0.64141	0.01761	0.02314	0.02284	0.01681	0.02420	0.01391	0.01816	0.01158	0.00665	0.00733	0.00222	0.00899	0.00653	0.00363	0.01170
31	0.00888	0.00752	0.00767	0.00763	0.01009	0.00631	0.00572	0.01086	0.01717	0.02065	0.11293	0.07046	0.65169	0.01858	0.00877	0.00250	0.00374	0.01553	0.00697	0.00631
32	0.00921	0.00757	0.00805	0.00811	0.01035	0.00658	0.00609	0.01116	0.01659	0.02021	0.09866	0.06845	0.56317	0.06305	0.03487	0.00315	0.00467	0.04710	0.00671	0.00624
33	0.01519	0.08055	0.66108	0.02065	0.03135	0.01797	0.02655	0.02343	0.01564	0.02315	0.01314	0.01545	0.00941	0.00701	0.00692	0.00231	0.01079	0.00540	0.00314	0.01089
34	0.05683	0.54727	0.18794	0.01448	0.02179	0.02599	0.01582	0.02250	0.01510	0.01962	0.01100	0.01277	0.00943	0.00654	0.00528	0.00180	0.00852	0.00432	0.00324	0.00978
35	0.01956	0.70335	0.07664	0.01318	0.01980	0.02868	0.01354	0.02230	0.01512	0.01781	0.01049	0.01212	0.00952	0.00639	0.00489	0.00163	0.00811	0.00406	0.00317	0.00961
36	0.01020	0.00754	0.00952	0.00911	0.01092	0.00686	0.00680	0.01339	0.02018	0.02797	0.57631	0.08104	0.16062	0.01599	0.00878	0.00238	0.00357	0.01402	0.00794	0.00686
37	0.01668	0.01817	0.08672	0.19118	0.24595	0.07636	0.01881	0.04537	0.01776	0.02352	0.07965	0.02968	0.02026	0.00957	0.00778	0.00242	0.00891	0.08715	0.00451	0.00955
38	0.16878	0.01314	0.01607	0.01270	0.01815	0.01240	0.01044	0.03379	0.05904	0.53855	0.02594	0.02304	0.01677	0.00883	0.00695	0.00231	0.00619	0.00690	0.00826	0.01175
39	0.06870	0.52296	0.06158	0.01420	0.02012	0.16812	0.01338	0.02379	0.01618	0.01884	0.01069	0.01238	0.00944	0.00668	0.00525	0.00173	0.00905	0.00420	0.00339	0.00931
40	0.01524	0.06746	0.64474	0.02181	0.05899	0.01777	0.02661	0.02343	0.01570	0.02328	0.01322	0.01563	0.00951	0.00701	0.00697	0.00231	0.01075	0.00547	0.00316	0.01094
41	0.00904	0.00646	0.00861	0.01034	0.01077	0.00603	0.00689	0.01034	0.01421	0.01895	0.04092	0.73426	0.04910	0.02326	0.00948	0.00301	0.00431	0.02110	0.00689	0.00603
42	0.01384	0.00692	0.00692	0.00692	0.00865	0.00692	0.00519	0.01730	0.01557	0.02768	0.02422	0.02768	0.01903	0.00865	0.00519	0.00173	0.00346	0.00692	0.78031	0.00692
43	0.02019	0.01680	0.01776	0.01546	0.01996	0.01927	0.01217	0.15065	0.56537	0.03384	0.02802	0.02595	0.02089	0.00987	0.00753	0.00247	0.00628	0.00809	0.00753	0.01191
44	0.01434	0.01352	0.02284	0.67212	0.09779	0.01658	0.02077	0.01924	0.01499	0.01935	0.01325	0.01969	0.01003	0.00736	0.00742	0.00245	0.00982	0.00660	0.00333	0.00850
45	0.01406	0.01424	0.05041	0.69221	0.05034	0.01652	0.02090	0.01916	0.01488	0.01916	0.01320	0.01962	0.00988	0.00741	0.00741	0.00247	0.00994	0.00655	0.00329	0.00836
46	0.01489	0.03840	0.70064	0.02116	0.03213	0.01724	0.02743	0.02351	0.01567	0.02351	0.01332	0.01567	0.00940	0.00705	0.00705	0.00235	0.01097	0.00549	0.00313	0.01097
47	0.01057	0.00786	0.01158	0.01164	0.01285	0.00904	0.00890	0.01301	0.01193	0.01711	0.02077	0.05275	0.02006	0.09791	0.64495	0.01135	0.01859	0.00855	0.00410	0.00647
48	0.03240	0.01279	0.01719	0.01324	0.01886	0.01125	0.01091	0.05978	0.02177	0.65205	0.04943	0.02592	0.01977	0.00936	0.00750	0.00230	0.00630	0.00762	0.00909	0.01246
49	0.01418	0.01336	0.02256	0.69561	0.07549	0.01654	0.02070	0.01911	0.01492	0.01917	0.01322	0.01974	0.00997	0.00739	0.00742	0.00246	0.00986	0.00660	0.00331	0.00838
50	0.01289	0.00645	0.00967	0.00967	0.00967	0.00645	0.00645	0.00967	0.00967	0.01289	0.01289	0.02257	0.01289	0.02579	0.02901	0.78401	0.00645	0.00645	0.00322	0.00322
51	0.00904	0.00649	0.00858	0.01025	0.01074	0.00604	0.00685	0.01035	0.01430	0.01899	0.04199	0.71348	0.06919	0.02312	0.00945	0.00300	0.00429	0.02093	0.00689	0.00604
52	0.01031	0.00755	0.00967	0.00921	0.01099	0.00691	0.00688	0.01361	0.02045	0.02860	0.61586	0.07757	0.12317	0.01574	0.00878	0.00237	0.00355	0.01385	0.00802	0.00691
53	0.01459	0.01372	0.02319	0.46698	0.16194	0.01576	0.05232	0.01958	0.03455	0.02052	0.01687	0.09581	0.01485	0.00898	0.00770	0.00249	0.00912	0.00831	0.00390	0.00884
54	0.01735	0.01190	0.03300	0.01251	0.01575	0.01126	0.01002	0.13618	0.06159	0.13195	0.05781	0.25669	0.12302	0.01606	0.00855	0.00266	0.00574	0.07175	0.00732	0.00889
55	0.02676	0.03112	0.02070	0.01832	0.02237	0.54522	0.01399	0.14124	0.02292	0.02316	0.01311	0.01514	0.01066	0.01082	0.05003	0.00258	0.01287	0.00531	0.00447	0.00919
56	0.02356	0.01759	0.01912	0.01561	0.02033	0.01936	0.01251	0.47405	0.10571	0.03983	0.02351	0.15101	0.02051	0.01169	0.00782	0.00241	0.00719	0.00954	0.00734	0.01131

[dist]
# distance from previous block
# <min> <max>
0	1

[block]
# block no. 7 follows, 27 sequences, length 10
# corresponding to MSA columns:
# 344-353
name=unknown_H
#
# <colnr> <probs for GDERKNQSTAVLIFYWHMCP>
#	G	D	E	R	K	N	Q	S	T	A	V	L	I	F	Y	W	H	M	C	P
0	0.00904	0.00646	0.00861	0.01034	0.01077	0.00603	0.00689	0.01034	0.01421	0.01895	0.04092	0.73426	0.04910	0.02326	0.00948	0.00301	0.00431	0.02110	0.00689	0.00603
1	0.01489	0.03840	0.70064	0.02116	0.03213	0.01724	0.02743	0.02351	0.01567	0.02351	0.01332	0.01567	0.00940	0.00705	0.00705	0.00235	0.01097	0.00549	0.00313	0.01097
2	0.01402	0.01319	0.02227	0.72126	0.05113	0.01649	0.02062	0.01897	0.01484	0.01897	0.01319	0.01979	0.00990	0.00742	0.00742	0.00247	0.00990	0.00660	0.00330	0.00825
3	0.02545	0.07509	0.02181	0.08127	0.02463	0.49204	0.01438	0.10338	0.02151	0.02200	0.01286	0.01502	0.01036	0.00774	0.00666	0.00197	0.01168	0.00521	0.03790	0.00904
4	0.01687	0.01314	0.01710	0.16859	0.02516	0.01146	0.01163	0.02049	0.01585	0.08986	0.01479	0.01735	0.01148	0.00629	0.00612	0.00152	0.00655	0.00519	0.00463	0.53594
5	0.01814	0.01788	0.02669	0.10328	0.50198	0.07896	0.02070	0.02228	0.01710	0.02300	0.01629	0.02483	0.01459	0.00822	0.00760	0.00233	0.00913	0.07237	0.00398	0.01064
6	0.01620	0.01634	0.02156	0.04582	0.02025	0.05684	0.01561	0.01801	0.01214	0.01794	0.01166	0.04455	0.01169	0.01496	0.05538	0.00356	0.59899	0.00705	0.00346	0.00800
7	0.01449	0.01358	0.02262	0.58017	0.11736	0.01650	0.02021	0.01915	0.01502	0.01965	0.01444	0.02270	0.01175	0.00825	0.00834	0.00253	0.04249	0.03869	0.00352	0.00855
8	0.00909	0.00743	0.00802	0.00810	0.01028	0.00636	0.00599	0.01117	0.01732	0.02154	0.17257	0.13456	0.52447	0.01865	0.00884	0.00253	0.00377	0.01584	0.00710	0.00636
9	0.01533	0.01151	0.01209	0.01075	0.01353	0.07160	0.00816	0.05118	0.02027	0.09675	0.36262	0.04679	0.14274	0.05934	0.01006	0.00257	0.00529	0.01146	0.00727	0.04070

[dist]
# distance from previous block
# <min> <max>
0	1

[block]
# block no. 8 follows, 27 sequences, length 41
# corresponding to MSA columns:
# 355-395
name=unknown_I
#
# <colnr> <probs for GDERKNQSTAVLIFYWHMCP>
#	G	D	E	R	K	N	Q	S	T	A	V	L	I	F	Y	W	H	M	C	P
0	0.02202	0.01546	0.04343	0.01339	0.01825	0.01508	0.01124	0.27683	0.05799	0.13203	0.02718	0.02719	0.09172	0.01192	0.03907	0.00259	0.00707	0.00780	0.11857	0.06119
1	0.01415	0.00979	0.01323	0.01428	0.08829	0.00929	0.00964	0.04939	0.02002	0.08864	0.35885	0.10714	0.11718	0.01477	0.00857	0.00246	0.00490	0.05383	0.00740	0.00816
2	0.02464	0.01450	0.01713	0.01394	0.01845	0.01478	0.01117	0.29593	0.02581	0.23752	0.09803	0.14366	0.02669	0.01207	0.00792	0.00239	0.00646	0.01006	0.00795	0.01092
3	0.00948	0.00685	0.00892	0.01022	0.01094	0.00630	0.00683	0.01079	0.01405	0.01892	0.03837	0.65319	0.04573	0.06919	0.01113	0.00319	0.00456	0.01959	0.00661	0.04515
4	0.02858	0.01902	0.02031	0.01581	0.02138	0.05452	0.01296	0.46267	0.03019	0.18793	0.02036	0.01975	0.01407	0.00889	0.00728	0.00220	0.00778	0.00677	0.04740	0.01213
5	0.79154	0.01436	0.01091	0.00976	0.01436	0.01665	0.00804	0.02182	0.01263	0.03331	0.01034	0.01206	0.00804	0.00689	0.00459	0.00230	0.00574	0.00402	0.00459	0.00804
6	0.02702	0.02027	0.02197	0.01708	0.02262	0.02273	0.01408	0.59711	0.07244	0.04437	0.01816	0.01834	0.01308	0.00919	0.00830	0.00230	0.04461	0.00678	0.00722	0.01234
7	0.01611	0.01338	0.03756	0.04298	0.06103	0.01331	0.01129	0.11696	0.16649	0.04944	0.27192	0.03949	0.10471	0.01221	0.00806	0.00237	0.00566	0.01042	0.00718	0.00944
8	0.01057	0.03732	0.01042	0.00912	0.01147	0.00827	0.00695	0.01435	0.06129	0.02463	0.32194	0.09373	0.33007	0.01647	0.00856	0.00243	0.00398	0.01408	0.00732	0.00704
9	0.02541	0.01503	0.01704	0.01361	0.01880	0.04517	0.01090	0.11682	0.13665	0.31374	0.02600	0.02518	0.03923	0.03914	0.00845	0.00234	0.00664	0.00736	0.00745	0.12505
10	0.03331	0.01263	0.01723	0.01321	0.01895	0.01091	0.01091	0.03618	0.02125	0.69794	0.02929	0.02527	0.01838	0.00919	0.00747	0.00230	0.00632	0.00747	0.00919	0.01263
11	0.01078	0.00726	0.00842	0.00842	0.00853	0.00737	0.00490	0.01100	0.01089	0.01463	0.02310	0.04696	0.02629	0.68218	0.09375	0.00759	0.00825	0.01056	0.00445	0.00468
12	0.02032	0.62711	0.07977	0.01389	0.02029	0.09677	0.01382	0.02306	0.01572	0.01793	0.01063	0.01230	0.00952	0.00653	0.00510	0.00167	0.00868	0.00415	0.00324	0.00953
13	0.01985	0.74357	0.03890	0.01270	0.01905	0.02937	0.01270	0.02223	0.01508	0.01747	0.01032	0.01191	0.00953	0.00635	0.00476	0.00159	0.00794	0.00397	0.00318	0.00953
14	0.00992	0.00757	0.00911	0.00872	0.01073	0.00675	0.00654	0.01287	0.01963	0.02647	0.48067	0.06088	0.28031	0.01641	0.00876	0.00239	0.00359	0.01419	0.00774	0.00675
15	0.24295	0.06685	0.04714	0.01822	0.08542	0.21178	0.01373	0.18030	0.02103	0.03014	0.01293	0.01456	0.01007	0.00754	0.00624	0.00212	0.00909	0.00518	0.00483	0.00987
16	0.01556	0.00991	0.01192	0.01059	0.01343	0.00958	0.00809	0.04943	0.09703	0.13253	0.33319	0.04771	0.14566	0.06941	0.01058	0.00274	0.00475	0.01174	0.00775	0.00839
17	0.05787	0.19015	0.37877	0.01831	0.04286	0.04242	0.02034	0.04349	0.05922	0.05987	0.01453	0.01600	0.01085	0.00726	0.00648	0.00216	0.00939	0.00541	0.00399	0.01063
18	0.01961	0.69599	0.03784	0.01315	0.01908	0.02894	0.01293	0.02194	0.01484	0.01749	0.01028	0.01219	0.00954	0.00679	0.00605	0.00170	0.05488	0.00413	0.00318	0.00943
19	0.01625	0.01396	0.01731	0.04798	0.02047	0.01144	0.03558	0.06138	0.01673	0.02539	0.01357	0.01596	0.01106	0.00585	0.00585	0.00130	0.00617	0.00483	0.00452	0.66443
20	0.02025	0.70746	0.03799	0.01303	0.01925	0.06404	0.01279	0.02261	0.01539	0.01750	0.01038	0.01198	0.00953	0.00642	0.00486	0.00160	0.00822	0.00401	0.00321	0.00948
21	0.01066	0.00725	0.00826	0.00826	0.00847	0.00725	0.00481	0.01091	0.01122	0.01488	0.02633	0.04898	0.06640	0.66137	0.06990	0.00715	0.00763	0.01095	0.00462	0.00471
22	0.12425	0.14599	0.28686	0.04522	0.04728	0.01784	0.04486	0.02432	0.01631	0.12405	0.04559	0.01821	0.01350	0.00757	0.00657	0.00221	0.00867	0.00590	0.00452	0.01027
23	0.02364	0.01693	0.01913	0.01549	0.02021	0.01873	0.01260	0.42701	0.08118	0.07749	0.01999	0.02171	0.01516	0.01989	0.17066	0.00451	0.01059	0.00716	0.00674	0.01116
24	0.00877	0.00752	0.00752	0.00752	0.01003	0.00627	0.00564	0.01065	0.01692	0.02005	0.07520	0.07144	0.68978	0.01880	0.00877	0.00251	0.00376	0.01567	0.00689	0.00627
25	0.01752	0.02003	0.04380	0.03129	0.03880	0.01877	0.66583	0.02378	0.01752	0.02378	0.01502	0.02003	0.01126	0.00626	0.00876	0.00250	0.01252	0.00876	0.00375	0.01001
26	0.02997	0.01328	0.01715	0.01335	0.01867	0.01227	0.01094	0.12767	0.02325	0.52531	0.10237	0.02758	0.02338	0.00983	0.00761	0.00229	0.00627	0.00802	0.00881	0.01199
27	0.00904	0.00646	0.00861	0.01034	0.01077	0.00603	0.00689	0.01034	0.01421	0.01895	0.04092	0.73426	0.04910	0.02326	0.00948	0.00301	0.00431	0.02110	0.00689	0.00603
28	0.03331	0.01263	0.01723	0.01321	0.01895	0.01091	0.01091	0.03618	0.02125	0.69794	0.02929	0.02527	0.01838	0.00919	0.00747	0.00230	0.00632	0.00747	0.00919	0.01263
29	0.01489	0.03840	0.70064	0.02116	0.03213	0.01724	0.02743	0.02351	0.01567	0.02351	0.01332	0.01567	0.00940	0.00705	0.00705	0.00235	0.01097	0.00549	0.00313	0.01097
30	0.03249	0.01310	0.01741	0.01344	0.01913	0.01170	0.01107	0.06145	0.04896	0.64451	0.02887	0.02507	0.01832	0.00921	0.00747	0.00230	0.00637	0.00747	0.00905	0.01260
31	0.79154	0.01436	0.01091	0.00976	0.01436	0.01665	0.00804	0.02182	0.01263	0.03331	0.01034	0.01206	0.00804	0.00689	0.00459	0.00230	0.00574	0.00402	0.00459	0.00804
32	0.00955	0.00753	0.00848	0.00826	0.01034	0.00660	0.00611	0.01197	0.01820	0.02354	0.31128	0.06405	0.41457	0.05445	0.01026	0.00268	0.00384	0.01454	0.00727	0.00646
33	0.01101	0.00916	0.00984	0.00953	0.01219	0.00877	0.00731	0.01678	0.14114	0.02370	0.15861	0.06147	0.43763	0.01671	0.00862	0.00253	0.00427	0.04608	0.00721	0.00743
34	0.01675	0.01378	0.01611	0.04027	0.01909	0.01180	0.00981	0.11217	0.01799	0.02668	0.01548	0.04975	0.01347	0.03202	0.00714	0.00161	0.00607	0.00580	0.00491	0.57931
35	0.02822	0.02079	0.02228	0.01708	0.02302	0.02302	0.01411	0.66804	0.03490	0.04679	0.01782	0.01782	0.01262	0.00891	0.00743	0.00223	0.00817	0.00668	0.00743	0.01262
36	0.01832	0.01778	0.03095	0.04471	0.65348	0.01771	0.06143	0.02284	0.01694	0.02422	0.01403	0.01847	0.01173	0.00659	0.00743	0.00222	0.00904	0.00674	0.00368	0.01165
37	0.00901	0.00658	0.00849	0.01001	0.01068	0.00606	0.00675	0.01037	0.01453	0.01908	0.04492	0.65680	0.12398	0.02274	0.00939	0.00296	0.00424	0.02047	0.00689	0.00606
38	0.02435	0.01809	0.01968	0.01570	0.02074	0.01974	0.01269	0.51262	0.06427	0.04126	0.04297	0.10940	0.01953	0.01087	0.00768	0.00231	0.00734	0.00873	0.00730	0.03472
39	0.42147	0.12189	0.01667	0.01127	0.01572	0.01658	0.02742	0.04908	0.01414	0.02742	0.01292	0.05100	0.01148	0.00974	0.00797	0.09075	0.00636	0.00545	0.00443	0.07825
40	0.05066	0.02274	0.10763	0.11276	0.31090	0.14110	0.01983	0.05790	0.06134	0.02442	0.01447	0.01765	0.01147	0.00730	0.00711	0.00223	0.00968	0.00616	0.00407	0.01058

[dist]
# distance from previous block
# <min> <max>
0	12

[block]
# block no. 9 follows, 27 sequences, length 33
# corresponding to MSA columns:
# 408-440
name=unknown_J
#
# <colnr> <probs for GDERKNQSTAVLIFYWHMCP>
#	G	D	E	R	K	N	Q	S	T	A	V	L	I	F	Y	W	H	M	C	P
0	0.23152	0.13274	0.11773	0.06180	0.02303	0.14507	0.01447	0.11591	0.01866	0.05758	0.01307	0.01472	0.00997	0.00740	0.00607	0.00213	0.00885	0.00506	0.00456	0.00966
1	0.01363	0.01116	0.01197	0.01193	0.03518	0.04971	0.00865	0.03902	0.10666	0.04586	0.18184	0.09239	0.23395	0.06946	0.01067	0.00285	0.00543	0.05500	0.00688	0.00777
2	0.01904	0.01968	0.04633	0.01455	0.01754	0.23655	0.01171	0.08535	0.01813	0.02305	0.01771	0.04688	0.01531	0.01968	0.16608	0.00431	0.05685	0.00687	0.16619	0.00819
3	0.01080	0.00720	0.00810	0.00810	0.00810	0.00720	0.00450	0.01080	0.01080	0.01439	0.02339	0.04858	0.02699	0.73910	0.03779	0.00720	0.00720	0.01080	0.00450	0.00450
4	0.01604	0.01327	0.01384	0.01243	0.01405	0.07649	0.00899	0.13486	0.01649	0.02155	0.02006	0.05632	0.02073	0.36083	0.10611	0.00582	0.08115	0.00905	0.00487	0.00704
5	0.01539	0.01319	0.01539	0.01100	0.01759	0.00990	0.00880	0.01869	0.01539	0.02419	0.01319	0.01539	0.01100	0.00550	0.00550	0.00110	0.00550	0.00440	0.00440	0.78449
6	0.01697	0.25415	0.45139	0.01932	0.05008	0.04482	0.02230	0.02330	0.01572	0.02149	0.01236	0.01453	0.00953	0.00684	0.00635	0.00210	0.01005	0.00503	0.00319	0.01047
7	0.01698	0.01558	0.02220	0.57329	0.04522	0.05508	0.01926	0.12084	0.01831	0.02327	0.01382	0.01914	0.01030	0.00767	0.00738	0.00241	0.00982	0.00651	0.00397	0.00895
8	0.01080	0.00720	0.00810	0.00810	0.00810	0.00720	0.00450	0.01080	0.01080	0.01439	0.02339	0.04858	0.02699	0.73910	0.03779	0.00720	0.00720	0.01080	0.00450	0.00450
9	0.00923	0.00740	0.00825	0.00834	0.01038	0.00641	0.00614	0.01143	0.01755	0.02226	0.21957	0.15621	0.45367	0.01852	0.00886	0.00253	0.00377	0.01585	0.00720	0.00641
10	0.02757	0.02017	0.02159	0.01662	0.02238	0.02230	0.01371	0.63882	0.03404	0.04593	0.01811	0.01827	0.01291	0.00890	0.00733	0.00221	0.00796	0.00669	0.04213	0.01237
11	0.01402	0.01319	0.02227	0.72126	0.05113	0.01649	0.02062	0.01897	0.01484	0.01897	0.01319	0.01979	0.00990	0.00742	0.00742	0.00247	0.00990	0.00660	0.00330	0.00825
12	0.01552	0.01847	0.08552	0.02596	0.03220	0.01598	0.47201	0.02091	0.01655	0.02261	0.01968	0.14621	0.01813	0.01154	0.04026	0.00301	0.01128	0.01066	0.00427	0.00923
13	0.02074	0.69520	0.03747	0.01274	0.01905	0.02815	0.01258	0.02315	0.01549	0.06249	0.01158	0.01279	0.01011	0.00654	0.00494	0.00163	0.00783	0.00420	0.00357	0.00973
14	0.00918	0.00656	0.00877	0.01049	0.01098	0.00614	0.00712	0.01057	0.01434	0.01910	0.04084	0.70450	0.04881	0.02313	0.00951	0.00303	0.00442	0.04954	0.00689	0.00607
15	0.00932	0.00759	0.00828	0.00824	0.01054	0.00655	0.00627	0.01164	0.01784	0.02232	0.20925	0.06854	0.51916	0.01809	0.00885	0.00252	0.00386	0.04753	0.00717	0.00646
16	0.05955	0.17835	0.09978	0.01733	0.02279	0.36948	0.01514	0.11247	0.02069	0.02313	0.01224	0.01387	0.00988	0.00745	0.00634	0.00195	0.01095	0.00491	0.00413	0.00957
17	0.01289	0.00645	0.00967	0.00967	0.00967	0.00645	0.00645	0.00967	0.00967	0.01289	0.01289	0.02257	0.01289	0.02579	0.02901	0.78401	0.00645	0.00645	0.00322	0.00322
18	0.01726	0.01650	0.02812	0.21860	0.52847	0.01735	0.02223	0.02181	0.01638	0.02290	0.01377	0.01874	0.01128	0.00682	0.00737	0.00227	0.00910	0.00661	0.00358	0.01086
19	0.02990	0.01277	0.01676	0.01314	0.01840	0.01162	0.01074	0.07155	0.05599	0.55638	0.09631	0.02805	0.02356	0.00983	0.00760	0.00231	0.00612	0.00808	0.00890	0.01201
20	0.01698	0.01945	0.07305	0.03201	0.18229	0.01787	0.41127	0.02239	0.01675	0.02325	0.01600	0.06318	0.01352	0.00779	0.00924	0.00250	0.04975	0.00874	0.00387	0.01011
21	0.00921	0.00676	0.00865	0.00982	0.01071	0.00620	0.00674	0.01089	0.01553	0.02062	0.13637	0.55041	0.13773	0.02153	0.00928	0.00285	0.00412	0.01930	0.00707	0.00620
22	0.01544	0.11676	0.62711	0.02022	0.03068	0.01859	0.02579	0.02337	0.01561	0.02284	0.01299	0.01526	0.00942	0.00698	0.00680	0.00227	0.01063	0.00532	0.00314	0.01081
23	0.01118	0.00777	0.01105	0.01105	0.01244	0.00886	0.00856	0.01397	0.01257	0.01908	0.02065	0.02890	0.01864	0.04737	0.58531	0.01013	0.01698	0.00777	0.14104	0.00668
24	0.12863	0.28511	0.26313	0.03851	0.04679	0.02164	0.07729	0.02268	0.01521	0.02266	0.01199	0.01440	0.00951	0.00670	0.00605	0.00208	0.00917	0.00510	0.00344	0.00989
25	0.01055	0.00722	0.00844	0.00847	0.00908	0.00698	0.00531	0.01160	0.01373	0.01871	0.16299	0.11114	0.08176	0.45819	0.02644	0.00536	0.00585	0.01244	0.03041	0.00534
26	0.01446	0.01255	0.05701	0.01592	0.06901	0.01203	0.01233	0.03532	0.03618	0.06328	0.14428	0.09924	0.06821	0.06083	0.01292	0.00308	0.11151	0.15765	0.00610	0.00810
27	0.01682	0.01356	0.01617	0.01203	0.01789	0.01150	0.00970	0.06022	0.01648	0.05558	0.01436	0.01676	0.01175	0.00892	0.04316	0.00191	0.04915	0.00499	0.00472	0.61434
28	0.51107	0.05118	0.13477	0.04475	0.01957	0.01709	0.01243	0.02278	0.05322	0.02995	0.03585	0.01549	0.01146	0.00740	0.00549	0.00230	0.00688	0.00498	0.00451	0.00882
29	0.05575	0.00792	0.00854	0.00862	0.01089	0.00715	0.00655	0.01221	0.01720	0.02266	0.17788	0.12014	0.44122	0.01791	0.00868	0.00257	0.00408	0.05651	0.00699	0.00652
30	0.01561	0.11286	0.04192	0.01404	0.03774	0.11750	0.01132	0.02083	0.10871	0.02195	0.06557	0.09036	0.17430	0.01388	0.00796	0.00247	0.00704	0.12180	0.00584	0.00827
31	0.01623	0.13324	0.44076	0.02317	0.11813	0.01866	0.05823	0.02296	0.01584	0.02281	0.01307	0.01572	0.00993	0.00676	0.00677	0.00216	0.01001	0.00553	0.00332	0.05669
32	0.01603	0.02856	0.36767	0.07275	0.07455	0.01780	0.26860	0.02327	0.01639	0.02336	0.01399	0.01775	0.01028	0.00675	0.00774	0.00241	0.01136	0.00687	0.00341	0.01047

[dist]
# distance from previous block
# <min> <max>
3	13

[block]
# block no. 10 follows, 27 sequences, length 12
# corresponding to MSA columns:
# 454-465
name=unknown_K
#
# <colnr> <probs for GDERKNQSTAVLIFYWHMCP>
#	G	D	E	R	K	N	Q	S	T	A	V	L	I	F	Y	W	H	M	C	P
0	0.01910	0.01714	0.02076	0.02461	0.23384	0.06922	0.01512	0.03101	0.33391	0.05699	0.02615	0.02754	0.05263	0.00952	0.00757	0.00239	0.00733	0.02800	0.00605	0.01112
1	0.01945	0.01996	0.02690	0.07292	0.49341	0.13331	0.02021	0.02419	0.04774	0.02346	0.03769	0.01932	0.01382	0.00728	0.00730	0.00219	0.00932	0.00662	0.00401	0.01089
2	0.01347	0.00827	0.01037	0.00980	0.01222	0.00739	0.00750	0.01619	0.01898	0.12841	0.31529	0.13198	0.22420	0.01642	0.00872	0.00251	0.00428	0.04867	0.00777	0.00756
3	0.38555	0.32460	0.02373	0.01158	0.01705	0.02214	0.01049	0.05831	0.01531	0.05876	0.01164	0.01294	0.00941	0.00688	0.00496	0.00199	0.00684	0.00431	0.00436	0.00914
4	0.01059	0.00751	0.00994	0.01005	0.01071	0.00810	0.00691	0.01193	0.01156	0.01604	0.02290	0.08475	0.02447	0.36933	0.35292	0.00915	0.01299	0.01014	0.00441	0.00560
5	0.01064	0.00779	0.01033	0.01178	0.01324	0.00748	0.00955	0.01321	0.01623	0.02095	0.04518	0.26947	0.14200	0.02104	0.00981	0.00316	0.00564	0.36910	0.00686	0.00652
6	0.01985	0.74357	0.03890	0.01270	0.01905	0.02937	0.01270	0.02223	0.01508	0.01747	0.01032	0.01191	0.00953	0.00635	0.00476	0.00159	0.00794	0.00397	0.00318	0.00953
7	0.01335	0.00908	0.01157	0.01114	0.01339	0.00890	0.00871	0.01879	0.10115	0.07845	0.40135	0.10437	0.05418	0.01558	0.00881	0.00259	0.00463	0.11820	0.00786	0.00792
8	0.01651	0.01574	0.02676	0.33498	0.41795	0.01715	0.02186	0.02115	0.01602	0.02199	0.01363	0.01898	0.01096	0.00696	0.00738	0.00232	0.00928	0.00661	0.00351	0.01025
9	0.01712	0.19040	0.36265	0.06349	0.02756	0.09628	0.02048	0.02277	0.01627	0.02148	0.05697	0.01750	0.01350	0.00775	0.00730	0.00217	0.03719	0.00571	0.00357	0.00984
10	0.00892	0.00740	0.00780	0.00796	0.01018	0.00629	0.00587	0.01083	0.01687	0.02056	0.11094	0.14679	0.57587	0.01908	0.00885	0.00255	0.00381	0.01615	0.00698	0.00629
11	0.06049	0.02404	0.02105	0.04120	0.07356	0.25283	0.01436	0.25094	0.10915	0.05529	0.01690	0.01770	0.01272	0.00833	0.00706	0.00217	0.00956	0.00616	0.00575	0.01075

[dist]
# distance from previous block
# <min> <max>
0	3

[block]
# block no. 11 follows, 27 sequences, length 76
# corresponding to MSA columns:
# 469-544
name=unknown_L
#
# <colnr> <probs for GDERKNQSTAVLIFYWHMCP>
#	G	D	E	R	K	N	Q	S	T	A	V	L	I	F	Y	W	H	M	C	P
0	0.02227	0.01520	0.01773	0.05464	0.02066	0.01588	0.01187	0.33709	0.02536	0.11729	0.02426	0.19439	0.02199	0.01210	0.00777	0.00235	0.00687	0.01012	0.00703	0.07514
1	0.01647	0.01115	0.01368	0.01118	0.01553	0.00941	0.00866	0.05092	0.01803	0.12202	0.14759	0.16190	0.03048	0.01141	0.00725	0.00192	0.00515	0.00984	0.00642	0.34100
2	0.35095	0.07229	0.22748	0.03757	0.02276	0.01703	0.04008	0.02309	0.01471	0.07021	0.01290	0.01475	0.00958	0.00696	0.00585	0.00221	0.00792	0.00497	0.00425	0.05444
3	0.00968	0.00678	0.00859	0.00960	0.01004	0.00646	0.00622	0.01082	0.01389	0.01868	0.09774	0.47388	0.04479	0.22670	0.01748	0.00414	0.00505	0.01743	0.00633	0.00569
4	0.01060	0.00731	0.00899	0.00910	0.00947	0.00752	0.00576	0.01137	0.01167	0.01589	0.04772	0.10046	0.02859	0.51602	0.17145	0.00765	0.00942	0.01115	0.00472	0.00515
5	0.01167	0.00841	0.01061	0.01104	0.01296	0.00811	0.00868	0.01573	0.06639	0.04507	0.20753	0.19267	0.15359	0.01829	0.00920	0.00282	0.00493	0.19779	0.00732	0.00718
6	0.01985	0.74357	0.03890	0.01270	0.01905	0.02937	0.01270	0.02223	0.01508	0.01747	0.01032	0.01191	0.00953	0.00635	0.00476	0.00159	0.00794	0.00397	0.00318	0.00953
7	0.01136	0.00821	0.01058	0.01159	0.01305	0.00804	0.00920	0.03519	0.01640	0.02139	0.06124	0.21129	0.11148	0.11034	0.01324	0.00363	0.00596	0.32465	0.00662	0.00651
8	0.01015	0.00784	0.01137	0.14369	0.01859	0.00814	0.00976	0.01225	0.01450	0.01914	0.03563	0.56272	0.04139	0.02013	0.00914	0.00294	0.00550	0.05444	0.00622	0.00649
9	0.03032	0.01245	0.01669	0.01337	0.01863	0.01116	0.01106	0.03438	0.06212	0.59109	0.03031	0.03105	0.02099	0.01033	0.00774	0.00242	0.00634	0.06866	0.00886	0.01202
10	0.62363	0.10808	0.04329	0.01078	0.01592	0.01801	0.00958	0.02266	0.01350	0.06384	0.01140	0.01284	0.00880	0.00694	0.00486	0.00221	0.00627	0.00424	0.00458	0.00858
11	0.01766	0.43249	0.33082	0.01643	0.02482	0.02402	0.01920	0.02279	0.01534	0.02013	0.01164	0.01357	0.00947	0.00666	0.00577	0.00192	0.00928	0.00464	0.00316	0.01016
12	0.01771	0.01737	0.02838	0.24152	0.39800	0.04615	0.07732	0.04246	0.01709	0.02312	0.01385	0.01871	0.01110	0.00694	0.00747	0.00230	0.00963	0.00672	0.00370	0.01047
13	0.02822	0.02079	0.02228	0.01708	0.02302	0.02302	0.01411	0.66804	0.03490	0.04679	0.01782	0.01782	0.01262	0.00891	0.00743	0.00223	0.00817	0.00668	0.00743	0.01262
