[name]
unknown

[dist]
# distance from previous block
# <min> <max>
0	31

[block]
# block no. 0 follows, 30 sequences, length 28
# corresponding to MSA columns:
# 31-58
name=unknown_A
#
# <colnr> <probs for GDERKNQSTAVLIFYWHMCP>
#	G	D	E	R	K	N	Q	S	T	A	V	L	I	F	Y	W	H	M	C	P
0	0.00897	0.00639	0.00851	0.00996	0.01055	0.00604	0.00696	0.01046	0.01380	0.01841	0.06486	0.60731	0.04527	0.05498	0.01019	0.00304	0.00443	0.09772	0.00642	0.00573
1	0.00867	0.00620	0.00825	0.00960	0.01016	0.00578	0.00649	0.01014	0.01414	0.01905	0.12009	0.66503	0.04856	0.02094	0.00882	0.00276	0.00396	0.01896	0.00662	0.00578
2	0.70766	0.01625	0.09668	0.01048	0.01553	0.01572	0.00978	0.02071	0.01222	0.03019	0.01006	0.01175	0.00771	0.00650	0.00460	0.00217	0.00600	0.00395	0.00415	0.00789
3	0.01723	0.53751	0.24551	0.01438	0.02168	0.02412	0.01618	0.02126	0.01435	0.01816	0.01057	0.01228	0.00892	0.00617	0.00514	0.00171	0.00834	0.00417	0.00297	0.00937
4	0.11477	0.63973	0.03270	0.01184	0.01751	0.05340	0.01147	0.02112	0.01412	0.01826	0.00975	0.01127	0.00879	0.00608	0.00453	0.00159	0.00741	0.00377	0.00317	0.00875
5	0.70699	0.01259	0.00999	0.00924	0.01308	0.01444	0.00743	0.01920	0.01206	0.02966	0.01322	0.10148	0.01227	0.00835	0.00488	0.00224	0.00523	0.00574	0.00458	0.00733
6	0.11041	0.01361	0.01992	0.58646	0.07325	0.04580	0.01778	0.01875	0.01404	0.01967	0.01204	0.01740	0.00916	0.00689	0.00662	0.00227	0.00892	0.00583	0.00329	0.00789
7	0.70717	0.01276	0.01037	0.00943	0.01337	0.01481	0.00770	0.01953	0.01180	0.02947	0.01081	0.01330	0.00876	0.01207	0.09250	0.00326	0.00702	0.00423	0.00425	0.00740
8	0.01002	0.00726	0.01012	0.01012	0.01099	0.00813	0.00736	0.01176	0.01089	0.01539	0.01969	0.03296	0.01985	0.26566	0.51707	0.00986	0.01507	0.00829	0.00389	0.00562
9	0.01571	0.30171	0.46798	0.01697	0.02569	0.02040	0.02070	0.02166	0.01453	0.02001	0.01149	0.01343	0.00888	0.00639	0.00584	0.00195	0.00927	0.00463	0.00296	0.00981
10	0.00850	0.00607	0.00810	0.00972	0.01012	0.00567	0.00648	0.00972	0.01336	0.01781	0.03846	0.75020	0.04615	0.02186	0.00891	0.00283	0.00405	0.01984	0.00648	0.00567
11	0.03131	0.01188	0.01619	0.01242	0.01781	0.01026	0.01026	0.03401	0.01997	0.71606	0.02753	0.02375	0.01727	0.00864	0.00702	0.00216	0.00594	0.00702	0.00864	0.01188
12	0.01283	0.01155	0.01904	0.63677	0.04267	0.01420	0.01748	0.01715	0.01396	0.01838	0.01496	0.07114	0.01250	0.00811	0.00697	0.00231	0.00852	0.00719	0.05674	0.00752
13	0.01636	0.01559	0.02651	0.13941	0.59124	0.01601	0.02056	0.02047	0.01552	0.02191	0.01399	0.04533	0.01214	0.00692	0.00699	0.00214	0.00827	0.00673	0.00352	0.01038
14	0.00850	0.00607	0.00810	0.00972	0.01012	0.00567	0.00648	0.00972	0.01336	0.01781	0.03846	0.75020	0.04615	0.02186	0.00891	0.00283	0.00405	0.01984	0.00648	0.00567
15	0.01421	0.06863	0.68790	0.01953	0.02965	0.01672	0.02516	0.02205	0.01471	0.02184	0.01240	0.01457	0.00884	0.00660	0.00653	0.00218	0.01018	0.00509	0.00295	0.01025
16	0.02179	0.01629	0.01764	0.01434	0.01892	0.01791	0.01156	0.40671	0.19293	0.05742	0.07574	0.04624	0.05084	0.00992	0.00722	0.00220	0.00647	0.00797	0.00708	0.01081
17	0.01581	0.01252	0.01644	0.01375	0.01629	0.04078	0.09759	0.10863	0.01670	0.02515	0.01930	0.08975	0.01682	0.00989	0.00939	0.00217	0.14256	0.00781	0.33084	0.00781
18	0.75149	0.01483	0.01090	0.00977	0.01404	0.06369	0.00796	0.02101	0.01241	0.03035	0.00979	0.01142	0.00765	0.00653	0.00445	0.00213	0.00588	0.00383	0.00427	0.00759
19	0.01013	0.00746	0.00951	0.00894	0.01071	0.00701	0.00672	0.01406	0.04845	0.02766	0.65265	0.05163	0.09021	0.01420	0.00818	0.00221	0.00340	0.01251	0.00761	0.00675
20	0.01212	0.00606	0.00909	0.00909	0.00909	0.00606	0.00606	0.00909	0.00909	0.01212	0.01212	0.02121	0.01212	0.02424	0.02727	0.79697	0.00606	0.00606	0.00303	0.00303
21	0.01318	0.01240	0.02093	0.73798	0.04806	0.01550	0.01938	0.01783	0.01395	0.01783	0.01240	0.01860	0.00930	0.00698	0.00698	0.00233	0.00930	0.00620	0.00310	0.00775
22	0.02080	0.01744	0.04550	0.01562	0.02065	0.01842	0.04337	0.26973	0.36087	0.05331	0.02243	0.02151	0.01648	0.00865	0.00703	0.00222	0.00677	0.00708	0.00669	0.03544
23	0.01212	0.00606	0.00909	0.00909	0.00909	0.00606	0.00606	0.00909	0.00909	0.01212	0.01212	0.02121	0.01212	0.02424	0.02727	0.79697	0.00606	0.00606	0.00303	0.00303
24	0.00849	0.00612	0.00805	0.00959	0.01009	0.00568	0.00642	0.00973	0.01348	0.01786	0.04000	0.71760	0.07777	0.02166	0.00888	0.00281	0.00402	0.01959	0.00648	0.00568
25	0.80405	0.01350	0.01026	0.00918	0.01350	0.01565	0.00756	0.02051	0.01188	0.03131	0.00972	0.01134	0.00756	0.00648	0.00432	0.00216	0.00540	0.00378	0.00432	0.00756
26	0.01838	0.71530	0.07776	0.01242	0.01865	0.02692	0.01278	0.02097	0.01421	0.01676	0.00987	0.01141	0.00895	0.00601	0.00461	0.00154	0.00763	0.00382	0.00298	0.00904
27	0.02591	0.05402	0.02101	0.01540	0.02082	0.02083	0.01275	0.59873	0.03051	0.07929	0.01718	0.01777	0.01245	0.03123	0.00774	0.00221	0.00754	0.00632	0.00680	0.01149

[dist]
# distance from previous block
# <min> <max>
0	1

[block]
# block no. 1 follows, 30 sequences, length 21
# corresponding to MSA columns:
# 60-80
name=unknown_B
#
# <colnr> <probs for GDERKNQSTAVLIFYWHMCP>
#	G	D	E	R	K	N	Q	S	T	A	V	L	I	F	Y	W	H	M	C	P
0	0.04471	0.01066	0.01193	0.01126	0.01362	0.01153	0.00855	0.09216	0.16911	0.02469	0.05997	0.24826	0.14987	0.01466	0.00863	0.00246	0.05065	0.01232	0.04708	0.00787
1	0.01026	0.00791	0.01178	0.01161	0.01279	0.00942	0.00908	0.01270	0.01119	0.01623	0.01816	0.02674	0.01699	0.05012	0.68815	0.01076	0.05870	0.00740	0.00370	0.00631
2	0.02438	0.01567	0.01716	0.01406	0.01867	0.05060	0.01126	0.25585	0.16614	0.24302	0.02421	0.08834	0.01853	0.00987	0.00716	0.00223	0.00660	0.00801	0.00730	0.01094
3	0.08597	0.02076	0.01766	0.01494	0.01937	0.22113	0.01178	0.21603	0.15818	0.10613	0.02012	0.01974	0.04051	0.00850	0.00665	0.00209	0.00812	0.00630	0.00599	0.01004
4	0.01015	0.00677	0.00761	0.00761	0.00761	0.00677	0.00423	0.01015	0.01015	0.01353	0.02199	0.04567	0.02537	0.75476	0.03552	0.00677	0.00677	0.01015	0.00423	0.00423
5	0.04031	0.01079	0.01264	0.01100	0.01365	0.03268	0.00872	0.05467	0.01806	0.15019	0.24463	0.04131	0.20649	0.01304	0.00976	0.00233	0.10481	0.01037	0.00665	0.00788
6	0.01604	0.01626	0.01919	0.01588	0.01844	0.10199	0.03705	0.01822	0.01326	0.01886	0.01194	0.05087	0.01136	0.00975	0.01438	0.00226	0.37117	0.00607	0.00363	0.24337
7	0.01351	0.00980	0.01060	0.00994	0.01116	0.05058	0.00678	0.07256	0.01355	0.05339	0.02133	0.06907	0.02235	0.44872	0.15117	0.00643	0.00913	0.00929	0.00468	0.00594
8	0.00856	0.00612	0.00815	0.00968	0.01013	0.00571	0.00648	0.00986	0.01362	0.01822	0.06547	0.72202	0.04695	0.02156	0.00888	0.00281	0.00402	0.01955	0.00653	0.00571
9	0.02589	0.01864	0.01972	0.01549	0.02077	0.04671	0.01266	0.50844	0.11430	0.11593	0.01919	0.01854	0.01354	0.00850	0.00697	0.00212	0.00740	0.00650	0.00705	0.01162
10	0.02569	0.01913	0.02047	0.01589	0.02132	0.02125	0.01306	0.62849	0.09364	0.04263	0.01782	0.01760	0.01273	0.00848	0.00699	0.00212	0.00748	0.00643	0.00699	0.01179
11	0.01577	0.01361	0.01634	0.01196	0.01799	0.03582	0.04820	0.01963	0.04184	0.04990	0.01367	0.01547	0.01100	0.00559	0.00554	0.00123	0.00586	0.00465	0.00437	0.66157
12	0.02548	0.02031	0.06377	0.01600	0.02166	0.04606	0.01371	0.57004	0.03001	0.07564	0.01742	0.03686	0.01279	0.00861	0.00699	0.00211	0.00783	0.00656	0.00668	0.01146
13	0.02331	0.01774	0.01818	0.01634	0.06229	0.10969	0.01221	0.19961	0.23654	0.16815	0.02350	0.02237	0.04042	0.00881	0.00698	0.00216	0.00718	0.00700	0.00667	0.01085
14	0.01212	0.00606	0.00909	0.00909	0.00909	0.00606	0.00606	0.00909	0.00909	0.01212	0.01212	0.02121	0.01212	0.02424	0.02727	0.79697	0.00606	0.00606	0.00303	0.00303
15	0.01739	0.38465	0.32339	0.01587	0.02345	0.08890	0.01794	0.02206	0.01494	0.01888	0.01100	0.01282	0.00891	0.00636	0.00556	0.00182	0.00915	0.00441	0.00303	0.00945
16	0.02596	0.01725	0.01841	0.01453	0.01963	0.05856	0.01184	0.39130	0.07457	0.21455	0.02339	0.02212	0.05716	0.00903	0.00704	0.00213	0.00710	0.00701	0.00719	0.01122
17	0.01015	0.00677	0.00761	0.00761	0.00761	0.00677	0.00423	0.01015	0.01015	0.01353	0.02199	0.04567	0.02537	0.75476	0.03552	0.00677	0.00677	0.01015	0.00423	0.00423
18	0.01101	0.00796	0.01091	0.01239	0.01406	0.00786	0.01077	0.01411	0.01605	0.02072	0.03962	0.07780	0.09309	0.01915	0.00953	0.00315	0.00620	0.61281	0.00643	0.00638
19	0.01540	0.04262	0.02280	0.48654	0.12125	0.04192	0.05086	0.02099	0.06895	0.04126	0.01415	0.01871	0.01075	0.00705	0.00692	0.00224	0.00895	0.00631	0.00367	0.00868
20	0.01847	0.01323	0.01485	0.01263	0.01655	0.01404	0.00998	0.14405	0.29211	0.11386	0.17058	0.03143	0.06609	0.01047	0.00729	0.00220	0.00536	0.00873	0.00724	0.04084

[dist]
# distance from previous block
# <min> <max>
1	8

[block]
# block no. 2 follows, 30 sequences, length 25
# corresponding to MSA columns:
# 89-113
name=unknown_C
#
# <colnr> <probs for GDERKNQSTAVLIFYWHMCP>
#	G	D	E	R	K	N	Q	S	T	A	V	L	I	F	Y	W	H	M	C	P
0	0.02457	0.04858	0.01651	0.01212	0.01707	0.01203	0.00996	0.09516	0.05753	0.40220	0.11695	0.02537	0.02239	0.00890	0.00685	0.00201	0.00572	0.00727	0.00746	0.10138
1	0.01606	0.01761	0.03442	0.02563	0.03028	0.01892	0.45699	0.02046	0.01450	0.02046	0.01243	0.01761	0.01010	0.00804	0.01324	0.00259	0.26100	0.00751	0.00337	0.00880
2	0.00952	0.00725	0.00772	0.00761	0.00995	0.00613	0.00570	0.01138	0.01615	0.05440	0.10121	0.11121	0.59274	0.01732	0.00823	0.00237	0.00368	0.01458	0.00665	0.00622
3	0.01510	0.01641	0.05507	0.02085	0.02448	0.01750	0.25043	0.01863	0.01339	0.01959	0.01271	0.03875	0.01127	0.01125	0.04905	0.00295	0.32070	0.00708	0.00346	0.09131
4	0.00850	0.00607	0.00810	0.00972	0.01012	0.00567	0.00648	0.00972	0.01336	0.01781	0.03846	0.75020	0.04615	0.02186	0.00891	0.00283	0.00405	0.01984	0.00648	0.00567
5	0.01647	0.01882	0.04118	0.02941	0.03647	0.01765	0.68588	0.02235	0.01647	0.02235	0.01412	0.01882	0.01059	0.00588	0.00824	0.00235	0.01176	0.00824	0.00353	0.00941
6	0.00850	0.00607	0.00810	0.00972	0.01012	0.00567	0.00648	0.00972	0.01336	0.01781	0.03846	0.75020	0.04615	0.02186	0.00891	0.00283	0.00405	0.01984	0.00648	0.00567
7	0.01318	0.01240	0.02093	0.73798	0.04806	0.01550	0.01938	0.01783	0.01395	0.01783	0.01240	0.01860	0.00930	0.00698	0.00698	0.00233	0.00930	0.00620	0.00310	0.00775
8	0.01866	0.00903	0.01200	0.01016	0.01333	0.00807	0.00800	0.02171	0.01965	0.30599	0.40703	0.03968	0.04442	0.01176	0.00761	0.00216	0.00436	0.01013	0.03756	0.00872
9	0.01318	0.01240	0.02093	0.73798	0.04806	0.01550	0.01938	0.01783	0.01395	0.01783	0.01240	0.01860	0.00930	0.00698	0.00698	0.00233	0.00930	0.00620	0.00310	0.00775
10	0.03131	0.01188	0.01619	0.01242	0.01781	0.01026	0.01026	0.03401	0.01997	0.71606	0.02753	0.02375	0.01727	0.00864	0.00702	0.00216	0.00594	0.00702	0.00864	0.01188
11	0.00850	0.00607	0.00810	0.00972	0.01012	0.00567	0.00648	0.00972	0.01336	0.01781	0.03846	0.75020	0.04615	0.02186	0.00891	0.00283	0.00405	0.01984	0.00648	0.00567
12	0.00850	0.00607	0.00810	0.00972	0.01012	0.00567	0.00648	0.00972	0.01336	0.01781	0.03846	0.75020	0.04615	0.02186	0.00891	0.00283	0.00405	0.01984	0.00648	0.00567
13	0.01014	0.00680	0.00778	0.00778	0.00784	0.00686	0.00444	0.01026	0.01020	0.01365	0.02183	0.04482	0.02500	0.72216	0.06761	0.00697	0.00732	0.01002	0.00421	0.00432
14	0.01866	0.75896	0.03657	0.01194	0.01791	0.02761	0.01194	0.02090	0.01418	0.01642	0.00970	0.01119	0.00896	0.00597	0.00448	0.00149	0.00746	0.00373	0.00299	0.00896
15	0.01727	0.01658	0.02832	0.04283	0.71123	0.01658	0.02142	0.02142	0.01589	0.02280	0.01313	0.01727	0.01105	0.00622	0.00691	0.00207	0.00829	0.00622	0.00345	0.01105
16	0.03131	0.01188	0.01619	0.01242	0.01781	0.01026	0.01026	0.03401	0.01997	0.71606	0.02753	0.02375	0.01727	0.00864	0.00702	0.00216	0.00594	0.00702	0.00864	0.01188
17	0.02240	0.01663	0.01783	0.01455	0.01925	0.01852	0.01173	0.37280	0.27711	0.06599	0.02194	0.02113	0.01600	0.00877	0.00688	0.00217	0.00650	0.00692	0.06169	0.01119
18	0.01381	0.00878	0.01075	0.00959	0.01207	0.00825	0.00733	0.07460	0.01965	0.11581	0.39886	0.07333	0.15916	0.04552	0.00916	0.00243	0.00424	0.01185	0.00735	0.00748
19	0.02628	0.01824	0.01992	0.01546	0.02088	0.01991	0.01271	0.55305	0.09002	0.12232	0.01906	0.01840	0.01334	0.00850	0.00700	0.00213	0.00728	0.00651	0.00719	0.01180
20	0.01009	0.00726	0.00923	0.01028	0.01114	0.00708	0.00708	0.06954	0.01508	0.02012	0.03655	0.68551	0.04313	0.02067	0.00874	0.00277	0.00437	0.01864	0.00652	0.00621
21	0.01172	0.00808	0.00920	0.00883	0.00951	0.00831	0.00556	0.08150	0.01286	0.01722	0.02276	0.10403	0.02546	0.58305	0.05828	0.00611	0.00711	0.01049	0.00470	0.00524
22	0.01135	0.00862	0.01046	0.01049	0.01240	0.00816	0.00751	0.07199	0.04865	0.02140	0.03355	0.52284	0.06046	0.01758	0.00810	0.00248	0.00458	0.01568	0.00622	0.11747
23	0.01721	0.01661	0.02056	0.38100	0.03472	0.11919	0.04830	0.12017	0.01780	0.02244	0.01382	0.04259	0.01111	0.00748	0.00680	0.00209	0.00900	0.00630	0.00401	0.09878
24	0.02299	0.01910	0.01876	0.01471	0.01991	0.10561	0.01182	0.41671	0.04943	0.03451	0.01569	0.01714	0.01201	0.03514	0.00757	0.00201	0.00765	0.00580	0.00586	0.17756

[dist]
# distance from previous block
# <min> <max>
2	24

[block]
# block no. 3 follows, 30 sequences, length 25
# corresponding to MSA columns:
# 138-162
name=unknown_D
#
# <colnr> <probs for GDERKNQSTAVLIFYWHMCP>
#	G	D	E	R	K	N	Q	S	T	A	V	L	I	F	Y	W	H	M	C	P
0	0.02467	0.01237	0.01546	0.01222	0.01695	0.01158	0.00993	0.14966	0.02111	0.39785	0.07408	0.04446	0.06404	0.01156	0.03918	0.00250	0.00639	0.00788	0.00751	0.07061
1	0.01077	0.00875	0.00968	0.00940	0.01116	0.04675	0.00695	0.03228	0.01843	0.02468	0.43582	0.17316	0.15485	0.01555	0.00821	0.00231	0.00410	0.01357	0.00704	0.00655
2	0.02502	0.01854	0.02217	0.01674	0.02249	0.01975	0.07732	0.54027	0.02924	0.07953	0.01683	0.01720	0.01195	0.00793	0.00698	0.00205	0.00780	0.00637	0.00655	0.06526
3	0.01670	0.01616	0.02495	0.14517	0.49247	0.04960	0.01929	0.02191	0.06942	0.02206	0.01517	0.04864	0.01296	0.00729	0.00699	0.00215	0.00825	0.00684	0.00382	0.01018
4	0.00855	0.00618	0.00800	0.00942	0.00997	0.00573	0.00630	0.00976	0.01343	0.01773	0.04035	0.66855	0.09747	0.05053	0.00991	0.00295	0.00412	0.01905	0.00639	0.00563
5	0.02607	0.03326	0.01978	0.01798	0.02157	0.72674	0.01348	0.02787	0.01978	0.01708	0.01079	0.01258	0.00899	0.00719	0.00629	0.00180	0.01258	0.00449	0.00360	0.00809
6	0.01540	0.01357	0.01547	0.01146	0.01705	0.03275	0.00921	0.04590	0.01509	0.02297	0.01227	0.01457	0.01026	0.00594	0.00673	0.00127	0.06576	0.00440	0.00415	0.67578
7	0.02391	0.02768	0.01885	0.01668	0.02060	0.50644	0.01272	0.09513	0.10200	0.02157	0.01384	0.01518	0.01109	0.00883	0.02814	0.00214	0.01099	0.00515	0.00440	0.05467
8	0.00998	0.00742	0.01093	0.01093	0.01208	0.00857	0.00837	0.01228	0.01113	0.01599	0.01895	0.02885	0.01807	0.10763	0.67266	0.01086	0.01775	0.00769	0.00378	0.00607
9	0.00850	0.00607	0.00810	0.00972	0.01012	0.00567	0.00648	0.00972	0.01336	0.01781	0.03846	0.75020	0.04615	0.02186	0.00891	0.00283	0.00405	0.01984	0.00648	0.00567
10	0.01586	0.01846	0.06448	0.10173	0.05676	0.01704	0.55474	0.02153	0.01605	0.02178	0.01446	0.03697	0.01129	0.00644	0.00802	0.00235	0.01116	0.00814	0.00353	0.00923
11	0.00850	0.00607	0.00810	0.00972	0.01012	0.00567	0.00648	0.00972	0.01336	0.01781	0.03846	0.75020	0.04615	0.02186	0.00891	0.00283	0.00405	0.01984	0.00648	0.00567
12	0.01546	0.05807	0.02225	0.01795	0.01830	0.02173	0.01508	0.01703	0.01089	0.01677	0.00919	0.01503	0.00915	0.01185	0.02184	0.00296	0.69971	0.00597	0.00305	0.00771
13	0.60735	0.01314	0.01157	0.00977	0.01445	0.01419	0.00802	0.02213	0.01332	0.12849	0.01256	0.01346	0.00925	0.00664	0.00480	0.00204	0.00545	0.00428	0.00492	0.09418
14	0.06386	0.71605	0.03505	0.01178	0.01766	0.02692	0.01169	0.02087	0.01405	0.01727	0.00970	0.01120	0.00887	0.00600	0.00447	0.00153	0.00734	0.00373	0.00306	0.00887
15	0.01866	0.75896	0.03657	0.01194	0.01791	0.02761	0.01194	0.02090	0.01418	0.01642	0.00970	0.01119	0.00896	0.00597	0.00448	0.00149	0.00746	0.00373	0.00299	0.00896
16	0.00937	0.00705	0.00867	0.00839	0.01015	0.00635	0.00624	0.01215	0.01838	0.02502	0.50311	0.09662	0.23171	0.01559	0.00827	0.00227	0.00340	0.01359	0.00730	0.00635
17	0.00998	0.00744	0.01101	0.01101	0.01219	0.00861	0.00847	0.01233	0.01116	0.01605	0.01887	0.02843	0.01789	0.09135	0.68869	0.01097	0.01803	0.00762	0.00377	0.00612
18	0.01012	0.00688	0.00817	0.00817	0.00836	0.00707	0.00493	0.01051	0.01031	0.01395	0.02148	0.04283	0.02414	0.64567	0.14292	0.00746	0.00862	0.00973	0.00415	0.00454
19	0.01779	0.01521	0.01602	0.01429	0.01831	0.01756	0.01115	0.06785	0.66714	0.02989	0.02785	0.02560	0.02086	0.00942	0.00709	0.00235	0.00562	0.00781	0.00709	0.01108
20	0.00862	0.00612	0.00806	0.00957	0.00994	0.00575	0.00632	0.00975	0.01313	0.01751	0.03729	0.70022	0.04468	0.07386	0.01079	0.00311	0.00424	0.01915	0.00632	0.00557
21	0.05576	0.21067	0.51636	0.01741	0.02635	0.01895	0.02148	0.02173	0.01445	0.02119	0.01169	0.01370	0.00880	0.00646	0.00599	0.00203	0.00937	0.00474	0.00303	0.00984
22	0.08834	0.11803	0.02148	0.01621	0.02056	0.40164	0.03731	0.08545	0.08463	0.04405	0.01343	0.01455	0.01062	0.00730	0.00614	0.00190	0.01000	0.00504	0.00437	0.00894
23	0.11965	0.04306	0.01585	0.01213	0.01681	0.09175	0.00982	0.17597	0.01983	0.13784	0.01681	0.01756	0.01243	0.00734	0.00582	0.00179	0.00649	0.00544	0.12971	0.15390
24	0.02507	0.05141	0.01998	0.01517	0.02018	0.09231	0.01238	0.44430	0.06532	0.10860	0.04368	0.03651	0.01537	0.00878	0.00690	0.00208	0.00762	0.00672	0.00665	0.01096

[dist]
# distance from previous block
# <min> <max>
15	50

[block]
# block no. 4 follows, 30 sequences, length 16
# corresponding to MSA columns:
# 213-228
name=unknown_E
#
# <colnr> <probs for GDERKNQSTAVLIFYWHMCP>
#	G	D	E	R	K	N	Q	S	T	A	V	L	I	F	Y	W	H	M	C	P
0	0.01508	0.18442	0.50097	0.06275	0.06155	0.01856	0.02230	0.02156	0.01463	0.02069	0.01196	0.01435	0.00900	0.00649	0.00622	0.00206	0.00956	0.00497	0.00299	0.00991
1	0.00913	0.00625	0.00790	0.00907	0.00947	0.00595	0.00590	0.01020	0.01275	0.01740	0.03400	0.55608	0.04001	0.17742	0.01434	0.00360	0.00458	0.01696	0.05358	0.00541
2	0.01447	0.01240	0.01447	0.01034	0.01654	0.00930	0.00827	0.01757	0.01447	0.02274	0.01240	0.01447	0.01034	0.00517	0.00517	0.00103	0.00517	0.00413	0.00413	0.79742
3	0.01530	0.23849	0.52763	0.01766	0.02676	0.01940	0.02191	0.02176	0.01458	0.02051	0.01173	0.01374	0.00887	0.00645	0.00603	0.00201	0.00951	0.00476	0.00296	0.00993
4	0.01946	0.01622	0.01666	0.01454	0.01875	0.04556	0.01142	0.12563	0.55610	0.05581	0.02608	0.02415	0.01938	0.00920	0.00705	0.00230	0.00611	0.00750	0.00700	0.01107
5	0.01212	0.00606	0.00909	0.00909	0.00909	0.00606	0.00606	0.00909	0.00909	0.01212	0.01212	0.02121	0.01212	0.02424	0.02727	0.79697	0.00606	0.00606	0.00303	0.00303
6	0.00997	0.00748	0.01121	0.01121	0.01246	0.00872	0.00872	0.01246	0.01121	0.01620	0.01869	0.02741	0.01745	0.05234	0.72710	0.01121	0.01869	0.00748	0.00374	0.00623
7	0.02293	0.08139	0.02038	0.01626	0.02031	0.33848	0.01281	0.14818	0.18733	0.02483	0.01601	0.01665	0.01253	0.00811	0.00727	0.00203	0.04430	0.00567	0.00499	0.00954
8	0.01605	0.01815	0.03943	0.02837	0.03508	0.01701	0.65000	0.02169	0.01631	0.02211	0.01540	0.05746	0.01247	0.00673	0.00827	0.00238	0.01136	0.00885	0.00369	0.00921
9	0.01010	0.00682	0.00788	0.00780	0.00806	0.00674	0.00460	0.01063	0.01168	0.01583	0.13099	0.04669	0.03180	0.63702	0.03118	0.00604	0.00621	0.01054	0.00478	0.00460
10	0.00986	0.00767	0.00819	0.00806	0.00991	0.00705	0.00583	0.04380	0.01525	0.01884	0.05294	0.05986	0.44881	0.21000	0.01541	0.00356	0.00479	0.05849	0.00591	0.00579
11	0.01665	0.08674	0.53944	0.01859	0.02771	0.01805	0.02245	0.14465	0.01802	0.02571	0.01309	0.01484	0.00941	0.00690	0.00653	0.00214	0.00962	0.00526	0.00369	0.01050
12	0.01691	0.01685	0.02564	0.22620	0.47709	0.07523	0.02021	0.02099	0.01570	0.02100	0.01274	0.01724	0.01042	0.00650	0.00688	0.00212	0.00892	0.00607	0.00337	0.00993
13	0.01074	0.00833	0.01214	0.01179	0.01291	0.01007	0.00928	0.01316	0.01133	0.01679	0.01781	0.02594	0.01651	0.04536	0.60755	0.00976	0.10145	0.00727	0.04541	0.00641
14	0.16021	0.01400	0.02144	0.37144	0.26331	0.01589	0.01788	0.01952	0.01422	0.02197	0.01215	0.01682	0.00957	0.00663	0.00646	0.00221	0.00824	0.00576	0.00344	0.00882
15	0.01945	0.00914	0.01191	0.01017	0.01318	0.00818	0.00773	0.02165	0.01746	0.33577	0.19411	0.08335	0.07211	0.14878	0.01275	0.00307	0.00519	0.01021	0.00733	0.00845

[dist]
# distance from previous block
# <min> <max>
6	12

[block]
# block no. 5 follows, 30 sequences, length 27
# corresponding to MSA columns:
# 241-267
name=unknown_F
#
# <colnr> <probs for GDERKNQSTAVLIFYWHMCP>
#	G	D	E	R	K	N	Q	S	T	A	V	L	I	F	Y	W	H	M	C	P
0	0.08535	0.01514	0.01650	0.01351	0.01777	0.01636	0.01077	0.37141	0.07799	0.10961	0.03633	0.11478	0.01920	0.05235	0.00867	0.00249	0.00652	0.00839	0.00675	0.01011
1	0.01685	0.37893	0.32005	0.01537	0.02316	0.02152	0.01759	0.05324	0.01532	0.02047	0.01137	0.01313	0.00912	0.00632	0.00554	0.00180	0.00854	0.00447	0.00323	0.05398
2	0.01757	0.01636	0.02693	0.11630	0.58353	0.01687	0.02054	0.07472	0.01704	0.02396	0.01334	0.01737	0.01093	0.00647	0.00692	0.00210	0.00835	0.00622	0.00370	0.01076
3	0.01318	0.01240	0.02093	0.73798	0.04806	0.01550	0.01938	0.01783	0.01395	0.01783	0.01240	0.01860	0.00930	0.00698	0.00698	0.00233	0.00930	0.00620	0.00310	0.00775
4	0.01981	0.01700	0.01711	0.01481	0.01909	0.05833	0.01166	0.17573	0.51792	0.03167	0.02492	0.02329	0.01859	0.00911	0.00703	0.00228	0.00638	0.00735	0.00688	0.01105
5	0.01586	0.01264	0.01481	0.01066	0.01680	0.00981	0.00856	0.04335	0.01546	0.06223	0.01341	0.01507	0.01078	0.00548	0.00534	0.00114	0.00530	0.00437	0.00449	0.72443
6	0.01584	0.03068	0.55605	0.04593	0.02829	0.01547	0.02250	0.05999	0.01643	0.07941	0.05304	0.01782	0.01291	0.00733	0.00678	0.00220	0.00938	0.00583	0.00390	0.01022
7	0.17813	0.08964	0.35031	0.01929	0.02720	0.01742	0.17983	0.02173	0.01451	0.02357	0.01208	0.01471	0.00901	0.00636	0.00635	0.00217	0.00940	0.00549	0.00337	0.00941
8	0.01124	0.00803	0.01124	0.01285	0.01446	0.00803	0.01124	0.01446	0.01606	0.02088	0.03695	0.07871	0.04016	0.01928	0.00964	0.00321	0.00643	0.66426	0.00643	0.00643
9	0.02534	0.01676	0.01850	0.01446	0.01945	0.01805	0.01178	0.48022	0.06251	0.15030	0.01967	0.02024	0.01419	0.04430	0.00825	0.00232	0.00701	0.00668	0.04878	0.01118
10	0.02272	0.01764	0.01714	0.01426	0.01844	0.11795	0.01119	0.26214	0.17507	0.12497	0.04696	0.02355	0.01778	0.08648	0.00994	0.00261	0.00740	0.00713	0.00649	0.01015
11	0.00997	0.00748	0.01121	0.01121	0.01246	0.00872	0.00872	0.01246	0.01121	0.01620	0.01869	0.02741	0.01745	0.05234	0.72710	0.01121	0.01869	0.00748	0.00374	0.00623
12	0.00870	0.00654	0.00859	0.04572	0.01191	0.00619	0.00695	0.01017	0.01377	0.01797	0.04191	0.61292	0.14196	0.02050	0.00871	0.00274	0.00424	0.01840	0.00631	0.00581
13	0.04647	0.01427	0.02213	0.37151	0.27594	0.03578	0.01837	0.01986	0.04414	0.02058	0.01466	0.05912	0.01243	0.00764	0.00694	0.00225	0.00843	0.00690	0.00365	0.00894
14	0.00956	0.00723	0.00966	0.01001	0.01106	0.00733	0.00735	0.01171	0.01515	0.02084	0.24366	0.32768	0.09281	0.02277	0.10768	0.00377	0.04704	0.03223	0.00628	0.00617
15	0.01397	0.00965	0.01230	0.01127	0.01353	0.04794	0.04582	0.01651	0.01740	0.12977	0.28554	0.27102	0.06696	0.01511	0.00815	0.00239	0.00496	0.01347	0.00693	0.00733
16	0.01532	0.17028	0.42182	0.01765	0.02564	0.01820	0.05121	0.02352	0.10831	0.02192	0.01552	0.01918	0.01231	0.00753	0.00651	0.00215	0.00897	0.04031	0.00373	0.00990
17	0.01992	0.02119	0.02371	0.10971	0.34870	0.23138	0.01770	0.05588	0.06406	0.02196	0.01355	0.01657	0.01097	0.00692	0.00675	0.00204	0.00948	0.00581	0.00387	0.00983
18	0.01501	0.01496	0.02150	0.01831	0.01863	0.02054	0.03832	0.01675	0.01092	0.01695	0.00987	0.01607	0.00967	0.01423	0.06170	0.00348	0.67611	0.00626	0.00311	0.00762
19	0.01727	0.01658	0.02832	0.04283	0.71123	0.01658	0.02142	0.02142	0.01589	0.02280	0.01313	0.01727	0.01105	0.00622	0.00691	0.00207	0.00829	0.00622	0.00345	0.01105
20	0.01461	0.01386	0.02351	0.49543	0.27945	0.01588	0.02009	0.01908	0.01463	0.01956	0.01266	0.01814	0.00991	0.00671	0.00695	0.00224	0.00895	0.00621	0.00322	0.00890
21	0.01445	0.01406	0.02209	0.59046	0.15542	0.04896	0.01944	0.01889	0.01454	0.01861	0.01245	0.01810	0.00957	0.00686	0.00693	0.00226	0.00929	0.00612	0.00318	0.00831
22	0.01316	0.01186	0.01959	0.67004	0.04435	0.01467	0.01803	0.01768	0.01402	0.01859	0.01337	0.01929	0.01010	0.00708	0.00678	0.00226	0.00874	0.00623	0.07652	0.00764
23	0.01423	0.00829	0.01051	0.00972	0.01218	0.00755	0.00744	0.01744	0.04327	0.16962	0.31002	0.14814	0.16289	0.01475	0.00808	0.00235	0.00419	0.03430	0.00744	0.00761
24	0.02153	0.01257	0.05404	0.01179	0.01664	0.01020	0.01003	0.04981	0.04285	0.34053	0.19020	0.02842	0.02744	0.00933	0.00698	0.00198	0.00546	0.00779	0.00719	0.14523
25	0.01069	0.00728	0.00826	0.00808	0.00842	0.00739	0.00481	0.03543	0.01120	0.01494	0.02300	0.04432	0.04367	0.67262	0.06690	0.00668	0.00728	0.01000	0.00437	0.00465
26	0.01565	0.01538	0.04322	0.03261	0.43895	0.01486	0.08906	0.02088	0.06833	0.02267	0.03366	0.10652	0.01836	0.00904	0.00745	0.00227	0.00781	0.03904	0.00431	0.00992

[dist]
# distance from previous block
# <min> <max>
7	32

[block]
# block no. 6 follows, 30 sequences, length 25
# corresponding to MSA columns:
# 301-325
name=unknown_G
#
# <colnr> <probs for GDERKNQSTAVLIFYWHMCP>
#	G	D	E	R	K	N	Q	S	T	A	V	L	I	F	Y	W	H	M	C	P
0	0.08686	0.53906	0.11510	0.01304	0.01935	0.02465	0.01335	0.08249	0.01576	0.02093	0.01069	0.01215	0.00909	0.00632	0.00495	0.00169	0.00765	0.00414	0.00346	0.00927
1	0.01826	0.09131	0.12574	0.01361	0.01857	0.13021	0.01243	0.08410	0.08107	0.09430	0.05864	0.04569	0.14875	0.01006	0.00687	0.00207	0.00732	0.00795	0.00542	0.03765
2	0.01471	0.01149	0.01287	0.01089	0.01442	0.03682	0.00828	0.10474	0.01707	0.04828	0.08390	0.15922	0.05271	0.07791	0.05178	0.00283	0.00631	0.00933	0.00548	0.27096
3	0.00993	0.00675	0.00793	0.00802	0.00832	0.00662	0.00484	0.01057	0.01200	0.01625	0.13053	0.12402	0.03395	0.55901	0.02835	0.00562	0.00593	0.01160	0.00501	0.00475
4	0.00984	0.00664	0.00770	0.00800	0.00808	0.00656	0.00465	0.01007	0.01075	0.01433	0.02507	0.17745	0.02926	0.61767	0.03054	0.00603	0.00626	0.01196	0.00465	0.00450
5	0.01447	0.01240	0.01447	0.01034	0.01654	0.00930	0.00827	0.01757	0.01447	0.02274	0.01240	0.01447	0.01034	0.00517	0.00517	0.00103	0.00517	0.00413	0.00413	0.79742
6	0.01400	0.03610	0.71860	0.01989	0.03020	0.01621	0.02578	0.02210	0.01473	0.02210	0.01252	0.01473	0.00884	0.00663	0.00663	0.00221	0.01031	0.00516	0.00295	0.01031
7	0.01520	0.01295	0.01380	0.01257	0.01601	0.01447	0.00972	0.03046	0.52228	0.02765	0.11855	0.03482	0.11935	0.01117	0.00740	0.00234	0.00498	0.00940	0.00709	0.00980
8	0.01298	0.00884	0.01173	0.01259	0.01470	0.00886	0.01080	0.01750	0.07545	0.06949	0.03760	0.06966	0.07744	0.01760	0.00915	0.00301	0.00614	0.52265	0.00664	0.00717
9	0.01297	0.00904	0.01024	0.00939	0.01047	0.00952	0.00619	0.12797	0.01417	0.01905	0.02079	0.03907	0.02234	0.56438	0.09048	0.00634	0.00796	0.00925	0.00466	0.00573
10	0.02033	0.01256	0.01611	0.12160	0.02200	0.01334	0.01224	0.07321	0.20769	0.23390	0.02669	0.03429	0.02148	0.01076	0.00756	0.00245	0.00654	0.14049	0.00682	0.00992
11	0.01230	0.00824	0.01066	0.01113	0.01260	0.00819	0.00864	0.06875	0.01586	0.04487	0.06019	0.24634	0.05391	0.08495	0.01288	0.07200	0.00565	0.25036	0.00612	0.00636
12	0.02607	0.03326	0.01978	0.01798	0.02157	0.72674	0.01348	0.02787	0.01978	0.01708	0.01079	0.01258	0.00899	0.00719	0.00629	0.00180	0.01258	0.00449	0.00360	0.00809
13	0.01469	0.00812	0.00830	0.00769	0.00981	0.00838	0.00592	0.09972	0.01689	0.02825	0.02202	0.02487	0.01714	0.00816	0.00514	0.00168	0.00380	0.00648	0.69577	0.00717
14	0.00980	0.00713	0.00923	0.00870	0.01038	0.00655	0.00653	0.01303	0.01958	0.02757	0.67867	0.05281	0.09497	0.01442	0.00823	0.00220	0.00330	0.01272	0.00763	0.00655
15	0.01447	0.01240	0.01447	0.01034	0.01654	0.00930	0.00827	0.01757	0.01447	0.02274	0.01240	0.01447	0.01034	0.00517	0.00517	0.00103	0.00517	0.00413	0.00413	0.79742
16	0.01680	0.47020	0.30902	0.01512	0.02282	0.02306	0.01747	0.02138	0.01440	0.01869	0.01083	0.01261	0.00891	0.00623	0.00534	0.00178	0.00860	0.00430	0.00297	0.00950
17	0.02414	0.01817	0.01940	0.01528	0.02044	0.02012	0.01249	0.55290	0.13129	0.04037	0.02151	0.02095	0.05217	0.00906	0.00707	0.00215	0.00713	0.00699	0.00697	0.01141
18	0.02990	0.01170	0.01586	0.01220	0.01747	0.01008	0.01004	0.03263	0.01979	0.66594	0.05486	0.02462	0.01904	0.00876	0.00701	0.00213	0.00581	0.00716	0.00846	0.03657
19	0.00891	0.00647	0.00832	0.00915	0.01004	0.00598	0.00632	0.01068	0.01517	0.02046	0.21970	0.47674	0.10798	0.04800	0.00970	0.00277	0.00391	0.01709	0.00671	0.00588
20	0.01493	0.01219	0.01416	0.01094	0.01605	0.01021	0.00858	0.10003	0.01657	0.02453	0.01751	0.14351	0.01680	0.00849	0.00605	0.00148	0.00529	0.00715	0.00490	0.56062
21	0.01288	0.01131	0.01622	0.11807	0.02104	0.01042	0.06761	0.01608	0.01488	0.02156	0.10338	0.14760	0.02327	0.00979	0.00741	0.00187	0.03460	0.00864	0.00474	0.34864
22	0.01667	0.01284	0.01446	0.05518	0.01762	0.01365	0.01007	0.20021	0.17272	0.04798	0.09397	0.05414	0.15968	0.04214	0.00860	0.00243	0.00576	0.02645	0.00654	0.03888
23	0.01886	0.12625	0.07939	0.01369	0.01844	0.09425	0.01200	0.12615	0.18150	0.07399	0.02690	0.02644	0.12451	0.01116	0.03391	0.00244	0.00753	0.00744	0.00562	0.00954
24	0.07011	0.04186	0.02377	0.46424	0.03933	0.01608	0.13761	0.04303	0.01528	0.02106	0.05140	0.01966	0.01265	0.00716	0.00699	0.00227	0.00901	0.00667	0.00366	0.00817

[dist]
# distance from previous block
# <min> <max>
2	5

[block]
# block no. 7 follows, 30 sequences, length 14
# corresponding to MSA columns:
# 331-344
name=unknown_H
#
# <colnr> <probs for GDERKNQSTAVLIFYWHMCP>
#	G	D	E	R	K	N	Q	S	T	A	V	L	I	F	Y	W	H	M	C	P
0	0.11102	0.37524	0.11061	0.01396	0.01979	0.12777	0.01341	0.08635	0.04597	0.02210	0.01168	0.01301	0.00959	0.00667	0.00534	0.00180	0.00826	0.00444	0.00378	0.00920
1	0.02227	0.07117	0.02173	0.02159	0.14806	0.46418	0.01447	0.02462	0.01822	0.01885	0.05988	0.01628	0.01336	0.00771	0.00734	0.00193	0.05058	0.00542	0.00379	0.00856
2	0.01551	0.01679	0.05605	0.08773	0.13719	0.01618	0.34996	0.04079	0.01602	0.02207	0.03733	0.08667	0.01543	0.00831	0.00891	0.00238	0.06102	0.00863	0.00394	0.00908
3	0.01770	0.01649	0.02594	0.03769	0.58649	0.04628	0.01964	0.02215	0.03901	0.04579	0.01569	0.02188	0.01355	0.00736	0.00708	0.00215	0.00817	0.05233	0.00396	0.01063
4	0.06114	0.00869	0.00999	0.00926	0.01173	0.00829	0.00701	0.01562	0.08645	0.02551	0.37351	0.09978	0.16286	0.01368	0.00766	0.00219	0.00391	0.01178	0.00681	0.07413
5	0.01524	0.07699	0.46770	0.02383	0.15577	0.01716	0.05918	0.02279	0.05534	0.02229	0.01348	0.01587	0.01009	0.00664	0.00666	0.00216	0.00955	0.00559	0.00332	0.01036
6	0.01015	0.00682	0.00761	0.00755	0.00825	0.00659	0.00473	0.01113	0.01257	0.01730	0.10863	0.04742	0.12762	0.48316	0.02516	0.00505	0.00552	0.01071	0.08904	0.00498
7	0.01715	0.01751	0.01506	0.06261	0.01800	0.25184	0.01080	0.07518	0.01625	0.01909	0.01724	0.07976	0.01655	0.10704	0.19712	0.00499	0.03184	0.00751	0.02727	0.00721
8	0.71383	0.01420	0.01150	0.00997	0.01444	0.01635	0.00822	0.09796	0.01430	0.03278	0.01053	0.01196	0.00806	0.00670	0.00463	0.00215	0.00566	0.00407	0.00463	0.00806
9	0.00977	0.00713	0.00918	0.00867	0.01036	0.00654	0.00650	0.01296	0.01950	0.02739	0.66639	0.05310	0.10737	0.01449	0.00823	0.00221	0.00331	0.01276	0.00760	0.00654
10	0.00848	0.00616	0.00801	0.00949	0.01006	0.00569	0.00638	0.00974	0.01358	0.01790	0.04120	0.69214	0.10245	0.02151	0.00885	0.00279	0.00400	0.01940	0.00648	0.00569
11	0.01866	0.75896	0.03657	0.01194	0.01791	0.02761	0.01194	0.02090	0.01418	0.01642	0.00970	0.01119	0.00896	0.00597	0.00448	0.00149	0.00746	0.00373	0.00299	0.00896
12	0.02031	0.01773	0.01683	0.01481	0.01890	0.11949	0.01162	0.11227	0.45642	0.06942	0.02473	0.02478	0.01885	0.00932	0.00706	0.00227	0.00686	0.03110	0.00665	0.01060
13	0.00850	0.00607	0.00810	0.00972	0.01012	0.00567	0.00648	0.00972	0.01336	0.01781	0.03846	0.75020	0.04615	0.02186	0.00891	0.00283	0.00405	0.01984	0.00648	0.00567

[dist]
# distance from previous block
# <min> <max>
5	11

[block]
# block no. 8 follows, 30 sequences, length 9
# corresponding to MSA columns:
# 359-367
name=unknown_I
#
# <colnr> <probs for GDERKNQSTAVLIFYWHMCP>
#	G	D	E	R	K	N	Q	S	T	A	V	L	I	F	Y	W	H	M	C	P
0	0.01797	0.01496	0.01765	0.01353	0.01831	0.01515	0.01106	0.20307	0.01879	0.02743	0.01296	0.01526	0.01052	0.00747	0.00923	0.00173	0.15399	0.00513	0.00471	0.42110
1	0.01089	0.00749	0.00910	0.00862	0.01079	0.00667	0.00661	0.01358	0.01819	0.07369	0.39527	0.05683	0.29393	0.01534	0.00822	0.00230	0.00372	0.04478	0.00725	0.00671
2	0.01093	0.00789	0.01081	0.01212	0.01378	0.00777	0.01045	0.01406	0.01638	0.02138	0.09846	0.07562	0.08538	0.01873	0.00942	0.00307	0.00596	0.56484	0.00654	0.00641
3	0.00876	0.00704	0.00791	0.00845	0.01033	0.00618	0.00644	0.01065	0.01546	0.01898	0.05954	0.19427	0.48310	0.01869	0.00858	0.00258	0.00408	0.11655	0.00647	0.00593
4	0.01400	0.03610	0.71860	0.01989	0.03020	0.01621	0.02578	0.02210	0.01473	0.02210	0.01252	0.01473	0.00884	0.00663	0.00663	0.00221	0.01031	0.00516	0.00295	0.01031
5	0.01318	0.01240	0.02093	0.73798	0.04806	0.01550	0.01938	0.01783	0.01395	0.01783	0.01240	0.01860	0.00930	0.00698	0.00698	0.00233	0.00930	0.00620	0.00310	0.00775
6	0.00850	0.00607	0.00810	0.00972	0.01012	0.00567	0.00648	0.00972	0.01336	0.01781	0.03846	0.75020	0.04615	0.02186	0.00891	0.00283	0.00405	0.01984	0.00648	0.00567
7	0.80405	0.01350	0.01026	0.00918	0.01350	0.01565	0.00756	0.02051	0.01188	0.03131	0.00972	0.01134	0.00756	0.00648	0.00432	0.00216	0.00540	0.00378	0.00432	0.00756
8	0.00884	0.00713	0.00793	0.00811	0.01017	0.00622	0.00621	0.01097	0.01637	0.02042	0.16326	0.10381	0.49979	0.01756	0.00843	0.00245	0.00384	0.08578	0.00666	0.00604

[dist]
# distance from previous block
# <min> <max>
8	23

[block]
# block no. 9 follows, 30 sequences, length 80
# corresponding to MSA columns:
# 391-470
name=unknown_J
#
# <colnr> <probs for GDERKNQSTAVLIFYWHMCP>
#	G	D	E	R	K	N	Q	S	T	A	V	L	I	F	Y	W	H	M	C	P
0	0.15214	0.01495	0.02211	0.22641	0.35554	0.03527	0.01775	0.02012	0.01478	0.02265	0.01341	0.01942	0.01130	0.00712	0.00659	0.00220	0.00810	0.03723	0.00365	0.00924
1	0.01643	0.01577	0.02387	0.14329	0.45222	0.05993	0.01852	0.04051	0.01625	0.02200	0.03247	0.07876	0.01561	0.00827	0.00715	0.00219	0.00818	0.02490	0.00394	0.00972
2	0.11797	0.01135	0.01306	0.03342	0.01487	0.03876	0.04256	0.08243	0.01662	0.02573	0.12097	0.12594	0.05802	0.01132	0.00805	0.00221	0.06898	0.00919	0.19117	0.00738
3	0.00909	0.00665	0.00867	0.04396	0.01151	0.00641	0.00666	0.01050	0.01361	0.01809	0.09567	0.49292	0.08924	0.13770	0.01298	0.00335	0.00463	0.01664	0.00606	0.00563
4	0.43857	0.01553	0.01438	0.01186	0.01652	0.01757	0.00974	0.27945	0.04132	0.03589	0.01368	0.01463	0.01017	0.00739	0.00546	0.00211	0.00618	0.00501	0.04524	0.00928
5	0.01631	0.11902	0.20380	0.06122	0.07427	0.01755	0.18664	0.06282	0.01611	0.02253	0.01273	0.01580	0.00989	0.00641	0.00710	0.00200	0.03178	0.00583	0.00357	0.12462
6	0.01460	0.08994	0.52606	0.02033	0.02937	0.01692	0.12355	0.02166	0.01502	0.02162	0.01377	0.01830	0.01069	0.00710	0.00685	0.00222	0.01011	0.03879	0.00321	0.00987
7	0.01647	0.01882	0.04118	0.02941	0.03647	0.01765	0.68588	0.02235	0.01647	0.02235	0.01412	0.01882	0.01059	0.00588	0.00824	0.00235	0.01176	0.00824	0.00353	0.00941
8	0.03114	0.01215	0.01636	0.01255	0.01795	0.01067	0.01036	0.05748	0.02043	0.69193	0.02714	0.02350	0.01708	0.00863	0.00702	0.00216	0.00600	0.00699	0.00858	0.01188
9	0.02107	0.01225	0.01473	0.01258	0.01621	0.01236	0.00992	0.21572	0.05043	0.23091	0.05987	0.20069	0.02656	0.03935	0.00868	0.00253	0.00590	0.04344	0.00726	0.00955
10	0.01556	0.01849	0.10230	0.03013	0.22882	0.01584	0.34967	0.02063	0.01578	0.02195	0.01641	0.10023	0.01455	0.00785	0.00776	0.00231	0.00974	0.00864	0.00378	0.00956
11	0.00966	0.00707	0.00927	0.01032	0.01162	0.00668	0.00803	0.01199	0.01569	0.02068	0.14974	0.30828	0.13597	0.01916	0.00897	0.00280	0.00470	0.24660	0.00665	0.00611
12	0.02582	0.01798	0.01948	0.01505	0.02032	0.01964	0.01240	0.58852	0.03047	0.09123	0.01800	0.01798	0.01273	0.00838	0.00682	0.00206	0.00721	0.00635	0.06811	0.01145
13	0.01564	0.01668	0.03364	0.23367	0.13193	0.01689	0.40473	0.02093	0.01567	0.02112	0.01349	0.01855	0.01028	0.00624	0.00769	0.00231	0.01059	0.00738	0.00340	0.00916
14	0.01702	0.01646	0.02839	0.07621	0.61501	0.01662	0.06284	0.02175	0.03582	0.02271	0.01360	0.01769	0.01124	0.00633	0.00700	0.00211	0.00848	0.00639	0.00355	0.01078
15	0.01185	0.00761	0.01005	0.00936	0.01133	0.00700	0.00720	0.01508	0.01954	0.08804	0.60553	0.05131	0.05996	0.01409	0.00821	0.00226	0.00372	0.05315	0.00769	0.00704
16	0.00958	0.00725	0.00892	0.00886	0.01071	0.00659	0.00688	0.01240	0.01805	0.02417	0.41602	0.06058	0.25700	0.01603	0.00844	0.00239	0.00383	0.10881	0.00713	0.00635
17	0.03101	0.01236	0.01649	0.01264	0.01805	0.01097	0.01045	0.07518	0.02078	0.67375	0.02685	0.02331	0.01693	0.00862	0.00702	0.00216	0.00605	0.00697	0.00853	0.01188
18	0.05781	0.01329	0.02231	0.57647	0.04284	0.01615	0.08249	0.01834	0.01384	0.01894	0.01218	0.01798	0.00932	0.00723	0.00812	0.00237	0.06298	0.00625	0.00321	0.00789
19	0.00992	0.00743	0.00947	0.01052	0.01199	0.00712	0.00827	0.01284	0.04147	0.02016	0.07774	0.28864	0.17757	0.01916	0.00895	0.00283	0.00489	0.26821	0.00654	0.00626
20	0.00941	0.00675	0.00875	0.01004	0.01070	0.00647	0.00682	0.04392	0.01434	0.01913	0.03737	0.71321	0.04442	0.02118	0.00881	0.00280	0.00423	0.01915	0.00650	0.00598
21	0.13139	0.01199	0.01294	0.01290	0.04136	0.03612	0.00952	0.02356	0.21957	0.09903	0.03006	0.19812	0.06857	0.01291	0.00734	0.00246	0.00550	0.06171	0.00636	0.00859
22	0.22942	0.06733	0.01934	0.04754	0.07273	0.22437	0.03583	0.08864	0.10720	0.02563	0.01368	0.01516	0.01073	0.00721	0.00597	0.00204	0.00846	0.00521	0.00450	0.00901
23	0.03430	0.00798	0.01056	0.01083	0.03601	0.00755	0.00802	0.01472	0.01830	0.06428	0.45778	0.09816	0.07304	0.01483	0.00827	0.00239	0.00422	0.11464	0.00718	0.00696
24	0.80405	0.01350	0.01026	0.00918	0.01350	0.01565	0.00756	0.02051	0.01188	0.03131	0.00972	0.01134	0.00756	0.00648	0.00432	0.00216	0.00540	0.00378	0.00432	0.00756
25	0.01021	0.00678	0.00768	0.00765	0.00778	0.00675	0.00438	0.01048	0.01081	0.01468	0.06029	0.04549	0.02743	0.69306	0.03316	0.00637	0.00648	0.01019	0.02593	0.00442
26	0.03819	0.06621	0.66803	0.01923	0.02917	0.01668	0.02464	0.02200	0.01462	0.02214	0.01232	0.01448	0.00881	0.00660	0.00647	0.00218	0.01004	0.00505	0.00299	0.01017
27	0.52899	0.01423	0.01274	0.01073	0.01519	0.01598	0.00881	0.16835	0.01729	0.07199	0.03067	0.01500	0.01106	0.00730	0.00519	0.00212	0.00577	0.00488	0.04504	0.00867
28	0.02881	0.01315	0.01655	0.01288	0.01805	0.01249	0.01058	0.14940	0.05989	0.52540	0.02544	0.02275	0.01657	0.00861	0.00691	0.00213	0.00610	0.00691	0.04582	0.01157
29	0.02021	0.01585	0.01723	0.01476	0.01904	0.01776	0.01198	0.29898	0.32925	0.03402	0.02489	0.02983	0.02017	0.01043	0.00742	0.00238	0.00653	0.10161	0.00695	0.01072
30	0.06396	0.06927	0.64136	0.01883	0.02856	0.01672	0.02397	0.02194	0.01453	0.02241	0.01221	0.01435	0.00876	0.00659	0.00638	0.00217	0.00987	0.00500	0.00303	0.01007
31	0.17534	0.00976	0.03682	0.00947	0.01218	0.00893	0.00765	0.01580	0.01707	0.07063	0.38428	0.10475	0.09575	0.01295	0.00735	0.00226	0.00425	0.01096	0.00667	0.00713
32	0.01733	0.01410	0.01600	0.01169	0.01775	0.01223	0.00945	0.17647	0.01882	0.02777	0.01343	0.01501	0.01070	0.00593	0.00560	0.00128	0.00576	0.00464	0.00481	0.61122
33	0.00900	0.00672	0.00838	0.00887	0.01018	0.00610	0.00637	0.01113	0.01626	0.02172	0.28242	0.33220	0.20221	0.01816	0.00854	0.00251	0.00373	0.03252	0.00690	0.00606
34	0.01572	0.28290	0.45074	0.01765	0.02631	0.02019	0.05433	0.02170	0.01463	0.02017	0.01164	0.01373	0.00897	0.00637	0.00597	0.00197	0.00941	0.00482	0.00299	0.00980
35	0.01049	0.07326	0.01160	0.00902	0.01110	0.00848	0.00704	0.01349	0.01840	0.02538	0.54324	0.04867	0.12319	0.01601	0.04805	0.00265	0.00454	0.01176	0.00693	0.00670
36	0.00927	0.00640	0.00787	0.00873	0.00895	0.00618	0.00543	0.00992	0.01186	0.01582	0.03078	0.42175	0.03646	0.36353	0.02131	0.00467	0.00532	0.01532	0.00543	0.00500
37	0.02505	0.01783	0.01944	0.01517	0.02053	0.01937	0.01242	0.50022	0.12838	0.10269	0.01925	0.01865	0.01368	0.00841	0.00691	0.00209	0.00708	0.00648	0.00701	0.04934
38	0.01616	0.02148	0.15621	0.02974	0.13433	0.01724	0.47452	0.02217	0.01609	0.02237	0.01370	0.01789	0.01035	0.00606	0.00776	0.00229	0.01100	0.00741	0.00342	0.00981
39	0.01016	0.00675	0.00858	0.00928	0.01008	0.00637	0.00632	0.01149	0.01375	0.04774	0.10114	0.40711	0.07146	0.20064	0.01532	0.00371	0.00484	0.05340	0.00613	0.00572
