[name]
unknown

[dist]
# distance from previous block
# <min> <max>
0	0

[block]
# block no. 0 follows, 30 sequences, length 54
# corresponding to MSA columns:
# 0-53
name=unknown_A
#
# <colnr> <probs for GDERKNQSTAVLIFYWHMCP>
#	G	D	E	R	K	N	Q	S	T	A	V	L	I	F	Y	W	H	M	C	P
0	0.01124	0.00803	0.01124	0.01285	0.01446	0.00803	0.01124	0.01446	0.01606	0.02088	0.03695	0.07871	0.04016	0.01928	0.00964	0.00321	0.00643	0.66426	0.00643	0.00643
1	0.03131	0.01188	0.01619	0.01242	0.01781	0.01026	0.01026	0.03401	0.01997	0.71606	0.02753	0.02375	0.01727	0.00864	0.00702	0.00216	0.00594	0.00702	0.00864	0.01188
2	0.02345	0.02783	0.02041	0.07860	0.09185	0.51899	0.01452	0.06968	0.01940	0.01946	0.01190	0.01449	0.00979	0.00919	0.03893	0.00231	0.01184	0.00506	0.00377	0.00852
3	0.00889	0.00635	0.00855	0.01016	0.01074	0.00601	0.00716	0.01039	0.01375	0.01825	0.03825	0.65448	0.04530	0.02149	0.00901	0.00289	0.00439	0.11170	0.00647	0.00578
4	0.01548	0.01670	0.06112	0.49696	0.12977	0.08607	0.03853	0.03738	0.01539	0.01946	0.01251	0.01758	0.00958	0.00689	0.00692	0.00223	0.00958	0.00604	0.00330	0.00851
5	0.01959	0.01610	0.01704	0.01465	0.01900	0.01840	0.01159	0.19573	0.53634	0.03280	0.02556	0.02377	0.01900	0.00920	0.00707	0.00230	0.00605	0.00750	0.00707	0.01125
6	0.09391	0.01245	0.01598	0.01236	0.01768	0.01135	0.01021	0.07041	0.02005	0.62181	0.02546	0.02234	0.01617	0.00845	0.00680	0.00216	0.00599	0.00671	0.00819	0.01152
7	0.01037	0.00771	0.01004	0.01119	0.01295	0.00738	0.00948	0.01316	0.01604	0.02046	0.06241	0.09311	0.21189	0.01881	0.00923	0.00296	0.00554	0.46451	0.00647	0.00627
8	0.01866	0.75896	0.03657	0.01194	0.01791	0.02761	0.01194	0.02090	0.01418	0.01642	0.00970	0.01119	0.00896	0.00597	0.00448	0.00149	0.00746	0.00373	0.00299	0.00896
9	0.02792	0.01662	0.01905	0.01468	0.02014	0.01739	0.01210	0.42920	0.05220	0.28525	0.02105	0.01961	0.01415	0.00851	0.00700	0.00213	0.00697	0.00661	0.00758	0.01184
10	0.02599	0.01322	0.04735	0.01283	0.01778	0.01152	0.01098	0.12105	0.02127	0.46358	0.11098	0.02918	0.02357	0.00985	0.00730	0.00222	0.00608	0.04654	0.00790	0.01082
11	0.01014	0.00680	0.00777	0.00777	0.00783	0.00685	0.00443	0.01025	0.01020	0.01365	0.02184	0.04484	0.02501	0.72311	0.06667	0.00697	0.00730	0.01003	0.00421	0.00432
12	0.04851	0.00657	0.00939	0.00934	0.00969	0.00682	0.00644	0.01001	0.00947	0.01348	0.01278	0.02148	0.01253	0.02670	0.10787	0.66852	0.00750	0.00612	0.00317	0.00361
13	0.01866	0.75896	0.03657	0.01194	0.01791	0.02761	0.01194	0.02090	0.01418	0.01642	0.00970	0.01119	0.00896	0.00597	0.00448	0.00149	0.00746	0.00373	0.00299	0.00896
14	0.01144	0.01046	0.01828	0.01584	0.01800	0.01053	0.18742	0.01396	0.01392	0.01889	0.02851	0.43445	0.03215	0.04063	0.01102	0.00287	0.07946	0.04005	0.00528	0.00684
15	0.02382	0.09078	0.02092	0.05801	0.02239	0.52109	0.01326	0.07196	0.01946	0.01939	0.01133	0.01325	0.00931	0.00700	0.00614	0.00176	0.01104	0.00462	0.00379	0.07066
16	0.00877	0.00700	0.00785	0.00782	0.00979	0.00609	0.00580	0.01096	0.01687	0.02158	0.26420	0.12134	0.45333	0.01698	0.00830	0.00235	0.00350	0.01452	0.00685	0.00609
17	0.07426	0.01663	0.01872	0.01443	0.01988	0.01749	0.01192	0.43013	0.02728	0.26750	0.01993	0.01877	0.01342	0.00835	0.00684	0.00212	0.00696	0.00638	0.00738	0.01161
18	0.02332	0.01777	0.01894	0.01521	0.02017	0.01988	0.01234	0.46883	0.23618	0.03892	0.02050	0.01987	0.01493	0.00870	0.00696	0.00216	0.00689	0.00678	0.03020	0.01146
19	0.01464	0.01256	0.01455	0.01057	0.01663	0.00978	0.00843	0.01873	0.05507	0.02312	0.01335	0.01516	0.01099	0.00542	0.00528	0.00111	0.00519	0.00436	0.00431	0.75075
20	0.01648	0.01817	0.03311	0.12437	0.06728	0.06346	0.40739	0.02112	0.01535	0.02049	0.01280	0.01773	0.01010	0.00719	0.01031	0.00242	0.13272	0.00726	0.00339	0.00889
21	0.02037	0.01602	0.01580	0.01377	0.01777	0.08961	0.01078	0.09285	0.40610	0.11807	0.04223	0.02415	0.01949	0.00904	0.00684	0.00219	0.00627	0.00728	0.07092	0.01044
22	0.00910	0.00695	0.00905	0.01006	0.01060	0.00702	0.00697	0.01034	0.01325	0.01764	0.03852	0.58994	0.10799	0.05457	0.01121	0.00299	0.06417	0.01776	0.00610	0.00578
23	0.01704	0.39198	0.26757	0.01549	0.02217	0.02234	0.01705	0.02122	0.01411	0.04138	0.01118	0.01334	0.00921	0.00708	0.00765	0.00196	0.10207	0.00463	0.00317	0.00935
24	0.71193	0.01394	0.01135	0.00986	0.01432	0.01595	0.00813	0.07616	0.01390	0.05705	0.01094	0.01223	0.00826	0.00671	0.00464	0.00215	0.00561	0.00410	0.00469	0.00807
25	0.01825	0.01268	0.01434	0.01254	0.01577	0.01393	0.00978	0.16474	0.26621	0.07194	0.02211	0.02450	0.01734	0.01395	0.04385	0.14626	0.00648	0.02412	0.09221	0.00898
26	0.03112	0.01217	0.01638	0.01256	0.01796	0.01070	0.01037	0.05934	0.02047	0.69002	0.02711	0.02348	0.01706	0.00863	0.00702	0.00216	0.00601	0.00699	0.00857	0.01188
27	0.01524	0.01473	0.02395	0.42988	0.32136	0.03652	0.02005	0.01960	0.01492	0.01986	0.01266	0.01788	0.01002	0.00667	0.00693	0.00221	0.00898	0.00616	0.00326	0.00913
28	0.02661	0.01735	0.01962	0.01518	0.02036	0.01876	0.01253	0.49697	0.02865	0.18845	0.03690	0.01914	0.01434	0.00877	0.00776	0.00216	0.04115	0.00660	0.00718	0.01153
29	0.00920	0.00711	0.00839	0.00807	0.01001	0.00630	0.00605	0.01186	0.01816	0.02420	0.44403	0.05835	0.33171	0.01568	0.00824	0.00226	0.00339	0.01349	0.00718	0.00630
30	0.01447	0.01240	0.01447	0.01034	0.01654	0.00930	0.00827	0.01757	0.01447	0.02274	0.01240	0.01447	0.01034	0.00517	0.00517	0.00103	0.00517	0.00413	0.00413	0.79742
31	0.80405	0.01350	0.01026	0.00918	0.01350	0.01565	0.00756	0.02051	0.01188	0.03131	0.00972	0.01134	0.00756	0.00648	0.00432	0.00216	0.00540	0.00378	0.00432	0.00756
32	0.01613	0.35066	0.39383	0.01681	0.02509	0.02124	0.04636	0.02158	0.01456	0.01963	0.01136	0.01335	0.00896	0.00631	0.00576	0.00190	0.00913	0.00466	0.00299	0.00968
33	0.01540	0.01299	0.01496	0.01088	0.01695	0.01046	0.00872	0.06369	0.04330	0.02444	0.01334	0.01509	0.01088	0.00556	0.00537	0.00116	0.00535	0.00443	0.00445	0.71259
34	0.01262	0.00802	0.00993	0.01054	0.05438	0.00771	0.00640	0.01352	0.01248	0.08786	0.02837	0.04558	0.10424	0.50996	0.02637	0.00531	0.00638	0.03958	0.00500	0.00575
35	0.01428	0.01224	0.01424	0.01023	0.01632	0.00920	0.00818	0.01734	0.01451	0.02262	0.01422	0.01611	0.03204	0.00556	0.00526	0.00107	0.00512	0.00446	0.00421	0.77281
36	0.00901	0.00662	0.00855	0.00941	0.01043	0.00602	0.00651	0.01073	0.01474	0.01997	0.16170	0.54604	0.08919	0.01944	0.00857	0.00260	0.00393	0.01747	0.00659	0.04248
37	0.01840	0.65813	0.10867	0.01299	0.01934	0.04935	0.01347	0.02125	0.01442	0.01704	0.01004	0.01162	0.00894	0.00608	0.00477	0.00158	0.00793	0.00391	0.00300	0.00907
38	0.54148	0.01297	0.01252	0.04862	0.01656	0.01410	0.00895	0.02423	0.01430	0.22622	0.01495	0.01527	0.01043	0.00712	0.00523	0.00217	0.00576	0.00483	0.00549	0.00880
39	0.07802	0.01510	0.01746	0.01372	0.01894	0.01553	0.01125	0.26706	0.10580	0.34888	0.02263	0.02072	0.01520	0.00850	0.00684	0.00216	0.00647	0.00665	0.00758	0.01149
40	0.01302	0.01172	0.01822	0.43006	0.09557	0.01329	0.01553	0.01796	0.05150	0.02108	0.14459	0.02688	0.04974	0.00873	0.00716	0.00221	0.00742	0.00772	0.00439	0.05320
41	0.09688	0.01245	0.01596	0.01235	0.01767	0.01137	0.01020	0.07035	0.02002	0.61918	0.02539	0.02229	0.01614	0.00844	0.00679	0.00216	0.00599	0.00670	0.00817	0.01151
42	0.07267	0.01919	0.02031	0.01565	0.02116	0.02129	0.01292	0.64835	0.03157	0.04323	0.01634	0.01643	0.01161	0.00826	0.00682	0.00210	0.00754	0.00613	0.00682	0.01161
43	0.01431	0.01356	0.02298	0.54510	0.23207	0.01580	0.01994	0.01882	0.01449	0.01921	0.01260	0.01823	0.00979	0.00677	0.00696	0.00226	0.00902	0.00621	0.00320	0.00867
44	0.02527	0.01208	0.01655	0.01318	0.01774	0.01119	0.04667	0.11037	0.02042	0.45037	0.06988	0.12890	0.02345	0.01071	0.00743	0.00226	0.00603	0.00919	0.00778	0.01051
45	0.00975	0.00760	0.01008	0.01073	0.01138	0.00788	0.00757	0.01105	0.01294	0.01776	0.03264	0.58656	0.03864	0.05264	0.01165	0.00294	0.09655	0.01683	0.00582	0.04899
46	0.01318	0.01240	0.02093	0.73798	0.04806	0.01550	0.01938	0.01783	0.01395	0.01783	0.01240	0.01860	0.00930	0.00698	0.00698	0.00233	0.00930	0.00620	0.00310	0.00775
47	0.01026	0.00869	0.00996	0.00929	0.01156	0.00841	0.00720	0.01301	0.04298	0.02028	0.12569	0.05403	0.41210	0.04959	0.01075	0.00255	0.07741	0.04953	0.00600	0.07071
48	0.01634	0.01976	0.07808	0.02889	0.03613	0.01757	0.64992	0.02234	0.01638	0.02234	0.01403	0.01860	0.01049	0.00592	0.00815	0.00235	0.01169	0.00807	0.00350	0.00946
49	0.01647	0.01882	0.04118	0.02941	0.03647	0.01765	0.68588	0.02235	0.01647	0.02235	0.01412	0.01882	0.01059	0.00588	0.00824	0.00235	0.01176	0.00824	0.00353	0.00941
50	0.00864	0.00613	0.00806	0.00955	0.00992	0.00576	0.00629	0.00975	0.01310	0.01747	0.03712	0.69288	0.04446	0.08150	0.01107	0.00315	0.00427	0.01905	0.00629	0.00555
51	0.02570	0.01877	0.02026	0.01566	0.02092	0.02075	0.01285	0.64903	0.03145	0.04215	0.01649	0.01701	0.01188	0.00929	0.00814	0.04767	0.00759	0.00627	0.00675	0.01136
52	0.00972	0.00834	0.04163	0.01056	0.01164	0.00715	0.04362	0.01110	0.01254	0.01685	0.03059	0.44721	0.03575	0.25971	0.01746	0.00406	0.00564	0.01538	0.00542	0.00561
53	0.00893	0.00674	0.00949	0.01033	0.01113	0.00628	0.03678	0.01032	0.01348	0.01785	0.03838	0.63846	0.08273	0.06083	0.01029	0.00300	0.00451	0.01849	0.00622	0.00577

[dist]
# distance from previous block
# <min> <max>
0	1

[block]
# block no. 1 follows, 30 sequences, length 7
# corresponding to MSA columns:
# 55-61
name=unknown_B
#
# <colnr> <probs for GDERKNQSTAVLIFYWHMCP>
#	G	D	E	R	K	N	Q	S	T	A	V	L	I	F	Y	W	H	M	C	P
0	0.01878	0.13306	0.09721	0.01600	0.02012	0.32620	0.05484	0.02145	0.01663	0.01804	0.01776	0.19250	0.01811	0.01044	0.00682	0.00208	0.00945	0.00842	0.00413	0.00795
1	0.46039	0.01744	0.10614	0.10033	0.02139	0.01682	0.01243	0.14432	0.01639	0.03082	0.01172	0.01367	0.00874	0.00691	0.00544	0.00217	0.00694	0.00472	0.00449	0.00874
2	0.01074	0.00772	0.00895	0.00839	0.00960	0.00709	0.00527	0.01147	0.01137	0.01580	0.02236	0.13198	0.02530	0.51977	0.02640	0.00519	0.00611	0.01030	0.00450	0.15169
3	0.01423	0.01240	0.01567	0.14544	0.02239	0.01045	0.01033	0.01762	0.01437	0.02183	0.01240	0.01524	0.01014	0.00550	0.00550	0.00127	0.00594	0.00452	0.00394	0.65080
4	0.00928	0.00640	0.00787	0.00872	0.00893	0.00619	0.00541	0.00992	0.01184	0.01578	0.03065	0.41611	0.03630	0.36940	0.02153	0.00470	0.00534	0.01524	0.00541	0.00499
5	0.57691	0.01247	0.01050	0.00904	0.01335	0.01349	0.00735	0.01951	0.01264	0.02924	0.01175	0.01364	0.00927	0.00646	0.00453	0.00191	0.00510	0.00417	0.10010	0.13858
6	0.00843	0.00702	0.00736	0.00740	0.00957	0.00595	0.00550	0.01032	0.01615	0.01972	0.13368	0.10601	0.60377	0.01757	0.00828	0.00237	0.00354	0.01481	0.00660	0.00595

[dist]
# distance from previous block
# <min> <max>
0	1

[block]
# block no. 2 follows, 30 sequences, length 7
# corresponding to MSA columns:
# 63-69
name=unknown_C
#
# <colnr> <probs for GDERKNQSTAVLIFYWHMCP>
#	G	D	E	R	K	N	Q	S	T	A	V	L	I	F	Y	W	H	M	C	P
0	0.01171	0.00773	0.00855	0.00798	0.01056	0.00661	0.00602	0.01361	0.01641	0.11654	0.10978	0.05863	0.52099	0.06187	0.00977	0.00259	0.00405	0.01321	0.00673	0.00668
1	0.01447	0.01240	0.01447	0.01034	0.01654	0.00930	0.00827	0.01757	0.01447	0.02274	0.01240	0.01447	0.01034	0.00517	0.00517	0.00103	0.00517	0.00413	0.00413	0.79742
2	0.02556	0.01751	0.01930	0.01509	0.02022	0.01896	0.01234	0.55401	0.02966	0.12034	0.01985	0.07974	0.01541	0.00955	0.00715	0.00216	0.00717	0.00752	0.00713	0.01134
3	0.00950	0.00694	0.00938	0.00979	0.01066	0.00733	0.00699	0.01111	0.01191	0.01628	0.02837	0.21991	0.07878	0.18233	0.34968	0.00750	0.01139	0.01174	0.00475	0.00566
4	0.06826	0.01558	0.01742	0.01359	0.01862	0.01638	0.01117	0.38998	0.02599	0.23500	0.02014	0.01949	0.01385	0.00832	0.00662	0.00207	0.00657	0.00638	0.09352	0.01105
5	0.01651	0.01361	0.01557	0.01130	0.01740	0.01139	0.00911	0.13102	0.01757	0.02633	0.01314	0.01486	0.01060	0.00571	0.00547	0.00121	0.00559	0.00450	0.00462	0.66447
6	0.02231	0.01480	0.01678	0.01359	0.01856	0.01533	0.01091	0.17047	0.29126	0.20078	0.02340	0.02183	0.01672	0.00841	0.00677	0.00206	0.00603	0.00679	0.00702	0.12618

[dist]
# distance from previous block
# <min> <max>
0	8

[block]
# block no. 3 follows, 30 sequences, length 17
# corresponding to MSA columns:
# 78-94
name=unknown_D
#
# <colnr> <probs for GDERKNQSTAVLIFYWHMCP>
#	G	D	E	R	K	N	Q	S	T	A	V	L	I	F	Y	W	H	M	C	P
0	0.01698	0.14877	0.06509	0.05535	0.02298	0.13539	0.12255	0.02034	0.01548	0.01982	0.04040	0.05003	0.01352	0.00764	0.00764	0.00189	0.06746	0.00618	0.00378	0.17870
1	0.01728	0.01696	0.02663	0.03942	0.62915	0.05833	0.02007	0.02112	0.01597	0.02217	0.01447	0.05977	0.01298	0.00719	0.00699	0.00210	0.00830	0.00691	0.00364	0.01056
2	0.01623	0.20246	0.35057	0.10050	0.02762	0.01902	0.03602	0.02153	0.01448	0.06117	0.01245	0.01502	0.00950	0.00714	0.00775	0.00213	0.07834	0.00521	0.00334	0.00951
3	0.01095	0.00808	0.01005	0.01038	0.01191	0.00767	0.00734	0.07934	0.01569	0.02133	0.06028	0.57881	0.04008	0.01862	0.00833	0.00256	0.00449	0.01670	0.00636	0.08105
4	0.72954	0.01339	0.01065	0.00929	0.01378	0.01506	0.00762	0.02024	0.01212	0.03050	0.00997	0.01163	0.00782	0.00635	0.00440	0.00205	0.00538	0.00381	0.00430	0.08209
5	0.02596	0.01933	0.02096	0.01617	0.02147	0.02163	0.01336	0.65433	0.03170	0.04262	0.01637	0.01668	0.01173	0.00857	0.00778	0.00214	0.04447	0.00627	0.00678	0.01166
6	0.00978	0.00661	0.00772	0.00809	0.00818	0.00652	0.00473	0.01005	0.01087	0.01450	0.02570	0.20429	0.03005	0.58974	0.02953	0.00588	0.00615	0.01233	0.00473	0.00455
7	0.06849	0.01750	0.01931	0.01487	0.02035	0.01876	0.01229	0.50560	0.02882	0.19466	0.01881	0.01804	0.01286	0.00834	0.00685	0.00211	0.00717	0.00632	0.00721	0.01164
8	0.00870	0.00620	0.00819	0.00955	0.01005	0.00580	0.00640	0.01006	0.01384	0.01860	0.10095	0.65656	0.04719	0.05003	0.00989	0.00293	0.00408	0.01877	0.00650	0.00570
9	0.01743	0.02150	0.07824	0.02754	0.03439	0.09940	0.56976	0.02297	0.01675	0.02173	0.01364	0.01786	0.01030	0.00608	0.00792	0.00228	0.01177	0.00762	0.00350	0.00931
10	0.02498	0.01825	0.01968	0.01550	0.02075	0.02020	0.01267	0.52612	0.16251	0.07642	0.01960	0.01894	0.01400	0.00860	0.00701	0.00215	0.00717	0.00664	0.00709	0.01171
11	0.00864	0.00630	0.00817	0.00957	0.01026	0.00583	0.00658	0.01007	0.01393	0.01836	0.06121	0.62959	0.11357	0.02110	0.00885	0.00278	0.00408	0.04884	0.00651	0.00575
12	0.00890	0.00615	0.00812	0.00943	0.00990	0.00575	0.00630	0.00968	0.01299	0.01717	0.03724	0.61517	0.08163	0.04306	0.01150	0.08341	0.00430	0.01786	0.00606	0.00537
13	0.03880	0.00787	0.00936	0.00984	0.01081	0.00790	0.00666	0.07894	0.01451	0.01992	0.03130	0.48086	0.03633	0.19568	0.01493	0.00368	0.00512	0.01557	0.00591	0.00602
14	0.01758	0.01691	0.02475	0.18020	0.44055	0.07252	0.01914	0.06197	0.03583	0.02288	0.01370	0.01762	0.01105	0.00672	0.00683	0.00210	0.00859	0.00614	0.02487	0.01007
15	0.01512	0.01163	0.01577	0.01293	0.01710	0.01051	0.07708	0.03768	0.10346	0.08612	0.02395	0.23770	0.02318	0.01120	0.00707	0.00201	0.00568	0.01006	0.00565	0.28611
16	0.02341	0.01585	0.04952	0.01380	0.01907	0.01520	0.01166	0.26927	0.11230	0.22000	0.07956	0.02256	0.01888	0.00869	0.00691	0.00205	0.00642	0.00696	0.00703	0.09086

[dist]
# distance from previous block
# <min> <max>
0	2

[block]
# block no. 4 follows, 30 sequences, length 28
# corresponding to MSA columns:
# 97-124
name=unknown_E
#
# <colnr> <probs for GDERKNQSTAVLIFYWHMCP>
#	G	D	E	R	K	N	Q	S	T	A	V	L	I	F	Y	W	H	M	C	P
0	0.06209	0.01510	0.01617	0.01357	0.01781	0.01670	0.01076	0.23943	0.31147	0.08598	0.04884	0.02560	0.04314	0.05115	0.00858	0.00249	0.00615	0.00763	0.00687	0.01046
1	0.09645	0.04242	0.07368	0.01529	0.02089	0.10812	0.01323	0.38526	0.02540	0.10075	0.01570	0.01600	0.01125	0.00776	0.00649	0.00202	0.00803	0.00566	0.00594	0.03967
2	0.02245	0.10055	0.02170	0.17830	0.02713	0.49846	0.01465	0.02493	0.01792	0.01718	0.01104	0.01379	0.00906	0.00702	0.00627	0.00189	0.01134	0.00480	0.00342	0.00810
3	0.01218	0.00609	0.00893	0.00893	0.00903	0.00609	0.00599	0.00954	0.00944	0.01300	0.01279	0.02152	0.01249	0.02322	0.02586	0.74668	0.00588	0.00609	0.05301	0.00325
4	0.01212	0.00606	0.00909	0.00909	0.00909	0.00606	0.00606	0.00909	0.00909	0.01212	0.01212	0.02121	0.01212	0.02424	0.02727	0.79697	0.00606	0.00606	0.00303	0.00303
5	0.00959	0.00656	0.00852	0.00943	0.01041	0.00602	0.00654	0.01126	0.01491	0.04658	0.15203	0.54472	0.10794	0.01971	0.00866	0.00266	0.00395	0.01768	0.00676	0.00608
6	0.68039	0.01348	0.01117	0.00983	0.01421	0.01534	0.00805	0.02289	0.06510	0.08737	0.01261	0.01348	0.00941	0.00688	0.00475	0.00218	0.00545	0.00436	0.00489	0.00818
7	0.01034	0.00678	0.00884	0.00979	0.01070	0.00636	0.00688	0.01182	0.01402	0.05804	0.06593	0.49356	0.07107	0.10816	0.01201	0.00326	0.00468	0.08539	0.00638	0.00598
8	0.01238	0.00933	0.01054	0.00974	0.01241	0.00923	0.00746	0.01919	0.18723	0.06371	0.28039	0.04924	0.27417	0.01394	0.00789	0.00229	0.00408	0.01186	0.00718	0.00775
9	0.80405	0.01350	0.01026	0.00918	0.01350	0.01565	0.00756	0.02051	0.01188	0.03131	0.00972	0.01134	0.00756	0.00648	0.00432	0.00216	0.00540	0.00378	0.00432	0.00756
10	0.01647	0.01882	0.04118	0.02941	0.03647	0.01765	0.68588	0.02235	0.01647	0.02235	0.01412	0.01882	0.01059	0.00588	0.00824	0.00235	0.01176	0.00824	0.00353	0.00941
11	0.00978	0.00679	0.00754	0.00760	0.00800	0.00658	0.00449	0.01011	0.01120	0.01456	0.03052	0.07562	0.13718	0.60742	0.03009	0.00590	0.00614	0.01126	0.00468	0.00455
12	0.01376	0.01299	0.02197	0.63995	0.14158	0.01566	0.01967	0.01834	0.01423	0.01853	0.01251	0.01842	0.00955	0.00687	0.00697	0.00229	0.00916	0.00620	0.00315	0.00822
13	0.01447	0.01240	0.01447	0.01034	0.01654	0.00930	0.00827	0.01757	0.01447	0.02274	0.01240	0.01447	0.01034	0.00517	0.00517	0.00103	0.00517	0.00413	0.00413	0.79742
14	0.01591	0.01516	0.02547	0.15315	0.54892	0.01558	0.01984	0.01995	0.01558	0.02168	0.01747	0.02136	0.06485	0.00723	0.00702	0.00214	0.00809	0.00687	0.00363	0.01012
15	0.01727	0.01658	0.02832	0.04283	0.71123	0.01658	0.02142	0.02142	0.01589	0.02280	0.01313	0.01727	0.01105	0.00622	0.00691	0.00207	0.00829	0.00622	0.00345	0.01105
16	0.00866	0.00618	0.00828	0.00990	0.01037	0.00580	0.00675	0.00999	0.01351	0.01799	0.03837	0.71180	0.04581	0.02171	0.00895	0.00286	0.00418	0.05669	0.00647	0.00571
17	0.00878	0.00698	0.00743	0.00743	0.00919	0.00612	0.00526	0.01033	0.01507	0.01866	0.12143	0.08547	0.49090	0.16040	0.01356	0.00321	0.00416	0.01382	0.00616	0.00563
18	0.02515	0.04804	0.01903	0.01411	0.01916	0.01734	0.01166	0.42197	0.02737	0.19550	0.10766	0.02267	0.01992	0.00909	0.00704	0.00210	0.00671	0.00716	0.00728	0.01107
19	0.05574	0.31578	0.02555	0.01352	0.01880	0.06134	0.01184	0.25283	0.02138	0.09708	0.01552	0.05366	0.01272	0.00800	0.00593	0.00188	0.00740	0.00584	0.00521	0.00997
20	0.00854	0.00691	0.00759	0.00777	0.00970	0.00596	0.00570	0.01045	0.01608	0.02009	0.16346	0.17843	0.49926	0.01784	0.00835	0.00241	0.00358	0.01525	0.00666	0.00596
21	0.01844	0.05705	0.02784	0.03877	0.61931	0.01670	0.02003	0.02236	0.01611	0.07621	0.01405	0.01744	0.01142	0.00639	0.00678	0.00205	0.00806	0.00614	0.00383	0.01100
22	0.02463	0.04547	0.05810	0.07050	0.05163	0.13038	0.01323	0.08126	0.11937	0.30210	0.02084	0.02009	0.01445	0.00806	0.00679	0.00211	0.00775	0.00636	0.00629	0.01059
23	0.01584	0.15613	0.51663	0.01955	0.06363	0.04222	0.02232	0.04779	0.01557	0.02186	0.01218	0.01428	0.00910	0.00658	0.00628	0.00206	0.00970	0.00499	0.00316	0.01011
24	0.05423	0.00750	0.00842	0.00846	0.01029	0.00687	0.00604	0.01257	0.01478	0.07313	0.08478	0.23417	0.31642	0.11654	0.01178	0.00304	0.00438	0.01412	0.00629	0.00620
25	0.02404	0.01771	0.02055	0.01669	0.04402	0.01920	0.04330	0.53912	0.02885	0.06316	0.01873	0.07486	0.01504	0.03164	0.00804	0.00231	0.00752	0.00756	0.00664	0.01102
26	0.02265	0.06294	0.06129	0.04611	0.07937	0.25282	0.06669	0.18510	0.08008	0.05399	0.01496	0.01632	0.01137	0.00745	0.00670	0.00202	0.00960	0.00581	0.00481	0.00990
27	0.02374	0.01359	0.05212	0.01246	0.01696	0.04694	0.01050	0.08635	0.02055	0.39300	0.18768	0.05555	0.02858	0.01026	0.00732	0.00217	0.00596	0.00853	0.00762	0.01011

[dist]
# distance from previous block
# <min> <max>
1	10

[block]
# block no. 5 follows, 30 sequences, length 46
# corresponding to MSA columns:
# 135-180
name=unknown_F
#
# <colnr> <probs for GDERKNQSTAVLIFYWHMCP>
#	G	D	E	R	K	N	Q	S	T	A	V	L	I	F	Y	W	H	M	C	P
0	0.01600	0.05200	0.01433	0.01161	0.01477	0.01279	0.00908	0.11280	0.19929	0.07871	0.23489	0.09775	0.06326	0.04062	0.00858	0.00242	0.00511	0.01024	0.00696	0.00880
1	0.00950	0.00679	0.00821	0.00841	0.00924	0.00649	0.00558	0.01086	0.01381	0.01856	0.19085	0.19038	0.12548	0.30752	0.05394	0.00457	0.00558	0.01312	0.00575	0.00537
2	0.01688	0.01624	0.02773	0.10361	0.60256	0.01655	0.04644	0.02166	0.03871	0.02255	0.01361	0.01775	0.01122	0.00638	0.00697	0.00212	0.00842	0.00635	0.00355	0.01069
3	0.04656	0.56765	0.08048	0.01350	0.01970	0.02534	0.03662	0.10216	0.01648	0.02089	0.01091	0.01239	0.00931	0.00632	0.00506	0.00167	0.00776	0.00430	0.00353	0.00937
4	0.01529	0.00918	0.01127	0.01007	0.01292	0.00868	0.00777	0.02030	0.11007	0.17862	0.32518	0.07854	0.15722	0.01332	0.00785	0.00227	0.00426	0.01145	0.00755	0.00819
5	0.12115	0.01225	0.01499	0.01189	0.01678	0.01154	0.00970	0.06147	0.06218	0.46307	0.08401	0.02410	0.02003	0.00874	0.00671	0.00212	0.00566	0.00700	0.00763	0.04898
6	0.01693	0.01623	0.02771	0.10090	0.65583	0.01649	0.02125	0.02112	0.01573	0.02238	0.01307	0.01738	0.01091	0.00628	0.00691	0.00209	0.00837	0.00622	0.00342	0.01078
7	0.01578	0.01630	0.02098	0.05304	0.02005	0.08221	0.03134	0.01757	0.01193	0.01706	0.01118	0.05522	0.01120	0.01189	0.01954	0.00288	0.58414	0.00677	0.00330	0.00762
8	0.00958	0.00679	0.00775	0.00785	0.00854	0.00646	0.00493	0.01041	0.01267	0.01662	0.10961	0.12308	0.16526	0.45301	0.02442	0.00499	0.00547	0.01231	0.00528	0.00496
9	0.00912	0.00664	0.00840	0.00909	0.01010	0.00615	0.00639	0.01095	0.01526	0.02046	0.22130	0.37898	0.13551	0.08363	0.01102	0.00296	0.00413	0.04745	0.00660	0.00585
10	0.01809	0.67134	0.11923	0.01290	0.01940	0.02623	0.01362	0.02104	0.01425	0.01711	0.01004	0.01162	0.00894	0.00605	0.00474	0.00158	0.00781	0.00390	0.00298	0.00912
11	0.01727	0.01658	0.02832	0.04283	0.71123	0.01658	0.02142	0.02142	0.01589	0.02280	0.01313	0.01727	0.01105	0.00622	0.00691	0.00207	0.00829	0.00622	0.00345	0.01105
12	0.02687	0.01900	0.02061	0.01580	0.02137	0.02083	0.01305	0.64157	0.03190	0.09165	0.01752	0.01725	0.01225	0.00840	0.00698	0.00210	0.00756	0.00633	0.00710	0.01187
13	0.00948	0.00720	0.00948	0.01032	0.01088	0.00730	0.00713	0.01069	0.01288	0.01754	0.03340	0.59439	0.03965	0.08485	0.01235	0.00313	0.07012	0.01716	0.00588	0.03617
14	0.00999	0.00738	0.01070	0.01070	0.01177	0.00845	0.00809	0.01213	0.01106	0.01582	0.01916	0.03000	0.01857	0.15187	0.62910	0.01058	0.01700	0.00786	0.00381	0.00595
15	0.02696	0.01781	0.01974	0.01525	0.02071	0.01920	0.01256	0.52569	0.06651	0.17359	0.01948	0.01862	0.01343	0.00849	0.00699	0.00212	0.00722	0.00651	0.00731	0.01182
16	0.00905	0.00684	0.00822	0.00852	0.00982	0.00641	0.00601	0.01072	0.01445	0.01885	0.14515	0.21890	0.26931	0.13524	0.09667	0.00416	0.00589	0.01407	0.00599	0.00573
17	0.64630	0.01431	0.01166	0.01013	0.01458	0.05290	0.00828	0.02293	0.01352	0.13345	0.01245	0.01327	0.00909	0.00684	0.00483	0.00214	0.00586	0.00430	0.00493	0.00823
18	0.00862	0.00627	0.00813	0.00938	0.01009	0.00578	0.00638	0.01011	0.01426	0.01898	0.11170	0.61508	0.10810	0.02069	0.00878	0.00272	0.00392	0.01862	0.00660	0.00578
19	0.01468	0.00840	0.00959	0.00917	0.01115	0.00870	0.00703	0.03882	0.10822	0.06105	0.02302	0.02943	0.01910	0.01211	0.00965	0.13939	0.00460	0.06451	0.41441	0.00697
20	0.02358	0.01714	0.01856	0.01490	0.01977	0.01895	0.01203	0.42478	0.22127	0.08870	0.02111	0.02113	0.01553	0.03979	0.00821	0.00237	0.00689	0.00696	0.00702	0.01131
21	0.01636	0.01851	0.03943	0.02844	0.03487	0.01797	0.62687	0.02186	0.01596	0.02186	0.01368	0.01851	0.01046	0.00644	0.00953	0.00241	0.07602	0.00805	0.00349	0.00926
22	0.00898	0.00653	0.00788	0.00863	0.00936	0.00615	0.00569	0.01001	0.01289	0.01675	0.03965	0.37899	0.17631	0.22986	0.04622	0.00420	0.00532	0.01552	0.00573	0.00533
23	0.02567	0.08110	0.01978	0.01392	0.01920	0.01711	0.01158	0.35462	0.02517	0.24705	0.02054	0.06143	0.01523	0.00888	0.00680	0.00205	0.00679	0.00698	0.00698	0.04913
24	0.00965	0.00719	0.00892	0.00913	0.01054	0.00643	0.00631	0.01132	0.01433	0.01960	0.14688	0.39329	0.09649	0.11852	0.01193	0.00301	0.00439	0.01500	0.00609	0.10099
25	0.22207	0.01591	0.01601	0.01334	0.01803	0.01784	0.01076	0.24343	0.26426	0.05466	0.01929	0.01881	0.01424	0.00818	0.00628	0.00218	0.00619	0.00617	0.00630	0.03605
26	0.01660	0.01370	0.01560	0.01146	0.01746	0.01172	0.00922	0.12942	0.04908	0.02655	0.01386	0.01538	0.01110	0.00590	0.00556	0.00127	0.00560	0.00466	0.00474	0.63112
27	0.02368	0.01687	0.01881	0.04988	0.02092	0.01847	0.01230	0.52083	0.02820	0.07788	0.01936	0.08336	0.01581	0.05008	0.00870	0.00243	0.00729	0.00772	0.00669	0.01071
28	0.02271	0.01707	0.01830	0.01490	0.01972	0.01907	0.01203	0.38724	0.29303	0.06349	0.02192	0.02094	0.01596	0.00881	0.00697	0.00219	0.00663	0.00695	0.03070	0.01138
29	0.02653	0.01955	0.02094	0.01606	0.02164	0.02164	0.01326	0.68796	0.03281	0.04398	0.01675	0.01675	0.01187	0.00838	0.00698	0.00209	0.00768	0.00628	0.00698	0.01187
30	0.00990	0.00677	0.00891	0.00946	0.01061	0.00626	0.00675	0.01204	0.01622	0.04618	0.29850	0.41527	0.07222	0.01826	0.00858	0.00256	0.00387	0.03436	0.00702	0.00627
31	0.00946	0.00698	0.00961	0.01155	0.05137	0.00673	0.00741	0.01104	0.01372	0.01859	0.09313	0.51873	0.04208	0.09278	0.05036	0.00358	0.00536	0.03550	0.00604	0.00598
32	0.00950	0.00639	0.00839	0.00911	0.00964	0.00608	0.00608	0.01039	0.01356	0.01840	0.16392	0.40684	0.04236	0.13934	0.01540	0.10372	0.00459	0.01511	0.00591	0.00528
33	0.10418	0.01937	0.01929	0.01517	0.02044	0.08193	0.01241	0.49699	0.02828	0.10881	0.01663	0.01656	0.01174	0.00811	0.00666	0.00208	0.00771	0.00595	0.00659	0.01111
34	0.01680	0.01313	0.01440	0.01300	0.01649	0.01458	0.01005	0.06243	0.47025	0.07165	0.08997	0.10458	0.04947	0.01134	0.00741	0.00237	0.00524	0.00964	0.00716	0.01002
35	0.01409	0.03542	0.69202	0.02026	0.03045	0.01626	0.05169	0.02211	0.01480	0.02211	0.01259	0.01489	0.00891	0.00660	0.00669	0.00222	0.01037	0.00528	0.00297	0.01028
36	0.20903	0.01522	0.05808	0.25724	0.19103	0.01549	0.05260	0.02120	0.01460	0.08329	0.01333	0.01677	0.01002	0.00674	0.00636	0.00221	0.00801	0.00574	0.00398	0.00906
37	0.01465	0.10116	0.02276	0.01702	0.01872	0.01873	0.08163	0.01671	0.01226	0.01769	0.01464	0.13530	0.01537	0.01217	0.01633	0.00269	0.43479	0.00822	0.00369	0.03545
38	0.80405	0.01350	0.01026	0.00918	0.01350	0.01565	0.00756	0.02051	0.01188	0.03131	0.00972	0.01134	0.00756	0.00648	0.00432	0.00216	0.00540	0.00378	0.00432	0.00756
39	0.01500	0.12978	0.49977	0.01982	0.02845	0.01827	0.09975	0.02160	0.01458	0.02100	0.01209	0.01477	0.00908	0.00684	0.00766	0.00219	0.06111	0.00539	0.00303	0.00984
40	0.01637	0.01633	0.05315	0.22835	0.48087	0.01646	0.02074	0.04451	0.01593	0.02220	0.01304	0.01751	0.01052	0.00652	0.00692	0.00215	0.00862	0.00617	0.00347	0.01016
41	0.01845	0.04627	0.12881	0.05177	0.44449	0.06701	0.01993	0.02331	0.03669	0.07599	0.01431	0.01715	0.01125	0.00665	0.00675	0.00208	0.00863	0.00596	0.00388	0.01063
42	0.44778	0.01682	0.03367	0.08431	0.14885	0.09597	0.01250	0.02190	0.03855	0.02656	0.01147	0.01388	0.00906	0.00667	0.00543	0.00213	0.00724	0.00472	0.00403	0.00848
43	0.01233	0.01099	0.01710	0.42781	0.05639	0.01231	0.01469	0.01594	0.01389	0.01858	0.01910	0.15200	0.03613	0.01213	0.04564	0.00272	0.00812	0.00870	0.00399	0.11144
44	0.01401	0.01300	0.02097	0.63961	0.04416	0.01632	0.01872	0.05028	0.01458	0.01901	0.01233	0.01822	0.00941	0.00751	0.00838	0.00238	0.07369	0.00620	0.00329	0.00794
45	0.01831	0.01838	0.01895	0.07246	0.10740	0.18080	0.01369	0.08230	0.12665	0.02195	0.01658	0.04972	0.01451	0.05191	0.05853	0.00312	0.12459	0.00693	0.00449	0.00875

[dist]
# distance from previous block
# <min> <max>
0	7

[block]
# block no. 6 follows, 30 sequences, length 41
# corresponding to MSA columns:
# 188-228
name=unknown_G
#
# <colnr> <probs for GDERKNQSTAVLIFYWHMCP>
#	G	D	E	R	K	N	Q	S	T	A	V	L	I	F	Y	W	H	M	C	P
0	0.01618	0.01773	0.07820	0.06530	0.33557	0.01565	0.20357	0.02095	0.01565	0.02238	0.01321	0.01714	0.01057	0.00602	0.00699	0.00201	0.00895	0.00637	0.00353	0.13401
1	0.00856	0.00615	0.00802	0.00949	0.00997	0.00573	0.00632	0.00975	0.01334	0.01767	0.03929	0.68450	0.07764	0.05520	0.01009	0.00299	0.00415	0.01914	0.00637	0.00561
2	0.01470	0.01635	0.12609	0.01277	0.01931	0.01106	0.03608	0.04872	0.01536	0.02333	0.01409	0.05443	0.01211	0.00647	0.00580	0.00141	0.00627	0.00539	0.00418	0.56607
3	0.01790	0.24758	0.11827	0.01936	0.12906	0.07372	0.04673	0.10363	0.01695	0.02186	0.01383	0.03626	0.01209	0.03939	0.07195	0.00293	0.00948	0.00591	0.00383	0.00927
4	0.01508	0.01499	0.02102	0.01807	0.01811	0.02093	0.01504	0.01664	0.01071	0.01677	0.00950	0.01569	0.00945	0.01363	0.04769	0.00334	0.71653	0.00616	0.00308	0.00758
5	0.01821	0.72048	0.03527	0.01190	0.01763	0.02664	0.01178	0.02046	0.01403	0.01641	0.01016	0.01202	0.00939	0.00834	0.04148	0.00199	0.00804	0.00392	0.00302	0.00882
6	0.00848	0.00676	0.00761	0.00808	0.00974	0.00589	0.00580	0.01022	0.01546	0.01939	0.12142	0.28407	0.43512	0.01869	0.00846	0.00249	0.00368	0.01616	0.00659	0.00589
7	0.01824	0.01609	0.01623	0.01447	0.01849	0.05117	0.01127	0.06997	0.63238	0.02937	0.02697	0.02492	0.02024	0.00930	0.00706	0.00233	0.00597	0.00765	0.00693	0.01095
8	0.00900	0.00645	0.00858	0.00959	0.01039	0.00603	0.00671	0.01088	0.01526	0.02078	0.22452	0.52696	0.05137	0.01964	0.00875	0.00267	0.00394	0.04571	0.00681	0.00596
9	0.01506	0.10878	0.61566	0.01900	0.02854	0.05216	0.02379	0.02226	0.01492	0.02128	0.01215	0.01427	0.00886	0.00659	0.00640	0.00212	0.01014	0.00498	0.00298	0.01007
10	0.03131	0.01188	0.01619	0.01242	0.01781	0.01026	0.01026	0.03401	0.01997	0.71606	0.02753	0.02375	0.01727	0.00864	0.00702	0.00216	0.00594	0.00702	0.00864	0.01188
11	0.03131	0.01188	0.01619	0.01242	0.01781	0.01026	0.01026	0.03401	0.01997	0.71606	0.02753	0.02375	0.01727	0.00864	0.00702	0.00216	0.00594	0.00702	0.00864	0.01188
12	0.01212	0.00606	0.00909	0.00909	0.00909	0.00606	0.00606	0.00909	0.00909	0.01212	0.01212	0.02121	0.01212	0.02424	0.02727	0.79697	0.00606	0.00606	0.00303	0.00303
13	0.01447	0.01240	0.01447	0.01034	0.01654	0.00930	0.00827	0.01757	0.01447	0.02274	0.01240	0.01447	0.01034	0.00517	0.00517	0.00103	0.00517	0.00413	0.00413	0.79742
14	0.04936	0.14566	0.45960	0.01988	0.02867	0.01823	0.14085	0.02189	0.01483	0.02165	0.01224	0.01476	0.00912	0.00639	0.00648	0.00212	0.00991	0.00542	0.00312	0.00982
15	0.00850	0.00607	0.00810	0.00972	0.01012	0.00567	0.00648	0.00972	0.01336	0.01781	0.03846	0.75020	0.04615	0.02186	0.00891	0.00283	0.00405	0.01984	0.00648	0.00567
16	0.01014	0.00679	0.00772	0.00772	0.00776	0.00683	0.00437	0.01022	0.01018	0.01361	0.02188	0.04509	0.02512	0.73277	0.05717	0.00690	0.00714	0.01006	0.00421	0.00429
17	0.00920	0.00716	0.00908	0.05526	0.01280	0.00675	0.00742	0.01133	0.01545	0.01995	0.14406	0.30698	0.26476	0.01816	0.00855	0.00259	0.00435	0.08364	0.00643	0.00609
18	0.01866	0.75896	0.03657	0.01194	0.01791	0.02761	0.01194	0.02090	0.01418	0.01642	0.00970	0.01119	0.00896	0.00597	0.00448	0.00149	0.00746	0.00373	0.00299	0.00896
19	0.01668	0.01657	0.02186	0.09194	0.02244	0.06518	0.03784	0.07183	0.01357	0.01929	0.01037	0.01568	0.00943	0.01084	0.01845	0.00280	0.53762	0.00610	0.00342	0.00807
20	0.01780	0.01713	0.02732	0.07468	0.62310	0.04342	0.02067	0.05033	0.01667	0.02326	0.01316	0.01714	0.01093	0.00638	0.00689	0.00208	0.00847	0.00615	0.00359	0.01082
21	0.76240	0.01341	0.01058	0.00935	0.01373	0.01536	0.00770	0.02124	0.01231	0.06822	0.01068	0.01201	0.00808	0.00659	0.00446	0.00216	0.00543	0.00395	0.00455	0.00779
22	0.11178	0.01526	0.02467	0.34896	0.19007	0.03991	0.13067	0.02006	0.01475	0.02133	0.01247	0.01725	0.00969	0.00657	0.00683	0.00224	0.00912	0.00620	0.00342	0.00876
23	0.01000	0.00736	0.01065	0.01065	0.01170	0.00842	0.00802	0.01210	0.01105	0.01578	0.01921	0.03028	0.01869	0.16276	0.61839	0.01052	0.01682	0.00790	0.00382	0.00592
24	0.01212	0.00606	0.00909	0.00909	0.00909	0.00606	0.00606	0.00909	0.00909	0.01212	0.01212	0.02121	0.01212	0.02424	0.02727	0.79697	0.00606	0.00606	0.00303	0.00303
25	0.01743	0.47654	0.26867	0.01495	0.02229	0.05796	0.01674	0.02165	0.01464	0.01839	0.01072	0.01247	0.00892	0.00626	0.00530	0.00175	0.00869	0.00426	0.00300	0.00938
26	0.00988	0.00713	0.00935	0.00897	0.01057	0.00660	0.00676	0.01309	0.01937	0.02733	0.65705	0.07952	0.06413	0.01474	0.00831	0.00226	0.00344	0.03737	0.00759	0.00654
27	0.01447	0.01240	0.01447	0.01034	0.01654	0.00930	0.00827	0.01757	0.01447	0.02274	0.01240	0.01447	0.01034	0.00517	0.00517	0.00103	0.00517	0.00413	0.00413	0.79742
28	0.01412	0.03525	0.68553	0.02035	0.03051	0.01628	0.05801	0.02211	0.01482	0.02211	0.01260	0.01493	0.00893	0.00659	0.00671	0.00222	0.01038	0.00531	0.00298	0.01027
29	0.02653	0.01955	0.02094	0.01606	0.02164	0.02164	0.01326	0.68796	0.03281	0.04398	0.01675	0.01675	0.01187	0.00838	0.00698	0.00209	0.00768	0.00628	0.00698	0.01187
30	0.00867	0.00696	0.00780	0.00826	0.01010	0.00608	0.00618	0.01054	0.01560	0.01932	0.09510	0.20985	0.47238	0.01851	0.00852	0.00253	0.00390	0.07722	0.00654	0.00593
31	0.02645	0.02170	0.02076	0.01636	0.02163	0.13248	0.01330	0.58419	0.03076	0.03975	0.01582	0.01610	0.01141	0.00819	0.00687	0.00205	0.00845	0.00600	0.00645	0.01127
32	0.00899	0.00638	0.00831	0.00928	0.00991	0.00599	0.00625	0.01052	0.01441	0.01957	0.18355	0.51913	0.04818	0.10113	0.01170	0.00313	0.00418	0.01718	0.00649	0.00571
33	0.04875	0.69165	0.03467	0.01216	0.01794	0.06484	0.01186	0.02126	0.01439	0.01702	0.00976	0.01127	0.00890	0.00606	0.00457	0.00153	0.00766	0.00377	0.00307	0.00886
34	0.01056	0.00674	0.00839	0.00903	0.01026	0.00648	0.00675	0.01316	0.01565	0.02308	0.19206	0.27245	0.04165	0.01566	0.00768	0.00239	0.00399	0.11088	0.23689	0.00624
35	0.02641	0.01641	0.01865	0.01457	0.01970	0.01731	0.01192	0.45771	0.02781	0.22387	0.02137	0.07620	0.01602	0.00951	0.00714	0.00217	0.00692	0.00755	0.00739	0.01138
36	0.02653	0.01955	0.02094	0.01606	0.02164	0.02164	0.01326	0.68796	0.03281	0.04398	0.01675	0.01675	0.01187	0.00838	0.00698	0.00209	0.00768	0.00628	0.00698	0.01187
37	0.00899	0.00670	0.00881	0.00989	0.01046	0.00659	0.00682	0.01038	0.01377	0.01851	0.09214	0.60320	0.07760	0.04096	0.01028	0.00288	0.04182	0.01803	0.00634	0.00581
38	0.05185	0.00906	0.01134	0.01103	0.04520	0.00849	0.00792	0.01724	0.05289	0.10616	0.37666	0.07949	0.12774	0.01293	0.00765	0.00218	0.00422	0.01117	0.00700	0.04978
39	0.02413	0.01794	0.01939	0.01481	0.02034	0.01914	0.01217	0.55787	0.02926	0.03998	0.01629	0.01674	0.01185	0.00786	0.00662	0.00191	0.00712	0.00595	0.03546	0.13516
40	0.01516	0.20842	0.46944	0.01892	0.05884	0.01868	0.03990	0.02134	0.01454	0.02049	0.01220	0.01469	0.00942	0.00852	0.03914	0.00245	0.00995	0.00505	0.00303	0.00981

[dist]
# distance from previous block
# <min> <max>
0	1

[block]
# block no. 7 follows, 30 sequences, length 23
# corresponding to MSA columns:
# 230-252
name=unknown_H
#
# <colnr> <probs for GDERKNQSTAVLIFYWHMCP>
#	G	D	E	R	K	N	Q	S	T	A	V	L	I	F	Y	W	H	M	C	P
0	0.02452	0.05288	0.02171	0.01631	0.02149	0.06708	0.03488	0.50544	0.09788	0.03791	0.01691	0.01720	0.01238	0.00835	0.00739	0.00212	0.03173	0.00627	0.00636	0.01119
1	0.80405	0.01350	0.01026	0.00918	0.01350	0.01565	0.00756	0.02051	0.01188	0.03131	0.00972	0.01134	0.00756	0.00648	0.00432	0.00216	0.00540	0.00378	0.00432	0.00756
2	0.00880	0.00627	0.00800	0.00921	0.00969	0.00589	0.00606	0.00991	0.01318	0.01750	0.05883	0.57821	0.07807	0.13998	0.01316	0.00342	0.00444	0.01777	0.00615	0.00548
3	0.01320	0.01234	0.02072	0.61873	0.04310	0.01526	0.03907	0.01731	0.01365	0.01772	0.01324	0.04660	0.01084	0.00840	0.00875	0.02787	0.05561	0.00678	0.00324	0.00756
4	0.01008	0.00740	0.01110	0.01110	0.01228	0.00858	0.00858	0.01228	0.01110	0.01599	0.01835	0.02709	0.01717	0.05087	0.69049	0.05233	0.01803	0.00740	0.00370	0.00606
5	0.01355	0.01291	0.02101	0.61096	0.04281	0.01654	0.01865	0.01765	0.01338	0.01765	0.01183	0.01802	0.00928	0.00790	0.00979	0.00245	0.13863	0.00618	0.00309	0.00773
6	0.00995	0.00678	0.00788	0.00791	0.00824	0.00664	0.00475	0.01056	0.01192	0.01607	0.12472	0.09380	0.05142	0.57770	0.02902	0.00572	0.00599	0.01128	0.00494	0.00471
7	0.75497	0.01339	0.01063	0.00938	0.01377	0.01531	0.00773	0.02137	0.01239	0.07480	0.01085	0.01212	0.00817	0.00661	0.00449	0.00216	0.00543	0.00398	0.00459	0.00783
8	0.00862	0.00669	0.00785	0.00840	0.00986	0.00592	0.00598	0.01041	0.01553	0.01994	0.16237	0.33474	0.34122	0.01877	0.00851	0.00252	0.00370	0.01640	0.00668	0.00592
9	0.01533	0.01545	0.02240	0.01890	0.01926	0.02118	0.05013	0.01708	0.01099	0.01708	0.00942	0.01545	0.00923	0.01188	0.02214	0.00302	0.70402	0.00622	0.00308	0.00773
10	0.01739	0.01721	0.02693	0.11956	0.59085	0.06343	0.02066	0.02144	0.01593	0.02186	0.01289	0.01711	0.01072	0.00637	0.00688	0.00208	0.00869	0.00610	0.00342	0.01049
11	0.02622	0.02874	0.02016	0.01734	0.02160	0.49458	0.01341	0.24521	0.02407	0.02594	0.01275	0.01396	0.00994	0.00758	0.00652	0.00190	0.01097	0.00508	0.00471	0.00933
12	0.31586	0.01744	0.01750	0.12418	0.08843	0.09602	0.01284	0.20013	0.01906	0.03031	0.01245	0.01458	0.00947	0.00712	0.00590	0.00212	0.00767	0.00513	0.00469	0.00914
13	0.80405	0.01350	0.01026	0.00918	0.01350	0.01565	0.00756	0.02051	0.01188	0.03131	0.00972	0.01134	0.00756	0.00648	0.00432	0.00216	0.00540	0.00378	0.00432	0.00756
14	0.01897	0.01928	0.02213	0.01991	0.06606	0.18876	0.07360	0.02125	0.01475	0.07006	0.03267	0.03527	0.01255	0.01009	0.01459	0.00253	0.35877	0.00652	0.00389	0.00836
15	0.01572	0.01236	0.01460	0.01049	0.01663	0.00937	0.00842	0.01879	0.01488	0.07426	0.01353	0.01516	0.01085	0.00543	0.00531	0.00112	0.00523	0.00435	0.00447	0.73905
16	0.01592	0.01848	0.06949	0.09647	0.10595	0.04394	0.42669	0.02102	0.01583	0.02129	0.01510	0.06645	0.01267	0.00735	0.00828	0.00234	0.03173	0.00823	0.00363	0.00912
17	0.02628	0.01364	0.02002	0.01503	0.02072	0.01233	0.11046	0.07732	0.04594	0.45852	0.02306	0.02154	0.01525	0.00784	0.00699	0.00206	0.00682	0.00685	0.00718	0.10215
18	0.01294	0.00977	0.05688	0.00993	0.01247	0.00793	0.00807	0.01635	0.03735	0.11169	0.40032	0.07976	0.08734	0.10479	0.01134	0.00280	0.00464	0.01146	0.00692	0.00725
19	0.02263	0.17628	0.02186	0.01585	0.01957	0.50631	0.01240	0.02446	0.01794	0.01703	0.01363	0.09388	0.01309	0.00857	0.00622	0.00185	0.01061	0.00604	0.00379	0.00800
20	0.05162	0.07108	0.01798	0.01335	0.01813	0.11737	0.01085	0.09774	0.04371	0.40094	0.02284	0.06820	0.01663	0.00904	0.00676	0.00210	0.00704	0.00710	0.00698	0.01053
21	0.04007	0.03715	0.01329	0.01114	0.01456	0.01194	0.00873	0.09550	0.17392	0.12832	0.06097	0.13444	0.21533	0.01314	0.00750	0.00232	0.00506	0.01100	0.00685	0.00877
22	0.17538	0.24438	0.06638	0.03856	0.01940	0.17943	0.01217	0.02413	0.09027	0.04237	0.01502	0.01605	0.03568	0.00731	0.00558	0.00192	0.00805	0.00504	0.00414	0.00873

[dist]
# distance from previous block
# <min> <max>
0	4

[block]
# block no. 8 follows, 30 sequences, length 30
# corresponding to MSA columns:
# 257-286
name=unknown_I
#
# <colnr> <probs for GDERKNQSTAVLIFYWHMCP>
#	G	D	E	R	K	N	Q	S	T	A	V	L	I	F	Y	W	H	M	C	P
0	0.27325	0.29454	0.02217	0.01149	0.01652	0.02020	0.01022	0.13629	0.01728	0.06158	0.04854	0.01644	0.03166	0.00742	0.00528	0.00190	0.00644	0.00510	0.00472	0.00895
1	0.01633	0.23405	0.36968	0.01975	0.09842	0.01896	0.04551	0.02186	0.01492	0.04309	0.01234	0.01445	0.00952	0.00636	0.00606	0.00194	0.00895	0.00500	0.00328	0.04954
2	0.01939	0.01197	0.01456	0.01100	0.01649	0.00984	0.00885	0.02333	0.05830	0.23704	0.04158	0.02180	0.04983	0.00740	0.00610	0.00156	0.00529	0.00604	0.00593	0.44368
3	0.01447	0.01240	0.01447	0.01034	0.01654	0.00930	0.00827	0.01757	0.01447	0.02274	0.01240	0.01447	0.01034	0.00517	0.00517	0.00103	0.00517	0.00413	0.00413	0.79742
4	0.01533	0.01044	0.01254	0.01176	0.01417	0.01078	0.00877	0.10265	0.12694	0.10304	0.03025	0.37794	0.03111	0.04394	0.00948	0.00268	0.02872	0.01330	0.00660	0.03957
5	0.02734	0.01762	0.01892	0.01486	0.02012	0.06541	0.01213	0.37957	0.07934	0.26011	0.02077	0.01947	0.01417	0.00847	0.00696	0.00212	0.00728	0.00653	0.00730	0.01155
6	0.00850	0.00607	0.00810	0.00972	0.01012	0.00567	0.00648	0.00972	0.01336	0.01781	0.03846	0.75020	0.04615	0.02186	0.00891	0.00283	0.00405	0.01984	0.00648	0.00567
7	0.01142	0.00900	0.01125	0.01303	0.03478	0.04371	0.01019	0.01396	0.01534	0.01971	0.03482	0.24898	0.03880	0.04276	0.01003	0.00312	0.00618	0.42040	0.00614	0.00638
