[name]
unknown

[dist]
# distance from previous block
# <min> <max>
0	8

[block]
# block no. 0 follows, 29 sequences, length 61
# corresponding to MSA columns:
# 8-68
name=unknown_A
#
# <colnr> <probs for GDERKNQSTAVLIFYWHMCP>
#	G	D	E	R	K	N	Q	S	T	A	V	L	I	F	Y	W	H	M	C	P
0	0.15027	0.24175	0.02035	0.01206	0.01569	0.07449	0.01029	0.05427	0.01483	0.02134	0.01576	0.02426	0.01499	0.07731	0.11798	0.00387	0.03039	0.06580	0.02647	0.00781
1	0.62906	0.01367	0.01198	0.02815	0.01557	0.01518	0.00855	0.04120	0.01390	0.11382	0.01252	0.01359	0.00921	0.00688	0.00493	0.00215	0.00573	0.00441	0.00498	0.04453
2	0.01038	0.00764	0.00907	0.00896	0.01036	0.00734	0.00630	0.04429	0.01595	0.02124	0.20961	0.16751	0.19231	0.19480	0.05896	0.00406	0.00558	0.01335	0.00623	0.00607
3	0.01030	0.00688	0.00778	0.00784	0.00786	0.00686	0.00439	0.01034	0.01047	0.01396	0.02302	0.07098	0.02663	0.72436	0.03530	0.00676	0.00681	0.01070	0.00439	0.00437
4	0.01582	0.01262	0.01487	0.01068	0.01696	0.00955	0.00856	0.01896	0.01511	0.06544	0.01361	0.01535	0.01098	0.00549	0.00539	0.00113	0.00532	0.00440	0.00450	0.74526
5	0.01878	0.71544	0.07367	0.01262	0.01895	0.02755	0.01294	0.02139	0.01450	0.01706	0.01005	0.01162	0.00913	0.00613	0.00469	0.00156	0.00777	0.00389	0.00304	0.00921
6	0.01452	0.07203	0.67971	0.01990	0.03020	0.01711	0.02562	0.02249	0.01501	0.02227	0.01264	0.01486	0.00903	0.00673	0.00666	0.00222	0.01038	0.00519	0.00301	0.01046
7	0.00984	0.00727	0.00918	0.00870	0.01049	0.00662	0.00653	0.01297	0.01958	0.02720	0.60977	0.05543	0.15984	0.01506	0.00840	0.00226	0.00340	0.01319	0.00766	0.00662
8	0.00882	0.00723	0.00777	0.00764	0.00987	0.00618	0.00573	0.01100	0.01718	0.02149	0.22463	0.06481	0.54854	0.01719	0.00841	0.00236	0.00355	0.01451	0.00691	0.00618
9	0.00945	0.00736	0.01006	0.01072	0.01172	0.00716	0.02775	0.01115	0.01443	0.01910	0.07402	0.52174	0.13626	0.02020	0.00969	0.00281	0.04064	0.05321	0.00640	0.00612
10	0.01639	0.01980	0.08149	0.02840	0.03531	0.01779	0.59216	0.02221	0.01635	0.02242	0.01469	0.03669	0.01152	0.00675	0.00901	0.00244	0.04508	0.00840	0.00362	0.00948
11	0.00850	0.00722	0.00733	0.00730	0.00967	0.00605	0.00547	0.01038	0.01642	0.01969	0.10302	0.06778	0.67127	0.01786	0.00841	0.00240	0.00359	0.01492	0.00667	0.00605
12	0.00868	0.00620	0.00826	0.00991	0.01033	0.00578	0.00661	0.00991	0.01363	0.01818	0.03925	0.74510	0.04710	0.02231	0.00909	0.00289	0.00413	0.02024	0.00661	0.00578
13	0.03143	0.01295	0.01704	0.01307	0.01859	0.01171	0.01079	0.10385	0.02178	0.63914	0.02692	0.02347	0.01704	0.00878	0.00716	0.00220	0.00625	0.00708	0.00863	0.01212
14	0.01345	0.01266	0.02136	0.73264	0.04904	0.01582	0.01978	0.01819	0.01424	0.01819	0.01266	0.01898	0.00949	0.00712	0.00712	0.00237	0.00949	0.00633	0.00316	0.00791
15	0.00873	0.00624	0.00831	0.00988	0.01034	0.00582	0.00661	0.01004	0.01387	0.01855	0.06299	0.72030	0.04782	0.02203	0.00906	0.00287	0.00410	0.01998	0.00665	0.00582
16	0.01477	0.01266	0.01477	0.01055	0.01687	0.00949	0.00844	0.01793	0.01477	0.02320	0.01266	0.01477	0.01055	0.00527	0.00527	0.00105	0.00527	0.00422	0.00422	0.79328
17	0.00972	0.00731	0.00902	0.00871	0.01058	0.00661	0.00661	0.01267	0.01895	0.02578	0.50549	0.05851	0.23063	0.01571	0.00847	0.00233	0.00358	0.04533	0.00746	0.00653
18	0.01762	0.01692	0.02890	0.04371	0.70533	0.01692	0.02185	0.02185	0.01621	0.02326	0.01339	0.01762	0.01128	0.00634	0.00705	0.00211	0.00846	0.00634	0.00352	0.01128
19	0.02593	0.01901	0.02039	0.01568	0.02121	0.02085	0.01292	0.62394	0.03186	0.04316	0.01723	0.01748	0.01236	0.00841	0.00695	0.00207	0.00752	0.00634	0.04571	0.04097
20	0.00893	0.00639	0.00849	0.00974	0.01038	0.00595	0.00663	0.01055	0.01481	0.02006	0.15914	0.61986	0.05073	0.02091	0.00896	0.00277	0.00399	0.01891	0.00683	0.00595
21	0.01036	0.00690	0.00777	0.00777	0.00777	0.00690	0.00431	0.01036	0.01036	0.01381	0.02244	0.04660	0.02589	0.74975	0.03624	0.00690	0.00690	0.01036	0.00431	0.00431
22	0.01401	0.01313	0.02190	0.52663	0.18378	0.01530	0.01921	0.01845	0.01483	0.01942	0.01662	0.02332	0.04500	0.00794	0.00726	0.00235	0.00888	0.02998	0.00353	0.00848
23	0.02004	0.01279	0.01445	0.01235	0.01580	0.01358	0.00939	0.12051	0.25407	0.17389	0.02521	0.02990	0.02044	0.20071	0.01463	0.00346	0.00628	0.00817	0.03470	0.00961
24	0.01723	0.01651	0.02818	0.10940	0.64275	0.01681	0.02166	0.02150	0.01603	0.02278	0.01332	0.01775	0.01111	0.00642	0.00706	0.00214	0.00856	0.00634	0.00349	0.01096
25	0.01841	0.01413	0.01499	0.01291	0.01676	0.01567	0.01019	0.20226	0.32418	0.03242	0.06156	0.02854	0.07238	0.01002	0.00700	0.00221	0.00558	0.00816	0.13249	0.01013
26	0.01008	0.00728	0.00952	0.00896	0.01064	0.00672	0.00672	0.01344	0.02016	0.02855	0.70158	0.05319	0.06719	0.01456	0.00840	0.00224	0.00336	0.01288	0.00784	0.00672
27	0.01389	0.00723	0.00730	0.00707	0.00892	0.00733	0.00536	0.04647	0.01577	0.02737	0.02295	0.02612	0.01798	0.00831	0.00507	0.00168	0.00352	0.00663	0.75414	0.00688
28	0.01763	0.01683	0.02821	0.04213	0.66837	0.01696	0.02128	0.02271	0.05260	0.02361	0.01423	0.01810	0.01184	0.00652	0.00706	0.00213	0.00831	0.00644	0.00372	0.01128
29	0.01261	0.00871	0.01084	0.01107	0.01264	0.00874	0.00797	0.09991	0.04109	0.05436	0.06744	0.52391	0.03992	0.02049	0.04144	0.00311	0.00541	0.01645	0.00673	0.00717
30	0.01237	0.00618	0.00928	0.00928	0.00928	0.00618	0.00618	0.00928	0.00928	0.01237	0.01237	0.02165	0.01237	0.02474	0.02783	0.79283	0.00618	0.00618	0.00309	0.00309
31	0.01233	0.01060	0.01247	0.01214	0.01362	0.08114	0.00942	0.01481	0.01256	0.01740	0.01809	0.02573	0.01655	0.04335	0.56119	0.00933	0.05266	0.00718	0.06279	0.00664
32	0.05415	0.01496	0.02339	0.39143	0.24164	0.04749	0.04930	0.01972	0.01509	0.02058	0.01397	0.05136	0.01172	0.00752	0.00708	0.00229	0.00900	0.00687	0.00354	0.00891
33	0.00867	0.00623	0.00823	0.00983	0.01031	0.00579	0.00657	0.00992	0.01372	0.01821	0.04030	0.72339	0.06813	0.02217	0.00907	0.00288	0.00411	0.02008	0.00661	0.00579
34	0.01591	0.01114	0.01276	0.01099	0.01449	0.01080	0.00853	0.13264	0.07920	0.08627	0.13017	0.13784	0.14408	0.01267	0.00745	0.00216	0.00499	0.01072	0.04890	0.11828
35	0.02417	0.01871	0.04424	0.01558	0.02072	0.01971	0.01298	0.56717	0.03004	0.04033	0.01943	0.09441	0.01609	0.03239	0.00820	0.00236	0.00751	0.00794	0.00684	0.01115
36	0.01859	0.67327	0.06968	0.01298	0.01892	0.02721	0.01309	0.02113	0.01428	0.01706	0.01001	0.01186	0.00915	0.00652	0.00583	0.00166	0.05258	0.00403	0.00305	0.00912
37	0.01919	0.05463	0.02794	0.03837	0.57644	0.08250	0.02010	0.02303	0.01669	0.05402	0.01368	0.01718	0.01127	0.00654	0.00687	0.00206	0.00871	0.00609	0.00376	0.01093
38	0.01121	0.00839	0.01205	0.01175	0.01329	0.00971	0.00919	0.05383	0.01280	0.01827	0.01895	0.02731	0.01745	0.05065	0.67762	0.01087	0.01838	0.00755	0.00402	0.00671
39	0.01036	0.00690	0.00777	0.00777	0.00777	0.00690	0.00431	0.01036	0.01036	0.01381	0.02244	0.04660	0.02589	0.74975	0.03624	0.00690	0.00690	0.01036	0.00431	0.00431
40	0.01194	0.00986	0.01080	0.01011	0.01282	0.01002	0.00771	0.02016	0.23687	0.02549	0.24944	0.05025	0.28847	0.01426	0.00803	0.00236	0.00419	0.01211	0.00719	0.00793
41	0.01851	0.01976	0.02800	0.13606	0.05620	0.13801	0.24316	0.06216	0.09101	0.02252	0.01463	0.01826	0.01143	0.00777	0.00946	0.00236	0.10041	0.00692	0.00408	0.00927
42	0.00901	0.00665	0.00895	0.04238	0.01224	0.00637	0.00737	0.01054	0.01396	0.01840	0.04000	0.63800	0.08539	0.02123	0.00900	0.00286	0.00446	0.05082	0.00645	0.00593
43	0.01022	0.00745	0.01052	0.01052	0.01147	0.00840	0.00775	0.01212	0.01117	0.01584	0.01992	0.03266	0.01984	0.22861	0.54911	0.01030	0.01601	0.00832	0.00394	0.00584
44	0.02660	0.03394	0.02018	0.01834	0.02201	0.72116	0.01376	0.02843	0.02018	0.01743	0.01101	0.01284	0.00917	0.00734	0.00642	0.00183	0.01284	0.00459	0.00367	0.00825
45	0.01501	0.05460	0.54366	0.02262	0.05250	0.01718	0.14997	0.02254	0.01539	0.02245	0.01302	0.01580	0.00943	0.00659	0.00702	0.00226	0.01065	0.00585	0.00314	0.01033
46	0.01074	0.00921	0.04433	0.01023	0.01229	0.00783	0.00811	0.05350	0.01801	0.02447	0.30573	0.26615	0.13893	0.01690	0.00852	0.00251	0.00441	0.04434	0.00695	0.00685
47	0.02675	0.01845	0.02025	0.01564	0.02102	0.02011	0.01284	0.58323	0.03092	0.10708	0.01790	0.01803	0.01265	0.00944	0.00824	0.04469	0.00758	0.00647	0.00707	0.01163
48	0.01638	0.00943	0.01274	0.08275	0.01670	0.00902	0.00913	0.03959	0.01985	0.19974	0.41306	0.04203	0.07573	0.01233	0.00792	0.00225	0.00481	0.01067	0.00754	0.00834
49	0.01688	0.01616	0.02755	0.16677	0.58810	0.01672	0.02148	0.02120	0.01586	0.02236	0.01326	0.01787	0.01096	0.00648	0.00706	0.00216	0.00864	0.00634	0.00346	0.01068
50	0.02435	0.07467	0.09719	0.01947	0.05953	0.53389	0.01546	0.05709	0.01968	0.01952	0.01154	0.01345	0.00940	0.00720	0.00642	0.00189	0.01182	0.00479	0.00371	0.00889
51	0.01613	0.01410	0.01959	0.01441	0.02031	0.01218	0.12115	0.10079	0.01773	0.02598	0.05680	0.04421	0.01557	0.00698	0.00636	0.00155	0.00656	0.00630	0.00478	0.48851
52	0.01140	0.00827	0.01124	0.01255	0.01419	0.00830	0.01064	0.01529	0.04759	0.02205	0.09447	0.13230	0.04287	0.01900	0.00953	0.00312	0.00603	0.51773	0.00670	0.00672
53	0.00955	0.00704	0.00896	0.00915	0.01061	0.00645	0.00673	0.01213	0.01773	0.02418	0.40731	0.23354	0.15382	0.01730	0.00865	0.00248	0.00375	0.04696	0.00728	0.00637
54	0.00897	0.00646	0.00850	0.00963	0.01037	0.00599	0.00660	0.01069	0.01512	0.02046	0.18365	0.57597	0.07011	0.02051	0.00892	0.00274	0.00395	0.01850	0.00688	0.00599
55	0.01350	0.00808	0.01037	0.00933	0.01176	0.00725	0.00716	0.01654	0.01964	0.14128	0.50043	0.05050	0.14820	0.01409	0.00819	0.00226	0.00385	0.01222	0.00783	0.00752
56	0.01468	0.03408	0.60825	0.02181	0.03182	0.01677	0.12816	0.02259	0.01531	0.02259	0.01303	0.01568	0.00930	0.00665	0.00702	0.00228	0.01075	0.00575	0.00310	0.01038
57	0.00979	0.00756	0.00897	0.00857	0.01058	0.00689	0.00644	0.01325	0.04388	0.02541	0.46099	0.05745	0.28299	0.01556	0.00836	0.00230	0.00353	0.01343	0.00740	0.00665
58	0.02424	0.01913	0.01975	0.01575	0.02099	0.05187	0.01277	0.46767	0.18970	0.03904	0.01946	0.01906	0.01421	0.00861	0.00704	0.00214	0.00742	0.00662	0.00686	0.04769
59	0.04624	0.42630	0.28411	0.01538	0.02274	0.02313	0.01738	0.02155	0.01441	0.01947	0.01093	0.01296	0.00905	0.00667	0.00629	0.00190	0.04439	0.00446	0.00309	0.00953
60	0.02386	0.01745	0.01916	0.01474	0.02019	0.01837	0.01205	0.49717	0.02869	0.06345	0.04894	0.04091	0.01565	0.00871	0.00694	0.00199	0.00703	0.00680	0.00672	0.14118

[dist]
# distance from previous block
# <min> <max>
0	5

[block]
# block no. 1 follows, 29 sequences, length 60
# corresponding to MSA columns:
# 74-133
name=unknown_B
#
# <colnr> <probs for GDERKNQSTAVLIFYWHMCP>
#	G	D	E	R	K	N	Q	S	T	A	V	L	I	F	Y	W	H	M	C	P
0	0.02537	0.01908	0.02117	0.01739	0.06050	0.02060	0.01353	0.58127	0.03073	0.04160	0.01647	0.01691	0.01191	0.00811	0.00694	0.00203	0.00763	0.00620	0.00664	0.08593
1	0.10335	0.01908	0.01995	0.07163	0.02317	0.04879	0.01333	0.50393	0.06317	0.03961	0.01639	0.01700	0.01184	0.00825	0.00683	0.00216	0.00782	0.00616	0.00641	0.01114
2	0.00884	0.00629	0.00831	0.00975	0.01021	0.00589	0.00650	0.01014	0.01384	0.01854	0.07610	0.66980	0.04715	0.05926	0.01045	0.00306	0.00423	0.01932	0.00656	0.00576
3	0.00850	0.00714	0.00739	0.00749	0.00971	0.00602	0.00555	0.01032	0.01619	0.01952	0.09447	0.11998	0.62692	0.01823	0.00847	0.00244	0.00364	0.01534	0.00666	0.00602
4	0.01279	0.00663	0.00688	0.00699	0.00855	0.00657	0.00517	0.01594	0.01504	0.02597	0.05169	0.08368	0.02246	0.00964	0.00544	0.00178	0.00338	0.00795	0.69688	0.00657
5	0.00987	0.00727	0.00923	0.00874	0.01051	0.00663	0.00656	0.01304	0.01967	0.02741	0.62398	0.05508	0.14550	0.01499	0.00840	0.00226	0.00339	0.01314	0.00769	0.00663
6	0.01904	0.75404	0.03731	0.01218	0.01828	0.02818	0.01218	0.02132	0.01447	0.01675	0.00990	0.01142	0.00914	0.00609	0.00457	0.00152	0.00761	0.00381	0.00305	0.00914
7	0.02440	0.05374	0.02021	0.05414	0.02254	0.54816	0.01361	0.07930	0.02006	0.01959	0.01219	0.01466	0.01011	0.01106	0.06360	0.00264	0.01259	0.00504	0.00391	0.00843
8	0.01248	0.00953	0.01350	0.01359	0.03833	0.00947	0.05786	0.10440	0.01659	0.02222	0.03184	0.49085	0.03605	0.01865	0.00980	0.04773	0.00561	0.04833	0.00615	0.00702
9	0.04118	0.01404	0.02301	0.50427	0.22281	0.01629	0.01976	0.03762	0.01523	0.02075	0.01289	0.01832	0.00998	0.00693	0.00701	0.00229	0.00904	0.00625	0.00341	0.00892
10	0.80005	0.01377	0.01047	0.00936	0.01377	0.01597	0.00771	0.02093	0.01212	0.03195	0.00991	0.01157	0.00771	0.00661	0.00441	0.00220	0.00551	0.00386	0.00441	0.00771
11	0.01008	0.00728	0.00952	0.00896	0.01064	0.00672	0.00672	0.01344	0.02016	0.02855	0.70158	0.05319	0.06719	0.01456	0.00840	0.00224	0.00336	0.01288	0.00784	0.00672
12	0.02492	0.01895	0.01944	0.01535	0.02036	0.05544	0.01246	0.53935	0.06817	0.04023	0.01811	0.01908	0.01342	0.03197	0.00785	0.00225	0.00758	0.00655	0.06731	0.01120
13	0.01428	0.03683	0.71286	0.02030	0.03082	0.01654	0.02631	0.02255	0.01503	0.02255	0.01278	0.01503	0.00902	0.00677	0.00677	0.00226	0.01052	0.00526	0.00301	0.01052
14	0.00988	0.00679	0.00791	0.00824	0.00853	0.00661	0.00496	0.01038	0.01177	0.01563	0.05567	0.19644	0.07055	0.52456	0.02779	0.00561	0.00599	0.01282	0.00507	0.00482
15	0.02596	0.04410	0.02144	0.01598	0.02162	0.02170	0.01322	0.60743	0.06555	0.04253	0.01732	0.01732	0.01245	0.00843	0.00699	0.00210	0.00764	0.00634	0.00691	0.03497
16	0.00868	0.00620	0.00826	0.00991	0.01033	0.00578	0.00661	0.00991	0.01363	0.01818	0.03925	0.74510	0.04710	0.02231	0.00909	0.00289	0.00413	0.02024	0.00661	0.00578
17	0.09237	0.53929	0.09586	0.01324	0.01943	0.06457	0.01324	0.05637	0.01562	0.02022	0.01061	0.01215	0.00915	0.00640	0.00500	0.00170	0.00799	0.00413	0.00342	0.00924
18	0.01029	0.00688	0.00779	0.00785	0.00787	0.00686	0.00441	0.01034	0.01049	0.01398	0.02311	0.07461	0.02674	0.72058	0.03515	0.00674	0.00679	0.01075	0.00441	0.00437
19	0.00909	0.00662	0.00856	0.00939	0.01036	0.00609	0.00654	0.01103	0.01588	0.02149	0.24769	0.47255	0.10926	0.01954	0.00882	0.00265	0.00385	0.01751	0.00699	0.00609
20	0.01907	0.02043	0.02500	0.15334	0.38104	0.19559	0.01909	0.02263	0.01658	0.02057	0.01243	0.01653	0.01033	0.00708	0.00783	0.00214	0.05122	0.00589	0.00348	0.00974
21	0.01904	0.75404	0.03731	0.01218	0.01828	0.02818	0.01218	0.02132	0.01447	0.01675	0.00990	0.01142	0.00914	0.00609	0.00457	0.00152	0.00761	0.00381	0.00305	0.00914
22	0.01345	0.01266	0.02136	0.73264	0.04904	0.01582	0.01978	0.01819	0.01424	0.01819	0.01266	0.01898	0.00949	0.00712	0.00712	0.00237	0.00949	0.00633	0.00316	0.00791
23	0.01008	0.00728	0.00952	0.00896	0.01064	0.00672	0.00672	0.01344	0.02016	0.02855	0.70158	0.05319	0.06719	0.01456	0.00840	0.00224	0.00336	0.01288	0.00784	0.00672
24	0.01691	0.01619	0.02762	0.16119	0.59341	0.01673	0.02150	0.02123	0.01588	0.02240	0.01327	0.01786	0.01097	0.00648	0.00706	0.00216	0.00864	0.00634	0.00346	0.01070
25	0.00966	0.00726	0.00895	0.00852	0.01038	0.00654	0.00639	0.01264	0.01918	0.02624	0.54513	0.05700	0.22508	0.01542	0.00840	0.00228	0.00342	0.01341	0.00753	0.00654
26	0.01345	0.01266	0.02136	0.73264	0.04904	0.01582	0.01978	0.01819	0.01424	0.01819	0.01266	0.01898	0.00949	0.00712	0.00712	0.00237	0.00949	0.00633	0.00316	0.00791
27	0.10775	0.01201	0.01522	0.01202	0.01693	0.01105	0.00984	0.05849	0.02007	0.52471	0.11194	0.02633	0.02271	0.00931	0.00703	0.00221	0.00573	0.00752	0.00816	0.01097
28	0.02627	0.01917	0.02051	0.01582	0.02128	0.02118	0.01304	0.64288	0.03240	0.04381	0.01745	0.01765	0.01247	0.00853	0.00700	0.00211	0.00757	0.00642	0.05265	0.01179
29	0.04771	0.00741	0.00731	0.00709	0.00901	0.00758	0.00539	0.03989	0.01546	0.02742	0.02244	0.02557	0.01758	0.00823	0.00503	0.00170	0.00357	0.00651	0.72823	0.00687
30	0.02660	0.03394	0.02018	0.01834	0.02201	0.72116	0.01376	0.02843	0.02018	0.01743	0.01101	0.01284	0.00917	0.00734	0.00642	0.00183	0.01284	0.00459	0.00367	0.00825
31	0.80005	0.01377	0.01047	0.00936	0.01377	0.01597	0.00771	0.02093	0.01212	0.03195	0.00991	0.01157	0.00771	0.00661	0.00441	0.00220	0.00551	0.00386	0.00441	0.00771
32	0.00867	0.00623	0.00823	0.00983	0.01031	0.00579	0.00657	0.00992	0.01372	0.01821	0.04030	0.72349	0.06803	0.02217	0.00907	0.00288	0.00411	0.02008	0.00661	0.00579
33	0.00868	0.00620	0.00826	0.00991	0.01033	0.00578	0.00661	0.00991	0.01363	0.01818	0.03925	0.74510	0.04710	0.02231	0.00909	0.00289	0.00413	0.02024	0.00661	0.00578
34	0.01327	0.00664	0.00664	0.00664	0.00830	0.00664	0.00498	0.01659	0.01493	0.02655	0.02323	0.02655	0.01825	0.00830	0.00498	0.00166	0.00332	0.00664	0.78928	0.00664
35	0.01253	0.00657	0.00690	0.00716	0.00862	0.00650	0.00524	0.01552	0.01472	0.02520	0.02580	0.14210	0.02289	0.01055	0.00564	0.00186	0.00345	0.00882	0.66342	0.00650
36	0.02728	0.01961	0.02116	0.01623	0.02192	0.02159	0.01340	0.65406	0.03292	0.07320	0.01756	0.01740	0.01234	0.00856	0.00712	0.00214	0.00776	0.00644	0.00720	0.01211
37	0.02707	0.01995	0.02137	0.01638	0.02208	0.02208	0.01353	0.68159	0.03348	0.04488	0.01710	0.01710	0.01211	0.00855	0.00712	0.00214	0.00784	0.00641	0.00712	0.01211
38	0.00862	0.00722	0.00749	0.00742	0.00974	0.00610	0.00557	0.01061	0.01671	0.02037	0.14842	0.06667	0.62546	0.01761	0.00841	0.00238	0.00358	0.01477	0.00676	0.00610
39	0.01477	0.01266	0.01477	0.01055	0.01687	0.00949	0.00844	0.01793	0.01477	0.02320	0.01266	0.01477	0.01055	0.00527	0.00527	0.00105	0.00527	0.00422	0.00422	0.79328
40	0.01796	0.59089	0.19098	0.01403	0.02113	0.02553	0.01540	0.02160	0.01460	0.01807	0.01055	0.01224	0.00911	0.00625	0.00507	0.00169	0.00828	0.00414	0.00304	0.00945
41	0.01708	0.01615	0.02736	0.04100	0.64417	0.01615	0.02093	0.02122	0.01623	0.02309	0.01555	0.02318	0.01391	0.00752	0.00730	0.00222	0.00829	0.06401	0.00379	0.01086
42	0.75410	0.05733	0.01205	0.00953	0.01404	0.01669	0.00797	0.02095	0.01226	0.03105	0.00991	0.01156	0.00780	0.00658	0.00442	0.00216	0.00563	0.00385	0.00433	0.00780
43	0.01001	0.00728	0.00943	0.00889	0.01060	0.00669	0.00667	0.01331	0.02001	0.02820	0.67740	0.05378	0.09158	0.01469	0.00840	0.00225	0.00337	0.01296	0.00779	0.00669
44	0.01047	0.00798	0.01168	0.01152	0.01262	0.00940	0.00887	0.01275	0.01133	0.01634	0.01885	0.02886	0.01803	0.10826	0.62959	0.01064	0.05497	0.00778	0.00382	0.00626
45	0.01018	0.00759	0.01126	0.01126	0.01247	0.00880	0.00867	0.01260	0.01139	0.01639	0.01924	0.02891	0.01821	0.08855	0.68695	0.01121	0.01846	0.00777	0.00384	0.00625
46	0.01001	0.00728	0.00942	0.00888	0.01059	0.00669	0.00666	0.01330	0.01998	0.02815	0.67403	0.05386	0.09499	0.01471	0.00840	0.00225	0.00337	0.01297	0.00778	0.00669
47	0.01311	0.00666	0.00666	0.00666	0.00834	0.00662	0.00499	0.01638	0.01498	0.02630	0.02489	0.02797	0.04145	0.00863	0.00509	0.00168	0.00333	0.00692	0.76274	0.00662
48	0.02660	0.03394	0.02018	0.01834	0.02201	0.72116	0.01376	0.02843	0.02018	0.01743	0.01101	0.01284	0.00917	0.00734	0.00642	0.00183	0.01284	0.00459	0.00367	0.00825
49	0.01477	0.01266	0.01477	0.01055	0.01687	0.00949	0.00844	0.01793	0.01477	0.02320	0.01266	0.01477	0.01055	0.00527	0.00527	0.00105	0.00527	0.00422	0.00422	0.79328
50	0.01301	0.01029	0.03573	0.01254	0.01483	0.00974	0.01058	0.10784	0.01883	0.02523	0.14043	0.19147	0.04119	0.01735	0.00898	0.00284	0.00590	0.31913	0.00673	0.00735
51	0.01771	0.01530	0.01610	0.01449	0.01852	0.01771	0.01127	0.03784	0.69247	0.02979	0.02898	0.02657	0.02174	0.00966	0.00725	0.00242	0.00564	0.00805	0.00725	0.01127
52	0.01379	0.01300	0.02197	0.67645	0.10257	0.01591	0.01994	0.01849	0.01440	0.01861	0.01272	0.01887	0.00964	0.00706	0.00711	0.00235	0.00941	0.00633	0.00319	0.00818
53	0.01447	0.06517	0.68617	0.01997	0.03032	0.01700	0.02575	0.02250	0.01501	0.02232	0.01266	0.01489	0.00902	0.00674	0.00668	0.00223	0.01041	0.00520	0.00301	0.01047
54	0.01051	0.00719	0.00951	0.00951	0.01017	0.00778	0.00657	0.01166	0.01100	0.01554	0.02034	0.03567	0.02104	0.35339	0.35190	0.05353	0.01234	0.00869	0.03837	0.00529
55	0.01560	0.01485	0.02524	0.37832	0.38658	0.01639	0.02084	0.02008	0.01525	0.02080	0.01304	0.01828	0.01041	0.00672	0.00708	0.00224	0.00896	0.00634	0.00335	0.00964
56	0.00993	0.00766	0.01101	0.01416	0.09929	0.00728	0.00857	0.01173	0.01449	0.01967	0.08956	0.59599	0.04414	0.01964	0.00877	0.00274	0.00462	0.01787	0.00631	0.00656
57	0.00866	0.00625	0.00821	0.00978	0.01029	0.00580	0.00655	0.00993	0.01377	0.01823	0.04094	0.71033	0.08078	0.02209	0.00905	0.00287	0.00410	0.01997	0.00661	0.00580
58	0.01477	0.01266	0.01477	0.01055	0.01687	0.00949	0.00844	0.01793	0.01477	0.02320	0.01266	0.01477	0.01055	0.00527	0.00527	0.00105	0.00527	0.00422	0.00422	0.79328
59	0.01527	0.01451	0.02465	0.43226	0.33519	0.01630	0.02068	0.01979	0.01510	0.02040	0.01298	0.01839	0.01027	0.00678	0.00709	0.00226	0.00904	0.00634	0.00332	0.00938

[dist]
# distance from previous block
# <min> <max>
0	1

[block]
# block no. 2 follows, 29 sequences, length 25
# corresponding to MSA columns:
# 135-159
name=unknown_C
#
# <colnr> <probs for GDERKNQSTAVLIFYWHMCP>
#	G	D	E	R	K	N	Q	S	T	A	V	L	I	F	Y	W	H	M	C	P
0	0.01554	0.01407	0.02250	0.70916	0.04935	0.01681	0.02027	0.01954	0.01550	0.02012	0.01474	0.02174	0.01151	0.00851	0.00798	0.00275	0.01007	0.00697	0.00390	0.00897
1	0.01449	0.06785	0.68364	0.01994	0.03028	0.01704	0.02570	0.02250	0.01501	0.02230	0.01265	0.01488	0.00903	0.00674	0.00667	0.00222	0.01040	0.00520	0.00301	0.01046
2	0.01345	0.01266	0.02136	0.73264	0.04904	0.01582	0.01978	0.01819	0.01424	0.01819	0.01266	0.01898	0.00949	0.00712	0.00712	0.00237	0.00949	0.00633	0.00316	0.00791
3	0.01687	0.01464	0.01624	0.01208	0.01786	0.04131	0.00972	0.10285	0.01715	0.02537	0.01296	0.01503	0.01062	0.00619	0.00660	0.00134	0.04809	0.00463	0.00450	0.61595
4	0.00983	0.00731	0.00906	0.00880	0.01054	0.00668	0.00663	0.01267	0.01853	0.02527	0.48535	0.05793	0.19929	0.05565	0.01001	0.00260	0.00382	0.05632	0.00730	0.00643
5	0.01882	0.01680	0.01666	0.01485	0.01894	0.06501	0.01156	0.07224	0.61163	0.02978	0.02713	0.02513	0.02037	0.00944	0.00718	0.00236	0.00624	0.00773	0.00700	0.01111
6	0.01345	0.01266	0.02136	0.73264	0.04904	0.01582	0.01978	0.01819	0.01424	0.01819	0.01266	0.01898	0.00949	0.00712	0.00712	0.00237	0.00949	0.00633	0.00316	0.00791
7	0.01036	0.00690	0.00777	0.00777	0.00777	0.00690	0.00431	0.01036	0.01036	0.01381	0.02244	0.04660	0.02589	0.74975	0.03624	0.00690	0.00690	0.01036	0.00431	0.00431
8	0.01154	0.00964	0.01407	0.01328	0.01423	0.01217	0.01059	0.01384	0.01131	0.01668	0.01661	0.02483	0.01566	0.04304	0.54472	0.00933	0.20082	0.00728	0.00364	0.00672
9	0.01477	0.01266	0.01477	0.01055	0.01687	0.00949	0.00844	0.01793	0.01477	0.02320	0.01266	0.01477	0.01055	0.00527	0.00527	0.00105	0.00527	0.00422	0.00422	0.79328
10	0.01904	0.75404	0.03731	0.01218	0.01828	0.02818	0.01218	0.02132	0.01447	0.01675	0.00990	0.01142	0.00914	0.00609	0.00457	0.00152	0.00761	0.00381	0.00305	0.00914
11	0.80005	0.01377	0.01047	0.00936	0.01377	0.01597	0.00771	0.02093	0.01212	0.03195	0.00991	0.01157	0.00771	0.00661	0.00441	0.00220	0.00551	0.00386	0.00441	0.00771
12	0.01428	0.03683	0.71286	0.02030	0.03082	0.01654	0.02631	0.02255	0.01503	0.02255	0.01278	0.01503	0.00902	0.00677	0.00677	0.00226	0.01052	0.00526	0.00301	0.01052
13	0.02976	0.01219	0.01630	0.01240	0.01801	0.01034	0.01021	0.03257	0.01967	0.62276	0.02613	0.02303	0.01672	0.00836	0.00692	0.00206	0.00596	0.00679	0.00823	0.11161
14	0.01872	0.01580	0.01667	0.01469	0.01890	0.01818	0.01151	0.10713	0.62154	0.03141	0.02770	0.02555	0.02070	0.00954	0.00723	0.00239	0.00587	0.00787	0.00723	0.01136
15	0.00868	0.00620	0.00826	0.00991	0.01033	0.00578	0.00661	0.00991	0.01363	0.01818	0.03925	0.74510	0.04710	0.02231	0.00909	0.00289	0.00413	0.02024	0.00661	0.00578
16	0.01000	0.00728	0.00942	0.00888	0.01059	0.00669	0.00666	0.01329	0.01998	0.02814	0.67367	0.05387	0.09536	0.01471	0.00840	0.00225	0.00337	0.01297	0.00778	0.00669
17	0.76503	0.01405	0.01096	0.00968	0.01415	0.01625	0.00798	0.05086	0.01309	0.03253	0.01024	0.01182	0.00791	0.00670	0.00453	0.00220	0.00561	0.00397	0.00453	0.00791
18	0.00873	0.00632	0.00826	0.00969	0.01030	0.00585	0.00654	0.01012	0.01414	0.01879	0.07638	0.66532	0.08999	0.02163	0.00901	0.00283	0.00406	0.01952	0.00668	0.00585
19	0.11372	0.01232	0.01578	0.01220	0.01763	0.01101	0.01006	0.03233	0.01919	0.60091	0.02532	0.02237	0.01618	0.00839	0.00676	0.00214	0.00596	0.00665	0.00810	0.05296
20	0.06084	0.00707	0.00687	0.00680	0.00863	0.00720	0.00514	0.01685	0.01476	0.02687	0.02242	0.02564	0.01761	0.00819	0.00494	0.00169	0.00345	0.00647	0.74183	0.00670
21	0.02051	0.56528	0.03234	0.01335	0.01874	0.18220	0.01227	0.02273	0.01576	0.01727	0.01064	0.01230	0.00949	0.00645	0.00500	0.00160	0.00862	0.00409	0.03251	0.00885
22	0.01142	0.00837	0.01030	0.01071	0.01222	0.00817	0.00770	0.09733	0.01681	0.02249	0.07029	0.52875	0.07781	0.01926	0.00867	0.00269	0.00468	0.04371	0.00666	0.03196
23	0.02031	0.01431	0.01622	0.01381	0.01732	0.03331	0.01103	0.27551	0.05289	0.11250	0.02567	0.10975	0.05722	0.05899	0.04933	0.00319	0.05623	0.05646	0.00650	0.00945
24	0.05279	0.03924	0.01943	0.10304	0.15997	0.05293	0.01410	0.07645	0.16698	0.07061	0.01993	0.02511	0.01640	0.03654	0.07363	0.00327	0.00863	0.04609	0.00521	0.00966

[dist]
# distance from previous block
# <min> <max>
0	1

[block]
# block no. 3 follows, 29 sequences, length 43
# corresponding to MSA columns:
# 161-203
name=unknown_D
#
# <colnr> <probs for GDERKNQSTAVLIFYWHMCP>
#	G	D	E	R	K	N	Q	S	T	A	V	L	I	F	Y	W	H	M	C	P
0	0.05064	0.02209	0.03164	0.06697	0.09463	0.19183	0.34645	0.06605	0.01832	0.02303	0.01337	0.01704	0.01033	0.00662	0.00747	0.00221	0.01121	0.00684	0.00384	0.00942
1	0.05915	0.01703	0.02583	0.07690	0.53329	0.04540	0.01957	0.02351	0.08557	0.02387	0.01467	0.01811	0.01198	0.00678	0.00691	0.00215	0.00825	0.00632	0.00394	0.01078
2	0.01029	0.00717	0.00911	0.00911	0.00957	0.00763	0.00599	0.01122	0.01075	0.01480	0.02121	0.03979	0.02293	0.49532	0.28664	0.00856	0.01135	0.00936	0.00413	0.00506
3	0.02506	0.02826	0.01921	0.01697	0.02082	0.50273	0.01298	0.15018	0.04158	0.02339	0.01365	0.01538	0.01092	0.00955	0.03545	0.00229	0.01144	0.00526	0.04598	0.00890
4	0.01008	0.00728	0.00952	0.00896	0.01064	0.00672	0.00672	0.01344	0.02016	0.02855	0.70158	0.05319	0.06719	0.01456	0.00840	0.00224	0.00336	0.01288	0.00784	0.00672
5	0.01008	0.00728	0.00952	0.00896	0.01064	0.00672	0.00672	0.01344	0.02016	0.02855	0.70158	0.05319	0.06719	0.01456	0.00840	0.00224	0.00336	0.01288	0.00784	0.00672
6	0.00894	0.00638	0.00856	0.01021	0.01074	0.00601	0.00706	0.01037	0.01389	0.01847	0.03910	0.68303	0.04652	0.02206	0.00916	0.00293	0.00436	0.07974	0.00660	0.00586
7	0.03195	0.01212	0.01652	0.01267	0.01818	0.01047	0.01047	0.03470	0.02038	0.71026	0.02809	0.02424	0.01763	0.00881	0.00716	0.00220	0.00606	0.00716	0.00881	0.01212
8	0.80005	0.01377	0.01047	0.00936	0.01377	0.01597	0.00771	0.02093	0.01212	0.03195	0.00991	0.01157	0.00771	0.00661	0.00441	0.00220	0.00551	0.00386	0.00441	0.00771
9	0.01151	0.00907	0.01197	0.01173	0.01326	0.03797	0.00912	0.03609	0.01266	0.01786	0.01882	0.02695	0.01728	0.04853	0.64473	0.01042	0.01792	0.00743	0.03005	0.00664
10	0.01558	0.01558	0.02181	0.01869	0.01869	0.02181	0.01558	0.01714	0.01091	0.01714	0.00935	0.01558	0.00935	0.01246	0.02337	0.00312	0.73672	0.00623	0.00312	0.00779
11	0.01345	0.01266	0.02136	0.73264	0.04904	0.01582	0.01978	0.01819	0.01424	0.01819	0.01266	0.01898	0.00949	0.00712	0.00712	0.00237	0.00949	0.00633	0.00316	0.00791
12	0.01959	0.01490	0.01628	0.01388	0.01805	0.01626	0.01102	0.22614	0.30178	0.05620	0.02490	0.06460	0.02040	0.03522	0.00821	0.00243	0.00621	0.04474	0.03841	0.06076
13	0.01036	0.00690	0.00777	0.00777	0.00777	0.00690	0.00431	0.01036	0.01036	0.01381	0.02244	0.04660	0.02589	0.74975	0.03624	0.00690	0.00690	0.01036	0.00431	0.00431
14	0.80005	0.01377	0.01047	0.00936	0.01377	0.01597	0.00771	0.02093	0.01212	0.03195	0.00991	0.01157	0.00771	0.00661	0.00441	0.00220	0.00551	0.00386	0.00441	0.00771
15	0.01544	0.01567	0.02450	0.02011	0.02139	0.02035	0.12546	0.01780	0.01192	0.01804	0.01081	0.01698	0.01013	0.01402	0.06569	0.00353	0.57024	0.00668	0.00324	0.00800
16	0.01432	0.01312	0.02136	0.68667	0.04731	0.01622	0.01937	0.06077	0.01547	0.01991	0.01294	0.01886	0.00966	0.00721	0.00712	0.00236	0.00939	0.00633	0.00342	0.00818
17	0.01550	0.01309	0.01516	0.01090	0.01719	0.01024	0.00874	0.05754	0.01588	0.02450	0.01292	0.01490	0.01064	0.00547	0.00538	0.00112	0.00543	0.00435	0.00439	0.74666
18	0.05342	0.50913	0.18901	0.01406	0.02095	0.02429	0.01515	0.02264	0.05800	0.01961	0.01178	0.01323	0.00985	0.00650	0.00523	0.00178	0.00806	0.00441	0.00337	0.00953
19	0.55194	0.01386	0.01470	0.16592	0.09348	0.01604	0.01174	0.02045	0.01299	0.02813	0.01086	0.01377	0.00846	0.00669	0.00526	0.00223	0.00666	0.00464	0.00405	0.00813
20	0.01924	0.01616	0.01895	0.01942	0.12777	0.01804	0.01339	0.15776	0.43187	0.03130	0.02459	0.02550	0.01901	0.00933	0.00730	0.00235	0.00654	0.03363	0.00661	0.01124
21	0.01026	0.00686	0.00779	0.00789	0.00791	0.00684	0.00444	0.01033	0.01054	0.01405	0.02339	0.08618	0.02709	0.70853	0.03470	0.00668	0.00675	0.01092	0.00444	0.00440
22	0.00967	0.00829	0.00939	0.01037	0.05855	0.00741	0.00710	0.01261	0.04723	0.02056	0.09820	0.06268	0.56702	0.01671	0.00832	0.00241	0.00412	0.03619	0.00649	0.00667
23	0.01327	0.00664	0.00664	0.00664	0.00830	0.00664	0.00498	0.01659	0.01493	0.02655	0.02323	0.02655	0.01825	0.00830	0.00498	0.00166	0.00332	0.00664	0.78928	0.00664
24	0.01064	0.00761	0.00993	0.01111	0.01216	0.00749	0.00831	0.04943	0.01539	0.02037	0.03657	0.46679	0.04209	0.06242	0.01075	0.00319	0.00522	0.20776	0.00649	0.00629
25	0.00991	0.00727	0.00928	0.00878	0.01053	0.00665	0.00658	0.01310	0.01975	0.02759	0.63613	0.05478	0.13323	0.01492	0.00840	0.00226	0.00339	0.01310	0.00771	0.00665
26	0.01029	0.00717	0.00911	0.00911	0.00957	0.00763	0.00599	0.01122	0.01075	0.01480	0.02121	0.03980	0.02294	0.49569	0.28627	0.00856	0.01134	0.00936	0.00413	0.00506
27	0.01928	0.73077	0.03676	0.01238	0.01840	0.05056	0.01223	0.02155	0.01465	0.01677	0.00994	0.01147	0.00914	0.00613	0.00463	0.00153	0.00778	0.00383	0.00307	0.00911
28	0.02707	0.01995	0.02137	0.01638	0.02208	0.02208	0.01353	0.68159	0.03348	0.04488	0.01710	0.01710	0.01211	0.00855	0.00712	0.00214	0.00784	0.00641	0.00712	0.01211
29	0.06052	0.21994	0.49891	0.01758	0.02662	0.01950	0.02161	0.02214	0.01472	0.02160	0.01187	0.01391	0.00898	0.00658	0.00607	0.00206	0.00949	0.00481	0.00310	0.01001
30	0.01872	0.01397	0.01544	0.01332	0.01681	0.01518	0.01036	0.31752	0.13243	0.03289	0.06901	0.20907	0.02684	0.03693	0.00861	0.00252	0.00606	0.01078	0.03399	0.00956
31	0.02625	0.03327	0.02052	0.01934	0.04894	0.69341	0.01408	0.02817	0.02002	0.01766	0.01110	0.01303	0.00926	0.00730	0.00645	0.00185	0.01267	0.00466	0.00366	0.00837
32	0.01722	0.01650	0.02817	0.11064	0.64157	0.01681	0.02165	0.02150	0.01602	0.02277	0.01332	0.01776	0.01111	0.00642	0.00706	0.00214	0.00856	0.00634	0.00349	0.01095
33	0.01237	0.00618	0.00928	0.00928	0.00928	0.00618	0.00618	0.00928	0.00928	0.01237	0.01237	0.02165	0.01237	0.02474	0.02783	0.79283	0.00618	0.00618	0.00309	0.00309
34	0.01362	0.01283	0.02167	0.70393	0.07639	0.01587	0.01986	0.01835	0.01432	0.01840	0.01269	0.01893	0.00957	0.00709	0.00712	0.00236	0.00945	0.00633	0.00318	0.00805
35	0.01738	0.01667	0.02847	0.08317	0.66774	0.01686	0.02173	0.02164	0.01610	0.02297	0.01335	0.01770	0.01118	0.00639	0.00705	0.00213	0.00852	0.00634	0.00350	0.01109
36	0.01012	0.00691	0.00798	0.00809	0.00832	0.00689	0.00479	0.01045	0.01097	0.01457	0.02622	0.09365	0.06561	0.61958	0.07166	0.00663	0.00722	0.01113	0.00457	0.00463
37	0.00991	0.00727	0.00929	0.00878	0.01053	0.00665	0.00659	0.01311	0.01976	0.02761	0.63790	0.05474	0.13145	0.01491	0.00840	0.00226	0.00338	0.01310	0.00771	0.00665
38	0.02572	0.01928	0.02061	0.01611	0.02157	0.02145	0.01321	0.58903	0.12823	0.04271	0.01880	0.01846	0.01349	0.00871	0.00714	0.00218	0.00752	0.00665	0.00714	0.01199
39	0.01238	0.04991	0.01130	0.00995	0.01118	0.00869	0.00709	0.01377	0.01404	0.07810	0.11434	0.27725	0.03642	0.25020	0.01784	0.00397	0.03589	0.03552	0.00588	0.00628
40	0.01511	0.01646	0.03450	0.07543	0.03321	0.01568	0.51305	0.02019	0.01615	0.02169	0.01984	0.12607	0.03936	0.00885	0.00841	0.00247	0.01040	0.01020	0.00411	0.00881
41	0.01809	0.52679	0.21971	0.01466	0.02185	0.05657	0.01609	0.02198	0.01488	0.01836	0.01073	0.01247	0.00911	0.00633	0.00525	0.00174	0.00864	0.00424	0.00306	0.00947
42	0.05878	0.49983	0.21270	0.01414	0.02114	0.02379	0.01555	0.02132	0.01439	0.01907	0.01098	0.01297	0.00934	0.00797	0.03048	0.00210	0.00867	0.00433	0.00313	0.00933

[dist]
# distance from previous block
# <min> <max>
0	2

[block]
# block no. 4 follows, 29 sequences, length 13
# corresponding to MSA columns:
# 206-218
name=unknown_E
#
# <colnr> <probs for GDERKNQSTAVLIFYWHMCP>
#	G	D	E	R	K	N	Q	S	T	A	V	L	I	F	Y	W	H	M	C	P
0	0.07667	0.01847	0.02942	0.02254	0.02675	0.05851	0.29717	0.09165	0.01644	0.02365	0.01246	0.01683	0.01013	0.00857	0.01290	0.00257	0.25542	0.00691	0.00388	0.00904
1	0.01034	0.00693	0.00788	0.00785	0.00796	0.00689	0.00448	0.01056	0.01101	0.01479	0.06785	0.04704	0.02865	0.70059	0.03438	0.00659	0.00667	0.01052	0.00455	0.00448
2	0.01884	0.01586	0.01674	0.01472	0.01895	0.01824	0.01154	0.11561	0.61286	0.03161	0.02755	0.02542	0.02057	0.00953	0.00723	0.00238	0.00590	0.00785	0.00723	0.01137
3	0.01500	0.01501	0.02242	0.11320	0.02355	0.01990	0.06324	0.01731	0.01205	0.01780	0.01350	0.01911	0.04642	0.01159	0.01935	0.00293	0.54956	0.00687	0.00334	0.00784
4	0.01147	0.00820	0.01147	0.01311	0.01475	0.00820	0.01147	0.01475	0.01639	0.02131	0.03770	0.08032	0.04098	0.01967	0.00984	0.00328	0.00656	0.65741	0.00656	0.00656
5	0.02625	0.03070	0.02080	0.01922	0.05486	0.56621	0.01411	0.14127	0.02229	0.02246	0.01218	0.01381	0.00978	0.00750	0.00657	0.00190	0.01176	0.00499	0.00426	0.00907
6	0.01623	0.01550	0.02639	0.27335	0.48657	0.01655	0.02116	0.02063	0.01556	0.02157	0.01315	0.01808	0.01068	0.00660	0.00707	0.00220	0.00880	0.00634	0.00340	0.01016
7	0.02660	0.03394	0.02018	0.01834	0.02201	0.72116	0.01376	0.02843	0.02018	0.01743	0.01101	0.01284	0.00917	0.00734	0.00642	0.00183	0.01284	0.00459	0.00367	0.00825
8	0.01681	0.01921	0.04202	0.03001	0.03721	0.01801	0.67947	0.02281	0.01681	0.02281	0.01441	0.01921	0.01080	0.00600	0.00840	0.00240	0.01200	0.00840	0.00360	0.00960
9	0.01214	0.00774	0.01018	0.00931	0.01135	0.00707	0.00707	0.01545	0.02018	0.09291	0.63799	0.05046	0.06251	0.01401	0.00828	0.00224	0.00361	0.01234	0.00793	0.00723
10	0.01135	0.00756	0.00993	0.00917	0.01108	0.00694	0.00694	0.01468	0.02017	0.06831	0.66230	0.05150	0.06430	0.01422	0.00833	0.00224	0.00352	0.01254	0.00790	0.00703
11	0.01034	0.00696	0.00806	0.00806	0.00817	0.00707	0.00469	0.01055	0.01044	0.01403	0.02216	0.04509	0.02523	0.69332	0.09178	0.00727	0.00789	0.01013	0.00427	0.00448
12	0.01038	0.00773	0.00951	0.00896	0.01089	0.00716	0.00674	0.03915	0.01969	0.02705	0.53052	0.08202	0.18304	0.01528	0.00838	0.00229	0.00361	0.01332	0.00753	0.00676

[dist]
# distance from previous block
# <min> <max>
0	12

[block]
# block no. 5 follows, 29 sequences, length 24
# corresponding to MSA columns:
# 231-254
name=unknown_F
#
# <colnr> <probs for GDERKNQSTAVLIFYWHMCP>
#	G	D	E	R	K	N	Q	S	T	A	V	L	I	F	Y	W	H	M	C	P
0	0.02385	0.01643	0.01771	0.01407	0.01882	0.01794	0.01147	0.45337	0.08754	0.08208	0.02005	0.02024	0.01452	0.00861	0.00672	0.00207	0.00664	0.00665	0.16025	0.01096
1	0.01306	0.00823	0.01012	0.00968	0.01140	0.00896	0.00741	0.07396	0.01472	0.02290	0.02044	0.02684	0.01755	0.05600	0.30679	0.04051	0.01057	0.00715	0.32694	0.00677
2	0.00914	0.00730	0.00825	0.00842	0.01049	0.00642	0.00648	0.01142	0.01693	0.02132	0.19315	0.09643	0.46367	0.01772	0.00862	0.00250	0.00395	0.09472	0.00685	0.00621
3	0.00893	0.00638	0.00855	0.01020	0.01072	0.00600	0.00705	0.01035	0.01388	0.01846	0.03911	0.68558	0.04655	0.02207	0.00916	0.00293	0.00435	0.07730	0.00661	0.00585
4	0.01792	0.00901	0.01203	0.01029	0.01334	0.00806	0.00806	0.02106	0.02024	0.27300	0.46008	0.04281	0.04942	0.01250	0.00795	0.00223	0.00433	0.01083	0.00819	0.00865
5	0.00868	0.00620	0.00826	0.00991	0.01033	0.00578	0.00661	0.00991	0.01363	0.01818	0.03925	0.74510	0.04710	0.02231	0.00909	0.00289	0.00413	0.02024	0.00661	0.00578
6	0.01862	0.71890	0.03610	0.01215	0.01801	0.02727	0.01203	0.02092	0.01433	0.01674	0.01033	0.01220	0.00955	0.00832	0.03832	0.00199	0.00815	0.00399	0.00308	0.00901
7	0.00887	0.00638	0.00843	0.00985	0.01047	0.00594	0.00673	0.01037	0.01434	0.01917	0.09552	0.64580	0.06879	0.02145	0.00903	0.00283	0.00413	0.03927	0.00671	0.00589
8	0.13423	0.14695	0.20643	0.03831	0.02293	0.09418	0.01586	0.12502	0.01827	0.09191	0.01372	0.01504	0.01020	0.00735	0.00664	0.00209	0.03135	0.00517	0.00449	0.00987
9	0.07745	0.01158	0.01294	0.01187	0.01376	0.03494	0.00929	0.02022	0.13737	0.02328	0.04627	0.02530	0.01837	0.06290	0.11451	0.00390	0.15019	0.00715	0.21105	0.00766
10	0.01828	0.63934	0.14534	0.01348	0.02028	0.02631	0.01444	0.02152	0.01456	0.01768	0.01036	0.01200	0.00912	0.00620	0.00492	0.00164	0.00808	0.00404	0.00304	0.00936
11	0.00971	0.00727	0.00903	0.00875	0.01055	0.00659	0.00660	0.01265	0.01893	0.02586	0.51443	0.07893	0.20880	0.01577	0.00848	0.00234	0.00356	0.03774	0.00748	0.00652
12	0.01237	0.00618	0.00928	0.00928	0.00928	0.00618	0.00618	0.00928	0.00928	0.01237	0.01237	0.02165	0.01237	0.02474	0.02783	0.79283	0.00618	0.00618	0.00309	0.00309
13	0.08440	0.01328	0.02131	0.58276	0.12696	0.01597	0.01895	0.01889	0.01429	0.02005	0.01250	0.01815	0.00955	0.00698	0.00687	0.00233	0.00901	0.00611	0.00332	0.00831
14	0.01736	0.01665	0.02843	0.08733	0.66378	0.01685	0.02172	0.02162	0.01609	0.02294	0.01335	0.01771	0.01117	0.00639	0.00705	0.00213	0.00852	0.00634	0.00350	0.01107
15	0.00938	0.00750	0.00855	0.00901	0.01117	0.00668	0.00724	0.01167	0.01643	0.02020	0.08572	0.07142	0.48416	0.01838	0.00883	0.00266	0.00446	0.20371	0.00664	0.00620
16	0.02094	0.01919	0.08556	0.01949	0.05301	0.01830	0.13650	0.37287	0.02497	0.03384	0.01858	0.09811	0.01564	0.01112	0.03577	0.00265	0.00890	0.00825	0.00577	0.01055
17	0.00868	0.00620	0.00826	0.00991	0.01033	0.00578	0.00661	0.00991	0.01363	0.01818	0.03925	0.74510	0.04710	0.02231	0.00909	0.00289	0.00413	0.02024	0.00661	0.00578
18	0.01477	0.01266	0.01477	0.01055	0.01687	0.00949	0.00844	0.01793	0.01477	0.02320	0.01266	0.01477	0.01055	0.00527	0.00527	0.00105	0.00527	0.00422	0.00422	0.79328
19	0.04230	0.39161	0.14688	0.01429	0.02009	0.04411	0.01441	0.07960	0.01583	0.02076	0.01217	0.01484	0.01041	0.01260	0.09418	0.00303	0.04525	0.00490	0.00356	0.00916
20	0.01527	0.12232	0.53756	0.02168	0.08188	0.01808	0.06258	0.02236	0.01516	0.02191	0.01257	0.01504	0.00931	0.00661	0.00661	0.00216	0.01009	0.00535	0.00309	0.01036
21	0.00981	0.00756	0.00916	0.00905	0.01109	0.00670	0.00688	0.01239	0.01736	0.02319	0.30558	0.14482	0.26168	0.01658	0.00844	0.00241	0.00398	0.08021	0.00693	0.05618
22	0.13358	0.01692	0.01796	0.11834	0.02331	0.04460	0.01265	0.34554	0.08452	0.03437	0.02140	0.02207	0.07636	0.00900	0.00684	0.00222	0.00734	0.00692	0.00599	0.01008
23	0.01420	0.00912	0.01069	0.00990	0.01209	0.00987	0.00774	0.12055	0.01669	0.02566	0.02246	0.02699	0.04055	0.02462	0.25875	0.00522	0.00961	0.00724	0.36066	0.00739

[dist]
# distance from previous block
# <min> <max>
1	5

[block]
# block no. 6 follows, 29 sequences, length 27
# corresponding to MSA columns:
# 260-286
name=unknown_G
#
# <colnr> <probs for GDERKNQSTAVLIFYWHMCP>
#	G	D	E	R	K	N	Q	S	T	A	V	L	I	F	Y	W	H	M	C	P
0	0.02391	0.02669	0.01878	0.01660	0.02043	0.45155	0.01273	0.15107	0.06547	0.02349	0.01741	0.01880	0.05099	0.01157	0.05691	0.00264	0.01133	0.00597	0.00474	0.00892
1	0.01345	0.01266	0.02136	0.73264	0.04904	0.01582	0.01978	0.01819	0.01424	0.01819	0.01266	0.01898	0.00949	0.00712	0.00712	0.00237	0.00949	0.00633	0.00316	0.00791
2	0.01272	0.00870	0.01067	0.00987	0.01208	0.00837	0.00752	0.05381	0.05309	0.07110	0.41789	0.07156	0.12427	0.06192	0.01008	0.00263	0.00435	0.04466	0.00737	0.00734
3	0.01081	0.00865	0.01178	0.01171	0.01308	0.03649	0.00909	0.01332	0.01178	0.01656	0.01876	0.02739	0.01747	0.05162	0.69383	0.01107	0.01883	0.00751	0.00381	0.00643
4	0.00868	0.00620	0.00826	0.00991	0.01033	0.00578	0.00661	0.00991	0.01363	0.01818	0.03925	0.74510	0.04710	0.02231	0.00909	0.00289	0.00413	0.02024	0.00661	0.00578
5	0.00868	0.00620	0.00826	0.00991	0.01033	0.00578	0.00661	0.00991	0.01363	0.01818	0.03925	0.74510	0.04710	0.02231	0.00909	0.00289	0.00413	0.02024	0.00661	0.00578
6	0.01498	0.14265	0.61319	0.01910	0.02897	0.01825	0.02422	0.02237	0.01495	0.02170	0.01235	0.01450	0.00904	0.00667	0.00644	0.00215	0.01009	0.00505	0.00301	0.01032
7	0.01659	0.01134	0.01300	0.01174	0.01430	0.01194	0.00884	0.24402	0.02046	0.05143	0.02677	0.28425	0.02722	0.08678	0.04520	0.00327	0.00638	0.01189	0.09643	0.00817
