[name]
unknown

[dist]
# distance from previous block
# <min> <max>
26	64

[block]
# block no. 0 follows, 27 sequences, length 95
# corresponding to MSA columns:
# 82-176
name=unknown_A
#
# <colnr> <probs for GDERKNQSTAVLIFYWHMCP>
#	G	D	E	R	K	N	Q	S	T	A	V	L	I	F	Y	W	H	M	C	P
0	0.01951	0.01587	0.01911	0.03638	0.02102	0.06590	0.05838	0.05152	0.05734	0.11682	0.01824	0.01970	0.03332	0.00775	0.00807	0.00183	0.06818	0.00610	0.00523	0.36972
1	0.01802	0.01723	0.01667	0.06336	0.02059	0.13535	0.01114	0.06642	0.12403	0.02536	0.06135	0.05268	0.04003	0.00877	0.00678	0.00185	0.00720	0.00706	0.00535	0.31077
2	0.01752	0.01529	0.02059	0.01538	0.02111	0.01419	0.09589	0.12261	0.01836	0.02692	0.01505	0.04764	0.01283	0.00761	0.00817	0.00175	0.07429	0.00625	0.00480	0.45375
3	0.01825	0.01641	0.01559	0.01279	0.01738	0.11010	0.00993	0.15119	0.06011	0.02681	0.02739	0.04896	0.13437	0.05863	0.00903	0.00224	0.00694	0.00806	0.00564	0.26018
4	0.01818	0.03751	0.01761	0.03477	0.01912	0.03855	0.01078	0.17033	0.01978	0.02789	0.03823	0.06689	0.01641	0.04376	0.00911	0.00204	0.05047	0.00685	0.00524	0.36650
5	0.01925	0.01931	0.02193	0.30133	0.06249	0.16775	0.04885	0.10115	0.06550	0.02338	0.01533	0.02027	0.01228	0.05231	0.00912	0.00255	0.00993	0.00663	0.00436	0.03628
6	0.01494	0.01275	0.01578	0.01312	0.01741	0.01221	0.05533	0.05033	0.19209	0.02572	0.05843	0.12188	0.10389	0.03382	0.00840	0.00228	0.00581	0.00997	0.00611	0.23973
7	0.01499	0.01402	0.02295	0.51418	0.16698	0.01595	0.01967	0.01965	0.01529	0.02055	0.01334	0.01903	0.01037	0.00705	0.00719	0.00227	0.00919	0.00635	0.00349	0.09748
8	0.02017	0.01680	0.01775	0.01545	0.01996	0.01926	0.01216	0.14952	0.56653	0.03381	0.02805	0.02597	0.02090	0.00987	0.00753	0.00247	0.00628	0.00809	0.00753	0.01190
9	0.01503	0.01471	0.02624	0.52006	0.10217	0.01670	0.12771	0.02008	0.01549	0.02043	0.01356	0.01953	0.01033	0.00708	0.00756	0.00240	0.01006	0.00687	0.00345	0.04054
10	0.01800	0.01554	0.01634	0.01474	0.01886	0.01788	0.01146	0.03806	0.64746	0.03052	0.03238	0.02981	0.05481	0.01049	0.00761	0.00252	0.00577	0.00874	0.00752	0.01149
11	0.01539	0.01319	0.01539	0.01100	0.01759	0.00990	0.00880	0.01869	0.01539	0.02419	0.01319	0.01539	0.01100	0.00550	0.00550	0.00110	0.00550	0.00440	0.00440	0.78449
12	0.01174	0.00847	0.01061	0.01143	0.01266	0.00842	0.00815	0.09716	0.01711	0.02281	0.03778	0.60079	0.04392	0.02120	0.00925	0.00294	0.00497	0.05669	0.00696	0.00695
13	0.01500	0.03765	0.67382	0.02157	0.03240	0.01730	0.05350	0.02352	0.01575	0.02352	0.01339	0.01585	0.00948	0.00702	0.00712	0.00236	0.01103	0.00562	0.00316	0.01093
14	0.01801	0.01671	0.02522	0.03418	0.43631	0.01781	0.01887	0.02683	0.20126	0.02568	0.01927	0.02351	0.01594	0.00853	0.00856	0.00241	0.05164	0.03308	0.00486	0.01133
15	0.01752	0.02003	0.04380	0.03129	0.03880	0.01877	0.66583	0.02378	0.01752	0.02378	0.01502	0.02003	0.01126	0.00626	0.00876	0.00250	0.01252	0.00876	0.00375	0.01001
16	0.01080	0.00720	0.00810	0.00810	0.00810	0.00720	0.00450	0.01080	0.01080	0.01439	0.02339	0.04858	0.02699	0.73910	0.03779	0.00720	0.00720	0.01080	0.00450	0.00450
17	0.01505	0.03728	0.66057	0.02178	0.03254	0.01733	0.06637	0.02353	0.01579	0.02353	0.01343	0.01594	0.00952	0.00700	0.00716	0.00236	0.01107	0.00569	0.00317	0.01091
18	0.05652	0.01687	0.01765	0.01527	0.01984	0.01932	0.01206	0.16847	0.51518	0.03441	0.02673	0.02493	0.01991	0.00968	0.00739	0.00245	0.00634	0.00784	0.00739	0.01176
19	0.01289	0.00645	0.00967	0.00967	0.00967	0.00645	0.00645	0.00967	0.00967	0.01289	0.01289	0.02257	0.01289	0.02579	0.02901	0.78401	0.00645	0.00645	0.00322	0.00322
20	0.00991	0.00793	0.00893	0.00890	0.01101	0.00721	0.00658	0.01338	0.05951	0.02335	0.24173	0.15412	0.38498	0.01783	0.00879	0.00253	0.00389	0.01531	0.00730	0.00679
21	0.01901	0.08850	0.08779	0.02482	0.03062	0.13513	0.33952	0.02360	0.01671	0.02127	0.01299	0.01721	0.01042	0.00769	0.01054	0.00244	0.13164	0.00703	0.00358	0.00949
22	0.02179	0.02103	0.02232	0.05834	0.22873	0.22537	0.01624	0.02526	0.03921	0.09841	0.01668	0.02234	0.01413	0.05322	0.01074	0.00260	0.07680	0.03244	0.00460	0.00976
23	0.00904	0.00646	0.00861	0.01034	0.01077	0.00603	0.00689	0.01034	0.01421	0.01895	0.04092	0.73426	0.04910	0.02326	0.00948	0.00301	0.00431	0.02110	0.00689	0.00603
24	0.01817	0.01743	0.02977	0.07706	0.66288	0.01759	0.02268	0.02261	0.01681	0.02401	0.01393	0.01844	0.01167	0.00665	0.00735	0.00222	0.00887	0.00661	0.00366	0.01160
25	0.01539	0.01319	0.01539	0.01100	0.01759	0.00990	0.00880	0.01869	0.01539	0.02419	0.01319	0.01539	0.01100	0.00550	0.00550	0.00110	0.00550	0.00440	0.00440	0.78449
26	0.79154	0.01436	0.01091	0.00976	0.01436	0.01665	0.00804	0.02182	0.01263	0.03331	0.01034	0.01206	0.00804	0.00689	0.00459	0.00230	0.00574	0.00402	0.00459	0.00804
27	0.01080	0.00720	0.00810	0.00810	0.00810	0.00720	0.00450	0.01080	0.01080	0.01439	0.02339	0.04858	0.02699	0.73910	0.03779	0.00720	0.00720	0.01080	0.00450	0.00450
28	0.10656	0.01698	0.01676	0.01484	0.01921	0.04719	0.01164	0.08973	0.52324	0.03209	0.02617	0.02452	0.01964	0.00952	0.00717	0.00244	0.00636	0.00761	0.00706	0.01128
29	0.01670	0.01567	0.01765	0.01327	0.01917	0.07089	0.03888	0.02050	0.03831	0.02349	0.01349	0.01590	0.01120	0.00635	0.00702	0.00142	0.05245	0.00489	0.00436	0.60840
30	0.02345	0.01581	0.01800	0.01431	0.01935	0.01625	0.01150	0.32254	0.06683	0.13966	0.02180	0.07702	0.01756	0.03790	0.04222	0.00279	0.00755	0.00790	0.00693	0.13062
31	0.01927	0.66201	0.11543	0.01368	0.02057	0.02797	0.01441	0.02238	0.01515	0.01816	0.01067	0.01234	0.00951	0.00643	0.00503	0.00168	0.00829	0.00414	0.00317	0.00969
32	0.01051	0.00759	0.00992	0.00934	0.01109	0.00700	0.00700	0.01401	0.02101	0.02977	0.68888	0.05545	0.07005	0.01518	0.00876	0.00233	0.00350	0.01343	0.00817	0.00700
33	0.02029	0.18634	0.07427	0.01652	0.04400	0.17423	0.06243	0.02365	0.01871	0.10108	0.15131	0.02615	0.05203	0.00932	0.00705	0.00208	0.00853	0.00752	0.00524	0.00926
34	0.01881	0.05848	0.29438	0.04928	0.02710	0.01737	0.06975	0.07859	0.07704	0.11159	0.01904	0.02066	0.03171	0.01037	0.03736	0.00279	0.05337	0.00678	0.00487	0.01064
35	0.03313	0.01291	0.01740	0.01334	0.01909	0.01132	0.01102	0.05774	0.02171	0.67571	0.02890	0.02501	0.01818	0.00918	0.00746	0.00229	0.00638	0.00744	0.00913	0.01263
36	0.00904	0.00646	0.00861	0.01034	0.01077	0.00603	0.00689	0.01034	0.01421	0.01895	0.04092	0.73426	0.04910	0.02326	0.00948	0.00301	0.00431	0.02110	0.00689	0.00603
37	0.01558	0.01509	0.02684	0.41306	0.13877	0.01682	0.14794	0.02135	0.05600	0.02118	0.01470	0.02023	0.01134	0.00799	0.00858	0.03473	0.00987	0.00713	0.00370	0.00912
38	0.03245	0.01401	0.01808	0.01386	0.01964	0.01296	0.01145	0.14293	0.02356	0.58792	0.02735	0.02401	0.01740	0.00914	0.00746	0.00229	0.00663	0.00733	0.00889	0.01263
39	0.01752	0.02003	0.04380	0.03129	0.03880	0.01877	0.66583	0.02378	0.01752	0.02378	0.01502	0.02003	0.01126	0.00626	0.00876	0.00250	0.01252	0.00876	0.00375	0.01001
40	0.02555	0.01935	0.02106	0.03942	0.02306	0.02122	0.01362	0.51835	0.11231	0.04216	0.01884	0.01892	0.01365	0.00874	0.00729	0.00218	0.00773	0.00671	0.00707	0.07276
41	0.01985	0.74357	0.03890	0.01270	0.01905	0.02937	0.01270	0.02223	0.01508	0.01747	0.01032	0.01191	0.00953	0.00635	0.00476	0.00159	0.00794	0.00397	0.00318	0.00953
42	0.01855	0.01310	0.01572	0.01139	0.01783	0.01007	0.00917	0.02177	0.01642	0.14275	0.01603	0.01713	0.01229	0.00615	0.00584	0.00131	0.00564	0.00494	0.00524	0.64866
43	0.01985	0.74357	0.03890	0.01270	0.01905	0.02937	0.01270	0.02223	0.01508	0.01747	0.01032	0.01191	0.00953	0.00635	0.00476	0.00159	0.00794	0.00397	0.00318	0.00953
44	0.00911	0.00651	0.00867	0.01029	0.01078	0.00607	0.00690	0.01050	0.01451	0.01943	0.06955	0.70426	0.05003	0.02290	0.00944	0.00298	0.00427	0.02076	0.00695	0.00607
45	0.03331	0.01263	0.01723	0.01321	0.01895	0.01091	0.01091	0.03618	0.02125	0.69794	0.02929	0.02527	0.01838	0.00919	0.00747	0.00230	0.00632	0.00747	0.00919	0.01263
46	0.00940	0.00672	0.00899	0.01033	0.01084	0.00655	0.00697	0.01075	0.01361	0.01832	0.03666	0.58246	0.04322	0.09289	0.10048	0.00452	0.00654	0.01850	0.00630	0.00597
47	0.01985	0.74357	0.03890	0.01270	0.01905	0.02937	0.01270	0.02223	0.01508	0.01747	0.01032	0.01191	0.00953	0.00635	0.00476	0.00159	0.00794	0.00397	0.00318	0.00953
48	0.00879	0.00747	0.00757	0.00764	0.01006	0.00626	0.00569	0.01064	0.01680	0.02001	0.07373	0.09991	0.66226	0.01899	0.00880	0.00253	0.00378	0.01590	0.00689	0.00626
49	0.01080	0.00720	0.00810	0.00810	0.00810	0.00720	0.00450	0.01080	0.01080	0.01439	0.02339	0.04858	0.02699	0.73910	0.03779	0.00720	0.00720	0.01080	0.00450	0.00450
50	0.01402	0.01319	0.02227	0.72126	0.05113	0.01649	0.02062	0.01897	0.01484	0.01897	0.01319	0.01979	0.00990	0.00742	0.00742	0.00247	0.00990	0.00660	0.00330	0.00825
51	0.01289	0.00645	0.00967	0.00967	0.00967	0.00645	0.00645	0.00967	0.00967	0.01289	0.01289	0.02257	0.01289	0.02579	0.02901	0.78401	0.00645	0.00645	0.00322	0.00322
52	0.01916	0.01579	0.01681	0.01502	0.01929	0.01811	0.01171	0.03930	0.64870	0.06214	0.03017	0.02758	0.02246	0.01003	0.00755	0.00251	0.00590	0.00835	0.00763	0.01179
53	0.19350	0.01364	0.01629	0.01278	0.01830	0.01308	0.01055	0.08278	0.02050	0.50601	0.02437	0.02189	0.01574	0.00868	0.00685	0.00229	0.00634	0.00667	0.00808	0.01166
54	0.01616	0.01775	0.03720	0.02740	0.03339	0.01709	0.52667	0.02139	0.01665	0.02269	0.01861	0.12769	0.01689	0.00924	0.00982	0.00263	0.05477	0.01049	0.00420	0.00930
55	0.01752	0.02003	0.04380	0.03129	0.03880	0.01877	0.66583	0.02378	0.01752	0.02378	0.01502	0.02003	0.01126	0.00626	0.00876	0.00250	0.01252	0.00876	0.00375	0.01001
56	0.01413	0.01335	0.02229	0.68611	0.04955	0.01681	0.02040	0.01891	0.01467	0.01891	0.01302	0.01961	0.00989	0.00770	0.00827	0.00251	0.04574	0.00659	0.00330	0.00824
57	0.49168	0.01976	0.01457	0.04346	0.01851	0.19649	0.01054	0.05150	0.01585	0.02863	0.01150	0.01375	0.00918	0.00936	0.03655	0.00263	0.00864	0.00462	0.00443	0.00833
58	0.01061	0.00795	0.01193	0.01193	0.01326	0.00928	0.00928	0.01326	0.01193	0.01723	0.01988	0.02916	0.01856	0.05568	0.70968	0.01193	0.01988	0.00795	0.00398	0.00663
59	0.01778	0.01692	0.02824	0.13664	0.56346	0.01753	0.02181	0.02327	0.05703	0.02394	0.01485	0.01914	0.01217	0.00694	0.00737	0.00226	0.00879	0.00672	0.00386	0.01128
60	0.01624	0.01624	0.02274	0.01949	0.01949	0.02274	0.01624	0.01787	0.01137	0.01787	0.00975	0.01624	0.00975	0.01299	0.02436	0.00325	0.72552	0.00650	0.00325	0.00812
61	0.05902	0.10559	0.02188	0.01708	0.02150	0.40734	0.01339	0.09837	0.14060	0.02415	0.01537	0.01623	0.01219	0.00805	0.00663	0.00204	0.01055	0.00552	0.00485	0.00968
62	0.02084	0.09740	0.02428	0.01777	0.02077	0.05210	0.03732	0.13762	0.01771	0.08471	0.01343	0.01683	0.01111	0.01039	0.01550	0.00262	0.36533	0.00625	0.00462	0.04339
63	0.01690	0.04867	0.15259	0.01476	0.01952	0.01367	0.03658	0.08080	0.07271	0.10454	0.18037	0.14461	0.03266	0.01242	0.00854	0.00246	0.03179	0.01057	0.00641	0.00944
64	0.02186	0.01554	0.01715	0.01484	0.01942	0.01722	0.01170	0.07029	0.51844	0.16222	0.02941	0.02673	0.02132	0.00984	0.00753	0.00246	0.00608	0.00813	0.00787	0.01197
65	0.01061	0.00795	0.01193	0.01193	0.01326	0.00928	0.00928	0.01326	0.01193	0.01723	0.01988	0.02916	0.01856	0.05568	0.70968	0.01193	0.01988	0.00795	0.00398	0.00663
66	0.01055	0.00802	0.01058	0.01128	0.01167	0.00869	0.00794	0.01186	0.01349	0.01873	0.03353	0.51741	0.03933	0.09884	0.01456	0.00344	0.11196	0.01710	0.04482	0.00622
67	0.02150	0.01603	0.01674	0.01473	0.01898	0.05949	0.01149	0.05676	0.44599	0.15577	0.02922	0.07587	0.02257	0.01065	0.00761	0.00246	0.00639	0.00883	0.00758	0.01135
68	0.01130	0.00833	0.01105	0.01240	0.01428	0.00807	0.01066	0.01441	0.01705	0.02177	0.04671	0.08120	0.17619	0.02016	0.00995	0.00323	0.00620	0.51347	0.00685	0.00672
69	0.00893	0.00748	0.00777	0.00779	0.01015	0.00632	0.00581	0.01092	0.01714	0.02081	0.12476	0.09886	0.61045	0.01869	0.00880	0.00251	0.00376	0.01572	0.00700	0.00632
70	0.01900	0.02063	0.05817	0.03653	0.44585	0.10339	0.05193	0.02295	0.01653	0.02246	0.01303	0.01739	0.01105	0.00773	0.00995	0.00235	0.12035	0.00642	0.00361	0.01069
71	0.01132	0.01066	0.01600	0.01353	0.01661	0.01018	0.13378	0.01453	0.03656	0.02081	0.05325	0.14102	0.40894	0.01628	0.00992	0.00262	0.05650	0.01416	0.00605	0.00726
72	0.02118	0.00996	0.01322	0.01197	0.01511	0.00904	0.00908	0.05090	0.01839	0.33648	0.03450	0.37288	0.03320	0.01608	0.00845	0.00265	0.00541	0.01412	0.00798	0.00939
73	0.00940	0.00754	0.00839	0.00818	0.01041	0.00653	0.00613	0.01186	0.01840	0.02356	0.29635	0.06568	0.46645	0.01750	0.00877	0.00244	0.00367	0.01486	0.00735	0.00653
74	0.02564	0.11270	0.02264	0.01566	0.02113	0.05576	0.01303	0.38212	0.11261	0.10362	0.04700	0.02040	0.01631	0.00895	0.00712	0.00218	0.00773	0.00681	0.00692	0.01168
75	0.50103	0.01684	0.01389	0.01190	0.01658	0.08880	0.00964	0.10337	0.01732	0.10635	0.01406	0.01503	0.01037	0.00755	0.00550	0.00222	0.00681	0.00493	0.03868	0.00912
76	0.01655	0.01577	0.02683	0.32902	0.42361	0.01716	0.02187	0.02118	0.01604	0.02204	0.01364	0.01897	0.01098	0.00695	0.00738	0.00232	0.00927	0.00661	0.00352	0.01029
77	0.01412	0.01333	0.02229	0.69069	0.04975	0.01677	0.02043	0.01892	0.01469	0.01892	0.01304	0.01964	0.00989	0.00766	0.00816	0.00251	0.04107	0.00659	0.00330	0.00824
78	0.01351	0.01249	0.01366	0.01317	0.01469	0.11417	0.01010	0.01579	0.01317	0.01720	0.01828	0.02750	0.01732	0.09775	0.51226	0.00955	0.06100	0.00761	0.00395	0.00685
79	0.04980	0.01519	0.02218	0.46907	0.12066	0.06051	0.01900	0.01986	0.01494	0.02001	0.01308	0.01902	0.01042	0.01012	0.04255	0.00292	0.07219	0.00643	0.00346	0.00860
80	0.01585	0.01467	0.02054	0.01724	0.01886	0.05113	0.09178	0.01803	0.01413	0.04934	0.07830	0.05794	0.04195	0.12067	0.02027	0.00352	0.34457	0.00892	0.00451	0.00779
81	0.05397	0.01185	0.01581	0.01245	0.01750	0.01045	0.01017	0.03203	0.02093	0.56545	0.13831	0.02986	0.02663	0.01011	0.00759	0.00230	0.00583	0.00834	0.00887	0.01155
82	0.01528	0.03568	0.60333	0.02266	0.03312	0.01747	0.12200	0.02355	0.01595	0.02355	0.01357	0.01632	0.00968	0.00694	0.00731	0.00237	0.01120	0.00597	0.00323	0.01083
83	0.01846	0.01595	0.01679	0.01511	0.01930	0.01846	0.01175	0.03945	0.67938	0.03105	0.03022	0.02770	0.02266	0.01007	0.00755	0.00252	0.00588	0.00839	0.00755	0.01175
84	0.00903	0.00650	0.00857	0.01022	0.01074	0.00604	0.00684	0.01035	0.01432	0.01900	0.04233	0.70687	0.07557	0.02307	0.00945	0.00299	0.00428	0.02088	0.00689	0.00604
85	0.00971	0.00741	0.00892	0.00887	0.01068	0.00662	0.00653	0.01235	0.01866	0.02495	0.38921	0.15717	0.27686	0.01755	0.00886	0.00249	0.00370	0.01527	0.00756	0.00662
86	0.01521	0.08341	0.65840	0.02062	0.03130	0.01802	0.02649	0.02343	0.01564	0.02312	0.01313	0.01543	0.00941	0.00701	0.00691	0.00230	0.01078	0.00539	0.00314	0.01088
87	0.01489	0.03840	0.70064	0.02116	0.03213	0.01724	0.02743	0.02351	0.01567	0.02351	0.01332	0.01567	0.00940	0.00705	0.00705	0.00235	0.01097	0.00549	0.00313	0.01097
88	0.01042	0.00759	0.00981	0.00925	0.01104	0.00697	0.00694	0.01385	0.02082	0.02930	0.65931	0.05622	0.09991	0.01535	0.00876	0.00234	0.00351	0.01353	0.00811	0.00697
89	0.00918	0.00721	0.00831	0.00873	0.01046	0.00633	0.00628	0.01119	0.01687	0.02156	0.18096	0.27108	0.37649	0.01948	0.00898	0.00263	0.00388	0.01691	0.00714	0.00633
90	0.03331	0.01263	0.01723	0.01321	0.01895	0.01091	0.01091	0.03618	0.02125	0.69794	0.02929	0.02527	0.01838	0.00919	0.00747	0.00230	0.00632	0.00747	0.00919	0.01263
91	0.79154	0.01436	0.01091	0.00976	0.01436	0.01665	0.00804	0.02182	0.01263	0.03331	0.01034	0.01206	0.00804	0.00689	0.00459	0.00230	0.00574	0.00402	0.00459	0.00804
92	0.03303	0.01377	0.01742	0.01350	0.01915	0.04589	0.01108	0.03585	0.02124	0.66389	0.02840	0.02467	0.01794	0.00911	0.00743	0.00228	0.00667	0.00733	0.00892	0.01243
93	0.01384	0.00692	0.00692	0.00692	0.00865	0.00692	0.00519	0.01730	0.01557	0.02768	0.02422	0.02768	0.01903	0.00865	0.00519	0.00173	0.00346	0.00692	0.78031	0.00692
94	0.01707	0.13008	0.26375	0.01600	0.02360	0.01744	0.01700	0.07867	0.01690	0.02453	0.01299	0.01526	0.01027	0.00701	0.00745	0.00187	0.05884	0.00507	0.00396	0.27226

[dist]
# distance from previous block
# <min> <max>
0	1

[block]
# block no. 1 follows, 27 sequences, length 34
# corresponding to MSA columns:
# 178-211
name=unknown_B
#
# <colnr> <probs for GDERKNQSTAVLIFYWHMCP>
#	G	D	E	R	K	N	Q	S	T	A	V	L	I	F	Y	W	H	M	C	P
0	0.04164	0.00974	0.01176	0.01079	0.01419	0.00855	0.00878	0.01625	0.01738	0.05744	0.15614	0.05353	0.17051	0.01439	0.00815	0.00236	0.00520	0.18585	0.00652	0.20084
1	0.02766	0.02122	0.02192	0.01707	0.02281	0.05552	0.01399	0.60270	0.07000	0.04455	0.01821	0.01816	0.01304	0.00892	0.00740	0.00223	0.00829	0.00669	0.00726	0.01238
2	0.01003	0.00722	0.00950	0.00966	0.01099	0.00669	0.00697	0.01281	0.01880	0.02625	0.47816	0.27621	0.06323	0.01780	0.00899	0.00256	0.00376	0.01592	0.00776	0.00669
3	0.01595	0.01505	0.05088	0.01269	0.01953	0.01117	0.04127	0.04344	0.01624	0.02498	0.01346	0.01572	0.01099	0.00574	0.00580	0.00127	0.00620	0.00475	0.00442	0.68044
4	0.00904	0.00646	0.00861	0.01034	0.01077	0.00603	0.00689	0.01034	0.01421	0.01895	0.04092	0.73426	0.04910	0.02326	0.00948	0.00301	0.00431	0.02110	0.00689	0.00603
5	0.01062	0.00790	0.01168	0.01168	0.01292	0.00914	0.00897	0.01310	0.01186	0.01705	0.02011	0.03043	0.01911	0.10035	0.66577	0.01162	0.01906	0.00814	0.00401	0.00649
6	0.02773	0.03538	0.02104	0.01913	0.02295	0.70930	0.01434	0.02964	0.02104	0.01817	0.01148	0.01339	0.00956	0.00765	0.00669	0.00191	0.01339	0.00478	0.00383	0.00861
7	0.02533	0.01847	0.01981	0.01575	0.02101	0.02045	0.01283	0.47387	0.15734	0.06288	0.02110	0.02076	0.01526	0.00912	0.00727	0.00225	0.00729	0.00706	0.07013	0.01199
8	0.01007	0.00776	0.00938	0.00990	0.01187	0.00706	0.00787	0.01267	0.01754	0.02245	0.17787	0.12248	0.33197	0.01896	0.00926	0.00278	0.00467	0.20176	0.00712	0.00656
9	0.00884	0.00752	0.00761	0.00759	0.01007	0.00630	0.00569	0.01078	0.01708	0.02043	0.09915	0.07082	0.66560	0.01866	0.00877	0.00250	0.00375	0.01558	0.00694	0.00630
10	0.01604	0.01526	0.02592	0.40781	0.34880	0.01702	0.02162	0.02074	0.01580	0.02142	0.01355	0.01913	0.01076	0.00705	0.00739	0.00235	0.00940	0.00661	0.00347	0.00988
11	0.01080	0.00720	0.00810	0.00810	0.00810	0.00720	0.00450	0.01080	0.01080	0.01439	0.02339	0.04858	0.02699	0.73910	0.03779	0.00720	0.00720	0.01080	0.00450	0.00450
12	0.01384	0.00692	0.00692	0.00692	0.00865	0.00692	0.00519	0.01730	0.01557	0.02768	0.02422	0.02768	0.01903	0.00865	0.00519	0.00173	0.00346	0.00692	0.78031	0.00692
13	0.01384	0.00692	0.00692	0.00692	0.00865	0.00692	0.00519	0.01730	0.01557	0.02768	0.02422	0.02768	0.01903	0.00865	0.00519	0.00173	0.00346	0.00692	0.78031	0.00692
14	0.61835	0.01648	0.01305	0.01133	0.01604	0.07441	0.00922	0.07259	0.01561	0.07826	0.01229	0.01351	0.00922	0.00726	0.00518	0.00226	0.00660	0.00452	0.00506	0.00875
15	0.01419	0.01343	0.02230	0.66789	0.04872	0.01697	0.02028	0.01888	0.01458	0.01888	0.01293	0.01952	0.00988	0.00785	0.00871	0.00253	0.06432	0.00659	0.00329	0.00824
16	0.01746	0.01671	0.02849	0.18706	0.55842	0.01740	0.02233	0.02198	0.01647	0.02315	0.01380	0.01867	0.01137	0.00678	0.00736	0.00226	0.00904	0.00661	0.00360	0.01102
17	0.01234	0.00853	0.00959	0.00940	0.01042	0.00868	0.00622	0.05749	0.04460	0.01956	0.02917	0.10743	0.07131	0.45196	0.02600	0.00535	0.00642	0.04524	0.06433	0.00594
18	0.00927	0.00677	0.00924	0.04305	0.01263	0.00651	0.00752	0.01073	0.01424	0.01895	0.03964	0.70138	0.04730	0.02253	0.00938	0.00299	0.00456	0.02044	0.00673	0.00613
19	0.01080	0.00720	0.00810	0.00810	0.00810	0.00720	0.00450	0.01080	0.01080	0.01439	0.02339	0.04858	0.02699	0.73910	0.03779	0.00720	0.00720	0.01080	0.00450	0.00450
20	0.02776	0.03443	0.02112	0.01899	0.02295	0.66444	0.01433	0.07137	0.02194	0.02004	0.01189	0.01368	0.00976	0.00773	0.00674	0.00193	0.01305	0.00491	0.00406	0.00887
21	0.01368	0.01274	0.02134	0.67292	0.04839	0.01578	0.01968	0.01838	0.01480	0.01897	0.01508	0.06837	0.01256	0.00850	0.00756	0.00251	0.00952	0.00758	0.00354	0.00810
22	0.03268	0.01364	0.01785	0.01369	0.01945	0.01241	0.01131	0.11420	0.02293	0.61754	0.02787	0.02435	0.01767	0.00915	0.00746	0.00229	0.00655	0.00737	0.00897	0.01263
23	0.01080	0.00720	0.00810	0.00810	0.00810	0.00720	0.00450	0.01080	0.01080	0.01439	0.02339	0.04858	0.02699	0.73910	0.03779	0.00720	0.00720	0.01080	0.00450	0.00450
24	0.01985	0.74357	0.03890	0.01270	0.01905	0.02937	0.01270	0.02223	0.01508	0.01747	0.01032	0.01191	0.00953	0.00635	0.00476	0.00159	0.00794	0.00397	0.00318	0.00953
25	0.01103	0.00777	0.00968	0.00909	0.01117	0.00700	0.00686	0.01415	0.02012	0.05431	0.52676	0.05779	0.20510	0.01574	0.00871	0.00237	0.00367	0.01368	0.00793	0.00707
26	0.01061	0.00795	0.01193	0.01193	0.01326	0.00928	0.00928	0.01326	0.01193	0.01723	0.01988	0.02916	0.01856	0.05568	0.70968	0.01193	0.01988	0.00795	0.00398	0.00663
27	0.02076	0.02235	0.02722	0.07162	0.47492	0.20980	0.02033	0.02450	0.01795	0.02230	0.01323	0.01706	0.01106	0.00694	0.00717	0.00214	0.01014	0.00610	0.00370	0.01071
28	0.01837	0.01764	0.03013	0.04557	0.69279	0.01764	0.02278	0.02278	0.01690	0.02425	0.01396	0.01837	0.01176	0.00661	0.00735	0.00220	0.00882	0.00661	0.00367	0.01176
29	0.01196	0.00854	0.01196	0.01367	0.01538	0.00854	0.01196	0.01538	0.01709	0.02222	0.03931	0.08374	0.04272	0.02051	0.01025	0.00342	0.00684	0.64283	0.00684	0.00684
30	0.01073	0.00778	0.00999	0.01099	0.01193	0.00789	0.00763	0.01421	0.09898	0.01981	0.03544	0.52771	0.04017	0.02401	0.05870	0.07811	0.00577	0.01718	0.00643	0.00654
31	0.01904	0.02039	0.02565	0.18567	0.32432	0.17972	0.05006	0.02293	0.01745	0.02140	0.01666	0.02054	0.04842	0.00770	0.00736	0.00223	0.01003	0.00678	0.00381	0.00985
32	0.02492	0.02018	0.07191	0.01618	0.02174	0.02051	0.01406	0.51160	0.03009	0.04150	0.01800	0.01887	0.01310	0.00889	0.00773	0.00221	0.03417	0.00662	0.10612	0.01160
33	0.01808	0.32588	0.27710	0.01991	0.07636	0.05908	0.05528	0.02304	0.01574	0.02058	0.01199	0.01447	0.00976	0.00695	0.00690	0.00205	0.03831	0.00513	0.00327	0.01014

[dist]
# distance from previous block
# <min> <max>
0	2

[block]
# block no. 2 follows, 27 sequences, length 203
# corresponding to MSA columns:
# 214-416
name=unknown_C
#
# <colnr> <probs for GDERKNQSTAVLIFYWHMCP>
#	G	D	E	R	K	N	Q	S	T	A	V	L	I	F	Y	W	H	M	C	P
0	0.02114	0.59666	0.05462	0.01394	0.02012	0.10253	0.01340	0.06762	0.01712	0.01974	0.01105	0.01258	0.00974	0.00669	0.00522	0.00169	0.00863	0.00429	0.00354	0.00968
1	0.02051	0.01087	0.01213	0.01035	0.01374	0.01101	0.00820	0.12739	0.05786	0.17179	0.02460	0.02558	0.01807	0.00889	0.00616	0.00197	0.00496	0.00708	0.44952	0.00932
2	0.01823	0.01749	0.02987	0.06809	0.67140	0.01760	0.02271	0.02266	0.01684	0.02408	0.01394	0.01842	0.01170	0.00664	0.00735	0.00221	0.00886	0.00661	0.00366	0.01164
3	0.01539	0.01319	0.01539	0.01100	0.01759	0.00990	0.00880	0.01869	0.01539	0.02419	0.01319	0.01539	0.01100	0.00550	0.00550	0.00110	0.00550	0.00440	0.00440	0.78449
4	0.02242	0.22199	0.02476	0.01554	0.02062	0.14449	0.01294	0.15776	0.25096	0.02814	0.01893	0.01883	0.01471	0.00838	0.00660	0.00210	0.00823	0.00619	0.00566	0.01075
5	0.00904	0.00646	0.00861	0.01034	0.01077	0.00603	0.00689	0.01034	0.01421	0.01895	0.04092	0.73426	0.04910	0.02326	0.00948	0.00301	0.00431	0.02110	0.00689	0.00603
6	0.01516	0.07667	0.66472	0.02070	0.03142	0.01790	0.02663	0.02344	0.01564	0.02318	0.01316	0.01547	0.00941	0.00701	0.00693	0.00231	0.01081	0.00540	0.00314	0.01089
7	0.01846	0.01595	0.01679	0.01511	0.01930	0.01846	0.01175	0.03945	0.67938	0.03105	0.03022	0.02770	0.02266	0.01007	0.00755	0.00252	0.00588	0.00839	0.00755	0.01175
8	0.01063	0.00784	0.01137	0.01137	0.01251	0.00898	0.00858	0.01290	0.01177	0.01682	0.02039	0.03199	0.01979	0.15511	0.61193	0.01124	0.01804	0.00837	0.00405	0.00632
9	0.02371	0.01829	0.01884	0.01720	0.05868	0.09853	0.01282	0.11732	0.35247	0.16203	0.02532	0.02374	0.01837	0.00927	0.00741	0.00235	0.00731	0.00747	0.00720	0.01167
10	0.00978	0.00699	0.00946	0.01118	0.01193	0.00667	0.00817	0.01161	0.01494	0.01978	0.04051	0.56969	0.04749	0.02256	0.00967	0.00312	0.00495	0.17839	0.00688	0.00623
11	0.00904	0.00646	0.00861	0.01034	0.01077	0.00603	0.00689	0.01034	0.01421	0.01895	0.04092	0.73426	0.04910	0.02326	0.00948	0.00301	0.00431	0.02110	0.00689	0.00603
12	0.00966	0.00672	0.00843	0.00955	0.00982	0.00644	0.00605	0.01050	0.01301	0.01734	0.03472	0.49200	0.04129	0.27617	0.01948	0.00449	0.00533	0.01746	0.00605	0.00549
13	0.02736	0.07356	0.02226	0.01843	0.02274	0.55981	0.01421	0.13209	0.02293	0.02274	0.01243	0.01402	0.01005	0.00778	0.00670	0.00194	0.01223	0.00504	0.00437	0.00931
14	0.02820	0.01857	0.02068	0.01595	0.02162	0.01992	0.01313	0.51610	0.03163	0.16586	0.05636	0.02124	0.01680	0.00930	0.00751	0.00225	0.00757	0.00719	0.00779	0.01232
15	0.00904	0.00646	0.00861	0.01034	0.01077	0.00603	0.00689	0.01034	0.01421	0.01895	0.04092	0.73426	0.04910	0.02326	0.00948	0.00301	0.00431	0.02110	0.00689	0.00603
16	0.00904	0.00646	0.00861	0.01034	0.01077	0.00603	0.00689	0.01034	0.01421	0.01895	0.04092	0.73426	0.04910	0.02326	0.00948	0.00301	0.00431	0.02110	0.00689	0.00603
17	0.01662	0.01504	0.02396	0.49313	0.18606	0.01751	0.02032	0.09590	0.01764	0.02337	0.01390	0.01926	0.01062	0.00742	0.00741	0.00239	0.00946	0.00661	0.00386	0.00952
18	0.01532	0.01452	0.02462	0.51949	0.24273	0.01684	0.02126	0.02011	0.01546	0.02055	0.01342	0.01937	0.01045	0.00718	0.00740	0.00239	0.00957	0.00660	0.00341	0.00930
19	0.01080	0.00720	0.00810	0.00810	0.00810	0.00720	0.00450	0.01080	0.01080	0.01439	0.02339	0.04858	0.02699	0.73910	0.03779	0.00720	0.00720	0.01080	0.00450	0.00450
20	0.02740	0.06700	0.02192	0.01872	0.02278	0.64093	0.01426	0.06395	0.02152	0.01969	0.01177	0.01356	0.00973	0.00766	0.00665	0.00191	0.01285	0.00485	0.00399	0.00887
21	0.01906	0.01942	0.02794	0.12750	0.52307	0.10897	0.02139	0.02321	0.01719	0.02278	0.01354	0.01789	0.01123	0.00685	0.00727	0.00220	0.00956	0.00637	0.00365	0.01090
22	0.01025	0.00817	0.01237	0.01327	0.03944	0.00765	0.05991	0.01229	0.01522	0.02034	0.07670	0.55144	0.08040	0.02046	0.00929	0.00289	0.00515	0.04151	0.00659	0.00666
23	0.02334	0.02757	0.02079	0.01848	0.02147	0.43347	0.01434	0.02732	0.09032	0.01972	0.01315	0.01575	0.01109	0.00919	0.01123	0.00229	0.19302	0.00560	0.00411	0.03775
24	0.01051	0.00759	0.00992	0.00934	0.01109	0.00700	0.00700	0.01401	0.02101	0.02977	0.68888	0.05545	0.07005	0.01518	0.00876	0.00233	0.00350	0.01343	0.00817	0.00700
25	0.01586	0.00887	0.00907	0.00834	0.01067	0.00918	0.00644	0.10859	0.01828	0.03036	0.02332	0.02629	0.01813	0.00869	0.00550	0.00180	0.00412	0.00689	0.67189	0.00772
26	0.01118	0.00876	0.01287	0.01255	0.01369	0.01055	0.00980	0.01363	0.01183	0.01719	0.01900	0.02858	0.01798	0.07633	0.61662	0.01089	0.09001	0.00791	0.00392	0.00670
27	0.04723	0.00790	0.00988	0.00929	0.01120	0.00743	0.00700	0.01425	0.02047	0.02957	0.63404	0.05401	0.09023	0.01492	0.00856	0.00234	0.00362	0.01307	0.00796	0.00703
28	0.01061	0.00795	0.01193	0.01193	0.01326	0.00928	0.00928	0.01326	0.01193	0.01723	0.01988	0.02916	0.01856	0.05568	0.70968	0.01193	0.01988	0.00795	0.00398	0.00663
29	0.00904	0.00646	0.00861	0.01034	0.01077	0.00603	0.00689	0.01034	0.01421	0.01895	0.04092	0.73426	0.04910	0.02326	0.00948	0.00301	0.00431	0.02110	0.00689	0.00603
30	0.01653	0.01674	0.02225	0.11190	0.02378	0.05859	0.01638	0.01869	0.01254	0.01832	0.01045	0.01652	0.00981	0.01162	0.02030	0.00298	0.55927	0.00632	0.00334	0.04369
31	0.07401	0.01608	0.01882	0.01461	0.02029	0.01633	0.01204	0.28228	0.05708	0.37420	0.02377	0.02172	0.01574	0.00899	0.00729	0.00228	0.00699	0.00701	0.00816	0.01233
32	0.01051	0.00759	0.00992	0.00934	0.01109	0.00700	0.00700	0.01401	0.02101	0.02977	0.68888	0.05545	0.07005	0.01518	0.00876	0.00233	0.00350	0.01343	0.00817	0.00700
33	0.01480	0.01399	0.02368	0.60022	0.16608	0.01670	0.02100	0.01965	0.01521	0.01991	0.01333	0.01954	0.01023	0.00728	0.00741	0.00243	0.00970	0.00660	0.00337	0.00888
34	0.02822	0.02079	0.02228	0.01708	0.02302	0.02302	0.01411	0.66804	0.03490	0.04679	0.01782	0.01782	0.01262	0.00891	0.00743	0.00223	0.00817	0.00668	0.00743	0.01262
35	0.00914	0.00659	0.00869	0.01033	0.01091	0.00614	0.00703	0.01055	0.01445	0.01913	0.04247	0.67809	0.07903	0.02294	0.00947	0.00301	0.00438	0.04470	0.00689	0.00607
36	0.02490	0.01683	0.01814	0.01513	0.02007	0.04973	0.01208	0.15532	0.34300	0.22100	0.02676	0.02450	0.01897	0.00949	0.00746	0.00237	0.00678	0.00764	0.00781	0.01201
37	0.01818	0.01745	0.02979	0.07491	0.66493	0.01759	0.02269	0.02262	0.01681	0.02402	0.01393	0.01844	0.01168	0.00665	0.00735	0.00222	0.00887	0.00661	0.00366	0.01161
38	0.01752	0.02003	0.04380	0.03129	0.03880	0.01877	0.66583	0.02378	0.01752	0.02378	0.01502	0.02003	0.01126	0.00626	0.00876	0.00250	0.01252	0.00876	0.00375	0.01001
39	0.01196	0.00854	0.01196	0.01367	0.01538	0.00854	0.01196	0.01538	0.01709	0.02222	0.03931	0.08374	0.04272	0.02051	0.01025	0.00342	0.00684	0.64283	0.00684	0.00684
40	0.01837	0.01764	0.03013	0.04557	0.69279	0.01764	0.02278	0.02278	0.01690	0.02425	0.01396	0.01837	0.01176	0.00661	0.00735	0.00220	0.00882	0.00661	0.00367	0.01176
41	0.02987	0.01512	0.01847	0.01428	0.01981	0.01487	0.01175	0.25580	0.02601	0.42146	0.07314	0.02485	0.02011	0.00953	0.00755	0.00228	0.00676	0.00762	0.00850	0.01222
42	0.02075	0.01601	0.01651	0.01402	0.01761	0.06117	0.01082	0.35658	0.02540	0.03366	0.04789	0.18080	0.02448	0.09784	0.01136	0.00295	0.00720	0.01047	0.03495	0.00954
43	0.79154	0.01436	0.01091	0.00976	0.01436	0.01665	0.00804	0.02182	0.01263	0.03331	0.01034	0.01206	0.00804	0.00689	0.00459	0.00230	0.00574	0.00402	0.00459	0.00804
44	0.01029	0.00758	0.00962	0.00911	0.01096	0.00691	0.00683	0.01359	0.02050	0.02854	0.61129	0.05748	0.14840	0.01563	0.00876	0.00236	0.00353	0.01371	0.00801	0.00691
45	0.00887	0.00752	0.00765	0.00762	0.01008	0.00631	0.00571	0.01084	0.01714	0.02058	0.10851	0.07058	0.65615	0.01860	0.00877	0.00250	0.00375	0.01555	0.00696	0.00631
46	0.01539	0.01319	0.01539	0.01100	0.01759	0.00990	0.00880	0.01869	0.01539	0.02419	0.01319	0.01539	0.01100	0.00550	0.00550	0.00110	0.00550	0.00440	0.00440	0.78449
47	0.02021	0.71116	0.03808	0.01300	0.01923	0.06049	0.01278	0.02257	0.01536	0.01750	0.01037	0.01198	0.00953	0.00641	0.00485	0.00160	0.00819	0.00401	0.00321	0.00948
48	0.01846	0.01595	0.01679	0.01511	0.01930	0.01846	0.01175	0.03945	0.67938	0.03105	0.03022	0.02770	0.02266	0.01007	0.00755	0.00252	0.00588	0.00839	0.00755	0.01175
49	0.01077	0.00729	0.00856	0.00856	0.00871	0.00745	0.00507	0.01109	0.01093	0.01473	0.02297	0.04626	0.02598	0.65737	0.11814	0.00776	0.00871	0.01046	0.00444	0.00475
50	0.01690	0.00900	0.01197	0.01042	0.01330	0.00810	0.00810	0.02023	0.02108	0.21718	0.50387	0.04699	0.05555	0.01350	0.00839	0.00232	0.00429	0.01175	0.00846	0.00858
51	0.00935	0.00668	0.00896	0.01068	0.01124	0.00629	0.00741	0.01086	0.01451	0.01929	0.04075	0.66726	0.04844	0.02297	0.00956	0.00306	0.00457	0.08513	0.00689	0.00611
52	0.02773	0.03538	0.02104	0.01913	0.02295	0.70930	0.01434	0.02964	0.02104	0.01817	0.01148	0.01339	0.00956	0.00765	0.00669	0.00191	0.01339	0.00478	0.00383	0.00861
53	0.01196	0.00854	0.01196	0.01367	0.01538	0.00854	0.01196	0.01538	0.01709	0.02222	0.03931	0.08374	0.04272	0.02051	0.01025	0.00342	0.00684	0.64283	0.00684	0.00684
54	0.00877	0.00752	0.00752	0.00752	0.01003	0.00627	0.00564	0.01065	0.01692	0.02005	0.07520	0.07144	0.68978	0.01880	0.00877	0.00251	0.00376	0.01567	0.00689	0.00627
55	0.00877	0.00752	0.00752	0.00752	0.01003	0.00627	0.00564	0.01065	0.01692	0.02005	0.07520	0.07144	0.68978	0.01880	0.00877	0.00251	0.00376	0.01567	0.00689	0.00627
56	0.01837	0.01764	0.03013	0.04557	0.69279	0.01764	0.02278	0.02278	0.01690	0.02425	0.01396	0.01837	0.01176	0.00661	0.00735	0.00220	0.00882	0.00661	0.00367	0.01176
57	0.03331	0.01263	0.01723	0.01321	0.01895	0.01091	0.01091	0.03618	0.02125	0.69794	0.02929	0.02527	0.01838	0.00919	0.00747	0.00230	0.00632	0.00747	0.00919	0.01263
58	0.01094	0.00840	0.01240	0.01221	0.01341	0.00997	0.00949	0.01342	0.01185	0.01716	0.01944	0.02918	0.01838	0.07988	0.64427	0.01125	0.05977	0.00798	0.00396	0.00663
59	0.07154	0.01741	0.01978	0.01524	0.02104	0.01817	0.01259	0.39781	0.02861	0.28839	0.02168	0.02028	0.01452	0.00890	0.00729	0.00226	0.00735	0.00683	0.00793	0.01238
60	0.01798	0.01701	0.02852	0.04247	0.62596	0.01711	0.02171	0.02295	0.04154	0.02438	0.01613	0.02275	0.01408	0.00760	0.00754	0.00229	0.00859	0.04595	0.00401	0.01145
61	0.01384	0.00692	0.00692	0.00692	0.00865	0.00692	0.00519	0.01730	0.01557	0.02768	0.02422	0.02768	0.01903	0.00865	0.00519	0.00173	0.00346	0.00692	0.78031	0.00692
62	0.00984	0.00753	0.01046	0.06500	0.01434	0.00778	0.00847	0.01142	0.01410	0.01889	0.03702	0.63876	0.04386	0.02146	0.01017	0.00299	0.04600	0.01916	0.00641	0.00632
63	0.01584	0.05799	0.50096	0.02087	0.03021	0.01676	0.11013	0.02324	0.01659	0.05273	0.07096	0.01988	0.01514	0.00770	0.00736	0.00234	0.01024	0.00662	0.00390	0.01053
64	0.01029	0.00748	0.00970	0.00936	0.01101	0.00688	0.00694	0.01352	0.02020	0.02833	0.60137	0.12029	0.09460	0.01610	0.00882	0.00241	0.00359	0.01425	0.00800	0.00688
65	0.01938	0.67750	0.10090	0.01349	0.02028	0.02824	0.01408	0.02235	0.01514	0.01803	0.01060	0.01226	0.00952	0.00642	0.00498	0.00166	0.00822	0.00411	0.00317	0.00966
66	0.04377	0.08924	0.58834	0.02069	0.03088	0.01822	0.06215	0.02337	0.01562	0.02343	0.01309	0.01551	0.00947	0.00695	0.00689	0.00230	0.01064	0.00551	0.00323	0.01070
67	0.03331	0.01263	0.01723	0.01321	0.01895	0.01091	0.01091	0.03618	0.02125	0.69794	0.02929	0.02527	0.01838	0.00919	0.00747	0.00230	0.00632	0.00747	0.00919	0.01263
68	0.00906	0.00749	0.00796	0.00810	0.01037	0.00640	0.00608	0.01109	0.01708	0.02088	0.12348	0.11819	0.56755	0.01888	0.00888	0.00256	0.00389	0.03874	0.00700	0.00633
69	0.01428	0.01371	0.02388	0.66949	0.05020	0.01666	0.06903	0.01933	0.01505	0.01933	0.01333	0.01981	0.01000	0.00733	0.00752	0.00248	0.01009	0.00676	0.00333	0.00838
70	0.01045	0.00754	0.00987	0.00938	0.01108	0.00697	0.00700	0.01387	0.02075	0.02935	0.66389	0.08163	0.06924	0.01549	0.00878	0.00236	0.00353	0.01372	0.00812	0.00697
71	0.01076	0.00734	0.00881	0.00881	0.00905	0.00758	0.00539	0.01125	0.01101	0.01492	0.02274	0.04497	0.02542	0.61219	0.16256	0.00808	0.00955	0.01027	0.00440	0.00489
72	0.01481	0.01431	0.02273	0.65125	0.09171	0.04239	0.02052	0.01961	0.01521	0.01928	0.01318	0.01946	0.01000	0.00738	0.00739	0.00244	0.00996	0.00653	0.00334	0.00849
73	0.01489	0.03840	0.70064	0.02116	0.03213	0.01724	0.02743	0.02351	0.01567	0.02351	0.01332	0.01567	0.00940	0.00705	0.00705	0.00235	0.01097	0.00549	0.00313	0.01097
74	0.01196	0.00854	0.01196	0.01367	0.01538	0.00854	0.01196	0.01538	0.01709	0.02222	0.03931	0.08374	0.04272	0.02051	0.01025	0.00342	0.00684	0.64283	0.00684	0.00684
75	0.62452	0.01419	0.01220	0.01055	0.01533	0.01580	0.00864	0.02456	0.05198	0.11781	0.01399	0.01475	0.01030	0.00732	0.00516	0.00227	0.00582	0.00472	0.00534	0.03473
76	0.00904	0.00646	0.00861	0.01034	0.01077	0.00603	0.00689	0.01034	0.01421	0.01895	0.04092	0.73426	0.04910	0.02326	0.00948	0.00301	0.00431	0.02110	0.00689	0.00603
77	0.01061	0.00795	0.01193	0.01193	0.01326	0.00928	0.00928	0.01326	0.01193	0.01723	0.01988	0.02916	0.01856	0.05568	0.70968	0.01193	0.01988	0.00795	0.00398	0.00663
78	0.76204	0.01429	0.01116	0.00990	0.01454	0.01643	0.00815	0.02238	0.01297	0.05917	0.01107	0.01257	0.00844	0.00698	0.00471	0.00230	0.00577	0.00415	0.00477	0.00822
79	0.01695	0.01078	0.01020	0.00926	0.01178	0.04971	0.00715	0.12287	0.01900	0.03021	0.02246	0.02527	0.01745	0.00863	0.00564	0.00182	0.00479	0.00676	0.61134	0.00794
80	0.01522	0.06871	0.58073	0.02139	0.03145	0.01766	0.08743	0.02309	0.01568	0.02302	0.01359	0.01642	0.00993	0.00875	0.03322	0.00269	0.01131	0.00582	0.00323	0.01065
81	0.01539	0.01319	0.01539	0.01100	0.01759	0.00990	0.00880	0.01869	0.01539	0.02419	0.01319	0.01539	0.01100	0.00550	0.00550	0.00110	0.00550	0.00440	0.00440	0.78449
82	0.02681	0.11843	0.02313	0.01837	0.02249	0.62957	0.01415	0.02877	0.02034	0.01809	0.01134	0.01321	0.00956	0.00750	0.00647	0.00187	0.01275	0.00469	0.00375	0.00871
83	0.06014	0.01237	0.01628	0.01292	0.01808	0.01110	0.01050	0.05751	0.02071	0.57585	0.02932	0.09843	0.02095	0.01056	0.00756	0.00237	0.00616	0.00872	0.00870	0.01177
84	0.01064	0.00780	0.01115	0.01115	0.01220	0.00885	0.00830	0.01275	0.01170	0.01665	0.02060	0.03313	0.02028	0.19534	0.57238	0.01096	0.01729	0.00853	0.00408	0.00619
85	0.02034	0.01688	0.01784	0.01549	0.02002	0.01934	0.01220	0.16023	0.55555	0.03408	0.02783	0.02580	0.02073	0.00985	0.00753	0.00246	0.00632	0.00806	0.00753	0.01192
86	0.01062	0.00788	0.01158	0.01158	0.01278	0.00909	0.00884	0.01303	0.01183	0.01697	0.02021	0.03094	0.01933	0.11825	0.64817	0.01150	0.01872	0.00821	0.00402	0.00643
87	0.44924	0.01644	0.01512	0.01245	0.01741	0.01858	0.01024	0.27368	0.02149	0.03824	0.01405	0.01520	0.01046	0.00778	0.00573	0.00224	0.00656	0.00523	0.05009	0.00976
88	0.01061	0.00795	0.01193	0.01193	0.01326	0.00928	0.00928	0.01326	0.01193	0.01723	0.01988	0.02916	0.01856	0.05568	0.70968	0.01193	0.01988	0.00795	0.00398	0.00663
89	0.00888	0.00710	0.00795	0.00864	0.01032	0.00617	0.00614	0.01053	0.01585	0.01962	0.06162	0.33395	0.43604	0.02057	0.00905	0.00271	0.00398	0.01782	0.00689	0.00617
90	0.02184	0.01053	0.01336	0.01118	0.01502	0.00953	0.00878	0.02559	0.06160	0.35200	0.16969	0.04115	0.14306	0.06999	0.01036	0.00274	0.00536	0.01038	0.00812	0.00972
91	0.01843	0.01802	0.02914	0.06534	0.61030	0.04155	0.02205	0.02261	0.01666	0.02351	0.01361	0.01813	0.01151	0.00704	0.00830	0.00226	0.05002	0.00654	0.00364	0.01133
92	0.79154	0.01436	0.01091	0.00976	0.01436	0.01665	0.00804	0.02182	0.01263	0.03331	0.01034	0.01206	0.00804	0.00689	0.00459	0.00230	0.00574	0.00402	0.00459	0.00804
93	0.00940	0.00656	0.00861	0.01009	0.01067	0.00614	0.00681	0.01095	0.01473	0.02013	0.08205	0.65187	0.04883	0.02194	0.00920	0.00290	0.00421	0.01984	0.04895	0.00614
94	0.01384	0.00692	0.00692	0.00692	0.00865	0.00692	0.00519	0.01730	0.01557	0.02768	0.02422	0.02768	0.01903	0.00865	0.00519	0.00173	0.00346	0.00692	0.78031	0.00692
95	0.01489	0.03840	0.70064	0.02116	0.03213	0.01724	0.02743	0.02351	0.01567	0.02351	0.01332	0.01567	0.00940	0.00705	0.00705	0.00235	0.01097	0.00549	0.00313	0.01097
96	0.01837	0.01764	0.03013	0.04557	0.69279	0.01764	0.02278	0.02278	0.01690	0.02425	0.01396	0.01837	0.01176	0.00661	0.00735	0.00220	0.00882	0.00661	0.00367	0.01176
97	0.73098	0.04851	0.03461	0.01027	0.01515	0.01725	0.00888	0.02190	0.01284	0.03226	0.01043	0.01217	0.00815	0.00687	0.00468	0.00227	0.00601	0.00407	0.00448	0.00820
98	0.01393	0.01299	0.02182	0.69053	0.04958	0.01615	0.02024	0.01881	0.01494	0.01911	0.01433	0.02257	0.01132	0.00799	0.00755	0.00252	0.00976	0.03422	0.00345	0.00819
99	0.04433	0.00781	0.00988	0.00942	0.01121	0.00736	0.00704	0.01411	0.02021	0.02923	0.61766	0.09731	0.06600	0.01534	0.00862	0.00238	0.00365	0.01351	0.00793	0.00699
100	0.24278	0.06341	0.10969	0.01454	0.01966	0.15642	0.01301	0.11441	0.01867	0.05660	0.04356	0.04302	0.01416	0.00940	0.00757	0.04463	0.00838	0.00606	0.00492	0.00910
101	0.01731	0.02169	0.10636	0.03094	0.06656	0.01858	0.57654	0.02371	0.01732	0.02377	0.01481	0.01953	0.01111	0.00635	0.00854	0.00248	0.01221	0.00835	0.00369	0.01018
102	0.79154	0.01436	0.01091	0.00976	0.01436	0.01665	0.00804	0.02182	0.01263	0.03331	0.01034	0.01206	0.00804	0.00689	0.00459	0.00230	0.00574	0.00402	0.00459	0.00804
103	0.00940	0.00665	0.00867	0.01003	0.01043	0.00637	0.00660	0.01054	0.01355	0.01812	0.03709	0.58953	0.04409	0.14380	0.04459	0.00410	0.00546	0.01882	0.00637	0.00580
104	0.54089	0.05274	0.20497	0.01308	0.01953	0.01737	0.01366	0.02231	0.01359	0.02988	0.01117	0.01306	0.00849	0.00691	0.00529	0.00228	0.00730	0.00443	0.00412	0.00892
105	0.01066	0.00714	0.00814	0.00827	0.00831	0.00710	0.00469	0.01076	0.01107	0.01476	0.02478	0.10298	0.02874	0.68231	0.03554	0.00687	0.00697	0.01161	0.00469	0.00462
106	0.01067	0.00771	0.01071	0.01071	0.01161	0.00862	0.00776	0.01247	0.01157	0.01633	0.02100	0.03535	0.02125	0.27347	0.49556	0.01042	0.01584	0.00886	0.00414	0.00595
107	0.05417	0.01685	0.02811	0.13961	0.56993	0.01743	0.02178	0.02220	0.01641	0.02393	0.01368	0.01828	0.01132	0.00674	0.00723	0.00225	0.00883	0.00649	0.00366	0.01109
108	0.01489	0.03840	0.70064	0.02116	0.03213	0.01724	0.02743	0.02351	0.01567	0.02351	0.01332	0.01567	0.00940	0.00705	0.00705	0.00235	0.01097	0.00549	0.00313	0.01097
109	0.01196	0.00854	0.01196	0.01367	0.01538	0.00854	0.01196	0.01538	0.01709	0.02222	0.03931	0.08374	0.04272	0.02051	0.01025	0.00342	0.00684	0.64283	0.00684	0.00684
110	0.01461	0.01390	0.02383	0.62490	0.12064	0.01669	0.04211	0.01954	0.01516	0.01970	0.01334	0.01965	0.01014	0.00730	0.00746	0.00245	0.00987	0.00667	0.00335	0.00869
