[name]
unknown

[dist]
# distance from previous block
# <min> <max>
15	50

[block]
# block no. 0 follows, 29 sequences, length 13
# corresponding to MSA columns:
# 59-71
name=unknown_A
#
# <colnr> <probs for GDERKNQSTAVLIFYWHMCP>
#	G	D	E	R	K	N	Q	S	T	A	V	L	I	F	Y	W	H	M	C	P
0	0.02105	0.01434	0.01628	0.01369	0.01745	0.01535	0.01087	0.35001	0.06146	0.09290	0.02337	0.11170	0.02108	0.08165	0.01151	0.04773	0.00683	0.06646	0.00668	0.00959
1	0.02196	0.01250	0.01495	0.01254	0.01643	0.01265	0.00982	0.13196	0.15629	0.26999	0.10483	0.08749	0.02644	0.07663	0.01006	0.00271	0.00586	0.00923	0.00754	0.01011
2	0.02515	0.01588	0.01792	0.01428	0.01911	0.01688	0.01148	0.33895	0.14185	0.21255	0.02251	0.02336	0.01650	0.07832	0.00988	0.00265	0.00691	0.00726	0.00732	0.01124
3	0.02346	0.01159	0.01417	0.01170	0.01587	0.01110	0.00926	0.04888	0.14275	0.38355	0.03227	0.03173	0.09875	0.07593	0.00978	0.00265	0.00567	0.00847	0.05217	0.01024
4	0.02578	0.01187	0.01507	0.01226	0.01669	0.01113	0.00974	0.05835	0.10498	0.46740	0.02955	0.06888	0.04655	0.07595	0.00992	0.00269	0.00595	0.00857	0.00793	0.01072
5	0.00887	0.00702	0.00775	0.00795	0.00970	0.00615	0.00568	0.01062	0.01578	0.01982	0.14787	0.17665	0.44261	0.08785	0.01117	0.00289	0.00397	0.01516	0.00656	0.00591
6	0.13595	0.01768	0.01852	0.01467	0.01986	0.01955	0.01201	0.46173	0.09024	0.03920	0.01704	0.01757	0.01256	0.01027	0.03956	0.00255	0.00768	0.00614	0.00644	0.05076
7	0.01432	0.00802	0.01057	0.00993	0.01197	0.00739	0.00734	0.01667	0.01725	0.16725	0.28944	0.20949	0.06707	0.08036	0.04687	0.00326	0.00522	0.01301	0.00721	0.00738
8	0.07461	0.00835	0.01120	0.01095	0.01228	0.00962	0.00835	0.01331	0.01188	0.01821	0.06104	0.03011	0.02076	0.13545	0.50088	0.00918	0.04544	0.00794	0.00415	0.00629
9	0.01248	0.00851	0.01081	0.07015	0.01416	0.00872	0.00775	0.04416	0.01412	0.07060	0.03214	0.10341	0.15265	0.26664	0.14721	0.00556	0.00844	0.01086	0.00524	0.00639
10	0.01132	0.00678	0.00967	0.03903	0.01168	0.00690	0.00724	0.01118	0.01213	0.01687	0.07446	0.17442	0.02574	0.02383	0.08090	0.37600	0.00663	0.03698	0.06343	0.00482
11	0.03950	0.01383	0.02164	0.34997	0.24038	0.01557	0.01788	0.04104	0.07254	0.02197	0.01681	0.08701	0.01462	0.00855	0.00721	0.00233	0.00817	0.00771	0.00410	0.00914
12	0.01511	0.01390	0.02282	0.40052	0.26826	0.01560	0.01901	0.04604	0.01625	0.02198	0.07769	0.02165	0.01562	0.00761	0.00722	0.00226	0.00850	0.00695	0.00389	0.00912

[dist]
# distance from previous block
# <min> <max>
0	12

[block]
# block no. 1 follows, 29 sequences, length 27
# corresponding to MSA columns:
# 84-99,105-115
name=unknown_B
#
# <colnr> <probs for GDERKNQSTAVLIFYWHMCP>
#	G	D	E	R	K	N	Q	S	T	A	V	L	I	F	Y	W	H	M	C	P
0	0.00888	0.00718	0.00782	0.00788	0.00992	0.00622	0.00585	0.01088	0.01648	0.02054	0.16995	0.10804	0.50860	0.04732	0.00962	0.00262	0.00383	0.03559	0.00672	0.00606
1	0.04427	0.01769	0.06575	0.26808	0.24605	0.05284	0.12953	0.02092	0.01541	0.02119	0.01286	0.01765	0.01015	0.00690	0.00787	0.00229	0.04133	0.00644	0.00341	0.00939
2	0.01512	0.10540	0.51308	0.04973	0.03128	0.01791	0.12568	0.02229	0.01522	0.02183	0.01274	0.01548	0.00933	0.00659	0.00681	0.00221	0.01042	0.00564	0.00311	0.01014
3	0.00876	0.00623	0.00824	0.00981	0.01020	0.00584	0.00649	0.00994	0.01347	0.01796	0.03840	0.71002	0.04603	0.05884	0.01045	0.00309	0.00427	0.01975	0.00649	0.00571
4	0.01458	0.03478	0.63466	0.02143	0.03156	0.01671	0.10244	0.02258	0.01524	0.02258	0.01297	0.01552	0.00923	0.00668	0.00696	0.00227	0.01070	0.00563	0.00308	0.01042
5	0.01720	0.01379	0.02060	0.06491	0.34211	0.01378	0.01534	0.05025	0.06810	0.09985	0.05362	0.03102	0.15933	0.00975	0.00742	0.00223	0.00681	0.00862	0.00533	0.00996
6	0.02727	0.01962	0.02117	0.01623	0.02192	0.02160	0.01341	0.65480	0.03294	0.07243	0.01755	0.01739	0.01234	0.00856	0.00712	0.00214	0.00776	0.00644	0.00719	0.01211
7	0.00868	0.00620	0.00826	0.00991	0.01033	0.00578	0.00661	0.00991	0.01363	0.01818	0.03925	0.74510	0.04710	0.02231	0.00909	0.00289	0.00413	0.02024	0.00661	0.00578
8	0.18269	0.01849	0.02235	0.07954	0.35289	0.13154	0.01676	0.02288	0.01588	0.05261	0.01273	0.01589	0.01027	0.00690	0.00689	0.00214	0.03031	0.00557	0.00392	0.00973
9	0.02773	0.01867	0.04125	0.01545	0.02109	0.05067	0.01297	0.41961	0.05206	0.23600	0.02031	0.01925	0.01383	0.00855	0.00709	0.00216	0.00755	0.00657	0.00733	0.01185
10	0.02429	0.01518	0.01714	0.01379	0.01853	0.01608	0.01117	0.29574	0.15832	0.20649	0.05773	0.02349	0.01878	0.00912	0.00702	0.00217	0.00631	0.00728	0.08021	0.01116
11	0.01366	0.00991	0.01195	0.01191	0.01380	0.01020	0.00890	0.18155	0.01899	0.02532	0.03344	0.48817	0.03753	0.01852	0.00867	0.00274	0.00534	0.08521	0.00674	0.00748
12	0.01595	0.10228	0.34023	0.02502	0.11434	0.01842	0.20720	0.02217	0.01544	0.02188	0.01287	0.01618	0.00983	0.00668	0.00776	0.00224	0.04199	0.00617	0.00325	0.01010
13	0.01906	0.01973	0.02719	0.03857	0.56641	0.13522	0.02027	0.02279	0.01669	0.02207	0.01285	0.01675	0.01086	0.00673	0.00752	0.00210	0.03498	0.00605	0.00353	0.01065
14	0.01565	0.00941	0.01011	0.04557	0.01298	0.01001	0.00735	0.12246	0.04646	0.02915	0.02196	0.02467	0.01698	0.00833	0.00552	0.00180	0.00444	0.00665	0.59273	0.00776
15	0.16081	0.01267	0.01568	0.01224	0.01757	0.01180	0.01011	0.05493	0.01945	0.57314	0.02466	0.02186	0.01577	0.00843	0.00670	0.00220	0.00603	0.00658	0.00801	0.01138
16	0.03027	0.01481	0.01819	0.01395	0.01952	0.01446	0.01152	0.25735	0.02489	0.48125	0.02431	0.02178	0.01573	0.00872	0.00715	0.00218	0.00667	0.00690	0.00823	0.01212
17	0.01428	0.03683	0.71286	0.02030	0.03082	0.01654	0.02631	0.02255	0.01503	0.02255	0.01278	0.01503	0.00902	0.00677	0.00677	0.00226	0.01052	0.00526	0.00301	0.01052
18	0.01345	0.01266	0.02136	0.73264	0.04904	0.01582	0.01978	0.01819	0.01424	0.01819	0.01266	0.01898	0.00949	0.00712	0.00712	0.00237	0.00949	0.00633	0.00316	0.00791
19	0.01648	0.01809	0.03778	0.12132	0.12016	0.01760	0.51516	0.02210	0.01641	0.02228	0.01406	0.01899	0.01069	0.00619	0.00807	0.00236	0.01125	0.00789	0.00354	0.00959
20	0.80005	0.01377	0.01047	0.00936	0.01377	0.01597	0.00771	0.02093	0.01212	0.03195	0.00991	0.01157	0.00771	0.00661	0.00441	0.00220	0.00551	0.00386	0.00441	0.00771
21	0.01345	0.01266	0.02136	0.73264	0.04904	0.01582	0.01978	0.01819	0.01424	0.01819	0.01266	0.01898	0.00949	0.00712	0.00712	0.00237	0.00949	0.00633	0.00316	0.00791
22	0.00883	0.00723	0.00779	0.00765	0.00987	0.00619	0.00574	0.01102	0.01721	0.02156	0.22895	0.06471	0.54418	0.01717	0.00841	0.00236	0.00355	0.01449	0.00692	0.00619
23	0.04645	0.01372	0.02272	0.53820	0.20480	0.01609	0.01978	0.01918	0.01463	0.01997	0.01272	0.01836	0.00985	0.00691	0.00699	0.00230	0.00908	0.00623	0.00330	0.00871
24	0.03195	0.01212	0.01652	0.01267	0.01818	0.01047	0.01047	0.03470	0.02038	0.71026	0.02809	0.02424	0.01763	0.00881	0.00716	0.00220	0.00606	0.00716	0.00881	0.01212
25	0.01681	0.01921	0.04202	0.03001	0.03721	0.01801	0.67947	0.02281	0.01681	0.02281	0.01441	0.01921	0.01080	0.00600	0.00840	0.00240	0.01200	0.00840	0.00360	0.00960
26	0.01656	0.01865	0.04023	0.02994	0.06714	0.01753	0.62564	0.02232	0.01667	0.02267	0.01522	0.04444	0.01209	0.00659	0.00836	0.00240	0.01157	0.00872	0.00370	0.00955

[dist]
# distance from previous block
# <min> <max>
0	59

[block]
# block no. 2 follows, 29 sequences, length 6
# corresponding to MSA columns:
# 175-180
name=unknown_C
#
# <colnr> <probs for GDERKNQSTAVLIFYWHMCP>
#	G	D	E	R	K	N	Q	S	T	A	V	L	I	F	Y	W	H	M	C	P
0	0.07376	0.08655	0.01771	0.01224	0.01740	0.01225	0.01022	0.03088	0.01885	0.55414	0.02596	0.07096	0.01819	0.00932	0.00687	0.00218	0.00605	0.00752	0.00783	0.01113
1	0.00895	0.00639	0.00858	0.01023	0.01076	0.00602	0.00709	0.01039	0.01390	0.01849	0.03909	0.67960	0.04649	0.02205	0.00916	0.00293	0.00437	0.08303	0.00660	0.00586
2	0.01345	0.01266	0.02136	0.73264	0.04904	0.01582	0.01978	0.01819	0.01424	0.01819	0.01266	0.01898	0.00949	0.00712	0.00712	0.00237	0.00949	0.00633	0.00316	0.00791
3	0.01669	0.02248	0.22004	0.03716	0.51684	0.01681	0.02310	0.02205	0.01588	0.02306	0.01322	0.01690	0.01065	0.00646	0.00697	0.00215	0.00904	0.00604	0.00338	0.01107
4	0.02595	0.01558	0.11239	0.01347	0.01932	0.01163	0.01236	0.07280	0.02018	0.46209	0.09542	0.02503	0.02091	0.00893	0.00713	0.00215	0.00647	0.00729	0.00755	0.05335
5	0.01257	0.00884	0.01017	0.01062	0.01214	0.04997	0.00770	0.01446	0.01597	0.09279	0.12884	0.44686	0.08380	0.01849	0.00864	0.00266	0.00488	0.05698	0.00683	0.00679

[dist]
# distance from previous block
# <min> <max>
5	13

[block]
# block no. 3 follows, 29 sequences, length 17
# corresponding to MSA columns:
# 195-211
name=unknown_D
#
# <colnr> <probs for GDERKNQSTAVLIFYWHMCP>
#	G	D	E	R	K	N	Q	S	T	A	V	L	I	F	Y	W	H	M	C	P
0	0.01968	0.01879	0.01690	0.01495	0.01906	0.15070	0.01159	0.08568	0.46227	0.02801	0.02575	0.02444	0.04492	0.00931	0.00706	0.00224	0.00709	0.00740	0.00643	0.03774
1	0.02043	0.01480	0.01585	0.01285	0.01698	0.01592	0.01032	0.41518	0.02596	0.03522	0.02821	0.02954	0.13901	0.04950	0.03602	0.00272	0.00688	0.00825	0.10667	0.00969
2	0.01017	0.00763	0.01144	0.01144	0.01272	0.00890	0.00890	0.01272	0.01144	0.01653	0.01907	0.02797	0.01780	0.05340	0.72153	0.01144	0.01907	0.00763	0.00381	0.00636
3	0.01477	0.01266	0.01477	0.01055	0.01687	0.00949	0.00844	0.01793	0.01477	0.02320	0.01266	0.01477	0.01055	0.00527	0.00527	0.00105	0.00527	0.00422	0.00422	0.79328
4	0.01087	0.00782	0.01075	0.01232	0.01379	0.00770	0.01040	0.01375	0.01593	0.02070	0.03954	0.18902	0.07243	0.02003	0.00965	0.00317	0.00602	0.52313	0.00657	0.00640
5	0.02207	0.01204	0.01612	0.14896	0.02297	0.01220	0.01194	0.04891	0.11509	0.33139	0.02969	0.05751	0.07694	0.01058	0.00751	0.00238	0.00646	0.05009	0.00705	0.01009
6	0.01493	0.01280	0.01484	0.01076	0.01697	0.00995	0.00859	0.01903	0.05213	0.02357	0.01356	0.01542	0.01116	0.00552	0.00538	0.00113	0.00529	0.00443	0.00439	0.75017
7	0.00842	0.00721	0.00721	0.00721	0.00962	0.00601	0.00541	0.01022	0.01623	0.01924	0.07213	0.06853	0.70244	0.01803	0.00842	0.00240	0.00361	0.01503	0.00661	0.00601
8	0.55669	0.01325	0.01239	0.01041	0.01517	0.01423	0.00858	0.02529	0.01474	0.24686	0.01567	0.01558	0.01085	0.00731	0.00528	0.00220	0.00568	0.00490	0.00580	0.00911
9	0.01213	0.01006	0.01084	0.01023	0.01290	0.01035	0.00771	0.02064	0.25837	0.02427	0.15911	0.07304	0.29519	0.05166	0.00943	0.00263	0.00448	0.01211	0.00693	0.00792
10	0.01056	0.00857	0.00953	0.00906	0.01146	0.00820	0.00686	0.01595	0.12881	0.02443	0.29862	0.05594	0.35485	0.01537	0.00822	0.00235	0.00385	0.01308	0.00717	0.00714
11	0.01563	0.01658	0.03229	0.24618	0.06358	0.01783	0.35712	0.02055	0.01516	0.02060	0.01311	0.01857	0.01021	0.00727	0.01006	0.00248	0.11313	0.00738	0.00339	0.00889
12	0.02707	0.01995	0.02137	0.01638	0.02208	0.02208	0.01353	0.68159	0.03348	0.04488	0.01710	0.01710	0.01211	0.00855	0.00712	0.00214	0.00784	0.00641	0.00712	0.01211
13	0.01441	0.00773	0.00785	0.00744	0.00943	0.00790	0.00568	0.07115	0.01645	0.02805	0.02273	0.02577	0.01775	0.00832	0.00515	0.00170	0.00369	0.00662	0.72512	0.00709
14	0.01036	0.00690	0.00777	0.00777	0.00777	0.00690	0.00431	0.01036	0.01036	0.01381	0.02244	0.04660	0.02589	0.74975	0.03624	0.00690	0.00690	0.01036	0.00431	0.00431
15	0.02630	0.01956	0.02094	0.01623	0.02179	0.02172	0.01335	0.62878	0.08754	0.04364	0.01807	0.01787	0.01290	0.00864	0.00713	0.00216	0.00766	0.00655	0.00713	0.01204
16	0.01771	0.01530	0.01610	0.01449	0.01852	0.01771	0.01127	0.03784	0.69247	0.02979	0.02898	0.02657	0.02174	0.00966	0.00725	0.00242	0.00564	0.00805	0.00725	0.01127

[dist]
# distance from previous block
# <min> <max>
0	7

[block]
# block no. 4 follows, 29 sequences, length 21
# corresponding to MSA columns:
# 219-239
name=unknown_E
#
# <colnr> <probs for GDERKNQSTAVLIFYWHMCP>
#	G	D	E	R	K	N	Q	S	T	A	V	L	I	F	Y	W	H	M	C	P
0	0.01345	0.01266	0.02136	0.73264	0.04904	0.01582	0.01978	0.01819	0.01424	0.01819	0.01266	0.01898	0.00949	0.00712	0.00712	0.00237	0.00949	0.00633	0.00316	0.00791
1	0.02660	0.03394	0.02018	0.01834	0.02201	0.72116	0.01376	0.02843	0.02018	0.01743	0.01101	0.01284	0.00917	0.00734	0.00642	0.00183	0.01284	0.00459	0.00367	0.00825
2	0.80005	0.01377	0.01047	0.00936	0.01377	0.01597	0.00771	0.02093	0.01212	0.03195	0.00991	0.01157	0.00771	0.00661	0.00441	0.00220	0.00551	0.00386	0.00441	0.00771
3	0.01843	0.01514	0.01612	0.01440	0.01850	0.01734	0.01123	0.03768	0.65841	0.06427	0.02894	0.02645	0.02153	0.00962	0.00724	0.00240	0.00566	0.00801	0.00732	0.01131
4	0.01477	0.01266	0.01477	0.01055	0.01687	0.00949	0.00844	0.01793	0.01477	0.02320	0.01266	0.01477	0.01055	0.00527	0.00527	0.00105	0.00527	0.00422	0.00422	0.79328
5	0.01419	0.01305	0.02136	0.69364	0.04757	0.01616	0.01944	0.05432	0.01529	0.01965	0.01290	0.01888	0.00963	0.00720	0.00712	0.00236	0.00940	0.00633	0.00338	0.00814
6	0.01681	0.01921	0.04202	0.03001	0.03721	0.01801	0.67947	0.02281	0.01681	0.02281	0.01441	0.01921	0.01080	0.00600	0.00840	0.00240	0.01200	0.00840	0.00360	0.00960
7	0.01554	0.01311	0.01518	0.01091	0.01720	0.01028	0.00876	0.05949	0.01594	0.02456	0.01293	0.01491	0.01064	0.00548	0.00539	0.00112	0.00543	0.00436	0.00440	0.74436
8	0.00876	0.00626	0.00834	0.00986	0.01035	0.00584	0.00662	0.01013	0.01403	0.01881	0.07945	0.70311	0.04832	0.02184	0.00905	0.00285	0.00408	0.01980	0.00668	0.00584
9	0.00874	0.00648	0.00817	0.00933	0.01022	0.00590	0.00639	0.01027	0.01466	0.01924	0.10052	0.56005	0.17228	0.02086	0.00890	0.00275	0.00397	0.01865	0.00671	0.00590
10	0.01008	0.00728	0.00952	0.00896	0.01064	0.00672	0.00672	0.01344	0.02016	0.02855	0.70158	0.05319	0.06719	0.01456	0.00840	0.00224	0.00336	0.01288	0.00784	0.00672
11	0.01720	0.01410	0.01607	0.01170	0.01791	0.01198	0.00945	0.14930	0.01847	0.02749	0.01354	0.01523	0.01086	0.00592	0.00564	0.00127	0.00578	0.00465	0.00479	0.63864
12	0.00868	0.00620	0.00826	0.00991	0.01033	0.00578	0.00661	0.00991	0.01363	0.01818	0.03925	0.74510	0.04710	0.02231	0.00909	0.00289	0.00413	0.02024	0.00661	0.00578
13	0.03146	0.01290	0.01701	0.01304	0.01857	0.01163	0.01077	0.09960	0.02169	0.64351	0.02699	0.02352	0.01707	0.00879	0.00716	0.00220	0.00624	0.00709	0.00864	0.01212
14	0.01379	0.01301	0.02198	0.67535	0.10362	0.01591	0.01995	0.01850	0.01440	0.01861	0.01272	0.01887	0.00964	0.00705	0.00711	0.00235	0.00941	0.00633	0.00319	0.00819
15	0.07305	0.01221	0.01620	0.01249	0.01794	0.01076	0.01032	0.03397	0.01994	0.67397	0.02712	0.02356	0.01710	0.00870	0.00701	0.00220	0.00603	0.00698	0.00858	0.01188
16	0.01459	0.00879	0.00961	0.05368	0.01290	0.00934	0.00719	0.07397	0.06951	0.02746	0.02320	0.05650	0.01871	0.00896	0.00565	0.00186	0.00430	0.00730	0.57899	0.00750
17	0.00868	0.00620	0.00826	0.00991	0.01033	0.00578	0.00661	0.00991	0.01363	0.01818	0.03925	0.74510	0.04710	0.02231	0.00909	0.00289	0.00413	0.02024	0.00661	0.00578
18	0.01075	0.00861	0.00983	0.00936	0.01134	0.03299	0.00709	0.01450	0.04853	0.02627	0.51104	0.05425	0.17809	0.01488	0.00833	0.00230	0.00395	0.03367	0.00740	0.00684
19	0.01050	0.00689	0.00771	0.00771	0.00779	0.00689	0.00435	0.01067	0.01058	0.01445	0.02248	0.04559	0.02551	0.71260	0.03468	0.00664	0.00672	0.01017	0.04364	0.00443
20	0.02149	0.52377	0.03201	0.01391	0.01947	0.16702	0.01266	0.09944	0.01783	0.02015	0.01096	0.01237	0.00949	0.00663	0.00524	0.00166	0.00869	0.00427	0.00364	0.00931

[dist]
# distance from previous block
# <min> <max>
0	1

[block]
# block no. 5 follows, 29 sequences, length 20
# corresponding to MSA columns:
# 241-260
name=unknown_F
#
# <colnr> <probs for GDERKNQSTAVLIFYWHMCP>
#	G	D	E	R	K	N	Q	S	T	A	V	L	I	F	Y	W	H	M	C	P
0	0.02525	0.01381	0.01661	0.01374	0.01851	0.01405	0.01118	0.11397	0.23688	0.35848	0.02774	0.02832	0.02002	0.00987	0.00738	0.00234	0.00618	0.05631	0.00793	0.01143
1	0.01292	0.01205	0.02056	0.58311	0.04251	0.01443	0.05546	0.01720	0.01429	0.01845	0.01678	0.12891	0.01526	0.00935	0.00749	0.00245	0.00882	0.00855	0.00371	0.00768
2	0.01112	0.00755	0.00963	0.00895	0.01094	0.00684	0.00677	0.01424	0.01967	0.06630	0.58316	0.05348	0.14505	0.01467	0.00833	0.00226	0.00354	0.01282	0.00774	0.00694
3	0.01477	0.01266	0.01477	0.01055	0.01687	0.00949	0.00844	0.01793	0.01477	0.02320	0.01266	0.01477	0.01055	0.00527	0.00527	0.00105	0.00527	0.00422	0.00422	0.79328
4	0.01489	0.01304	0.01636	0.01169	0.01807	0.00999	0.04780	0.01822	0.01489	0.02318	0.01276	0.01503	0.01056	0.00532	0.00546	0.00113	0.00567	0.00446	0.00418	0.74731
5	0.03067	0.01268	0.01670	0.01296	0.01837	0.01150	0.01065	0.06198	0.07153	0.63121	0.02770	0.02411	0.01771	0.00887	0.00717	0.00222	0.00610	0.00720	0.00862	0.01205
6	0.02707	0.01995	0.02137	0.01638	0.02208	0.02208	0.01353	0.68159	0.03348	0.04488	0.01710	0.01710	0.01211	0.00855	0.00712	0.00214	0.00784	0.00641	0.00712	0.01211
7	0.00866	0.00627	0.00819	0.00973	0.01028	0.00580	0.00653	0.00994	0.01381	0.01825	0.04149	0.69885	0.09189	0.02202	0.00904	0.00286	0.00410	0.01989	0.00661	0.00580
8	0.01428	0.03683	0.71286	0.02030	0.03082	0.01654	0.02631	0.02255	0.01503	0.02255	0.01278	0.01503	0.00902	0.00677	0.00677	0.00226	0.01052	0.00526	0.00301	0.01052
9	0.80005	0.01377	0.01047	0.00936	0.01377	0.01597	0.00771	0.02093	0.01212	0.03195	0.00991	0.01157	0.00771	0.00661	0.00441	0.00220	0.00551	0.00386	0.00441	0.00771
10	0.00868	0.00620	0.00826	0.00991	0.01033	0.00578	0.00661	0.00991	0.01363	0.01818	0.03925	0.74510	0.04710	0.02231	0.00909	0.00289	0.00413	0.02024	0.00661	0.00578
11	0.19403	0.02758	0.45367	0.01633	0.02435	0.01516	0.01944	0.02166	0.01510	0.04982	0.08502	0.01858	0.01514	0.00762	0.00641	0.00224	0.00847	0.00581	0.00404	0.00954
12	0.18177	0.10290	0.49671	0.01717	0.02595	0.01757	0.02096	0.02208	0.01436	0.02397	0.01188	0.01394	0.00875	0.00667	0.00605	0.00217	0.00917	0.00482	0.00331	0.00979
13	0.01017	0.00763	0.01144	0.01144	0.01272	0.00890	0.00890	0.01272	0.01144	0.01653	0.01907	0.02797	0.01780	0.05340	0.72153	0.01144	0.01907	0.00763	0.00381	0.00636
14	0.02647	0.01965	0.02103	0.01626	0.02185	0.02180	0.01339	0.64058	0.07546	0.04392	0.01785	0.01770	0.01272	0.00862	0.00713	0.00215	0.00770	0.00652	0.00713	0.01206
15	0.01558	0.01558	0.02181	0.01869	0.01869	0.02181	0.01558	0.01714	0.01091	0.01714	0.00935	0.01558	0.00935	0.01246	0.02337	0.00312	0.73672	0.00623	0.00312	0.00779
16	0.01291	0.00668	0.00668	0.00668	0.00840	0.00659	0.00501	0.01611	0.01503	0.02600	0.02691	0.02971	0.06976	0.00903	0.00524	0.00172	0.00334	0.00727	0.73035	0.00659
17	0.01237	0.00618	0.00928	0.00928	0.00928	0.00618	0.00618	0.00928	0.00928	0.01237	0.01237	0.02165	0.01237	0.02474	0.02783	0.79283	0.00618	0.00618	0.00309	0.00309
18	0.00869	0.00722	0.00759	0.00750	0.00979	0.00613	0.00562	0.01075	0.01687	0.02077	0.17546	0.06601	0.59816	0.01746	0.00841	0.00238	0.00357	0.01468	0.00681	0.00613
19	0.00860	0.00696	0.00765	0.00803	0.00987	0.00600	0.00581	0.01037	0.01584	0.01962	0.10796	0.24190	0.48875	0.01889	0.00859	0.00252	0.00372	0.01622	0.00670	0.00600

[dist]
# distance from previous block
# <min> <max>
0	1

[block]
# block no. 6 follows, 29 sequences, length 23
# corresponding to MSA columns:
# 262-284
name=unknown_G
#
# <colnr> <probs for GDERKNQSTAVLIFYWHMCP>
#	G	D	E	R	K	N	Q	S	T	A	V	L	I	F	Y	W	H	M	C	P
0	0.00995	0.00727	0.00935	0.00883	0.01056	0.00667	0.00662	0.01320	0.01986	0.02786	0.65472	0.05433	0.11447	0.01482	0.00840	0.00225	0.00338	0.01304	0.00775	0.00667
1	0.01036	0.00690	0.00777	0.00777	0.00777	0.00690	0.00431	0.01036	0.01036	0.01381	0.02244	0.04660	0.02589	0.74975	0.03624	0.00690	0.00690	0.01036	0.00431	0.00431
2	0.01558	0.01558	0.02181	0.01869	0.01869	0.02181	0.01558	0.01714	0.01091	0.01714	0.00935	0.01558	0.00935	0.01246	0.02337	0.00312	0.73672	0.00623	0.00312	0.00779
3	0.00919	0.00703	0.01042	0.01120	0.01204	0.00656	0.04957	0.01074	0.01384	0.01847	0.03766	0.69876	0.04478	0.02127	0.00904	0.00286	0.00463	0.01949	0.00642	0.00603
4	0.02660	0.03394	0.02018	0.01834	0.02201	0.72116	0.01376	0.02843	0.02018	0.01743	0.01101	0.01284	0.00917	0.00734	0.00642	0.00183	0.01284	0.00459	0.00367	0.00825
5	0.01771	0.01530	0.01610	0.01449	0.01852	0.01771	0.01127	0.03784	0.69247	0.02979	0.02898	0.02657	0.02174	0.00966	0.00725	0.00242	0.00564	0.00805	0.00725	0.01127
6	0.02105	0.56213	0.03275	0.01383	0.01927	0.21286	0.01260	0.02322	0.01599	0.01693	0.01019	0.01180	0.00915	0.00642	0.00506	0.00161	0.00901	0.00401	0.00321	0.00890
7	0.00861	0.00644	0.00801	0.00927	0.01016	0.00584	0.00632	0.00999	0.01425	0.01843	0.04708	0.58403	0.20312	0.02129	0.00893	0.00278	0.00401	0.01900	0.00661	0.00584
8	0.01602	0.29926	0.46567	0.01733	0.02623	0.02080	0.02114	0.02210	0.01483	0.02043	0.01173	0.01371	0.00906	0.00652	0.00596	0.00199	0.00946	0.00473	0.00302	0.01002
9	0.01734	0.01663	0.02838	0.09112	0.66017	0.01684	0.02171	0.02160	0.01608	0.02291	0.01334	0.01772	0.01116	0.00640	0.00705	0.00213	0.00853	0.00634	0.00350	0.01105
10	0.00875	0.00626	0.00833	0.00986	0.01034	0.00583	0.00662	0.01011	0.01399	0.01874	0.07511	0.70764	0.04818	0.02189	0.00905	0.00286	0.00409	0.01984	0.00668	0.00583
11	0.01245	0.00670	0.01024	0.06692	0.01245	0.00695	0.00727	0.00999	0.00967	0.01283	0.01239	0.02143	0.01214	0.02333	0.02618	0.72984	0.00645	0.00620	0.00310	0.00348
12	0.01620	0.01535	0.02601	0.16547	0.53521	0.01589	0.02034	0.02030	0.01567	0.02197	0.01519	0.07202	0.01362	0.00767	0.00721	0.00222	0.00832	0.00738	0.00369	0.01026
13	0.01702	0.16342	0.14453	0.07927	0.12826	0.06875	0.07235	0.02090	0.01448	0.01947	0.01144	0.01537	0.00966	0.00804	0.01077	0.00231	0.19580	0.00569	0.00323	0.00923
14	0.01490	0.01278	0.01483	0.01073	0.01695	0.00987	0.00857	0.01884	0.04576	0.02350	0.01340	0.01531	0.01106	0.00547	0.00536	0.00112	0.00529	0.00439	0.00436	0.75751
15	0.02681	0.01911	0.02070	0.01601	0.02159	0.02100	0.01318	0.59597	0.07465	0.08970	0.01861	0.01819	0.01310	0.00864	0.00713	0.00216	0.00757	0.00657	0.00725	0.01206
16	0.01593	0.01588	0.02851	0.26416	0.30159	0.01717	0.15306	0.02047	0.01526	0.02103	0.01303	0.01822	0.01045	0.00702	0.00865	0.00234	0.06754	0.00674	0.00339	0.00956
17	0.02707	0.01995	0.02137	0.01638	0.02208	0.02208	0.01353	0.68159	0.03348	0.04488	0.01710	0.01710	0.01211	0.00855	0.00712	0.00214	0.00784	0.00641	0.00712	0.01211
18	0.10593	0.01643	0.02580	0.03750	0.57256	0.01688	0.01941	0.02302	0.06964	0.02476	0.01424	0.01765	0.01171	0.00664	0.00677	0.00215	0.00790	0.00620	0.00392	0.01088
19	0.00991	0.00680	0.00781	0.00810	0.00836	0.00664	0.00480	0.01027	0.01137	0.01498	0.02910	0.17133	0.07999	0.56709	0.02939	0.00586	0.00617	0.01245	0.00489	0.00470
20	0.01762	0.01692	0.02890	0.04371	0.70533	0.01692	0.02185	0.02185	0.01621	0.02326	0.01339	0.01762	0.01128	0.00634	0.00705	0.00211	0.00846	0.00634	0.00352	0.01128
21	0.03195	0.01212	0.01652	0.01267	0.01818	0.01047	0.01047	0.03470	0.02038	0.71026	0.02809	0.02424	0.01763	0.00881	0.00716	0.00220	0.00606	0.00716	0.00881	0.01212
22	0.01762	0.01692	0.02890	0.04371	0.70533	0.01692	0.02185	0.02185	0.01621	0.02326	0.01339	0.01762	0.01128	0.00634	0.00705	0.00211	0.00846	0.00634	0.00352	0.01128

[dist]
# distance from previous block
# <min> <max>
0	7

[block]
# block no. 7 follows, 29 sequences, length 78
# corresponding to MSA columns:
# 292-369
name=unknown_H
#
# <colnr> <probs for GDERKNQSTAVLIFYWHMCP>
#	G	D	E	R	K	N	Q	S	T	A	V	L	I	F	Y	W	H	M	C	P
0	0.01008	0.00728	0.00952	0.00896	0.01064	0.00672	0.00672	0.01344	0.02016	0.02855	0.70158	0.05319	0.06719	0.01456	0.00840	0.00224	0.00336	0.01288	0.00784	0.00672
1	0.01360	0.01258	0.02107	0.67643	0.07328	0.01550	0.01927	0.01827	0.01434	0.01873	0.01311	0.01923	0.00991	0.00714	0.00703	0.00233	0.00920	0.00634	0.03463	0.00799
2	0.01008	0.00728	0.00952	0.00896	0.01064	0.00672	0.00672	0.01344	0.02016	0.02855	0.70158	0.05319	0.06719	0.01456	0.00840	0.00224	0.00336	0.01288	0.00784	0.00672
3	0.01477	0.01266	0.01477	0.01055	0.01687	0.00949	0.00844	0.01793	0.01477	0.02320	0.01266	0.01477	0.01055	0.00527	0.00527	0.00105	0.00527	0.00422	0.00422	0.79328
4	0.01366	0.01279	0.02109	0.69612	0.04749	0.01592	0.01934	0.01919	0.04873	0.01878	0.01349	0.01937	0.01011	0.00725	0.00713	0.00238	0.00930	0.00642	0.00337	0.00808
5	0.00868	0.00620	0.00826	0.00991	0.01033	0.00578	0.00661	0.00991	0.01363	0.01818	0.03925	0.74510	0.04710	0.02231	0.00909	0.00289	0.00413	0.02024	0.00661	0.00578
6	0.01906	0.02206	0.09055	0.03662	0.51029	0.15352	0.02070	0.02319	0.01687	0.02206	0.01287	0.01646	0.01066	0.00658	0.00690	0.00207	0.00950	0.00590	0.00350	0.01062
7	0.80005	0.01377	0.01047	0.00936	0.01377	0.01597	0.00771	0.02093	0.01212	0.03195	0.00991	0.01157	0.00771	0.00661	0.00441	0.00220	0.00551	0.00386	0.00441	0.00771
8	0.28801	0.02804	0.44652	0.03877	0.02545	0.01632	0.01963	0.02185	0.01399	0.02569	0.01178	0.01395	0.00858	0.00672	0.00595	0.00224	0.00874	0.00481	0.00350	0.00946
9	0.01451	0.01374	0.02327	0.55798	0.21543	0.01610	0.02030	0.01912	0.01474	0.01948	0.01284	0.01864	0.00995	0.00692	0.00710	0.00231	0.00923	0.00633	0.00326	0.00876
10	0.01336	0.01122	0.01744	0.02359	0.27271	0.01107	0.01421	0.01690	0.01689	0.02313	0.14386	0.07117	0.05575	0.01382	0.00848	0.00262	0.00656	0.26326	0.00564	0.00832
11	0.80005	0.01377	0.01047	0.00936	0.01377	0.01597	0.00771	0.02093	0.01212	0.03195	0.00991	0.01157	0.00771	0.00661	0.00441	0.00220	0.00551	0.00386	0.00441	0.00771
12	0.00994	0.00718	0.00940	0.00905	0.01061	0.00663	0.00671	0.01310	0.01954	0.02757	0.63863	0.11895	0.06528	0.01529	0.00846	0.00230	0.00343	0.01358	0.00772	0.00663
13	0.01036	0.00690	0.00777	0.00777	0.00777	0.00690	0.00431	0.01036	0.01036	0.01381	0.02244	0.04660	0.02589	0.74975	0.03624	0.00690	0.00690	0.01036	0.00431	0.00431
14	0.06223	0.01218	0.01629	0.01254	0.01800	0.01068	0.01036	0.03416	0.02005	0.68353	0.02738	0.02374	0.01724	0.00873	0.00705	0.00220	0.00604	0.00703	0.00864	0.01194
15	0.01771	0.01530	0.01610	0.01449	0.01852	0.01771	0.01127	0.03784	0.69247	0.02979	0.02898	0.02657	0.02174	0.00966	0.00725	0.00242	0.00564	0.00805	0.00725	0.01127
16	0.01345	0.01266	0.02136	0.73264	0.04904	0.01582	0.01978	0.01819	0.01424	0.01819	0.01266	0.01898	0.00949	0.00712	0.00712	0.00237	0.00949	0.00633	0.00316	0.00791
17	0.02631	0.01957	0.02094	0.01623	0.02179	0.02173	0.01335	0.62916	0.08715	0.04365	0.01806	0.01787	0.01289	0.00864	0.00713	0.00216	0.00766	0.00654	0.00713	0.01204
18	0.01477	0.01266	0.01477	0.01055	0.01687	0.00949	0.00844	0.01793	0.01477	0.02320	0.01266	0.01477	0.01055	0.00527	0.00527	0.00105	0.00527	0.00422	0.00422	0.79328
19	0.01558	0.01558	0.02181	0.01869	0.01869	0.02181	0.01558	0.01714	0.01091	0.01714	0.00935	0.01558	0.00935	0.01246	0.02337	0.00312	0.73672	0.00623	0.00312	0.00779
20	0.01345	0.01266	0.02136	0.73264	0.04904	0.01582	0.01978	0.01819	0.01424	0.01819	0.01266	0.01898	0.00949	0.00712	0.00712	0.00237	0.00949	0.00633	0.00316	0.00791
21	0.01565	0.01263	0.01486	0.01066	0.01694	0.00954	0.00854	0.01880	0.01506	0.05869	0.01345	0.01525	0.01091	0.00546	0.00537	0.00111	0.00531	0.00437	0.00446	0.75294
22	0.01453	0.00845	0.00795	0.00762	0.00957	0.03715	0.00578	0.05090	0.01609	0.02710	0.02241	0.02550	0.01756	0.00827	0.00515	0.00169	0.00394	0.00654	0.71682	0.00698
23	0.01477	0.01266	0.01477	0.01055	0.01687	0.00949	0.00844	0.01793	0.01477	0.02320	0.01266	0.01477	0.01055	0.00527	0.00527	0.00105	0.00527	0.00422	0.00422	0.79328
24	0.00842	0.00721	0.00721	0.00721	0.00962	0.00601	0.00541	0.01022	0.01623	0.01924	0.07213	0.06853	0.70244	0.01803	0.00842	0.00240	0.00361	0.01503	0.00661	0.00601
25	0.80005	0.01377	0.01047	0.00936	0.01377	0.01597	0.00771	0.02093	0.01212	0.03195	0.00991	0.01157	0.00771	0.00661	0.00441	0.00220	0.00551	0.00386	0.00441	0.00771
26	0.00868	0.00620	0.00826	0.00991	0.01033	0.00578	0.00661	0.00991	0.01363	0.01818	0.03925	0.74510	0.04710	0.02231	0.00909	0.00289	0.00413	0.02024	0.00661	0.00578
27	0.01819	0.01553	0.01637	0.01459	0.01870	0.01793	0.01139	0.07057	0.65896	0.03055	0.02838	0.02609	0.02125	0.00960	0.00724	0.00240	0.00575	0.00797	0.00724	0.01131
28	0.01008	0.00728	0.00952	0.00896	0.01064	0.00672	0.00672	0.01344	0.02016	0.02855	0.70158	0.05319	0.06719	0.01456	0.00840	0.00224	0.00336	0.01288	0.00784	0.00672
29	0.03195	0.01212	0.01652	0.01267	0.01818	0.01047	0.01047	0.03470	0.02038	0.71026	0.02809	0.02424	0.01763	0.00881	0.00716	0.00220	0.00606	0.00716	0.00881	0.01212
30	0.01762	0.01692	0.02890	0.04371	0.70533	0.01692	0.02185	0.02185	0.01621	0.02326	0.01339	0.01762	0.01128	0.00634	0.00705	0.00211	0.00846	0.00634	0.00352	0.01128
31	0.01008	0.00728	0.00952	0.00896	0.01064	0.00672	0.00672	0.01344	0.02016	0.02855	0.70158	0.05319	0.06719	0.01456	0.00840	0.00224	0.00336	0.01288	0.00784	0.00672
32	0.01500	0.14442	0.61152	0.01908	0.02894	0.01828	0.02419	0.02237	0.01495	0.02168	0.01235	0.01449	0.00904	0.00666	0.00644	0.00215	0.01009	0.00504	0.00301	0.01032
33	0.02631	0.01567	0.12243	0.01345	0.01932	0.01142	0.01250	0.05869	0.01987	0.49351	0.06650	0.02692	0.06155	0.00939	0.00725	0.00222	0.00651	0.00765	0.00766	0.01118
34	0.00970	0.00726	0.00899	0.00856	0.01041	0.00656	0.00642	0.01270	0.01926	0.02643	0.55786	0.05669	0.21224	0.01535	0.00840	0.00228	0.00342	0.01337	0.00756	0.00656
35	0.01702	0.12954	0.06414	0.02739	0.10489	0.01971	0.42066	0.02194	0.01577	0.02141	0.01308	0.01737	0.01040	0.00669	0.00901	0.00230	0.07848	0.00717	0.00344	0.00958
36	0.59856	0.01588	0.06539	0.04403	0.11545	0.01614	0.01159	0.02107	0.01300	0.02946	0.01073	0.01299	0.00839	0.00660	0.00507	0.00220	0.00646	0.00441	0.00413	0.00844
37	0.02340	0.13354	0.02291	0.05440	0.02244	0.49422	0.01408	0.02541	0.01784	0.01733	0.01072	0.01331	0.00921	0.00782	0.00840	0.00198	0.10642	0.00478	0.00348	0.00830
38	0.01492	0.01345	0.04555	0.02254	0.21859	0.01306	0.01499	0.04993	0.11827	0.02418	0.02840	0.04814	0.04673	0.01321	0.00835	0.00269	0.00710	0.29521	0.00566	0.00903
39	0.00960	0.00711	0.00896	0.00881	0.01043	0.00647	0.00649	0.01240	0.01857	0.02553	0.50276	0.15600	0.16802	0.01625	0.00850	0.00236	0.00351	0.01430	0.00746	0.00647
40	0.00973	0.00747	0.01055	0.03268	0.01256	0.00754	0.03234	0.01109	0.01314	0.01764	0.03344	0.55347	0.03947	0.12985	0.01381	0.00347	0.04284	0.01717	0.00587	0.00587
41	0.00864	0.00635	0.00811	0.00951	0.01022	0.00582	0.00643	0.00996	0.01402	0.01834	0.04418	0.64361	0.14540	0.02167	0.00899	0.00282	0.00405	0.01946	0.00661	0.00582
42	0.02707	0.01995	0.02137	0.01638	0.02208	0.02208	0.01353	0.68159	0.03348	0.04488	0.01710	0.01710	0.01211	0.00855	0.00712	0.00214	0.00784	0.00641	0.00712	0.01211
43	0.80005	0.01377	0.01047	0.00936	0.01377	0.01597	0.00771	0.02093	0.01212	0.03195	0.00991	0.01157	0.00771	0.00661	0.00441	0.00220	0.00551	0.00386	0.00441	0.00771
44	0.01089	0.00747	0.00971	0.00904	0.01090	0.00684	0.00682	0.01416	0.02002	0.05538	0.65114	0.05261	0.08901	0.01446	0.00835	0.00224	0.00348	0.01273	0.00783	0.00691
45	0.01904	0.75404	0.03731	0.01218	0.01828	0.02818	0.01218	0.02132	0.01447	0.01675	0.00990	0.01142	0.00914	0.00609	0.00457	0.00152	0.00761	0.00381	0.00305	0.00914
46	0.00868	0.00620	0.00826	0.00991	0.01033	0.00578	0.00661	0.00991	0.01363	0.01818	0.03925	0.74510	0.04710	0.02231	0.00909	0.00289	0.00413	0.02024	0.00661	0.00578
47	0.01008	0.00728	0.00952	0.00896	0.01064	0.00672	0.00672	0.01344	0.02016	0.02855	0.70158	0.05319	0.06719	0.01456	0.00840	0.00224	0.00336	0.01288	0.00784	0.00672
48	0.01937	0.72221	0.03656	0.01246	0.01844	0.05880	0.01225	0.02164	0.01472	0.01678	0.00995	0.01149	0.00914	0.00615	0.00465	0.00154	0.00785	0.00384	0.00307	0.00910
49	0.80005	0.01377	0.01047	0.00936	0.01377	0.01597	0.00771	0.02093	0.01212	0.03195	0.00991	0.01157	0.00771	0.00661	0.00441	0.00220	0.00551	0.00386	0.00441	0.00771
50	0.01819	0.01554	0.01637	0.01459	0.01870	0.01794	0.01139	0.07108	0.65843	0.03057	0.02837	0.02608	0.02124	0.00960	0.00724	0.00240	0.00575	0.00797	0.00724	0.01131
51	0.01477	0.01266	0.01477	0.01055	0.01687	0.00949	0.00844	0.01793	0.01477	0.02320	0.01266	0.01477	0.01055	0.00527	0.00527	0.00105	0.00527	0.00422	0.00422	0.79328
52	0.00998	0.00727	0.00938	0.00885	0.01057	0.00667	0.00664	0.01324	0.01991	0.02798	0.66264	0.05414	0.10648	0.01477	0.00840	0.00225	0.00337	0.01301	0.00776	0.00667
53	0.00873	0.00624	0.00831	0.00988	0.01034	0.00582	0.00661	0.01005	0.01389	0.01858	0.06505	0.71815	0.04788	0.02201	0.00906	0.00287	0.00410	0.01996	0.00666	0.00582
54	0.01904	0.75404	0.03731	0.01218	0.01828	0.02818	0.01218	0.02132	0.01447	0.01675	0.00990	0.01142	0.00914	0.00609	0.00457	0.00152	0.00761	0.00381	0.00305	0.00914
55	0.00902	0.00718	0.00810	0.00800	0.01002	0.00625	0.00595	0.01135	0.01748	0.02250	0.29482	0.10329	0.43675	0.01705	0.00845	0.00237	0.00355	0.01457	0.00705	0.00625
56	0.01762	0.01692	0.02890	0.04371	0.70533	0.01692	0.02185	0.02185	0.01621	0.02326	0.01339	0.01762	0.01128	0.00634	0.00705	0.00211	0.00846	0.00634	0.00352	0.01128
57	0.01477	0.01266	0.01477	0.01055	0.01687	0.00949	0.00844	0.01793	0.01477	0.02320	0.01266	0.01477	0.01055	0.00527	0.00527	0.00105	0.00527	0.00422	0.00422	0.79328
58	0.01017	0.00763	0.01144	0.01144	0.01272	0.00890	0.00890	0.01272	0.01144	0.01653	0.01907	0.02797	0.01780	0.05340	0.72153	0.01144	0.01907	0.00763	0.00381	0.00636
59	0.00869	0.00636	0.00818	0.00955	0.01025	0.00584	0.00647	0.01007	0.01417	0.01867	0.06631	0.63915	0.12707	0.02152	0.00898	0.00281	0.00404	0.01936	0.00665	0.00584
60	0.01527	0.01295	0.01504	0.01079	0.01709	0.01001	0.00865	0.04512	0.01553	0.02409	0.01284	0.01486	0.01061	0.00541	0.00535	0.00110	0.00538	0.00431	0.00434	0.76128
61	0.01017	0.00763	0.01144	0.01144	0.01272	0.00890	0.00890	0.01272	0.01144	0.01653	0.01907	0.02797	0.01780	0.05340	0.72153	0.01144	0.01907	0.00763	0.00381	0.00636
62	0.01525	0.00854	0.00875	0.00803	0.01027	0.00885	0.00620	0.11180	0.01759	0.02917	0.02235	0.02519	0.01737	0.00833	0.00528	0.00173	0.00397	0.00660	0.67730	0.00742
63	0.01904	0.75404	0.03731	0.01218	0.01828	0.02818	0.01218	0.02132	0.01447	0.01675	0.00990	0.01142	0.00914	0.00609	0.00457	0.00152	0.00761	0.00381	0.00305	0.00914
64	0.02667	0.01961	0.02052	0.01591	0.02135	0.04718	0.01307	0.60425	0.03170	0.06901	0.01755	0.01761	0.01247	0.00850	0.00701	0.00211	0.00777	0.00638	0.03960	0.01174
65	0.00875	0.00721	0.00770	0.00775	0.00995	0.00617	0.00583	0.01079	0.01665	0.02050	0.15344	0.09459	0.56915	0.01780	0.00849	0.00243	0.00369	0.03620	0.00677	0.00611
66	0.01603	0.01917	0.10259	0.06824	0.08894	0.01601	0.39110	0.02150	0.01603	0.02262	0.01372	0.01779	0.01054	0.00604	0.00745	0.00210	0.01012	0.00699	0.00363	0.15940
67	0.54825	0.04827	0.15491	0.01387	0.04587	0.01669	0.03908	0.02138	0.01315	0.02874	0.01081	0.01281	0.00830	0.00659	0.00515	0.00219	0.00698	0.00442	0.00400	0.00855
68	0.03175	0.01243	0.01672	0.01282	0.01833	0.01093	0.01059	0.06047	0.02090	0.68376	0.02765	0.02395	0.01741	0.00880	0.00716	0.00220	0.00613	0.00713	0.00875	0.01212
69	0.04119	0.01386	0.03932	0.08319	0.10877	0.01401	0.01331	0.09950	0.15240	0.09969	0.08985	0.03550	0.05434	0.01103	0.00766	0.00243	0.00665	0.11148	0.00624	0.00960
70	0.01036	0.00765	0.00973	0.00922	0.01100	0.00722	0.00690	0.01444	0.05447	0.02786	0.61734	0.08114	0.08614	0.01475	0.00837	0.00228	0.00352	0.01301	0.00771	0.00689
71	0.01477	0.01266	0.01477	0.01055	0.01687	0.00949	0.00844	0.01793	0.01477	0.02320	0.01266	0.01477	0.01055	0.00527	0.00527	0.00105	0.00527	0.00422	0.00422	0.79328
72	0.02099	0.19326	0.07640	0.02432	0.22333	0.24662	0.01658	0.05157	0.04477	0.02098	0.01255	0.01481	0.01040	0.00686	0.00627	0.00191	0.00969	0.00519	0.00372	0.00979
73	0.01237	0.00618	0.00928	0.00928	0.00928	0.00618	0.00618	0.00928	0.00928	0.01237	0.01237	0.02165	0.01237	0.02474	0.02783	0.79283	0.00618	0.00618	0.00309	0.00309
74	0.00970	0.00699	0.00918	0.00922	0.01055	0.00647	0.00669	0.01248	0.01839	0.02574	0.52186	0.24093	0.06174	0.01666	0.00859	0.00242	0.00357	0.01488	0.00751	0.00647
75	0.01586	0.01509	0.07539	0.02638	0.29284	0.01359	0.03624	0.02156	0.08358	0.05798	0.02404	0.06662	0.02284	0.01148	0.00801	0.00255	0.00758	0.20362	0.00516	0.00957
76	0.04564	0.07239	0.25604	0.01387	0.01933	0.01271	0.01459	0.01979	0.03929	0.07933	0.23400	0.08117	0.03245	0.01107	0.00737	0.00229	0.00672	0.03760	0.00560	0.00876
77	0.01869	0.70232	0.08602	0.01277	0.01918	0.02734	0.01320	0.02141	0.01451	0.01717	0.01011	0.01168	0.00913	0.00614	0.00473	0.00158	0.00782	0.00391	0.00304	0.00924

[dist]
# distance from previous block
# <min> <max>
0	1

[block]
# block no. 8 follows, 29 sequences, length 26
# corresponding to MSA columns:
# 371-396
name=unknown_I
#
# <colnr> <probs for GDERKNQSTAVLIFYWHMCP>
#	G	D	E	R	K	N	Q	S	T	A	V	L	I	F	Y	W	H	M	C	P
0	0.02358	0.12344	0.02155	0.01699	0.05605	0.34832	0.01285	0.17044	0.02151	0.02484	0.01383	0.01552	0.01104	0.00750	0.00618	0.00185	0.00963	0.00523	0.10043	0.00919
1	0.01280	0.00952	0.01225	0.01332	0.04401	0.00965	0.00990	0.10564	0.03459	0.02393	0.06755	0.32577	0.05752	0.01804	0.00887	0.00282	0.00561	0.22425	0.00660	0.00734
2	0.00875	0.00630	0.00817	0.00963	0.01015	0.00586	0.00641	0.00996	0.01363	0.01801	0.04045	0.66492	0.08779	0.06058	0.01048	0.00307	0.00424	0.01939	0.00649	0.00572
3	0.05015	0.01568	0.04284	0.01414	0.01963	0.01511	0.01192	0.21183	0.12336	0.38203	0.02412	0.02192	0.01612	0.00873	0.00707	0.00222	0.00663	0.00692	0.00778	0.01180
4	0.00983	0.00727	0.00917	0.00869	0.01048	0.00661	0.00652	0.01295	0.01956	0.02714	0.60613	0.05552	0.16352	0.01508	0.00840	0.00226	0.00340	0.01320	0.00765	0.00661
5	0.08470	0.01258	0.01605	0.01263	0.01790	0.01164	0.01036	0.03407	0.09229	0.58892	0.02690	0.02359	0.01737	0.00875	0.00698	0.00223	0.00597	0.00702	0.00833	0.01172
6	0.02707	0.01995	0.02137	0.01638	0.02208	0.02208	0.01353	0.68159	0.03348	0.04488	0.01710	0.01710	0.01211	0.00855	0.00712	0.00214	0.00784	0.00641	0.00712	0.01211
7	0.00979	0.00727	0.00912	0.00865	0.01046	0.00660	0.00649	0.01288	0.01947	0.02693	0.59202	0.05586	0.17775	0.01516	0.00840	0.00227	0.00340	0.01325	0.00763	0.00660
8	0.05385	0.07444	0.02063	0.01574	0.02053	0.21359	0.01269	0.34800	0.07797	0.03278	0.01587	0.01651	0.01197	0.00804	0.00655	0.00201	0.00872	0.00577	0.04397	0.01034
9	0.01028	0.00687	0.00779	0.00786	0.00788	0.00685	0.00442	0.01034	0.01050	0.01400	0.02319	0.07806	0.02684	0.71698	0.03502	0.00672	0.00678	0.01080	0.00442	0.00438
10	0.02779	0.01879	0.02066	0.01584	0.02151	0.02037	0.01308	0.58647	0.03155	0.14271	0.01871	0.01815	0.01292	0.00859	0.00713	0.00215	0.00757	0.00652	0.00737	0.01211
11	0.04489	0.31869	0.28554	0.01635	0.02300	0.04830	0.01788	0.02139	0.01426	0.01954	0.01093	0.01347	0.00908	0.00739	0.00836	0.00208	0.12160	0.00476	0.00311	0.00936
12	0.27386	0.33867	0.05741	0.01195	0.01706	0.02125	0.01116	0.02234	0.08116	0.02392	0.04738	0.01544	0.01290	0.00731	0.00576	0.00196	0.03268	0.00487	0.00415	0.00878
13	0.01036	0.00690	0.00777	0.00777	0.00777	0.00690	0.00431	0.01036	0.01036	0.01381	0.02244	0.04660	0.02589	0.74975	0.03624	0.00690	0.00690	0.01036	0.00431	0.00431
14	0.01972	0.01519	0.01665	0.01370	0.01783	0.01642	0.01078	0.30218	0.17356	0.03240	0.02130	0.07377	0.01811	0.08924	0.01064	0.00266	0.02870	0.00792	0.02715	0.10207
15	0.02779	0.01753	0.01972	0.01526	0.02080	0.01866	0.01256	0.46562	0.07199	0.22381	0.02083	0.01963	0.01422	0.00869	0.00714	0.00217	0.00721	0.00672	0.00759	0.01206
16	0.02479	0.01673	0.01853	0.01481	0.01986	0.01806	0.01203	0.39152	0.16376	0.15784	0.02413	0.04438	0.04112	0.00958	0.00726	0.00224	0.00681	0.00761	0.00741	0.01153
17	0.00872	0.00635	0.00811	0.00949	0.01013	0.00586	0.00636	0.00997	0.01380	0.01811	0.04251	0.63092	0.12630	0.05452	0.01023	0.00301	0.00419	0.01916	0.00651	0.00575
18	0.02335	0.06780	0.08325	0.01450	0.01965	0.08297	0.01260	0.08540	0.19272	0.25779	0.02381	0.06752	0.01791	0.00935	0.00702	0.00222	0.00715	0.00751	0.00670	0.01077
19	0.01877	0.28092	0.04559	0.06798	0.05586	0.08800	0.04963	0.08520	0.03355	0.02091	0.01364	0.01640	0.03106	0.00827	0.00949	0.00213	0.15403	0.00565	0.00379	0.00911
20	0.01368	0.00731	0.00764	0.00742	0.00923	0.00749	0.00564	0.04624	0.01552	0.02666	0.02266	0.02622	0.01794	0.01150	0.05572	0.00237	0.00464	0.00670	0.69857	0.00686
21	0.01237	0.00618	0.00928	0.00928	0.00928	0.00618	0.00618	0.00928	0.00928	0.01237	0.01237	0.02165	0.01237	0.02474	0.02783	0.79283	0.00618	0.00618	0.00309	0.00309
22	0.05223	0.01702	0.11089	0.01899	0.14666	0.01426	0.01408	0.12409	0.07882	0.08819	0.06510	0.04604	0.08156	0.00920	0.00699	0.00211	0.00677	0.00769	0.00558	0.10373
23	0.01467	0.01137	0.01363	0.14912	0.02061	0.05562	0.01085	0.04298	0.06706	0.08842	0.07609	0.20228	0.12932	0.01432	0.00807	0.00252	0.00625	0.07292	0.00612	0.00777
24	0.01814	0.01033	0.01396	0.01441	0.08867	0.00959	0.01008	0.02188	0.05394	0.24536	0.15435	0.08823	0.14609	0.01318	0.00799	0.00240	0.00534	0.07981	0.00723	0.00900
25	0.22706	0.02303	0.32495	0.01569	0.04240	0.01454	0.01665	0.02132	0.04655	0.04386	0.06577	0.04747	0.03953	0.00888	0.00654	0.00231	0.00764	0.03221	0.00448	0.00912

[dist]
# distance from previous block
# <min> <max>
0	7

[block]
