[name]
unknown

[dist]
# distance from previous block
# <min> <max>
53	94

[block]
# block no. 0 follows, 29 sequences, length 46
# corresponding to MSA columns:
# 125-170
name=unknown_A
#
# <colnr> <probs for GDERKNQSTAVLIFYWHMCP>
#	G	D	E	R	K	N	Q	S	T	A	V	L	I	F	Y	W	H	M	C	P
0	0.23778	0.01462	0.01523	0.03978	0.01824	0.06485	0.01033	0.08383	0.04280	0.31906	0.06822	0.02128	0.01719	0.00846	0.00644	0.00219	0.00648	0.00641	0.00675	0.01006
1	0.01513	0.04170	0.12604	0.01431	0.05261	0.03910	0.01219	0.11280	0.02038	0.04972	0.33652	0.08688	0.03975	0.01183	0.00768	0.00223	0.00607	0.01011	0.00635	0.00859
2	0.01762	0.01692	0.02890	0.04371	0.70533	0.01692	0.02185	0.02185	0.01621	0.02326	0.01339	0.01762	0.01128	0.00634	0.00705	0.00211	0.00846	0.00634	0.00352	0.01128
3	0.01794	0.27479	0.08508	0.01420	0.01935	0.07019	0.01309	0.06527	0.07541	0.02150	0.01559	0.01725	0.04237	0.00799	0.00812	0.00191	0.10598	0.00544	0.00408	0.13445
4	0.00933	0.00722	0.00830	0.00804	0.00991	0.00641	0.00590	0.01167	0.01748	0.02294	0.35018	0.05973	0.35840	0.08034	0.01084	0.00272	0.00378	0.01366	0.00696	0.00618
5	0.01904	0.75404	0.03731	0.01218	0.01828	0.02818	0.01218	0.02132	0.01447	0.01675	0.00990	0.01142	0.00914	0.00609	0.00457	0.00152	0.00761	0.00381	0.00305	0.00914
6	0.00978	0.00727	0.00910	0.00864	0.01045	0.00659	0.00648	0.01286	0.01945	0.02688	0.58829	0.05595	0.18152	0.01518	0.00840	0.00227	0.00340	0.01326	0.00762	0.00659
7	0.03155	0.01276	0.01692	0.01297	0.01850	0.01141	0.01072	0.08743	0.02145	0.65603	0.02720	0.02365	0.01718	0.00879	0.00716	0.00220	0.00620	0.00710	0.00868	0.01212
8	0.01771	0.01530	0.01610	0.01449	0.01852	0.01771	0.01127	0.03784	0.69247	0.02979	0.02898	0.02657	0.02174	0.00966	0.00725	0.00242	0.00564	0.00805	0.00725	0.01127
9	0.00868	0.00620	0.00826	0.00991	0.01033	0.00578	0.00661	0.00991	0.01363	0.01818	0.03925	0.74510	0.04710	0.02231	0.00909	0.00289	0.00413	0.02024	0.00661	0.00578
10	0.74382	0.01422	0.01126	0.00987	0.01438	0.01642	0.00814	0.06899	0.01367	0.03289	0.01044	0.01197	0.00803	0.00675	0.00460	0.00220	0.00568	0.00404	0.00460	0.00803
11	0.02660	0.03394	0.02018	0.01834	0.02201	0.72116	0.01376	0.02843	0.02018	0.01743	0.01101	0.01284	0.00917	0.00734	0.00642	0.00183	0.01284	0.00459	0.00367	0.00825
12	0.00868	0.00620	0.00826	0.00991	0.01033	0.00578	0.00661	0.00991	0.01363	0.01818	0.03925	0.74510	0.04710	0.02231	0.00909	0.00289	0.00413	0.02024	0.00661	0.00578
13	0.01327	0.00664	0.00664	0.00664	0.00830	0.00664	0.00498	0.01659	0.01493	0.02655	0.02323	0.02655	0.01825	0.00830	0.00498	0.00166	0.00332	0.00664	0.78928	0.00664
14	0.01002	0.00728	0.00943	0.00889	0.01060	0.00669	0.00667	0.01332	0.02001	0.02821	0.67831	0.05376	0.09067	0.01469	0.00840	0.00225	0.00337	0.01296	0.00779	0.00669
15	0.01904	0.75404	0.03731	0.01218	0.01828	0.02818	0.01218	0.02132	0.01447	0.01675	0.00990	0.01142	0.00914	0.00609	0.00457	0.00152	0.00761	0.00381	0.00305	0.00914
16	0.00851	0.00718	0.00738	0.00741	0.00970	0.00604	0.00553	0.01037	0.01633	0.01968	0.10359	0.09514	0.64281	0.01803	0.00844	0.00242	0.00362	0.01513	0.00668	0.00604
17	0.01008	0.00728	0.00952	0.00896	0.01064	0.00672	0.00672	0.01344	0.02016	0.02855	0.70158	0.05319	0.06719	0.01456	0.00840	0.00224	0.00336	0.01288	0.00784	0.00672
18	0.00868	0.00620	0.00826	0.00991	0.01033	0.00578	0.00661	0.00991	0.01363	0.01818	0.03925	0.74510	0.04710	0.02231	0.00909	0.00289	0.00413	0.02024	0.00661	0.00578
19	0.02672	0.03032	0.02049	0.01784	0.02203	0.54052	0.01370	0.19721	0.02362	0.02452	0.01258	0.01394	0.00993	0.00765	0.00660	0.00191	0.01155	0.00506	0.00456	0.00925
20	0.01008	0.00728	0.00952	0.00896	0.01064	0.00672	0.00672	0.01344	0.02016	0.02855	0.70158	0.05319	0.06719	0.01456	0.00840	0.00224	0.00336	0.01288	0.00784	0.00672
21	0.01513	0.03965	0.01810	0.01270	0.01849	0.01189	0.05535	0.01831	0.01453	0.02238	0.01237	0.01503	0.01040	0.00602	0.00715	0.00136	0.07419	0.00468	0.00403	0.63822
22	0.01734	0.02591	0.28874	0.02639	0.13755	0.05397	0.22231	0.04929	0.01678	0.04500	0.01381	0.01699	0.01034	0.00685	0.00795	0.00228	0.03809	0.00650	0.00366	0.01025
23	0.00868	0.00620	0.00826	0.00991	0.01033	0.00578	0.00661	0.00991	0.01363	0.01818	0.03925	0.74510	0.04710	0.02231	0.00909	0.00289	0.00413	0.02024	0.00661	0.00578
24	0.01477	0.01266	0.01477	0.01055	0.01687	0.00949	0.00844	0.01793	0.01477	0.02320	0.01266	0.01477	0.01055	0.00527	0.00527	0.00105	0.00527	0.00422	0.00422	0.79328
25	0.01477	0.01266	0.01477	0.01055	0.01687	0.00949	0.00844	0.01793	0.01477	0.02320	0.01266	0.01477	0.01055	0.00527	0.00527	0.00105	0.00527	0.00422	0.00422	0.79328
26	0.01713	0.01587	0.04745	0.07675	0.18980	0.03826	0.01412	0.05469	0.01635	0.05136	0.01353	0.01628	0.01086	0.00637	0.00674	0.00167	0.03169	0.00526	0.00420	0.38164
27	0.02366	0.06432	0.02057	0.01504	0.02050	0.09062	0.01231	0.43070	0.02687	0.03551	0.01595	0.03981	0.01249	0.00812	0.00662	0.00189	0.00774	0.00612	0.00597	0.15520
28	0.01280	0.03961	0.01476	0.17025	0.04282	0.01040	0.01056	0.01540	0.01425	0.04080	0.04302	0.25040	0.02515	0.08045	0.00993	0.00259	0.00615	0.01071	0.00493	0.19500
29	0.11923	0.30841	0.16636	0.01483	0.02075	0.02049	0.05755	0.04554	0.01533	0.02232	0.06252	0.04590	0.01492	0.00803	0.00689	0.00204	0.05002	0.00597	0.00391	0.00899
30	0.01812	0.11818	0.25164	0.04261	0.02864	0.01763	0.21118	0.04183	0.01648	0.11144	0.01577	0.04183	0.01207	0.00750	0.00767	0.00225	0.03416	0.00684	0.00419	0.01000
31	0.01345	0.01266	0.02136	0.73264	0.04904	0.01582	0.01978	0.01819	0.01424	0.01819	0.01266	0.01898	0.00949	0.00712	0.00712	0.00237	0.00949	0.00633	0.00316	0.00791
32	0.01730	0.01755	0.05316	0.06974	0.62499	0.01691	0.05198	0.02178	0.01612	0.02302	0.01339	0.01766	0.01111	0.00637	0.00710	0.00214	0.00873	0.00640	0.00350	0.01104
33	0.03148	0.01355	0.01690	0.01311	0.01853	0.04792	0.01075	0.05894	0.02087	0.64891	0.02678	0.02337	0.01698	0.00873	0.00712	0.00218	0.00648	0.00700	0.00848	0.01192
34	0.00997	0.00726	0.01021	0.01048	0.01136	0.00801	0.00763	0.01180	0.01158	0.01626	0.02295	0.14613	0.02407	0.18523	0.47317	0.00919	0.01430	0.01018	0.00436	0.00586
35	0.01134	0.00810	0.01132	0.01296	0.01454	0.00808	0.01124	0.01452	0.01626	0.02116	0.03778	0.11196	0.04127	0.01980	0.00980	0.00326	0.00644	0.62708	0.00656	0.00652
36	0.01661	0.38722	0.38282	0.01633	0.02469	0.02222	0.01941	0.02195	0.01476	0.01972	0.01137	0.01327	0.00908	0.00644	0.00569	0.00190	0.00910	0.00455	0.00303	0.00985
37	0.01610	0.02174	0.21150	0.21817	0.03689	0.01704	0.25504	0.04671	0.01619	0.04620	0.01391	0.01802	0.01021	0.00692	0.00803	0.00236	0.03503	0.00681	0.00362	0.00951
38	0.00868	0.00620	0.00826	0.00991	0.01033	0.00578	0.00661	0.00991	0.01363	0.01818	0.03925	0.74510	0.04710	0.02231	0.00909	0.00289	0.00413	0.02024	0.00661	0.00578
39	0.02838	0.01784	0.02007	0.01539	0.02103	0.01896	0.01271	0.50785	0.02996	0.22358	0.02005	0.01901	0.01359	0.00862	0.00713	0.00215	0.00736	0.00661	0.00758	0.01211
40	0.02180	0.01490	0.02202	0.02243	0.18155	0.01485	0.08571	0.15539	0.05144	0.20107	0.02270	0.09167	0.01879	0.00989	0.00762	0.00234	0.00745	0.05149	0.00625	0.01065
41	0.02707	0.01995	0.02137	0.01638	0.02208	0.02208	0.01353	0.68159	0.03348	0.04488	0.01710	0.01710	0.01211	0.00855	0.00712	0.00214	0.00784	0.00641	0.00712	0.01211
42	0.01477	0.01266	0.01477	0.01055	0.01687	0.00949	0.00844	0.01793	0.01477	0.02320	0.01266	0.01477	0.01055	0.00527	0.00527	0.00105	0.00527	0.00422	0.00422	0.79328
43	0.01477	0.01266	0.01477	0.01055	0.01687	0.00949	0.00844	0.01793	0.01477	0.02320	0.01266	0.01477	0.01055	0.00527	0.00527	0.00105	0.00527	0.00422	0.00422	0.79328
44	0.01932	0.64435	0.03497	0.01299	0.01857	0.02725	0.01255	0.06690	0.01551	0.01874	0.01036	0.01215	0.00936	0.00677	0.00624	0.00169	0.06553	0.00418	0.00334	0.00924
45	0.01763	0.01684	0.02829	0.04232	0.67265	0.01696	0.02135	0.02261	0.04840	0.02357	0.01414	0.01805	0.01178	0.00650	0.00706	0.00213	0.00832	0.00643	0.00370	0.01128

[dist]
# distance from previous block
# <min> <max>
0	2

[block]
# block no. 1 follows, 29 sequences, length 55
# corresponding to MSA columns:
# 173-227
name=unknown_B
#
# <colnr> <probs for GDERKNQSTAVLIFYWHMCP>
#	G	D	E	R	K	N	Q	S	T	A	V	L	I	F	Y	W	H	M	C	P
0	0.01683	0.01695	0.02934	0.12947	0.38623	0.04563	0.17754	0.02134	0.01614	0.02218	0.01453	0.04014	0.01214	0.00695	0.00735	0.00222	0.00933	0.00719	0.02851	0.00999
1	0.01063	0.00825	0.01212	0.01186	0.01297	0.00987	0.00923	0.01297	0.01135	0.01645	0.01843	0.02786	0.01750	0.08396	0.63037	0.01053	0.07785	0.00765	0.00378	0.00638
2	0.01237	0.00618	0.00928	0.00928	0.00928	0.00618	0.00618	0.00928	0.00928	0.01237	0.01237	0.02165	0.01237	0.02474	0.02783	0.79283	0.00618	0.00618	0.00309	0.00309
3	0.01428	0.03683	0.71286	0.02030	0.03082	0.01654	0.02631	0.02255	0.01503	0.02255	0.01278	0.01503	0.00902	0.00677	0.00677	0.00226	0.01052	0.00526	0.00301	0.01052
4	0.03195	0.01212	0.01652	0.01267	0.01818	0.01047	0.01047	0.03470	0.02038	0.71026	0.02809	0.02424	0.01763	0.00881	0.00716	0.00220	0.00606	0.00716	0.00881	0.01212
5	0.80005	0.01377	0.01047	0.00936	0.01377	0.01597	0.00771	0.02093	0.01212	0.03195	0.00991	0.01157	0.00771	0.00661	0.00441	0.00220	0.00551	0.00386	0.00441	0.00771
6	0.80005	0.01377	0.01047	0.00936	0.01377	0.01597	0.00771	0.02093	0.01212	0.03195	0.00991	0.01157	0.00771	0.00661	0.00441	0.00220	0.00551	0.00386	0.00441	0.00771
7	0.02557	0.03204	0.02007	0.01818	0.02166	0.64923	0.01374	0.02828	0.05245	0.01801	0.01179	0.01366	0.00979	0.00773	0.00737	0.00193	0.05145	0.00484	0.00381	0.00838
8	0.01327	0.00664	0.00664	0.00664	0.00830	0.00664	0.00498	0.01659	0.01493	0.02655	0.02323	0.02655	0.01825	0.00830	0.00498	0.00166	0.00332	0.00664	0.78928	0.00664
9	0.02660	0.03394	0.02018	0.01834	0.02201	0.72116	0.01376	0.02843	0.02018	0.01743	0.01101	0.01284	0.00917	0.00734	0.00642	0.00183	0.01284	0.00459	0.00367	0.00825
10	0.01178	0.00870	0.01150	0.01233	0.01421	0.00881	0.01040	0.01675	0.08417	0.02376	0.18421	0.06898	0.04489	0.01754	0.00926	0.00296	0.00576	0.45003	0.00691	0.00706
11	0.03119	0.01262	0.01675	0.01292	0.01838	0.01130	0.01064	0.06635	0.04548	0.65307	0.02759	0.02397	0.01751	0.00883	0.00716	0.00221	0.00613	0.00716	0.00867	0.01209
12	0.00842	0.00721	0.00721	0.00721	0.00962	0.00601	0.00541	0.01022	0.01623	0.01924	0.07213	0.06853	0.70244	0.01803	0.00842	0.00240	0.00361	0.01503	0.00661	0.00601
13	0.03195	0.01212	0.01652	0.01267	0.01818	0.01047	0.01047	0.03470	0.02038	0.71026	0.02809	0.02424	0.01763	0.00881	0.00716	0.00220	0.00606	0.00716	0.00881	0.01212
14	0.03096	0.01190	0.01621	0.01250	0.01784	0.01030	0.01030	0.03374	0.02037	0.67946	0.05852	0.02554	0.01987	0.00907	0.00722	0.00220	0.00594	0.00742	0.00877	0.01187
15	0.03109	0.01289	0.01732	0.01399	0.04125	0.01159	0.01108	0.08524	0.02127	0.63509	0.02674	0.02345	0.01698	0.00871	0.00715	0.00220	0.00628	0.00707	0.00850	0.01209
16	0.01345	0.01266	0.02136	0.73264	0.04904	0.01582	0.01978	0.01819	0.01424	0.01819	0.01266	0.01898	0.00949	0.00712	0.00712	0.00237	0.00949	0.00633	0.00316	0.00791
17	0.00868	0.00620	0.00826	0.00991	0.01033	0.00578	0.00661	0.00991	0.01363	0.01818	0.03925	0.74510	0.04710	0.02231	0.00909	0.00289	0.00413	0.02024	0.00661	0.00578
18	0.80005	0.01377	0.01047	0.00936	0.01377	0.01597	0.00771	0.02093	0.01212	0.03195	0.00991	0.01157	0.00771	0.00661	0.00441	0.00220	0.00551	0.00386	0.00441	0.00771
19	0.00868	0.00620	0.00826	0.00991	0.01033	0.00578	0.00661	0.00991	0.01363	0.01818	0.03925	0.74510	0.04710	0.02231	0.00909	0.00289	0.00413	0.02024	0.00661	0.00578
20	0.01734	0.10176	0.02297	0.19280	0.05004	0.11471	0.03557	0.04613	0.01495	0.01958	0.01208	0.01662	0.01022	0.00885	0.01190	0.00237	0.24584	0.00586	0.06208	0.00830
21	0.01314	0.00666	0.00676	0.00674	0.00840	0.00664	0.00505	0.01646	0.01516	0.02663	0.05262	0.02770	0.02037	0.00857	0.00513	0.00168	0.00332	0.00691	0.75542	0.00664
22	0.01352	0.00881	0.01054	0.00975	0.01234	0.00828	0.00742	0.01816	0.09890	0.12275	0.28282	0.11619	0.23299	0.01487	0.00815	0.00236	0.00416	0.01279	0.00744	0.00775
23	0.02547	0.01498	0.01742	0.01406	0.01901	0.01561	0.01138	0.21132	0.22186	0.29840	0.05480	0.02424	0.01950	0.00924	0.00723	0.00225	0.00630	0.00747	0.00785	0.01163
24	0.00859	0.00722	0.00745	0.00740	0.00972	0.00609	0.00555	0.01056	0.01664	0.02021	0.13783	0.06693	0.63614	0.01767	0.00841	0.00239	0.00358	0.01480	0.00674	0.00609
25	0.80005	0.01377	0.01047	0.00936	0.01377	0.01597	0.00771	0.02093	0.01212	0.03195	0.00991	0.01157	0.00771	0.00661	0.00441	0.00220	0.00551	0.00386	0.00441	0.00771
26	0.01558	0.01558	0.02181	0.01869	0.01869	0.02181	0.01558	0.01714	0.01091	0.01714	0.00935	0.01558	0.00935	0.01246	0.02337	0.00312	0.73672	0.00623	0.00312	0.00779
27	0.01008	0.00728	0.00952	0.00896	0.01064	0.00672	0.00672	0.01344	0.02016	0.02855	0.70158	0.05319	0.06719	0.01456	0.00840	0.00224	0.00336	0.01288	0.00784	0.00672
28	0.80005	0.01377	0.01047	0.00936	0.01377	0.01597	0.00771	0.02093	0.01212	0.03195	0.00991	0.01157	0.00771	0.00661	0.00441	0.00220	0.00551	0.00386	0.00441	0.00771
29	0.02357	0.32367	0.02713	0.01578	0.02051	0.41454	0.01311	0.05105	0.01840	0.01823	0.01080	0.01244	0.00927	0.00688	0.00570	0.00172	0.01054	0.00434	0.00355	0.00876
30	0.01428	0.03683	0.71286	0.02030	0.03082	0.01654	0.02631	0.02255	0.01503	0.02255	0.01278	0.01503	0.00902	0.00677	0.00677	0.00226	0.01052	0.00526	0.00301	0.01052
31	0.00926	0.00781	0.00812	0.00809	0.01051	0.00696	0.00613	0.01249	0.06559	0.02033	0.08598	0.08486	0.59055	0.01750	0.00840	0.00245	0.00387	0.03798	0.00669	0.00643
32	0.01017	0.00763	0.01144	0.01144	0.01272	0.00890	0.00890	0.01272	0.01144	0.01653	0.01907	0.02797	0.01780	0.05340	0.72153	0.01144	0.01907	0.00763	0.00381	0.00636
33	0.80005	0.01377	0.01047	0.00936	0.01377	0.01597	0.00771	0.02093	0.01212	0.03195	0.00991	0.01157	0.00771	0.00661	0.00441	0.00220	0.00551	0.00386	0.00441	0.00771
34	0.01730	0.07388	0.12886	0.20014	0.21347	0.11105	0.11239	0.02204	0.01605	0.02062	0.01270	0.01672	0.01001	0.00666	0.00695	0.00216	0.01003	0.00606	0.00336	0.00956
35	0.01036	0.00690	0.00777	0.00777	0.00777	0.00690	0.00431	0.01036	0.01036	0.01381	0.02244	0.04660	0.02589	0.74975	0.03624	0.00690	0.00690	0.01036	0.00431	0.00431
36	0.00868	0.00620	0.00826	0.00991	0.01033	0.00578	0.00661	0.00991	0.01363	0.01818	0.03925	0.74510	0.04710	0.02231	0.00909	0.00289	0.00413	0.02024	0.00661	0.00578
37	0.01022	0.00844	0.03338	0.01040	0.01191	0.00740	0.00779	0.05472	0.01576	0.02081	0.06924	0.51255	0.14192	0.01979	0.00878	0.00274	0.00459	0.04653	0.00657	0.00647
38	0.01904	0.75404	0.03731	0.01218	0.01828	0.02818	0.01218	0.02132	0.01447	0.01675	0.00990	0.01142	0.00914	0.00609	0.00457	0.00152	0.00761	0.00381	0.00305	0.00914
39	0.01008	0.00728	0.00952	0.00896	0.01064	0.00672	0.00672	0.01344	0.02016	0.02855	0.70158	0.05319	0.06719	0.01456	0.00840	0.00224	0.00336	0.01288	0.00784	0.00672
40	0.00868	0.00620	0.00826	0.00991	0.01033	0.00578	0.00661	0.00991	0.01363	0.01818	0.03925	0.74510	0.04710	0.02231	0.00909	0.00289	0.00413	0.02024	0.00661	0.00578
41	0.01642	0.01651	0.05309	0.20037	0.02847	0.01986	0.05761	0.09695	0.01498	0.02129	0.01157	0.01682	0.00979	0.01000	0.01567	0.00273	0.38932	0.00637	0.00363	0.00856
42	0.01931	0.50237	0.15531	0.01545	0.04704	0.09238	0.01517	0.02271	0.01539	0.04194	0.01128	0.01288	0.00949	0.00644	0.00532	0.00173	0.00862	0.00435	0.00332	0.00948
43	0.01428	0.03683	0.71286	0.02030	0.03082	0.01654	0.02631	0.02255	0.01503	0.02255	0.01278	0.01503	0.00902	0.00677	0.00677	0.00226	0.01052	0.00526	0.00301	0.01052
44	0.73643	0.01403	0.01196	0.01216	0.07000	0.01605	0.00886	0.02101	0.01245	0.03124	0.01020	0.01206	0.00800	0.00659	0.00462	0.00220	0.00575	0.00406	0.00433	0.00800
45	0.00851	0.00722	0.00734	0.00731	0.00967	0.00605	0.00548	0.01039	0.01644	0.01974	0.10601	0.06770	0.66825	0.01785	0.00841	0.00240	0.00359	0.01491	0.00668	0.00605
46	0.31667	0.07907	0.01857	0.04716	0.04935	0.11688	0.01184	0.21055	0.03917	0.03131	0.01293	0.01433	0.00992	0.00732	0.00579	0.00209	0.00767	0.00502	0.00495	0.00942
47	0.01208	0.00946	0.01126	0.01166	0.01375	0.00981	0.00922	0.01896	0.18826	0.02258	0.06637	0.16217	0.13483	0.05637	0.01022	0.00302	0.00541	0.24046	0.00668	0.00745
48	0.01030	0.00758	0.00967	0.00909	0.01089	0.00711	0.00683	0.01423	0.04559	0.02819	0.64844	0.05285	0.09323	0.01452	0.00836	0.00225	0.00346	0.01279	0.00776	0.00686
49	0.54203	0.01682	0.10790	0.01301	0.05045	0.01529	0.01134	0.02322	0.01393	0.12993	0.01315	0.01420	0.00952	0.00694	0.00526	0.00221	0.00642	0.00465	0.00482	0.00892
50	0.01086	0.00784	0.01072	0.01226	0.01377	0.00770	0.01036	0.01375	0.01598	0.02071	0.04018	0.17725	0.08517	0.01995	0.00963	0.00316	0.00601	0.52172	0.00657	0.00641
51	0.02162	0.10804	0.02016	0.04609	0.02027	0.20060	0.01216	0.24715	0.05094	0.02827	0.05592	0.06800	0.04791	0.00957	0.00683	0.00206	0.00828	0.00734	0.02940	0.00939
52	0.08323	0.11213	0.42693	0.03950	0.04786	0.01813	0.02054	0.04560	0.09689	0.02419	0.01431	0.01598	0.01064	0.00708	0.00640	0.00218	0.00899	0.00541	0.00380	0.01021
53	0.08884	0.24988	0.13707	0.09145	0.02569	0.16945	0.07909	0.02323	0.01595	0.04189	0.01189	0.01425	0.00947	0.00669	0.00601	0.00196	0.00957	0.00502	0.00354	0.00906
54	0.04995	0.13846	0.04247	0.01402	0.01869	0.07441	0.01177	0.12731	0.26595	0.07924	0.02357	0.06078	0.04439	0.00946	0.00674	0.00218	0.00689	0.00745	0.00606	0.01021

[dist]
# distance from previous block
# <min> <max>
1	8

[block]
# block no. 2 follows, 29 sequences, length 27
# corresponding to MSA columns:
# 236-262
name=unknown_C
#
# <colnr> <probs for GDERKNQSTAVLIFYWHMCP>
#	G	D	E	R	K	N	Q	S	T	A	V	L	I	F	Y	W	H	M	C	P
0	0.05065	0.01080	0.03677	0.01090	0.01403	0.00983	0.00875	0.06810	0.06910	0.14346	0.22638	0.16166	0.13305	0.01396	0.00789	0.00237	0.00484	0.01196	0.00720	0.00830
1	0.02097	0.19510	0.07768	0.06300	0.13673	0.18886	0.01569	0.14126	0.01983	0.02410	0.04335	0.01640	0.01264	0.00736	0.00637	0.00194	0.00919	0.00555	0.00423	0.00974
2	0.04867	0.16134	0.02156	0.06689	0.02090	0.06123	0.01222	0.26168	0.06212	0.08013	0.01933	0.11756	0.01683	0.00981	0.00677	0.00214	0.00736	0.00776	0.00579	0.00991
3	0.05102	0.04651	0.01944	0.01454	0.01993	0.01851	0.01195	0.40121	0.09582	0.11685	0.01927	0.03986	0.01436	0.00860	0.00681	0.00206	0.00693	0.00666	0.00676	0.09289
4	0.05141	0.01880	0.02044	0.01688	0.05163	0.02072	0.01324	0.56382	0.07048	0.04152	0.01966	0.01962	0.04095	0.00884	0.00709	0.00217	0.00748	0.00677	0.00686	0.01162
5	0.05803	0.01654	0.05912	0.01428	0.01990	0.01561	0.01230	0.26457	0.07500	0.33055	0.02399	0.02221	0.03689	0.00887	0.00706	0.00221	0.00683	0.00697	0.00750	0.01159
6	0.02259	0.06425	0.07810	0.01467	0.01966	0.04111	0.01271	0.35178	0.02428	0.11202	0.01880	0.04631	0.01518	0.08582	0.05745	0.00323	0.00854	0.00713	0.00608	0.01028
7	0.01248	0.01034	0.01160	0.01140	0.01300	0.08638	0.00878	0.01508	0.01298	0.01830	0.01888	0.02608	0.01693	0.04086	0.52401	0.00876	0.01577	0.00713	0.13463	0.00661
8	0.04832	0.11748	0.56441	0.02029	0.06878	0.01788	0.02362	0.02230	0.01492	0.02232	0.01236	0.01462	0.00911	0.00666	0.00643	0.00216	0.00985	0.00510	0.00310	0.01029
9	0.01771	0.01530	0.01610	0.01449	0.01852	0.01771	0.01127	0.03784	0.69247	0.02979	0.02898	0.02657	0.02174	0.00966	0.00725	0.00242	0.00564	0.00805	0.00725	0.01127
10	0.00868	0.00620	0.00826	0.00991	0.01033	0.00578	0.00661	0.00991	0.01363	0.01818	0.03925	0.74510	0.04710	0.02231	0.00909	0.00289	0.00413	0.02024	0.00661	0.00578
11	0.00898	0.00692	0.00953	0.01032	0.01136	0.00634	0.03513	0.01052	0.01420	0.01855	0.04366	0.60142	0.15471	0.02090	0.00895	0.00279	0.00438	0.01887	0.00648	0.00598
12	0.01327	0.00664	0.00664	0.00664	0.00830	0.00664	0.00498	0.01659	0.01493	0.02655	0.02323	0.02655	0.01825	0.00830	0.00498	0.00166	0.00332	0.00664	0.78928	0.00664
13	0.01237	0.00618	0.00928	0.00928	0.00928	0.00618	0.00618	0.00928	0.00928	0.01237	0.01237	0.02165	0.01237	0.02474	0.02783	0.79283	0.00618	0.00618	0.00309	0.00309
14	0.01008	0.00728	0.00952	0.00896	0.01064	0.00672	0.00672	0.01344	0.02016	0.02855	0.70158	0.05319	0.06719	0.01456	0.00840	0.00224	0.00336	0.01288	0.00784	0.00672
15	0.00868	0.00620	0.00826	0.00991	0.01033	0.00578	0.00661	0.00991	0.01363	0.01818	0.03925	0.74510	0.04710	0.02231	0.00909	0.00289	0.00413	0.02024	0.00661	0.00578
16	0.01008	0.00728	0.00952	0.00896	0.01064	0.00672	0.00672	0.01344	0.02016	0.02855	0.70158	0.05319	0.06719	0.01456	0.00840	0.00224	0.00336	0.01288	0.00784	0.00672
17	0.01904	0.75404	0.03731	0.01218	0.01828	0.02818	0.01218	0.02132	0.01447	0.01675	0.00990	0.01142	0.00914	0.00609	0.00457	0.00152	0.00761	0.00381	0.00305	0.00914
18	0.01529	0.01319	0.01611	0.01155	0.01789	0.01029	0.03582	0.04221	0.01553	0.02397	0.01289	0.01503	0.01061	0.00542	0.00547	0.00115	0.00564	0.00447	0.00430	0.73318
19	0.01256	0.00910	0.01103	0.01128	0.01281	0.00922	0.00807	0.15169	0.01782	0.02381	0.03457	0.59144	0.03971	0.01940	0.00867	0.00273	0.00491	0.01732	0.00672	0.00712
20	0.01681	0.01921	0.04202	0.03001	0.03721	0.01801	0.67947	0.02281	0.01681	0.02281	0.01441	0.01921	0.01080	0.00600	0.00840	0.00240	0.01200	0.00840	0.00360	0.00960
21	0.01401	0.01323	0.02237	0.64000	0.13729	0.01597	0.02005	0.01869	0.01450	0.01888	0.01276	0.01880	0.00973	0.00701	0.00711	0.00234	0.00935	0.00633	0.00321	0.00836
22	0.01558	0.01558	0.02181	0.01869	0.01869	0.02181	0.01558	0.01714	0.01091	0.01714	0.00935	0.01558	0.00935	0.01246	0.02337	0.00312	0.73672	0.00623	0.00312	0.00779
23	0.80005	0.01377	0.01047	0.00936	0.01377	0.01597	0.00771	0.02093	0.01212	0.03195	0.00991	0.01157	0.00771	0.00661	0.00441	0.00220	0.00551	0.00386	0.00441	0.00771
24	0.01036	0.00690	0.00777	0.00777	0.00777	0.00690	0.00431	0.01036	0.01036	0.01381	0.02244	0.04660	0.02589	0.74975	0.03624	0.00690	0.00690	0.01036	0.00431	0.00431
25	0.01327	0.00664	0.00664	0.00664	0.00830	0.00664	0.00498	0.01659	0.01493	0.02655	0.02323	0.02655	0.01825	0.00830	0.00498	0.00166	0.00332	0.00664	0.78928	0.00664
26	0.02707	0.01995	0.02137	0.01638	0.02208	0.02208	0.01353	0.68159	0.03348	0.04488	0.01710	0.01710	0.01211	0.00855	0.00712	0.00214	0.00784	0.00641	0.00712	0.01211

[dist]
# distance from previous block
# <min> <max>
0	8

[block]
# block no. 3 follows, 29 sequences, length 225
# corresponding to MSA columns:
# 271-495
name=unknown_D
#
# <colnr> <probs for GDERKNQSTAVLIFYWHMCP>
#	G	D	E	R	K	N	Q	S	T	A	V	L	I	F	Y	W	H	M	C	P
0	0.01326	0.01240	0.02083	0.70366	0.04749	0.01542	0.01925	0.01786	0.01421	0.01819	0.01372	0.04810	0.01100	0.00773	0.00720	0.00239	0.00928	0.00689	0.00330	0.00782
1	0.03195	0.01212	0.01652	0.01267	0.01818	0.01047	0.01047	0.03470	0.02038	0.71026	0.02809	0.02424	0.01763	0.00881	0.00716	0.00220	0.00606	0.00716	0.00881	0.01212
2	0.01904	0.75404	0.03731	0.01218	0.01828	0.02818	0.01218	0.02132	0.01447	0.01675	0.00990	0.01142	0.00914	0.00609	0.00457	0.00152	0.00761	0.00381	0.00305	0.00914
3	0.01036	0.00690	0.00777	0.00777	0.00777	0.00690	0.00431	0.01036	0.01036	0.01381	0.02244	0.04660	0.02589	0.74975	0.03624	0.00690	0.00690	0.01036	0.00431	0.00431
4	0.02317	0.01850	0.02125	0.04875	0.12649	0.04193	0.01440	0.42160	0.11663	0.03642	0.01795	0.01953	0.01361	0.03713	0.00824	0.00236	0.00783	0.00671	0.00621	0.01128
5	0.01923	0.07016	0.13059	0.03027	0.38170	0.04432	0.01905	0.02357	0.01681	0.12339	0.03766	0.02080	0.01439	0.00750	0.00696	0.00214	0.00832	0.02802	0.00443	0.01072
6	0.01517	0.17062	0.58684	0.01878	0.02848	0.01871	0.02367	0.02232	0.01493	0.02147	0.01224	0.01436	0.00904	0.00664	0.00636	0.00212	0.00998	0.00499	0.00301	0.01027
7	0.01477	0.01266	0.01477	0.01055	0.01687	0.00949	0.00844	0.01793	0.01477	0.02320	0.01266	0.01477	0.01055	0.00527	0.00527	0.00105	0.00527	0.00422	0.00422	0.79328
8	0.03195	0.01212	0.01652	0.01267	0.01818	0.01047	0.01047	0.03470	0.02038	0.71026	0.02809	0.02424	0.01763	0.00881	0.00716	0.00220	0.00606	0.00716	0.00881	0.01212
9	0.01029	0.00688	0.00779	0.00785	0.00787	0.00686	0.00441	0.01034	0.01049	0.01398	0.02311	0.07461	0.02674	0.72058	0.03515	0.00674	0.00679	0.01075	0.00441	0.00437
10	0.02583	0.02131	0.02098	0.01670	0.02169	0.11524	0.01358	0.52127	0.06203	0.03873	0.01637	0.01689	0.01201	0.00869	0.00806	0.00217	0.05451	0.00623	0.00641	0.01128
11	0.01237	0.00618	0.00928	0.00928	0.00928	0.00618	0.00618	0.00928	0.00928	0.01237	0.01237	0.02165	0.01237	0.02474	0.02783	0.79283	0.00618	0.00618	0.00309	0.00309
12	0.01013	0.00755	0.00973	0.01088	0.01249	0.00714	0.00887	0.01265	0.01595	0.02042	0.06693	0.19944	0.21279	0.01958	0.00929	0.00295	0.00525	0.35505	0.00662	0.00628
13	0.02300	0.02025	0.01920	0.05043	0.02191	0.14338	0.01297	0.32431	0.21886	0.03380	0.04504	0.02052	0.01631	0.00881	0.00708	0.00218	0.00800	0.00680	0.00638	0.01078
14	0.01796	0.17188	0.05959	0.11509	0.33946	0.01891	0.01804	0.02374	0.09155	0.05508	0.01500	0.01769	0.01198	0.00690	0.00655	0.00207	0.00807	0.00599	0.00403	0.01042
15	0.00878	0.00627	0.00839	0.01004	0.01050	0.00588	0.00680	0.01010	0.01374	0.01830	0.03919	0.71921	0.04686	0.02221	0.00912	0.00291	0.00423	0.04506	0.00661	0.00581
16	0.02670	0.01973	0.02117	0.01621	0.02193	0.02170	0.01338	0.66161	0.03292	0.04422	0.01696	0.01703	0.01206	0.00845	0.00707	0.00210	0.00776	0.00634	0.00704	0.03563
17	0.04190	0.14536	0.14940	0.12797	0.02511	0.04459	0.01533	0.06611	0.11915	0.09414	0.03852	0.04490	0.01624	0.00870	0.00674	0.00220	0.00786	0.03111	0.00500	0.00966
18	0.05169	0.09796	0.53497	0.02108	0.06942	0.01768	0.06645	0.02234	0.01503	0.02253	0.01253	0.01497	0.00922	0.00662	0.00658	0.00219	0.01000	0.00533	0.00315	0.01025
19	0.01250	0.00781	0.01029	0.00937	0.01147	0.00713	0.00713	0.01579	0.02018	0.10393	0.62711	0.04999	0.06171	0.01392	0.00826	0.00224	0.00366	0.01225	0.00795	0.00732
20	0.01762	0.01692	0.02890	0.04371	0.70533	0.01692	0.02185	0.02185	0.01621	0.02326	0.01339	0.01762	0.01128	0.00634	0.00705	0.00211	0.00846	0.00634	0.00352	0.01128
21	0.01183	0.00927	0.01191	0.06491	0.01649	0.00972	0.01041	0.01763	0.13535	0.02173	0.03841	0.19771	0.10916	0.01732	0.00887	0.00289	0.00580	0.29688	0.00645	0.00728
22	0.03103	0.01332	0.01668	0.01303	0.01838	0.04505	0.01066	0.03455	0.05169	0.64516	0.02731	0.02380	0.01741	0.00878	0.00713	0.00220	0.00637	0.00708	0.00849	0.01189
23	0.00856	0.00718	0.00744	0.00745	0.00973	0.00606	0.00556	0.01046	0.01644	0.01993	0.12067	0.09283	0.62748	0.01792	0.00844	0.00241	0.00361	0.01505	0.00671	0.00606
24	0.01589	0.01670	0.06960	0.28634	0.36863	0.01659	0.05266	0.02128	0.04258	0.02165	0.01377	0.01838	0.01089	0.00676	0.00713	0.00224	0.00902	0.00644	0.00352	0.00995
25	0.01770	0.01955	0.03240	0.14591	0.16891	0.11261	0.32884	0.02243	0.01653	0.02123	0.01329	0.01788	0.01041	0.00665	0.00816	0.00229	0.03522	0.00707	0.00351	0.00942
26	0.02707	0.01995	0.02137	0.01638	0.02208	0.02208	0.01353	0.68159	0.03348	0.04488	0.01710	0.01710	0.01211	0.00855	0.00712	0.00214	0.00784	0.00641	0.00712	0.01211
27	0.01719	0.01648	0.02812	0.11510	0.63732	0.01680	0.02164	0.02147	0.01601	0.02274	0.01332	0.01776	0.01109	0.00642	0.00706	0.00214	0.00857	0.00634	0.00349	0.01093
28	0.00927	0.00725	0.00840	0.00811	0.01014	0.00637	0.00608	0.01187	0.01825	0.02402	0.39529	0.06065	0.37630	0.01625	0.00841	0.00232	0.00348	0.01392	0.00724	0.00637
29	0.00866	0.00627	0.00819	0.00972	0.01028	0.00580	0.00652	0.00994	0.01382	0.01826	0.04167	0.69519	0.09545	0.02199	0.00904	0.00286	0.00409	0.01986	0.00661	0.00580
30	0.01034	0.00692	0.00787	0.00783	0.00793	0.00689	0.00445	0.01053	0.01092	0.01465	0.06148	0.04698	0.02826	0.70748	0.03464	0.00664	0.00670	0.01050	0.00452	0.00445
31	0.01309	0.00667	0.00680	0.00677	0.00843	0.00664	0.00508	0.01641	0.01523	0.02666	0.06223	0.02808	0.02106	0.00866	0.00517	0.00169	0.00332	0.00700	0.74435	0.00664
32	0.02660	0.03394	0.02018	0.01834	0.02201	0.72116	0.01376	0.02843	0.02018	0.01743	0.01101	0.01284	0.00917	0.00734	0.00642	0.00183	0.01284	0.00459	0.00367	0.00825
33	0.80005	0.01377	0.01047	0.00936	0.01377	0.01597	0.00771	0.02093	0.01212	0.03195	0.00991	0.01157	0.00771	0.00661	0.00441	0.00220	0.00551	0.00386	0.00441	0.00771
34	0.01017	0.00763	0.01144	0.01144	0.01272	0.00890	0.00890	0.01272	0.01144	0.01653	0.01907	0.02797	0.01780	0.05340	0.72153	0.01144	0.01907	0.00763	0.00381	0.00636
35	0.52904	0.27064	0.01978	0.01034	0.01533	0.02021	0.00926	0.02107	0.01293	0.02668	0.00991	0.01152	0.00821	0.00643	0.00446	0.00197	0.00624	0.00384	0.00393	0.00821
36	0.01036	0.00690	0.00777	0.00777	0.00777	0.00690	0.00431	0.01036	0.01036	0.01381	0.02244	0.04660	0.02589	0.74975	0.03624	0.00690	0.00690	0.01036	0.00431	0.00431
37	0.01904	0.75404	0.03731	0.01218	0.01828	0.02818	0.01218	0.02132	0.01447	0.01675	0.00990	0.01142	0.00914	0.00609	0.00457	0.00152	0.00761	0.00381	0.00305	0.00914
38	0.01517	0.17002	0.58740	0.01879	0.02849	0.01870	0.02369	0.02232	0.01493	0.02147	0.01224	0.01436	0.00904	0.00664	0.00636	0.00212	0.00998	0.00499	0.00301	0.01027
39	0.00910	0.00637	0.00814	0.00938	0.00969	0.00606	0.00603	0.01003	0.01281	0.01708	0.03503	0.56990	0.04178	0.20477	0.01590	0.00390	0.00483	0.01776	0.00603	0.00542
40	0.02533	0.01894	0.02043	0.01563	0.02136	0.02046	0.01286	0.58340	0.05116	0.04185	0.01693	0.01711	0.01221	0.00819	0.00691	0.00202	0.00747	0.00620	0.00678	0.10478
41	0.01559	0.01263	0.01485	0.01065	0.01694	0.00954	0.00854	0.01874	0.01504	0.05631	0.01340	0.01522	0.01089	0.00544	0.00536	0.00111	0.00531	0.00436	0.00444	0.75563
42	0.17802	0.01878	0.01816	0.01559	0.04133	0.11320	0.01217	0.28872	0.04417	0.07814	0.05458	0.01817	0.01443	0.00863	0.00782	0.00220	0.06388	0.00612	0.00585	0.01002
43	0.01088	0.00700	0.00910	0.00991	0.01076	0.00663	0.00688	0.01231	0.01408	0.06205	0.07799	0.43869	0.04145	0.17361	0.01471	0.00369	0.00504	0.08289	0.00634	0.00602
44	0.00857	0.00701	0.00759	0.00802	0.00994	0.00602	0.00587	0.01029	0.01563	0.01905	0.06348	0.22544	0.53077	0.01907	0.00861	0.00254	0.00382	0.03568	0.00661	0.00598
45	0.01212	0.01220	0.09536	0.01168	0.01488	0.00964	0.01033	0.01796	0.11876	0.04561	0.17125	0.14454	0.17901	0.01525	0.00830	0.00255	0.00530	0.11094	0.00658	0.00774
46	0.02615	0.01955	0.02119	0.01642	0.02178	0.02190	0.01354	0.62449	0.05806	0.04295	0.01719	0.01739	0.01235	0.00878	0.00791	0.00219	0.04288	0.00647	0.00693	0.01187
47	0.02664	0.01213	0.01551	0.01249	0.01730	0.01133	0.01011	0.03261	0.14466	0.50299	0.07874	0.02881	0.05386	0.00981	0.00732	0.00225	0.00567	0.00810	0.00835	0.01129
48	0.00926	0.00682	0.00870	0.00940	0.01060	0.00627	0.00677	0.01139	0.01628	0.02184	0.25474	0.37973	0.15320	0.01902	0.00881	0.00263	0.00396	0.05742	0.00700	0.00616
49	0.01648	0.37450	0.35373	0.05742	0.02594	0.02200	0.01926	0.02172	0.01472	0.01956	0.01141	0.01355	0.00910	0.00647	0.00575	0.00192	0.00909	0.00464	0.00303	0.00972
50	0.01078	0.00741	0.01040	0.01040	0.01170	0.00840	0.00800	0.01339	0.01208	0.01837	0.01998	0.02830	0.01815	0.06733	0.56116	0.00941	0.01564	0.00753	0.15522	0.00635
51	0.03120	0.01255	0.01670	0.01289	0.01835	0.01121	0.01062	0.06076	0.04679	0.65737	0.02769	0.02404	0.01756	0.00884	0.00716	0.00221	0.00611	0.00716	0.00869	0.01209
52	0.01392	0.00912	0.01138	0.01018	0.01264	0.00878	0.00782	0.07575	0.04456	0.09716	0.49998	0.07886	0.07399	0.01374	0.00815	0.00227	0.00415	0.01197	0.00776	0.00783
53	0.01488	0.03320	0.58597	0.02420	0.13406	0.01664	0.04746	0.02245	0.01527	0.02267	0.01293	0.01557	0.00942	0.00668	0.00686	0.00224	0.01026	0.00553	0.00311	0.01061
54	0.03943	0.00930	0.01138	0.01008	0.01256	0.00910	0.00779	0.09563	0.02151	0.06983	0.55736	0.04579	0.05572	0.01324	0.00804	0.00222	0.00413	0.01147	0.00770	0.00771
55	0.80005	0.01377	0.01047	0.00936	0.01377	0.01597	0.00771	0.02093	0.01212	0.03195	0.00991	0.01157	0.00771	0.00661	0.00441	0.00220	0.00551	0.00386	0.00441	0.00771
56	0.01771	0.01530	0.01610	0.01449	0.01852	0.01771	0.01127	0.03784	0.69247	0.02979	0.02898	0.02657	0.02174	0.00966	0.00725	0.00242	0.00564	0.00805	0.00725	0.01127
57	0.02813	0.01824	0.02031	0.01557	0.02123	0.01955	0.01287	0.54065	0.03063	0.18985	0.01949	0.01865	0.01331	0.00861	0.00713	0.00215	0.00745	0.00657	0.00749	0.01211
58	0.00892	0.00720	0.00793	0.00782	0.00994	0.00621	0.00584	0.01116	0.01731	0.02196	0.25740	0.08615	0.49291	0.01714	0.00843	0.00237	0.00355	0.01456	0.00698	0.00621
59	0.01036	0.00690	0.00777	0.00777	0.00777	0.00690	0.00431	0.01036	0.01036	0.01381	0.02244	0.04660	0.02589	0.74975	0.03624	0.00690	0.00690	0.01036	0.00431	0.00431
60	0.01036	0.00690	0.00777	0.00777	0.00777	0.00690	0.00431	0.01036	0.01036	0.01381	0.02244	0.04660	0.02589	0.74975	0.03624	0.00690	0.00690	0.01036	0.00431	0.00431
61	0.01904	0.75404	0.03731	0.01218	0.01828	0.02818	0.01218	0.02132	0.01447	0.01675	0.00990	0.01142	0.00914	0.00609	0.00457	0.00152	0.00761	0.00381	0.00305	0.00914
62	0.01477	0.01266	0.01477	0.01055	0.01687	0.00949	0.00844	0.01793	0.01477	0.02320	0.01266	0.01477	0.01055	0.00527	0.00527	0.00105	0.00527	0.00422	0.00422	0.79328
63	0.80005	0.01377	0.01047	0.00936	0.01377	0.01597	0.00771	0.02093	0.01212	0.03195	0.00991	0.01157	0.00771	0.00661	0.00441	0.00220	0.00551	0.00386	0.00441	0.00771
64	0.01477	0.01266	0.01477	0.01055	0.01687	0.00949	0.00844	0.01793	0.01477	0.02320	0.01266	0.01477	0.01055	0.00527	0.00527	0.00105	0.00527	0.00422	0.00422	0.79328
65	0.01389	0.01311	0.02215	0.65983	0.11840	0.01594	0.01999	0.01858	0.01445	0.01873	0.01273	0.01884	0.00968	0.00704	0.00711	0.00235	0.00938	0.00633	0.00320	0.00827
66	0.80005	0.01377	0.01047	0.00936	0.01377	0.01597	0.00771	0.02093	0.01212	0.03195	0.00991	0.01157	0.00771	0.00661	0.00441	0.00220	0.00551	0.00386	0.00441	0.00771
67	0.01725	0.01654	0.02823	0.10532	0.64664	0.01682	0.02167	0.02153	0.01604	0.02281	0.01333	0.01775	0.01112	0.00641	0.00706	0.00214	0.00855	0.00634	0.00349	0.01098
68	0.02558	0.02123	0.06470	0.01657	0.02238	0.04865	0.01419	0.56895	0.07837	0.04133	0.01743	0.01747	0.01248	0.00847	0.00708	0.00215	0.00805	0.00638	0.00674	0.01180
69	0.00868	0.00620	0.00826	0.00991	0.01033	0.00578	0.00661	0.00991	0.01363	0.01818	0.03925	0.74510	0.04710	0.02231	0.00909	0.00289	0.00413	0.02024	0.00661	0.00578
70	0.02272	0.01576	0.01728	0.01389	0.01847	0.01681	0.01122	0.44781	0.02746	0.09535	0.02762	0.10105	0.10496	0.01122	0.00743	0.00224	0.00661	0.00904	0.03256	0.01049
71	0.02075	0.01572	0.01874	0.04456	0.15156	0.06459	0.01324	0.09542	0.21597	0.15474	0.07520	0.02623	0.05287	0.00927	0.00726	0.00223	0.00686	0.00778	0.00643	0.01059
72	0.80005	0.01377	0.01047	0.00936	0.01377	0.01597	0.00771	0.02093	0.01212	0.03195	0.00991	0.01157	0.00771	0.00661	0.00441	0.00220	0.00551	0.00386	0.00441	0.00771
73	0.01750	0.01513	0.01691	0.10132	0.02232	0.01763	0.01237	0.05667	0.58882	0.02888	0.02662	0.02534	0.01994	0.00932	0.00723	0.00240	0.00617	0.00779	0.00675	0.01089
74	0.01510	0.01282	0.01494	0.01123	0.01679	0.01083	0.00896	0.04032	0.07679	0.02468	0.06475	0.01875	0.01573	0.00669	0.00633	0.00137	0.02893	0.00533	0.00481	0.61486
75	0.01588	0.27727	0.48638	0.01758	0.02661	0.02044	0.02157	0.02214	0.01484	0.02061	0.01181	0.01382	0.00906	0.00654	0.00603	0.00201	0.00955	0.00477	0.00302	0.01006
76	0.01435	0.03633	0.69389	0.02057	0.03100	0.01658	0.04478	0.02256	0.01508	0.02256	0.01282	0.01515	0.00907	0.00674	0.00681	0.00226	0.01057	0.00535	0.00302	0.01050
77	0.01556	0.01666	0.03379	0.29633	0.06278	0.01715	0.40907	0.02103	0.01582	0.02108	0.01371	0.01907	0.01032	0.00644	0.00787	0.00238	0.01094	0.00755	0.00343	0.00902
78	0.06616	0.03644	0.05523	0.43130	0.15993	0.01628	0.01869	0.05005	0.01552	0.02159	0.01418	0.02128	0.01160	0.00769	0.00699	0.00233	0.00880	0.04348	0.00368	0.00878
79	0.02939	0.01213	0.01608	0.01262	0.01777	0.01091	0.01032	0.03377	0.08188	0.60879	0.06689	0.02611	0.02085	0.00922	0.00724	0.00222	0.00587	0.00757	0.00861	0.01173
80	0.00875	0.00633	0.00814	0.00955	0.01012	0.00587	0.00637	0.00997	0.01368	0.01802	0.04122	0.64456	0.10437	0.06375	0.01059	0.00308	0.00424	0.01921	0.00648	0.00572
81	0.16451	0.07683	0.04633	0.06891	0.02169	0.18996	0.01321	0.10976	0.01830	0.11902	0.01386	0.01549	0.01049	0.00803	0.00816	0.00217	0.09391	0.00533	0.00478	0.00926
82	0.01565	0.01698	0.06655	0.05181	0.19404	0.01778	0.16325	0.01943	0.01419	0.02042	0.01414	0.04345	0.01283	0.01097	0.03687	0.00291	0.25434	0.03175	0.00359	0.00906
83	0.00964	0.00663	0.00812	0.00881	0.00904	0.00651	0.00546	0.01026	0.01178	0.01576	0.02940	0.34058	0.03452	0.41593	0.05128	0.00539	0.00620	0.01442	0.00526	0.00501
84	0.00873	0.00622	0.00824	0.00984	0.01024	0.00582	0.00653	0.00993	0.01352	0.01802	0.03866	0.72057	0.04635	0.04786	0.01004	0.00303	0.00423	0.01990	0.00653	0.00573
85	0.01478	0.01382	0.02276	0.55789	0.12269	0.01636	0.04577	0.04212	0.05488	0.02054	0.01392	0.01921	0.01056	0.00718	0.00717	0.00234	0.00919	0.00652	0.00359	0.00871
86	0.01163	0.00837	0.01145	0.01290	0.01454	0.00845	0.01112	0.01531	0.03869	0.02123	0.03667	0.07690	0.03961	0.05452	0.01102	0.00342	0.00654	0.60452	0.00647	0.00661
87	0.02674	0.01978	0.02119	0.01632	0.02196	0.02193	0.01346	0.65911	0.05649	0.04435	0.01751	0.01743	0.01245	0.00859	0.00713	0.00215	0.00776	0.00647	0.00713	0.01208
88	0.01846	0.66738	0.11893	0.01316	0.01979	0.02677	0.01389	0.02147	0.01454	0.01745	0.01025	0.01186	0.00912	0.00617	0.00483	0.00161	0.00797	0.00398	0.00304	0.00931
89	0.01110	0.00750	0.00984	0.00913	0.01099	0.00689	0.00689	0.01443	0.02017	0.06032	0.67019	0.05184	0.06488	0.01429	0.00834	0.00224	0.00349	0.01261	0.00788	0.00697
90	0.00874	0.00632	0.00827	0.00970	0.01030	0.00585	0.00654	0.01014	0.01417	0.01884	0.07932	0.66437	0.08792	0.02160	0.00901	0.00282	0.00406	0.01950	0.00668	0.00585
91	0.00868	0.00620	0.00826	0.00991	0.01033	0.00578	0.00661	0.00991	0.01363	0.01818	0.03925	0.74510	0.04710	0.02231	0.00909	0.00289	0.00413	0.02024	0.00661	0.00578
92	0.00877	0.00627	0.00835	0.00985	0.01035	0.00585	0.00662	0.01015	0.01408	0.01888	0.08423	0.69811	0.04846	0.02178	0.00904	0.00285	0.00408	0.01974	0.00669	0.00585
93	0.01771	0.01530	0.01610	0.01449	0.01852	0.01771	0.01127	0.03784	0.69247	0.02979	0.02898	0.02657	0.02174	0.00966	0.00725	0.00242	0.00564	0.00805	0.00725	0.01127
94	0.02726	0.01964	0.02118	0.01624	0.02193	0.02163	0.01341	0.65639	0.03297	0.07079	0.01752	0.01737	0.01232	0.00856	0.00712	0.00214	0.00777	0.00644	0.00719	0.01211
95	0.01714	0.46849	0.30627	0.01541	0.02327	0.02354	0.01781	0.02181	0.01469	0.01906	0.01105	0.01286	0.00909	0.00636	0.00544	0.00181	0.00877	0.00439	0.00303	0.00969
96	0.01428	0.03683	0.71286	0.02030	0.03082	0.01654	0.02631	0.02255	0.01503	0.02255	0.01278	0.01503	0.00902	0.00677	0.00677	0.00226	0.01052	0.00526	0.00301	0.01052
97	0.02954	0.01159	0.01575	0.01226	0.01735	0.01005	0.01005	0.03236	0.02036	0.63532	0.10213	0.02742	0.02307	0.00944	0.00730	0.00221	0.00576	0.00779	0.00871	0.01152
98	0.01573	0.03369	0.62850	0.01926	0.02905	0.01569	0.02428	0.02335	0.01567	0.08412	0.03589	0.01706	0.01162	0.00719	0.00685	0.00225	0.00990	0.00567	0.00368	0.01055
99	0.02780	0.01877	0.02064	0.01583	0.02150	0.02034	0.01307	0.58449	0.03151	0.14476	0.01875	0.01817	0.01294	0.00859	0.00713	0.00215	0.00757	0.00652	0.00738	0.01211
100	0.00881	0.00629	0.00842	0.01007	0.01054	0.00590	0.00684	0.01015	0.01377	0.01833	0.03917	0.71307	0.04680	0.02218	0.00912	0.00291	0.00425	0.05095	0.00661	0.00582
101	0.01818	0.01519	0.01612	0.01443	0.01851	0.01747	0.01124	0.03773	0.67033	0.05220	0.02895	0.02649	0.02160	0.00963	0.00724	0.00241	0.00565	0.00802	0.00730	0.01130
102	0.74112	0.01424	0.01130	0.00990	0.01440	0.01644	0.00816	0.07130	0.01375	0.03293	0.01046	0.01199	0.00805	0.00676	0.00461	0.00220	0.00569	0.00405	0.00461	0.00805
103	0.00880	0.00744	0.00765	0.00773	0.01002	0.00644	0.00574	0.01126	0.04215	0.01955	0.06761	0.12557	0.61930	0.01808	0.00843	0.00245	0.00373	0.01521	0.00664	0.00619
104	0.14861	0.07643	0.10900	0.14961	0.14219	0.03662	0.04684	0.04172	0.01623	0.08754	0.06688	0.01931	0.01475	0.00750	0.00655	0.00217	0.00800	0.00621	0.00444	0.00939
105	0.02299	0.37745	0.02835	0.01541	0.02023	0.39058	0.01301	0.02504	0.01745	0.01711	0.01048	0.01216	0.00916	0.00674	0.00554	0.00169	0.01035	0.00421	0.00337	0.00868
106	0.01477	0.01266	0.01477	0.01055	0.01687	0.00949	0.00844	0.01793	0.01477	0.02320	0.01266	0.01477	0.01055	0.00527	0.00527	0.00105	0.00527	0.00422	0.00422	0.79328
107	0.00869	0.00716	0.00763	0.00764	0.00982	0.00611	0.00568	0.01069	0.01668	0.02060	0.16632	0.10647	0.56639	0.01776	0.00845	0.00241	0.00360	0.01501	0.00680	0.00611
108	0.01317	0.00974	0.01327	0.01582	0.11819	0.00962	0.00987	0.07463	0.03917	0.05554	0.05909	0.46081	0.05827	0.01712	0.00840	0.00261	0.00522	0.01538	0.00636	0.00773
109	0.05682	0.01217	0.01633	0.01256	0.01803	0.01064	0.01038	0.03426	0.02011	0.68830	0.02750	0.02383	0.01731	0.00874	0.00707	0.00220	0.00604	0.00705	0.00867	0.01198
110	0.77047	0.01371	0.01070	0.00949	0.01394	0.01576	0.00782	0.02146	0.01244	0.05807	0.01062	0.01206	0.00809	0.00669	0.00451	0.00220	0.00553	0.00398	0.00458	0.00788
