[name]
unknown

[dist]
# distance from previous block
# <min> <max>
32	97

[block]
# block no. 0 follows, 29 sequences, length 147
# corresponding to MSA columns:
# 135-281
name=unknown_A
#
# <colnr> <probs for GDERKNQSTAVLIFYWHMCP>
#	G	D	E	R	K	N	Q	S	T	A	V	L	I	F	Y	W	H	M	C	P
0	0.09355	0.01476	0.01816	0.01420	0.01911	0.01513	0.05635	0.25116	0.02310	0.24877	0.04907	0.02498	0.07455	0.00941	0.00752	0.00222	0.02682	0.00753	0.03306	0.01053
1	0.01910	0.04341	0.07743	0.08767	0.11116	0.01595	0.03678	0.17377	0.07193	0.07104	0.01686	0.01928	0.01295	0.03064	0.00754	0.00212	0.00745	0.00622	0.04811	0.14059
2	0.02255	0.01806	0.05834	0.01647	0.06716	0.07589	0.01288	0.22906	0.08819	0.14924	0.08501	0.02204	0.01867	0.00856	0.00697	0.00204	0.00722	0.00685	0.00639	0.09839
3	0.06505	0.04029	0.08345	0.01781	0.08121	0.01722	0.04249	0.17944	0.19959	0.07632	0.01981	0.02145	0.01510	0.00828	0.00686	0.00216	0.00720	0.02819	0.00586	0.08222
4	0.04837	0.01691	0.02020	0.01666	0.05808	0.04200	0.05975	0.31574	0.02441	0.09575	0.07499	0.02025	0.01665	0.00808	0.00687	0.00196	0.00726	0.00662	0.00614	0.15331
5	0.15016	0.13713	0.09061	0.01449	0.02021	0.06409	0.01307	0.23695	0.11022	0.03106	0.01526	0.01592	0.01160	0.00754	0.00610	0.00202	0.00756	0.00544	0.00524	0.05534
6	0.06063	0.04002	0.01580	0.01258	0.01631	0.01428	0.00989	0.24445	0.04978	0.15528	0.05430	0.12762	0.02267	0.10906	0.03216	0.00315	0.00677	0.00921	0.00665	0.00941
7	0.05209	0.59853	0.06489	0.01298	0.01898	0.08521	0.01271	0.02253	0.01513	0.04674	0.01089	0.01225	0.00943	0.00636	0.00493	0.00164	0.00804	0.00408	0.00339	0.00919
8	0.01456	0.01254	0.01517	0.07407	0.01953	0.01027	0.00949	0.01852	0.04395	0.02287	0.01433	0.04220	0.01227	0.00624	0.00566	0.00130	0.00562	0.00515	0.00434	0.66194
9	0.01735	0.01563	0.02636	0.14909	0.53949	0.01606	0.02053	0.02155	0.01610	0.05391	0.01505	0.02098	0.01263	0.00718	0.00719	0.00221	0.00843	0.03584	0.00385	0.01057
10	0.01850	0.01328	0.01985	0.24106	0.13191	0.01419	0.03510	0.09993	0.04250	0.14758	0.04335	0.12252	0.01920	0.00991	0.00748	0.00235	0.00750	0.00878	0.00550	0.00951
11	0.80005	0.01377	0.01047	0.00936	0.01377	0.01597	0.00771	0.02093	0.01212	0.03195	0.00991	0.01157	0.00771	0.00661	0.00441	0.00220	0.00551	0.00386	0.00441	0.00771
12	0.01003	0.00728	0.00945	0.00890	0.01061	0.00670	0.00668	0.01334	0.02003	0.02827	0.68205	0.05367	0.08689	0.01467	0.00840	0.00224	0.00337	0.01294	0.00780	0.00670
13	0.02613	0.01592	0.01845	0.01399	0.01975	0.01574	0.01150	0.33634	0.02541	0.25583	0.01975	0.01893	0.01358	0.00796	0.00676	0.00194	0.00674	0.00620	0.00708	0.17202
14	0.00956	0.00702	0.00897	0.00899	0.01045	0.00642	0.00655	0.01225	0.01819	0.02508	0.47623	0.21813	0.13216	0.01677	0.00856	0.00241	0.00357	0.01485	0.00741	0.00642
15	0.01017	0.00763	0.01144	0.01144	0.01272	0.00890	0.00890	0.01272	0.01144	0.01653	0.01907	0.02797	0.01780	0.05340	0.72153	0.01144	0.01907	0.00763	0.00381	0.00636
16	0.01762	0.01692	0.02890	0.04371	0.70533	0.01692	0.02185	0.02185	0.01621	0.02326	0.01339	0.01762	0.01128	0.00634	0.00705	0.00211	0.00846	0.00634	0.00352	0.01128
17	0.01477	0.01266	0.01477	0.01055	0.01687	0.00949	0.00844	0.01793	0.01477	0.02320	0.01266	0.01477	0.01055	0.00527	0.00527	0.00105	0.00527	0.00422	0.00422	0.79328
18	0.01762	0.01692	0.02890	0.04371	0.70533	0.01692	0.02185	0.02185	0.01621	0.02326	0.01339	0.01762	0.01128	0.00634	0.00705	0.00211	0.00846	0.00634	0.00352	0.01128
19	0.02667	0.01975	0.02115	0.01630	0.02193	0.02190	0.01344	0.65446	0.06125	0.04424	0.01760	0.01750	0.01252	0.00859	0.00713	0.00215	0.00774	0.00648	0.00713	0.01207
20	0.01017	0.00763	0.01144	0.01144	0.01272	0.00890	0.00890	0.01272	0.01144	0.01653	0.01907	0.02797	0.01780	0.05340	0.72153	0.01144	0.01907	0.00763	0.00381	0.00636
21	0.01546	0.10126	0.45760	0.02226	0.03142	0.01808	0.20981	0.02250	0.01548	0.02206	0.01296	0.01587	0.00954	0.00648	0.00702	0.00223	0.01066	0.00601	0.00318	0.01013
22	0.01008	0.00728	0.00952	0.00896	0.01064	0.00672	0.00672	0.01344	0.02016	0.02855	0.70158	0.05319	0.06719	0.01456	0.00840	0.00224	0.00336	0.01288	0.00784	0.00672
23	0.00866	0.00624	0.00821	0.00979	0.01030	0.00579	0.00655	0.00993	0.01375	0.01823	0.04076	0.71406	0.07717	0.02211	0.00906	0.00287	0.00411	0.02000	0.00661	0.00579
24	0.01605	0.00857	0.01140	0.01002	0.01270	0.00771	0.00775	0.01915	0.01994	0.21613	0.48721	0.07509	0.05265	0.01331	0.00809	0.00226	0.00414	0.01162	0.00805	0.00817
25	0.02337	0.05141	0.01906	0.01497	0.01981	0.06415	0.01207	0.23883	0.31236	0.13214	0.02307	0.02166	0.01671	0.00887	0.00702	0.00222	0.00695	0.00699	0.00701	0.01136
26	0.01904	0.75404	0.03731	0.01218	0.01828	0.02818	0.01218	0.02132	0.01447	0.01675	0.00990	0.01142	0.00914	0.00609	0.00457	0.00152	0.00761	0.00381	0.00305	0.00914
27	0.03195	0.01212	0.01652	0.01267	0.01818	0.01047	0.01047	0.03470	0.02038	0.71026	0.02809	0.02424	0.01763	0.00881	0.00716	0.00220	0.00606	0.00716	0.00881	0.01212
28	0.03195	0.01212	0.01652	0.01267	0.01818	0.01047	0.01047	0.03470	0.02038	0.71026	0.02809	0.02424	0.01763	0.00881	0.00716	0.00220	0.00606	0.00716	0.00881	0.01212
29	0.06014	0.05118	0.02049	0.01912	0.06545	0.57216	0.01378	0.02816	0.06883	0.01935	0.01240	0.01406	0.01017	0.00738	0.00638	0.00190	0.01155	0.00490	0.00394	0.00867
30	0.02590	0.01882	0.02012	0.01556	0.02091	0.02077	0.01281	0.62516	0.03191	0.04332	0.01762	0.01790	0.01263	0.00853	0.00694	0.00210	0.00745	0.00643	0.07350	0.01165
31	0.00868	0.00620	0.00826	0.00991	0.01033	0.00578	0.00661	0.00991	0.01363	0.01818	0.03925	0.74510	0.04710	0.02231	0.00909	0.00289	0.00413	0.02024	0.00661	0.00578
32	0.02777	0.01185	0.01539	0.01212	0.01668	0.01080	0.00964	0.08378	0.01971	0.53378	0.02620	0.02755	0.01861	0.13819	0.01224	0.00302	0.00635	0.00766	0.00789	0.01075
33	0.01216	0.00815	0.01060	0.03819	0.01243	0.00873	0.00741	0.04187	0.01272	0.04903	0.02175	0.07124	0.02210	0.33354	0.27870	0.00753	0.01113	0.00924	0.03741	0.00606
34	0.03195	0.01212	0.01652	0.01267	0.01818	0.01047	0.01047	0.03470	0.02038	0.71026	0.02809	0.02424	0.01763	0.00881	0.00716	0.00220	0.00606	0.00716	0.00881	0.01212
35	0.00866	0.00627	0.00819	0.00972	0.01028	0.00580	0.00652	0.00994	0.01382	0.01825	0.04163	0.69597	0.09469	0.02200	0.00904	0.00286	0.00409	0.01986	0.00661	0.00580
36	0.01833	0.07994	0.16766	0.02453	0.03172	0.11740	0.37872	0.05367	0.01753	0.02256	0.01340	0.01682	0.01016	0.00646	0.00746	0.00222	0.01131	0.00682	0.00362	0.00967
37	0.01864	0.68568	0.07585	0.01289	0.01902	0.02727	0.01312	0.02124	0.01437	0.01710	0.01005	0.01178	0.00914	0.00636	0.00538	0.00162	0.03429	0.00398	0.00305	0.00917
38	0.65267	0.01467	0.01237	0.01057	0.01522	0.01672	0.00871	0.12358	0.01572	0.05855	0.01168	0.01288	0.00875	0.00699	0.00493	0.00219	0.00589	0.00437	0.00499	0.00855
39	0.01746	0.01675	0.02861	0.07072	0.67960	0.01688	0.02177	0.02171	0.01614	0.02306	0.01337	0.01768	0.01121	0.00637	0.00705	0.00212	0.00850	0.00634	0.00351	0.01115
40	0.01697	0.01394	0.01495	0.01344	0.01711	0.01552	0.01051	0.13060	0.42047	0.02946	0.03366	0.09525	0.10613	0.01203	0.00764	0.00245	0.00564	0.03708	0.00706	0.01008
41	0.01345	0.01266	0.02136	0.73264	0.04904	0.01582	0.01978	0.01819	0.01424	0.01819	0.01266	0.01898	0.00949	0.00712	0.00712	0.00237	0.00949	0.00633	0.00316	0.00791
42	0.00875	0.00625	0.00833	0.00987	0.01034	0.00583	0.00662	0.01009	0.01397	0.01871	0.07303	0.70981	0.04812	0.02191	0.00905	0.00286	0.00409	0.01987	0.00667	0.00583
43	0.01428	0.03683	0.71286	0.02030	0.03082	0.01654	0.02631	0.02255	0.01503	0.02255	0.01278	0.01503	0.00902	0.00677	0.00677	0.00226	0.01052	0.00526	0.00301	0.01052
44	0.00842	0.00721	0.00721	0.00721	0.00962	0.00601	0.00541	0.01022	0.01623	0.01924	0.07213	0.06853	0.70244	0.01803	0.00842	0.00240	0.00361	0.01503	0.00661	0.00601
45	0.01883	0.72305	0.06650	0.01253	0.01882	0.02767	0.01279	0.02138	0.01449	0.01700	0.01002	0.01158	0.00913	0.00612	0.00466	0.00155	0.00774	0.00387	0.00304	0.00920
46	0.01036	0.00690	0.00777	0.00777	0.00777	0.00690	0.00431	0.01036	0.01036	0.01381	0.02244	0.04660	0.02589	0.74975	0.03624	0.00690	0.00690	0.01036	0.00431	0.00431
47	0.01477	0.01266	0.01477	0.01055	0.01687	0.00949	0.00844	0.01793	0.01477	0.02320	0.01266	0.01477	0.01055	0.00527	0.00527	0.00105	0.00527	0.00422	0.00422	0.79328
48	0.01477	0.01266	0.01477	0.01055	0.01687	0.00949	0.00844	0.01793	0.01477	0.02320	0.01266	0.01477	0.01055	0.00527	0.00527	0.00105	0.00527	0.00422	0.00422	0.79328
49	0.00868	0.00620	0.00826	0.00991	0.01033	0.00578	0.00661	0.00991	0.01363	0.01818	0.03925	0.74510	0.04710	0.02231	0.00909	0.00289	0.00413	0.02024	0.00661	0.00578
50	0.01477	0.01266	0.01477	0.01055	0.01687	0.00949	0.00844	0.01793	0.01477	0.02320	0.01266	0.01477	0.01055	0.00527	0.00527	0.00105	0.00527	0.00422	0.00422	0.79328
51	0.02507	0.01895	0.02025	0.01598	0.02132	0.02115	0.01305	0.54428	0.17404	0.04166	0.01963	0.01912	0.01416	0.00879	0.00715	0.00220	0.00737	0.00676	0.00715	0.01193
52	0.02522	0.13211	0.04816	0.01694	0.02182	0.38273	0.01392	0.22745	0.02326	0.02593	0.01278	0.01402	0.01006	0.00751	0.00639	0.00190	0.01048	0.00506	0.00462	0.00964
53	0.00890	0.00727	0.00773	0.00782	0.00995	0.00629	0.00589	0.01078	0.01606	0.01958	0.10444	0.06692	0.56241	0.07109	0.01055	0.00279	0.00406	0.06498	0.00652	0.00597
54	0.02729	0.01959	0.02115	0.01622	0.02191	0.02156	0.01340	0.65232	0.03289	0.07498	0.01759	0.01742	0.01236	0.00856	0.00712	0.00214	0.00776	0.00644	0.00720	0.01211
55	0.02707	0.01995	0.02137	0.01638	0.02208	0.02208	0.01353	0.68159	0.03348	0.04488	0.01710	0.01710	0.01211	0.00855	0.00712	0.00214	0.00784	0.00641	0.00712	0.01211
56	0.01018	0.00760	0.01128	0.01128	0.01249	0.00881	0.00869	0.01261	0.01139	0.01641	0.01923	0.02882	0.01817	0.08491	0.69053	0.01124	0.01852	0.00775	0.00384	0.00627
57	0.01762	0.01692	0.02890	0.04371	0.70533	0.01692	0.02185	0.02185	0.01621	0.02326	0.01339	0.01762	0.01128	0.00634	0.00705	0.00211	0.00846	0.00634	0.00352	0.01128
58	0.80005	0.01377	0.01047	0.00936	0.01377	0.01597	0.00771	0.02093	0.01212	0.03195	0.00991	0.01157	0.00771	0.00661	0.00441	0.00220	0.00551	0.00386	0.00441	0.00771
59	0.02707	0.01995	0.02137	0.01638	0.02208	0.02208	0.01353	0.68159	0.03348	0.04488	0.01710	0.01710	0.01211	0.00855	0.00712	0.00214	0.00784	0.00641	0.00712	0.01211
60	0.02707	0.01995	0.02137	0.01638	0.02208	0.02208	0.01353	0.68159	0.03348	0.04488	0.01710	0.01710	0.01211	0.00855	0.00712	0.00214	0.00784	0.00641	0.00712	0.01211
61	0.01904	0.75404	0.03731	0.01218	0.01828	0.02818	0.01218	0.02132	0.01447	0.01675	0.00990	0.01142	0.00914	0.00609	0.00457	0.00152	0.00761	0.00381	0.00305	0.00914
62	0.01613	0.31495	0.45090	0.01715	0.02596	0.02105	0.02083	0.02207	0.01481	0.02030	0.01166	0.01363	0.00907	0.00650	0.00591	0.00197	0.00940	0.00470	0.00302	0.00999
63	0.01035	0.00694	0.00793	0.00793	0.00799	0.00699	0.00452	0.01046	0.01040	0.01393	0.02228	0.04576	0.02552	0.71825	0.06725	0.00711	0.00745	0.01023	0.00429	0.00441
64	0.01414	0.01164	0.01153	0.01011	0.01345	0.03637	0.00792	0.19307	0.02105	0.02613	0.05498	0.05255	0.48991	0.01507	0.00799	0.00231	0.00509	0.01231	0.00664	0.00775
65	0.01865	0.69557	0.09238	0.01285	0.01930	0.02723	0.01334	0.02142	0.01451	0.01723	0.01013	0.01172	0.00913	0.00615	0.00475	0.00158	0.00785	0.00393	0.00304	0.00925
66	0.03195	0.01212	0.01652	0.01267	0.01818	0.01047	0.01047	0.03470	0.02038	0.71026	0.02809	0.02424	0.01763	0.00881	0.00716	0.00220	0.00606	0.00716	0.00881	0.01212
67	0.02660	0.03394	0.02018	0.01834	0.02201	0.72116	0.01376	0.02843	0.02018	0.01743	0.01101	0.01284	0.00917	0.00734	0.00642	0.00183	0.01284	0.00459	0.00367	0.00825
68	0.00860	0.00722	0.00746	0.00740	0.00973	0.00609	0.00555	0.01057	0.01666	0.02025	0.14079	0.06686	0.63315	0.01765	0.00841	0.00239	0.00358	0.01479	0.00675	0.00609
69	0.01681	0.01921	0.04202	0.03001	0.03721	0.01801	0.67947	0.02281	0.01681	0.02281	0.01441	0.01921	0.01080	0.00600	0.00840	0.00240	0.01200	0.00840	0.00360	0.00960
70	0.00868	0.00620	0.00826	0.00991	0.01033	0.00578	0.00661	0.00991	0.01363	0.01818	0.03925	0.74510	0.04710	0.02231	0.00909	0.00289	0.00413	0.02024	0.00661	0.00578
71	0.02549	0.01069	0.01446	0.01157	0.01595	0.00936	0.00936	0.02843	0.02031	0.50908	0.22685	0.03278	0.03225	0.01051	0.00753	0.00221	0.00526	0.00885	0.00853	0.01052
72	0.00876	0.00630	0.00831	0.00977	0.01033	0.00585	0.00658	0.01015	0.01414	0.01889	0.08354	0.67865	0.06900	0.02167	0.00902	0.00283	0.00406	0.01960	0.00669	0.00585
73	0.02843	0.01329	0.01671	0.01330	0.01848	0.01278	0.01083	0.07285	0.17390	0.51708	0.02766	0.02435	0.01824	0.00899	0.00718	0.00225	0.00607	0.00732	0.00836	0.01193
74	0.01002	0.00728	0.00944	0.00890	0.01060	0.00669	0.00667	0.01333	0.02002	0.02824	0.68027	0.05371	0.08869	0.01467	0.00840	0.00225	0.00337	0.01295	0.00780	0.00669
75	0.01201	0.00773	0.01003	0.00920	0.01128	0.00702	0.00699	0.01522	0.01993	0.09149	0.59996	0.05144	0.10181	0.01424	0.00828	0.00225	0.00363	0.01248	0.00785	0.00718
76	0.01444	0.01398	0.02462	0.55392	0.15068	0.01621	0.08655	0.01923	0.01481	0.01945	0.01295	0.01879	0.00990	0.00689	0.00724	0.00234	0.00958	0.00654	0.00326	0.00861
77	0.01800	0.01764	0.02854	0.04264	0.67653	0.04660	0.02151	0.02213	0.01638	0.02302	0.01329	0.01742	0.01119	0.00639	0.00702	0.00210	0.00864	0.00627	0.00353	0.01115
78	0.00868	0.00620	0.00826	0.00991	0.01033	0.00578	0.00661	0.00991	0.01363	0.01818	0.03925	0.74510	0.04710	0.02231	0.00909	0.00289	0.00413	0.02024	0.00661	0.00578
79	0.01680	0.01860	0.03918	0.05968	0.14078	0.01775	0.55212	0.02248	0.01661	0.02270	0.01418	0.01895	0.01083	0.00610	0.00814	0.00236	0.01136	0.00800	0.00357	0.00980
80	0.01457	0.03482	0.63641	0.02140	0.03155	0.01670	0.10074	0.02258	0.01524	0.02258	0.01296	0.01551	0.00922	0.00668	0.00695	0.00227	0.01069	0.00562	0.00307	0.01042
81	0.01684	0.01605	0.02698	0.17239	0.55472	0.01674	0.02105	0.02179	0.04236	0.02256	0.01387	0.01823	0.01135	0.00662	0.00707	0.00218	0.00854	0.00641	0.00360	0.01064
82	0.01356	0.01207	0.01948	0.15920	0.23534	0.01245	0.04422	0.01735	0.01604	0.02135	0.04873	0.04432	0.10760	0.01221	0.00817	0.00257	0.00748	0.20462	0.00489	0.00835
83	0.04760	0.06070	0.62309	0.01904	0.02893	0.01658	0.02410	0.02220	0.01488	0.02277	0.01255	0.01474	0.00905	0.00666	0.00651	0.00217	0.00994	0.00510	0.00313	0.05028
84	0.01725	0.01483	0.01570	0.01426	0.01810	0.01710	0.01103	0.03641	0.65784	0.02919	0.02951	0.06322	0.02303	0.01031	0.00734	0.00244	0.00556	0.00867	0.00721	0.01099
85	0.01380	0.01302	0.02199	0.67458	0.10435	0.01591	0.01995	0.01850	0.01440	0.01862	0.01272	0.01887	0.00964	0.00705	0.00711	0.00235	0.00941	0.00633	0.00319	0.00819
86	0.03096	0.01227	0.01648	0.01269	0.01807	0.01082	0.01046	0.06120	0.02092	0.65771	0.05185	0.02498	0.01918	0.00901	0.00720	0.00220	0.00604	0.00733	0.00871	0.01192
87	0.01328	0.00694	0.00739	0.04367	0.01037	0.00711	0.00573	0.01667	0.01490	0.02612	0.02269	0.02616	0.01780	0.00824	0.00509	0.00170	0.00363	0.00662	0.74918	0.00670
88	0.00872	0.00723	0.00763	0.00753	0.00980	0.00614	0.00565	0.01081	0.01695	0.02093	0.18687	0.06573	0.58665	0.01740	0.00841	0.00237	0.00356	0.01464	0.00684	0.00614
89	0.01008	0.00728	0.00952	0.00896	0.01064	0.00672	0.00672	0.01344	0.02016	0.02855	0.70158	0.05319	0.06719	0.01456	0.00840	0.00224	0.00336	0.01288	0.00784	0.00672
90	0.01036	0.00690	0.00777	0.00777	0.00777	0.00690	0.00431	0.01036	0.01036	0.01381	0.02244	0.04660	0.02589	0.74975	0.03624	0.00690	0.00690	0.01036	0.00431	0.00431
91	0.01477	0.01266	0.01477	0.01055	0.01687	0.00949	0.00844	0.01793	0.01477	0.02320	0.01266	0.01477	0.01055	0.00527	0.00527	0.00105	0.00527	0.00422	0.00422	0.79328
92	0.01904	0.75404	0.03731	0.01218	0.01828	0.02818	0.01218	0.02132	0.01447	0.01675	0.00990	0.01142	0.00914	0.00609	0.00457	0.00152	0.00761	0.00381	0.00305	0.00914
93	0.01800	0.01763	0.02854	0.04264	0.67672	0.04641	0.02151	0.02213	0.01638	0.02302	0.01329	0.01742	0.01119	0.00639	0.00702	0.00210	0.00864	0.00627	0.00353	0.01115
94	0.01477	0.01266	0.01477	0.01055	0.01687	0.00949	0.00844	0.01793	0.01477	0.02320	0.01266	0.01477	0.01055	0.00527	0.00527	0.00105	0.00527	0.00422	0.00422	0.79328
95	0.01452	0.07342	0.67840	0.01988	0.03018	0.01713	0.02559	0.02249	0.01500	0.02225	0.01263	0.01485	0.00903	0.00673	0.00665	0.00222	0.01038	0.00519	0.00301	0.01045
96	0.01731	0.01660	0.02834	0.09550	0.65600	0.01684	0.02170	0.02158	0.01607	0.02288	0.01334	0.01773	0.01114	0.00640	0.00705	0.00213	0.00854	0.00634	0.00350	0.01103
97	0.04567	0.01257	0.02045	0.65070	0.04508	0.01568	0.01865	0.01797	0.01401	0.01872	0.01339	0.04495	0.01078	0.00784	0.00767	0.00241	0.03557	0.00673	0.00334	0.00782
98	0.01345	0.01266	0.02136	0.73264	0.04904	0.01582	0.01978	0.01819	0.01424	0.01819	0.01266	0.01898	0.00949	0.00712	0.00712	0.00237	0.00949	0.00633	0.00316	0.00791
99	0.03195	0.01212	0.01652	0.01267	0.01818	0.01047	0.01047	0.03470	0.02038	0.71026	0.02809	0.02424	0.01763	0.00881	0.00716	0.00220	0.00606	0.00716	0.00881	0.01212
100	0.02588	0.01936	0.02070	0.01614	0.02163	0.02153	0.01325	0.60010	0.11690	0.04297	0.01860	0.01829	0.01333	0.00869	0.00714	0.00217	0.00756	0.00662	0.00714	0.01200
101	0.01554	0.09100	0.39057	0.05228	0.03275	0.01802	0.25469	0.02236	0.01558	0.02197	0.01310	0.01636	0.00968	0.00645	0.00717	0.00225	0.01075	0.00629	0.00323	0.00997
102	0.00913	0.00686	0.00949	0.07974	0.01405	0.00676	0.00784	0.01073	0.01378	0.01821	0.03777	0.65236	0.06525	0.02070	0.00888	0.00283	0.00463	0.01872	0.00628	0.00600
103	0.01036	0.00690	0.00777	0.00777	0.00777	0.00690	0.00431	0.01036	0.01036	0.01381	0.02244	0.04660	0.02589	0.74975	0.03624	0.00690	0.00690	0.01036	0.00431	0.00431
104	0.04567	0.01647	0.02764	0.09699	0.62830	0.01680	0.02118	0.02153	0.01591	0.02318	0.01321	0.01751	0.01101	0.00642	0.00696	0.00214	0.00843	0.00625	0.00353	0.01088
105	0.02562	0.01396	0.01698	0.04322	0.01990	0.01430	0.01140	0.09020	0.26467	0.37876	0.02684	0.02426	0.01831	0.00903	0.00719	0.00228	0.00620	0.00739	0.00787	0.01164
106	0.03195	0.01212	0.01652	0.01267	0.01818	0.01047	0.01047	0.03470	0.02038	0.71026	0.02809	0.02424	0.01763	0.00881	0.00716	0.00220	0.00606	0.00716	0.00881	0.01212
107	0.00913	0.00660	0.00792	0.00877	0.00943	0.00616	0.00570	0.01010	0.01315	0.01708	0.04042	0.41096	0.16368	0.23738	0.01702	0.00399	0.00486	0.01633	0.00593	0.00539
108	0.01904	0.75404	0.03731	0.01218	0.01828	0.02818	0.01218	0.02132	0.01447	0.01675	0.00990	0.01142	0.00914	0.00609	0.00457	0.00152	0.00761	0.00381	0.00305	0.00914
109	0.02300	0.01697	0.01857	0.01510	0.01968	0.01859	0.01222	0.51898	0.04997	0.03888	0.02210	0.14158	0.01956	0.01139	0.00758	0.00232	0.00709	0.03864	0.00702	0.01077
110	0.00865	0.00719	0.00755	0.00753	0.00978	0.00610	0.00562	0.01064	0.01667	0.02044	0.15488	0.08762	0.59743	0.01770	0.00843	0.00240	0.00359	0.01490	0.00678	0.00610
111	0.11129	0.66659	0.03414	0.01185	0.01774	0.02673	0.01166	0.02128	0.01419	0.01855	0.00990	0.01144	0.00897	0.00615	0.00455	0.00160	0.00737	0.00381	0.00321	0.00897
112	0.69229	0.08569	0.04245	0.01009	0.01492	0.01717	0.00892	0.02104	0.01247	0.03010	0.01003	0.01170	0.00790	0.00657	0.00452	0.00214	0.00592	0.00391	0.00422	0.00797
113	0.00849	0.00717	0.00735	0.00740	0.00969	0.00603	0.00551	0.01033	0.01627	0.01956	0.09540	0.09715	0.64922	0.01808	0.00844	0.00242	0.00362	0.01517	0.00666	0.00603
114	0.02163	0.01724	0.01831	0.01528	0.02001	0.01954	0.01222	0.30746	0.41646	0.03611	0.02400	0.02260	0.01770	0.00919	0.00719	0.00230	0.00656	0.00736	0.00719	0.01162
115	0.00857	0.00717	0.00746	0.00749	0.00974	0.00606	0.00558	0.01049	0.01645	0.02000	0.12563	0.09824	0.61685	0.01793	0.00845	0.00241	0.00361	0.01508	0.00672	0.00606
116	0.68626	0.01412	0.01186	0.03185	0.01564	0.01618	0.00862	0.07005	0.01411	0.06179	0.01131	0.01275	0.00852	0.00686	0.00481	0.00220	0.00582	0.00426	0.00476	0.00823
117	0.02707	0.01995	0.02137	0.01638	0.02208	0.02208	0.01353	0.68159	0.03348	0.04488	0.01710	0.01710	0.01211	0.00855	0.00712	0.00214	0.00784	0.00641	0.00712	0.01211
118	0.00868	0.00620	0.00826	0.00991	0.01033	0.00578	0.00661	0.00991	0.01363	0.01818	0.03925	0.74510	0.04710	0.02231	0.00909	0.00289	0.00413	0.02024	0.00661	0.00578
119	0.01904	0.75404	0.03731	0.01218	0.01828	0.02818	0.01218	0.02132	0.01447	0.01675	0.00990	0.01142	0.00914	0.00609	0.00457	0.00152	0.00761	0.00381	0.00305	0.00914
120	0.01904	0.75404	0.03731	0.01218	0.01828	0.02818	0.01218	0.02132	0.01447	0.01675	0.00990	0.01142	0.00914	0.00609	0.00457	0.00152	0.00761	0.00381	0.00305	0.00914
121	0.00948	0.00723	0.00871	0.00840	0.01029	0.00645	0.00627	0.01225	0.01865	0.02513	0.47103	0.07767	0.28064	0.01594	0.00842	0.00231	0.00346	0.01381	0.00739	0.00645
122	0.01477	0.01266	0.01477	0.01055	0.01687	0.00949	0.00844	0.01793	0.01477	0.02320	0.01266	0.01477	0.01055	0.00527	0.00527	0.00105	0.00527	0.00422	0.00422	0.79328
123	0.30666	0.01542	0.01557	0.01265	0.01757	0.01683	0.01037	0.24708	0.07736	0.15932	0.01770	0.01752	0.01254	0.00798	0.00608	0.00218	0.00632	0.00577	0.03483	0.01025
124	0.67792	0.03885	0.01225	0.01016	0.01464	0.01675	0.00838	0.04643	0.07205	0.03172	0.01183	0.01307	0.00914	0.00693	0.00476	0.00220	0.00567	0.00431	0.00471	0.00823
125	0.02375	0.01356	0.01651	0.01232	0.01822	0.01184	0.01006	0.12746	0.01997	0.30993	0.01971	0.01903	0.01371	0.00724	0.00634	0.00170	0.00599	0.00577	0.00656	0.35032
126	0.01022	0.00735	0.00963	0.00930	0.01090	0.00687	0.00706	0.01343	0.01938	0.02724	0.60991	0.05545	0.06294	0.04680	0.00974	0.00254	0.00381	0.07328	0.00757	0.00660
127	0.05161	0.01506	0.01629	0.04372	0.01967	0.01720	0.01149	0.05789	0.56708	0.07723	0.02705	0.02514	0.02003	0.00933	0.00711	0.00238	0.00589	0.00769	0.00706	0.01107
128	0.02384	0.02190	0.01978	0.01740	0.04777	0.19931	0.01332	0.31464	0.18223	0.03264	0.01890	0.02051	0.01460	0.00881	0.00707	0.00216	0.00858	0.02973	0.00611	0.01070
129	0.01036	0.00690	0.00777	0.00777	0.00777	0.00690	0.00431	0.01036	0.01036	0.01381	0.02244	0.04660	0.02589	0.74975	0.03624	0.00690	0.00690	0.01036	0.00431	0.00431
130	0.01036	0.00690	0.00777	0.00777	0.00777	0.00690	0.00431	0.01036	0.01036	0.01381	0.02244	0.04660	0.02589	0.74975	0.03624	0.00690	0.00690	0.01036	0.00431	0.00431
131	0.01526	0.01424	0.02362	0.49623	0.24511	0.01641	0.02014	0.04655	0.01562	0.02081	0.01306	0.01850	0.01014	0.00695	0.00710	0.00229	0.00911	0.00634	0.00344	0.00909
132	0.02707	0.01995	0.02137	0.01638	0.02208	0.02208	0.01353	0.68159	0.03348	0.04488	0.01710	0.01710	0.01211	0.00855	0.00712	0.00214	0.00784	0.00641	0.00712	0.01211
133	0.00909	0.00728	0.00814	0.00804	0.01018	0.00634	0.00610	0.01145	0.01749	0.02231	0.27198	0.06415	0.46925	0.01700	0.00847	0.00239	0.00366	0.04340	0.00700	0.00626
134	0.01391	0.01305	0.02159	0.65632	0.08895	0.01598	0.01952	0.01933	0.04549	0.01904	0.01345	0.01925	0.01017	0.00719	0.00712	0.00236	0.00925	0.00641	0.00337	0.00828
135	0.02538	0.05509	0.05667	0.01910	0.05371	0.52177	0.01468	0.12858	0.02160	0.02218	0.01211	0.01378	0.00971	0.00741	0.00651	0.00191	0.01157	0.00496	0.00414	0.00913
136	0.01737	0.01500	0.01578	0.01423	0.01819	0.01729	0.01106	0.03683	0.66789	0.02940	0.03055	0.02809	0.04648	0.00997	0.00729	0.00241	0.00556	0.00830	0.00722	0.01108
137	0.00868	0.00620	0.00826	0.00991	0.01033	0.00578	0.00661	0.00991	0.01363	0.01818	0.03925	0.74510	0.04710	0.02231	0.00909	0.00289	0.00413	0.02024	0.00661	0.00578
138	0.01904	0.75404	0.03731	0.01218	0.01828	0.02818	0.01218	0.02132	0.01447	0.01675	0.00990	0.01142	0.00914	0.00609	0.00457	0.00152	0.00761	0.00381	0.00305	0.00914
139	0.01036	0.00690	0.00777	0.00777	0.00777	0.00690	0.00431	0.01036	0.01036	0.01381	0.02244	0.04660	0.02589	0.74975	0.03624	0.00690	0.00690	0.01036	0.00431	0.00431
140	0.01904	0.75404	0.03731	0.01218	0.01828	0.02818	0.01218	0.02132	0.01447	0.01675	0.00990	0.01142	0.00914	0.00609	0.00457	0.00152	0.00761	0.00381	0.00305	0.00914
141	0.01036	0.00690	0.00777	0.00777	0.00777	0.00690	0.00431	0.01036	0.01036	0.01381	0.02244	0.04660	0.02589	0.74975	0.03624	0.00690	0.00690	0.01036	0.00431	0.00431
142	0.01487	0.13416	0.57646	0.01909	0.02861	0.01786	0.04300	0.02208	0.01518	0.02196	0.03544	0.01593	0.01103	0.00691	0.00657	0.00216	0.00993	0.00541	0.00319	0.01018
143	0.01904	0.75404	0.03731	0.01218	0.01828	0.02818	0.01218	0.02132	0.01447	0.01675	0.00990	0.01142	0.00914	0.00609	0.00457	0.00152	0.00761	0.00381	0.00305	0.00914
144	0.01622	0.31316	0.42434	0.01756	0.02624	0.02109	0.04768	0.02209	0.01489	0.02032	0.01173	0.01381	0.00914	0.00647	0.00598	0.00198	0.00946	0.00483	0.00305	0.00995
145	0.02609	0.03406	0.04863	0.01842	0.02238	0.69222	0.01427	0.02819	0.01997	0.01764	0.01108	0.01293	0.00917	0.00731	0.00643	0.00185	0.01275	0.00461	0.00364	0.00835
146	0.01513	0.03505	0.65541	0.02038	0.03055	0.01634	0.05300	0.02307	0.01533	0.05155	0.01349	0.01560	0.00946	0.00682	0.00685	0.00226	0.01040	0.00547	0.00328	0.01055

[dist]
# distance from previous block
# <min> <max>
0	5

[block]
# block no. 1 follows, 29 sequences, length 29
# corresponding to MSA columns:
# 287-315
name=unknown_B
#
# <colnr> <probs for GDERKNQSTAVLIFYWHMCP>
#	G	D	E	R	K	N	Q	S	T	A	V	L	I	F	Y	W	H	M	C	P
0	0.61467	0.12093	0.08099	0.01080	0.01603	0.01776	0.01011	0.02114	0.01273	0.02890	0.01018	0.01188	0.00804	0.00655	0.00465	0.00211	0.00628	0.00398	0.00408	0.00818
1	0.01570	0.01390	0.02089	0.56967	0.04259	0.01685	0.01815	0.11116	0.07780	0.02290	0.01473	0.01941	0.01095	0.00754	0.00713	0.00234	0.00892	0.00649	0.00407	0.00879
2	0.01237	0.00618	0.00928	0.00928	0.00928	0.00618	0.00618	0.00928	0.00928	0.01237	0.01237	0.02165	0.01237	0.02474	0.02783	0.79283	0.00618	0.00618	0.00309	0.00309
3	0.01652	0.02199	0.23106	0.02715	0.20490	0.01563	0.18551	0.02253	0.03853	0.06745	0.01740	0.08708	0.01466	0.00817	0.00751	0.00232	0.00930	0.00797	0.00415	0.01017
4	0.02438	0.01835	0.01992	0.01511	0.02094	0.01933	0.01242	0.53638	0.02938	0.04013	0.01612	0.01659	0.01177	0.00783	0.00672	0.00190	0.00728	0.00593	0.00649	0.18303
5	0.02098	0.34418	0.03023	0.02200	0.20080	0.11193	0.01516	0.13393	0.01886	0.02331	0.01218	0.01420	0.01021	0.00673	0.00589	0.00182	0.00854	0.00502	0.00394	0.01009
6	0.01562	0.12484	0.41680	0.02418	0.16046	0.01794	0.07336	0.02198	0.01549	0.02214	0.03449	0.01660	0.01146	0.00678	0.00671	0.00214	0.00963	0.00577	0.00331	0.01030
7	0.01554	0.01263	0.01485	0.01064	0.01693	0.00954	0.00853	0.01869	0.01502	0.05429	0.01335	0.01519	0.01087	0.00543	0.00536	0.00111	0.00531	0.00435	0.00443	0.75794
8	0.01477	0.01266	0.01477	0.01055	0.01687	0.00949	0.00844	0.01793	0.01477	0.02320	0.01266	0.01477	0.01055	0.00527	0.00527	0.00105	0.00527	0.00422	0.00422	0.79328
9	0.02214	0.01750	0.01860	0.01539	0.02021	0.01978	0.01234	0.34285	0.38024	0.03694	0.02335	0.02208	0.01718	0.00913	0.00719	0.00228	0.00668	0.00727	0.00719	0.01167
10	0.00865	0.00630	0.00816	0.00964	0.01026	0.00581	0.00649	0.00995	0.01389	0.01828	0.04256	0.67704	0.11302	0.02188	0.00902	0.00284	0.00408	0.01972	0.00661	0.00581
11	0.01019	0.00756	0.01109	0.01109	0.01225	0.00871	0.00847	0.01249	0.01134	0.01627	0.01939	0.02974	0.01857	0.11955	0.65644	0.01101	0.01792	0.00789	0.00386	0.00616
12	0.00929	0.00739	0.00843	0.00857	0.01069	0.00653	0.00669	0.01169	0.01715	0.02169	0.20981	0.06696	0.45019	0.01751	0.00864	0.00251	0.00403	0.11908	0.00688	0.00626
13	0.01036	0.00690	0.00777	0.00777	0.00777	0.00690	0.00431	0.01036	0.01036	0.01381	0.02244	0.04660	0.02589	0.74975	0.03624	0.00690	0.00690	0.01036	0.00431	0.00431
14	0.00846	0.00703	0.00741	0.00771	0.00975	0.00597	0.00563	0.01016	0.01576	0.01904	0.06612	0.19218	0.58268	0.01881	0.00854	0.00249	0.00370	0.01598	0.00661	0.00597
15	0.02664	0.03261	0.02029	0.01816	0.02202	0.65476	0.01374	0.09047	0.02144	0.02003	0.01159	0.01325	0.00945	0.00745	0.00649	0.00186	0.01237	0.00476	0.00400	0.00862
16	0.01386	0.00721	0.00727	0.00705	0.00889	0.00730	0.00534	0.04501	0.01573	0.02733	0.02297	0.02614	0.01799	0.00831	0.00507	0.00168	0.00351	0.00663	0.75585	0.00687
17	0.02707	0.01995	0.02137	0.01638	0.02208	0.02208	0.01353	0.68159	0.03348	0.04488	0.01710	0.01710	0.01211	0.00855	0.00712	0.00214	0.00784	0.00641	0.00712	0.01211
18	0.01771	0.01530	0.01610	0.01449	0.01852	0.01771	0.01127	0.03784	0.69247	0.02979	0.02898	0.02657	0.02174	0.00966	0.00725	0.00242	0.00564	0.00805	0.00725	0.01127
19	0.01361	0.01297	0.02236	0.69859	0.04847	0.01593	0.05174	0.01842	0.01436	0.01842	0.01274	0.01900	0.00956	0.00707	0.00718	0.00237	0.00961	0.00643	0.00319	0.00799
20	0.01542	0.20854	0.55113	0.01835	0.02782	0.01932	0.02293	0.02226	0.01490	0.02116	0.01209	0.01417	0.00905	0.00660	0.00624	0.00208	0.00983	0.00491	0.00302	0.01019
21	0.00868	0.00620	0.00826	0.00991	0.01033	0.00578	0.00661	0.00991	0.01363	0.01818	0.03925	0.74510	0.04710	0.02231	0.00909	0.00289	0.00413	0.02024	0.00661	0.00578
22	0.11291	0.01632	0.01822	0.01408	0.01961	0.01693	0.01161	0.36161	0.02582	0.25747	0.01961	0.01866	0.01332	0.00823	0.00673	0.00210	0.00686	0.00625	0.00720	0.05646
23	0.03990	0.00927	0.01141	0.01081	0.01276	0.00976	0.00811	0.06073	0.08031	0.05435	0.18300	0.11559	0.03414	0.13156	0.18050	0.00521	0.00849	0.03085	0.00602	0.00724
24	0.00851	0.00722	0.00735	0.00731	0.00968	0.00605	0.00549	0.01040	0.01646	0.01977	0.10826	0.06765	0.66599	0.01783	0.00841	0.00240	0.00359	0.01490	0.00668	0.00605
25	0.01428	0.03683	0.71286	0.02030	0.03082	0.01654	0.02631	0.02255	0.01503	0.02255	0.01278	0.01503	0.00902	0.00677	0.00677	0.00226	0.01052	0.00526	0.00301	0.01052
26	0.01758	0.01703	0.02954	0.04304	0.67303	0.01697	0.05365	0.02190	0.01624	0.02324	0.01344	0.01770	0.01126	0.00633	0.00711	0.00213	0.00863	0.00644	0.00353	0.01120
27	0.01022	0.00745	0.01053	0.01053	0.01148	0.00840	0.00776	0.01213	0.01117	0.01585	0.01991	0.03262	0.01982	0.22704	0.55066	0.01031	0.01604	0.00831	0.00394	0.00585
28	0.00994	0.00718	0.00940	0.00905	0.01061	0.00663	0.00671	0.01310	0.01954	0.02757	0.63867	0.11891	0.06528	0.01529	0.00846	0.00230	0.00343	0.01358	0.00772	0.00663

[dist]
# distance from previous block
# <min> <max>
0	17

[block]
# block no. 2 follows, 29 sequences, length 74
# corresponding to MSA columns:
# 333-406
name=unknown_C
#
# <colnr> <probs for GDERKNQSTAVLIFYWHMCP>
#	G	D	E	R	K	N	Q	S	T	A	V	L	I	F	Y	W	H	M	C	P
0	0.06996	0.15652	0.54955	0.01816	0.02751	0.01847	0.02262	0.02223	0.01473	0.02223	0.01209	0.01418	0.00895	0.00664	0.00623	0.00213	0.00968	0.00492	0.00311	0.01009
1	0.01825	0.01814	0.02451	0.03015	0.35705	0.10275	0.06875	0.04473	0.14685	0.02393	0.01877	0.02128	0.03931	0.00988	0.04210	0.00263	0.00905	0.00701	0.00450	0.01036
2	0.01008	0.00700	0.00795	0.00795	0.00836	0.00692	0.00478	0.01050	0.01122	0.01472	0.02888	0.04826	0.11623	0.60334	0.07984	0.00661	0.00730	0.01079	0.00459	0.00468
3	0.06268	0.01218	0.01628	0.01254	0.01800	0.01069	0.01036	0.03415	0.02005	0.68313	0.02736	0.02373	0.01723	0.00873	0.00705	0.00220	0.00604	0.00703	0.00864	0.01194
4	0.07216	0.01511	0.01834	0.01798	0.10046	0.01620	0.03321	0.20416	0.18754	0.03084	0.02297	0.05678	0.02001	0.01050	0.00741	0.00237	0.00683	0.11396	0.00614	0.05704
5	0.02707	0.01995	0.02137	0.01638	0.02208	0.02208	0.01353	0.68159	0.03348	0.04488	0.01710	0.01710	0.01211	0.00855	0.00712	0.00214	0.00784	0.00641	0.00712	0.01211
6	0.01739	0.01502	0.01579	0.01424	0.01821	0.01731	0.01107	0.03688	0.66907	0.02942	0.03047	0.02802	0.04529	0.00995	0.00729	0.00241	0.00557	0.00829	0.00722	0.01109
7	0.01477	0.01266	0.01477	0.01055	0.01687	0.00949	0.00844	0.01793	0.01477	0.02320	0.01266	0.01477	0.01055	0.00527	0.00527	0.00105	0.00527	0.00422	0.00422	0.79328
8	0.02431	0.01548	0.01753	0.01441	0.01929	0.01660	0.01159	0.19558	0.32742	0.23864	0.02578	0.02353	0.01812	0.00913	0.00719	0.00228	0.00631	0.00738	0.00769	0.01173
9	0.00866	0.00624	0.00822	0.00980	0.01030	0.00579	0.00656	0.00993	0.01374	0.01822	0.04066	0.71605	0.07524	0.02212	0.00906	0.00287	0.00411	0.02002	0.00661	0.00579
10	0.00868	0.00620	0.00826	0.00991	0.01033	0.00578	0.00661	0.00991	0.01363	0.01818	0.03925	0.74510	0.04710	0.02231	0.00909	0.00289	0.00413	0.02024	0.00661	0.00578
11	0.01036	0.00690	0.00777	0.00777	0.00777	0.00690	0.00431	0.01036	0.01036	0.01381	0.02244	0.04660	0.02589	0.74975	0.03624	0.00690	0.00690	0.01036	0.00431	0.00431
12	0.02660	0.03394	0.02018	0.01834	0.02201	0.72116	0.01376	0.02843	0.02018	0.01743	0.01101	0.01284	0.00917	0.00734	0.00642	0.00183	0.01284	0.00459	0.00367	0.00825
13	0.00868	0.00620	0.00826	0.00991	0.01033	0.00578	0.00661	0.00991	0.01363	0.01818	0.03925	0.74510	0.04710	0.02231	0.00909	0.00289	0.00413	0.02024	0.00661	0.00578
14	0.01428	0.03683	0.71286	0.02030	0.03082	0.01654	0.02631	0.02255	0.01503	0.02255	0.01278	0.01503	0.00902	0.00677	0.00677	0.00226	0.01052	0.00526	0.00301	0.01052
15	0.00868	0.00620	0.00826	0.00991	0.01033	0.00578	0.00661	0.00991	0.01363	0.01818	0.03925	0.74510	0.04710	0.02231	0.00909	0.00289	0.00413	0.02024	0.00661	0.00578
16	0.01813	0.61746	0.16595	0.01373	0.02066	0.02596	0.01487	0.02156	0.01458	0.01786	0.01045	0.01211	0.00912	0.00622	0.00499	0.00166	0.00817	0.00408	0.00304	0.00940
17	0.01771	0.01530	0.01610	0.01449	0.01852	0.01771	0.01127	0.03784	0.69247	0.02979	0.02898	0.02657	0.02174	0.00966	0.00725	0.00242	0.00564	0.00805	0.00725	0.01127
18	0.00868	0.00620	0.00826	0.00991	0.01033	0.00578	0.00661	0.00991	0.01363	0.01818	0.03925	0.74510	0.04710	0.02231	0.00909	0.00289	0.00413	0.02024	0.00661	0.00578
19	0.01345	0.01266	0.02136	0.73264	0.04904	0.01582	0.01978	0.01819	0.01424	0.01819	0.01266	0.01898	0.00949	0.00712	0.00712	0.00237	0.00949	0.00633	0.00316	0.00791
20	0.03195	0.01212	0.01652	0.01267	0.01818	0.01047	0.01047	0.03470	0.02038	0.71026	0.02809	0.02424	0.01763	0.00881	0.00716	0.00220	0.00606	0.00716	0.00881	0.01212
21	0.01904	0.75404	0.03731	0.01218	0.01828	0.02818	0.01218	0.02132	0.01447	0.01675	0.00990	0.01142	0.00914	0.00609	0.00457	0.00152	0.00761	0.00381	0.00305	0.00914
22	0.00868	0.00620	0.00826	0.00991	0.01033	0.00578	0.00661	0.00991	0.01363	0.01818	0.03925	0.74510	0.04710	0.02231	0.00909	0.00289	0.00413	0.02024	0.00661	0.00578
23	0.80005	0.01377	0.01047	0.00936	0.01377	0.01597	0.00771	0.02093	0.01212	0.03195	0.00991	0.01157	0.00771	0.00661	0.00441	0.00220	0.00551	0.00386	0.00441	0.00771
24	0.00859	0.00654	0.00791	0.00901	0.01009	0.00586	0.00621	0.01002	0.01450	0.01853	0.05024	0.51887	0.26623	0.02088	0.00886	0.00273	0.00396	0.01850	0.00661	0.00586
25	0.00938	0.00700	0.00865	0.00923	0.01047	0.00629	0.00634	0.01095	0.01448	0.01936	0.10982	0.44786	0.14588	0.09042	0.01128	0.00301	0.00432	0.01655	0.00634	0.06236
26	0.80005	0.01377	0.01047	0.00936	0.01377	0.01597	0.00771	0.02093	0.01212	0.03195	0.00991	0.01157	0.00771	0.00661	0.00441	0.00220	0.00551	0.00386	0.00441	0.00771
27	0.01036	0.00690	0.00777	0.00777	0.00777	0.00690	0.00431	0.01036	0.01036	0.01381	0.02244	0.04660	0.02589	0.74975	0.03624	0.00690	0.00690	0.01036	0.00431	0.00431
28	0.01477	0.01266	0.01477	0.01055	0.01687	0.00949	0.00844	0.01793	0.01477	0.02320	0.01266	0.01477	0.01055	0.00527	0.00527	0.00105	0.00527	0.00422	0.00422	0.79328
29	0.01813	0.01404	0.01599	0.01218	0.01794	0.01270	0.00976	0.10857	0.14179	0.07658	0.01733	0.01791	0.01331	0.00676	0.00601	0.00153	0.00573	0.00542	0.00548	0.49287
30	0.01705	0.01634	0.02787	0.13786	0.61564	0.01677	0.02157	0.02135	0.01594	0.02257	0.01329	0.01781	0.01103	0.00645	0.00706	0.00215	0.00860	0.00634	0.00348	0.01082
31	0.01873	0.60487	0.15022	0.01357	0.02038	0.02554	0.01450	0.02204	0.01479	0.04432	0.01108	0.01252	0.00944	0.00631	0.00504	0.00167	0.00804	0.00418	0.00326	0.00949
32	0.00874	0.00624	0.00832	0.00987	0.01034	0.00582	0.00661	0.01007	0.01391	0.01862	0.06769	0.71539	0.04796	0.02198	0.00906	0.00286	0.00410	0.01993	0.00666	0.00582
33	0.01564	0.01576	0.02280	0.01925	0.01960	0.02162	0.04804	0.01741	0.01119	0.01741	0.00959	0.01576	0.00942	0.01215	0.02264	0.00308	0.70129	0.00634	0.00314	0.00788
34	0.01018	0.00760	0.01130	0.01130	0.01253	0.00882	0.00872	0.01262	0.01140	0.01643	0.01920	0.02869	0.01811	0.08010	0.69526	0.01127	0.01861	0.00773	0.00383	0.00628
35	0.01401	0.01376	0.02483	0.61437	0.04705	0.01619	0.13082	0.01897	0.01467	0.01897	0.01295	0.01902	0.00971	0.00693	0.00734	0.00238	0.00992	0.00668	0.00324	0.00820
36	0.01036	0.00690	0.00777	0.00777	0.00777	0.00690	0.00431	0.01036	0.01036	0.01381	0.02244	0.04660	0.02589	0.74975	0.03624	0.00690	0.00690	0.01036	0.00431	0.00431
37	0.00868	0.00620	0.00826	0.00991	0.01033	0.00578	0.00661	0.00991	0.01363	0.01818	0.03925	0.74510	0.04710	0.02231	0.00909	0.00289	0.00413	0.02024	0.00661	0.00578
38	0.02659	0.01948	0.02086	0.01604	0.02160	0.02154	0.01324	0.65838	0.03283	0.04424	0.01731	0.01743	0.01232	0.00854	0.00705	0.00212	0.00768	0.00642	0.03442	0.01192
39	0.01681	0.01921	0.04202	0.03001	0.03721	0.01801	0.67947	0.02281	0.01681	0.02281	0.01441	0.01921	0.01080	0.00600	0.00840	0.00240	0.01200	0.00840	0.00360	0.00960
40	0.01036	0.00690	0.00777	0.00777	0.00777	0.00690	0.00431	0.01036	0.01036	0.01381	0.02244	0.04660	0.02589	0.74975	0.03624	0.00690	0.00690	0.01036	0.00431	0.00431
41	0.01282	0.01081	0.01155	0.01074	0.01374	0.01132	0.00823	0.02302	0.31676	0.02552	0.16121	0.04728	0.29139	0.01372	0.00789	0.00238	0.00446	0.01156	0.00710	0.00847
42	0.01477	0.01266	0.01477	0.01055	0.01687	0.00949	0.00844	0.01793	0.01477	0.02320	0.01266	0.01477	0.01055	0.00527	0.00527	0.00105	0.00527	0.00422	0.00422	0.79328
43	0.01082	0.00746	0.00967	0.00901	0.01087	0.00682	0.00680	0.01408	0.01997	0.05372	0.64549	0.05285	0.09638	0.01451	0.00835	0.00225	0.00347	0.01277	0.00782	0.00689
44	0.01036	0.00690	0.00777	0.00777	0.00777	0.00690	0.00431	0.01036	0.01036	0.01381	0.02244	0.04660	0.02589	0.74975	0.03624	0.00690	0.00690	0.01036	0.00431	0.00431
45	0.01018	0.00759	0.01126	0.01126	0.01247	0.00880	0.00868	0.01260	0.01139	0.01640	0.01924	0.02888	0.01820	0.08743	0.68804	0.01122	0.01848	0.00776	0.00384	0.00626
46	0.00847	0.00722	0.00729	0.00727	0.00965	0.00604	0.00545	0.01033	0.01636	0.01955	0.09364	0.06800	0.68074	0.01791	0.00842	0.00240	0.00360	0.01495	0.00665	0.00604
47	0.01345	0.01266	0.02136	0.73264	0.04904	0.01582	0.01978	0.01819	0.01424	0.01819	0.01266	0.01898	0.00949	0.00712	0.00712	0.00237	0.00949	0.00633	0.00316	0.00791
48	0.01219	0.01055	0.01128	0.04545	0.01493	0.01094	0.00834	0.02110	0.27304	0.02319	0.05283	0.05016	0.40996	0.01432	0.00791	0.00241	0.00467	0.01195	0.00668	0.00810
49	0.01345	0.01266	0.02136	0.73264	0.04904	0.01582	0.01978	0.01819	0.01424	0.01819	0.01266	0.01898	0.00949	0.00712	0.00712	0.00237	0.00949	0.00633	0.00316	0.00791
50	0.01486	0.12383	0.63091	0.01931	0.02930	0.01795	0.02460	0.02240	0.01497	0.02185	0.01243	0.01460	0.00903	0.00668	0.00650	0.00217	0.01017	0.00509	0.00301	0.01036
51	0.01017	0.00763	0.01144	0.01144	0.01272	0.00890	0.00890	0.01272	0.01144	0.01653	0.01907	0.02797	0.01780	0.05340	0.72153	0.01144	0.01907	0.00763	0.00381	0.00636
52	0.02707	0.01995	0.02137	0.01638	0.02208	0.02208	0.01353	0.68159	0.03348	0.04488	0.01710	0.01710	0.01211	0.00855	0.00712	0.00214	0.00784	0.00641	0.00712	0.01211
53	0.01762	0.01692	0.02890	0.04371	0.70533	0.01692	0.02185	0.02185	0.01621	0.02326	0.01339	0.01762	0.01128	0.00634	0.00705	0.00211	0.00846	0.00634	0.00352	0.01128
54	0.01771	0.01530	0.01610	0.01449	0.01852	0.01771	0.01127	0.03784	0.69247	0.02979	0.02898	0.02657	0.02174	0.00966	0.00725	0.00242	0.00564	0.00805	0.00725	0.01127
55	0.01008	0.00728	0.00952	0.00896	0.01064	0.00672	0.00672	0.01344	0.02016	0.02855	0.70158	0.05319	0.06719	0.01456	0.00840	0.00224	0.00336	0.01288	0.00784	0.00672
56	0.03015	0.01217	0.01634	0.01245	0.01804	0.01036	0.01025	0.03295	0.01979	0.63854	0.02648	0.02325	0.01689	0.00844	0.00696	0.00208	0.00598	0.00685	0.00833	0.09367
57	0.00990	0.00727	0.00927	0.00877	0.01053	0.00664	0.00658	0.01309	0.01974	0.02756	0.63443	0.05483	0.13496	0.01493	0.00840	0.00226	0.00339	0.01311	0.00771	0.00664
58	0.02884	0.01477	0.09008	0.01332	0.01942	0.01104	0.01200	0.03221	0.01941	0.58793	0.02536	0.02258	0.01621	0.00834	0.00698	0.00213	0.00647	0.00675	0.00787	0.06830
59	0.01477	0.01266	0.01477	0.01055	0.01687	0.00949	0.00844	0.01793	0.01477	0.02320	0.01266	0.01477	0.01055	0.00527	0.00527	0.00105	0.00527	0.00422	0.00422	0.79328
60	0.01021	0.00746	0.01059	0.01059	0.01156	0.00844	0.00783	0.01217	0.01119	0.01590	0.01985	0.03230	0.01968	0.21532	0.56219	0.01039	0.01624	0.00826	0.00393	0.00588
61	0.00912	0.00753	0.00804	0.00786	0.01017	0.00660	0.00591	0.01195	0.04240	0.02164	0.20639	0.06365	0.53983	0.01697	0.00837	0.00237	0.00363	0.01430	0.00690	0.00636
62	0.00973	0.00711	0.00913	0.00895	0.01050	0.00652	0.00659	0.01264	0.01886	0.02623	0.55003	0.15607	0.11907	0.01600	0.00850	0.00235	0.00349	0.01414	0.00755	0.00652
63	0.02660	0.03394	0.02018	0.01834	0.02201	0.72116	0.01376	0.02843	0.02018	0.01743	0.01101	0.01284	0.00917	0.00734	0.00642	0.00183	0.01284	0.00459	0.00367	0.00825
