[name]
unknown

[dist]
# distance from previous block
# <min> <max>
9	65

[block]
# block no. 0 follows, 26 sequences, length 24
# corresponding to MSA columns:
# 80-103
name=unknown_A
#
# <colnr> <probs for GDERKNQSTAVLIFYWHMCP>
#	G	D	E	R	K	N	Q	S	T	A	V	L	I	F	Y	W	H	M	C	P
0	0.01620	0.01426	0.01883	0.02423	0.26016	0.06438	0.01382	0.03545	0.01777	0.04275	0.08275	0.18046	0.07804	0.01242	0.00792	0.00234	0.00687	0.01103	0.04837	0.06196
1	0.01814	0.01425	0.01622	0.01316	0.01760	0.01427	0.01033	0.15633	0.10755	0.04717	0.02459	0.06579	0.06945	0.08249	0.01148	0.00259	0.05530	0.00827	0.00599	0.25903
2	0.01969	0.18160	0.08396	0.08574	0.02433	0.01983	0.05121	0.18604	0.05731	0.04566	0.01933	0.09247	0.01729	0.07115	0.00987	0.00271	0.00831	0.00818	0.00532	0.00999
3	0.04618	0.34686	0.07417	0.04681	0.07320	0.02258	0.01441	0.12190	0.01895	0.06194	0.01645	0.07626	0.01454	0.00872	0.00634	0.00206	0.00792	0.00668	0.02379	0.01020
4	0.01856	0.15371	0.34773	0.01894	0.02643	0.08924	0.02078	0.07739	0.01758	0.02356	0.01460	0.01701	0.02920	0.00846	0.00922	0.00234	0.10533	0.00581	0.00378	0.01033
5	0.01241	0.00816	0.00977	0.00938	0.01152	0.00745	0.00689	0.01448	0.01686	0.09232	0.15561	0.11354	0.30390	0.11736	0.08232	0.00416	0.00624	0.01376	0.00688	0.00699
6	0.01270	0.00670	0.00941	0.00956	0.00973	0.00667	0.00633	0.01066	0.01086	0.01503	0.01758	0.08607	0.01825	0.09550	0.02695	0.57556	0.00624	0.00834	0.06390	0.00396
7	0.02784	0.01247	0.01632	0.01296	0.01805	0.01106	0.01046	0.07178	0.02137	0.47398	0.07976	0.09716	0.02500	0.01096	0.00776	0.00231	0.00608	0.00918	0.00854	0.07695
8	0.01865	0.01735	0.02755	0.03839	0.51052	0.01811	0.02049	0.07599	0.01827	0.02575	0.01905	0.02273	0.06416	0.00858	0.00937	0.00239	0.07963	0.00747	0.00429	0.01128
9	0.01232	0.00817	0.01082	0.01143	0.01254	0.00813	0.00816	0.01388	0.01521	0.08658	0.04064	0.54663	0.09291	0.02108	0.01071	0.00299	0.06533	0.01847	0.00696	0.00704
10	0.01064	0.00910	0.03931	0.00976	0.01208	0.00749	0.00783	0.01417	0.02055	0.02852	0.55442	0.05757	0.16869	0.01575	0.00887	0.00242	0.00395	0.01374	0.00791	0.00721
11	0.01663	0.01470	0.01957	0.01403	0.02086	0.01186	0.08751	0.05091	0.01696	0.02579	0.01394	0.01642	0.01135	0.00588	0.00611	0.00135	0.00661	0.00514	0.00456	0.64982
12	0.02161	0.01593	0.01861	0.01723	0.07106	0.01694	0.01255	0.30443	0.11457	0.07191	0.04303	0.17947	0.02437	0.01241	0.00803	0.00246	0.00686	0.01049	0.00719	0.04088
13	0.02080	0.69217	0.03856	0.01341	0.01973	0.07395	0.01309	0.02321	0.01581	0.01789	0.01062	0.01227	0.00974	0.00658	0.00500	0.00164	0.00848	0.00411	0.00329	0.00967
14	0.02646	0.02198	0.06748	0.01721	0.02311	0.06572	0.01469	0.45367	0.09964	0.07767	0.02025	0.04250	0.01511	0.00951	0.00760	0.00233	0.00841	0.00733	0.00714	0.01220
15	0.04153	0.01576	0.02334	0.52962	0.06286	0.06189	0.05521	0.05723	0.01688	0.02186	0.01449	0.03992	0.01148	0.00805	0.00758	0.00248	0.01006	0.00709	0.00383	0.00883
16	0.01067	0.00783	0.01080	0.01090	0.01197	0.00860	0.00797	0.01262	0.01239	0.01722	0.02604	0.07635	0.06607	0.20925	0.46522	0.00993	0.01535	0.01007	0.00455	0.00621
17	0.02662	0.01851	0.02045	0.01601	0.02154	0.01979	0.01304	0.49708	0.03102	0.10693	0.02145	0.08987	0.01711	0.01040	0.00769	0.00230	0.00761	0.00825	0.00753	0.05682
18	0.01964	0.44483	0.18671	0.01557	0.02261	0.09301	0.01634	0.04214	0.01709	0.02093	0.04896	0.01586	0.01324	0.00737	0.00591	0.00190	0.00914	0.00512	0.00371	0.00993
19	0.01099	0.00797	0.00928	0.00881	0.01118	0.00698	0.00666	0.01371	0.01940	0.05759	0.34924	0.06329	0.37327	0.01705	0.00889	0.00247	0.00385	0.01456	0.00775	0.00706
20	0.01622	0.10820	0.60327	0.02068	0.03114	0.04549	0.02602	0.02414	0.01617	0.02320	0.01324	0.01554	0.00963	0.00716	0.00696	0.00231	0.01100	0.00542	0.00323	0.01097
21	0.00907	0.00726	0.00813	0.00882	0.01054	0.00631	0.00627	0.01076	0.01619	0.02004	0.06298	0.33239	0.43259	0.02101	0.00925	0.00277	0.00406	0.01821	0.00704	0.00631
22	0.05953	0.01450	0.02167	0.50458	0.07846	0.01729	0.01868	0.10714	0.01799	0.02487	0.01464	0.01988	0.01101	0.00779	0.00729	0.00243	0.00921	0.00663	0.04730	0.00914
23	0.02010	0.03860	0.01687	0.01389	0.01754	0.01597	0.01089	0.34614	0.02555	0.03470	0.02718	0.28001	0.02705	0.01438	0.00807	0.00251	0.00648	0.01217	0.07206	0.00982

[dist]
# distance from previous block
# <min> <max>
0	10

[block]
# block no. 1 follows, 26 sequences, length 10
# corresponding to MSA columns:
# 114-123
name=unknown_B
#
# <colnr> <probs for GDERKNQSTAVLIFYWHMCP>
#	G	D	E	R	K	N	Q	S	T	A	V	L	I	F	Y	W	H	M	C	P
0	0.06914	0.23774	0.06876	0.02213	0.08967	0.19937	0.14278	0.04605	0.01820	0.02230	0.01258	0.01526	0.01032	0.00700	0.00665	0.00206	0.01061	0.00568	0.00381	0.00990
1	0.01710	0.29998	0.44995	0.01839	0.02784	0.02224	0.02241	0.02353	0.01579	0.02172	0.01247	0.01458	0.00966	0.00694	0.00633	0.00211	0.01005	0.00503	0.00322	0.01066
2	0.05597	0.01060	0.01251	0.01329	0.04931	0.01079	0.00993	0.01978	0.14771	0.02580	0.14446	0.05863	0.22066	0.01599	0.00879	0.00275	0.00542	0.17239	0.00706	0.00818
3	0.16499	0.01292	0.08606	0.01109	0.01462	0.01066	0.00974	0.01757	0.04714	0.02890	0.35170	0.07861	0.11107	0.01349	0.00790	0.00244	0.00505	0.01133	0.00683	0.00790
4	0.01332	0.01032	0.01129	0.01022	0.01317	0.00995	0.00787	0.14029	0.02170	0.02808	0.20025	0.09935	0.37230	0.01665	0.00873	0.00250	0.00471	0.01402	0.00745	0.00784
5	0.01877	0.15605	0.01748	0.01108	0.01469	0.05302	0.00922	0.14016	0.01968	0.02893	0.01981	0.02245	0.01574	0.01027	0.03344	0.00226	0.00657	0.00635	0.40523	0.00878
6	0.02614	0.02481	0.15565	0.01828	0.02536	0.02235	0.01711	0.53478	0.03177	0.04310	0.01730	0.01778	0.01225	0.00873	0.00751	0.00230	0.00891	0.00659	0.00672	0.01256
7	0.01821	0.06036	0.40345	0.02108	0.03001	0.01886	0.10863	0.14944	0.02047	0.02891	0.05634	0.01943	0.01439	0.00796	0.00753	0.00236	0.01025	0.00674	0.00448	0.01110
8	0.01059	0.00840	0.00963	0.00962	0.01172	0.00790	0.00709	0.01495	0.08740	0.02439	0.24410	0.19317	0.30694	0.01807	0.00897	0.00261	0.00410	0.01564	0.00750	0.00717
9	0.01798	0.01527	0.02089	0.06115	0.25146	0.01590	0.01552	0.15496	0.08296	0.02882	0.03161	0.05776	0.14930	0.01158	0.00810	0.00247	0.00734	0.05067	0.00588	0.01038

[dist]
# distance from previous block
# <min> <max>
1	2

[block]
# block no. 2 follows, 26 sequences, length 57
# corresponding to MSA columns:
# 126-182
name=unknown_C
#
# <colnr> <probs for GDERKNQSTAVLIFYWHMCP>
#	G	D	E	R	K	N	Q	S	T	A	V	L	I	F	Y	W	H	M	C	P
0	0.02587	0.01931	0.02092	0.01648	0.02198	0.02118	0.01343	0.53096	0.07983	0.04310	0.02042	0.06205	0.01600	0.01122	0.02637	0.00256	0.00814	0.00778	0.00734	0.04505
1	0.06281	0.01685	0.01840	0.01501	0.01947	0.05783	0.04060	0.28278	0.05617	0.06321	0.06959	0.09663	0.02245	0.07503	0.01039	0.00275	0.00750	0.00900	0.00663	0.06691
2	0.04327	0.38733	0.30922	0.01682	0.02507	0.06053	0.01915	0.02365	0.01591	0.02097	0.01188	0.01385	0.00963	0.00688	0.00594	0.00199	0.00962	0.00474	0.00331	0.01025
3	0.01858	0.01819	0.02931	0.13553	0.57234	0.04715	0.02261	0.02305	0.01717	0.02379	0.01405	0.01875	0.01166	0.00691	0.00749	0.00228	0.00936	0.00668	0.00371	0.01139
4	0.01598	0.01587	0.02730	0.02175	0.02437	0.01864	0.22033	0.01901	0.01397	0.02043	0.01522	0.07163	0.01433	0.01399	0.04458	0.04096	0.34788	0.00855	0.03680	0.00840
5	0.01751	0.07491	0.51024	0.02230	0.06289	0.01915	0.05470	0.10367	0.01859	0.02670	0.01413	0.01641	0.01023	0.00734	0.00722	0.00234	0.01064	0.00588	0.00381	0.01133
6	0.01318	0.00659	0.00988	0.00988	0.00988	0.00659	0.00659	0.00988	0.00988	0.01318	0.01318	0.02306	0.01318	0.02635	0.02964	0.77931	0.00659	0.00659	0.00329	0.00329
7	0.01414	0.00707	0.00707	0.00707	0.00884	0.00707	0.00530	0.01767	0.01591	0.02828	0.02474	0.02828	0.01944	0.00884	0.00530	0.00177	0.00353	0.00707	0.77554	0.00707
8	0.01734	0.01692	0.02975	0.19047	0.45000	0.01748	0.09330	0.02209	0.01688	0.02338	0.01648	0.02124	0.03577	0.00735	0.00774	0.00236	0.00949	0.00733	0.00380	0.01082
9	0.00904	0.00769	0.00779	0.00776	0.01029	0.00644	0.00582	0.01103	0.01747	0.02091	0.10241	0.07231	0.65720	0.01905	0.00896	0.00255	0.00383	0.01591	0.00710	0.00644
10	0.01807	0.01519	0.01618	0.01444	0.01848	0.01715	0.01125	0.08053	0.51472	0.03194	0.09668	0.03362	0.07576	0.01137	0.00792	0.00253	0.00578	0.00950	0.00772	0.01119
11	0.01507	0.01424	0.02410	0.60313	0.15849	0.01705	0.02144	0.02003	0.01552	0.02029	0.01361	0.01998	0.01043	0.00745	0.00757	0.00248	0.00993	0.00674	0.00343	0.00903
12	0.02653	0.03409	0.06143	0.01893	0.02331	0.59132	0.01497	0.05944	0.02163	0.02041	0.01564	0.01722	0.04600	0.00845	0.00701	0.00203	0.01274	0.00562	0.00421	0.00901
13	0.01768	0.01349	0.01614	0.01502	0.05715	0.01351	0.01084	0.23269	0.02305	0.03178	0.12291	0.23304	0.03230	0.01369	0.00809	0.00235	0.00608	0.01182	0.00682	0.13157
14	0.14923	0.57914	0.03398	0.01283	0.01888	0.06391	0.01227	0.02305	0.01532	0.02060	0.01061	0.01227	0.00948	0.00665	0.00494	0.00176	0.00803	0.00411	0.00352	0.00943
15	0.01299	0.01219	0.02136	0.06932	0.02300	0.01247	0.18517	0.01607	0.01521	0.02077	0.02808	0.38180	0.03099	0.01608	0.01084	0.00285	0.08499	0.01482	0.00541	0.03560
16	0.12139	0.07317	0.01511	0.03452	0.01589	0.01472	0.00942	0.16206	0.01999	0.03092	0.04640	0.05885	0.07957	0.01040	0.00700	0.00217	0.02639	0.00804	0.25525	0.00874
17	0.02794	0.02080	0.02226	0.01727	0.02318	0.02310	0.01420	0.60501	0.09293	0.04636	0.01935	0.01912	0.01382	0.00921	0.00760	0.00230	0.00814	0.00699	0.00760	0.01282
18	0.03403	0.01291	0.01760	0.01350	0.01936	0.01115	0.01115	0.03697	0.02171	0.69137	0.02992	0.02582	0.01878	0.00939	0.00763	0.00235	0.00645	0.00763	0.00939	0.01291
19	0.01647	0.01372	0.01617	0.01660	0.05959	0.01521	0.01248	0.03064	0.40490	0.02863	0.07182	0.04580	0.03125	0.01344	0.00857	0.00280	0.00632	0.18802	0.00730	0.01028
20	0.01051	0.00807	0.00990	0.01080	0.01279	0.00746	0.00881	0.01316	0.01731	0.02178	0.08133	0.12961	0.32317	0.02020	0.00970	0.00301	0.00528	0.29337	0.00707	0.00667
21	0.01721	0.02130	0.11884	0.08111	0.12962	0.01933	0.33341	0.02274	0.01632	0.02296	0.01393	0.01899	0.01098	0.00779	0.01110	0.00262	0.13031	0.00767	0.00362	0.01015
22	0.02833	0.03615	0.02149	0.01954	0.02345	0.70298	0.01466	0.03029	0.02149	0.01856	0.01172	0.01368	0.00977	0.00782	0.00684	0.00195	0.01368	0.00489	0.00391	0.00879
23	0.01902	0.01908	0.02905	0.07999	0.53500	0.08121	0.04462	0.02335	0.01775	0.02413	0.04369	0.02013	0.01432	0.00728	0.00757	0.00226	0.00940	0.00697	0.00395	0.01123
24	0.02776	0.02067	0.02276	0.06888	0.02564	0.02303	0.01491	0.61355	0.03415	0.04571	0.01786	0.01836	0.01269	0.00899	0.00759	0.00229	0.00848	0.00682	0.00728	0.01257
25	0.02515	0.01882	0.02191	0.01713	0.02247	0.02042	0.05834	0.50982	0.03103	0.04202	0.02085	0.09266	0.01706	0.01042	0.00776	0.00235	0.00796	0.00852	0.05364	0.01166
26	0.02382	0.19831	0.02680	0.04330	0.10030	0.37416	0.01541	0.02732	0.05380	0.01984	0.01274	0.01504	0.01076	0.00775	0.00732	0.00202	0.04264	0.00524	0.00389	0.00953
27	0.02464	0.04865	0.07443	0.01427	0.01963	0.01444	0.01243	0.09208	0.14188	0.31450	0.05987	0.07913	0.04804	0.01093	0.00774	0.00242	0.00664	0.00903	0.00780	0.01144
28	0.00912	0.00770	0.00793	0.00807	0.01052	0.00650	0.00610	0.01109	0.01720	0.02055	0.07400	0.09538	0.63287	0.01944	0.00906	0.00262	0.00400	0.04438	0.00704	0.00642
29	0.00945	0.00675	0.00898	0.01049	0.01100	0.00641	0.00704	0.01085	0.01447	0.01942	0.06081	0.64101	0.04831	0.05945	0.04348	0.00369	0.00526	0.02017	0.00683	0.00615
30	0.01045	0.00774	0.00975	0.00925	0.01116	0.00704	0.00693	0.01377	0.02080	0.02883	0.58532	0.05927	0.16935	0.01610	0.00895	0.00241	0.00362	0.01408	0.00814	0.00704
31	0.02064	0.70682	0.03894	0.01327	0.01964	0.05990	0.01305	0.02305	0.01568	0.01788	0.01060	0.01223	0.00974	0.00655	0.00495	0.00164	0.00836	0.00409	0.00327	0.00969
32	0.41842	0.07782	0.26720	0.01572	0.04380	0.01824	0.01641	0.02300	0.01439	0.02881	0.01181	0.01389	0.00897	0.00705	0.00573	0.00231	0.00812	0.00475	0.00400	0.00956
33	0.02701	0.01404	0.01711	0.01410	0.01917	0.01405	0.01132	0.03734	0.28094	0.40064	0.05786	0.02811	0.02275	0.01001	0.00772	0.00244	0.00615	0.00826	0.00868	0.01231
34	0.01262	0.04428	0.04951	0.01061	0.01354	0.00950	0.00882	0.01714	0.05524	0.05618	0.47253	0.05165	0.14022	0.01457	0.00854	0.00238	0.00450	0.01259	0.00767	0.00790
35	0.00999	0.00757	0.00921	0.00913	0.01096	0.00679	0.00672	0.01274	0.01921	0.02584	0.40806	0.15894	0.25155	0.01781	0.00906	0.00254	0.00378	0.01554	0.00777	0.00679
36	0.05995	0.01952	0.10394	0.02198	0.02826	0.01690	0.27289	0.05194	0.01708	0.04911	0.01621	0.06109	0.01355	0.00846	0.00970	0.00238	0.09107	0.00789	0.00444	0.14365
37	0.02328	0.11967	0.06430	0.05536	0.17535	0.10122	0.01698	0.20613	0.07845	0.06223	0.01667	0.01818	0.01274	0.00800	0.00710	0.00219	0.00904	0.00632	0.00535	0.01141
38	0.08708	0.24336	0.43860	0.01801	0.02723	0.02122	0.02177	0.02348	0.01555	0.02311	0.01243	0.01454	0.00952	0.00698	0.00629	0.00217	0.00981	0.00501	0.00335	0.01050
39	0.14769	0.43257	0.10452	0.01446	0.02020	0.02546	0.01437	0.02212	0.01449	0.02130	0.01080	0.01328	0.00950	0.00767	0.00807	0.00208	0.11387	0.00462	0.00349	0.00943
40	0.02266	0.01521	0.05708	0.01396	0.01884	0.01413	0.01178	0.10847	0.19516	0.24106	0.14866	0.03307	0.06385	0.01110	0.00793	0.00242	0.00619	0.00921	0.00804	0.01117
41	0.01559	0.00922	0.01111	0.01009	0.01314	0.00831	0.00790	0.01918	0.04737	0.16699	0.23131	0.05541	0.28163	0.01539	0.00856	0.00249	0.00457	0.04610	0.03735	0.00830
42	0.07032	0.17854	0.06999	0.01149	0.01523	0.01389	0.01034	0.01710	0.01794	0.02532	0.30089	0.10407	0.08152	0.01340	0.00770	0.00233	0.00563	0.04006	0.00624	0.00800
43	0.00896	0.00768	0.00768	0.00768	0.01025	0.00640	0.00576	0.01089	0.01729	0.02049	0.07684	0.07300	0.68304	0.01921	0.00896	0.00256	0.00384	0.01601	0.00704	0.00640
44	0.01746	0.01635	0.02739	0.15530	0.39109	0.01688	0.07569	0.05989	0.01808	0.02477	0.02019	0.02712	0.05632	0.00877	0.00795	0.00243	0.00903	0.05035	0.00435	0.01059
45	0.01772	0.10132	0.01417	0.00980	0.01298	0.01310	0.00801	0.14158	0.01963	0.03071	0.02171	0.02433	0.01697	0.00859	0.00569	0.00185	0.00503	0.00665	0.53162	0.00852
46	0.78701	0.01467	0.01115	0.00997	0.01467	0.01702	0.00821	0.02230	0.01291	0.03403	0.01056	0.01232	0.00821	0.00704	0.00469	0.00235	0.00587	0.00411	0.00469	0.00821
47	0.02711	0.02039	0.02179	0.01710	0.02287	0.02272	0.01400	0.55374	0.14555	0.04503	0.02040	0.01995	0.01467	0.00931	0.00761	0.00233	0.00794	0.00713	0.00761	0.01275
48	0.01540	0.03792	0.64852	0.02235	0.03331	0.01773	0.07231	0.02404	0.01615	0.02404	0.01373	0.01633	0.00974	0.00715	0.00733	0.00241	0.01132	0.00584	0.00325	0.01114
49	0.00896	0.00768	0.00768	0.00768	0.01025	0.00640	0.00576	0.01089	0.01729	0.02049	0.07684	0.07300	0.68304	0.01921	0.00896	0.00256	0.00384	0.01601	0.00704	0.00640
50	0.01302	0.01014	0.01125	0.01017	0.01306	0.00982	0.00784	0.11017	0.05326	0.02859	0.27904	0.05693	0.33606	0.01597	0.00869	0.00246	0.00452	0.01348	0.00762	0.00791
51	0.01545	0.01262	0.01479	0.01165	0.01689	0.01044	0.00904	0.07571	0.01727	0.02560	0.02036	0.17812	0.02024	0.01006	0.00672	0.00167	0.00559	0.00859	0.00536	0.53382
52	0.73151	0.01454	0.01162	0.01023	0.01501	0.01658	0.00843	0.02338	0.01356	0.08248	0.01199	0.01332	0.00899	0.00721	0.00491	0.00235	0.00591	0.00437	0.00504	0.00856
53	0.01677	0.01432	0.01689	0.01243	0.01855	0.01222	0.01003	0.06632	0.01685	0.02587	0.01353	0.01599	0.01125	0.00653	0.00740	0.00140	0.06651	0.00485	0.00462	0.65769
54	0.10135	0.23675	0.10809	0.01604	0.04889	0.05209	0.01436	0.11976	0.06801	0.07838	0.07234	0.01992	0.01706	0.00836	0.00651	0.00212	0.00792	0.00624	0.00532	0.01047
55	0.15293	0.12570	0.09531	0.27641	0.06491	0.04793	0.01729	0.05257	0.01662	0.06434	0.01373	0.01709	0.01040	0.00744	0.00660	0.00229	0.00898	0.00574	0.00417	0.00955
56	0.01616	0.10503	0.52072	0.02250	0.03265	0.01910	0.13223	0.02394	0.01627	0.02346	0.01360	0.01638	0.00994	0.00700	0.00727	0.00235	0.01117	0.00601	0.00331	0.01090

[dist]
# distance from previous block
# <min> <max>
0	15

[block]
# block no. 3 follows, 26 sequences, length 17
# corresponding to MSA columns:
# 198-214
name=unknown_D
#
# <colnr> <probs for GDERKNQSTAVLIFYWHMCP>
#	G	D	E	R	K	N	Q	S	T	A	V	L	I	F	Y	W	H	M	C	P
0	0.64454	0.01371	0.01159	0.05069	0.01634	0.01576	0.00877	0.02123	0.01394	0.03266	0.07393	0.01744	0.01461	0.00792	0.00528	0.00234	0.00582	0.00525	0.03010	0.00809
1	0.01229	0.00982	0.01211	0.01176	0.01273	0.04184	0.00864	0.01409	0.01237	0.01725	0.02036	0.03393	0.02044	0.25331	0.38959	0.00915	0.07074	0.00869	0.03455	0.00634
2	0.00999	0.00712	0.00942	0.01053	0.01139	0.00672	0.00744	0.01197	0.01622	0.02198	0.18865	0.46967	0.05316	0.06268	0.01127	0.00321	0.00464	0.08037	0.00720	0.00638
3	0.02346	0.02054	0.02566	0.11751	0.11283	0.08420	0.09216	0.33282	0.02639	0.03442	0.01846	0.02058	0.03866	0.00856	0.00772	0.00232	0.00951	0.00724	0.00572	0.01122
4	0.01085	0.00805	0.01182	0.01182	0.01305	0.00928	0.00902	0.01331	0.01208	0.01734	0.02065	0.03165	0.01977	0.12009	0.64127	0.01174	0.01911	0.00840	0.00411	0.00657
5	0.01474	0.01373	0.02269	0.47647	0.18236	0.01582	0.01985	0.01935	0.01592	0.02082	0.02006	0.02784	0.06366	0.00909	0.00785	0.00253	0.00921	0.04512	0.00395	0.00895
6	0.01082	0.00727	0.00833	0.00854	0.00859	0.00722	0.00488	0.01098	0.01144	0.01525	0.02598	0.12838	0.03020	0.65111	0.03525	0.00686	0.00701	0.01225	0.00488	0.00478
7	0.01778	0.02395	0.20271	0.08116	0.23427	0.06438	0.05813	0.02518	0.09401	0.02423	0.01598	0.01924	0.01250	0.00792	0.00858	0.00240	0.05743	0.00667	0.03269	0.01077
8	0.01036	0.00783	0.00965	0.00964	0.01161	0.00712	0.00744	0.01336	0.01942	0.02600	0.38995	0.08890	0.24918	0.01766	0.00919	0.00262	0.00416	0.10131	0.00772	0.00687
9	0.01162	0.00841	0.01144	0.01283	0.01455	0.00823	0.01089	0.01485	0.01762	0.02302	0.10314	0.12546	0.09727	0.02050	0.01016	0.00329	0.00624	0.48646	0.00712	0.00690
10	0.02014	0.01523	0.01749	0.01284	0.01936	0.01328	0.01040	0.16823	0.02077	0.08069	0.01582	0.01707	0.01219	0.00671	0.00622	0.00148	0.00631	0.00527	0.00558	0.54493
11	0.10102	0.01513	0.01706	0.01493	0.04331	0.01596	0.01144	0.16880	0.18797	0.15255	0.11669	0.02833	0.04282	0.01019	0.00748	0.00235	0.00628	0.00826	0.00747	0.04196
12	0.01776	0.04719	0.16076	0.04749	0.06647	0.01483	0.13124	0.02284	0.01671	0.07676	0.01508	0.01766	0.01150	0.00656	0.00686	0.00188	0.00858	0.00598	0.00437	0.31950
13	0.01611	0.10986	0.53733	0.02212	0.03236	0.01913	0.11216	0.02392	0.01621	0.02341	0.01353	0.01622	0.00988	0.00702	0.00720	0.00234	0.01110	0.00590	0.00329	0.01092
14	0.05027	0.01640	0.01918	0.07052	0.02257	0.01773	0.04201	0.29027	0.12940	0.05378	0.02682	0.02872	0.09271	0.06505	0.01001	0.00274	0.00747	0.00841	0.00664	0.03931
15	0.01897	0.01377	0.01699	0.21671	0.02651	0.01548	0.01300	0.23627	0.02245	0.03201	0.02134	0.02431	0.04114	0.00898	0.00689	0.00219	0.00709	0.00725	0.25923	0.00942
16	0.01858	0.02070	0.08106	0.11576	0.18293	0.08191	0.16577	0.04495	0.12531	0.02471	0.01742	0.02162	0.01383	0.04111	0.00924	0.00263	0.01004	0.00749	0.00450	0.01047

[dist]
# distance from previous block
# <min> <max>
0	2

[block]
# block no. 4 follows, 26 sequences, length 105
# corresponding to MSA columns:
# 223-327
name=unknown_E
#
# <colnr> <probs for GDERKNQSTAVLIFYWHMCP>
#	G	D	E	R	K	N	Q	S	T	A	V	L	I	F	Y	W	H	M	C	P
0	0.01442	0.01390	0.02572	0.06447	0.10027	0.01389	0.23843	0.01934	0.04575	0.02236	0.04703	0.17905	0.02402	0.01973	0.13124	0.00433	0.01104	0.01136	0.00489	0.00879
1	0.00930	0.00688	0.00873	0.01016	0.01104	0.00630	0.00700	0.01082	0.01514	0.01970	0.04816	0.58398	0.16581	0.02282	0.00958	0.00300	0.00440	0.04390	0.00704	0.00624
2	0.01871	0.02026	0.06229	0.04032	0.44761	0.04267	0.20755	0.02385	0.01755	0.02439	0.01446	0.01897	0.01169	0.00671	0.00789	0.00234	0.01036	0.00728	0.00376	0.01135
3	0.00896	0.00768	0.00768	0.00768	0.01025	0.00640	0.00576	0.01089	0.01729	0.02049	0.07684	0.07300	0.68304	0.01921	0.00896	0.00256	0.00384	0.01601	0.00704	0.00640
4	0.05489	0.01559	0.01667	0.01385	0.01804	0.01712	0.01111	0.35118	0.08165	0.03745	0.02222	0.05037	0.01815	0.04309	0.03179	0.00282	0.00720	0.02868	0.16771	0.01040
5	0.00966	0.00734	0.00892	0.00950	0.01104	0.00660	0.00687	0.01184	0.01732	0.02267	0.21492	0.31358	0.26519	0.02005	0.00929	0.00275	0.00412	0.04443	0.00737	0.00653
6	0.02028	0.73799	0.03975	0.01298	0.01947	0.03001	0.01298	0.02271	0.01541	0.01785	0.01055	0.01217	0.00973	0.00649	0.00487	0.00162	0.00811	0.00406	0.00324	0.00973
7	0.01607	0.01039	0.01283	0.01066	0.01448	0.00900	0.00834	0.04244	0.02027	0.13332	0.33791	0.04252	0.10900	0.01238	0.00792	0.00210	0.00471	0.01059	0.00746	0.18761
8	0.01612	0.16385	0.57743	0.02008	0.03045	0.01983	0.02534	0.02379	0.01591	0.02292	0.01307	0.01533	0.00963	0.00708	0.00679	0.00226	0.01066	0.00533	0.00321	0.01095
9	0.01736	0.04520	0.02261	0.01886	0.01963	0.09099	0.01557	0.01918	0.01282	0.01821	0.01117	0.01742	0.01081	0.01673	0.08866	0.00398	0.55259	0.00651	0.00345	0.00825
10	0.03337	0.01306	0.01758	0.01358	0.01938	0.01148	0.01119	0.03711	0.05002	0.66267	0.02997	0.02593	0.01897	0.00943	0.00763	0.00236	0.00643	0.00767	0.00932	0.01287
11	0.01858	0.01783	0.03044	0.07532	0.65885	0.01797	0.02318	0.02311	0.01718	0.02455	0.01423	0.01884	0.01193	0.00679	0.00751	0.00226	0.00906	0.00676	0.00374	0.01186
12	0.01414	0.00707	0.00707	0.00707	0.00884	0.00707	0.00530	0.01767	0.01591	0.02828	0.02474	0.02828	0.01944	0.00884	0.00530	0.00177	0.00353	0.00707	0.77554	0.00707
13	0.10238	0.01622	0.01675	0.01349	0.01810	0.01780	0.01098	0.39760	0.02725	0.04039	0.01943	0.02070	0.01443	0.00881	0.00659	0.00213	0.00661	0.00662	0.24309	0.01063
14	0.00896	0.00768	0.00768	0.00768	0.01025	0.00640	0.00576	0.01089	0.01729	0.02049	0.07684	0.07300	0.68304	0.01921	0.00896	0.00256	0.00384	0.01601	0.00704	0.00640
15	0.01414	0.00707	0.00707	0.00707	0.00884	0.00707	0.00530	0.01767	0.01591	0.02828	0.02474	0.02828	0.01944	0.00884	0.00530	0.00177	0.00353	0.00707	0.77554	0.00707
16	0.00924	0.00660	0.00880	0.01056	0.01100	0.00616	0.00704	0.01056	0.01452	0.01936	0.04181	0.72848	0.05017	0.02376	0.00968	0.00308	0.00440	0.02156	0.00704	0.00616
17	0.02833	0.03615	0.02149	0.01954	0.02345	0.70298	0.01466	0.03029	0.02149	0.01856	0.01172	0.01368	0.00977	0.00782	0.00684	0.00195	0.01368	0.00489	0.00391	0.00879
18	0.00927	0.00770	0.00810	0.00800	0.01043	0.00653	0.00600	0.01147	0.01800	0.02218	0.17983	0.07022	0.57899	0.01858	0.00896	0.00253	0.00380	0.01562	0.00727	0.00653
19	0.01318	0.00659	0.00988	0.00988	0.00988	0.00659	0.00659	0.00988	0.00988	0.01318	0.01318	0.02306	0.01318	0.02635	0.02964	0.77931	0.00659	0.00659	0.00329	0.00329
20	0.01659	0.01659	0.02323	0.01991	0.01991	0.02323	0.01659	0.01825	0.01162	0.01825	0.00996	0.01659	0.00996	0.01328	0.02489	0.00332	0.71955	0.00664	0.00332	0.00830
21	0.02006	0.70760	0.06822	0.01335	0.02005	0.02947	0.01363	0.02277	0.01544	0.01811	0.01068	0.01233	0.00973	0.00652	0.00497	0.00166	0.00825	0.00412	0.00324	0.00980
22	0.01172	0.00798	0.01037	0.00964	0.01165	0.00731	0.00728	0.01519	0.02130	0.05998	0.62648	0.05596	0.09548	0.01539	0.00889	0.00239	0.00372	0.01354	0.00834	0.00739
23	0.01063	0.00775	0.00999	0.00943	0.01127	0.00711	0.00707	0.01411	0.02122	0.02983	0.64613	0.05763	0.10792	0.01573	0.00895	0.00240	0.00359	0.01385	0.00827	0.00711
24	0.01946	0.01659	0.01748	0.01556	0.01995	0.01914	0.01215	0.07719	0.63456	0.03269	0.03012	0.02770	0.02254	0.01022	0.00771	0.00256	0.00614	0.00847	0.00771	0.01206
25	0.04495	0.00985	0.01257	0.01076	0.01422	0.00884	0.00847	0.02238	0.02074	0.26961	0.34505	0.04605	0.12848	0.01347	0.00833	0.00239	0.00473	0.01147	0.00844	0.00919
26	0.03381	0.01327	0.01783	0.01367	0.01954	0.01169	0.01129	0.06411	0.02232	0.66337	0.02941	0.02549	0.01852	0.00938	0.00763	0.00234	0.00654	0.00759	0.00931	0.01291
27	0.01573	0.01348	0.01573	0.01123	0.01798	0.01011	0.00899	0.01910	0.01573	0.02472	0.01348	0.01573	0.01123	0.00562	0.00562	0.00112	0.00562	0.00449	0.00449	0.77980
28	0.01414	0.00707	0.00707	0.00707	0.00884	0.00707	0.00530	0.01767	0.01591	0.02828	0.02474	0.02828	0.01944	0.00884	0.00530	0.00177	0.00353	0.00707	0.77554	0.00707
29	0.00948	0.00670	0.00873	0.01026	0.01064	0.00632	0.00672	0.01062	0.01406	0.01875	0.03944	0.63894	0.04719	0.11737	0.01350	0.00364	0.00479	0.02017	0.00672	0.00595
30	0.01659	0.01659	0.02323	0.01991	0.01991	0.02323	0.01659	0.01825	0.01162	0.01825	0.00996	0.01659	0.00996	0.01328	0.02489	0.00332	0.71955	0.00664	0.00332	0.00830
31	0.02835	0.03555	0.02155	0.01946	0.02345	0.67550	0.01465	0.05579	0.02207	0.01975	0.01199	0.01386	0.00990	0.00787	0.00687	0.00197	0.01346	0.00496	0.00406	0.00896
32	0.01103	0.00735	0.00827	0.00827	0.00827	0.00735	0.00460	0.01103	0.01103	0.01471	0.02390	0.04964	0.02758	0.73343	0.03861	0.00735	0.00735	0.01103	0.00460	0.00460
33	0.01414	0.00707	0.00707	0.00707	0.00884	0.00707	0.00530	0.01767	0.01591	0.02828	0.02474	0.02828	0.01944	0.00884	0.00530	0.00177	0.00353	0.00707	0.77554	0.00707
34	0.02833	0.03615	0.02149	0.01954	0.02345	0.70298	0.01466	0.03029	0.02149	0.01856	0.01172	0.01368	0.00977	0.00782	0.00684	0.00195	0.01368	0.00489	0.00391	0.00879
35	0.78701	0.01467	0.01115	0.00997	0.01467	0.01702	0.00821	0.02230	0.01291	0.03403	0.01056	0.01232	0.00821	0.00704	0.00469	0.00235	0.00587	0.00411	0.00469	0.00821
36	0.01414	0.00707	0.00707	0.00707	0.00884	0.00707	0.00530	0.01767	0.01591	0.02828	0.02474	0.02828	0.01944	0.00884	0.00530	0.00177	0.00353	0.00707	0.77554	0.00707
37	0.01103	0.00735	0.00827	0.00827	0.00827	0.00735	0.00460	0.01103	0.01103	0.01471	0.02390	0.04964	0.02758	0.73343	0.03861	0.00735	0.00735	0.01103	0.00460	0.00460
38	0.02883	0.02125	0.02276	0.01745	0.02352	0.02352	0.01442	0.66082	0.03566	0.04780	0.01821	0.01821	0.01290	0.00911	0.00759	0.00228	0.00835	0.00683	0.00759	0.01290
39	0.01521	0.03923	0.69413	0.02162	0.03283	0.01762	0.02802	0.02402	0.01601	0.02402	0.01361	0.01601	0.00961	0.00721	0.00721	0.00240	0.01121	0.00560	0.00320	0.01121
40	0.01318	0.00659	0.00988	0.00988	0.00988	0.00659	0.00659	0.00988	0.00988	0.01318	0.01318	0.02306	0.01318	0.02635	0.02964	0.77931	0.00659	0.00659	0.00329	0.00329
41	0.00980	0.00700	0.00944	0.01120	0.01188	0.00664	0.00801	0.01153	0.01507	0.01999	0.04150	0.60804	0.04895	0.02324	0.00983	0.00316	0.00488	0.13649	0.00703	0.00632
42	0.01505	0.01422	0.02406	0.60631	0.15547	0.01704	0.02143	0.02001	0.01551	0.02026	0.01361	0.01999	0.01042	0.00745	0.00757	0.00248	0.00993	0.00674	0.00343	0.00901
43	0.01432	0.01348	0.02275	0.71520	0.05224	0.01685	0.02107	0.01938	0.01517	0.01938	0.01348	0.02022	0.01011	0.00758	0.00758	0.00253	0.01011	0.00674	0.00337	0.00843
44	0.02692	0.01940	0.02072	0.01610	0.02161	0.02138	0.01323	0.57708	0.03309	0.04526	0.01906	0.01952	0.01375	0.00907	0.00729	0.00221	0.00772	0.00686	0.10758	0.01214
45	0.01761	0.02299	0.14198	0.03239	0.12747	0.01878	0.47496	0.02411	0.01753	0.02432	0.01493	0.01955	0.01129	0.00657	0.00849	0.00249	0.01203	0.00814	0.00373	0.01063
46	0.01809	0.03450	0.54075	0.02262	0.08293	0.04268	0.02527	0.02564	0.01695	0.09821	0.01541	0.01724	0.01083	0.00744	0.00726	0.00237	0.01060	0.00589	0.00396	0.01137
47	0.01739	0.01661	0.02828	0.25477	0.48873	0.01766	0.02259	0.02206	0.01662	0.02310	0.01402	0.01922	0.01142	0.00702	0.00753	0.00234	0.00935	0.00675	0.00363	0.01090
48	0.01557	0.01519	0.02302	0.33278	0.03446	0.02036	0.01861	0.01876	0.01321	0.01876	0.01154	0.01823	0.01003	0.01071	0.01710	0.00296	0.40031	0.00668	0.00334	0.00836
49	0.02619	0.01945	0.02473	0.02042	0.07131	0.02066	0.08935	0.45299	0.03033	0.09407	0.05801	0.02141	0.01663	0.00903	0.00782	0.00232	0.00848	0.00754	0.00707	0.01219
50	0.02395	0.07457	0.02274	0.01708	0.02158	0.04808	0.01410	0.31489	0.16265	0.05845	0.01892	0.01967	0.01436	0.00990	0.01062	0.00247	0.14120	0.00690	0.00641	0.01145
51	0.01074	0.00775	0.01014	0.00954	0.01133	0.00716	0.00716	0.01431	0.02147	0.03042	0.68211	0.05666	0.07157	0.01551	0.00895	0.00239	0.00358	0.01372	0.00835	0.00716
52	0.00923	0.00664	0.00876	0.01045	0.01097	0.00617	0.00699	0.01057	0.01463	0.01941	0.04322	0.70197	0.07576	0.02358	0.00965	0.00306	0.00438	0.02134	0.00704	0.00617
53	0.01414	0.00707	0.00707	0.00707	0.00884	0.00707	0.00530	0.01767	0.01591	0.02828	0.02474	0.02828	0.01944	0.00884	0.00530	0.00177	0.00353	0.00707	0.77554	0.00707
54	0.01573	0.01348	0.01573	0.01123	0.01798	0.01011	0.00899	0.01910	0.01573	0.02472	0.01348	0.01573	0.01123	0.00562	0.00562	0.00112	0.00562	0.00449	0.00449	0.77980
55	0.01767	0.01978	0.04096	0.02984	0.03616	0.01990	0.54529	0.02323	0.01679	0.02323	0.01439	0.01978	0.01124	0.00761	0.01176	0.00269	0.13750	0.00854	0.00375	0.00989
56	0.01414	0.00707	0.00707	0.00707	0.00884	0.00707	0.00530	0.01767	0.01591	0.02828	0.02474	0.02828	0.01944	0.00884	0.00530	0.00177	0.00353	0.00707	0.77554	0.00707
57	0.01432	0.01348	0.02275	0.71520	0.05224	0.01685	0.02107	0.01938	0.01517	0.01938	0.01348	0.02022	0.01011	0.00758	0.00758	0.00253	0.01011	0.00674	0.00337	0.00843
58	0.06535	0.01362	0.01723	0.01370	0.01922	0.01286	0.01118	0.03693	0.14321	0.53798	0.02922	0.02567	0.01912	0.00945	0.00751	0.00239	0.00634	0.00765	0.00886	0.01253
59	0.01241	0.00969	0.01159	0.01060	0.01321	0.00946	0.00806	0.01919	0.14273	0.02952	0.47129	0.05024	0.10849	0.01424	0.00852	0.00236	0.00418	0.01239	0.00790	0.05394
60	0.01074	0.00775	0.01014	0.00954	0.01133	0.00716	0.00716	0.01431	0.02147	0.03042	0.68211	0.05666	0.07157	0.01551	0.00895	0.00239	0.00358	0.01372	0.00835	0.00716
61	0.01753	0.01951	0.04021	0.05935	0.03689	0.01976	0.52382	0.02308	0.01673	0.02308	0.01436	0.01980	0.01119	0.00760	0.01156	0.00268	0.13082	0.00847	0.00373	0.00983
62	0.01100	0.00747	0.00885	0.00885	0.00905	0.00767	0.00532	0.01140	0.01120	0.01513	0.02337	0.04671	0.02631	0.63373	0.13657	0.00807	0.00926	0.01060	0.00452	0.00492
63	0.01300	0.00825	0.01086	0.00993	0.01211	0.00754	0.00754	0.01651	0.02149	0.09463	0.61875	0.05366	0.06644	0.01491	0.00882	0.00238	0.00386	0.01313	0.00845	0.00772
64	0.78701	0.01467	0.01115	0.00997	0.01467	0.01702	0.00821	0.02230	0.01291	0.03403	0.01056	0.01232	0.00821	0.00704	0.00469	0.00235	0.00587	0.00411	0.00469	0.00821
65	0.01565	0.01484	0.02515	0.51545	0.24160	0.01720	0.02173	0.02054	0.01580	0.02099	0.01372	0.01979	0.01068	0.00734	0.00756	0.00245	0.00978	0.00675	0.00349	0.00950
66	0.02833	0.03615	0.02149	0.01954	0.02345	0.70298	0.01466	0.03029	0.02149	0.01856	0.01172	0.01368	0.00977	0.00782	0.00684	0.00195	0.01368	0.00489	0.00391	0.00879
67	0.01659	0.01659	0.02323	0.01991	0.01991	0.02323	0.01659	0.01825	0.01162	0.01825	0.00996	0.01659	0.00996	0.01328	0.02489	0.00332	0.71955	0.00664	0.00332	0.00830
68	0.01101	0.00742	0.00861	0.00861	0.00872	0.00753	0.00501	0.01124	0.01113	0.01495	0.02360	0.04795	0.02684	0.67600	0.09504	0.00776	0.00845	0.01078	0.00455	0.00478
69	0.00924	0.00660	0.00880	0.01056	0.01100	0.00616	0.00704	0.01056	0.01452	0.01936	0.04181	0.72848	0.05017	0.02376	0.00968	0.00308	0.00440	0.02156	0.00704	0.00616
70	0.01586	0.01540	0.02453	0.21329	0.09992	0.01923	0.07024	0.01894	0.01376	0.01960	0.01332	0.04935	0.01221	0.01142	0.01653	0.03217	0.33452	0.00752	0.00358	0.00860
71	0.05825	0.03140	0.05963	0.01801	0.02233	0.51432	0.01428	0.02924	0.08687	0.02104	0.01826	0.01936	0.05776	0.00879	0.00700	0.00210	0.01173	0.00604	0.00451	0.00907
72	0.00907	0.00769	0.00783	0.00779	0.01031	0.00645	0.00585	0.01109	0.01754	0.02108	0.11282	0.07203	0.64669	0.01899	0.00896	0.00255	0.00383	0.01587	0.00712	0.00645
73	0.02031	0.02705	0.35718	0.02074	0.02935	0.01562	0.14055	0.02684	0.01816	0.19672	0.05789	0.02179	0.01601	0.00811	0.00775	0.00242	0.00982	0.00724	0.00522	0.01122
74	0.05043	0.03671	0.61423	0.02187	0.03252	0.01771	0.07462	0.02396	0.01602	0.02450	0.01360	0.01618	0.00969	0.00714	0.00722	0.00241	0.01109	0.00579	0.00332	0.01100
75	0.01956	0.53932	0.17074	0.01501	0.02235	0.02681	0.01605	0.05036	0.04107	0.02087	0.01225	0.01381	0.01035	0.00689	0.00556	0.00184	0.00867	0.00466	0.00359	0.01025
76	0.00943	0.00783	0.00833	0.00858	0.01102	0.00673	0.00668	0.01157	0.01731	0.02080	0.07163	0.07478	0.59231	0.01946	0.00918	0.00269	0.00429	0.10385	0.00704	0.00649
77	0.00986	0.00739	0.01066	0.01161	0.01252	0.00693	0.03652	0.01165	0.01525	0.02045	0.08177	0.62429	0.04952	0.02233	0.00964	0.00303	0.00484	0.04833	0.00698	0.00644
78	0.01674	0.01807	0.05196	0.14802	0.21483	0.07082	0.18398	0.02122	0.01688	0.02225	0.01904	0.14408	0.01802	0.00990	0.00821	0.00251	0.00982	0.00974	0.00428	0.00962
79	0.06170	0.01369	0.01739	0.01360	0.01910	0.01280	0.01115	0.10669	0.04605	0.52042	0.07406	0.02667	0.02157	0.00973	0.00760	0.00235	0.00643	0.00786	0.00886	0.01228
80	0.02012	0.70779	0.03906	0.01327	0.01949	0.02973	0.01313	0.02253	0.01525	0.01786	0.01052	0.01235	0.00974	0.00677	0.00571	0.00169	0.03790	0.00416	0.00325	0.00967
81	0.02403	0.01645	0.01852	0.01424	0.02007	0.01634	0.01158	0.28861	0.07858	0.13441	0.01998	0.02003	0.01451	0.00819	0.00688	0.00194	0.00678	0.00641	0.05260	0.23983
82	0.05990	0.01975	0.02154	0.01657	0.02256	0.02144	0.01369	0.54337	0.03270	0.14210	0.01963	0.01910	0.01358	0.00906	0.00748	0.00229	0.00797	0.00684	0.00774	0.01271
83	0.00924	0.00660	0.00880	0.01056	0.01100	0.00616	0.00704	0.01056	0.01452	0.01936	0.04181	0.72848	0.05017	0.02376	0.00968	0.00308	0.00440	0.02156	0.00704	0.00616
84	0.04809	0.01515	0.02554	0.46288	0.23317	0.01730	0.04890	0.02084	0.01580	0.02177	0.01367	0.01948	0.01064	0.00727	0.00750	0.00244	0.00973	0.00673	0.00356	0.00953
85	0.01432	0.01348	0.02275	0.71520	0.05224	0.01685	0.02107	0.01938	0.01517	0.01938	0.01348	0.02022	0.01011	0.00758	0.00758	0.00253	0.01011	0.00674	0.00337	0.00843
86	0.02547	0.01925	0.02096	0.01586	0.02210	0.02008	0.01302	0.49624	0.03055	0.04188	0.01700	0.01757	0.01247	0.00821	0.00708	0.00198	0.00765	0.00623	0.00679	0.20958
87	0.02360	0.24784	0.05656	0.01751	0.06072	0.07897	0.01457	0.13817	0.04643	0.12394	0.01605	0.01714	0.01236	0.00835	0.00835	0.00214	0.08068	0.00583	0.00523	0.03558
88	0.01601	0.13198	0.58442	0.02130	0.05289	0.01929	0.02585	0.02382	0.01598	0.02322	0.01322	0.01559	0.00971	0.00710	0.00690	0.00229	0.01072	0.00544	0.00323	0.01104
89	0.01757	0.36493	0.38912	0.01759	0.02660	0.02339	0.02101	0.02341	0.01573	0.02114	0.01218	0.01422	0.00967	0.00687	0.00612	0.00204	0.00977	0.00488	0.00322	0.01052
90	0.01030	0.00793	0.00937	0.00930	0.01118	0.00729	0.00680	0.01365	0.04815	0.02489	0.32835	0.16378	0.26722	0.04509	0.01014	0.00275	0.00405	0.01535	0.00754	0.00688
91	0.02966	0.01397	0.04730	0.01360	0.01916	0.01175	0.01159	0.07658	0.02239	0.52699	0.11699	0.02904	0.02513	0.01010	0.00779	0.00235	0.00641	0.00831	0.00884	0.01205
92	0.01008	0.00758	0.00939	0.00995	0.01136	0.00708	0.00707	0.01311	0.04667	0.02351	0.24423	0.37285	0.16939	0.01980	0.00924	0.00275	0.00412	0.01757	0.00747	0.00677
93	0.00923	0.00664	0.00876	0.01045	0.01097	0.00617	0.00699	0.01057	0.01463	0.01941	0.04313	0.70377	0.07403	0.02359	0.00965	0.00306	0.00438	0.02135	0.00704	0.00617
94	0.02106	0.62700	0.06213	0.01410	0.02045	0.11079	0.01375	0.02368	0.01617	0.01816	0.01080	0.01249	0.00973	0.00668	0.00519	0.00169	0.00890	0.00421	0.00332	0.00968
95	0.02632	0.01973	0.02145	0.04812	0.02378	0.02201	0.01407	0.52553	0.11990	0.04367	0.01994	0.02002	0.01439	0.00919	0.00752	0.00231	0.00794	0.00707	0.03469	0.01237
96	0.01641	0.01304	0.01504	0.01360	0.01593	0.05770	0.01077	0.13698	0.01771	0.02506	0.01906	0.02507	0.01644	0.03301	0.35290	0.00718	0.08286	0.00736	0.12563	0.00824
97	0.03318	0.01428	0.01845	0.01415	0.02005	0.01319	0.01169	0.13967	0.02401	0.58542	0.02800	0.02456	0.01781	0.00934	0.00762	0.00234	0.00677	0.00750	0.00909	0.01291
98	0.02238	0.01675	0.01850	0.01545	0.01987	0.01840	0.01236	0.40296	0.11065	0.03832	0.04680	0.14127	0.02368	0.01432	0.03723	0.00291	0.00769	0.03209	0.00737	0.01101
99	0.00928	0.00770	0.00812	0.00802	0.01044	0.00654	0.00601	0.01150	0.01804	0.02227	0.18526	0.07007	0.57351	0.01855	0.00896	0.00253	0.00379	0.01560	0.00728	0.00654
100	0.01702	0.01718	0.03204	0.26898	0.28749	0.01796	0.20318	0.02225	0.01674	0.02281	0.01431	0.01974	0.01123	0.00693	0.00794	0.00243	0.01046	0.00738	0.00365	0.01029
101	0.02883	0.02125	0.02276	0.01745	0.02352	0.02352	0.01442	0.66082	0.03566	0.04780	0.01821	0.01821	0.01290	0.00911	0.00759	0.00228	0.00835	0.00683	0.00759	0.01290
102	0.02459	0.02926	0.01943	0.01693	0.02144	0.50094	0.01284	0.02696	0.01982	0.02052	0.01274	0.01484	0.01057	0.00732	0.00647	0.00174	0.01124	0.00489	0.03867	0.19880
103	0.00924	0.00660	0.00880	0.01056	0.01100	0.00616	0.00704	0.01056	0.01452	0.01936	0.04181	0.72848	0.05017	0.02376	0.00968	0.00308	0.00440	0.02156	0.00704	0.00616
104	0.01057	0.00894	0.03571	0.00965	0.01195	0.00741	0.00769	0.01404	0.02048	0.02831	0.54329	0.05817	0.18376	0.01588	0.00888	0.00242	0.00392	0.01384	0.00791	0.00717

[dist]
# distance from previous block
# <min> <max>
18	30

[block]
# block no. 5 follows, 26 sequences, length 40
# corresponding to MSA columns:
# 361-400
name=unknown_F
#
# <colnr> <probs for GDERKNQSTAVLIFYWHMCP>
#	G	D	E	R	K	N	Q	S	T	A	V	L	I	F	Y	W	H	M	C	P
0	0.02195	0.49854	0.09079	0.01518	0.02162	0.13451	0.01466	0.08578	0.01838	0.02138	0.01173	0.01332	0.01004	0.00701	0.00564	0.00180	0.00928	0.00459	0.00377	0.01002
1	0.21462	0.09432	0.07708	0.05139	0.02220	0.05549	0.01358	0.21085	0.05351	0.08563	0.04151	0.01836	0.01402	0.00834	0.00657	0.00226	0.00787	0.00606	0.00581	0.01055
2	0.01591	0.01135	0.01326	0.04589	0.01632	0.03736	0.00960	0.06201	0.13220	0.07890	0.06275	0.27796	0.05516	0.01767	0.01173	0.11829	0.00601	0.01300	0.00660	0.00803
3	0.04810	0.16230	0.25204	0.13372	0.02929	0.10569	0.01895	0.02268	0.01605	0.02140	0.01309	0.01645	0.01042	0.01042	0.05316	0.00278	0.01076	0.00544	0.00354	0.06374
4	0.01210	0.01016	0.01356	0.01309	0.01391	0.01159	0.00977	0.01369	0.01384	0.01964	0.06329	0.37386	0.03476	0.07882	0.01622	0.00333	0.21328	0.01462	0.00563	0.06484
5	0.01856	0.01657	0.02663	0.04932	0.02701	0.01589	0.22340	0.10984	0.01906	0.05374	0.01706	0.06573	0.01432	0.00832	0.00873	0.00214	0.05696	0.00778	0.00495	0.25397
6	0.01414	0.00707	0.00707	0.00707	0.00884	0.00707	0.00530	0.01767	0.01591	0.02828	0.02474	0.02828	0.01944	0.00884	0.00530	0.00177	0.00353	0.00707	0.77554	0.00707
7	0.01611	0.01315	0.01537	0.01114	0.01762	0.00995	0.00890	0.01938	0.01605	0.05148	0.01755	0.01922	0.04765	0.00650	0.00588	0.00125	0.00556	0.00524	0.00483	0.70718
8	0.01790	0.02046	0.04476	0.03197	0.03964	0.01918	0.65857	0.02430	0.01790	0.02430	0.01535	0.02046	0.01151	0.00639	0.00895	0.00256	0.01279	0.00895	0.00384	0.01023
9	0.01414	0.00707	0.00707	0.00707	0.00884	0.00707	0.00530	0.01767	0.01591	0.02828	0.02474	0.02828	0.01944	0.00884	0.00530	0.00177	0.00353	0.00707	0.77554	0.00707
10	0.38858	0.15262	0.01728	0.01097	0.01546	0.01728	0.00932	0.05202	0.01687	0.06049	0.16758	0.02347	0.02391	0.00910	0.00599	0.00221	0.00592	0.00662	0.00562	0.00870
11	0.02318	0.01562	0.01745	0.01487	0.01965	0.01696	0.01180	0.09645	0.42964	0.19508	0.03108	0.02833	0.04448	0.01027	0.00773	0.00249	0.00626	0.00844	0.00809	0.01211
12	0.01765	0.03186	0.42098	0.02046	0.02911	0.09997	0.08062	0.02516	0.04714	0.04944	0.06065	0.01983	0.01507	0.00793	0.00741	0.00231	0.01048	0.00654	0.00419	0.04319
13	0.01082	0.00818	0.01018	0.01000	0.01165	0.00825	0.00736	0.03254	0.01553	0.02069	0.12709	0.07386	0.21933	0.14967	0.25357	0.00666	0.01024	0.01207	0.00580	0.00653
14	0.56892	0.01710	0.03900	0.01260	0.01784	0.04367	0.03493	0.08591	0.01643	0.08473	0.01314	0.01443	0.00972	0.00743	0.00554	0.00234	0.00691	0.00491	0.00522	0.00924
15	0.74729	0.01501	0.01176	0.01037	0.01513	0.01736	0.00854	0.05575	0.01410	0.03475	0.01096	0.01263	0.00846	0.00715	0.00485	0.00234	0.00600	0.00425	0.00485	0.00846
16	0.01097	0.00760	0.00954	0.00954	0.00997	0.00804	0.00617	0.01184	0.01140	0.01564	0.02274	0.04323	0.02480	0.51507	0.25317	0.00891	0.01154	0.01009	0.00442	0.00530
17	0.06683	0.01480	0.02593	0.31823	0.05706	0.01652	0.18426	0.02005	0.01552	0.02222	0.01657	0.08004	0.01432	0.00908	0.00908	0.00258	0.06239	0.00841	0.04738	0.00871
18	0.01414	0.00707	0.00707	0.00707	0.00884	0.00707	0.00530	0.01767	0.01591	0.02828	0.02474	0.02828	0.01944	0.00884	0.00530	0.00177	0.00353	0.00707	0.77554	0.00707
19	0.02462	0.06534	0.16377	0.02140	0.06959	0.45198	0.01795	0.05832	0.02048	0.02149	0.01255	0.01466	0.01003	0.00762	0.00691	0.00207	0.01235	0.00522	0.00390	0.00975
20	0.09777	0.02239	0.15135	0.14061	0.03163	0.06876	0.14671	0.04996	0.01636	0.02392	0.01301	0.01726	0.01021	0.00827	0.01054	0.00253	0.14067	0.00646	0.00382	0.03774
21	0.02327	0.15017	0.02538	0.01780	0.02160	0.18864	0.01476	0.18558	0.04617	0.02626	0.01338	0.01597	0.01112	0.00958	0.01194	0.00240	0.21543	0.00588	0.00470	0.00998
22	0.17966	0.01595	0.01589	0.01429	0.01867	0.01848	0.01121	0.03654	0.53436	0.03221	0.02662	0.02495	0.02003	0.00961	0.00709	0.00253	0.00597	0.00764	0.00709	0.01121
