[name]
unknown

[dist]
# distance from previous block
# <min> <max>
0	24

[block]
# block no. 0 follows, 27 sequences, length 37
# corresponding to MSA columns:
# 24-60
name=unknown_A
#
# <colnr> <probs for GDERKNQSTAVLIFYWHMCP>
#	G	D	E	R	K	N	Q	S	T	A	V	L	I	F	Y	W	H	M	C	P
0	0.01827	0.01391	0.01728	0.01574	0.01919	0.01507	0.03483	0.23547	0.07663	0.03102	0.02945	0.05247	0.02873	0.01502	0.00958	0.00291	0.03490	0.33335	0.00685	0.00932
1	0.02554	0.02137	0.02164	0.01744	0.02270	0.11170	0.03864	0.43724	0.12269	0.03866	0.01973	0.02208	0.01512	0.00940	0.00754	0.00230	0.00863	0.03919	0.00680	0.01158
2	0.08102	0.02842	0.02058	0.01918	0.05288	0.46665	0.03951	0.02956	0.12438	0.02221	0.03674	0.01742	0.01367	0.00812	0.00686	0.00209	0.01107	0.00582	0.00460	0.00921
3	0.01020	0.00758	0.00949	0.00901	0.01090	0.00687	0.00676	0.01341	0.02028	0.02802	0.57861	0.05833	0.18141	0.01583	0.00876	0.00237	0.00355	0.01383	0.00794	0.00687
4	0.01012	0.00757	0.00939	0.00894	0.01086	0.00684	0.00670	0.01327	0.02011	0.02762	0.55329	0.05899	0.20697	0.01598	0.00876	0.00237	0.00356	0.01392	0.00789	0.00684
5	0.01051	0.00759	0.00992	0.00934	0.01109	0.00700	0.00700	0.01401	0.02101	0.02977	0.68888	0.05545	0.07005	0.01518	0.00876	0.00233	0.00350	0.01343	0.00817	0.00700
6	0.00911	0.00651	0.00867	0.01029	0.01078	0.00607	0.00690	0.01051	0.01453	0.01945	0.07081	0.70294	0.05007	0.02289	0.00944	0.00298	0.00427	0.02075	0.00695	0.00607
7	0.01985	0.74357	0.03890	0.01270	0.01905	0.02937	0.01270	0.02223	0.01508	0.01747	0.01032	0.01191	0.00953	0.00635	0.00476	0.00159	0.00794	0.00397	0.00318	0.00953
8	0.02773	0.03538	0.02104	0.01913	0.02295	0.70930	0.01434	0.02964	0.02104	0.01817	0.01148	0.01339	0.00956	0.00765	0.00669	0.00191	0.01339	0.00478	0.00383	0.00861
9	0.79154	0.01436	0.01091	0.00976	0.01436	0.01665	0.00804	0.02182	0.01263	0.03331	0.01034	0.01206	0.00804	0.00689	0.00459	0.00230	0.00574	0.00402	0.00459	0.00804
10	0.71344	0.01418	0.01156	0.01012	0.01483	0.01606	0.00834	0.02330	0.01352	0.10177	0.01229	0.01342	0.00910	0.00713	0.00489	0.00230	0.00580	0.00437	0.00507	0.00851
11	0.70954	0.01505	0.01213	0.01055	0.01529	0.01734	0.00869	0.09124	0.01503	0.03476	0.01114	0.01268	0.00853	0.00711	0.00490	0.00229	0.00600	0.00431	0.00490	0.00853
12	0.01082	0.00806	0.01013	0.01105	0.01218	0.00809	0.00773	0.03457	0.08672	0.02183	0.08384	0.56276	0.04549	0.02198	0.03425	0.00321	0.00510	0.01827	0.00696	0.00694
13	0.00880	0.00744	0.00761	0.00775	0.01009	0.00625	0.00574	0.01063	0.01670	0.01997	0.07246	0.12444	0.63855	0.01916	0.00883	0.00255	0.00380	0.01610	0.00689	0.00625
14	0.01837	0.01764	0.03013	0.04557	0.69279	0.01764	0.02278	0.02278	0.01690	0.02425	0.01396	0.01837	0.01176	0.00661	0.00735	0.00220	0.00882	0.00661	0.00367	0.01176
15	0.03067	0.01208	0.01619	0.01260	0.01799	0.01041	0.01034	0.03344	0.02078	0.62511	0.03422	0.03023	0.09050	0.01022	0.00761	0.00232	0.00604	0.00835	0.00894	0.01195
16	0.79154	0.01436	0.01091	0.00976	0.01436	0.01665	0.00804	0.02182	0.01263	0.03331	0.01034	0.01206	0.00804	0.00689	0.00459	0.00230	0.00574	0.00402	0.00459	0.00804
17	0.01336	0.01308	0.02048	0.01678	0.01968	0.03695	0.17695	0.01641	0.01625	0.02164	0.13119	0.13126	0.16856	0.04286	0.01269	0.00284	0.13384	0.01210	0.00544	0.00764
18	0.79154	0.01436	0.01091	0.00976	0.01436	0.01665	0.00804	0.02182	0.01263	0.03331	0.01034	0.01206	0.00804	0.00689	0.00459	0.00230	0.00574	0.00402	0.00459	0.00804
19	0.79154	0.01436	0.01091	0.00976	0.01436	0.01665	0.00804	0.02182	0.01263	0.03331	0.01034	0.01206	0.00804	0.00689	0.00459	0.00230	0.00574	0.00402	0.00459	0.00804
20	0.01583	0.17194	0.57532	0.01956	0.02965	0.01954	0.02464	0.02327	0.01556	0.02237	0.01275	0.01496	0.00943	0.00692	0.00662	0.00221	0.01040	0.00520	0.00314	0.01070
21	0.01361	0.01264	0.02115	0.66300	0.04782	0.01564	0.01949	0.01826	0.01479	0.01897	0.01547	0.07835	0.01311	0.00872	0.00759	0.00252	0.00944	0.00779	0.00359	0.00807
22	0.02074	0.60472	0.07005	0.01407	0.02029	0.12755	0.01369	0.02337	0.01598	0.01788	0.01064	0.01232	0.00953	0.00658	0.00516	0.00167	0.00889	0.00416	0.00327	0.00947
23	0.01539	0.01319	0.01539	0.01100	0.01759	0.00990	0.00880	0.01869	0.01539	0.02419	0.01319	0.01539	0.01100	0.00550	0.00550	0.00110	0.00550	0.00440	0.00440	0.78449
24	0.02182	0.01548	0.01721	0.01461	0.01901	0.01689	0.01156	0.20884	0.31202	0.12375	0.07077	0.08752	0.02470	0.01111	0.00775	0.00244	0.00628	0.00922	0.00772	0.01131
25	0.02026	0.01238	0.01464	0.01283	0.01658	0.01277	0.01000	0.05101	0.26589	0.21236	0.14802	0.10756	0.03232	0.01207	0.00786	0.00244	0.00540	0.01029	0.03492	0.01039
26	0.01007	0.00786	0.00918	0.00879	0.01094	0.00711	0.00661	0.01353	0.04271	0.02581	0.41233	0.06106	0.32401	0.01649	0.00872	0.00241	0.00369	0.01417	0.00762	0.00687
27	0.01031	0.00832	0.00929	0.00915	0.01139	0.00775	0.00681	0.01460	0.08885	0.02369	0.22966	0.14114	0.37713	0.01743	0.00872	0.00252	0.00398	0.01493	0.00730	0.00702
28	0.01539	0.01319	0.01539	0.01100	0.01759	0.00990	0.00880	0.01869	0.01539	0.02419	0.01319	0.01539	0.01100	0.00550	0.00550	0.00110	0.00550	0.00440	0.00440	0.78449
29	0.02773	0.03538	0.02104	0.01913	0.02295	0.70930	0.01434	0.02964	0.02104	0.01817	0.01148	0.01339	0.00956	0.00765	0.00669	0.00191	0.01339	0.00478	0.00383	0.00861
30	0.01686	0.00984	0.01015	0.00906	0.01167	0.01031	0.00707	0.15423	0.01964	0.03170	0.02287	0.02560	0.01768	0.00870	0.00566	0.00183	0.00445	0.00687	0.61768	0.00812
31	0.01142	0.00863	0.01086	0.01175	0.01324	0.00878	0.00881	0.01674	0.12798	0.02286	0.10859	0.40190	0.04552	0.01957	0.00924	0.00294	0.00503	0.15174	0.00713	0.00727
32	0.11951	0.00966	0.01249	0.01162	0.01422	0.01021	0.00906	0.01905	0.01427	0.16920	0.02296	0.09881	0.02054	0.05985	0.36584	0.00745	0.01297	0.00877	0.00552	0.00800
33	0.01512	0.01432	0.02425	0.55091	0.21290	0.01678	0.02116	0.01993	0.01536	0.02030	0.01339	0.01943	0.01037	0.00722	0.00740	0.00241	0.00962	0.00660	0.00339	0.00913
34	0.01677	0.01401	0.01613	0.01165	0.01818	0.01131	0.00937	0.08845	0.01749	0.02662	0.01369	0.01565	0.01117	0.00586	0.00571	0.00122	0.00578	0.00464	0.00472	0.70157
35	0.01094	0.00864	0.01167	0.01127	0.01350	0.00749	0.03353	0.01302	0.01497	0.02092	0.06643	0.50280	0.03974	0.01801	0.00848	0.00251	0.00487	0.01631	0.00625	0.18866
36	0.02680	0.01917	0.02146	0.01682	0.02199	0.02148	0.01386	0.49381	0.07316	0.10786	0.01891	0.01904	0.01355	0.00945	0.00926	0.00236	0.08489	0.00685	0.00716	0.01208

[dist]
# distance from previous block
# <min> <max>
0	2

[block]
# block no. 1 follows, 27 sequences, length 8
# corresponding to MSA columns:
# 63-70
name=unknown_B
#
# <colnr> <probs for GDERKNQSTAVLIFYWHMCP>
#	G	D	E	R	K	N	Q	S	T	A	V	L	I	F	Y	W	H	M	C	P
0	0.02863	0.02014	0.02187	0.01677	0.02269	0.02205	0.01385	0.61729	0.03381	0.09908	0.01874	0.01842	0.01309	0.00893	0.00743	0.00223	0.00802	0.00675	0.00757	0.01263
1	0.01837	0.01764	0.03013	0.04557	0.69279	0.01764	0.02278	0.02278	0.01690	0.02425	0.01396	0.01837	0.01176	0.00661	0.00735	0.00220	0.00882	0.00661	0.00367	0.01176
2	0.01837	0.01764	0.03013	0.04557	0.69279	0.01764	0.02278	0.02278	0.01690	0.02425	0.01396	0.01837	0.01176	0.00661	0.00735	0.00220	0.00882	0.00661	0.00367	0.01176
3	0.01154	0.00686	0.00899	0.00912	0.00921	0.00690	0.00573	0.01041	0.01063	0.01424	0.02009	0.08754	0.02226	0.35122	0.06481	0.33529	0.00729	0.00959	0.00411	0.00418
4	0.00983	0.00789	0.01152	0.01155	0.01305	0.00723	0.06289	0.01181	0.01548	0.02036	0.09283	0.50611	0.16037	0.02042	0.00924	0.00283	0.00485	0.01852	0.00672	0.00648
5	0.01493	0.01361	0.01812	0.01640	0.01734	0.01760	0.01332	0.01959	0.11184	0.02015	0.01968	0.07489	0.01962	0.06165	0.06250	0.00393	0.40085	0.08126	0.00466	0.00806
6	0.07152	0.01279	0.01471	0.01130	0.01677	0.01098	0.00902	0.06901	0.01745	0.12493	0.01841	0.06386	0.01512	0.00779	0.00610	0.00162	0.00558	0.00628	0.07169	0.44508
7	0.02155	0.24241	0.02554	0.01500	0.01999	0.04750	0.01283	0.24018	0.09430	0.02938	0.01708	0.06096	0.01456	0.00923	0.00804	0.00212	0.06883	0.00670	0.00542	0.05839

[dist]
# distance from previous block
# <min> <max>
3	24

[block]
# block no. 2 follows, 27 sequences, length 33
# corresponding to MSA columns:
# 95-127
name=unknown_C
#
# <colnr> <probs for GDERKNQSTAVLIFYWHMCP>
#	G	D	E	R	K	N	Q	S	T	A	V	L	I	F	Y	W	H	M	C	P
0	0.01432	0.02159	0.28196	0.01582	0.02184	0.01325	0.03830	0.09624	0.01891	0.02612	0.11818	0.10701	0.12075	0.01269	0.00812	0.00251	0.00767	0.06006	0.00555	0.00912
1	0.01985	0.74357	0.03890	0.01270	0.01905	0.02937	0.01270	0.02223	0.01508	0.01747	0.01032	0.01191	0.00953	0.00635	0.00476	0.00159	0.00794	0.00397	0.00318	0.00953
2	0.00952	0.00696	0.00912	0.01039	0.01128	0.00632	0.00703	0.01096	0.01430	0.01934	0.03885	0.68077	0.04626	0.02194	0.00918	0.00287	0.00440	0.01986	0.00671	0.06396
3	0.01846	0.01595	0.01679	0.01511	0.01930	0.01846	0.01175	0.03945	0.67938	0.03105	0.03022	0.02770	0.02266	0.01007	0.00755	0.00252	0.00588	0.00839	0.00755	0.01175
4	0.02822	0.02079	0.02228	0.01708	0.02302	0.02302	0.01411	0.66804	0.03490	0.04679	0.01782	0.01782	0.01262	0.00891	0.00743	0.00223	0.00817	0.00668	0.00743	0.01262
5	0.03045	0.01194	0.01625	0.01282	0.01798	0.01037	0.01043	0.03323	0.02071	0.61650	0.06067	0.07942	0.02305	0.01051	0.00767	0.00235	0.00604	0.00876	0.00897	0.01188
6	0.02706	0.01439	0.01739	0.01399	0.01907	0.01443	0.01133	0.14786	0.17163	0.37288	0.08547	0.02714	0.02286	0.00986	0.00759	0.00234	0.00630	0.00806	0.00842	0.01194
7	0.01169	0.00772	0.00988	0.00961	0.01148	0.00699	0.00710	0.01445	0.01901	0.07685	0.41665	0.20399	0.14250	0.01697	0.00882	0.00250	0.00393	0.01495	0.00780	0.00712
8	0.01402	0.01319	0.02227	0.72126	0.05113	0.01649	0.02062	0.01897	0.01484	0.01897	0.01319	0.01979	0.00990	0.00742	0.00742	0.00247	0.00990	0.00660	0.00330	0.00825
9	0.01402	0.01319	0.02227	0.72126	0.05113	0.01649	0.02062	0.01897	0.01484	0.01897	0.01319	0.01979	0.00990	0.00742	0.00742	0.00247	0.00990	0.00660	0.00330	0.00825
10	0.01539	0.01319	0.01539	0.01100	0.01759	0.00990	0.00880	0.01869	0.01539	0.02419	0.01319	0.01539	0.01100	0.00550	0.00550	0.00110	0.00550	0.00440	0.00440	0.78449
11	0.00954	0.00743	0.00805	0.00828	0.00994	0.00665	0.00586	0.01099	0.01515	0.01865	0.05692	0.11068	0.42955	0.20739	0.01650	0.00383	0.00490	0.05759	0.00626	0.00583
12	0.01985	0.74357	0.03890	0.01270	0.01905	0.02937	0.01270	0.02223	0.01508	0.01747	0.01032	0.01191	0.00953	0.00635	0.00476	0.00159	0.00794	0.00397	0.00318	0.00953
13	0.01402	0.01319	0.02227	0.72126	0.05113	0.01649	0.02062	0.01897	0.01484	0.01897	0.01319	0.01979	0.00990	0.00742	0.00742	0.00247	0.00990	0.00660	0.00330	0.00825
14	0.79154	0.01436	0.01091	0.00976	0.01436	0.01665	0.00804	0.02182	0.01263	0.03331	0.01034	0.01206	0.00804	0.00689	0.00459	0.00230	0.00574	0.00402	0.00459	0.00804
15	0.01091	0.00840	0.01252	0.01234	0.01359	0.01001	0.00966	0.01351	0.01190	0.01727	0.01934	0.02846	0.01808	0.05337	0.67258	0.01146	0.05809	0.00787	0.00394	0.00671
16	0.00904	0.00646	0.00861	0.01034	0.01077	0.00603	0.00689	0.01034	0.01421	0.01895	0.04092	0.73426	0.04910	0.02326	0.00948	0.00301	0.00431	0.02110	0.00689	0.00603
17	0.00891	0.00740	0.00779	0.00797	0.01018	0.00628	0.00587	0.01081	0.01683	0.02049	0.10686	0.15050	0.57631	0.01913	0.00886	0.00256	0.00381	0.01619	0.00697	0.00628
18	0.02773	0.03538	0.02104	0.01913	0.02295	0.70930	0.01434	0.02964	0.02104	0.01817	0.01148	0.01339	0.00956	0.00765	0.00669	0.00191	0.01339	0.00478	0.00383	0.00861
19	0.01715	0.01382	0.01699	0.01261	0.01868	0.01150	0.03844	0.09138	0.01781	0.05273	0.01649	0.06975	0.01431	0.00738	0.00623	0.00148	0.00605	0.00621	0.00508	0.57593
20	0.01936	0.67364	0.10453	0.01354	0.02035	0.02817	0.01416	0.02236	0.01514	0.01807	0.01062	0.01228	0.00951	0.00642	0.00499	0.00166	0.00824	0.00412	0.00317	0.00967
21	0.00904	0.00646	0.00861	0.01034	0.01077	0.00603	0.00689	0.01034	0.01421	0.01895	0.04092	0.73426	0.04910	0.02326	0.00948	0.00301	0.00431	0.02110	0.00689	0.00603
22	0.01752	0.02003	0.04380	0.03129	0.03880	0.01877	0.66583	0.02378	0.01752	0.02378	0.01502	0.02003	0.01126	0.00626	0.00876	0.00250	0.01252	0.00876	0.00375	0.01001
23	0.01784	0.01524	0.02227	0.53175	0.04357	0.01825	0.01887	0.19365	0.02024	0.02645	0.01444	0.01926	0.01063	0.00782	0.00742	0.00241	0.00943	0.00662	0.00441	0.00942
24	0.02014	0.38129	0.19105	0.01573	0.02293	0.02442	0.01639	0.14559	0.07259	0.02552	0.01405	0.01519	0.01114	0.00730	0.00603	0.00196	0.00854	0.00520	0.00432	0.01063
25	0.00880	0.00740	0.00764	0.00784	0.01011	0.00624	0.00578	0.01062	0.01662	0.01993	0.07135	0.14600	0.61772	0.01930	0.00885	0.00256	0.00382	0.01628	0.00689	0.00624
26	0.01289	0.00645	0.00967	0.00967	0.00967	0.00645	0.00645	0.00967	0.00967	0.01289	0.01289	0.02257	0.01289	0.02579	0.02901	0.78401	0.00645	0.00645	0.00322	0.00322
27	0.02906	0.01806	0.01970	0.01548	0.02093	0.06776	0.01265	0.34743	0.02746	0.28602	0.02176	0.02094	0.01489	0.01165	0.04835	0.00280	0.00854	0.00691	0.00762	0.01199
28	0.01674	0.01707	0.02267	0.01947	0.01964	0.05230	0.01616	0.01837	0.01179	0.01788	0.00982	0.01612	0.00974	0.01276	0.02360	0.00319	0.69485	0.00642	0.00327	0.00814
29	0.00906	0.00670	0.00848	0.00979	0.01065	0.00611	0.00667	0.01055	0.01499	0.01962	0.07534	0.58627	0.16440	0.02211	0.00932	0.00289	0.00417	0.01980	0.00695	0.00611
30	0.01080	0.00720	0.00810	0.00810	0.00810	0.00720	0.00450	0.01080	0.01080	0.01439	0.02339	0.04858	0.02699	0.73910	0.03779	0.00720	0.00720	0.01080	0.00450	0.00450
31	0.02402	0.01918	0.02014	0.06879	0.02369	0.06375	0.01368	0.34162	0.25052	0.06312	0.02173	0.02133	0.01586	0.00913	0.00742	0.00233	0.00778	0.00717	0.00700	0.01175
32	0.02661	0.02466	0.02206	0.01799	0.02315	0.23069	0.03723	0.38153	0.10151	0.03553	0.01717	0.01765	0.01276	0.00856	0.00727	0.00217	0.00965	0.00637	0.00622	0.01121

[dist]
# distance from previous block
# <min> <max>
0	1

[block]
# block no. 3 follows, 27 sequences, length 21
# corresponding to MSA columns:
# 129-149
name=unknown_D
#
# <colnr> <probs for GDERKNQSTAVLIFYWHMCP>
#	G	D	E	R	K	N	Q	S	T	A	V	L	I	F	Y	W	H	M	C	P
0	0.00996	0.00743	0.00959	0.01043	0.01175	0.00659	0.00717	0.01155	0.01438	0.01971	0.03691	0.63029	0.04359	0.02069	0.00890	0.00274	0.00448	0.01869	0.00653	0.11862
1	0.01461	0.01381	0.02151	0.29876	0.12154	0.01717	0.01750	0.01788	0.01390	0.01932	0.01618	0.12178	0.01577	0.01142	0.01323	0.00277	0.24198	0.00867	0.00385	0.00836
2	0.01017	0.00832	0.00930	0.00857	0.01141	0.00697	0.00648	0.01264	0.01763	0.02304	0.21829	0.08199	0.41498	0.01612	0.00832	0.00228	0.00397	0.01366	0.00685	0.11900
3	0.02432	0.02049	0.01974	0.01654	0.02115	0.13066	0.01318	0.25210	0.26215	0.08536	0.02168	0.02115	0.01602	0.00939	0.00835	0.00235	0.05014	0.00704	0.00679	0.01140
4	0.01562	0.01339	0.01549	0.01129	0.01772	0.01052	0.00901	0.02020	0.06351	0.02469	0.01443	0.01629	0.01184	0.00583	0.00565	0.00120	0.00553	0.00469	0.00463	0.72849
5	0.02411	0.01821	0.02062	0.01622	0.02120	0.02014	0.01331	0.39131	0.09259	0.07385	0.01792	0.01867	0.01331	0.00919	0.00964	0.00226	0.11124	0.00657	0.00653	0.11312
6	0.02442	0.02070	0.02713	0.02070	0.02615	0.06474	0.16714	0.37632	0.02664	0.05903	0.01620	0.01813	0.01197	0.00871	0.00973	0.00240	0.09572	0.00706	0.00590	0.01122
7	0.02634	0.01947	0.02120	0.01651	0.02173	0.02184	0.01361	0.57557	0.03186	0.04339	0.01772	0.01843	0.01289	0.00918	0.00844	0.00226	0.05782	0.00669	0.06314	0.01190
8	0.02852	0.02031	0.02198	0.01685	0.02278	0.02231	0.01392	0.63095	0.03410	0.08501	0.01850	0.01826	0.01296	0.00893	0.00743	0.00223	0.00806	0.00673	0.00753	0.01263
9	0.00904	0.00646	0.00861	0.01034	0.01077	0.00603	0.00689	0.01034	0.01421	0.01895	0.04092	0.73426	0.04910	0.02326	0.00948	0.00301	0.00431	0.02110	0.00689	0.00603
10	0.00904	0.00646	0.00861	0.01034	0.01077	0.00603	0.00689	0.01034	0.01421	0.01895	0.04092	0.73426	0.04910	0.02326	0.00948	0.00301	0.00431	0.02110	0.00689	0.00603
11	0.00911	0.00651	0.00867	0.01029	0.01078	0.00607	0.00690	0.01050	0.01452	0.01944	0.07028	0.70349	0.05005	0.02289	0.00944	0.00298	0.00427	0.02076	0.00695	0.00607
12	0.01810	0.01557	0.01647	0.01485	0.01893	0.01794	0.01153	0.03829	0.64942	0.03100	0.06019	0.02896	0.02482	0.01030	0.00761	0.00251	0.00577	0.00862	0.00758	0.01153
13	0.01509	0.03519	0.60259	0.02092	0.03030	0.01804	0.02581	0.02269	0.01505	0.02269	0.01280	0.01576	0.00945	0.00791	0.00956	0.00248	0.11432	0.00563	0.00315	0.01056
14	0.01733	0.01313	0.01559	0.01123	0.01774	0.01001	0.00902	0.02058	0.01603	0.09683	0.01493	0.01646	0.01179	0.00590	0.00571	0.00123	0.00559	0.00473	0.00491	0.70127
15	0.01062	0.00813	0.01030	0.01050	0.01246	0.00699	0.00736	0.01241	0.01451	0.02025	0.03403	0.55580	0.03964	0.01885	0.00849	0.00254	0.00460	0.01696	0.00627	0.19928
16	0.01049	0.00707	0.00819	0.00849	0.00857	0.00699	0.00492	0.01072	0.01140	0.01520	0.02647	0.16911	0.03088	0.61327	0.03281	0.00646	0.00669	0.01261	0.00492	0.00477
17	0.02555	0.02129	0.01973	0.01644	0.02138	0.15795	0.01306	0.27103	0.23663	0.10612	0.02174	0.02089	0.01584	0.00906	0.00732	0.00226	0.00828	0.00693	0.00693	0.01154
18	0.00899	0.00668	0.00839	0.00976	0.01062	0.00608	0.00664	0.01040	0.01476	0.01918	0.04789	0.59940	0.17946	0.02235	0.00933	0.00291	0.00420	0.02000	0.00689	0.00608
19	0.01725	0.01429	0.01639	0.01188	0.01838	0.01179	0.00957	0.11261	0.01822	0.02746	0.01386	0.01575	0.01123	0.00599	0.00578	0.00126	0.00588	0.00473	0.00484	0.67285
20	0.02545	0.01872	0.02030	0.01611	0.02125	0.02056	0.01307	0.57291	0.03191	0.04276	0.02116	0.12144	0.01790	0.01099	0.00772	0.00234	0.00761	0.00877	0.00735	0.01167

[dist]
# distance from previous block
# <min> <max>
0	2

[block]
# block no. 4 follows, 27 sequences, length 35
# corresponding to MSA columns:
# 152-186
name=unknown_E
#
# <colnr> <probs for GDERKNQSTAVLIFYWHMCP>
#	G	D	E	R	K	N	Q	S	T	A	V	L	I	F	Y	W	H	M	C	P
0	0.01495	0.01377	0.02229	0.65147	0.04820	0.01713	0.02006	0.05744	0.01590	0.02057	0.01333	0.01953	0.01005	0.00773	0.00810	0.00249	0.03835	0.00660	0.00354	0.00850
1	0.02834	0.01619	0.01924	0.01498	0.02046	0.01658	0.01230	0.27345	0.07996	0.32651	0.02321	0.02167	0.01573	0.00911	0.00809	0.00226	0.03892	0.00702	0.00784	0.05816
2	0.01528	0.01284	0.01394	0.01300	0.01624	0.01420	0.00991	0.02962	0.44485	0.02821	0.11701	0.12502	0.10209	0.01328	0.00807	0.00256	0.00516	0.01138	0.00748	0.00987
3	0.01931	0.69987	0.03707	0.01243	0.01840	0.02806	0.01222	0.02155	0.01483	0.01728	0.01110	0.01408	0.01056	0.04983	0.00672	0.00192	0.00790	0.00437	0.00325	0.00923
4	0.01489	0.03840	0.70064	0.02116	0.03213	0.01724	0.02743	0.02351	0.01567	0.02351	0.01332	0.01567	0.00940	0.00705	0.00705	0.00235	0.01097	0.00549	0.00313	0.01097
5	0.00900	0.00662	0.00845	0.00992	0.01066	0.00606	0.00671	0.01038	0.01461	0.01911	0.04599	0.63627	0.14381	0.02260	0.00937	0.00294	0.00423	0.02030	0.00689	0.00606
6	0.01029	0.00751	0.00967	0.00927	0.01099	0.00689	0.00690	0.01354	0.02029	0.02839	0.60384	0.09971	0.11303	0.01595	0.00880	0.00239	0.00357	0.01407	0.00800	0.00689
7	0.01099	0.00718	0.00802	0.00802	0.00813	0.00718	0.00454	0.01121	0.01110	0.01524	0.02344	0.04725	0.02648	0.69270	0.03571	0.00685	0.00696	0.01055	0.05378	0.00465
8	0.01489	0.03840	0.70064	0.02116	0.03213	0.01724	0.02743	0.02351	0.01567	0.02351	0.01332	0.01567	0.00940	0.00705	0.00705	0.00235	0.01097	0.00549	0.00313	0.01097
9	0.01907	0.63331	0.14237	0.01402	0.02110	0.02748	0.01500	0.02243	0.01518	0.01841	0.01079	0.01250	0.00951	0.00646	0.00512	0.00171	0.00841	0.00421	0.00317	0.00975
10	0.01071	0.00716	0.00812	0.00821	0.00823	0.00714	0.00462	0.01077	0.01097	0.01463	0.02429	0.08357	0.02812	0.70257	0.03634	0.00698	0.00705	0.01132	0.00462	0.00458
11	0.33494	0.02693	0.01696	0.01536	0.01949	0.43071	0.01181	0.02650	0.01766	0.02426	0.01102	0.01285	0.00895	0.00734	0.00585	0.00207	0.01031	0.00448	0.00413	0.00838
12	0.01080	0.00720	0.00810	0.00810	0.00810	0.00720	0.00450	0.01080	0.01080	0.01439	0.02339	0.04858	0.02699	0.73910	0.03779	0.00720	0.00720	0.01080	0.00450	0.00450
13	0.02196	0.01924	0.02440	0.16475	0.20542	0.08487	0.03827	0.22689	0.06481	0.05225	0.01636	0.01888	0.01235	0.00789	0.00739	0.00227	0.00911	0.00667	0.00522	0.01101
14	0.02987	0.01815	0.02065	0.01583	0.02170	0.01910	0.01308	0.46365	0.03049	0.25741	0.02153	0.02023	0.01449	0.00900	0.00744	0.00225	0.00757	0.00694	0.00800	0.01263
15	0.00915	0.00650	0.00858	0.01021	0.01061	0.00610	0.00675	0.01036	0.01401	0.01869	0.03990	0.69435	0.04781	0.06492	0.01112	0.00326	0.00448	0.02050	0.00675	0.00594
16	0.01066	0.00775	0.01089	0.01089	0.01185	0.00871	0.00798	0.01259	0.01162	0.01646	0.02084	0.03445	0.02085	0.24155	0.52694	0.01064	0.01643	0.00873	0.00412	0.00605
17	0.01024	0.00751	0.00960	0.00922	0.01096	0.00687	0.00686	0.01344	0.02017	0.02810	0.58585	0.10018	0.13119	0.01606	0.00880	0.00240	0.00358	0.01414	0.00796	0.00687
18	0.03118	0.01459	0.01826	0.01416	0.01984	0.01401	0.01165	0.16989	0.07091	0.51298	0.02693	0.02387	0.01747	0.00919	0.00746	0.00230	0.00668	0.00737	0.00870	0.01257
19	0.01949	0.45856	0.03237	0.01534	0.01955	0.09039	0.01392	0.02160	0.01452	0.01765	0.01025	0.01335	0.00960	0.00847	0.01085	0.00212	0.22488	0.00481	0.00326	0.00902
20	0.02478	0.01826	0.02008	0.01517	0.02129	0.01873	0.01245	0.45414	0.02871	0.06928	0.01701	0.01746	0.01241	0.00795	0.00688	0.00191	0.00732	0.00606	0.00664	0.23347
21	0.01658	0.01437	0.02046	0.01465	0.02137	0.01150	0.12403	0.02038	0.01603	0.05473	0.01425	0.01665	0.01138	0.00580	0.00616	0.00140	0.00676	0.00530	0.00450	0.61370
22	0.06225	0.02019	0.02157	0.01751	0.04629	0.04565	0.01388	0.53802	0.03158	0.10174	0.01814	0.01809	0.01279	0.00872	0.00728	0.00223	0.00811	0.00656	0.00719	0.01225
23	0.00904	0.00646	0.00861	0.01034	0.01077	0.00603	0.00689	0.01034	0.01421	0.01895	0.04092	0.73426	0.04910	0.02326	0.00948	0.00301	0.00431	0.02110	0.00689	0.00603
24	0.01354	0.00826	0.01090	0.00985	0.01214	0.00752	0.00752	0.01696	0.02105	0.11877	0.60102	0.05143	0.06316	0.01438	0.00858	0.00233	0.00388	0.01263	0.00831	0.00775
25	0.01624	0.01624	0.02274	0.01949	0.01949	0.02274	0.01624	0.01787	0.01137	0.01787	0.00975	0.01624	0.00975	0.01299	0.02436	0.00325	0.72552	0.00650	0.00325	0.00812
26	0.00911	0.00649	0.00859	0.01025	0.01066	0.00607	0.00680	0.01035	0.01408	0.01878	0.04024	0.70786	0.04825	0.05082	0.01057	0.00318	0.00442	0.02071	0.00680	0.00597
27	0.01110	0.00868	0.01288	0.01260	0.01381	0.01047	0.00989	0.01366	0.01188	0.01729	0.01899	0.02803	0.01778	0.05192	0.64931	0.01117	0.08205	0.00783	0.00391	0.00676
28	0.01489	0.03840	0.70064	0.02116	0.03213	0.01724	0.02743	0.02351	0.01567	0.02351	0.01332	0.01567	0.00940	0.00705	0.00705	0.00235	0.01097	0.00549	0.00313	0.01097
29	0.03190	0.01321	0.01738	0.01351	0.01913	0.01198	0.01110	0.05988	0.07576	0.61906	0.02894	0.02519	0.01851	0.00925	0.00747	0.00231	0.00635	0.00751	0.00899	0.01256
30	0.02736	0.02037	0.02180	0.01691	0.02269	0.02262	0.01390	0.61266	0.09168	0.04540	0.01892	0.01869	0.01351	0.00901	0.00744	0.00225	0.00797	0.00683	0.00744	0.01255
31	0.01454	0.01387	0.02329	0.61321	0.04735	0.01703	0.05755	0.02012	0.04502	0.01974	0.01390	0.01998	0.01055	0.00776	0.00837	0.00252	0.04638	0.00680	0.00352	0.00850
32	0.01599	0.01556	0.02463	0.50806	0.04417	0.05775	0.11556	0.04972	0.01656	0.02135	0.01414	0.01976	0.01067	0.00739	0.00747	0.00240	0.01009	0.00683	0.04324	0.00866
33	0.01561	0.01348	0.01578	0.01159	0.01777	0.01094	0.00928	0.01987	0.05387	0.02432	0.01404	0.01615	0.01162	0.00608	0.00641	0.00127	0.03587	0.00472	0.00453	0.70678
34	0.06573	0.14837	0.01983	0.01363	0.01711	0.08460	0.04019	0.07605	0.04192	0.02228	0.04690	0.02549	0.03935	0.06747	0.25298	0.00579	0.01228	0.00725	0.00459	0.00821

[dist]
# distance from previous block
# <min> <max>
0	4

[block]
# block no. 5 follows, 27 sequences, length 85
# corresponding to MSA columns:
# 191-275
name=unknown_F
#
# <colnr> <probs for GDERKNQSTAVLIFYWHMCP>
#	G	D	E	R	K	N	Q	S	T	A	V	L	I	F	Y	W	H	M	C	P
0	0.01747	0.01848	0.09546	0.19993	0.42659	0.01715	0.02193	0.02304	0.04276	0.04446	0.01485	0.01902	0.01172	0.00707	0.00735	0.00230	0.00910	0.00659	0.00386	0.01088
1	0.02901	0.01413	0.01750	0.01401	0.01936	0.01383	0.01138	0.08550	0.19570	0.47229	0.02865	0.02534	0.01906	0.00940	0.00749	0.00235	0.00634	0.00765	0.00862	0.01240
2	0.01752	0.02003	0.04380	0.03129	0.03880	0.01877	0.66583	0.02378	0.01752	0.02378	0.01502	0.02003	0.01126	0.00626	0.00876	0.00250	0.01252	0.00876	0.00375	0.01001
3	0.01498	0.00802	0.00814	0.00772	0.00979	0.00819	0.00590	0.06883	0.01710	0.02919	0.02371	0.02690	0.01852	0.00867	0.00537	0.00177	0.00383	0.00690	0.71911	0.00737
4	0.02822	0.02079	0.02228	0.01708	0.02302	0.02302	0.01411	0.66804	0.03490	0.04679	0.01782	0.01782	0.01262	0.00891	0.00743	0.00223	0.00817	0.00668	0.00743	0.01262
5	0.00904	0.00646	0.00861	0.01034	0.01077	0.00603	0.00689	0.01034	0.01421	0.01895	0.04092	0.73426	0.04910	0.02326	0.00948	0.00301	0.00431	0.02110	0.00689	0.00603
6	0.01051	0.00759	0.00992	0.00934	0.01109	0.00700	0.00700	0.01401	0.02101	0.02977	0.68888	0.05545	0.07005	0.01518	0.00876	0.00233	0.00350	0.01343	0.00817	0.00700
7	0.01044	0.00754	0.00987	0.00938	0.01108	0.00696	0.00700	0.01385	0.02071	0.02929	0.66010	0.08560	0.06912	0.01554	0.00879	0.00237	0.00354	0.01377	0.00812	0.00696
8	0.01985	0.74357	0.03890	0.01270	0.01905	0.02937	0.01270	0.02223	0.01508	0.01747	0.01032	0.01191	0.00953	0.00635	0.00476	0.00159	0.00794	0.00397	0.00318	0.00953
9	0.01552	0.00784	0.00837	0.00788	0.00996	0.00776	0.00594	0.03910	0.01655	0.07933	0.04729	0.02927	0.02097	0.04868	0.00733	0.00211	0.00404	0.00739	0.62727	0.00741
10	0.79154	0.01436	0.01091	0.00976	0.01436	0.01665	0.00804	0.02182	0.01263	0.03331	0.01034	0.01206	0.00804	0.00689	0.00459	0.00230	0.00574	0.00402	0.00459	0.00804
11	0.01079	0.00723	0.00825	0.00825	0.00830	0.00728	0.00468	0.01089	0.01084	0.01450	0.02325	0.04783	0.02666	0.71258	0.06386	0.00738	0.00769	0.01069	0.00448	0.00458
12	0.02822	0.02079	0.02228	0.01708	0.02302	0.02302	0.01411	0.66804	0.03490	0.04679	0.01782	0.01782	0.01262	0.00891	0.00743	0.00223	0.00817	0.00668	0.00743	0.01262
13	0.01080	0.00720	0.00810	0.00810	0.00810	0.00720	0.00450	0.01080	0.01080	0.01439	0.02339	0.04858	0.02699	0.73910	0.03779	0.00720	0.00720	0.01080	0.00450	0.00450
14	0.01816	0.01545	0.01635	0.01463	0.01873	0.01767	0.01140	0.06508	0.59485	0.03126	0.06090	0.03025	0.05100	0.01060	0.00765	0.00250	0.00579	0.00883	0.00755	0.01136
15	0.01624	0.01624	0.02274	0.01949	0.01949	0.02274	0.01624	0.01787	0.01137	0.01787	0.00975	0.01624	0.00975	0.01299	0.02436	0.00325	0.72552	0.00650	0.00325	0.00812
16	0.03017	0.01207	0.01615	0.01266	0.01785	0.01065	0.01035	0.03368	0.04122	0.59374	0.07745	0.02768	0.02233	0.00963	0.00745	0.00228	0.00595	0.00790	0.04889	0.01190
17	0.02562	0.01313	0.01635	0.01303	0.01768	0.01267	0.01056	0.17978	0.02442	0.35345	0.21414	0.03209	0.03171	0.01083	0.00782	0.00229	0.00596	0.00897	0.00848	0.01103
18	0.01539	0.01319	0.01539	0.01100	0.01759	0.00990	0.00880	0.01869	0.01539	0.02419	0.01319	0.01539	0.01100	0.00550	0.00550	0.00110	0.00550	0.00440	0.00440	0.78449
19	0.01051	0.00759	0.00992	0.00934	0.01109	0.00700	0.00700	0.01401	0.02101	0.02977	0.68888	0.05545	0.07005	0.01518	0.00876	0.00233	0.00350	0.01343	0.00817	0.00700
20	0.01047	0.00708	0.00826	0.00855	0.00869	0.00698	0.00503	0.01083	0.01180	0.01580	0.05150	0.17344	0.03262	0.58190	0.03155	0.00626	0.00653	0.01277	0.00507	0.00487
21	0.01719	0.01905	0.03835	0.02823	0.03380	0.01980	0.49768	0.02225	0.01593	0.02225	0.01365	0.01905	0.01087	0.00800	0.01280	0.00270	0.19708	0.00817	0.00362	0.00952
22	0.02773	0.03538	0.02104	0.01913	0.02295	0.70930	0.01434	0.02964	0.02104	0.01817	0.01148	0.01339	0.00956	0.00765	0.00669	0.00191	0.01339	0.00478	0.00383	0.00861
23	0.01079	0.00723	0.00825	0.00825	0.00830	0.00728	0.00468	0.01089	0.01084	0.01450	0.02325	0.04783	0.02666	0.71253	0.06391	0.00738	0.00769	0.01069	0.00448	0.00458
24	0.01780	0.01513	0.01614	0.01413	0.01857	0.01667	0.01102	0.03537	0.55081	0.02988	0.02741	0.02586	0.02076	0.00933	0.00714	0.00227	0.00571	0.00773	0.04162	0.12664
25	0.00921	0.00678	0.00864	0.00978	0.01070	0.00620	0.00672	0.01090	0.01558	0.02065	0.13795	0.53968	0.14704	0.02145	0.00927	0.00284	0.00411	0.01921	0.00707	0.00620
26	0.02773	0.03538	0.02104	0.01913	0.02295	0.70930	0.01434	0.02964	0.02104	0.01817	0.01148	0.01339	0.00956	0.00765	0.00669	0.00191	0.01339	0.00478	0.00383	0.00861
27	0.01121	0.00885	0.01310	0.01275	0.01393	0.01073	0.01003	0.01375	0.01187	0.01730	0.01879	0.02777	0.01761	0.05108	0.63584	0.01100	0.09591	0.00780	0.00390	0.00679
28	0.32363	0.01329	0.01481	0.01189	0.01719	0.01311	0.00981	0.03068	0.01795	0.44345	0.02203	0.02021	0.01442	0.00831	0.00637	0.00230	0.00610	0.00615	0.00743	0.01087
29	0.01392	0.00839	0.01075	0.00970	0.01220	0.00753	0.00743	0.01709	0.02046	0.13580	0.49372	0.05292	0.15171	0.01474	0.00855	0.00235	0.00399	0.01279	0.00815	0.00780
30	0.01787	0.01713	0.02923	0.12297	0.61929	0.01751	0.02254	0.02235	0.01667	0.02365	0.01388	0.01854	0.01155	0.00671	0.00736	0.00224	0.00894	0.00661	0.00363	0.01136
31	0.01402	0.01319	0.02227	0.72126	0.05113	0.01649	0.02062	0.01897	0.01484	0.01897	0.01319	0.01979	0.00990	0.00742	0.00742	0.00247	0.00990	0.00660	0.00330	0.00825
32	0.00926	0.00749	0.00829	0.00869	0.01078	0.00653	0.00659	0.01131	0.01678	0.02064	0.09819	0.16324	0.49764	0.01942	0.00903	0.00267	0.00416	0.08602	0.00695	0.00634
33	0.01985	0.74357	0.03890	0.01270	0.01905	0.02937	0.01270	0.02223	0.01508	0.01747	0.01032	0.01191	0.00953	0.00635	0.00476	0.00159	0.00794	0.00397	0.00318	0.00953
34	0.00904	0.00646	0.00861	0.01034	0.01077	0.00603	0.00689	0.01034	0.01421	0.01895	0.04092	0.73426	0.04910	0.02326	0.00948	0.00301	0.00431	0.02110	0.00689	0.00603
35	0.79154	0.01436	0.01091	0.00976	0.01436	0.01665	0.00804	0.02182	0.01263	0.03331	0.01034	0.01206	0.00804	0.00689	0.00459	0.00230	0.00574	0.00402	0.00459	0.00804
36	0.79154	0.01436	0.01091	0.00976	0.01436	0.01665	0.00804	0.02182	0.01263	0.03331	0.01034	0.01206	0.00804	0.00689	0.00459	0.00230	0.00574	0.00402	0.00459	0.00804
37	0.01837	0.01764	0.03013	0.04557	0.69279	0.01764	0.02278	0.02278	0.01690	0.02425	0.01396	0.01837	0.01176	0.00661	0.00735	0.00220	0.00882	0.00661	0.00367	0.01176
38	0.03213	0.01237	0.01685	0.01301	0.01854	0.01071	0.01071	0.03503	0.02124	0.66343	0.06335	0.02683	0.02105	0.00950	0.00753	0.00230	0.00617	0.00777	0.00914	0.01234
39	0.00930	0.00657	0.00854	0.01001	0.01038	0.00620	0.00655	0.01040	0.01372	0.01829	0.03839	0.63532	0.04591	0.12655	0.01356	0.00362	0.00472	0.01962	0.00655	0.00581
40	0.01993	0.01668	0.01761	0.01540	0.01986	0.01915	0.01211	0.13398	0.58246	0.03342	0.02835	0.02621	0.02115	0.00990	0.00753	0.00247	0.00622	0.00814	0.00753	0.01188
41	0.02773	0.03538	0.02104	0.01913	0.02295	0.70930	0.01434	0.02964	0.02104	0.01817	0.01148	0.01339	0.00956	0.00765	0.00669	0.00191	0.01339	0.00478	0.00383	0.00861
42	0.01061	0.00795	0.01193	0.01193	0.01326	0.00928	0.00928	0.01326	0.01193	0.01723	0.01988	0.02916	0.01856	0.05568	0.70968	0.01193	0.01988	0.00795	0.00398	0.00663
43	0.00904	0.00646	0.00861	0.01034	0.01077	0.00603	0.00689	0.01034	0.01421	0.01895	0.04092	0.73426	0.04910	0.02326	0.00948	0.00301	0.00431	0.02110	0.00689	0.00603
44	0.01837	0.01764	0.03013	0.04557	0.69279	0.01764	0.02278	0.02278	0.01690	0.02425	0.01396	0.01837	0.01176	0.00661	0.00735	0.00220	0.00882	0.00661	0.00367	0.01176
45	0.01489	0.03840	0.70064	0.02116	0.03213	0.01724	0.02743	0.02351	0.01567	0.02351	0.01332	0.01567	0.00940	0.00705	0.00705	0.00235	0.01097	0.00549	0.00313	0.01097
46	0.00904	0.00646	0.00861	0.01034	0.01077	0.00603	0.00689	0.01034	0.01421	0.01895	0.04092	0.73426	0.04910	0.02326	0.00948	0.00301	0.00431	0.02110	0.00689	0.00603
47	0.01034	0.00758	0.00969	0.00916	0.01099	0.00693	0.00687	0.01368	0.02061	0.02881	0.62805	0.05704	0.13148	0.01554	0.00876	0.00235	0.00353	0.01365	0.00805	0.00693
48	0.02822	0.02079	0.02228	0.01708	0.02302	0.02302	0.01411	0.66804	0.03490	0.04679	0.01782	0.01782	0.01262	0.00891	0.00743	0.00223	0.00817	0.00668	0.00743	0.01262
49	0.01063	0.00785	0.01143	0.01143	0.01258	0.00901	0.00865	0.01293	0.01178	0.01686	0.02035	0.03172	0.01967	0.14558	0.62129	0.01131	0.01822	0.00833	0.00405	0.00635
50	0.01402	0.01319	0.02227	0.72126	0.05113	0.01649	0.02062	0.01897	0.01484	0.01897	0.01319	0.01979	0.00990	0.00742	0.00742	0.00247	0.00990	0.00660	0.00330	0.00825
51	0.02820	0.01977	0.02152	0.01661	0.02244	0.02164	0.01369	0.57570	0.06689	0.10768	0.01955	0.01904	0.01369	0.00900	0.00744	0.00225	0.00788	0.00685	0.00760	0.01258
52	0.00974	0.00748	0.00891	0.00873	0.01066	0.00665	0.00648	0.01246	0.01894	0.02527	0.40714	0.11382	0.30251	0.01717	0.00882	0.00245	0.00366	0.01486	0.00759	0.00665
53	0.02773	0.03538	0.02104	0.01913	0.02295	0.70930	0.01434	0.02964	0.02104	0.01817	0.01148	0.01339	0.00956	0.00765	0.00669	0.00191	0.01339	0.00478	0.00383	0.00861
54	0.01035	0.00747	0.00978	0.00944	0.01106	0.00690	0.00699	0.01362	0.02030	0.02863	0.62040	0.12719	0.06783	0.01603	0.00883	0.00241	0.00359	0.01424	0.00804	0.00690
55	0.01196	0.00854	0.01196	0.01367	0.01538	0.00854	0.01196	0.01538	0.01709	0.02222	0.03931	0.08374	0.04272	0.02051	0.01025	0.00342	0.00684	0.64283	0.00684	0.00684
56	0.01947	0.68918	0.08994	0.01335	0.02006	0.02844	0.01384	0.02233	0.01513	0.01793	0.01055	0.01220	0.00952	0.00641	0.00494	0.00165	0.00817	0.00409	0.00317	0.00964
57	0.01508	0.03704	0.65204	0.02191	0.03262	0.01735	0.07466	0.02353	0.01581	0.02353	0.01345	0.01600	0.00954	0.00699	0.00718	0.00236	0.01109	0.00573	0.00318	0.01090
58	0.02126	0.01734	0.01836	0.01567	0.02037	0.01977	0.01243	0.21956	0.49472	0.03556	0.02666	0.02487	0.01979	0.00974	0.00752	0.00243	0.00653	0.00790	0.00752	0.01200
59	0.01071	0.00716	0.00812	0.00821	0.00823	0.00714	0.00462	0.01077	0.01097	0.01463	0.02430	0.08399	0.02813	0.70213	0.03632	0.00698	0.00705	0.01133	0.00462	0.00458
60	0.00894	0.00686	0.00820	0.00926	0.01049	0.00612	0.00641	0.01046	0.01525	0.01937	0.05399	0.48148	0.29343	0.02156	0.00921	0.00282	0.00410	0.01903	0.00689	0.00612
61	0.01065	0.00809	0.01013	0.01102	0.01304	0.00757	0.00920	0.01348	0.01731	0.02194	0.09973	0.07703	0.29068	0.01947	0.00958	0.00299	0.00543	0.35908	0.00695	0.00663
62	0.01985	0.74357	0.03890	0.01270	0.01905	0.02937	0.01270	0.02223	0.01508	0.01747	0.01032	0.01191	0.00953	0.00635	0.00476	0.00159	0.00794	0.00397	0.00318	0.00953
63	0.01921	0.62816	0.06642	0.01386	0.01968	0.02807	0.01377	0.02178	0.01468	0.01778	0.01039	0.01258	0.00955	0.00715	0.00713	0.00181	0.09103	0.00433	0.00318	0.00943
64	0.01470	0.00854	0.01132	0.01019	0.01267	0.00777	0.00789	0.01809	0.02092	0.15093	0.54657	0.05095	0.05971	0.01427	0.00857	0.00237	0.00413	0.03409	0.00831	0.00802
65	0.01837	0.01764	0.03013	0.04557	0.69279	0.01764	0.02278	0.02278	0.01690	0.02425	0.01396	0.01837	0.01176	0.00661	0.00735	0.00220	0.00882	0.00661	0.00367	0.01176
66	0.01489	0.03840	0.70064	0.02116	0.03213	0.01724	0.02743	0.02351	0.01567	0.02351	0.01332	0.01567	0.00940	0.00705	0.00705	0.00235	0.01097	0.00549	0.00313	0.01097
67	0.01851	0.02080	0.10050	0.04155	0.58651	0.05524	0.02281	0.02323	0.01700	0.02384	0.01376	0.01782	0.01139	0.00672	0.00728	0.00220	0.00930	0.00640	0.00363	0.01150
68	0.00903	0.00652	0.00855	0.01018	0.01073	0.00604	0.00682	0.01035	0.01436	0.01901	0.04278	0.69818	0.08397	0.02302	0.00944	0.00299	0.00428	0.02081	0.00689	0.00604
69	0.01384	0.00692	0.00692	0.00692	0.00865	0.00692	0.00519	0.01730	0.01557	0.02768	0.02422	0.02768	0.01903	0.00865	0.00519	0.00173	0.00346	0.00692	0.78031	0.00692
70	0.01080	0.00720	0.00810	0.00810	0.00810	0.00720	0.00450	0.01080	0.01080	0.01439	0.02339	0.04858	0.02699	0.73910	0.03779	0.00720	0.00720	0.01080	0.00450	0.00450
71	0.01051	0.00759	0.00992	0.00934	0.01109	0.00700	0.00700	0.01401	0.02101	0.02977	0.68888	0.05545	0.07005	0.01518	0.00876	0.00233	0.00350	0.01343	0.00817	0.00700
72	0.02822	0.02079	0.02228	0.01708	0.02302	0.02302	0.01411	0.66804	0.03490	0.04679	0.01782	0.01782	0.01262	0.00891	0.00743	0.00223	0.00817	0.00668	0.00743	0.01262
73	0.01002	0.00740	0.00949	0.01085	0.01170	0.00723	0.00752	0.01316	0.07185	0.02048	0.06106	0.62541	0.04725	0.02175	0.00932	0.00297	0.00452	0.04447	0.00699	0.00659
74	0.02042	0.69229	0.03761	0.01317	0.01934	0.07861	0.01282	0.02277	0.01552	0.01752	0.01040	0.01202	0.00953	0.00645	0.00490	0.00161	0.00833	0.00403	0.00322	0.00946
75	0.00993	0.00724	0.00935	0.00951	0.01091	0.00665	0.00687	0.01265	0.01864	0.02576	0.44669	0.26318	0.10914	0.01790	0.00898	0.00255	0.00377	0.01593	0.00769	0.00665
76	0.01828	0.13330	0.07063	0.05109	0.02160	0.01519	0.06237	0.02172	0.01624	0.13161	0.04445	0.09611	0.01811	0.00935	0.00811	0.00206	0.06025	0.00766	0.00511	0.20676
77	0.01431	0.01347	0.02208	0.65561	0.04817	0.01691	0.02003	0.01970	0.04049	0.01938	0.01367	0.01991	0.01038	0.00783	0.00835	0.00252	0.04869	0.00666	0.00346	0.00838
78	0.01965	0.70398	0.03802	0.01307	0.01908	0.02901	0.01290	0.02199	0.01488	0.01749	0.01029	0.01214	0.00954	0.00671	0.00583	0.00168	0.04699	0.00411	0.00318	0.00945
79	0.00904	0.00646	0.00861	0.01034	0.01077	0.00603	0.00689	0.01034	0.01421	0.01895	0.04092	0.73426	0.04910	0.02326	0.00948	0.00301	0.00431	0.02110	0.00689	0.00603
80	0.04313	0.02003	0.03295	0.15324	0.03607	0.10306	0.36765	0.07287	0.01863	0.02422	0.01540	0.02159	0.01221	0.00750	0.00809	0.00244	0.01134	0.03591	0.00413	0.00951
81	0.00913	0.00731	0.00820	0.00863	0.01052	0.00637	0.00633	0.01109	0.01667	0.02083	0.12600	0.23241	0.44684	0.01960	0.00900	0.00265	0.00399	0.04112	0.00702	0.00630
82	0.03331	0.01263	0.01723	0.01321	0.01895	0.01091	0.01091	0.03618	0.02125	0.69794	0.02929	0.02527	0.01838	0.00919	0.00747	0.00230	0.00632	0.00747	0.00919	0.01263
83	0.01433	0.01351	0.02283	0.67273	0.09722	0.01658	0.02077	0.01924	0.01499	0.01935	0.01325	0.01969	0.01003	0.00736	0.00742	0.00245	0.00982	0.00660	0.00333	0.00850
84	0.01952	0.04758	0.05304	0.08408	0.49400	0.10370	0.02108	0.04645	0.01781	0.02367	0.01358	0.01749	0.01122	0.00688	0.00717	0.00217	0.00948	0.00625	0.00376	0.01105

[dist]
# distance from previous block
# <min> <max>
2	4

[block]
# block no. 6 follows, 27 sequences, length 28
# corresponding to MSA columns:
# 280-307
name=unknown_G
#
# <colnr> <probs for GDERKNQSTAVLIFYWHMCP>
#	G	D	E	R	K	N	Q	S	T	A	V	L	I	F	Y	W	H	M	C	P
0	0.02729	0.03446	0.02084	0.01893	0.02278	0.67642	0.01422	0.03011	0.05237	0.01878	0.01237	0.01407	0.01019	0.00777	0.00673	0.00194	0.01303	0.00495	0.00400	0.00876
1	0.01141	0.00765	0.00984	0.01020	0.01173	0.00696	0.00718	0.01322	0.01540	0.06523	0.10920	0.44390	0.09105	0.06275	0.04071	0.00335	0.00523	0.01662	0.00674	0.06163
2	0.01002	0.00709	0.00811	0.00850	0.00907	0.00676	0.00526	0.01066	0.01272	0.01650	0.03711	0.20912	0.15645	0.44076	0.02589	0.00536	0.00589	0.01406	0.00549	0.00518
3	0.01538	0.01458	0.02472	0.51067	0.25111	0.01685	0.02129	0.02016	0.01549	0.02061	0.01343	0.01935	0.01048	0.00717	0.00740	0.00239	0.00956	0.00660	0.00342	0.00934
4	0.01775	0.01069	0.01109	0.00968	0.01255	0.01129	0.00761	0.19406	0.02082	0.03287	0.02248	0.02500	0.01729	0.00872	0.00580	0.00187	0.00474	0.00686	0.57037	0.00847
5	0.01815	0.01559	0.01655	0.01504	0.01911	0.01799	0.01176	0.03829	0.64739	0.03063	0.03065	0.03040	0.02363	0.01058	0.00768	0.00256	0.00592	0.03904	0.00752	0.01151
6	0.01061	0.00795	0.01193	0.01193	0.01326	0.00928	0.00928	0.01326	0.01193	0.01723	0.01988	0.02916	0.01856	0.05568	0.70968	0.01193	0.01988	0.00795	0.00398	0.00663
7	0.01051	0.00759	0.00992	0.00934	0.01109	0.00700	0.00700	0.01401	0.02101	0.02977	0.68888	0.05545	0.07005	0.01518	0.00876	0.00233	0.00350	0.01343	0.00817	0.00700
8	0.00904	0.00646	0.00861	0.01034	0.01077	0.00603	0.00689	0.01034	0.01421	0.01895	0.04092	0.73426	0.04910	0.02326	0.00948	0.00301	0.00431	0.02110	0.00689	0.00603
9	0.01539	0.01319	0.01539	0.01100	0.01759	0.00990	0.00880	0.01869	0.01539	0.02419	0.01319	0.01539	0.01100	0.00550	0.00550	0.00110	0.00550	0.00440	0.00440	0.78449
10	0.01985	0.74357	0.03890	0.01270	0.01905	0.02937	0.01270	0.02223	0.01508	0.01747	0.01032	0.01191	0.00953	0.00635	0.00476	0.00159	0.00794	0.00397	0.00318	0.00953
11	0.79154	0.01436	0.01091	0.00976	0.01436	0.01665	0.00804	0.02182	0.01263	0.03331	0.01034	0.01206	0.00804	0.00689	0.00459	0.00230	0.00574	0.00402	0.00459	0.00804
12	0.00992	0.00757	0.00911	0.00873	0.01073	0.00676	0.00654	0.01288	0.01963	0.02649	0.48176	0.06085	0.27921	0.01640	0.00876	0.00239	0.00359	0.01418	0.00774	0.00676
13	0.01936	0.01693	0.01726	0.01537	0.01965	0.04352	0.01198	0.07553	0.61840	0.03150	0.02882	0.02661	0.02161	0.00992	0.00752	0.00248	0.00628	0.00816	0.00741	0.01169
14	0.01507	0.01452	0.02049	0.01792	0.01819	0.01994	0.01479	0.01691	0.01149	0.01773	0.01186	0.01893	0.01158	0.02188	0.16711	0.00506	0.57854	0.00680	0.00340	0.00781
