[name]
unknown

[dist]
# distance from previous block
# <min> <max>
0	38

[block]
# block no. 0 follows, 28 sequences, length 17
# corresponding to MSA columns:
# 38-54
name=unknown_A
#
# <colnr> <probs for GDERKNQSTAVLIFYWHMCP>
#	G	D	E	R	K	N	Q	S	T	A	V	L	I	F	Y	W	H	M	C	P
0	0.01355	0.00912	0.01244	0.01351	0.01558	0.00912	0.01175	0.04559	0.01773	0.05972	0.03702	0.07602	0.03923	0.01897	0.00977	0.00324	0.00672	0.58680	0.00684	0.00725
1	0.11712	0.01309	0.01651	0.01281	0.01832	0.01209	0.01058	0.07606	0.02075	0.58614	0.02587	0.02282	0.01650	0.00873	0.00699	0.00224	0.00624	0.00688	0.00838	0.01187
2	0.02485	0.01548	0.01867	0.01499	0.01977	0.01640	0.03125	0.24466	0.15514	0.24156	0.02334	0.02349	0.01683	0.03959	0.05569	0.00310	0.02920	0.00740	0.00727	0.01131
3	0.01373	0.01292	0.02180	0.72707	0.05006	0.01615	0.02019	0.01857	0.01453	0.01857	0.01292	0.01938	0.00969	0.00727	0.00727	0.00242	0.00969	0.00646	0.00323	0.00807
4	0.02727	0.01948	0.02109	0.01633	0.02201	0.02143	0.01344	0.58603	0.08072	0.08858	0.01908	0.01864	0.01345	0.00883	0.00728	0.00221	0.00771	0.00672	0.00740	0.01230
5	0.00912	0.00674	0.00806	0.00898	0.00985	0.00618	0.00598	0.01029	0.01396	0.01798	0.04552	0.43214	0.21284	0.16039	0.01443	0.00361	0.00462	0.01734	0.00630	0.00568
6	0.01038	0.00697	0.00798	0.00817	0.00822	0.00692	0.00466	0.01052	0.01094	0.01459	0.02481	0.12442	0.02883	0.66441	0.03392	0.00659	0.00673	0.01169	0.00466	0.00457
7	0.01091	0.00871	0.01218	0.05767	0.01482	0.00926	0.03313	0.01342	0.04155	0.01949	0.09928	0.38900	0.03833	0.13700	0.01479	0.00350	0.06953	0.01509	0.00586	0.00645
8	0.14815	0.01827	0.01861	0.01652	0.05643	0.08027	0.01258	0.23224	0.16959	0.11012	0.01908	0.01908	0.01400	0.00865	0.00761	0.00228	0.04293	0.00640	0.00634	0.01084
9	0.00898	0.00645	0.00832	0.00976	0.01028	0.00601	0.00648	0.01018	0.01381	0.01826	0.04082	0.63969	0.08812	0.08180	0.01151	0.00326	0.00442	0.01949	0.00656	0.00580
10	0.01604	0.01407	0.01962	0.31351	0.03219	0.01598	0.05543	0.11797	0.15721	0.02549	0.02715	0.02904	0.12579	0.00978	0.00759	0.00240	0.00779	0.00843	0.00529	0.00920
11	0.06446	0.01274	0.02027	0.57212	0.08690	0.01541	0.01820	0.01885	0.01459	0.02057	0.01374	0.01948	0.01048	0.00729	0.00689	0.00233	0.00880	0.00633	0.07238	0.00817
12	0.02042	0.02104	0.02143	0.20629	0.15652	0.24280	0.01636	0.06294	0.06318	0.04858	0.01827	0.02083	0.05374	0.00821	0.00712	0.00218	0.00973	0.00659	0.00443	0.00937
13	0.05237	0.01212	0.01570	0.10742	0.02041	0.01289	0.03999	0.16588	0.01930	0.09600	0.03937	0.16297	0.02257	0.06456	0.04774	0.00318	0.00733	0.00985	0.09173	0.00861
14	0.13334	0.01616	0.01737	0.22140	0.02697	0.08952	0.01329	0.11689	0.12042	0.05652	0.01988	0.02312	0.04689	0.05759	0.00885	0.00261	0.00798	0.00693	0.00519	0.00907
15	0.09741	0.01762	0.01666	0.05439	0.06372	0.18381	0.02527	0.08291	0.04535	0.05786	0.11119	0.09735	0.06607	0.01127	0.00741	0.00230	0.00776	0.03737	0.00567	0.00859
16	0.19189	0.01956	0.09383	0.13289	0.05278	0.10505	0.07935	0.05497	0.04981	0.06585	0.03999	0.01838	0.01304	0.00755	0.00661	0.00222	0.00858	0.00610	0.02047	0.03109

[dist]
# distance from previous block
# <min> <max>
2	25

[block]
# block no. 1 follows, 28 sequences, length 8
# corresponding to MSA columns:
# 80-87
name=unknown_B
#
# <colnr> <probs for GDERKNQSTAVLIFYWHMCP>
#	G	D	E	R	K	N	Q	S	T	A	V	L	I	F	Y	W	H	M	C	P
0	0.04591	0.01731	0.01834	0.05082	0.02097	0.04996	0.01229	0.37773	0.11798	0.05681	0.02152	0.09990	0.01814	0.04774	0.00891	0.00256	0.00741	0.00839	0.00669	0.01060
1	0.01605	0.01555	0.02153	0.33517	0.17855	0.07931	0.01748	0.04274	0.01604	0.02088	0.01577	0.09314	0.01422	0.00891	0.00803	0.00231	0.04170	0.00764	0.00394	0.06106
2	0.01485	0.01086	0.01248	0.01096	0.01333	0.01100	0.00787	0.16496	0.01715	0.02351	0.02230	0.12659	0.02325	0.31882	0.08435	0.00502	0.00781	0.00991	0.00532	0.10966
3	0.01232	0.00828	0.01162	0.13271	0.01770	0.00875	0.00920	0.01458	0.01401	0.06742	0.04624	0.27581	0.02969	0.12484	0.11851	0.00457	0.00789	0.01243	0.07671	0.00672
4	0.02726	0.02027	0.02069	0.01616	0.02162	0.07294	0.01322	0.55403	0.03140	0.08559	0.01801	0.01805	0.01280	0.00864	0.00712	0.00214	0.00805	0.00647	0.04375	0.01180
5	0.02315	0.01563	0.01779	0.01425	0.01830	0.01701	0.01139	0.36178	0.02489	0.13507	0.02310	0.02702	0.06113	0.13432	0.01391	0.00312	0.07338	0.00791	0.00664	0.01020
6	0.35502	0.14994	0.05030	0.04898	0.01951	0.01982	0.01162	0.12892	0.10371	0.03048	0.01409	0.01522	0.01087	0.00741	0.00560	0.00215	0.00685	0.00509	0.00494	0.00947
7	0.06591	0.01448	0.01709	0.01373	0.01882	0.01469	0.01115	0.15927	0.16614	0.36503	0.05714	0.02457	0.01967	0.00929	0.00724	0.00228	0.00629	0.00746	0.00804	0.01170

[dist]
# distance from previous block
# <min> <max>
3	24

[block]
# block no. 2 follows, 28 sequences, length 133
# corresponding to MSA columns:
# 112-244
name=unknown_C
#
# <colnr> <probs for GDERKNQSTAVLIFYWHMCP>
#	G	D	E	R	K	N	Q	S	T	A	V	L	I	F	Y	W	H	M	C	P
0	0.14240	0.05050	0.37243	0.01635	0.02382	0.03784	0.01838	0.05381	0.08412	0.02548	0.01908	0.02101	0.06112	0.03455	0.00770	0.00245	0.00860	0.00633	0.00428	0.00975
1	0.09381	0.06737	0.06708	0.02006	0.16864	0.11094	0.01369	0.04672	0.05801	0.02458	0.09776	0.02404	0.04442	0.04359	0.00812	0.00227	0.00762	0.00694	0.00476	0.08958
2	0.01980	0.71474	0.03725	0.01274	0.01884	0.06161	0.01251	0.02211	0.01505	0.01713	0.01016	0.01173	0.00933	0.00628	0.00475	0.00157	0.00803	0.00392	0.00314	0.00929
3	0.01943	0.74891	0.03809	0.01244	0.01866	0.02876	0.01244	0.02177	0.01477	0.01710	0.01011	0.01166	0.00933	0.00622	0.00466	0.00155	0.00777	0.00389	0.00311	0.00933
4	0.00886	0.00633	0.00843	0.01012	0.01054	0.00590	0.00675	0.01012	0.01392	0.01856	0.04006	0.73979	0.04808	0.02277	0.00928	0.00295	0.00422	0.02066	0.00675	0.00590
5	0.01661	0.01586	0.02701	0.26595	0.48867	0.01691	0.02162	0.02110	0.01590	0.02207	0.01343	0.01844	0.01092	0.00673	0.00722	0.00224	0.00898	0.00647	0.00348	0.01040
6	0.02763	0.02036	0.02182	0.01672	0.02254	0.02254	0.01382	0.67496	0.03418	0.04581	0.01745	0.01745	0.01236	0.00873	0.00727	0.00218	0.00800	0.00654	0.00727	0.01236
7	0.01356	0.01274	0.02133	0.70373	0.04876	0.01583	0.01971	0.01831	0.01460	0.01861	0.01489	0.02102	0.03195	0.00763	0.00731	0.00242	0.00950	0.00675	0.00334	0.00801
8	0.00859	0.00736	0.00736	0.00736	0.00982	0.00614	0.00552	0.01043	0.01657	0.01964	0.07364	0.06996	0.69624	0.01841	0.00859	0.00245	0.00368	0.01534	0.00675	0.00614
9	0.01022	0.00690	0.00803	0.00838	0.00847	0.00681	0.00489	0.01048	0.01126	0.01501	0.02644	0.19016	0.03089	0.59586	0.03129	0.00620	0.00646	0.01265	0.00489	0.00471
10	0.01594	0.01441	0.02310	0.57168	0.06988	0.01717	0.05062	0.10829	0.01741	0.02270	0.01365	0.01908	0.01019	0.00738	0.00733	0.00238	0.00954	0.00657	0.00382	0.00887
11	0.00905	0.00653	0.00857	0.00985	0.01055	0.00605	0.00670	0.01065	0.01500	0.02013	0.13589	0.60880	0.08244	0.02142	0.00914	0.00283	0.00408	0.01933	0.00693	0.00605
12	0.01440	0.01328	0.02180	0.69264	0.04873	0.01646	0.01988	0.05038	0.01549	0.01989	0.01314	0.01929	0.00982	0.00734	0.00727	0.00241	0.00961	0.00646	0.00343	0.00828
13	0.00891	0.00637	0.00848	0.01008	0.01056	0.00594	0.00675	0.01026	0.01417	0.01896	0.06482	0.71390	0.04885	0.02247	0.00925	0.00293	0.00419	0.02038	0.00680	0.00594
14	0.01507	0.01292	0.01507	0.01077	0.01723	0.00969	0.00861	0.01830	0.01507	0.02369	0.01292	0.01507	0.01077	0.00538	0.00538	0.00108	0.00538	0.00431	0.00431	0.78898
15	0.01799	0.01727	0.02950	0.04462	0.69919	0.01727	0.02231	0.02231	0.01655	0.02375	0.01367	0.01799	0.01151	0.00648	0.00720	0.00216	0.00864	0.00648	0.00360	0.01151
16	0.01373	0.01292	0.02180	0.72707	0.05006	0.01615	0.02019	0.01857	0.01453	0.01857	0.01292	0.01938	0.00969	0.00727	0.00727	0.00242	0.00969	0.00646	0.00323	0.00807
17	0.02763	0.02036	0.02182	0.01672	0.02254	0.02254	0.01382	0.67496	0.03418	0.04581	0.01745	0.01745	0.01236	0.00873	0.00727	0.00218	0.00800	0.00654	0.00727	0.01236
18	0.02746	0.01123	0.01522	0.01206	0.01678	0.00980	0.00980	0.03042	0.02075	0.54854	0.18243	0.03156	0.02966	0.01035	0.00760	0.00226	0.00555	0.00866	0.00877	0.01110
19	0.01800	0.01493	0.01580	0.01410	0.01817	0.01690	0.01100	0.06287	0.57428	0.04987	0.03329	0.03076	0.08656	0.01061	0.00750	0.00245	0.00566	0.00881	0.00738	0.01105
20	0.02467	0.02929	0.01984	0.05175	0.02306	0.51885	0.01381	0.04932	0.15705	0.02123	0.01526	0.01641	0.01209	0.00800	0.00678	0.00203	0.01129	0.00555	0.00457	0.00916
21	0.01074	0.00758	0.00956	0.00898	0.01094	0.00687	0.00676	0.01389	0.01992	0.04979	0.57066	0.05591	0.17067	0.01525	0.00853	0.00231	0.00356	0.01332	0.00783	0.00692
22	0.00878	0.00663	0.00812	0.00931	0.01033	0.00597	0.00639	0.01021	0.01470	0.01887	0.04993	0.54297	0.23854	0.02149	0.00908	0.00281	0.00406	0.01910	0.00675	0.00597
23	0.01630	0.04845	0.25960	0.02601	0.03394	0.01848	0.39480	0.02276	0.01608	0.02261	0.01366	0.01770	0.01028	0.00683	0.00894	0.00242	0.06050	0.00722	0.00343	0.00997
24	0.01762	0.01781	0.02595	0.26708	0.40796	0.09616	0.02067	0.02184	0.01635	0.02136	0.01315	0.01790	0.01067	0.00685	0.00715	0.00221	0.00949	0.00627	0.00349	0.01003
25	0.01263	0.00631	0.00947	0.00947	0.00947	0.00631	0.00631	0.00947	0.00947	0.01263	0.01263	0.02210	0.01263	0.02525	0.02841	0.78851	0.00631	0.00631	0.00316	0.00316
26	0.01127	0.00796	0.01001	0.00940	0.01141	0.00743	0.00708	0.01524	0.05173	0.05355	0.54555	0.07907	0.13245	0.01508	0.00850	0.00234	0.00370	0.01321	0.00783	0.00718
27	0.33777	0.01736	0.01524	0.01322	0.01728	0.10044	0.01051	0.19779	0.04484	0.03196	0.01676	0.10693	0.01499	0.00975	0.00694	0.00232	0.03425	0.00711	0.00550	0.00904
28	0.01500	0.03463	0.59736	0.02235	0.03254	0.01713	0.13339	0.02306	0.01565	0.02306	0.01332	0.01605	0.00951	0.00678	0.00718	0.00233	0.01099	0.00590	0.00317	0.01059
29	0.79588	0.01406	0.01068	0.00956	0.01406	0.01631	0.00787	0.02137	0.01237	0.03261	0.01012	0.01181	0.00787	0.00675	0.00450	0.00225	0.00562	0.00394	0.00450	0.00787
30	0.02375	0.02910	0.02096	0.14853	0.02724	0.52933	0.01533	0.02615	0.01870	0.01791	0.01140	0.01449	0.00944	0.00789	0.00813	0.00208	0.07250	0.00515	0.00360	0.00832
31	0.01719	0.01909	0.08955	0.09581	0.03272	0.01738	0.35279	0.09053	0.08641	0.02588	0.04030	0.04452	0.01519	0.00778	0.00798	0.00238	0.01001	0.00828	0.00459	0.03160
32	0.01041	0.00762	0.00876	0.00850	0.01078	0.00665	0.00645	0.01283	0.01794	0.05585	0.26531	0.08853	0.41846	0.01705	0.00860	0.00244	0.00385	0.03604	0.00725	0.00668
33	0.05702	0.01667	0.01776	0.01496	0.01956	0.01881	0.01194	0.20976	0.40588	0.03379	0.02349	0.02253	0.01759	0.00921	0.00770	0.00231	0.03331	0.00723	0.00686	0.06361
34	0.01252	0.00833	0.00985	0.00925	0.01170	0.00750	0.00699	0.04139	0.01867	0.09717	0.25684	0.14112	0.31846	0.01643	0.00848	0.00243	0.00412	0.01409	0.00740	0.00726
35	0.02511	0.02081	0.02027	0.01618	0.02143	0.11412	0.01307	0.45717	0.08608	0.03788	0.01740	0.01798	0.01292	0.01029	0.03614	0.00247	0.00877	0.00632	0.00645	0.06914
36	0.01618	0.23555	0.45756	0.01932	0.02847	0.02036	0.08276	0.02269	0.01535	0.02138	0.01237	0.01471	0.00941	0.00664	0.00643	0.00211	0.01005	0.00525	0.00314	0.01026
37	0.00886	0.00633	0.00843	0.01012	0.01054	0.00590	0.00675	0.01012	0.01392	0.01856	0.04006	0.73979	0.04808	0.02277	0.00928	0.00295	0.00422	0.02066	0.00675	0.00590
38	0.01373	0.01292	0.02180	0.72707	0.05006	0.01615	0.02019	0.01857	0.01453	0.01857	0.01292	0.01938	0.00969	0.00727	0.00727	0.00242	0.00969	0.00646	0.00323	0.00807
39	0.01850	0.13602	0.07218	0.02038	0.05510	0.10662	0.12463	0.06893	0.01648	0.02159	0.03856	0.01764	0.01262	0.01066	0.03887	0.00275	0.21910	0.00640	0.00385	0.00911
40	0.00859	0.00736	0.00736	0.00736	0.00982	0.00614	0.00552	0.01043	0.01657	0.01964	0.07364	0.06996	0.69624	0.01841	0.00859	0.00245	0.00368	0.01534	0.00675	0.00614
41	0.02627	0.01946	0.02091	0.01631	0.02179	0.02153	0.01336	0.61279	0.06388	0.04377	0.01912	0.05291	0.01456	0.00946	0.00737	0.00223	0.00771	0.00731	0.00725	0.01201
42	0.01805	0.01764	0.02863	0.09060	0.62842	0.04410	0.02184	0.02231	0.01657	0.02316	0.01353	0.01790	0.01131	0.00657	0.00718	0.00217	0.00888	0.00641	0.00358	0.01116
43	0.01516	0.10776	0.61519	0.02027	0.03043	0.01812	0.04982	0.02291	0.01536	0.02244	0.01281	0.01514	0.00929	0.00681	0.00675	0.00223	0.01050	0.00534	0.00310	0.01057
44	0.00886	0.00633	0.00843	0.01012	0.01054	0.00590	0.00675	0.01012	0.01392	0.01856	0.04006	0.73979	0.04808	0.02277	0.00928	0.00295	0.00422	0.02066	0.00675	0.00590
45	0.01400	0.01329	0.02275	0.67930	0.07448	0.01626	0.04061	0.01886	0.01469	0.01892	0.01300	0.01933	0.00980	0.00720	0.00731	0.00241	0.00973	0.00653	0.00326	0.00826
46	0.01711	0.04027	0.02673	0.25344	0.36805	0.04356	0.05094	0.04369	0.01666	0.02235	0.01434	0.02050	0.01194	0.00733	0.00729	0.00227	0.00918	0.03061	0.00372	0.01002
47	0.02453	0.01808	0.01949	0.01555	0.02069	0.01990	0.01263	0.48361	0.14490	0.06532	0.02353	0.04975	0.04836	0.00994	0.00744	0.00228	0.00719	0.00783	0.00731	0.01167
48	0.01595	0.01710	0.03391	0.24462	0.03947	0.01816	0.39253	0.02114	0.01563	0.02114	0.01354	0.01909	0.01044	0.00727	0.01000	0.00253	0.09733	0.00766	0.00348	0.00905
49	0.01373	0.01292	0.02180	0.72707	0.05006	0.01615	0.02019	0.01857	0.01453	0.01857	0.01292	0.01938	0.00969	0.00727	0.00727	0.00242	0.00969	0.00646	0.00323	0.00807
50	0.01081	0.00817	0.01150	0.01128	0.01217	0.00950	0.00841	0.01270	0.01137	0.01624	0.01962	0.03233	0.01959	0.22009	0.50230	0.00996	0.06554	0.00837	0.00397	0.00608
51	0.01799	0.01727	0.02950	0.04462	0.69919	0.01727	0.02231	0.02231	0.01655	0.02375	0.01367	0.01799	0.01151	0.00648	0.00720	0.00216	0.00864	0.00648	0.00360	0.01151
52	0.01590	0.01590	0.02226	0.01908	0.01908	0.02226	0.01590	0.01749	0.01113	0.01749	0.00954	0.01590	0.00954	0.01272	0.02385	0.00318	0.73123	0.00636	0.00318	0.00795
53	0.03261	0.01237	0.01687	0.01293	0.01856	0.01068	0.01068	0.03543	0.02081	0.70423	0.02868	0.02474	0.01799	0.00900	0.00731	0.00225	0.00619	0.00731	0.00900	0.01237
54	0.00886	0.00633	0.00843	0.01012	0.01054	0.00590	0.00675	0.01012	0.01392	0.01856	0.04006	0.73979	0.04808	0.02277	0.00928	0.00295	0.00422	0.02066	0.00675	0.00590
55	0.01458	0.03760	0.70688	0.02072	0.03146	0.01688	0.02686	0.02302	0.01535	0.02302	0.01304	0.01535	0.00921	0.00691	0.00691	0.00230	0.01074	0.00537	0.00307	0.01074
56	0.00898	0.00725	0.00799	0.00807	0.01013	0.00626	0.00595	0.01109	0.01709	0.02151	0.20067	0.14750	0.48568	0.01819	0.00867	0.00248	0.00369	0.01552	0.00701	0.00626
57	0.02438	0.01838	0.01970	0.01572	0.02086	0.02036	0.01277	0.50911	0.14385	0.04088	0.02275	0.05566	0.04186	0.00996	0.00744	0.00228	0.00727	0.00784	0.00725	0.01167
58	0.01458	0.03760	0.70688	0.02072	0.03146	0.01688	0.02686	0.02302	0.01535	0.02302	0.01304	0.01535	0.00921	0.00691	0.00691	0.00230	0.01074	0.00537	0.00307	0.01074
59	0.01254	0.00637	0.00956	0.00956	0.00961	0.00642	0.00642	0.00961	0.00956	0.01279	0.01289	0.02235	0.01284	0.02638	0.05495	0.75852	0.00682	0.00637	0.00319	0.00329
60	0.01121	0.00801	0.01114	0.01282	0.01427	0.00794	0.01085	0.01420	0.01624	0.02119	0.03876	0.19694	0.04292	0.02055	0.00991	0.00328	0.00626	0.54025	0.00670	0.00656
61	0.01008	0.00738	0.00946	0.00902	0.01075	0.00676	0.00673	0.01329	0.01997	0.02790	0.61503	0.08146	0.12405	0.01548	0.00860	0.00233	0.00348	0.01363	0.00784	0.00676
62	0.02141	0.01618	0.02128	0.01705	0.02175	0.01758	0.10118	0.22693	0.20253	0.10872	0.02161	0.02264	0.01616	0.01510	0.10456	0.00363	0.03694	0.00752	0.00640	0.01082
63	0.01718	0.04411	0.02264	0.03966	0.02035	0.09703	0.01570	0.01892	0.01238	0.01754	0.00984	0.01555	0.00952	0.01176	0.02081	0.00296	0.60663	0.00609	0.00324	0.00806
64	0.06448	0.05800	0.30189	0.02264	0.12851	0.23025	0.02010	0.05137	0.01771	0.02280	0.01249	0.01481	0.00966	0.00706	0.00664	0.00211	0.01063	0.00524	0.00361	0.01000
65	0.04521	0.03219	0.51738	0.02338	0.06402	0.01717	0.15276	0.02297	0.01565	0.02347	0.01329	0.01617	0.00962	0.00673	0.00716	0.00232	0.01074	0.00600	0.00327	0.01049
66	0.01532	0.11175	0.01661	0.01222	0.01476	0.03564	0.00966	0.11534	0.04193	0.02199	0.01979	0.07441	0.01901	0.14358	0.24563	0.00608	0.03892	0.00820	0.04144	0.00771
67	0.01613	0.06371	0.40012	0.02662	0.21043	0.04411	0.05388	0.02256	0.01619	0.02304	0.04615	0.01789	0.01281	0.00713	0.00702	0.00222	0.00984	0.00610	0.00351	0.01056
68	0.01232	0.00748	0.00965	0.01014	0.01168	0.00680	0.00728	0.01407	0.01566	0.11269	0.08156	0.45469	0.13608	0.04181	0.00976	0.00289	0.00457	0.04697	0.00705	0.00687
69	0.02318	0.01703	0.01869	0.01525	0.01980	0.01860	0.01229	0.51365	0.02936	0.03931	0.02288	0.16756	0.02080	0.01203	0.00779	0.00238	0.00718	0.03424	0.00714	0.01082
70	0.01943	0.74891	0.03809	0.01244	0.01866	0.02876	0.01244	0.02177	0.01477	0.01710	0.01011	0.01166	0.00933	0.00622	0.00466	0.00155	0.00777	0.00389	0.00311	0.00933
71	0.02719	0.01821	0.02056	0.01674	0.04713	0.01956	0.01317	0.49507	0.04928	0.15727	0.01981	0.02018	0.01413	0.03708	0.00842	0.00239	0.00761	0.00688	0.00732	0.01200
72	0.01943	0.74891	0.03809	0.01244	0.01866	0.02876	0.01244	0.02177	0.01477	0.01710	0.01011	0.01166	0.00933	0.00622	0.00466	0.00155	0.00777	0.00389	0.00311	0.00933
73	0.01102	0.00875	0.01183	0.01176	0.01309	0.03525	0.00905	0.01346	0.01196	0.01678	0.01933	0.02889	0.01824	0.08578	0.65689	0.01110	0.01864	0.00781	0.00391	0.00646
74	0.03261	0.01237	0.01687	0.01293	0.01856	0.01068	0.01068	0.03543	0.02081	0.70423	0.02868	0.02474	0.01799	0.00900	0.00731	0.00225	0.00619	0.00731	0.00900	0.01237
75	0.01529	0.08937	0.01548	0.01142	0.01495	0.01380	0.00919	0.13287	0.14551	0.02865	0.22828	0.04221	0.19865	0.01283	0.00772	0.00227	0.00517	0.01065	0.00694	0.00876
76	0.01373	0.01292	0.02180	0.72707	0.05006	0.01615	0.02019	0.01857	0.01453	0.01857	0.01292	0.01938	0.00969	0.00727	0.00727	0.00242	0.00969	0.00646	0.00323	0.00807
77	0.00861	0.00729	0.00744	0.00757	0.00987	0.00612	0.00561	0.01041	0.01637	0.01956	0.07117	0.11914	0.64865	0.01873	0.00864	0.00249	0.00372	0.01573	0.00675	0.00612
78	0.01893	0.63649	0.06697	0.01288	0.01891	0.05596	0.01282	0.02161	0.01543	0.01820	0.05518	0.01469	0.01321	0.00687	0.00511	0.00165	0.00786	0.00460	0.00346	0.00919
79	0.00886	0.00633	0.00843	0.01012	0.01054	0.00590	0.00675	0.01012	0.01392	0.01856	0.04006	0.73979	0.04808	0.02277	0.00928	0.00295	0.00422	0.02066	0.00675	0.00590
80	0.01089	0.00806	0.01058	0.01187	0.01368	0.00776	0.01010	0.01381	0.01660	0.02115	0.04676	0.10190	0.19500	0.01978	0.00968	0.00312	0.00590	0.48012	0.00671	0.00654
81	0.01988	0.01677	0.01719	0.01500	0.01931	0.04119	0.01178	0.14776	0.52980	0.03256	0.02670	0.02499	0.01996	0.00954	0.00727	0.00237	0.00630	0.00777	0.03246	0.01140
82	0.01780	0.01721	0.02979	0.06940	0.64694	0.01728	0.04989	0.02221	0.01650	0.02354	0.01369	0.01811	0.01143	0.00649	0.00726	0.00218	0.00883	0.00657	0.00359	0.01131
83	0.01023	0.00743	0.00964	0.00908	0.01082	0.00683	0.00681	0.01360	0.02044	0.02882	0.67404	0.05483	0.09011	0.01498	0.00857	0.00229	0.00344	0.01322	0.00796	0.00683
84	0.01057	0.00705	0.00793	0.00793	0.00793	0.00705	0.00440	0.01057	0.01057	0.01409	0.02290	0.04757	0.02643	0.74454	0.03700	0.00705	0.00705	0.01057	0.00440	0.00440
85	0.73966	0.03767	0.01201	0.00994	0.01455	0.01696	0.00826	0.04822	0.01334	0.03266	0.01042	0.01204	0.00810	0.00681	0.00462	0.00222	0.00579	0.00404	0.00457	0.00810
86	0.00882	0.00737	0.00768	0.00760	0.00996	0.00623	0.00570	0.01087	0.01710	0.02090	0.15648	0.06787	0.61261	0.01794	0.00859	0.00243	0.00365	0.01505	0.00692	0.00623
87	0.01926	0.71339	0.03732	0.01276	0.01868	0.02845	0.01261	0.02156	0.01459	0.01712	0.01008	0.01187	0.00934	0.00653	0.00559	0.00163	0.04283	0.00401	0.00311	0.00926
88	0.03155	0.01407	0.01792	0.01374	0.01940	0.01320	0.01135	0.17134	0.02365	0.56430	0.02629	0.02319	0.01680	0.00894	0.00730	0.00223	0.00657	0.00715	0.00863	0.01237
89	0.06960	0.01245	0.01657	0.01277	0.01834	0.01096	0.01055	0.03474	0.02040	0.67168	0.02778	0.02411	0.01750	0.00889	0.00717	0.00225	0.00616	0.00715	0.00878	0.01215
90	0.01458	0.03760	0.70688	0.02072	0.03146	0.01688	0.02686	0.02302	0.01535	0.02302	0.01304	0.01535	0.00921	0.00691	0.00691	0.00230	0.01074	0.00537	0.00307	0.01074
91	0.01373	0.01292	0.02180	0.72707	0.05006	0.01615	0.02019	0.01857	0.01453	0.01857	0.01292	0.01938	0.00969	0.00727	0.00727	0.00242	0.00969	0.00646	0.00323	0.00807
92	0.01038	0.00779	0.01168	0.01168	0.01298	0.00909	0.00909	0.01298	0.01168	0.01687	0.01947	0.02856	0.01817	0.05452	0.71573	0.01168	0.01947	0.00779	0.00389	0.00649
93	0.01057	0.00705	0.00793	0.00793	0.00793	0.00705	0.00440	0.01057	0.01057	0.01409	0.02290	0.04757	0.02643	0.74454	0.03700	0.00705	0.00705	0.01057	0.00440	0.00440
94	0.01458	0.03760	0.70688	0.02072	0.03146	0.01688	0.02686	0.02302	0.01535	0.02302	0.01304	0.01535	0.00921	0.00691	0.00691	0.00230	0.01074	0.00537	0.00307	0.01074
95	0.62853	0.05928	0.01377	0.01060	0.01540	0.01725	0.00887	0.08089	0.01504	0.07792	0.01202	0.01317	0.00904	0.00704	0.00495	0.00220	0.00600	0.00439	0.00496	0.00867
96	0.00886	0.00633	0.00843	0.01012	0.01054	0.00590	0.00675	0.01012	0.01392	0.01856	0.04006	0.73979	0.04808	0.02277	0.00928	0.00295	0.00422	0.02066	0.00675	0.00590
97	0.01539	0.03849	0.01765	0.01243	0.01826	0.01194	0.03512	0.01853	0.01475	0.02282	0.01255	0.01522	0.01060	0.00618	0.00734	0.00136	0.07868	0.00466	0.00413	0.65390
98	0.01394	0.01129	0.01293	0.01143	0.01476	0.01103	0.00874	0.09029	0.11353	0.02522	0.07440	0.20576	0.15031	0.01384	0.00827	0.00225	0.03104	0.01172	0.00630	0.18295
99	0.02300	0.14908	0.02225	0.04832	0.02139	0.04872	0.01269	0.20289	0.24288	0.12242	0.02119	0.02051	0.01558	0.00857	0.00682	0.00217	0.00726	0.00664	0.00646	0.01117
100	0.02507	0.01385	0.04537	0.01318	0.01809	0.01253	0.01109	0.12126	0.08548	0.37633	0.16652	0.02974	0.02785	0.01018	0.00756	0.00227	0.00602	0.00843	0.00814	0.01106
101	0.01799	0.01727	0.02950	0.04462	0.69919	0.01727	0.02231	0.02231	0.01655	0.02375	0.01367	0.01799	0.01151	0.00648	0.00720	0.00216	0.00864	0.00648	0.00360	0.01151
102	0.01808	0.01561	0.01644	0.01479	0.01890	0.01808	0.01151	0.03863	0.68606	0.03041	0.02959	0.02712	0.02219	0.00986	0.00740	0.00247	0.00575	0.00822	0.00740	0.01151
103	0.02220	0.01650	0.01769	0.01452	0.01925	0.01820	0.01166	0.31942	0.26932	0.05955	0.02282	0.02225	0.01681	0.00899	0.00699	0.00219	0.00648	0.00712	0.09664	0.04139
104	0.01458	0.03760	0.70688	0.02072	0.03146	0.01688	0.02686	0.02302	0.01535	0.02302	0.01304	0.01535	0.00921	0.00691	0.00691	0.00230	0.01074	0.00537	0.00307	0.01074
105	0.01847	0.01581	0.01666	0.01487	0.01905	0.01826	0.01160	0.06475	0.65930	0.03104	0.02909	0.02672	0.02179	0.00982	0.00739	0.00245	0.00585	0.00815	0.00739	0.01154
106	0.01060	0.00772	0.01135	0.01135	0.01268	0.00893	0.00882	0.01325	0.01192	0.01756	0.01976	0.02846	0.01820	0.05142	0.66798	0.01101	0.01839	0.00772	0.05637	0.00651
107	0.01808	0.01561	0.01644	0.01479	0.01890	0.01808	0.01151	0.03863	0.68606	0.03041	0.02959	0.02712	0.02219	0.00986	0.00740	0.00247	0.00575	0.00822	0.00740	0.01151
108	0.03152	0.01413	0.01796	0.01377	0.01943	0.01329	0.01137	0.17623	0.02375	0.55926	0.02621	0.02314	0.01675	0.00894	0.00730	0.00223	0.00658	0.00714	0.00862	0.01237
109	0.00886	0.00633	0.00843	0.01012	0.01054	0.00590	0.00675	0.01012	0.01392	0.01856	0.04006	0.73979	0.04808	0.02277	0.00928	0.00295	0.00422	0.02066	0.00675	0.00590
110	0.00886	0.00633	0.00843	0.01012	0.01054	0.00590	0.00675	0.01012	0.01392	0.01856	0.04006	0.73979	0.04808	0.02277	0.00928	0.00295	0.00422	0.02066	0.00675	0.00590
111	0.01590	0.01590	0.02226	0.01908	0.01908	0.02226	0.01590	0.01749	0.01113	0.01749	0.00954	0.01590	0.00954	0.01272	0.02385	0.00318	0.73123	0.00636	0.00318	0.00795
112	0.02591	0.01648	0.01820	0.01424	0.01927	0.01760	0.01167	0.44348	0.02839	0.15635	0.02054	0.02048	0.01449	0.00873	0.00688	0.00210	0.00684	0.00672	0.15029	0.01134
113	0.01040	0.00773	0.01137	0.01137	0.01256	0.00892	0.00870	0.01278	0.01159	0.01665	0.01975	0.03012	0.01885	0.11136	0.65982	0.01130	0.01845	0.00802	0.00394	0.00632
114	0.03261	0.01237	0.01687	0.01293	0.01856	0.01068	0.01068	0.03543	0.02081	0.70423	0.02868	0.02474	0.01799	0.00900	0.00731	0.00225	0.00619	0.00731	0.00900	0.01237
115	0.40293	0.01464	0.01455	0.01191	0.01684	0.01574	0.00979	0.16206	0.01949	0.20628	0.04864	0.01829	0.01425	0.00812	0.00599	0.00224	0.00616	0.00578	0.00639	0.00991
116	0.02345	0.01249	0.01540	0.01295	0.01694	0.01223	0.01020	0.19469	0.02227	0.30362	0.05479	0.23471	0.02733	0.01321	0.00793	0.00244	0.00597	0.01127	0.00784	0.01025
117	0.01759	0.01715	0.02787	0.16017	0.56414	0.04211	0.02165	0.02191	0.01635	0.02265	0.01346	0.01805	0.01113	0.00665	0.00719	0.00219	0.00898	0.00641	0.00354	0.01082
118	0.01174	0.01030	0.01813	0.01600	0.01827	0.01003	0.17595	0.01425	0.01470	0.01976	0.03086	0.42288	0.03470	0.01798	0.01073	0.04094	0.03752	0.08270	0.00564	0.00693
119	0.01760	0.01439	0.01539	0.01389	0.01774	0.01620	0.01077	0.05873	0.53735	0.05439	0.03326	0.07933	0.07627	0.01135	0.00761	0.00248	0.00559	0.00954	0.00736	0.01076
120	0.06912	0.22187	0.45558	0.01754	0.02640	0.02001	0.02115	0.02322	0.04253	0.02242	0.01275	0.01462	0.00968	0.00684	0.00617	0.00211	0.00941	0.00500	0.00335	0.01021
121	0.01725	0.01652	0.02817	0.16275	0.58683	0.01708	0.02194	0.02166	0.01620	0.02285	0.01354	0.01823	0.01120	0.00661	0.00721	0.00220	0.00882	0.00647	0.00353	0.01092
122	0.03261	0.01237	0.01687	0.01293	0.01856	0.01068	0.01068	0.03543	0.02081	0.70423	0.02868	0.02474	0.01799	0.00900	0.00731	0.00225	0.00619	0.00731	0.00900	0.01237
123	0.01527	0.03663	0.68042	0.02042	0.03097	0.01664	0.02624	0.02350	0.01556	0.04914	0.01364	0.01571	0.00954	0.00699	0.00692	0.00230	0.01057	0.00545	0.00330	0.01081
124	0.01916	0.20204	0.36265	0.01757	0.02586	0.01879	0.05027	0.02563	0.04832	0.13988	0.01591	0.01685	0.01146	0.00721	0.00654	0.00213	0.00907	0.00564	0.00434	0.01068
125	0.00886	0.00633	0.00843	0.01012	0.01054	0.00590	0.00675	0.01012	0.01392	0.01856	0.04006	0.73979	0.04808	0.02277	0.00928	0.00295	0.00422	0.02066	0.00675	0.00590
126	0.01045	0.00753	0.01035	0.01035	0.01119	0.00836	0.00743	0.01213	0.01129	0.01589	0.02069	0.03530	0.02110	0.29934	0.47492	0.01004	0.01506	0.00878	0.00408	0.00575
127	0.01533	0.03043	0.47039	0.08049	0.12871	0.01708	0.11008	0.02261	0.01569	0.02281	0.01334	0.01659	0.00981	0.00677	0.00719	0.00231	0.01056	0.00603	0.00324	0.01052
128	0.04398	0.01384	0.02294	0.56209	0.17999	0.01638	0.02015	0.01943	0.01486	0.02015	0.01297	0.01881	0.00999	0.00709	0.00715	0.00236	0.00932	0.00637	0.00335	0.00876
129	0.00934	0.00758	0.00840	0.00873	0.01099	0.00665	0.00691	0.01158	0.01680	0.02055	0.09628	0.07176	0.52641	0.01859	0.00890	0.00264	0.00431	0.15050	0.00680	0.00629
130	0.01633	0.01566	0.02624	0.03757	0.55175	0.01539	0.04706	0.02029	0.01658	0.02302	0.02410	0.02705	0.13002	0.00853	0.00750	0.00222	0.00793	0.00810	0.00415	0.01051
131	0.11768	0.20290	0.39538	0.01878	0.05484	0.01974	0.05205	0.02249	0.01496	0.02290	0.01207	0.01432	0.00925	0.00667	0.00615	0.00212	0.00935	0.00503	0.00332	0.01002
132	0.02697	0.01801	0.01997	0.01564	0.02108	0.01945	0.01280	0.47562	0.09666	0.16102	0.02140	0.04268	0.01549	0.00934	0.00735	0.00225	0.00733	0.00730	0.00758	0.01207

[dist]
# distance from previous block
# <min> <max>
0	1

[block]
# block no. 3 follows, 28 sequences, length 71
# corresponding to MSA columns:
# 246-316
name=unknown_D
#
# <colnr> <probs for GDERKNQSTAVLIFYWHMCP>
#	G	D	E	R	K	N	Q	S	T	A	V	L	I	F	Y	W	H	M	C	P
0	0.10495	0.10219	0.02230	0.01904	0.08437	0.37329	0.01387	0.12934	0.02092	0.04729	0.01280	0.01436	0.01017	0.00743	0.00634	0.00197	0.01032	0.00507	0.00448	0.00951
1	0.00889	0.00646	0.00839	0.00984	0.01049	0.00596	0.00664	0.01028	0.01440	0.01904	0.06730	0.65448	0.10687	0.02209	0.00919	0.00288	0.00414	0.01991	0.00679	0.00596
2	0.02280	0.01793	0.01954	0.01656	0.06166	0.04107	0.01259	0.38373	0.09132	0.03657	0.01763	0.01834	0.01319	0.00797	0.00676	0.00195	0.00721	0.00621	0.04919	0.16778
3	0.00989	0.00676	0.00813	0.00880	0.00896	0.00659	0.00533	0.01039	0.01189	0.01586	0.02969	0.32144	0.03499	0.45898	0.02603	0.00543	0.00593	0.01456	0.00533	0.00500
4	0.14489	0.10441	0.01951	0.01453	0.01910	0.16034	0.01173	0.15493	0.21242	0.02953	0.01794	0.01820	0.01378	0.00819	0.00633	0.00212	0.00779	0.00594	0.03831	0.01002
5	0.02878	0.01264	0.01635	0.01283	0.01820	0.01141	0.01047	0.03387	0.10602	0.55054	0.02949	0.02613	0.04317	0.00924	0.00725	0.00221	0.00599	0.00754	0.00842	0.05945
6	0.00890	0.00683	0.00815	0.00897	0.01030	0.00609	0.00629	0.01059	0.01558	0.02001	0.11747	0.41668	0.29737	0.02033	0.00895	0.00270	0.00394	0.01789	0.00687	0.00609
7	0.01664	0.01415	0.01529	0.01398	0.01773	0.01587	0.01082	0.03337	0.54650	0.02837	0.03010	0.10718	0.02512	0.01141	0.00759	0.00247	0.00560	0.03393	0.00711	0.05677
8	0.01040	0.00774	0.01146	0.01146	0.01268	0.00897	0.00881	0.01284	0.01162	0.01671	0.01967	0.02968	0.01866	0.09540	0.67552	0.01141	0.01873	0.00795	0.00392	0.00637
9	0.02715	0.03464	0.02060	0.01873	0.02247	0.71536	0.01404	0.02903	0.02060	0.01779	0.01124	0.01311	0.00936	0.00749	0.00655	0.00187	0.01311	0.00468	0.00375	0.00843
10	0.01458	0.03760	0.70688	0.02072	0.03146	0.01688	0.02686	0.02302	0.01535	0.02302	0.01304	0.01535	0.00921	0.00691	0.00691	0.00230	0.01074	0.00537	0.00307	0.01074
11	0.01097	0.00791	0.01081	0.01238	0.01386	0.00775	0.01037	0.01382	0.01618	0.02100	0.04099	0.20812	0.08406	0.02050	0.00980	0.00321	0.00603	0.48903	0.00671	0.00651
12	0.01171	0.00837	0.01171	0.01339	0.01506	0.00837	0.01171	0.01506	0.01673	0.02175	0.03849	0.08199	0.04183	0.02008	0.01004	0.00335	0.00669	0.65027	0.00669	0.00669
13	0.01872	0.01547	0.01646	0.01471	0.01889	0.01775	0.01147	0.03848	0.65658	0.06027	0.02955	0.02701	0.02200	0.00982	0.00739	0.00246	0.00577	0.00818	0.00747	0.01154
14	0.00904	0.00646	0.00865	0.01033	0.01083	0.00606	0.00707	0.01044	0.01410	0.01876	0.03996	0.69743	0.04767	0.02260	0.00933	0.00298	0.00438	0.06121	0.00674	0.00596
15	0.01038	0.00779	0.01168	0.01168	0.01298	0.00909	0.00909	0.01298	0.01168	0.01687	0.01947	0.02856	0.01817	0.05452	0.71573	0.01168	0.01947	0.00779	0.00389	0.00649
16	0.01181	0.00871	0.01160	0.01293	0.01482	0.00874	0.01115	0.01604	0.05638	0.02208	0.04110	0.07767	0.09918	0.01933	0.00975	0.00321	0.00637	0.55546	0.00674	0.00693
17	0.02727	0.05264	0.02254	0.01653	0.02237	0.02282	0.01376	0.64601	0.03332	0.04454	0.01713	0.01720	0.01223	0.00861	0.00716	0.00215	0.00799	0.00643	0.00709	0.01223
18	0.01005	0.00746	0.00939	0.00901	0.01086	0.00680	0.00683	0.01320	0.01972	0.02719	0.56009	0.05817	0.17619	0.01569	0.00864	0.00236	0.00361	0.04026	0.00773	0.00673
19	0.79588	0.01406	0.01068	0.00956	0.01406	0.01631	0.00787	0.02137	0.01237	0.03261	0.01012	0.01181	0.00787	0.00675	0.00450	0.00225	0.00562	0.00394	0.00450	0.00787
20	0.01652	0.02085	0.11014	0.02846	0.03568	0.01784	0.56029	0.02257	0.01667	0.02290	0.01540	0.04782	0.01228	0.00706	0.00886	0.00248	0.03211	0.00866	0.00372	0.00969
21	0.01001	0.00718	0.00935	0.00928	0.01063	0.00667	0.00670	0.01280	0.01864	0.02612	0.52231	0.19619	0.06201	0.05671	0.01029	0.00269	0.00379	0.01456	0.00754	0.00653
22	0.04587	0.03606	0.65678	0.02061	0.03099	0.01691	0.04779	0.02296	0.01529	0.02341	0.01298	0.01535	0.00922	0.00687	0.00687	0.00230	0.01059	0.00542	0.00315	0.01060
23	0.01799	0.01727	0.02950	0.04462	0.69919	0.01727	0.02231	0.02231	0.01655	0.02375	0.01367	0.01799	0.01151	0.00648	0.00720	0.00216	0.00864	0.00648	0.00360	0.01151
24	0.01029	0.00743	0.00972	0.00914	0.01086	0.00686	0.00686	0.01372	0.02058	0.02915	0.69536	0.05430	0.06859	0.01486	0.00857	0.00229	0.00343	0.01315	0.00800	0.00686
25	0.02030	0.01544	0.01762	0.04392	0.02020	0.01485	0.01096	0.27410	0.02243	0.05753	0.01590	0.01854	0.01257	0.05203	0.00820	0.00197	0.00672	0.00577	0.00560	0.37535
26	0.01768	0.04598	0.07221	0.01343	0.01717	0.01354	0.01131	0.22548	0.02121	0.08086	0.02937	0.32537	0.04765	0.01501	0.00809	0.00254	0.00632	0.03111	0.00663	0.00904
27	0.00982	0.00741	0.00906	0.00865	0.01057	0.00666	0.00649	0.01280	0.01946	0.02651	0.52257	0.05865	0.24303	0.01585	0.00858	0.00233	0.00350	0.01376	0.00765	0.00666
28	0.00965	0.00741	0.00883	0.00847	0.01047	0.00659	0.00636	0.01248	0.01907	0.02557	0.46132	0.06019	0.30486	0.01620	0.00858	0.00235	0.00352	0.01397	0.00753	0.00659
29	0.01563	0.13541	0.53095	0.02162	0.07082	0.01867	0.06386	0.02282	0.01545	0.02225	0.01277	0.01525	0.00948	0.00674	0.00671	0.00220	0.01029	0.00543	0.00314	0.01053
30	0.01470	0.14972	0.48658	0.01752	0.02609	0.01725	0.02132	0.02134	0.01608	0.02302	0.12059	0.02091	0.01863	0.00805	0.00680	0.00218	0.00910	0.00636	0.00386	0.00990
31	0.00957	0.00688	0.00923	0.01085	0.01166	0.00654	0.00796	0.01139	0.01473	0.01941	0.04095	0.54685	0.07129	0.02192	0.00945	0.00303	0.00483	0.18060	0.00673	0.00611
32	0.01799	0.01727	0.02950	0.04462	0.69919	0.01727	0.02231	0.02231	0.01655	0.02375	0.01367	0.01799	0.01151	0.00648	0.00720	0.00216	0.00864	0.00648	0.00360	0.01151
33	0.04876	0.04707	0.02355	0.28297	0.03278	0.04526	0.14755	0.02022	0.05598	0.02107	0.01776	0.11193	0.01595	0.00952	0.00845	0.00244	0.05277	0.00854	0.03909	0.00835
34	0.01701	0.01821	0.03628	0.08812	0.20747	0.01821	0.40603	0.02224	0.01635	0.02261	0.01392	0.01890	0.01094	0.00679	0.00924	0.00243	0.06398	0.00771	0.00358	0.00997
35	0.01972	0.02086	0.02686	0.03626	0.47799	0.17899	0.04281	0.02347	0.01752	0.02223	0.01461	0.02071	0.01279	0.00751	0.00726	0.00217	0.00969	0.04428	0.00382	0.01045
36	0.01023	0.00743	0.00964	0.00909	0.01083	0.00683	0.00681	0.01361	0.02044	0.02883	0.67478	0.05482	0.08936	0.01498	0.00857	0.00229	0.00344	0.01322	0.00796	0.00683
37	0.02612	0.01566	0.03866	0.01583	0.05015	0.01545	0.01261	0.23241	0.04705	0.31453	0.09026	0.02442	0.02043	0.00958	0.00839	0.00229	0.04967	0.00754	0.00754	0.01143
38	0.01501	0.01292	0.01538	0.04307	0.01871	0.00998	0.00914	0.01832	0.01505	0.02346	0.01292	0.01527	0.01072	0.00547	0.00547	0.00114	0.00558	0.00440	0.00426	0.75376
39	0.01943	0.74891	0.03809	0.01244	0.01866	0.02876	0.01244	0.02177	0.01477	0.01710	0.01011	0.01166	0.00933	0.00622	0.00466	0.00155	0.00777	0.00389	0.00311	0.00933
40	0.00867	0.00705	0.00768	0.00818	0.01003	0.00607	0.00589	0.01034	0.01578	0.01932	0.06364	0.26934	0.50332	0.01971	0.00880	0.00260	0.00384	0.01693	0.00675	0.00607
41	0.01056	0.00709	0.00816	0.00816	0.00824	0.00717	0.00469	0.01072	0.01064	0.01426	0.02269	0.04641	0.02592	0.70241	0.07844	0.00733	0.00781	0.01040	0.00437	0.00453
42	0.01808	0.01561	0.01644	0.01479	0.01890	0.01808	0.01151	0.03863	0.68606	0.03041	0.02959	0.02712	0.02219	0.00986	0.00740	0.00247	0.00575	0.00822	0.00740	0.01151
43	0.01039	0.00776	0.01155	0.01155	0.01281	0.00902	0.00892	0.01290	0.01164	0.01678	0.01959	0.02921	0.01846	0.07836	0.69228	0.01152	0.01904	0.00788	0.00391	0.00642
44	0.02715	0.03464	0.02060	0.01873	0.02247	0.71536	0.01404	0.02903	0.02060	0.01779	0.01124	0.01311	0.00936	0.00749	0.00655	0.00187	0.01311	0.00468	0.00375	0.00843
45	0.00886	0.00633	0.00843	0.01012	0.01054	0.00590	0.00675	0.01012	0.01392	0.01856	0.04006	0.73979	0.04808	0.02277	0.00928	0.00295	0.00422	0.02066	0.00675	0.00590
46	0.01263	0.00631	0.00947	0.00947	0.00947	0.00631	0.00631	0.00947	0.00947	0.01263	0.01263	0.02210	0.01263	0.02525	0.02841	0.78851	0.00631	0.00631	0.00316	0.00316
47	0.00906	0.00722	0.00813	0.00825	0.01020	0.00628	0.00605	0.01121	0.01716	0.02187	0.22555	0.17205	0.43489	0.01820	0.00870	0.00249	0.00370	0.01563	0.00707	0.00628
48	0.02763	0.02036	0.02182	0.01672	0.02254	0.02254	0.01382	0.67496	0.03418	0.04581	0.01745	0.01745	0.01236	0.00873	0.00727	0.00218	0.00800	0.00654	0.00727	0.01236
49	0.02786	0.02000	0.02159	0.01656	0.02236	0.02201	0.01368	0.64633	0.03358	0.07529	0.01795	0.01778	0.01261	0.00874	0.00727	0.00218	0.00792	0.00658	0.00735	0.01236
50	0.01376	0.00803	0.00767	0.00769	0.00939	0.03853	0.00573	0.01693	0.01527	0.02580	0.02397	0.06876	0.01994	0.01099	0.03185	0.00215	0.00447	0.00754	0.67474	0.00679
51	0.03261	0.01237	0.01687	0.01293	0.01856	0.01068	0.01068	0.03543	0.02081	0.70423	0.02868	0.02474	0.01799	0.00900	0.00731	0.00225	0.00619	0.00731	0.00900	0.01237
52	0.03231	0.01286	0.01717	0.01316	0.01880	0.01141	0.01088	0.07447	0.02162	0.66403	0.02799	0.02430	0.01765	0.00898	0.00731	0.00225	0.00630	0.00726	0.00889	0.01237
53	0.02140	0.01344	0.01566	0.04398	0.01887	0.01418	0.01092	0.08289	0.29422	0.21928	0.03149	0.03107	0.07961	0.01045	0.00741	0.00236	0.00593	0.03105	0.05505	0.01074
54	0.00913	0.00644	0.00835	0.00977	0.01013	0.00609	0.00638	0.01019	0.01339	0.01785	0.03735	0.63019	0.04465	0.13705	0.01367	0.00360	0.00467	0.01907	0.00638	0.00567
55	0.02384	0.11210	0.02452	0.04982	0.16528	0.46387	0.01583	0.02639	0.01885	0.01899	0.01168	0.01420	0.00982	0.00712	0.00650	0.00192	0.01143	0.00503	0.00362	0.00917
56	0.00867	0.00737	0.00747	0.00744	0.00986	0.00617	0.00558	0.01058	0.01675	0.02006	0.10147	0.06925	0.66815	0.01825	0.00859	0.00245	0.00367	0.01524	0.00681	0.00617
57	0.01979	0.66721	0.06488	0.01324	0.01947	0.07811	0.01316	0.02235	0.01522	0.01740	0.01031	0.01192	0.00933	0.00634	0.00490	0.00161	0.00829	0.00401	0.00315	0.00932
58	0.12328	0.02935	0.42850	0.02232	0.05132	0.01718	0.18090	0.02283	0.01541	0.02443	0.01306	0.01597	0.00954	0.00668	0.00699	0.00233	0.01034	0.00599	0.00343	0.01014
59	0.01107	0.00748	0.00984	0.00947	0.01116	0.00688	0.00701	0.01413	0.01953	0.05792	0.56154	0.16150	0.06306	0.01585	0.00863	0.00239	0.00368	0.01407	0.00785	0.00696
60	0.01473	0.01473	0.04891	0.44349	0.16764	0.01589	0.05769	0.02007	0.03752	0.02067	0.01601	0.02483	0.01338	0.00827	0.00757	0.00245	0.00928	0.06417	0.00377	0.00892
61	0.01515	0.01461	0.02323	0.48039	0.10344	0.04530	0.07640	0.02056	0.05610	0.02005	0.01492	0.02163	0.01189	0.00832	0.00819	0.03027	0.00950	0.02780	0.00369	0.00855
62	0.00881	0.00736	0.00758	0.00753	0.00983	0.00623	0.00559	0.01071	0.01667	0.02021	0.12288	0.06781	0.61894	0.04590	0.00968	0.00262	0.00379	0.01498	0.00676	0.00613
63	0.00886	0.00633	0.00843	0.01012	0.01054	0.00590	0.00675	0.01012	0.01392	0.01856	0.04006	0.73979	0.04808	0.02277	0.00928	0.00295	0.00422	0.02066	0.00675	0.00590
64	0.01885	0.42293	0.19965	0.01638	0.04725	0.08502	0.01643	0.04980	0.01618	0.02007	0.01175	0.01385	0.00986	0.00854	0.03398	0.00222	0.00949	0.00469	0.00338	0.00969
65	0.01458	0.03760	0.70688	0.02072	0.03146	0.01688	0.02686	0.02302	0.01535	0.02302	0.01304	0.01535	0.00921	0.00691	0.00691	0.00230	0.01074	0.00537	0.00307	0.01074
66	0.01131	0.00824	0.01115	0.01261	0.01438	0.00808	0.01092	0.01446	0.01671	0.02148	0.04302	0.08044	0.12616	0.01987	0.00985	0.00323	0.00631	0.56846	0.00670	0.00662
67	0.02213	0.01824	0.02146	0.24470	0.05327	0.06076	0.01584	0.38032	0.02585	0.03373	0.01760	0.01978	0.03676	0.00847	0.00727	0.00225	0.00870	0.00673	0.00563	0.01050
68	0.01663	0.01615	0.02052	0.10872	0.02364	0.11437	0.10411	0.05900	0.01604	0.02153	0.01741	0.10230	0.01609	0.01342	0.05659	0.00306	0.16903	0.00825	0.10507	0.00808
69	0.16334	0.42553	0.05795	0.01320	0.01890	0.09087	0.01236	0.08469	0.01692	0.02333	0.02871	0.01364	0.01088	0.00693	0.00526	0.00182	0.00793	0.00453	0.00395	0.00926
70	0.05555	0.01479	0.01704	0.01349	0.01832	0.01500	0.01091	0.24120	0.03987	0.15060	0.03928	0.07296	0.01734	0.00942	0.00787	0.00206	0.05054	0.00734	0.03007	0.18638

[dist]
# distance from previous block
# <min> <max>
0	2

[block]
# block no. 4 follows, 28 sequences, length 35
# corresponding to MSA columns:
# 319-353
name=unknown_E
#
# <colnr> <probs for GDERKNQSTAVLIFYWHMCP>
#	G	D	E	R	K	N	Q	S	T	A	V	L	I	F	Y	W	H	M	C	P
0	0.35502	0.13343	0.01915	0.01311	0.01809	0.12987	0.01093	0.15784	0.01897	0.06553	0.01277	0.01383	0.00979	0.00731	0.00557	0.00207	0.00766	0.00476	0.00497	0.00935
1	0.05306	0.01428	0.01573	0.01357	0.03980	0.01538	0.01034	0.33189	0.02390	0.06932	0.01983	0.02351	0.01567	0.08299	0.03764	0.00292	0.00701	0.00698	0.20650	0.00970
2	0.13266	0.14678	0.02177	0.01582	0.02022	0.38399	0.01263	0.09093	0.04700	0.02303	0.01253	0.01418	0.01025	0.00888	0.02843	0.00224	0.01057	0.00488	0.00425	0.00896
3	0.01617	0.27138	0.48707	0.01800	0.02725	0.02079	0.02212	0.02261	0.01516	0.02108	0.01208	0.01414	0.00925	0.00668	0.00617	0.00206	0.00977	0.00488	0.00308	0.01028
4	0.26603	0.22620	0.02428	0.01435	0.01961	0.06223	0.07068	0.14474	0.01819	0.02810	0.01414	0.01572	0.03320	0.00752	0.00623	0.00207	0.02755	0.00533	0.00455	0.00928
5	0.01263	0.00631	0.00947	0.00947	0.00947	0.00631	0.00631	0.00947	0.00947	0.01263	0.01263	0.02210	0.01263	0.02525	0.02841	0.78851	0.00631	0.00631	0.00316	0.00316
6	0.01330	0.01135	0.05778	0.01425	0.06974	0.00954	0.03842	0.01664	0.01797	0.08567	0.27168	0.09442	0.18168	0.01429	0.00887	0.00245	0.02890	0.04847	0.00666	0.00791
7	0.01390	0.01310	0.02212	0.69910	0.07667	0.01620	0.02027	0.01873	0.01462	0.01878	0.01295	0.01932	0.00976	0.00724	0.00726	0.00241	0.00965	0.00646	0.00325	0.00822
