[name]
unknown

[dist]
# distance from previous block
# <min> <max>
0	7

[block]
# block no. 0 follows, 26 sequences, length 75
# corresponding to MSA columns:
# 7-81
name=unknown_A
#
# <colnr> <probs for GDERKNQSTAVLIFYWHMCP>
#	G	D	E	R	K	N	Q	S	T	A	V	L	I	F	Y	W	H	M	C	P
0	0.02462	0.15696	0.02316	0.01665	0.02101	0.37534	0.01340	0.11832	0.02170	0.02375	0.01562	0.02062	0.01353	0.00883	0.00674	0.00204	0.01059	0.05260	0.06524	0.00929
1	0.01157	0.06392	0.04004	0.01034	0.01280	0.00926	0.00844	0.01517	0.02048	0.02871	0.57567	0.08190	0.06344	0.01486	0.00860	0.00236	0.00427	0.01301	0.00770	0.00747
2	0.01637	0.14451	0.52310	0.02293	0.10004	0.01957	0.02521	0.02374	0.01605	0.02315	0.01321	0.01571	0.00988	0.00705	0.00688	0.00227	0.01050	0.00549	0.00327	0.01107
3	0.00896	0.00768	0.00768	0.00768	0.01025	0.00640	0.00576	0.01089	0.01729	0.02049	0.07684	0.07300	0.68304	0.01921	0.00896	0.00256	0.00384	0.01601	0.00704	0.00640
4	0.01573	0.01348	0.01573	0.01123	0.01798	0.01011	0.00899	0.01910	0.01573	0.02472	0.01348	0.01573	0.01123	0.00562	0.00562	0.00112	0.00562	0.00449	0.00449	0.77980
5	0.02257	0.06150	0.12828	0.02519	0.15882	0.35521	0.04545	0.02629	0.01891	0.02092	0.01466	0.01729	0.03191	0.00794	0.00771	0.00216	0.03561	0.00593	0.00382	0.00982
6	0.01318	0.00659	0.00988	0.00988	0.00988	0.00659	0.00659	0.00988	0.00988	0.01318	0.01318	0.02306	0.01318	0.02635	0.02964	0.77931	0.00659	0.00659	0.00329	0.00329
7	0.00923	0.00666	0.00874	0.01041	0.01096	0.00617	0.00697	0.01058	0.01467	0.01942	0.04364	0.69410	0.08336	0.02352	0.00964	0.00305	0.00437	0.02127	0.00704	0.00617
8	0.01894	0.02031	0.09366	0.04199	0.56012	0.01833	0.05151	0.05756	0.01817	0.02592	0.01446	0.01856	0.01181	0.00691	0.00755	0.00228	0.00935	0.00675	0.00391	0.01191
9	0.48232	0.07126	0.06699	0.03715	0.01841	0.01661	0.01100	0.02431	0.01496	0.14095	0.01547	0.04549	0.01205	0.00813	0.00571	0.00233	0.00664	0.00564	0.00531	0.00927
10	0.00938	0.00670	0.00896	0.01072	0.01122	0.00628	0.00728	0.01079	0.01466	0.01951	0.04173	0.69936	0.04987	0.02364	0.00972	0.00310	0.00452	0.04935	0.00704	0.00620
11	0.01573	0.01348	0.01573	0.01123	0.01798	0.01011	0.00899	0.01910	0.01573	0.02472	0.01348	0.01573	0.01123	0.00562	0.00562	0.00112	0.00562	0.00449	0.00449	0.77980
12	0.00938	0.00672	0.00901	0.01059	0.01113	0.00635	0.00716	0.01086	0.01473	0.01978	0.06931	0.66716	0.04971	0.02489	0.04087	0.00346	0.00508	0.02061	0.00697	0.00623
13	0.03403	0.01291	0.01760	0.01350	0.01936	0.01115	0.01115	0.03697	0.02171	0.69137	0.02992	0.02582	0.01878	0.00939	0.00763	0.00235	0.00645	0.00763	0.00939	0.01291
14	0.01573	0.01348	0.01573	0.01123	0.01798	0.01011	0.00899	0.01910	0.01573	0.02472	0.01348	0.01573	0.01123	0.00562	0.00562	0.00112	0.00562	0.00449	0.00449	0.77980
15	0.01424	0.03028	0.49175	0.01830	0.02683	0.01503	0.02205	0.02228	0.04618	0.02597	0.18315	0.02681	0.02585	0.00944	0.00767	0.00241	0.00905	0.00778	0.00470	0.01022
16	0.01103	0.00735	0.00827	0.00827	0.00827	0.00735	0.00460	0.01103	0.01103	0.01471	0.02390	0.04964	0.02758	0.73343	0.03861	0.00735	0.00735	0.01103	0.00460	0.00460
17	0.01394	0.01288	0.02132	0.58938	0.04557	0.01611	0.01929	0.01853	0.01461	0.01909	0.01427	0.02139	0.01132	0.01460	0.10396	0.00389	0.04128	0.00693	0.00346	0.00819
18	0.01573	0.01348	0.01573	0.01123	0.01798	0.01011	0.00899	0.01910	0.01573	0.02472	0.01348	0.01573	0.01123	0.00562	0.00562	0.00112	0.00562	0.00449	0.00449	0.77980
19	0.01887	0.01629	0.01715	0.01544	0.01972	0.01887	0.01201	0.04031	0.67241	0.03173	0.03087	0.02830	0.02315	0.01029	0.00772	0.00257	0.00600	0.00858	0.00772	0.01201
20	0.01996	0.67503	0.03831	0.01358	0.01951	0.02942	0.01329	0.02232	0.01508	0.01788	0.01049	0.01255	0.00975	0.00708	0.00661	0.00177	0.07021	0.00428	0.00325	0.00961
21	0.01887	0.01629	0.01715	0.01544	0.01972	0.01887	0.01201	0.04031	0.67241	0.03173	0.03087	0.02830	0.02315	0.01029	0.00772	0.00257	0.00600	0.00858	0.00772	0.01201
22	0.01521	0.03923	0.69413	0.02162	0.03283	0.01762	0.02802	0.02402	0.01601	0.02402	0.01361	0.01601	0.00961	0.00721	0.00721	0.00240	0.01121	0.00560	0.00320	0.01121
23	0.01103	0.00735	0.00827	0.00827	0.00827	0.00735	0.00460	0.01103	0.01103	0.01471	0.02390	0.04964	0.02758	0.73343	0.03861	0.00735	0.00735	0.01103	0.00460	0.00460
24	0.03381	0.01326	0.01782	0.01366	0.01954	0.01167	0.01129	0.06320	0.02230	0.66431	0.02943	0.02550	0.01853	0.00938	0.00763	0.00234	0.00653	0.00759	0.00931	0.01291
25	0.02028	0.73799	0.03975	0.01298	0.01947	0.03001	0.01298	0.02271	0.01541	0.01785	0.01055	0.01217	0.00973	0.00649	0.00487	0.00162	0.00811	0.00406	0.00324	0.00973
26	0.01573	0.01348	0.01573	0.01123	0.01798	0.01011	0.00899	0.01910	0.01573	0.02472	0.01348	0.01573	0.01123	0.00562	0.00562	0.00112	0.00562	0.00449	0.00449	0.77980
27	0.00896	0.00768	0.00768	0.00768	0.01025	0.00640	0.00576	0.01089	0.01729	0.02049	0.07684	0.07300	0.68304	0.01921	0.00896	0.00256	0.00384	0.01601	0.00704	0.00640
28	0.03403	0.01291	0.01760	0.01350	0.01936	0.01115	0.01115	0.03697	0.02171	0.69137	0.02992	0.02582	0.01878	0.00939	0.00763	0.00235	0.00645	0.00763	0.00939	0.01291
29	0.01084	0.00813	0.01219	0.01219	0.01354	0.00948	0.00948	0.01354	0.01219	0.01761	0.02032	0.02980	0.01896	0.05689	0.70337	0.01219	0.02032	0.00813	0.00406	0.00677
30	0.00896	0.00768	0.00768	0.00768	0.01025	0.00640	0.00576	0.01089	0.01729	0.02049	0.07684	0.07300	0.68304	0.01921	0.00896	0.00256	0.00384	0.01601	0.00704	0.00640
31	0.02883	0.02125	0.02276	0.01745	0.02352	0.02352	0.01442	0.66082	0.03566	0.04780	0.01821	0.01821	0.01290	0.00911	0.00759	0.00228	0.00835	0.00683	0.00759	0.01290
32	0.01858	0.01782	0.03043	0.07630	0.65792	0.01797	0.02318	0.02311	0.01718	0.02454	0.01423	0.01884	0.01193	0.00679	0.00751	0.00226	0.00906	0.00676	0.00374	0.01186
33	0.00896	0.00768	0.00768	0.00768	0.01025	0.00640	0.00576	0.01089	0.01729	0.02049	0.07684	0.07300	0.68304	0.01921	0.00896	0.00256	0.00384	0.01601	0.00704	0.00640
34	0.01521	0.03923	0.69413	0.02162	0.03283	0.01762	0.02802	0.02402	0.01601	0.02402	0.01361	0.01601	0.00961	0.00721	0.00721	0.00240	0.01121	0.00560	0.00320	0.01121
35	0.01877	0.01802	0.03079	0.04656	0.68612	0.01802	0.02328	0.02328	0.01727	0.02478	0.01427	0.01877	0.01201	0.00676	0.00751	0.00225	0.00901	0.00676	0.00375	0.01201
36	0.01569	0.03617	0.59319	0.02427	0.08082	0.01777	0.07892	0.02399	0.01626	0.02410	0.01380	0.01658	0.00994	0.00711	0.00737	0.00240	0.01118	0.00596	0.00329	0.01119
37	0.03403	0.01291	0.01760	0.01350	0.01936	0.01115	0.01115	0.03697	0.02171	0.69137	0.02992	0.02582	0.01878	0.00939	0.00763	0.00235	0.00645	0.00763	0.00939	0.01291
38	0.08156	0.02030	0.02154	0.01671	0.02260	0.02246	0.01377	0.56923	0.06032	0.06777	0.01860	0.01848	0.01320	0.00902	0.00739	0.00230	0.00801	0.00674	0.00745	0.01253
39	0.05793	0.01708	0.07673	0.01455	0.02069	0.06589	0.01279	0.03481	0.02089	0.55795	0.02641	0.02355	0.01691	0.00899	0.00743	0.00232	0.00741	0.00712	0.00826	0.01228
40	0.01101	0.00744	0.00870	0.00870	0.00885	0.00759	0.00513	0.01131	0.01116	0.01503	0.02350	0.04745	0.02663	0.65889	0.11185	0.00789	0.00878	0.01071	0.00454	0.00484
41	0.78701	0.01467	0.01115	0.00997	0.01467	0.01702	0.00821	0.02230	0.01291	0.03403	0.01056	0.01232	0.00821	0.00704	0.00469	0.00235	0.00587	0.00411	0.00469	0.00821
42	0.00896	0.00768	0.00768	0.00768	0.01025	0.00640	0.00576	0.01089	0.01729	0.02049	0.07684	0.07300	0.68304	0.01921	0.00896	0.00256	0.00384	0.01601	0.00704	0.00640
43	0.01414	0.00707	0.00707	0.00707	0.00884	0.00707	0.00530	0.01767	0.01591	0.02828	0.02474	0.02828	0.01944	0.00884	0.00530	0.00177	0.00353	0.00707	0.77554	0.00707
44	0.01853	0.01778	0.03036	0.08239	0.65215	0.01796	0.02316	0.02307	0.01716	0.02449	0.01423	0.01885	0.01191	0.00680	0.00751	0.00227	0.00907	0.00676	0.00373	0.01182
45	0.00954	0.00771	0.00848	0.00828	0.01060	0.00665	0.00621	0.01199	0.01864	0.02369	0.27205	0.06773	0.48582	0.01802	0.00896	0.00250	0.00376	0.01527	0.00746	0.00665
46	0.00920	0.00769	0.00801	0.00793	0.01039	0.00650	0.00595	0.01134	0.01784	0.02181	0.15722	0.07083	0.60183	0.01872	0.00896	0.00254	0.00381	0.01570	0.00722	0.00650
47	0.01573	0.01348	0.01573	0.01123	0.01798	0.01011	0.00899	0.01910	0.01573	0.02472	0.01348	0.01573	0.01123	0.00562	0.00562	0.00112	0.00562	0.00449	0.00449	0.77980
48	0.01573	0.01348	0.01573	0.01123	0.01798	0.01011	0.00899	0.01910	0.01573	0.02472	0.01348	0.01573	0.01123	0.00562	0.00562	0.00112	0.00562	0.00449	0.00449	0.77980
49	0.00941	0.00672	0.00870	0.01021	0.01070	0.00629	0.00674	0.01062	0.01430	0.01895	0.04163	0.63187	0.07661	0.09352	0.01250	0.00348	0.00467	0.02027	0.00680	0.00602
50	0.01573	0.01348	0.01573	0.01123	0.01798	0.01011	0.00899	0.01910	0.01573	0.02472	0.01348	0.01573	0.01123	0.00562	0.00562	0.00112	0.00562	0.00449	0.00449	0.77980
51	0.01811	0.01734	0.02958	0.14678	0.59111	0.01785	0.02295	0.02269	0.01696	0.02397	0.01415	0.01899	0.01173	0.00688	0.00752	0.00229	0.00918	0.00676	0.00370	0.01148
52	0.01573	0.01348	0.01573	0.01123	0.01798	0.01011	0.00899	0.01910	0.01573	0.02472	0.01348	0.01573	0.01123	0.00562	0.00562	0.00112	0.00562	0.00449	0.00449	0.77980
53	0.02883	0.02125	0.02276	0.01745	0.02352	0.02352	0.01442	0.66082	0.03566	0.04780	0.01821	0.01821	0.01290	0.00911	0.00759	0.00228	0.00835	0.00683	0.00759	0.01290
54	0.01877	0.01802	0.03079	0.04656	0.68612	0.01802	0.02328	0.02328	0.01727	0.02478	0.01427	0.01877	0.01201	0.00676	0.00751	0.00225	0.00901	0.00676	0.00375	0.01201
55	0.01755	0.01678	0.02858	0.23007	0.51215	0.01770	0.02267	0.02221	0.01669	0.02330	0.01405	0.01917	0.01149	0.00698	0.00753	0.00233	0.00931	0.00675	0.00365	0.01103
56	0.01085	0.00809	0.01198	0.01198	0.01326	0.00937	0.00922	0.01341	0.01213	0.01745	0.02051	0.03086	0.01942	0.09314	0.66775	0.01193	0.01962	0.00828	0.00409	0.00666
57	0.01074	0.00775	0.01014	0.00954	0.01133	0.00716	0.00716	0.01431	0.02147	0.03042	0.68211	0.05666	0.07157	0.01551	0.00895	0.00239	0.00358	0.01372	0.00835	0.00716
58	0.01060	0.00734	0.00851	0.00865	0.00913	0.00711	0.00530	0.01136	0.01323	0.01764	0.10939	0.13374	0.09173	0.50131	0.02905	0.00584	0.00625	0.01304	0.00555	0.00524
59	0.17661	0.01873	0.01783	0.01525	0.01872	0.13064	0.01222	0.16559	0.01967	0.06446	0.01540	0.01901	0.01258	0.03875	0.07541	0.00350	0.13999	0.00625	0.04007	0.00932
60	0.02833	0.03615	0.02149	0.01954	0.02345	0.70298	0.01466	0.03029	0.02149	0.01856	0.01172	0.01368	0.00977	0.00782	0.00684	0.00195	0.01368	0.00489	0.00391	0.00879
61	0.00924	0.00660	0.00880	0.01056	0.01100	0.00616	0.00704	0.01056	0.01452	0.01936	0.04181	0.72848	0.05017	0.02376	0.00968	0.00308	0.00440	0.02156	0.00704	0.00616
62	0.02833	0.03615	0.02149	0.01954	0.02345	0.70298	0.01466	0.03029	0.02149	0.01856	0.01172	0.01368	0.00977	0.00782	0.00684	0.00195	0.01368	0.00489	0.00391	0.00879
63	0.01838	0.01814	0.02778	0.16609	0.48984	0.06892	0.02173	0.02275	0.01721	0.02323	0.01508	0.02163	0.01290	0.00762	0.00760	0.00234	0.00947	0.03455	0.00384	0.01089
64	0.02883	0.02125	0.02276	0.01745	0.02352	0.02352	0.01442	0.66082	0.03566	0.04780	0.01821	0.01821	0.01290	0.00911	0.00759	0.00228	0.00835	0.00683	0.00759	0.01290
65	0.00924	0.00660	0.00880	0.01056	0.01100	0.00616	0.00704	0.01056	0.01452	0.01936	0.04181	0.72848	0.05017	0.02376	0.00968	0.00308	0.00440	0.02156	0.00704	0.00616
66	0.01990	0.01350	0.01563	0.01374	0.01713	0.01411	0.01058	0.29284	0.02454	0.09072	0.05775	0.33304	0.03230	0.01585	0.00857	0.00264	0.00624	0.01367	0.00754	0.00969
67	0.01770	0.01692	0.02884	0.20825	0.53283	0.01774	0.02274	0.02234	0.01676	0.02347	0.01408	0.01912	0.01155	0.00696	0.00753	0.00232	0.00928	0.00675	0.00366	0.01115
68	0.01597	0.00943	0.01049	0.07526	0.01475	0.01003	0.00792	0.09724	0.01828	0.02985	0.02287	0.02627	0.01775	0.00875	0.00580	0.00190	0.00475	0.00701	0.60777	0.00792
69	0.01652	0.01407	0.01646	0.04170	0.01982	0.01174	0.01000	0.04947	0.07277	0.02612	0.01518	0.01710	0.01228	0.00626	0.00597	0.00136	0.00596	0.00504	0.00486	0.64731
70	0.01618	0.17212	0.56969	0.01998	0.03029	0.01997	0.02516	0.02377	0.01590	0.02285	0.01303	0.01528	0.00963	0.00707	0.00676	0.00225	0.01062	0.00531	0.00321	0.01093
71	0.01026	0.00731	0.00937	0.01066	0.01131	0.00703	0.00715	0.03912	0.01515	0.02021	0.03922	0.63838	0.04657	0.08475	0.01210	0.00342	0.00483	0.02000	0.00685	0.00632
72	0.50816	0.04648	0.01449	0.01167	0.01632	0.06836	0.00954	0.07507	0.01695	0.08497	0.07214	0.01788	0.01521	0.00818	0.00570	0.00228	0.00659	0.00551	0.00550	0.00898
73	0.02297	0.07308	0.02074	0.04665	0.02163	0.04707	0.01273	0.37266	0.04941	0.03618	0.02045	0.10535	0.01754	0.01033	0.00734	0.00222	0.00759	0.00823	0.04689	0.07095
74	0.08997	0.53961	0.03317	0.01304	0.01906	0.04938	0.01233	0.05049	0.01693	0.07168	0.03562	0.01505	0.01255	0.00722	0.00538	0.00181	0.00783	0.00481	0.00422	0.00985

[dist]
# distance from previous block
# <min> <max>
0	26

[block]
# block no. 1 follows, 26 sequences, length 14
# corresponding to MSA columns:
# 109-122
name=unknown_B
#
# <colnr> <probs for GDERKNQSTAVLIFYWHMCP>
#	G	D	E	R	K	N	Q	S	T	A	V	L	I	F	Y	W	H	M	C	P
0	0.14560	0.13415	0.02005	0.04735	0.01944	0.04495	0.01133	0.15655	0.02128	0.14179	0.12372	0.02515	0.02246	0.04472	0.00839	0.00246	0.00708	0.00730	0.00633	0.00992
1	0.01724	0.01381	0.02279	0.56661	0.10348	0.01622	0.01999	0.02198	0.01619	0.10613	0.01566	0.02081	0.01139	0.00774	0.00758	0.00248	0.00955	0.00686	0.00418	0.00932
2	0.03168	0.01298	0.01736	0.01321	0.01918	0.01102	0.01087	0.03467	0.02094	0.60577	0.02781	0.02452	0.01781	0.00890	0.00737	0.00219	0.00635	0.00723	0.00876	0.11137
3	0.01074	0.00775	0.01014	0.00954	0.01133	0.00716	0.00716	0.01431	0.02147	0.03042	0.68211	0.05666	0.07157	0.01551	0.00895	0.00239	0.00358	0.01372	0.00835	0.00716
4	0.01103	0.00735	0.00827	0.00827	0.00827	0.00735	0.00460	0.01103	0.01103	0.01471	0.02390	0.04964	0.02758	0.73343	0.03861	0.00735	0.00735	0.01103	0.00460	0.00460
5	0.01887	0.01629	0.01715	0.01544	0.01972	0.01887	0.01201	0.04031	0.67241	0.03173	0.03087	0.02830	0.02315	0.01029	0.00772	0.00257	0.00600	0.00858	0.00772	0.01201
6	0.01887	0.01629	0.01715	0.01544	0.01972	0.01887	0.01201	0.04031	0.67241	0.03173	0.03087	0.02830	0.02315	0.01029	0.00772	0.00257	0.00600	0.00858	0.00772	0.01201
7	0.01432	0.01348	0.02275	0.71520	0.05224	0.01685	0.02107	0.01938	0.01517	0.01938	0.01348	0.02022	0.01011	0.00758	0.00758	0.00253	0.01011	0.00674	0.00337	0.00843
8	0.01706	0.01798	0.03097	0.02425	0.02700	0.02178	0.24730	0.02043	0.01388	0.02043	0.01189	0.01798	0.01051	0.01080	0.01916	0.00305	0.46556	0.00747	0.00350	0.00899
9	0.01790	0.02046	0.04476	0.03197	0.03964	0.01918	0.65857	0.02430	0.01790	0.02430	0.01535	0.02046	0.01151	0.00639	0.00895	0.00256	0.01279	0.00895	0.00384	0.01023
10	0.01521	0.03923	0.69413	0.02162	0.03283	0.01762	0.02802	0.02402	0.01601	0.02402	0.01361	0.01601	0.00961	0.00721	0.00721	0.00240	0.01121	0.00560	0.00320	0.01121
11	0.00934	0.00668	0.00889	0.01049	0.01102	0.00623	0.00705	0.01081	0.01499	0.02011	0.08484	0.68333	0.05161	0.02321	0.00963	0.00303	0.00435	0.02104	0.00713	0.00623
12	0.78701	0.01467	0.01115	0.00997	0.01467	0.01702	0.00821	0.02230	0.01291	0.03403	0.01056	0.01232	0.00821	0.00704	0.00469	0.00235	0.00587	0.00411	0.00469	0.00821
13	0.01729	0.01900	0.03830	0.09639	0.03693	0.01976	0.46779	0.02261	0.01638	0.02261	0.01409	0.01966	0.01106	0.00789	0.01201	0.00271	0.15390	0.00827	0.00369	0.00967

[dist]
# distance from previous block
# <min> <max>
7	16

[block]
# block no. 2 follows, 26 sequences, length 85
# corresponding to MSA columns:
# 141-225
name=unknown_C
#
# <colnr> <probs for GDERKNQSTAVLIFYWHMCP>
#	G	D	E	R	K	N	Q	S	T	A	V	L	I	F	Y	W	H	M	C	P
0	0.04727	0.01308	0.01558	0.10525	0.02074	0.01359	0.01089	0.18864	0.02023	0.04860	0.02252	0.15537	0.02158	0.10575	0.01148	0.00292	0.00684	0.00970	0.05658	0.12339
1	0.52693	0.01488	0.01310	0.01111	0.01595	0.01645	0.00906	0.10328	0.03907	0.03440	0.03779	0.01623	0.01240	0.00765	0.00544	0.00220	0.00599	0.00512	0.03585	0.08711
2	0.12065	0.03823	0.01350	0.01081	0.01442	0.01049	0.00864	0.02227	0.01995	0.22713	0.33982	0.04077	0.07843	0.01242	0.00783	0.00235	0.00493	0.01038	0.00791	0.00907
3	0.01700	0.01673	0.02754	0.02162	0.02508	0.04968	0.23667	0.02076	0.01639	0.05023	0.12801	0.02574	0.02186	0.01324	0.05212	0.00328	0.25181	0.00869	0.00468	0.00890
4	0.01877	0.01802	0.03079	0.04656	0.68612	0.01802	0.02328	0.02328	0.01727	0.02478	0.01427	0.01877	0.01201	0.00676	0.00751	0.00225	0.00901	0.00676	0.00375	0.01201
5	0.01790	0.02046	0.04476	0.03197	0.03964	0.01918	0.65857	0.02430	0.01790	0.02430	0.01535	0.02046	0.01151	0.00639	0.00895	0.00256	0.01279	0.00895	0.00384	0.01023
6	0.01074	0.00775	0.01014	0.00954	0.01133	0.00716	0.00716	0.01431	0.02147	0.03042	0.68211	0.05666	0.07157	0.01551	0.00895	0.00239	0.00358	0.01372	0.00835	0.00716
7	0.01318	0.00659	0.00988	0.00988	0.00988	0.00659	0.00659	0.00988	0.00988	0.01318	0.01318	0.02306	0.01318	0.02635	0.02964	0.77931	0.00659	0.00659	0.00329	0.00329
8	0.01790	0.02046	0.04476	0.03197	0.03964	0.01918	0.65857	0.02430	0.01790	0.02430	0.01535	0.02046	0.01151	0.00639	0.00895	0.00256	0.01279	0.00895	0.00384	0.01023
9	0.02883	0.02125	0.02276	0.01745	0.02352	0.02352	0.01442	0.66082	0.03566	0.04780	0.01821	0.01821	0.01290	0.00911	0.00759	0.00228	0.00835	0.00683	0.00759	0.01290
10	0.78701	0.01467	0.01115	0.00997	0.01467	0.01702	0.00821	0.02230	0.01291	0.03403	0.01056	0.01232	0.00821	0.00704	0.00469	0.00235	0.00587	0.00411	0.00469	0.00821
11	0.14731	0.03239	0.48579	0.02109	0.03069	0.01773	0.11376	0.02377	0.01575	0.02577	0.01334	0.01601	0.00964	0.00706	0.00702	0.00241	0.01052	0.00582	0.00355	0.01056
12	0.01010	0.00761	0.00937	0.00939	0.01120	0.00688	0.00700	0.01289	0.01912	0.02572	0.39209	0.15970	0.23547	0.01798	0.00913	0.00259	0.00393	0.04528	0.00774	0.00680
13	0.01084	0.00813	0.01219	0.01219	0.01354	0.00948	0.00948	0.01354	0.01219	0.01761	0.02032	0.02980	0.01896	0.05689	0.70337	0.01219	0.02032	0.00813	0.00406	0.00677
14	0.01887	0.01629	0.01715	0.01544	0.01972	0.01887	0.01201	0.04031	0.67241	0.03173	0.03087	0.02830	0.02315	0.01029	0.00772	0.00257	0.00600	0.00858	0.00772	0.01201
15	0.00923	0.00665	0.00875	0.01043	0.01097	0.00617	0.00698	0.01058	0.01465	0.01941	0.04337	0.69922	0.07842	0.02356	0.00965	0.00306	0.00438	0.02132	0.00704	0.00617
16	0.01609	0.15989	0.58114	0.02013	0.03052	0.01976	0.02543	0.02380	0.01591	0.02295	0.01308	0.01535	0.00963	0.00708	0.00680	0.00227	0.01067	0.00534	0.00321	0.01096
17	0.01778	0.02130	0.07375	0.03151	0.03934	0.01911	0.63042	0.02428	0.01782	0.02428	0.01527	0.02026	0.01142	0.00643	0.00887	0.00255	0.01272	0.00880	0.00381	0.01027
18	0.01103	0.00735	0.00827	0.00827	0.00827	0.00735	0.00460	0.01103	0.01103	0.01471	0.02390	0.04964	0.02758	0.73343	0.03861	0.00735	0.00735	0.01103	0.00460	0.00460
19	0.01521	0.03923	0.69413	0.02162	0.03283	0.01762	0.02802	0.02402	0.01601	0.02402	0.01361	0.01601	0.00961	0.00721	0.00721	0.00240	0.01121	0.00560	0.00320	0.01121
20	0.02826	0.01856	0.02066	0.01624	0.02195	0.02000	0.01328	0.41688	0.14222	0.18649	0.02297	0.02162	0.01596	0.00937	0.00762	0.00234	0.00753	0.00731	0.00801	0.01275
21	0.01877	0.01802	0.03079	0.04656	0.68612	0.01802	0.02328	0.02328	0.01727	0.02478	0.01427	0.01877	0.01201	0.00676	0.00751	0.00225	0.00901	0.00676	0.00375	0.01201
22	0.02933	0.02045	0.02227	0.01707	0.02312	0.02234	0.01410	0.60098	0.03432	0.10954	0.01933	0.01894	0.01346	0.00913	0.00759	0.00228	0.00817	0.00691	0.00776	0.01290
23	0.01785	0.01708	0.02912	0.18556	0.55434	0.01778	0.02282	0.02247	0.01683	0.02366	0.01410	0.01907	0.01162	0.00693	0.00752	0.00231	0.00924	0.00675	0.00367	0.01127
24	0.06816	0.01944	0.01788	0.01517	0.01987	0.17497	0.01195	0.07652	0.17875	0.24966	0.06980	0.02449	0.02046	0.00952	0.00740	0.00231	0.00792	0.00740	0.00726	0.01107
25	0.01103	0.00735	0.00827	0.00827	0.00827	0.00735	0.00460	0.01103	0.01103	0.01471	0.02390	0.04964	0.02758	0.73343	0.03861	0.00735	0.00735	0.01103	0.00460	0.00460
26	0.06594	0.01257	0.01661	0.01329	0.01834	0.01173	0.01088	0.06172	0.02032	0.51447	0.02680	0.02549	0.01802	0.01737	0.12623	0.00402	0.00888	0.00751	0.00817	0.01164
27	0.01554	0.01472	0.02495	0.53243	0.22551	0.01717	0.02167	0.02045	0.01574	0.02086	0.01370	0.01983	0.01063	0.00736	0.00756	0.00245	0.00981	0.00675	0.00348	0.00941
28	0.02744	0.02168	0.02191	0.01733	0.02300	0.07325	0.01411	0.52981	0.12110	0.04345	0.01945	0.01925	0.01406	0.00917	0.00755	0.00229	0.00842	0.00692	0.00733	0.01247
29	0.01378	0.01369	0.02611	0.02046	0.02457	0.01311	0.30658	0.01784	0.01724	0.02340	0.13131	0.21569	0.08106	0.01366	0.00989	0.00270	0.04158	0.01343	0.00560	0.00830
30	0.00942	0.00667	0.00875	0.01034	0.01074	0.00628	0.00680	0.01061	0.01418	0.01891	0.04006	0.66235	0.04797	0.09289	0.01250	0.00350	0.00469	0.02054	0.00680	0.00601
31	0.70188	0.01541	0.01245	0.01081	0.01566	0.01775	0.00891	0.09399	0.01546	0.03558	0.01142	0.01298	0.00874	0.00727	0.00502	0.00234	0.00615	0.00441	0.00502	0.00874
32	0.04013	0.01127	0.01319	0.01309	0.01584	0.01191	0.01062	0.06510	0.17932	0.02734	0.10611	0.11027	0.10105	0.01654	0.00904	0.00291	0.00594	0.24449	0.00728	0.00856
33	0.01037	0.00795	0.00944	0.00918	0.01115	0.00729	0.00678	0.01379	0.04322	0.02594	0.39560	0.10488	0.26492	0.04351	0.01005	0.00268	0.00395	0.01469	0.00768	0.00693
34	0.01859	0.01783	0.03046	0.07420	0.65991	0.01797	0.02319	0.02312	0.01718	0.02456	0.01423	0.01883	0.01194	0.00679	0.00751	0.00226	0.00906	0.00676	0.00374	0.01187
35	0.01697	0.21008	0.46359	0.01880	0.02800	0.05759	0.02260	0.02358	0.01642	0.02250	0.04431	0.01686	0.01257	0.00745	0.00669	0.00218	0.01022	0.00557	0.00349	0.01052
36	0.01157	0.00813	0.01008	0.00941	0.01168	0.00724	0.00709	0.01465	0.02009	0.05929	0.46907	0.08326	0.20245	0.01603	0.00880	0.00241	0.00387	0.01393	0.00793	0.03300
37	0.02855	0.02112	0.02226	0.01727	0.02318	0.04256	0.01418	0.58926	0.06478	0.07092	0.01907	0.01885	0.01352	0.00913	0.00757	0.00228	0.00832	0.00689	0.00756	0.01274
38	0.01673	0.01345	0.01583	0.01136	0.01805	0.01017	0.00911	0.02007	0.01606	0.06110	0.01438	0.01628	0.01165	0.00582	0.00573	0.00119	0.00566	0.00466	0.00476	0.73794
39	0.01004	0.00847	0.04182	0.01059	0.01172	0.00705	0.00772	0.01191	0.01529	0.02081	0.14720	0.48371	0.04868	0.12186	0.01353	0.00353	0.00500	0.01797	0.00673	0.00635
40	0.01202	0.00843	0.01118	0.01054	0.01223	0.00827	0.00795	0.01514	0.01993	0.05913	0.52369	0.14031	0.06224	0.01615	0.01003	0.00254	0.05096	0.01399	0.00790	0.00737
41	0.00978	0.00772	0.00881	0.00854	0.01074	0.00675	0.00640	0.01246	0.01921	0.02504	0.35419	0.06551	0.40285	0.01751	0.00896	0.00248	0.00372	0.01496	0.00764	0.00675
42	0.01521	0.03923	0.69413	0.02162	0.03283	0.01762	0.02802	0.02402	0.01601	0.02402	0.01361	0.01601	0.00961	0.00721	0.00721	0.00240	0.01121	0.00560	0.00320	0.01121
43	0.03125	0.01533	0.04078	0.01453	0.02046	0.01391	0.01227	0.12957	0.08308	0.51326	0.02773	0.02459	0.01800	0.00936	0.00762	0.00236	0.00685	0.00753	0.00876	0.01277
44	0.01054	0.00753	0.01029	0.01205	0.01305	0.00728	0.00930	0.01281	0.01580	0.02082	0.04109	0.44843	0.04733	0.02254	0.01003	0.00326	0.00553	0.28879	0.00702	0.00652
45	0.01103	0.00735	0.00827	0.00827	0.00827	0.00735	0.00460	0.01103	0.01103	0.01471	0.02390	0.04964	0.02758	0.73343	0.03861	0.00735	0.00735	0.01103	0.00460	0.00460
46	0.01318	0.00659	0.00988	0.00988	0.00988	0.00659	0.00659	0.00988	0.00988	0.01318	0.01318	0.02306	0.01318	0.02635	0.02964	0.77931	0.00659	0.00659	0.00329	0.00329
47	0.01856	0.01796	0.03115	0.07152	0.63078	0.01803	0.05366	0.02318	0.01722	0.02455	0.01429	0.01891	0.01192	0.00677	0.00758	0.00228	0.00923	0.00686	0.00374	0.01179
48	0.02858	0.01275	0.01690	0.04468	0.01998	0.01191	0.01126	0.03396	0.10453	0.50375	0.07277	0.05878	0.02381	0.01046	0.00781	0.00242	0.00628	0.00872	0.00873	0.01192
49	0.03299	0.01314	0.01757	0.01363	0.01939	0.01168	0.01121	0.03719	0.06624	0.64623	0.02999	0.02599	0.01908	0.00945	0.00763	0.00236	0.00642	0.00769	0.00927	0.01285
50	0.02205	0.01594	0.01743	0.01441	0.01839	0.01729	0.01125	0.41992	0.02739	0.03701	0.02364	0.15304	0.02210	0.11414	0.01225	0.00312	0.00726	0.01013	0.04304	0.01022
51	0.01615	0.15571	0.56224	0.02052	0.03082	0.01975	0.04706	0.02381	0.01598	0.02300	0.01316	0.01552	0.00969	0.00706	0.00687	0.00228	0.01074	0.00546	0.00323	0.01093
52	0.01847	0.05096	0.05958	0.04137	0.56276	0.01905	0.02238	0.02280	0.01658	0.02380	0.01365	0.01814	0.01161	0.00740	0.00907	0.00234	0.07828	0.00658	0.00367	0.01152
53	0.01684	0.01372	0.01603	0.01152	0.01821	0.01059	0.00925	0.04105	0.01661	0.05000	0.01424	0.01618	0.01157	0.00587	0.00576	0.00121	0.00574	0.00469	0.00478	0.72614
54	0.00915	0.00773	0.00794	0.00798	0.01049	0.00652	0.00606	0.01118	0.01743	0.02089	0.09485	0.07296	0.63888	0.01916	0.00902	0.00259	0.00395	0.03970	0.00708	0.00645
55	0.01179	0.00960	0.01322	0.01294	0.01429	0.03303	0.01012	0.01440	0.01246	0.01768	0.01935	0.02840	0.01807	0.05241	0.63593	0.01127	0.06617	0.00792	0.00401	0.00694
56	0.01028	0.00774	0.00950	0.00906	0.01105	0.00696	0.00680	0.01343	0.02039	0.02785	0.52543	0.06089	0.22985	0.01647	0.00895	0.00243	0.00365	0.01431	0.00801	0.00696
57	0.01521	0.03923	0.69413	0.02162	0.03283	0.01762	0.02802	0.02402	0.01601	0.02402	0.01361	0.01601	0.00961	0.00721	0.00721	0.00240	0.01121	0.00560	0.00320	0.01121
58	0.01084	0.00813	0.01219	0.01219	0.01354	0.00948	0.00948	0.01354	0.01219	0.01761	0.02032	0.02980	0.01896	0.05689	0.70337	0.01219	0.02032	0.00813	0.00406	0.00677
59	0.03403	0.01291	0.01760	0.01350	0.01936	0.01115	0.01115	0.03697	0.02171	0.69137	0.02992	0.02582	0.01878	0.00939	0.00763	0.00235	0.00645	0.00763	0.00939	0.01291
60	0.02833	0.03615	0.02149	0.01954	0.02345	0.70298	0.01466	0.03029	0.02149	0.01856	0.01172	0.01368	0.00977	0.00782	0.00684	0.00195	0.01368	0.00489	0.00391	0.00879
61	0.02028	0.73799	0.03975	0.01298	0.01947	0.03001	0.01298	0.02271	0.01541	0.01785	0.01055	0.01217	0.00973	0.00649	0.00487	0.00162	0.00811	0.00406	0.00324	0.00973
62	0.01074	0.00775	0.01014	0.00954	0.01133	0.00716	0.00716	0.01431	0.02147	0.03042	0.68211	0.05666	0.07157	0.01551	0.00895	0.00239	0.00358	0.01372	0.00835	0.00716
63	0.01573	0.01348	0.01573	0.01123	0.01798	0.01011	0.00899	0.01910	0.01573	0.02472	0.01348	0.01573	0.01123	0.00562	0.00562	0.00112	0.00562	0.00449	0.00449	0.77980
64	0.78701	0.01467	0.01115	0.00997	0.01467	0.01702	0.00821	0.02230	0.01291	0.03403	0.01056	0.01232	0.00821	0.00704	0.00469	0.00235	0.00587	0.00411	0.00469	0.00821
65	0.02883	0.02125	0.02276	0.01745	0.02352	0.02352	0.01442	0.66082	0.03566	0.04780	0.01821	0.01821	0.01290	0.00911	0.00759	0.00228	0.00835	0.00683	0.00759	0.01290
66	0.30623	0.01354	0.01527	0.01222	0.01767	0.01327	0.01009	0.03166	0.01853	0.45374	0.02292	0.02094	0.01496	0.00854	0.00657	0.00235	0.00624	0.00636	0.00769	0.01121
67	0.01103	0.00735	0.00827	0.00827	0.00827	0.00735	0.00460	0.01103	0.01103	0.01471	0.02390	0.04964	0.02758	0.73343	0.03861	0.00735	0.00735	0.01103	0.00460	0.00460
68	0.64112	0.01810	0.10910	0.01181	0.01749	0.01682	0.01119	0.02324	0.01377	0.06363	0.01191	0.01349	0.00891	0.00718	0.00519	0.00235	0.00666	0.00449	0.00470	0.00886
69	0.01521	0.03923	0.69413	0.02162	0.03283	0.01762	0.02802	0.02402	0.01601	0.02402	0.01361	0.01601	0.00961	0.00721	0.00721	0.00240	0.01121	0.00560	0.00320	0.01121
70	0.01654	0.01410	0.01731	0.01254	0.01901	0.01135	0.04034	0.06295	0.01701	0.02588	0.01431	0.01747	0.01201	0.03476	0.00722	0.00152	0.00622	0.00513	0.00468	0.65966
71	0.01572	0.10617	0.50114	0.02188	0.07472	0.01814	0.04950	0.02307	0.01655	0.02396	0.06691	0.01924	0.01482	0.00773	0.00720	0.00232	0.01019	0.00631	0.00368	0.01075
72	0.65412	0.07150	0.07983	0.01134	0.01680	0.01805	0.01050	0.02250	0.01340	0.03184	0.01086	0.01267	0.00846	0.00702	0.00495	0.00230	0.00656	0.00425	0.00444	0.00862
73	0.01824	0.01849	0.02800	0.05604	0.04964	0.08431	0.23421	0.08608	0.01848	0.02457	0.04486	0.10420	0.01823	0.01046	0.01114	0.00258	0.13108	0.00925	0.00471	0.04545
74	0.01364	0.00940	0.01010	0.00968	0.01055	0.03580	0.00612	0.04373	0.01388	0.05433	0.04927	0.10581	0.02932	0.54195	0.03055	0.00607	0.00720	0.01144	0.00533	0.00584
75	0.05185	0.01455	0.02182	0.36408	0.06025	0.04632	0.07112	0.01969	0.01503	0.02113	0.01485	0.02150	0.01216	0.04017	0.03814	0.00308	0.09013	0.00698	0.07880	0.00835
76	0.01309	0.01156	0.01565	0.08240	0.01878	0.04331	0.01204	0.01561	0.01283	0.01793	0.01823	0.05884	0.01758	0.06409	0.40535	0.00833	0.16488	0.00827	0.00399	0.00723
77	0.01609	0.01085	0.01201	0.01077	0.01277	0.01142	0.00753	0.11399	0.10256	0.05589	0.05516	0.03925	0.02565	0.39156	0.02380	0.00495	0.00673	0.00966	0.08179	0.00756
78	0.01696	0.01722	0.02366	0.26595	0.09642	0.07514	0.01866	0.02011	0.01420	0.01931	0.01175	0.01784	0.01020	0.01021	0.01569	0.00283	0.34516	0.00654	0.00343	0.00874
79	0.03956	0.01537	0.02531	0.49051	0.04471	0.04381	0.12819	0.02126	0.01620	0.05239	0.01675	0.02197	0.03548	0.00789	0.00775	0.00250	0.01018	0.00735	0.00393	0.00888
80	0.01544	0.01501	0.02204	0.54326	0.04429	0.05424	0.01912	0.01984	0.01523	0.01975	0.01305	0.01909	0.01019	0.00794	0.00898	0.00243	0.07659	0.00641	0.00350	0.08358
81	0.01607	0.01490	0.02477	0.42675	0.21330	0.01688	0.04561	0.05500	0.01690	0.02254	0.01596	0.06821	0.01356	0.00851	0.00776	0.00248	0.00944	0.00785	0.00397	0.00953
82	0.01569	0.01569	0.02263	0.64743	0.04944	0.08369	0.02044	0.02044	0.01578	0.01930	0.01331	0.01958	0.01008	0.00761	0.00751	0.00247	0.01046	0.00656	0.00342	0.00846
83	0.01680	0.01497	0.02510	0.39405	0.29239	0.01666	0.02106	0.02147	0.01637	0.05112	0.01579	0.02305	0.01283	0.00799	0.00770	0.00246	0.00938	0.03692	0.00396	0.00993
84	0.14775	0.01445	0.02229	0.41368	0.13466	0.01659	0.04677	0.02127	0.01570	0.05275	0.03535	0.02009	0.01248	0.00765	0.00719	0.00245	0.00898	0.00666	0.00410	0.00915

[dist]
# distance from previous block
# <min> <max>
25	63

[block]
# block no. 3 follows, 26 sequences, length 7
# corresponding to MSA columns:
# 291-297
name=unknown_D
#
# <colnr> <probs for GDERKNQSTAVLIFYWHMCP>
#	G	D	E	R	K	N	Q	S	T	A	V	L	I	F	Y	W	H	M	C	P
0	0.02142	0.01816	0.06420	0.14263	0.03009	0.01816	0.12925	0.22625	0.02267	0.10263	0.01968	0.08931	0.01609	0.00997	0.00908	0.00253	0.05285	0.00864	0.00580	0.01059
1	0.02188	0.01759	0.02113	0.09665	0.13640	0.05977	0.01500	0.21802	0.07930	0.07210	0.01933	0.05181	0.01537	0.00907	0.00781	0.00226	0.02698	0.00738	0.05354	0.06859
2	0.02213	0.08821	0.02417	0.01799	0.04978	0.01973	0.09453	0.32347	0.05699	0.03398	0.01880	0.02372	0.01547	0.11639	0.01198	0.00299	0.00836	0.00755	0.05320	0.01057
3	0.06536	0.01606	0.02498	0.35042	0.27927	0.01802	0.02036	0.09077	0.01803	0.02536	0.01410	0.01898	0.01100	0.00741	0.00738	0.00239	0.00925	0.00659	0.00405	0.01022
4	0.06434	0.01855	0.06517	0.26452	0.08128	0.10996	0.05426	0.02140	0.01698	0.02306	0.07890	0.02136	0.01634	0.00791	0.00719	0.00218	0.00916	0.00672	0.00423	0.12650
5	0.01963	0.01838	0.09720	0.05984	0.33587	0.01622	0.01944	0.09359	0.01971	0.09245	0.04761	0.02927	0.01898	0.00954	0.00794	0.00246	0.00848	0.08702	0.00526	0.01112
6	0.12053	0.16081	0.02439	0.16039	0.02754	0.13196	0.01476	0.22103	0.02230	0.02963	0.01372	0.01597	0.01061	0.00781	0.00657	0.00216	0.00921	0.00561	0.00491	0.01010

[dist]
# distance from previous block
# <min> <max>
0	2

[block]
# block no. 4 follows, 26 sequences, length 105
# corresponding to MSA columns:
# 300-404
name=unknown_E
#
# <colnr> <probs for GDERKNQSTAVLIFYWHMCP>
#	G	D	E	R	K	N	Q	S	T	A	V	L	I	F	Y	W	H	M	C	P
0	0.15219	0.01626	0.01547	0.01308	0.01759	0.10858	0.01040	0.08648	0.06443	0.23392	0.08018	0.03069	0.11785	0.01074	0.00733	0.00234	0.00690	0.00836	0.00714	0.01009
1	0.07423	0.01715	0.01687	0.01410	0.01811	0.10709	0.01125	0.21119	0.02392	0.12448	0.14365	0.02810	0.04767	0.01059	0.00839	0.00229	0.04784	0.00810	0.07502	0.00997
2	0.12196	0.18340	0.02186	0.01437	0.01900	0.23330	0.01178	0.06273	0.06969	0.06879	0.01869	0.01952	0.04571	0.00844	0.00626	0.00204	0.00871	0.00591	0.06839	0.00943
3	0.04955	0.29692	0.32769	0.01743	0.02566	0.09531	0.01961	0.02460	0.01646	0.04539	0.01273	0.01454	0.00995	0.00708	0.00621	0.00206	0.00994	0.00497	0.00357	0.01035
4	0.01255	0.01087	0.05121	0.01374	0.01640	0.00945	0.01227	0.01689	0.04269	0.02335	0.06547	0.09822	0.06573	0.01869	0.00975	0.00316	0.00674	0.46467	0.00672	0.05144
5	0.01551	0.03718	0.62291	0.02275	0.03358	0.01779	0.09718	0.02405	0.01622	0.02405	0.01380	0.01650	0.00982	0.00712	0.00740	0.00242	0.01138	0.00597	0.00327	0.01110
6	0.74281	0.01423	0.01092	0.00981	0.01434	0.01645	0.00805	0.02203	0.01308	0.03370	0.01137	0.01323	0.00886	0.00714	0.00473	0.00231	0.00573	0.00428	0.04878	0.00815
7	0.02082	0.01726	0.01825	0.01583	0.02047	0.01978	0.01248	0.16170	0.54784	0.03487	0.02840	0.02633	0.02115	0.01006	0.00769	0.00251	0.00646	0.00823	0.00769	0.01218
8	0.03332	0.01404	0.01830	0.01403	0.01993	0.01283	0.01159	0.12181	0.02361	0.60384	0.02833	0.02478	0.01798	0.00935	0.00762	0.00234	0.00671	0.00752	0.00914	0.01291
9	0.78701	0.01467	0.01115	0.00997	0.01467	0.01702	0.00821	0.02230	0.01291	0.03403	0.01056	0.01232	0.00821	0.00704	0.00469	0.00235	0.00587	0.00411	0.00469	0.00821
10	0.01345	0.00738	0.01188	0.01114	0.01158	0.00731	0.04387	0.01071	0.01034	0.01381	0.01330	0.02291	0.01308	0.02521	0.02846	0.73489	0.00694	0.00672	0.00332	0.00369
11	0.01844	0.01786	0.02893	0.10337	0.57710	0.04200	0.02229	0.02285	0.01724	0.02399	0.01524	0.02163	0.01314	0.00749	0.00762	0.00232	0.00919	0.03407	0.00387	0.01136
12	0.00924	0.00660	0.00880	0.01056	0.01100	0.00616	0.00704	0.01056	0.01452	0.01936	0.04181	0.72848	0.05017	0.02376	0.00968	0.00308	0.00440	0.02156	0.00704	0.00616
13	0.02937	0.02039	0.02223	0.01705	0.02310	0.02225	0.01408	0.59675	0.03423	0.11390	0.01941	0.01899	0.01350	0.00913	0.00759	0.00228	0.00815	0.00691	0.00777	0.01290
14	0.02787	0.07629	0.02254	0.01917	0.02322	0.66450	0.01456	0.02985	0.02115	0.01852	0.01166	0.01359	0.00977	0.00774	0.00673	0.00194	0.01336	0.00484	0.00387	0.00885
15	0.02742	0.01988	0.02125	0.01645	0.02211	0.02193	0.01354	0.59877	0.03376	0.04592	0.01884	0.01918	0.01353	0.00908	0.00737	0.00223	0.00788	0.00685	0.08168	0.01234
16	0.01816	0.01492	0.01703	0.01239	0.01900	0.01260	0.00999	0.13803	0.01942	0.02900	0.01436	0.01619	0.01154	0.00626	0.00598	0.00134	0.00612	0.00493	0.00507	0.63767
17	0.01318	0.00659	0.00988	0.00988	0.00988	0.00659	0.00659	0.00988	0.00988	0.01318	0.01318	0.02306	0.01318	0.02635	0.02964	0.77931	0.00659	0.00659	0.00329	0.00329
18	0.02833	0.03615	0.02149	0.01954	0.02345	0.70298	0.01466	0.03029	0.02149	0.01856	0.01172	0.01368	0.00977	0.00782	0.00684	0.00195	0.01368	0.00489	0.00391	0.00879
19	0.00924	0.00660	0.00880	0.01056	0.01100	0.00616	0.00704	0.01056	0.01452	0.01936	0.04181	0.72848	0.05017	0.02376	0.00968	0.00308	0.00440	0.02156	0.00704	0.00616
20	0.01790	0.02046	0.04476	0.03197	0.03964	0.01918	0.65857	0.02430	0.01790	0.02430	0.01535	0.02046	0.01151	0.00639	0.00895	0.00256	0.01279	0.00895	0.00384	0.01023
21	0.01176	0.00879	0.01108	0.01053	0.01260	0.00859	0.00807	0.01735	0.09474	0.03001	0.56209	0.05554	0.06408	0.01531	0.00892	0.00249	0.00410	0.05808	0.00818	0.00769
22	0.00896	0.00768	0.00768	0.00768	0.01025	0.00640	0.00576	0.01089	0.01729	0.02049	0.07684	0.07300	0.68304	0.01921	0.00896	0.00256	0.00384	0.01601	0.00704	0.00640
23	0.03381	0.01326	0.01782	0.01366	0.01954	0.01167	0.01129	0.06339	0.02230	0.66411	0.02943	0.02549	0.01853	0.00938	0.00763	0.00234	0.00653	0.00759	0.00931	0.01291
24	0.01453	0.01388	0.02401	0.67613	0.05152	0.01699	0.05752	0.01966	0.01532	0.01966	0.01359	0.02024	0.01019	0.00752	0.00766	0.00253	0.01026	0.00687	0.00340	0.00853
25	0.02906	0.02089	0.02254	0.01728	0.02334	0.02299	0.01428	0.63419	0.03507	0.07528	0.01871	0.01854	0.01315	0.00912	0.00759	0.00228	0.00827	0.00686	0.00766	0.01290
26	0.01997	0.01456	0.01700	0.01244	0.01897	0.01222	0.01006	0.11625	0.01943	0.11198	0.01625	0.01736	0.01243	0.00661	0.00616	0.00145	0.00613	0.00523	0.00557	0.56993
27	0.78701	0.01467	0.01115	0.00997	0.01467	0.01702	0.00821	0.02230	0.01291	0.03403	0.01056	0.01232	0.00821	0.00704	0.00469	0.00235	0.00587	0.00411	0.00469	0.00821
28	0.02883	0.02125	0.02276	0.01745	0.02352	0.02352	0.01442	0.66082	0.03566	0.04780	0.01821	0.01821	0.01290	0.00911	0.00759	0.00228	0.00835	0.00683	0.00759	0.01290
29	0.00959	0.00692	0.00909	0.01021	0.01106	0.00641	0.00702	0.01148	0.01630	0.02208	0.19832	0.54266	0.07746	0.02160	0.00948	0.00289	0.00418	0.01947	0.00736	0.00641
30	0.01887	0.01629	0.01715	0.01544	0.01972	0.01887	0.01201	0.04031	0.67241	0.03173	0.03087	0.02830	0.02315	0.01029	0.00772	0.00257	0.00600	0.00858	0.00772	0.01201
31	0.01432	0.01348	0.02275	0.71520	0.05224	0.01685	0.02107	0.01938	0.01517	0.01938	0.01348	0.02022	0.01011	0.00758	0.00758	0.00253	0.01011	0.00674	0.00337	0.00843
32	0.01102	0.00739	0.00847	0.00847	0.00854	0.00746	0.00484	0.01116	0.01109	0.01485	0.02372	0.04865	0.02715	0.69973	0.07172	0.00759	0.00800	0.01089	0.00457	0.00470
33	0.01222	0.00873	0.01222	0.01397	0.01572	0.00873	0.01222	0.01572	0.01746	0.02270	0.04016	0.08556	0.04365	0.02095	0.01048	0.00349	0.00698	0.63506	0.00698	0.00698
34	0.01536	0.01309	0.01533	0.01120	0.01758	0.00989	0.00888	0.01861	0.01566	0.02441	0.01510	0.05637	0.01345	0.00665	0.00585	0.00124	0.00555	0.00547	0.00464	0.73568
35	0.02028	0.73799	0.03975	0.01298	0.01947	0.03001	0.01298	0.02271	0.01541	0.01785	0.01055	0.01217	0.00973	0.00649	0.00487	0.00162	0.00811	0.00406	0.00324	0.00973
36	0.02028	0.73799	0.03975	0.01298	0.01947	0.03001	0.01298	0.02271	0.01541	0.01785	0.01055	0.01217	0.00973	0.00649	0.00487	0.00162	0.00811	0.00406	0.00324	0.00973
37	0.00896	0.00768	0.00768	0.00768	0.01025	0.00640	0.00576	0.01089	0.01729	0.02049	0.07684	0.07300	0.68304	0.01921	0.00896	0.00256	0.00384	0.01601	0.00704	0.00640
38	0.01573	0.01348	0.01573	0.01123	0.01798	0.01011	0.00899	0.01910	0.01573	0.02472	0.01348	0.01573	0.01123	0.00562	0.00562	0.00112	0.00562	0.00449	0.00449	0.77980
39	0.78701	0.01467	0.01115	0.00997	0.01467	0.01702	0.00821	0.02230	0.01291	0.03403	0.01056	0.01232	0.00821	0.00704	0.00469	0.00235	0.00587	0.00411	0.00469	0.00821
40	0.01074	0.00775	0.01014	0.00954	0.01133	0.00716	0.00716	0.01431	0.02147	0.03042	0.68211	0.05666	0.07157	0.01551	0.00895	0.00239	0.00358	0.01372	0.00835	0.00716
41	0.01887	0.01629	0.01715	0.01544	0.01972	0.01887	0.01201	0.04031	0.67241	0.03173	0.03087	0.02830	0.02315	0.01029	0.00772	0.00257	0.00600	0.00858	0.00772	0.01201
42	0.02883	0.02125	0.02276	0.01745	0.02352	0.02352	0.01442	0.66082	0.03566	0.04780	0.01821	0.01821	0.01290	0.00911	0.00759	0.00228	0.00835	0.00683	0.00759	0.01290
43	0.01573	0.01348	0.01573	0.01123	0.01798	0.01011	0.00899	0.01910	0.01573	0.02472	0.01348	0.01573	0.01123	0.00562	0.00562	0.00112	0.00562	0.00449	0.00449	0.77980
44	0.01222	0.00873	0.01222	0.01397	0.01572	0.00873	0.01222	0.01572	0.01746	0.02270	0.04016	0.08556	0.04365	0.02095	0.01048	0.00349	0.00698	0.63506	0.00698	0.00698
45	0.01049	0.00774	0.00979	0.00928	0.01118	0.00705	0.00696	0.01383	0.02088	0.02903	0.59730	0.05895	0.15725	0.01603	0.00895	0.00241	0.00362	0.01404	0.00817	0.00705
46	0.01084	0.00813	0.01219	0.01219	0.01354	0.00948	0.00948	0.01354	0.01219	0.01761	0.02032	0.02980	0.01896	0.05689	0.70337	0.01219	0.02032	0.00813	0.00406	0.00677
47	0.00896	0.00768	0.00768	0.00768	0.01025	0.00640	0.00576	0.01089	0.01729	0.02049	0.07684	0.07300	0.68304	0.01921	0.00896	0.00256	0.00384	0.01601	0.00704	0.00640
48	0.78701	0.01467	0.01115	0.00997	0.01467	0.01702	0.00821	0.02230	0.01291	0.03403	0.01056	0.01232	0.00821	0.00704	0.00469	0.00235	0.00587	0.00411	0.00469	0.00821
49	0.01222	0.00873	0.01222	0.01397	0.01572	0.00873	0.01222	0.01572	0.01746	0.02270	0.04016	0.08556	0.04365	0.02095	0.01048	0.00349	0.00698	0.63506	0.00698	0.00698
50	0.00924	0.00660	0.00880	0.01056	0.01100	0.00616	0.00704	0.01056	0.01452	0.01936	0.04181	0.72848	0.05017	0.02376	0.00968	0.00308	0.00440	0.02156	0.00704	0.00616
51	0.01096	0.00733	0.00829	0.00836	0.00838	0.00731	0.00469	0.01101	0.01116	0.01488	0.02457	0.07506	0.02842	0.70686	0.03752	0.00719	0.00724	0.01142	0.00469	0.00465
52	0.02883	0.02125	0.02276	0.01745	0.02352	0.02352	0.01442	0.66082	0.03566	0.04780	0.01821	0.01821	0.01290	0.00911	0.00759	0.00228	0.00835	0.00683	0.00759	0.01290
53	0.01318	0.00659	0.00988	0.00988	0.00988	0.00659	0.00659	0.00988	0.00988	0.01318	0.01318	0.02306	0.01318	0.02635	0.02964	0.77931	0.00659	0.00659	0.00329	0.00329
54	0.01103	0.00735	0.00827	0.00827	0.00827	0.00735	0.00460	0.01103	0.01103	0.01471	0.02390	0.04964	0.02758	0.73343	0.03861	0.00735	0.00735	0.01103	0.00460	0.00460
55	0.03403	0.01291	0.01760	0.01350	0.01936	0.01115	0.01115	0.03697	0.02171	0.69137	0.02992	0.02582	0.01878	0.00939	0.00763	0.00235	0.00645	0.00763	0.00939	0.01291
