[name]
unknown

[dist]
# distance from previous block
# <min> <max>
0	32

[block]
# block no. 0 follows, 28 sequences, length 48
# corresponding to MSA columns:
# 33-80
name=unknown_A
#
# <colnr> <probs for GDERKNQSTAVLIFYWHMCP>
#	G	D	E	R	K	N	Q	S	T	A	V	L	I	F	Y	W	H	M	C	P
0	0.00907	0.00655	0.00860	0.00997	0.01066	0.00608	0.00683	0.01064	0.01481	0.01977	0.10814	0.61733	0.08393	0.02167	0.00919	0.00287	0.00418	0.03681	0.00687	0.00603
1	0.02294	0.01803	0.01917	0.01578	0.02075	0.02035	0.01268	0.36218	0.35460	0.03824	0.02342	0.02220	0.01719	0.00928	0.00733	0.00232	0.00689	0.00737	0.00733	0.01194
2	0.01507	0.01292	0.01507	0.01077	0.01723	0.00969	0.00861	0.01830	0.01507	0.02369	0.01292	0.01507	0.01077	0.00538	0.00538	0.00108	0.00538	0.00431	0.00431	0.78898
3	0.01497	0.09481	0.65309	0.02005	0.03043	0.01784	0.02570	0.02292	0.01530	0.02254	0.01281	0.01505	0.00922	0.00685	0.00673	0.00224	0.01050	0.00525	0.00307	0.01063
4	0.01515	0.05913	0.59683	0.02285	0.08474	0.01739	0.05837	0.02293	0.01551	0.02289	0.01308	0.01565	0.00949	0.00681	0.00694	0.00227	0.01055	0.00557	0.00314	0.01071
5	0.01458	0.03760	0.70688	0.02072	0.03146	0.01688	0.02686	0.02302	0.01535	0.02302	0.01304	0.01535	0.00921	0.00691	0.00691	0.00230	0.01074	0.00537	0.00307	0.01074
6	0.01442	0.01335	0.02233	0.49881	0.18676	0.01552	0.01969	0.01899	0.01522	0.02005	0.01596	0.02613	0.01371	0.00854	0.00756	0.00247	0.00912	0.07899	0.00370	0.00866
7	0.01061	0.00904	0.01425	0.01261	0.01497	0.00829	0.11495	0.01348	0.01710	0.02293	0.25263	0.27225	0.17489	0.01668	0.00880	0.00256	0.00517	0.01525	0.00665	0.00689
8	0.01533	0.00975	0.01218	0.01242	0.03682	0.00963	0.00899	0.02037	0.12741	0.13830	0.03703	0.22955	0.10702	0.10162	0.01184	0.00320	0.00556	0.09804	0.00685	0.00809
9	0.00859	0.00736	0.00736	0.00736	0.00982	0.00614	0.00552	0.01043	0.01657	0.01964	0.07364	0.06996	0.69624	0.01841	0.00859	0.00245	0.00368	0.01534	0.00675	0.00614
10	0.01445	0.01374	0.02272	0.57100	0.11915	0.01696	0.01994	0.01887	0.01438	0.01903	0.01262	0.01883	0.00988	0.00779	0.00913	0.00248	0.09086	0.00645	0.00327	0.00845
11	0.02018	0.64008	0.06142	0.01323	0.01958	0.02761	0.01314	0.09540	0.01698	0.02056	0.01104	0.01245	0.00967	0.00653	0.00504	0.00165	0.00791	0.00424	0.00358	0.00972
12	0.00974	0.00828	0.00841	0.00822	0.01076	0.00752	0.00615	0.01361	0.09174	0.02062	0.06657	0.06420	0.59256	0.04752	0.00963	0.00265	0.00405	0.01434	0.00673	0.00667
13	0.02973	0.01531	0.01852	0.01427	0.01980	0.01519	0.01176	0.28585	0.02605	0.41752	0.05188	0.02310	0.01788	0.00913	0.00735	0.00222	0.00678	0.00725	0.00828	0.01214
14	0.00910	0.00721	0.00825	0.00884	0.01065	0.00636	0.00660	0.01104	0.01611	0.02007	0.09219	0.24282	0.42436	0.01954	0.00893	0.00267	0.00415	0.08813	0.00681	0.00618
15	0.03082	0.01348	0.01734	0.01349	0.01900	0.01255	0.01108	0.10131	0.08088	0.57723	0.02761	0.02420	0.01779	0.00905	0.00731	0.00226	0.00633	0.00731	0.00868	0.01229
16	0.03104	0.01329	0.01725	0.01340	0.01891	0.01226	0.01101	0.08883	0.07510	0.59564	0.02782	0.02433	0.01786	0.00904	0.00731	0.00226	0.00630	0.00732	0.00873	0.01230
17	0.01479	0.03615	0.65347	0.02152	0.03199	0.01700	0.07881	0.02304	0.01549	0.02304	0.01318	0.01569	0.00935	0.00684	0.00704	0.00231	0.01086	0.00563	0.00312	0.01067
18	0.02891	0.01371	0.01731	0.01324	0.01885	0.01260	0.01088	0.14967	0.02260	0.48230	0.04937	0.02341	0.01801	0.00876	0.00713	0.00211	0.00633	0.00705	0.00812	0.09966
19	0.02028	0.02325	0.02325	0.02036	0.04787	0.32218	0.14510	0.04882	0.01815	0.02035	0.01767	0.15499	0.01737	0.01065	0.00912	0.00234	0.07658	0.00884	0.00439	0.00844
20	0.02164	0.01738	0.01844	0.01551	0.02026	0.01974	0.01237	0.27582	0.44307	0.03615	0.02506	0.02352	0.01853	0.00944	0.00735	0.00236	0.00659	0.00759	0.00735	0.01182
21	0.01800	0.01719	0.02885	0.04312	0.66511	0.01731	0.02177	0.02313	0.05010	0.02408	0.01447	0.01845	0.01205	0.00665	0.00721	0.00217	0.00849	0.00656	0.00379	0.01151
22	0.01431	0.02969	0.48282	0.02049	0.02920	0.01550	0.13118	0.02155	0.01650	0.02406	0.12438	0.02240	0.01918	0.00807	0.00746	0.00232	0.00980	0.00717	0.00397	0.00995
23	0.74066	0.03743	0.01199	0.00994	0.01454	0.01695	0.00825	0.04758	0.01332	0.03265	0.01041	0.01203	0.00810	0.00681	0.00461	0.00222	0.00579	0.00404	0.00457	0.00810
24	0.01943	0.74891	0.03809	0.01244	0.01866	0.02876	0.01244	0.02177	0.01477	0.01710	0.01011	0.01166	0.00933	0.00622	0.00466	0.00155	0.00777	0.00389	0.00311	0.00933
25	0.01788	0.01470	0.01580	0.01395	0.01790	0.01641	0.01089	0.14031	0.42999	0.03061	0.03109	0.08557	0.07543	0.01266	0.02988	0.00271	0.00627	0.00937	0.00708	0.03149
26	0.01056	0.00707	0.00802	0.00799	0.00808	0.00704	0.00453	0.01074	0.01109	0.01488	0.05812	0.04792	0.02864	0.70632	0.03551	0.00680	0.00686	0.01071	0.00459	0.00453
27	0.01080	0.00745	0.01000	0.01000	0.01096	0.00821	0.00723	0.01270	0.01175	0.01719	0.02098	0.03409	0.02070	0.25615	0.43223	0.00917	0.01393	0.00851	0.09203	0.00590
28	0.00902	0.00645	0.00861	0.01023	0.01075	0.00604	0.00696	0.01044	0.01424	0.01901	0.05967	0.69091	0.04842	0.02242	0.00929	0.00295	0.00430	0.04752	0.00678	0.00597
29	0.00871	0.00726	0.00760	0.00775	0.00995	0.00615	0.00572	0.01057	0.01650	0.02002	0.10269	0.13917	0.59561	0.01868	0.00866	0.00250	0.00372	0.01578	0.00682	0.00615
30	0.02007	0.01679	0.01723	0.01510	0.01944	0.04625	0.01184	0.10981	0.56092	0.05699	0.02745	0.02538	0.02041	0.00961	0.00735	0.00240	0.00632	0.00785	0.00730	0.01151
31	0.01667	0.01856	0.03887	0.10817	0.03784	0.01844	0.54675	0.02229	0.01638	0.02229	0.01409	0.01929	0.01076	0.00678	0.00965	0.00251	0.06945	0.00816	0.00359	0.00946
32	0.01438	0.01339	0.02225	0.66676	0.08705	0.01640	0.02013	0.03781	0.01522	0.01966	0.01310	0.01924	0.00987	0.00726	0.00726	0.00240	0.00958	0.00646	0.00337	0.00840
33	0.01263	0.00631	0.00947	0.00947	0.00947	0.00631	0.00631	0.00947	0.00947	0.01263	0.01263	0.02210	0.01263	0.02525	0.02841	0.78851	0.00631	0.00631	0.00316	0.00316
34	0.01263	0.00631	0.00947	0.00947	0.00947	0.00631	0.00631	0.00947	0.00947	0.01263	0.01263	0.02210	0.01263	0.02525	0.02841	0.78851	0.00631	0.00631	0.00316	0.00316
35	0.01672	0.02120	0.11527	0.02816	0.03503	0.01867	0.52279	0.02257	0.01624	0.02257	0.01391	0.01869	0.01065	0.00699	0.01019	0.00252	0.09662	0.00796	0.00355	0.00969
36	0.01776	0.07674	0.20453	0.02206	0.10005	0.13525	0.04590	0.02178	0.01495	0.01989	0.01184	0.01585	0.01002	0.01045	0.03853	0.00279	0.23318	0.00580	0.00333	0.00929
37	0.01263	0.00631	0.00947	0.00947	0.00947	0.00631	0.00631	0.00947	0.00947	0.01263	0.01263	0.02210	0.01263	0.02525	0.02841	0.78851	0.00631	0.00631	0.00316	0.00316
38	0.00869	0.00698	0.00776	0.00839	0.01009	0.00605	0.00598	0.01032	0.01558	0.01923	0.06115	0.31903	0.45523	0.02003	0.00885	0.00264	0.00388	0.01732	0.00675	0.00605
39	0.01763	0.26742	0.41179	0.01757	0.02628	0.02139	0.02069	0.09606	0.01728	0.02366	0.01258	0.01438	0.00960	0.00689	0.00622	0.00204	0.00947	0.00502	0.00356	0.01046
40	0.01039	0.00775	0.01149	0.01149	0.01272	0.00898	0.00884	0.01285	0.01162	0.01673	0.01965	0.02955	0.01860	0.09066	0.68018	0.01144	0.01882	0.00793	0.00392	0.00638
41	0.01029	0.00743	0.00972	0.00914	0.01086	0.00686	0.00686	0.01372	0.02058	0.02915	0.69536	0.05430	0.06859	0.01486	0.00857	0.00229	0.00343	0.01315	0.00800	0.00686
42	0.02551	0.08961	0.02153	0.01778	0.02176	0.58191	0.01363	0.02953	0.09510	0.01916	0.01321	0.01457	0.01081	0.00766	0.00650	0.00191	0.01185	0.00502	0.00411	0.00885
43	0.07938	0.01905	0.03967	0.02859	0.03548	0.01834	0.59894	0.02295	0.01658	0.02385	0.01418	0.01887	0.01073	0.00638	0.00873	0.00246	0.03438	0.00814	0.00373	0.00959
44	0.02066	0.38468	0.09544	0.01513	0.02052	0.25187	0.01392	0.02335	0.01668	0.01802	0.01316	0.07071	0.01243	0.00803	0.00588	0.00184	0.00954	0.00564	0.00361	0.00890
45	0.01694	0.02049	0.09282	0.03050	0.11045	0.01845	0.49545	0.02269	0.01646	0.02285	0.01404	0.01879	0.01082	0.00676	0.00951	0.00246	0.06910	0.00791	0.00358	0.00992
46	0.01924	0.01423	0.01785	0.01394	0.01923	0.03253	0.06829	0.05024	0.15572	0.14820	0.07607	0.02471	0.04227	0.00840	0.00689	0.00190	0.00631	0.00720	0.00620	0.28055
47	0.17526	0.04858	0.01724	0.01432	0.01837	0.30093	0.02958	0.05745	0.01829	0.07846	0.01658	0.03867	0.02801	0.00820	0.00616	0.00200	0.00876	0.00587	0.09638	0.03089

[dist]
# distance from previous block
# <min> <max>
3	25

[block]
# block no. 1 follows, 28 sequences, length 19
# corresponding to MSA columns:
# 106-124
name=unknown_B
#
# <colnr> <probs for GDERKNQSTAVLIFYWHMCP>
#	G	D	E	R	K	N	Q	S	T	A	V	L	I	F	Y	W	H	M	C	P
0	0.01792	0.01763	0.02797	0.10665	0.56966	0.05136	0.02137	0.02203	0.01628	0.02264	0.01327	0.01778	0.01113	0.00692	0.00803	0.00222	0.04633	0.00638	0.00355	0.01085
1	0.01448	0.01369	0.02317	0.60628	0.16495	0.01635	0.02056	0.01923	0.01489	0.01949	0.01305	0.01913	0.01001	0.00713	0.00725	0.00238	0.00950	0.00646	0.00330	0.00868
2	0.01507	0.01292	0.01507	0.01077	0.01723	0.00969	0.00861	0.01830	0.01507	0.02369	0.01292	0.01507	0.01077	0.00538	0.00538	0.00108	0.00538	0.00431	0.00431	0.78898
3	0.02919	0.01786	0.02027	0.01554	0.02129	0.01883	0.01284	0.47469	0.02999	0.25199	0.02097	0.01973	0.01413	0.00881	0.00728	0.00220	0.00743	0.00678	0.00781	0.01236
4	0.34401	0.01519	0.01531	0.07352	0.01977	0.01719	0.01105	0.22978	0.05074	0.03456	0.03859	0.02100	0.01452	0.00866	0.00623	0.00229	0.00663	0.04214	0.03950	0.00934
5	0.00859	0.00736	0.00736	0.00736	0.00982	0.00614	0.00552	0.01043	0.01657	0.01964	0.07364	0.06996	0.69624	0.01841	0.00859	0.00245	0.00368	0.01534	0.00675	0.00614
6	0.02071	0.63060	0.03519	0.01348	0.01929	0.14249	0.01270	0.02297	0.01574	0.01722	0.01029	0.01190	0.00933	0.00643	0.00498	0.00161	0.00866	0.00402	0.00321	0.00918
7	0.02715	0.03464	0.02060	0.01873	0.02247	0.71536	0.01404	0.02903	0.02060	0.01779	0.01124	0.01311	0.00936	0.00749	0.00655	0.00187	0.01311	0.00468	0.00375	0.00843
8	0.02445	0.01841	0.02121	0.01870	0.08535	0.02027	0.01400	0.52588	0.02954	0.03991	0.01736	0.01897	0.01305	0.01455	0.10068	0.00343	0.00957	0.00670	0.00648	0.01151
9	0.02021	0.67993	0.03655	0.01284	0.01902	0.02817	0.01257	0.08361	0.01661	0.01982	0.01080	0.01221	0.00962	0.00646	0.00491	0.00161	0.00779	0.00414	0.00350	0.00962
10	0.00886	0.00633	0.00843	0.01012	0.01054	0.00590	0.00675	0.01012	0.01392	0.01856	0.04006	0.73979	0.04808	0.02277	0.00928	0.00295	0.00422	0.02066	0.00675	0.00590
11	0.00874	0.00737	0.00757	0.00752	0.00991	0.00620	0.00564	0.01072	0.01693	0.02048	0.12901	0.06856	0.64034	0.01809	0.00859	0.00244	0.00366	0.01515	0.00686	0.00620
12	0.01468	0.10584	0.01677	0.01295	0.01547	0.09704	0.01042	0.05968	0.01463	0.01892	0.01716	0.02383	0.01561	0.03974	0.49389	0.00860	0.01647	0.00684	0.00400	0.00747
13	0.01782	0.39983	0.23316	0.07295	0.02628	0.05974	0.05691	0.02235	0.01537	0.01937	0.01153	0.01391	0.00943	0.00657	0.00586	0.00191	0.00935	0.00485	0.00317	0.00963
14	0.07632	0.01279	0.01559	0.01285	0.01737	0.01252	0.01037	0.12081	0.07686	0.36902	0.08019	0.09500	0.02453	0.01102	0.00750	0.00236	0.00598	0.03018	0.00795	0.01076
15	0.06337	0.01619	0.08152	0.01396	0.01933	0.01448	0.01216	0.08643	0.22323	0.24785	0.07401	0.02483	0.02071	0.00912	0.00711	0.00224	0.00635	0.00740	0.00718	0.06253
16	0.02396	0.01649	0.01838	0.01483	0.01969	0.01761	0.01193	0.39837	0.10325	0.12258	0.02327	0.12197	0.01920	0.01074	0.00749	0.00228	0.00686	0.00874	0.00730	0.04504
17	0.12898	0.07839	0.33317	0.01873	0.07785	0.01744	0.01886	0.08557	0.04765	0.07769	0.01693	0.01814	0.03477	0.00767	0.00657	0.00223	0.00856	0.00588	0.00449	0.01044
18	0.08109	0.62144	0.06972	0.01292	0.01913	0.05832	0.01289	0.02213	0.01487	0.01867	0.01031	0.01193	0.00921	0.00635	0.00485	0.00166	0.00800	0.00400	0.00325	0.00925

[dist]
# distance from previous block
# <min> <max>
0	4

[block]
# block no. 2 follows, 28 sequences, length 97
# corresponding to MSA columns:
# 129-225
name=unknown_C
#
# <colnr> <probs for GDERKNQSTAVLIFYWHMCP>
#	G	D	E	R	K	N	Q	S	T	A	V	L	I	F	Y	W	H	M	C	P
0	0.02009	0.07070	0.01695	0.01355	0.01722	0.09645	0.01117	0.11817	0.04852	0.14545	0.16259	0.04106	0.03169	0.01244	0.00792	0.00242	0.00693	0.16068	0.00685	0.00915
1	0.54139	0.03446	0.01263	0.01062	0.01499	0.01608	0.00866	0.02507	0.13518	0.07086	0.01555	0.01626	0.01175	0.00753	0.00523	0.00224	0.00561	0.00508	0.05208	0.00877
2	0.03600	0.00962	0.01022	0.00921	0.01237	0.00897	0.00714	0.07393	0.05104	0.06507	0.10572	0.05423	0.44770	0.01517	0.00799	0.00233	0.00441	0.01256	0.02955	0.03679
3	0.01529	0.14222	0.60851	0.01950	0.02958	0.01863	0.02474	0.02284	0.01526	0.02215	0.01261	0.01480	0.00923	0.00681	0.00658	0.00219	0.01031	0.00515	0.00308	0.01053
4	0.00877	0.00692	0.00791	0.00862	0.01017	0.00606	0.00610	0.01041	0.01556	0.01951	0.08122	0.36005	0.39264	0.02018	0.00889	0.00266	0.00391	0.01757	0.00679	0.00606
5	0.01419	0.01375	0.01899	0.05909	0.01891	0.01826	0.01391	0.01607	0.01261	0.01836	0.04620	0.05523	0.11519	0.01373	0.01943	0.00298	0.52297	0.00854	0.00404	0.00756
6	0.01900	0.68515	0.09804	0.01318	0.01980	0.02770	0.01373	0.02188	0.01482	0.01763	0.01037	0.01199	0.00932	0.00628	0.00487	0.00162	0.00804	0.00402	0.00311	0.00946
7	0.06535	0.01582	0.01643	0.01460	0.01884	0.01825	0.01143	0.07722	0.60504	0.03150	0.02766	0.02560	0.02072	0.00960	0.00721	0.00243	0.00588	0.00786	0.00721	0.01134
8	0.00886	0.00633	0.00843	0.01012	0.01054	0.00590	0.00675	0.01012	0.01392	0.01856	0.04006	0.73979	0.04808	0.02277	0.00928	0.00295	0.00422	0.02066	0.00675	0.00590
9	0.01065	0.00877	0.01402	0.01268	0.01471	0.00814	0.10553	0.01351	0.01714	0.02351	0.29793	0.33610	0.07441	0.01700	0.00887	0.00259	0.00508	0.01569	0.00679	0.00687
10	0.01458	0.03760	0.70688	0.02072	0.03146	0.01688	0.02686	0.02302	0.01535	0.02302	0.01304	0.01535	0.00921	0.00691	0.00691	0.00230	0.01074	0.00537	0.00307	0.01074
11	0.74901	0.01417	0.01138	0.01013	0.01436	0.01666	0.00835	0.02113	0.01230	0.03170	0.01009	0.01205	0.00797	0.00711	0.00566	0.00231	0.04923	0.00408	0.00442	0.00788
12	0.01525	0.01386	0.01993	0.47840	0.03919	0.01682	0.01716	0.02557	0.24898	0.02270	0.01874	0.02208	0.01405	0.00817	0.00731	0.00244	0.00832	0.00707	0.00468	0.00927
13	0.01972	0.72271	0.03745	0.01267	0.01880	0.05395	0.01250	0.02203	0.01498	0.01713	0.01015	0.01171	0.00933	0.00627	0.00473	0.00157	0.00797	0.00392	0.00313	0.00930
14	0.01038	0.00779	0.01168	0.01168	0.01298	0.00909	0.00909	0.01298	0.01168	0.01687	0.01947	0.02856	0.01817	0.05452	0.71573	0.01168	0.01947	0.00779	0.00389	0.00649
15	0.00957	0.00740	0.00872	0.00839	0.01042	0.00655	0.00629	0.01233	0.01888	0.02513	0.43252	0.06092	0.33394	0.01636	0.00858	0.00236	0.00354	0.01407	0.00747	0.00655
16	0.00886	0.00633	0.00843	0.01012	0.01054	0.00590	0.00675	0.01012	0.01392	0.01856	0.04006	0.73979	0.04808	0.02277	0.00928	0.00295	0.00422	0.02066	0.00675	0.00590
17	0.00894	0.00639	0.00851	0.01006	0.01056	0.00596	0.00675	0.01034	0.01432	0.01919	0.07945	0.69860	0.04931	0.02230	0.00924	0.00291	0.00417	0.02021	0.00682	0.00596
18	0.01507	0.01292	0.01507	0.01077	0.01723	0.00969	0.00861	0.01830	0.01507	0.02369	0.01292	0.01507	0.01077	0.00538	0.00538	0.00108	0.00538	0.00431	0.00431	0.78898
19	0.01673	0.02282	0.16584	0.02963	0.07645	0.01804	0.51338	0.02318	0.01678	0.02326	0.01433	0.01872	0.01072	0.00629	0.00818	0.00241	0.01176	0.00785	0.00356	0.01008
20	0.01594	0.03417	0.59477	0.02131	0.03138	0.01667	0.09466	0.02379	0.01587	0.06392	0.01416	0.01636	0.00993	0.00695	0.00711	0.00231	0.01063	0.00583	0.00349	0.01074
21	0.01076	0.00792	0.01012	0.00948	0.01134	0.00753	0.00714	0.01521	0.06057	0.02923	0.65535	0.05266	0.06580	0.01456	0.00850	0.00230	0.00357	0.01285	0.00797	0.00714
22	0.01263	0.00631	0.00947	0.00947	0.00947	0.00631	0.00631	0.00947	0.00947	0.01263	0.01263	0.02210	0.01263	0.02525	0.02841	0.78851	0.00631	0.00631	0.00316	0.00316
23	0.02618	0.06152	0.02194	0.02036	0.07161	0.63746	0.01458	0.02825	0.02007	0.01820	0.01137	0.01341	0.00952	0.00737	0.00653	0.00188	0.01257	0.00478	0.00371	0.00869
24	0.01691	0.01908	0.04124	0.03047	0.06168	0.01792	0.62624	0.02281	0.01703	0.02314	0.01552	0.04371	0.01229	0.00670	0.00855	0.00246	0.01185	0.00891	0.00378	0.00974
25	0.00886	0.00633	0.00843	0.01012	0.01054	0.00590	0.00675	0.01012	0.01392	0.01856	0.04006	0.73979	0.04808	0.02277	0.00928	0.00295	0.00422	0.02066	0.00675	0.00590
26	0.01272	0.01073	0.01615	0.09855	0.01924	0.01311	0.04355	0.01541	0.01242	0.01831	0.01678	0.02529	0.01543	0.08212	0.31757	0.00684	0.18279	0.00744	0.07848	0.00706
27	0.02340	0.02153	0.14910	0.04465	0.02410	0.01901	0.01572	0.37232	0.09849	0.10114	0.01965	0.04466	0.01454	0.00898	0.00729	0.00228	0.00803	0.00708	0.00648	0.01157
28	0.01263	0.00631	0.00947	0.00947	0.00947	0.00631	0.00631	0.00947	0.00947	0.01263	0.01263	0.02210	0.01263	0.02525	0.02841	0.78851	0.00631	0.00631	0.00316	0.00316
29	0.01038	0.00779	0.01168	0.01168	0.01298	0.00909	0.00909	0.01298	0.01168	0.01687	0.01947	0.02856	0.01817	0.05452	0.71573	0.01168	0.01947	0.00779	0.00389	0.00649
30	0.69306	0.01389	0.01201	0.08318	0.01788	0.01612	0.00922	0.02150	0.01284	0.05113	0.01096	0.01297	0.00836	0.00687	0.00487	0.00227	0.00606	0.00429	0.00450	0.00803
31	0.79588	0.01406	0.01068	0.00956	0.01406	0.01631	0.00787	0.02137	0.01237	0.03261	0.01012	0.01181	0.00787	0.00675	0.00450	0.00225	0.00562	0.00394	0.00450	0.00787
32	0.79588	0.01406	0.01068	0.00956	0.01406	0.01631	0.00787	0.02137	0.01237	0.03261	0.01012	0.01181	0.00787	0.00675	0.00450	0.00225	0.00562	0.00394	0.00450	0.00787
33	0.01507	0.01292	0.01507	0.01077	0.01723	0.00969	0.00861	0.01830	0.01507	0.02369	0.01292	0.01507	0.01077	0.00538	0.00538	0.00108	0.00538	0.00431	0.00431	0.78898
34	0.01754	0.01327	0.01609	0.01706	0.11479	0.01392	0.01147	0.02859	0.33014	0.11475	0.03712	0.06395	0.16686	0.01164	0.00769	0.00241	0.00572	0.00990	0.00689	0.01023
35	0.00886	0.00633	0.00843	0.01012	0.01054	0.00590	0.00675	0.01012	0.01392	0.01856	0.04006	0.73979	0.04808	0.02277	0.00928	0.00295	0.00422	0.02066	0.00675	0.00590
36	0.02561	0.05743	0.01789	0.01255	0.01842	0.01250	0.01039	0.07012	0.04430	0.38810	0.02207	0.02063	0.01506	0.00774	0.00656	0.00185	0.00613	0.00617	0.00704	0.24943
37	0.01373	0.01292	0.02180	0.72707	0.05006	0.01615	0.02019	0.01857	0.01453	0.01857	0.01292	0.01938	0.00969	0.00727	0.00727	0.00242	0.00969	0.00646	0.00323	0.00807
38	0.01702	0.01628	0.02774	0.20054	0.55088	0.01701	0.02182	0.02145	0.01609	0.02257	0.01350	0.01831	0.01110	0.00666	0.00721	0.00222	0.00888	0.00647	0.00351	0.01073
39	0.01022	0.00743	0.00963	0.00908	0.01082	0.00683	0.00681	0.01360	0.02043	0.02880	0.67222	0.05488	0.09195	0.01499	0.00857	0.00229	0.00344	0.01323	0.00796	0.00683
40	0.00859	0.00736	0.00736	0.00736	0.00982	0.00614	0.00552	0.01043	0.01657	0.01964	0.07364	0.06996	0.69624	0.01841	0.00859	0.00245	0.00368	0.01534	0.00675	0.00614
41	0.02672	0.04668	0.02134	0.01694	0.02190	0.26282	0.01354	0.40757	0.02820	0.03455	0.01530	0.01611	0.01145	0.00821	0.00687	0.00204	0.00960	0.00583	0.03362	0.01071
42	0.02657	0.01906	0.02051	0.01591	0.02140	0.02099	0.01308	0.58651	0.05927	0.06755	0.01873	0.01869	0.01334	0.00877	0.00715	0.00217	0.00756	0.00665	0.05407	0.01199
43	0.79588	0.01406	0.01068	0.00956	0.01406	0.01631	0.00787	0.02137	0.01237	0.03261	0.01012	0.01181	0.00787	0.00675	0.00450	0.00225	0.00562	0.00394	0.00450	0.00787
44	0.00967	0.00750	0.01071	0.01113	0.01233	0.00688	0.04669	0.01130	0.01419	0.01895	0.03871	0.59792	0.08229	0.04920	0.01012	0.00297	0.00483	0.01852	0.00637	0.03972
45	0.02763	0.02036	0.02182	0.01672	0.02254	0.02254	0.01382	0.67496	0.03418	0.04581	0.01745	0.01745	0.01236	0.00873	0.00727	0.00218	0.00800	0.00654	0.00727	0.01236
46	0.01689	0.01908	0.04124	0.08536	0.03894	0.01821	0.62152	0.02291	0.01695	0.02291	0.01457	0.01959	0.01092	0.00622	0.00848	0.00245	0.01205	0.00841	0.00364	0.00967
47	0.01818	0.01547	0.01644	0.01481	0.01887	0.01780	0.01161	0.06481	0.62553	0.03065	0.02950	0.02937	0.02272	0.01031	0.00752	0.00250	0.00589	0.03936	0.00736	0.01131
48	0.04285	0.03675	0.68168	0.02031	0.03083	0.01686	0.02617	0.02296	0.01524	0.02337	0.01294	0.01522	0.00916	0.00690	0.00682	0.00230	0.01056	0.00532	0.00312	0.01064
49	0.00925	0.00656	0.00865	0.01018	0.01066	0.00621	0.00693	0.01057	0.01382	0.01839	0.03828	0.61964	0.04548	0.09207	0.01201	0.00338	0.00469	0.07088	0.00652	0.00582
50	0.03111	0.01406	0.01783	0.01375	0.01935	0.01329	0.01133	0.16169	0.04718	0.55030	0.02650	0.02339	0.01703	0.00897	0.00731	0.00224	0.00653	0.00719	0.00860	0.01234
51	0.01029	0.00743	0.00972	0.00914	0.01086	0.00686	0.00686	0.01372	0.02058	0.02915	0.69536	0.05430	0.06859	0.01486	0.00857	0.00229	0.00343	0.01315	0.00800	0.00686
52	0.01458	0.03760	0.70688	0.02072	0.03146	0.01688	0.02686	0.02302	0.01535	0.02302	0.01304	0.01535	0.00921	0.00691	0.00691	0.00230	0.01074	0.00537	0.00307	0.01074
53	0.01029	0.00743	0.00972	0.00914	0.01086	0.00686	0.00686	0.01372	0.02058	0.02915	0.69536	0.05430	0.06859	0.01486	0.00857	0.00229	0.00343	0.01315	0.00800	0.00686
54	0.01038	0.00779	0.01168	0.01168	0.01298	0.00909	0.00909	0.01298	0.01168	0.01687	0.01947	0.02856	0.01817	0.05452	0.71573	0.01168	0.01947	0.00779	0.00389	0.00649
55	0.01507	0.01292	0.01507	0.01077	0.01723	0.00969	0.00861	0.01830	0.01507	0.02369	0.01292	0.01507	0.01077	0.00538	0.00538	0.00108	0.00538	0.00431	0.00431	0.78898
56	0.00886	0.00633	0.00843	0.01012	0.01054	0.00590	0.00675	0.01012	0.01392	0.01856	0.04006	0.73979	0.04808	0.02277	0.00928	0.00295	0.00422	0.02066	0.00675	0.00590
57	0.01397	0.01334	0.02269	0.66412	0.04806	0.01654	0.04672	0.01871	0.01448	0.01871	0.01283	0.01922	0.00974	0.00749	0.00813	0.00246	0.04487	0.00654	0.00325	0.00814
58	0.00886	0.00633	0.00843	0.01012	0.01054	0.00590	0.00675	0.01012	0.01392	0.01856	0.04006	0.73979	0.04808	0.02277	0.00928	0.00295	0.00422	0.02066	0.00675	0.00590
59	0.01683	0.02008	0.07390	0.07201	0.03840	0.01818	0.60217	0.02299	0.01691	0.02299	0.01452	0.01939	0.01086	0.00623	0.00842	0.00244	0.01203	0.00830	0.00362	0.00975
60	0.00886	0.00633	0.00843	0.01012	0.01054	0.00590	0.00675	0.01012	0.01392	0.01856	0.04006	0.73979	0.04808	0.02277	0.00928	0.00295	0.00422	0.02066	0.00675	0.00590
61	0.01155	0.01003	0.01365	0.01333	0.01374	0.01212	0.01015	0.01305	0.01324	0.01859	0.05389	0.40936	0.06579	0.01848	0.01472	0.00299	0.27841	0.01474	0.00545	0.00672
62	0.00969	0.00792	0.03398	0.01042	0.01169	0.00676	0.00783	0.01202	0.01621	0.02219	0.24070	0.45853	0.05258	0.01959	0.00903	0.00275	0.00437	0.06030	0.00700	0.00642
63	0.01205	0.00904	0.01157	0.01245	0.01434	0.00924	0.01029	0.01741	0.10943	0.02280	0.08602	0.11766	0.08009	0.04950	0.01058	0.00323	0.00598	0.40435	0.00679	0.00718
64	0.01507	0.01292	0.01507	0.01077	0.01723	0.00969	0.00861	0.01830	0.01507	0.02369	0.01292	0.01507	0.01077	0.00538	0.00538	0.00108	0.00538	0.00431	0.00431	0.78898
65	0.01783	0.01711	0.02922	0.07019	0.67487	0.01723	0.02223	0.02217	0.01648	0.02355	0.01364	0.01804	0.01145	0.00651	0.00720	0.00217	0.00868	0.00648	0.00358	0.01139
66	0.44787	0.13441	0.01788	0.01227	0.01709	0.13125	0.01024	0.08129	0.01638	0.05778	0.01175	0.01305	0.00918	0.00706	0.00522	0.00207	0.00741	0.00442	0.00460	0.00878
67	0.01948	0.52956	0.16287	0.01471	0.02178	0.02471	0.03925	0.02314	0.01544	0.07282	0.01230	0.01368	0.01005	0.00657	0.00544	0.00178	0.00837	0.00461	0.00359	0.00985
68	0.01456	0.01392	0.02391	0.46207	0.04048	0.01672	0.11610	0.01899	0.01446	0.01975	0.01348	0.01946	0.01053	0.00801	0.00982	0.00249	0.11901	0.00679	0.06125	0.00822
69	0.02611	0.01902	0.02036	0.01578	0.02112	0.02098	0.01292	0.60924	0.03211	0.04344	0.01804	0.01922	0.01329	0.03770	0.00831	0.00234	0.00768	0.00672	0.05389	0.01171
70	0.02276	0.01479	0.01670	0.01415	0.01878	0.01589	0.01125	0.09397	0.40997	0.22552	0.02992	0.02721	0.04595	0.00984	0.00741	0.00238	0.00600	0.00808	0.00782	0.01163
71	0.00859	0.00736	0.00736	0.00736	0.00982	0.00614	0.00552	0.01043	0.01657	0.01964	0.07364	0.06996	0.69624	0.01841	0.00859	0.00245	0.00368	0.01534	0.00675	0.00614
72	0.01373	0.01292	0.02180	0.72707	0.05006	0.01615	0.02019	0.01857	0.01453	0.01857	0.01292	0.01938	0.00969	0.00727	0.00727	0.00242	0.00969	0.00646	0.00323	0.00807
73	0.00859	0.00736	0.00736	0.00736	0.00982	0.00614	0.00552	0.01043	0.01657	0.01964	0.07364	0.06996	0.69624	0.01841	0.00859	0.00245	0.00368	0.01534	0.00675	0.00614
74	0.02763	0.02036	0.02182	0.01672	0.02254	0.02254	0.01382	0.67496	0.03418	0.04581	0.01745	0.01745	0.01236	0.00873	0.00727	0.00218	0.00800	0.00654	0.00727	0.01236
75	0.01799	0.01727	0.02950	0.04462	0.69919	0.01727	0.02231	0.02231	0.01655	0.02375	0.01367	0.01799	0.01151	0.00648	0.00720	0.00216	0.00864	0.00648	0.00360	0.01151
76	0.01799	0.01727	0.02950	0.04462	0.69919	0.01727	0.02231	0.02231	0.01655	0.02375	0.01367	0.01799	0.01151	0.00648	0.00720	0.00216	0.00864	0.00648	0.00360	0.01151
77	0.01458	0.03760	0.70688	0.02072	0.03146	0.01688	0.02686	0.02302	0.01535	0.02302	0.01304	0.01535	0.00921	0.00691	0.00691	0.00230	0.01074	0.00537	0.00307	0.01074
78	0.01808	0.01561	0.01644	0.01479	0.01890	0.01808	0.01151	0.03863	0.68606	0.03041	0.02959	0.02712	0.02219	0.00986	0.00740	0.00247	0.00575	0.00822	0.00740	0.01151
79	0.00869	0.00737	0.00750	0.00747	0.00988	0.00618	0.00560	0.01063	0.01681	0.02021	0.11094	0.06902	0.65858	0.01820	0.00859	0.00244	0.00367	0.01521	0.00683	0.00618
80	0.46550	0.01355	0.01520	0.28591	0.02809	0.01603	0.01272	0.02083	0.01353	0.05297	0.01191	0.01522	0.00896	0.00703	0.00567	0.00232	0.00721	0.00504	0.00418	0.00812
81	0.01543	0.03190	0.50583	0.02315	0.05174	0.01728	0.16162	0.02399	0.05607	0.02354	0.01441	0.01703	0.01044	0.00691	0.00730	0.00234	0.01070	0.00625	0.00347	0.01061
82	0.00886	0.00633	0.00843	0.01012	0.01054	0.00590	0.00675	0.01012	0.01392	0.01856	0.04006	0.73979	0.04808	0.02277	0.00928	0.00295	0.00422	0.02066	0.00675	0.00590
83	0.01590	0.01590	0.02226	0.01908	0.01908	0.02226	0.01590	0.01749	0.01113	0.01749	0.00954	0.01590	0.00954	0.01272	0.02385	0.00318	0.73123	0.00636	0.00318	0.00795
84	0.01522	0.01439	0.02434	0.43965	0.29980	0.01625	0.02057	0.01974	0.01529	0.02057	0.01410	0.04246	0.01165	0.00747	0.00731	0.00234	0.00910	0.00693	0.00349	0.00933
85	0.01547	0.01470	0.02495	0.44834	0.31519	0.01661	0.02105	0.02010	0.01536	0.02069	0.01323	0.01881	0.01043	0.00694	0.00724	0.00231	0.00926	0.00647	0.00338	0.00948
86	0.03153	0.01213	0.01652	0.01275	0.01818	0.01050	0.01050	0.03437	0.02079	0.67141	0.06109	0.02618	0.02045	0.00928	0.00737	0.00225	0.00605	0.00759	0.00895	0.01210
87	0.01355	0.00678	0.00678	0.00678	0.00847	0.00678	0.00508	0.01694	0.01524	0.02710	0.02371	0.02710	0.01863	0.00847	0.00508	0.00169	0.00339	0.00678	0.78489	0.00678
88	0.01525	0.06424	0.65555	0.02025	0.03064	0.01755	0.02582	0.04740	0.01603	0.02365	0.01310	0.01528	0.00933	0.00695	0.00683	0.00227	0.01053	0.00536	0.00323	0.01075
89	0.00871	0.00740	0.00752	0.00758	0.01001	0.00622	0.00575	0.01060	0.01657	0.01971	0.07235	0.07040	0.67234	0.01847	0.00864	0.00249	0.00379	0.03854	0.00675	0.00616
90	0.01056	0.00709	0.00815	0.00815	0.00823	0.00717	0.00469	0.01072	0.01064	0.01426	0.02270	0.04643	0.02593	0.70313	0.07773	0.00733	0.00779	0.01040	0.00437	0.00453
91	0.06597	0.37424	0.06243	0.01470	0.02022	0.02302	0.05252	0.14350	0.01795	0.02408	0.01303	0.01562	0.01100	0.01287	0.09304	0.00310	0.03380	0.00530	0.00411	0.00952
92	0.00886	0.00633	0.00843	0.01012	0.01054	0.00590	0.00675	0.01012	0.01392	0.01856	0.04006	0.73979	0.04808	0.02277	0.00928	0.00295	0.00422	0.02066	0.00675	0.00590
93	0.02256	0.10460	0.02051	0.01604	0.02001	0.41686	0.01253	0.05117	0.08672	0.02049	0.02000	0.02088	0.08551	0.00892	0.00721	0.00198	0.03381	0.00622	0.00451	0.03947
94	0.01724	0.01310	0.01509	0.01275	0.01700	0.01274	0.01004	0.17693	0.09258	0.04879	0.02457	0.19239	0.02368	0.01196	0.00738	0.00214	0.00590	0.05735	0.00625	0.25213
95	0.01556	0.15968	0.56356	0.02027	0.05661	0.01895	0.02418	0.02277	0.01530	0.02203	0.01256	0.01482	0.00932	0.00677	0.00653	0.00217	0.01014	0.00516	0.00310	0.01053
96	0.01541	0.01656	0.03335	0.02507	0.03002	0.01661	0.45012	0.01995	0.01565	0.02154	0.01871	0.15448	0.01778	0.01024	0.01098	0.00265	0.11738	0.01052	0.00418	0.00880

[dist]
# distance from previous block
# <min> <max>
0	5

[block]
# block no. 3 follows, 28 sequences, length 15
# corresponding to MSA columns:
# 231-245
name=unknown_D
#
# <colnr> <probs for GDERKNQSTAVLIFYWHMCP>
#	G	D	E	R	K	N	Q	S	T	A	V	L	I	F	Y	W	H	M	C	P
0	0.01045	0.00789	0.00972	0.00930	0.01121	0.00743	0.00695	0.01463	0.06318	0.02715	0.51765	0.09627	0.15974	0.01555	0.00854	0.00236	0.00367	0.01361	0.00770	0.00700
1	0.01496	0.01042	0.01377	0.24588	0.02392	0.01197	0.01133	0.07579	0.01650	0.02551	0.01896	0.02319	0.01471	0.00829	0.00685	0.00204	0.03880	0.00663	0.42273	0.00775
2	0.00859	0.00736	0.00736	0.00736	0.00982	0.00614	0.00552	0.01043	0.01657	0.01964	0.07364	0.06996	0.69624	0.01841	0.00859	0.00245	0.00368	0.01534	0.00675	0.00614
3	0.01235	0.00649	0.00974	0.00974	0.00990	0.00665	0.00665	0.00990	0.00974	0.01315	0.01347	0.02289	0.01331	0.02884	0.11268	0.69327	0.00793	0.00649	0.00325	0.00357
4	0.01943	0.74891	0.03809	0.01244	0.01866	0.02876	0.01244	0.02177	0.01477	0.01710	0.01011	0.01166	0.00933	0.00622	0.00466	0.00155	0.00777	0.00389	0.00311	0.00933
5	0.01042	0.00764	0.01092	0.01092	0.01195	0.00867	0.00813	0.01249	0.01146	0.01631	0.02017	0.03244	0.01986	0.19533	0.57723	0.01074	0.01694	0.00836	0.00400	0.00606
6	0.01043	0.00759	0.01066	0.01066	0.01161	0.00853	0.00781	0.01232	0.01138	0.01612	0.02040	0.03373	0.02042	0.24223	0.53109	0.01042	0.01609	0.00855	0.00403	0.00592
7	0.59506	0.01669	0.01351	0.01157	0.01627	0.06576	0.00944	0.14760	0.01713	0.03413	0.01161	0.01298	0.00884	0.00718	0.00517	0.00221	0.00660	0.00449	0.00498	0.00877
8	0.01531	0.01521	0.02337	0.23817	0.02978	0.02014	0.05687	0.01818	0.01255	0.01818	0.01090	0.01720	0.00968	0.01064	0.01782	0.00290	0.46527	0.00653	0.00323	0.00810
9	0.01589	0.01632	0.03129	0.32626	0.17799	0.01722	0.26570	0.02110	0.01593	0.02140	0.01374	0.01918	0.01057	0.00668	0.00775	0.00238	0.01044	0.00726	0.00347	0.00943
10	0.01764	0.01692	0.02888	0.10021	0.64631	0.01718	0.02214	0.02200	0.01639	0.02333	0.01361	0.01810	0.01137	0.00654	0.00720	0.00218	0.00872	0.00648	0.00357	0.01123
11	0.01505	0.01477	0.02183	0.01859	0.01929	0.01978	0.05780	0.01711	0.01162	0.01777	0.01156	0.01828	0.01110	0.01936	0.13981	0.00457	0.56380	0.00675	0.00333	0.00783
12	0.03145	0.01424	0.01803	0.01382	0.01949	0.01347	0.01142	0.18544	0.02394	0.54978	0.02604	0.02303	0.01667	0.00893	0.00730	0.00223	0.00661	0.00713	0.00859	0.01237
13	0.00886	0.00633	0.00843	0.01012	0.01054	0.00590	0.00675	0.01012	0.01392	0.01856	0.04006	0.73979	0.04808	0.02277	0.00928	0.00295	0.00422	0.02066	0.00675	0.00590
14	0.01213	0.00893	0.01213	0.01307	0.01533	0.00853	0.01133	0.01546	0.01653	0.02199	0.03535	0.07379	0.03803	0.01828	0.00947	0.00307	0.00653	0.57107	0.00640	0.10260

[dist]
# distance from previous block
# <min> <max>
0	1

[block]
# block no. 4 follows, 28 sequences, length 16
# corresponding to MSA columns:
# 247-262
name=unknown_E
#
# <colnr> <probs for GDERKNQSTAVLIFYWHMCP>
#	G	D	E	R	K	N	Q	S	T	A	V	L	I	F	Y	W	H	M	C	P
0	0.01943	0.74891	0.03809	0.01244	0.01866	0.02876	0.01244	0.02177	0.01477	0.01710	0.01011	0.01166	0.00933	0.00622	0.00466	0.00155	0.00777	0.00389	0.00311	0.00933
1	0.01070	0.00770	0.01051	0.01211	0.01344	0.00751	0.00991	0.01334	0.01587	0.02068	0.04058	0.28211	0.07382	0.02083	0.00974	0.00319	0.00580	0.42901	0.00671	0.00643
2	0.01880	0.65590	0.12554	0.01352	0.02033	0.02721	0.01432	0.02193	0.01485	0.01788	0.01049	0.01214	0.00931	0.00631	0.00496	0.00165	0.00816	0.00408	0.00310	0.00951
3	0.01762	0.01690	0.02884	0.10339	0.64329	0.01717	0.02213	0.02199	0.01638	0.02330	0.01361	0.01811	0.01136	0.00654	0.00720	0.00218	0.00873	0.00648	0.00357	0.01122
4	0.01867	0.01572	0.01672	0.01491	0.01906	0.01804	0.01173	0.09650	0.59473	0.03144	0.02887	0.02876	0.02219	0.01023	0.00751	0.00248	0.00600	0.03773	0.00735	0.01136
5	0.00886	0.00633	0.00843	0.01012	0.01054	0.00590	0.00675	0.01012	0.01392	0.01856	0.04006	0.73979	0.04808	0.02277	0.00928	0.00295	0.00422	0.02066	0.00675	0.00590
6	0.01943	0.74891	0.03809	0.01244	0.01866	0.02876	0.01244	0.02177	0.01477	0.01710	0.01011	0.01166	0.00933	0.00622	0.00466	0.00155	0.00777	0.00389	0.00311	0.00933
7	0.01943	0.74891	0.03809	0.01244	0.01866	0.02876	0.01244	0.02177	0.01477	0.01710	0.01011	0.01166	0.00933	0.00622	0.00466	0.00155	0.00777	0.00389	0.00311	0.00933
8	0.02957	0.01170	0.01589	0.01242	0.01751	0.01016	0.01016	0.03247	0.02077	0.61226	0.11951	0.02877	0.02489	0.00980	0.00748	0.00225	0.00581	0.00811	0.00886	0.01162
9	0.02715	0.03464	0.02060	0.01873	0.02247	0.71536	0.01404	0.02903	0.02060	0.01779	0.01124	0.01311	0.00936	0.00749	0.00655	0.00187	0.01311	0.00468	0.00375	0.00843
10	0.00866	0.00710	0.00764	0.00807	0.01000	0.00608	0.00584	0.01035	0.01589	0.01936	0.06501	0.24212	0.52965	0.01953	0.00877	0.00258	0.00382	0.01671	0.00675	0.00608
11	0.01716	0.01961	0.04289	0.03064	0.03799	0.01838	0.67279	0.02328	0.01716	0.02328	0.01471	0.01961	0.01103	0.00613	0.00858	0.00245	0.01225	0.00858	0.00368	0.00980
12	0.01207	0.00877	0.01198	0.01347	0.01528	0.00891	0.01170	0.01639	0.05440	0.02224	0.03799	0.07891	0.04073	0.01951	0.00989	0.00330	0.00664	0.61414	0.00673	0.00696
13	0.02015	0.68273	0.03647	0.01302	0.01901	0.09238	0.01259	0.02244	0.01531	0.01717	0.01021	0.01179	0.00933	0.00634	0.00484	0.00158	0.00827	0.00396	0.00317	0.00924
14	0.01716	0.01961	0.04289	0.03064	0.03799	0.01838	0.67279	0.02328	0.01716	0.02328	0.01471	0.01961	0.01103	0.00613	0.00858	0.00245	0.01225	0.00858	0.00368	0.00980
15	0.01902	0.68766	0.09568	0.01315	0.01976	0.02774	0.01368	0.02187	0.01482	0.01761	0.01036	0.01198	0.00932	0.00628	0.00486	0.00162	0.00803	0.00401	0.00311	0.00945

[dist]
# distance from previous block
# <min> <max>
0	1

[block]
# block no. 5 follows, 28 sequences, length 8
# corresponding to MSA columns:
# 264-271
name=unknown_F
#
# <colnr> <probs for GDERKNQSTAVLIFYWHMCP>
#	G	D	E	R	K	N	Q	S	T	A	V	L	I	F	Y	W	H	M	C	P
0	0.00878	0.00737	0.00763	0.00756	0.00993	0.00622	0.00567	0.01080	0.01702	0.02070	0.14304	0.06821	0.62618	0.01801	0.00859	0.00244	0.00365	0.01510	0.00689	0.00622
1	0.00886	0.00633	0.00843	0.01012	0.01054	0.00590	0.00675	0.01012	0.01392	0.01856	0.04006	0.73979	0.04808	0.02277	0.00928	0.00295	0.00422	0.02066	0.00675	0.00590
2	0.01029	0.00743	0.00972	0.00914	0.01086	0.00686	0.00686	0.01372	0.02058	0.02915	0.69536	0.05430	0.06859	0.01486	0.00857	0.00229	0.00343	0.01315	0.00800	0.00686
3	0.01458	0.03760	0.70688	0.02072	0.03146	0.01688	0.02686	0.02302	0.01535	0.02302	0.01304	0.01535	0.00921	0.00691	0.00691	0.00230	0.01074	0.00537	0.00307	0.01074
4	0.01151	0.00775	0.01009	0.00949	0.01146	0.00711	0.00726	0.01481	0.02015	0.06560	0.58656	0.05509	0.10023	0.01503	0.00859	0.00235	0.00378	0.04813	0.00791	0.00711
5	0.01233	0.00840	0.01082	0.01074	0.01225	0.00841	0.00795	0.01417	0.01567	0.09438	0.11755	0.36278	0.17827	0.01834	0.01047	0.00272	0.08539	0.01564	0.00674	0.00699
6	0.02377	0.22440	0.02474	0.01590	0.02065	0.33035	0.01303	0.14495	0.05708	0.02350	0.01600	0.01695	0.04307	0.00801	0.00631	0.00190	0.00988	0.00550	0.00456	0.00945
7	0.07394	0.05240	0.01822	0.01529	0.01888	0.31163	0.01200	0.11511	0.01981	0.02335	0.02223	0.05346	0.10239	0.01044	0.00836	0.00219	0.07023	0.03005	0.00486	0.03516

[dist]
# distance from previous block
# <min> <max>
8	44

[block]
# block no. 6 follows, 28 sequences, length 6
# corresponding to MSA columns:
# 316-321
name=unknown_G
#
# <colnr> <probs for GDERKNQSTAVLIFYWHMCP>
#	G	D	E	R	K	N	Q	S	T	A	V	L	I	F	Y	W	H	M	C	P
0	0.01698	0.01624	0.02768	0.20654	0.54518	0.01701	0.02181	0.02142	0.01607	0.02252	0.01349	0.01832	0.01108	0.00666	0.00721	0.00222	0.00889	0.00647	0.00351	0.01070
1	0.39378	0.01948	0.01384	0.01252	0.01645	0.23587	0.00979	0.02291	0.01577	0.05809	0.01827	0.01961	0.07868	0.01087	0.04445	0.00266	0.00858	0.00569	0.00467	0.00801
2	0.05578	0.01311	0.01615	0.01326	0.01770	0.01309	0.01066	0.11485	0.10142	0.37354	0.06328	0.10090	0.02298	0.01091	0.00813	0.00238	0.03418	0.00889	0.00788	0.01093
3	0.02164	0.01624	0.01758	0.01403	0.01850	0.01742	0.01103	0.39438	0.10004	0.03507	0.01947	0.02461	0.01625	0.16311	0.01333	0.00312	0.00727	0.00734	0.00637	0.09321
4	0.01467	0.01388	0.02350	0.57683	0.19297	0.01640	0.02065	0.01939	0.01498	0.01971	0.01309	0.01907	0.01009	0.00709	0.00725	0.00236	0.00946	0.00646	0.00331	0.00883
5	0.13917	0.02488	0.01888	0.01625	0.02074	0.31854	0.01271	0.20942	0.11926	0.02961	0.01545	0.01615	0.01183	0.00807	0.00657	0.00210	0.00952	0.00560	0.00537	0.00989

[dist]
# distance from previous block
# <min> <max>
12	27

[block]
# block no. 7 follows, 28 sequences, length 196
# corresponding to MSA columns:
# 349-544
name=unknown_H
#
# <colnr> <probs for GDERKNQSTAVLIFYWHMCP>
#	G	D	E	R	K	N	Q	S	T	A	V	L	I	F	Y	W	H	M	C	P
0	0.52468	0.01541	0.04682	0.01143	0.01630	0.01600	0.00986	0.10896	0.01653	0.09766	0.04109	0.01625	0.01230	0.00914	0.02892	0.00256	0.00661	0.00518	0.00535	0.00895
1	0.04937	0.01808	0.01995	0.01615	0.02101	0.06517	0.06307	0.29049	0.20783	0.05892	0.06957	0.02453	0.04383	0.00948	0.00740	0.00228	0.00743	0.00775	0.00679	0.01090
2	0.02162	0.01683	0.01795	0.01477	0.01948	0.01865	0.01187	0.35723	0.25912	0.03705	0.05498	0.02777	0.08912	0.01038	0.00750	0.00231	0.00658	0.00831	0.00729	0.01119
3	0.76126	0.01434	0.01119	0.00988	0.01444	0.01659	0.00814	0.05082	0.01335	0.03321	0.01045	0.01206	0.00807	0.00684	0.00462	0.00225	0.00573	0.00405	0.00462	0.00807
4	0.01029	0.00743	0.00972	0.00914	0.01086	0.00686	0.00686	0.01372	0.02058	0.02915	0.69536	0.05430	0.06859	0.01486	0.00857	0.00229	0.00343	0.01315	0.00800	0.00686
5	0.02392	0.01840	0.01960	0.01579	0.02095	0.02056	0.01280	0.44749	0.24427	0.03997	0.02322	0.02230	0.03799	0.00941	0.00736	0.00228	0.00713	0.00737	0.00729	0.01188
6	0.01808	0.01561	0.01644	0.01479	0.01890	0.01808	0.01151	0.03863	0.68606	0.03041	0.02959	0.02712	0.02219	0.00986	0.00740	0.00247	0.00575	0.00822	0.00740	0.01151
7	0.01373	0.01292	0.02180	0.72707	0.05006	0.01615	0.02019	0.01857	0.01453	0.01857	0.01292	0.01938	0.00969	0.00727	0.00727	0.00242	0.00969	0.00646	0.00323	0.00807
8	0.75829	0.01437	0.01123	0.00991	0.01447	0.01661	0.00816	0.05335	0.01344	0.03326	0.01048	0.01208	0.00809	0.00684	0.00463	0.00225	0.00574	0.00406	0.00463	0.00809
9	0.02827	0.01865	0.02067	0.01592	0.02164	0.02009	0.01313	0.52920	0.05394	0.17288	0.02004	0.01920	0.01379	0.00882	0.00728	0.00220	0.00757	0.00675	0.00761	0.01233
10	0.02223	0.01599	0.01755	0.01453	0.01893	0.01763	0.01150	0.29050	0.26127	0.09949	0.02352	0.02527	0.01814	0.09065	0.03656	0.00317	0.00734	0.00770	0.00705	0.01098
11	0.31538	0.01176	0.01163	0.00997	0.01387	0.01240	0.00805	0.07097	0.01693	0.17603	0.04219	0.02101	0.01566	0.00817	0.00562	0.00208	0.00518	0.00601	0.23828	0.00881
12	0.79588	0.01406	0.01068	0.00956	0.01406	0.01631	0.00787	0.02137	0.01237	0.03261	0.01012	0.01181	0.00787	0.00675	0.00450	0.00225	0.00562	0.00394	0.00450	0.00787
13	0.00886	0.00633	0.00843	0.01012	0.01054	0.00590	0.00675	0.01012	0.01392	0.01856	0.04006	0.73979	0.04808	0.02277	0.00928	0.00295	0.00422	0.02066	0.00675	0.00590
14	0.01770	0.01528	0.01607	0.01450	0.01854	0.01760	0.01127	0.03750	0.65927	0.02998	0.03135	0.02883	0.04917	0.01020	0.00744	0.00247	0.00567	0.00850	0.00737	0.01129
15	0.79588	0.01406	0.01068	0.00956	0.01406	0.01631	0.00787	0.02137	0.01237	0.03261	0.01012	0.01181	0.00787	0.00675	0.00450	0.00225	0.00562	0.00394	0.00450	0.00787
16	0.00886	0.00633	0.00843	0.01012	0.01054	0.00590	0.00675	0.01012	0.01392	0.01856	0.04006	0.73979	0.04808	0.02277	0.00928	0.00295	0.00422	0.02066	0.00675	0.00590
17	0.01052	0.00868	0.01352	0.01329	0.01451	0.00875	0.08020	0.01247	0.01422	0.01918	0.03471	0.56077	0.04050	0.01997	0.01044	0.00294	0.06474	0.05791	0.00612	0.00655
18	0.02715	0.03464	0.02060	0.01873	0.02247	0.71536	0.01404	0.02903	0.02060	0.01779	0.01124	0.01311	0.00936	0.00749	0.00655	0.00187	0.01311	0.00468	0.00375	0.00843
19	0.00893	0.00636	0.00841	0.01003	0.01044	0.00595	0.00665	0.01014	0.01378	0.01838	0.03937	0.71175	0.04720	0.05201	0.01040	0.00312	0.00433	0.02026	0.00665	0.00584
20	0.79588	0.01406	0.01068	0.00956	0.01406	0.01631	0.00787	0.02137	0.01237	0.03261	0.01012	0.01181	0.00787	0.00675	0.00450	0.00225	0.00562	0.00394	0.00450	0.00787
21	0.02715	0.03464	0.02060	0.01873	0.02247	0.71536	0.01404	0.02903	0.02060	0.01779	0.01124	0.01311	0.00936	0.00749	0.00655	0.00187	0.01311	0.00468	0.00375	0.00843
22	0.01808	0.01561	0.01644	0.01479	0.01890	0.01808	0.01151	0.03863	0.68606	0.03041	0.02959	0.02712	0.02219	0.00986	0.00740	0.00247	0.00575	0.00822	0.00740	0.01151
23	0.01355	0.00678	0.00678	0.00678	0.00847	0.00678	0.00508	0.01694	0.01524	0.02710	0.02371	0.02710	0.01863	0.00847	0.00508	0.00169	0.00339	0.00678	0.78489	0.00678
