[name]
unknown

[dist]
# distance from previous block
# <min> <max>
8	63

[block]
# block no. 0 follows, 23 sequences, length 78
# corresponding to MSA columns:
# 121-198
name=unknown_A
#
# <colnr> <probs for GDERKNQSTAVLIFYWHMCP>
#	G	D	E	R	K	N	Q	S	T	A	V	L	I	F	Y	W	H	M	C	P
0	0.01966	0.01885	0.03218	0.10681	0.61050	0.01917	0.02469	0.02453	0.01828	0.02600	0.01519	0.02022	0.01267	0.00731	0.00804	0.00244	0.00974	0.00723	0.00398	0.01251
1	0.01532	0.01442	0.02434	0.69533	0.05589	0.01803	0.02253	0.02073	0.01622	0.02073	0.01442	0.02163	0.01082	0.00811	0.00811	0.00270	0.01082	0.00721	0.00361	0.00901
2	0.01780	0.01500	0.01735	0.01248	0.01964	0.01181	0.01002	0.06324	0.01831	0.02816	0.01477	0.01701	0.01214	0.00627	0.00616	0.00129	0.00621	0.00498	0.00504	0.71233
3	0.01491	0.01240	0.01344	0.01263	0.01590	0.01312	0.00970	0.02657	0.30148	0.02873	0.14140	0.05366	0.22645	0.04773	0.01054	0.00301	0.00546	0.04534	0.00794	0.00960
4	0.01513	0.00756	0.00756	0.00756	0.00945	0.00756	0.00567	0.01891	0.01702	0.03025	0.02647	0.03025	0.02080	0.00945	0.00567	0.00189	0.00378	0.00756	0.75988	0.00756
5	0.01808	0.01438	0.01695	0.01217	0.01932	0.01089	0.00976	0.02166	0.01724	0.06778	0.01555	0.01752	0.01254	0.00627	0.00615	0.00129	0.00607	0.00502	0.00514	0.71620
6	0.03085	0.02273	0.02435	0.01867	0.02516	0.02516	0.01542	0.63716	0.03815	0.05114	0.01948	0.01948	0.01380	0.00974	0.00812	0.00244	0.00893	0.00731	0.00812	0.01380
7	0.01513	0.00756	0.00756	0.00756	0.00945	0.00756	0.00567	0.01891	0.01702	0.03025	0.02647	0.03025	0.02080	0.00945	0.00567	0.00189	0.00378	0.00756	0.75988	0.00756
8	0.02930	0.09918	0.02497	0.01716	0.02341	0.02391	0.01441	0.48720	0.03335	0.09230	0.01991	0.02001	0.01431	0.00943	0.00765	0.00233	0.00844	0.00705	0.05264	0.01305
9	0.02008	0.01928	0.03294	0.04981	0.66422	0.01928	0.02490	0.02490	0.01848	0.02651	0.01526	0.02008	0.01285	0.00723	0.00803	0.00241	0.00964	0.00723	0.00402	0.01285
10	0.01683	0.01442	0.01683	0.01202	0.01923	0.01082	0.00961	0.02043	0.01683	0.02644	0.01442	0.01683	0.01202	0.00601	0.00601	0.00120	0.00601	0.00481	0.00481	0.76444
11	0.02677	0.01546	0.01821	0.01515	0.02025	0.01586	0.01209	0.12558	0.22622	0.28500	0.05599	0.07413	0.04827	0.01192	0.00843	0.00264	0.00669	0.00988	0.00889	0.01256
12	0.01796	0.01684	0.02873	0.48832	0.04957	0.01938	0.13571	0.09809	0.01949	0.02548	0.01542	0.02141	0.01146	0.00808	0.00839	0.00268	0.01112	0.00766	0.00426	0.00997
13	0.01251	0.00993	0.01154	0.01207	0.01402	0.01012	0.00866	0.01959	0.17709	0.02476	0.07350	0.40619	0.14746	0.02060	0.00967	0.00304	0.00501	0.01822	0.00777	0.00826
14	0.01513	0.00756	0.00756	0.00756	0.00945	0.00756	0.00567	0.01891	0.01702	0.03025	0.02647	0.03025	0.02080	0.00945	0.00567	0.00189	0.00378	0.00756	0.75988	0.00756
15	0.00987	0.00713	0.00934	0.01111	0.01172	0.00661	0.00745	0.01132	0.01571	0.02079	0.04696	0.67187	0.08989	0.02513	0.01031	0.00326	0.00467	0.02271	0.00753	0.00661
16	0.01513	0.00756	0.00756	0.00756	0.00945	0.00756	0.00567	0.01891	0.01702	0.03025	0.02647	0.03025	0.02080	0.00945	0.00567	0.00189	0.00378	0.00756	0.75988	0.00756
17	0.02707	0.04808	0.02449	0.02286	0.11911	0.14403	0.01610	0.25818	0.15101	0.07619	0.02074	0.02108	0.01548	0.00928	0.00788	0.00241	0.00946	0.00723	0.00676	0.01254
18	0.01586	0.01497	0.02530	0.62307	0.12399	0.01817	0.02280	0.02120	0.01648	0.02138	0.01452	0.02146	0.01104	0.00801	0.00810	0.00267	0.01068	0.00721	0.00365	0.00944
19	0.01036	0.00828	0.00908	0.00947	0.01166	0.00731	0.00714	0.01241	0.01764	0.02155	0.06816	0.11518	0.46672	0.09417	0.01321	0.00346	0.00504	0.10518	0.00725	0.00672
20	0.01645	0.01616	0.02827	0.27742	0.11383	0.01807	0.14663	0.02102	0.01649	0.02254	0.01797	0.10203	0.01645	0.01060	0.01129	0.00281	0.11062	0.00947	0.00426	0.03765
21	0.02352	0.04346	0.02037	0.01659	0.02155	0.09612	0.01320	0.23109	0.27277	0.03624	0.05397	0.03017	0.08263	0.01129	0.00818	0.00253	0.00793	0.00893	0.00754	0.01191
22	0.01679	0.01487	0.01953	0.09118	0.02479	0.01222	0.04838	0.02080	0.01690	0.02576	0.01454	0.01768	0.01190	0.00630	0.00646	0.00146	0.00701	0.00537	0.00463	0.63343
23	0.28083	0.01620	0.01307	0.01171	0.01575	0.10745	0.00914	0.05278	0.01790	0.03030	0.02495	0.05411	0.08862	0.01028	0.00647	0.00226	0.00671	0.00761	0.16910	0.07476
24	0.01025	0.00737	0.00923	0.01049	0.01118	0.00688	0.00693	0.01156	0.01546	0.02038	0.06693	0.50176	0.11702	0.14606	0.01570	0.00401	0.00517	0.02014	0.00712	0.00636
25	0.01982	0.43891	0.17683	0.01771	0.02534	0.02685	0.05956	0.02417	0.01653	0.02139	0.01245	0.01505	0.01061	0.00758	0.00765	0.00209	0.06001	0.00528	0.00358	0.04860
26	0.02952	0.03735	0.02311	0.02093	0.02485	0.64081	0.01581	0.03159	0.02233	0.01984	0.01242	0.01483	0.01046	0.00873	0.00853	0.00218	0.05785	0.00534	0.00414	0.00937
27	0.02564	0.02293	0.07652	0.02590	0.14207	0.02221	0.08692	0.37459	0.02959	0.04046	0.01770	0.01951	0.01309	0.00858	0.00810	0.00240	0.00963	0.00729	0.00637	0.06051
28	0.01141	0.00829	0.01074	0.01013	0.01207	0.00762	0.00759	0.01516	0.02278	0.03210	0.63593	0.06134	0.10084	0.01675	0.00957	0.00256	0.00384	0.01478	0.00887	0.00762
29	0.09296	0.02100	0.02268	0.06076	0.02533	0.05616	0.01530	0.37248	0.05779	0.07521	0.01824	0.01953	0.01344	0.01004	0.01026	0.00261	0.10017	0.00705	0.00687	0.01214
30	0.01107	0.00815	0.01036	0.01008	0.01194	0.00744	0.00746	0.01442	0.02160	0.02993	0.52084	0.13432	0.14611	0.01805	0.00966	0.00266	0.00396	0.01590	0.00861	0.00744
31	0.01965	0.01696	0.01784	0.01609	0.02059	0.01951	0.01251	0.04153	0.61765	0.03334	0.03551	0.03269	0.05693	0.01149	0.00832	0.00275	0.00630	0.00958	0.00822	0.01254
32	0.00971	0.00822	0.00839	0.00835	0.01103	0.00690	0.00626	0.01188	0.01878	0.02259	0.11863	0.07699	0.62408	0.02030	0.00959	0.00273	0.00409	0.01697	0.00762	0.00690
33	0.00989	0.00706	0.00942	0.01130	0.01177	0.00659	0.00753	0.01130	0.01554	0.02071	0.04472	0.70954	0.05367	0.02542	0.01036	0.00330	0.00471	0.02307	0.00753	0.00659
34	0.01892	0.02144	0.04647	0.07369	0.04321	0.02037	0.59818	0.02568	0.01898	0.02568	0.01630	0.02187	0.01222	0.00692	0.00949	0.00273	0.01351	0.00943	0.00407	0.01083
35	0.01775	0.01775	0.02485	0.02130	0.02130	0.02485	0.01775	0.01953	0.01243	0.01953	0.01065	0.01775	0.01065	0.01420	0.02663	0.00355	0.69998	0.00710	0.00355	0.00888
36	0.02878	0.02081	0.02325	0.01954	0.06196	0.02262	0.01509	0.49042	0.07141	0.08902	0.02432	0.02392	0.05020	0.01028	0.00820	0.00247	0.00842	0.00801	0.00798	0.01331
37	0.01144	0.00839	0.01113	0.01318	0.03947	0.00810	0.00856	0.04353	0.01667	0.02231	0.04152	0.62208	0.04907	0.04897	0.01127	0.00338	0.00524	0.02120	0.00732	0.00715
38	0.01627	0.04197	0.67279	0.02313	0.03512	0.01884	0.02998	0.02570	0.01713	0.02570	0.01456	0.01713	0.01028	0.00771	0.00771	0.00257	0.01199	0.00600	0.00343	0.01199
39	0.01712	0.01560	0.02437	0.41304	0.17841	0.01812	0.02063	0.02514	0.11869	0.02458	0.01820	0.02313	0.01400	0.00846	0.00800	0.00261	0.00950	0.00755	0.04248	0.01038
40	0.02367	0.06335	0.03015	0.03791	0.41199	0.21210	0.02115	0.05783	0.02066	0.02542	0.01447	0.01809	0.01207	0.00767	0.00768	0.00228	0.01100	0.00650	0.00424	0.01177
41	0.01775	0.01775	0.02485	0.02130	0.02130	0.02485	0.01775	0.01953	0.01243	0.01953	0.01065	0.01775	0.01065	0.01420	0.02663	0.00355	0.69998	0.00710	0.00355	0.00888
42	0.02164	0.01427	0.01732	0.01261	0.01959	0.01109	0.01018	0.02513	0.01840	0.18468	0.01875	0.01948	0.01400	0.00700	0.00654	0.00152	0.00623	0.00563	0.00610	0.57982
43	0.00989	0.00706	0.00942	0.01130	0.01177	0.00659	0.00753	0.01130	0.01554	0.02071	0.04472	0.70954	0.05367	0.02542	0.01036	0.00330	0.00471	0.02307	0.00753	0.00659
44	0.03031	0.03867	0.02299	0.02090	0.02508	0.68226	0.01568	0.03240	0.02299	0.01986	0.01254	0.01463	0.01045	0.00836	0.00732	0.00209	0.01463	0.00523	0.00418	0.00941
45	0.03085	0.02273	0.02435	0.01867	0.02516	0.02516	0.01542	0.63716	0.03815	0.05114	0.01948	0.01948	0.01380	0.00974	0.00812	0.00244	0.00893	0.00731	0.00812	0.01380
46	0.02519	0.01585	0.01820	0.01556	0.02060	0.01693	0.01232	0.04078	0.41622	0.24433	0.05876	0.03066	0.02537	0.01092	0.00828	0.00266	0.00647	0.00907	0.00888	0.01295
47	0.01585	0.01496	0.02529	0.62415	0.12296	0.01817	0.02280	0.02119	0.01647	0.02137	0.01451	0.02146	0.01104	0.00802	0.00810	0.00267	0.01069	0.00721	0.00365	0.00944
48	0.00959	0.00822	0.00822	0.00822	0.01096	0.00685	0.00617	0.01165	0.01850	0.02192	0.08220	0.07809	0.66092	0.02055	0.00959	0.00274	0.00411	0.01713	0.00754	0.00685
49	0.03473	0.01338	0.01824	0.01424	0.02015	0.01159	0.01165	0.03776	0.02274	0.62891	0.03281	0.07061	0.02220	0.01101	0.00830	0.00256	0.00677	0.00910	0.00988	0.01335
50	0.01755	0.01638	0.02656	0.32594	0.30095	0.01819	0.02176	0.02432	0.07889	0.02504	0.05186	0.02396	0.01660	0.00849	0.00817	0.00258	0.00952	0.00782	0.00452	0.01089
51	0.00984	0.00726	0.00921	0.01078	0.01163	0.00663	0.00730	0.01136	0.01604	0.02092	0.05108	0.60240	0.15670	0.02459	0.01023	0.00320	0.00461	0.02206	0.00753	0.00663
52	0.77215	0.01569	0.01193	0.01067	0.01569	0.01820	0.00879	0.02385	0.01381	0.03641	0.01130	0.01318	0.00879	0.00753	0.00502	0.00251	0.00628	0.00439	0.00502	0.00879
53	0.01000	0.00711	0.00938	0.01115	0.01160	0.00667	0.00738	0.01133	0.01531	0.02042	0.04358	0.67038	0.05223	0.06655	0.01220	0.00357	0.00490	0.02240	0.00738	0.00649
54	0.01989	0.01901	0.03205	0.07544	0.61556	0.01926	0.02437	0.02539	0.04130	0.02654	0.01587	0.02052	0.01320	0.00740	0.00804	0.00243	0.00957	0.00730	0.00415	0.01269
55	0.03031	0.03867	0.02299	0.02090	0.02508	0.68226	0.01568	0.03240	0.02299	0.01986	0.01254	0.01463	0.01045	0.00836	0.00732	0.00209	0.01463	0.00523	0.00418	0.00941
56	0.01078	0.00783	0.01016	0.01049	0.01192	0.00721	0.00752	0.01361	0.01996	0.02754	0.39832	0.30126	0.10297	0.02009	0.00986	0.00284	0.00417	0.01792	0.00833	0.00721
57	0.12079	0.16882	0.02435	0.01713	0.04466	0.12478	0.01355	0.07853	0.22895	0.07006	0.02075	0.02067	0.01592	0.00900	0.00703	0.00235	0.00849	0.00665	0.00615	0.01141
58	0.01278	0.00862	0.01106	0.01026	0.01252	0.00783	0.00776	0.01639	0.02253	0.06948	0.56421	0.06041	0.13213	0.01660	0.00949	0.00257	0.00404	0.01453	0.00886	0.00794
59	0.02342	0.01411	0.05166	0.01388	0.01864	0.01245	0.01165	0.03066	0.13858	0.29061	0.17648	0.03834	0.07156	0.01548	0.05190	0.00326	0.00718	0.01028	0.00858	0.01129
60	0.02127	0.01683	0.01818	0.01614	0.02065	0.01913	0.01256	0.06320	0.55241	0.07359	0.03142	0.02940	0.02348	0.01184	0.00953	0.04433	0.00658	0.00892	0.00811	0.01243
61	0.01137	0.00829	0.01069	0.01009	0.01205	0.00761	0.00757	0.01509	0.02270	0.03190	0.62543	0.06166	0.11146	0.01683	0.00957	0.00256	0.00384	0.01482	0.00885	0.00761
62	0.02137	0.01531	0.01651	0.01378	0.01721	0.01661	0.01033	0.30277	0.06532	0.03431	0.02331	0.03444	0.02131	0.29232	0.02124	0.00459	0.00796	0.00925	0.06235	0.00972
63	0.02128	0.66770	0.09089	0.01459	0.02192	0.03109	0.01512	0.02440	0.01654	0.01960	0.01153	0.01333	0.01040	0.00700	0.00540	0.00180	0.00893	0.00447	0.00347	0.01053
64	0.01148	0.00829	0.01085	0.01021	0.01212	0.00766	0.00766	0.01531	0.02297	0.03254	0.65994	0.06061	0.07656	0.01659	0.00957	0.00255	0.00383	0.01467	0.00893	0.00766
65	0.02620	0.08503	0.02555	0.02231	0.06499	0.44335	0.01660	0.02843	0.01985	0.02015	0.01220	0.01555	0.01065	0.00948	0.01150	0.00241	0.16649	0.00570	0.00398	0.00959
66	0.01398	0.14113	0.01692	0.01095	0.01262	0.01296	0.03556	0.01478	0.01301	0.01683	0.02248	0.04420	0.02515	0.55038	0.03312	0.00649	0.00829	0.01031	0.00461	0.00622
67	0.09692	0.10295	0.40196	0.02230	0.03188	0.02080	0.11430	0.04740	0.01762	0.02690	0.01421	0.01711	0.01058	0.00779	0.00813	0.00253	0.03520	0.00628	0.00387	0.01130
68	0.03613	0.01426	0.01911	0.01465	0.02094	0.01259	0.01210	0.06960	0.02398	0.63872	0.03138	0.02721	0.01977	0.01003	0.00816	0.00251	0.00701	0.00812	0.00995	0.01381
69	0.01671	0.02322	0.19136	0.27325	0.04229	0.01919	0.17244	0.02279	0.01658	0.02291	0.01453	0.02026	0.01114	0.00900	0.01109	0.02786	0.08420	0.00747	0.00367	0.01003
70	0.01180	0.00787	0.00885	0.00885	0.00885	0.00787	0.00492	0.01180	0.01180	0.01573	0.02557	0.05310	0.02950	0.71483	0.04130	0.00787	0.00787	0.01180	0.00492	0.00492
71	0.01619	0.07849	0.09294	0.01490	0.01893	0.05697	0.05393	0.05856	0.05110	0.02584	0.17482	0.08877	0.05829	0.15746	0.01527	0.00362	0.00791	0.01120	0.00613	0.00870
72	0.00980	0.00823	0.00851	0.00844	0.01109	0.00694	0.00633	0.01205	0.01899	0.02309	0.14590	0.07616	0.59649	0.02011	0.00959	0.00272	0.00408	0.01685	0.00769	0.00694
73	0.01655	0.01543	0.02585	0.61018	0.05308	0.01864	0.06143	0.05994	0.01780	0.02299	0.01487	0.02151	0.01110	0.00813	0.00821	0.00269	0.01088	0.00737	0.00392	0.00944
74	0.01296	0.00912	0.01151	0.01141	0.01344	0.00830	0.00812	0.03721	0.01810	0.04870	0.16379	0.39936	0.04889	0.06118	0.01133	0.00309	0.00512	0.01723	0.00743	0.10372
75	0.01182	0.00923	0.01157	0.01270	0.03735	0.00858	0.00849	0.01510	0.06025	0.02235	0.04261	0.45334	0.11219	0.05873	0.01125	0.00318	0.00526	0.01821	0.00701	0.09078
76	0.13064	0.16815	0.28436	0.08061	0.02961	0.05405	0.04858	0.02437	0.01719	0.02568	0.05486	0.01902	0.01449	0.00813	0.00703	0.00239	0.01005	0.00622	0.00411	0.01047
77	0.02141	0.01816	0.05584	0.01579	0.02236	0.01590	0.04122	0.21781	0.02387	0.05771	0.01987	0.08859	0.01703	0.00945	0.00746	0.00200	0.00752	0.00787	0.00623	0.34392

[dist]
# distance from previous block
# <min> <max>
12	155

[block]
# block no. 1 follows, 23 sequences, length 15
# corresponding to MSA columns:
# 393-407
name=unknown_B
#
# <colnr> <probs for GDERKNQSTAVLIFYWHMCP>
#	G	D	E	R	K	N	Q	S	T	A	V	L	I	F	Y	W	H	M	C	P
0	0.05045	0.03910	0.02127	0.10647	0.08660	0.19910	0.01514	0.10876	0.06118	0.05330	0.02166	0.02420	0.05169	0.01363	0.06257	0.00323	0.01089	0.00739	0.05314	0.01023
1	0.13714	0.07719	0.24968	0.01952	0.04611	0.05977	0.01939	0.15227	0.02094	0.03118	0.01625	0.05698	0.01343	0.00954	0.00862	0.00255	0.05639	0.00697	0.00497	0.01111
2	0.17373	0.12370	0.25238	0.07263	0.06677	0.01895	0.01891	0.02356	0.01662	0.04513	0.05789	0.02161	0.01605	0.04986	0.00897	0.00275	0.00916	0.00659	0.00446	0.01027
3	0.06404	0.11491	0.02089	0.01629	0.08057	0.05695	0.01179	0.02306	0.01820	0.08966	0.07198	0.07676	0.02139	0.00945	0.00696	0.00196	0.00702	0.00769	0.03334	0.26709
4	0.01770	0.03435	0.01444	0.01250	0.01535	0.01132	0.00947	0.09075	0.04771	0.12656	0.22152	0.25453	0.04721	0.04533	0.01052	0.00297	0.00560	0.01482	0.00819	0.00915
5	0.00994	0.00822	0.00876	0.00897	0.01145	0.00704	0.00678	0.01216	0.01856	0.02259	0.10981	0.12063	0.54803	0.02077	0.00974	0.00283	0.00435	0.05487	0.00761	0.00692
6	0.02406	0.04917	0.02215	0.16120	0.05431	0.13246	0.01566	0.16471	0.06470	0.09487	0.02056	0.02554	0.01626	0.03813	0.00920	0.00268	0.00955	0.03357	0.05044	0.01079
7	0.01894	0.00992	0.01236	0.01097	0.01390	0.00894	0.00821	0.02119	0.01903	0.22218	0.15449	0.05349	0.16520	0.19713	0.01746	0.00401	0.00605	0.03998	0.00788	0.00867
8	0.02241	0.01661	0.01843	0.05823	0.02247	0.01864	0.01291	0.14396	0.36894	0.08646	0.02852	0.02760	0.02105	0.01032	0.00788	0.00256	0.00684	0.00843	0.10556	0.01217
9	0.01115	0.00866	0.01039	0.01105	0.01336	0.00791	0.00901	0.01405	0.01905	0.02398	0.12920	0.08144	0.35896	0.02085	0.01022	0.00311	0.00539	0.24738	0.00766	0.00718
10	0.45222	0.01787	0.01759	0.01944	0.14197	0.05688	0.01277	0.08518	0.01804	0.03392	0.01828	0.02011	0.05915	0.00872	0.00639	0.00248	0.00752	0.00624	0.00528	0.00997
11	0.02008	0.01928	0.03294	0.04981	0.66422	0.01928	0.02490	0.02490	0.01848	0.02651	0.01526	0.02008	0.01285	0.00723	0.00803	0.00241	0.00964	0.00723	0.00402	0.01285
12	0.01485	0.01360	0.01978	0.10097	0.06328	0.04424	0.04133	0.01811	0.01436	0.02003	0.01778	0.02612	0.01613	0.03789	0.37938	0.00845	0.14325	0.00802	0.00407	0.00837
13	0.77215	0.01569	0.01193	0.01067	0.01569	0.01820	0.00879	0.02385	0.01381	0.03641	0.01130	0.01318	0.00879	0.00753	0.00502	0.00251	0.00628	0.00439	0.00502	0.00879
14	0.06741	0.00969	0.01190	0.01083	0.01374	0.00899	0.00830	0.01986	0.02100	0.15152	0.35359	0.11233	0.11929	0.01571	0.00892	0.00261	0.00469	0.01351	0.03742	0.00871

[dist]
# distance from previous block
# <min> <max>
0	1

[block]
# block no. 2 follows, 23 sequences, length 10
# corresponding to MSA columns:
# 409-418
name=unknown_C
#
# <colnr> <probs for GDERKNQSTAVLIFYWHMCP>
#	G	D	E	R	K	N	Q	S	T	A	V	L	I	F	Y	W	H	M	C	P
0	0.02640	0.02446	0.06719	0.10281	0.02885	0.11885	0.01682	0.37223	0.06572	0.03893	0.02076	0.02181	0.03894	0.00970	0.00804	0.00246	0.00987	0.00740	0.00665	0.01211
1	0.08825	0.14439	0.02625	0.01781	0.02335	0.14864	0.01484	0.32305	0.02770	0.03623	0.01545	0.01683	0.01195	0.00916	0.00860	0.00234	0.06138	0.00616	0.00599	0.01162
2	0.01153	0.00835	0.01018	0.01076	0.01176	0.00819	0.00730	0.01450	0.05894	0.02228	0.14167	0.31021	0.07388	0.22721	0.01927	0.00449	0.00570	0.04003	0.00703	0.00674
3	0.06569	0.12244	0.06530	0.01837	0.02452	0.08419	0.07330	0.26598	0.05881	0.03593	0.06941	0.02205	0.01823	0.00931	0.00762	0.00235	0.00922	0.00736	0.02841	0.01152
4	0.02028	0.02025	0.02381	0.08328	0.02555	0.12052	0.05135	0.06103	0.07486	0.02414	0.01547	0.02014	0.01303	0.01140	0.01656	0.00293	0.33292	0.00721	0.06565	0.00964
5	0.01792	0.01926	0.07967	0.01784	0.05871	0.08869	0.04010	0.10914	0.04024	0.02815	0.11508	0.04179	0.21640	0.01369	0.01043	0.00264	0.07333	0.01096	0.00632	0.00962
6	0.01360	0.01057	0.07331	0.01227	0.01365	0.00831	0.00985	0.01269	0.01267	0.01710	0.02126	0.12915	0.02250	0.02531	0.02444	0.51091	0.00722	0.06559	0.00446	0.00514
7	0.01371	0.01107	0.01643	0.02122	0.16625	0.01078	0.01356	0.01725	0.01892	0.02555	0.14748	0.15641	0.09328	0.01813	0.00993	0.00308	0.00668	0.23475	0.00693	0.00859
8	0.01699	0.01339	0.04718	0.01474	0.03251	0.01137	0.03060	0.07443	0.01955	0.08820	0.08483	0.24422	0.03390	0.01717	0.03805	0.00301	0.00713	0.04562	0.00684	0.17026
9	0.01790	0.11720	0.14191	0.06868	0.03241	0.01949	0.23894	0.02522	0.06946	0.02595	0.07659	0.02369	0.01860	0.00826	0.00812	0.00241	0.01029	0.00809	0.00472	0.08207

[dist]
# distance from previous block
# <min> <max>
0	7

[block]
# block no. 3 follows, 23 sequences, length 7
# corresponding to MSA columns:
# 426-428,483-486
name=unknown_D
#
# <colnr> <probs for GDERKNQSTAVLIFYWHMCP>
#	G	D	E	R	K	N	Q	S	T	A	V	L	I	F	Y	W	H	M	C	P
0	0.01796	0.01272	0.01518	0.01295	0.01727	0.01164	0.00992	0.08901	0.06682	0.09164	0.08309	0.23543	0.03230	0.01406	0.00826	0.00234	0.00586	0.01219	0.00713	0.25424
1	0.09040	0.07245	0.02829	0.02731	0.18432	0.19771	0.07001	0.17794	0.02405	0.03113	0.01507	0.01757	0.01189	0.00812	0.00754	0.00232	0.01078	0.00648	0.00513	0.01149
2	0.01121	0.00780	0.00884	0.00912	0.00957	0.00754	0.00547	0.01171	0.01328	0.01732	0.03624	0.15188	0.12101	0.51799	0.03239	0.00649	0.00688	0.01418	0.00566	0.00543
3	0.07188	0.46190	0.10981	0.01541	0.02217	0.11897	0.01526	0.02528	0.01732	0.02170	0.01262	0.01462	0.01083	0.00740	0.00581	0.00194	0.00948	0.00483	0.04258	0.01020
4	0.11027	0.12914	0.11937	0.02211	0.07323	0.05028	0.11468	0.02737	0.03650	0.12363	0.01663	0.01898	0.01262	0.00874	0.00991	0.00256	0.10121	0.00675	0.00498	0.01105
5	0.01016	0.00801	0.00884	0.00904	0.01099	0.00704	0.00643	0.01212	0.01787	0.02248	0.15024	0.16908	0.41143	0.10359	0.01349	0.00341	0.00461	0.01706	0.00742	0.00669
6	0.01231	0.00879	0.01093	0.01133	0.01258	0.00860	0.00786	0.06568	0.01863	0.02529	0.17970	0.41025	0.05205	0.11965	0.01437	0.00370	0.00531	0.01822	0.00753	0.00721

[dist]
# distance from previous block
# <min> <max>
0	2

[block]
# block no. 4 follows, 23 sequences, length 17
# corresponding to MSA columns:
# 489-505
name=unknown_E
#
# <colnr> <probs for GDERKNQSTAVLIFYWHMCP>
#	G	D	E	R	K	N	Q	S	T	A	V	L	I	F	Y	W	H	M	C	P
0	0.01916	0.10188	0.02692	0.11290	0.05638	0.01813	0.10346	0.07705	0.06831	0.02742	0.01626	0.01918	0.01288	0.00730	0.00716	0.00198	0.00855	0.00643	0.00490	0.30377
1	0.02028	0.01995	0.16725	0.01546	0.02098	0.04046	0.01480	0.06567	0.05515	0.15961	0.10477	0.04038	0.07861	0.09864	0.01262	0.00329	0.00808	0.05684	0.00688	0.01028
2	0.09090	0.01303	0.01686	0.01365	0.01907	0.01175	0.01127	0.03378	0.02182	0.50108	0.06280	0.03602	0.05821	0.01174	0.00830	0.00263	0.00661	0.05901	0.00924	0.01222
3	0.01725	0.01185	0.01689	0.18032	0.05553	0.01251	0.01375	0.06185	0.02018	0.09935	0.14325	0.12379	0.03555	0.01433	0.00895	0.00279	0.00715	0.10302	0.06253	0.00917
4	0.02044	0.47260	0.18040	0.01570	0.02333	0.02609	0.01690	0.02470	0.01751	0.05639	0.06516	0.01854	0.01621	0.00805	0.00628	0.00203	0.00894	0.00574	0.00425	0.01073
5	0.02747	0.09276	0.05646	0.01449	0.02022	0.01534	0.01266	0.11100	0.02407	0.34082	0.16517	0.03161	0.03007	0.01097	0.00812	0.00243	0.00697	0.00894	0.00846	0.01198
6	0.01001	0.00727	0.00922	0.01071	0.01142	0.00673	0.00714	0.01138	0.01559	0.02045	0.04774	0.57662	0.12660	0.08256	0.01285	0.00361	0.00490	0.02139	0.00731	0.00648
7	0.06836	0.01914	0.10487	0.12540	0.02870	0.01635	0.01638	0.13389	0.02331	0.34530	0.02374	0.02318	0.01568	0.00925	0.00792	0.00254	0.00850	0.00739	0.00757	0.01254
8	0.11878	0.02190	0.09759	0.12574	0.38729	0.06300	0.02240	0.02479	0.01772	0.02651	0.01437	0.01870	0.01161	0.00751	0.00756	0.00246	0.00994	0.00659	0.00404	0.01148
9	0.77215	0.01569	0.01193	0.01067	0.01569	0.01820	0.00879	0.02385	0.01381	0.03641	0.01130	0.01318	0.00879	0.00753	0.00502	0.00251	0.00628	0.00439	0.00502	0.00879
10	0.01180	0.00787	0.00885	0.00885	0.00885	0.00787	0.00492	0.01180	0.01180	0.01573	0.02557	0.05310	0.02950	0.71483	0.04130	0.00787	0.00787	0.01180	0.00492	0.00492
11	0.01207	0.00891	0.01107	0.01071	0.01278	0.00838	0.00805	0.04713	0.02191	0.03001	0.43274	0.15555	0.15096	0.01828	0.00967	0.00272	0.00440	0.03852	0.00844	0.00771
12	0.01148	0.00829	0.01085	0.01021	0.01212	0.00766	0.00766	0.01531	0.02297	0.03254	0.65994	0.06061	0.07656	0.01659	0.00957	0.00255	0.00383	0.01467	0.00893	0.00766
13	0.01967	0.01898	0.03189	0.08577	0.45184	0.01948	0.09478	0.02755	0.11520	0.02720	0.01807	0.02196	0.01448	0.00782	0.00825	0.00252	0.00970	0.00780	0.00465	0.01237
14	0.02008	0.01928	0.03294	0.04981	0.66422	0.01928	0.02490	0.02490	0.01848	0.02651	0.01526	0.02008	0.01285	0.00723	0.00803	0.00241	0.00964	0.00723	0.00402	0.01285
15	0.01204	0.00858	0.01048	0.01106	0.01212	0.00839	0.00756	0.05364	0.01700	0.02266	0.09158	0.37560	0.07981	0.20253	0.01819	0.00435	0.00583	0.04481	0.00701	0.00678
16	0.09021	0.02188	0.06345	0.02813	0.03524	0.02132	0.40667	0.11898	0.02093	0.03026	0.01586	0.02018	0.01200	0.00800	0.01029	0.00273	0.06968	0.00840	0.00473	0.01105

[dist]
# distance from previous block
# <min> <max>
1	14

[block]
# block no. 5 follows, 23 sequences, length 25
# corresponding to MSA columns:
# 520-544
name=unknown_F
#
# <colnr> <probs for GDERKNQSTAVLIFYWHMCP>
#	G	D	E	R	K	N	Q	S	T	A	V	L	I	F	Y	W	H	M	C	P
0	0.13984	0.03386	0.47245	0.02105	0.03093	0.01810	0.07063	0.02471	0.01714	0.02794	0.05809	0.01980	0.01470	0.00822	0.00754	0.00257	0.01063	0.00659	0.00411	0.01109
1	0.01670	0.01448	0.01675	0.01895	0.12136	0.08746	0.01226	0.04745	0.03993	0.02380	0.02393	0.03105	0.05032	0.08186	0.26013	0.00668	0.01326	0.00850	0.11638	0.00875
2	0.01693	0.03091	0.42445	0.06423	0.03216	0.01651	0.07362	0.02436	0.01817	0.07027	0.08506	0.06700	0.02081	0.00987	0.00828	0.00263	0.01039	0.00850	0.00478	0.01105
3	0.01627	0.04197	0.67279	0.02313	0.03512	0.01884	0.02998	0.02570	0.01713	0.02570	0.01456	0.01713	0.01028	0.00771	0.00771	0.00257	0.01199	0.00600	0.00343	0.01199
4	0.01296	0.00887	0.01016	0.00990	0.01045	0.00908	0.00608	0.05447	0.01390	0.01863	0.02620	0.09243	0.02952	0.58774	0.07059	0.00747	0.00846	0.01206	0.00527	0.00575
5	0.01614	0.03688	0.55450	0.07455	0.06836	0.01820	0.02794	0.02472	0.01745	0.02574	0.04955	0.01998	0.01405	0.00820	0.00786	0.00257	0.01134	0.00662	0.00377	0.01158
6	0.01025	0.00770	0.00957	0.01074	0.01208	0.00702	0.00772	0.01227	0.01725	0.02235	0.10419	0.42409	0.21983	0.02309	0.01017	0.00313	0.00475	0.07932	0.00764	0.00683
7	0.01897	0.02940	0.34906	0.02538	0.12125	0.01797	0.06583	0.02857	0.10709	0.08026	0.04048	0.02445	0.01696	0.00901	0.00817	0.00262	0.01016	0.02726	0.00509	0.01202
8	0.01136	0.00829	0.01068	0.01008	0.01205	0.00760	0.00756	0.01507	0.02268	0.03185	0.62233	0.06175	0.11460	0.01685	0.00957	0.00256	0.00385	0.01483	0.00884	0.00760
9	0.01738	0.01435	0.01682	0.03702	0.02016	0.01159	0.01010	0.05261	0.01793	0.02780	0.01557	0.01812	0.01271	0.00653	0.00617	0.00137	0.00617	0.00523	0.06030	0.64204
10	0.01868	0.01504	0.01931	0.07383	0.02384	0.01253	0.03916	0.04613	0.01815	0.07067	0.01591	0.01832	0.01254	0.00665	0.00658	0.00154	0.00695	0.00556	0.00516	0.58345
11	0.72023	0.01594	0.01338	0.01337	0.06046	0.01828	0.00990	0.02392	0.01413	0.03572	0.01157	0.01366	0.00907	0.00751	0.00523	0.00250	0.00651	0.00459	0.00495	0.00907
12	0.03085	0.02273	0.02435	0.01867	0.02516	0.02516	0.01542	0.63716	0.03815	0.05114	0.01948	0.01948	0.01380	0.00974	0.00812	0.00244	0.00893	0.00731	0.00812	0.01380
13	0.01808	0.00971	0.01281	0.01134	0.01439	0.00871	0.00874	0.02148	0.02236	0.20471	0.42346	0.09464	0.08557	0.01556	0.00924	0.00260	0.00473	0.01356	0.00908	0.00923
14	0.00989	0.00706	0.00942	0.01130	0.01177	0.00659	0.00753	0.01130	0.01554	0.02071	0.04472	0.70954	0.05367	0.02542	0.01036	0.00330	0.00471	0.02307	0.00753	0.00659
15	0.00989	0.00706	0.00942	0.01130	0.01177	0.00659	0.00753	0.01130	0.01554	0.02071	0.04472	0.70954	0.05367	0.02542	0.01036	0.00330	0.00471	0.02307	0.00753	0.00659
16	0.01180	0.00787	0.00885	0.00885	0.00885	0.00787	0.00492	0.01180	0.01180	0.01573	0.02557	0.05310	0.02950	0.71483	0.04130	0.00787	0.00787	0.01180	0.00492	0.00492
17	0.01683	0.01442	0.01683	0.01202	0.01923	0.01082	0.00961	0.02043	0.01683	0.02644	0.01442	0.01683	0.01202	0.00601	0.00601	0.00120	0.00601	0.00481	0.00481	0.76444
18	0.03028	0.02157	0.02338	0.01815	0.02445	0.02371	0.01492	0.53741	0.09328	0.09625	0.02167	0.02109	0.01528	0.00988	0.00813	0.00247	0.00855	0.00754	0.00828	0.01371
19	0.01805	0.20139	0.41864	0.02273	0.03289	0.02230	0.12563	0.02541	0.01731	0.02416	0.01408	0.01693	0.01065	0.00738	0.00742	0.00240	0.01147	0.00619	0.00355	0.01144
20	0.04988	0.02866	0.13122	0.06237	0.22349	0.24420	0.02038	0.02830	0.06056	0.02481	0.01562	0.01862	0.01244	0.00808	0.00756	0.00235	0.01123	0.00638	0.03286	0.01100
21	0.03504	0.01600	0.02019	0.01548	0.02181	0.01518	0.01279	0.18658	0.02690	0.51761	0.02893	0.02562	0.01854	0.00997	0.00815	0.00249	0.00740	0.00795	0.00957	0.01381
22	0.01117	0.00819	0.01028	0.00991	0.01172	0.00751	0.00726	0.01437	0.02120	0.02933	0.50647	0.09756	0.14929	0.06580	0.01181	0.00298	0.00419	0.01525	0.00839	0.00730
23	0.30619	0.02076	0.07193	0.01821	0.08179	0.06875	0.01421	0.12192	0.06363	0.05513	0.01688	0.02003	0.01330	0.00868	0.00681	0.00242	0.00816	0.02782	0.00568	0.06769
24	0.01415	0.00937	0.01113	0.01001	0.01318	0.00806	0.00768	0.01712	0.02067	0.10721	0.28998	0.06100	0.31550	0.01675	0.00916	0.00254	0.00448	0.01424	0.00819	0.05959

[dist]
# distance from previous block
# <min> <max>
2	6

[block]
# block no. 6 follows, 23 sequences, length 31
# corresponding to MSA columns:
# 551-581
name=unknown_G
#
# <colnr> <probs for GDERKNQSTAVLIFYWHMCP>
#	G	D	E	R	K	N	Q	S	T	A	V	L	I	F	Y	W	H	M	C	P
0	0.01564	0.05015	0.08071	0.06906	0.02102	0.01307	0.01337	0.06547	0.04863	0.05661	0.06602	0.11281	0.17835	0.01656	0.00928	0.00292	0.00713	0.15738	0.00684	0.00900
1	0.14806	0.30022	0.15728	0.01691	0.02366	0.15650	0.01674	0.02590	0.01728	0.02347	0.01216	0.01439	0.01013	0.00780	0.00706	0.00218	0.04123	0.00498	0.00387	0.01018
2	0.01100	0.00768	0.00893	0.00946	0.00992	0.00739	0.00580	0.01164	0.01366	0.01788	0.03779	0.23964	0.11279	0.43795	0.02881	0.00597	0.00653	0.01560	0.00597	0.00562
3	0.08467	0.06417	0.36260	0.02705	0.16319	0.01897	0.06068	0.02447	0.01690	0.02600	0.01491	0.01858	0.01156	0.01149	0.05816	0.00329	0.01166	0.00645	0.00380	0.01139
4	0.01119	0.00817	0.01052	0.01016	0.01200	0.00750	0.00753	0.01466	0.02194	0.03064	0.55913	0.12254	0.11826	0.01771	0.00965	0.00264	0.00393	0.01564	0.00870	0.00750
5	0.01916	0.02021	0.05822	0.25226	0.39402	0.06859	0.02368	0.02417	0.01804	0.02413	0.01476	0.02004	0.01191	0.00762	0.00799	0.00249	0.01050	0.00702	0.00387	0.01133
6	0.02937	0.03710	0.02313	0.02093	0.02480	0.63295	0.01583	0.03144	0.02220	0.01983	0.01240	0.01487	0.01047	0.00880	0.00877	0.00220	0.06604	0.00537	0.00413	0.00937
7	0.00989	0.00706	0.00942	0.01130	0.01177	0.00659	0.00753	0.01130	0.01554	0.02071	0.04472	0.70954	0.05367	0.02542	0.01036	0.00330	0.00471	0.02307	0.00753	0.00659
8	0.00961	0.00815	0.00829	0.00840	0.01101	0.00683	0.00625	0.01162	0.01832	0.02185	0.07997	0.11561	0.62484	0.02084	0.00964	0.00277	0.00415	0.01748	0.00753	0.00683
9	0.01148	0.00829	0.01085	0.01021	0.01212	0.00766	0.00766	0.01531	0.02297	0.03254	0.65994	0.06061	0.07656	0.01659	0.00957	0.00255	0.00383	0.01467	0.00893	0.00766
10	0.00989	0.00706	0.00942	0.01130	0.01177	0.00659	0.00753	0.01130	0.01554	0.02071	0.04472	0.70954	0.05367	0.02542	0.01036	0.00330	0.00471	0.02307	0.00753	0.00659
11	0.02169	0.71972	0.04252	0.01388	0.02083	0.03211	0.01388	0.02430	0.01649	0.01909	0.01128	0.01302	0.01041	0.00694	0.00521	0.00174	0.00868	0.00434	0.00347	0.01041
12	0.77215	0.01569	0.01193	0.01067	0.01569	0.01820	0.00879	0.02385	0.01381	0.03641	0.01130	0.01318	0.00879	0.00753	0.00502	0.00251	0.00628	0.00439	0.00502	0.00879
13	0.02018	0.01743	0.01835	0.01651	0.02110	0.02018	0.01284	0.04312	0.64956	0.03394	0.03303	0.03027	0.02477	0.01101	0.00826	0.00275	0.00642	0.00917	0.00826	0.01284
14	0.01409	0.00705	0.01057	0.01057	0.01057	0.00705	0.00705	0.01057	0.01057	0.01409	0.01409	0.02467	0.01409	0.02819	0.03171	0.76392	0.00705	0.00705	0.00352	0.00352
15	0.03246	0.01814	0.02137	0.01662	0.02279	0.01854	0.01376	0.34267	0.03061	0.32406	0.02616	0.02653	0.01816	0.01048	0.00828	0.00253	0.00796	0.03645	0.00894	0.01350
16	0.02008	0.01928	0.03294	0.04981	0.66422	0.01928	0.02490	0.02490	0.01848	0.02651	0.01526	0.02008	0.01285	0.00723	0.00803	0.00241	0.00964	0.00723	0.00402	0.01285
17	0.03641	0.01381	0.01883	0.01444	0.02071	0.01193	0.01193	0.03954	0.02322	0.66984	0.03201	0.02762	0.02009	0.01004	0.00816	0.00251	0.00690	0.00816	0.01004	0.01381
18	0.08728	0.01918	0.02795	0.21737	0.39214	0.07108	0.02209	0.02428	0.01781	0.02532	0.01447	0.01945	0.01175	0.00758	0.00773	0.00247	0.01005	0.00681	0.00401	0.01118
19	0.01532	0.01442	0.02434	0.69533	0.05589	0.01803	0.02253	0.02073	0.01622	0.02073	0.01442	0.02163	0.01082	0.00811	0.00811	0.00270	0.01082	0.00721	0.00361	0.00901
20	0.01193	0.00890	0.01148	0.01250	0.01461	0.00845	0.01049	0.01524	0.01924	0.02483	0.14064	0.08361	0.21258	0.02110	0.01055	0.00331	0.00607	0.36944	0.00770	0.00733
21	0.01159	0.00869	0.01304	0.01304	0.01449	0.01014	0.01014	0.01449	0.01304	0.01884	0.02173	0.03188	0.02029	0.06086	0.68268	0.01304	0.02173	0.00869	0.00435	0.00724
22	0.02226	0.02255	0.02123	0.02330	0.15016	0.23188	0.01502	0.12577	0.02317	0.02803	0.09409	0.15558	0.02734	0.01258	0.00844	0.00250	0.00953	0.01049	0.00599	0.01009
23	0.01627	0.04197	0.67279	0.02313	0.03512	0.01884	0.02998	0.02570	0.01713	0.02570	0.01456	0.01713	0.01028	0.00771	0.00771	0.00257	0.01199	0.00600	0.00343	0.01199
24	0.03031	0.03867	0.02299	0.02090	0.02508	0.68226	0.01568	0.03240	0.02299	0.01986	0.01254	0.01463	0.01045	0.00836	0.00732	0.00209	0.01463	0.00523	0.00418	0.00941
25	0.01683	0.01442	0.01683	0.01202	0.01923	0.01082	0.00961	0.02043	0.01683	0.02644	0.01442	0.01683	0.01202	0.00601	0.00601	0.00120	0.00601	0.00481	0.00481	0.76444
26	0.01409	0.00705	0.01057	0.01057	0.01057	0.00705	0.00705	0.01057	0.01057	0.01409	0.01409	0.02467	0.01409	0.02819	0.03171	0.76392	0.00705	0.00705	0.00352	0.00352
27	0.00989	0.00706	0.00942	0.01130	0.01177	0.00659	0.00753	0.01130	0.01554	0.02071	0.04472	0.70954	0.05367	0.02542	0.01036	0.00330	0.00471	0.02307	0.00753	0.00659
28	0.01996	0.02152	0.06081	0.20149	0.41008	0.09790	0.02348	0.02482	0.01840	0.02428	0.01470	0.01967	0.01195	0.00760	0.00795	0.00245	0.01063	0.00693	0.00391	0.01147
29	0.01098	0.00798	0.01005	0.01108	0.01215	0.00754	0.00763	0.03700	0.01744	0.02324	0.11955	0.51841	0.10906	0.05330	0.01145	0.00332	0.00486	0.02040	0.00761	0.00696
30	0.00989	0.00706	0.00942	0.01130	0.01177	0.00659	0.00753	0.01130	0.01554	0.02071	0.04472	0.70954	0.05367	0.02542	0.01036	0.00330	0.00471	0.02307	0.00753	0.00659

[dist]
# distance from previous block
# <min> <max>
0	1

[block]
# block no. 7 follows, 23 sequences, length 40
# corresponding to MSA columns:
# 583-622
name=unknown_H
#
# <colnr> <probs for GDERKNQSTAVLIFYWHMCP>
#	G	D	E	R	K	N	Q	S	T	A	V	L	I	F	Y	W	H	M	C	P
0	0.01774	0.01435	0.01649	0.01225	0.01869	0.01174	0.00976	0.07809	0.01880	0.02886	0.01708	0.04540	0.01454	0.00741	0.00635	0.00146	0.00605	0.00599	0.06711	0.60186
1	0.01849	0.01803	0.02483	0.02116	0.02152	0.02487	0.01762	0.05417	0.01387	0.02130	0.01115	0.01785	0.01083	0.01395	0.02559	0.00349	0.66122	0.00711	0.00381	0.00915
2	0.01069	0.00775	0.01015	0.01105	0.01227	0.00721	0.00796	0.01317	0.01854	0.02517	0.25899	0.39615	0.09668	0.02183	0.01011	0.00304	0.00460	0.06957	0.00801	0.00705
3	0.06328	0.01803	0.02986	0.18588	0.49568	0.01895	0.02345	0.02395	0.01772	0.02585	0.01485	0.02001	0.01218	0.00744	0.00787	0.00248	0.00969	0.00706	0.00399	0.01179
4	0.00989	0.00706	0.00942	0.01130	0.01177	0.00659	0.00753	0.01130	0.01554	0.02071	0.04472	0.70954	0.05367	0.02542	0.01036	0.00330	0.00471	0.02307	0.00753	0.00659
5	0.01939	0.36378	0.29099	0.01775	0.02623	0.06348	0.02002	0.02476	0.01754	0.02263	0.05398	0.01779	0.01457	0.00795	0.00661	0.00214	0.01004	0.00571	0.00384	0.01081
6	0.01068	0.00788	0.01011	0.01116	0.01254	0.00730	0.00824	0.01308	0.01805	0.02388	0.17435	0.36971	0.16019	0.02232	0.01021	0.00312	0.00489	0.11748	0.00780	0.00699
7	0.02104	0.31023	0.30156	0.01905	0.02758	0.14783	0.02093	0.02639	0.01797	0.02199	0.01288	0.01503	0.01036	0.00753	0.00664	0.00215	0.01117	0.00519	0.00358	0.01088
8	0.18065	0.01948	0.09523	0.06025	0.31384	0.01776	0.01941	0.02472	0.05773	0.02908	0.06043	0.02499	0.01823	0.00895	0.00761	0.00255	0.00853	0.03452	0.00491	0.01112
9	0.01663	0.01111	0.01427	0.04033	0.01825	0.01145	0.01168	0.02365	0.14799	0.10575	0.03895	0.24342	0.03946	0.01883	0.00986	0.00322	0.00653	0.22161	0.00782	0.00918
10	0.03085	0.02273	0.02435	0.01867	0.02516	0.02516	0.01542	0.63716	0.03815	0.05114	0.01948	0.01948	0.01380	0.00974	0.00812	0.00244	0.00893	0.00731	0.00812	0.01380
11	0.01005	0.00724	0.00957	0.01136	0.01201	0.00676	0.00778	0.01162	0.01585	0.02097	0.04634	0.64597	0.08108	0.02503	0.01037	0.00329	0.00484	0.05569	0.00753	0.00665
12	0.01162	0.00859	0.01254	0.01254	0.01381	0.00987	0.00952	0.01417	0.01289	0.01846	0.02219	0.03442	0.02139	0.13919	0.60586	0.01242	0.02007	0.00907	0.00442	0.00697
13	0.09920	0.05004	0.02482	0.16829	0.10818	0.07088	0.01741	0.29847	0.02658	0.03646	0.01621	0.01877	0.01215	0.00865	0.00762	0.00244	0.00957	0.00671	0.00585	0.01169
14	0.01687	0.11668	0.60332	0.02211	0.03354	0.02031	0.02821	0.02554	0.01706	0.02497	0.01420	0.01668	0.01029	0.00762	0.00743	0.00248	0.01163	0.00581	0.00343	0.01182
15	0.01133	0.00829	0.01063	0.01004	0.01203	0.00759	0.00753	0.01501	0.02260	0.03166	0.61197	0.06206	0.12508	0.01692	0.00957	0.00257	0.00385	0.01488	0.00882	0.00759
16	0.01532	0.01442	0.02434	0.69533	0.05589	0.01803	0.02253	0.02073	0.01622	0.02073	0.01442	0.02163	0.01082	0.00811	0.00811	0.00270	0.01082	0.00721	0.00361	0.00901
17	0.01957	0.01878	0.02501	0.24703	0.03467	0.08007	0.06452	0.11334	0.01952	0.02570	0.03915	0.04975	0.01550	0.01097	0.01333	0.00286	0.19767	0.00813	0.00471	0.00972
18	0.01915	0.02189	0.04788	0.03420	0.04241	0.02052	0.63475	0.02599	0.01915	0.02599	0.01642	0.02189	0.01231	0.00684	0.00958	0.00274	0.01368	0.00958	0.00410	0.01094
19	0.01683	0.01442	0.01683	0.01202	0.01923	0.01082	0.00961	0.02043	0.01683	0.02644	0.01442	0.01683	0.01202	0.00601	0.00601	0.00120	0.00601	0.00481	0.00481	0.76444
20	0.01901	0.01851	0.02994	0.24598	0.45480	0.04331	0.02384	0.02390	0.01795	0.02450	0.01491	0.02036	0.01214	0.00754	0.00803	0.00249	0.01018	0.00715	0.00390	0.01155
21	0.02972	0.01581	0.07919	0.01444	0.02081	0.01191	0.01284	0.03349	0.02191	0.47717	0.08246	0.03077	0.05230	0.01052	0.00813	0.00243	0.00694	0.00863	0.00880	0.07173
22	0.68085	0.01712	0.05122	0.01164	0.01715	0.01784	0.01023	0.02496	0.01460	0.07612	0.01281	0.01433	0.00959	0.00770	0.00538	0.00251	0.00665	0.00473	0.00525	0.00930
23	0.01341	0.00799	0.00960	0.00960	0.01103	0.00847	0.00704	0.01628	0.01484	0.02408	0.02475	0.03452	0.02205	0.14175	0.23682	0.00658	0.01042	0.00863	0.38513	0.00702
24	0.00989	0.00706	0.00942	0.01130	0.01177	0.00659	0.00753	0.01130	0.01554	0.02071	0.04472	0.70954	0.05367	0.02542	0.01036	0.00330	0.00471	0.02307	0.00753	0.00659
25	0.03085	0.02273	0.02435	0.01867	0.02516	0.02516	0.01542	0.63716	0.03815	0.05114	0.01948	0.01948	0.01380	0.00974	0.00812	0.00244	0.00893	0.00731	0.00812	0.01380
26	0.02086	0.01777	0.01873	0.01665	0.02136	0.02050	0.01301	0.08095	0.61062	0.03504	0.03216	0.02959	0.02407	0.01093	0.00825	0.00273	0.00658	0.00905	0.00825	0.01290
27	0.00962	0.00810	0.00835	0.00855	0.01105	0.00682	0.00631	0.01161	0.01818	0.02179	0.07824	0.14481	0.59676	0.02106	0.00967	0.00280	0.00417	0.01775	0.00753	0.00682
28	0.01627	0.04197	0.67279	0.02313	0.03512	0.01884	0.02998	0.02570	0.01713	0.02570	0.01456	0.01713	0.01028	0.00771	0.00771	0.00257	0.01199	0.00600	0.00343	0.01199
29	0.03085	0.02273	0.02435	0.01867	0.02516	0.02516	0.01542	0.63716	0.03815	0.05114	0.01948	0.01948	0.01380	0.00974	0.00812	0.00244	0.00893	0.00731	0.00812	0.01380
30	0.01019	0.00864	0.00885	0.00873	0.01149	0.00750	0.00656	0.01330	0.04700	0.02318	0.11920	0.07477	0.59285	0.01985	0.00953	0.00273	0.00419	0.01660	0.00766	0.00717
31	0.01136	0.00829	0.01067	0.01007	0.01204	0.00760	0.00756	0.01506	0.02267	0.03182	0.62074	0.06180	0.11621	0.01686	0.00957	0.00256	0.00385	0.01484	0.00884	0.00760
32	0.01193	0.00907	0.01319	0.01300	0.01422	0.01065	0.00996	0.01445	0.01287	0.01853	0.02159	0.03349	0.02080	0.13054	0.57814	0.01198	0.05519	0.00895	0.00437	0.00707
33	0.03217	0.01534	0.01913	0.01525	0.02114	0.01487	0.01241	0.08551	0.17181	0.47340	0.03130	0.02763	0.02071	0.01025	0.00818	0.00256	0.00694	0.00833	0.00948	0.01358
34	0.01098	0.00784	0.01067	0.01255	0.01349	0.00753	0.00943	0.01318	0.01661	0.02194	0.04412	0.49807	0.05128	0.02439	0.01065	0.00345	0.00565	0.22376	0.00751	0.00689
35	0.01970	0.01904	0.03325	0.04700	0.58546	0.01893	0.07324	0.02463	0.01854	0.02637	0.01659	0.02342	0.01432	0.00788	0.00830	0.00250	0.00987	0.03434	0.00418	0.01246
36	0.03109	0.04851	0.13244	0.01577	0.02280	0.01374	0.01493	0.03521	0.02153	0.50118	0.02869	0.05621	0.01951	0.01021	0.00806	0.00252	0.00776	0.00830	0.00850	0.01302
37	0.01071	0.00798	0.01000	0.01035	0.01202	0.00727	0.00759	0.01346	0.01966	0.02646	0.32885	0.25389	0.19079	0.02028	0.00989	0.00287	0.00433	0.04830	0.00816	0.00717
38	0.77215	0.01569	0.01193	0.01067	0.01569	0.01820	0.00879	0.02385	0.01381	0.03641	0.01130	0.01318	0.00879	0.00753	0.00502	0.00251	0.00628	0.00439	0.00502	0.00879
39	0.06947	0.27935	0.40554	0.01902	0.02876	0.02348	0.02286	0.02508	0.01668	0.02409	0.01318	0.01541	0.01023	0.00743	0.00664	0.00227	0.01043	0.00530	0.00355	0.01122

[dist]
# distance from previous block
# <min> <max>
1	3

[block]
# block no. 8 follows, 23 sequences, length 28
# corresponding to MSA columns:
# 626-653
name=unknown_I
#
# <colnr> <probs for GDERKNQSTAVLIFYWHMCP>
#	G	D	E	R	K	N	Q	S	T	A	V	L	I	F	Y	W	H	M	C	P
0	0.01799	0.01531	0.01915	0.01534	0.02023	0.01514	0.04238	0.09385	0.10175	0.02941	0.07418	0.09038	0.02321	0.01087	0.00985	0.00221	0.08732	0.00878	0.00607	0.31657
1	0.01691	0.09776	0.59022	0.02359	0.06314	0.01998	0.02839	0.02554	0.01714	0.02518	0.01432	0.01692	0.01041	0.00762	0.00751	0.00249	0.01160	0.00591	0.00346	0.01190
2	0.70811	0.01556	0.01275	0.03919	0.01758	0.01792	0.00950	0.02442	0.01433	0.06391	0.01235	0.01417	0.00937	0.00767	0.00529	0.00252	0.00649	0.00468	0.00519	0.00902
3	0.00989	0.00706	0.00942	0.01130	0.01177	0.00659	0.00753	0.01130	0.01554	0.02071	0.04472	0.70954	0.05367	0.02542	0.01036	0.00330	0.00471	0.02307	0.00753	0.00659
4	0.02219	0.62764	0.07080	0.01494	0.02188	0.08859	0.01481	0.02508	0.01709	0.01947	0.01155	0.01335	0.01041	0.00710	0.00551	0.00181	0.00936	0.00450	0.00353	0.01040
5	0.18945	0.07679	0.02312	0.01869	0.02358	0.42241	0.04244	0.06954	0.02140	0.02572	0.01283	0.01486	0.01040	0.00811	0.00684	0.00221	0.01202	0.00532	0.00457	0.00970
6	0.01064	0.00760	0.01028	0.01216	0.01296	0.00724	0.00884	0.01260	0.01628	0.02156	0.04431	0.56354	0.05202	0.02471	0.01056	0.00340	0.00536	0.16163	0.00752	0.00680
7	0.00989	0.00706	0.00942	0.01130	0.01177	0.00659	0.00753	0.01130	0.01554	0.02071	0.04472	0.70954	0.05367	0.02542	0.01036	0.00330	0.00471	0.02307	0.00753	0.00659
