[name]
unknown

[dist]
# distance from previous block
# <min> <max>
0	17

[block]
# block no. 0 follows, 26 sequences, length 23
# corresponding to MSA columns:
# 17-39
name=unknown_A
#
# <colnr> <probs for GDERKNQSTAVLIFYWHMCP>
#	G	D	E	R	K	N	Q	S	T	A	V	L	I	F	Y	W	H	M	C	P
0	0.13319	0.25049	0.02367	0.01395	0.01866	0.13542	0.01190	0.07625	0.03810	0.07050	0.04082	0.05053	0.01733	0.01122	0.03242	0.00253	0.00863	0.04992	0.00511	0.00936
1	0.24358	0.17447	0.08581	0.01298	0.01778	0.05398	0.01172	0.02247	0.06246	0.05721	0.02005	0.16866	0.01938	0.01092	0.00653	0.00235	0.00703	0.00853	0.00514	0.00893
2	0.05349	0.01575	0.06446	0.08598	0.02152	0.03600	0.01387	0.02220	0.11735	0.04913	0.17431	0.03020	0.05114	0.01195	0.01282	0.00269	0.21387	0.00874	0.00561	0.00893
3	0.00957	0.00689	0.00856	0.00974	0.01036	0.00643	0.00639	0.01070	0.01417	0.01857	0.04259	0.51016	0.12476	0.16575	0.01540	0.00387	0.00492	0.01875	0.00655	0.00588
4	0.01707	0.07344	0.39901	0.01901	0.02777	0.01747	0.05507	0.10435	0.01847	0.02648	0.01605	0.06584	0.01317	0.00831	0.00717	0.00223	0.00955	0.00681	0.00423	0.10847
5	0.02043	0.01645	0.01757	0.01547	0.01997	0.01875	0.01213	0.08367	0.59069	0.07040	0.02993	0.02745	0.02219	0.01016	0.00770	0.00254	0.00619	0.00840	0.00780	0.01212
6	0.01573	0.01348	0.01573	0.01123	0.01798	0.01011	0.00899	0.01910	0.01573	0.02472	0.01348	0.01573	0.01123	0.00562	0.00562	0.00112	0.00562	0.00449	0.00449	0.77980
7	0.01436	0.01182	0.01292	0.01222	0.01498	0.01289	0.00909	0.02574	0.34053	0.02541	0.06516	0.11026	0.14128	0.11366	0.05194	0.00381	0.00637	0.01167	0.00693	0.00896
8	0.00945	0.00675	0.00904	0.01080	0.01133	0.00634	0.00740	0.01092	0.01473	0.01959	0.04169	0.68374	0.04971	0.02357	0.00974	0.00311	0.00458	0.06425	0.00704	0.00622
9	0.02143	0.61009	0.07187	0.01385	0.02040	0.06633	0.01374	0.02421	0.01623	0.06549	0.01214	0.01342	0.01036	0.00681	0.00530	0.00173	0.00848	0.00444	0.00371	0.00998
10	0.02472	0.01800	0.06725	0.15040	0.02776	0.01770	0.01532	0.30157	0.02582	0.18201	0.04792	0.05030	0.01736	0.00960	0.00771	0.00239	0.00811	0.00778	0.00688	0.01142
11	0.01595	0.03750	0.61445	0.02140	0.03147	0.05122	0.02657	0.02392	0.01597	0.02335	0.01326	0.01594	0.00964	0.00766	0.00843	0.00244	0.06104	0.00564	0.00325	0.01089
12	0.05363	0.01613	0.01879	0.10941	0.02388	0.01771	0.01307	0.33348	0.06020	0.09468	0.02250	0.11688	0.01929	0.05382	0.00960	0.00274	0.00760	0.00910	0.00682	0.01066
13	0.02053	0.01421	0.01991	0.01490	0.02058	0.01256	0.09115	0.06431	0.01788	0.16927	0.01774	0.02025	0.01359	0.03092	0.01004	0.05464	0.03644	0.00631	0.00555	0.35923
14	0.06321	0.02202	0.02125	0.06597	0.02461	0.19582	0.04803	0.18140	0.13426	0.13786	0.01972	0.01995	0.01428	0.00867	0.00735	0.00229	0.00926	0.00673	0.00631	0.01100
15	0.00921	0.00673	0.00867	0.01021	0.01091	0.00619	0.00689	0.01060	0.01486	0.01950	0.04604	0.64930	0.12662	0.02321	0.00959	0.00302	0.00433	0.02089	0.00704	0.00619
16	0.00924	0.00660	0.00880	0.01056	0.01100	0.00616	0.00704	0.01056	0.01452	0.01936	0.04181	0.72848	0.05017	0.02376	0.00968	0.00308	0.00440	0.02156	0.00704	0.00616
17	0.01712	0.01876	0.03767	0.06185	0.03491	0.01946	0.46385	0.02223	0.01628	0.02256	0.01507	0.04598	0.01254	0.00859	0.01237	0.00274	0.16580	0.00881	0.00382	0.00957
18	0.02311	0.05244	0.02409	0.14986	0.02904	0.01938	0.08383	0.26032	0.10951	0.11267	0.02055	0.04664	0.01547	0.00912	0.00770	0.00240	0.00847	0.00777	0.00639	0.01125
19	0.00935	0.00770	0.00822	0.00809	0.01048	0.00657	0.00607	0.01163	0.01820	0.02266	0.20887	0.06943	0.54966	0.01840	0.00896	0.00252	0.00378	0.01551	0.00733	0.00657
20	0.02717	0.01871	0.02056	0.01633	0.02192	0.02042	0.01330	0.40860	0.19180	0.14484	0.02320	0.02191	0.01637	0.00944	0.00763	0.00236	0.00747	0.00739	0.00790	0.01268
21	0.01910	0.03310	0.50634	0.02073	0.03056	0.01749	0.05813	0.09061	0.01883	0.11001	0.01622	0.01770	0.01119	0.00763	0.00739	0.00239	0.01041	0.00616	0.00446	0.01154
22	0.01628	0.02523	0.26627	0.02220	0.02728	0.02066	0.11013	0.02116	0.01407	0.02116	0.01202	0.01693	0.01005	0.01015	0.01634	0.00288	0.36765	0.00659	0.00335	0.00961

[dist]
# distance from previous block
# <min> <max>
0	1

[block]
# block no. 1 follows, 26 sequences, length 12
# corresponding to MSA columns:
# 41-52
name=unknown_B
#
# <colnr> <probs for GDERKNQSTAVLIFYWHMCP>
#	G	D	E	R	K	N	Q	S	T	A	V	L	I	F	Y	W	H	M	C	P
0	0.78701	0.01467	0.01115	0.00997	0.01467	0.01702	0.00821	0.02230	0.01291	0.03403	0.01056	0.01232	0.00821	0.00704	0.00469	0.00235	0.00587	0.00411	0.00469	0.00821
1	0.78701	0.01467	0.01115	0.00997	0.01467	0.01702	0.00821	0.02230	0.01291	0.03403	0.01056	0.01232	0.00821	0.00704	0.00469	0.00235	0.00587	0.00411	0.00469	0.00821
2	0.01084	0.00813	0.01219	0.01219	0.01354	0.00948	0.00948	0.01354	0.01219	0.01761	0.02032	0.02980	0.01896	0.05689	0.70337	0.01219	0.02032	0.00813	0.00406	0.00677
3	0.03241	0.01327	0.01755	0.01370	0.01940	0.01197	0.01124	0.03732	0.09132	0.62080	0.03003	0.02608	0.01924	0.00948	0.00764	0.00237	0.00641	0.00773	0.00921	0.01281
4	0.01088	0.00794	0.01123	0.01123	0.01225	0.00896	0.00828	0.01293	0.01190	0.01689	0.02120	0.03469	0.02108	0.22357	0.53959	0.01100	0.01712	0.00884	0.00419	0.00624
5	0.02338	0.01096	0.01446	0.01196	0.01603	0.00995	0.00953	0.02771	0.06121	0.37518	0.30236	0.03885	0.04109	0.01200	0.00818	0.00238	0.00523	0.01023	0.00885	0.01045
6	0.06327	0.01675	0.02125	0.29853	0.03401	0.01927	0.01633	0.26635	0.09159	0.07123	0.01788	0.02020	0.01293	0.00852	0.00745	0.00242	0.00857	0.00687	0.00585	0.01075
7	0.01197	0.00865	0.01187	0.01348	0.01529	0.00855	0.01172	0.01534	0.01745	0.02253	0.04304	0.08457	0.09387	0.02082	0.01036	0.00342	0.00674	0.58644	0.00699	0.00694
8	0.02806	0.01332	0.01679	0.01342	0.01855	0.01263	0.01093	0.10981	0.07070	0.44716	0.03294	0.03037	0.08945	0.01358	0.05327	0.00302	0.00728	0.00853	0.00844	0.01174
9	0.06857	0.01534	0.01723	0.01445	0.01929	0.01641	0.01155	0.11905	0.32117	0.22303	0.06963	0.02715	0.02278	0.01002	0.00758	0.00244	0.00628	0.00814	0.00804	0.01185
10	0.01326	0.00920	0.01404	0.12808	0.02025	0.00920	0.04505	0.01573	0.01585	0.09195	0.05948	0.47204	0.03896	0.01830	0.00905	0.00286	0.00598	0.01664	0.00657	0.00752
11	0.08302	0.01344	0.01744	0.01346	0.01926	0.01215	0.01112	0.06728	0.02183	0.61612	0.02807	0.02455	0.01779	0.00922	0.00743	0.00234	0.00651	0.00736	0.00899	0.01260

[dist]
# distance from previous block
# <min> <max>
0	1

[block]
# block no. 2 follows, 26 sequences, length 87
# corresponding to MSA columns:
# 54-140
name=unknown_C
#
# <colnr> <probs for GDERKNQSTAVLIFYWHMCP>
#	G	D	E	R	K	N	Q	S	T	A	V	L	I	F	Y	W	H	M	C	P
0	0.11874	0.04319	0.06570	0.01418	0.02024	0.01479	0.01247	0.10229	0.05894	0.43420	0.02456	0.02235	0.01617	0.00887	0.00715	0.00233	0.00696	0.00691	0.00788	0.01207
1	0.75079	0.01458	0.01146	0.01014	0.01489	0.01673	0.00836	0.02300	0.01333	0.06565	0.01149	0.01297	0.00872	0.00715	0.00484	0.00235	0.00590	0.00428	0.00492	0.00844
2	0.02063	0.70753	0.03895	0.01326	0.01964	0.05922	0.01305	0.02304	0.01568	0.01788	0.01060	0.01223	0.00974	0.00655	0.00495	0.00164	0.00835	0.00409	0.00327	0.00969
3	0.01513	0.01188	0.01835	0.01490	0.01857	0.01128	0.14490	0.04243	0.01817	0.09896	0.09608	0.10118	0.27632	0.04575	0.01096	0.00280	0.04489	0.01275	0.00645	0.00826
4	0.01644	0.01458	0.02248	0.58886	0.04684	0.01754	0.01965	0.11052	0.01810	0.02362	0.01415	0.01976	0.01055	0.00772	0.00751	0.00244	0.00969	0.00667	0.00401	0.03885
5	0.03403	0.01291	0.01760	0.01350	0.01936	0.01115	0.01115	0.03697	0.02171	0.69137	0.02992	0.02582	0.01878	0.00939	0.00763	0.00235	0.00645	0.00763	0.00939	0.01291
6	0.03403	0.01291	0.01760	0.01350	0.01936	0.01115	0.01115	0.03697	0.02171	0.69137	0.02992	0.02582	0.01878	0.00939	0.00763	0.00235	0.00645	0.00763	0.00939	0.01291
7	0.01521	0.03923	0.69413	0.02162	0.03283	0.01762	0.02802	0.02402	0.01601	0.02402	0.01361	0.01601	0.00961	0.00721	0.00721	0.00240	0.01121	0.00560	0.00320	0.01121
8	0.03240	0.01255	0.01708	0.01322	0.01880	0.01087	0.01087	0.03538	0.02169	0.64498	0.07570	0.02798	0.02248	0.00982	0.00772	0.00235	0.00625	0.00806	0.00932	0.01250
9	0.03260	0.01287	0.01733	0.01344	0.01910	0.01133	0.01105	0.03633	0.04873	0.64124	0.05239	0.02698	0.02077	0.00964	0.00768	0.00236	0.00634	0.00788	0.00928	0.01267
10	0.01538	0.01415	0.02364	0.50663	0.20208	0.01648	0.02054	0.02021	0.01572	0.02128	0.01443	0.02041	0.01120	0.00747	0.00741	0.00241	0.00941	0.00677	0.05520	0.00920
11	0.01640	0.20255	0.54119	0.01960	0.02971	0.02051	0.02451	0.02372	0.01587	0.02258	0.01290	0.01512	0.00964	0.00704	0.00666	0.00222	0.01049	0.00524	0.00321	0.01086
12	0.01180	0.00852	0.01166	0.01320	0.01494	0.00838	0.01133	0.01508	0.01746	0.02267	0.06683	0.11452	0.08989	0.02076	0.01028	0.00337	0.00651	0.53886	0.00704	0.00691
13	0.03403	0.01291	0.01760	0.01350	0.01936	0.01115	0.01115	0.03697	0.02171	0.69137	0.02992	0.02582	0.01878	0.00939	0.00763	0.00235	0.00645	0.00763	0.00939	0.01291
14	0.01318	0.00659	0.00988	0.00988	0.00988	0.00659	0.00659	0.00988	0.00988	0.01318	0.01318	0.02306	0.01318	0.02635	0.02964	0.77931	0.00659	0.00659	0.00329	0.00329
15	0.01521	0.03923	0.69413	0.02162	0.03283	0.01762	0.02802	0.02402	0.01601	0.02402	0.01361	0.01601	0.00961	0.00721	0.00721	0.00240	0.01121	0.00560	0.00320	0.01121
16	0.01790	0.02046	0.04476	0.03197	0.03964	0.01918	0.65857	0.02430	0.01790	0.02430	0.01535	0.02046	0.01151	0.00639	0.00895	0.00256	0.01279	0.00895	0.00384	0.01023
17	0.00924	0.00660	0.00880	0.01056	0.01100	0.00616	0.00704	0.01056	0.01452	0.01936	0.04181	0.72848	0.05017	0.02376	0.00968	0.00308	0.00440	0.02156	0.00704	0.00616
18	0.01659	0.01659	0.02323	0.01991	0.01991	0.02323	0.01659	0.01825	0.01162	0.01825	0.00996	0.01659	0.00996	0.01328	0.02489	0.00332	0.71955	0.00664	0.00332	0.00830
19	0.02716	0.01964	0.02098	0.01627	0.02185	0.02165	0.01338	0.58777	0.03342	0.04559	0.01895	0.01935	0.01364	0.00907	0.00733	0.00222	0.00780	0.00686	0.09482	0.01224
20	0.78701	0.01467	0.01115	0.00997	0.01467	0.01702	0.00821	0.02230	0.01291	0.03403	0.01056	0.01232	0.00821	0.00704	0.00469	0.00235	0.00587	0.00411	0.00469	0.00821
21	0.01573	0.01348	0.01573	0.01123	0.01798	0.01011	0.00899	0.01910	0.01573	0.02472	0.01348	0.01573	0.01123	0.00562	0.00562	0.00112	0.00562	0.00449	0.00449	0.77980
22	0.01318	0.00659	0.00988	0.00988	0.00988	0.00659	0.00659	0.00988	0.00988	0.01318	0.01318	0.02306	0.01318	0.02635	0.02964	0.77931	0.00659	0.00659	0.00329	0.00329
23	0.01790	0.01877	0.02304	0.01987	0.02031	0.09885	0.01638	0.01959	0.01272	0.01829	0.01015	0.01627	0.00994	0.01267	0.02288	0.00317	0.64103	0.00644	0.00338	0.00835
24	0.02883	0.02125	0.02276	0.01745	0.02352	0.02352	0.01442	0.66082	0.03566	0.04780	0.01821	0.01821	0.01290	0.00911	0.00759	0.00228	0.00835	0.00683	0.00759	0.01290
25	0.01074	0.00775	0.01014	0.00954	0.01133	0.00716	0.00716	0.01431	0.02147	0.03042	0.68211	0.05666	0.07157	0.01551	0.00895	0.00239	0.00358	0.01372	0.00835	0.00716
26	0.04484	0.00879	0.01230	0.01214	0.01378	0.00850	0.05317	0.04100	0.01698	0.02376	0.16400	0.48414	0.04824	0.01955	0.00918	0.00284	0.00506	0.01773	0.00700	0.00703
27	0.01573	0.01348	0.01573	0.01123	0.01798	0.01011	0.00899	0.01910	0.01573	0.02472	0.01348	0.01573	0.01123	0.00562	0.00562	0.00112	0.00562	0.00449	0.00449	0.77980
28	0.01113	0.00793	0.00975	0.00918	0.01134	0.00710	0.00692	0.01423	0.02033	0.05269	0.49091	0.05999	0.23781	0.01629	0.00890	0.00243	0.00376	0.01412	0.00803	0.00717
29	0.01318	0.00659	0.00988	0.00988	0.00988	0.00659	0.00659	0.00988	0.00988	0.01318	0.01318	0.02306	0.01318	0.02635	0.02964	0.77931	0.00659	0.00659	0.00329	0.00329
30	0.01432	0.01348	0.02275	0.71520	0.05224	0.01685	0.02107	0.01938	0.01517	0.01938	0.01348	0.02022	0.01011	0.00758	0.00758	0.00253	0.01011	0.00674	0.00337	0.00843
31	0.01992	0.68895	0.08568	0.01359	0.02041	0.02914	0.01403	0.02280	0.01545	0.01828	0.01076	0.01244	0.00973	0.00654	0.00503	0.00168	0.00833	0.00416	0.00324	0.00984
32	0.03403	0.01291	0.01760	0.01350	0.01936	0.01115	0.01115	0.03697	0.02171	0.69137	0.02992	0.02582	0.01878	0.00939	0.00763	0.00235	0.00645	0.00763	0.00939	0.01291
33	0.01084	0.00813	0.01219	0.01219	0.01354	0.00948	0.00948	0.01354	0.01219	0.01761	0.02032	0.02980	0.01896	0.05689	0.70337	0.01219	0.02032	0.00813	0.00406	0.00677
34	0.02905	0.02089	0.02255	0.01728	0.02335	0.02300	0.01428	0.63447	0.03507	0.07499	0.01871	0.01853	0.01315	0.00912	0.00759	0.00228	0.00827	0.00686	0.00766	0.01290
35	0.01260	0.00916	0.01251	0.01405	0.01595	0.00931	0.01221	0.01713	0.05507	0.02322	0.03963	0.08227	0.04248	0.02034	0.01032	0.00344	0.00693	0.59908	0.00703	0.00727
36	0.03373	0.01339	0.01790	0.01372	0.01960	0.01186	0.01134	0.07279	0.02251	0.65441	0.02925	0.02538	0.01844	0.00937	0.00763	0.00234	0.00656	0.00758	0.00928	0.01291
37	0.01478	0.00769	0.00775	0.00752	0.00948	0.00779	0.00570	0.04566	0.01677	0.02913	0.02446	0.02784	0.01916	0.00885	0.00540	0.00179	0.00374	0.00706	0.74212	0.00732
38	0.00972	0.00695	0.00932	0.01091	0.01161	0.00655	0.00769	0.01148	0.01540	0.02059	0.08838	0.59942	0.05092	0.02281	0.00973	0.00308	0.00466	0.09731	0.00713	0.00634
39	0.01633	0.01632	0.02194	0.01908	0.01928	0.04327	0.01572	0.01803	0.01211	0.01830	0.01216	0.05536	0.01249	0.01548	0.05168	0.00363	0.62967	0.00745	0.00357	0.00813
40	0.04783	0.00789	0.00999	0.00991	0.01157	0.00749	0.00735	0.01400	0.01956	0.02816	0.50275	0.18811	0.06340	0.01690	0.00894	0.00256	0.00396	0.03477	0.00787	0.00701
41	0.03403	0.01291	0.01760	0.01350	0.01936	0.01115	0.01115	0.03697	0.02171	0.69137	0.02992	0.02582	0.01878	0.00939	0.00763	0.00235	0.00645	0.00763	0.00939	0.01291
42	0.04314	0.01743	0.02929	0.11702	0.59649	0.01786	0.02255	0.02283	0.01690	0.02450	0.01406	0.01872	0.01169	0.00686	0.00743	0.00229	0.00903	0.00667	0.00374	0.01151
43	0.01133	0.00924	0.01194	0.01179	0.01244	0.01042	0.00859	0.01269	0.01372	0.01867	0.05944	0.27838	0.12775	0.16666	0.05218	0.00434	0.16401	0.01436	0.00563	0.00642
44	0.01646	0.01608	0.02236	0.01922	0.01932	0.02236	0.01599	0.01822	0.01185	0.01879	0.01075	0.01722	0.01047	0.01304	0.02384	0.00324	0.68102	0.00666	0.04488	0.00823
45	0.01221	0.00829	0.01099	0.01070	0.01164	0.00912	0.00764	0.01383	0.01226	0.04259	0.02194	0.03705	0.02210	0.32477	0.34193	0.00893	0.04268	0.00917	0.04597	0.00620
46	0.14532	0.01522	0.01920	0.10384	0.02428	0.01568	0.04058	0.16864	0.02226	0.30745	0.02339	0.02289	0.03962	0.00897	0.00727	0.00237	0.00742	0.00717	0.00717	0.01125
47	0.05571	0.07151	0.02112	0.01752	0.04673	0.30464	0.01332	0.10389	0.06799	0.15758	0.05348	0.02000	0.01621	0.00871	0.00707	0.00214	0.00970	0.00638	0.00591	0.01039
48	0.74263	0.01423	0.01091	0.00981	0.01433	0.01644	0.00805	0.02203	0.01308	0.03370	0.01138	0.01324	0.00886	0.00714	0.00473	0.00231	0.00573	0.00428	0.04896	0.00815
49	0.01578	0.11730	0.62102	0.02065	0.03134	0.01900	0.02634	0.02387	0.01595	0.02333	0.01327	0.01558	0.00962	0.00713	0.00694	0.00231	0.01086	0.00543	0.00321	0.01104
50	0.01067	0.00734	0.00850	0.00869	0.00900	0.00727	0.00522	0.01110	0.01194	0.01580	0.02956	0.12551	0.07750	0.56619	0.06901	0.00679	0.00747	0.01241	0.00502	0.00502
51	0.16298	0.05075	0.02286	0.11509	0.19411	0.10423	0.01617	0.14504	0.04388	0.05398	0.01493	0.01736	0.01151	0.00771	0.00683	0.00226	0.00879	0.00603	0.00495	0.01055
52	0.01637	0.16891	0.43198	0.02118	0.03043	0.01975	0.12781	0.02323	0.01614	0.02268	0.01453	0.04701	0.01171	0.00766	0.00715	0.00231	0.01058	0.00655	0.00348	0.01055
53	0.03277	0.01347	0.01777	0.01378	0.01955	0.01217	0.01133	0.06129	0.06792	0.62021	0.02954	0.02570	0.01886	0.00944	0.00763	0.00236	0.00650	0.00766	0.00920	0.01284
54	0.00919	0.00681	0.00858	0.00999	0.01085	0.00621	0.00679	0.01063	0.01507	0.01959	0.04872	0.59905	0.17513	0.02286	0.00954	0.00298	0.00429	0.02047	0.00704	0.00621
55	0.12517	0.01472	0.02300	0.45711	0.19657	0.01715	0.01976	0.02071	0.01534	0.02274	0.01325	0.01876	0.01029	0.00731	0.00716	0.00244	0.00925	0.00637	0.00365	0.00924
56	0.02297	0.01128	0.01461	0.01211	0.01616	0.01046	0.00965	0.05031	0.06779	0.34334	0.30424	0.03870	0.04110	0.01202	0.00819	0.00238	0.00528	0.01023	0.00877	0.01042
57	0.00924	0.00660	0.00880	0.01056	0.01100	0.00616	0.00704	0.01056	0.01452	0.01936	0.04181	0.72848	0.05017	0.02376	0.00968	0.00308	0.00440	0.02156	0.00704	0.00616
58	0.02028	0.73799	0.03975	0.01298	0.01947	0.03001	0.01298	0.02271	0.01541	0.01785	0.01055	0.01217	0.00973	0.00649	0.00487	0.00162	0.00811	0.00406	0.00324	0.00973
59	0.01155	0.00825	0.01145	0.01320	0.01466	0.00815	0.01106	0.01456	0.01680	0.02195	0.04053	0.23013	0.04512	0.02159	0.01030	0.00340	0.00640	0.49711	0.00700	0.00680
60	0.78701	0.01467	0.01115	0.00997	0.01467	0.01702	0.00821	0.02230	0.01291	0.03403	0.01056	0.01232	0.00821	0.00704	0.00469	0.00235	0.00587	0.00411	0.00469	0.00821
61	0.00937	0.00712	0.00863	0.00947	0.01080	0.00638	0.00664	0.01121	0.01643	0.02134	0.14629	0.41697	0.25978	0.02108	0.00934	0.00281	0.00410	0.01861	0.00723	0.00638
62	0.00899	0.00759	0.00778	0.00794	0.01031	0.00638	0.00588	0.01086	0.01704	0.02039	0.07367	0.13222	0.62586	0.01962	0.00903	0.00261	0.00389	0.01651	0.00704	0.00638
63	0.01222	0.00873	0.01222	0.01397	0.01572	0.00873	0.01222	0.01572	0.01746	0.02270	0.04016	0.08556	0.04365	0.02095	0.01048	0.00349	0.00698	0.63506	0.00698	0.00698
64	0.78701	0.01467	0.01115	0.00997	0.01467	0.01702	0.00821	0.02230	0.01291	0.03403	0.01056	0.01232	0.00821	0.00704	0.00469	0.00235	0.00587	0.00411	0.00469	0.00821
65	0.78701	0.01467	0.01115	0.00997	0.01467	0.01702	0.00821	0.02230	0.01291	0.03403	0.01056	0.01232	0.00821	0.00704	0.00469	0.00235	0.00587	0.00411	0.00469	0.00821
66	0.01479	0.01170	0.01412	0.01357	0.01693	0.01169	0.01111	0.04396	0.17461	0.02580	0.03209	0.11835	0.03193	0.01524	0.00868	0.00272	0.00628	0.27939	0.00670	0.16034
67	0.01114	0.00834	0.01059	0.01168	0.01296	0.00837	0.00855	0.01571	0.10398	0.02250	0.09482	0.47382	0.04732	0.02080	0.00948	0.00302	0.00496	0.11757	0.00723	0.00716
68	0.00942	0.00668	0.00875	0.01033	0.01073	0.00628	0.00680	0.01061	0.01417	0.01890	0.04002	0.66082	0.04792	0.09450	0.01256	0.00351	0.00469	0.02051	0.00680	0.00600
69	0.01485	0.01402	0.02370	0.63630	0.12704	0.01699	0.02133	0.01984	0.01542	0.02002	0.01357	0.02005	0.01034	0.00749	0.00757	0.00250	0.00998	0.00674	0.00342	0.00885
70	0.01885	0.19086	0.03117	0.03269	0.39793	0.02013	0.04513	0.04933	0.01786	0.02445	0.06043	0.01977	0.01563	0.00735	0.00696	0.00208	0.00841	0.00660	0.00415	0.04021
71	0.01957	0.64015	0.13138	0.01419	0.02134	0.02828	0.01509	0.02290	0.01550	0.01871	0.01097	0.01271	0.00972	0.00659	0.00519	0.00173	0.00855	0.00427	0.00324	0.00994
72	0.00924	0.00660	0.00880	0.01056	0.01100	0.00616	0.00704	0.01056	0.01452	0.01936	0.04181	0.72848	0.05017	0.02376	0.00968	0.00308	0.00440	0.02156	0.00704	0.00616
73	0.02051	0.27695	0.12615	0.01765	0.02249	0.18859	0.01652	0.02355	0.01596	0.01902	0.01112	0.01426	0.00978	0.00870	0.01097	0.00226	0.19758	0.00516	0.00342	0.00934
74	0.02427	0.15784	0.02282	0.01477	0.01986	0.01991	0.01233	0.33113	0.02591	0.12474	0.02264	0.14843	0.01992	0.01132	0.00744	0.00231	0.00732	0.00910	0.00688	0.01104
75	0.08434	0.01372	0.01709	0.01342	0.01885	0.01295	0.01100	0.12274	0.02255	0.49943	0.02713	0.05055	0.01842	0.00970	0.00739	0.00234	0.00648	0.00777	0.04206	0.01207
76	0.00986	0.00772	0.00893	0.00863	0.01080	0.00679	0.00647	0.01262	0.01941	0.02553	0.38392	0.06471	0.37282	0.01733	0.00896	0.00247	0.00371	0.01485	0.00771	0.00679
77	0.04853	0.09664	0.18268	0.09554	0.07428	0.04366	0.01723	0.10723	0.01912	0.10727	0.01975	0.11878	0.01713	0.01003	0.00737	0.00238	0.00857	0.00825	0.00523	0.01031
78	0.01613	0.01409	0.02206	0.03109	0.39772	0.01391	0.01663	0.02048	0.04859	0.04517	0.05251	0.10981	0.11141	0.03439	0.00910	0.00261	0.00726	0.03175	0.00524	0.01005
79	0.01644	0.00932	0.01205	0.01079	0.01359	0.00861	0.00828	0.02056	0.05578	0.18433	0.41261	0.10633	0.08127	0.01466	0.00863	0.00245	0.00447	0.01278	0.00839	0.00865
80	0.02424	0.01834	0.02066	0.01808	0.05726	0.02014	0.01405	0.44467	0.10948	0.04036	0.02321	0.05385	0.01938	0.01117	0.00804	0.00250	0.00778	0.08775	0.00730	0.01174
81	0.07873	0.02147	0.19402	0.01836	0.07160	0.01579	0.01661	0.14604	0.02153	0.27183	0.02159	0.05420	0.01558	0.00910	0.00740	0.00238	0.00808	0.00731	0.00660	0.01175
82	0.01906	0.02053	0.14779	0.05986	0.38210	0.01645	0.06161	0.02423	0.01780	0.09944	0.06282	0.02189	0.01642	0.00776	0.00766	0.00233	0.00902	0.00727	0.00460	0.01138
83	0.02894	0.01714	0.10039	0.01711	0.06684	0.01371	0.01424	0.06116	0.08802	0.47032	0.02648	0.02408	0.01741	0.00903	0.00758	0.00237	0.00724	0.00739	0.00801	0.01255
84	0.01907	0.01560	0.02272	0.48074	0.08647	0.04289	0.01908	0.10629	0.01891	0.09222	0.01577	0.02019	0.01148	0.00792	0.00756	0.00244	0.00956	0.00677	0.00459	0.00973
85	0.09145	0.04558	0.11053	0.15183	0.12161	0.01598	0.01714	0.07143	0.01861	0.17773	0.02012	0.02638	0.01581	0.00924	0.00747	0.00246	0.00834	0.07216	0.00558	0.01054
86	0.05620	0.01690	0.09638	0.11917	0.15133	0.01517	0.01644	0.06066	0.06189	0.13762	0.04760	0.07925	0.04424	0.01047	0.00838	0.00250	0.03359	0.02616	0.00573	0.01033

[dist]
# distance from previous block
# <min> <max>
3	15

[block]
# block no. 3 follows, 26 sequences, length 12
# corresponding to MSA columns:
# 156-167
name=unknown_D
#
# <colnr> <probs for GDERKNQSTAVLIFYWHMCP>
#	G	D	E	R	K	N	Q	S	T	A	V	L	I	F	Y	W	H	M	C	P
0	0.19003	0.01626	0.05183	0.01377	0.01828	0.07803	0.06279	0.04966	0.01710	0.13111	0.02151	0.06421	0.03972	0.09080	0.01032	0.00281	0.00746	0.00777	0.06656	0.05998
1	0.16358	0.04798	0.13328	0.09367	0.12024	0.13354	0.01687	0.06204	0.01790	0.06376	0.01389	0.01630	0.01062	0.00734	0.00660	0.00217	0.00922	0.00553	0.00441	0.07107
2	0.16191	0.02043	0.11040	0.01806	0.05991	0.05756	0.06521	0.19120	0.02142	0.07607	0.01822	0.07400	0.01490	0.00912	0.00706	0.00232	0.00822	0.00739	0.04584	0.03077
3	0.07100	0.10293	0.27698	0.12367	0.09653	0.01801	0.02010	0.06045	0.01764	0.06058	0.06866	0.02020	0.01557	0.00803	0.00705	0.00230	0.00907	0.00646	0.00440	0.01037
4	0.01442	0.01369	0.01913	0.13895	0.21215	0.04969	0.01500	0.01746	0.01611	0.02101	0.03224	0.16691	0.16155	0.01346	0.00976	0.00260	0.07079	0.01147	0.00499	0.00859
5	0.01356	0.01232	0.04525	0.16963	0.08315	0.01202	0.03406	0.06681	0.01803	0.02448	0.14658	0.27778	0.03600	0.01477	0.00860	0.00265	0.00678	0.01331	0.00596	0.00824
6	0.07443	0.01100	0.06404	0.01085	0.01312	0.00932	0.00862	0.01572	0.05957	0.02396	0.21385	0.21656	0.06810	0.16021	0.01452	0.00358	0.00551	0.01348	0.00647	0.00709
7	0.07737	0.01148	0.01483	0.05208	0.01756	0.01149	0.04739	0.06585	0.06264	0.02898	0.29499	0.03535	0.03767	0.01240	0.00941	0.06375	0.00566	0.00945	0.04664	0.09499
8	0.01880	0.11240	0.19580	0.07383	0.02817	0.01903	0.09657	0.16157	0.02007	0.02770	0.01496	0.01795	0.01156	0.01120	0.06217	0.00293	0.01034	0.00625	0.00449	0.10422
9	0.05073	0.11006	0.12402	0.13543	0.02874	0.11878	0.09859	0.02385	0.05626	0.04687	0.09548	0.04200	0.01959	0.00887	0.00737	0.00230	0.00941	0.00753	0.00469	0.00943
10	0.05281	0.20956	0.27015	0.01732	0.02547	0.01910	0.06712	0.02499	0.01668	0.12162	0.01522	0.01662	0.01127	0.00710	0.00651	0.00206	0.00897	0.00557	0.00439	0.09748
11	0.01017	0.00741	0.00875	0.00899	0.01000	0.00707	0.00599	0.01149	0.01442	0.01892	0.11367	0.17347	0.19370	0.30097	0.07716	0.00528	0.00662	0.01414	0.00599	0.00577

[dist]
# distance from previous block
# <min> <max>
4	15

[block]
# block no. 4 follows, 26 sequences, length 70
# corresponding to MSA columns:
# 183-252
name=unknown_E
#
# <colnr> <probs for GDERKNQSTAVLIFYWHMCP>
#	G	D	E	R	K	N	Q	S	T	A	V	L	I	F	Y	W	H	M	C	P
0	0.01195	0.00837	0.01082	0.01042	0.01237	0.00797	0.00794	0.01628	0.05567	0.05096	0.52297	0.11037	0.06327	0.01612	0.00902	0.00254	0.00414	0.06317	0.00814	0.00752
1	0.01134	0.00953	0.01538	0.01426	0.01625	0.00908	0.11602	0.01478	0.04866	0.02212	0.11302	0.49556	0.04492	0.01921	0.00937	0.00289	0.00578	0.01788	0.00670	0.00725
2	0.10598	0.01775	0.03234	0.15216	0.20968	0.01840	0.27402	0.02266	0.01639	0.02441	0.01393	0.01886	0.01095	0.00709	0.00857	0.00248	0.04312	0.00732	0.00381	0.01007
3	0.01136	0.00860	0.00994	0.00988	0.01181	0.00812	0.00716	0.07202	0.01856	0.02423	0.17245	0.26694	0.26832	0.06191	0.01084	0.00295	0.00460	0.01614	0.00719	0.00697
4	0.00924	0.00660	0.00880	0.01056	0.01100	0.00616	0.00704	0.01056	0.01452	0.01936	0.04181	0.72848	0.05017	0.02376	0.00968	0.00308	0.00440	0.02156	0.00704	0.00616
5	0.01573	0.01348	0.01573	0.01123	0.01798	0.01011	0.00899	0.01910	0.01573	0.02472	0.01348	0.01573	0.01123	0.00562	0.00562	0.00112	0.00562	0.00449	0.00449	0.77980
6	0.01429	0.01118	0.01408	0.04811	0.11265	0.03305	0.01082	0.01813	0.04568	0.05163	0.09644	0.08089	0.18154	0.03730	0.00912	0.00262	0.00595	0.08913	0.10328	0.03410
7	0.01779	0.01762	0.02829	0.26325	0.41345	0.05460	0.05111	0.02243	0.01684	0.02266	0.01392	0.01905	0.01125	0.00707	0.00756	0.00234	0.00980	0.00675	0.00364	0.01059
8	0.02883	0.02125	0.02276	0.01745	0.02352	0.02352	0.01442	0.66082	0.03566	0.04780	0.01821	0.01821	0.01290	0.00911	0.00759	0.00228	0.00835	0.00683	0.00759	0.01290
9	0.00924	0.00660	0.00880	0.01056	0.01100	0.00616	0.00704	0.01056	0.01452	0.01936	0.04181	0.72848	0.05017	0.02376	0.00968	0.00308	0.00440	0.02156	0.00704	0.00616
10	0.02760	0.02017	0.02173	0.01699	0.02279	0.02232	0.01393	0.54411	0.12794	0.07251	0.02055	0.02000	0.01464	0.00929	0.00761	0.00232	0.00793	0.00712	0.00768	0.01277
11	0.01909	0.01225	0.01287	0.01099	0.01432	0.01300	0.00870	0.25142	0.02312	0.03474	0.02532	0.04948	0.04860	0.00990	0.00645	0.00203	0.00533	0.00787	0.43537	0.00913
12	0.05664	0.01811	0.02809	0.10633	0.53684	0.04658	0.02149	0.02386	0.04430	0.02475	0.01459	0.01878	0.01201	0.00704	0.00736	0.00228	0.00903	0.00662	0.00394	0.01135
13	0.01336	0.01140	0.01407	0.13569	0.02078	0.04029	0.01136	0.04621	0.06746	0.02179	0.03467	0.27474	0.10248	0.05250	0.01121	0.00307	0.04499	0.08034	0.00602	0.00759
14	0.01067	0.00775	0.01005	0.00947	0.01129	0.00713	0.00710	0.01418	0.02131	0.03004	0.65899	0.05728	0.09493	0.01565	0.00895	0.00239	0.00359	0.01380	0.00830	0.00713
15	0.33177	0.05242	0.12480	0.01247	0.01775	0.01454	0.01185	0.02266	0.01652	0.12480	0.14442	0.05437	0.02404	0.00973	0.00657	0.00236	0.00643	0.00746	0.00586	0.00916
16	0.01824	0.01748	0.02983	0.12642	0.61040	0.01788	0.02301	0.02281	0.01702	0.02414	0.01417	0.01895	0.01179	0.00686	0.00752	0.00229	0.00914	0.00676	0.00371	0.01159
17	0.01635	0.01500	0.02438	0.52595	0.17836	0.01760	0.02100	0.06969	0.01718	0.02267	0.01401	0.01977	0.01071	0.00753	0.00757	0.00245	0.00975	0.00675	0.00377	0.00950
18	0.02569	0.01889	0.02038	0.01566	0.02143	0.02018	0.01284	0.51389	0.03112	0.04284	0.01814	0.01877	0.01326	0.00860	0.00711	0.00207	0.00754	0.00653	0.07618	0.11888
19	0.18889	0.05082	0.05154	0.04704	0.02086	0.01457	0.01212	0.06531	0.01971	0.42033	0.02268	0.02115	0.01493	0.00854	0.00685	0.00232	0.00693	0.00653	0.00741	0.01147
20	0.00924	0.00660	0.00880	0.01056	0.01100	0.00616	0.00704	0.01056	0.01452	0.01936	0.04181	0.72848	0.05017	0.02376	0.00968	0.00308	0.00440	0.02156	0.00704	0.00616
21	0.02883	0.02125	0.02276	0.01745	0.02352	0.02352	0.01442	0.66082	0.03566	0.04780	0.01821	0.01821	0.01290	0.00911	0.00759	0.00228	0.00835	0.00683	0.00759	0.01290
22	0.00939	0.00671	0.00897	0.01073	0.01123	0.00629	0.00730	0.01082	0.01467	0.01953	0.04172	0.69678	0.04985	0.02362	0.00972	0.00310	0.00453	0.05182	0.00704	0.00620
23	0.01561	0.09438	0.64248	0.02094	0.03177	0.01859	0.02684	0.02392	0.01597	0.02353	0.01337	0.01571	0.00962	0.00715	0.00702	0.00234	0.01097	0.00548	0.00321	0.01109
24	0.47730	0.01457	0.01538	0.01541	0.09724	0.01545	0.01088	0.02664	0.01597	0.22216	0.01658	0.01699	0.01171	0.00768	0.00588	0.00234	0.00642	0.00544	0.00593	0.01003
25	0.01103	0.00735	0.00827	0.00827	0.00827	0.00735	0.00460	0.01103	0.01103	0.01471	0.02390	0.04964	0.02758	0.73343	0.03861	0.00735	0.00735	0.01103	0.00460	0.00460
26	0.00940	0.00672	0.00899	0.01075	0.01126	0.00630	0.00732	0.01084	0.01468	0.01954	0.04172	0.69384	0.04982	0.02361	0.00972	0.00310	0.00454	0.05462	0.00704	0.00621
27	0.01570	0.01415	0.02347	0.47161	0.15194	0.01633	0.05013	0.04140	0.01641	0.02242	0.01507	0.02079	0.01159	0.00757	0.00739	0.00239	0.00929	0.00689	0.08634	0.00912
28	0.01848	0.40617	0.31934	0.01698	0.02538	0.05575	0.01950	0.02362	0.01595	0.02053	0.01191	0.01389	0.00968	0.00686	0.00596	0.00197	0.00970	0.00476	0.00326	0.01032
29	0.01321	0.01157	0.01655	0.01519	0.01592	0.01504	0.01218	0.01537	0.01190	0.01774	0.01622	0.02528	0.01565	0.07009	0.39367	0.00832	0.30736	0.00765	0.00378	0.00730
30	0.01079	0.00762	0.00971	0.00979	0.01041	0.00805	0.00655	0.01193	0.01187	0.01622	0.02557	0.07268	0.05283	0.42386	0.28075	0.00875	0.01185	0.01063	0.00461	0.00554
31	0.01008	0.00791	0.01193	0.01237	0.01357	0.00737	0.06242	0.01194	0.01505	0.01996	0.04118	0.61242	0.07702	0.02196	0.00962	0.00303	0.00518	0.04366	0.00677	0.00655
32	0.02450	0.01790	0.01958	0.01533	0.02089	0.01889	0.01245	0.41925	0.08397	0.06754	0.02046	0.05476	0.01588	0.00937	0.00729	0.00214	0.00723	0.00738	0.03931	0.13586
33	0.69163	0.01449	0.01236	0.06580	0.01785	0.01673	0.00936	0.02274	0.01349	0.06290	0.01168	0.01356	0.00885	0.00719	0.00506	0.00236	0.00623	0.00448	0.00480	0.00845
34	0.02286	0.01731	0.01866	0.01534	0.02010	0.01917	0.01233	0.38531	0.18189	0.03875	0.02629	0.06021	0.05802	0.01278	0.03780	0.00281	0.00762	0.00859	0.04275	0.01143
35	0.01573	0.01348	0.01573	0.01123	0.01798	0.01011	0.00899	0.01910	0.01573	0.02472	0.01348	0.01573	0.01123	0.00562	0.00562	0.00112	0.00562	0.00449	0.00449	0.77980
36	0.01074	0.00775	0.01014	0.00954	0.01133	0.00716	0.00716	0.01431	0.02147	0.03042	0.68211	0.05666	0.07157	0.01551	0.00895	0.00239	0.00358	0.01372	0.00835	0.00716
37	0.00959	0.00765	0.00858	0.00848	0.01066	0.00665	0.00631	0.01204	0.01857	0.02383	0.28213	0.10272	0.43964	0.01819	0.00900	0.00253	0.00378	0.01552	0.00749	0.00665
38	0.00900	0.00754	0.00783	0.00807	0.01035	0.00637	0.00593	0.01084	0.01692	0.02034	0.07217	0.16032	0.59873	0.01982	0.00906	0.00263	0.00392	0.01675	0.00704	0.00637
39	0.02169	0.01758	0.02044	0.16209	0.02794	0.02021	0.01481	0.27094	0.29424	0.03524	0.02245	0.02279	0.01655	0.00928	0.00764	0.00245	0.00775	0.00753	0.00676	0.01160
40	0.02169	0.61487	0.03654	0.01413	0.02017	0.14807	0.01327	0.02404	0.01648	0.01797	0.01075	0.01243	0.00974	0.00672	0.00521	0.00168	0.00909	0.00420	0.00336	0.00957
41	0.05363	0.01324	0.01371	0.01147	0.01514	0.01428	0.00918	0.28295	0.02392	0.03657	0.02144	0.02344	0.01626	0.00887	0.00622	0.00200	0.00562	0.00684	0.42568	0.00952
42	0.01222	0.00873	0.01222	0.01397	0.01572	0.00873	0.01222	0.01572	0.01746	0.02270	0.04016	0.08556	0.04365	0.02095	0.01048	0.00349	0.00698	0.63506	0.00698	0.00698
43	0.11520	0.13609	0.02085	0.01367	0.01910	0.04989	0.01149	0.09161	0.08015	0.31916	0.05234	0.02231	0.01787	0.00889	0.00686	0.00222	0.00702	0.00678	0.00719	0.01130
44	0.01665	0.01677	0.02422	0.02047	0.02082	0.02305	0.04614	0.01853	0.01191	0.01853	0.01020	0.01677	0.01003	0.01296	0.02416	0.00328	0.68702	0.00674	0.00334	0.00839
45	0.01318	0.00659	0.00988	0.00988	0.00988	0.00659	0.00659	0.00988	0.00988	0.01318	0.01318	0.02306	0.01318	0.02635	0.02964	0.77931	0.00659	0.00659	0.00329	0.00329
46	0.01641	0.01346	0.01580	0.01132	0.01803	0.01015	0.00907	0.01976	0.01595	0.04944	0.01409	0.01610	0.01151	0.00576	0.00569	0.00117	0.00565	0.00461	0.00468	0.75136
47	0.03403	0.01291	0.01760	0.01350	0.01936	0.01115	0.01115	0.03697	0.02171	0.69137	0.02992	0.02582	0.01878	0.00939	0.00763	0.00235	0.00645	0.00763	0.00939	0.01291
48	0.01548	0.01433	0.02319	0.44946	0.20283	0.01635	0.01977	0.04617	0.01675	0.02201	0.02033	0.02516	0.07925	0.00863	0.00771	0.00245	0.00913	0.00769	0.00401	0.00929
49	0.02192	0.05250	0.01960	0.01677	0.04809	0.07098	0.01275	0.11852	0.39310	0.08927	0.05573	0.02575	0.02150	0.00977	0.00754	0.00240	0.00705	0.00792	0.00720	0.01163
50	0.01866	0.01845	0.02792	0.16880	0.48502	0.06940	0.02167	0.02389	0.04864	0.02363	0.01473	0.01912	0.01202	0.00716	0.00748	0.00230	0.00942	0.00670	0.00388	0.01110
51	0.01318	0.00659	0.00988	0.00988	0.00988	0.00659	0.00659	0.00988	0.00988	0.01318	0.01318	0.02306	0.01318	0.02635	0.02964	0.77931	0.00659	0.00659	0.00329	0.00329
52	0.02833	0.03615	0.02149	0.01954	0.02345	0.70298	0.01466	0.03029	0.02149	0.01856	0.01172	0.01368	0.00977	0.00782	0.00684	0.00195	0.01368	0.00489	0.00391	0.00879
53	0.02037	0.54700	0.03517	0.01480	0.01991	0.09061	0.01377	0.02263	0.01530	0.01798	0.01055	0.01308	0.00978	0.00780	0.00856	0.00195	0.13343	0.00458	0.00332	0.00940
54	0.01112	0.01029	0.06443	0.01281	0.01492	0.00832	0.01107	0.01412	0.01629	0.02143	0.04187	0.30669	0.09935	0.02071	0.00980	0.00318	0.00613	0.31378	0.00671	0.00698
55	0.08187	0.42659	0.06437	0.01524	0.02101	0.23999	0.01389	0.02513	0.01716	0.01963	0.01107	0.01285	0.00962	0.00698	0.00559	0.00182	0.00984	0.00440	0.00356	0.00939
56	0.01084	0.00813	0.01219	0.01219	0.01354	0.00948	0.00948	0.01354	0.01219	0.01761	0.02032	0.02980	0.01896	0.05689	0.70337	0.01219	0.02032	0.00813	0.00406	0.00677
57	0.00924	0.00660	0.00880	0.01056	0.01100	0.00616	0.00704	0.01056	0.01452	0.01936	0.04181	0.72848	0.05017	0.02376	0.00968	0.00308	0.00440	0.02156	0.00704	0.00616
58	0.01732	0.01708	0.02221	0.21395	0.23740	0.10237	0.01757	0.02343	0.10489	0.02263	0.02023	0.12954	0.01861	0.01022	0.00781	0.00246	0.00878	0.00905	0.00471	0.00973
59	0.01858	0.01470	0.02277	0.43241	0.13612	0.01681	0.01900	0.05567	0.07599	0.10742	0.01746	0.02134	0.01278	0.00801	0.00759	0.00246	0.00904	0.00702	0.00478	0.01005
60	0.01068	0.00775	0.01006	0.00948	0.01130	0.00713	0.00711	0.01420	0.02133	0.03008	0.66184	0.05721	0.09205	0.01563	0.00895	0.00239	0.00359	0.01379	0.00831	0.00713
61	0.03403	0.01291	0.01760	0.01350	0.01936	0.01115	0.01115	0.03697	0.02171	0.69137	0.02992	0.02582	0.01878	0.00939	0.00763	0.00235	0.00645	0.00763	0.00939	0.01291
62	0.78701	0.01467	0.01115	0.00997	0.01467	0.01702	0.00821	0.02230	0.01291	0.03403	0.01056	0.01232	0.00821	0.00704	0.00469	0.00235	0.00587	0.00411	0.00469	0.00821
63	0.05775	0.34981	0.02610	0.01313	0.01739	0.14115	0.01111	0.05017	0.01616	0.01946	0.01450	0.02172	0.01414	0.16578	0.05021	0.00355	0.00948	0.00605	0.00397	0.00837
64	0.01432	0.01348	0.02275	0.71520	0.05224	0.01685	0.02107	0.01938	0.01517	0.01938	0.01348	0.02022	0.01011	0.00758	0.00758	0.00253	0.01011	0.00674	0.00337	0.00843
65	0.01887	0.01629	0.01715	0.01544	0.01972	0.01887	0.01201	0.04031	0.67241	0.03173	0.03087	0.02830	0.02315	0.01029	0.00772	0.00257	0.00600	0.00858	0.00772	0.01201
66	0.01065	0.00775	0.01003	0.00946	0.01128	0.00712	0.00709	0.01416	0.02128	0.02996	0.65419	0.05741	0.09978	0.01568	0.00895	0.00239	0.00359	0.01382	0.00829	0.00712
67	0.01573	0.01348	0.01573	0.01123	0.01798	0.01011	0.00899	0.01910	0.01573	0.02472	0.01348	0.01573	0.01123	0.00562	0.00562	0.00112	0.00562	0.00449	0.00449	0.77980
68	0.01074	0.00775	0.01014	0.00954	0.01133	0.00716	0.00716	0.01431	0.02147	0.03042	0.68211	0.05666	0.07157	0.01551	0.00895	0.00239	0.00358	0.01372	0.00835	0.00716
69	0.01521	0.03923	0.69413	0.02162	0.03283	0.01762	0.02802	0.02402	0.01601	0.02402	0.01361	0.01601	0.00961	0.00721	0.00721	0.00240	0.01121	0.00560	0.00320	0.01121

[dist]
# distance from previous block
# <min> <max>
0	4

[block]
# block no. 5 follows, 26 sequences, length 29
# corresponding to MSA columns:
# 257-285
name=unknown_F
#
# <colnr> <probs for GDERKNQSTAVLIFYWHMCP>
#	G	D	E	R	K	N	Q	S	T	A	V	L	I	F	Y	W	H	M	C	P
0	0.01074	0.00775	0.01014	0.00954	0.01133	0.00716	0.00716	0.01431	0.02147	0.03042	0.68211	0.05666	0.07157	0.01551	0.00895	0.00239	0.00358	0.01372	0.00835	0.00716
1	0.78701	0.01467	0.01115	0.00997	0.01467	0.01702	0.00821	0.02230	0.01291	0.03403	0.01056	0.01232	0.00821	0.00704	0.00469	0.00235	0.00587	0.00411	0.00469	0.00821
2	0.01877	0.01802	0.03079	0.04656	0.68612	0.01802	0.02328	0.02328	0.01727	0.02478	0.01427	0.01877	0.01201	0.00676	0.00751	0.00225	0.00901	0.00676	0.00375	0.01201
3	0.02833	0.03615	0.02149	0.01954	0.02345	0.70298	0.01466	0.03029	0.02149	0.01856	0.01172	0.01368	0.00977	0.00782	0.00684	0.00195	0.01368	0.00489	0.00391	0.00879
4	0.01084	0.00813	0.01219	0.01219	0.01354	0.00948	0.00948	0.01354	0.01219	0.01761	0.02032	0.02980	0.01896	0.05689	0.70337	0.01219	0.02032	0.00813	0.00406	0.00677
5	0.00924	0.00660	0.00880	0.01056	0.01100	0.00616	0.00704	0.01056	0.01452	0.01936	0.04181	0.72848	0.05017	0.02376	0.00968	0.00308	0.00440	0.02156	0.00704	0.00616
6	0.01492	0.00830	0.00888	0.00846	0.01052	0.00863	0.00649	0.06759	0.01704	0.02861	0.02373	0.02766	0.01888	0.01426	0.08403	0.00298	0.00580	0.00717	0.62858	0.00749
7	0.02355	0.01948	0.02052	0.01590	0.02185	0.10355	0.04394	0.24091	0.07119	0.08527	0.01751	0.01825	0.01309	0.00775	0.00691	0.00189	0.00801	0.00610	0.00606	0.26826
8	0.01771	0.38335	0.37187	0.01736	0.02625	0.02372	0.02062	0.02338	0.01572	0.02098	0.01210	0.01412	0.00967	0.00685	0.00605	0.00202	0.00968	0.00484	0.00322	0.01048
9	0.01318	0.00659	0.00988	0.00988	0.00988	0.00659	0.00659	0.00988	0.00988	0.01318	0.01318	0.02306	0.01318	0.02635	0.02964	0.77931	0.00659	0.00659	0.00329	0.00329
10	0.01877	0.01802	0.03079	0.04656	0.68612	0.01802	0.02328	0.02328	0.01727	0.02478	0.01427	0.01877	0.01201	0.00676	0.00751	0.00225	0.00901	0.00676	0.00375	0.01201
11	0.01790	0.02046	0.04476	0.03197	0.03964	0.01918	0.65857	0.02430	0.01790	0.02430	0.01535	0.02046	0.01151	0.00639	0.00895	0.00256	0.01279	0.00895	0.00384	0.01023
12	0.01521	0.03923	0.69413	0.02162	0.03283	0.01762	0.02802	0.02402	0.01601	0.02402	0.01361	0.01601	0.00961	0.00721	0.00721	0.00240	0.01121	0.00560	0.00320	0.01121
13	0.00942	0.00673	0.00901	0.01077	0.01129	0.00632	0.00736	0.01088	0.01470	0.01957	0.04171	0.68916	0.04977	0.02359	0.00973	0.00311	0.00456	0.05909	0.00704	0.00621
14	0.00940	0.00763	0.00833	0.00830	0.01055	0.00657	0.00617	0.01168	0.01811	0.02277	0.21798	0.10922	0.49957	0.01861	0.00900	0.00255	0.00381	0.01581	0.00735	0.00657
15	0.01871	0.01616	0.01708	0.01523	0.01964	0.01843	0.01186	0.03926	0.64005	0.03138	0.03002	0.02768	0.02257	0.01006	0.00761	0.00250	0.00598	0.00837	0.00756	0.04984
16	0.01103	0.00735	0.00827	0.00827	0.00827	0.00735	0.00460	0.01103	0.01103	0.01471	0.02390	0.04964	0.02758	0.73343	0.03861	0.00735	0.00735	0.01103	0.00460	0.00460
17	0.02917	0.02070	0.02243	0.01719	0.02325	0.02271	0.01420	0.61998	0.03475	0.08994	0.01898	0.01871	0.01328	0.00912	0.00759	0.00228	0.00822	0.00688	0.00771	0.01290
18	0.01679	0.02874	0.34066	0.02922	0.12485	0.01830	0.28259	0.02403	0.01695	0.02424	0.01440	0.01819	0.01071	0.00682	0.00795	0.00244	0.01155	0.00712	0.00353	0.01092
19	0.01103	0.00735	0.00827	0.00827	0.00827	0.00735	0.00460	0.01103	0.01103	0.01471	0.02390	0.04964	0.02758	0.73343	0.03861	0.00735	0.00735	0.01103	0.00460	0.00460
20	0.00921	0.00673	0.00867	0.01022	0.01091	0.00619	0.00689	0.01060	0.01485	0.01950	0.04599	0.65025	0.12570	0.02322	0.00960	0.00302	0.00433	0.02090	0.00704	0.00619
21	0.05095	0.08424	0.53283	0.02103	0.03108	0.01831	0.07939	0.02444	0.01624	0.05317	0.01412	0.01639	0.01012	0.00717	0.00710	0.00236	0.01068	0.00581	0.00360	0.01096
22	0.01462	0.01378	0.02328	0.67143	0.09374	0.01693	0.02121	0.01964	0.01530	0.01973	0.01353	0.02013	0.01024	0.00753	0.00758	0.00251	0.01004	0.00674	0.00340	0.00866
23	0.00968	0.00794	0.00860	0.00880	0.01110	0.00701	0.00665	0.01242	0.03937	0.02158	0.11017	0.13705	0.51059	0.01924	0.00910	0.00267	0.00418	0.06002	0.00715	0.00666
24	0.01648	0.01805	0.06248	0.26625	0.12226	0.01768	0.30925	0.02192	0.01650	0.02223	0.01441	0.02008	0.01107	0.00766	0.00903	0.03264	0.01110	0.00769	0.00362	0.00961
25	0.05747	0.01933	0.02077	0.01643	0.02208	0.02134	0.01343	0.46219	0.15933	0.09640	0.02136	0.02059	0.01522	0.00928	0.00750	0.00234	0.00763	0.00713	0.00764	0.01254
26	0.08500	0.10778	0.02245	0.01738	0.02179	0.39520	0.01372	0.10335	0.09331	0.02455	0.01431	0.01566	0.01150	0.00823	0.00729	0.00210	0.03655	0.00543	0.00473	0.00967
27	0.16808	0.34882	0.02868	0.06324	0.08831	0.04658	0.01364	0.06298	0.01709	0.08131	0.01329	0.01499	0.01067	0.00715	0.00575	0.00200	0.00797	0.00502	0.00440	0.01002
28	0.02092	0.01461	0.01619	0.04435	0.01898	0.01574	0.01097	0.25099	0.13060	0.06051	0.02220	0.02344	0.01670	0.01059	0.03103	0.00246	0.00678	0.00710	0.23252	0.06334

[dist]
# distance from previous block
# <min> <max>
0	2

[block]
# block no. 6 follows, 26 sequences, length 94
# corresponding to MSA columns:
# 288-381
name=unknown_G
#
# <colnr> <probs for GDERKNQSTAVLIFYWHMCP>
#	G	D	E	R	K	N	Q	S	T	A	V	L	I	F	Y	W	H	M	C	P
0	0.02576	0.06164	0.02166	0.01568	0.02156	0.02026	0.01295	0.43867	0.05279	0.08970	0.01939	0.04686	0.01478	0.00912	0.00724	0.00213	0.00757	0.00705	0.00702	0.11816
