[name]
unknown

[dist]
# distance from previous block
# <min> <max>
44	135

[block]
# block no. 0 follows, 29 sequences, length 26
# corresponding to MSA columns:
# 201-226
name=unknown_A
#
# <colnr> <probs for GDERKNQSTAVLIFYWHMCP>
#	G	D	E	R	K	N	Q	S	T	A	V	L	I	F	Y	W	H	M	C	P
0	0.07470	0.10723	0.02237	0.04161	0.15898	0.06211	0.01388	0.23957	0.06258	0.03034	0.03162	0.01767	0.01311	0.00757	0.00640	0.00199	0.00754	0.00593	0.04093	0.05384
1	0.01931	0.05937	0.01818	0.01532	0.05601	0.06313	0.01153	0.22398	0.18152	0.02972	0.04580	0.02841	0.06975	0.06172	0.00914	0.00249	0.00693	0.03538	0.00608	0.05623
2	0.01948	0.02112	0.05791	0.03609	0.03730	0.20283	0.06919	0.09934	0.21864	0.02529	0.02519	0.02646	0.09384	0.00954	0.00728	0.00223	0.00855	0.02468	0.00546	0.00957
3	0.01557	0.03298	0.54563	0.02419	0.13722	0.05575	0.04495	0.02277	0.01556	0.02239	0.01283	0.01545	0.00944	0.00671	0.00684	0.00221	0.01037	0.00549	0.00314	0.01049
4	0.01900	0.01745	0.02625	0.05598	0.49745	0.04846	0.03711	0.11781	0.01879	0.02618	0.01441	0.01794	0.01165	0.00684	0.00695	0.00209	0.00839	0.00635	0.05006	0.01085
5	0.01607	0.01756	0.03535	0.13925	0.03597	0.01830	0.46358	0.02113	0.01541	0.02113	0.01328	0.01856	0.01035	0.00726	0.01071	0.00252	0.13336	0.00771	0.00345	0.00903
6	0.00942	0.00714	0.00978	0.01221	0.05931	0.00671	0.00782	0.01103	0.01419	0.01879	0.04032	0.59870	0.10350	0.02067	0.00892	0.00281	0.00451	0.05153	0.00639	0.00623
7	0.05170	0.01496	0.02220	0.42928	0.12291	0.04598	0.05693	0.08567	0.01684	0.02244	0.01641	0.02079	0.04843	0.00769	0.00711	0.00229	0.00898	0.00676	0.00390	0.00875
8	0.02188	0.01402	0.01614	0.01350	0.01755	0.01457	0.01077	0.33621	0.02465	0.15901	0.02844	0.19541	0.06302	0.01287	0.00778	0.00239	0.00633	0.03816	0.00726	0.01003
9	0.00868	0.00620	0.00826	0.00991	0.01033	0.00578	0.00661	0.00991	0.01363	0.01818	0.03925	0.74510	0.04710	0.02231	0.00909	0.00289	0.00413	0.02024	0.00661	0.00578
10	0.06561	0.51773	0.14697	0.01378	0.02011	0.05405	0.01434	0.02145	0.01448	0.01868	0.01068	0.01268	0.00929	0.00781	0.02600	0.00203	0.02776	0.00426	0.00317	0.00913
11	0.02478	0.01842	0.01974	0.01546	0.02069	0.02025	0.01265	0.58581	0.05984	0.04159	0.02217	0.04396	0.06211	0.00969	0.00728	0.00219	0.00733	0.00752	0.00708	0.01145
12	0.01017	0.00763	0.01144	0.01144	0.01272	0.00890	0.00890	0.01272	0.01144	0.01653	0.01907	0.02797	0.01780	0.05340	0.72153	0.01144	0.01907	0.00763	0.00381	0.00636
13	0.01002	0.00676	0.00787	0.00820	0.00828	0.00668	0.00478	0.01027	0.01101	0.01469	0.02582	0.18716	0.03016	0.60336	0.03078	0.00610	0.00635	0.01234	0.00478	0.00461
14	0.46086	0.01594	0.08331	0.10713	0.06485	0.01544	0.04032	0.02136	0.01396	0.06789	0.04125	0.01607	0.01152	0.00711	0.00565	0.00223	0.00691	0.00524	0.00442	0.00853
15	0.01737	0.01666	0.02844	0.08551	0.66551	0.01685	0.02173	0.02163	0.01609	0.02296	0.01335	0.01771	0.01117	0.00639	0.00705	0.00213	0.00852	0.00634	0.00350	0.01107
16	0.00885	0.00649	0.00872	0.03777	0.01179	0.00618	0.00707	0.01025	0.01377	0.01823	0.03968	0.68684	0.07485	0.02153	0.00898	0.00285	0.00432	0.01947	0.00648	0.00588
17	0.05712	0.01753	0.03295	0.09708	0.11996	0.01826	0.37367	0.05141	0.01618	0.02311	0.01330	0.01799	0.01044	0.00720	0.00991	0.00244	0.11105	0.00731	0.00368	0.00942
18	0.10815	0.24941	0.08985	0.01539	0.02065	0.23555	0.01384	0.11614	0.01851	0.02315	0.01150	0.01319	0.00941	0.00722	0.00652	0.00192	0.04178	0.00466	0.00396	0.00920
19	0.04254	0.33436	0.06927	0.03379	0.01960	0.09399	0.01262	0.11122	0.06551	0.02318	0.05168	0.06215	0.03550	0.00865	0.00608	0.00194	0.00768	0.00649	0.00456	0.00919
20	0.06874	0.19269	0.02305	0.03435	0.02011	0.01833	0.05822	0.10226	0.16079	0.16624	0.06864	0.02164	0.01808	0.00834	0.00656	0.00210	0.00683	0.00673	0.00604	0.01027
21	0.10007	0.10831	0.13151	0.04209	0.19213	0.12297	0.01620	0.04178	0.03687	0.02242	0.01657	0.01913	0.05120	0.01074	0.05662	0.00272	0.00942	0.00600	0.00391	0.00935
22	0.04177	0.01553	0.05584	0.02740	0.28397	0.01425	0.13317	0.02207	0.05100	0.09661	0.03793	0.13166	0.01917	0.00940	0.00752	0.00230	0.00781	0.00902	0.00490	0.02869
23	0.06127	0.01590	0.02001	0.08228	0.06413	0.05635	0.07938	0.14468	0.04449	0.02622	0.01567	0.05137	0.01341	0.04591	0.00888	0.00222	0.04012	0.00666	0.00473	0.21631
24	0.02274	0.01764	0.01884	0.01604	0.05076	0.06042	0.01231	0.41360	0.06024	0.05715	0.09696	0.05896	0.02057	0.00966	0.00723	0.00213	0.00716	0.00773	0.00670	0.05315
25	0.01915	0.07544	0.03862	0.01338	0.01755	0.01661	0.01105	0.32846	0.07424	0.03222	0.07625	0.12595	0.07978	0.04786	0.00881	0.00248	0.00649	0.00959	0.00648	0.00959

[dist]
# distance from previous block
# <min> <max>
2	33

[block]
# block no. 1 follows, 29 sequences, length 13
# corresponding to MSA columns:
# 261-273
name=unknown_B
#
# <colnr> <probs for GDERKNQSTAVLIFYWHMCP>
#	G	D	E	R	K	N	Q	S	T	A	V	L	I	F	Y	W	H	M	C	P
0	0.01353	0.06892	0.08495	0.05408	0.04170	0.01107	0.01118	0.05045	0.01655	0.06438	0.11393	0.28241	0.07083	0.01457	0.00788	0.00243	0.00585	0.04411	0.00589	0.03529
1	0.06884	0.04678	0.01365	0.01162	0.01409	0.01208	0.00921	0.01895	0.10431	0.08926	0.07763	0.14280	0.15036	0.01793	0.08051	0.00340	0.09644	0.02833	0.00595	0.00786
2	0.10056	0.29685	0.06666	0.07006	0.02302	0.11418	0.07767	0.03892	0.03975	0.06332	0.01387	0.04094	0.01157	0.00735	0.00597	0.00196	0.00854	0.00564	0.00406	0.00911
3	0.06050	0.06561	0.06033	0.22341	0.22927	0.03176	0.06808	0.02174	0.04655	0.05841	0.01573	0.05948	0.01311	0.00777	0.00696	0.00224	0.00849	0.00701	0.00405	0.00950
4	0.05165	0.06365	0.08964	0.01861	0.08526	0.16800	0.01466	0.25338	0.06725	0.02941	0.01646	0.05806	0.01357	0.00984	0.02718	0.00238	0.00909	0.00659	0.00520	0.01014
5	0.25089	0.15219	0.01892	0.02992	0.04358	0.01764	0.01082	0.04923	0.04820	0.09684	0.03369	0.01741	0.01298	0.00813	0.00781	0.00215	0.10255	0.00550	0.08272	0.00881
6	0.01574	0.02182	0.20657	0.13384	0.03387	0.01704	0.29299	0.05879	0.01678	0.02332	0.05589	0.01987	0.01361	0.00740	0.00855	0.00237	0.05096	0.00732	0.00382	0.00944
7	0.01350	0.00968	0.01119	0.01057	0.01284	0.00966	0.00772	0.09442	0.08376	0.05825	0.03653	0.25992	0.15297	0.12505	0.04323	0.00351	0.00583	0.01305	0.00629	0.04206
8	0.12056	0.01891	0.02100	0.08320	0.27196	0.16480	0.01563	0.06789	0.05343	0.02412	0.01579	0.08193	0.01407	0.00842	0.00678	0.00218	0.00850	0.00700	0.00436	0.00947
9	0.05280	0.01349	0.01581	0.01279	0.01737	0.01348	0.01029	0.19706	0.08671	0.25973	0.09926	0.07316	0.04400	0.01030	0.00723	0.00219	0.00591	0.00845	0.00743	0.06255
10	0.01747	0.09658	0.22804	0.02971	0.31964	0.03900	0.06161	0.05523	0.04319	0.02353	0.01365	0.01654	0.01077	0.00669	0.00680	0.00212	0.00918	0.00592	0.00366	0.01070
11	0.01659	0.02275	0.22501	0.07067	0.25758	0.05349	0.02012	0.02461	0.13683	0.02328	0.01642	0.02017	0.01311	0.00784	0.00777	0.00229	0.04045	0.02652	0.00410	0.01039
12	0.34274	0.02096	0.24597	0.04325	0.02136	0.01513	0.01479	0.04682	0.01538	0.08961	0.06956	0.01779	0.01415	0.00761	0.00598	0.00223	0.00731	0.00556	0.00467	0.00914

[dist]
# distance from previous block
# <min> <max>
0	1

[block]
# block no. 2 follows, 29 sequences, length 13
# corresponding to MSA columns:
# 275-287
name=unknown_C
#
# <colnr> <probs for GDERKNQSTAVLIFYWHMCP>
#	G	D	E	R	K	N	Q	S	T	A	V	L	I	F	Y	W	H	M	C	P
0	0.00929	0.00694	0.00887	0.00980	0.01096	0.00619	0.00672	0.01077	0.01392	0.01877	0.03864	0.62443	0.08648	0.02025	0.00865	0.00267	0.00422	0.01823	0.00636	0.08784
1	0.05850	0.15576	0.18632	0.15703	0.10620	0.01827	0.07357	0.04919	0.01621	0.09378	0.01405	0.01663	0.01049	0.00688	0.00653	0.00213	0.00885	0.00576	0.00400	0.00986
2	0.02264	0.01673	0.01834	0.01491	0.01939	0.01837	0.01197	0.50654	0.05404	0.03826	0.02183	0.15651	0.01933	0.01273	0.03163	0.00261	0.00743	0.00915	0.00692	0.01068
3	0.00924	0.00711	0.01062	0.01132	0.01221	0.00664	0.05367	0.01082	0.01385	0.01850	0.03751	0.69433	0.04456	0.02117	0.00904	0.00286	0.00468	0.01941	0.00640	0.00605
4	0.01991	0.35400	0.16472	0.01837	0.09326	0.11566	0.01633	0.10115	0.01778	0.02200	0.01183	0.01364	0.00970	0.00671	0.00581	0.00184	0.00899	0.00477	0.00366	0.00987
5	0.05535	0.19670	0.11920	0.01351	0.01894	0.04704	0.01284	0.07327	0.01786	0.19467	0.08569	0.02151	0.01811	0.01281	0.07948	0.00297	0.00853	0.00638	0.00543	0.00967
6	0.01047	0.00779	0.01088	0.01074	0.01160	0.00893	0.00792	0.01225	0.01111	0.01579	0.01957	0.03265	0.01969	0.24744	0.49683	0.00979	0.04844	0.00833	0.00392	0.00585
7	0.09310	0.00873	0.01078	0.08408	0.01534	0.00917	0.00843	0.06226	0.01479	0.02130	0.03062	0.49038	0.03502	0.06967	0.01018	0.00299	0.00530	0.01538	0.00590	0.00657
8	0.48915	0.13357	0.01854	0.01328	0.04327	0.05508	0.04106	0.09033	0.01551	0.02937	0.01106	0.01277	0.00875	0.00673	0.00511	0.00207	0.00688	0.00446	0.00436	0.00865
9	0.01762	0.01692	0.02890	0.04371	0.70533	0.01692	0.02185	0.02185	0.01621	0.02326	0.01339	0.01762	0.01128	0.00634	0.00705	0.00211	0.00846	0.00634	0.00352	0.01128
10	0.03960	0.01018	0.05840	0.06157	0.01586	0.00862	0.03455	0.01453	0.01493	0.07175	0.10631	0.33472	0.08970	0.09261	0.01116	0.00303	0.00559	0.01400	0.00600	0.00691
11	0.02227	0.09101	0.02653	0.02230	0.10167	0.37212	0.14107	0.04970	0.01872	0.02047	0.01217	0.01476	0.00992	0.00677	0.00666	0.00191	0.01103	0.00549	0.00375	0.06171
12	0.07529	0.02051	0.16258	0.02837	0.30732	0.03375	0.05307	0.02342	0.09863	0.02423	0.04450	0.01912	0.01406	0.00762	0.00801	0.00227	0.05637	0.00649	0.00411	0.01027

[dist]
# distance from previous block
# <min> <max>
24	66

[block]
# block no. 3 follows, 29 sequences, length 11
# corresponding to MSA columns:
# 360-370
name=unknown_D
#
# <colnr> <probs for GDERKNQSTAVLIFYWHMCP>
#	G	D	E	R	K	N	Q	S	T	A	V	L	I	F	Y	W	H	M	C	P
0	0.01922	0.11283	0.03247	0.04787	0.02910	0.04709	0.33250	0.17116	0.01994	0.02629	0.01447	0.01787	0.01119	0.00951	0.05021	0.00271	0.01066	0.00696	0.00435	0.03361
1	0.07941	0.06137	0.10961	0.01604	0.02065	0.18358	0.03084	0.13246	0.04301	0.06314	0.01491	0.01800	0.01202	0.04170	0.07896	0.00325	0.07137	0.00591	0.00459	0.00918
2	0.01691	0.19595	0.30031	0.01934	0.07659	0.08364	0.06409	0.04338	0.01629	0.02142	0.04269	0.01862	0.03154	0.03115	0.00743	0.00220	0.00932	0.00595	0.00363	0.00956
3	0.01541	0.23561	0.49021	0.01748	0.02634	0.01931	0.02142	0.02177	0.01512	0.02122	0.04534	0.01587	0.01187	0.00695	0.00623	0.00205	0.00936	0.00522	0.00325	0.00995
4	0.01967	0.01468	0.01609	0.01345	0.01788	0.01571	0.01070	0.19592	0.30473	0.08980	0.08045	0.02883	0.08177	0.01009	0.00725	0.00221	0.00585	0.00826	0.00711	0.06956
5	0.06279	0.01563	0.01683	0.01387	0.01805	0.01705	0.01107	0.45064	0.02664	0.03703	0.02196	0.17439	0.01989	0.01139	0.00724	0.00227	0.00657	0.00927	0.06733	0.01009
6	0.02359	0.26402	0.02614	0.01590	0.02061	0.28814	0.01330	0.17995	0.02091	0.02368	0.01199	0.01355	0.00987	0.00753	0.00700	0.00188	0.05341	0.00486	0.00425	0.00943
7	0.00947	0.00653	0.00803	0.00890	0.00912	0.00631	0.00553	0.01012	0.01209	0.01612	0.03134	0.41647	0.03712	0.36456	0.02186	0.00478	0.00544	0.01559	0.00553	0.00509
8	0.01017	0.00763	0.01144	0.01144	0.01272	0.00890	0.00890	0.01272	0.01144	0.01653	0.01907	0.02797	0.01780	0.05340	0.72153	0.01144	0.01907	0.00763	0.00381	0.00636
9	0.01212	0.00714	0.00949	0.01013	0.01134	0.00656	0.00705	0.01368	0.01492	0.11582	0.08674	0.56028	0.04351	0.05283	0.01000	0.00293	0.00447	0.01741	0.00691	0.00668
10	0.00947	0.00762	0.00852	0.00843	0.01064	0.00683	0.00647	0.01253	0.04361	0.02237	0.24120	0.06358	0.44986	0.01688	0.00848	0.00243	0.00385	0.06382	0.00697	0.00645

[dist]
# distance from previous block
# <min> <max>
0	9

[block]
# block no. 4 follows, 29 sequences, length 23
# corresponding to MSA columns:
# 380-402
name=unknown_E
#
# <colnr> <probs for GDERKNQSTAVLIFYWHMCP>
#	G	D	E	R	K	N	Q	S	T	A	V	L	I	F	Y	W	H	M	C	P
0	0.31853	0.01762	0.01726	0.01374	0.01895	0.01978	0.01134	0.43248	0.02542	0.04000	0.01439	0.01501	0.01045	0.00782	0.00610	0.00216	0.00696	0.00545	0.00610	0.01045
1	0.04092	0.00816	0.00839	0.00808	0.01071	0.00736	0.00614	0.01346	0.06069	0.04326	0.11132	0.06102	0.56248	0.01649	0.00814	0.00238	0.00387	0.01373	0.00673	0.00667
2	0.00877	0.00631	0.00832	0.00975	0.01033	0.00586	0.00658	0.01018	0.01419	0.01895	0.08756	0.67242	0.07119	0.02161	0.00902	0.00283	0.00406	0.01954	0.00670	0.00586
3	0.06828	0.01095	0.01414	0.01155	0.01576	0.00999	0.00927	0.05017	0.01989	0.44060	0.18808	0.07730	0.03062	0.01093	0.00743	0.00225	0.00532	0.00917	0.00813	0.01017
4	0.02617	0.01908	0.02041	0.01575	0.02118	0.02107	0.01297	0.63812	0.03227	0.04368	0.01750	0.01771	0.01251	0.00853	0.00698	0.00211	0.00754	0.00643	0.05825	0.01175
5	0.00855	0.00722	0.00740	0.00735	0.00970	0.00607	0.00551	0.01047	0.01654	0.01997	0.12182	0.06732	0.65230	0.01776	0.00841	0.00239	0.00359	0.01486	0.00671	0.00607
6	0.02624	0.06794	0.02099	0.01805	0.02184	0.68844	0.01368	0.02810	0.01991	0.01740	0.01095	0.01277	0.00917	0.00728	0.00633	0.00182	0.01259	0.00455	0.00364	0.00830
7	0.00879	0.00723	0.00773	0.00761	0.00985	0.00617	0.00570	0.01094	0.01711	0.02134	0.21394	0.06507	0.55933	0.01725	0.00841	0.00237	0.00355	0.01454	0.00689	0.00617
8	0.16872	0.01241	0.01545	0.01208	0.01739	0.01145	0.00998	0.03225	0.01891	0.58948	0.02486	0.02198	0.01586	0.00842	0.00667	0.00220	0.00596	0.00657	0.00803	0.01133
9	0.01008	0.00728	0.00952	0.00896	0.01064	0.00672	0.00672	0.01344	0.02016	0.02855	0.70158	0.05319	0.06719	0.01456	0.00840	0.00224	0.00336	0.01288	0.00784	0.00672
10	0.01086	0.00688	0.00767	0.00764	0.00803	0.00684	0.00458	0.01165	0.01176	0.01697	0.06366	0.04343	0.02703	0.57325	0.02899	0.00569	0.00605	0.00985	0.14430	0.00487
11	0.00866	0.00627	0.00819	0.00972	0.01028	0.00580	0.00652	0.00994	0.01382	0.01825	0.04159	0.69691	0.09377	0.02200	0.00904	0.00286	0.00409	0.01987	0.00661	0.00580
12	0.01036	0.00690	0.00777	0.00777	0.00777	0.00690	0.00431	0.01036	0.01036	0.01381	0.02244	0.04660	0.02589	0.74975	0.03624	0.00690	0.00690	0.01036	0.00431	0.00431
13	0.01428	0.03683	0.71286	0.02030	0.03082	0.01654	0.02631	0.02255	0.01503	0.02255	0.01278	0.01503	0.00902	0.00677	0.00677	0.00226	0.01052	0.00526	0.00301	0.01052
14	0.01417	0.00928	0.01049	0.00971	0.01274	0.00864	0.00753	0.01895	0.11794	0.14413	0.07182	0.09350	0.39768	0.01536	0.00811	0.00243	0.00449	0.03800	0.00713	0.00791
15	0.03195	0.01212	0.01652	0.01267	0.01818	0.01047	0.01047	0.03470	0.02038	0.71026	0.02809	0.02424	0.01763	0.00881	0.00716	0.00220	0.00606	0.00716	0.00881	0.01212
16	0.02610	0.01798	0.01973	0.01551	0.02088	0.01962	0.01269	0.47279	0.14975	0.13822	0.02081	0.01982	0.01463	0.00879	0.00715	0.00220	0.00718	0.00681	0.00739	0.01196
17	0.01477	0.01266	0.01477	0.01055	0.01687	0.00949	0.00844	0.01793	0.01477	0.02320	0.01266	0.01477	0.01055	0.00527	0.00527	0.00105	0.00527	0.00422	0.00422	0.79328
18	0.00966	0.00726	0.00894	0.00852	0.01038	0.00654	0.00639	0.01263	0.01917	0.02623	0.54422	0.05702	0.22600	0.01543	0.00840	0.00228	0.00342	0.01342	0.00753	0.00654
19	0.01495	0.01395	0.02319	0.53997	0.20719	0.01631	0.02006	0.04283	0.01541	0.02038	0.01299	0.01859	0.01002	0.00698	0.00710	0.00230	0.00918	0.00634	0.00339	0.00888
20	0.02448	0.02888	0.01897	0.01699	0.02080	0.53515	0.01290	0.08999	0.08690	0.02137	0.01770	0.01855	0.06006	0.00844	0.00671	0.00196	0.01100	0.00584	0.00456	0.00876
21	0.02619	0.05437	0.02161	0.01646	0.02174	0.14662	0.01341	0.50615	0.06121	0.03805	0.01625	0.01653	0.01191	0.00828	0.00689	0.00207	0.00861	0.00605	0.00634	0.01125
22	0.01761	0.37553	0.33286	0.01629	0.02412	0.08382	0.01853	0.02249	0.01522	0.01936	0.01126	0.01313	0.00909	0.00650	0.00570	0.00187	0.00935	0.00452	0.00308	0.00967

[dist]
# distance from previous block
# <min> <max>
0	2

[block]
# block no. 5 follows, 29 sequences, length 111
# corresponding to MSA columns:
# 405-515
name=unknown_F
#
# <colnr> <probs for GDERKNQSTAVLIFYWHMCP>
#	G	D	E	R	K	N	Q	S	T	A	V	L	I	F	Y	W	H	M	C	P
0	0.00935	0.00678	0.00891	0.01023	0.01110	0.00632	0.00728	0.01094	0.01409	0.01872	0.03894	0.56951	0.07185	0.04452	0.00991	0.00299	0.00460	0.11437	0.00645	0.03314
1	0.01038	0.00717	0.00860	0.00897	0.00938	0.00717	0.00564	0.03425	0.01232	0.01650	0.02766	0.27652	0.03203	0.44650	0.06094	0.00563	0.00663	0.01336	0.00515	0.00518
2	0.02674	0.01978	0.02118	0.01632	0.02196	0.02193	0.01345	0.65897	0.05663	0.04435	0.01751	0.01743	0.01245	0.00859	0.00713	0.00215	0.00776	0.00647	0.00713	0.01208
3	0.00864	0.00634	0.00811	0.00953	0.01023	0.00582	0.00644	0.00996	0.01400	0.01833	0.04395	0.64838	0.14079	0.02170	0.00899	0.00282	0.00406	0.01950	0.00661	0.00582
4	0.01477	0.01266	0.01477	0.01055	0.01687	0.00949	0.00844	0.01793	0.01477	0.02320	0.01266	0.01477	0.01055	0.00527	0.00527	0.00105	0.00527	0.00422	0.00422	0.79328
5	0.01246	0.00900	0.01124	0.01175	0.01335	0.00912	0.00891	0.12560	0.01765	0.02345	0.03511	0.46827	0.03972	0.01936	0.00892	0.00285	0.00532	0.16419	0.00669	0.00704
6	0.00918	0.00661	0.00875	0.00991	0.01075	0.00618	0.00701	0.01102	0.01522	0.02049	0.16808	0.53075	0.07313	0.02044	0.00900	0.00278	0.00417	0.07366	0.00684	0.00604
7	0.01017	0.00763	0.01144	0.01144	0.01272	0.00890	0.00890	0.01272	0.01144	0.01653	0.01907	0.02797	0.01780	0.05340	0.72153	0.01144	0.01907	0.00763	0.00381	0.00636
8	0.80005	0.01377	0.01047	0.00936	0.01377	0.01597	0.00771	0.02093	0.01212	0.03195	0.00991	0.01157	0.00771	0.00661	0.00441	0.00220	0.00551	0.00386	0.00441	0.00771
9	0.03195	0.01212	0.01652	0.01267	0.01818	0.01047	0.01047	0.03470	0.02038	0.71026	0.02809	0.02424	0.01763	0.00881	0.00716	0.00220	0.00606	0.00716	0.00881	0.01212
10	0.01762	0.01692	0.02890	0.04371	0.70533	0.01692	0.02185	0.02185	0.01621	0.02326	0.01339	0.01762	0.01128	0.00634	0.00705	0.00211	0.00846	0.00634	0.00352	0.01128
11	0.00850	0.00722	0.00733	0.00730	0.00967	0.00605	0.00548	0.01038	0.01643	0.01971	0.10406	0.06775	0.67023	0.01786	0.00841	0.00240	0.00359	0.01492	0.00667	0.00605
12	0.02660	0.03394	0.02018	0.01834	0.02201	0.72116	0.01376	0.02843	0.02018	0.01743	0.01101	0.01284	0.00917	0.00734	0.00642	0.00183	0.01284	0.00459	0.00367	0.00825
13	0.04885	0.41236	0.07836	0.01494	0.01925	0.05022	0.01414	0.02032	0.01349	0.01791	0.00997	0.01306	0.00914	0.00824	0.01078	0.00212	0.24027	0.00471	0.00314	0.00872
14	0.00868	0.00620	0.00826	0.00991	0.01033	0.00578	0.00661	0.00991	0.01363	0.01818	0.03925	0.74510	0.04710	0.02231	0.00909	0.00289	0.00413	0.02024	0.00661	0.00578
15	0.00842	0.00721	0.00721	0.00721	0.00962	0.00601	0.00541	0.01022	0.01623	0.01924	0.07213	0.06853	0.70244	0.01803	0.00842	0.00240	0.00361	0.01503	0.00661	0.00601
16	0.00933	0.00667	0.00898	0.01040	0.01117	0.00632	0.00751	0.01116	0.01481	0.01981	0.10698	0.55270	0.04804	0.02103	0.00915	0.00290	0.00449	0.13579	0.00673	0.00602
17	0.01357	0.00832	0.01063	0.00995	0.01218	0.00776	0.00748	0.01738	0.06079	0.13179	0.38619	0.18156	0.09409	0.01508	0.00827	0.00238	0.00409	0.01325	0.00764	0.00762
18	0.80005	0.01377	0.01047	0.00936	0.01377	0.01597	0.00771	0.02093	0.01212	0.03195	0.00991	0.01157	0.00771	0.00661	0.00441	0.00220	0.00551	0.00386	0.00441	0.00771
19	0.01457	0.03484	0.63716	0.02139	0.03154	0.01670	0.10001	0.02258	0.01523	0.02258	0.01296	0.01550	0.00922	0.00668	0.00695	0.00227	0.01069	0.00562	0.00307	0.01042
20	0.01237	0.00618	0.00928	0.00928	0.00928	0.00618	0.00618	0.00928	0.00928	0.01237	0.01237	0.02165	0.01237	0.02474	0.02783	0.79283	0.00618	0.00618	0.00309	0.00309
21	0.01237	0.00618	0.00928	0.00928	0.00928	0.00618	0.00618	0.00928	0.00928	0.01237	0.01237	0.02165	0.01237	0.02474	0.02783	0.79283	0.00618	0.00618	0.00309	0.00309
22	0.01345	0.01266	0.02136	0.73264	0.04904	0.01582	0.01978	0.01819	0.01424	0.01819	0.01266	0.01898	0.00949	0.00712	0.00712	0.00237	0.00949	0.00633	0.00316	0.00791
23	0.00868	0.00620	0.00826	0.00991	0.01033	0.00578	0.00661	0.00991	0.01363	0.01818	0.03925	0.74510	0.04710	0.02231	0.00909	0.00289	0.00413	0.02024	0.00661	0.00578
24	0.00954	0.00699	0.00896	0.00904	0.01045	0.00640	0.00656	0.01219	0.01805	0.02490	0.46483	0.23651	0.12521	0.01694	0.00858	0.00243	0.00359	0.01503	0.00739	0.00640
25	0.01771	0.01530	0.01610	0.01449	0.01852	0.01771	0.01127	0.03784	0.69247	0.02979	0.02898	0.02657	0.02174	0.00966	0.00725	0.00242	0.00564	0.00805	0.00725	0.01127
26	0.01477	0.01266	0.01477	0.01055	0.01687	0.00949	0.00844	0.01793	0.01477	0.02320	0.01266	0.01477	0.01055	0.00527	0.00527	0.00105	0.00527	0.00422	0.00422	0.79328
27	0.01147	0.00820	0.01147	0.01311	0.01475	0.00820	0.01147	0.01475	0.01639	0.02131	0.03770	0.08032	0.04098	0.01967	0.00984	0.00328	0.00656	0.65741	0.00656	0.00656
28	0.01036	0.00690	0.00777	0.00777	0.00777	0.00690	0.00431	0.01036	0.01036	0.01381	0.02244	0.04660	0.02589	0.74975	0.03624	0.00690	0.00690	0.01036	0.00431	0.00431
29	0.00868	0.00620	0.00826	0.00991	0.01033	0.00578	0.00661	0.00991	0.01363	0.01818	0.03925	0.74510	0.04710	0.02231	0.00909	0.00289	0.00413	0.02024	0.00661	0.00578
30	0.01558	0.01558	0.02181	0.01869	0.01869	0.02181	0.01558	0.01714	0.01091	0.01714	0.00935	0.01558	0.00935	0.01246	0.02337	0.00312	0.73672	0.00623	0.00312	0.00779
31	0.02631	0.01773	0.01964	0.01531	0.02053	0.01922	0.01252	0.51560	0.06351	0.13417	0.01891	0.01886	0.01338	0.00969	0.00848	0.05359	0.00737	0.00658	0.00710	0.01148
32	0.80005	0.01377	0.01047	0.00936	0.01377	0.01597	0.00771	0.02093	0.01212	0.03195	0.00991	0.01157	0.00771	0.00661	0.00441	0.00220	0.00551	0.00386	0.00441	0.00771
33	0.00990	0.00727	0.00866	0.00860	0.01044	0.00649	0.00637	0.01224	0.01733	0.04059	0.30927	0.14330	0.30640	0.04604	0.00961	0.00260	0.00388	0.03760	0.00705	0.00637
34	0.01086	0.00823	0.01008	0.00980	0.01108	0.00797	0.00678	0.01206	0.01259	0.01738	0.02779	0.25073	0.05583	0.30366	0.02007	0.00419	0.05315	0.04508	0.00511	0.12756
35	0.01558	0.01558	0.02181	0.01869	0.01869	0.02181	0.01558	0.01714	0.01091	0.01714	0.00935	0.01558	0.00935	0.01246	0.02337	0.00312	0.73672	0.00623	0.00312	0.00779
36	0.00965	0.00742	0.00893	0.00901	0.01098	0.00670	0.00706	0.01235	0.01782	0.02333	0.31603	0.06463	0.32622	0.01696	0.00867	0.00250	0.00406	0.13419	0.00709	0.00639
37	0.03089	0.01223	0.01644	0.01267	0.01803	0.01077	0.01044	0.05913	0.02088	0.65723	0.05438	0.02511	0.01938	0.00903	0.00721	0.00220	0.00602	0.00736	0.00871	0.01190
38	0.00872	0.00628	0.00827	0.00977	0.01031	0.00583	0.00657	0.01007	0.01399	0.01863	0.06680	0.69136	0.07337	0.02183	0.00904	0.00285	0.00408	0.01975	0.00666	0.00583
39	0.47121	0.04182	0.01565	0.01220	0.01717	0.01878	0.01014	0.27888	0.02054	0.03647	0.01272	0.01372	0.00948	0.00735	0.00547	0.00215	0.00649	0.00485	0.00542	0.00948
40	0.01715	0.01038	0.01078	0.00938	0.01217	0.01098	0.00739	0.20369	0.02015	0.03170	0.02150	0.02389	0.01652	0.00837	0.00558	0.00179	0.00459	0.00657	0.56922	0.00818
41	0.01237	0.00618	0.00928	0.00928	0.00928	0.00618	0.00618	0.00928	0.00928	0.01237	0.01237	0.02165	0.01237	0.02474	0.02783	0.79283	0.00618	0.00618	0.00309	0.00309
42	0.10294	0.01137	0.01373	0.01169	0.01557	0.01109	0.00947	0.08724	0.04584	0.28827	0.17675	0.05754	0.05531	0.01162	0.00750	0.00234	0.00546	0.06922	0.00756	0.00950
43	0.00868	0.00620	0.00826	0.00991	0.01033	0.00578	0.00661	0.00991	0.01363	0.01818	0.03925	0.74510	0.04710	0.02231	0.00909	0.00289	0.00413	0.02024	0.00661	0.00578
44	0.00910	0.00646	0.00844	0.00953	0.01012	0.00606	0.00640	0.01059	0.01446	0.01958	0.15556	0.55080	0.04852	0.09488	0.01173	0.00318	0.00428	0.01793	0.00660	0.00580
45	0.02047	0.01707	0.01740	0.01492	0.01931	0.04820	0.01179	0.20981	0.46652	0.03322	0.02486	0.02344	0.01851	0.00922	0.00711	0.00229	0.00646	0.00742	0.03073	0.01123
46	0.01036	0.00690	0.00777	0.00777	0.00777	0.00690	0.00431	0.01036	0.01036	0.01381	0.02244	0.04660	0.02589	0.74975	0.03624	0.00690	0.00690	0.01036	0.00431	0.00431
47	0.80005	0.01377	0.01047	0.00936	0.01377	0.01597	0.00771	0.02093	0.01212	0.03195	0.00991	0.01157	0.00771	0.00661	0.00441	0.00220	0.00551	0.00386	0.00441	0.00771
48	0.01474	0.01276	0.01528	0.03861	0.01818	0.01019	0.00913	0.01791	0.01460	0.02279	0.01254	0.01496	0.01046	0.00561	0.00601	0.00118	0.03222	0.00437	0.00414	0.73432
49	0.01702	0.01861	0.03861	0.03357	0.21073	0.01772	0.50868	0.02256	0.01665	0.02293	0.01414	0.01880	0.01093	0.00609	0.00805	0.00233	0.01108	0.00787	0.00358	0.01004
50	0.01008	0.00728	0.00952	0.00896	0.01064	0.00672	0.00672	0.01344	0.02016	0.02855	0.70158	0.05319	0.06719	0.01456	0.00840	0.00224	0.00336	0.01288	0.00784	0.00672
51	0.01426	0.00759	0.00769	0.00734	0.00929	0.00775	0.00559	0.06431	0.01626	0.02786	0.02279	0.02587	0.01781	0.00831	0.00513	0.00169	0.00364	0.00662	0.73316	0.00703
52	0.01512	0.01437	0.02439	0.45602	0.31255	0.01626	0.02061	0.01966	0.01503	0.02023	0.01295	0.01844	0.01021	0.00681	0.00709	0.00227	0.00908	0.00633	0.00331	0.00926
53	0.26211	0.12825	0.01923	0.07009	0.04592	0.01645	0.03545	0.04515	0.05990	0.15824	0.05188	0.01905	0.01479	0.00947	0.03392	0.00249	0.00711	0.00592	0.00531	0.00927
54	0.01017	0.00763	0.01144	0.01144	0.01272	0.00890	0.00890	0.01272	0.01144	0.01653	0.01907	0.02797	0.01780	0.05340	0.72153	0.01144	0.01907	0.00763	0.00381	0.00636
55	0.80005	0.01377	0.01047	0.00936	0.01377	0.01597	0.00771	0.02093	0.01212	0.03195	0.00991	0.01157	0.00771	0.00661	0.00441	0.00220	0.00551	0.00386	0.00441	0.00771
56	0.02334	0.01733	0.01884	0.01488	0.01987	0.01867	0.01206	0.53055	0.02916	0.03924	0.02127	0.10830	0.03833	0.01032	0.00728	0.00216	0.00706	0.00824	0.00684	0.06627
57	0.01025	0.00686	0.00780	0.00791	0.00793	0.00683	0.00446	0.01033	0.01057	0.01409	0.02353	0.09218	0.02727	0.70228	0.03447	0.00664	0.00672	0.01100	0.00446	0.00441
58	0.01946	0.01471	0.01608	0.01402	0.01837	0.01626	0.01100	0.03626	0.56243	0.12108	0.02791	0.02557	0.02053	0.00929	0.00712	0.00231	0.00567	0.00771	0.00728	0.05695
59	0.01036	0.00690	0.00777	0.00777	0.00777	0.00690	0.00431	0.01036	0.01036	0.01381	0.02244	0.04660	0.02589	0.74975	0.03624	0.00690	0.00690	0.01036	0.00431	0.00431
60	0.03370	0.00709	0.00780	0.00779	0.00841	0.00703	0.00481	0.01163	0.01213	0.01742	0.07043	0.07049	0.07188	0.51235	0.02675	0.00536	0.00586	0.01053	0.10352	0.00503
61	0.00868	0.00620	0.00826	0.00991	0.01033	0.00578	0.00661	0.00991	0.01363	0.01818	0.03925	0.74510	0.04710	0.02231	0.00909	0.00289	0.00413	0.02024	0.00661	0.00578
62	0.00843	0.00715	0.00728	0.00739	0.00966	0.00600	0.00549	0.01020	0.01606	0.01917	0.07000	0.11253	0.65982	0.01831	0.00846	0.00244	0.00364	0.01537	0.00661	0.00600
63	0.01030	0.00753	0.01096	0.01096	0.01214	0.00865	0.00837	0.01265	0.01147	0.01664	0.01951	0.02952	0.01851	0.11162	0.63780	0.01071	0.01748	0.00783	0.03115	0.00619
64	0.00931	0.00730	0.00848	0.00872	0.01052	0.00660	0.00643	0.01203	0.03839	0.02179	0.22225	0.21298	0.34872	0.01789	0.00858	0.00250	0.00384	0.04038	0.00694	0.00633
65	0.00868	0.00620	0.00826	0.00991	0.01033	0.00578	0.00661	0.00991	0.01363	0.01818	0.03925	0.74510	0.04710	0.02231	0.00909	0.00289	0.00413	0.02024	0.00661	0.00578
66	0.80005	0.01377	0.01047	0.00936	0.01377	0.01597	0.00771	0.02093	0.01212	0.03195	0.00991	0.01157	0.00771	0.00661	0.00441	0.00220	0.00551	0.00386	0.00441	0.00771
67	0.80005	0.01377	0.01047	0.00936	0.01377	0.01597	0.00771	0.02093	0.01212	0.03195	0.00991	0.01157	0.00771	0.00661	0.00441	0.00220	0.00551	0.00386	0.00441	0.00771
68	0.00894	0.00715	0.00790	0.00786	0.00986	0.00622	0.00579	0.01104	0.01685	0.02138	0.23172	0.10769	0.46821	0.04599	0.00954	0.00257	0.00371	0.01463	0.00684	0.00611
69	0.02760	0.01910	0.02084	0.01598	0.02166	0.02082	0.01320	0.61150	0.03206	0.11697	0.01829	0.01787	0.01271	0.00858	0.00713	0.00214	0.00764	0.00649	0.00731	0.01211
70	0.74554	0.01328	0.01020	0.00918	0.01339	0.01533	0.00752	0.02063	0.01231	0.03157	0.01084	0.01261	0.00844	0.00673	0.00445	0.00217	0.00536	0.00405	0.05879	0.00764
71	0.02660	0.03394	0.02018	0.01834	0.02201	0.72116	0.01376	0.02843	0.02018	0.01743	0.01101	0.01284	0.00917	0.00734	0.00642	0.00183	0.01284	0.00459	0.00367	0.00825
72	0.00925	0.00644	0.00809	0.00918	0.00946	0.00616	0.00583	0.01006	0.01252	0.01669	0.03353	0.50748	0.03988	0.26977	0.01833	0.00426	0.00507	0.01688	0.00583	0.00528
73	0.01416	0.01130	0.01233	0.01159	0.01476	0.01185	0.00919	0.05644	0.28000	0.04594	0.04590	0.05010	0.27954	0.01427	0.00808	0.00252	0.00514	0.11130	0.00694	0.00863
74	0.02707	0.01995	0.02137	0.01638	0.02208	0.02208	0.01353	0.68159	0.03348	0.04488	0.01710	0.01710	0.01211	0.00855	0.00712	0.00214	0.00784	0.00641	0.00712	0.01211
75	0.01035	0.00693	0.00792	0.00792	0.00797	0.00699	0.00451	0.01045	0.01040	0.01392	0.02229	0.04581	0.02555	0.72040	0.06512	0.00709	0.00742	0.01024	0.00429	0.00440
76	0.00877	0.00629	0.00847	0.01001	0.01048	0.00599	0.00676	0.01010	0.01349	0.01807	0.03793	0.69846	0.04519	0.02433	0.05543	0.00345	0.00510	0.01942	0.00643	0.00582
77	0.01558	0.01558	0.02181	0.01869	0.01869	0.02181	0.01558	0.01714	0.01091	0.01714	0.00935	0.01558	0.00935	0.01246	0.02337	0.00312	0.73672	0.00623	0.00312	0.00779
78	0.01731	0.01483	0.01580	0.01440	0.01827	0.01709	0.01128	0.03634	0.64850	0.02924	0.02955	0.03006	0.02299	0.01031	0.00741	0.00247	0.00570	0.05029	0.00720	0.01096
79	0.01966	0.01315	0.01572	0.01151	0.01760	0.01077	0.00932	0.07740	0.01760	0.17934	0.01650	0.01709	0.01227	0.00634	0.00585	0.00140	0.00566	0.00506	0.00549	0.55226
80	0.03777	0.37448	0.29847	0.01681	0.02456	0.04924	0.06677	0.02217	0.01502	0.01987	0.01139	0.01346	0.00918	0.00641	0.00577	0.00190	0.00921	0.00474	0.00313	0.00964
81	0.01455	0.01243	0.01453	0.01052	0.01664	0.00936	0.00837	0.01764	0.01473	0.02302	0.01360	0.04079	0.01185	0.00588	0.00541	0.00112	0.00523	0.00479	0.00430	0.76522
82	0.01771	0.01530	0.01610	0.01449	0.01852	0.01771	0.01127	0.03784	0.69247	0.02979	0.02898	0.02657	0.02174	0.00966	0.00725	0.00242	0.00564	0.00805	0.00725	0.01127
83	0.01008	0.00728	0.00952	0.00896	0.01064	0.00672	0.00672	0.01344	0.02016	0.02855	0.70158	0.05319	0.06719	0.01456	0.00840	0.00224	0.00336	0.01288	0.00784	0.00672
84	0.80005	0.01377	0.01047	0.00936	0.01377	0.01597	0.00771	0.02093	0.01212	0.03195	0.00991	0.01157	0.00771	0.00661	0.00441	0.00220	0.00551	0.00386	0.00441	0.00771
85	0.80005	0.01377	0.01047	0.00936	0.01377	0.01597	0.00771	0.02093	0.01212	0.03195	0.00991	0.01157	0.00771	0.00661	0.00441	0.00220	0.00551	0.00386	0.00441	0.00771
86	0.01819	0.01553	0.01637	0.01459	0.01870	0.01793	0.01139	0.07048	0.65905	0.03055	0.02838	0.02609	0.02125	0.00960	0.00724	0.00240	0.00575	0.00797	0.00724	0.01131
87	0.80005	0.01377	0.01047	0.00936	0.01377	0.01597	0.00771	0.02093	0.01212	0.03195	0.00991	0.01157	0.00771	0.00661	0.00441	0.00220	0.00551	0.00386	0.00441	0.00771
88	0.01477	0.01266	0.01477	0.01055	0.01687	0.00949	0.00844	0.01793	0.01477	0.02320	0.01266	0.01477	0.01055	0.00527	0.00527	0.00105	0.00527	0.00422	0.00422	0.79328
89	0.09356	0.00892	0.01049	0.00932	0.01225	0.00828	0.00726	0.01811	0.01834	0.17221	0.32348	0.04537	0.19191	0.01310	0.00762	0.00225	0.00420	0.01102	0.03449	0.00781
90	0.01036	0.00690	0.00777	0.00777	0.00777	0.00690	0.00431	0.01036	0.01036	0.01381	0.02244	0.04660	0.02589	0.74975	0.03624	0.00690	0.00690	0.01036	0.00431	0.00431
91	0.03178	0.01239	0.01669	0.01280	0.01831	0.01087	0.01057	0.05709	0.02083	0.68723	0.02771	0.02399	0.01744	0.00880	0.00716	0.00220	0.00612	0.00713	0.00875	0.01212
92	0.00913	0.00705	0.00842	0.00909	0.01069	0.00634	0.00680	0.01115	0.01592	0.02031	0.13130	0.27544	0.33248	0.01917	0.00882	0.00266	0.00416	0.10824	0.00675	0.00610
93	0.00855	0.00719	0.00745	0.00762	0.00987	0.00608	0.00573	0.01038	0.01607	0.01925	0.06863	0.11300	0.63358	0.01838	0.00852	0.00247	0.00376	0.04085	0.00661	0.00602
94	0.76985	0.01401	0.01089	0.00964	0.01410	0.01621	0.00794	0.04674	0.01295	0.03245	0.01020	0.01178	0.00788	0.00669	0.00451	0.00220	0.00560	0.00396	0.00451	0.00788
95	0.03195	0.01212	0.01652	0.01267	0.01818	0.01047	0.01047	0.03470	0.02038	0.71026	0.02809	0.02424	0.01763	0.00881	0.00716	0.00220	0.00606	0.00716	0.00881	0.01212
96	0.01237	0.00618	0.00928	0.00928	0.00928	0.00618	0.00618	0.00928	0.00928	0.01237	0.01237	0.02165	0.01237	0.02474	0.02783	0.79283	0.00618	0.00618	0.00309	0.00309
97	0.00883	0.00628	0.00827	0.00974	0.01017	0.00589	0.00646	0.01007	0.01365	0.01826	0.06176	0.67502	0.04643	0.06935	0.01083	0.00313	0.00428	0.01934	0.00650	0.00572
98	0.01054	0.00845	0.00940	0.00912	0.01154	0.00792	0.00708	0.03938	0.07090	0.02335	0.20476	0.06098	0.41366	0.01639	0.00841	0.00245	0.00417	0.07768	0.00695	0.00687
99	0.01195	0.12362	0.01538	0.01138	0.01333	0.01213	0.00923	0.01438	0.01208	0.01714	0.01769	0.02553	0.01647	0.06614	0.51474	0.00881	0.04142	0.00702	0.05478	0.00679
100	0.01671	0.01989	0.06810	0.02963	0.03697	0.01795	0.65408	0.02280	0.01674	0.02280	0.01434	0.01905	0.01073	0.00603	0.00834	0.00240	0.01195	0.00828	0.00358	0.00964
101	0.01248	0.01110	0.01076	0.01047	0.01248	0.09351	0.00779	0.03804	0.04402	0.02275	0.24219	0.14884	0.19424	0.06739	0.01023	0.00272	0.00536	0.05235	0.00651	0.00679
102	0.01580	0.01742	0.03686	0.12939	0.03716	0.01690	0.54117	0.02131	0.01623	0.02185	0.01577	0.06639	0.01298	0.00722	0.00826	0.00243	0.01113	0.00888	0.00373	0.00911
103	0.02613	0.03316	0.02025	0.01836	0.02187	0.69169	0.01384	0.02796	0.01979	0.01741	0.01094	0.01296	0.00918	0.00755	0.00713	0.00189	0.04335	0.00466	0.00365	0.00824
104	0.01743	0.01791	0.05858	0.04183	0.63345	0.01697	0.06481	0.02194	0.01620	0.02320	0.01343	0.01762	0.01115	0.00634	0.00713	0.00214	0.00878	0.00643	0.00351	0.01114
105	0.10401	0.56153	0.13917	0.01313	0.01973	0.02503	0.01388	0.02147	0.01430	0.01932	0.01035	0.01200	0.00896	0.00625	0.00489	0.00171	0.00784	0.00404	0.00319	0.00920
106	0.01197	0.00793	0.01065	0.01088	0.01278	0.00751	0.00887	0.01512	0.01825	0.06920	0.33732	0.08535	0.07769	0.01668	0.00893	0.00269	0.00489	0.27904	0.00728	0.00694
107	0.00928	0.00759	0.00827	0.00855	0.01054	0.00690	0.00623	0.01244	0.06896	0.02015	0.08445	0.23921	0.45531	0.01834	0.00850	0.00252	0.00389	0.01574	0.00671	0.00639
108	0.17546	0.04004	0.01852	0.01728	0.12440	0.01489	0.01209	0.11342	0.04521	0.30077	0.01949	0.01900	0.01351	0.00773	0.00642	0.00211	0.00656	0.00607	0.00643	0.05062
109	0.01884	0.01816	0.05036	0.10895	0.48564	0.03899	0.02023	0.12580	0.01881	0.02595	0.01381	0.01745	0.01108	0.00682	0.00704	0.00214	0.00867	0.00626	0.00404	0.01094
110	0.01816	0.40795	0.27628	0.01564	0.02298	0.06419	0.01735	0.02255	0.01512	0.04388	0.01163	0.01337	0.00941	0.00668	0.00608	0.00187	0.02934	0.00456	0.00328	0.00965

[dist]
# distance from previous block
# <min> <max>
0	4

[block]
# block no. 6 follows, 29 sequences, length 25
# corresponding to MSA columns:
# 520-544
name=unknown_G
#
# <colnr> <probs for GDERKNQSTAVLIFYWHMCP>
#	G	D	E	R	K	N	Q	S	T	A	V	L	I	F	Y	W	H	M	C	P
0	0.11345	0.10951	0.02254	0.13504	0.07624	0.07285	0.01435	0.31558	0.02318	0.03184	0.01391	0.01578	0.01052	0.00753	0.00643	0.00208	0.00823	0.00564	0.00512	0.01019
1	0.01063	0.00764	0.01048	0.01206	0.01341	0.00749	0.00998	0.01332	0.01567	0.02042	0.03939	0.25299	0.06719	0.02030	0.00959	0.00315	0.00582	0.46758	0.00657	0.00634
2	0.01004	0.00705	0.00801	0.00807	0.00863	0.00690	0.00503	0.01062	0.01169	0.01520	0.03169	0.05072	0.14693	0.55336	0.06850	0.00622	0.00698	0.03477	0.00478	0.00481
3	0.01502	0.04629	0.13977	0.11531	0.03266	0.01667	0.34289	0.02029	0.01525	0.02095	0.01559	0.07287	0.01331	0.01043	0.04754	0.00291	0.05148	0.00819	0.00364	0.00895
4	0.01804	0.01770	0.02850	0.04254	0.67394	0.04927	0.02148	0.02216	0.01640	0.02300	0.01328	0.01740	0.01118	0.00639	0.00702	0.00210	0.00866	0.00626	0.00353	0.01114
5	0.03195	0.01212	0.01652	0.01267	0.01818	0.01047	0.01047	0.03470	0.02038	0.71026	0.02809	0.02424	0.01763	0.00881	0.00716	0.00220	0.00606	0.00716	0.00881	0.01212
6	0.00880	0.00721	0.00780	0.00797	0.01010	0.00621	0.00602	0.01082	0.01646	0.02027	0.13424	0.11831	0.54462	0.01809	0.00855	0.00248	0.00380	0.05541	0.00674	0.00610
7	0.00896	0.00712	0.00800	0.00832	0.01017	0.00626	0.00617	0.01091	0.01610	0.02017	0.13993	0.17535	0.44603	0.04457	0.00962	0.00269	0.00400	0.06292	0.00668	0.00604
8	0.02236	0.01157	0.01435	0.01217	0.01633	0.01105	0.00992	0.07111	0.11054	0.34543	0.07024	0.03944	0.13074	0.01199	0.00776	0.00239	0.00566	0.08907	0.00781	0.01008
9	0.01922	0.01496	0.01615	0.01430	0.01848	0.01694	0.01119	0.03751	0.62119	0.10196	0.02889	0.02632	0.02130	0.00957	0.00724	0.00239	0.00568	0.00796	0.00741	0.01136
10	0.15246	0.01188	0.01465	0.01181	0.01657	0.01114	0.00960	0.02993	0.04440	0.49375	0.07612	0.05595	0.02119	0.00951	0.00690	0.00224	0.00567	0.00766	0.00787	0.01069
11	0.00895	0.00646	0.00803	0.00916	0.00976	0.00602	0.00603	0.01004	0.01339	0.01752	0.04063	0.52605	0.13191	0.15450	0.01395	0.00356	0.00457	0.01773	0.00619	0.00555
12	0.18610	0.01690	0.01731	0.01398	0.01886	0.01875	0.01151	0.43556	0.05063	0.03875	0.01944	0.02194	0.03965	0.00913	0.00668	0.00221	0.00688	0.04082	0.03447	0.01044
13	0.01251	0.00847	0.00953	0.00914	0.01009	0.00868	0.00594	0.09849	0.01429	0.01964	0.02451	0.15333	0.02686	0.47380	0.02545	0.00520	0.00628	0.01112	0.07091	0.00576
14	0.00956	0.00774	0.00857	0.00854	0.01065	0.00707	0.00632	0.01309	0.07076	0.02197	0.20181	0.15226	0.42169	0.01718	0.00841	0.00243	0.00378	0.01470	0.00693	0.00656
15	0.00866	0.00626	0.00819	0.00973	0.01028	0.00580	0.00653	0.00994	0.01381	0.01825	0.04145	0.69973	0.09105	0.02202	0.00904	0.00286	0.00410	0.01989	0.00661	0.00580
16	0.06848	0.01897	0.02007	0.01553	0.02097	0.02101	0.01281	0.61366	0.03143	0.04329	0.01700	0.01725	0.01217	0.00843	0.00687	0.00212	0.00749	0.00628	0.04458	0.01161
17	0.02226	0.02577	0.01994	0.01769	0.02024	0.41861	0.01381	0.04853	0.04848	0.01930	0.01208	0.01506	0.01031	0.00910	0.01160	0.00226	0.23314	0.00540	0.03812	0.00832
18	0.01005	0.00691	0.00772	0.00778	0.00809	0.00675	0.00454	0.01032	0.01120	0.01464	0.02919	0.07580	0.10988	0.63217	0.03179	0.00620	0.00639	0.01130	0.00468	0.00458
19	0.75619	0.01337	0.01025	0.00921	0.01347	0.01545	0.00756	0.02069	0.01228	0.03165	0.01066	0.01240	0.00830	0.00670	0.00444	0.00217	0.00539	0.00401	0.04816	0.00765
20	0.01477	0.01266	0.01477	0.01055	0.01687	0.00949	0.00844	0.01793	0.01477	0.02320	0.01266	0.01477	0.01055	0.00527	0.00527	0.00105	0.00527	0.00422	0.00422	0.79328
21	0.00869	0.00727	0.00760	0.00765	0.00997	0.00618	0.00583	0.01068	0.01650	0.01997	0.11247	0.06814	0.62384	0.01789	0.00849	0.00244	0.00375	0.04985	0.00669	0.00609
22	0.01904	0.75404	0.03731	0.01218	0.01828	0.02818	0.01218	0.02132	0.01447	0.01675	0.00990	0.01142	0.00914	0.00609	0.00457	0.00152	0.00761	0.00381	0.00305	0.00914
23	0.01880	0.51314	0.15325	0.01432	0.02084	0.08808	0.01475	0.02329	0.06055	0.01871	0.01179	0.01320	0.00997	0.00656	0.00530	0.00174	0.00847	0.00442	0.00338	0.00945
24	0.01237	0.00618	0.00928	0.00928	0.00928	0.00618	0.00618	0.00928	0.00928	0.01237	0.01237	0.02165	0.01237	0.02474	0.02783	0.79283	0.00618	0.00618	0.00309	0.00309

[dist]
# distance from previous block
# <min> <max>
0	10

[block]
# block no. 7 follows, 29 sequences, length 24
# corresponding to MSA columns:
# 555-578
name=unknown_H
#
# <colnr> <probs for GDERKNQSTAVLIFYWHMCP>
#	G	D	E	R	K	N	Q	S	T	A	V	L	I	F	Y	W	H	M	C	P
0	0.02316	0.01484	0.01683	0.01414	0.01881	0.01597	0.01128	0.10957	0.41089	0.24123	0.02737	0.02478	0.01938	0.00927	0.00721	0.00232	0.00601	0.00759	0.00771	0.01163
1	0.01769	0.01909	0.02150	0.01863	0.01933	0.15564	0.01523	0.01930	0.01268	0.01719	0.00966	0.01505	0.00931	0.01148	0.02012	0.00287	0.59820	0.00592	0.00322	0.00788
2	0.01025	0.00728	0.00872	0.00934	0.00987	0.00728	0.00604	0.01234	0.06092	0.01704	0.03034	0.32882	0.03479	0.37193	0.02208	0.00481	0.00568	0.04143	0.00555	0.00550
3	0.74740	0.01366	0.01088	0.00959	0.01407	0.01560	0.00790	0.02188	0.01268	0.07844	0.01116	0.01244	0.00839	0.00676	0.00460	0.00220	0.00555	0.00408	0.00471	0.00801
4	0.03097	0.01280	0.01684	0.01301	0.01846	0.01159	0.01071	0.07918	0.05155	0.63401	0.02738	0.02385	0.01743	0.00883	0.00716	0.00221	0.00616	0.00715	0.00863	0.01208
5	0.02545	0.01126	0.01467	0.01213	0.01651	0.01026	0.00967	0.02978	0.09140	0.48992	0.03232	0.14160	0.05939	0.01155	0.00754	0.00235	0.00558	0.00976	0.00818	0.01069
6	0.00963	0.00678	0.00801	0.00841	0.00898	0.00647	0.00532	0.01052	0.01294	0.01712	0.09930	0.24270	0.11931	0.38711	0.02260	0.00479	0.00539	0.01391	0.00557	0.00516
7	0.02157	0.01404	0.01628	0.01406	0.01828	0.01495	0.01146	0.16742	0.26004	0.18636	0.04796	0.03446	0.02358	0.01117	0.00770	0.00246	0.00629	0.12379	0.00747	0.01066
8	0.80005	0.01377	0.01047	0.00936	0.01377	0.01597	0.00771	0.02093	0.01212	0.03195	0.00991	0.01157	0.00771	0.00661	0.00441	0.00220	0.00551	0.00386	0.00441	0.00771
9	0.00919	0.00740	0.00829	0.00853	0.01070	0.00650	0.00670	0.01147	0.01676	0.02080	0.14579	0.06876	0.49949	0.01789	0.00868	0.00254	0.00412	0.13343	0.00676	0.00620
10	0.02289	0.01004	0.01341	0.01119	0.01505	0.00880	0.00887	0.02553	0.01923	0.43488	0.17557	0.12352	0.07508	0.01231	0.00774	0.00231	0.00509	0.01051	0.00819	0.00979
