[name]
unknown

[dist]
# distance from previous block
# <min> <max>
0	23

[block]
# block no. 0 follows, 29 sequences, length 6
# corresponding to MSA columns:
# 30-35
name=unknown_A
#
# <colnr> <probs for GDERKNQSTAVLIFYWHMCP>
#	G	D	E	R	K	N	Q	S	T	A	V	L	I	F	Y	W	H	M	C	P
0	0.04484	0.23346	0.10421	0.05773	0.02024	0.10578	0.01299	0.06994	0.03561	0.02158	0.04219	0.06577	0.11428	0.01005	0.00659	0.00208	0.00769	0.03184	0.00457	0.00855
1	0.09206	0.10928	0.04567	0.01571	0.06093	0.13956	0.01228	0.12231	0.12550	0.06120	0.06150	0.02192	0.05387	0.00860	0.00652	0.00204	0.00756	0.00657	0.00540	0.04152
2	0.05018	0.13623	0.04448	0.01432	0.01954	0.10531	0.01216	0.21235	0.08875	0.11777	0.03974	0.03712	0.01525	0.00832	0.00649	0.00198	0.00754	0.00630	0.00583	0.07032
3	0.01061	0.00665	0.00852	0.00862	0.00941	0.00635	0.00587	0.00991	0.01181	0.01512	0.03302	0.08346	0.21606	0.12387	0.05743	0.36799	0.00607	0.01025	0.00453	0.00444
4	0.02517	0.02479	0.02113	0.01954	0.08535	0.29832	0.01420	0.30377	0.08546	0.03064	0.01540	0.01630	0.01173	0.00796	0.00685	0.00204	0.00968	0.00583	0.00543	0.01043
5	0.02055	0.01580	0.01822	0.01651	0.07957	0.01694	0.01197	0.36072	0.08693	0.03326	0.02028	0.02395	0.03963	0.09847	0.06351	0.00334	0.00807	0.00725	0.00600	0.06903

[dist]
# distance from previous block
# <min> <max>
0	1

[block]
# block no. 1 follows, 29 sequences, length 7
# corresponding to MSA columns:
# 37-43
name=unknown_B
#
# <colnr> <probs for GDERKNQSTAVLIFYWHMCP>
#	G	D	E	R	K	N	Q	S	T	A	V	L	I	F	Y	W	H	M	C	P
0	0.02325	0.07936	0.07481	0.01672	0.02258	0.01855	0.08684	0.24288	0.16702	0.16306	0.02053	0.02010	0.01461	0.00822	0.00706	0.00220	0.00767	0.00682	0.00644	0.01129
1	0.01840	0.01430	0.01542	0.01365	0.01752	0.01607	0.01076	0.10764	0.47262	0.05921	0.05749	0.02875	0.02297	0.01000	0.00719	0.00234	0.00564	0.03428	0.07516	0.01061
2	0.02668	0.03139	0.02040	0.01799	0.02203	0.59386	0.01372	0.14738	0.02260	0.02243	0.01212	0.01362	0.00971	0.00756	0.00655	0.00189	0.01193	0.00492	0.00430	0.00896
3	0.01237	0.00618	0.00928	0.00928	0.00928	0.00618	0.00618	0.00928	0.00928	0.01237	0.01237	0.02165	0.01237	0.02474	0.02783	0.79283	0.00618	0.00618	0.00309	0.00309
4	0.01713	0.01454	0.01698	0.04609	0.07923	0.01593	0.01198	0.09161	0.39784	0.02857	0.05656	0.02645	0.04677	0.01114	0.03685	0.00261	0.00660	0.00781	0.00633	0.07898
5	0.00901	0.00704	0.00817	0.00831	0.01009	0.00620	0.00607	0.01121	0.01701	0.02208	0.27181	0.19582	0.36627	0.01773	0.00854	0.00245	0.00363	0.01534	0.00701	0.00620
6	0.02564	0.01315	0.01611	0.01262	0.01769	0.01239	0.01028	0.15818	0.05012	0.39259	0.06550	0.02756	0.07870	0.00961	0.00717	0.00212	0.00596	0.00780	0.00777	0.07904

[dist]
# distance from previous block
# <min> <max>
1	2

[block]
# block no. 2 follows, 29 sequences, length 16
# corresponding to MSA columns:
# 46-61
name=unknown_C
#
# <colnr> <probs for GDERKNQSTAVLIFYWHMCP>
#	G	D	E	R	K	N	Q	S	T	A	V	L	I	F	Y	W	H	M	C	P
0	0.71493	0.01359	0.01114	0.00973	0.01426	0.01536	0.00802	0.02246	0.01303	0.10712	0.01193	0.01297	0.00881	0.00685	0.00471	0.00220	0.00557	0.00422	0.00489	0.00820
1	0.04564	0.01669	0.01829	0.04708	0.02048	0.01835	0.01198	0.45629	0.06584	0.07587	0.01888	0.02085	0.01422	0.06084	0.00893	0.00247	0.00717	0.00677	0.07263	0.01074
2	0.00873	0.00638	0.00809	0.00942	0.01009	0.00588	0.00632	0.00998	0.01380	0.01808	0.04281	0.61320	0.13569	0.06256	0.01052	0.00305	0.00421	0.01897	0.00648	0.00573
3	0.01847	0.09730	0.14342	0.01533	0.02059	0.01611	0.05252	0.09617	0.08521	0.12331	0.09467	0.05216	0.04397	0.00972	0.00850	0.00224	0.07109	0.00777	0.00559	0.03584
4	0.02083	0.39345	0.02812	0.01430	0.01908	0.18377	0.01248	0.04662	0.08916	0.04229	0.03388	0.01549	0.01264	0.00758	0.00672	0.00185	0.05337	0.00506	0.00411	0.00920
5	0.02335	0.01600	0.01756	0.03617	0.01958	0.01747	0.01159	0.40243	0.10926	0.09613	0.02051	0.02069	0.01483	0.00862	0.00674	0.00210	0.00662	0.00672	0.15277	0.01086
6	0.00909	0.00716	0.00820	0.00811	0.01007	0.00627	0.00602	0.01147	0.01758	0.02284	0.31829	0.11356	0.40203	0.01698	0.00846	0.00238	0.00355	0.01457	0.00710	0.00627
7	0.02168	0.01623	0.01688	0.01442	0.01887	0.05623	0.01140	0.13710	0.41327	0.14369	0.02764	0.02556	0.04544	0.00954	0.00721	0.00230	0.00638	0.00772	0.00726	0.01117
8	0.01046	0.00697	0.00812	0.00806	0.00840	0.00699	0.00488	0.01115	0.01170	0.01620	0.09456	0.04514	0.02940	0.59117	0.07319	0.00641	0.00708	0.01027	0.04504	0.00481
9	0.01511	0.09877	0.54478	0.02111	0.03071	0.01782	0.12930	0.02248	0.01527	0.02207	0.01278	0.01537	0.00932	0.00658	0.00683	0.00221	0.01050	0.00563	0.00311	0.01025
10	0.02707	0.01995	0.02137	0.01638	0.02208	0.02208	0.01353	0.68159	0.03348	0.04488	0.01710	0.01710	0.01211	0.00855	0.00712	0.00214	0.00784	0.00641	0.00712	0.01211
11	0.02465	0.01819	0.01964	0.01530	0.02044	0.01984	0.01243	0.57980	0.03031	0.04078	0.01824	0.05225	0.01448	0.05394	0.00889	0.00241	0.00749	0.00719	0.00680	0.04694
12	0.01377	0.12370	0.05440	0.01143	0.01420	0.01281	0.00937	0.11243	0.01605	0.02121	0.02631	0.22620	0.06462	0.15712	0.10057	0.00431	0.00789	0.01115	0.00517	0.00730
13	0.02240	0.04460	0.01836	0.01408	0.01880	0.01769	0.01152	0.38128	0.10376	0.08462	0.02195	0.02236	0.04611	0.01300	0.07189	0.00295	0.00791	0.00701	0.05539	0.03433
14	0.01881	0.01315	0.01594	0.01259	0.01739	0.01218	0.02968	0.15802	0.04895	0.12386	0.02106	0.13006	0.01869	0.04561	0.00820	0.00211	0.00604	0.00813	0.00596	0.30357
15	0.01302	0.07574	0.05369	0.01088	0.01411	0.07440	0.00903	0.04843	0.06460	0.02160	0.09534	0.14642	0.31668	0.01470	0.00776	0.00232	0.00559	0.01225	0.00600	0.00743

[dist]
# distance from previous block
# <min> <max>
3	33

[block]
# block no. 3 follows, 29 sequences, length 54
# corresponding to MSA columns:
# 95-148
name=unknown_D
#
# <colnr> <probs for GDERKNQSTAVLIFYWHMCP>
#	G	D	E	R	K	N	Q	S	T	A	V	L	I	F	Y	W	H	M	C	P
0	0.10215	0.01615	0.01739	0.03870	0.01949	0.01753	0.01133	0.40158	0.04947	0.07554	0.02071	0.02311	0.05182	0.08391	0.00981	0.00263	0.00705	0.00705	0.00640	0.03818
1	0.13620	0.04748	0.10400	0.01395	0.01984	0.01632	0.01268	0.20019	0.08718	0.16184	0.03648	0.01882	0.01428	0.00791	0.00643	0.00206	0.00687	0.00603	0.00609	0.09534
2	0.01516	0.01289	0.01498	0.01073	0.01704	0.00989	0.00860	0.03905	0.01536	0.02389	0.01280	0.01484	0.01060	0.00538	0.00533	0.00109	0.00535	0.00429	0.00431	0.76842
3	0.01300	0.00667	0.00667	0.00667	0.00837	0.00660	0.00500	0.01624	0.01500	0.02614	0.02594	0.02887	0.05616	0.00884	0.00517	0.00170	0.00333	0.00710	0.74592	0.00660
4	0.01396	0.03519	0.67376	0.01957	0.02964	0.01595	0.02515	0.02187	0.01510	0.02237	0.01607	0.01800	0.04744	0.00739	0.00686	0.00226	0.01014	0.00580	0.00321	0.01027
5	0.00844	0.00711	0.00732	0.00749	0.00969	0.00599	0.00553	0.01019	0.01596	0.01913	0.06876	0.13792	0.63522	0.01847	0.00848	0.00245	0.00366	0.01556	0.00661	0.00599
6	0.01757	0.01578	0.02008	0.02307	0.21481	0.01771	0.01453	0.03212	0.46145	0.02722	0.02344	0.02340	0.01806	0.00887	0.00808	0.00237	0.04695	0.00746	0.00595	0.01108
7	0.00854	0.00694	0.00758	0.00800	0.00985	0.00598	0.00578	0.01025	0.01567	0.01928	0.08571	0.24979	0.50372	0.01906	0.00860	0.00253	0.00374	0.01635	0.00666	0.00598
8	0.01927	0.04196	0.01529	0.01266	0.01635	0.07496	0.00998	0.13657	0.24334	0.07552	0.02552	0.05857	0.04453	0.00969	0.00667	0.00212	0.00605	0.00778	0.18354	0.00963
9	0.01017	0.00683	0.00782	0.00800	0.00804	0.00678	0.00456	0.01031	0.01071	0.01428	0.02425	0.12205	0.02818	0.67117	0.03331	0.00647	0.00660	0.01142	0.00456	0.00447
10	0.02338	0.01212	0.01661	0.01376	0.01840	0.01125	0.04675	0.02873	0.10674	0.37684	0.02823	0.03558	0.02224	0.01082	0.00766	0.00238	0.00637	0.14758	0.00745	0.07714
11	0.01642	0.02189	0.14409	0.02853	0.03624	0.01778	0.58009	0.02277	0.01654	0.02277	0.01416	0.01857	0.01053	0.00612	0.00815	0.00238	0.01178	0.00793	0.00351	0.00974
12	0.01699	0.02073	0.16223	0.08598	0.47079	0.01701	0.05329	0.04607	0.01651	0.02354	0.01341	0.01727	0.01072	0.00655	0.00707	0.00217	0.00908	0.00623	0.00353	0.01085
13	0.01500	0.01479	0.02133	0.01826	0.01866	0.02018	0.03855	0.01683	0.01118	0.01727	0.01065	0.01714	0.01038	0.01697	0.10369	0.00405	0.62768	0.00647	0.00321	0.00769
14	0.01454	0.07557	0.67637	0.01986	0.03014	0.01717	0.02555	0.02248	0.01500	0.02224	0.01262	0.01484	0.00903	0.00673	0.00665	0.00222	0.01037	0.00518	0.00301	0.01045
15	0.00908	0.00696	0.00833	0.00857	0.01018	0.00620	0.00621	0.01130	0.01694	0.02231	0.28997	0.24563	0.29674	0.01794	0.00859	0.00248	0.00366	0.01566	0.00705	0.00620
16	0.01507	0.01422	0.02418	0.53497	0.14236	0.01650	0.07464	0.05494	0.01578	0.02076	0.01315	0.01870	0.01000	0.00699	0.00722	0.00232	0.00946	0.00651	0.00347	0.00877
17	0.01681	0.01921	0.04202	0.03001	0.03721	0.01801	0.67947	0.02281	0.01681	0.02281	0.01441	0.01921	0.01080	0.00600	0.00840	0.00240	0.01200	0.00840	0.00360	0.00960
18	0.00961	0.00726	0.00887	0.00847	0.01035	0.00652	0.00635	0.01253	0.01905	0.02593	0.52419	0.05751	0.24621	0.01554	0.00840	0.00229	0.00343	0.01348	0.00749	0.00652
19	0.01017	0.00763	0.01144	0.01144	0.01272	0.00890	0.00890	0.01272	0.01144	0.01653	0.01907	0.02797	0.01780	0.05340	0.72153	0.01144	0.01907	0.00763	0.00381	0.00636
20	0.00980	0.00727	0.00914	0.00867	0.01047	0.00660	0.00650	0.01291	0.01951	0.02702	0.59802	0.05571	0.17170	0.01513	0.00840	0.00227	0.00340	0.01323	0.00764	0.00660
21	0.01345	0.01266	0.02136	0.73264	0.04904	0.01582	0.01978	0.01819	0.01424	0.01819	0.01266	0.01898	0.00949	0.00712	0.00712	0.00237	0.00949	0.00633	0.00316	0.00791
22	0.02707	0.01995	0.02137	0.01638	0.02208	0.02208	0.01353	0.68159	0.03348	0.04488	0.01710	0.01710	0.01211	0.00855	0.00712	0.00214	0.00784	0.00641	0.00712	0.01211
23	0.01923	0.01605	0.01696	0.01480	0.01909	0.01842	0.01164	0.14221	0.58563	0.03223	0.02705	0.02503	0.02018	0.00948	0.00723	0.00237	0.00599	0.00778	0.00723	0.01141
24	0.03195	0.01212	0.01652	0.01267	0.01818	0.01047	0.01047	0.03470	0.02038	0.71026	0.02809	0.02424	0.01763	0.00881	0.00716	0.00220	0.00606	0.00716	0.00881	0.01212
25	0.01345	0.01266	0.02136	0.73264	0.04904	0.01582	0.01978	0.01819	0.01424	0.01819	0.01266	0.01898	0.00949	0.00712	0.00712	0.00237	0.00949	0.00633	0.00316	0.00791
26	0.01023	0.00756	0.00959	0.00914	0.01090	0.00710	0.00683	0.01410	0.04829	0.02748	0.59897	0.09035	0.10261	0.01498	0.00839	0.00229	0.00351	0.01320	0.00767	0.00682
27	0.01017	0.00763	0.01144	0.01144	0.01272	0.00890	0.00890	0.01272	0.01144	0.01653	0.01907	0.02797	0.01780	0.05340	0.72153	0.01144	0.01907	0.00763	0.00381	0.00636
28	0.01428	0.03683	0.71286	0.02030	0.03082	0.01654	0.02631	0.02255	0.01503	0.02255	0.01278	0.01503	0.00902	0.00677	0.00677	0.00226	0.01052	0.00526	0.00301	0.01052
29	0.00919	0.00735	0.00828	0.00834	0.01048	0.00644	0.00645	0.01154	0.01721	0.02176	0.22168	0.06619	0.46861	0.01738	0.00858	0.00247	0.00390	0.09100	0.00691	0.00625
30	0.01017	0.00763	0.01144	0.01144	0.01272	0.00890	0.00890	0.01272	0.01144	0.01653	0.01907	0.02797	0.01780	0.05340	0.72153	0.01144	0.01907	0.00763	0.00381	0.00636
31	0.01095	0.00810	0.01158	0.01132	0.01238	0.00955	0.00872	0.01309	0.01152	0.01701	0.01860	0.02796	0.01753	0.09594	0.53386	0.03741	0.07573	0.00758	0.06492	0.00623
32	0.02737	0.01275	0.01685	0.01434	0.04726	0.01218	0.01110	0.03303	0.13042	0.51155	0.05841	0.02537	0.02004	0.00925	0.00782	0.00227	0.03287	0.00751	0.00807	0.01153
33	0.01778	0.01593	0.01999	0.01863	0.13234	0.04721	0.04817	0.11312	0.04958	0.02610	0.01409	0.01628	0.01133	0.00644	0.00661	0.00161	0.02579	0.00535	0.00456	0.41909
34	0.04832	0.22302	0.04779	0.02328	0.22786	0.10435	0.01549	0.06098	0.13815	0.02340	0.01499	0.01661	0.01215	0.00713	0.00622	0.00198	0.00816	0.00562	0.00429	0.01022
35	0.01362	0.01146	0.04730	0.07987	0.04597	0.01044	0.03397	0.03381	0.04702	0.07111	0.05593	0.34419	0.03017	0.01438	0.00845	0.00244	0.03198	0.01273	0.00575	0.09942
36	0.06576	0.01844	0.03206	0.17204	0.08963	0.07706	0.36526	0.02191	0.01598	0.02177	0.01318	0.01786	0.01018	0.00669	0.00825	0.00234	0.04184	0.00711	0.00354	0.00908
37	0.08801	0.10589	0.02213	0.01538	0.02045	0.02127	0.03382	0.41581	0.07478	0.03631	0.01618	0.01697	0.01211	0.00832	0.00754	0.00214	0.05117	0.00607	0.03487	0.01079
38	0.07049	0.31949	0.11291	0.01595	0.05742	0.09590	0.01429	0.13915	0.01872	0.04805	0.01468	0.01584	0.03459	0.00731	0.00584	0.00189	0.00828	0.00519	0.00427	0.00976
39	0.02425	0.06844	0.02264	0.05059	0.13310	0.49461	0.01520	0.07062	0.01989	0.02021	0.01181	0.01407	0.00972	0.00718	0.00650	0.00190	0.01138	0.00502	0.00382	0.00904
40	0.01463	0.08879	0.66392	0.01971	0.02991	0.01738	0.02529	0.02246	0.01499	0.02213	0.01257	0.01477	0.00903	0.00672	0.00661	0.00220	0.01031	0.00516	0.00301	0.01042
41	0.01017	0.00763	0.01144	0.01144	0.01272	0.00890	0.00890	0.01272	0.01144	0.01653	0.01907	0.02797	0.01780	0.05340	0.72153	0.01144	0.01907	0.00763	0.00381	0.00636
42	0.00875	0.00623	0.00824	0.00981	0.01021	0.00584	0.00650	0.00994	0.01348	0.01797	0.03846	0.71244	0.04610	0.05632	0.01036	0.00308	0.00426	0.01978	0.00650	0.00572
43	0.01378	0.00713	0.00718	0.00700	0.00880	0.00721	0.00529	0.04108	0.01562	0.02722	0.02300	0.02620	0.01803	0.00831	0.00506	0.00168	0.00348	0.00663	0.76048	0.00684
44	0.01771	0.01530	0.01610	0.01449	0.01852	0.01771	0.01127	0.03784	0.69247	0.02979	0.02898	0.02657	0.02174	0.00966	0.00725	0.00242	0.00564	0.00805	0.00725	0.01127
45	0.01008	0.00728	0.00952	0.00896	0.01064	0.00672	0.00672	0.01344	0.02016	0.02855	0.70158	0.05319	0.06719	0.01456	0.00840	0.00224	0.00336	0.01288	0.00784	0.00672
46	0.01345	0.01266	0.02136	0.73264	0.04904	0.01582	0.01978	0.01819	0.01424	0.01819	0.01266	0.01898	0.00949	0.00712	0.00712	0.00237	0.00949	0.00633	0.00316	0.00791
47	0.01327	0.00664	0.00664	0.00664	0.00830	0.00664	0.00498	0.01659	0.01493	0.02655	0.02323	0.02655	0.01825	0.00830	0.00498	0.00166	0.00332	0.00664	0.78928	0.00664
48	0.60050	0.01586	0.01292	0.01117	0.01571	0.05521	0.00910	0.11995	0.05341	0.03295	0.01209	0.01328	0.00922	0.00710	0.00507	0.00219	0.00626	0.00451	0.00493	0.00859
49	0.01153	0.00793	0.00924	0.00883	0.01117	0.00711	0.00664	0.01459	0.04636	0.08714	0.24243	0.13130	0.35673	0.01628	0.00832	0.00239	0.00391	0.01394	0.00720	0.00699
50	0.03072	0.01205	0.01627	0.01260	0.01793	0.01057	0.01036	0.03407	0.04252	0.66413	0.05154	0.02532	0.01949	0.00904	0.00721	0.00221	0.00595	0.00739	0.00873	0.01190
51	0.01789	0.03782	0.20139	0.01398	0.01937	0.01261	0.01392	0.07431	0.06073	0.17009	0.09705	0.08749	0.06523	0.01121	0.00746	0.00233	0.00677	0.05580	0.03504	0.00952
52	0.01377	0.01291	0.02141	0.67940	0.07112	0.01594	0.01951	0.01911	0.04149	0.01884	0.01334	0.01924	0.01005	0.00719	0.00712	0.00237	0.00930	0.00640	0.00334	0.00816
53	0.04170	0.58760	0.11452	0.01284	0.01922	0.02481	0.01335	0.02137	0.01474	0.04052	0.01377	0.01496	0.04206	0.00684	0.00509	0.00169	0.00766	0.00462	0.00344	0.00921

[dist]
# distance from previous block
# <min> <max>
0	1

[block]
# block no. 4 follows, 29 sequences, length 6
# corresponding to MSA columns:
# 150-155
name=unknown_E
#
# <colnr> <probs for GDERKNQSTAVLIFYWHMCP>
#	G	D	E	R	K	N	Q	S	T	A	V	L	I	F	Y	W	H	M	C	P
0	0.29523	0.15342	0.34489	0.01499	0.02256	0.01836	0.01722	0.02176	0.01390	0.02489	0.01126	0.01317	0.00857	0.00659	0.00554	0.00211	0.00823	0.00451	0.00351	0.00928
1	0.01434	0.08265	0.38637	0.01826	0.05935	0.01616	0.01940	0.02099	0.05236	0.02315	0.14433	0.02283	0.02095	0.00888	0.00855	0.00228	0.07853	0.00690	0.00420	0.00951
2	0.01272	0.00866	0.01008	0.00934	0.01127	0.00860	0.00692	0.09996	0.01898	0.02719	0.31427	0.10503	0.07594	0.09870	0.01087	0.00272	0.00442	0.01132	0.15601	0.00701
3	0.01065	0.14864	0.01380	0.01035	0.01184	0.01005	0.00767	0.01209	0.01379	0.01791	0.03366	0.60536	0.03987	0.01922	0.00823	0.00263	0.00479	0.01711	0.00593	0.00642
4	0.16487	0.01529	0.02468	0.13631	0.05338	0.01731	0.20888	0.02028	0.03534	0.02275	0.01363	0.04023	0.01142	0.00845	0.01058	0.00250	0.17010	0.00695	0.02859	0.00847
5	0.02249	0.15734	0.09860	0.01372	0.01939	0.01682	0.01266	0.13405	0.10066	0.23597	0.04772	0.02419	0.06758	0.00901	0.00676	0.00211	0.00682	0.00708	0.00640	0.01063

[dist]
# distance from previous block
# <min> <max>
9	34

[block]
# block no. 5 follows, 29 sequences, length 15
# corresponding to MSA columns:
# 193-207
name=unknown_F
#
# <colnr> <probs for GDERKNQSTAVLIFYWHMCP>
#	G	D	E	R	K	N	Q	S	T	A	V	L	I	F	Y	W	H	M	C	P
0	0.11876	0.01300	0.01301	0.01177	0.01476	0.06792	0.00889	0.15050	0.01873	0.04715	0.08778	0.26797	0.02901	0.04597	0.00864	0.00251	0.00595	0.01126	0.00608	0.07032
1	0.02046	0.01742	0.01640	0.11123	0.02147	0.17411	0.01176	0.14825	0.07917	0.08165	0.08987	0.02323	0.01922	0.00878	0.00673	0.00206	0.00759	0.00691	0.14463	0.00906
2	0.06419	0.01496	0.01741	0.04876	0.06028	0.01619	0.01216	0.12543	0.32168	0.14792	0.02396	0.02430	0.01781	0.00900	0.00703	0.00227	0.00637	0.02785	0.00678	0.04563
3	0.09758	0.02593	0.01943	0.05219	0.02240	0.38026	0.01328	0.21359	0.06242	0.02735	0.01378	0.01504	0.01063	0.00774	0.00652	0.00202	0.01014	0.00533	0.00491	0.00946
4	0.01479	0.11359	0.64056	0.01943	0.02948	0.01778	0.02480	0.02242	0.01497	0.02193	0.01247	0.01465	0.00903	0.00669	0.00653	0.00218	0.01021	0.00511	0.00301	0.01038
5	0.01904	0.75404	0.03731	0.01218	0.01828	0.02818	0.01218	0.02132	0.01447	0.01675	0.00990	0.01142	0.00914	0.00609	0.00457	0.00152	0.00761	0.00381	0.00305	0.00914
6	0.25673	0.50086	0.05524	0.01164	0.01739	0.02401	0.01137	0.02125	0.01377	0.02160	0.01002	0.01161	0.00870	0.00628	0.00460	0.00176	0.00709	0.00388	0.00346	0.00876
7	0.01237	0.00618	0.00928	0.00928	0.00928	0.00618	0.00618	0.00928	0.00928	0.01237	0.01237	0.02165	0.01237	0.02474	0.02783	0.79283	0.00618	0.00618	0.00309	0.00309
8	0.00999	0.00728	0.00940	0.00887	0.01059	0.00668	0.00665	0.01328	0.01996	0.02809	0.67003	0.05396	0.09902	0.01473	0.00840	0.00225	0.00337	0.01299	0.00778	0.00668
9	0.01606	0.13451	0.53052	0.02065	0.08207	0.01791	0.02322	0.02291	0.01530	0.05475	0.01316	0.01517	0.00963	0.00674	0.00650	0.00214	0.00974	0.00524	0.00333	0.01047
10	0.00979	0.00727	0.00912	0.00866	0.01046	0.00660	0.00649	0.01289	0.01948	0.02696	0.59354	0.05582	0.17622	0.01515	0.00840	0.00227	0.00340	0.01325	0.00763	0.00660
11	0.01735	0.01680	0.02914	0.08108	0.63565	0.01691	0.05464	0.02170	0.01613	0.02296	0.01340	0.01778	0.01116	0.00637	0.00712	0.00214	0.00869	0.00645	0.00351	0.01101
12	0.02020	0.01054	0.01394	0.01236	0.04191	0.00979	0.00931	0.07512	0.02115	0.29381	0.35901	0.03770	0.04140	0.01153	0.00776	0.00221	0.00496	0.00989	0.00799	0.00942
13	0.09865	0.01255	0.01498	0.01130	0.01681	0.01053	0.03987	0.03673	0.01535	0.02462	0.04752	0.05470	0.03641	0.00723	0.00581	0.00146	0.00549	0.00598	0.00465	0.54937
14	0.04288	0.52707	0.16777	0.01396	0.02076	0.02478	0.01483	0.04734	0.04718	0.02005	0.01164	0.01307	0.00978	0.00650	0.00522	0.00175	0.00804	0.00439	0.00343	0.00958

[dist]
# distance from previous block
# <min> <max>
5	23

[block]
# block no. 6 follows, 29 sequences, length 52
# corresponding to MSA columns:
# 231-282
name=unknown_G
#
# <colnr> <probs for GDERKNQSTAVLIFYWHMCP>
#	G	D	E	R	K	N	Q	S	T	A	V	L	I	F	Y	W	H	M	C	P
0	0.15576	0.01838	0.03889	0.04498	0.02160	0.08573	0.07375	0.25805	0.04747	0.03162	0.05457	0.02175	0.06264	0.00897	0.00766	0.00224	0.04390	0.00694	0.00552	0.00957
1	0.01691	0.01494	0.04678	0.04811	0.15150	0.05496	0.05078	0.07559	0.06245	0.08662	0.08027	0.10676	0.12093	0.01106	0.00756	0.00225	0.00690	0.00968	0.00567	0.04026
2	0.01609	0.02168	0.15648	0.02744	0.03493	0.01724	0.53142	0.02234	0.01648	0.02269	0.01535	0.02169	0.01208	0.00685	0.00820	0.00242	0.01146	0.04190	0.00365	0.00960
3	0.01937	0.63569	0.07597	0.01261	0.01879	0.02557	0.01275	0.02208	0.01509	0.06570	0.03288	0.01383	0.01153	0.00659	0.00500	0.00164	0.00755	0.00441	0.00359	0.00935
4	0.00975	0.00656	0.00793	0.00869	0.00898	0.00637	0.00541	0.01052	0.01214	0.01659	0.03025	0.36811	0.03523	0.36944	0.02183	0.00474	0.00541	0.01470	0.05220	0.00513
5	0.01020	0.00754	0.01097	0.01097	0.01208	0.00864	0.00831	0.01241	0.01130	0.01618	0.01950	0.03036	0.01884	0.14272	0.63363	0.01086	0.01751	0.00798	0.00388	0.00610
6	0.01428	0.03683	0.71286	0.02030	0.03082	0.01654	0.02631	0.02255	0.01503	0.02255	0.01278	0.01503	0.00902	0.00677	0.00677	0.00226	0.01052	0.00526	0.00301	0.01052
7	0.03195	0.01212	0.01652	0.01267	0.01818	0.01047	0.01047	0.03470	0.02038	0.71026	0.02809	0.02424	0.01763	0.00881	0.00716	0.00220	0.00606	0.00716	0.00881	0.01212
8	0.01771	0.01530	0.01610	0.01449	0.01852	0.01771	0.01127	0.03784	0.69247	0.02979	0.02898	0.02657	0.02174	0.00966	0.00725	0.00242	0.00564	0.00805	0.00725	0.01127
9	0.03195	0.01212	0.01652	0.01267	0.01818	0.01047	0.01047	0.03470	0.02038	0.71026	0.02809	0.02424	0.01763	0.00881	0.00716	0.00220	0.00606	0.00716	0.00881	0.01212
10	0.01506	0.06113	0.52914	0.02225	0.03182	0.01734	0.17856	0.02256	0.01543	0.02238	0.01305	0.01587	0.00944	0.00656	0.00706	0.00226	0.01075	0.00594	0.00315	0.01025
11	0.00889	0.00756	0.00772	0.00773	0.01016	0.00654	0.00588	0.01145	0.04173	0.01972	0.06910	0.06743	0.64972	0.01778	0.00843	0.00244	0.00380	0.04104	0.00663	0.00623
12	0.02455	0.10329	0.02198	0.01609	0.02107	0.19057	0.01307	0.34711	0.13506	0.03272	0.01676	0.01698	0.01264	0.00817	0.00669	0.00204	0.00866	0.00595	0.00586	0.01072
13	0.01904	0.75404	0.03731	0.01218	0.01828	0.02818	0.01218	0.02132	0.01447	0.01675	0.00990	0.01142	0.00914	0.00609	0.00457	0.00152	0.00761	0.00381	0.00305	0.00914
14	0.07996	0.01221	0.01557	0.01231	0.01728	0.01130	0.01006	0.05740	0.05640	0.53218	0.09562	0.02621	0.02205	0.00929	0.00711	0.00222	0.00579	0.00755	0.00827	0.01122
15	0.02051	0.31284	0.18280	0.01621	0.02242	0.19895	0.01602	0.08687	0.01773	0.02095	0.01150	0.01330	0.00941	0.00704	0.00649	0.00189	0.03736	0.00467	0.00359	0.00946
16	0.01477	0.01266	0.01477	0.01055	0.01687	0.00949	0.00844	0.01793	0.01477	0.02320	0.01266	0.01477	0.01055	0.00527	0.00527	0.00105	0.00527	0.00422	0.00422	0.79328
17	0.01400	0.00756	0.00779	0.00743	0.00935	0.00767	0.00565	0.06074	0.01648	0.02789	0.06329	0.02751	0.02076	0.00869	0.00532	0.00173	0.00362	0.00699	0.69051	0.00701
18	0.01264	0.01005	0.01197	0.01231	0.03483	0.01025	0.00951	0.05116	0.15497	0.02453	0.12706	0.07782	0.21193	0.01569	0.00851	0.00264	0.00524	0.20428	0.00681	0.00779
19	0.02553	0.01895	0.02037	0.01594	0.02126	0.02098	0.01304	0.60543	0.07644	0.04255	0.01898	0.05376	0.01448	0.00930	0.00723	0.00219	0.00751	0.00720	0.00711	0.01174
20	0.00889	0.00670	0.00823	0.00898	0.01020	0.00604	0.00630	0.01072	0.01567	0.02058	0.18335	0.41880	0.23055	0.01956	0.00876	0.00263	0.00383	0.01731	0.00686	0.00604
21	0.01709	0.01476	0.01551	0.01401	0.01792	0.01693	0.01088	0.03600	0.64738	0.02908	0.03186	0.02936	0.06712	0.01022	0.00732	0.00241	0.00550	0.00852	0.00720	0.01092
22	0.00864	0.00674	0.00785	0.00859	0.01001	0.00595	0.00605	0.01027	0.01524	0.01929	0.09386	0.38735	0.35513	0.01985	0.00873	0.00263	0.00384	0.01737	0.00668	0.00595
23	0.01345	0.01266	0.02136	0.73264	0.04904	0.01582	0.01978	0.01819	0.01424	0.01819	0.01266	0.01898	0.00949	0.00712	0.00712	0.00237	0.00949	0.00633	0.00316	0.00791
24	0.00916	0.00644	0.00828	0.00957	0.00994	0.00613	0.00630	0.01021	0.01302	0.01733	0.03544	0.56253	0.04213	0.18406	0.01516	0.00380	0.00485	0.04406	0.00610	0.00549
25	0.00868	0.00620	0.00826	0.00991	0.01033	0.00578	0.00661	0.00991	0.01363	0.01818	0.03925	0.74510	0.04710	0.02231	0.00909	0.00289	0.00413	0.02024	0.00661	0.00578
26	0.02707	0.01995	0.02137	0.01638	0.02208	0.02208	0.01353	0.68159	0.03348	0.04488	0.01710	0.01710	0.01211	0.00855	0.00712	0.00214	0.00784	0.00641	0.00712	0.01211
27	0.00873	0.00631	0.00827	0.00970	0.01030	0.00585	0.00654	0.01012	0.01413	0.01878	0.07595	0.66845	0.08724	0.02165	0.00901	0.00283	0.00406	0.01955	0.00667	0.00585
28	0.01634	0.02123	0.13181	0.02756	0.03516	0.01731	0.55151	0.02249	0.01645	0.02280	0.01408	0.01838	0.01055	0.00606	0.00800	0.00230	0.01141	0.00773	0.00356	0.05526
29	0.02404	0.19482	0.02440	0.06625	0.02305	0.38770	0.01378	0.14357	0.02085	0.02226	0.01196	0.01371	0.00971	0.00725	0.00617	0.00185	0.01051	0.00486	0.00411	0.00913
30	0.10534	0.01657	0.02684	0.03986	0.62780	0.01681	0.02027	0.02175	0.01575	0.02424	0.01300	0.01694	0.01088	0.00637	0.00675	0.00212	0.00813	0.00607	0.00362	0.01088
31	0.36880	0.21472	0.04194	0.11352	0.02141	0.01994	0.01184	0.09357	0.01550	0.02704	0.01118	0.01329	0.00887	0.00676	0.00521	0.00204	0.00705	0.00452	0.00412	0.00870
32	0.01507	0.00960	0.01154	0.01026	0.01273	0.00998	0.04037	0.13090	0.01778	0.02774	0.02307	0.10137	0.01986	0.01378	0.07044	0.00279	0.00603	0.00823	0.46084	0.00761
33	0.01234	0.00790	0.01000	0.00918	0.01148	0.00705	0.00696	0.01524	0.01899	0.10405	0.46059	0.09164	0.16665	0.01469	0.00821	0.00227	0.00381	0.01278	0.00757	0.02860
34	0.01128	0.00695	0.00868	0.00891	0.01013	0.00735	0.00656	0.01377	0.01314	0.02077	0.02394	0.13026	0.02277	0.08496	0.26504	0.00576	0.00937	0.00921	0.33494	0.00623
35	0.00949	0.00726	0.00870	0.00834	0.01028	0.00647	0.00625	0.01229	0.01876	0.02525	0.47806	0.05864	0.29277	0.01579	0.00840	0.00230	0.00345	0.01364	0.00740	0.00647
36	0.01904	0.75404	0.03731	0.01218	0.01828	0.02818	0.01218	0.02132	0.01447	0.01675	0.00990	0.01142	0.00914	0.00609	0.00457	0.00152	0.00761	0.00381	0.00305	0.00914
37	0.01428	0.03683	0.71286	0.02030	0.03082	0.01654	0.02631	0.02255	0.01503	0.02255	0.01278	0.01503	0.00902	0.00677	0.00677	0.00226	0.01052	0.00526	0.00301	0.01052
38	0.00927	0.00719	0.00843	0.00823	0.01017	0.00636	0.00613	0.01182	0.01807	0.02387	0.38702	0.09601	0.34883	0.01651	0.00844	0.00235	0.00351	0.01422	0.00723	0.00636
39	0.01017	0.00763	0.01144	0.01144	0.01272	0.00890	0.00890	0.01272	0.01144	0.01653	0.01907	0.02797	0.01780	0.05340	0.72153	0.01144	0.01907	0.00763	0.00381	0.00636
40	0.00984	0.00730	0.00919	0.00881	0.01062	0.00665	0.00667	0.01293	0.01933	0.02667	0.56740	0.05688	0.17610	0.01535	0.00846	0.00231	0.00352	0.03778	0.00758	0.00659
41	0.01044	0.00691	0.00797	0.00804	0.00823	0.00698	0.00475	0.01085	0.01082	0.01489	0.02294	0.07274	0.02578	0.63157	0.07905	0.00674	0.00740	0.01037	0.04889	0.00464
42	0.27220	0.01240	0.01427	0.01145	0.01642	0.01201	0.00941	0.02932	0.01777	0.46340	0.05571	0.02169	0.01696	0.00841	0.00636	0.00221	0.00575	0.00641	0.00738	0.01047
43	0.01909	0.68756	0.07206	0.01286	0.01908	0.05533	0.01299	0.02167	0.01473	0.01708	0.01009	0.01167	0.00913	0.00618	0.00476	0.00157	0.00798	0.00391	0.00307	0.00918
44	0.01591	0.01262	0.01488	0.01069	0.01696	0.00956	0.00857	0.01905	0.01514	0.06901	0.01369	0.01540	0.01102	0.00551	0.00540	0.00113	0.00533	0.00441	0.00453	0.74120
45	0.01113	0.03804	0.01045	0.00885	0.01108	0.00761	0.00681	0.01404	0.01899	0.05956	0.48819	0.05375	0.21553	0.01476	0.00818	0.00225	0.00373	0.01274	0.00740	0.00691
46	0.01933	0.44735	0.19152	0.01445	0.02123	0.07080	0.01528	0.02306	0.01570	0.08072	0.03344	0.01479	0.01165	0.00684	0.00556	0.00180	0.00838	0.00478	0.00374	0.00959
47	0.02329	0.01671	0.01848	0.01432	0.01966	0.01732	0.01165	0.44615	0.02718	0.08478	0.02012	0.07024	0.03364	0.00919	0.00695	0.00200	0.00685	0.00727	0.00665	0.15754
48	0.02560	0.10281	0.07431	0.01477	0.02026	0.11353	0.01294	0.18018	0.04242	0.26963	0.03725	0.01978	0.01497	0.00958	0.02793	0.00235	0.00823	0.00629	0.00639	0.01079
49	0.01670	0.33789	0.27106	0.01485	0.02171	0.02055	0.01639	0.06558	0.01559	0.02093	0.01312	0.01650	0.01104	0.04841	0.04997	0.00270	0.00914	0.00518	0.03335	0.00932
50	0.01750	0.01643	0.10137	0.01405	0.01848	0.01469	0.01233	0.25093	0.10693	0.03135	0.12211	0.15354	0.02817	0.01206	0.00766	0.00233	0.00643	0.03555	0.00650	0.04159
51	0.10175	0.21337	0.43920	0.01691	0.02546	0.01961	0.02023	0.04847	0.01531	0.02302	0.01192	0.01383	0.00903	0.00665	0.00597	0.00206	0.00914	0.00479	0.00333	0.00993

[dist]
# distance from previous block
# <min> <max>
5	11

[block]
# block no. 7 follows, 29 sequences, length 12
# corresponding to MSA columns:
# 294-305
name=unknown_H
#
# <colnr> <probs for GDERKNQSTAVLIFYWHMCP>
#	G	D	E	R	K	N	Q	S	T	A	V	L	I	F	Y	W	H	M	C	P
0	0.02514	0.01999	0.01889	0.01523	0.02019	0.15876	0.01217	0.34793	0.02575	0.12733	0.01850	0.06788	0.01457	0.00898	0.00694	0.00203	0.00808	0.00690	0.00634	0.08841
1	0.09433	0.01687	0.02213	0.01682	0.02252	0.01741	0.11907	0.30687	0.05329	0.22816	0.01966	0.01938	0.01349	0.00809	0.00711	0.00222	0.00770	0.00679	0.00680	0.01129
2	0.41034	0.01769	0.10449	0.01392	0.01968	0.01613	0.06713	0.11034	0.01701	0.14070	0.01452	0.01540	0.01031	0.00719	0.00584	0.00222	0.00708	0.00528	0.00523	0.00951
3	0.02656	0.02087	0.02101	0.01645	0.02190	0.07969	0.01344	0.59513	0.06557	0.04185	0.01719	0.01722	0.01235	0.00850	0.00707	0.00213	0.00814	0.00634	0.00684	0.01175
4	0.02728	0.01778	0.01970	0.01518	0.02064	0.01909	0.01252	0.52522	0.03005	0.16974	0.01949	0.01893	0.01347	0.00859	0.00702	0.00213	0.00727	0.00656	0.04752	0.01183
5	0.01009	0.00746	0.00918	0.01015	0.01095	0.00747	0.00683	0.01352	0.09912	0.01895	0.03524	0.54181	0.04047	0.13760	0.01322	0.00348	0.00477	0.01711	0.00632	0.00624
6	0.01147	0.00820	0.01147	0.01311	0.01475	0.00820	0.01147	0.01475	0.01639	0.02131	0.03770	0.08032	0.04098	0.01967	0.00984	0.00328	0.00656	0.65741	0.00656	0.00656
7	0.03014	0.01365	0.01731	0.01342	0.01885	0.01291	0.01104	0.14310	0.06954	0.55143	0.02632	0.02321	0.01699	0.00883	0.00716	0.00221	0.00633	0.00710	0.00842	0.01206
8	0.01112	0.00794	0.01107	0.01271	0.01419	0.00789	0.01086	0.01414	0.01604	0.02091	0.03790	0.16455	0.04176	0.02000	0.00974	0.00323	0.00625	0.57667	0.00656	0.00646
9	0.00928	0.00645	0.00808	0.00914	0.00940	0.00619	0.00578	0.01007	0.01244	0.01659	0.03315	0.49187	0.03941	0.28604	0.01893	0.00435	0.00514	0.01666	0.00578	0.00525
10	0.01191	0.00781	0.01009	0.01009	0.01210	0.00719	0.00797	0.01472	0.01793	0.08404	0.30471	0.12723	0.16609	0.01667	0.00871	0.00258	0.00450	0.17143	0.00728	0.00694
11	0.01477	0.01266	0.01477	0.01055	0.01687	0.00949	0.00844	0.01793	0.01477	0.02320	0.01266	0.01477	0.01055	0.00527	0.00527	0.00105	0.00527	0.00422	0.00422	0.79328

[dist]
# distance from previous block
# <min> <max>
0	1

[block]
# block no. 8 follows, 29 sequences, length 12
# corresponding to MSA columns:
# 307-318
name=unknown_I
#
# <colnr> <probs for GDERKNQSTAVLIFYWHMCP>
#	G	D	E	R	K	N	Q	S	T	A	V	L	I	F	Y	W	H	M	C	P
0	0.00875	0.00631	0.00816	0.00961	0.01014	0.00586	0.00640	0.00996	0.01363	0.01801	0.04056	0.66004	0.09068	0.06247	0.01055	0.00308	0.00425	0.01934	0.00648	0.00572
1	0.00902	0.00645	0.00864	0.01017	0.01077	0.00606	0.00708	0.01056	0.01424	0.01903	0.07435	0.64475	0.04758	0.02164	0.00912	0.00289	0.00432	0.08074	0.00667	0.00591
2	0.01681	0.01921	0.04202	0.03001	0.03721	0.01801	0.67947	0.02281	0.01681	0.02281	0.01441	0.01921	0.01080	0.00600	0.00840	0.00240	0.01200	0.00840	0.00360	0.00960
3	0.00891	0.00634	0.00839	0.00995	0.01040	0.00597	0.00672	0.01018	0.01358	0.01808	0.03822	0.67278	0.04559	0.06343	0.01067	0.00314	0.00441	0.05104	0.00648	0.00574
4	0.02671	0.01909	0.02067	0.01600	0.02157	0.02100	0.01317	0.59217	0.08073	0.08741	0.01868	0.01826	0.01317	0.00865	0.00713	0.00216	0.00756	0.00658	0.00724	0.01205
5	0.01622	0.01549	0.02637	0.27515	0.48486	0.01655	0.02116	0.02062	0.01555	0.02156	0.01315	0.01808	0.01068	0.00660	0.00707	0.00220	0.00881	0.00634	0.00340	0.01015
6	0.13191	0.01608	0.01682	0.01426	0.01880	0.01806	0.01153	0.25545	0.29854	0.05939	0.02275	0.02477	0.01760	0.00950	0.00697	0.00234	0.00645	0.05121	0.00681	0.01076
7	0.18603	0.01648	0.02037	0.14276	0.17947	0.06801	0.04194	0.06229	0.12396	0.06788	0.01597	0.01807	0.01214	0.00739	0.00655	0.00222	0.00784	0.00609	0.00478	0.00975
8	0.29511	0.11759	0.01613	0.04139	0.04474	0.01583	0.00971	0.05130	0.09787	0.02742	0.10745	0.02526	0.08265	0.00914	0.00602	0.00214	0.00570	0.00696	0.02922	0.00839
9	0.07575	0.01309	0.01402	0.01228	0.01540	0.06653	0.00955	0.10912	0.06373	0.14914	0.19096	0.12013	0.03168	0.03550	0.02838	0.00271	0.03673	0.00982	0.00674	0.00873
10	0.13509	0.01774	0.02312	0.17086	0.02869	0.08121	0.13560	0.13782	0.06235	0.02632	0.01385	0.01711	0.01068	0.00795	0.00894	0.00236	0.10043	0.00630	0.00443	0.00916
11	0.03860	0.01683	0.02608	0.15273	0.22484	0.06074	0.15185	0.07090	0.04579	0.07404	0.01667	0.05901	0.01360	0.00785	0.00737	0.00227	0.00899	0.00750	0.00449	0.00988

[dist]
# distance from previous block
# <min> <max>
50	125

[block]
# block no. 9 follows, 29 sequences, length 57
# corresponding to MSA columns:
# 462-518
name=unknown_J
#
# <colnr> <probs for GDERKNQSTAVLIFYWHMCP>
#	G	D	E	R	K	N	Q	S	T	A	V	L	I	F	Y	W	H	M	C	P
0	0.07315	0.02022	0.07460	0.02687	0.28766	0.11043	0.04342	0.13760	0.01896	0.02621	0.01338	0.01638	0.01072	0.00782	0.00784	0.04472	0.00870	0.00581	0.00422	0.06130
1	0.12465	0.08828	0.04844	0.04298	0.02049	0.19415	0.04049	0.02279	0.06046	0.02258	0.04607	0.01657	0.01303	0.00718	0.00650	0.00182	0.03098	0.00527	0.00422	0.20304
2	0.02040	0.44180	0.04879	0.01286	0.01801	0.07845	0.01184	0.04806	0.01636	0.10975	0.04713	0.01809	0.01433	0.05803	0.00807	0.00213	0.02702	0.00541	0.00433	0.00913
3	0.01605	0.04828	0.06388	0.01166	0.01538	0.01129	0.00981	0.08508	0.06827	0.12094	0.16126	0.15874	0.09293	0.04247	0.00875	0.00244	0.00550	0.01091	0.00658	0.05980
4	0.04732	0.01473	0.01620	0.01284	0.01774	0.01472	0.01026	0.30056	0.04395	0.03245	0.01906	0.11487	0.01676	0.00930	0.00659	0.00188	0.00614	0.00754	0.04395	0.26316
5	0.09976	0.01311	0.03371	0.01302	0.01593	0.07101	0.08414	0.03832	0.01488	0.02307	0.01960	0.10861	0.01806	0.04455	0.09466	0.00345	0.04807	0.00812	0.21710	0.03082
6	0.22416	0.01930	0.01698	0.01427	0.01861	0.16057	0.01141	0.24304	0.02163	0.09342	0.01574	0.04637	0.01247	0.01022	0.03364	0.00251	0.03445	0.00607	0.00559	0.00956
7	0.01868	0.02097	0.02193	0.20861	0.02856	0.24982	0.04173	0.02135	0.01506	0.01773	0.01097	0.01572	0.00938	0.00911	0.01291	0.00247	0.27780	0.00580	0.00333	0.00804
8	0.00930	0.00715	0.00843	0.00846	0.01022	0.00639	0.00625	0.01164	0.01724	0.02265	0.31447	0.13884	0.32181	0.04875	0.00974	0.00262	0.00382	0.03900	0.00700	0.00621
9	0.08608	0.05488	0.57212	0.01815	0.02728	0.01608	0.02262	0.02165	0.01515	0.02370	0.06650	0.01760	0.01347	0.00734	0.00661	0.00223	0.00941	0.00569	0.00352	0.00992
10	0.10026	0.01511	0.01941	0.30403	0.11522	0.04609	0.01565	0.07164	0.16519	0.02479	0.01844	0.02108	0.03733	0.00803	0.00687	0.00229	0.00790	0.00669	0.00467	0.00930
11	0.01837	0.01076	0.01284	0.01098	0.01446	0.01037	0.00861	0.09809	0.08267	0.21537	0.19712	0.06752	0.17670	0.03277	0.00859	0.00242	0.00501	0.01077	0.00757	0.00900
12	0.00925	0.00678	0.00880	0.01013	0.01112	0.00633	0.00741	0.01105	0.01480	0.01935	0.06923	0.49213	0.13825	0.02089	0.00912	0.00287	0.00451	0.14534	0.00665	0.00600
13	0.07939	0.20538	0.35858	0.01689	0.02418	0.08371	0.01895	0.02196	0.01472	0.02086	0.01164	0.01413	0.00926	0.00852	0.02975	0.00239	0.06215	0.00488	0.00322	0.00943
14	0.01634	0.04790	0.09634	0.02766	0.06077	0.01801	0.50835	0.02189	0.01608	0.02207	0.01464	0.04426	0.01182	0.00705	0.00897	0.00240	0.05417	0.00817	0.00361	0.00949
15	0.00867	0.00623	0.00822	0.00982	0.01030	0.00579	0.00657	0.00993	0.01373	0.01822	0.04043	0.72075	0.07068	0.02215	0.00906	0.00287	0.00411	0.02006	0.00661	0.00579
16	0.01075	0.00838	0.00961	0.00953	0.01106	0.04123	0.00702	0.01348	0.01816	0.02491	0.44790	0.16916	0.08734	0.04197	0.00934	0.00252	0.00422	0.03943	0.03750	0.00650
17	0.02405	0.10184	0.06412	0.01585	0.02116	0.14103	0.01358	0.40380	0.02646	0.03395	0.01612	0.04414	0.01270	0.00849	0.00669	0.00203	0.00850	0.00629	0.03864	0.01056
18	0.01416	0.01339	0.02265	0.61447	0.16161	0.01601	0.02013	0.01882	0.01458	0.01906	0.01278	0.01875	0.00980	0.00699	0.00711	0.00233	0.00932	0.00633	0.00323	0.00849
19	0.01046	0.00753	0.01005	0.01010	0.01176	0.00712	0.00802	0.01380	0.01913	0.02657	0.51997	0.06061	0.06002	0.01596	0.00879	0.00252	0.00423	0.18920	0.00749	0.00667
20	0.15572	0.12882	0.02152	0.01432	0.01980	0.02122	0.01212	0.41726	0.04583	0.07394	0.01575	0.01598	0.01151	0.00790	0.00629	0.00207	0.00725	0.00568	0.00615	0.01090
21	0.01388	0.01310	0.02246	0.58939	0.10819	0.01556	0.05145	0.01855	0.01468	0.01909	0.01435	0.02264	0.01166	0.00776	0.00734	0.00241	0.00934	0.04649	0.00343	0.00823
22	0.00877	0.00726	0.00773	0.00790	0.01012	0.00622	0.00602	0.01076	0.01637	0.01991	0.10501	0.09555	0.58572	0.01813	0.00856	0.00248	0.00385	0.06687	0.00668	0.00609
23	0.01428	0.03683	0.71286	0.02030	0.03082	0.01654	0.02631	0.02255	0.01503	0.02255	0.01278	0.01503	0.00902	0.00677	0.00677	0.00226	0.01052	0.00526	0.00301	0.01052
24	0.04114	0.27673	0.09976	0.01491	0.02023	0.16970	0.01358	0.07913	0.13347	0.02255	0.01589	0.05478	0.01355	0.00813	0.00611	0.00196	0.00847	0.00596	0.00446	0.00949
25	0.00904	0.00687	0.00770	0.00823	0.00967	0.00615	0.00577	0.01054	0.01462	0.01856	0.05266	0.26565	0.36933	0.11686	0.01224	0.00315	0.00428	0.03377	0.03915	0.00576
26	0.01115	0.00662	0.00744	0.00786	0.00886	0.00645	0.00535	0.01316	0.01385	0.02145	0.05517	0.22433	0.05090	0.17093	0.01299	0.00315	0.00431	0.01156	0.35856	0.00590
27	0.01071	0.00805	0.00983	0.01055	0.01183	0.00803	0.00743	0.04943	0.08985	0.02146	0.07106	0.55160	0.08371	0.01954	0.00870	0.00274	0.00443	0.01748	0.00677	0.00679
28	0.10008	0.01381	0.02150	0.50495	0.15907	0.01628	0.01858	0.04558	0.01512	0.02164	0.01266	0.01787	0.00972	0.00699	0.00681	0.00230	0.00881	0.00607	0.00352	0.00865
29	0.01036	0.00690	0.00777	0.00777	0.00777	0.00690	0.00431	0.01036	0.01036	0.01381	0.02244	0.04660	0.02589	0.74975	0.03624	0.00690	0.00690	0.01036	0.00431	0.00431
30	0.01456	0.03492	0.64006	0.02135	0.03151	0.01670	0.09719	0.02258	0.01523	0.02258	0.01296	0.01549	0.00921	0.00668	0.00694	0.00227	0.01068	0.00560	0.00307	0.01042
31	0.01554	0.22702	0.53372	0.01814	0.02749	0.01962	0.02256	0.02222	0.01488	0.02101	0.01202	0.01408	0.00905	0.00659	0.00618	0.00206	0.00975	0.00488	0.00302	0.01016
32	0.02076	0.02255	0.02522	0.07805	0.24367	0.26618	0.10390	0.06680	0.01861	0.02238	0.01344	0.01672	0.01080	0.00696	0.00689	0.00205	0.01021	0.00601	0.04927	0.00953
33	0.01147	0.00820	0.01147	0.01311	0.01475	0.00820	0.01147	0.01475	0.01639	0.02131	0.03770	0.08032	0.04098	0.01967	0.00984	0.00328	0.00656	0.65741	0.00656	0.00656
34	0.00917	0.00663	0.00867	0.00945	0.01041	0.00613	0.00660	0.01120	0.01611	0.02198	0.28070	0.46518	0.08263	0.01932	0.00881	0.00263	0.00383	0.01735	0.00706	0.00613
35	0.01722	0.01550	0.02444	0.06836	0.48170	0.01580	0.01844	0.09518	0.01836	0.02553	0.06503	0.02543	0.05494	0.00838	0.00734	0.00220	0.00774	0.03347	0.00451	0.01041
36	0.01477	0.01266	0.01477	0.01055	0.01687	0.00949	0.00844	0.01793	0.01477	0.02320	0.01266	0.01477	0.01055	0.00527	0.00527	0.00105	0.00527	0.00422	0.00422	0.79328
37	0.00927	0.00749	0.00840	0.00885	0.01105	0.00662	0.00710	0.01148	0.01628	0.01981	0.06256	0.07181	0.51847	0.01849	0.00881	0.00265	0.00443	0.19369	0.00660	0.00616
38	0.02510	0.02595	0.05440	0.07792	0.02476	0.31128	0.01477	0.32263	0.02544	0.03015	0.01399	0.01539	0.01052	0.00784	0.00681	0.00204	0.01018	0.00559	0.00516	0.01008
39	0.02638	0.02035	0.02130	0.05122	0.02339	0.05951	0.01385	0.61417	0.03183	0.04210	0.01655	0.01696	0.01182	0.00841	0.00709	0.00213	0.00819	0.00631	0.00674	0.01170
40	0.00952	0.00755	0.00875	0.00929	0.01141	0.00678	0.00752	0.01189	0.01644	0.02030	0.08472	0.07195	0.45277	0.01846	0.00890	0.00270	0.00460	0.23359	0.00664	0.00622
41	0.01636	0.34992	0.41795	0.01675	0.02534	0.02162	0.02014	0.02201	0.01479	0.02002	0.01152	0.01346	0.00907	0.00647	0.00581	0.00194	0.00925	0.00463	0.00302	0.00992
42	0.05744	0.01384	0.08903	0.01318	0.01827	0.01072	0.01197	0.02809	0.01877	0.44824	0.07036	0.03409	0.02342	0.01071	0.00754	0.00239	0.00642	0.11748	0.00757	0.01048
43	0.01345	0.01266	0.02136	0.73264	0.04904	0.01582	0.01978	0.01819	0.01424	0.01819	0.01266	0.01898	0.00949	0.00712	0.00712	0.00237	0.00949	0.00633	0.00316	0.00791
44	0.00868	0.00620	0.00826	0.00991	0.01033	0.00578	0.00661	0.00991	0.01363	0.01818	0.03925	0.74510	0.04710	0.02231	0.00909	0.00289	0.00413	0.02024	0.00661	0.00578
45	0.01639	0.02188	0.15354	0.02893	0.08342	0.01783	0.49673	0.02248	0.01624	0.02258	0.01387	0.01825	0.01048	0.00640	0.00860	0.00238	0.03907	0.00764	0.00348	0.00981
46	0.01325	0.01258	0.02207	0.48701	0.07274	0.01443	0.10049	0.01753	0.01455	0.01902	0.01747	0.14349	0.01619	0.00955	0.00761	0.00245	0.00884	0.00898	0.00383	0.00792
47	0.00977	0.00704	0.00924	0.00917	0.01057	0.00651	0.00670	0.01267	0.01873	0.02629	0.55712	0.20410	0.06281	0.01625	0.00855	0.00238	0.00353	0.01448	0.00757	0.00651
48	0.01428	0.03683	0.71286	0.02030	0.03082	0.01654	0.02631	0.02255	0.01503	0.02255	0.01278	0.01503	0.00902	0.00677	0.00677	0.00226	0.01052	0.00526	0.00301	0.01052
49	0.01729	0.05671	0.09466	0.02958	0.12299	0.05233	0.47406	0.02286	0.01663	0.02229	0.01375	0.01797	0.01056	0.00618	0.00781	0.00228	0.01124	0.00746	0.00352	0.00981
