[name]
unknown

[dist]
# distance from previous block
# <min> <max>
2	45

[block]
# block no. 0 follows, 30 sequences, length 35
# corresponding to MSA columns:
# 45-79
name=unknown_A
#
# <colnr> <probs for GDERKNQSTAVLIFYWHMCP>
#	G	D	E	R	K	N	Q	S	T	A	V	L	I	F	Y	W	H	M	C	P
0	0.18455	0.05174	0.12673	0.10220	0.04759	0.11199	0.03474	0.10252	0.01661	0.02478	0.01245	0.01592	0.01002	0.04125	0.00800	0.00228	0.03670	0.00531	0.00401	0.06061
1	0.25529	0.01894	0.09886	0.03956	0.07938	0.05858	0.04889	0.13248	0.13047	0.05031	0.01548	0.01661	0.01156	0.00737	0.00618	0.00218	0.00749	0.00568	0.00499	0.00971
2	0.34396	0.17633	0.15166	0.01494	0.06279	0.08300	0.01352	0.04394	0.01457	0.02504	0.01079	0.01262	0.00859	0.00651	0.00522	0.00199	0.00767	0.00433	0.00375	0.00878
3	0.14302	0.04553	0.06253	0.11436	0.23703	0.14204	0.05164	0.04473	0.01639	0.06111	0.01290	0.01574	0.01006	0.00673	0.00638	0.00208	0.00884	0.00553	0.00393	0.00944
4	0.03869	0.02117	0.13385	0.06317	0.36341	0.09242	0.05479	0.05467	0.01676	0.04960	0.01331	0.01652	0.01051	0.00682	0.00737	0.00213	0.03487	0.00594	0.00376	0.01025
5	0.01085	0.00752	0.00945	0.00977	0.01168	0.00690	0.00775	0.01338	0.01676	0.06176	0.19974	0.14723	0.24793	0.01735	0.00866	0.00261	0.00452	0.20278	0.00686	0.00652
6	0.00845	0.00712	0.00734	0.00740	0.00970	0.00602	0.00563	0.01033	0.01605	0.01927	0.09128	0.06718	0.65454	0.01763	0.00831	0.00239	0.00366	0.04526	0.00652	0.00594
7	0.02095	0.06961	0.05321	0.01829	0.09176	0.16179	0.01370	0.13606	0.28471	0.04929	0.01938	0.01933	0.01471	0.00810	0.00670	0.00211	0.00795	0.00634	0.00558	0.01043
8	0.01866	0.75896	0.03657	0.01194	0.01791	0.02761	0.01194	0.02090	0.01418	0.01642	0.00970	0.01119	0.00896	0.00597	0.00448	0.00149	0.00746	0.00373	0.00299	0.00896
9	0.02096	0.05756	0.01788	0.01240	0.01828	0.01403	0.01023	0.21101	0.02059	0.14475	0.01602	0.01649	0.01186	0.00671	0.00595	0.00155	0.00614	0.00521	0.00563	0.39674
10	0.01318	0.01240	0.02093	0.73798	0.04806	0.01550	0.01938	0.01783	0.01395	0.01783	0.01240	0.01860	0.00930	0.00698	0.00698	0.00233	0.00930	0.00620	0.00310	0.00775
11	0.01014	0.00680	0.00776	0.00776	0.00781	0.00685	0.00442	0.01024	0.01019	0.01364	0.02185	0.04490	0.02504	0.72537	0.06445	0.00695	0.00726	0.01004	0.00421	0.00431
12	0.02945	0.01486	0.01804	0.01383	0.01930	0.01469	0.01143	0.28854	0.02497	0.45447	0.02334	0.02103	0.01517	0.00854	0.00700	0.00213	0.00662	0.00673	0.00799	0.01187
13	0.02406	0.01663	0.01972	0.03998	0.08591	0.01782	0.01326	0.42659	0.05038	0.13459	0.02014	0.06268	0.01573	0.00934	0.00718	0.00220	0.00721	0.02877	0.00672	0.01110
14	0.01641	0.00894	0.01154	0.01033	0.01301	0.00825	0.00791	0.05713	0.01904	0.21697	0.30790	0.19030	0.07538	0.01413	0.00797	0.00232	0.00445	0.01232	0.00760	0.00813
15	0.01538	0.01559	0.02317	0.01933	0.01997	0.02104	0.07622	0.01730	0.01121	0.01730	0.00961	0.01559	0.00929	0.01164	0.02157	0.00299	0.67561	0.00630	0.00310	0.00780
16	0.02056	0.01603	0.01793	0.01610	0.05879	0.01786	0.01205	0.31213	0.29623	0.03346	0.02171	0.04912	0.01694	0.01038	0.00860	0.06097	0.00659	0.00743	0.00651	0.01060
17	0.01866	0.75896	0.03657	0.01194	0.01791	0.02761	0.01194	0.02090	0.01418	0.01642	0.00970	0.01119	0.00896	0.00597	0.00448	0.00149	0.00746	0.00373	0.00299	0.00896
18	0.01447	0.01240	0.01447	0.01034	0.01654	0.00930	0.00827	0.01757	0.01447	0.02274	0.01240	0.01447	0.01034	0.00517	0.00517	0.00103	0.00517	0.00413	0.00413	0.79742
19	0.01351	0.01274	0.02152	0.68219	0.10129	0.01559	0.01954	0.01812	0.01411	0.01823	0.01246	0.01850	0.00944	0.00692	0.00697	0.00231	0.00922	0.00620	0.00313	0.00802
20	0.01015	0.00677	0.00761	0.00761	0.00761	0.00677	0.00423	0.01015	0.01015	0.01353	0.02199	0.04567	0.02537	0.75476	0.03552	0.00677	0.00677	0.01015	0.00423	0.00423
21	0.01490	0.01555	0.03025	0.36492	0.07185	0.01673	0.31448	0.01996	0.01503	0.02002	0.01307	0.01851	0.00995	0.00666	0.00815	0.00235	0.03860	0.00710	0.00330	0.00863
22	0.01730	0.06736	0.21640	0.18199	0.20038	0.15807	0.02005	0.02207	0.01582	0.02001	0.01214	0.01558	0.00953	0.00668	0.00658	0.00208	0.00988	0.00543	0.00324	0.00941
23	0.01509	0.00903	0.01161	0.01012	0.01327	0.00783	0.00793	0.01798	0.01792	0.16923	0.31254	0.09887	0.06961	0.01261	0.00760	0.00212	0.00448	0.05826	0.00702	0.14689
24	0.01502	0.01247	0.01509	0.06893	0.01916	0.01009	0.00932	0.01877	0.03654	0.04574	0.01342	0.01548	0.01084	0.00557	0.00544	0.00122	0.00554	0.00452	0.00430	0.68255
25	0.01610	0.01556	0.02728	0.17184	0.48262	0.01603	0.08553	0.02046	0.01559	0.02171	0.01434	0.02092	0.01221	0.00702	0.00720	0.00221	0.00872	0.04110	0.00355	0.01002
26	0.01551	0.01573	0.02418	0.25098	0.12894	0.05076	0.08587	0.01886	0.01347	0.01856	0.01134	0.01685	0.00961	0.00882	0.01331	0.00255	0.29680	0.00630	0.00320	0.00836
27	0.01671	0.11823	0.14049	0.06508	0.40047	0.01803	0.04318	0.02253	0.06791	0.02208	0.01375	0.01684	0.01110	0.00653	0.00660	0.00206	0.00846	0.00591	0.00358	0.01044
28	0.02347	0.01660	0.01819	0.01476	0.01960	0.01822	0.01191	0.36651	0.25026	0.12328	0.02273	0.04647	0.01687	0.00924	0.00709	0.00222	0.00662	0.00738	0.00721	0.01138
29	0.01700	0.01619	0.02754	0.04146	0.67931	0.01619	0.02095	0.02110	0.01590	0.02271	0.01422	0.02009	0.01239	0.00682	0.00703	0.00212	0.00820	0.03636	0.00359	0.01084
30	0.00988	0.00713	0.00933	0.00878	0.01043	0.00658	0.00658	0.01317	0.01975	0.02798	0.70754	0.05213	0.06584	0.01427	0.00823	0.00219	0.00329	0.01262	0.00768	0.00658
31	0.05461	0.01637	0.12116	0.01422	0.01981	0.01316	0.04292	0.05051	0.15773	0.29336	0.08225	0.02389	0.01982	0.00859	0.00693	0.00216	0.00653	0.00715	0.00669	0.05213
32	0.00825	0.00707	0.00707	0.00707	0.00943	0.00589	0.00530	0.01001	0.01591	0.01885	0.07069	0.06716	0.70839	0.01767	0.00825	0.00236	0.00353	0.01473	0.00648	0.00589
33	0.01866	0.75896	0.03657	0.01194	0.01791	0.02761	0.01194	0.02090	0.01418	0.01642	0.00970	0.01119	0.00896	0.00597	0.00448	0.00149	0.00746	0.00373	0.00299	0.00896
34	0.02553	0.05269	0.02131	0.01557	0.02120	0.02126	0.01294	0.62237	0.03100	0.04161	0.01620	0.01638	0.01165	0.00810	0.00677	0.00201	0.00754	0.00605	0.00665	0.05315

[dist]
# distance from previous block
# <min> <max>
0	1

[block]
# block no. 1 follows, 30 sequences, length 9
# corresponding to MSA columns:
# 81-89
name=unknown_B
#
# <colnr> <probs for GDERKNQSTAVLIFYWHMCP>
#	G	D	E	R	K	N	Q	S	T	A	V	L	I	F	Y	W	H	M	C	P
0	0.01318	0.01240	0.02093	0.73798	0.04806	0.01550	0.01938	0.01783	0.01395	0.01783	0.01240	0.01860	0.00930	0.00698	0.00698	0.00233	0.00930	0.00620	0.00310	0.00775
1	0.01015	0.00677	0.00761	0.00761	0.00761	0.00677	0.00423	0.01015	0.01015	0.01353	0.02199	0.04567	0.02537	0.75476	0.03552	0.00677	0.00677	0.01015	0.00423	0.00423
2	0.02184	0.12953	0.02525	0.02232	0.15678	0.35152	0.06787	0.05885	0.01831	0.02027	0.01177	0.01413	0.00975	0.00666	0.00628	0.00182	0.01024	0.00509	0.00369	0.05803
3	0.10397	0.01389	0.04280	0.42825	0.03613	0.01481	0.05460	0.04446	0.01518	0.08519	0.01375	0.01768	0.01009	0.00687	0.00657	0.00216	0.00827	0.00589	0.00401	0.08543
4	0.01081	0.00780	0.01063	0.01172	0.01337	0.00762	0.00998	0.01396	0.01681	0.02222	0.17496	0.07270	0.08100	0.01817	0.00928	0.00296	0.00564	0.49726	0.00668	0.00643
5	0.00981	0.00662	0.00771	0.00804	0.00812	0.00654	0.00469	0.01006	0.01080	0.01440	0.02533	0.18878	0.02959	0.60589	0.03011	0.00597	0.00621	0.01212	0.00469	0.00452
6	0.01868	0.01657	0.01659	0.01458	0.01841	0.07375	0.01142	0.11535	0.49569	0.02952	0.06400	0.02490	0.02125	0.00953	0.00770	0.00230	0.03492	0.00762	0.00668	0.01052
7	0.01831	0.68261	0.03501	0.01260	0.01795	0.02697	0.01228	0.02047	0.01382	0.01646	0.00965	0.01161	0.00898	0.00661	0.00637	0.00165	0.08287	0.00398	0.00299	0.00882
8	0.01701	0.01620	0.02705	0.03985	0.64753	0.01591	0.02021	0.02106	0.01576	0.02279	0.01306	0.01701	0.01099	0.00612	0.00675	0.00198	0.00800	0.00603	0.00352	0.08316

[dist]
# distance from previous block
# <min> <max>
0	5

[block]
# block no. 2 follows, 30 sequences, length 14
# corresponding to MSA columns:
# 95-108
name=unknown_C
#
# <colnr> <probs for GDERKNQSTAVLIFYWHMCP>
#	G	D	E	R	K	N	Q	S	T	A	V	L	I	F	Y	W	H	M	C	P
0	0.08577	0.01838	0.01970	0.01520	0.02067	0.02014	0.01255	0.57718	0.03004	0.10500	0.01722	0.01699	0.01204	0.00826	0.00678	0.00211	0.00735	0.00616	0.00693	0.01154
1	0.05069	0.01832	0.02155	0.02055	0.14814	0.01991	0.01437	0.49057	0.05808	0.06291	0.01675	0.01733	0.01218	0.00797	0.00688	0.00211	0.00756	0.00628	0.00631	0.01154
2	0.02875	0.01201	0.01583	0.01245	0.01751	0.01088	0.01018	0.03339	0.09615	0.60714	0.05907	0.02532	0.01997	0.00899	0.00708	0.00218	0.00577	0.00737	0.00842	0.01154
3	0.01545	0.01263	0.01606	0.08550	0.06200	0.01042	0.01029	0.01875	0.01481	0.06101	0.01329	0.01557	0.01066	0.00561	0.00556	0.00129	0.00582	0.00463	0.00424	0.62639
4	0.01120	0.00857	0.01024	0.01015	0.01189	0.00867	0.00739	0.03558	0.14248	0.02417	0.27667	0.27588	0.08403	0.04876	0.00942	0.00265	0.00425	0.01394	0.00694	0.00711
5	0.01866	0.75896	0.03657	0.01194	0.01791	0.02761	0.01194	0.02090	0.01418	0.01642	0.00970	0.01119	0.00896	0.00597	0.00448	0.00149	0.00746	0.00373	0.00299	0.00896
6	0.01602	0.01496	0.02408	0.03507	0.55161	0.01483	0.01809	0.04860	0.01664	0.02300	0.02389	0.02644	0.13959	0.00842	0.00716	0.00213	0.00739	0.00779	0.00417	0.01014
7	0.01318	0.01240	0.02093	0.73798	0.04806	0.01550	0.01938	0.01783	0.01395	0.01783	0.01240	0.01860	0.00930	0.00698	0.00698	0.00233	0.00930	0.00620	0.00310	0.00775
8	0.80405	0.01350	0.01026	0.00918	0.01350	0.01565	0.00756	0.02051	0.01188	0.03131	0.00972	0.01134	0.00756	0.00648	0.00432	0.00216	0.00540	0.00378	0.00432	0.00756
9	0.01616	0.01545	0.02633	0.23073	0.53198	0.01629	0.02087	0.02045	0.01537	0.02145	0.01293	0.01763	0.01058	0.00642	0.00693	0.00214	0.00856	0.00621	0.00336	0.01016
10	0.01580	0.01147	0.01516	0.15699	0.02210	0.01022	0.01052	0.01909	0.01568	0.11920	0.09368	0.05249	0.01887	0.00776	0.00630	0.00166	0.00585	0.00658	0.00506	0.40554
11	0.01550	0.01458	0.02456	0.21486	0.47397	0.01531	0.01942	0.01969	0.01579	0.02206	0.08221	0.02108	0.01608	0.00721	0.00706	0.00215	0.00805	0.00685	0.00379	0.00977
12	0.01781	0.04233	0.05624	0.12347	0.42504	0.11258	0.04884	0.02254	0.04452	0.02142	0.01327	0.01694	0.01080	0.00658	0.00681	0.00208	0.00910	0.00602	0.00355	0.01007
13	0.18392	0.06532	0.03918	0.05814	0.13230	0.07945	0.10932	0.12162	0.01763	0.04967	0.01416	0.04942	0.01169	0.00766	0.00695	0.00216	0.03136	0.00632	0.00443	0.00930

[dist]
# distance from previous block
# <min> <max>
0	4

[block]
# block no. 3 follows, 30 sequences, length 18
# corresponding to MSA columns:
# 113-130
name=unknown_D
#
# <colnr> <probs for GDERKNQSTAVLIFYWHMCP>
#	G	D	E	R	K	N	Q	S	T	A	V	L	I	F	Y	W	H	M	C	P
0	0.12545	0.01718	0.02171	0.03891	0.05196	0.04320	0.11731	0.27132	0.04532	0.10710	0.01610	0.01716	0.01166	0.00734	0.00665	0.00206	0.00779	0.00613	0.00564	0.08002
1	0.12980	0.05685	0.13378	0.05611	0.23582	0.01597	0.14355	0.02025	0.01504	0.02315	0.04124	0.06856	0.01451	0.00768	0.00681	0.00220	0.00835	0.00715	0.00385	0.00932
2	0.08157	0.14193	0.08366	0.01595	0.02098	0.28696	0.01379	0.18740	0.04326	0.02546	0.01269	0.01399	0.00998	0.00739	0.00650	0.00194	0.02776	0.00497	0.00443	0.00939
3	0.02129	0.01477	0.01682	0.01340	0.01827	0.01488	0.01090	0.32149	0.04663	0.11465	0.02052	0.06178	0.01716	0.03127	0.00775	0.00215	0.00650	0.06491	0.00638	0.18848
4	0.00895	0.00639	0.00861	0.01023	0.01083	0.00605	0.00726	0.01049	0.01380	0.01831	0.03821	0.64065	0.04518	0.02144	0.00903	0.00290	0.00444	0.12498	0.00647	0.00579
5	0.01566	0.06153	0.02258	0.45042	0.09880	0.08979	0.03922	0.04194	0.01531	0.01910	0.01330	0.04769	0.01106	0.00771	0.00749	0.00224	0.03792	0.00651	0.00346	0.00826
6	0.01524	0.05654	0.11011	0.07294	0.02360	0.02029	0.07597	0.01823	0.01212	0.01800	0.01028	0.01555	0.00925	0.01025	0.01745	0.00275	0.49409	0.00606	0.00308	0.00820
7	0.00999	0.00738	0.01074	0.01074	0.01182	0.00847	0.00813	0.01216	0.01107	0.01585	0.01912	0.02981	0.01849	0.14463	0.63624	0.01063	0.01712	0.00783	0.00380	0.00597
8	0.00997	0.00748	0.01121	0.01121	0.01246	0.00872	0.00872	0.01246	0.01121	0.01620	0.01869	0.02741	0.01745	0.05234	0.72710	0.01121	0.01869	0.00748	0.00374	0.00623
9	0.01462	0.01426	0.02382	0.33573	0.16377	0.01705	0.07720	0.01843	0.01362	0.01885	0.01216	0.01792	0.01006	0.00995	0.04157	0.00284	0.19008	0.00642	0.00322	0.00843
10	0.00924	0.00754	0.00827	0.00862	0.01058	0.00693	0.00635	0.01250	0.07557	0.01957	0.05711	0.24489	0.44643	0.01812	0.00837	0.00252	0.00396	0.04058	0.00653	0.00631
11	0.04717	0.24248	0.40450	0.01657	0.02446	0.08190	0.01924	0.02185	0.01510	0.02061	0.03864	0.01485	0.01107	0.00678	0.00595	0.00196	0.00922	0.00492	0.00325	0.00947
12	0.01643	0.17313	0.42184	0.02036	0.11364	0.01775	0.02074	0.02232	0.01531	0.07062	0.03663	0.01627	0.01168	0.00685	0.00632	0.00205	0.00894	0.00540	0.00358	0.01013
13	0.01543	0.13430	0.44397	0.02337	0.13822	0.01803	0.08820	0.02184	0.01501	0.02143	0.01237	0.01504	0.00938	0.00640	0.00653	0.00210	0.00973	0.00543	0.00309	0.01015
14	0.04801	0.17851	0.43883	0.01922	0.06287	0.04833	0.04529	0.04403	0.01544	0.02189	0.01200	0.01415	0.00910	0.00652	0.00617	0.00204	0.00949	0.00499	0.00322	0.00989
15	0.08448	0.12093	0.32818	0.02222	0.16856	0.03880	0.01969	0.02278	0.06581	0.02252	0.01307	0.01531	0.01015	0.00686	0.00677	0.00211	0.03298	0.00529	0.00351	0.00996
16	0.01532	0.05171	0.38564	0.02785	0.26580	0.01650	0.06823	0.02154	0.01540	0.02237	0.03633	0.01704	0.01167	0.00667	0.00682	0.00215	0.00938	0.00594	0.00332	0.01034
17	0.04001	0.07801	0.20411	0.05102	0.24893	0.01670	0.11565	0.04314	0.01632	0.05030	0.05812	0.01873	0.01390	0.00697	0.00686	0.00213	0.00876	0.00642	0.00390	0.01002

[dist]
# distance from previous block
# <min> <max>
45	118

[block]
# block no. 4 follows, 30 sequences, length 9
# corresponding to MSA columns:
# 252-260
name=unknown_E
#
# <colnr> <probs for GDERKNQSTAVLIFYWHMCP>
#	G	D	E	R	K	N	Q	S	T	A	V	L	I	F	Y	W	H	M	C	P
0	0.01522	0.10324	0.04603	0.01113	0.01450	0.01201	0.00948	0.09528	0.01836	0.09634	0.22621	0.03776	0.10785	0.04709	0.09842	0.00347	0.00713	0.03641	0.00609	0.00799
1	0.01314	0.14436	0.05233	0.01181	0.01472	0.01328	0.01010	0.07979	0.01438	0.01940	0.02073	0.08879	0.04823	0.05943	0.37021	0.00683	0.01278	0.00808	0.00426	0.00734
2	0.01677	0.15358	0.39098	0.01675	0.02444	0.01858	0.01896	0.11975	0.08814	0.02461	0.01479	0.01718	0.01144	0.04536	0.00784	0.00232	0.00876	0.00562	0.00404	0.01007
3	0.01703	0.35892	0.28893	0.01520	0.02237	0.02120	0.01690	0.08993	0.01627	0.02151	0.01348	0.06403	0.01178	0.00756	0.00585	0.00192	0.00832	0.00564	0.00363	0.00954
4	0.24785	0.14150	0.32711	0.01472	0.02189	0.01771	0.01657	0.06014	0.01511	0.02548	0.04483	0.01508	0.01139	0.00695	0.00571	0.00207	0.00792	0.00495	0.00382	0.00920
5	0.15482	0.21311	0.21719	0.01389	0.02011	0.01769	0.01455	0.02318	0.07296	0.09753	0.01656	0.04831	0.01372	0.00815	0.00599	0.00210	0.00738	0.03894	0.00448	0.00932
6	0.01783	0.06212	0.12623	0.01384	0.01970	0.04950	0.01265	0.14008	0.11020	0.04746	0.01737	0.06717	0.01438	0.00794	0.00630	0.00181	0.00690	0.00634	0.00506	0.26711
7	0.07615	0.14710	0.27760	0.01484	0.02155	0.05147	0.01576	0.09033	0.01635	0.05822	0.01387	0.01744	0.01126	0.07953	0.00882	0.00239	0.00828	0.00539	0.00403	0.07963
8	0.01253	0.01064	0.04821	0.01148	0.01441	0.00922	0.04341	0.08392	0.01837	0.05057	0.19947	0.14454	0.21520	0.01515	0.00824	0.00245	0.00519	0.09309	0.00656	0.00735

[dist]
# distance from previous block
# <min> <max>
1	3

[block]
# block no. 5 follows, 30 sequences, length 75
# corresponding to MSA columns:
# 264-338
name=unknown_F
#
# <colnr> <probs for GDERKNQSTAVLIFYWHMCP>
#	G	D	E	R	K	N	Q	S	T	A	V	L	I	F	Y	W	H	M	C	P
0	0.01400	0.03610	0.71860	0.01989	0.03020	0.01621	0.02578	0.02210	0.01473	0.02210	0.01252	0.01473	0.00884	0.00663	0.00663	0.00221	0.01031	0.00516	0.00295	0.01031
1	0.02274	0.19861	0.13009	0.01659	0.02192	0.39650	0.01488	0.05947	0.01840	0.04391	0.01170	0.01320	0.00940	0.00694	0.00599	0.00182	0.01058	0.00460	0.00371	0.00896
2	0.00888	0.00709	0.00795	0.00774	0.00982	0.00616	0.00580	0.01125	0.01741	0.02242	0.31948	0.06129	0.45738	0.01634	0.00824	0.00229	0.00344	0.01390	0.00695	0.00616
3	0.01589	0.01203	0.01428	0.01059	0.01623	0.00954	0.00845	0.01972	0.04643	0.09221	0.07185	0.01901	0.01609	0.00646	0.00569	0.00130	0.00511	0.00529	0.00501	0.61882
4	0.01473	0.02590	0.39542	0.01723	0.02416	0.04687	0.04241	0.04861	0.11016	0.02327	0.04377	0.08260	0.01805	0.03129	0.00801	0.00245	0.00862	0.04261	0.00442	0.00944
5	0.00853	0.00731	0.00734	0.00729	0.00969	0.00624	0.00548	0.01084	0.03685	0.01917	0.06940	0.06590	0.68732	0.01742	0.00821	0.00236	0.00360	0.01452	0.00650	0.00605
6	0.01567	0.27694	0.42472	0.01692	0.02542	0.01966	0.04063	0.02142	0.01458	0.02024	0.01162	0.01366	0.00903	0.00629	0.00587	0.00190	0.00908	0.00471	0.00305	0.05860
7	0.01751	0.06575	0.07146	0.05459	0.48472	0.06190	0.10018	0.02185	0.01597	0.02181	0.01283	0.01666	0.01056	0.00627	0.00686	0.00207	0.00907	0.00613	0.00340	0.01041
8	0.06379	0.03467	0.67396	0.01921	0.02915	0.01617	0.02463	0.02200	0.01455	0.02268	0.01235	0.01452	0.00876	0.00662	0.00648	0.00221	0.01000	0.00507	0.00303	0.01014
9	0.01736	0.01499	0.01578	0.01420	0.01815	0.01736	0.01105	0.03708	0.69862	0.02919	0.02840	0.02604	0.02130	0.00947	0.00710	0.00237	0.00552	0.00789	0.00710	0.01105
10	0.01523	0.01497	0.02249	0.15419	0.14322	0.01947	0.01708	0.01778	0.01218	0.01802	0.01044	0.01622	0.00951	0.01022	0.01723	0.00275	0.48146	0.00614	0.00313	0.00824
11	0.01318	0.01240	0.02093	0.73798	0.04806	0.01550	0.01938	0.01783	0.01395	0.01783	0.01240	0.01860	0.00930	0.00698	0.00698	0.00233	0.00930	0.00620	0.00310	0.00775
12	0.00849	0.00612	0.00804	0.00958	0.01009	0.00568	0.00642	0.00973	0.01349	0.01787	0.04012	0.71516	0.08013	0.02165	0.00887	0.00281	0.00402	0.01958	0.00648	0.00568
13	0.03131	0.01188	0.01619	0.01242	0.01781	0.01026	0.01026	0.03401	0.01997	0.71606	0.02753	0.02375	0.01727	0.00864	0.00702	0.00216	0.00594	0.00702	0.00864	0.01188
14	0.00921	0.00707	0.00843	0.00816	0.01003	0.00629	0.00609	0.01185	0.01808	0.02416	0.44249	0.08060	0.31065	0.01581	0.00826	0.00228	0.00341	0.01366	0.00718	0.00629
15	0.00982	0.00709	0.00928	0.00882	0.01041	0.00655	0.00658	0.01302	0.01948	0.02755	0.67913	0.08178	0.06501	0.01459	0.00826	0.00222	0.00332	0.01293	0.00763	0.00655
16	0.02548	0.03231	0.01983	0.05058	0.02277	0.69454	0.01375	0.02741	0.01951	0.01711	0.01086	0.01286	0.00900	0.00718	0.00632	0.00182	0.01244	0.00457	0.00357	0.00807
17	0.01083	0.00774	0.01077	0.01238	0.01380	0.00768	0.01053	0.01374	0.01566	0.02042	0.03718	0.17987	0.04106	0.01967	0.00953	0.00316	0.00607	0.56718	0.00643	0.00631
18	0.01849	0.73275	0.06129	0.01223	0.01836	0.02720	0.01244	0.02094	0.01420	0.01662	0.00980	0.01132	0.00895	0.00599	0.00456	0.00152	0.00757	0.00378	0.00298	0.00900
19	0.01212	0.00606	0.00909	0.00909	0.00909	0.00606	0.00606	0.00909	0.00909	0.01212	0.01212	0.02121	0.01212	0.02424	0.02727	0.79697	0.00606	0.00606	0.00303	0.00303
20	0.15148	0.01544	0.01987	0.44599	0.12092	0.09529	0.01693	0.01986	0.01449	0.02068	0.01185	0.01651	0.00918	0.00682	0.00643	0.00221	0.00887	0.00559	0.00341	0.00816
21	0.01384	0.01342	0.02162	0.14215	0.02446	0.01670	0.11355	0.01663	0.01217	0.01750	0.01290	0.02033	0.01183	0.06178	0.14311	0.00449	0.33581	0.00692	0.00332	0.00747
22	0.00988	0.00713	0.00933	0.00878	0.01043	0.00658	0.00658	0.01317	0.01975	0.02798	0.70754	0.05213	0.06584	0.01427	0.00823	0.00219	0.00329	0.01262	0.00768	0.00658
23	0.01816	0.01652	0.02609	0.10524	0.52428	0.01721	0.01968	0.11395	0.04498	0.02550	0.01416	0.01767	0.01140	0.00672	0.00693	0.00211	0.00819	0.00629	0.00405	0.01085
24	0.03111	0.01220	0.01640	0.01257	0.01798	0.01074	0.01038	0.06178	0.02052	0.68751	0.02707	0.02345	0.01704	0.00863	0.00702	0.00216	0.00601	0.00699	0.00857	0.01188
25	0.01167	0.00894	0.01276	0.01484	0.13522	0.00842	0.00925	0.01501	0.01886	0.04476	0.53092	0.04600	0.09025	0.01287	0.00796	0.00218	0.00426	0.01145	0.00689	0.00748
26	0.01866	0.75896	0.03657	0.01194	0.01791	0.02761	0.01194	0.02090	0.01418	0.01642	0.00970	0.01119	0.00896	0.00597	0.00448	0.00149	0.00746	0.00373	0.00299	0.00896
27	0.00850	0.00607	0.00810	0.00972	0.01012	0.00567	0.00648	0.00972	0.01336	0.01781	0.03846	0.75020	0.04615	0.02186	0.00891	0.00283	0.00405	0.01984	0.00648	0.00567
28	0.00986	0.00727	0.01053	0.01067	0.01170	0.00823	0.00802	0.01196	0.01128	0.01603	0.02078	0.09209	0.02084	0.12991	0.58594	0.00998	0.01606	0.00885	0.00403	0.00595
29	0.01204	0.00774	0.01033	0.00995	0.01191	0.00721	0.00788	0.01526	0.01900	0.08673	0.50810	0.05519	0.05623	0.01482	0.00842	0.00240	0.00418	0.14810	0.00750	0.00701
30	0.00938	0.00682	0.00890	0.00945	0.01066	0.00634	0.00694	0.01176	0.01665	0.02270	0.33632	0.32407	0.09988	0.01794	0.00864	0.00256	0.00393	0.08390	0.00700	0.00617
31	0.00879	0.00619	0.00801	0.00935	0.00969	0.00586	0.00609	0.00979	0.01280	0.01707	0.03561	0.62826	0.04256	0.14871	0.01351	0.00351	0.00452	0.01816	0.00609	0.00542
32	0.02358	0.02039	0.02050	0.10861	0.05965	0.14543	0.01416	0.41091	0.04739	0.03380	0.01551	0.01685	0.01147	0.00791	0.00679	0.00206	0.00858	0.00601	0.02996	0.01044
33	0.02612	0.05748	0.02174	0.01584	0.02145	0.02195	0.01320	0.65374	0.03185	0.04257	0.01639	0.01647	0.01172	0.00825	0.00685	0.00206	0.00767	0.00615	0.00678	0.01172
34	0.01016	0.00669	0.00759	0.00773	0.00784	0.00666	0.00445	0.01043	0.01064	0.01452	0.02338	0.10265	0.02670	0.65613	0.03176	0.00618	0.00636	0.01076	0.04490	0.00446
35	0.01043	0.00662	0.00879	0.00983	0.01075	0.00609	0.00676	0.01188	0.01426	0.07578	0.06870	0.64085	0.06206	0.02032	0.00870	0.00274	0.00416	0.01832	0.00671	0.00623
36	0.01447	0.01240	0.01447	0.01034	0.01654	0.00930	0.00827	0.01757	0.01447	0.02274	0.01240	0.01447	0.01034	0.00517	0.00517	0.00103	0.00517	0.00413	0.00413	0.79742
37	0.01652	0.01563	0.02572	0.09841	0.55515	0.01545	0.01937	0.02056	0.01552	0.02236	0.01296	0.01699	0.01080	0.00613	0.00667	0.00195	0.00793	0.00592	0.00352	0.12244
38	0.30617	0.28358	0.05797	0.01239	0.01765	0.08830	0.01130	0.08747	0.03880	0.02533	0.01128	0.01260	0.00914	0.00666	0.00504	0.00189	0.00730	0.00428	0.00406	0.00879
39	0.80405	0.01350	0.01026	0.00918	0.01350	0.01565	0.00756	0.02051	0.01188	0.03131	0.00972	0.01134	0.00756	0.00648	0.00432	0.00216	0.00540	0.00378	0.00432	0.00756
40	0.01403	0.03842	0.09486	0.18611	0.03224	0.01518	0.29387	0.01878	0.01517	0.02056	0.05212	0.12359	0.01790	0.00913	0.00831	0.00239	0.03587	0.00913	0.00397	0.00836
41	0.00839	0.00706	0.00730	0.00739	0.00962	0.00596	0.00555	0.01022	0.01593	0.01915	0.08829	0.09396	0.64368	0.01778	0.00831	0.00239	0.00363	0.03294	0.00652	0.00592
42	0.01173	0.00945	0.01369	0.01799	0.19031	0.00907	0.01047	0.01451	0.03404	0.03956	0.07116	0.35151	0.14947	0.01597	0.00816	0.00250	0.00517	0.03191	0.00584	0.00748
43	0.02653	0.01955	0.02094	0.01606	0.02164	0.02164	0.01326	0.68796	0.03281	0.04398	0.01675	0.01675	0.01187	0.00838	0.00698	0.00209	0.00768	0.00628	0.00698	0.01187
44	0.01041	0.00724	0.00938	0.00884	0.01059	0.00663	0.00663	0.01353	0.01935	0.04835	0.63176	0.07533	0.09650	0.01452	0.00822	0.00222	0.00341	0.01280	0.00761	0.00668
45	0.06213	0.01301	0.01634	0.01282	0.01803	0.01235	0.01051	0.09543	0.09629	0.54724	0.02585	0.02282	0.01680	0.00861	0.00691	0.00218	0.00603	0.00691	0.00813	0.01160
46	0.00954	0.00712	0.00885	0.00842	0.01022	0.00644	0.00632	0.01251	0.01895	0.02607	0.57421	0.05527	0.20037	0.01498	0.00823	0.00223	0.00334	0.01306	0.00743	0.00644
47	0.00997	0.00748	0.01121	0.01121	0.01246	0.00872	0.00872	0.01246	0.01121	0.01620	0.01869	0.02741	0.01745	0.05234	0.72710	0.01121	0.01869	0.00748	0.00374	0.00623
48	0.01447	0.01240	0.01447	0.01034	0.01654	0.00930	0.00827	0.01757	0.01447	0.02274	0.01240	0.01447	0.01034	0.00517	0.00517	0.00103	0.00517	0.00413	0.00413	0.79742
49	0.02536	0.01896	0.02028	0.01582	0.02119	0.02109	0.01298	0.60491	0.11776	0.04209	0.01824	0.01794	0.01307	0.00852	0.00700	0.00213	0.00740	0.00649	0.00700	0.01176
50	0.01493	0.18142	0.58148	0.01829	0.02773	0.01850	0.02300	0.02186	0.01462	0.02096	0.01196	0.01402	0.00886	0.00650	0.00620	0.00207	0.00974	0.00487	0.00295	0.01004
51	0.01015	0.00677	0.00761	0.00761	0.00761	0.00677	0.00423	0.01015	0.01015	0.01353	0.02199	0.04567	0.02537	0.75476	0.03552	0.00677	0.00677	0.01015	0.00423	0.00423
52	0.80405	0.01350	0.01026	0.00918	0.01350	0.01565	0.00756	0.02051	0.01188	0.03131	0.00972	0.01134	0.00756	0.00648	0.00432	0.00216	0.00540	0.00378	0.00432	0.00756
53	0.00846	0.00623	0.00793	0.00929	0.01001	0.00570	0.00629	0.00976	0.01377	0.01798	0.04363	0.64072	0.15230	0.02119	0.00880	0.00276	0.00397	0.01902	0.00648	0.00570
54	0.01619	0.02105	0.15897	0.05123	0.25199	0.01699	0.33543	0.02188	0.01590	0.02233	0.01346	0.01758	0.01039	0.00615	0.00749	0.00224	0.01032	0.00698	0.00339	0.01006
55	0.01318	0.01240	0.02093	0.73798	0.04806	0.01550	0.01938	0.01783	0.01395	0.01783	0.01240	0.01860	0.00930	0.00698	0.00698	0.00233	0.00930	0.00620	0.00310	0.00775
56	0.01124	0.00803	0.01124	0.01285	0.01446	0.00803	0.01124	0.01446	0.01606	0.02088	0.03695	0.07871	0.04016	0.01928	0.00964	0.00321	0.00643	0.66426	0.00643	0.00643
57	0.01617	0.02295	0.25154	0.03324	0.41647	0.01656	0.06401	0.02243	0.04750	0.02284	0.01371	0.01696	0.01079	0.00648	0.00691	0.00215	0.00903	0.00608	0.00347	0.01071
58	0.01408	0.03548	0.69457	0.02023	0.03042	0.01626	0.04919	0.02211	0.01479	0.02211	0.01258	0.01488	0.00890	0.00660	0.00669	0.00222	0.01036	0.00527	0.00297	0.01028
59	0.01400	0.03610	0.71860	0.01989	0.03020	0.01621	0.02578	0.02210	0.01473	0.02210	0.01252	0.01473	0.00884	0.00663	0.00663	0.00221	0.01031	0.00516	0.00295	0.01031
60	0.01955	0.02833	0.49340	0.01749	0.02623	0.01430	0.02080	0.02592	0.01641	0.24459	0.01733	0.01762	0.01154	0.00727	0.00675	0.00219	0.00891	0.00575	0.00477	0.01081
61	0.00917	0.00699	0.00842	0.00831	0.01005	0.00624	0.00614	0.01171	0.01772	0.02373	0.41526	0.13739	0.28094	0.01629	0.00831	0.00232	0.00346	0.01416	0.00714	0.00624
62	0.01511	0.01498	0.02165	0.10605	0.05433	0.02044	0.01605	0.01713	0.01132	0.01720	0.00974	0.01576	0.00927	0.01130	0.02024	0.00292	0.61950	0.00612	0.00308	0.00781
63	0.80405	0.01350	0.01026	0.00918	0.01350	0.01565	0.00756	0.02051	0.01188	0.03131	0.00972	0.01134	0.00756	0.00648	0.00432	0.00216	0.00540	0.00378	0.00432	0.00756
64	0.01447	0.01240	0.01447	0.01034	0.01654	0.00930	0.00827	0.01757	0.01447	0.02274	0.01240	0.01447	0.01034	0.00517	0.00517	0.00103	0.00517	0.00413	0.00413	0.79742
65	0.01264	0.00777	0.01005	0.00911	0.01133	0.00702	0.00696	0.01570	0.01941	0.12071	0.55393	0.04971	0.12088	0.01383	0.00807	0.00221	0.00368	0.01206	0.00770	0.00724
66	0.59912	0.01246	0.01032	0.00918	0.01324	0.01383	0.00747	0.03987	0.01365	0.06445	0.02169	0.02207	0.13285	0.00864	0.00524	0.00219	0.00516	0.00597	0.00501	0.00761
67	0.04137	0.11064	0.01227	0.01007	0.01144	0.00924	0.00738	0.01182	0.01331	0.01808	0.03242	0.58493	0.03814	0.02048	0.04172	0.00301	0.00526	0.01640	0.00578	0.00622
68	0.15128	0.00793	0.00811	0.00800	0.00879	0.00829	0.00494	0.01197	0.01062	0.01691	0.02065	0.07553	0.02326	0.58424	0.02861	0.00575	0.00638	0.00951	0.00436	0.00489
69	0.01842	0.72205	0.07139	0.01235	0.01854	0.02703	0.01265	0.02096	0.01421	0.01671	0.00985	0.01137	0.00895	0.00600	0.00459	0.00153	0.00761	0.00380	0.00298	0.00902
70	0.07562	0.48005	0.09435	0.04958	0.11213	0.02347	0.01452	0.04461	0.01494	0.01992	0.01079	0.01287	0.00924	0.00623	0.00519	0.00174	0.00777	0.00440	0.00329	0.00930
71	0.01534	0.11201	0.46273	0.02450	0.18240	0.01762	0.04671	0.02182	0.01499	0.02163	0.01240	0.01505	0.00941	0.00644	0.00651	0.00210	0.00959	0.00535	0.00309	0.01030
72	0.04885	0.10587	0.02421	0.02406	0.21161	0.37754	0.03143	0.05881	0.01842	0.02057	0.01166	0.01405	0.00969	0.00679	0.00628	0.00188	0.01033	0.00504	0.00369	0.00921
73	0.13507	0.13007	0.26786	0.02181	0.16634	0.01782	0.05263	0.05050	0.01561	0.06225	0.01292	0.01504	0.00981	0.00657	0.00615	0.00207	0.00847	0.00527	0.00378	0.00997
74	0.07454	0.15189	0.14276	0.02362	0.22947	0.06529	0.04107	0.04564	0.07228	0.04450	0.01565	0.01752	0.03236	0.00708	0.00631	0.00203	0.00822	0.00581	0.00403	0.00994

[dist]
# distance from previous block
# <min> <max>
0	23

[block]
# block no. 6 follows, 30 sequences, length 105
# corresponding to MSA columns:
# 362-466
name=unknown_G
#
# <colnr> <probs for GDERKNQSTAVLIFYWHMCP>
#	G	D	E	R	K	N	Q	S	T	A	V	L	I	F	Y	W	H	M	C	P
0	0.05941	0.40286	0.16412	0.01572	0.05292	0.14087	0.01497	0.02209	0.01534	0.01902	0.02941	0.01351	0.01050	0.00656	0.00541	0.00176	0.00870	0.00450	0.00330	0.00904
1	0.15999	0.34922	0.18894	0.01392	0.02029	0.07518	0.01448	0.05021	0.01505	0.02167	0.01098	0.01280	0.00902	0.00758	0.02336	0.00207	0.00844	0.00434	0.00345	0.00901
2	0.01997	0.55252	0.07861	0.01374	0.01953	0.16106	0.01320	0.03908	0.01576	0.01762	0.01028	0.01184	0.00903	0.00631	0.00503	0.00161	0.00864	0.00404	0.00320	0.00895
3	0.07736	0.37431	0.17700	0.01572	0.04948	0.09583	0.01525	0.08396	0.01651	0.02163	0.01122	0.01287	0.00919	0.00651	0.00545	0.00181	0.00851	0.00446	0.00353	0.00941
4	0.05136	0.24908	0.48441	0.01705	0.02580	0.01956	0.02085	0.02167	0.01444	0.02084	0.01156	0.01353	0.00882	0.00643	0.00589	0.00200	0.00925	0.00467	0.00302	0.00979
5	0.01028	0.00771	0.00869	0.00855	0.01075	0.00698	0.00650	0.01332	0.05188	0.04973	0.17830	0.08870	0.42237	0.04369	0.00927	0.00257	0.00405	0.06341	0.00674	0.00650
6	0.04535	0.54559	0.06590	0.01199	0.01748	0.06934	0.01170	0.01992	0.01473	0.01761	0.01820	0.01907	0.10381	0.00769	0.00521	0.00169	0.00734	0.00535	0.00354	0.00850
7	0.02279	0.05403	0.09167	0.01689	0.02117	0.50305	0.01401	0.02535	0.01815	0.04355	0.01404	0.01584	0.03595	0.00903	0.02889	0.00217	0.03813	0.00515	0.00381	0.03633
8	0.04300	0.05701	0.54511	0.02057	0.02988	0.01667	0.12917	0.02233	0.01502	0.03915	0.01294	0.01536	0.00928	0.00653	0.00674	0.00220	0.01016	0.00559	0.00323	0.01006
9	0.01765	0.01670	0.02802	0.04173	0.68284	0.01679	0.02108	0.04885	0.01659	0.02367	0.01328	0.01725	0.01109	0.00631	0.00691	0.00207	0.00826	0.00622	0.00360	0.01109
10	0.00860	0.00619	0.00818	0.00974	0.01027	0.00577	0.00663	0.00992	0.01358	0.01798	0.03973	0.69442	0.07316	0.02158	0.00891	0.00283	0.00413	0.04618	0.00648	0.00571
11	0.01318	0.01240	0.02093	0.73798	0.04806	0.01550	0.01938	0.01783	0.01395	0.01783	0.01240	0.01860	0.00930	0.00698	0.00698	0.00233	0.00930	0.00620	0.00310	0.00775
12	0.02835	0.07275	0.06786	0.01300	0.01872	0.01242	0.01154	0.03228	0.05433	0.57572	0.02510	0.02224	0.01622	0.00833	0.00679	0.00212	0.00635	0.00667	0.00771	0.01149
13	0.00998	0.00745	0.01107	0.01107	0.01226	0.00864	0.00854	0.01237	0.01117	0.01609	0.01883	0.02816	0.01777	0.08114	0.69875	0.01103	0.01820	0.00759	0.00376	0.00615
14	0.01400	0.03610	0.71860	0.01989	0.03020	0.01621	0.02578	0.02210	0.01473	0.02210	0.01252	0.01473	0.00884	0.00663	0.00663	0.00221	0.01031	0.00516	0.00295	0.01031
15	0.01417	0.01281	0.02039	0.09472	0.37672	0.01300	0.01620	0.01819	0.03635	0.02138	0.02619	0.08701	0.10078	0.01109	0.00769	0.00239	0.00712	0.12024	0.00461	0.00896
16	0.02653	0.01955	0.02094	0.01606	0.02164	0.02164	0.01326	0.68796	0.03281	0.04398	0.01675	0.01675	0.01187	0.00838	0.00698	0.00209	0.00768	0.00628	0.00698	0.01187
17	0.01345	0.01268	0.02143	0.69121	0.09268	0.01558	0.01952	0.01807	0.01408	0.01816	0.01245	0.01851	0.00942	0.00693	0.00697	0.00231	0.00923	0.00620	0.00312	0.00797
18	0.00900	0.00643	0.00867	0.01029	0.01091	0.00610	0.00734	0.01058	0.01385	0.01837	0.03819	0.62815	0.04506	0.02139	0.00904	0.00290	0.00448	0.13697	0.00647	0.00581
19	0.01411	0.01314	0.02181	0.63118	0.12587	0.01584	0.01942	0.04081	0.01482	0.01930	0.01264	0.01838	0.00960	0.00693	0.00697	0.00229	0.00913	0.00621	0.00327	0.00828
20	0.00997	0.00748	0.01121	0.01121	0.01246	0.00872	0.00872	0.01246	0.01121	0.01620	0.01869	0.02741	0.01745	0.05234	0.72710	0.01121	0.01869	0.00748	0.00374	0.00623
21	0.00997	0.00748	0.01121	0.01121	0.01246	0.00872	0.00872	0.01246	0.01121	0.01620	0.01869	0.02741	0.01745	0.05234	0.72710	0.01121	0.01869	0.00748	0.00374	0.00623
22	0.01023	0.00753	0.01038	0.01026	0.01104	0.00854	0.00745	0.01184	0.01083	0.01532	0.01945	0.03313	0.01981	0.28856	0.46641	0.00940	0.04199	0.00833	0.00388	0.00561
23	0.08688	0.01199	0.01577	0.01218	0.01750	0.01064	0.01006	0.03304	0.01939	0.66681	0.02625	0.02286	0.01658	0.00848	0.00682	0.00216	0.00590	0.00678	0.00833	0.01157
24	0.00975	0.00703	0.00921	0.00887	0.01040	0.00650	0.00657	0.01285	0.01916	0.02704	0.64527	0.11710	0.06401	0.01497	0.00829	0.00225	0.00336	0.01329	0.00757	0.00650
25	0.01330	0.00789	0.01043	0.00936	0.01161	0.00717	0.00717	0.01650	0.01979	0.13796	0.59885	0.04759	0.05808	0.01337	0.00804	0.00219	0.00372	0.01172	0.00783	0.00743
26	0.01401	0.05943	0.67107	0.01924	0.02910	0.01626	0.02465	0.02175	0.01489	0.02211	0.03651	0.01591	0.01082	0.00687	0.00661	0.00219	0.00997	0.00537	0.00311	0.01014
27	0.01301	0.00650	0.00650	0.00650	0.00813	0.00650	0.00488	0.01626	0.01463	0.02602	0.02276	0.02602	0.01789	0.00813	0.00488	0.00163	0.00325	0.00650	0.79350	0.00650
28	0.01954	0.67260	0.03457	0.01266	0.01835	0.11081	0.01212	0.02172	0.01485	0.01650	0.00983	0.01136	0.00896	0.00612	0.00469	0.00153	0.00807	0.00382	0.00306	0.00885
29	0.02653	0.01955	0.02094	0.01606	0.02164	0.02164	0.01326	0.68796	0.03281	0.04398	0.01675	0.01675	0.01187	0.00838	0.00698	0.00209	0.00768	0.00628	0.00698	0.01187
30	0.02038	0.01486	0.01618	0.01305	0.01736	0.01580	0.01055	0.40754	0.05446	0.06159	0.12786	0.03229	0.15543	0.01109	0.00741	0.00217	0.00609	0.00893	0.00705	0.00991
31	0.03050	0.01229	0.01634	0.01263	0.01796	0.01098	0.01040	0.05732	0.05133	0.66097	0.02719	0.02361	0.01727	0.00867	0.00702	0.00217	0.00598	0.00703	0.00851	0.01184
32	0.01736	0.01499	0.01578	0.01420	0.01815	0.01736	0.01105	0.03708	0.69862	0.02919	0.02840	0.02604	0.02130	0.00947	0.00710	0.00237	0.00552	0.00789	0.00710	0.01105
33	0.03131	0.01188	0.01619	0.01242	0.01781	0.01026	0.01026	0.03401	0.01997	0.71606	0.02753	0.02375	0.01727	0.00864	0.00702	0.00216	0.00594	0.00702	0.00864	0.01188
34	0.01834	0.70940	0.08332	0.01249	0.01875	0.02683	0.01289	0.02098	0.01422	0.01681	0.00989	0.01144	0.00895	0.00602	0.00463	0.00154	0.00766	0.00383	0.00298	0.00905
35	0.01119	0.00924	0.01341	0.01271	0.01362	0.01155	0.01005	0.01337	0.01105	0.01623	0.01663	0.02532	0.01584	0.06968	0.53938	0.00917	0.18420	0.00726	0.00360	0.00648
36	0.00844	0.00633	0.00784	0.00904	0.00994	0.00572	0.00618	0.00979	0.01401	0.01808	0.04665	0.57664	0.21443	0.02080	0.00874	0.00271	0.00392	0.01854	0.00648	0.00572
37	0.00997	0.00748	0.01121	0.01121	0.01246	0.00872	0.00872	0.01246	0.01121	0.01620	0.01869	0.02741	0.01745	0.05234	0.72710	0.01121	0.01869	0.00748	0.00374	0.00623
38	0.01714	0.01673	0.02719	0.11895	0.61258	0.04237	0.02090	0.02125	0.01582	0.02204	0.01296	0.01725	0.01078	0.00634	0.00689	0.00209	0.00856	0.00615	0.00342	0.01058
39	0.02401	0.02043	0.14526	0.01544	0.02138	0.07139	0.01423	0.19520	0.14639	0.24190	0.02096	0.01991	0.01448	0.00825	0.00690	0.00216	0.00761	0.00646	0.00651	0.01114
40	0.01422	0.00899	0.00774	0.00757	0.00938	0.07354	0.00568	0.01734	0.01511	0.02518	0.02165	0.02477	0.01706	0.00804	0.00501	0.00164	0.00412	0.00632	0.71998	0.00665
41	0.01866	0.75896	0.03657	0.01194	0.01791	0.02761	0.01194	0.02090	0.01418	0.01642	0.00970	0.01119	0.00896	0.00597	0.00448	0.00149	0.00746	0.00373	0.00299	0.00896
42	0.80405	0.01350	0.01026	0.00918	0.01350	0.01565	0.00756	0.02051	0.01188	0.03131	0.00972	0.01134	0.00756	0.00648	0.00432	0.00216	0.00540	0.00378	0.00432	0.00756
43	0.01069	0.00731	0.00920	0.00873	0.01064	0.00659	0.00654	0.01351	0.01856	0.06489	0.49767	0.10522	0.18391	0.01516	0.00821	0.00227	0.00355	0.01324	0.00742	0.00669
44	0.01400	0.03610	0.71860	0.01989	0.03020	0.01621	0.02578	0.02210	0.01473	0.02210	0.01252	0.01473	0.00884	0.00663	0.00663	0.00221	0.01031	0.00516	0.00295	0.01031
45	0.01013	0.00679	0.00774	0.00770	0.00782	0.00675	0.00440	0.01037	0.01086	0.01460	0.07284	0.04615	0.02837	0.69983	0.03349	0.00643	0.00651	0.01033	0.00448	0.00440
46	0.01375	0.03361	0.65586	0.01927	0.02881	0.01548	0.02449	0.02142	0.01485	0.02199	0.01469	0.02041	0.01162	0.00775	0.00690	0.00230	0.00997	0.06362	0.00326	0.00997
47	0.01382	0.01340	0.02305	0.58188	0.06933	0.01628	0.07819	0.01827	0.01395	0.01832	0.01228	0.01826	0.00947	0.00734	0.00857	0.00239	0.07768	0.00637	0.00315	0.00801
48	0.02445	0.01851	0.01977	0.01564	0.02085	0.02067	0.01276	0.54044	0.18371	0.04063	0.01939	0.01886	0.01401	0.00862	0.00701	0.00216	0.00719	0.00665	0.00701	0.01168
49	0.02672	0.01923	0.02075	0.01591	0.02148	0.02117	0.01314	0.66115	0.03228	0.07153	0.01720	0.01704	0.01209	0.00839	0.00698	0.00210	0.00761	0.00631	0.00705	0.01187
50	0.02607	0.03326	0.01978	0.01798	0.02157	0.72674	0.01348	0.02787	0.01978	0.01708	0.01079	0.01258	0.00899	0.00719	0.00629	0.00180	0.01258	0.00449	0.00360	0.00809
51	0.01574	0.01253	0.01899	0.02446	0.31883	0.01201	0.01386	0.01997	0.04531	0.08576	0.20683	0.03118	0.05037	0.00948	0.00726	0.00208	0.00610	0.03098	0.00548	0.08277
52	0.00861	0.00612	0.00806	0.00957	0.00995	0.00574	0.00632	0.00975	0.01314	0.01752	0.03733	0.70191	0.04473	0.07210	0.01073	0.00310	0.00423	0.01917	0.00632	0.00557
53	0.01866	0.75896	0.03657	0.01194	0.01791	0.02761	0.01194	0.02090	0.01418	0.01642	0.00970	0.01119	0.00896	0.00597	0.00448	0.00149	0.00746	0.00373	0.00299	0.00896
54	0.00850	0.00607	0.00810	0.00972	0.01012	0.00567	0.00648	0.00972	0.01336	0.01781	0.03846	0.75020	0.04615	0.02186	0.00891	0.00283	0.00405	0.01984	0.00648	0.00567
55	0.01318	0.01240	0.02093	0.73798	0.04806	0.01550	0.01938	0.01783	0.01395	0.01783	0.01240	0.01860	0.00930	0.00698	0.00698	0.00233	0.00930	0.00620	0.00310	0.00775
56	0.01015	0.00677	0.00761	0.00761	0.00761	0.00677	0.00423	0.01015	0.01015	0.01353	0.02199	0.04567	0.02537	0.75476	0.03552	0.00677	0.00677	0.01015	0.00423	0.00423
57	0.00836	0.00707	0.00722	0.00719	0.00949	0.00594	0.00539	0.01023	0.01617	0.01948	0.11435	0.06613	0.66435	0.01744	0.00825	0.00235	0.00352	0.01458	0.00656	0.00594
58	0.01447	0.01240	0.01447	0.01034	0.01654	0.00930	0.00827	0.01757	0.01447	0.02274	0.01240	0.01447	0.01034	0.00517	0.00517	0.00103	0.00517	0.00413	0.00413	0.79742
59	0.01866	0.75896	0.03657	0.01194	0.01791	0.02761	0.01194	0.02090	0.01418	0.01642	0.00970	0.01119	0.00896	0.00597	0.00448	0.00149	0.00746	0.00373	0.00299	0.00896
60	0.02478	0.15379	0.02360	0.01524	0.02084	0.02258	0.01295	0.54395	0.05270	0.03845	0.01588	0.01607	0.01167	0.00798	0.00653	0.00199	0.00756	0.00588	0.00626	0.01131
61	0.01113	0.00795	0.01112	0.01272	0.01428	0.00793	0.01105	0.01426	0.01595	0.02076	0.03701	0.10638	0.04041	0.01938	0.00961	0.00320	0.00633	0.63771	0.00643	0.00639
62	0.01427	0.03446	0.66057	0.02182	0.08746	0.01624	0.02542	0.02204	0.01483	0.02216	0.01257	0.01495	0.00903	0.00660	0.00665	0.00220	0.01014	0.00525	0.00299	0.01038
63	0.00998	0.00681	0.00764	0.00762	0.00788	0.00669	0.00442	0.01027	0.01104	0.01459	0.05559	0.04772	0.08342	0.66204	0.03209	0.00620	0.00635	0.01063	0.00456	0.00447
64	0.01749	0.01801	0.05011	0.03916	0.60403	0.05317	0.04515	0.02167	0.01602	0.02246	0.01300	0.01690	0.01083	0.00623	0.00685	0.00204	0.00860	0.00609	0.00347	0.03871
65	0.01519	0.01533	0.02286	0.01910	0.01981	0.02058	0.07746	0.01716	0.01124	0.01729	0.00995	0.01602	0.00958	0.01303	0.04615	0.00327	0.64874	0.00635	0.00312	0.00775
66	0.01569	0.01418	0.03973	0.01349	0.01989	0.01103	0.10249	0.03706	0.01546	0.04937	0.01333	0.01549	0.01063	0.00553	0.00575	0.00132	0.00633	0.00490	0.00426	0.61407
67	0.01447	0.01240	0.01447	0.01034	0.01654	0.00930	0.00827	0.01757	0.01447	0.02274	0.01240	0.01447	0.01034	0.00517	0.00517	0.00103	0.00517	0.00413	0.00413	0.79742
68	0.01363	0.01289	0.02163	0.64906	0.10879	0.01580	0.01943	0.01813	0.01402	0.01826	0.01236	0.01837	0.00946	0.00708	0.00751	0.00233	0.03387	0.00620	0.00313	0.00806
69	0.01849	0.73331	0.06076	0.01222	0.01835	0.02721	0.01243	0.02094	0.01420	0.01662	0.00980	0.01132	0.00895	0.00599	0.00455	0.00152	0.00756	0.00378	0.00298	0.00900
70	0.01031	0.00762	0.00883	0.00836	0.01058	0.00686	0.00632	0.01354	0.04595	0.05201	0.35613	0.05686	0.36021	0.01542	0.00814	0.00228	0.00361	0.01317	0.00714	0.00666
71	0.03131	0.01188	0.01619	0.01242	0.01781	0.01026	0.01026	0.03401	0.01997	0.71606	0.02753	0.02375	0.01727	0.00864	0.00702	0.00216	0.00594	0.00702	0.00864	0.01188
72	0.01824	0.01542	0.01707	0.01623	0.06588	0.01750	0.01189	0.11476	0.54992	0.03052	0.04651	0.02509	0.02080	0.00926	0.00711	0.00231	0.00591	0.00772	0.00685	0.01101
73	0.01400	0.03610	0.71860	0.01989	0.03020	0.01621	0.02578	0.02210	0.01473	0.02210	0.01252	0.01473	0.00884	0.00663	0.00663	0.00221	0.01031	0.00516	0.00295	0.01031
