[name]
unknown

[dist]
# distance from previous block
# <min> <max>
13	80

[block]
# block no. 0 follows, 29 sequences, length 20
# corresponding to MSA columns:
# 86-105
name=unknown_A
#
# <colnr> <probs for GDERKNQSTAVLIFYWHMCP>
#	G	D	E	R	K	N	Q	S	T	A	V	L	I	F	Y	W	H	M	C	P
0	0.01591	0.01124	0.01269	0.01119	0.01424	0.01151	0.00858	0.13858	0.13686	0.08596	0.17300	0.09229	0.16897	0.07413	0.01022	0.00271	0.00519	0.01115	0.00706	0.00853
1	0.04257	0.00837	0.00932	0.00917	0.01109	0.00820	0.00665	0.01506	0.10448	0.02268	0.21284	0.15450	0.24386	0.10562	0.01159	0.00298	0.00437	0.01332	0.00664	0.00671
2	0.02097	0.01522	0.01662	0.01389	0.01801	0.01663	0.01098	0.33222	0.18726	0.07122	0.02525	0.11280	0.03818	0.04587	0.00873	0.00251	0.00642	0.00898	0.03787	0.01038
3	0.08139	0.00949	0.01042	0.00977	0.01242	0.00926	0.00738	0.07922	0.04221	0.08071	0.10759	0.19912	0.27327	0.03463	0.00866	0.00255	0.00463	0.01314	0.00673	0.00742
4	0.00999	0.00706	0.00862	0.00930	0.01034	0.00670	0.00641	0.03646	0.01520	0.02065	0.11409	0.44296	0.12063	0.08976	0.01120	0.00303	0.00434	0.01638	0.06080	0.00607
5	0.01909	0.01271	0.01429	0.01197	0.01529	0.01317	0.00918	0.28227	0.02232	0.10634	0.06975	0.09626	0.10284	0.17550	0.01398	0.00330	0.00634	0.00998	0.00663	0.00879
6	0.00921	0.00679	0.00867	0.00972	0.01063	0.00640	0.00670	0.01154	0.04050	0.02030	0.14333	0.55590	0.10322	0.02029	0.00886	0.00273	0.00403	0.01822	0.00682	0.00615
7	0.00925	0.00728	0.00818	0.00869	0.01022	0.00670	0.00609	0.01174	0.05442	0.01893	0.05260	0.31388	0.35430	0.09055	0.01131	0.00302	0.00424	0.01609	0.00642	0.00607
8	0.01002	0.00671	0.00847	0.00933	0.01007	0.00627	0.00620	0.01119	0.01370	0.04590	0.06731	0.48630	0.09215	0.17440	0.01465	0.00364	0.00472	0.01690	0.00627	0.00579
9	0.00888	0.00661	0.00817	0.00913	0.01007	0.00613	0.00624	0.01029	0.01408	0.01832	0.06714	0.46210	0.20121	0.08628	0.04751	0.00354	0.00498	0.01724	0.00631	0.00577
10	0.01015	0.00661	0.00865	0.00980	0.01043	0.00618	0.00653	0.01132	0.01359	0.05524	0.03653	0.61834	0.04283	0.11280	0.01239	0.00336	0.00458	0.01829	0.00644	0.00594
11	0.08633	0.01362	0.01477	0.01301	0.01690	0.01482	0.01031	0.12726	0.30186	0.10623	0.04769	0.08358	0.07551	0.01139	0.00737	0.00241	0.00573	0.04419	0.00704	0.01000
12	0.00955	0.00699	0.00883	0.00976	0.01061	0.00672	0.00666	0.01213	0.05399	0.02012	0.14047	0.51345	0.07085	0.08118	0.01113	0.00308	0.00431	0.01738	0.00664	0.00613
13	0.01777	0.01517	0.01557	0.04356	0.01882	0.05650	0.01089	0.08671	0.40638	0.05207	0.03220	0.03058	0.12576	0.01040	0.00727	0.00228	0.00609	0.00852	0.00667	0.04680
14	0.01224	0.00924	0.01195	0.01305	0.05986	0.00965	0.00853	0.09045	0.01518	0.02057	0.02859	0.37997	0.03237	0.18036	0.05682	0.00414	0.04060	0.01409	0.00563	0.00671
15	0.09288	0.01594	0.04320	0.01371	0.01825	0.01666	0.01122	0.17304	0.33673	0.03127	0.02495	0.04971	0.04910	0.02832	0.00765	0.00236	0.00616	0.00773	0.00645	0.06468
16	0.05474	0.01965	0.02281	0.10112	0.09697	0.15996	0.08976	0.14163	0.01892	0.02485	0.01318	0.01654	0.01057	0.00942	0.03674	0.00251	0.08840	0.00596	0.00425	0.08203
17	0.04176	0.01483	0.01793	0.12002	0.02279	0.03553	0.01230	0.14523	0.01849	0.08531	0.04231	0.01818	0.01332	0.00794	0.00868	0.00194	0.10707	0.00583	0.00499	0.27556
18	0.05458	0.01771	0.02351	0.05021	0.36479	0.05838	0.01702	0.16132	0.07571	0.02814	0.01642	0.01873	0.02737	0.00738	0.00687	0.00209	0.00798	0.00637	0.00473	0.05067
19	0.02024	0.01634	0.02024	0.01745	0.07544	0.01726	0.05121	0.33365	0.02351	0.03215	0.02080	0.02307	0.07852	0.04285	0.00985	0.00232	0.07396	0.00718	0.00564	0.12831

[dist]
# distance from previous block
# <min> <max>
7	33

[block]
# block no. 1 follows, 29 sequences, length 59
# corresponding to MSA columns:
# 139-197
name=unknown_B
#
# <colnr> <probs for GDERKNQSTAVLIFYWHMCP>
#	G	D	E	R	K	N	Q	S	T	A	V	L	I	F	Y	W	H	M	C	P
0	0.01994	0.11165	0.02136	0.01659	0.05115	0.13702	0.04129	0.16862	0.15273	0.02620	0.02007	0.04433	0.04120	0.03547	0.05569	0.00291	0.03180	0.00715	0.00526	0.00957
1	0.07120	0.05941	0.06444	0.10278	0.02135	0.03954	0.03574	0.10329	0.01738	0.11553	0.02274	0.21967	0.02175	0.01470	0.05547	0.00298	0.00788	0.01000	0.00552	0.00863
2	0.04543	0.02026	0.19045	0.07004	0.02269	0.05465	0.01498	0.16254	0.08569	0.04893	0.02121	0.16342	0.01941	0.03787	0.00837	0.00252	0.00779	0.00901	0.00536	0.00939
3	0.21525	0.06991	0.07627	0.08180	0.01925	0.10454	0.01129	0.01982	0.03754	0.04469	0.07155	0.05973	0.14168	0.01023	0.00654	0.00220	0.00690	0.00794	0.00493	0.00794
4	0.06614	0.01080	0.01451	0.01557	0.08377	0.03191	0.06114	0.05632	0.03555	0.02184	0.02963	0.45423	0.03322	0.03965	0.00911	0.00276	0.00590	0.01479	0.00580	0.00735
5	0.01592	0.01319	0.01547	0.03777	0.01828	0.01109	0.00937	0.09965	0.01743	0.02606	0.06013	0.01783	0.01456	0.00638	0.00578	0.00132	0.00562	0.00516	0.00479	0.61422
6	0.07107	0.04587	0.18895	0.11366	0.22230	0.09628	0.04352	0.02313	0.03792	0.04755	0.01360	0.01652	0.01050	0.00682	0.00666	0.00213	0.00920	0.00573	0.00376	0.03483
7	0.00870	0.00647	0.00812	0.00931	0.01020	0.00588	0.00637	0.01018	0.01453	0.01898	0.08321	0.56703	0.18307	0.02099	0.00891	0.00275	0.00398	0.01876	0.00668	0.00588
8	0.01477	0.01266	0.01477	0.01055	0.01687	0.00949	0.00844	0.01793	0.01477	0.02320	0.01266	0.01477	0.01055	0.00527	0.00527	0.00105	0.00527	0.00422	0.00422	0.79328
9	0.01375	0.01297	0.02191	0.68187	0.09740	0.01590	0.01993	0.01846	0.01438	0.01857	0.01271	0.01888	0.00962	0.00706	0.00711	0.00235	0.00942	0.00633	0.00319	0.00816
10	0.00957	0.00657	0.00800	0.00877	0.00896	0.00638	0.00538	0.01015	0.01188	0.01584	0.03025	0.37139	0.03575	0.41151	0.02362	0.00504	0.00561	0.01495	0.00538	0.00500
11	0.03195	0.01212	0.01652	0.01267	0.01818	0.01047	0.01047	0.03470	0.02038	0.71026	0.02809	0.02424	0.01763	0.00881	0.00716	0.00220	0.00606	0.00716	0.00881	0.01212
12	0.01017	0.00763	0.01144	0.01144	0.01272	0.00890	0.00890	0.01272	0.01144	0.01653	0.01907	0.02797	0.01780	0.05340	0.72153	0.01144	0.01907	0.00763	0.00381	0.00636
13	0.00976	0.00695	0.00900	0.01027	0.01096	0.00670	0.00714	0.03447	0.01433	0.01906	0.03683	0.59259	0.04339	0.08505	0.01146	0.00325	0.00474	0.08165	0.00642	0.00596
14	0.00877	0.00705	0.00782	0.00799	0.00993	0.00610	0.00585	0.01076	0.01652	0.02078	0.18305	0.17967	0.47451	0.01811	0.00853	0.00246	0.00365	0.01551	0.00684	0.00610
15	0.02263	0.01756	0.01871	0.01529	0.02010	0.01974	0.01227	0.39358	0.30213	0.03756	0.02215	0.02206	0.01655	0.03632	0.00825	0.00243	0.00690	0.00723	0.00707	0.01148
16	0.80005	0.01377	0.01047	0.00936	0.01377	0.01597	0.00771	0.02093	0.01212	0.03195	0.00991	0.01157	0.00771	0.00661	0.00441	0.00220	0.00551	0.00386	0.00441	0.00771
17	0.01834	0.01561	0.01645	0.01462	0.01876	0.01800	0.01142	0.08100	0.64828	0.03080	0.02818	0.02593	0.02109	0.00959	0.00724	0.00240	0.00578	0.00794	0.00724	0.01133
18	0.01795	0.01686	0.02804	0.08079	0.62822	0.01716	0.02125	0.06052	0.01712	0.02425	0.01357	0.01767	0.01123	0.00652	0.00706	0.00213	0.00848	0.00635	0.00372	0.01114
19	0.61889	0.05534	0.01361	0.01115	0.01551	0.14532	0.00904	0.02232	0.01371	0.02852	0.01011	0.01179	0.00805	0.00672	0.00478	0.00210	0.00695	0.00399	0.00420	0.00788
20	0.01801	0.59843	0.18388	0.01394	0.02100	0.02565	0.01525	0.02159	0.01459	0.01801	0.01052	0.01221	0.00911	0.00624	0.00505	0.00168	0.00825	0.00412	0.00304	0.00944
21	0.61171	0.01461	0.05872	0.01034	0.01501	0.01472	0.00911	0.02148	0.01373	0.08642	0.07468	0.01664	0.01404	0.00753	0.00516	0.00221	0.00570	0.00504	0.00498	0.00817
22	0.06651	0.01264	0.04386	0.03691	0.10676	0.01104	0.01112	0.04372	0.01727	0.15213	0.15249	0.08151	0.02625	0.04193	0.00823	0.00223	0.00589	0.00838	0.00591	0.16518
23	0.01515	0.01495	0.02725	0.46423	0.11395	0.01667	0.18275	0.04078	0.01569	0.02071	0.01331	0.01884	0.01009	0.00681	0.00743	0.00235	0.00995	0.00685	0.00344	0.00881
24	0.00952	0.00698	0.00898	0.00946	0.01079	0.00645	0.00696	0.01195	0.01707	0.02315	0.33370	0.29763	0.13493	0.01814	0.00877	0.00258	0.00395	0.07553	0.00714	0.00629
25	0.01701	0.01634	0.02760	0.12448	0.58849	0.01706	0.02125	0.02115	0.01568	0.02231	0.01308	0.01767	0.01096	0.00678	0.00797	0.00220	0.04949	0.00634	0.00346	0.01068
26	0.01345	0.01266	0.02136	0.73264	0.04904	0.01582	0.01978	0.01819	0.01424	0.01819	0.01266	0.01898	0.00949	0.00712	0.00712	0.00237	0.00949	0.00633	0.00316	0.00791
27	0.00891	0.00638	0.00848	0.00975	0.01038	0.00594	0.00663	0.01051	0.01474	0.01994	0.15183	0.62749	0.05051	0.02099	0.00897	0.00278	0.00400	0.01899	0.00682	0.00594
28	0.00873	0.00624	0.00831	0.00988	0.01034	0.00582	0.00661	0.01006	0.01390	0.01860	0.06636	0.71678	0.04792	0.02199	0.00906	0.00287	0.00410	0.01994	0.00666	0.00582
29	0.03984	0.01808	0.03768	0.11807	0.07958	0.01761	0.53601	0.02212	0.01631	0.02253	0.01399	0.01885	0.01058	0.00618	0.00804	0.00237	0.01128	0.00788	0.00357	0.00944
30	0.03179	0.01237	0.01668	0.01279	0.01830	0.01083	0.01056	0.05514	0.02079	0.68924	0.02774	0.02401	0.01745	0.00880	0.00716	0.00220	0.00612	0.00714	0.00876	0.01212
31	0.01144	0.00782	0.00970	0.00913	0.01122	0.00717	0.00687	0.01492	0.04291	0.07300	0.46700	0.09560	0.18591	0.01515	0.00832	0.00232	0.00372	0.01319	0.00757	0.00706
32	0.01088	0.00867	0.01280	0.01239	0.01350	0.01059	0.00978	0.01329	0.01137	0.01661	0.01780	0.02635	0.01669	0.04804	0.63002	0.01035	0.11314	0.00745	0.00372	0.00655
33	0.01558	0.01558	0.02181	0.01869	0.01869	0.02181	0.01558	0.01714	0.01091	0.01714	0.00935	0.01558	0.00935	0.01246	0.02337	0.00312	0.73672	0.00623	0.00312	0.00779
34	0.01477	0.01266	0.01477	0.01055	0.01687	0.00949	0.00844	0.01793	0.01477	0.02320	0.01266	0.01477	0.01055	0.00527	0.00527	0.00105	0.00527	0.00422	0.00422	0.79328
35	0.01337	0.01249	0.02100	0.70627	0.04779	0.01554	0.01947	0.01807	0.01432	0.01831	0.01357	0.02123	0.01065	0.00758	0.00722	0.00241	0.00938	0.03018	0.00329	0.00786
36	0.02660	0.03394	0.02018	0.01834	0.02201	0.72116	0.01376	0.02843	0.02018	0.01743	0.01101	0.01284	0.00917	0.00734	0.00642	0.00183	0.01284	0.00459	0.00367	0.00825
37	0.01038	0.00790	0.01169	0.01157	0.01275	0.00930	0.00898	0.01279	0.01138	0.01645	0.01884	0.02821	0.01779	0.07791	0.67010	0.01097	0.04517	0.00768	0.00381	0.00633
38	0.01017	0.00763	0.01144	0.01144	0.01272	0.00890	0.00890	0.01272	0.01144	0.01653	0.01907	0.02797	0.01780	0.05340	0.72153	0.01144	0.01907	0.00763	0.00381	0.00636
39	0.00882	0.00636	0.00835	0.00969	0.01033	0.00590	0.00657	0.01031	0.01446	0.01936	0.11299	0.64009	0.07784	0.02128	0.00898	0.00280	0.00402	0.01921	0.00674	0.00590
40	0.00876	0.00638	0.00826	0.00958	0.01028	0.00588	0.00650	0.01021	0.01438	0.01908	0.09323	0.62706	0.11155	0.02130	0.00897	0.00280	0.00402	0.01918	0.00670	0.00588
41	0.01641	0.01696	0.02169	0.01867	0.01894	0.07437	0.01544	0.01799	0.01160	0.01716	0.00947	0.01537	0.00933	0.01208	0.02209	0.00302	0.68232	0.00611	0.00316	0.00782
42	0.00868	0.00620	0.00826	0.00991	0.01033	0.00578	0.00661	0.00991	0.01363	0.01818	0.03925	0.74510	0.04710	0.02231	0.00909	0.00289	0.00413	0.02024	0.00661	0.00578
43	0.01904	0.75404	0.03731	0.01218	0.01828	0.02818	0.01218	0.02132	0.01447	0.01675	0.00990	0.01142	0.00914	0.00609	0.00457	0.00152	0.00761	0.00381	0.00305	0.00914
44	0.00893	0.00656	0.00886	0.04218	0.01205	0.00628	0.00717	0.01043	0.01398	0.01859	0.06350	0.66578	0.06677	0.02121	0.00895	0.00283	0.00433	0.01918	0.00650	0.00592
45	0.01499	0.11621	0.59078	0.02005	0.02985	0.01795	0.06968	0.02243	0.01509	0.02192	0.01257	0.01492	0.00916	0.00664	0.00663	0.00218	0.01030	0.00531	0.00305	0.01030
46	0.03165	0.01260	0.01682	0.01290	0.01842	0.01118	0.01065	0.07422	0.02118	0.66962	0.02742	0.02380	0.01729	0.00880	0.00716	0.00220	0.00617	0.00711	0.00871	0.01212
47	0.02438	0.05028	0.02051	0.01530	0.02056	0.02019	0.01257	0.55660	0.02985	0.04007	0.01861	0.08420	0.01514	0.00955	0.00710	0.00212	0.00735	0.00747	0.00675	0.05138
48	0.01879	0.71732	0.07189	0.01260	0.01892	0.02758	0.01291	0.02138	0.01450	0.01705	0.01005	0.01161	0.00913	0.00613	0.00468	0.00156	0.00776	0.00388	0.00304	0.00921
49	0.09225	0.05565	0.20993	0.01584	0.02263	0.04794	0.01574	0.22750	0.02193	0.19654	0.01736	0.01734	0.01195	0.00779	0.00665	0.00215	0.00815	0.00586	0.00583	0.01099
50	0.01428	0.03683	0.71286	0.02030	0.03082	0.01654	0.02631	0.02255	0.01503	0.02255	0.01278	0.01503	0.00902	0.00677	0.00677	0.00226	0.01052	0.00526	0.00301	0.01052
51	0.01345	0.01266	0.02136	0.73264	0.04904	0.01582	0.01978	0.01819	0.01424	0.01819	0.01266	0.01898	0.00949	0.00712	0.00712	0.00237	0.00949	0.00633	0.00316	0.00791
52	0.00933	0.00665	0.00889	0.01026	0.01098	0.00631	0.00732	0.01107	0.01462	0.01957	0.10528	0.54324	0.04738	0.04714	0.01011	0.00303	0.00454	0.12169	0.00664	0.00595
53	0.01527	0.18546	0.57287	0.01861	0.02822	0.01895	0.02338	0.02230	0.01492	0.02135	0.01218	0.01429	0.00904	0.00663	0.00631	0.00210	0.00992	0.00496	0.00301	0.01024
54	0.00874	0.00627	0.00820	0.00971	0.01018	0.00584	0.00646	0.00995	0.01359	0.01802	0.03984	0.68610	0.07298	0.05473	0.01028	0.00305	0.00423	0.01959	0.00651	0.00573
55	0.03195	0.01212	0.01652	0.01267	0.01818	0.01047	0.01047	0.03470	0.02038	0.71026	0.02809	0.02424	0.01763	0.00881	0.00716	0.00220	0.00606	0.00716	0.00881	0.01212
56	0.01741	0.01670	0.02852	0.07897	0.67174	0.01686	0.02175	0.02167	0.01611	0.02300	0.01336	0.01769	0.01119	0.00638	0.00705	0.00213	0.00851	0.00634	0.00351	0.01111
57	0.01111	0.00906	0.01172	0.01162	0.01295	0.04879	0.00891	0.01346	0.01187	0.01642	0.01881	0.02820	0.01778	0.09111	0.64172	0.01064	0.01802	0.00762	0.00384	0.00635
58	0.01074	0.00740	0.00963	0.00900	0.01070	0.00684	0.00669	0.01390	0.01961	0.04795	0.64345	0.05196	0.06340	0.05568	0.00993	0.00250	0.00364	0.01257	0.00767	0.00674

[dist]
# distance from previous block
# <min> <max>
2	8

[block]
# block no. 2 follows, 29 sequences, length 79
# corresponding to MSA columns:
# 206-250,257-290
name=unknown_C
#
# <colnr> <probs for GDERKNQSTAVLIFYWHMCP>
#	G	D	E	R	K	N	Q	S	T	A	V	L	I	F	Y	W	H	M	C	P
0	0.01039	0.00701	0.00818	0.00835	0.00857	0.00698	0.00511	0.01086	0.01139	0.01521	0.05299	0.06986	0.02956	0.63390	0.03198	0.00627	0.00664	0.06736	0.00473	0.00465
1	0.36927	0.03914	0.05441	0.22594	0.11609	0.04631	0.01446	0.02067	0.01384	0.02521	0.01137	0.01476	0.00887	0.00675	0.00576	0.00221	0.00770	0.00501	0.00378	0.00845
2	0.02660	0.03394	0.02018	0.01834	0.02201	0.72116	0.01376	0.02843	0.02018	0.01743	0.01101	0.01284	0.00917	0.00734	0.00642	0.00183	0.01284	0.00459	0.00367	0.00825
3	0.01167	0.00763	0.01003	0.00923	0.01119	0.00699	0.00699	0.01499	0.02017	0.07821	0.65252	0.05108	0.06358	0.01414	0.00831	0.00224	0.00356	0.01246	0.00791	0.00711
4	0.01251	0.00967	0.01442	0.01828	0.13142	0.00967	0.01323	0.01595	0.01636	0.02164	0.03360	0.06973	0.03596	0.01742	0.00936	0.00308	0.00688	0.54742	0.00604	0.00735
5	0.01008	0.00728	0.00952	0.00896	0.01064	0.00672	0.00672	0.01344	0.02016	0.02855	0.70158	0.05319	0.06719	0.01456	0.00840	0.00224	0.00336	0.01288	0.00784	0.00672
6	0.00990	0.00743	0.00927	0.00926	0.01112	0.00680	0.00724	0.01283	0.01844	0.02480	0.41591	0.06215	0.22870	0.01640	0.00866	0.00247	0.00401	0.13082	0.00728	0.00650
7	0.80005	0.01377	0.01047	0.00936	0.01377	0.01597	0.00771	0.02093	0.01212	0.03195	0.00991	0.01157	0.00771	0.00661	0.00441	0.00220	0.00551	0.00386	0.00441	0.00771
8	0.01766	0.04452	0.02577	0.05579	0.51465	0.04360	0.01881	0.03926	0.01658	0.04581	0.01660	0.09773	0.01525	0.00830	0.00716	0.00218	0.00805	0.00774	0.00412	0.01043
9	0.10365	0.01390	0.01683	0.01299	0.01847	0.01330	0.01071	0.16396	0.02193	0.47036	0.02322	0.02102	0.01515	0.00834	0.00678	0.00212	0.00632	0.00652	0.00778	0.05663
10	0.02079	0.58691	0.03334	0.01361	0.01914	0.18901	0.01255	0.02297	0.01579	0.01691	0.01016	0.01175	0.00915	0.00638	0.00500	0.00160	0.00883	0.00399	0.00319	0.00893
11	0.00868	0.00620	0.00826	0.00991	0.01033	0.00578	0.00661	0.00991	0.01363	0.01818	0.03925	0.74510	0.04710	0.02231	0.00909	0.00289	0.00413	0.02024	0.00661	0.00578
12	0.01088	0.00749	0.00959	0.00895	0.01087	0.00681	0.00675	0.01405	0.01977	0.05776	0.60789	0.05347	0.12949	0.01466	0.00835	0.00225	0.00350	0.01284	0.00776	0.00689
13	0.01771	0.01530	0.01610	0.01449	0.01852	0.01771	0.01127	0.03784	0.69247	0.02979	0.02898	0.02657	0.02174	0.00966	0.00725	0.00242	0.00564	0.00805	0.00725	0.01127
14	0.01535	0.04989	0.11086	0.01307	0.01696	0.01211	0.01185	0.08069	0.01590	0.09830	0.05826	0.04998	0.01916	0.02998	0.34289	0.00649	0.01278	0.00754	0.00488	0.04306
15	0.01759	0.01701	0.02941	0.04318	0.67966	0.01696	0.04712	0.02189	0.01624	0.02325	0.01343	0.01768	0.01126	0.00633	0.00710	0.00213	0.00860	0.00642	0.00353	0.01121
16	0.80005	0.01377	0.01047	0.00936	0.01377	0.01597	0.00771	0.02093	0.01212	0.03195	0.00991	0.01157	0.00771	0.00661	0.00441	0.00220	0.00551	0.00386	0.00441	0.00771
17	0.01477	0.01266	0.01477	0.01055	0.01687	0.00949	0.00844	0.01793	0.01477	0.02320	0.01266	0.01477	0.01055	0.00527	0.00527	0.00105	0.00527	0.00422	0.00422	0.79328
18	0.01820	0.01554	0.01638	0.01459	0.01870	0.01794	0.01139	0.07178	0.65772	0.03058	0.02836	0.02607	0.02123	0.00960	0.00724	0.00240	0.00575	0.00796	0.00724	0.01132
19	0.01298	0.00900	0.01196	0.01287	0.01496	0.00907	0.01103	0.01775	0.07961	0.05860	0.05995	0.07104	0.06207	0.01794	0.00936	0.00308	0.00623	0.51845	0.00678	0.00727
20	0.00938	0.00741	0.00856	0.00905	0.01080	0.00680	0.00668	0.01224	0.05148	0.02052	0.11693	0.27337	0.35354	0.01870	0.00867	0.00261	0.00408	0.06610	0.00676	0.00633
21	0.03195	0.01212	0.01652	0.01267	0.01818	0.01047	0.01047	0.03470	0.02038	0.71026	0.02809	0.02424	0.01763	0.00881	0.00716	0.00220	0.00606	0.00716	0.00881	0.01212
22	0.02523	0.01697	0.01845	0.01440	0.01941	0.01839	0.01181	0.50847	0.02913	0.10571	0.01918	0.01936	0.01366	0.00853	0.00677	0.00206	0.00691	0.00652	0.13784	0.01120
23	0.01641	0.01382	0.01514	0.01420	0.01773	0.01573	0.01131	0.03303	0.55177	0.02802	0.03080	0.03775	0.02574	0.01174	0.00778	0.00259	0.00583	0.14318	0.00710	0.01029
24	0.00868	0.00620	0.00826	0.00991	0.01033	0.00578	0.00661	0.00991	0.01363	0.01818	0.03925	0.74510	0.04710	0.02231	0.00909	0.00289	0.00413	0.02024	0.00661	0.00578
25	0.01557	0.01567	0.02278	0.04064	0.02051	0.02145	0.04809	0.01745	0.01129	0.01745	0.00969	0.01586	0.00942	0.01199	0.02215	0.00306	0.67957	0.00634	0.00314	0.00788
26	0.26905	0.01347	0.01517	0.01205	0.01723	0.01342	0.00994	0.09998	0.01923	0.42889	0.02129	0.01955	0.01397	0.00810	0.00630	0.00220	0.00608	0.00606	0.00727	0.01075
27	0.00914	0.00722	0.00810	0.00789	0.00990	0.00632	0.00584	0.01142	0.01738	0.02242	0.30387	0.06166	0.43024	0.05533	0.00988	0.00258	0.00369	0.01398	0.00695	0.00619
28	0.03165	0.01260	0.01682	0.01290	0.01842	0.01117	0.01065	0.07418	0.02118	0.66966	0.02742	0.02380	0.01729	0.00880	0.00716	0.00220	0.00617	0.00711	0.00871	0.01212
29	0.00868	0.00703	0.00771	0.00795	0.00988	0.00606	0.00580	0.01057	0.01623	0.02021	0.14542	0.19579	0.49700	0.01841	0.00854	0.00248	0.00368	0.01575	0.00677	0.00606
30	0.00881	0.00625	0.00822	0.00974	0.01012	0.00587	0.00642	0.00995	0.01337	0.01782	0.03788	0.68826	0.04537	0.08151	0.01130	0.00322	0.00436	0.01944	0.00642	0.00566
31	0.00868	0.00620	0.00826	0.00991	0.01033	0.00578	0.00661	0.00991	0.01363	0.01818	0.03925	0.74510	0.04710	0.02231	0.00909	0.00289	0.00413	0.02024	0.00661	0.00578
32	0.01762	0.01692	0.02890	0.04371	0.70533	0.01692	0.02185	0.02185	0.01621	0.02326	0.01339	0.01762	0.01128	0.00634	0.00705	0.00211	0.00846	0.00634	0.00352	0.01128
33	0.01430	0.01543	0.07239	0.27697	0.18647	0.01485	0.14023	0.01888	0.01531	0.02080	0.03782	0.12004	0.01707	0.00904	0.00763	0.00238	0.00887	0.00877	0.00393	0.00883
34	0.05940	0.01195	0.01531	0.01187	0.01705	0.01047	0.00970	0.04900	0.01950	0.48888	0.08111	0.02592	0.04163	0.00898	0.00692	0.00205	0.00568	0.00730	0.00779	0.11947
35	0.08407	0.01745	0.06458	0.03640	0.54198	0.01639	0.01970	0.02214	0.03946	0.02419	0.01356	0.01710	0.01117	0.00644	0.00671	0.00208	0.00803	0.00600	0.00374	0.05880
36	0.01950	0.49314	0.05274	0.01482	0.02023	0.06455	0.04832	0.07879	0.03436	0.02009	0.01136	0.01335	0.00984	0.00716	0.00721	0.00185	0.08507	0.00473	0.00358	0.00932
37	0.01237	0.00618	0.00928	0.00928	0.00928	0.00618	0.00618	0.00928	0.00928	0.01237	0.01237	0.02165	0.01237	0.02474	0.02783	0.79283	0.00618	0.00618	0.00309	0.00309
38	0.01936	0.72356	0.03659	0.01244	0.01843	0.05750	0.01225	0.02162	0.01471	0.01678	0.00995	0.01148	0.00914	0.00614	0.00465	0.00154	0.00784	0.00384	0.00307	0.00910
39	0.01237	0.00618	0.00928	0.00928	0.00928	0.00618	0.00618	0.00928	0.00928	0.01237	0.01237	0.02165	0.01237	0.02474	0.02783	0.79283	0.00618	0.00618	0.00309	0.00309
40	0.01036	0.00690	0.00777	0.00777	0.00777	0.00690	0.00431	0.01036	0.01036	0.01381	0.02244	0.04660	0.02589	0.74975	0.03624	0.00690	0.00690	0.01036	0.00431	0.00431
41	0.00871	0.00713	0.00769	0.00775	0.00985	0.00611	0.00573	0.01072	0.01664	0.02068	0.17297	0.12716	0.53844	0.01785	0.00847	0.00242	0.00361	0.01514	0.00681	0.00611
42	0.02660	0.03394	0.02018	0.01834	0.02201	0.72116	0.01376	0.02843	0.02018	0.01743	0.01101	0.01284	0.00917	0.00734	0.00642	0.00183	0.01284	0.00459	0.00367	0.00825
43	0.00866	0.00624	0.00822	0.00980	0.01030	0.00579	0.00656	0.00993	0.01375	0.01822	0.04070	0.71518	0.07608	0.02212	0.00906	0.00287	0.00411	0.02001	0.00661	0.00579
44	0.08440	0.02022	0.02050	0.01597	0.02146	0.05849	0.01311	0.59813	0.03119	0.04247	0.01624	0.01646	0.01163	0.00834	0.00688	0.00213	0.00793	0.00613	0.00674	0.01158
45	0.03090	0.01311	0.01706	0.01315	0.01863	0.01203	0.01084	0.10765	0.04546	0.61144	0.02689	0.02351	0.01715	0.00881	0.00716	0.00220	0.00624	0.00711	0.00857	0.01209
46	0.02602	0.04408	0.02127	0.01587	0.02128	0.02145	0.01310	0.62378	0.03156	0.04221	0.01660	0.01714	0.01202	0.00932	0.00813	0.04381	0.00774	0.00631	0.00677	0.01153
47	0.01904	0.75404	0.03731	0.01218	0.01828	0.02818	0.01218	0.02132	0.01447	0.01675	0.00990	0.01142	0.00914	0.00609	0.00457	0.00152	0.00761	0.00381	0.00305	0.00914
48	0.01017	0.00763	0.01144	0.01144	0.01272	0.00890	0.00890	0.01272	0.01144	0.01653	0.01907	0.02797	0.01780	0.05340	0.72153	0.01144	0.01907	0.00763	0.00381	0.00636
49	0.01477	0.01266	0.01477	0.01055	0.01687	0.00949	0.00844	0.01793	0.01477	0.02320	0.01266	0.01477	0.01055	0.00527	0.00527	0.00105	0.00527	0.00422	0.00422	0.79328
50	0.00868	0.00620	0.00826	0.00991	0.01033	0.00578	0.00661	0.00991	0.01363	0.01818	0.03925	0.74510	0.04710	0.02231	0.00909	0.00289	0.00413	0.02024	0.00661	0.00578
51	0.01068	0.00771	0.01035	0.01160	0.01306	0.00751	0.00959	0.01340	0.01597	0.02086	0.08924	0.16494	0.09865	0.05726	0.01087	0.00326	0.00576	0.43643	0.00655	0.00630
52	0.06516	0.01561	0.01700	0.01326	0.01877	0.01567	0.01070	0.23898	0.15835	0.05665	0.01781	0.01807	0.01342	0.00743	0.00629	0.00179	0.00622	0.00579	0.00595	0.30706
53	0.01681	0.01921	0.04202	0.03001	0.03721	0.01801	0.67947	0.02281	0.01681	0.02281	0.01441	0.01921	0.01080	0.00600	0.00840	0.00240	0.01200	0.00840	0.00360	0.00960
54	0.01904	0.75404	0.03731	0.01218	0.01828	0.02818	0.01218	0.02132	0.01447	0.01675	0.00990	0.01142	0.00914	0.00609	0.00457	0.00152	0.00761	0.00381	0.00305	0.00914
55	0.01885	0.72595	0.06377	0.01250	0.01877	0.02772	0.01274	0.02137	0.01449	0.01698	0.01001	0.01156	0.00913	0.00612	0.00466	0.00155	0.00773	0.00386	0.00304	0.00919
56	0.00869	0.00687	0.00787	0.00861	0.01019	0.00605	0.00623	0.01036	0.01522	0.01894	0.05729	0.33382	0.40808	0.01980	0.00876	0.00265	0.00398	0.05402	0.00661	0.00595
57	0.00876	0.00627	0.00834	0.00985	0.01035	0.00584	0.00662	0.01014	0.01404	0.01883	0.08100	0.70148	0.04836	0.02182	0.00905	0.00285	0.00408	0.01978	0.00669	0.00584
58	0.01558	0.01558	0.02181	0.01869	0.01869	0.02181	0.01558	0.01714	0.01091	0.01714	0.00935	0.01558	0.00935	0.01246	0.02337	0.00312	0.73672	0.00623	0.00312	0.00779
59	0.00850	0.00722	0.00733	0.00730	0.00967	0.00605	0.00547	0.01038	0.01642	0.01969	0.10284	0.06778	0.67145	0.01786	0.00841	0.00240	0.00359	0.01492	0.00667	0.00605
60	0.01036	0.00690	0.00777	0.00777	0.00777	0.00690	0.00431	0.01036	0.01036	0.01381	0.02244	0.04660	0.02589	0.74975	0.03624	0.00690	0.00690	0.01036	0.00431	0.00431
61	0.02707	0.01995	0.02137	0.01638	0.02208	0.02208	0.01353	0.68159	0.03348	0.04488	0.01710	0.01710	0.01211	0.00855	0.00712	0.00214	0.00784	0.00641	0.00712	0.01211
62	0.01021	0.00748	0.01071	0.01071	0.01172	0.00850	0.00798	0.01224	0.01123	0.01598	0.01975	0.03171	0.01943	0.19328	0.58388	0.01053	0.01663	0.00818	0.00392	0.00595
63	0.00882	0.00630	0.00843	0.01008	0.01056	0.00591	0.00686	0.01017	0.01378	0.01834	0.03917	0.71073	0.04678	0.02217	0.00913	0.00291	0.00426	0.05319	0.00661	0.00582
64	0.01477	0.01266	0.01477	0.01055	0.01687	0.00949	0.00844	0.01793	0.01477	0.02320	0.01266	0.01477	0.01055	0.00527	0.00527	0.00105	0.00527	0.00422	0.00422	0.79328
65	0.01372	0.01293	0.02184	0.68840	0.09118	0.01589	0.01991	0.01843	0.01437	0.01852	0.01270	0.01890	0.00961	0.00707	0.00711	0.00236	0.00943	0.00633	0.00319	0.00813
66	0.01738	0.60176	0.05947	0.01238	0.01784	0.02451	0.01219	0.01994	0.01399	0.01694	0.01154	0.01432	0.01057	0.01399	0.12394	0.00320	0.00964	0.00450	0.00317	0.00873
67	0.00866	0.00625	0.00821	0.00978	0.01029	0.00580	0.00655	0.00993	0.01377	0.01823	0.04095	0.71012	0.08098	0.02209	0.00905	0.00287	0.00410	0.01997	0.00661	0.00580
68	0.02660	0.03394	0.02018	0.01834	0.02201	0.72116	0.01376	0.02843	0.02018	0.01743	0.01101	0.01284	0.00917	0.00734	0.00642	0.00183	0.01284	0.00459	0.00367	0.00825
69	0.01403	0.00959	0.01045	0.01029	0.01065	0.00907	0.00602	0.01306	0.01268	0.01728	0.02534	0.04961	0.02831	0.70935	0.03601	0.00727	0.00802	0.01119	0.00548	0.00630
70	0.00865	0.00661	0.00795	0.00892	0.01009	0.00591	0.00619	0.01019	0.01487	0.01906	0.08315	0.47281	0.27913	0.02042	0.00882	0.00269	0.00391	0.01805	0.00667	0.00591
71	0.01428	0.07014	0.63955	0.01939	0.02917	0.01667	0.02462	0.02192	0.01480	0.02192	0.01300	0.01560	0.00953	0.00942	0.04777	0.00275	0.01087	0.00533	0.00306	0.01022
72	0.01558	0.01558	0.02181	0.01869	0.01869	0.02181	0.01558	0.01714	0.01091	0.01714	0.00935	0.01558	0.00935	0.01246	0.02337	0.00312	0.73672	0.00623	0.00312	0.00779
73	0.02103	0.01658	0.01770	0.01499	0.01958	0.01877	0.01192	0.23109	0.47052	0.05863	0.02538	0.02364	0.01870	0.00930	0.00721	0.00232	0.00631	0.00753	0.00726	0.01155
74	0.05591	0.06174	0.02165	0.01579	0.02139	0.02201	0.01314	0.59099	0.05945	0.04212	0.01691	0.01696	0.01218	0.00838	0.00688	0.00212	0.00764	0.00623	0.00679	0.01173
75	0.04910	0.15377	0.02346	0.01822	0.06043	0.45143	0.01374	0.10932	0.02041	0.02158	0.01169	0.01337	0.00961	0.00720	0.00617	0.00185	0.01083	0.00476	0.00401	0.00905
76	0.00862	0.00707	0.00763	0.00803	0.01002	0.00608	0.00595	0.01040	0.01575	0.01914	0.06414	0.19698	0.54441	0.01893	0.00862	0.00254	0.00386	0.04923	0.00661	0.00600
77	0.75492	0.01387	0.01112	0.00990	0.01405	0.01631	0.00816	0.02071	0.01205	0.03110	0.00988	0.01180	0.00781	0.00695	0.00550	0.00226	0.04757	0.00399	0.00433	0.00772
78	0.01170	0.00648	0.00967	0.00976	0.01005	0.00672	0.00677	0.01003	0.00998	0.01357	0.01530	0.06457	0.01549	0.03054	0.17059	0.58536	0.00874	0.00729	0.00344	0.00392

[dist]
# distance from previous block
# <min> <max>
0	9

[block]
# block no. 3 follows, 29 sequences, length 107
# corresponding to MSA columns:
# 300-406
name=unknown_D
#
# <colnr> <probs for GDERKNQSTAVLIFYWHMCP>
#	G	D	E	R	K	N	Q	S	T	A	V	L	I	F	Y	W	H	M	C	P
0	0.05330	0.01678	0.02806	0.04214	0.67380	0.01688	0.02121	0.02181	0.01603	0.02366	0.01324	0.01735	0.01112	0.00636	0.00693	0.00212	0.00832	0.00623	0.00356	0.01112
1	0.01424	0.03573	0.68133	0.05278	0.03165	0.01650	0.02601	0.02235	0.01500	0.02235	0.01277	0.01521	0.00904	0.00678	0.00678	0.00226	0.01048	0.00531	0.00301	0.01040
2	0.01675	0.05319	0.01712	0.01442	0.01658	0.23860	0.04140	0.01859	0.01463	0.01700	0.03833	0.02551	0.01682	0.17904	0.18101	0.00532	0.08771	0.00713	0.00389	0.00697
3	0.01823	0.01931	0.05895	0.02620	0.03290	0.01812	0.50191	0.14420	0.01968	0.02666	0.01605	0.05365	0.01273	0.00728	0.00814	0.00237	0.01080	0.00850	0.00438	0.00991
4	0.05134	0.01271	0.02083	0.69779	0.04734	0.01583	0.01919	0.01833	0.01414	0.01886	0.01252	0.01863	0.00941	0.00709	0.00699	0.00236	0.00930	0.00621	0.00322	0.00790
5	0.02941	0.01156	0.01571	0.01224	0.01730	0.01003	0.01003	0.03224	0.02035	0.63125	0.10616	0.02759	0.02337	0.00948	0.00730	0.00221	0.00575	0.00782	0.00870	0.01149
6	0.01345	0.01266	0.02136	0.73264	0.04904	0.01582	0.01978	0.01819	0.01424	0.01819	0.01266	0.01898	0.00949	0.00712	0.00712	0.00237	0.00949	0.00633	0.00316	0.00791
7	0.01491	0.01278	0.01483	0.01074	0.01695	0.00989	0.00857	0.01889	0.04742	0.02352	0.01344	0.01533	0.01109	0.00548	0.00537	0.00112	0.00529	0.00440	0.00436	0.75561
8	0.00848	0.00722	0.00730	0.00728	0.00966	0.00604	0.00546	0.01034	0.01638	0.01960	0.09664	0.06793	0.67771	0.01790	0.00842	0.00240	0.00360	0.01494	0.00666	0.00604
9	0.00848	0.00722	0.00730	0.00728	0.00966	0.00604	0.00546	0.01034	0.01638	0.01959	0.09638	0.06794	0.67797	0.01790	0.00842	0.00240	0.00360	0.01495	0.00666	0.00604
10	0.00848	0.00722	0.00731	0.00729	0.00966	0.00604	0.00546	0.01035	0.01639	0.01962	0.09833	0.06789	0.67601	0.01789	0.00842	0.00240	0.00360	0.01494	0.00666	0.00604
11	0.01904	0.75404	0.03731	0.01218	0.01828	0.02818	0.01218	0.02132	0.01447	0.01675	0.00990	0.01142	0.00914	0.00609	0.00457	0.00152	0.00761	0.00381	0.00305	0.00914
12	0.01477	0.01266	0.01477	0.01055	0.01687	0.00949	0.00844	0.01793	0.01477	0.02320	0.01266	0.01477	0.01055	0.00527	0.00527	0.00105	0.00527	0.00422	0.00422	0.79328
13	0.72485	0.01361	0.01106	0.00969	0.01420	0.01543	0.00798	0.02228	0.01293	0.09836	0.01169	0.01281	0.00868	0.00683	0.00468	0.00220	0.00556	0.00418	0.00484	0.00814
14	0.00896	0.00632	0.00818	0.00955	0.00990	0.00597	0.00623	0.00999	0.01308	0.01745	0.03643	0.62809	0.04354	0.14417	0.01364	0.00356	0.00460	0.01859	0.00623	0.00554
15	0.01017	0.00763	0.01144	0.01144	0.01272	0.00890	0.00890	0.01272	0.01144	0.01653	0.01907	0.02797	0.01780	0.05340	0.72153	0.01144	0.01907	0.00763	0.00381	0.00636
16	0.01558	0.01558	0.02181	0.01869	0.01869	0.02181	0.01558	0.01714	0.01091	0.01714	0.00935	0.01558	0.00935	0.01246	0.02337	0.00312	0.73672	0.00623	0.00312	0.00779
17	0.01736	0.01292	0.01436	0.01295	0.01598	0.03496	0.00999	0.25102	0.05424	0.05200	0.05429	0.31827	0.03067	0.01496	0.00806	0.00249	0.00600	0.05113	0.00678	0.03160
18	0.01738	0.01679	0.02903	0.07743	0.64696	0.01691	0.04708	0.02171	0.01614	0.02299	0.01340	0.01775	0.01117	0.00637	0.00711	0.00214	0.00865	0.00642	0.00351	0.01105
19	0.01725	0.01644	0.02794	0.04198	0.67079	0.01641	0.02110	0.02143	0.01641	0.02353	0.04761	0.01939	0.01406	0.00675	0.00712	0.00212	0.00821	0.00667	0.00374	0.01105
20	0.02707	0.01995	0.02137	0.01638	0.02208	0.02208	0.01353	0.68159	0.03348	0.04488	0.01710	0.01710	0.01211	0.00855	0.00712	0.00214	0.00784	0.00641	0.00712	0.01211
21	0.72637	0.01436	0.01151	0.01003	0.01456	0.01656	0.00827	0.08391	0.01415	0.03318	0.01060	0.01209	0.00813	0.00679	0.00467	0.00220	0.00573	0.00410	0.00467	0.00813
22	0.01002	0.00724	0.00947	0.00900	0.01063	0.00668	0.00671	0.01330	0.01990	0.02815	0.67606	0.07984	0.06641	0.01486	0.00843	0.00226	0.00339	0.01316	0.00779	0.00668
23	0.01033	0.00699	0.00819	0.00819	0.00834	0.00713	0.00484	0.01063	0.01048	0.01412	0.02205	0.04445	0.02496	0.66950	0.11522	0.00743	0.00831	0.01004	0.00426	0.00455
24	0.01277	0.00701	0.01012	0.00989	0.01031	0.00727	0.00688	0.04096	0.01068	0.01441	0.01345	0.02225	0.01306	0.02767	0.11614	0.65552	0.00792	0.00638	0.00337	0.00393
25	0.03195	0.01212	0.01652	0.01267	0.01818	0.01047	0.01047	0.03470	0.02038	0.71026	0.02809	0.02424	0.01763	0.00881	0.00716	0.00220	0.00606	0.00716	0.00881	0.01212
26	0.01762	0.01692	0.02890	0.04371	0.70533	0.01692	0.02185	0.02185	0.01621	0.02326	0.01339	0.01762	0.01128	0.00634	0.00705	0.00211	0.00846	0.00634	0.00352	0.01128
27	0.01428	0.03683	0.71286	0.02030	0.03082	0.01654	0.02631	0.02255	0.01503	0.02255	0.01278	0.01503	0.00902	0.00677	0.00677	0.00226	0.01052	0.00526	0.00301	0.01052
28	0.01628	0.01555	0.02647	0.26553	0.49402	0.01657	0.02118	0.02067	0.01558	0.02163	0.01316	0.01806	0.01070	0.00659	0.00707	0.00220	0.00879	0.00634	0.00341	0.01019
29	0.01345	0.01266	0.02136	0.73264	0.04904	0.01582	0.01978	0.01819	0.01424	0.01819	0.01266	0.01898	0.00949	0.00712	0.00712	0.00237	0.00949	0.00633	0.00316	0.00791
30	0.02651	0.01953	0.02098	0.01614	0.02170	0.02157	0.01331	0.65946	0.03304	0.04434	0.03977	0.01829	0.01393	0.00875	0.00717	0.00214	0.00769	0.00663	0.00715	0.01193
31	0.00973	0.00710	0.00932	0.01044	0.01166	0.00670	0.00799	0.01199	0.01579	0.02085	0.14346	0.35244	0.12695	0.01980	0.00913	0.00285	0.00470	0.21611	0.00678	0.00619
32	0.01477	0.01266	0.01477	0.01055	0.01687	0.00949	0.00844	0.01793	0.01477	0.02320	0.01266	0.01477	0.01055	0.00527	0.00527	0.00105	0.00527	0.00422	0.00422	0.79328
33	0.02880	0.01349	0.01701	0.01319	0.01839	0.01282	0.01083	0.18326	0.02341	0.49268	0.08754	0.02524	0.02091	0.00928	0.00727	0.00219	0.00622	0.00751	0.00833	0.01162
34	0.02707	0.01995	0.02137	0.01638	0.02208	0.02208	0.01353	0.68159	0.03348	0.04488	0.01710	0.01710	0.01211	0.00855	0.00712	0.00214	0.00784	0.00641	0.00712	0.01211
35	0.01026	0.00692	0.00774	0.00774	0.00786	0.00686	0.00437	0.01035	0.01065	0.01408	0.02491	0.04769	0.05953	0.71337	0.03486	0.00668	0.00674	0.01059	0.00443	0.00440
36	0.01762	0.01692	0.02890	0.04371	0.70533	0.01692	0.02185	0.02185	0.01621	0.02326	0.01339	0.01762	0.01128	0.00634	0.00705	0.00211	0.00846	0.00634	0.00352	0.01128
37	0.00960	0.00654	0.00871	0.00985	0.01061	0.00607	0.00674	0.01121	0.01485	0.04081	0.14146	0.61607	0.04931	0.02070	0.00892	0.00277	0.00407	0.01871	0.00687	0.00612
38	0.01036	0.00690	0.00777	0.00777	0.00777	0.00690	0.00431	0.01036	0.01036	0.01381	0.02244	0.04660	0.02589	0.74975	0.03624	0.00690	0.00690	0.01036	0.00431	0.00431
39	0.01391	0.01069	0.01320	0.01364	0.01612	0.01145	0.01151	0.05206	0.20232	0.02473	0.03436	0.06266	0.03437	0.01641	0.00900	0.00299	0.00636	0.44933	0.00677	0.00811
40	0.80005	0.01377	0.01047	0.00936	0.01377	0.01597	0.00771	0.02093	0.01212	0.03195	0.00991	0.01157	0.00771	0.00661	0.00441	0.00220	0.00551	0.00386	0.00441	0.00771
41	0.02707	0.01995	0.02137	0.01638	0.02208	0.02208	0.01353	0.68159	0.03348	0.04488	0.01710	0.01710	0.01211	0.00855	0.00712	0.00214	0.00784	0.00641	0.00712	0.01211
42	0.01963	0.02466	0.32365	0.01681	0.02422	0.01615	0.01791	0.10170	0.18089	0.14688	0.01983	0.01963	0.01398	0.00797	0.00694	0.00223	0.00810	0.00636	0.00554	0.03693
43	0.06573	0.00907	0.01148	0.01065	0.01197	0.00957	0.00776	0.12291	0.01385	0.01950	0.01418	0.02296	0.01335	0.02062	0.02201	0.57254	0.00643	0.03634	0.00401	0.00506
44	0.00992	0.00724	0.00932	0.00888	0.01056	0.00664	0.00663	0.01310	0.01967	0.02757	0.63666	0.07892	0.10810	0.01506	0.00842	0.00227	0.00340	0.01328	0.00771	0.00664
45	0.01322	0.00808	0.01084	0.01045	0.01257	0.00751	0.00831	0.01640	0.01905	0.11629	0.43202	0.08443	0.05377	0.01530	0.00860	0.00250	0.00449	0.16120	0.00762	0.00735
46	0.00868	0.00620	0.00826	0.00991	0.01033	0.00578	0.00661	0.00991	0.01363	0.01818	0.03925	0.74510	0.04710	0.02231	0.00909	0.00289	0.00413	0.02024	0.00661	0.00578
47	0.01988	0.01637	0.01732	0.01493	0.01934	0.01872	0.01180	0.18699	0.53978	0.03328	0.02623	0.02437	0.01951	0.00940	0.00722	0.00235	0.00615	0.00767	0.00722	0.01147
48	0.01527	0.01451	0.02465	0.43230	0.33515	0.01630	0.02068	0.01979	0.01510	0.02040	0.01298	0.01839	0.01027	0.00678	0.00709	0.00226	0.00904	0.00634	0.00332	0.00938
49	0.02231	0.01712	0.01881	0.01412	0.02007	0.01721	0.01156	0.42472	0.02624	0.03649	0.01538	0.01619	0.01150	0.00728	0.00641	0.00172	0.00684	0.00556	0.00600	0.31447
50	0.01036	0.00690	0.00777	0.00777	0.00777	0.00690	0.00431	0.01036	0.01036	0.01381	0.02244	0.04660	0.02589	0.74975	0.03624	0.00690	0.00690	0.01036	0.00431	0.00431
51	0.00883	0.00631	0.00843	0.00999	0.01050	0.00591	0.00679	0.01022	0.01398	0.01869	0.06469	0.69471	0.04765	0.02192	0.00909	0.00288	0.00419	0.04273	0.00666	0.00585
52	0.01447	0.06445	0.68685	0.01998	0.03034	0.01699	0.02576	0.02250	0.01501	0.02233	0.01267	0.01489	0.00902	0.00674	0.00668	0.00223	0.01041	0.00521	0.00301	0.01047
53	0.01036	0.00690	0.00777	0.00777	0.00777	0.00690	0.00431	0.01036	0.01036	0.01381	0.02244	0.04660	0.02589	0.74975	0.03624	0.00690	0.00690	0.01036	0.00431	0.00431
54	0.01390	0.00724	0.00731	0.00708	0.00892	0.00734	0.00537	0.04691	0.01578	0.02738	0.02295	0.02612	0.01797	0.00831	0.00508	0.00168	0.00352	0.00663	0.75362	0.00689
55	0.00909	0.00724	0.00815	0.00793	0.01003	0.00630	0.00594	0.01153	0.01783	0.02304	0.32899	0.06227	0.44321	0.01662	0.00841	0.00234	0.00351	0.01415	0.00711	0.00630
56	0.01198	0.00619	0.00917	0.00934	0.00939	0.00614	0.00623	0.00934	0.00974	0.01298	0.01520	0.09798	0.01603	0.02448	0.02585	0.70948	0.00597	0.00767	0.00346	0.00338
57	0.80005	0.01377	0.01047	0.00936	0.01377	0.01597	0.00771	0.02093	0.01212	0.03195	0.00991	0.01157	0.00771	0.00661	0.00441	0.00220	0.00551	0.00386	0.00441	0.00771
58	0.01237	0.00618	0.00928	0.00928	0.00928	0.00618	0.00618	0.00928	0.00928	0.01237	0.01237	0.02165	0.01237	0.02474	0.02783	0.79283	0.00618	0.00618	0.00309	0.00309
59	0.01904	0.75404	0.03731	0.01218	0.01828	0.02818	0.01218	0.02132	0.01447	0.01675	0.00990	0.01142	0.00914	0.00609	0.00457	0.00152	0.00761	0.00381	0.00305	0.00914
60	0.02660	0.03394	0.02018	0.01834	0.02201	0.72116	0.01376	0.02843	0.02018	0.01743	0.01101	0.01284	0.00917	0.00734	0.00642	0.00183	0.01284	0.00459	0.00367	0.00825
61	0.00868	0.00620	0.00826	0.00991	0.01033	0.00578	0.00661	0.00991	0.01363	0.01818	0.03925	0.74510	0.04710	0.02231	0.00909	0.00289	0.00413	0.02024	0.00661	0.00578
62	0.01477	0.01266	0.01477	0.01055	0.01687	0.00949	0.00844	0.01793	0.01477	0.02320	0.01266	0.01477	0.01055	0.00527	0.00527	0.00105	0.00527	0.00422	0.00422	0.79328
63	0.01345	0.01266	0.02136	0.73264	0.04904	0.01582	0.01978	0.01819	0.01424	0.01819	0.01266	0.01898	0.00949	0.00712	0.00712	0.00237	0.00949	0.00633	0.00316	0.00791
64	0.01771	0.01530	0.01610	0.01449	0.01852	0.01771	0.01127	0.03784	0.69247	0.02979	0.02898	0.02657	0.02174	0.00966	0.00725	0.00242	0.00564	0.00805	0.00725	0.01127
65	0.00867	0.00624	0.00822	0.00981	0.01030	0.00579	0.00656	0.00993	0.01373	0.01822	0.04053	0.71877	0.07261	0.02214	0.00906	0.00287	0.00411	0.02004	0.00661	0.00579
66	0.00868	0.00620	0.00826	0.00991	0.01033	0.00578	0.00661	0.00991	0.01363	0.01818	0.03925	0.74510	0.04710	0.02231	0.00909	0.00289	0.00413	0.02024	0.00661	0.00578
67	0.01147	0.00820	0.01147	0.01311	0.01475	0.00820	0.01147	0.01475	0.01639	0.02131	0.03770	0.08032	0.04098	0.01967	0.00984	0.00328	0.00656	0.65741	0.00656	0.00656
68	0.01017	0.00763	0.01144	0.01144	0.01272	0.00890	0.00890	0.01272	0.01144	0.01653	0.01907	0.02797	0.01780	0.05340	0.72153	0.01144	0.01907	0.00763	0.00381	0.00636
69	0.01017	0.00763	0.01144	0.01144	0.01272	0.00890	0.00890	0.01272	0.01144	0.01653	0.01907	0.02797	0.01780	0.05340	0.72153	0.01144	0.01907	0.00763	0.00381	0.00636
70	0.01805	0.01546	0.01629	0.01456	0.01865	0.01787	0.01135	0.06120	0.66855	0.03033	0.02855	0.02622	0.02139	0.00962	0.00724	0.00241	0.00572	0.00799	0.00724	0.01130
71	0.02660	0.03394	0.02018	0.01834	0.02201	0.72116	0.01376	0.02843	0.02018	0.01743	0.01101	0.01284	0.00917	0.00734	0.00642	0.00183	0.01284	0.00459	0.00367	0.00825
72	0.01034	0.00694	0.00795	0.00793	0.00803	0.00696	0.00455	0.01054	0.01072	0.01439	0.04482	0.04619	0.02699	0.70216	0.05820	0.00690	0.00719	0.01035	0.00441	0.00446
73	0.00886	0.00649	0.00861	0.01009	0.01054	0.00624	0.00683	0.01013	0.01363	0.01818	0.03934	0.70553	0.06454	0.02191	0.00947	0.00288	0.02468	0.01970	0.00651	0.00585
74	0.02055	0.01530	0.01777	0.01460	0.01856	0.01667	0.03209	0.42442	0.02549	0.03430	0.02129	0.14222	0.01946	0.05975	0.09980	0.00373	0.00872	0.00918	0.00634	0.00979
75	0.02707	0.01995	0.02137	0.01638	0.02208	0.02208	0.01353	0.68159	0.03348	0.04488	0.01710	0.01710	0.01211	0.00855	0.00712	0.00214	0.00784	0.00641	0.00712	0.01211
76	0.01771	0.01472	0.01582	0.01247	0.01756	0.04785	0.00984	0.18732	0.04424	0.02795	0.01819	0.12254	0.01663	0.00886	0.00643	0.00169	0.00615	0.00728	0.00539	0.41136
77	0.01428	0.03683	0.71286	0.02030	0.03082	0.01654	0.02631	0.02255	0.01503	0.02255	0.01278	0.01503	0.00902	0.00677	0.00677	0.00226	0.01052	0.00526	0.00301	0.01052
78	0.80005	0.01377	0.01047	0.00936	0.01377	0.01597	0.00771	0.02093	0.01212	0.03195	0.00991	0.01157	0.00771	0.00661	0.00441	0.00220	0.00551	0.00386	0.00441	0.00771
79	0.01017	0.00763	0.01144	0.01144	0.01272	0.00890	0.00890	0.01272	0.01144	0.01653	0.01907	0.02797	0.01780	0.05340	0.72153	0.01144	0.01907	0.00763	0.00381	0.00636
80	0.01036	0.00690	0.00777	0.00777	0.00777	0.00690	0.00431	0.01036	0.01036	0.01381	0.02244	0.04660	0.02589	0.74975	0.03624	0.00690	0.00690	0.01036	0.00431	0.00431
