[name]
unknown

[dist]
# distance from previous block
# <min> <max>
0	33

[block]
# block no. 0 follows, 26 sequences, length 175
# corresponding to MSA columns:
# 33-73,75-115,118-210
name=unknown_A
#
# <colnr> <probs for GDERKNQSTAVLIFYWHMCP>
#	G	D	E	R	K	N	Q	S	T	A	V	L	I	F	Y	W	H	M	C	P
0	0.27101	0.01288	0.01434	0.01227	0.01706	0.01273	0.01020	0.02668	0.03646	0.27157	0.02389	0.03133	0.01924	0.01037	0.00700	0.00244	0.00626	0.11979	0.00689	0.08760
1	0.05813	0.04059	0.01719	0.01283	0.01840	0.01333	0.01042	0.06041	0.12135	0.24816	0.07093	0.02388	0.01993	0.00860	0.00688	0.00198	0.00604	0.00693	0.00702	0.24700
2	0.02263	0.01412	0.01635	0.01339	0.01808	0.01412	0.01072	0.20882	0.08418	0.20015	0.03371	0.08510	0.13044	0.01383	0.03687	0.00276	0.00688	0.00973	0.00754	0.07059
3	0.01558	0.01480	0.02315	0.62911	0.08494	0.04124	0.02072	0.04299	0.01624	0.02067	0.01363	0.01984	0.01030	0.00760	0.00755	0.00248	0.01011	0.00668	0.00356	0.00880
4	0.02031	0.38494	0.23666	0.01587	0.02358	0.02313	0.01731	0.02607	0.06146	0.10309	0.01525	0.01613	0.01172	0.00733	0.00612	0.00202	0.00872	0.00528	0.00429	0.01073
5	0.01763	0.01992	0.04305	0.08499	0.04062	0.01900	0.60910	0.02392	0.01769	0.02392	0.01520	0.02044	0.01140	0.00649	0.00885	0.00256	0.01258	0.00878	0.00380	0.01009
6	0.03275	0.01263	0.01719	0.01328	0.01892	0.01093	0.01093	0.03572	0.02170	0.65515	0.06566	0.02751	0.02167	0.00972	0.00770	0.00235	0.00630	0.00796	0.00933	0.01259
7	0.00924	0.00660	0.00880	0.01056	0.01100	0.00616	0.00704	0.01056	0.01452	0.01936	0.04181	0.72848	0.05017	0.02376	0.00968	0.00308	0.00440	0.02156	0.00704	0.00616
8	0.02683	0.01964	0.02140	0.01627	0.02244	0.02082	0.01339	0.53038	0.03181	0.06776	0.01785	0.01808	0.01284	0.00853	0.00726	0.00209	0.00782	0.00647	0.00714	0.14119
9	0.00924	0.00660	0.00880	0.01056	0.01100	0.00616	0.00704	0.01056	0.01452	0.01936	0.04181	0.72848	0.05017	0.02376	0.00968	0.00308	0.00440	0.02156	0.00704	0.00616
10	0.00924	0.00660	0.00880	0.01056	0.01100	0.00616	0.00704	0.01056	0.01452	0.01936	0.04181	0.72848	0.05017	0.02376	0.00968	0.00308	0.00440	0.02156	0.00704	0.00616
11	0.03259	0.01356	0.01780	0.01383	0.01958	0.01233	0.01137	0.06587	0.07394	0.60953	0.02946	0.02566	0.01885	0.00945	0.00763	0.00236	0.00651	0.00767	0.00917	0.01284
12	0.03313	0.01361	0.01795	0.01384	0.01967	0.01229	0.01141	0.08057	0.04603	0.62284	0.02914	0.02538	0.01852	0.00940	0.00763	0.00235	0.00657	0.00761	0.00920	0.01288
13	0.03238	0.01254	0.01707	0.01321	0.01879	0.01086	0.01086	0.03536	0.02169	0.64445	0.07622	0.02801	0.02252	0.00982	0.00772	0.00235	0.00625	0.00806	0.00931	0.01250
14	0.02748	0.03417	0.02097	0.01904	0.02288	0.64265	0.01430	0.05569	0.02177	0.01982	0.01338	0.04668	0.01176	0.00860	0.00700	0.00202	0.01303	0.00573	0.00421	0.00884
15	0.02791	0.03526	0.02130	0.01936	0.02328	0.67242	0.01454	0.03074	0.05057	0.01915	0.01258	0.01433	0.01037	0.00793	0.00688	0.00198	0.01334	0.00505	0.00408	0.00894
16	0.01701	0.01729	0.02317	0.01990	0.02004	0.04744	0.01653	0.01868	0.01197	0.01827	0.01002	0.01649	0.00995	0.01308	0.02425	0.00327	0.69441	0.00658	0.00334	0.00832
17	0.62701	0.01540	0.01320	0.01125	0.01621	0.01742	0.00927	0.10825	0.01662	0.08763	0.01310	0.01417	0.00967	0.00750	0.00531	0.00234	0.00624	0.00475	0.00545	0.00921
18	0.02028	0.73799	0.03975	0.01298	0.01947	0.03001	0.01298	0.02271	0.01541	0.01785	0.01055	0.01217	0.00973	0.00649	0.00487	0.00162	0.00811	0.00406	0.00324	0.00973
19	0.00923	0.00666	0.00874	0.01040	0.01096	0.00617	0.00697	0.01058	0.01467	0.01942	0.04373	0.69256	0.08485	0.02351	0.00964	0.00305	0.00437	0.02126	0.00704	0.00617
20	0.03141	0.01413	0.01800	0.01412	0.01979	0.01335	0.01156	0.09318	0.11537	0.54018	0.02901	0.02549	0.01887	0.00949	0.00764	0.00237	0.00656	0.00769	0.00899	0.01278
21	0.01074	0.00775	0.01014	0.00954	0.01133	0.00716	0.00716	0.01431	0.02147	0.03042	0.68211	0.05666	0.07157	0.01551	0.00895	0.00239	0.00358	0.01372	0.00835	0.00716
22	0.01877	0.01802	0.03079	0.04656	0.68612	0.01802	0.02328	0.02328	0.01727	0.02478	0.01427	0.01877	0.01201	0.00676	0.00751	0.00225	0.00901	0.00676	0.00375	0.01201
23	0.01025	0.00764	0.00968	0.01104	0.01198	0.00746	0.00767	0.01356	0.07603	0.02070	0.04218	0.60900	0.07378	0.02220	0.00950	0.00303	0.00463	0.04582	0.00710	0.00675
24	0.02829	0.02097	0.02246	0.01734	0.02331	0.02327	0.01428	0.62682	0.07056	0.04692	0.01890	0.01876	0.01346	0.00917	0.00759	0.00229	0.00822	0.00692	0.00759	0.01285
25	0.02883	0.02125	0.02276	0.01745	0.02352	0.02352	0.01442	0.66082	0.03566	0.04780	0.01821	0.01821	0.01290	0.00911	0.00759	0.00228	0.00835	0.00683	0.00759	0.01290
26	0.00924	0.00660	0.00880	0.01056	0.01100	0.00616	0.00704	0.01056	0.01452	0.01936	0.04181	0.72848	0.05017	0.02376	0.00968	0.00308	0.00440	0.02156	0.00704	0.00616
27	0.01809	0.01768	0.02845	0.20791	0.50443	0.04632	0.02238	0.02262	0.01694	0.02321	0.01397	0.01891	0.01146	0.00700	0.00750	0.00231	0.00947	0.00668	0.00367	0.01101
28	0.01790	0.02046	0.04476	0.03197	0.03964	0.01918	0.65857	0.02430	0.01790	0.02430	0.01535	0.02046	0.01151	0.00639	0.00895	0.00256	0.01279	0.00895	0.00384	0.01023
29	0.02356	0.01045	0.01411	0.01193	0.01579	0.00923	0.00938	0.02640	0.02044	0.39962	0.20887	0.15173	0.03835	0.01345	0.00833	0.00248	0.00533	0.01161	0.00871	0.01022
30	0.01841	0.01765	0.03013	0.10148	0.63404	0.01793	0.02310	0.02296	0.01710	0.02434	0.01420	0.01889	0.01186	0.00683	0.00752	0.00228	0.00910	0.00676	0.00372	0.01172
31	0.04369	0.53629	0.13924	0.01490	0.02144	0.02701	0.01552	0.02247	0.01506	0.01937	0.01097	0.01320	0.00969	0.00727	0.00716	0.00193	0.07719	0.00455	0.00329	0.00978
32	0.00912	0.00755	0.00800	0.00818	0.01042	0.00642	0.00602	0.01108	0.01723	0.02104	0.11454	0.15591	0.55927	0.01954	0.00906	0.00262	0.00390	0.01656	0.00713	0.00642
33	0.00921	0.00674	0.00866	0.01019	0.01090	0.00619	0.00688	0.01060	0.01488	0.01951	0.04636	0.64336	0.13235	0.02317	0.00959	0.00301	0.00433	0.02084	0.00704	0.00619
34	0.01238	0.00900	0.01101	0.01147	0.01295	0.00894	0.00815	0.11266	0.01831	0.02445	0.07313	0.55453	0.07195	0.02084	0.00928	0.00290	0.00495	0.01861	0.00720	0.00728
35	0.02950	0.02017	0.02210	0.01694	0.02299	0.02193	0.01400	0.58044	0.03386	0.13073	0.01972	0.01919	0.01366	0.00914	0.00759	0.00229	0.00810	0.00693	0.00782	0.01290
36	0.01449	0.00842	0.01061	0.01016	0.01256	0.00747	0.00756	0.01686	0.01842	0.15639	0.21065	0.25191	0.20981	0.01765	0.00890	0.00263	0.00446	0.01539	0.00784	0.00782
37	0.04918	0.25468	0.37454	0.01820	0.02623	0.02220	0.02102	0.02280	0.01513	0.02176	0.01206	0.01473	0.00963	0.00775	0.00863	0.00227	0.10046	0.00519	0.00329	0.01025
38	0.01731	0.01452	0.01685	0.01230	0.01870	0.01220	0.00992	0.09482	0.01792	0.02719	0.01390	0.01605	0.01138	0.00632	0.00659	0.00134	0.03330	0.00485	0.00481	0.65971
39	0.02909	0.02083	0.02250	0.01725	0.02331	0.02290	0.01425	0.62955	0.03496	0.08006	0.01880	0.01859	0.01319	0.00912	0.00759	0.00228	0.00825	0.00687	0.00768	0.01290
40	0.01462	0.01210	0.01870	0.01584	0.01872	0.01199	0.14681	0.11951	0.01836	0.02468	0.05238	0.32735	0.03295	0.13283	0.01386	0.00351	0.00728	0.01448	0.00610	0.00791
41	0.02932	0.01335	0.01716	0.01345	0.01867	0.01241	0.01099	0.13042	0.02384	0.48049	0.13720	0.02979	0.02669	0.01037	0.00784	0.00234	0.00627	0.00852	0.00893	0.01194
42	0.03314	0.01347	0.01784	0.01377	0.01959	0.01209	0.01135	0.06838	0.04966	0.63148	0.02938	0.02554	0.01866	0.00941	0.00763	0.00235	0.00653	0.00763	0.00923	0.01287
43	0.01632	0.19134	0.55169	0.01974	0.02992	0.02031	0.02475	0.02374	0.01588	0.02268	0.01294	0.01518	0.00964	0.00705	0.00670	0.00223	0.01054	0.00527	0.00321	0.01089
44	0.00919	0.00682	0.00858	0.00998	0.01085	0.00621	0.00678	0.01063	0.01508	0.01959	0.04888	0.59615	0.17793	0.02284	0.00954	0.00298	0.00429	0.02044	0.00704	0.00621
45	0.01072	0.00735	0.00869	0.00890	0.00918	0.00738	0.00540	0.01121	0.01178	0.01575	0.02758	0.12990	0.05279	0.55766	0.09825	0.00714	0.00813	0.01219	0.00492	0.00506
46	0.01714	0.01435	0.01676	0.03699	0.01981	0.01185	0.01002	0.09061	0.01793	0.02710	0.01401	0.01617	0.01138	0.00608	0.00591	0.00130	0.00608	0.00483	0.00480	0.66688
47	0.01084	0.00813	0.01219	0.01219	0.01354	0.00948	0.00948	0.01354	0.01219	0.01761	0.02032	0.02980	0.01896	0.05689	0.70337	0.01219	0.02032	0.00813	0.00406	0.00677
48	0.00924	0.00660	0.00880	0.01056	0.01100	0.00616	0.00704	0.01056	0.01452	0.01936	0.04181	0.72848	0.05017	0.02376	0.00968	0.00308	0.00440	0.02156	0.00704	0.00616
49	0.01933	0.01024	0.01282	0.01128	0.01469	0.00936	0.00874	0.05139	0.04196	0.25760	0.16618	0.16548	0.16930	0.01512	0.00852	0.00253	0.00508	0.01296	0.00816	0.00926
50	0.01702	0.27170	0.44825	0.01917	0.02866	0.02182	0.04963	0.02360	0.01589	0.02197	0.01266	0.01492	0.00973	0.00693	0.00650	0.00215	0.01024	0.00523	0.00324	0.01068
51	0.00924	0.00660	0.00880	0.01056	0.01100	0.00616	0.00704	0.01056	0.01452	0.01936	0.04181	0.72848	0.05017	0.02376	0.00968	0.00308	0.00440	0.02156	0.00704	0.00616
52	0.01827	0.01959	0.03849	0.02973	0.07496	0.02014	0.45859	0.05640	0.01755	0.02436	0.01436	0.01947	0.01131	0.00792	0.01194	0.00267	0.15197	0.00825	0.00393	0.01010
53	0.05148	0.01704	0.01888	0.04732	0.02120	0.01880	0.01251	0.44193	0.02807	0.03824	0.02119	0.10824	0.01871	0.07590	0.04244	0.00329	0.00832	0.00895	0.00680	0.01069
54	0.02883	0.02125	0.02276	0.01745	0.02352	0.02352	0.01442	0.66082	0.03566	0.04780	0.01821	0.01821	0.01290	0.00911	0.00759	0.00228	0.00835	0.00683	0.00759	0.01290
55	0.01558	0.01358	0.01684	0.09841	0.02227	0.01137	0.01073	0.01911	0.01553	0.02385	0.01337	0.01631	0.01105	0.00611	0.00649	0.00137	0.02933	0.00484	0.00432	0.65956
56	0.01544	0.03703	0.62309	0.02218	0.03266	0.01797	0.06658	0.02377	0.01593	0.02377	0.01355	0.01632	0.00974	0.00743	0.00813	0.00245	0.04382	0.00586	0.00325	0.01102
57	0.02329	0.01730	0.01801	0.01467	0.01950	0.03955	0.01182	0.36224	0.12816	0.07087	0.03020	0.02934	0.11964	0.01082	0.00762	0.00232	0.00698	0.00853	0.06798	0.01116
58	0.00924	0.00660	0.00880	0.01056	0.01100	0.00616	0.00704	0.01056	0.01452	0.01936	0.04181	0.72848	0.05017	0.02376	0.00968	0.00308	0.00440	0.02156	0.00704	0.00616
59	0.01057	0.00762	0.00999	0.00966	0.01129	0.00705	0.00714	0.01390	0.02070	0.02919	0.61077	0.13152	0.06918	0.01643	0.00903	0.00246	0.00367	0.01459	0.00820	0.00705
60	0.01432	0.01348	0.02275	0.71520	0.05224	0.01685	0.02107	0.01938	0.01517	0.01938	0.01348	0.02022	0.01011	0.00758	0.00758	0.00253	0.01011	0.00674	0.00337	0.00843
61	0.05336	0.01706	0.02833	0.04232	0.60738	0.01713	0.02143	0.02233	0.01688	0.02482	0.01605	0.06885	0.01455	0.00798	0.00753	0.00232	0.00854	0.00769	0.00403	0.01142
62	0.04614	0.01327	0.01494	0.01308	0.01643	0.01412	0.01029	0.26604	0.02308	0.06712	0.02607	0.15426	0.02467	0.07491	0.04239	0.00334	0.00718	0.06442	0.10895	0.00929
63	0.00932	0.00666	0.00887	0.01051	0.01102	0.00621	0.00705	0.01076	0.01489	0.01994	0.07536	0.69327	0.05129	0.02333	0.00964	0.00304	0.00436	0.02115	0.00711	0.00621
64	0.01052	0.00778	0.00871	0.00870	0.01098	0.00671	0.00644	0.01263	0.01767	0.05536	0.15546	0.17240	0.46180	0.01891	0.00901	0.00261	0.00402	0.01614	0.00735	0.00680
65	0.01556	0.03683	0.61087	0.02295	0.03370	0.01782	0.10888	0.02406	0.01626	0.02406	0.01383	0.01658	0.00985	0.00710	0.00743	0.00242	0.01141	0.00603	0.00328	0.01108
66	0.01145	0.00860	0.00977	0.00926	0.01169	0.00792	0.00695	0.01556	0.07257	0.04972	0.29566	0.06049	0.34805	0.04652	0.01004	0.00269	0.00416	0.01402	0.00757	0.00731
67	0.00912	0.00769	0.00790	0.00785	0.01034	0.00647	0.00589	0.01119	0.01766	0.02137	0.13028	0.07155	0.62905	0.01888	0.00896	0.00255	0.00382	0.01581	0.00716	0.00647
68	0.04764	0.07036	0.63553	0.02074	0.03146	0.01816	0.02651	0.02389	0.01586	0.02415	0.01334	0.01568	0.00956	0.00717	0.00699	0.00236	0.01084	0.00547	0.00327	0.01102
69	0.01806	0.18338	0.46612	0.01860	0.02798	0.01926	0.02249	0.02476	0.01663	0.09068	0.03507	0.01744	0.01246	0.00753	0.00681	0.00223	0.00984	0.00573	0.00400	0.01095
70	0.00970	0.00770	0.00875	0.00871	0.01088	0.00674	0.00656	0.01221	0.01855	0.02382	0.27462	0.10096	0.42117	0.01828	0.00906	0.00257	0.00392	0.04167	0.00747	0.00667
71	0.72709	0.01488	0.01188	0.01042	0.01522	0.01707	0.00859	0.04981	0.01420	0.05896	0.01160	0.01307	0.00880	0.00722	0.00492	0.00234	0.00599	0.00435	0.00499	0.00859
72	0.01187	0.00793	0.01031	0.01134	0.01245	0.00766	0.00818	0.03992	0.01590	0.05160	0.03833	0.49564	0.04397	0.08811	0.01233	0.00348	0.00537	0.12195	0.00693	0.00675
73	0.01764	0.01731	0.02736	0.29003	0.41923	0.05349	0.02202	0.02222	0.01672	0.02248	0.01385	0.01904	0.01120	0.00712	0.00750	0.00234	0.00966	0.00665	0.00362	0.01053
74	0.02860	0.01259	0.01671	0.01386	0.01882	0.01157	0.01156	0.06138	0.05141	0.49374	0.03154	0.03789	0.02383	0.01180	0.00822	0.00259	0.00663	0.13688	0.00873	0.01165
75	0.01297	0.01057	0.01501	0.05464	0.12826	0.01072	0.01240	0.01771	0.07484	0.02349	0.09679	0.19987	0.09182	0.01689	0.00915	0.00288	0.00627	0.20114	0.00646	0.00814
76	0.01600	0.14815	0.59213	0.02027	0.03075	0.01955	0.02568	0.02382	0.01592	0.02306	0.01313	0.01541	0.00963	0.00709	0.00684	0.00228	0.01073	0.00536	0.00321	0.01098
77	0.01619	0.01778	0.07025	0.01964	0.02046	0.02212	0.01701	0.01834	0.01205	0.01871	0.01155	0.04637	0.01162	0.01328	0.02300	0.00324	0.63932	0.00719	0.00347	0.00841
78	0.02366	0.01707	0.01853	0.01503	0.01955	0.01862	0.01199	0.47248	0.02946	0.04007	0.02265	0.12821	0.01988	0.04926	0.00933	0.00262	0.00728	0.00930	0.07409	0.01094
79	0.01835	0.01379	0.01582	0.01358	0.01740	0.01448	0.01063	0.24394	0.07947	0.03135	0.02452	0.17711	0.02303	0.01939	0.11613	0.00384	0.00853	0.01012	0.04501	0.11351
80	0.01301	0.00905	0.01088	0.01009	0.01256	0.00850	0.00765	0.05107	0.04560	0.07165	0.37497	0.11186	0.21177	0.01616	0.00880	0.00249	0.00426	0.01396	0.00792	0.00777
81	0.00937	0.00667	0.00883	0.01043	0.01090	0.00625	0.00694	0.01071	0.01462	0.01956	0.06357	0.67655	0.04998	0.05308	0.01086	0.00323	0.00449	0.02085	0.00699	0.00613
82	0.01116	0.00818	0.01078	0.01154	0.01335	0.00779	0.00948	0.01437	0.01858	0.02470	0.24947	0.10422	0.14093	0.01911	0.00974	0.00299	0.00535	0.32391	0.00743	0.00692
83	0.02028	0.01674	0.01812	0.01365	0.01993	0.03733	0.01100	0.21344	0.06522	0.03191	0.01599	0.01724	0.01247	0.00704	0.00639	0.00159	0.00672	0.00548	0.00562	0.47384
84	0.01316	0.00917	0.01145	0.01040	0.01277	0.00882	0.00794	0.05202	0.05622	0.06149	0.55988	0.05223	0.08533	0.01473	0.00875	0.00239	0.00411	0.01287	0.00828	0.00796
85	0.00929	0.00664	0.00885	0.01053	0.01101	0.00620	0.00705	0.01070	0.01477	0.01976	0.06461	0.70456	0.05093	0.02347	0.00966	0.00306	0.00437	0.02128	0.00709	0.00620
86	0.00966	0.00682	0.00882	0.01009	0.01057	0.00644	0.00664	0.01095	0.01451	0.01950	0.09192	0.55920	0.04816	0.14179	0.01446	0.00374	0.00483	0.01915	0.00674	0.00598
87	0.02447	0.01477	0.06891	0.01383	0.01895	0.01272	0.01190	0.03238	0.17572	0.35513	0.15467	0.03159	0.02928	0.01061	0.00787	0.00241	0.00616	0.00887	0.00831	0.01145
88	0.01286	0.00850	0.00970	0.00955	0.01056	0.00868	0.00633	0.07332	0.01490	0.02113	0.02690	0.17652	0.02894	0.37548	0.05213	0.00530	0.00677	0.01193	0.13431	0.00619
89	0.01211	0.00833	0.01062	0.01140	0.01268	0.00811	0.00810	0.07247	0.01723	0.04528	0.07269	0.57480	0.04647	0.02136	0.00941	0.00296	0.00491	0.04672	0.00724	0.00710
90	0.01692	0.01584	0.02635	0.38677	0.33469	0.01765	0.02178	0.04799	0.01697	0.02299	0.01403	0.01949	0.01108	0.00728	0.00755	0.00239	0.00955	0.00675	0.00372	0.01022
91	0.02028	0.73799	0.03975	0.01298	0.01947	0.03001	0.01298	0.02271	0.01541	0.01785	0.01055	0.01217	0.00973	0.00649	0.00487	0.00162	0.00811	0.00406	0.00324	0.00973
92	0.13767	0.02187	0.12247	0.01573	0.02114	0.11316	0.01430	0.17828	0.06243	0.03154	0.08205	0.02763	0.02066	0.01009	0.00734	0.00237	0.00830	0.07277	0.00582	0.04437
93	0.02120	0.49811	0.08939	0.01483	0.02109	0.12944	0.01433	0.06316	0.01789	0.02086	0.03982	0.01497	0.01254	0.00729	0.00570	0.00181	0.00904	0.00489	0.00383	0.00980
94	0.02275	0.01742	0.01917	0.01459	0.02051	0.01754	0.01189	0.38840	0.02759	0.03817	0.05528	0.02160	0.04125	0.00869	0.00706	0.00191	0.00701	0.00679	0.00659	0.26580
95	0.03875	0.03887	0.01338	0.01220	0.01519	0.04365	0.00967	0.02212	0.20758	0.02473	0.07202	0.10697	0.22133	0.01576	0.00855	0.00270	0.00575	0.12541	0.00692	0.00844
96	0.01052	0.00774	0.00983	0.00931	0.01120	0.00706	0.00698	0.01389	0.02095	0.02919	0.60711	0.05868	0.14734	0.01597	0.00895	0.00241	0.00361	0.01400	0.00819	0.00706
97	0.02899	0.01221	0.01626	0.01292	0.01797	0.01092	0.01050	0.03318	0.06200	0.53412	0.14481	0.03140	0.02834	0.01052	0.00787	0.00237	0.00592	0.00876	0.00910	0.01184
98	0.07438	0.01661	0.02672	0.20057	0.45157	0.01772	0.02105	0.02318	0.05079	0.02455	0.01468	0.01914	0.01187	0.00716	0.00733	0.00234	0.00888	0.00665	0.00394	0.01088
99	0.01797	0.01973	0.04114	0.05730	0.17430	0.01886	0.50584	0.02392	0.01768	0.02424	0.01506	0.02010	0.01157	0.00651	0.00861	0.00249	0.01192	0.00842	0.00380	0.01054
100	0.02790	0.01905	0.02078	0.01615	0.02180	0.02072	0.01327	0.51722	0.05919	0.11767	0.02054	0.02023	0.01447	0.00917	0.00743	0.00226	0.00768	0.00701	0.06502	0.01243
101	0.00916	0.00769	0.00796	0.00789	0.01037	0.00649	0.00592	0.01127	0.01776	0.02161	0.14509	0.07116	0.61409	0.01879	0.00896	0.00254	0.00381	0.01575	0.00719	0.00649
102	0.01328	0.01028	0.01150	0.01035	0.01324	0.01002	0.00799	0.11508	0.05613	0.02925	0.30389	0.05567	0.30296	0.01571	0.00868	0.00245	0.00455	0.01328	0.00768	0.00801
103	0.02477	0.01733	0.01888	0.01506	0.02004	0.01885	0.01224	0.42579	0.09384	0.08208	0.08340	0.02446	0.02055	0.00981	0.00747	0.00226	0.00699	0.00773	0.09685	0.01160
104	0.75227	0.01431	0.01104	0.01000	0.01450	0.01653	0.00816	0.02177	0.01298	0.03338	0.01196	0.04431	0.01009	0.00779	0.00492	0.00238	0.00580	0.00489	0.00480	0.00812
105	0.01806	0.01463	0.01707	0.01542	0.01943	0.01621	0.03869	0.03400	0.47137	0.06396	0.03384	0.03947	0.05616	0.01227	0.00828	0.00271	0.00637	0.11368	0.00749	0.01088
106	0.02266	0.02456	0.02353	0.05696	0.19538	0.29525	0.01700	0.02779	0.09841	0.04434	0.01517	0.01788	0.01233	0.00863	0.00964	0.00233	0.10738	0.00624	0.00441	0.01008
107	0.00998	0.00737	0.00821	0.00847	0.00954	0.00681	0.00550	0.01102	0.01423	0.01811	0.06911	0.16815	0.27067	0.33424	0.02213	0.00475	0.00547	0.01463	0.00601	0.00559
108	0.01091	0.00744	0.00893	0.00902	0.00926	0.00763	0.00551	0.01141	0.01140	0.01542	0.02426	0.08203	0.02738	0.58759	0.14384	0.00791	0.00928	0.01112	0.00464	0.00503
109	0.08526	0.00927	0.00963	0.03792	0.01259	0.00977	0.00712	0.07203	0.01766	0.03022	0.06910	0.02766	0.02118	0.00912	0.00579	0.00194	0.00443	0.00724	0.55433	0.00773
110	0.24507	0.01771	0.01841	0.10131	0.02368	0.03921	0.01292	0.30496	0.04280	0.06538	0.04662	0.01900	0.01435	0.00862	0.00680	0.00233	0.00764	0.00638	0.00624	0.01058
111	0.01092	0.00804	0.00971	0.00924	0.01122	0.00750	0.00689	0.01478	0.04711	0.02781	0.47463	0.05690	0.18620	0.04225	0.00980	0.00258	0.00387	0.01349	0.04997	0.00711
112	0.00941	0.00667	0.00875	0.01035	0.01075	0.00627	0.00681	0.01061	0.01420	0.01893	0.04014	0.66526	0.04806	0.08985	0.01238	0.00348	0.00468	0.02058	0.00681	0.00602
113	0.01506	0.03584	0.60887	0.05087	0.05382	0.01717	0.02661	0.02325	0.01582	0.02352	0.01398	0.01700	0.01020	0.00981	0.04372	0.00292	0.01157	0.00582	0.00327	0.01089
114	0.01521	0.03923	0.69413	0.02162	0.03283	0.01762	0.02802	0.02402	0.01601	0.02402	0.01361	0.01601	0.00961	0.00721	0.00721	0.00240	0.01121	0.00560	0.00320	0.01121
115	0.01074	0.00771	0.01049	0.01219	0.01335	0.00746	0.00961	0.01317	0.01609	0.02108	0.04210	0.38342	0.06715	0.02220	0.01006	0.00327	0.00569	0.33063	0.00701	0.00658
116	0.02648	0.01516	0.01769	0.01434	0.01952	0.01550	0.01160	0.17249	0.19922	0.31026	0.03197	0.02921	0.08052	0.01048	0.00777	0.00241	0.00651	0.00849	0.00833	0.01206
117	0.01236	0.00888	0.01133	0.01196	0.01340	0.00897	0.00902	0.08070	0.01736	0.02320	0.06811	0.36077	0.04181	0.08580	0.05516	0.00400	0.00665	0.16675	0.00675	0.00702
118	0.01790	0.02046	0.04476	0.03197	0.03964	0.01918	0.65857	0.02430	0.01790	0.02430	0.01535	0.02046	0.01151	0.00639	0.00895	0.00256	0.01279	0.00895	0.00384	0.01023
119	0.01095	0.00728	0.00855	0.00871	0.00881	0.00730	0.00511	0.01104	0.01135	0.01519	0.02495	0.11004	0.02869	0.61042	0.06342	0.03937	0.00759	0.01169	0.00474	0.00478
120	0.01693	0.01782	0.02878	0.07627	0.02808	0.05443	0.21271	0.02040	0.01436	0.02015	0.01282	0.01901	0.01118	0.01408	0.07409	0.00369	0.35544	0.00739	0.00357	0.00880
121	0.01515	0.01498	0.02645	0.39998	0.04100	0.01750	0.15798	0.01955	0.01515	0.02013	0.01650	0.02244	0.04422	0.00940	0.01135	0.02753	0.12085	0.00767	0.00365	0.00853
122	0.01557	0.01472	0.02133	0.39785	0.03661	0.04424	0.01786	0.01927	0.01435	0.01985	0.01338	0.01960	0.01095	0.00953	0.01286	0.00268	0.23610	0.00667	0.07830	0.00827
123	0.78701	0.01467	0.01115	0.00997	0.01467	0.01702	0.00821	0.02230	0.01291	0.03403	0.01056	0.01232	0.00821	0.00704	0.00469	0.00235	0.00587	0.00411	0.00469	0.00821
124	0.01618	0.01524	0.02469	0.03633	0.50656	0.01493	0.01867	0.01997	0.01718	0.02360	0.02966	0.05622	0.16806	0.01023	0.00792	0.00235	0.00766	0.00941	0.00463	0.01052
125	0.01044	0.00774	0.00972	0.00923	0.01115	0.00703	0.00692	0.01374	0.02076	0.02874	0.57993	0.05942	0.17480	0.01613	0.00895	0.00242	0.00362	0.01410	0.00813	0.00703
126	0.01642	0.20611	0.53786	0.01956	0.02964	0.02058	0.02443	0.02371	0.01587	0.02255	0.01288	0.01510	0.00964	0.00704	0.00665	0.00222	0.01047	0.00523	0.00321	0.01086
127	0.01441	0.01384	0.02393	0.58211	0.06801	0.01636	0.07779	0.01934	0.01563	0.02007	0.01817	0.02394	0.05806	0.00828	0.00780	0.00252	0.00987	0.00760	0.00369	0.00856
128	0.01322	0.00661	0.00976	0.00976	0.00983	0.00661	0.00653	0.01023	0.01015	0.01385	0.01369	0.02329	0.01346	0.02557	0.02856	0.74458	0.00645	0.00661	0.03779	0.00346
129	0.00978	0.00675	0.00863	0.01002	0.01070	0.00632	0.00676	0.01136	0.01488	0.02043	0.06263	0.59364	0.07379	0.04497	0.01017	0.00306	0.00437	0.01942	0.07609	0.00624
130	0.13595	0.07785	0.51731	0.01974	0.02948	0.01836	0.05295	0.02368	0.01558	0.02521	0.01303	0.01540	0.00949	0.00710	0.00675	0.00235	0.01026	0.00543	0.00347	0.01061
131	0.01594	0.13933	0.60039	0.02038	0.03091	0.01939	0.02587	0.02383	0.01593	0.02314	0.01317	0.01546	0.00963	0.00710	0.00687	0.00229	0.01077	0.00538	0.00321	0.01100
132	0.00974	0.00714	0.00923	0.01076	0.01153	0.00679	0.00742	0.01198	0.04003	0.02007	0.04322	0.63350	0.08349	0.02286	0.00961	0.00305	0.00456	0.05151	0.00706	0.00644
133	0.01318	0.00659	0.00988	0.00988	0.00988	0.00659	0.00659	0.00988	0.00988	0.01318	0.01318	0.02306	0.01318	0.02635	0.02964	0.77931	0.00659	0.00659	0.00329	0.00329
134	0.01674	0.01334	0.01511	0.01430	0.01761	0.01464	0.01145	0.10546	0.30965	0.02967	0.05880	0.11123	0.05944	0.01476	0.00870	0.00282	0.00621	0.17277	0.00744	0.00984
135	0.05701	0.00861	0.01163	0.03998	0.01312	0.00909	0.00797	0.06853	0.01255	0.01764	0.01349	0.02192	0.01275	0.02298	0.02541	0.63560	0.00685	0.00648	0.00375	0.00463
136	0.01207	0.00868	0.01201	0.01368	0.01546	0.00862	0.01193	0.01549	0.01745	0.02260	0.04185	0.08498	0.07307	0.02087	0.01041	0.00345	0.00684	0.60658	0.00699	0.00696
137	0.01121	0.00792	0.00995	0.01001	0.01172	0.00738	0.00728	0.01458	0.04600	0.04939	0.34947	0.26811	0.14204	0.01816	0.00908	0.00263	0.00408	0.01606	0.00778	0.00715
138	0.01826	0.01750	0.02986	0.12343	0.61324	0.01789	0.02302	0.02283	0.01703	0.02416	0.01418	0.01894	0.01180	0.00685	0.00752	0.00228	0.00914	0.00676	0.00371	0.01160
139	0.01096	0.00733	0.00829	0.00836	0.00837	0.00731	0.00469	0.01101	0.01116	0.01488	0.02456	0.07476	0.02841	0.70717	0.03754	0.00720	0.00724	0.01142	0.00469	0.00465
140	0.01791	0.01714	0.02923	0.17575	0.56364	0.01780	0.02285	0.02253	0.01686	0.02374	0.01412	0.01905	0.01165	0.00692	0.00752	0.00231	0.00922	0.00675	0.00368	0.01132
141	0.01933	0.60672	0.16268	0.01460	0.02198	0.02768	0.01581	0.02296	0.01553	0.01901	0.01112	0.01289	0.00971	0.00662	0.00531	0.00177	0.00869	0.00435	0.00324	0.01001
142	0.09039	0.01489	0.04418	0.01333	0.01852	0.04670	0.01119	0.03165	0.08435	0.41307	0.07933	0.02959	0.06855	0.01027	0.00753	0.00237	0.00652	0.00826	0.00806	0.01126
143	0.01169	0.00798	0.01035	0.00963	0.01164	0.00730	0.00727	0.01515	0.02127	0.05944	0.62264	0.05610	0.09986	0.01542	0.00889	0.00239	0.00372	0.01356	0.00833	0.00738
144	0.01070	0.00731	0.00847	0.00864	0.00895	0.00715	0.00517	0.01124	0.01261	0.01686	0.08409	0.13589	0.06157	0.55420	0.03125	0.00620	0.00652	0.01278	0.00532	0.00508
145	0.22224	0.01616	0.05290	0.01347	0.01869	0.01585	0.01145	0.12709	0.12656	0.22327	0.02193	0.02203	0.01571	0.03556	0.00790	0.00253	0.00668	0.00674	0.04236	0.01088
146	0.01195	0.00931	0.00995	0.00946	0.01200	0.00892	0.00698	0.01716	0.13047	0.04438	0.11273	0.05892	0.39931	0.11957	0.01296	0.00323	0.00478	0.01353	0.00700	0.00739
147	0.02753	0.01138	0.01531	0.01263	0.01725	0.00993	0.01015	0.03015	0.02010	0.51301	0.03548	0.14393	0.07129	0.01279	0.00815	0.00252	0.00596	0.03250	0.00876	0.01116
148	0.01018	0.00717	0.00930	0.01050	0.01115	0.00688	0.00730	0.01172	0.01475	0.01972	0.08726	0.43555	0.04603	0.17407	0.01591	0.00400	0.00535	0.11049	0.00661	0.00603
149	0.04400	0.03680	0.61625	0.02203	0.03271	0.01772	0.07837	0.02398	0.01605	0.02441	0.01364	0.01624	0.00971	0.00713	0.00725	0.00241	0.01114	0.00582	0.00331	0.01102
150	0.06099	0.01333	0.01561	0.01169	0.01781	0.01099	0.00938	0.02315	0.05125	0.13738	0.04775	0.01977	0.01573	0.00703	0.00617	0.00153	0.00570	0.00564	0.00567	0.53344
151	0.66860	0.01388	0.01157	0.04238	0.01604	0.01596	0.00869	0.02131	0.01393	0.03297	0.08238	0.01742	0.01506	0.00797	0.00528	0.00236	0.00582	0.00525	0.00502	0.00811
152	0.01945	0.01442	0.01609	0.01273	0.01768	0.01406	0.01017	0.24728	0.02264	0.03288	0.01949	0.07193	0.01644	0.01092	0.03604	0.00226	0.00676	0.00718	0.13874	0.28283
153	0.01210	0.00864	0.01039	0.00959	0.01189	0.00801	0.00724	0.04953	0.02078	0.05141	0.44132	0.05745	0.22364	0.04247	0.00993	0.00261	0.00415	0.01362	0.00787	0.00738
154	0.68092	0.01486	0.01250	0.03666	0.01675	0.01703	0.00916	0.05496	0.01459	0.06863	0.01207	0.01362	0.00907	0.00729	0.00510	0.00235	0.00618	0.00453	0.00504	0.00870
155	0.01558	0.01336	0.01594	0.04526	0.08080	0.01431	0.01150	0.02775	0.33637	0.02842	0.15978	0.03817	0.12209	0.01188	0.00801	0.00244	0.00567	0.01016	0.00704	0.04547
156	0.01817	0.01740	0.02969	0.13784	0.59958	0.01786	0.02298	0.02275	0.01698	0.02404	0.01416	0.01897	0.01175	0.00687	0.00752	0.00229	0.00916	0.00676	0.00370	0.01152
157	0.00946	0.00682	0.00897	0.01030	0.01103	0.00633	0.00701	0.01116	0.01571	0.02113	0.14291	0.59950	0.07693	0.02231	0.00954	0.00295	0.00425	0.02013	0.00725	0.00633
158	0.00924	0.00660	0.00880	0.01056	0.01100	0.00616	0.00704	0.01056	0.01452	0.01936	0.04181	0.72848	0.05017	0.02376	0.00968	0.00308	0.00440	0.02156	0.00704	0.00616
159	0.03103	0.01307	0.01723	0.01341	0.01884	0.01179	0.01100	0.08870	0.02290	0.56306	0.10033	0.02853	0.02405	0.01003	0.00777	0.00235	0.00630	0.00823	0.00912	0.01228
160	0.01009	0.00730	0.00943	0.01074	0.01159	0.00692	0.00743	0.03343	0.01585	0.02110	0.07610	0.61478	0.07888	0.02251	0.00957	0.00301	0.00456	0.04309	0.00713	0.00649
161	0.01877	0.01802	0.03079	0.04656	0.68612	0.01802	0.02328	0.02328	0.01727	0.02478	0.01427	0.01877	0.01201	0.00676	0.00751	0.00225	0.00901	0.00676	0.00375	0.01201
162	0.01096	0.00732	0.00829	0.00837	0.00839	0.00730	0.00470	0.01101	0.01118	0.01490	0.02465	0.07807	0.02852	0.70371	0.03740	0.00717	0.00723	0.01147	0.00470	0.00466
163	0.00971	0.00693	0.00933	0.01109	0.01174	0.00656	0.00785	0.01136	0.01498	0.01988	0.04155	0.62827	0.04915	0.02333	0.00981	0.00314	0.00480	0.11719	0.00703	0.00629
164	0.01521	0.03923	0.69413	0.02162	0.03283	0.01762	0.02802	0.02402	0.01601	0.02402	0.01361	0.01601	0.00961	0.00721	0.00721	0.00240	0.01121	0.00560	0.00320	0.01121
165	0.01717	0.01472	0.01677	0.05102	0.04827	0.01666	0.01240	0.03369	0.49082	0.02947	0.06788	0.03593	0.05677	0.01160	0.00806	0.00262	0.00619	0.06180	0.00727	0.01088
166	0.01172	0.00890	0.01231	0.01191	0.01278	0.01049	0.00893	0.01367	0.01200	0.01744	0.02017	0.03309	0.02005	0.21798	0.42549	0.00946	0.10000	0.00862	0.03857	0.00643
167	0.01000	0.00772	0.00911	0.00877	0.01088	0.00684	0.00658	0.01288	0.01973	0.02627	0.42955	0.06348	0.32672	0.01705	0.00895	0.00246	0.00369	0.01467	0.00780	0.00684
168	0.00924	0.00660	0.00880	0.01056	0.01100	0.00616	0.00704	0.01056	0.01452	0.01936	0.04181	0.72848	0.05017	0.02376	0.00968	0.00308	0.00440	0.02156	0.00704	0.00616
169	0.01000	0.00757	0.01032	0.01149	0.01198	0.00789	0.00806	0.01148	0.01406	0.01911	0.03714	0.60350	0.04389	0.02602	0.07635	0.00396	0.06527	0.01906	0.00645	0.00640
170	0.01103	0.00735	0.00827	0.00827	0.00827	0.00735	0.00460	0.01103	0.01103	0.01471	0.02390	0.04964	0.02758	0.73343	0.03861	0.00735	0.00735	0.01103	0.00460	0.00460
171	0.01887	0.01629	0.01715	0.01544	0.01972	0.01887	0.01201	0.04031	0.67241	0.03173	0.03087	0.02830	0.02315	0.01029	0.00772	0.00257	0.00600	0.00858	0.00772	0.01201
172	0.02290	0.04926	0.01999	0.01474	0.02042	0.01797	0.01206	0.34428	0.05319	0.06390	0.01882	0.05130	0.01502	0.01129	0.04351	0.00251	0.00787	0.00693	0.00644	0.21760
173	0.02118	0.66252	0.03796	0.01345	0.01989	0.02933	0.01313	0.08991	0.01754	0.02100	0.01135	0.01280	0.01007	0.00676	0.00515	0.00169	0.00814	0.00435	0.00370	0.01007
174	0.02431	0.09361	0.01988	0.01470	0.01955	0.10821	0.01189	0.08203	0.22974	0.20787	0.05242	0.02673	0.05599	0.00991	0.00738	0.00230	0.00734	0.00782	0.00717	0.01116

[dist]
# distance from previous block
# <min> <max>
10	14

[block]
# block no. 1 follows, 26 sequences, length 13
# corresponding to MSA columns:
# 225-237
name=unknown_B
#
# <colnr> <probs for GDERKNQSTAVLIFYWHMCP>
#	G	D	E	R	K	N	Q	S	T	A	V	L	I	F	Y	W	H	M	C	P
0	0.29764	0.01523	0.01925	0.31690	0.09179	0.01780	0.01581	0.09612	0.01694	0.02853	0.01304	0.01698	0.00992	0.00749	0.00653	0.00241	0.00826	0.00579	0.00438	0.00919
1	0.01637	0.06845	0.03044	0.24537	0.11197	0.01756	0.22788	0.02038	0.01550	0.02064	0.01381	0.01980	0.01117	0.00971	0.01134	0.10610	0.03387	0.00725	0.00355	0.00884
2	0.05300	0.01286	0.01552	0.01331	0.01753	0.01279	0.01075	0.10012	0.12325	0.24083	0.12732	0.07479	0.03072	0.01235	0.00809	0.00250	0.00606	0.08540	0.00794	0.04486
3	0.01099	0.00741	0.00852	0.00844	0.00868	0.00733	0.00494	0.01147	0.01244	0.01682	0.11246	0.05058	0.03350	0.63683	0.03462	0.00669	0.00685	0.01139	0.00510	0.00494
4	0.02833	0.03615	0.02149	0.01954	0.02345	0.70298	0.01466	0.03029	0.02149	0.01856	0.01172	0.01368	0.00977	0.00782	0.00684	0.00195	0.01368	0.00489	0.00391	0.00879
5	0.00968	0.00766	0.00870	0.00854	0.01071	0.00669	0.00637	0.01222	0.01882	0.02436	0.31399	0.09556	0.41389	0.01795	0.00899	0.00252	0.00376	0.01535	0.00756	0.00669
6	0.02733	0.02012	0.02169	0.01692	0.02256	0.02219	0.01385	0.61105	0.03404	0.04563	0.02002	0.07258	0.01575	0.01023	0.00775	0.00234	0.00804	0.00796	0.00755	0.01238
7	0.01326	0.00712	0.01088	0.06452	0.01316	0.00738	0.00771	0.01062	0.01029	0.01366	0.01320	0.02284	0.01294	0.02490	0.02794	0.71914	0.00686	0.00660	0.00330	0.00369
8	0.00945	0.00687	0.00892	0.01016	0.01099	0.00634	0.00695	0.01118	0.01585	0.02121	0.14608	0.56738	0.10643	0.02208	0.00951	0.00293	0.00422	0.01986	0.00725	0.00634
9	0.01875	0.01153	0.01404	0.01197	0.01534	0.01144	0.00934	0.12024	0.07762	0.16122	0.36914	0.04205	0.04625	0.04495	0.00970	0.00260	0.00524	0.01092	0.00821	0.00945
10	0.67739	0.11808	0.01524	0.01040	0.01535	0.01887	0.00890	0.02236	0.01327	0.03172	0.01056	0.01230	0.00843	0.00696	0.00472	0.00224	0.00619	0.00410	0.00449	0.00843
11	0.50247	0.01454	0.01385	0.04005	0.01703	0.01719	0.01011	0.07036	0.01527	0.03184	0.05192	0.01723	0.01330	0.00867	0.00804	0.00245	0.10209	0.00551	0.04961	0.00847
12	0.01619	0.01592	0.02214	0.01906	0.01906	0.02207	0.01572	0.01773	0.01157	0.01799	0.01098	0.01901	0.01124	0.06593	0.02589	0.00361	0.66748	0.00696	0.00341	0.00803

[dist]
# distance from previous block
# <min> <max>
0	2

[block]
# block no. 2 follows, 26 sequences, length 24
# corresponding to MSA columns:
# 240-263
name=unknown_C
#
# <colnr> <probs for GDERKNQSTAVLIFYWHMCP>
#	G	D	E	R	K	N	Q	S	T	A	V	L	I	F	Y	W	H	M	C	P
0	0.01699	0.01426	0.01639	0.01194	0.01852	0.01162	0.00958	0.07541	0.04336	0.02699	0.01458	0.01644	0.01185	0.00610	0.00587	0.00128	0.00587	0.00486	0.00489	0.68321
1	0.01374	0.00852	0.01032	0.00942	0.01206	0.00751	0.00716	0.01646	0.01954	0.12962	0.32925	0.05759	0.28767	0.04521	0.00996	0.00265	0.00428	0.01350	0.00788	0.00767
2	0.01103	0.00725	0.00927	0.01029	0.01149	0.00657	0.00713	0.01257	0.01552	0.06937	0.04684	0.56566	0.15475	0.02193	0.00941	0.00294	0.00446	0.01959	0.00722	0.00670
3	0.02255	0.57510	0.03527	0.01404	0.02008	0.13326	0.01310	0.02495	0.01682	0.06789	0.01217	0.01341	0.01041	0.00691	0.00538	0.00173	0.00885	0.00445	0.00380	0.00982
4	0.01787	0.01378	0.01612	0.01189	0.01810	0.01133	0.00954	0.08686	0.01867	0.07076	0.07019	0.02002	0.01687	0.00704	0.00623	0.00143	0.00579	0.00570	0.00545	0.58635
5	0.04568	0.01077	0.01391	0.01193	0.01551	0.01021	0.00955	0.06451	0.02132	0.26485	0.30076	0.04180	0.04167	0.01577	0.05495	0.00309	0.00632	0.04967	0.00818	0.00957
6	0.04125	0.01317	0.01574	0.01348	0.01762	0.01330	0.01085	0.15086	0.10390	0.22974	0.11483	0.09695	0.05613	0.01298	0.00825	0.00255	0.00616	0.07369	0.00804	0.01050
7	0.00931	0.00665	0.00886	0.01052	0.01102	0.00620	0.00705	0.01073	0.01483	0.01985	0.06987	0.69904	0.05111	0.02340	0.00965	0.00305	0.00436	0.02122	0.00710	0.00620
8	0.01512	0.01083	0.01352	0.01390	0.01661	0.01127	0.01168	0.02296	0.18139	0.06930	0.03953	0.06646	0.07827	0.01741	0.00950	0.00313	0.00650	0.39669	0.00733	0.00860
9	0.02820	0.02093	0.02241	0.01732	0.02328	0.02323	0.01426	0.62163	0.07588	0.04679	0.01901	0.01885	0.01355	0.00918	0.00760	0.00230	0.00820	0.00694	0.00760	0.01284
10	0.01706	0.29390	0.45564	0.01847	0.02796	0.02213	0.02254	0.02354	0.01579	0.02177	0.01249	0.01461	0.00965	0.00695	0.00635	0.00212	0.01008	0.00504	0.00322	0.01067
11	0.03248	0.01385	0.01799	0.01397	0.01973	0.01274	0.01148	0.08867	0.07110	0.58939	0.02903	0.02537	0.01862	0.00943	0.00763	0.00236	0.00658	0.00763	0.00912	0.01284
12	0.09181	0.06884	0.02291	0.02208	0.11327	0.49224	0.01525	0.02785	0.01954	0.02071	0.01185	0.01427	0.00995	0.00770	0.00721	0.00205	0.03425	0.00509	0.00390	0.00922
13	0.01640	0.01639	0.02125	0.50726	0.04272	0.11043	0.01875	0.02211	0.06496	0.02047	0.01684	0.02557	0.01393	0.00897	0.00774	0.00254	0.01003	0.06094	0.00408	0.00862
14	0.01812	0.01438	0.01573	0.01506	0.04103	0.05225	0.01135	0.02974	0.32857	0.09389	0.03371	0.03623	0.10154	0.01857	0.11040	0.00398	0.00849	0.04996	0.00687	0.01015
15	0.00993	0.00725	0.00898	0.00973	0.01081	0.00673	0.00679	0.01169	0.01589	0.02101	0.15830	0.34512	0.16347	0.13166	0.01397	0.00356	0.00478	0.05726	0.00689	0.00619
16	0.56438	0.07663	0.01417	0.01069	0.01518	0.01734	0.00892	0.06171	0.01470	0.03189	0.01270	0.01503	0.01018	0.01099	0.05751	0.00298	0.00715	0.00477	0.05461	0.00846
17	0.01057	0.00876	0.00957	0.00928	0.01182	0.00827	0.00704	0.01513	0.09543	0.02308	0.15806	0.06147	0.45461	0.02085	0.06885	0.00337	0.00548	0.01410	0.00706	0.00722
18	0.00949	0.00678	0.00908	0.01084	0.01139	0.00637	0.00747	0.01099	0.01476	0.01964	0.04167	0.67546	0.04963	0.02353	0.00975	0.00311	0.00461	0.07216	0.00704	0.00623
19	0.00988	0.00741	0.01069	0.01160	0.01253	0.00694	0.03698	0.01169	0.01534	0.02059	0.09096	0.61704	0.04982	0.02221	0.00962	0.00302	0.00482	0.04540	0.00700	0.00646
20	0.02121	0.57490	0.03599	0.01606	0.06212	0.11839	0.01382	0.02435	0.03843	0.01885	0.01162	0.01333	0.01033	0.00681	0.00539	0.00174	0.00884	0.00449	0.00352	0.00983
21	0.00998	0.00723	0.00910	0.01031	0.01121	0.00681	0.00729	0.01152	0.01483	0.01931	0.04377	0.41700	0.13859	0.13870	0.01443	0.00377	0.00522	0.11823	0.00663	0.00607
22	0.00928	0.00677	0.00874	0.01020	0.01093	0.00623	0.00691	0.01077	0.01514	0.01999	0.07486	0.62580	0.12069	0.02289	0.00957	0.00299	0.00430	0.02059	0.00710	0.00623
23	0.01766	0.01811	0.03477	0.16070	0.05789	0.01864	0.38093	0.07729	0.01851	0.02508	0.03729	0.03779	0.01415	0.00803	0.00960	0.00258	0.05830	0.00857	0.00426	0.00984

[dist]
# distance from previous block
# <min> <max>
0	1

[block]
# block no. 3 follows, 26 sequences, length 46
# corresponding to MSA columns:
# 266-311
name=unknown_D
#
# <colnr> <probs for GDERKNQSTAVLIFYWHMCP>
#	G	D	E	R	K	N	Q	S	T	A	V	L	I	F	Y	W	H	M	C	P
0	0.02976	0.01273	0.01675	0.01307	0.01852	0.01122	0.01061	0.03378	0.06025	0.54365	0.05824	0.02740	0.02115	0.03491	0.00862	0.00244	0.00626	0.00783	0.00868	0.07413
1	0.26494	0.01975	0.01826	0.01478	0.02003	0.07769	0.01205	0.37708	0.02640	0.04010	0.01560	0.01648	0.01149	0.00834	0.00651	0.00225	0.00778	0.00583	0.04383	0.01081
2	0.07881	0.01968	0.02162	0.12087	0.02679	0.05450	0.01490	0.42701	0.02851	0.07669	0.01697	0.01825	0.01222	0.00887	0.00810	0.00235	0.03928	0.00657	0.00650	0.01151
3	0.01010	0.00742	0.00956	0.01043	0.01158	0.00670	0.00710	0.01169	0.01486	0.02031	0.07663	0.57470	0.04614	0.06301	0.01092	0.00309	0.00465	0.01872	0.00672	0.08567
4	0.01584	0.01349	0.01615	0.04228	0.01934	0.01112	0.00986	0.04359	0.01628	0.02487	0.01517	0.05677	0.01343	0.00712	0.00663	0.00141	0.02867	0.00573	0.00467	0.64758
5	0.78701	0.01467	0.01115	0.00997	0.01467	0.01702	0.00821	0.02230	0.01291	0.03403	0.01056	0.01232	0.00821	0.00704	0.00469	0.00235	0.00587	0.00411	0.00469	0.00821
6	0.02194	0.01389	0.01562	0.01311	0.01720	0.01447	0.01037	0.24412	0.08626	0.13264	0.02606	0.13218	0.02188	0.01134	0.00736	0.00229	0.00608	0.00936	0.17459	0.03924
7	0.00977	0.00701	0.00943	0.01068	0.01148	0.00668	0.00750	0.01168	0.01575	0.02136	0.15094	0.53346	0.05160	0.02418	0.05162	0.00354	0.00537	0.05445	0.00708	0.00642
8	0.01959	0.01520	0.01638	0.01457	0.01887	0.01699	0.01138	0.03742	0.54804	0.09957	0.03474	0.03190	0.07960	0.01097	0.00782	0.00255	0.00586	0.00912	0.00783	0.01162
9	0.00913	0.00769	0.00792	0.00786	0.01035	0.00648	0.00590	0.01121	0.01769	0.02144	0.13470	0.07144	0.62458	0.01886	0.00896	0.00254	0.00382	0.01579	0.00717	0.00648
10	0.02736	0.01611	0.01867	0.01513	0.02048	0.01687	0.01224	0.18692	0.25829	0.30146	0.02747	0.02489	0.01894	0.00964	0.00765	0.00241	0.00674	0.00778	0.00836	0.01258
11	0.01181	0.00804	0.01017	0.00947	0.01162	0.00727	0.00716	0.01508	0.02079	0.06754	0.54401	0.05755	0.16936	0.01576	0.00887	0.00241	0.00379	0.01374	0.00820	0.00737
12	0.00997	0.00772	0.00907	0.00873	0.01086	0.00683	0.00655	0.01282	0.01965	0.02610	0.41881	0.06377	0.33757	0.01712	0.00895	0.00246	0.00369	0.01471	0.00778	0.00683
13	0.02844	0.03303	0.02176	0.01910	0.02346	0.56060	0.01461	0.16241	0.02446	0.02469	0.01308	0.01463	0.01043	0.00809	0.00700	0.00202	0.01256	0.00529	0.00468	0.00965
14	0.01816	0.01095	0.01137	0.00991	0.01286	0.01157	0.00780	0.19374	0.02131	0.03362	0.02296	0.02552	0.01765	0.00891	0.00593	0.00191	0.00485	0.00700	0.56531	0.00867
15	0.00924	0.00660	0.00880	0.01056	0.01100	0.00616	0.00704	0.01056	0.01452	0.01936	0.04181	0.72848	0.05017	0.02376	0.00968	0.00308	0.00440	0.02156	0.00704	0.00616
16	0.03403	0.01291	0.01760	0.01350	0.01936	0.01115	0.01115	0.03697	0.02171	0.69137	0.02992	0.02582	0.01878	0.00939	0.00763	0.00235	0.00645	0.00763	0.00939	0.01291
17	0.02550	0.01241	0.01584	0.01282	0.01738	0.01169	0.01033	0.09495	0.06250	0.38410	0.22672	0.03454	0.03446	0.01127	0.00803	0.00237	0.00575	0.00945	0.00879	0.01111
18	0.00936	0.00770	0.00823	0.00810	0.01049	0.00657	0.00608	0.01165	0.01823	0.02272	0.21264	0.06933	0.54585	0.01838	0.00896	0.00252	0.00378	0.01549	0.00734	0.00657
19	0.12279	0.01312	0.01684	0.01308	0.01881	0.01184	0.01080	0.03524	0.02067	0.61389	0.02764	0.02423	0.01753	0.00911	0.00728	0.00235	0.00639	0.00721	0.00883	0.01236
20	0.01458	0.01374	0.02321	0.67700	0.08846	0.01692	0.02119	0.01960	0.01529	0.01969	0.01353	0.02014	0.01022	0.00754	0.00758	0.00251	0.01005	0.00674	0.00339	0.00863
21	0.01793	0.01716	0.02926	0.17353	0.56575	0.01780	0.02286	0.02254	0.01687	0.02375	0.01412	0.01905	0.01165	0.00691	0.00752	0.00230	0.00922	0.00675	0.00368	0.01133
22	0.01432	0.01348	0.02275	0.71520	0.05224	0.01685	0.02107	0.01938	0.01517	0.01938	0.01348	0.02022	0.01011	0.00758	0.00758	0.00253	0.01011	0.00674	0.00337	0.00843
23	0.01615	0.01376	0.01606	0.01187	0.01810	0.01123	0.00948	0.04190	0.04460	0.02547	0.01511	0.03712	0.01290	0.00670	0.00647	0.00135	0.02715	0.00531	0.00478	0.67448
24	0.01124	0.00966	0.01492	0.01318	0.01557	0.00914	0.10446	0.01417	0.01772	0.02381	0.24751	0.24066	0.18577	0.01716	0.00978	0.00268	0.03312	0.01541	0.00683	0.00722
25	0.01669	0.01682	0.02252	0.01945	0.01967	0.04750	0.01611	0.01842	0.01201	0.01823	0.01063	0.01726	0.01048	0.01563	0.06401	0.00379	0.65251	0.00666	0.00338	0.00823
