[name]
unknown

[dist]
# distance from previous block
# <min> <max>
44	98

[block]
# block no. 0 follows, 29 sequences, length 33
# corresponding to MSA columns:
# 144-176
name=unknown_A
#
# <colnr> <probs for GDERKNQSTAVLIFYWHMCP>
#	G	D	E	R	K	N	Q	S	T	A	V	L	I	F	Y	W	H	M	C	P
0	0.04479	0.06478	0.01777	0.01295	0.01799	0.04026	0.02964	0.10804	0.15002	0.12525	0.01930	0.02023	0.01469	0.03222	0.00723	0.00199	0.00635	0.00611	0.05366	0.22673
1	0.05404	0.02166	0.15995	0.01627	0.02232	0.08482	0.05233	0.14722	0.14787	0.09153	0.01818	0.01936	0.01358	0.03243	0.00775	0.00226	0.00814	0.00630	0.00543	0.08859
2	0.02114	0.01962	0.17378	0.01804	0.06437	0.01504	0.06931	0.17633	0.02109	0.18653	0.08602	0.02246	0.01819	0.01030	0.03800	0.00257	0.00836	0.00711	0.00593	0.03582
3	0.05160	0.08816	0.09634	0.01419	0.01956	0.04430	0.01284	0.17826	0.03924	0.22989	0.04149	0.02310	0.06156	0.01047	0.03007	0.00246	0.03285	0.00693	0.00628	0.01042
4	0.02254	0.25205	0.11632	0.01657	0.02305	0.05107	0.08846	0.18337	0.02059	0.13739	0.01550	0.01626	0.01140	0.00726	0.00639	0.00199	0.00850	0.00571	0.00505	0.01053
5	0.01483	0.06353	0.02222	0.61041	0.04405	0.01712	0.01853	0.05972	0.04337	0.02020	0.01341	0.01867	0.01013	0.00724	0.00695	0.00230	0.00910	0.00623	0.00357	0.00839
6	0.01414	0.00958	0.03943	0.00998	0.01290	0.00797	0.00808	0.01766	0.04106	0.15324	0.34037	0.09567	0.19327	0.01429	0.00811	0.00232	0.00434	0.01231	0.00745	0.00782
7	0.01099	0.00766	0.00956	0.00910	0.01118	0.00679	0.00676	0.01363	0.01793	0.06165	0.38603	0.17621	0.17666	0.01572	0.00827	0.00231	0.00381	0.01376	0.00722	0.05474
8	0.01511	0.09890	0.07637	0.22186	0.05494	0.01743	0.25139	0.01972	0.01503	0.02006	0.01539	0.08837	0.01359	0.00835	0.00841	0.00237	0.05230	0.00806	0.00364	0.00871
9	0.01879	0.34485	0.30131	0.01611	0.02365	0.09971	0.01784	0.02342	0.01569	0.06147	0.01227	0.01379	0.00961	0.00666	0.00580	0.00189	0.00925	0.00467	0.00345	0.00977
10	0.00864	0.00635	0.00810	0.00951	0.01022	0.00582	0.00643	0.00996	0.01403	0.01834	0.04423	0.64265	0.14634	0.02166	0.00899	0.00282	0.00405	0.01945	0.00661	0.00582
11	0.00951	0.00740	0.01079	0.03699	0.01321	0.00703	0.04798	0.01128	0.01429	0.01901	0.08299	0.54714	0.08636	0.05785	0.01030	0.00298	0.00486	0.01766	0.00627	0.00610
12	0.02604	0.01161	0.01628	0.01540	0.09309	0.01037	0.01084	0.02862	0.01854	0.50277	0.02865	0.09778	0.04232	0.05276	0.00905	0.00254	0.00610	0.00880	0.00768	0.01075
13	0.01548	0.15280	0.49283	0.02052	0.02977	0.01870	0.12924	0.02239	0.01523	0.02163	0.01256	0.01511	0.00933	0.00653	0.00667	0.00216	0.01028	0.00553	0.00311	0.01015
14	0.01066	0.00738	0.00945	0.00898	0.01080	0.00672	0.00671	0.01367	0.01924	0.05402	0.55548	0.10495	0.13450	0.01529	0.00840	0.00230	0.00355	0.01343	0.00765	0.00679
15	0.01428	0.03683	0.71286	0.02030	0.03082	0.01654	0.02631	0.02255	0.01503	0.02255	0.01278	0.01503	0.00902	0.00677	0.00677	0.00226	0.01052	0.00526	0.00301	0.01052
16	0.01441	0.01353	0.02280	0.47115	0.24878	0.01548	0.01952	0.01876	0.01481	0.01976	0.01469	0.06785	0.01260	0.00791	0.00723	0.00233	0.00881	0.00728	0.00351	0.00880
17	0.01596	0.28941	0.47495	0.01744	0.02640	0.02064	0.02133	0.02212	0.01483	0.02051	0.01176	0.01376	0.00906	0.00653	0.00599	0.00200	0.00950	0.00475	0.00302	0.01004
18	0.01669	0.01596	0.02721	0.19785	0.55849	0.01667	0.02139	0.02103	0.01577	0.02213	0.01323	0.01793	0.01088	0.00652	0.00707	0.00217	0.00869	0.00634	0.00344	0.01053
19	0.03985	0.01599	0.03272	0.05462	0.05454	0.01528	0.46889	0.01986	0.01587	0.02197	0.01930	0.16919	0.01818	0.00946	0.00832	0.00249	0.00994	0.01055	0.00423	0.00874
20	0.01434	0.01370	0.02360	0.57883	0.16621	0.01611	0.04857	0.01905	0.01470	0.01930	0.01286	0.01875	0.00987	0.00693	0.00716	0.00233	0.00942	0.00642	0.00325	0.00859
21	0.01428	0.03683	0.71286	0.02030	0.03082	0.01654	0.02631	0.02255	0.01503	0.02255	0.01278	0.01503	0.00902	0.00677	0.00677	0.00226	0.01052	0.00526	0.00301	0.01052
22	0.01421	0.01343	0.02273	0.60695	0.16878	0.01602	0.02015	0.01886	0.01460	0.01912	0.01279	0.01874	0.00982	0.00698	0.00711	0.00233	0.00930	0.00633	0.00323	0.00852
23	0.01576	0.08215	0.60368	0.01959	0.02918	0.08465	0.02421	0.02303	0.01549	0.02169	0.01243	0.01459	0.00904	0.00678	0.00659	0.00217	0.01056	0.00510	0.00307	0.01022
24	0.01811	0.12984	0.37395	0.01922	0.02747	0.01714	0.12542	0.02411	0.01615	0.13300	0.01597	0.01894	0.01182	0.00733	0.00689	0.00220	0.00949	0.02846	0.00417	0.01030
25	0.01391	0.01313	0.02220	0.65587	0.12217	0.01594	0.02001	0.01860	0.01446	0.01876	0.01274	0.01883	0.00969	0.00703	0.00711	0.00234	0.00938	0.00633	0.00320	0.00829
26	0.01486	0.01416	0.02344	0.12505	0.33166	0.01441	0.08949	0.01992	0.06544	0.02201	0.02603	0.07381	0.12961	0.00963	0.00758	0.00230	0.00769	0.00904	0.00447	0.00940
27	0.01502	0.01426	0.02420	0.47303	0.29635	0.01623	0.02056	0.01957	0.01498	0.02010	0.01293	0.01847	0.01017	0.00683	0.00709	0.00228	0.00910	0.00633	0.00330	0.00918
28	0.02022	0.01322	0.02166	0.02298	0.20197	0.01251	0.10779	0.02413	0.03812	0.24551	0.02482	0.15182	0.02170	0.01082	0.00781	0.00240	0.00722	0.04915	0.00610	0.01006
29	0.80005	0.01377	0.01047	0.00936	0.01377	0.01597	0.00771	0.02093	0.01212	0.03195	0.00991	0.01157	0.00771	0.00661	0.00441	0.00220	0.00551	0.00386	0.00441	0.00771
30	0.00865	0.00631	0.00815	0.00961	0.01025	0.00581	0.00648	0.00995	0.01392	0.01830	0.04291	0.66972	0.12012	0.02183	0.00901	0.00284	0.00407	0.01966	0.00661	0.00581
31	0.06842	0.62280	0.03234	0.01175	0.01710	0.02489	0.01127	0.02003	0.01422	0.01789	0.01317	0.09318	0.01328	0.00793	0.00506	0.00172	0.00709	0.00564	0.00353	0.00867
32	0.01601	0.06339	0.01586	0.01298	0.01652	0.01576	0.01024	0.03059	0.47431	0.02772	0.12412	0.02948	0.02705	0.01291	0.05354	0.00288	0.00621	0.00837	0.04212	0.00994

[dist]
# distance from previous block
# <min> <max>
0	4

[block]
# block no. 1 follows, 29 sequences, length 24
# corresponding to MSA columns:
# 181-204
name=unknown_B
#
# <colnr> <probs for GDERKNQSTAVLIFYWHMCP>
#	G	D	E	R	K	N	Q	S	T	A	V	L	I	F	Y	W	H	M	C	P
0	0.02623	0.10754	0.09528	0.01602	0.02226	0.04938	0.10246	0.02989	0.01861	0.42701	0.02158	0.02047	0.01436	0.00782	0.00693	0.00213	0.00785	0.00659	0.00655	0.01106
1	0.01428	0.03683	0.71286	0.02030	0.03082	0.01654	0.02631	0.02255	0.01503	0.02255	0.01278	0.01503	0.00902	0.00677	0.00677	0.00226	0.01052	0.00526	0.00301	0.01052
2	0.01844	0.49961	0.18098	0.01429	0.02123	0.05289	0.01517	0.04981	0.01565	0.01957	0.01102	0.01268	0.00931	0.00635	0.00527	0.00170	0.00835	0.00429	0.00330	0.05011
3	0.01803	0.15224	0.41944	0.01882	0.02690	0.18421	0.04115	0.02374	0.01621	0.02041	0.01194	0.01406	0.00913	0.00677	0.00638	0.00204	0.01064	0.00496	0.00319	0.00974
4	0.01452	0.03517	0.64958	0.02121	0.03142	0.01668	0.08792	0.02257	0.01520	0.02257	0.01293	0.01543	0.00919	0.00669	0.00692	0.00227	0.01066	0.00556	0.00306	0.01044
5	0.01904	0.75404	0.03731	0.01218	0.01828	0.02818	0.01218	0.02132	0.01447	0.01675	0.00990	0.01142	0.00914	0.00609	0.00457	0.00152	0.00761	0.00381	0.00305	0.00914
6	0.01133	0.00835	0.01156	0.01123	0.01261	0.00949	0.00853	0.05729	0.01276	0.01803	0.01944	0.03002	0.01863	0.15434	0.57125	0.01014	0.01650	0.00795	0.00411	0.00644
7	0.01092	0.00780	0.01084	0.01248	0.01388	0.00772	0.01052	0.01380	0.01585	0.02069	0.03801	0.21123	0.04218	0.02019	0.00969	0.00320	0.00608	0.53194	0.00657	0.00640
8	0.72911	0.01387	0.01180	0.04283	0.04739	0.01601	0.00890	0.02085	0.01240	0.03094	0.01020	0.01218	0.00796	0.00662	0.00465	0.00221	0.00582	0.00408	0.00431	0.00789
9	0.00981	0.00727	0.00914	0.00867	0.01047	0.00660	0.00650	0.01291	0.01951	0.02703	0.59859	0.05570	0.17113	0.01513	0.00840	0.00227	0.00340	0.01323	0.00764	0.00660
10	0.41959	0.01892	0.13208	0.01353	0.01888	0.05445	0.04301	0.04972	0.07702	0.02852	0.01616	0.01948	0.03440	0.00803	0.00588	0.00228	0.00715	0.03754	0.00464	0.00870
11	0.05434	0.01279	0.01460	0.01071	0.01671	0.01021	0.00855	0.04506	0.01536	0.02436	0.01362	0.03992	0.01173	0.00606	0.00544	0.00122	0.00535	0.00484	0.00443	0.69471
12	0.00895	0.00631	0.00818	0.00956	0.00991	0.00597	0.00623	0.00999	0.01310	0.01746	0.03650	0.63082	0.04363	0.14133	0.01353	0.00355	0.00458	0.01863	0.00623	0.00554
13	0.00842	0.00721	0.00721	0.00721	0.00962	0.00601	0.00541	0.01022	0.01623	0.01924	0.07213	0.06853	0.70244	0.01803	0.00842	0.00240	0.00361	0.01503	0.00661	0.00601
14	0.01720	0.08404	0.54675	0.01891	0.02831	0.01655	0.04142	0.02420	0.01580	0.11991	0.01480	0.01620	0.01030	0.00699	0.00671	0.00220	0.00972	0.00552	0.00385	0.01063
15	0.01745	0.01675	0.02860	0.07168	0.67869	0.01687	0.02177	0.02170	0.01613	0.02306	0.01336	0.01768	0.01121	0.00638	0.00705	0.00213	0.00850	0.00634	0.00351	0.01114
16	0.00881	0.00636	0.00838	0.00995	0.01053	0.00593	0.00681	0.01020	0.01392	0.01841	0.04091	0.67276	0.08159	0.02194	0.00909	0.00289	0.00424	0.05484	0.00661	0.00584
17	0.01537	0.09180	0.50719	0.02256	0.10856	0.01768	0.05651	0.02317	0.05027	0.02254	0.01353	0.01584	0.01004	0.00677	0.00672	0.00219	0.00986	0.00557	0.00332	0.01049
18	0.05900	0.01654	0.02755	0.07634	0.63575	0.01681	0.02100	0.02162	0.01590	0.02347	0.01317	0.01737	0.01100	0.00640	0.00691	0.00213	0.00835	0.00621	0.00355	0.01092
19	0.01626	0.02298	0.26185	0.02833	0.23927	0.01573	0.16195	0.02174	0.01573	0.05252	0.01543	0.05734	0.01269	0.00808	0.00812	0.03143	0.00949	0.00721	0.00375	0.01010
20	0.02089	0.02454	0.05773	0.06558	0.36524	0.30147	0.01869	0.02437	0.01766	0.02063	0.01236	0.01563	0.01023	0.00680	0.00679	0.00202	0.01038	0.00558	0.00354	0.00986
21	0.01156	0.00943	0.04729	0.01163	0.01353	0.00798	0.03679	0.04584	0.01563	0.05839	0.07153	0.53929	0.06548	0.01882	0.00868	0.00271	0.00503	0.01698	0.00651	0.00691
22	0.01742	0.01663	0.02792	0.07633	0.64007	0.01690	0.02124	0.02244	0.04846	0.02332	0.01410	0.01812	0.01169	0.00654	0.00706	0.00214	0.00838	0.00643	0.00368	0.01111
23	0.04302	0.19572	0.26110	0.01523	0.02173	0.01802	0.01626	0.03687	0.05285	0.07226	0.08229	0.01923	0.01629	0.00807	0.00759	0.00208	0.06426	0.00596	0.00437	0.05682

[dist]
# distance from previous block
# <min> <max>
3	12

[block]
# block no. 2 follows, 29 sequences, length 10
# corresponding to MSA columns:
# 217-226
name=unknown_C
#
# <colnr> <probs for GDERKNQSTAVLIFYWHMCP>
#	G	D	E	R	K	N	Q	S	T	A	V	L	I	F	Y	W	H	M	C	P
0	0.01251	0.00944	0.01342	0.18095	0.02064	0.01066	0.01056	0.06968	0.01391	0.01865	0.02071	0.08415	0.04625	0.12484	0.22252	0.11104	0.01070	0.00868	0.00425	0.00644
1	0.01453	0.12147	0.57090	0.01825	0.02734	0.01713	0.02273	0.02137	0.01457	0.02110	0.01325	0.01727	0.01047	0.06975	0.00900	0.00256	0.00986	0.00552	0.00312	0.00983
2	0.01475	0.15433	0.54521	0.01806	0.02715	0.01772	0.02242	0.02164	0.01534	0.02205	0.06597	0.01740	0.01357	0.00726	0.00653	0.00213	0.00948	0.00561	0.00339	0.01000
3	0.01705	0.11255	0.01900	0.04207	0.01917	0.01406	0.01015	0.11391	0.01740	0.02525	0.01293	0.01483	0.01054	0.00593	0.00552	0.00133	0.00613	0.00457	0.00444	0.54317
4	0.02105	0.01696	0.01798	0.01517	0.01979	0.01927	0.01208	0.26773	0.45714	0.03518	0.02474	0.02318	0.01830	0.00926	0.00720	0.00232	0.00642	0.00747	0.00720	0.01157
5	0.01904	0.75404	0.03731	0.01218	0.01828	0.02818	0.01218	0.02132	0.01447	0.01675	0.00990	0.01142	0.00914	0.00609	0.00457	0.00152	0.00761	0.00381	0.00305	0.00914
6	0.02462	0.01811	0.01962	0.01552	0.02051	0.01991	0.01261	0.59204	0.03083	0.04132	0.02005	0.11416	0.01677	0.01038	0.00739	0.00224	0.00734	0.00826	0.00705	0.01127
7	0.01854	0.67888	0.10810	0.01303	0.01959	0.02696	0.01366	0.02145	0.01453	0.01736	0.01020	0.01180	0.00913	0.00616	0.00480	0.00160	0.00792	0.00396	0.00304	0.00928
8	0.02421	0.05075	0.05020	0.01597	0.02154	0.02118	0.01354	0.48976	0.17110	0.03955	0.01912	0.01877	0.01389	0.00860	0.00703	0.00217	0.00748	0.00660	0.00680	0.01174
9	0.01738	0.50447	0.27239	0.01501	0.02264	0.02413	0.01710	0.02175	0.01467	0.01877	0.01090	0.01268	0.00910	0.00633	0.00533	0.00178	0.00863	0.00431	0.00303	0.00962

[dist]
# distance from previous block
# <min> <max>
4	10

[block]
# block no. 3 follows, 29 sequences, length 25
# corresponding to MSA columns:
# 237-261
name=unknown_D
#
# <colnr> <probs for GDERKNQSTAVLIFYWHMCP>
#	G	D	E	R	K	N	Q	S	T	A	V	L	I	F	Y	W	H	M	C	P
0	0.01618	0.26797	0.41159	0.07740	0.02797	0.04415	0.02074	0.02198	0.01496	0.02013	0.01177	0.01412	0.00910	0.00660	0.00607	0.00201	0.00957	0.00486	0.00306	0.00978
1	0.02488	0.11563	0.19066	0.01488	0.02157	0.03909	0.01483	0.05072	0.05250	0.37211	0.02108	0.01981	0.01415	0.00794	0.00671	0.00212	0.00762	0.00619	0.00633	0.01117
2	0.01331	0.07558	0.09249	0.01168	0.01499	0.06625	0.01035	0.01646	0.01731	0.05382	0.23910	0.14232	0.13352	0.01416	0.00791	0.00235	0.00583	0.06894	0.00614	0.00748
3	0.01893	0.08611	0.02587	0.19140	0.16891	0.19385	0.09367	0.02440	0.08843	0.02067	0.01408	0.01733	0.01120	0.00706	0.00686	0.00212	0.00983	0.00609	0.00384	0.00935
4	0.01742	0.01671	0.02854	0.07727	0.67336	0.01687	0.02175	0.02168	0.01612	0.02302	0.01336	0.01769	0.01119	0.00638	0.00705	0.00213	0.00851	0.00634	0.00351	0.01111
5	0.05393	0.01324	0.02105	0.43374	0.15669	0.01579	0.01783	0.01859	0.02929	0.01946	0.01270	0.01846	0.01023	0.00897	0.01016	0.06875	0.07337	0.00623	0.00337	0.00816
6	0.01511	0.01705	0.15204	0.01394	0.01742	0.07441	0.05100	0.04911	0.01424	0.04114	0.01788	0.02678	0.03359	0.19147	0.05413	0.13597	0.04215	0.00737	0.03817	0.00704
7	0.01528	0.22749	0.30798	0.04922	0.02458	0.01819	0.05143	0.04851	0.01549	0.02097	0.01682	0.14069	0.01588	0.00932	0.00667	0.00217	0.00852	0.00771	0.00386	0.00922
8	0.01473	0.13828	0.07070	0.01386	0.01811	0.03606	0.10241	0.01874	0.03929	0.06690	0.20597	0.07624	0.13047	0.01169	0.00753	0.00222	0.00651	0.02639	0.00572	0.00819
9	0.01218	0.00733	0.00857	0.00833	0.00884	0.00715	0.00500	0.01249	0.01144	0.07595	0.02393	0.08572	0.02640	0.64110	0.03206	0.00625	0.00667	0.01065	0.00485	0.00509
10	0.01717	0.11981	0.36362	0.02236	0.06714	0.10943	0.15750	0.02317	0.01606	0.02127	0.01257	0.01531	0.00955	0.00658	0.00680	0.00213	0.01066	0.00570	0.00325	0.00991
11	0.01655	0.01582	0.02696	0.22084	0.53659	0.01664	0.02132	0.02091	0.01571	0.02196	0.01320	0.01797	0.01082	0.00654	0.00707	0.00218	0.00872	0.00634	0.00343	0.01041
12	0.01762	0.01692	0.02890	0.04371	0.70533	0.01692	0.02185	0.02185	0.01621	0.02326	0.01339	0.01762	0.01128	0.00634	0.00705	0.00211	0.00846	0.00634	0.00352	0.01128
13	0.01147	0.00900	0.01173	0.01256	0.06846	0.00985	0.00785	0.01245	0.01155	0.01580	0.02401	0.04009	0.08176	0.45306	0.09976	0.00606	0.10497	0.00961	0.00424	0.00572
14	0.01762	0.02054	0.15512	0.03498	0.44009	0.01669	0.09624	0.02346	0.04756	0.05685	0.01483	0.01806	0.01160	0.00666	0.00717	0.00219	0.00899	0.00650	0.00387	0.01099
15	0.01328	0.01228	0.02053	0.67223	0.04616	0.01518	0.01908	0.01790	0.01442	0.01845	0.01476	0.02413	0.01214	0.00817	0.00735	0.00245	0.00925	0.06099	0.00345	0.00780
16	0.01510	0.01487	0.02089	0.01805	0.01816	0.02066	0.01499	0.01674	0.01095	0.01708	0.01021	0.01668	0.01010	0.01610	0.08541	0.00386	0.67295	0.00636	0.00318	0.00766
17	0.04129	0.06971	0.34617	0.02586	0.17375	0.01761	0.13947	0.02318	0.05332	0.02312	0.01384	0.01665	0.01049	0.00666	0.00694	0.00222	0.00974	0.00608	0.00351	0.01039
18	0.01511	0.09830	0.55798	0.02169	0.06792	0.01772	0.07964	0.02242	0.01520	0.02209	0.01269	0.01521	0.00931	0.00662	0.00672	0.00219	0.01027	0.00546	0.00309	0.01036
19	0.00894	0.00639	0.00857	0.01022	0.01075	0.00601	0.00707	0.01037	0.01390	0.01847	0.03910	0.68195	0.04651	0.02206	0.00916	0.00293	0.00436	0.08078	0.00660	0.00586
20	0.00933	0.05455	0.01008	0.00990	0.01080	0.00724	0.00690	0.01067	0.01384	0.01815	0.03929	0.65791	0.08321	0.02101	0.00876	0.00277	0.00433	0.01887	0.00638	0.00601
21	0.01704	0.05802	0.02867	0.06986	0.42788	0.04008	0.10650	0.02109	0.01609	0.02228	0.05736	0.01955	0.01441	0.00734	0.00837	0.00221	0.06259	0.00683	0.00374	0.01012
22	0.02286	0.04690	0.08183	0.01804	0.03999	0.37913	0.01462	0.11753	0.09673	0.02316	0.01434	0.01606	0.01142	0.00989	0.03818	0.00246	0.04753	0.00553	0.00445	0.00933
23	0.01004	0.00684	0.00779	0.00797	0.00818	0.00672	0.00465	0.01030	0.01111	0.01465	0.02755	0.12726	0.07198	0.61997	0.03137	0.00616	0.00638	0.01178	0.00472	0.00459
24	0.01800	0.01311	0.01459	0.01297	0.01660	0.01436	0.01025	0.08806	0.37795	0.09216	0.12212	0.03271	0.02782	0.01070	0.00737	0.00234	0.00542	0.05031	0.07307	0.01009

[dist]
# distance from previous block
# <min> <max>
0	22

[block]
# block no. 4 follows, 29 sequences, length 42
# corresponding to MSA columns:
# 284-325
name=unknown_E
#
# <colnr> <probs for GDERKNQSTAVLIFYWHMCP>
#	G	D	E	R	K	N	Q	S	T	A	V	L	I	F	Y	W	H	M	C	P
0	0.01649	0.25089	0.21846	0.02068	0.12208	0.01935	0.08282	0.02116	0.01549	0.03762	0.06771	0.01841	0.01472	0.00881	0.03036	0.00235	0.03323	0.00604	0.00371	0.00962
1	0.02899	0.01547	0.01840	0.01416	0.01965	0.01553	0.01168	0.32431	0.02613	0.38894	0.02460	0.02248	0.03755	0.00900	0.00718	0.00218	0.00678	0.00708	0.00798	0.01191
2	0.08276	0.13413	0.46799	0.02124	0.11506	0.01819	0.02213	0.02215	0.01486	0.02263	0.01220	0.01456	0.00922	0.00660	0.00629	0.00213	0.00941	0.00508	0.00320	0.01018
3	0.01864	0.01724	0.01653	0.01489	0.01888	0.09116	0.01153	0.03686	0.62228	0.02850	0.02711	0.02513	0.02042	0.00942	0.00716	0.00235	0.00639	0.00769	0.00687	0.01096
4	0.00903	0.00661	0.00837	0.00946	0.01029	0.00605	0.00637	0.01036	0.01387	0.01841	0.05908	0.57371	0.11312	0.07926	0.01104	0.00308	0.00432	0.01814	0.00638	0.03306
5	0.01882	0.72101	0.06842	0.01256	0.01885	0.02764	0.01283	0.02138	0.01449	0.01702	0.01003	0.01159	0.00913	0.00612	0.00467	0.00156	0.00775	0.00387	0.00304	0.00920
6	0.01762	0.53987	0.23904	0.01461	0.02202	0.02470	0.01640	0.02169	0.01464	0.01848	0.01076	0.01250	0.00910	0.00629	0.00522	0.00174	0.00848	0.00424	0.00303	0.00955
7	0.09173	0.01363	0.01673	0.01308	0.01843	0.01312	0.01075	0.12976	0.06685	0.51154	0.02507	0.02232	0.01629	0.00865	0.00694	0.00221	0.00625	0.00684	0.00810	0.01171
8	0.01045	0.00740	0.00912	0.00909	0.00934	0.00789	0.00582	0.01105	0.01083	0.01478	0.02257	0.09785	0.02542	0.53895	0.14756	0.00715	0.04496	0.01049	0.00436	0.00495
9	0.01722	0.01767	0.06245	0.08150	0.63472	0.01684	0.02196	0.02168	0.01604	0.02294	0.01332	0.01757	0.01107	0.00641	0.00704	0.00214	0.00862	0.00629	0.00348	0.01105
10	0.01240	0.00620	0.00918	0.00918	0.00924	0.00620	0.00614	0.00954	0.00948	0.01289	0.01276	0.02182	0.01258	0.02414	0.02700	0.76399	0.00608	0.00620	0.03175	0.00322
11	0.01147	0.00820	0.01147	0.01311	0.01475	0.00820	0.01147	0.01475	0.01639	0.02131	0.03770	0.08032	0.04098	0.01967	0.00984	0.00328	0.00656	0.65741	0.00656	0.00656
12	0.02271	0.02716	0.06238	0.04608	0.07806	0.40006	0.03712	0.06805	0.14558	0.02237	0.01520	0.01661	0.01192	0.00768	0.00678	0.00205	0.01056	0.00571	0.00447	0.00946
13	0.01586	0.01511	0.02554	0.28336	0.45272	0.01617	0.02058	0.02019	0.01552	0.02136	0.01509	0.01979	0.03366	0.00700	0.00712	0.00221	0.00866	0.00663	0.00350	0.00993
14	0.00857	0.00702	0.00755	0.00784	0.00982	0.00601	0.00572	0.01035	0.01596	0.01959	0.10339	0.19898	0.53721	0.01866	0.00855	0.00249	0.00369	0.01591	0.00669	0.00601
15	0.01949	0.71097	0.03629	0.01255	0.01850	0.06962	0.01228	0.02175	0.01481	0.01679	0.00997	0.01151	0.00914	0.00617	0.00468	0.00154	0.00793	0.00385	0.00308	0.00909
16	0.01731	0.01660	0.02834	0.09545	0.65604	0.01684	0.02170	0.02158	0.01607	0.02288	0.01334	0.01773	0.01114	0.00640	0.00705	0.00213	0.00854	0.00634	0.00350	0.01103
17	0.01036	0.00690	0.00777	0.00777	0.00777	0.00690	0.00431	0.01036	0.01036	0.01381	0.02244	0.04660	0.02589	0.74975	0.03624	0.00690	0.00690	0.01036	0.00431	0.00431
18	0.01428	0.03683	0.71286	0.02030	0.03082	0.01654	0.02631	0.02255	0.01503	0.02255	0.01278	0.01503	0.00902	0.00677	0.00677	0.00226	0.01052	0.00526	0.00301	0.01052
19	0.01571	0.05428	0.33236	0.02439	0.03253	0.01799	0.32753	0.02228	0.01557	0.02210	0.01320	0.01687	0.00987	0.00675	0.00851	0.00235	0.05783	0.00672	0.00329	0.00987
20	0.01762	0.01692	0.02890	0.04371	0.70533	0.01692	0.02185	0.02185	0.01621	0.02326	0.01339	0.01762	0.01128	0.00634	0.00705	0.00211	0.00846	0.00634	0.00352	0.01128
21	0.01558	0.01558	0.02181	0.01869	0.01869	0.02181	0.01558	0.01714	0.01091	0.01714	0.00935	0.01558	0.00935	0.01246	0.02337	0.00312	0.73672	0.00623	0.00312	0.00779
22	0.01029	0.00694	0.00811	0.00840	0.00857	0.00690	0.00510	0.01067	0.01114	0.01482	0.02523	0.11467	0.02908	0.62325	0.03159	0.00624	0.00662	0.06306	0.00471	0.00463
23	0.01672	0.01515	0.02631	0.27386	0.24594	0.01600	0.12586	0.02112	0.01556	0.06712	0.01405	0.01850	0.01087	0.00693	0.00793	0.00223	0.04255	0.00658	0.00379	0.06292
24	0.00866	0.00626	0.00819	0.00973	0.01028	0.00580	0.00653	0.00994	0.01381	0.01825	0.04145	0.69984	0.09094	0.02202	0.00904	0.00286	0.00410	0.01989	0.00661	0.00580
25	0.01411	0.01264	0.02118	0.70686	0.04794	0.01563	0.01944	0.01878	0.01446	0.04297	0.01321	0.01917	0.00978	0.00718	0.00712	0.00237	0.00937	0.00636	0.00337	0.00806
26	0.01434	0.01257	0.01428	0.01100	0.01619	0.03316	0.00861	0.01713	0.01465	0.02210	0.01620	0.11685	0.01557	0.00797	0.00647	0.00141	0.03077	0.00654	0.00450	0.62968
27	0.01428	0.03683	0.71286	0.02030	0.03082	0.01654	0.02631	0.02255	0.01503	0.02255	0.01278	0.01503	0.00902	0.00677	0.00677	0.00226	0.01052	0.00526	0.00301	0.01052
28	0.01017	0.00763	0.01144	0.01144	0.01272	0.00890	0.00890	0.01272	0.01144	0.01653	0.01907	0.02797	0.01780	0.05340	0.72153	0.01144	0.01907	0.00763	0.00381	0.00636
29	0.01319	0.01198	0.01967	0.64803	0.04436	0.01472	0.01807	0.01769	0.01438	0.01880	0.01632	0.02195	0.04450	0.00774	0.00704	0.00233	0.00879	0.00678	0.05593	0.00773
30	0.01008	0.00728	0.00952	0.00896	0.01064	0.00672	0.00672	0.01344	0.02016	0.02855	0.70158	0.05319	0.06719	0.01456	0.00840	0.00224	0.00336	0.01288	0.00784	0.00672
31	0.00842	0.00721	0.00721	0.00721	0.00962	0.00601	0.00541	0.01022	0.01623	0.01924	0.07213	0.06853	0.70244	0.01803	0.00842	0.00240	0.00361	0.01503	0.00661	0.00601
32	0.80005	0.01377	0.01047	0.00936	0.01377	0.01597	0.00771	0.02093	0.01212	0.03195	0.00991	0.01157	0.00771	0.00661	0.00441	0.00220	0.00551	0.00386	0.00441	0.00771
33	0.01488	0.12771	0.62726	0.01927	0.02923	0.01801	0.02452	0.02239	0.01496	0.02182	0.01241	0.01458	0.00904	0.00668	0.00649	0.00216	0.01015	0.00508	0.00301	0.01035
34	0.00868	0.00620	0.00826	0.00991	0.01033	0.00578	0.00661	0.00991	0.01363	0.01818	0.03925	0.74510	0.04710	0.02231	0.00909	0.00289	0.00413	0.02024	0.00661	0.00578
35	0.01097	0.00802	0.01077	0.01209	0.01384	0.00782	0.01040	0.01402	0.01649	0.02122	0.06382	0.07768	0.14234	0.01926	0.00957	0.00311	0.00601	0.53950	0.00661	0.00648
36	0.02660	0.03394	0.02018	0.01834	0.02201	0.72116	0.01376	0.02843	0.02018	0.01743	0.01101	0.01284	0.00917	0.00734	0.00642	0.00183	0.01284	0.00459	0.00367	0.00825
37	0.01300	0.01206	0.02014	0.66565	0.04545	0.01489	0.01856	0.01743	0.01418	0.01819	0.01512	0.08629	0.01298	0.00853	0.00730	0.00242	0.00900	0.00762	0.00348	0.00771
38	0.00881	0.00625	0.00822	0.00974	0.01012	0.00587	0.00643	0.00995	0.01337	0.01783	0.03790	0.68921	0.04540	0.08052	0.01126	0.00321	0.00435	0.01945	0.00643	0.00567
39	0.01757	0.01712	0.02802	0.09803	0.63113	0.03919	0.02143	0.02177	0.01618	0.02267	0.01326	0.01758	0.01107	0.00644	0.00704	0.00213	0.00868	0.00629	0.00350	0.01091
40	0.01109	0.01490	0.19088	0.01180	0.01580	0.00922	0.01171	0.01564	0.01865	0.02658	0.49487	0.04405	0.08143	0.01271	0.00798	0.00225	0.00522	0.01101	0.00654	0.00767
41	0.02961	0.01322	0.01694	0.01310	0.01839	0.01233	0.01078	0.15096	0.02275	0.54405	0.07072	0.02486	0.01991	0.00915	0.00724	0.00219	0.00620	0.00740	0.00844	0.01176

[dist]
# distance from previous block
# <min> <max>
0	1

[block]
# block no. 5 follows, 29 sequences, length 39
# corresponding to MSA columns:
# 327-365
name=unknown_F
#
# <colnr> <probs for GDERKNQSTAVLIFYWHMCP>
#	G	D	E	R	K	N	Q	S	T	A	V	L	I	F	Y	W	H	M	C	P
0	0.01530	0.03352	0.59861	0.01943	0.02897	0.01694	0.02395	0.05633	0.09435	0.02447	0.01486	0.01647	0.01064	0.00719	0.00684	0.00227	0.00983	0.00564	0.00370	0.01069
1	0.71507	0.01436	0.01389	0.01160	0.01631	0.01619	0.08060	0.02114	0.01263	0.03096	0.01040	0.01240	0.00805	0.00654	0.00484	0.00222	0.00621	0.00435	0.00432	0.00792
2	0.01762	0.01692	0.02890	0.04371	0.70533	0.01692	0.02185	0.02185	0.01621	0.02326	0.01339	0.01762	0.01128	0.00634	0.00705	0.00211	0.00846	0.00634	0.00352	0.01128
3	0.01694	0.43737	0.33559	0.01577	0.02381	0.02304	0.01842	0.02186	0.01472	0.01931	0.01117	0.01302	0.00909	0.00639	0.00554	0.00185	0.00890	0.00445	0.00303	0.00975
4	0.01688	0.01616	0.02756	0.16668	0.58819	0.01672	0.02148	0.02120	0.01586	0.02236	0.01326	0.01787	0.01096	0.00648	0.00706	0.00216	0.00864	0.00634	0.00346	0.01068
5	0.01036	0.00690	0.00777	0.00777	0.00777	0.00690	0.00431	0.01036	0.01036	0.01381	0.02244	0.04660	0.02589	0.74975	0.03624	0.00690	0.00690	0.01036	0.00431	0.00431
6	0.00902	0.00693	0.00831	0.00898	0.01047	0.00622	0.00657	0.01098	0.01587	0.02043	0.15188	0.31804	0.30726	0.01923	0.00878	0.00263	0.00402	0.07148	0.00679	0.00608
7	0.00868	0.00620	0.00826	0.00991	0.01033	0.00578	0.00661	0.00991	0.01363	0.01818	0.03925	0.74510	0.04710	0.02231	0.00909	0.00289	0.00413	0.02024	0.00661	0.00578
8	0.01768	0.01880	0.04055	0.02902	0.03612	0.01757	0.64105	0.02349	0.01701	0.06229	0.01519	0.01950	0.01120	0.00616	0.00833	0.00239	0.01166	0.00833	0.00390	0.00975
9	0.01732	0.01968	0.03690	0.02719	0.03289	0.07096	0.51528	0.02225	0.01604	0.02143	0.01328	0.01811	0.01043	0.00722	0.01084	0.00248	0.13725	0.00774	0.00352	0.00919
10	0.01762	0.01692	0.02890	0.04371	0.70533	0.01692	0.02185	0.02185	0.01621	0.02326	0.01339	0.01762	0.01128	0.00634	0.00705	0.00211	0.00846	0.00634	0.00352	0.01128
11	0.00873	0.00643	0.00819	0.00944	0.01024	0.00588	0.00643	0.01020	0.01447	0.01905	0.08956	0.59490	0.14811	0.02113	0.00894	0.00277	0.00400	0.01895	0.00669	0.00588
12	0.02660	0.03394	0.02018	0.01834	0.02201	0.72116	0.01376	0.02843	0.02018	0.01743	0.01101	0.01284	0.00917	0.00734	0.00642	0.00183	0.01284	0.00459	0.00367	0.00825
13	0.01345	0.01266	0.02136	0.73264	0.04904	0.01582	0.01978	0.01819	0.01424	0.01819	0.01266	0.01898	0.00949	0.00712	0.00712	0.00237	0.00949	0.00633	0.00316	0.00791
14	0.03195	0.01212	0.01652	0.01267	0.01818	0.01047	0.01047	0.03470	0.02038	0.71026	0.02809	0.02424	0.01763	0.00881	0.00716	0.00220	0.00606	0.00716	0.00881	0.01212
15	0.01088	0.00787	0.01072	0.01215	0.01372	0.00771	0.01030	0.01382	0.01621	0.02106	0.06419	0.15056	0.09464	0.01965	0.00959	0.00313	0.00595	0.51479	0.00661	0.00644
16	0.01345	0.01266	0.02136	0.73264	0.04904	0.01582	0.01978	0.01819	0.01424	0.01819	0.01266	0.01898	0.00949	0.00712	0.00712	0.00237	0.00949	0.00633	0.00316	0.00791
17	0.00924	0.00665	0.00888	0.01047	0.01121	0.00629	0.00757	0.01093	0.01430	0.01887	0.04022	0.58134	0.07157	0.02160	0.00922	0.00295	0.00461	0.15153	0.00660	0.00595
18	0.00981	0.00723	0.00917	0.00876	0.01049	0.00659	0.00654	0.01289	0.01942	0.02698	0.59632	0.07946	0.14927	0.01528	0.00842	0.00228	0.00342	0.01342	0.00764	0.00659
19	0.01598	0.10670	0.33474	0.02448	0.06481	0.01842	0.28885	0.02249	0.01575	0.02206	0.01315	0.01646	0.00986	0.00636	0.00720	0.00223	0.01071	0.00643	0.00328	0.01004
20	0.01241	0.00643	0.00973	0.03664	0.01078	0.00655	0.00670	0.00961	0.00946	0.01259	0.01238	0.02154	0.01226	0.02407	0.02705	0.76293	0.00631	0.00619	0.00309	0.00327
21	0.01720	0.01649	0.02814	0.11368	0.63867	0.01681	0.02164	0.02148	0.01601	0.02275	0.01332	0.01776	0.01110	0.00642	0.00706	0.00214	0.00856	0.00634	0.00349	0.01094
22	0.01428	0.03683	0.71286	0.02030	0.03082	0.01654	0.02631	0.02255	0.01503	0.02255	0.01278	0.01503	0.00902	0.00677	0.00677	0.00226	0.01052	0.00526	0.00301	0.01052
23	0.03012	0.01208	0.01618	0.01260	0.01785	0.01071	0.01034	0.03390	0.05897	0.63975	0.05920	0.02571	0.02015	0.00913	0.00722	0.00222	0.00591	0.00748	0.00868	0.01182
24	0.01117	0.00901	0.01119	0.01108	0.01222	0.05004	0.00823	0.01314	0.01173	0.01601	0.01930	0.03098	0.01899	0.19604	0.53680	0.00994	0.01617	0.00802	0.00391	0.00604
25	0.01904	0.75404	0.03731	0.01218	0.01828	0.02818	0.01218	0.02132	0.01447	0.01675	0.00990	0.01142	0.00914	0.00609	0.00457	0.00152	0.00761	0.00381	0.00305	0.00914
26	0.01451	0.01239	0.01450	0.01052	0.01661	0.00934	0.00836	0.01760	0.01472	0.02300	0.01375	0.04484	0.01205	0.00597	0.00543	0.00113	0.00523	0.00488	0.00432	0.76085
27	0.02526	0.11109	0.02254	0.01913	0.06085	0.60553	0.01405	0.02728	0.01933	0.01769	0.01102	0.01296	0.00929	0.00715	0.00626	0.00182	0.01202	0.00460	0.00359	0.00852
28	0.02355	0.27376	0.02558	0.01589	0.02040	0.44515	0.01298	0.04718	0.01859	0.01816	0.01262	0.01413	0.02947	0.00727	0.00588	0.00176	0.01066	0.00469	0.00366	0.00861
29	0.01477	0.01266	0.01477	0.01055	0.01687	0.00949	0.00844	0.01793	0.01477	0.02320	0.01266	0.01477	0.01055	0.00527	0.00527	0.00105	0.00527	0.00422	0.00422	0.79328
30	0.02673	0.06091	0.16159	0.01442	0.02094	0.01347	0.01397	0.05280	0.05035	0.47464	0.02355	0.02146	0.01536	0.00826	0.00693	0.00218	0.00711	0.00659	0.00715	0.01158
31	0.02660	0.03394	0.02018	0.01834	0.02201	0.72116	0.01376	0.02843	0.02018	0.01743	0.01101	0.01284	0.00917	0.00734	0.00642	0.00183	0.01284	0.00459	0.00367	0.00825
32	0.01018	0.00760	0.01131	0.01131	0.01254	0.00883	0.00873	0.01263	0.01140	0.01643	0.01920	0.02865	0.01809	0.07867	0.69667	0.01128	0.01863	0.00773	0.00383	0.00628
33	0.80005	0.01377	0.01047	0.00936	0.01377	0.01597	0.00771	0.02093	0.01212	0.03195	0.00991	0.01157	0.00771	0.00661	0.00441	0.00220	0.00551	0.00386	0.00441	0.00771
34	0.01180	0.00765	0.00977	0.00921	0.01125	0.00695	0.00694	0.01461	0.01858	0.09210	0.44228	0.12020	0.16359	0.01672	0.03371	0.00265	0.00430	0.01321	0.00747	0.00702
35	0.00853	0.00720	0.00725	0.00725	0.00951	0.00606	0.00535	0.01023	0.01589	0.01892	0.06924	0.06725	0.66297	0.06072	0.01004	0.00267	0.00380	0.01476	0.00648	0.00591
36	0.01624	0.02175	0.14935	0.06084	0.03673	0.01767	0.54362	0.02255	0.01640	0.02255	0.01406	0.01852	0.01046	0.00618	0.00808	0.00238	0.01165	0.00780	0.00349	0.00967
37	0.01518	0.01599	0.04375	0.25622	0.02971	0.05296	0.04022	0.01817	0.01289	0.01791	0.01180	0.04065	0.01067	0.01035	0.01562	0.00275	0.38726	0.00669	0.00329	0.00794
38	0.01716	0.12063	0.37186	0.04811	0.04999	0.01713	0.11243	0.02322	0.01588	0.09882	0.01558	0.01959	0.01189	0.00743	0.00693	0.00223	0.00956	0.03748	0.00394	0.01013

[dist]
# distance from previous block
# <min> <max>
5	14

[block]
# block no. 6 follows, 29 sequences, length 12
# corresponding to MSA columns:
# 380-391
name=unknown_G
#
# <colnr> <probs for GDERKNQSTAVLIFYWHMCP>
#	G	D	E	R	K	N	Q	S	T	A	V	L	I	F	Y	W	H	M	C	P
0	0.37328	0.07810	0.34348	0.01472	0.02213	0.01712	0.01680	0.02172	0.01366	0.02642	0.01126	0.01319	0.00843	0.00665	0.00553	0.00218	0.00802	0.00452	0.00365	0.00914
1	0.01235	0.01136	0.09609	0.01139	0.01364	0.00861	0.03463	0.01445	0.01351	0.06771	0.06089	0.18976	0.03030	0.33499	0.02048	0.00449	0.00669	0.05693	0.00527	0.00643
2	0.01581	0.08537	0.61863	0.01921	0.02909	0.01694	0.02425	0.02328	0.01535	0.06850	0.01361	0.01540	0.00961	0.00686	0.00664	0.00220	0.01002	0.00529	0.00340	0.01053
3	0.01716	0.01953	0.10060	0.13455	0.44971	0.07638	0.02088	0.02165	0.01615	0.02188	0.01414	0.02001	0.01197	0.00720	0.00710	0.00220	0.00912	0.03598	0.00357	0.01025
4	0.05454	0.03405	0.61586	0.02063	0.03053	0.01664	0.08497	0.02249	0.01505	0.02305	0.01278	0.01524	0.00912	0.00669	0.00679	0.00227	0.01040	0.00548	0.00313	0.01030
5	0.01779	0.02203	0.13790	0.09341	0.40929	0.10420	0.06880	0.02254	0.01639	0.02197	0.01301	0.01684	0.01047	0.00658	0.00703	0.00214	0.00968	0.00610	0.00343	0.01038
6	0.03933	0.01768	0.11951	0.16008	0.09157	0.01498	0.25208	0.01958	0.01530	0.02155	0.01721	0.12552	0.01562	0.00875	0.00763	0.00235	0.00929	0.00880	0.00393	0.04923
7	0.01189	0.00951	0.01227	0.01414	0.07228	0.00964	0.01001	0.01751	0.13627	0.02212	0.06226	0.23833	0.13133	0.01704	0.00869	0.00276	0.00539	0.20456	0.00649	0.00752
8	0.07162	0.00965	0.01178	0.06399	0.07330	0.00952	0.00894	0.01604	0.06521	0.04944	0.15200	0.09644	0.31720	0.01416	0.00781	0.00236	0.00483	0.01202	0.00626	0.00744
9	0.01539	0.01771	0.11592	0.13729	0.08070	0.01490	0.28855	0.02053	0.01642	0.05667	0.06918	0.04210	0.07460	0.00846	0.00785	0.00235	0.00934	0.00862	0.00434	0.00910
10	0.50354	0.10442	0.05008	0.01053	0.01539	0.01598	0.00935	0.02127	0.01396	0.07780	0.07049	0.01635	0.01388	0.00733	0.00513	0.00207	0.00587	0.00495	0.00477	0.04685
11	0.36687	0.11479	0.01744	0.04867	0.01785	0.01551	0.05747	0.02123	0.01501	0.11215	0.08619	0.02208	0.06226	0.00836	0.00587	0.00215	0.00620	0.00638	0.00514	0.00839

[dist]
# distance from previous block
# <min> <max>
0	8

[block]
# block no. 7 follows, 29 sequences, length 124
# corresponding to MSA columns:
# 400-523
name=unknown_H
#
# <colnr> <probs for GDERKNQSTAVLIFYWHMCP>
#	G	D	E	R	K	N	Q	S	T	A	V	L	I	F	Y	W	H	M	C	P
0	0.05394	0.67532	0.07881	0.01257	0.01887	0.02689	0.01288	0.02138	0.01440	0.01780	0.01008	0.01166	0.00907	0.00616	0.00470	0.00160	0.00770	0.00390	0.00310	0.00916
1	0.01945	0.59233	0.10734	0.01362	0.02005	0.05374	0.01385	0.07299	0.01623	0.01958	0.01081	0.01230	0.00936	0.00640	0.00507	0.00166	0.00815	0.00420	0.00338	0.00948
2	0.01850	0.67253	0.11409	0.01311	0.01970	0.02685	0.01379	0.02146	0.01453	0.01741	0.01023	0.01183	0.00912	0.00617	0.00482	0.00161	0.00795	0.00397	0.00304	0.00930
3	0.01634	0.36489	0.38250	0.01624	0.02448	0.02159	0.01926	0.02172	0.01492	0.02007	0.03158	0.01449	0.01077	0.00668	0.00581	0.00192	0.00898	0.00482	0.00317	0.00978
4	0.03515	0.02982	0.54013	0.01766	0.02616	0.01442	0.02176	0.02027	0.01535	0.02254	0.04216	0.02704	0.08873	0.00924	0.00717	0.00235	0.00910	0.05756	0.00386	0.00953
5	0.01428	0.03683	0.71286	0.02030	0.03082	0.01654	0.02631	0.02255	0.01503	0.02255	0.01278	0.01503	0.00902	0.00677	0.00677	0.00226	0.01052	0.00526	0.00301	0.01052
6	0.01036	0.00690	0.00777	0.00777	0.00777	0.00690	0.00431	0.01036	0.01036	0.01381	0.02244	0.04660	0.02589	0.74975	0.03624	0.00690	0.00690	0.01036	0.00431	0.00431
7	0.01957	0.70300	0.03610	0.01262	0.01854	0.07729	0.01230	0.02183	0.01487	0.01680	0.00998	0.01152	0.00914	0.00618	0.00470	0.00155	0.00799	0.00386	0.00309	0.00908
8	0.01946	0.71579	0.03648	0.01240	0.01847	0.02786	0.01225	0.05573	0.01546	0.01822	0.01027	0.01172	0.00929	0.00622	0.00470	0.00155	0.00763	0.00394	0.00326	0.00929
9	0.01147	0.00820	0.01147	0.01311	0.01475	0.00820	0.01147	0.01475	0.01639	0.02131	0.03770	0.08032	0.04098	0.01967	0.00984	0.00328	0.00656	0.65741	0.00656	0.00656
10	0.01762	0.01692	0.02890	0.04371	0.70533	0.01692	0.02185	0.02185	0.01621	0.02326	0.01339	0.01762	0.01128	0.00634	0.00705	0.00211	0.00846	0.00634	0.00352	0.01128
11	0.01428	0.03683	0.71286	0.02030	0.03082	0.01654	0.02631	0.02255	0.01503	0.02255	0.01278	0.01503	0.00902	0.00677	0.00677	0.00226	0.01052	0.00526	0.00301	0.01052
12	0.01545	0.01462	0.02435	0.40138	0.33024	0.01638	0.02026	0.02071	0.04771	0.02093	0.01376	0.01876	0.01085	0.00691	0.00710	0.00226	0.00886	0.00642	0.00352	0.00952
13	0.01904	0.75404	0.03731	0.01218	0.01828	0.02818	0.01218	0.02132	0.01447	0.01675	0.00990	0.01142	0.00914	0.00609	0.00457	0.00152	0.00761	0.00381	0.00305	0.00914
14	0.02048	0.61652	0.03404	0.01336	0.01899	0.16051	0.01248	0.02268	0.01556	0.01688	0.01011	0.01169	0.00914	0.00633	0.00492	0.00158	0.00861	0.00396	0.00316	0.00897
15	0.00861	0.00725	0.00748	0.00752	0.00986	0.00613	0.00570	0.01054	0.01641	0.01974	0.09917	0.06829	0.64821	0.01794	0.00847	0.00243	0.00371	0.03980	0.00667	0.00606
16	0.00867	0.00624	0.00822	0.00981	0.01030	0.00579	0.00656	0.00993	0.01373	0.01822	0.04050	0.71938	0.07201	0.02215	0.00906	0.00287	0.00411	0.02004	0.00661	0.00579
17	0.00880	0.00633	0.00838	0.00996	0.01051	0.00591	0.00680	0.01016	0.01387	0.01837	0.04045	0.68695	0.07217	0.02202	0.00910	0.00289	0.00423	0.05068	0.00661	0.00583
18	0.01634	0.03300	0.60803	0.01916	0.02882	0.01556	0.02396	0.02380	0.01572	0.10588	0.01536	0.01805	0.01099	0.00739	0.00690	0.00228	0.00987	0.02448	0.00381	0.01060
19	0.01750	0.01680	0.02869	0.06353	0.68645	0.01689	0.02179	0.02175	0.01616	0.02312	0.01337	0.01766	0.01123	0.00637	0.00705	0.00212	0.00849	0.00634	0.00351	0.01118
20	0.00867	0.00624	0.00822	0.00981	0.01030	0.00579	0.00656	0.00993	0.01373	0.01822	0.04052	0.71892	0.07246	0.02214	0.00906	0.00287	0.00411	0.02004	0.00661	0.00579
21	0.02446	0.03444	0.14024	0.01868	0.02354	0.59904	0.01593	0.02741	0.01929	0.01832	0.01131	0.01322	0.00915	0.00724	0.00648	0.00191	0.01244	0.00470	0.00355	0.00865
22	0.02956	0.01268	0.04284	0.01262	0.01794	0.01041	0.01067	0.03241	0.01968	0.62931	0.04781	0.02584	0.01921	0.04454	0.00858	0.00243	0.00619	0.00742	0.00834	0.01152
23	0.00842	0.00721	0.00721	0.00721	0.00962	0.00601	0.00541	0.01022	0.01623	0.01924	0.07213	0.06853	0.70244	0.01803	0.00842	0.00240	0.00361	0.01503	0.00661	0.00601
24	0.01904	0.75404	0.03731	0.01218	0.01828	0.02818	0.01218	0.02132	0.01447	0.01675	0.00990	0.01142	0.00914	0.00609	0.00457	0.00152	0.00761	0.00381	0.00305	0.00914
25	0.01626	0.01553	0.02644	0.26880	0.49091	0.01656	0.02117	0.02066	0.01557	0.02161	0.01315	0.01807	0.01070	0.00660	0.00707	0.00220	0.00880	0.00634	0.00341	0.01018
26	0.01753	0.01837	0.06360	0.03920	0.58392	0.04437	0.04021	0.02233	0.03652	0.02307	0.01540	0.01903	0.03059	0.00682	0.00709	0.00214	0.00862	0.00657	0.00370	0.01093
27	0.00868	0.00620	0.00826	0.00991	0.01033	0.00578	0.00661	0.00991	0.01363	0.01818	0.03925	0.74510	0.04710	0.02231	0.00909	0.00289	0.00413	0.02024	0.00661	0.00578
28	0.01428	0.03683	0.71286	0.02030	0.03082	0.01654	0.02631	0.02255	0.01503	0.02255	0.01278	0.01503	0.00902	0.00677	0.00677	0.00226	0.01052	0.00526	0.00301	0.01052
29	0.01467	0.03144	0.54474	0.01990	0.02899	0.01609	0.08321	0.04603	0.04252	0.02337	0.01705	0.04614	0.03821	0.00791	0.00710	0.00230	0.00985	0.00666	0.00366	0.01017
30	0.01762	0.01692	0.02890	0.04371	0.70533	0.01692	0.02185	0.02185	0.01621	0.02326	0.01339	0.01762	0.01128	0.00634	0.00705	0.00211	0.00846	0.00634	0.00352	0.01128
31	0.00868	0.00620	0.00826	0.00991	0.01033	0.00578	0.00661	0.00991	0.01363	0.01818	0.03925	0.74510	0.04710	0.02231	0.00909	0.00289	0.00413	0.02024	0.00661	0.00578
32	0.07047	0.01383	0.01712	0.01328	0.01871	0.01327	0.01094	0.15826	0.04909	0.52026	0.02507	0.02230	0.01621	0.00868	0.00701	0.00220	0.00635	0.00688	0.00820	0.01185
33	0.01561	0.09632	0.56865	0.02014	0.02979	0.01743	0.08115	0.02295	0.01535	0.04932	0.01328	0.01545	0.00953	0.00672	0.00673	0.00220	0.01022	0.00548	0.00329	0.01039
34	0.00868	0.00620	0.00826	0.00991	0.01033	0.00578	0.00661	0.00991	0.01363	0.01818	0.03925	0.74510	0.04710	0.02231	0.00909	0.00289	0.00413	0.02024	0.00661	0.00578
35	0.01846	0.66710	0.11920	0.01317	0.01980	0.02676	0.01390	0.02147	0.01454	0.01746	0.01025	0.01186	0.00912	0.00617	0.00484	0.00161	0.00797	0.00398	0.00304	0.00931
36	0.01457	0.01410	0.01988	0.01734	0.01758	0.01940	0.01433	0.01631	0.01101	0.01702	0.01116	0.01789	0.01092	0.02010	0.15357	0.00467	0.60288	0.00649	0.00325	0.00752
37	0.01771	0.01530	0.01610	0.01449	0.01852	0.01771	0.01127	0.03784	0.69247	0.02979	0.02898	0.02657	0.02174	0.00966	0.00725	0.00242	0.00564	0.00805	0.00725	0.01127
38	0.01036	0.00690	0.00777	0.00777	0.00777	0.00690	0.00431	0.01036	0.01036	0.01381	0.02244	0.04660	0.02589	0.74975	0.03624	0.00690	0.00690	0.01036	0.00431	0.00431
39	0.80005	0.01377	0.01047	0.00936	0.01377	0.01597	0.00771	0.02093	0.01212	0.03195	0.00991	0.01157	0.00771	0.00661	0.00441	0.00220	0.00551	0.00386	0.00441	0.00771
40	0.01677	0.01605	0.02736	0.18475	0.57097	0.01669	0.02143	0.02110	0.01581	0.02223	0.01324	0.01790	0.01091	0.00650	0.00706	0.00217	0.00867	0.00634	0.00345	0.01059
41	0.01719	0.01648	0.02812	0.11518	0.63724	0.01680	0.02164	0.02147	0.01601	0.02274	0.01332	0.01776	0.01109	0.00642	0.00706	0.00214	0.00857	0.00634	0.00349	0.01093
42	0.80005	0.01377	0.01047	0.00936	0.01377	0.01597	0.00771	0.02093	0.01212	0.03195	0.00991	0.01157	0.00771	0.00661	0.00441	0.00220	0.00551	0.00386	0.00441	0.00771
43	0.01762	0.01692	0.02890	0.04371	0.70533	0.01692	0.02185	0.02185	0.01621	0.02326	0.01339	0.01762	0.01128	0.00634	0.00705	0.00211	0.00846	0.00634	0.00352	0.01128
44	0.01354	0.00869	0.01243	0.14890	0.01921	0.00875	0.00994	0.01627	0.01641	0.12521	0.17926	0.29358	0.05778	0.01540	0.00828	0.00255	0.00538	0.04447	0.00655	0.00740
45	0.00868	0.00620	0.00826	0.00991	0.01033	0.00578	0.00661	0.00991	0.01363	0.01818	0.03925	0.74510	0.04710	0.02231	0.00909	0.00289	0.00413	0.02024	0.00661	0.00578
46	0.01428	0.03683	0.71286	0.02030	0.03082	0.01654	0.02631	0.02255	0.01503	0.02255	0.01278	0.01503	0.00902	0.00677	0.00677	0.00226	0.01052	0.00526	0.00301	0.01052
47	0.01441	0.03591	0.67790	0.02080	0.03115	0.01661	0.06034	0.02256	0.01513	0.02256	0.01286	0.01525	0.00911	0.00673	0.00685	0.00226	0.01060	0.00543	0.00304	0.01048
