[name]
unknown

[dist]
# distance from previous block
# <min> <max>
0	147

[block]
# block no. 0 follows, 28 sequences, length 86
# corresponding to MSA columns:
# 147-232
name=unknown_A
#
# <colnr> <probs for GDERKNQSTAVLIFYWHMCP>
#	G	D	E	R	K	N	Q	S	T	A	V	L	I	F	Y	W	H	M	C	P
0	0.01000	0.00737	0.00938	0.00998	0.01145	0.00687	0.00762	0.01246	0.01696	0.02254	0.24446	0.21715	0.17467	0.05174	0.01038	0.00294	0.00459	0.16608	0.00701	0.00636
1	0.02411	0.17623	0.05514	0.02000	0.09646	0.34001	0.01514	0.14588	0.02124	0.02371	0.01250	0.01425	0.01014	0.00732	0.00639	0.00191	0.01048	0.00509	0.00422	0.00978
2	0.01014	0.00740	0.00867	0.00894	0.01006	0.00688	0.00609	0.01136	0.01361	0.01779	0.05862	0.18761	0.17388	0.32366	0.02064	0.00450	0.00557	0.07628	0.00568	0.04262
3	0.05170	0.01537	0.02272	0.48185	0.17024	0.05173	0.01932	0.06224	0.01639	0.02192	0.01315	0.01833	0.01011	0.00720	0.00709	0.00232	0.00936	0.00626	0.00364	0.00902
4	0.02516	0.01847	0.02070	0.01761	0.06465	0.02024	0.01341	0.51096	0.08128	0.06170	0.01860	0.01999	0.01390	0.04271	0.00933	0.02833	0.00771	0.00687	0.00683	0.01158
5	0.00888	0.00657	0.00831	0.00958	0.01043	0.00599	0.00654	0.01036	0.01473	0.01929	0.07977	0.58609	0.16367	0.02159	0.00912	0.00283	0.00408	0.01934	0.00681	0.00599
6	0.00904	0.00655	0.00833	0.00958	0.01024	0.00607	0.00641	0.01035	0.01420	0.01874	0.07066	0.57482	0.11844	0.08603	0.01163	0.00323	0.00438	0.01886	0.00659	0.00584
7	0.00927	0.00699	0.00843	0.00884	0.01033	0.00626	0.00632	0.01117	0.01650	0.02157	0.22627	0.29010	0.28619	0.01917	0.00951	0.02986	0.00389	0.01624	0.00696	0.00615
8	0.01134	0.00792	0.00896	0.00877	0.00953	0.00788	0.00553	0.05598	0.01358	0.01796	0.05858	0.12631	0.09503	0.51024	0.02783	0.00560	0.00631	0.01201	0.00525	0.00539
9	0.02763	0.02036	0.02182	0.01672	0.02254	0.02254	0.01382	0.67496	0.03418	0.04581	0.01745	0.01745	0.01236	0.00873	0.00727	0.00218	0.00800	0.00654	0.00727	0.01236
10	0.02836	0.01185	0.01586	0.01290	0.01783	0.01061	0.01069	0.03212	0.05443	0.55829	0.03149	0.03379	0.04378	0.01079	0.00771	0.00241	0.00615	0.09102	0.00854	0.01138
11	0.00935	0.00711	0.00789	0.00811	0.00945	0.00643	0.00549	0.01068	0.01466	0.01854	0.10075	0.17016	0.34377	0.23541	0.01717	0.00389	0.00475	0.01461	0.00615	0.00564
12	0.00955	0.00662	0.00823	0.00923	0.00948	0.00637	0.00579	0.01030	0.01255	0.01674	0.03308	0.45801	0.03926	0.31658	0.02056	0.00462	0.00537	0.01656	0.00579	0.00529
13	0.01373	0.01292	0.02180	0.72707	0.05006	0.01615	0.02019	0.01857	0.01453	0.01857	0.01292	0.01938	0.00969	0.00727	0.00727	0.00242	0.00969	0.00646	0.00323	0.00807
14	0.01003	0.00730	0.00933	0.00904	0.01061	0.00672	0.00663	0.01298	0.01918	0.02672	0.55392	0.11993	0.11419	0.04908	0.00993	0.00258	0.00369	0.01391	0.00762	0.00660
15	0.08656	0.00778	0.00835	0.00831	0.00946	0.00766	0.00545	0.01195	0.01340	0.01917	0.11523	0.10613	0.15988	0.38470	0.02262	0.00478	0.00559	0.01198	0.00550	0.00550
16	0.00886	0.00633	0.00843	0.01012	0.01054	0.00590	0.00675	0.01012	0.01392	0.01856	0.04006	0.73979	0.04808	0.02277	0.00928	0.00295	0.00422	0.02066	0.00675	0.00590
17	0.00859	0.00736	0.00736	0.00736	0.00982	0.00614	0.00552	0.01043	0.01657	0.01964	0.07364	0.06996	0.69624	0.01841	0.00859	0.00245	0.00368	0.01534	0.00675	0.00614
18	0.00950	0.00722	0.00874	0.00875	0.01047	0.00646	0.00641	0.01204	0.01813	0.02426	0.38217	0.17920	0.26546	0.01738	0.00870	0.00246	0.00365	0.01516	0.00738	0.00646
19	0.01039	0.00775	0.01150	0.01150	0.01274	0.00899	0.00886	0.01287	0.01163	0.01674	0.01963	0.02946	0.01856	0.08728	0.68350	0.01146	0.01888	0.00792	0.00392	0.00639
20	0.79588	0.01406	0.01068	0.00956	0.01406	0.01631	0.00787	0.02137	0.01237	0.03261	0.01012	0.01181	0.00787	0.00675	0.00450	0.00225	0.00562	0.00394	0.00450	0.00787
21	0.01483	0.07426	0.67240	0.02029	0.03080	0.01749	0.02611	0.02296	0.01532	0.02272	0.01289	0.01516	0.00921	0.00687	0.00679	0.00226	0.01059	0.00529	0.00307	0.01067
22	0.01263	0.00631	0.00947	0.00947	0.00947	0.00631	0.00631	0.00947	0.00947	0.01263	0.01263	0.02210	0.01263	0.02525	0.02841	0.78851	0.00631	0.00631	0.00316	0.00316
23	0.01716	0.01961	0.04289	0.03064	0.03799	0.01838	0.67279	0.02328	0.01716	0.02328	0.01471	0.01961	0.01103	0.00613	0.00858	0.00245	0.01225	0.00858	0.00368	0.00980
24	0.01943	0.74891	0.03809	0.01244	0.01866	0.02876	0.01244	0.02177	0.01477	0.01710	0.01011	0.01166	0.00933	0.00622	0.00466	0.00155	0.00777	0.00389	0.00311	0.00933
25	0.02542	0.01492	0.01871	0.05998	0.07048	0.01545	0.01282	0.13154	0.21538	0.31729	0.02519	0.02351	0.01738	0.00892	0.00732	0.00231	0.00673	0.00735	0.00753	0.01179
26	0.01685	0.01748	0.02212	0.01905	0.01937	0.08043	0.01575	0.01846	0.01193	0.01752	0.00968	0.01567	0.00953	0.01228	0.02240	0.00307	0.67097	0.00622	0.00323	0.00799
27	0.01171	0.00837	0.01171	0.01339	0.01506	0.00837	0.01171	0.01506	0.01673	0.02175	0.03849	0.08199	0.04183	0.02008	0.01004	0.00335	0.00669	0.65027	0.00669	0.00669
28	0.01458	0.03760	0.70688	0.02072	0.03146	0.01688	0.02686	0.02302	0.01535	0.02302	0.01304	0.01535	0.00921	0.00691	0.00691	0.00230	0.01074	0.00537	0.00307	0.01074
29	0.01029	0.00743	0.00972	0.00914	0.01086	0.00686	0.00686	0.01372	0.02058	0.02915	0.69536	0.05430	0.06859	0.01486	0.00857	0.00229	0.00343	0.01315	0.00800	0.00686
30	0.01373	0.01292	0.02180	0.72707	0.05006	0.01615	0.02019	0.01857	0.01453	0.01857	0.01292	0.01938	0.00969	0.00727	0.00727	0.00242	0.00969	0.00646	0.00323	0.00807
31	0.01038	0.00779	0.01168	0.01168	0.01298	0.00909	0.00909	0.01298	0.01168	0.01687	0.01947	0.02856	0.01817	0.05452	0.71573	0.01168	0.01947	0.00779	0.00389	0.00649
32	0.01808	0.01561	0.01644	0.01479	0.01890	0.01808	0.01151	0.03863	0.68606	0.03041	0.02959	0.02712	0.02219	0.00986	0.00740	0.00247	0.00575	0.00822	0.00740	0.01151
33	0.01943	0.74891	0.03809	0.01244	0.01866	0.02876	0.01244	0.02177	0.01477	0.01710	0.01011	0.01166	0.00933	0.00622	0.00466	0.00155	0.00777	0.00389	0.00311	0.00933
34	0.01009	0.00742	0.00944	0.00894	0.01074	0.00677	0.00670	0.01334	0.02011	0.02804	0.62302	0.05612	0.14161	0.01527	0.00858	0.00231	0.00346	0.01340	0.00786	0.00677
35	0.01943	0.74891	0.03809	0.01244	0.01866	0.02876	0.01244	0.02177	0.01477	0.01710	0.01011	0.01166	0.00933	0.00622	0.00466	0.00155	0.00777	0.00389	0.00311	0.00933
36	0.01038	0.00779	0.01168	0.01168	0.01298	0.00909	0.00909	0.01298	0.01168	0.01687	0.01947	0.02856	0.01817	0.05452	0.71573	0.01168	0.01947	0.00779	0.00389	0.00649
37	0.00981	0.00738	0.00941	0.04667	0.01267	0.00719	0.00738	0.01208	0.03746	0.01942	0.08417	0.42879	0.13454	0.10567	0.01228	0.00330	0.00487	0.04437	0.00639	0.00616
38	0.01029	0.00743	0.00972	0.00914	0.01086	0.00686	0.00686	0.01372	0.02058	0.02915	0.69536	0.05430	0.06859	0.01486	0.00857	0.00229	0.00343	0.01315	0.00800	0.00686
39	0.01057	0.00705	0.00793	0.00793	0.00793	0.00705	0.00440	0.01057	0.01057	0.01409	0.02290	0.04757	0.02643	0.74454	0.03700	0.00705	0.00705	0.01057	0.00440	0.00440
40	0.02763	0.02036	0.02182	0.01672	0.02254	0.02254	0.01382	0.67496	0.03418	0.04581	0.01745	0.01745	0.01236	0.00873	0.00727	0.00218	0.00800	0.00654	0.00727	0.01236
41	0.01943	0.74891	0.03809	0.01244	0.01866	0.02876	0.01244	0.02177	0.01477	0.01710	0.01011	0.01166	0.00933	0.00622	0.00466	0.00155	0.00777	0.00389	0.00311	0.00933
42	0.03261	0.01237	0.01687	0.01293	0.01856	0.01068	0.01068	0.03543	0.02081	0.70423	0.02868	0.02474	0.01799	0.00900	0.00731	0.00225	0.00619	0.00731	0.00900	0.01237
43	0.03236	0.01277	0.01712	0.01312	0.01876	0.01128	0.01084	0.06739	0.02147	0.67132	0.02812	0.02438	0.01771	0.00898	0.00731	0.00225	0.00628	0.00727	0.00891	0.01237
44	0.02887	0.04192	0.02029	0.01507	0.02076	0.01809	0.01249	0.38596	0.05375	0.29349	0.02192	0.02039	0.01477	0.00879	0.00720	0.00220	0.00722	0.00681	0.00779	0.01223
45	0.00886	0.00633	0.00843	0.01012	0.01054	0.00590	0.00675	0.01012	0.01392	0.01856	0.04006	0.73979	0.04808	0.02277	0.00928	0.00295	0.00422	0.02066	0.00675	0.00590
46	0.01108	0.00802	0.01083	0.01171	0.01345	0.00777	0.00984	0.01435	0.01788	0.02385	0.23918	0.07284	0.09284	0.01839	0.00950	0.00297	0.00551	0.41620	0.00709	0.00671
47	0.03005	0.01252	0.01655	0.01291	0.01817	0.01128	0.01058	0.06682	0.04729	0.59152	0.08010	0.02676	0.02181	0.00947	0.00741	0.00226	0.00605	0.00776	0.00877	0.01191
48	0.02668	0.01785	0.01985	0.01539	0.02077	0.01916	0.01264	0.51073	0.03077	0.14562	0.08652	0.02224	0.01881	0.00938	0.00741	0.00220	0.00727	0.00732	0.00761	0.01182
49	0.79588	0.01406	0.01068	0.00956	0.01406	0.01631	0.00787	0.02137	0.01237	0.03261	0.01012	0.01181	0.00787	0.00675	0.00450	0.00225	0.00562	0.00394	0.00450	0.00787
50	0.01678	0.14022	0.21914	0.02922	0.30682	0.01884	0.05185	0.02183	0.01587	0.02239	0.04379	0.01786	0.01300	0.00723	0.00767	0.00217	0.04514	0.00615	0.00356	0.01048
51	0.02763	0.02036	0.02182	0.01672	0.02254	0.02254	0.01382	0.67496	0.03418	0.04581	0.01745	0.01745	0.01236	0.00873	0.00727	0.00218	0.00800	0.00654	0.00727	0.01236
52	0.01507	0.01292	0.01507	0.01077	0.01723	0.00969	0.00861	0.01830	0.01507	0.02369	0.01292	0.01507	0.01077	0.00538	0.00538	0.00108	0.00538	0.00431	0.00431	0.78898
53	0.01041	0.00769	0.01120	0.01120	0.01233	0.00882	0.00848	0.01267	0.01154	0.01652	0.01991	0.03100	0.01923	0.14328	0.62842	0.01109	0.01787	0.00815	0.00396	0.00622
54	0.01705	0.02029	0.13032	0.03700	0.44271	0.01702	0.14815	0.02227	0.01650	0.02346	0.01491	0.02083	0.01246	0.00709	0.00755	0.00229	0.00955	0.03601	0.00368	0.01085
55	0.01373	0.01292	0.02180	0.72707	0.05006	0.01615	0.02019	0.01857	0.01453	0.01857	0.01292	0.01938	0.00969	0.00727	0.00727	0.00242	0.00969	0.00646	0.00323	0.00807
56	0.02279	0.01796	0.01909	0.01575	0.02070	0.02028	0.01265	0.35252	0.36450	0.03801	0.02360	0.02235	0.01734	0.00930	0.00733	0.00233	0.00686	0.00739	0.00733	0.01193
57	0.01808	0.01561	0.01644	0.01479	0.01890	0.01808	0.01151	0.03863	0.68606	0.03041	0.02959	0.02712	0.02219	0.00986	0.00740	0.00247	0.00575	0.00822	0.00740	0.01151
58	0.01038	0.00779	0.01168	0.01168	0.01298	0.00909	0.00909	0.01298	0.01168	0.01687	0.01947	0.02856	0.01817	0.05452	0.71573	0.01168	0.01947	0.00779	0.00389	0.00649
59	0.01373	0.01292	0.02180	0.72707	0.05006	0.01615	0.02019	0.01857	0.01453	0.01857	0.01292	0.01938	0.00969	0.00727	0.00727	0.00242	0.00969	0.00646	0.00323	0.00807
60	0.01038	0.00779	0.01168	0.01168	0.01298	0.00909	0.00909	0.01298	0.01168	0.01687	0.01947	0.02856	0.01817	0.05452	0.71573	0.01168	0.01947	0.00779	0.00389	0.00649
61	0.02763	0.02036	0.02182	0.01672	0.02254	0.02254	0.01382	0.67496	0.03418	0.04581	0.01745	0.01745	0.01236	0.00873	0.00727	0.00218	0.00800	0.00654	0.00727	0.01236
62	0.01507	0.01292	0.01507	0.01077	0.01723	0.00969	0.00861	0.01830	0.01507	0.02369	0.01292	0.01507	0.01077	0.00538	0.00538	0.00108	0.00538	0.00431	0.00431	0.78898
63	0.00886	0.00633	0.00843	0.01012	0.01054	0.00590	0.00675	0.01012	0.01392	0.01856	0.04006	0.73979	0.04808	0.02277	0.00928	0.00295	0.00422	0.02066	0.00675	0.00590
64	0.00878	0.00661	0.00814	0.00938	0.01035	0.00597	0.00642	0.01021	0.01463	0.01885	0.04914	0.55862	0.22339	0.02159	0.00909	0.00282	0.00407	0.01922	0.00675	0.00597
65	0.03261	0.01237	0.01687	0.01293	0.01856	0.01068	0.01068	0.03543	0.02081	0.70423	0.02868	0.02474	0.01799	0.00900	0.00731	0.00225	0.00619	0.00731	0.00900	0.01237
66	0.01028	0.00699	0.00833	0.00860	0.00878	0.00703	0.00518	0.01070	0.01121	0.01505	0.02541	0.15870	0.02926	0.56909	0.08945	0.00677	0.00763	0.01198	0.00474	0.00482
67	0.00888	0.00648	0.00829	0.00971	0.01036	0.00597	0.00652	0.01017	0.01412	0.01853	0.04353	0.63470	0.12577	0.04729	0.01016	0.00303	0.00425	0.01967	0.00667	0.00588
68	0.00886	0.00633	0.00843	0.01012	0.01054	0.00590	0.00675	0.01012	0.01392	0.01856	0.04006	0.73979	0.04808	0.02277	0.00928	0.00295	0.00422	0.02066	0.00675	0.00590
69	0.01082	0.00873	0.00982	0.00964	0.01194	0.00844	0.00727	0.01629	0.13284	0.02391	0.22100	0.13312	0.32125	0.01657	0.00851	0.00250	0.00415	0.03877	0.00718	0.00724
70	0.01507	0.01292	0.01507	0.01077	0.01723	0.00969	0.00861	0.01830	0.01507	0.02369	0.01292	0.01507	0.01077	0.00538	0.00538	0.00108	0.00538	0.00431	0.00431	0.78898
71	0.02715	0.03464	0.02060	0.01873	0.02247	0.71536	0.01404	0.02903	0.02060	0.01779	0.01124	0.01311	0.00936	0.00749	0.00655	0.00187	0.01311	0.00468	0.00375	0.00843
72	0.02682	0.01942	0.02096	0.01631	0.02193	0.02143	0.01340	0.57108	0.10614	0.07803	0.01938	0.01891	0.01375	0.00887	0.00729	0.00222	0.00766	0.00677	0.00737	0.01227
73	0.00974	0.00720	0.00781	0.00781	0.00888	0.00673	0.00502	0.01059	0.01310	0.01649	0.04390	0.05627	0.30478	0.42026	0.04705	0.00529	0.00605	0.01247	0.00536	0.00519
74	0.00978	0.00754	0.00827	0.00837	0.00987	0.00699	0.00574	0.01202	0.04658	0.01912	0.09952	0.14553	0.33936	0.22956	0.01689	0.00384	0.00481	0.01413	0.00619	0.00591
75	0.01705	0.01634	0.02222	0.01885	0.01942	0.02229	0.01570	0.08158	0.01338	0.02025	0.01031	0.01605	0.00982	0.01233	0.02224	0.00308	0.66074	0.00638	0.00358	0.00838
76	0.01527	0.01333	0.02109	0.44877	0.03867	0.01425	0.05943	0.01965	0.01517	0.05456	0.01382	0.01848	0.01049	0.00676	0.00684	0.00205	0.00850	0.00605	0.00384	0.22297
77	0.02632	0.01910	0.02042	0.01580	0.02123	0.02108	0.01300	0.61377	0.03242	0.04407	0.01803	0.01835	0.01294	0.00870	0.00707	0.00214	0.00757	0.00657	0.07958	0.01184
78	0.01248	0.00636	0.00936	0.00936	0.00936	0.00636	0.00618	0.00955	0.00955	0.01273	0.01335	0.02390	0.01360	0.07605	0.02902	0.73332	0.00636	0.00661	0.00324	0.00324
79	0.79588	0.01406	0.01068	0.00956	0.01406	0.01631	0.00787	0.02137	0.01237	0.03261	0.01012	0.01181	0.00787	0.00675	0.00450	0.00225	0.00562	0.00394	0.00450	0.00787
80	0.01799	0.01727	0.02950	0.04462	0.69919	0.01727	0.02231	0.02231	0.01655	0.02375	0.01367	0.01799	0.01151	0.00648	0.00720	0.00216	0.00864	0.00648	0.00360	0.01151
81	0.01049	0.00708	0.00799	0.00796	0.00813	0.00701	0.00455	0.01071	0.01123	0.01497	0.05523	0.04864	0.05116	0.68660	0.03474	0.00667	0.00677	0.01085	0.00465	0.00458
82	0.00877	0.00668	0.00807	0.00919	0.01030	0.00598	0.00633	0.01023	0.01482	0.01892	0.05146	0.51233	0.26818	0.02129	0.00904	0.00278	0.00404	0.01886	0.00675	0.00598
83	0.01057	0.00705	0.00793	0.00793	0.00793	0.00705	0.00440	0.01057	0.01057	0.01409	0.02290	0.04757	0.02643	0.74454	0.03700	0.00705	0.00705	0.01057	0.00440	0.00440
84	0.02763	0.02036	0.02182	0.01672	0.02254	0.02254	0.01382	0.67496	0.03418	0.04581	0.01745	0.01745	0.01236	0.00873	0.00727	0.00218	0.00800	0.00654	0.00727	0.01236
85	0.03046	0.01283	0.01674	0.01302	0.01844	0.01163	0.01070	0.07681	0.05475	0.59579	0.03003	0.02643	0.04870	0.00945	0.00737	0.00226	0.00617	0.00767	0.00870	0.01204

[dist]
# distance from previous block
# <min> <max>
0	20

[block]
# block no. 1 follows, 28 sequences, length 64
# corresponding to MSA columns:
# 253-316
name=unknown_B
#
# <colnr> <probs for GDERKNQSTAVLIFYWHMCP>
#	G	D	E	R	K	N	Q	S	T	A	V	L	I	F	Y	W	H	M	C	P
0	0.02756	0.01885	0.02058	0.01585	0.02146	0.02050	0.01307	0.57325	0.03182	0.11935	0.01900	0.01871	0.01328	0.00875	0.00718	0.00217	0.00759	0.00664	0.04228	0.01211
1	0.01943	0.74891	0.03809	0.01244	0.01866	0.02876	0.01244	0.02177	0.01477	0.01710	0.01011	0.01166	0.00933	0.00622	0.00466	0.00155	0.00777	0.00389	0.00311	0.00933
2	0.00883	0.00645	0.00831	0.00980	0.01046	0.00593	0.00661	0.01016	0.01422	0.01868	0.04396	0.66203	0.12332	0.02227	0.00920	0.00289	0.00416	0.02005	0.00675	0.00593
3	0.00895	0.00636	0.00841	0.01000	0.01040	0.00597	0.00662	0.01015	0.01374	0.01832	0.03914	0.70258	0.04691	0.06157	0.01077	0.00317	0.00437	0.02012	0.00662	0.00582
4	0.01029	0.00743	0.00972	0.00914	0.01086	0.00686	0.00686	0.01372	0.02058	0.02915	0.69536	0.05430	0.06859	0.01486	0.00857	0.00229	0.00343	0.01315	0.00800	0.00686
5	0.79588	0.01406	0.01068	0.00956	0.01406	0.01631	0.00787	0.02137	0.01237	0.03261	0.01012	0.01181	0.00787	0.00675	0.00450	0.00225	0.00562	0.00394	0.00450	0.00787
6	0.01138	0.00780	0.01025	0.01043	0.01146	0.00812	0.00748	0.04978	0.01411	0.01951	0.07527	0.22479	0.03115	0.14569	0.20385	0.08851	0.00918	0.03416	0.03105	0.00603
7	0.01013	0.00686	0.00806	0.00849	0.00859	0.00676	0.00500	0.01046	0.01142	0.01523	0.02727	0.22378	0.03194	0.56080	0.02994	0.00600	0.00633	0.01314	0.00500	0.00479
8	0.00867	0.00737	0.00747	0.00744	0.00986	0.00617	0.00558	0.01058	0.01675	0.02006	0.10147	0.06925	0.66814	0.01825	0.00859	0.00245	0.00367	0.01524	0.00681	0.00617
9	0.01601	0.01650	0.02012	0.28056	0.03014	0.12940	0.01609	0.01902	0.01401	0.01784	0.01267	0.01879	0.01096	0.01661	0.12667	0.00406	0.23295	0.00636	0.00341	0.00784
10	0.01846	0.01632	0.04606	0.05941	0.11440	0.06428	0.01368	0.08877	0.21373	0.07768	0.02603	0.02817	0.07442	0.01498	0.08967	0.00342	0.00879	0.02585	0.00583	0.01004
11	0.00859	0.00736	0.00736	0.00736	0.00982	0.00614	0.00552	0.01043	0.01657	0.01964	0.07364	0.06996	0.69624	0.01841	0.00859	0.00245	0.00368	0.01534	0.00675	0.00614
12	0.00886	0.00633	0.00843	0.01012	0.01054	0.00590	0.00675	0.01012	0.01392	0.01856	0.04006	0.73979	0.04808	0.02277	0.00928	0.00295	0.00422	0.02066	0.00675	0.00590
13	0.01764	0.01804	0.06124	0.07404	0.63850	0.01720	0.02243	0.02218	0.01640	0.02348	0.01361	0.01793	0.01132	0.00653	0.00719	0.00218	0.00878	0.00642	0.00356	0.01132
14	0.01163	0.01207	0.07057	0.06581	0.08143	0.01024	0.10386	0.01466	0.01476	0.02004	0.03015	0.46767	0.03391	0.01667	0.00867	0.00272	0.00663	0.01552	0.00550	0.00749
15	0.01400	0.01319	0.02286	0.63685	0.04718	0.01591	0.07338	0.01889	0.01478	0.01935	0.01356	0.01975	0.01021	0.00723	0.00728	0.00239	0.00962	0.00665	0.03878	0.00816
16	0.33628	0.01583	0.02099	0.07034	0.34897	0.01705	0.01589	0.05135	0.01552	0.02806	0.01235	0.01552	0.00995	0.00674	0.00610	0.00221	0.00744	0.00544	0.00411	0.00986
17	0.01123	0.00764	0.01002	0.00930	0.01118	0.00702	0.00702	0.01463	0.02059	0.05760	0.66726	0.05305	0.06645	0.01461	0.00852	0.00228	0.00355	0.01290	0.00804	0.00709
18	0.01610	0.01353	0.01562	0.01125	0.01766	0.01074	0.00904	0.07179	0.01663	0.02549	0.01329	0.01527	0.01090	0.00566	0.00554	0.00117	0.00560	0.00449	0.00455	0.72572
19	0.01519	0.10388	0.61291	0.02102	0.06059	0.01802	0.02529	0.02287	0.01535	0.02249	0.01280	0.01512	0.00932	0.00682	0.00671	0.00222	0.01037	0.00528	0.00310	0.01064
20	0.02213	0.15810	0.05474	0.02647	0.25208	0.32549	0.01708	0.02519	0.01796	0.01990	0.01193	0.01460	0.01008	0.00689	0.00644	0.00193	0.01053	0.00518	0.00355	0.00973
21	0.00906	0.00679	0.00846	0.00962	0.01071	0.00619	0.00681	0.01071	0.01508	0.01950	0.07522	0.49180	0.21414	0.02114	0.00913	0.00283	0.00423	0.06575	0.00680	0.00606
22	0.01452	0.00806	0.00867	0.04887	0.01182	0.00839	0.00655	0.06202	0.01650	0.02789	0.02266	0.02600	0.01769	0.00842	0.00536	0.00177	0.00407	0.00674	0.68678	0.00723
23	0.01607	0.01501	0.01411	0.01317	0.01654	0.09505	0.01017	0.02808	0.37819	0.02533	0.03924	0.06429	0.18893	0.01279	0.00783	0.00247	0.00610	0.05056	0.00675	0.00933
24	0.04624	0.00798	0.01099	0.01092	0.01249	0.00899	0.00848	0.01338	0.01262	0.01879	0.05095	0.03196	0.07208	0.04576	0.56627	0.00968	0.01621	0.00837	0.04130	0.00655
25	0.02723	0.01936	0.02090	0.01609	0.02171	0.02126	0.01327	0.61477	0.03268	0.07615	0.01827	0.01824	0.01291	0.00873	0.00717	0.00216	0.00770	0.00659	0.04269	0.01211
26	0.01074	0.00790	0.01015	0.00974	0.01153	0.00754	0.00738	0.01505	0.05832	0.02832	0.59072	0.08669	0.06351	0.01523	0.00862	0.00239	0.00378	0.04747	0.00784	0.00707
27	0.01127	0.00810	0.01115	0.01261	0.01421	0.00798	0.01075	0.01440	0.01676	0.02193	0.08577	0.13532	0.06585	0.01989	0.00983	0.00321	0.00616	0.53142	0.00679	0.00662
28	0.01530	0.00854	0.01115	0.00991	0.01256	0.00766	0.00764	0.01839	0.02010	0.18512	0.46971	0.06984	0.10698	0.01403	0.00830	0.00231	0.00412	0.01220	0.00809	0.00805
29	0.01263	0.00631	0.00947	0.00947	0.00947	0.00631	0.00631	0.00947	0.00947	0.01263	0.01263	0.02210	0.01263	0.02525	0.02841	0.78851	0.00631	0.00631	0.00316	0.00316
30	0.00886	0.00633	0.00843	0.01012	0.01054	0.00590	0.00675	0.01012	0.01392	0.01856	0.04006	0.73979	0.04808	0.02277	0.00928	0.00295	0.00422	0.02066	0.00675	0.00590
31	0.00980	0.00672	0.00816	0.00891	0.00910	0.00653	0.00546	0.01037	0.01207	0.01610	0.03060	0.35800	0.03614	0.42086	0.02457	0.00521	0.00578	0.01510	0.00546	0.00508
32	0.02715	0.03464	0.02060	0.01873	0.02247	0.71536	0.01404	0.02903	0.02060	0.01779	0.01124	0.01311	0.00936	0.00749	0.00655	0.00187	0.01311	0.00468	0.00375	0.00843
33	0.01507	0.01292	0.01507	0.01077	0.01723	0.00969	0.00861	0.01830	0.01507	0.02369	0.01292	0.01507	0.01077	0.00538	0.00538	0.00108	0.00538	0.00431	0.00431	0.78898
34	0.01057	0.00705	0.00793	0.00793	0.00793	0.00705	0.00440	0.01057	0.01057	0.01409	0.02290	0.04757	0.02643	0.74454	0.03700	0.00705	0.00705	0.01057	0.00440	0.00440
35	0.01886	0.01544	0.01646	0.01469	0.01888	0.01768	0.01146	0.03845	0.65030	0.06663	0.02954	0.02699	0.02196	0.00982	0.00739	0.00245	0.00578	0.00817	0.00748	0.01155
36	0.01039	0.00708	0.00788	0.00788	0.00810	0.00696	0.00451	0.01056	0.01113	0.01461	0.02762	0.04965	0.08867	0.67707	0.03436	0.00662	0.00673	0.01101	0.00462	0.00457
37	0.01853	0.01584	0.01669	0.01488	0.01907	0.01829	0.01162	0.06877	0.65518	0.03114	0.02901	0.02666	0.02172	0.00981	0.00739	0.00245	0.00586	0.00814	0.00739	0.01155
38	0.00859	0.00736	0.00736	0.00736	0.00982	0.00614	0.00552	0.01043	0.01657	0.01964	0.07364	0.06996	0.69624	0.01841	0.00859	0.00245	0.00368	0.01534	0.00675	0.00614
39	0.79588	0.01406	0.01068	0.00956	0.01406	0.01631	0.00787	0.02137	0.01237	0.03261	0.01012	0.01181	0.00787	0.00675	0.00450	0.00225	0.00562	0.00394	0.00450	0.00787
40	0.01808	0.01561	0.01644	0.01479	0.01890	0.01808	0.01151	0.03863	0.68606	0.03041	0.02959	0.02712	0.02219	0.00986	0.00740	0.00247	0.00575	0.00822	0.00740	0.01151
41	0.01373	0.01292	0.02180	0.72707	0.05006	0.01615	0.02019	0.01857	0.01453	0.01857	0.01292	0.01938	0.00969	0.00727	0.00727	0.00242	0.00969	0.00646	0.00323	0.00807
42	0.79588	0.01406	0.01068	0.00956	0.01406	0.01631	0.00787	0.02137	0.01237	0.03261	0.01012	0.01181	0.00787	0.00675	0.00450	0.00225	0.00562	0.00394	0.00450	0.00787
43	0.02715	0.03464	0.02060	0.01873	0.02247	0.71536	0.01404	0.02903	0.02060	0.01779	0.01124	0.01311	0.00936	0.00749	0.00655	0.00187	0.01311	0.00468	0.00375	0.00843
44	0.01355	0.00678	0.00678	0.00678	0.00847	0.00678	0.00508	0.01694	0.01524	0.02710	0.02371	0.02710	0.01863	0.00847	0.00508	0.00169	0.00339	0.00678	0.78489	0.00678
45	0.01458	0.03760	0.70688	0.02072	0.03146	0.01688	0.02686	0.02302	0.01535	0.02302	0.01304	0.01535	0.00921	0.00691	0.00691	0.00230	0.01074	0.00537	0.00307	0.01074
46	0.01507	0.01292	0.01507	0.01077	0.01723	0.00969	0.00861	0.01830	0.01507	0.02369	0.01292	0.01507	0.01077	0.00538	0.00538	0.00108	0.00538	0.00431	0.00431	0.78898
47	0.00866	0.00732	0.00749	0.00755	0.00989	0.00615	0.00562	0.01053	0.01658	0.01990	0.09276	0.10001	0.64581	0.01849	0.00862	0.00247	0.00370	0.01551	0.00679	0.00615
48	0.01001	0.00742	0.00933	0.00885	0.01069	0.00674	0.00664	0.01317	0.01991	0.02757	0.59202	0.05690	0.17292	0.01545	0.00858	0.00231	0.00347	0.01351	0.00779	0.00674
49	0.01414	0.00734	0.00740	0.00719	0.00906	0.00743	0.00545	0.04447	0.01604	0.02788	0.02345	0.02670	0.01837	0.00848	0.00517	0.00171	0.00358	0.00677	0.75236	0.00701
50	0.03233	0.01283	0.01715	0.01315	0.01879	0.01137	0.01086	0.07220	0.02157	0.66637	0.02803	0.02432	0.01767	0.00898	0.00731	0.00225	0.00629	0.00727	0.00890	0.01237
51	0.01062	0.00789	0.01024	0.01128	0.01306	0.00751	0.00939	0.01348	0.01691	0.02181	0.11628	0.12033	0.20173	0.01931	0.00949	0.00299	0.00546	0.38884	0.00685	0.00652
52	0.00875	0.00733	0.00761	0.00763	0.00994	0.00619	0.00569	0.01070	0.01681	0.02041	0.12596	0.09588	0.61564	0.01828	0.00862	0.00246	0.00368	0.01537	0.00686	0.00619
53	0.00886	0.00633	0.00843	0.01012	0.01054	0.00590	0.00675	0.01012	0.01392	0.01856	0.04006	0.73979	0.04808	0.02277	0.00928	0.00295	0.00422	0.02066	0.00675	0.00590
54	0.01287	0.00681	0.01038	0.01107	0.04095	0.00681	0.00704	0.01006	0.00979	0.01313	0.01267	0.02191	0.01258	0.02440	0.02744	0.75262	0.00642	0.00632	0.00318	0.00354
55	0.00935	0.00793	0.00814	0.00799	0.01051	0.00700	0.00602	0.01258	0.06246	0.02102	0.11292	0.06597	0.60762	0.01759	0.00851	0.00244	0.00381	0.01471	0.00688	0.00655
56	0.00974	0.00774	0.00846	0.00847	0.01055	0.00693	0.00627	0.03450	0.01695	0.02119	0.13064	0.13447	0.46385	0.06774	0.01061	0.00283	0.00422	0.04178	0.00674	0.00632
57	0.00912	0.00741	0.00812	0.00844	0.01040	0.00656	0.00614	0.01160	0.04039	0.02042	0.10720	0.23295	0.46774	0.01893	0.00872	0.00257	0.00387	0.01625	0.00686	0.00632
58	0.01562	0.00877	0.00898	0.00824	0.01053	0.00909	0.00636	0.11353	0.01802	0.02985	0.02279	0.02568	0.01771	0.00851	0.00540	0.00177	0.00406	0.00674	0.67075	0.00760
59	0.00890	0.00640	0.00844	0.00999	0.01053	0.00595	0.00671	0.01026	0.01425	0.01897	0.06449	0.69130	0.07223	0.02234	0.00923	0.00291	0.00417	0.02021	0.00679	0.00595
60	0.01213	0.00949	0.01172	0.01321	0.01481	0.04602	0.01113	0.01510	0.01654	0.02108	0.03725	0.17246	0.04098	0.01979	0.00974	0.00321	0.00668	0.52543	0.00654	0.00667
61	0.02114	0.04912	0.02578	0.11081	0.31672	0.29268	0.03620	0.02454	0.01787	0.02057	0.01253	0.01605	0.01037	0.00695	0.00690	0.00206	0.01059	0.00573	0.00360	0.00978
62	0.75124	0.05631	0.01226	0.00972	0.01432	0.01702	0.00813	0.02139	0.01251	0.03172	0.01012	0.01180	0.00796	0.00672	0.00451	0.00221	0.00575	0.00393	0.00442	0.00796
63	0.02177	0.04977	0.02345	0.16080	0.10864	0.37774	0.04627	0.02533	0.04001	0.01928	0.01248	0.01579	0.01019	0.00760	0.00782	0.00212	0.05274	0.00561	0.00369	0.00889

[dist]
# distance from previous block
# <min> <max>
0	28

[block]
# block no. 2 follows, 28 sequences, length 54
# corresponding to MSA columns:
# 345-398
name=unknown_C
#
# <colnr> <probs for GDERKNQSTAVLIFYWHMCP>
#	G	D	E	R	K	N	Q	S	T	A	V	L	I	F	Y	W	H	M	C	P
0	0.00960	0.00687	0.00902	0.00957	0.01059	0.00640	0.00670	0.01183	0.01691	0.02335	0.34701	0.38986	0.05683	0.04837	0.01007	0.00281	0.00396	0.01672	0.00724	0.00629
1	0.01179	0.00851	0.01061	0.01054	0.01205	0.00847	0.00761	0.09216	0.01820	0.02491	0.24714	0.34870	0.04743	0.06758	0.04651	0.00336	0.00538	0.01520	0.00692	0.00693
2	0.01716	0.01961	0.04289	0.03064	0.03799	0.01838	0.67279	0.02328	0.01716	0.02328	0.01471	0.01961	0.01103	0.00613	0.00858	0.00245	0.01225	0.00858	0.00368	0.00980
3	0.08232	0.01325	0.01694	0.01308	0.01864	0.01220	0.01080	0.09620	0.02154	0.59654	0.02637	0.02319	0.01678	0.00882	0.00712	0.00224	0.00632	0.00701	0.00853	0.01207
4	0.03261	0.01237	0.01687	0.01293	0.01856	0.01068	0.01068	0.03543	0.02081	0.70423	0.02868	0.02474	0.01799	0.00900	0.00731	0.00225	0.00619	0.00731	0.00900	0.01237
5	0.01046	0.00711	0.00803	0.00796	0.00848	0.00692	0.00483	0.01117	0.01252	0.01691	0.10488	0.04980	0.09954	0.55702	0.02955	0.00582	0.00614	0.01120	0.03671	0.00496
6	0.01263	0.00631	0.00947	0.00947	0.00947	0.00631	0.00631	0.00947	0.00947	0.01263	0.01263	0.02210	0.01263	0.02525	0.02841	0.78851	0.00631	0.00631	0.00316	0.00316
7	0.01038	0.00779	0.01168	0.01168	0.01298	0.00909	0.00909	0.01298	0.01168	0.01687	0.01947	0.02856	0.01817	0.05452	0.71573	0.01168	0.01947	0.00779	0.00389	0.00649
8	0.79588	0.01406	0.01068	0.00956	0.01406	0.01631	0.00787	0.02137	0.01237	0.03261	0.01012	0.01181	0.00787	0.00675	0.00450	0.00225	0.00562	0.00394	0.00450	0.00787
9	0.00895	0.00640	0.00852	0.01006	0.01056	0.00597	0.00675	0.01036	0.01435	0.01925	0.08315	0.69472	0.04943	0.02225	0.00923	0.00291	0.00417	0.02017	0.00683	0.00597
10	0.01015	0.00742	0.00952	0.00900	0.01077	0.00680	0.00675	0.01344	0.02024	0.02835	0.64326	0.05561	0.12119	0.01516	0.00857	0.00230	0.00345	0.01333	0.00790	0.00680
11	0.01029	0.00743	0.00972	0.00914	0.01086	0.00686	0.00686	0.01372	0.02058	0.02915	0.69536	0.05430	0.06859	0.01486	0.00857	0.00229	0.00343	0.01315	0.00800	0.00686
12	0.01590	0.01590	0.02226	0.01908	0.01908	0.02226	0.01590	0.01749	0.01113	0.01749	0.00954	0.01590	0.00954	0.01272	0.02385	0.00318	0.73123	0.00636	0.00318	0.00795
13	0.01057	0.00722	0.00864	0.00910	0.00950	0.00715	0.00596	0.01133	0.01214	0.01603	0.02859	0.11903	0.04817	0.52857	0.02885	0.00588	0.00663	0.12654	0.00509	0.00500
14	0.01373	0.01292	0.02180	0.72707	0.05006	0.01615	0.02019	0.01857	0.01453	0.01857	0.01292	0.01938	0.00969	0.00727	0.00727	0.00242	0.00969	0.00646	0.00323	0.00807
15	0.00885	0.00737	0.00772	0.00764	0.00998	0.00625	0.00573	0.01093	0.01718	0.02109	0.16861	0.06756	0.60037	0.01787	0.00859	0.00243	0.00364	0.01501	0.00694	0.00625
16	0.01038	0.00779	0.01168	0.01168	0.01298	0.00909	0.00909	0.01298	0.01168	0.01687	0.01947	0.02856	0.01817	0.05452	0.71573	0.01168	0.01947	0.00779	0.00389	0.00649
17	0.01507	0.01292	0.01507	0.01077	0.01723	0.00969	0.00861	0.01830	0.01507	0.02369	0.01292	0.01507	0.01077	0.00538	0.00538	0.00108	0.00538	0.00431	0.00431	0.78898
18	0.00859	0.00736	0.00736	0.00736	0.00982	0.00614	0.00552	0.01043	0.01657	0.01964	0.07364	0.06996	0.69624	0.01841	0.00859	0.00245	0.00368	0.01534	0.00675	0.00614
19	0.00859	0.00736	0.00736	0.00736	0.00982	0.00614	0.00552	0.01043	0.01657	0.01964	0.07364	0.06996	0.69624	0.01841	0.00859	0.00245	0.00368	0.01534	0.00675	0.00614
20	0.01038	0.00779	0.01168	0.01168	0.01298	0.00909	0.00909	0.01298	0.01168	0.01687	0.01947	0.02856	0.01817	0.05452	0.71573	0.01168	0.01947	0.00779	0.00389	0.00649
21	0.03102	0.01352	0.01744	0.01343	0.01895	0.01251	0.01107	0.14048	0.02301	0.57218	0.04966	0.02455	0.01880	0.00915	0.00735	0.00224	0.00639	0.00738	0.00868	0.01218
22	0.00921	0.00689	0.00871	0.00978	0.01087	0.00618	0.00670	0.01068	0.01436	0.01903	0.04302	0.60054	0.13605	0.02106	0.00894	0.00276	0.00422	0.01889	0.00659	0.05554
23	0.01526	0.01309	0.01516	0.01102	0.01733	0.01022	0.00880	0.01959	0.05757	0.02411	0.01398	0.01584	0.01149	0.00567	0.00551	0.00116	0.00541	0.00455	0.00450	0.73973
24	0.00867	0.00730	0.00752	0.00760	0.00990	0.00615	0.00565	0.01053	0.01655	0.01992	0.09432	0.11181	0.63216	0.01856	0.00863	0.00248	0.00371	0.01560	0.00680	0.00615
25	0.00913	0.00730	0.00817	0.00813	0.01019	0.00634	0.00603	0.01140	0.01756	0.02243	0.25917	0.12113	0.45200	0.01770	0.00864	0.00245	0.00365	0.01512	0.00713	0.00634
26	0.00890	0.00646	0.00831	0.00976	0.01037	0.00597	0.00653	0.01017	0.01404	0.01848	0.04268	0.64556	0.11122	0.05162	0.01033	0.00307	0.00428	0.01973	0.00665	0.00587
27	0.01106	0.00760	0.00940	0.00891	0.01081	0.00688	0.00659	0.01377	0.01871	0.06124	0.44889	0.08348	0.19840	0.06933	0.01063	0.00270	0.00393	0.01343	0.00747	0.00677
28	0.00886	0.00633	0.00843	0.01012	0.01054	0.00590	0.00675	0.01012	0.01392	0.01856	0.04006	0.73979	0.04808	0.02277	0.00928	0.00295	0.00422	0.02066	0.00675	0.00590
29	0.01994	0.61150	0.07132	0.01462	0.04252	0.10014	0.01370	0.02262	0.01547	0.01771	0.01050	0.01222	0.00940	0.00640	0.00507	0.00165	0.00852	0.00414	0.00319	0.00938
30	0.01653	0.01420	0.01740	0.01284	0.01879	0.01237	0.03763	0.08301	0.03782	0.02564	0.01375	0.01593	0.01121	0.00635	0.00693	0.00142	0.05191	0.00496	0.00459	0.60673
31	0.01709	0.01706	0.02154	0.07163	0.06905	0.13546	0.12409	0.06247	0.01688	0.02198	0.01956	0.17249	0.01916	0.01139	0.01004	0.00246	0.11531	0.00957	0.07444	0.00834
32	0.01185	0.00953	0.01048	0.01003	0.01085	0.04606	0.00694	0.01309	0.01350	0.01815	0.12079	0.06880	0.09155	0.36492	0.05946	0.00512	0.08395	0.01068	0.03850	0.00576
33	0.01047	0.00706	0.00790	0.00790	0.00802	0.00700	0.00446	0.01056	0.01088	0.01438	0.02548	0.04871	0.06045	0.70766	0.03556	0.00681	0.00688	0.01081	0.00452	0.00449
34	0.01552	0.01545	0.02879	0.20950	0.10677	0.01570	0.27486	0.02030	0.01574	0.02198	0.01544	0.05017	0.01273	0.00748	0.00810	0.00228	0.03397	0.00771	0.05321	0.08429
35	0.02159	0.01628	0.01831	0.01461	0.01929	0.01743	0.01180	0.41537	0.02594	0.03550	0.01841	0.06500	0.01542	0.03283	0.10204	0.00347	0.02756	0.00736	0.00618	0.12562
36	0.66999	0.06419	0.01345	0.01064	0.01518	0.08536	0.00877	0.02214	0.01333	0.03015	0.01023	0.01193	0.00811	0.00679	0.00471	0.00217	0.00649	0.00401	0.00433	0.00802
37	0.01603	0.01539	0.02763	0.04906	0.13411	0.01550	0.26921	0.02275	0.11416	0.04076	0.02211	0.14543	0.02037	0.01048	0.00884	0.00255	0.03512	0.03609	0.00496	0.00948
38	0.01799	0.01761	0.02844	0.10465	0.61257	0.04655	0.02177	0.02226	0.01654	0.02303	0.01350	0.01791	0.01126	0.00659	0.00718	0.00217	0.00892	0.00640	0.00357	0.01108
39	0.01474	0.01257	0.01472	0.01073	0.01687	0.00949	0.00851	0.01787	0.01501	0.02342	0.01436	0.05339	0.01274	0.00630	0.00559	0.00118	0.00532	0.00517	0.00444	0.74757
40	0.01831	0.01000	0.01284	0.03545	0.01554	0.00910	0.00892	0.04756	0.01856	0.24346	0.14154	0.14014	0.12897	0.03840	0.00898	0.00252	0.00530	0.04380	0.00732	0.06329
41	0.00883	0.00643	0.00833	0.00985	0.01047	0.00593	0.00663	0.01015	0.01418	0.01866	0.04334	0.67442	0.11134	0.02235	0.00921	0.00290	0.00417	0.02015	0.00675	0.00593
42	0.01485	0.01559	0.10243	0.16692	0.02660	0.01383	0.09152	0.09124	0.06308	0.02696	0.22126	0.05263	0.03018	0.01024	0.00775	0.00233	0.00737	0.00917	0.03723	0.00881
43	0.02158	0.19611	0.02432	0.04798	0.09145	0.33160	0.01390	0.05167	0.01830	0.01954	0.01605	0.01833	0.05380	0.01089	0.05262	0.00254	0.01085	0.00571	0.00391	0.00884
44	0.01263	0.00631	0.00947	0.00947	0.00947	0.00631	0.00631	0.00947	0.00947	0.01263	0.01263	0.02210	0.01263	0.02525	0.02841	0.78851	0.00631	0.00631	0.00316	0.00316
45	0.02474	0.05235	0.02167	0.01841	0.06895	0.17267	0.01386	0.36426	0.09862	0.03458	0.04590	0.01892	0.01499	0.00858	0.00707	0.00212	0.00871	0.00649	0.00612	0.01099
46	0.05831	0.01746	0.01960	0.01650	0.04887	0.01917	0.01289	0.38496	0.12861	0.12585	0.02022	0.01999	0.01451	0.00891	0.00777	0.00226	0.03709	0.00679	0.03865	0.01159
47	0.19168	0.07650	0.02158	0.20663	0.07204	0.04045	0.06945	0.06562	0.01669	0.05296	0.07887	0.02008	0.01567	0.00802	0.00724	0.00227	0.03434	0.00648	0.00455	0.00886
48	0.05068	0.08698	0.03207	0.02630	0.14288	0.01906	0.28509	0.02295	0.06721	0.02294	0.01421	0.01801	0.01145	0.00739	0.00964	0.00232	0.11077	0.00696	0.00390	0.05919
49	0.20080	0.04351	0.07631	0.05161	0.04384	0.04713	0.03721	0.20503	0.02073	0.09231	0.01810	0.01906	0.04718	0.00805	0.00648	0.00214	0.00759	0.00613	0.00546	0.06132
50	0.01920	0.01856	0.07104	0.07335	0.51967	0.01761	0.02109	0.10140	0.01864	0.04829	0.01454	0.01805	0.01159	0.00690	0.00719	0.00219	0.00867	0.00644	0.00417	0.01142
51	0.02169	0.01579	0.01935	0.08651	0.09319	0.01712	0.01365	0.15451	0.29267	0.14002	0.02318	0.02271	0.01686	0.00872	0.00724	0.00228	0.00691	0.00724	0.00671	0.04366
52	0.01778	0.01621	0.04698	0.01704	0.02191	0.01582	0.11586	0.09312	0.03961	0.06067	0.01526	0.04200	0.01269	0.00854	0.01068	0.00211	0.17295	0.00659	0.00467	0.27951
53	0.06308	0.01792	0.07298	0.04897	0.09669	0.01644	0.31899	0.07691	0.03892	0.04634	0.01848	0.06775	0.03242	0.00892	0.00871	0.03432	0.00956	0.00848	0.00452	0.00959

[dist]
# distance from previous block
# <min> <max>
5	17

[block]
# block no. 3 follows, 28 sequences, length 136
# corresponding to MSA columns:
# 416-551
name=unknown_D
#
# <colnr> <probs for GDERKNQSTAVLIFYWHMCP>
#	G	D	E	R	K	N	Q	S	T	A	V	L	I	F	Y	W	H	M	C	P
0	0.01867	0.01535	0.02290	0.06005	0.37434	0.01592	0.01695	0.02676	0.18615	0.09327	0.04965	0.02377	0.01788	0.03627	0.00846	0.00245	0.00742	0.00745	0.00531	0.01097
1	0.02444	0.01964	0.02130	0.07077	0.08010	0.07119	0.01445	0.44880	0.07771	0.03795	0.01753	0.01847	0.01288	0.00841	0.00712	0.00217	0.00818	0.00653	0.04098	0.01138
2	0.01049	0.00764	0.00905	0.00943	0.01129	0.00683	0.00684	0.01284	0.03563	0.05090	0.07488	0.35421	0.29398	0.01905	0.00872	0.00263	0.00425	0.03801	0.00682	0.03652
3	0.01055	0.00707	0.00811	0.00825	0.00834	0.00705	0.00482	0.01074	0.01098	0.01461	0.02430	0.07853	0.02801	0.68288	0.03467	0.00671	0.00691	0.03830	0.00460	0.00457
4	0.02178	0.01745	0.01852	0.01554	0.02031	0.01981	0.01240	0.28484	0.43383	0.03637	0.02489	0.02338	0.01839	0.00942	0.00735	0.00236	0.00662	0.00757	0.00735	0.01184
5	0.05900	0.01196	0.01953	0.42426	0.09284	0.01390	0.03996	0.01697	0.01342	0.01852	0.01282	0.01951	0.01052	0.01159	0.01239	0.19731	0.00862	0.00636	0.00333	0.00720
6	0.04751	0.05842	0.27097	0.17742	0.03171	0.08946	0.04532	0.08704	0.05629	0.04723	0.01456	0.01709	0.01071	0.00740	0.00690	0.00225	0.00978	0.00589	0.00411	0.00995
7	0.01373	0.01292	0.02180	0.72707	0.05006	0.01615	0.02019	0.01857	0.01453	0.01857	0.01292	0.01938	0.00969	0.00727	0.00727	0.00242	0.00969	0.00646	0.00323	0.00807
8	0.00896	0.00733	0.00793	0.00801	0.01019	0.00630	0.00600	0.01105	0.01700	0.02108	0.16512	0.11475	0.53547	0.01822	0.00868	0.00249	0.00377	0.03446	0.00694	0.00625
9	0.01166	0.00877	0.01223	0.01296	0.03510	0.00838	0.03759	0.01494	0.03588	0.04216	0.09391	0.20087	0.16902	0.01825	0.00918	0.00288	0.00562	0.26688	0.00668	0.00703
10	0.01057	0.00705	0.00793	0.00793	0.00793	0.00705	0.00440	0.01057	0.01057	0.01409	0.02290	0.04757	0.02643	0.74454	0.03700	0.00705	0.00705	0.01057	0.00440	0.00440
11	0.55151	0.01418	0.01307	0.01095	0.01583	0.01550	0.00903	0.07917	0.01618	0.19239	0.01512	0.01533	0.01064	0.00744	0.00539	0.00224	0.00595	0.00495	0.00579	0.00931
12	0.00933	0.00679	0.00885	0.01028	0.01093	0.00648	0.00696	0.01154	0.04392	0.01955	0.06872	0.67784	0.04784	0.02185	0.00916	0.00290	0.00425	0.01978	0.00683	0.00619
13	0.00956	0.00767	0.00862	0.00865	0.01078	0.00688	0.00653	0.01255	0.04299	0.02238	0.21711	0.11900	0.42937	0.01767	0.00868	0.00251	0.00392	0.05155	0.00707	0.00653
14	0.02763	0.02036	0.02182	0.01672	0.02254	0.02254	0.01382	0.67496	0.03418	0.04581	0.01745	0.01745	0.01236	0.00873	0.00727	0.00218	0.00800	0.00654	0.00727	0.01236
15	0.70278	0.01385	0.01144	0.00997	0.01461	0.01562	0.00822	0.02308	0.01340	0.11453	0.01238	0.01339	0.00911	0.00702	0.00484	0.00225	0.00569	0.00435	0.00505	0.00842
16	0.15376	0.01401	0.01577	0.01294	0.01772	0.01439	0.01045	0.15154	0.11501	0.30007	0.02614	0.07198	0.04449	0.01000	0.00703	0.00232	0.00614	0.00796	0.00746	0.01082
17	0.01047	0.00776	0.00986	0.00970	0.01146	0.00733	0.00736	0.01431	0.04868	0.02674	0.49337	0.12092	0.11736	0.01614	0.00872	0.00246	0.00391	0.06891	0.00763	0.00690
18	0.01057	0.00705	0.00793	0.00793	0.00793	0.00705	0.00440	0.01057	0.01057	0.01409	0.02290	0.04757	0.02643	0.74454	0.03700	0.00705	0.00705	0.01057	0.00440	0.00440
19	0.00957	0.00668	0.00817	0.00908	0.00941	0.00640	0.00570	0.01032	0.01261	0.01671	0.03423	0.41819	0.06657	0.32811	0.02098	0.00466	0.00539	0.01616	0.00576	0.00528
20	0.06216	0.01024	0.01210	0.01099	0.01341	0.01020	0.00801	0.11190	0.01754	0.15956	0.05728	0.23976	0.02985	0.20532	0.01553	0.00370	0.00594	0.01203	0.00659	0.00789
21	0.01244	0.00738	0.00809	0.00817	0.00930	0.00740	0.00557	0.04304	0.01444	0.02248	0.02613	0.16105	0.02599	0.23242	0.01553	0.00355	0.00484	0.01041	0.37561	0.00615
22	0.01959	0.01877	0.01713	0.01545	0.01949	0.13382	0.01193	0.03703	0.57561	0.02831	0.02654	0.02479	0.02006	0.00947	0.00726	0.00237	0.00697	0.00763	0.00679	0.01099
23	0.53851	0.01305	0.01213	0.01042	0.01493	0.01408	0.00850	0.02419	0.01493	0.20281	0.04521	0.04434	0.01455	0.00827	0.00557	0.00228	0.00562	0.00582	0.00588	0.00890
24	0.00923	0.00682	0.00836	0.00911	0.01014	0.00624	0.00623	0.01084	0.01521	0.02003	0.15409	0.40160	0.18880	0.10384	0.01221	0.00321	0.00430	0.01710	0.00669	0.00594
25	0.01478	0.01022	0.01120	0.00998	0.01145	0.01074	0.00669	0.16982	0.01643	0.02226	0.02163	0.03946	0.02272	0.53595	0.02847	0.00565	0.00711	0.00944	0.03958	0.00641
26	0.01052	0.00723	0.00886	0.00886	0.00918	0.00755	0.00557	0.01117	0.01085	0.01478	0.02205	0.04285	0.02438	0.57336	0.20537	0.00820	0.01013	0.00988	0.00428	0.00492
27	0.01117	0.00838	0.01181	0.03255	0.01335	0.00982	0.00884	0.01334	0.01176	0.01717	0.01940	0.03063	0.01876	0.17199	0.46782	0.00921	0.07258	0.00807	0.05705	0.00629
28	0.00924	0.00649	0.00832	0.00963	0.00996	0.00616	0.00622	0.01022	0.01317	0.01756	0.03623	0.58502	0.04324	0.18416	0.01548	0.00387	0.00485	0.01841	0.00622	0.00557
29	0.01038	0.00779	0.01168	0.01168	0.01298	0.00909	0.00909	0.01298	0.01168	0.01687	0.01947	0.02856	0.01817	0.05452	0.71573	0.01168	0.01947	0.00779	0.00389	0.00649
30	0.58905	0.01763	0.11602	0.06404	0.04967	0.01642	0.01222	0.02146	0.01315	0.02979	0.01091	0.01315	0.00836	0.00680	0.00517	0.00227	0.00681	0.00444	0.00415	0.00848
31	0.01313	0.00818	0.01290	0.01181	0.01239	0.00869	0.05354	0.01146	0.01053	0.01453	0.01398	0.05205	0.01391	0.02209	0.02506	0.60052	0.07649	0.00710	0.02732	0.00431
32	0.01607	0.13416	0.56535	0.02005	0.05100	0.01829	0.02408	0.02331	0.01552	0.04894	0.01327	0.01529	0.00964	0.00688	0.00662	0.00219	0.01009	0.00528	0.00332	0.01064
33	0.01056	0.00709	0.00814	0.00814	0.00822	0.00716	0.00467	0.01071	0.01063	0.01425	0.02271	0.04647	0.02595	0.70478	0.07610	0.00731	0.00776	0.01041	0.00438	0.00452
34	0.00886	0.00633	0.00843	0.01012	0.01054	0.00590	0.00675	0.01012	0.01392	0.01856	0.04006	0.73979	0.04808	0.02277	0.00928	0.00295	0.00422	0.02066	0.00675	0.00590
