[name]
unknown

[dist]
# distance from previous block
# <min> <max>
0	24

[block]
# block no. 0 follows, 29 sequences, length 259
# corresponding to MSA columns:
# 24-282
name=unknown_A
#
# <colnr> <probs for GDERKNQSTAVLIFYWHMCP>
#	G	D	E	R	K	N	Q	S	T	A	V	L	I	F	Y	W	H	M	C	P
0	0.04468	0.01256	0.02062	0.68191	0.04659	0.01559	0.01904	0.01820	0.01422	0.01884	0.01331	0.02056	0.01038	0.00748	0.00709	0.00239	0.00924	0.02610	0.00332	0.00786
1	0.01755	0.01528	0.04404	0.01227	0.01862	0.01264	0.01031	0.16950	0.01904	0.02812	0.01367	0.01531	0.01084	0.00608	0.00575	0.00135	0.00607	0.00476	0.00483	0.58396
2	0.02624	0.03326	0.02053	0.01935	0.04919	0.69315	0.01408	0.02817	0.02002	0.01766	0.01110	0.01303	0.00926	0.00730	0.00645	0.00185	0.01267	0.00466	0.00366	0.00838
3	0.00868	0.00743	0.00787	0.03614	0.01123	0.00643	0.00603	0.01067	0.01631	0.01957	0.09538	0.06593	0.64903	0.01746	0.00836	0.00240	0.00383	0.01459	0.00653	0.00612
4	0.01025	0.00845	0.03750	0.00941	0.01144	0.00711	0.00750	0.01380	0.01995	0.02832	0.67418	0.05167	0.06487	0.01425	0.00833	0.00224	0.00364	0.01257	0.00765	0.00687
5	0.02242	0.01745	0.01864	0.01533	0.02012	0.01960	0.01231	0.38548	0.30846	0.03750	0.02295	0.05002	0.01753	0.00956	0.00725	0.00228	0.00677	0.00765	0.00715	0.01151
6	0.01413	0.03564	0.68481	0.01980	0.02990	0.01615	0.02543	0.02207	0.01485	0.02220	0.01316	0.01629	0.00969	0.03632	0.00794	0.00244	0.01038	0.00546	0.00306	0.01028
7	0.03195	0.01212	0.01652	0.01267	0.01818	0.01047	0.01047	0.03470	0.02038	0.71026	0.02809	0.02424	0.01763	0.00881	0.00716	0.00220	0.00606	0.00716	0.00881	0.01212
8	0.76448	0.01405	0.01097	0.00969	0.01415	0.01626	0.00798	0.05133	0.01310	0.03254	0.01025	0.01182	0.00791	0.00670	0.00453	0.00220	0.00562	0.00397	0.00453	0.00791
9	0.00898	0.00643	0.00853	0.00971	0.01039	0.00598	0.00663	0.01067	0.01504	0.02041	0.18167	0.59632	0.05142	0.02064	0.00894	0.00275	0.00397	0.01866	0.00687	0.00598
10	0.01675	0.01622	0.02741	0.04210	0.02721	0.01479	0.30095	0.07482	0.04834	0.02494	0.01453	0.01756	0.01127	0.00612	0.00693	0.00183	0.00855	0.00646	0.00429	0.32895
11	0.01771	0.01530	0.01610	0.01449	0.01852	0.01771	0.01127	0.03784	0.69247	0.02979	0.02898	0.02657	0.02174	0.00966	0.00725	0.00242	0.00564	0.00805	0.00725	0.01127
12	0.01345	0.01266	0.02136	0.73264	0.04904	0.01582	0.01978	0.01819	0.01424	0.01819	0.01266	0.01898	0.00949	0.00712	0.00712	0.00237	0.00949	0.00633	0.00316	0.00791
13	0.01054	0.00724	0.00948	0.00999	0.01129	0.00682	0.00746	0.01288	0.01648	0.04319	0.26832	0.26704	0.08002	0.07793	0.01112	0.00302	0.00459	0.13933	0.00691	0.00634
14	0.54584	0.01907	0.01413	0.01353	0.05107	0.18907	0.01010	0.04419	0.01499	0.02837	0.01059	0.01237	0.00839	0.00684	0.00512	0.00211	0.00753	0.00424	0.00427	0.00817
15	0.01675	0.01904	0.04111	0.02950	0.03638	0.01818	0.64963	0.02255	0.01654	0.02255	0.01418	0.01904	0.01074	0.00629	0.00908	0.00243	0.04458	0.00831	0.00358	0.00952
16	0.01237	0.00618	0.00928	0.00928	0.00928	0.00618	0.00618	0.00928	0.00928	0.01237	0.01237	0.02165	0.01237	0.02474	0.02783	0.79283	0.00618	0.00618	0.00309	0.00309
17	0.01237	0.00618	0.00928	0.00928	0.00928	0.00618	0.00618	0.00928	0.00928	0.01237	0.01237	0.02165	0.01237	0.02474	0.02783	0.79283	0.00618	0.00618	0.00309	0.00309
18	0.01695	0.12454	0.51271	0.01897	0.02779	0.13706	0.02245	0.02339	0.01583	0.02097	0.01213	0.01422	0.00906	0.00678	0.00644	0.00209	0.01056	0.00497	0.00312	0.00997
19	0.42764	0.01665	0.01481	0.01230	0.01712	0.07803	0.01002	0.17350	0.01906	0.14825	0.01471	0.01507	0.01051	0.00748	0.00566	0.00216	0.00677	0.00506	0.00570	0.00950
20	0.00884	0.00759	0.00762	0.00755	0.01003	0.00655	0.00568	0.01149	0.04735	0.01972	0.07015	0.06660	0.67112	0.01765	0.00836	0.00240	0.00370	0.01471	0.00664	0.00625
21	0.01477	0.01266	0.01477	0.01055	0.01687	0.00949	0.00844	0.01793	0.01477	0.02320	0.01266	0.01477	0.01055	0.00527	0.00527	0.00105	0.00527	0.00422	0.00422	0.79328
22	0.01022	0.00695	0.00788	0.00784	0.00811	0.00684	0.00458	0.01061	0.01151	0.01536	0.08280	0.04837	0.06675	0.64698	0.03234	0.00626	0.00642	0.01083	0.00474	0.00461
23	0.00881	0.00630	0.00817	0.00961	0.01007	0.00589	0.00636	0.00997	0.01347	0.01785	0.03931	0.65389	0.07543	0.08469	0.01139	0.00321	0.00435	0.01915	0.00641	0.00567
24	0.01771	0.01530	0.01610	0.01449	0.01852	0.01771	0.01127	0.03784	0.69247	0.02979	0.02898	0.02657	0.02174	0.00966	0.00725	0.00242	0.00564	0.00805	0.00725	0.01127
25	0.02707	0.01995	0.02137	0.01638	0.02208	0.02208	0.01353	0.68159	0.03348	0.04488	0.01710	0.01710	0.01211	0.00855	0.00712	0.00214	0.00784	0.00641	0.00712	0.01211
26	0.02693	0.01323	0.01657	0.01313	0.01801	0.01274	0.01080	0.19034	0.02338	0.42474	0.11156	0.02900	0.02376	0.01003	0.00744	0.00225	0.00618	0.04062	0.00816	0.01115
27	0.00984	0.00727	0.00918	0.00870	0.01049	0.00662	0.00653	0.01297	0.01958	0.02720	0.60986	0.05543	0.15975	0.01506	0.00840	0.00226	0.00340	0.01319	0.00766	0.00662
28	0.00993	0.00727	0.00931	0.00880	0.01054	0.00665	0.00660	0.01314	0.01980	0.02770	0.64403	0.05459	0.12527	0.01488	0.00840	0.00225	0.00338	0.01307	0.00773	0.00665
29	0.06376	0.00826	0.00977	0.00901	0.01143	0.00759	0.00683	0.01559	0.01793	0.11503	0.34420	0.08226	0.22109	0.04477	0.00916	0.00250	0.00410	0.01234	0.00722	0.00717
30	0.01098	0.00779	0.00986	0.00919	0.01115	0.00728	0.00694	0.01495	0.05008	0.04925	0.60174	0.05227	0.11255	0.01443	0.00831	0.00226	0.00357	0.01265	0.00775	0.00704
31	0.01327	0.00664	0.00664	0.00664	0.00830	0.00664	0.00498	0.01659	0.01493	0.02655	0.02323	0.02655	0.01825	0.00830	0.00498	0.00166	0.00332	0.00664	0.78928	0.00664
32	0.71687	0.01384	0.01127	0.00984	0.01437	0.01574	0.00810	0.04252	0.01342	0.08460	0.01154	0.01272	0.00861	0.00684	0.00470	0.00220	0.00562	0.00419	0.00483	0.00819
33	0.01402	0.00967	0.01120	0.01016	0.01305	0.00946	0.00783	0.02064	0.17105	0.11026	0.28234	0.04808	0.23651	0.01376	0.00799	0.00232	0.00428	0.01171	0.00747	0.00821
34	0.00847	0.00722	0.00729	0.00727	0.00965	0.00604	0.00545	0.01033	0.01636	0.01955	0.09349	0.06801	0.68090	0.01792	0.00842	0.00240	0.00360	0.01496	0.00665	0.00604
35	0.01017	0.00763	0.01144	0.01144	0.01272	0.00890	0.00890	0.01272	0.01144	0.01653	0.01907	0.02797	0.01780	0.05340	0.72153	0.01144	0.01907	0.00763	0.00381	0.00636
36	0.00894	0.00636	0.00837	0.00967	0.01020	0.00596	0.00647	0.01034	0.01415	0.01905	0.11202	0.62264	0.04796	0.06862	0.01077	0.00308	0.00422	0.01878	0.00660	0.00579
37	0.00949	0.00721	0.00873	0.00845	0.01030	0.00645	0.00630	0.01225	0.01861	0.02512	0.47106	0.08951	0.26855	0.01602	0.00844	0.00232	0.00347	0.01390	0.00739	0.00645
38	0.01327	0.00664	0.00664	0.00664	0.00830	0.00664	0.00498	0.01659	0.01493	0.02655	0.02323	0.02655	0.01825	0.00830	0.00498	0.00166	0.00332	0.00664	0.78928	0.00664
39	0.00868	0.00620	0.00826	0.00991	0.01033	0.00578	0.00661	0.00991	0.01363	0.01818	0.03925	0.74510	0.04710	0.02231	0.00909	0.00289	0.00413	0.02024	0.00661	0.00578
40	0.00880	0.00625	0.00822	0.00975	0.01013	0.00587	0.00644	0.00995	0.01339	0.01785	0.03797	0.69226	0.04549	0.07734	0.01114	0.00320	0.00434	0.01949	0.00644	0.00567
41	0.01334	0.00935	0.01132	0.01033	0.01275	0.00934	0.00784	0.02006	0.16351	0.08006	0.45998	0.04548	0.07121	0.04260	0.00917	0.00247	0.00420	0.01137	0.00761	0.00799
42	0.80005	0.01377	0.01047	0.00936	0.01377	0.01597	0.00771	0.02093	0.01212	0.03195	0.00991	0.01157	0.00771	0.00661	0.00441	0.00220	0.00551	0.00386	0.00441	0.00771
43	0.01017	0.00763	0.01144	0.01144	0.01272	0.00890	0.00890	0.01272	0.01144	0.01653	0.01907	0.02797	0.01780	0.05340	0.72153	0.01144	0.01907	0.00763	0.00381	0.00636
44	0.01904	0.75404	0.03731	0.01218	0.01828	0.02818	0.01218	0.02132	0.01447	0.01675	0.00990	0.01142	0.00914	0.00609	0.00457	0.00152	0.00761	0.00381	0.00305	0.00914
45	0.02579	0.01931	0.02065	0.01612	0.02159	0.02148	0.01322	0.59362	0.12354	0.04281	0.01872	0.01839	0.01343	0.00870	0.00714	0.00217	0.00753	0.00664	0.00714	0.01199
46	0.01036	0.00690	0.00777	0.00777	0.00777	0.00690	0.00431	0.01036	0.01036	0.01381	0.02244	0.04660	0.02589	0.74975	0.03624	0.00690	0.00690	0.01036	0.00431	0.00431
47	0.01695	0.01058	0.01422	0.01244	0.01531	0.03321	0.03952	0.05262	0.01647	0.18571	0.10401	0.06273	0.04618	0.05150	0.29802	0.00613	0.01146	0.00890	0.00587	0.00818
48	0.01428	0.03683	0.71286	0.02030	0.03082	0.01654	0.02631	0.02255	0.01503	0.02255	0.01278	0.01503	0.00902	0.00677	0.00677	0.00226	0.01052	0.00526	0.00301	0.01052
49	0.00942	0.00725	0.00861	0.00827	0.01024	0.00644	0.00620	0.01217	0.01861	0.02489	0.45413	0.05922	0.31692	0.01592	0.00841	0.00230	0.00346	0.01372	0.00736	0.00644
50	0.01327	0.00664	0.00664	0.00664	0.00830	0.00664	0.00498	0.01659	0.01493	0.02655	0.02323	0.02655	0.01825	0.00830	0.00498	0.00166	0.00332	0.00664	0.78928	0.00664
51	0.01030	0.00688	0.00778	0.00784	0.00785	0.00687	0.00439	0.01034	0.01046	0.01395	0.02299	0.06955	0.02658	0.72584	0.03535	0.00677	0.00681	0.01068	0.00439	0.00436
52	0.01135	0.00767	0.00986	0.01049	0.01139	0.00761	0.00727	0.08189	0.01493	0.01994	0.03174	0.52901	0.03672	0.02129	0.01245	0.15343	0.00492	0.01608	0.00599	0.00595
53	0.01477	0.01266	0.01477	0.01055	0.01687	0.00949	0.00844	0.01793	0.01477	0.02320	0.01266	0.01477	0.01055	0.00527	0.00527	0.00105	0.00527	0.00422	0.00422	0.79328
54	0.02597	0.01968	0.06228	0.01595	0.02174	0.01999	0.01372	0.55248	0.03057	0.10329	0.04894	0.01926	0.01493	0.00874	0.00716	0.00215	0.00763	0.00670	0.00706	0.01177
55	0.03137	0.04546	0.01746	0.01265	0.01818	0.01126	0.01054	0.03410	0.02011	0.67909	0.02727	0.02366	0.01724	0.00869	0.00704	0.00217	0.00613	0.00701	0.00855	0.01198
56	0.01022	0.00738	0.00897	0.00855	0.01055	0.00659	0.00642	0.01299	0.01870	0.04764	0.45647	0.07799	0.26989	0.01572	0.00838	0.00231	0.00355	0.01360	0.00744	0.00664
57	0.00878	0.00703	0.00786	0.00807	0.00995	0.00610	0.00589	0.01078	0.01648	0.02082	0.18641	0.19699	0.45339	0.01820	0.00854	0.00247	0.00366	0.01563	0.00685	0.00610
58	0.02657	0.01965	0.02110	0.01615	0.02187	0.02157	0.01333	0.65458	0.03272	0.04399	0.01692	0.01700	0.01205	0.00841	0.00705	0.00209	0.00773	0.00632	0.00701	0.04390
59	0.01469	0.01441	0.02455	0.44310	0.11719	0.01731	0.09074	0.01891	0.01412	0.01908	0.01231	0.01821	0.00981	0.00792	0.01031	0.00249	0.14663	0.00654	0.00324	0.00846
60	0.01145	0.00717	0.00821	0.00801	0.00829	0.00708	0.00463	0.01159	0.01086	0.04906	0.02272	0.04547	0.02547	0.71224	0.03477	0.00667	0.00686	0.01019	0.00454	0.00471
61	0.01681	0.01921	0.04202	0.03001	0.03721	0.01801	0.67947	0.02281	0.01681	0.02281	0.01441	0.01921	0.01080	0.00600	0.00840	0.00240	0.01200	0.00840	0.00360	0.00960
62	0.01008	0.00728	0.00952	0.00896	0.01064	0.00672	0.00672	0.01344	0.02016	0.02855	0.70158	0.05319	0.06719	0.01456	0.00840	0.00224	0.00336	0.01288	0.00784	0.00672
63	0.01017	0.00763	0.01144	0.01144	0.01272	0.00890	0.00890	0.01272	0.01144	0.01653	0.01907	0.02797	0.01780	0.05340	0.72153	0.01144	0.01907	0.00763	0.00381	0.00636
64	0.01345	0.01266	0.02136	0.73264	0.04904	0.01582	0.01978	0.01819	0.01424	0.01819	0.01266	0.01898	0.00949	0.00712	0.00712	0.00237	0.00949	0.00633	0.00316	0.00791
65	0.00958	0.00753	0.00806	0.00802	0.00977	0.00691	0.00569	0.01185	0.04521	0.01877	0.08693	0.06030	0.42580	0.21947	0.01610	0.00367	0.00472	0.03972	0.00607	0.00584
66	0.01023	0.00741	0.01033	0.01033	0.01122	0.00830	0.00752	0.01200	0.01112	0.01571	0.02009	0.03359	0.02024	0.26343	0.51485	0.01007	0.01540	0.00845	0.00397	0.00574
67	0.01814	0.01551	0.01634	0.01458	0.01868	0.01791	0.01137	0.06709	0.66253	0.03047	0.02844	0.02614	0.02130	0.00961	0.00724	0.00240	0.00574	0.00798	0.00724	0.01131
68	0.02882	0.01714	0.01963	0.01505	0.02068	0.01791	0.01243	0.44942	0.02878	0.28369	0.02104	0.01966	0.01409	0.00864	0.00714	0.00216	0.00720	0.00668	0.00773	0.01211
69	0.00864	0.00722	0.00752	0.00744	0.00975	0.00610	0.00558	0.01064	0.01675	0.02047	0.15530	0.06650	0.61851	0.01757	0.00841	0.00238	0.00357	0.01474	0.00677	0.00610
70	0.00887	0.00680	0.00793	0.00851	0.00986	0.00608	0.00594	0.01048	0.01520	0.01945	0.12783	0.32692	0.32009	0.07925	0.01095	0.00294	0.00405	0.01642	0.00656	0.00587
71	0.01036	0.00690	0.00777	0.00777	0.00777	0.00690	0.00431	0.01036	0.01036	0.01381	0.02244	0.04660	0.02589	0.74975	0.03624	0.00690	0.00690	0.01036	0.00431	0.00431
72	0.01558	0.01558	0.02181	0.01869	0.01869	0.02181	0.01558	0.01714	0.01091	0.01714	0.00935	0.01558	0.00935	0.01246	0.02337	0.00312	0.73672	0.00623	0.00312	0.00779
73	0.80005	0.01377	0.01047	0.00936	0.01377	0.01597	0.00771	0.02093	0.01212	0.03195	0.00991	0.01157	0.00771	0.00661	0.00441	0.00220	0.00551	0.00386	0.00441	0.00771
74	0.02707	0.01995	0.02137	0.01638	0.02208	0.02208	0.01353	0.68159	0.03348	0.04488	0.01710	0.01710	0.01211	0.00855	0.00712	0.00214	0.00784	0.00641	0.00712	0.01211
75	0.00889	0.00633	0.00839	0.00989	0.01036	0.00594	0.00667	0.01021	0.01379	0.01843	0.06089	0.66798	0.04660	0.05543	0.01034	0.00307	0.00431	0.04015	0.00654	0.00577
76	0.00868	0.00620	0.00826	0.00991	0.01033	0.00578	0.00661	0.00991	0.01363	0.01818	0.03925	0.74510	0.04710	0.02231	0.00909	0.00289	0.00413	0.02024	0.00661	0.00578
77	0.01558	0.01558	0.02181	0.01869	0.01869	0.02181	0.01558	0.01714	0.01091	0.01714	0.00935	0.01558	0.00935	0.01246	0.02337	0.00312	0.73672	0.00623	0.00312	0.00779
78	0.01001	0.00722	0.00945	0.00901	0.01062	0.00667	0.00671	0.01326	0.01983	0.02803	0.66805	0.08822	0.06617	0.01495	0.00843	0.00227	0.00340	0.01325	0.00778	0.00667
79	0.00894	0.00635	0.00832	0.00964	0.01012	0.00596	0.00641	0.01024	0.01386	0.01862	0.09120	0.62570	0.04679	0.08785	0.01150	0.00320	0.00432	0.01875	0.00650	0.00573
80	0.01036	0.00690	0.00777	0.00777	0.00777	0.00690	0.00431	0.01036	0.01036	0.01381	0.02244	0.04660	0.02589	0.74975	0.03624	0.00690	0.00690	0.01036	0.00431	0.00431
81	0.02660	0.03394	0.02018	0.01834	0.02201	0.72116	0.01376	0.02843	0.02018	0.01743	0.01101	0.01284	0.00917	0.00734	0.00642	0.00183	0.01284	0.00459	0.00367	0.00825
82	0.01147	0.00820	0.01147	0.01311	0.01475	0.00820	0.01147	0.01475	0.01639	0.02131	0.03770	0.08032	0.04098	0.01967	0.00984	0.00328	0.00656	0.65741	0.00656	0.00656
83	0.00995	0.00711	0.00973	0.01137	0.01234	0.00688	0.00883	0.01212	0.01489	0.01960	0.03854	0.44235	0.04431	0.02111	0.00943	0.00307	0.00524	0.31042	0.00659	0.00614
84	0.03129	0.01226	0.01651	0.01275	0.01819	0.01080	0.01050	0.03485	0.05131	0.67895	0.02813	0.02434	0.01782	0.00885	0.00716	0.00221	0.00604	0.00720	0.00874	0.01208
85	0.00875	0.00623	0.00824	0.00982	0.01021	0.00583	0.00651	0.00993	0.01348	0.01798	0.03848	0.71337	0.04613	0.05536	0.01032	0.00307	0.00426	0.01979	0.00651	0.00572
86	0.01008	0.00728	0.00952	0.00896	0.01064	0.00672	0.00672	0.01344	0.02016	0.02855	0.70158	0.05319	0.06719	0.01456	0.00840	0.00224	0.00336	0.01288	0.00784	0.00672
87	0.01477	0.01266	0.01477	0.01055	0.01687	0.00949	0.00844	0.01793	0.01477	0.02320	0.01266	0.01477	0.01055	0.00527	0.00527	0.00105	0.00527	0.00422	0.00422	0.79328
88	0.00926	0.00662	0.00894	0.01059	0.01126	0.00629	0.00763	0.01093	0.01421	0.01884	0.03892	0.60542	0.04581	0.02175	0.00925	0.00297	0.00464	0.15412	0.00660	0.00595
89	0.80005	0.01377	0.01047	0.00936	0.01377	0.01597	0.00771	0.02093	0.01212	0.03195	0.00991	0.01157	0.00771	0.00661	0.00441	0.00220	0.00551	0.00386	0.00441	0.00771
90	0.02707	0.01995	0.02137	0.01638	0.02208	0.02208	0.01353	0.68159	0.03348	0.04488	0.01710	0.01710	0.01211	0.00855	0.00712	0.00214	0.00784	0.00641	0.00712	0.01211
91	0.01428	0.03683	0.71286	0.02030	0.03082	0.01654	0.02631	0.02255	0.01503	0.02255	0.01278	0.01503	0.00902	0.00677	0.00677	0.00226	0.01052	0.00526	0.00301	0.01052
92	0.00868	0.00620	0.00826	0.00991	0.01033	0.00578	0.00661	0.00991	0.01363	0.01818	0.03925	0.74510	0.04710	0.02231	0.00909	0.00289	0.00413	0.02024	0.00661	0.00578
93	0.01428	0.03683	0.71286	0.02030	0.03082	0.01654	0.02631	0.02255	0.01503	0.02255	0.01278	0.01503	0.00902	0.00677	0.00677	0.00226	0.01052	0.00526	0.00301	0.01052
94	0.01345	0.01266	0.02136	0.73264	0.04904	0.01582	0.01978	0.01819	0.01424	0.01819	0.01266	0.01898	0.00949	0.00712	0.00712	0.00237	0.00949	0.00633	0.00316	0.00791
95	0.00851	0.00717	0.00738	0.00742	0.00970	0.00604	0.00553	0.01037	0.01631	0.01966	0.10252	0.09816	0.64083	0.01805	0.00845	0.00242	0.00362	0.01515	0.00667	0.00604
96	0.01192	0.00871	0.01181	0.01321	0.01502	0.00888	0.01146	0.01642	0.06509	0.02192	0.03707	0.07645	0.03959	0.01895	0.00965	0.00322	0.00649	0.61064	0.00661	0.00690
97	0.80005	0.01377	0.01047	0.00936	0.01377	0.01597	0.00771	0.02093	0.01212	0.03195	0.00991	0.01157	0.00771	0.00661	0.00441	0.00220	0.00551	0.00386	0.00441	0.00771
98	0.02664	0.01973	0.02113	0.01630	0.02192	0.02188	0.01343	0.65197	0.06380	0.04418	0.01764	0.01753	0.01255	0.00860	0.00713	0.00215	0.00773	0.00649	0.00713	0.01207
99	0.00962	0.00726	0.00889	0.00848	0.01036	0.00652	0.00636	0.01256	0.01908	0.02600	0.52915	0.05739	0.24121	0.01551	0.00840	0.00228	0.00343	0.01347	0.00750	0.00652
100	0.01345	0.01266	0.02136	0.73264	0.04904	0.01582	0.01978	0.01819	0.01424	0.01819	0.01266	0.01898	0.00949	0.00712	0.00712	0.00237	0.00949	0.00633	0.00316	0.00791
101	0.00910	0.00650	0.00875	0.01040	0.01099	0.00615	0.00734	0.01064	0.01405	0.01865	0.03901	0.64509	0.04618	0.02191	0.00920	0.00295	0.00450	0.11610	0.00660	0.00590
102	0.00969	0.00689	0.00881	0.00999	0.01060	0.00664	0.00669	0.04048	0.01420	0.01894	0.03650	0.63976	0.04331	0.09694	0.01181	0.00327	0.00459	0.01859	0.00640	0.00592
103	0.01017	0.00763	0.01144	0.01144	0.01272	0.00890	0.00890	0.01272	0.01144	0.01653	0.01907	0.02797	0.01780	0.05340	0.72153	0.01144	0.01907	0.00763	0.00381	0.00636
104	0.00984	0.00769	0.00908	0.00959	0.01136	0.00724	0.00722	0.01327	0.06772	0.02114	0.12876	0.25864	0.29339	0.01844	0.00872	0.00265	0.00430	0.10764	0.00680	0.00651
105	0.01151	0.00990	0.01017	0.00963	0.01258	0.00990	0.00736	0.01940	0.24105	0.02274	0.05779	0.05458	0.47614	0.01525	0.00803	0.00241	0.00428	0.01271	0.00682	0.00776
106	0.00980	0.00731	0.00831	0.00809	0.01010	0.00642	0.00596	0.01197	0.01708	0.04258	0.26543	0.09195	0.40358	0.06734	0.01032	0.00268	0.00385	0.01403	0.00691	0.00629
107	0.00868	0.00620	0.00826	0.00991	0.01033	0.00578	0.00661	0.00991	0.01363	0.01818	0.03925	0.74510	0.04710	0.02231	0.00909	0.00289	0.00413	0.02024	0.00661	0.00578
108	0.00868	0.00620	0.00826	0.00991	0.01033	0.00578	0.00661	0.00991	0.01363	0.01818	0.03925	0.74510	0.04710	0.02231	0.00909	0.00289	0.00413	0.02024	0.00661	0.00578
109	0.03195	0.01212	0.01652	0.01267	0.01818	0.01047	0.01047	0.03470	0.02038	0.71026	0.02809	0.02424	0.01763	0.00881	0.00716	0.00220	0.00606	0.00716	0.00881	0.01212
110	0.01652	0.01283	0.01389	0.01257	0.01618	0.01399	0.00973	0.03030	0.45476	0.08575	0.05660	0.06823	0.15439	0.01191	0.00758	0.00241	0.00515	0.01001	0.00725	0.00995
111	0.02520	0.01902	0.02032	0.01600	0.02137	0.02121	0.01308	0.55282	0.16530	0.04186	0.01947	0.01899	0.01404	0.00877	0.00715	0.00219	0.00740	0.00674	0.00715	0.01194
112	0.02665	0.03243	0.02031	0.01813	0.02202	0.64580	0.01373	0.09885	0.02161	0.02039	0.01166	0.01330	0.00949	0.00747	0.00650	0.00187	0.01230	0.00478	0.00404	0.00867
113	0.03195	0.01212	0.01652	0.01267	0.01818	0.01047	0.01047	0.03470	0.02038	0.71026	0.02809	0.02424	0.01763	0.00881	0.00716	0.00220	0.00606	0.00716	0.00881	0.01212
114	0.00910	0.00734	0.00816	0.00843	0.01033	0.00658	0.00613	0.01179	0.04715	0.02056	0.13628	0.23422	0.43196	0.01831	0.00853	0.00251	0.00380	0.01576	0.00679	0.00628
115	0.00958	0.00663	0.00794	0.00862	0.00890	0.00640	0.00530	0.01017	0.01197	0.01585	0.03161	0.33363	0.06569	0.41823	0.02384	0.00505	0.00562	0.01462	0.00536	0.00499
116	0.01608	0.01641	0.02174	0.01868	0.01885	0.05359	0.01550	0.01765	0.01133	0.01715	0.00942	0.01545	0.00934	0.01223	0.02260	0.00306	0.70383	0.00616	0.00314	0.00781
117	0.00886	0.00646	0.00835	0.00951	0.01031	0.00595	0.00651	0.01047	0.01486	0.01983	0.14114	0.57660	0.11342	0.02074	0.00892	0.00275	0.00397	0.01864	0.00679	0.00595
118	0.00918	0.00669	0.00837	0.00954	0.01020	0.00636	0.00636	0.01095	0.03646	0.01809	0.03962	0.56798	0.10206	0.11755	0.01255	0.00336	0.00450	0.01806	0.00633	0.00580
119	0.00849	0.00720	0.00724	0.00724	0.00954	0.00605	0.00537	0.01022	0.01599	0.01902	0.07011	0.06764	0.67491	0.04781	0.00955	0.00259	0.00374	0.01484	0.00652	0.00594
120	0.03123	0.01228	0.01650	0.01276	0.01819	0.01083	0.01051	0.03486	0.05440	0.67582	0.02814	0.02435	0.01783	0.00886	0.00717	0.00221	0.00604	0.00721	0.00873	0.01208
121	0.01355	0.00930	0.01130	0.01120	0.01295	0.00935	0.00808	0.14561	0.01808	0.05527	0.06409	0.50644	0.03882	0.04819	0.00968	0.00284	0.00504	0.01614	0.00678	0.00732
122	0.00885	0.00643	0.00835	0.00957	0.01032	0.00593	0.00653	0.01042	0.01474	0.01969	0.13315	0.59673	0.10117	0.02090	0.00894	0.00276	0.00398	0.01882	0.00678	0.00593
123	0.03613	0.00851	0.01112	0.01002	0.01255	0.00782	0.00778	0.01821	0.01952	0.17757	0.47442	0.07840	0.05258	0.01367	0.00812	0.00231	0.00419	0.04136	0.00785	0.00788
124	0.16177	0.01240	0.01550	0.01211	0.01743	0.01140	0.01000	0.03237	0.01898	0.59562	0.02502	0.02210	0.01595	0.00844	0.00670	0.00220	0.00597	0.00660	0.00807	0.01137
125	0.01340	0.01238	0.01764	0.01578	0.01629	0.01662	0.01289	0.01536	0.01112	0.01689	0.01326	0.02057	0.01275	0.02894	0.30427	0.00647	0.44797	0.00679	0.00340	0.00721
126	0.02536	0.03211	0.01929	0.01759	0.02117	0.67239	0.01319	0.02719	0.01991	0.01755	0.01518	0.01664	0.05645	0.00807	0.00656	0.00187	0.01221	0.00530	0.00387	0.00810
127	0.01477	0.01266	0.01477	0.01055	0.01687	0.00949	0.00844	0.01793	0.01477	0.02320	0.01266	0.01477	0.01055	0.00527	0.00527	0.00105	0.00527	0.00422	0.00422	0.79328
128	0.00993	0.00695	0.00787	0.00791	0.00847	0.00668	0.00484	0.01060	0.01238	0.01629	0.09512	0.08921	0.13666	0.52598	0.02777	0.00554	0.00590	0.01187	0.00513	0.00489
129	0.01296	0.04204	0.01633	0.01422	0.01515	0.03572	0.01139	0.01493	0.01238	0.01766	0.05211	0.12933	0.02065	0.02718	0.25070	0.00570	0.30143	0.00896	0.00412	0.00703
130	0.01771	0.01486	0.02078	0.04443	0.02244	0.01427	0.12367	0.06701	0.15116	0.07437	0.01743	0.01889	0.01332	0.00714	0.00736	0.00185	0.04052	0.00622	0.00514	0.33144
131	0.01298	0.07770	0.01424	0.01162	0.01351	0.05717	0.00899	0.05229	0.01347	0.01788	0.01892	0.05640	0.01853	0.14809	0.43653	0.00835	0.01454	0.00793	0.00411	0.00673
132	0.01630	0.26191	0.06981	0.01618	0.04178	0.01831	0.11611	0.02060	0.04590	0.02057	0.01385	0.03856	0.01204	0.00918	0.04270	0.00224	0.03093	0.00578	0.00380	0.21345
133	0.01358	0.01296	0.01517	0.01405	0.01524	0.09525	0.01111	0.01564	0.01249	0.01685	0.01782	0.02503	0.04570	0.05633	0.38120	0.00735	0.22628	0.00729	0.00374	0.00692
134	0.00938	0.00651	0.00812	0.00905	0.00936	0.00625	0.00573	0.01022	0.01264	0.01692	0.05931	0.44939	0.03976	0.30112	0.01948	0.00440	0.00516	0.01615	0.00578	0.00526
135	0.01138	0.00813	0.01136	0.01300	0.01460	0.00811	0.01130	0.01458	0.01630	0.02120	0.03776	0.10364	0.04119	0.01976	0.00981	0.00326	0.00647	0.63506	0.00656	0.00653
136	0.02418	0.25299	0.02531	0.01621	0.02059	0.45523	0.01318	0.02619	0.01815	0.04835	0.01138	0.01300	0.00955	0.00718	0.00641	0.00180	0.03338	0.00451	0.00369	0.00868
137	0.01439	0.03611	0.68528	0.02069	0.03108	0.01660	0.05316	0.02256	0.01511	0.02256	0.01285	0.01521	0.00909	0.00673	0.00683	0.00226	0.01058	0.00539	0.00303	0.01049
138	0.01327	0.00664	0.00664	0.00664	0.00830	0.00664	0.00498	0.01659	0.01493	0.02655	0.02323	0.02655	0.01825	0.00830	0.00498	0.00166	0.00332	0.00664	0.78928	0.00664
139	0.03121	0.01329	0.01725	0.01323	0.01876	0.01221	0.01093	0.13189	0.02235	0.61030	0.02644	0.02316	0.01680	0.00877	0.00716	0.00219	0.00633	0.00705	0.00856	0.01212
140	0.00842	0.00721	0.00721	0.00721	0.00962	0.00601	0.00541	0.01022	0.01623	0.01924	0.07213	0.06853	0.70244	0.01803	0.00842	0.00240	0.00361	0.01503	0.00661	0.00601
141	0.80005	0.01377	0.01047	0.00936	0.01377	0.01597	0.00771	0.02093	0.01212	0.03195	0.00991	0.01157	0.00771	0.00661	0.00441	0.00220	0.00551	0.00386	0.00441	0.00771
142	0.01036	0.00690	0.00777	0.00777	0.00777	0.00690	0.00431	0.01036	0.01036	0.01381	0.02244	0.04660	0.02589	0.74975	0.03624	0.00690	0.00690	0.01036	0.00431	0.00431
143	0.02707	0.01995	0.02137	0.01638	0.02208	0.02208	0.01353	0.68159	0.03348	0.04488	0.01710	0.01710	0.01211	0.00855	0.00712	0.00214	0.00784	0.00641	0.00712	0.01211
144	0.80005	0.01377	0.01047	0.00936	0.01377	0.01597	0.00771	0.02093	0.01212	0.03195	0.00991	0.01157	0.00771	0.00661	0.00441	0.00220	0.00551	0.00386	0.00441	0.00771
145	0.00876	0.00723	0.00769	0.00758	0.00983	0.00616	0.00568	0.01089	0.01705	0.02118	0.20345	0.06533	0.56991	0.01731	0.00841	0.00237	0.00356	0.01458	0.00687	0.00616
146	0.00867	0.00624	0.00822	0.00981	0.01030	0.00579	0.00656	0.00993	0.01374	0.01822	0.04056	0.71802	0.07333	0.02214	0.00906	0.00287	0.00411	0.02003	0.00661	0.00579
147	0.01036	0.00690	0.00777	0.00777	0.00777	0.00690	0.00431	0.01036	0.01036	0.01381	0.02244	0.04660	0.02589	0.74975	0.03624	0.00690	0.00690	0.01036	0.00431	0.00431
148	0.02707	0.01995	0.02137	0.01638	0.02208	0.02208	0.01353	0.68159	0.03348	0.04488	0.01710	0.01710	0.01211	0.00855	0.00712	0.00214	0.00784	0.00641	0.00712	0.01211
149	0.01123	0.00802	0.01120	0.01284	0.01437	0.00799	0.01106	0.01434	0.01615	0.02104	0.03783	0.13751	0.04151	0.01990	0.00977	0.00325	0.00635	0.60260	0.00656	0.00649
150	0.00847	0.00722	0.00729	0.00727	0.00965	0.00603	0.00545	0.01032	0.01636	0.01954	0.09282	0.06802	0.68157	0.01792	0.00842	0.00240	0.00360	0.01496	0.00665	0.00603
151	0.01008	0.00728	0.00952	0.00896	0.01064	0.00672	0.00672	0.01344	0.02016	0.02855	0.70158	0.05319	0.06719	0.01456	0.00840	0.00224	0.00336	0.01288	0.00784	0.00672
152	0.00867	0.00729	0.00757	0.00770	0.01004	0.00619	0.00591	0.01059	0.01624	0.01941	0.06928	0.06951	0.64762	0.01817	0.00853	0.00248	0.00385	0.06827	0.00661	0.00606
153	0.01428	0.03683	0.71286	0.02030	0.03082	0.01654	0.02631	0.02255	0.01503	0.02255	0.01278	0.01503	0.00902	0.00677	0.00677	0.00226	0.01052	0.00526	0.00301	0.01052
154	0.01771	0.01530	0.01610	0.01449	0.01852	0.01771	0.01127	0.03784	0.69247	0.02979	0.02898	0.02657	0.02174	0.00966	0.00725	0.00242	0.00564	0.00805	0.00725	0.01127
155	0.02707	0.01995	0.02137	0.01638	0.02208	0.02208	0.01353	0.68159	0.03348	0.04488	0.01710	0.01710	0.01211	0.00855	0.00712	0.00214	0.00784	0.00641	0.00712	0.01211
156	0.00868	0.00620	0.00826	0.00991	0.01033	0.00578	0.00661	0.00991	0.01363	0.01818	0.03925	0.74510	0.04710	0.02231	0.00909	0.00289	0.00413	0.02024	0.00661	0.00578
157	0.02707	0.01995	0.02137	0.01638	0.02208	0.02208	0.01353	0.68159	0.03348	0.04488	0.01710	0.01710	0.01211	0.00855	0.00712	0.00214	0.00784	0.00641	0.00712	0.01211
158	0.80005	0.01377	0.01047	0.00936	0.01377	0.01597	0.00771	0.02093	0.01212	0.03195	0.00991	0.01157	0.00771	0.00661	0.00441	0.00220	0.00551	0.00386	0.00441	0.00771
159	0.01582	0.00916	0.01237	0.01061	0.01350	0.00843	0.02863	0.01879	0.01916	0.20140	0.38184	0.04592	0.15383	0.01331	0.00859	0.00229	0.02924	0.01140	0.00760	0.00812
160	0.01686	0.01926	0.06494	0.02699	0.03379	0.01790	0.53996	0.02534	0.13093	0.02398	0.01680	0.02028	0.01258	0.00665	0.00814	0.00240	0.01087	0.00822	0.00419	0.00992
161	0.02207	0.01700	0.01863	0.01521	0.01961	0.01923	0.01224	0.40321	0.19988	0.03611	0.02023	0.02175	0.01558	0.04975	0.06060	0.00316	0.04114	0.00711	0.00659	0.01089
162	0.01345	0.01266	0.02136	0.73264	0.04904	0.01582	0.01978	0.01819	0.01424	0.01819	0.01266	0.01898	0.00949	0.00712	0.00712	0.00237	0.00949	0.00633	0.00316	0.00791
163	0.02704	0.02065	0.02131	0.01648	0.02208	0.05747	0.01355	0.64853	0.03281	0.04349	0.01679	0.01688	0.01196	0.00849	0.00709	0.00212	0.00809	0.00632	0.00695	0.01191
164	0.01009	0.00726	0.00945	0.00891	0.01052	0.00673	0.00662	0.01331	0.01975	0.02795	0.67366	0.05292	0.06549	0.04478	0.00954	0.00243	0.00351	0.01277	0.00769	0.00662
165	0.01028	0.00687	0.00779	0.00786	0.00788	0.00685	0.00442	0.01034	0.01050	0.01400	0.02319	0.07799	0.02684	0.71706	0.03502	0.00672	0.00678	0.01080	0.00442	0.00438
166	0.80005	0.01377	0.01047	0.00936	0.01377	0.01597	0.00771	0.02093	0.01212	0.03195	0.00991	0.01157	0.00771	0.00661	0.00441	0.00220	0.00551	0.00386	0.00441	0.00771
167	0.00872	0.00623	0.00831	0.00988	0.01034	0.00582	0.00661	0.01004	0.01386	0.01854	0.06248	0.72084	0.04780	0.02204	0.00906	0.00287	0.00410	0.01998	0.00665	0.00582
168	0.01023	0.00688	0.00777	0.00785	0.00793	0.00683	0.00445	0.01033	0.01066	0.01415	0.02457	0.07860	0.04556	0.69681	0.03425	0.00660	0.00669	0.01093	0.00448	0.00443
169	0.02660	0.03394	0.02018	0.01834	0.02201	0.72116	0.01376	0.02843	0.02018	0.01743	0.01101	0.01284	0.00917	0.00734	0.00642	0.00183	0.01284	0.00459	0.00367	0.00825
170	0.01001	0.00728	0.00943	0.00889	0.01060	0.00669	0.00667	0.01331	0.02000	0.02818	0.67638	0.05380	0.09261	0.01470	0.00840	0.00225	0.00337	0.01296	0.00779	0.00669
171	0.01449	0.01237	0.01447	0.01052	0.01658	0.00933	0.00836	0.01757	0.01471	0.02298	0.01385	0.04759	0.01219	0.00604	0.00544	0.00114	0.00522	0.00494	0.00433	0.75789
172	0.03130	0.01254	0.01671	0.01288	0.01835	0.01117	0.01062	0.06113	0.04197	0.66187	0.02767	0.02402	0.01753	0.00883	0.00716	0.00221	0.00612	0.00716	0.00870	0.01209
173	0.01730	0.01677	0.02939	0.04121	0.61614	0.01666	0.08156	0.02165	0.01628	0.02314	0.01448	0.02032	0.01244	0.00686	0.00729	0.00219	0.00871	0.03303	0.00366	0.01093
174	0.01156	0.00619	0.00905	0.00942	0.00951	0.00610	0.00628	0.00942	0.01023	0.01364	0.01827	0.18054	0.02000	0.02420	0.02371	0.61933	0.00573	0.00927	0.00386	0.00368
175	0.01017	0.00763	0.01144	0.01144	0.01272	0.00890	0.00890	0.01272	0.01144	0.01653	0.01907	0.02797	0.01780	0.05340	0.72153	0.01144	0.01907	0.00763	0.00381	0.00636
176	0.02253	0.01150	0.01477	0.01134	0.01649	0.00952	0.00916	0.02552	0.01845	0.36558	0.13466	0.02585	0.02347	0.00857	0.00673	0.00182	0.00535	0.00712	0.00710	0.27448
177	0.01128	0.00634	0.00878	0.00908	0.00915	0.00626	0.00587	0.00962	0.01029	0.01371	0.01931	0.15714	0.02144	0.17565	0.02621	0.48650	0.00596	0.00959	0.00398	0.00383
178	0.00868	0.00705	0.00741	0.00763	0.00949	0.00609	0.00544	0.01020	0.01520	0.01846	0.06203	0.15321	0.53809	0.10491	0.01179	0.00300	0.00406	0.01515	0.00634	0.00578
179	0.00868	0.00620	0.00826	0.00991	0.01033	0.00578	0.00661	0.00991	0.01363	0.01818	0.03925	0.74510	0.04710	0.02231	0.00909	0.00289	0.00413	0.02024	0.00661	0.00578
180	0.00868	0.00620	0.00826	0.00991	0.01033	0.00578	0.00661	0.00991	0.01363	0.01818	0.03925	0.74510	0.04710	0.02231	0.00909	0.00289	0.00413	0.02024	0.00661	0.00578
181	0.00975	0.00727	0.00906	0.00861	0.01043	0.00658	0.00646	0.01280	0.01937	0.02670	0.57617	0.05625	0.19375	0.01525	0.00840	0.00227	0.00341	0.01331	0.00759	0.00658
182	0.01245	0.00777	0.01029	0.00965	0.01165	0.00713	0.00736	0.01556	0.01946	0.10249	0.54027	0.10722	0.05878	0.01481	0.00839	0.00234	0.00388	0.04547	0.00778	0.00723
183	0.01028	0.00687	0.00779	0.00786	0.00788	0.00685	0.00442	0.01034	0.01050	0.01401	0.02320	0.07834	0.02685	0.71670	0.03501	0.00672	0.00678	0.01080	0.00442	0.00438
184	0.01681	0.01921	0.04202	0.03001	0.03721	0.01801	0.67947	0.02281	0.01681	0.02281	0.01441	0.01921	0.01080	0.00600	0.00840	0.00240	0.01200	0.00840	0.00360	0.00960
185	0.00878	0.00628	0.00836	0.00984	0.01035	0.00585	0.00662	0.01018	0.01412	0.01894	0.08822	0.69394	0.04858	0.02174	0.00904	0.00284	0.00407	0.01970	0.00670	0.00585
186	0.00903	0.00647	0.00858	0.00968	0.01041	0.00602	0.00664	0.01080	0.01527	0.02078	0.20511	0.57183	0.05213	0.02037	0.00892	0.00273	0.00394	0.01840	0.00692	0.00602
187	0.01147	0.00820	0.01147	0.01311	0.01475	0.00820	0.01147	0.01475	0.01639	0.02131	0.03770	0.08032	0.04098	0.01967	0.00984	0.00328	0.00656	0.65741	0.00656	0.00656
188	0.01944	0.01662	0.02020	0.01656	0.02140	0.01832	0.09046	0.16962	0.44763	0.03185	0.02412	0.02324	0.01798	0.00882	0.00728	0.00230	0.00683	0.00759	0.00667	0.04307
189	0.02630	0.03338	0.02047	0.01918	0.04451	0.69798	0.01402	0.02822	0.02005	0.01762	0.01109	0.01300	0.00924	0.00731	0.00644	0.00184	0.01270	0.00464	0.00366	0.00835
190	0.00999	0.00728	0.00940	0.00887	0.01059	0.00668	0.00665	0.01327	0.01996	0.02808	0.66971	0.05397	0.09935	0.01473	0.00840	0.00225	0.00337	0.01299	0.00778	0.00668
191	0.02707	0.01995	0.02137	0.01638	0.02208	0.02208	0.01353	0.68159	0.03348	0.04488	0.01710	0.01710	0.01211	0.00855	0.00712	0.00214	0.00784	0.00641	0.00712	0.01211
192	0.00875	0.00623	0.00824	0.00982	0.01021	0.00584	0.00650	0.00994	0.01348	0.01798	0.03847	0.71298	0.04612	0.05577	0.01034	0.00308	0.00426	0.01979	0.00650	0.00572
193	0.00868	0.00620	0.00826	0.00991	0.01033	0.00578	0.00661	0.00991	0.01363	0.01818	0.03925	0.74510	0.04710	0.02231	0.00909	0.00289	0.00413	0.02024	0.00661	0.00578
194	0.80005	0.01377	0.01047	0.00936	0.01377	0.01597	0.00771	0.02093	0.01212	0.03195	0.00991	0.01157	0.00771	0.00661	0.00441	0.00220	0.00551	0.00386	0.00441	0.00771
195	0.01558	0.01558	0.02181	0.01869	0.01869	0.02181	0.01558	0.01714	0.01091	0.01714	0.00935	0.01558	0.00935	0.01246	0.02337	0.00312	0.73672	0.00623	0.00312	0.00779
196	0.00868	0.00620	0.00826	0.00991	0.01033	0.00578	0.00661	0.00991	0.01363	0.01818	0.03925	0.74510	0.04710	0.02231	0.00909	0.00289	0.00413	0.02024	0.00661	0.00578
197	0.01371	0.00706	0.00711	0.00695	0.00874	0.00713	0.00525	0.03786	0.01553	0.02713	0.02303	0.02624	0.01805	0.00830	0.00505	0.00167	0.00346	0.00663	0.76426	0.00681
198	0.80005	0.01377	0.01047	0.00936	0.01377	0.01597	0.00771	0.02093	0.01212	0.03195	0.00991	0.01157	0.00771	0.00661	0.00441	0.00220	0.00551	0.00386	0.00441	0.00771
199	0.00842	0.00721	0.00721	0.00721	0.00962	0.00601	0.00541	0.01022	0.01623	0.01924	0.07213	0.06853	0.70244	0.01803	0.00842	0.00240	0.00361	0.01503	0.00661	0.00601
200	0.00869	0.00635	0.00818	0.00956	0.01025	0.00584	0.00647	0.01006	0.01415	0.01864	0.06437	0.64208	0.12609	0.02155	0.00899	0.00281	0.00404	0.01938	0.00665	0.00584
201	0.02664	0.01973	0.02113	0.01630	0.02192	0.02188	0.01343	0.65198	0.06379	0.04418	0.01764	0.01753	0.01255	0.00860	0.00713	0.00215	0.00773	0.00649	0.00713	0.01207
202	0.80005	0.01377	0.01047	0.00936	0.01377	0.01597	0.00771	0.02093	0.01212	0.03195	0.00991	0.01157	0.00771	0.00661	0.00441	0.00220	0.00551	0.00386	0.00441	0.00771
203	0.01035	0.00693	0.00792	0.00792	0.00797	0.00699	0.00450	0.01045	0.01040	0.01392	0.02230	0.04583	0.02556	0.72113	0.06441	0.00709	0.00740	0.01024	0.00429	0.00440
204	0.03027	0.01297	0.01686	0.01301	0.01836	0.01188	0.01071	0.12213	0.02216	0.58797	0.05758	0.02459	0.01915	0.00904	0.00721	0.00220	0.00618	0.00732	0.00854	0.01187
205	0.01017	0.00763	0.01144	0.01144	0.01272	0.00890	0.00890	0.01272	0.01144	0.01653	0.01907	0.02797	0.01780	0.05340	0.72153	0.01144	0.01907	0.00763	0.00381	0.00636
206	0.01887	0.01561	0.01648	0.01431	0.01855	0.01769	0.01128	0.16450	0.50912	0.03200	0.02989	0.02787	0.07168	0.01008	0.00731	0.00236	0.00592	0.00825	0.00717	0.01104
207	0.01019	0.00755	0.01106	0.01106	0.01220	0.00869	0.00842	0.01247	0.01133	0.01625	0.01942	0.02992	0.01865	0.12616	0.64993	0.01097	0.01780	0.00791	0.00387	0.00614
208	0.80005	0.01377	0.01047	0.00936	0.01377	0.01597	0.00771	0.02093	0.01212	0.03195	0.00991	0.01157	0.00771	0.00661	0.00441	0.00220	0.00551	0.00386	0.00441	0.00771
209	0.00879	0.00625	0.00823	0.00976	0.01015	0.00586	0.00645	0.00995	0.01340	0.01787	0.03807	0.69604	0.04561	0.07340	0.01100	0.00317	0.00433	0.01955	0.00645	0.00568
210	0.01028	0.00687	0.00779	0.00787	0.00788	0.00685	0.00442	0.01033	0.01051	0.01401	0.02321	0.07872	0.02686	0.71629	0.03499	0.00672	0.00678	0.01081	0.00442	0.00438
211	0.02660	0.03394	0.02018	0.01834	0.02201	0.72116	0.01376	0.02843	0.02018	0.01743	0.01101	0.01284	0.00917	0.00734	0.00642	0.00183	0.01284	0.00459	0.00367	0.00825
212	0.00997	0.00690	0.00831	0.00847	0.00898	0.00675	0.00536	0.01094	0.01289	0.01747	0.14959	0.15914	0.05803	0.44576	0.05678	0.00548	0.00626	0.01242	0.00537	0.00513
213	0.00868	0.00620	0.00826	0.00991	0.01033	0.00578	0.00661	0.00991	0.01363	0.01818	0.03925	0.74510	0.04710	0.02231	0.00909	0.00289	0.00413	0.02024	0.00661	0.00578
214	0.00960	0.00752	0.00889	0.00953	0.01153	0.00681	0.00769	0.01197	0.01635	0.02035	0.08692	0.10316	0.40710	0.01866	0.00895	0.00273	0.00467	0.24468	0.00665	0.00623
215	0.01477	0.01266	0.01477	0.01055	0.01687	0.00949	0.00844	0.01793	0.01477	0.02320	0.01266	0.01477	0.01055	0.00527	0.00527	0.00105	0.00527	0.00422	0.00422	0.79328
216	0.77294	0.01399	0.01085	0.00961	0.01406	0.01619	0.00792	0.04410	0.01287	0.03240	0.01017	0.01176	0.00787	0.00668	0.00450	0.00220	0.00559	0.00395	0.00450	0.00787
217	0.01984	0.01616	0.01736	0.01435	0.01924	0.01754	0.01142	0.21587	0.39089	0.03291	0.02284	0.02188	0.01711	0.00860	0.00687	0.00210	0.00619	0.00693	0.00669	0.14519
218	0.02629	0.01956	0.02093	0.01623	0.02178	0.02172	0.01335	0.62794	0.08839	0.04362	0.01809	0.01789	0.01291	0.00864	0.00713	0.00216	0.00765	0.00655	0.00713	0.01204
219	0.01036	0.00690	0.00777	0.00777	0.00777	0.00690	0.00431	0.01036	0.01036	0.01381	0.02244	0.04660	0.02589	0.74975	0.03624	0.00690	0.00690	0.01036	0.00431	0.00431
220	0.01024	0.00737	0.01014	0.01014	0.01096	0.00819	0.00727	0.01188	0.01106	0.01556	0.02027	0.03459	0.02067	0.30067	0.47820	0.00983	0.01475	0.00860	0.00399	0.00563
221	0.02495	0.01875	0.02009	0.01587	0.02113	0.02086	0.01295	0.55374	0.14305	0.04155	0.01975	0.04061	0.01477	0.00915	0.00720	0.00221	0.00736	0.00710	0.00713	0.01178
222	0.10169	0.01492	0.01738	0.01456	0.04005	0.01541	0.01144	0.18617	0.15893	0.32839	0.02347	0.02160	0.01600	0.00863	0.00690	0.00223	0.00641	0.00682	0.00751	0.01149
223	0.00856	0.00726	0.00741	0.00748	0.00985	0.00611	0.00569	0.01043	0.01624	0.01933	0.07055	0.06907	0.67202	0.01811	0.00848	0.00244	0.00374	0.04457	0.00661	0.00604
224	0.01428	0.03683	0.71286	0.02030	0.03082	0.01654	0.02631	0.02255	0.01503	0.02255	0.01278	0.01503	0.00902	0.00677	0.00677	0.00226	0.01052	0.00526	0.00301	0.01052
225	0.05950	0.01874	0.01988	0.01543	0.02094	0.05163	0.01268	0.49250	0.02932	0.17902	0.01877	0.01813	0.01292	0.00847	0.00699	0.00214	0.00761	0.00638	0.00720	0.01175
226	0.02690	0.01793	0.01982	0.01534	0.02072	0.01935	0.01256	0.52311	0.05268	0.15556	0.01957	0.01982	0.01393	0.03879	0.00832	0.00235	0.00742	0.00675	0.00730	0.01177
227	0.02519	0.01838	0.02014	0.01592	0.02102	0.02051	0.01303	0.49164	0.14632	0.08619	0.01953	0.01916	0.01402	0.00896	0.00797	0.00224	0.04423	0.00674	0.00706	0.01175
228	0.01134	0.00629	0.00912	0.00950	0.00967	0.00627	0.00638	0.00965	0.01042	0.01397	0.01916	0.18696	0.02097	0.04773	0.06350	0.54511	0.00648	0.00958	0.00397	0.00393
229	0.00915	0.00653	0.00881	0.01046	0.01108	0.00619	0.00743	0.01073	0.01410	0.01871	0.03899	0.63275	0.04606	0.02186	0.00921	0.00296	0.00454	0.12793	0.00660	0.00591
230	0.02752	0.01922	0.02092	0.01604	0.02172	0.02100	0.01325	0.62147	0.03226	0.10671	0.01812	0.01776	0.01262	0.00857	0.00713	0.00214	0.00767	0.00648	0.00728	0.01211
231	0.02251	0.01762	0.01882	0.01531	0.02032	0.01964	0.01233	0.37609	0.31409	0.03743	0.02197	0.02103	0.01615	0.00887	0.00709	0.00221	0.00678	0.00701	0.00704	0.04770
232	0.01282	0.00665	0.00681	0.00686	0.00831	0.00664	0.00496	0.01573	0.01442	0.02495	0.02367	0.05228	0.01999	0.08567	0.00836	0.00224	0.00372	0.00747	0.68209	0.00637
233	0.00984	0.00727	0.00919	0.00871	0.01049	0.00662	0.00653	0.01297	0.01959	0.02721	0.61090	0.05540	0.15870	0.01506	0.00840	0.00226	0.00340	0.01319	0.00766	0.00662
234	0.01345	0.01266	0.02136	0.73264	0.04904	0.01582	0.01978	0.01819	0.01424	0.01819	0.01266	0.01898	0.00949	0.00712	0.00712	0.00237	0.00949	0.00633	0.00316	0.00791
235	0.01358	0.01292	0.02218	0.70451	0.04857	0.01591	0.04618	0.01838	0.01434	0.01838	0.01273	0.01899	0.00954	0.00707	0.00717	0.00237	0.00959	0.00641	0.00318	0.00798
236	0.01477	0.01266	0.01477	0.01055	0.01687	0.00949	0.00844	0.01793	0.01477	0.02320	0.01266	0.01477	0.01055	0.00527	0.00527	0.00105	0.00527	0.00422	0.00422	0.79328
237	0.01762	0.01692	0.02890	0.04371	0.70533	0.01692	0.02185	0.02185	0.01621	0.02326	0.01339	0.01762	0.01128	0.00634	0.00705	0.00211	0.00846	0.00634	0.00352	0.01128
238	0.01033	0.00700	0.00827	0.00827	0.00845	0.00718	0.00494	0.01068	0.01050	0.01418	0.02197	0.04404	0.02478	0.65424	0.13024	0.00753	0.00857	0.00998	0.00425	0.00459
239	0.00842	0.00721	0.00721	0.00721	0.00962	0.00601	0.00541	0.01022	0.01623	0.01924	0.07213	0.06853	0.70244	0.01803	0.00842	0.00240	0.00361	0.01503	0.00661	0.00601
240	0.01017	0.00733	0.00991	0.01123	0.01246	0.00706	0.00891	0.01267	0.01583	0.02095	0.11799	0.31638	0.07347	0.01995	0.00934	0.00298	0.00518	0.32518	0.00673	0.00627
241	0.01389	0.00723	0.00730	0.00707	0.00892	0.00733	0.00536	0.04648	0.01577	0.02737	0.02295	0.02612	0.01798	0.00831	0.00507	0.00168	0.00352	0.00663	0.75413	0.00688
