[name]
unknown

[dist]
# distance from previous block
# <min> <max>
2	86

[block]
# block no. 0 follows, 31 sequences, length 75
# corresponding to MSA columns:
# 95-169
name=unknown_A
#
# <colnr> <probs for GDERKNQSTAVLIFYWHMCP>
#	G	D	E	R	K	N	Q	S	T	A	V	L	I	F	Y	W	H	M	C	P
0	0.21236	0.11204	0.12816	0.04633	0.06205	0.03542	0.01361	0.19326	0.01869	0.04953	0.03858	0.03500	0.01250	0.00755	0.00592	0.00204	0.00728	0.00562	0.00471	0.00935
1	0.09294	0.06180	0.09169	0.09507	0.12740	0.10250	0.01480	0.13493	0.01815	0.07604	0.03445	0.04409	0.01307	0.00785	0.00696	0.00206	0.03473	0.00611	0.00456	0.03079
2	0.41440	0.04539	0.11961	0.03338	0.04560	0.03386	0.04132	0.05247	0.03854	0.02672	0.01136	0.01348	0.00885	0.00689	0.00645	0.00213	0.05811	0.00469	0.00400	0.03271
3	0.12175	0.06087	0.04236	0.17087	0.07364	0.06914	0.04295	0.18472	0.09054	0.02746	0.04105	0.01783	0.01296	0.00748	0.00641	0.00210	0.00782	0.00599	0.00476	0.00931
4	0.06303	0.09903	0.14024	0.14638	0.02378	0.01533	0.01395	0.08375	0.08507	0.09740	0.04093	0.01973	0.01408	0.03169	0.00803	0.03691	0.00723	0.00604	0.03421	0.03321
5	0.23741	0.07235	0.04351	0.12459	0.09961	0.21241	0.01325	0.02196	0.03970	0.02193	0.01265	0.04873	0.01083	0.00737	0.00583	0.00203	0.00836	0.00544	0.00383	0.00819
6	0.01365	0.01123	0.01506	0.14406	0.08444	0.03672	0.01181	0.01662	0.01490	0.04530	0.05349	0.10160	0.02278	0.01150	0.00797	0.03339	0.00649	0.15777	0.00480	0.20643
7	0.01044	0.00906	0.01211	0.23604	0.02187	0.00960	0.01024	0.01442	0.06538	0.01942	0.08373	0.11211	0.32359	0.01372	0.00772	0.00236	0.00547	0.03053	0.00544	0.00675
8	0.04821	0.01333	0.02176	0.44578	0.25143	0.01526	0.01841	0.01894	0.03474	0.01969	0.01273	0.01784	0.01003	0.00727	0.00743	0.03086	0.00842	0.00603	0.00331	0.00853
9	0.07184	0.01055	0.03304	0.01698	0.16057	0.01015	0.01082	0.05228	0.01453	0.02089	0.07990	0.13635	0.05120	0.01542	0.01225	0.19852	0.00599	0.08714	0.00477	0.00681
10	0.00869	0.00638	0.00815	0.00892	0.00992	0.00584	0.00623	0.01053	0.01522	0.02045	0.23518	0.46201	0.13975	0.01876	0.00846	0.00254	0.00369	0.01676	0.00669	0.00584
11	0.00838	0.00599	0.00798	0.00950	0.00993	0.00559	0.00635	0.00964	0.01331	0.01780	0.06037	0.73149	0.04590	0.02118	0.00871	0.00276	0.00394	0.01921	0.00639	0.00559
12	0.80789	0.01323	0.01006	0.00900	0.01323	0.01535	0.00741	0.02011	0.01164	0.03070	0.00953	0.01111	0.00741	0.00635	0.00423	0.00212	0.00529	0.00370	0.00423	0.00741
13	0.00886	0.00646	0.00790	0.00866	0.00951	0.00600	0.00590	0.01021	0.01369	0.01795	0.10785	0.38130	0.17114	0.16726	0.01379	0.00341	0.00443	0.04420	0.00603	0.00544
14	0.80789	0.01323	0.01006	0.00900	0.01323	0.01535	0.00741	0.02011	0.01164	0.03070	0.00953	0.01111	0.00741	0.00635	0.00423	0.00212	0.00529	0.00370	0.00423	0.00741
15	0.00988	0.00690	0.00879	0.00879	0.00925	0.00736	0.00581	0.01080	0.01034	0.01425	0.02034	0.03803	0.02194	0.49262	0.29776	0.00828	0.01104	0.00896	0.00396	0.00489
16	0.01129	0.00610	0.00835	0.00850	0.00869	0.00606	0.00558	0.00978	0.00999	0.01390	0.01700	0.09802	0.01786	0.14443	0.02431	0.51741	0.00561	0.00799	0.07540	0.00373
17	0.00967	0.00703	0.00912	0.00870	0.01034	0.00648	0.00659	0.01282	0.01903	0.02672	0.65410	0.05291	0.09399	0.01435	0.00813	0.00220	0.00337	0.04060	0.00742	0.00642
18	0.01615	0.01845	0.04037	0.02884	0.03576	0.01730	0.69204	0.02191	0.01615	0.02191	0.01384	0.01845	0.01038	0.00577	0.00807	0.00231	0.01153	0.00807	0.00346	0.00923
19	0.80789	0.01323	0.01006	0.00900	0.01323	0.01535	0.00741	0.02011	0.01164	0.03070	0.00953	0.01111	0.00741	0.00635	0.00423	0.00212	0.00529	0.00370	0.00423	0.00741
20	0.00960	0.00655	0.00767	0.00805	0.00827	0.00643	0.00489	0.01002	0.01100	0.01457	0.02708	0.18903	0.05444	0.55666	0.02766	0.00557	0.00597	0.03720	0.00475	0.00457
21	0.01292	0.01216	0.02052	0.74312	0.04712	0.01520	0.01900	0.01748	0.01368	0.01748	0.01216	0.01824	0.00912	0.00684	0.00684	0.00228	0.00912	0.00608	0.00304	0.00760
22	0.14494	0.00752	0.00699	0.00681	0.00885	0.00787	0.00522	0.01663	0.01390	0.02637	0.02019	0.02311	0.01585	0.00770	0.00469	0.00168	0.00354	0.00593	0.66566	0.00655
23	0.00994	0.00666	0.00761	0.00761	0.00766	0.00671	0.00433	0.01005	0.00999	0.01338	0.02142	0.04401	0.02454	0.72931	0.06462	0.00682	0.00713	0.00984	0.00412	0.00423
24	0.01478	0.01214	0.01425	0.01021	0.01626	0.00915	0.00818	0.01781	0.01438	0.04761	0.01270	0.01452	0.01038	0.00519	0.00513	0.00105	0.00509	0.00416	0.00421	0.77280
25	0.01188	0.00594	0.00891	0.00891	0.00891	0.00594	0.00594	0.00891	0.00891	0.01188	0.01188	0.02080	0.01188	0.02377	0.02674	0.80095	0.00594	0.00594	0.00297	0.00297
26	0.01019	0.00739	0.00996	0.01141	0.01261	0.00733	0.00912	0.01325	0.04464	0.01961	0.03646	0.35018	0.04095	0.01951	0.00905	0.00296	0.00531	0.37750	0.00635	0.00620
27	0.21565	0.01146	0.01365	0.01097	0.01556	0.01089	0.00898	0.02765	0.01764	0.47000	0.10673	0.02375	0.02046	0.00863	0.00639	0.00212	0.00538	0.00679	0.00733	0.00999
28	0.01306	0.00776	0.01011	0.00908	0.01136	0.00701	0.00697	0.01609	0.01914	0.14222	0.55408	0.04751	0.10213	0.01330	0.00787	0.00216	0.00368	0.01160	0.00760	0.00727
29	0.02366	0.02696	0.01828	0.01613	0.01986	0.50683	0.01234	0.15715	0.02133	0.02208	0.01703	0.01820	0.07041	0.00952	0.02870	0.00215	0.01081	0.00571	0.00443	0.00842
30	0.00995	0.00663	0.00746	0.00746	0.00746	0.00663	0.00415	0.00995	0.00995	0.01327	0.02156	0.04477	0.02487	0.75957	0.03482	0.00663	0.00663	0.00995	0.00415	0.00415
31	0.00993	0.00670	0.00782	0.00782	0.00794	0.00683	0.00459	0.01018	0.01006	0.01353	0.02123	0.04296	0.02408	0.68771	0.10560	0.00708	0.00782	0.00968	0.00410	0.00434
32	0.00834	0.00595	0.00794	0.00953	0.00992	0.00556	0.00635	0.00953	0.01310	0.01746	0.03771	0.75510	0.04525	0.02143	0.00873	0.00278	0.00397	0.01945	0.00635	0.00556
33	0.01695	0.01600	0.02572	0.03733	0.60066	0.01638	0.01931	0.02355	0.13012	0.02339	0.01536	0.01836	0.01251	0.00663	0.00680	0.00208	0.00768	0.00637	0.00398	0.01084
34	0.01797	0.71332	0.08344	0.01225	0.01839	0.02630	0.01264	0.02057	0.01394	0.01648	0.00970	0.01121	0.00877	0.00590	0.00454	0.00151	0.00751	0.00375	0.00292	0.00887
35	0.56745	0.01657	0.08294	0.01232	0.01749	0.01635	0.05726	0.11398	0.01508	0.03094	0.01105	0.01268	0.00832	0.00658	0.00508	0.00213	0.00650	0.00448	0.00441	0.00838
36	0.00843	0.00603	0.00802	0.00946	0.00994	0.00562	0.00636	0.00976	0.01353	0.01815	0.08441	0.70644	0.04658	0.02092	0.00869	0.00274	0.00392	0.01896	0.00643	0.00562
37	0.01890	0.02113	0.02300	0.19700	0.23338	0.27286	0.04137	0.02213	0.01614	0.01874	0.01163	0.01551	0.00955	0.00703	0.00777	0.00207	0.06418	0.00555	0.00333	0.00873
38	0.01055	0.00716	0.00939	0.00880	0.01052	0.00658	0.00661	0.01367	0.01914	0.05726	0.65767	0.07672	0.06174	0.01403	0.00804	0.00217	0.00337	0.01240	0.00753	0.00665
39	0.02046	0.48091	0.08840	0.01376	0.01939	0.18750	0.01308	0.02307	0.01561	0.06651	0.01122	0.01245	0.00935	0.00637	0.00515	0.00164	0.00860	0.00418	0.00345	0.00890
40	0.01547	0.01292	0.01488	0.01074	0.01676	0.01043	0.00864	0.09069	0.01614	0.02455	0.01262	0.01443	0.01030	0.00541	0.00526	0.00113	0.00533	0.00428	0.00436	0.71568
41	0.02618	0.01888	0.02036	0.01561	0.02108	0.02080	0.01289	0.66946	0.03170	0.06839	0.01682	0.01668	0.01183	0.00822	0.00685	0.00206	0.00746	0.00619	0.00690	0.01163
42	0.01548	0.01314	0.01411	0.01279	0.01623	0.01486	0.00990	0.03151	0.56606	0.02806	0.14328	0.03121	0.05286	0.01035	0.00719	0.00229	0.00498	0.00874	0.00703	0.00992
43	0.00834	0.00595	0.00794	0.00953	0.00992	0.00556	0.00635	0.00953	0.01310	0.01746	0.03771	0.75510	0.04525	0.02143	0.00873	0.00278	0.00397	0.01945	0.00635	0.00556
44	0.01615	0.01845	0.04037	0.02884	0.03576	0.01730	0.69204	0.02191	0.01615	0.02191	0.01384	0.01845	0.01038	0.00577	0.00807	0.00231	0.01153	0.00807	0.00346	0.00923
45	0.00820	0.00649	0.00739	0.00811	0.00955	0.00568	0.00572	0.00969	0.01446	0.01802	0.05492	0.37963	0.40961	0.01920	0.00838	0.00252	0.00369	0.01672	0.00635	0.00568
46	0.00834	0.00595	0.00794	0.00953	0.00992	0.00556	0.00635	0.00953	0.01310	0.01746	0.03771	0.75510	0.04525	0.02143	0.00873	0.00278	0.00397	0.01945	0.00635	0.00556
47	0.01586	0.01799	0.03917	0.02812	0.03480	0.01687	0.66672	0.02146	0.01604	0.02175	0.01472	0.04566	0.01167	0.00635	0.00810	0.00232	0.01125	0.00849	0.00357	0.00909
48	0.02439	0.02758	0.01856	0.01633	0.02007	0.52388	0.01249	0.16083	0.02171	0.02292	0.03913	0.01531	0.01195	0.00760	0.00631	0.00183	0.01055	0.00516	0.04485	0.00854
49	0.02623	0.01881	0.02031	0.01557	0.02104	0.02069	0.01286	0.66304	0.03158	0.07499	0.01692	0.01675	0.01188	0.00822	0.00685	0.00206	0.00745	0.00619	0.00692	0.01164
50	0.02987	0.01146	0.01561	0.01203	0.01718	0.00991	0.00991	0.03254	0.01957	0.69448	0.05383	0.02437	0.01880	0.00868	0.00693	0.00212	0.00572	0.00709	0.00843	0.01144
51	0.02578	0.03170	0.01923	0.01739	0.02099	0.70071	0.01308	0.02758	0.01940	0.04738	0.01129	0.01281	0.00917	0.00711	0.00620	0.00178	0.01205	0.00451	0.00374	0.00809
52	0.00834	0.00595	0.00794	0.00953	0.00992	0.00556	0.00635	0.00953	0.01310	0.01746	0.03771	0.75510	0.04525	0.02143	0.00873	0.00278	0.00397	0.01945	0.00635	0.00556
53	0.01419	0.01216	0.01419	0.01013	0.01621	0.00912	0.00811	0.01723	0.01419	0.02229	0.01216	0.01419	0.01013	0.00507	0.00507	0.00101	0.00507	0.00405	0.00405	0.80139
54	0.01102	0.00787	0.01102	0.01260	0.01417	0.00787	0.01102	0.01417	0.01575	0.02047	0.03622	0.07717	0.03937	0.01890	0.00945	0.00315	0.00630	0.67084	0.00630	0.00630
55	0.00968	0.00699	0.00914	0.00861	0.01022	0.00646	0.00646	0.01291	0.01937	0.02743	0.71328	0.05110	0.06455	0.01399	0.00807	0.00215	0.00323	0.01237	0.00753	0.00646
56	0.28311	0.01216	0.01399	0.01114	0.01609	0.01177	0.00920	0.02904	0.01700	0.49723	0.02132	0.01933	0.01384	0.00778	0.00602	0.00212	0.00565	0.00585	0.00709	0.01027
57	0.01693	0.01626	0.02777	0.04199	0.71689	0.01626	0.02100	0.02100	0.01558	0.02235	0.01287	0.01693	0.01084	0.00610	0.00677	0.00203	0.00813	0.00610	0.00339	0.01084
58	0.01419	0.01216	0.01419	0.01013	0.01621	0.00912	0.00811	0.01723	0.01419	0.02229	0.01216	0.01419	0.01013	0.00507	0.00507	0.00101	0.00507	0.00405	0.00405	0.80139
59	0.00874	0.00639	0.00756	0.00830	0.00905	0.00592	0.00543	0.00972	0.01279	0.01649	0.04064	0.38305	0.20054	0.23444	0.01614	0.00378	0.00462	0.01549	0.00571	0.00520
60	0.00977	0.00733	0.01100	0.01100	0.01222	0.00855	0.00855	0.01222	0.01100	0.01588	0.01833	0.02688	0.01710	0.05131	0.73245	0.01100	0.01833	0.00733	0.00367	0.00611
61	0.80789	0.01323	0.01006	0.00900	0.01323	0.01535	0.00741	0.02011	0.01164	0.03070	0.00953	0.01111	0.00741	0.00635	0.00423	0.00212	0.00529	0.00370	0.00423	0.00741
62	0.00889	0.00670	0.00822	0.00839	0.00987	0.00603	0.00608	0.01117	0.01668	0.02235	0.35868	0.23974	0.23851	0.01686	0.00825	0.00236	0.00349	0.01480	0.00690	0.00603
63	0.00924	0.00673	0.00869	0.00872	0.01008	0.00618	0.00634	0.01185	0.01754	0.02434	0.50078	0.22819	0.10362	0.01607	0.00824	0.00232	0.00343	0.01428	0.00716	0.00618
64	0.02601	0.01916	0.02053	0.01574	0.02122	0.02122	0.01300	0.69408	0.03217	0.04312	0.01643	0.01643	0.01163	0.00821	0.00684	0.00205	0.00753	0.00616	0.00684	0.01163
65	0.01829	0.76368	0.03585	0.01171	0.01756	0.02707	0.01171	0.02049	0.01390	0.01610	0.00951	0.01097	0.00878	0.00585	0.00439	0.00146	0.00732	0.00366	0.00293	0.00878
66	0.02819	0.01567	0.01837	0.01408	0.01947	0.01603	0.01163	0.38686	0.02631	0.35860	0.02134	0.01962	0.01410	0.00833	0.00686	0.00208	0.00673	0.00649	0.00760	0.01164
67	0.00971	0.00686	0.00845	0.00813	0.00920	0.00649	0.00558	0.01173	0.01587	0.02204	0.44088	0.04951	0.07880	0.27754	0.01752	0.00374	0.00444	0.01161	0.00628	0.00561
68	0.00977	0.00733	0.01100	0.01100	0.01222	0.00855	0.00855	0.01222	0.01100	0.01588	0.01833	0.02688	0.01710	0.05131	0.73245	0.01100	0.01833	0.00733	0.00367	0.00611
69	0.00856	0.00683	0.00718	0.00722	0.00894	0.00598	0.00508	0.00998	0.01449	0.01777	0.08837	0.08640	0.51414	0.17298	0.01372	0.00323	0.00414	0.01359	0.00595	0.00546
70	0.05181	0.01297	0.01503	0.06933	0.04991	0.01418	0.01002	0.29239	0.01973	0.02712	0.01768	0.02768	0.01653	0.29977	0.04340	0.00416	0.00762	0.00755	0.00512	0.00801
71	0.74991	0.03616	0.01110	0.00922	0.01355	0.01548	0.00766	0.02070	0.01206	0.06028	0.01028	0.01164	0.00787	0.00643	0.00435	0.00210	0.00538	0.00384	0.00438	0.00764
72	0.01615	0.01845	0.04037	0.02884	0.03576	0.01730	0.69204	0.02191	0.01615	0.02191	0.01384	0.01845	0.01038	0.00577	0.00807	0.00231	0.01153	0.00807	0.00346	0.00923
73	0.01497	0.01497	0.02095	0.01796	0.01796	0.02095	0.01497	0.01646	0.01048	0.01646	0.00898	0.01497	0.00898	0.01197	0.02245	0.00299	0.74704	0.00599	0.00299	0.00748
74	0.01292	0.01216	0.02052	0.74312	0.04712	0.01520	0.01900	0.01748	0.01368	0.01748	0.01216	0.01824	0.00912	0.00684	0.00684	0.00228	0.00912	0.00608	0.00304	0.00760

[dist]
# distance from previous block
# <min> <max>
0	2

[block]
# block no. 1 follows, 31 sequences, length 20
# corresponding to MSA columns:
# 172-191
name=unknown_B
#
# <colnr> <probs for GDERKNQSTAVLIFYWHMCP>
#	G	D	E	R	K	N	Q	S	T	A	V	L	I	F	Y	W	H	M	C	P
0	0.00877	0.00673	0.00803	0.00819	0.00978	0.00599	0.00596	0.01097	0.01651	0.02177	0.31551	0.21818	0.30500	0.01695	0.00823	0.00236	0.00349	0.01478	0.00682	0.00599
1	0.01419	0.01216	0.01419	0.01013	0.01621	0.00912	0.00811	0.01723	0.01419	0.02229	0.01216	0.01419	0.01013	0.00507	0.00507	0.00101	0.00507	0.00405	0.00405	0.80139
2	0.00977	0.00733	0.01100	0.01100	0.01222	0.00855	0.00855	0.01222	0.01100	0.01588	0.01833	0.02688	0.01710	0.05131	0.73245	0.01100	0.01833	0.00733	0.00367	0.00611
3	0.00810	0.00688	0.00698	0.00706	0.00927	0.00576	0.00525	0.00980	0.01547	0.01843	0.06778	0.09921	0.68173	0.01753	0.00812	0.00233	0.00349	0.01468	0.00635	0.00576
4	0.02924	0.01132	0.01541	0.01193	0.01696	0.00981	0.00981	0.03193	0.01957	0.67371	0.07437	0.02521	0.02022	0.00885	0.00696	0.00212	0.00564	0.00726	0.00840	0.01128
5	0.00899	0.00664	0.00730	0.00756	0.00881	0.00604	0.00512	0.01026	0.01359	0.01750	0.06936	0.17773	0.33626	0.23162	0.01573	0.00359	0.00444	0.01349	0.05063	0.00532
6	0.80789	0.01323	0.01006	0.00900	0.01323	0.01535	0.00741	0.02011	0.01164	0.03070	0.00953	0.01111	0.00741	0.00635	0.00423	0.00212	0.00529	0.00370	0.00423	0.00741
7	0.02972	0.01143	0.01556	0.01201	0.01713	0.00989	0.00989	0.03239	0.01957	0.68926	0.05899	0.02458	0.01916	0.00872	0.00694	0.00212	0.00570	0.00714	0.00842	0.01140
8	0.00954	0.00656	0.00755	0.00778	0.00808	0.00639	0.00465	0.00997	0.01119	0.01479	0.05026	0.15856	0.08277	0.56152	0.02777	0.00554	0.00586	0.01187	0.00477	0.00457
9	0.00834	0.00595	0.00794	0.00953	0.00992	0.00556	0.00635	0.00953	0.01310	0.01746	0.03771	0.75510	0.04525	0.02143	0.00873	0.00278	0.00397	0.01945	0.00635	0.00556
10	0.01615	0.01845	0.04037	0.02884	0.03576	0.01730	0.69204	0.02191	0.01615	0.02191	0.01384	0.01845	0.01038	0.00577	0.00807	0.00231	0.01153	0.00807	0.00346	0.00923
11	0.02896	0.01120	0.01526	0.01197	0.01688	0.00971	0.00977	0.03150	0.01908	0.66707	0.02782	0.07998	0.01913	0.00947	0.00702	0.00217	0.00568	0.00785	0.00830	0.01117
12	0.00924	0.00681	0.00867	0.00876	0.01021	0.00624	0.00648	0.01182	0.01734	0.02374	0.44740	0.20361	0.14975	0.01627	0.00828	0.00236	0.00357	0.04624	0.00706	0.00616
13	0.02601	0.01916	0.02053	0.01574	0.02122	0.02122	0.01300	0.69408	0.03217	0.04312	0.01643	0.01643	0.01163	0.00821	0.00684	0.00205	0.00753	0.00616	0.00684	0.01163
14	0.01188	0.00594	0.00891	0.00891	0.00891	0.00594	0.00594	0.00891	0.00891	0.01188	0.01188	0.02080	0.01188	0.02377	0.02674	0.80095	0.00594	0.00594	0.00297	0.00297
15	0.00934	0.00699	0.00865	0.00955	0.01055	0.00677	0.00665	0.01231	0.07373	0.01916	0.09145	0.50636	0.11143	0.06117	0.00996	0.00287	0.00421	0.03644	0.00637	0.00605
16	0.02754	0.01208	0.01556	0.01217	0.01722	0.01100	0.00996	0.06928	0.07690	0.56535	0.02832	0.02513	0.05493	0.00890	0.00689	0.00211	0.00573	0.00724	0.00800	0.03567
17	0.00827	0.00690	0.00721	0.00721	0.00937	0.00584	0.00538	0.01015	0.01592	0.01943	0.13907	0.08957	0.61797	0.01711	0.00811	0.00231	0.00346	0.01440	0.00648	0.00584
18	0.02590	0.01071	0.01419	0.01130	0.01552	0.00956	0.00896	0.02869	0.04013	0.55182	0.05958	0.02816	0.02066	0.12924	0.01142	0.00285	0.00581	0.00767	0.00768	0.01016
19	0.00951	0.00739	0.00806	0.00807	0.00979	0.00677	0.00573	0.04870	0.01525	0.01913	0.07459	0.19092	0.41003	0.14010	0.01256	0.00309	0.00431	0.01411	0.00606	0.00582

[dist]
# distance from previous block
# <min> <max>
0	1

[block]
# block no. 2 follows, 31 sequences, length 8
# corresponding to MSA columns:
# 193-200
name=unknown_C
#
# <colnr> <probs for GDERKNQSTAVLIFYWHMCP>
#	G	D	E	R	K	N	Q	S	T	A	V	L	I	F	Y	W	H	M	C	P
0	0.02390	0.01634	0.01831	0.01386	0.01945	0.01663	0.01139	0.43167	0.02596	0.14187	0.01702	0.01694	0.01209	0.00750	0.00643	0.00181	0.00668	0.00577	0.00643	0.19997
1	0.01551	0.01501	0.05687	0.09893	0.02296	0.01356	0.07218	0.07312	0.09996	0.02371	0.01437	0.01666	0.01132	0.00660	0.00706	0.00170	0.05250	0.00544	0.00433	0.38820
2	0.02601	0.01916	0.02053	0.01574	0.02122	0.02122	0.01300	0.69408	0.03217	0.04312	0.01643	0.01643	0.01163	0.00821	0.00684	0.00205	0.00753	0.00616	0.00684	0.01163
3	0.14769	0.02307	0.01817	0.05247	0.02106	0.31547	0.01237	0.24096	0.02201	0.06525	0.01326	0.01435	0.00995	0.00738	0.00616	0.00196	0.00917	0.00508	0.00495	0.00923
4	0.00968	0.00764	0.00859	0.00861	0.01073	0.00696	0.00666	0.04756	0.01680	0.02119	0.14565	0.12111	0.44227	0.01695	0.00825	0.00243	0.00407	0.10208	0.00653	0.00623
5	0.02473	0.01845	0.01983	0.01527	0.02070	0.02019	0.01256	0.61263	0.06904	0.04094	0.01679	0.01679	0.01206	0.00807	0.00673	0.00200	0.00725	0.00611	0.00667	0.06319
6	0.00882	0.00695	0.00759	0.00761	0.00938	0.00615	0.00556	0.01055	0.01517	0.01898	0.15107	0.06080	0.46058	0.14506	0.01278	0.00309	0.00415	0.05396	0.00614	0.00562
7	0.05467	0.00847	0.00941	0.00919	0.01040	0.00876	0.00618	0.07036	0.06089	0.01950	0.05127	0.20702	0.05659	0.37359	0.02072	0.00446	0.00568	0.01163	0.00530	0.00590

[dist]
# distance from previous block
# <min> <max>
0	2

[block]
# block no. 3 follows, 31 sequences, length 30
# corresponding to MSA columns:
# 203-232
name=unknown_D
#
# <colnr> <probs for GDERKNQSTAVLIFYWHMCP>
#	G	D	E	R	K	N	Q	S	T	A	V	L	I	F	Y	W	H	M	C	P
0	0.02192	0.01713	0.01823	0.01492	0.01966	0.01931	0.01202	0.39528	0.33761	0.03653	0.02161	0.02056	0.01584	0.00870	0.00690	0.00217	0.00657	0.00688	0.00690	0.01127
1	0.00886	0.00674	0.00803	0.00871	0.00989	0.00625	0.00604	0.01104	0.04198	0.01885	0.10994	0.40648	0.23810	0.07361	0.01034	0.00285	0.00401	0.01615	0.00633	0.00581
2	0.01061	0.00857	0.01103	0.01094	0.01215	0.04596	0.00830	0.01275	0.01131	0.01563	0.01829	0.02813	0.01755	0.12866	0.61624	0.01002	0.01670	0.00747	0.00371	0.00598
3	0.00834	0.00595	0.00794	0.00953	0.00992	0.00556	0.00635	0.00953	0.01310	0.01746	0.03771	0.75510	0.04525	0.02143	0.00873	0.00278	0.00397	0.01945	0.00635	0.00556
4	0.00834	0.00595	0.00794	0.00953	0.00992	0.00556	0.00635	0.00953	0.01310	0.01746	0.03771	0.75510	0.04525	0.02143	0.00873	0.00278	0.00397	0.01945	0.00635	0.00556
5	0.00845	0.00600	0.00790	0.00938	0.00975	0.00563	0.00620	0.00956	0.01288	0.01717	0.03658	0.70530	0.04382	0.07318	0.01056	0.00305	0.00416	0.01878	0.00620	0.00546
6	0.25021	0.01746	0.01753	0.01381	0.01893	0.01953	0.01140	0.50082	0.02628	0.03955	0.01445	0.01490	0.01042	0.00768	0.00610	0.00207	0.00689	0.00546	0.00610	0.01042
7	0.02556	0.03261	0.01939	0.01763	0.02115	0.73210	0.01322	0.02732	0.01939	0.01674	0.01058	0.01234	0.00881	0.00705	0.00617	0.00176	0.01234	0.00441	0.00353	0.00793
8	0.00834	0.00595	0.00794	0.00953	0.00992	0.00556	0.00635	0.00953	0.01310	0.01746	0.03771	0.75510	0.04525	0.02143	0.00873	0.00278	0.00397	0.01945	0.00635	0.00556
9	0.80789	0.01323	0.01006	0.00900	0.01323	0.01535	0.00741	0.02011	0.01164	0.03070	0.00953	0.01111	0.00741	0.00635	0.00423	0.00212	0.00529	0.00370	0.00423	0.00741
10	0.03070	0.01164	0.01588	0.01217	0.01746	0.01006	0.01006	0.03334	0.01958	0.72163	0.02699	0.02329	0.01694	0.00847	0.00688	0.00212	0.00582	0.00688	0.00847	0.01164
11	0.02601	0.01916	0.02053	0.01574	0.02122	0.02122	0.01300	0.69408	0.03217	0.04312	0.01643	0.01643	0.01163	0.00821	0.00684	0.00205	0.00753	0.00616	0.00684	0.01163
12	0.00835	0.00684	0.00737	0.00744	0.00946	0.00586	0.00550	0.01026	0.01592	0.01974	0.16405	0.13129	0.54973	0.01722	0.00815	0.00233	0.00348	0.01462	0.00653	0.00586
13	0.02003	0.00950	0.01260	0.01051	0.01397	0.00856	0.00834	0.02355	0.04410	0.36046	0.35944	0.03684	0.04014	0.01117	0.00746	0.00214	0.00455	0.00957	0.00796	0.00910
14	0.01372	0.03539	0.72412	0.01950	0.02961	0.01589	0.02528	0.02167	0.01444	0.02167	0.01228	0.01444	0.00867	0.00650	0.00650	0.00217	0.01011	0.00506	0.00289	0.01011
15	0.00968	0.00699	0.00914	0.00861	0.01022	0.00646	0.00646	0.01291	0.01937	0.02743	0.71328	0.05110	0.06455	0.01399	0.00807	0.00215	0.00323	0.01237	0.00753	0.00646
16	0.03070	0.01164	0.01588	0.01217	0.01746	0.01006	0.01006	0.03334	0.01958	0.72163	0.02699	0.02329	0.01694	0.00847	0.00688	0.00212	0.00582	0.00688	0.00847	0.01164
17	0.02556	0.03261	0.01939	0.01763	0.02115	0.73210	0.01322	0.02732	0.01939	0.01674	0.01058	0.01234	0.00881	0.00705	0.00617	0.00176	0.01234	0.00441	0.00353	0.00793
18	0.01829	0.76368	0.03585	0.01171	0.01756	0.02707	0.01171	0.02049	0.01390	0.01610	0.00951	0.01097	0.00878	0.00585	0.00439	0.00146	0.00732	0.00366	0.00293	0.00878
19	0.03070	0.01164	0.01588	0.01217	0.01746	0.01006	0.01006	0.03334	0.01958	0.72163	0.02699	0.02329	0.01694	0.00847	0.00688	0.00212	0.00582	0.00688	0.00847	0.01164
20	0.00854	0.00701	0.00759	0.00783	0.00993	0.00606	0.00603	0.01051	0.01570	0.01915	0.09738	0.09534	0.56887	0.01752	0.00828	0.00243	0.00382	0.09573	0.00641	0.00587
21	0.00968	0.00699	0.00914	0.00861	0.01022	0.00646	0.00646	0.01291	0.01937	0.02743	0.71328	0.05110	0.06455	0.01399	0.00807	0.00215	0.00323	0.01237	0.00753	0.00646
22	0.03070	0.01164	0.01588	0.01217	0.01746	0.01006	0.01006	0.03334	0.01958	0.72163	0.02699	0.02329	0.01694	0.00847	0.00688	0.00212	0.00582	0.00688	0.00847	0.01164
23	0.01372	0.03539	0.72412	0.01950	0.02961	0.01589	0.02528	0.02167	0.01444	0.02167	0.01228	0.01444	0.00867	0.00650	0.00650	0.00217	0.01011	0.00506	0.00289	0.01011
24	0.01572	0.00934	0.01161	0.01106	0.01369	0.00915	0.00875	0.04203	0.10724	0.17256	0.09124	0.18448	0.08902	0.01445	0.00788	0.00248	0.00501	0.14815	0.04813	0.00804
25	0.62360	0.01411	0.04008	0.01018	0.01487	0.01478	0.00876	0.04932	0.01382	0.13835	0.01263	0.01336	0.00911	0.00676	0.00484	0.00212	0.00566	0.00435	0.00494	0.00835
26	0.01676	0.01608	0.02746	0.07166	0.68855	0.01621	0.02091	0.02085	0.01550	0.02214	0.01284	0.01699	0.01076	0.00613	0.00678	0.00204	0.00817	0.00610	0.00337	0.01070
27	0.01635	0.01706	0.03304	0.05050	0.03128	0.01607	0.48346	0.06424	0.04138	0.02341	0.01416	0.01784	0.01075	0.00597	0.00740	0.00207	0.00987	0.00718	0.00389	0.14407
28	0.01677	0.01550	0.04299	0.01650	0.10614	0.03457	0.03596	0.12231	0.01722	0.02508	0.01280	0.01501	0.01033	0.00607	0.00639	0.00148	0.03388	0.00489	0.00428	0.47182
29	0.02122	0.01709	0.01753	0.01502	0.03956	0.08695	0.01166	0.24335	0.22639	0.08584	0.02025	0.02154	0.01547	0.00841	0.00669	0.00202	0.00688	0.03407	0.00619	0.11388

[dist]
# distance from previous block
# <min> <max>
0	15

[block]
# block no. 4 follows, 31 sequences, length 66
# corresponding to MSA columns:
# 248-313
name=unknown_E
#
# <colnr> <probs for GDERKNQSTAVLIFYWHMCP>
#	G	D	E	R	K	N	Q	S	T	A	V	L	I	F	Y	W	H	M	C	P
0	0.02479	0.01945	0.04325	0.01643	0.02214	0.02053	0.05028	0.61929	0.03028	0.04076	0.01605	0.01642	0.01144	0.00795	0.00685	0.00204	0.00776	0.00618	0.00647	0.03165
1	0.02599	0.01859	0.02010	0.01548	0.02089	0.02044	0.01277	0.63532	0.05287	0.08147	0.01739	0.01711	0.01223	0.00826	0.00685	0.00207	0.00736	0.00625	0.00694	0.01161
2	0.74700	0.03742	0.01136	0.00939	0.01373	0.01599	0.00780	0.05092	0.01265	0.03080	0.00984	0.01135	0.00765	0.00642	0.00436	0.00209	0.00546	0.00382	0.00431	0.00765
3	0.06114	0.09444	0.46672	0.01905	0.02742	0.07369	0.09959	0.04254	0.01537	0.02200	0.01206	0.01432	0.00891	0.00645	0.00636	0.00208	0.00986	0.00519	0.00321	0.00961
4	0.00836	0.00601	0.00794	0.00943	0.00991	0.00559	0.00632	0.00962	0.01332	0.01774	0.05538	0.71829	0.06448	0.02113	0.00870	0.00275	0.00394	0.01913	0.00638	0.00559
5	0.01571	0.01704	0.03450	0.02464	0.03138	0.01547	0.53875	0.02086	0.01571	0.02200	0.01346	0.01750	0.01033	0.00561	0.00740	0.00202	0.01008	0.00717	0.00359	0.18678
6	0.02618	0.01889	0.02036	0.01561	0.02108	0.02081	0.01290	0.67004	0.03171	0.06780	0.01681	0.01668	0.01183	0.00822	0.00685	0.00206	0.00747	0.00619	0.00690	0.01163
7	0.00995	0.00663	0.00746	0.00746	0.00746	0.00663	0.00415	0.00995	0.00995	0.01327	0.02156	0.04477	0.02487	0.75957	0.03482	0.00663	0.00663	0.00995	0.00415	0.00415
8	0.01066	0.00719	0.00937	0.00872	0.01042	0.00663	0.00651	0.01371	0.01894	0.05850	0.64965	0.04954	0.06053	0.04851	0.00926	0.00236	0.00350	0.01201	0.00742	0.00658
9	0.01166	0.00594	0.00885	0.00895	0.00897	0.00592	0.00597	0.00895	0.00917	0.01223	0.01348	0.06606	0.01394	0.02362	0.02563	0.75175	0.00582	0.00677	0.00318	0.00313
10	0.01017	0.00756	0.00983	0.01083	0.01259	0.00722	0.00917	0.01296	0.01601	0.02054	0.10023	0.07215	0.21332	0.01810	0.00899	0.00285	0.00533	0.44959	0.00641	0.00618
11	0.02988	0.01181	0.01586	0.01221	0.01740	0.01040	0.01007	0.05922	0.02008	0.67381	0.04695	0.02384	0.01814	0.00862	0.00691	0.00212	0.00581	0.00701	0.00837	0.01149
12	0.08486	0.01812	0.01938	0.01495	0.02032	0.01989	0.01235	0.59125	0.02963	0.09602	0.01675	0.01657	0.01174	0.00809	0.00665	0.00206	0.00723	0.00603	0.00678	0.01132
13	0.02660	0.01821	0.01994	0.01529	0.02074	0.01980	0.01263	0.61025	0.03057	0.12919	0.01777	0.01730	0.01231	0.00825	0.00685	0.00206	0.00731	0.00625	0.00705	0.01164
14	0.01373	0.00785	0.01009	0.00966	0.01186	0.00709	0.00741	0.01603	0.01672	0.16850	0.21763	0.18776	0.15984	0.04587	0.00920	0.00259	0.00446	0.08956	0.00701	0.00714
15	0.80789	0.01323	0.01006	0.00900	0.01323	0.01535	0.00741	0.02011	0.01164	0.03070	0.00953	0.01111	0.00741	0.00635	0.00423	0.00212	0.00529	0.00370	0.00423	0.00741
16	0.80789	0.01323	0.01006	0.00900	0.01323	0.01535	0.00741	0.02011	0.01164	0.03070	0.00953	0.01111	0.00741	0.00635	0.00423	0.00212	0.00529	0.00370	0.00423	0.00741
17	0.00939	0.00702	0.00874	0.00841	0.01018	0.00637	0.00638	0.01228	0.01837	0.02514	0.54049	0.05553	0.20752	0.01494	0.00813	0.00223	0.00342	0.04196	0.00722	0.00630
18	0.00854	0.00614	0.00799	0.00939	0.00993	0.00574	0.00636	0.00978	0.01317	0.01740	0.03845	0.64090	0.08199	0.06658	0.01034	0.00301	0.00421	0.04834	0.00621	0.00552
19	0.80789	0.01323	0.01006	0.00900	0.01323	0.01535	0.00741	0.02011	0.01164	0.03070	0.00953	0.01111	0.00741	0.00635	0.00423	0.00212	0.00529	0.00370	0.00423	0.00741
20	0.02408	0.03015	0.01826	0.01666	0.01986	0.66357	0.01236	0.02568	0.01850	0.01642	0.01161	0.01540	0.01033	0.07814	0.00888	0.00222	0.01180	0.00493	0.00358	0.00757
21	0.00834	0.00595	0.00794	0.00953	0.00992	0.00556	0.00635	0.00953	0.01310	0.01746	0.03771	0.75510	0.04525	0.02143	0.00873	0.00278	0.00397	0.01945	0.00635	0.00556
22	0.01279	0.00713	0.00956	0.00999	0.01142	0.00649	0.00708	0.01439	0.01475	0.15571	0.07725	0.56867	0.04090	0.01844	0.00833	0.00261	0.00429	0.01656	0.00684	0.00680
23	0.67268	0.01258	0.01051	0.00925	0.01337	0.01415	0.00757	0.02073	0.01299	0.09322	0.06805	0.01546	0.01290	0.00716	0.00478	0.00212	0.00517	0.00469	0.00489	0.00772
24	0.80789	0.01323	0.01006	0.00900	0.01323	0.01535	0.00741	0.02011	0.01164	0.03070	0.00953	0.01111	0.00741	0.00635	0.00423	0.00212	0.00529	0.00370	0.00423	0.00741
25	0.00935	0.00722	0.00802	0.00788	0.00991	0.00641	0.00583	0.01191	0.03847	0.03639	0.21338	0.11149	0.44574	0.04615	0.00914	0.00248	0.00369	0.01377	0.00661	0.00615
26	0.02690	0.01173	0.01515	0.01192	0.01649	0.01080	0.00959	0.09122	0.04006	0.53825	0.04768	0.02597	0.01898	0.09094	0.00998	0.00261	0.00597	0.00735	0.00777	0.01063
27	0.00809	0.00693	0.00693	0.00693	0.00924	0.00578	0.00520	0.00982	0.01559	0.01848	0.06931	0.06584	0.71411	0.01733	0.00809	0.00231	0.00347	0.01444	0.00635	0.00578
28	0.13675	0.38280	0.09944	0.01677	0.11462	0.06552	0.01378	0.02200	0.05583	0.02052	0.01143	0.01313	0.00958	0.00631	0.00518	0.00178	0.00761	0.00444	0.00346	0.00906
29	0.01431	0.01323	0.02133	0.52642	0.07944	0.01562	0.05921	0.04979	0.08848	0.02045	0.01491	0.02070	0.01160	0.00743	0.00701	0.00229	0.00866	0.02698	0.00377	0.00837
30	0.00973	0.00671	0.00805	0.00827	0.00879	0.00670	0.00534	0.01061	0.01157	0.01562	0.05590	0.12431	0.07705	0.46475	0.10339	0.00590	0.00714	0.03802	0.02728	0.00488
31	0.02491	0.01855	0.02063	0.01588	0.02119	0.02047	0.03254	0.64036	0.03064	0.04114	0.01645	0.01701	0.01187	0.01030	0.04322	0.00251	0.00819	0.00627	0.00659	0.01129
32	0.01808	0.01316	0.01532	0.01136	0.01713	0.01129	0.00916	0.10961	0.05676	0.11771	0.01558	0.01633	0.01184	0.00617	0.00565	0.00137	0.00551	0.00491	0.00517	0.54789
33	0.01569	0.01745	0.03696	0.11298	0.03632	0.01672	0.58464	0.02120	0.01578	0.02140	0.01357	0.01826	0.01022	0.00587	0.00781	0.00225	0.01099	0.00768	0.00343	0.04079
34	0.01898	0.01455	0.01608	0.01465	0.04970	0.04896	0.01118	0.22753	0.18383	0.07692	0.15975	0.03196	0.02734	0.01057	0.00735	0.00224	0.00620	0.07583	0.00674	0.00966
35	0.01185	0.00895	0.01153	0.01249	0.01449	0.00927	0.01066	0.01761	0.13011	0.02171	0.03672	0.06795	0.07490	0.01721	0.00896	0.00296	0.00599	0.52319	0.00641	0.00702
36	0.00995	0.00663	0.00746	0.00746	0.00746	0.00663	0.00415	0.00995	0.00995	0.01327	0.02156	0.04477	0.02487	0.75957	0.03482	0.00663	0.00663	0.00995	0.00415	0.00415
37	0.00850	0.00611	0.00795	0.00935	0.00986	0.00571	0.00629	0.00971	0.01312	0.01735	0.03840	0.65277	0.08049	0.06663	0.01033	0.00300	0.00418	0.03854	0.00621	0.00550
38	0.01053	0.00759	0.00919	0.00924	0.01026	0.00771	0.00651	0.01352	0.07337	0.01888	0.16371	0.07980	0.05253	0.35235	0.06052	0.00484	0.00625	0.10200	0.00549	0.00570
39	0.00992	0.00674	0.00801	0.00801	0.00820	0.00693	0.00483	0.01030	0.01011	0.01367	0.02105	0.04198	0.02366	0.64900	0.14372	0.00731	0.00846	0.00954	0.00407	0.00445
40	0.64815	0.01398	0.01191	0.01016	0.01463	0.01586	0.00837	0.11733	0.01507	0.07506	0.01159	0.01262	0.00860	0.00675	0.00477	0.00211	0.00564	0.00425	0.00487	0.00827
41	0.00947	0.00719	0.00835	0.00872	0.01016	0.00668	0.00616	0.04907	0.01531	0.01971	0.09578	0.36021	0.28457	0.07348	0.01028	0.00281	0.00413	0.01566	0.00630	0.00594
42	0.00844	0.00610	0.00798	0.00930	0.00991	0.00565	0.00629	0.00983	0.01378	0.01838	0.09741	0.65458	0.08595	0.02056	0.00864	0.00270	0.00388	0.01855	0.00645	0.00565
43	0.01154	0.00683	0.00914	0.00980	0.01099	0.00626	0.00687	0.01312	0.01458	0.11530	0.09977	0.58819	0.04317	0.01895	0.00841	0.00263	0.00415	0.01705	0.00675	0.00648
44	0.05893	0.01320	0.01509	0.01272	0.01675	0.01387	0.01009	0.18663	0.19281	0.21279	0.06823	0.12407	0.02308	0.01064	0.00709	0.00225	0.00568	0.00884	0.00715	0.01007
45	0.00944	0.00663	0.00819	0.00876	0.01004	0.00597	0.00617	0.01113	0.01496	0.04800	0.15502	0.41468	0.22070	0.03603	0.00900	0.00262	0.00386	0.01626	0.00658	0.00598
46	0.01615	0.01845	0.04037	0.02884	0.03576	0.01730	0.69204	0.02191	0.01615	0.02191	0.01384	0.01845	0.01038	0.00577	0.00807	0.00231	0.01153	0.00807	0.00346	0.00923
47	0.00971	0.00653	0.00753	0.00777	0.00782	0.00647	0.00447	0.00989	0.01041	0.01388	0.02393	0.14939	0.02787	0.65086	0.03098	0.00607	0.00624	0.01135	0.00447	0.00435
48	0.00918	0.00638	0.00771	0.00836	0.00869	0.00614	0.00522	0.00990	0.01192	0.01587	0.06089	0.34456	0.06333	0.38595	0.02158	0.00464	0.00523	0.01423	0.00531	0.00491
49	0.00970	0.00744	0.00841	0.00821	0.01021	0.00678	0.00607	0.01286	0.05879	0.03672	0.25095	0.11435	0.37761	0.04991	0.00926	0.00250	0.00375	0.01346	0.00668	0.00632
50	0.01826	0.01532	0.01617	0.01417	0.01827	0.01760	0.01113	0.12758	0.61127	0.03063	0.02626	0.02426	0.01960	0.00913	0.00695	0.00228	0.00571	0.00752	0.00695	0.01094
51	0.00845	0.00704	0.00739	0.00741	0.00956	0.00607	0.00551	0.01068	0.03063	0.01952	0.12986	0.10601	0.59403	0.01708	0.00810	0.00232	0.00351	0.01440	0.00648	0.00594
52	0.01931	0.01544	0.01478	0.01274	0.01586	0.11705	0.00963	0.25289	0.05879	0.07425	0.02277	0.12192	0.04495	0.17305	0.01311	0.00313	0.00718	0.00891	0.00581	0.00842
53	0.00904	0.00695	0.00813	0.00785	0.00966	0.00618	0.00581	0.01147	0.01728	0.02294	0.40832	0.05686	0.33136	0.05662	0.00956	0.00247	0.00351	0.01309	0.00686	0.00605
54	0.01559	0.05772	0.02209	0.29745	0.06358	0.05001	0.04731	0.05904	0.01451	0.01958	0.01149	0.01614	0.00945	0.00792	0.01054	0.00224	0.19741	0.00573	0.00341	0.08879
55	0.01372	0.03539	0.72412	0.01950	0.02961	0.01589	0.02528	0.02167	0.01444	0.02167	0.01228	0.01444	0.00867	0.00650	0.00650	0.00217	0.01011	0.00506	0.00289	0.01011
56	0.02175	0.01753	0.02178	0.16766	0.14866	0.03481	0.01563	0.42415	0.02523	0.03370	0.01481	0.01679	0.01092	0.00754	0.00682	0.00209	0.00806	0.00609	0.00539	0.01060
57	0.02639	0.01855	0.02016	0.01545	0.02091	0.02031	0.01276	0.64062	0.03115	0.09801	0.01728	0.01698	0.01206	0.00823	0.00685	0.00206	0.00739	0.00622	0.00698	0.01164
58	0.00845	0.00609	0.00804	0.00956	0.01010	0.00568	0.00652	0.00976	0.01334	0.01765	0.03903	0.69219	0.07455	0.02113	0.00874	0.00278	0.00406	0.05038	0.00635	0.00560
59	0.08399	0.24898	0.02446	0.01752	0.08634	0.37327	0.01311	0.02376	0.01649	0.01818	0.01035	0.01235	0.00889	0.00669	0.00602	0.00176	0.03172	0.00434	0.00337	0.00841
60	0.00834	0.00595	0.00794	0.00953	0.00992	0.00556	0.00635	0.00953	0.01310	0.01746	0.03771	0.75510	0.04525	0.02143	0.00873	0.00278	0.00397	0.01945	0.00635	0.00556
61	0.01419	0.01216	0.01419	0.01013	0.01621	0.00912	0.00811	0.01723	0.01419	0.02229	0.01216	0.01419	0.01013	0.00507	0.00507	0.00101	0.00507	0.00405	0.00405	0.80139
62	0.01642	0.01754	0.08313	0.03789	0.59552	0.01598	0.04502	0.02126	0.03493	0.02261	0.03498	0.01809	0.01259	0.00645	0.00684	0.00206	0.00818	0.00632	0.00358	0.01058
63	0.02251	0.02110	0.01889	0.08438	0.02266	0.21893	0.01300	0.30695	0.14275	0.02998	0.01807	0.01863	0.03496	0.00824	0.00671	0.00205	0.00853	0.00620	0.00556	0.00988
64	0.01661	0.01434	0.01925	0.05088	0.07509	0.01363	0.07733	0.13531	0.06949	0.02614	0.04283	0.01777	0.01342	0.00670	0.00659	0.00165	0.02554	0.00573	0.00471	0.37701
65	0.02484	0.01759	0.01917	0.01502	0.02012	0.01926	0.01228	0.55833	0.08217	0.09440	0.01916	0.05300	0.01438	0.00895	0.00695	0.00211	0.00706	0.00697	0.00696	0.01128

[dist]
# distance from previous block
# <min> <max>
1	5

[block]
# block no. 5 follows, 31 sequences, length 109
# corresponding to MSA columns:
# 319-427
name=unknown_F
#
# <colnr> <probs for GDERKNQSTAVLIFYWHMCP>
#	G	D	E	R	K	N	Q	S	T	A	V	L	I	F	Y	W	H	M	C	P
0	0.80789	0.01323	0.01006	0.00900	0.01323	0.01535	0.00741	0.02011	0.01164	0.03070	0.00953	0.01111	0.00741	0.00635	0.00423	0.00212	0.00529	0.00370	0.00423	0.00741
1	0.00829	0.00694	0.00726	0.00745	0.00961	0.00590	0.00565	0.01009	0.01547	0.01856	0.06540	0.10378	0.63311	0.01765	0.00821	0.00239	0.00368	0.05841	0.00635	0.00580
2	0.04104	0.01465	0.02326	0.36600	0.30628	0.04352	0.04022	0.01935	0.01474	0.02005	0.01323	0.01943	0.01088	0.00695	0.00684	0.00219	0.00870	0.03044	0.00337	0.00888
3	0.01799	0.01852	0.07305	0.07750	0.48692	0.07405	0.01934	0.04875	0.05144	0.04618	0.01397	0.01710	0.01117	0.00657	0.00673	0.00205	0.00843	0.00600	0.00383	0.01041
4	0.01601	0.01773	0.03629	0.02793	0.07947	0.01783	0.53388	0.02095	0.01517	0.02104	0.01297	0.01777	0.01018	0.00682	0.01037	0.00240	0.13317	0.00759	0.00338	0.00905
5	0.00860	0.00617	0.00783	0.00897	0.00952	0.00577	0.00594	0.00974	0.01309	0.01732	0.06428	0.56700	0.09834	0.12853	0.01246	0.00328	0.00429	0.01737	0.00608	0.00540
6	0.02519	0.01789	0.01946	0.01515	0.02032	0.01959	0.01242	0.59661	0.05174	0.08661	0.01851	0.05238	0.01388	0.00889	0.00694	0.00210	0.00718	0.00689	0.00693	0.01132
7	0.04062	0.21026	0.38487	0.01926	0.02745	0.01893	0.16488	0.02138	0.01459	0.02064	0.01185	0.01435	0.00902	0.00618	0.00625	0.00202	0.00958	0.00532	0.00306	0.00951
8	0.00834	0.00595	0.00794	0.00953	0.00992	0.00556	0.00635	0.00953	0.01310	0.01746	0.03771	0.75510	0.04525	0.02143	0.00873	0.00278	0.00397	0.01945	0.00635	0.00556
9	0.01902	0.01287	0.01474	0.01259	0.01604	0.01350	0.00985	0.32227	0.04213	0.10463	0.07824	0.25089	0.04737	0.01307	0.00757	0.00231	0.00574	0.01111	0.00690	0.00917
10	0.01627	0.05631	0.01451	0.06369	0.01614	0.05902	0.00954	0.04059	0.01701	0.14788	0.21308	0.08519	0.07584	0.03229	0.00934	0.00231	0.07511	0.00934	0.04874	0.00780
11	0.02477	0.01033	0.01398	0.01117	0.01542	0.00904	0.00904	0.02758	0.01952	0.52601	0.22038	0.03112	0.03035	0.01002	0.00722	0.00213	0.00509	0.00843	0.00820	0.01018
12	0.00834	0.00595	0.00794	0.00953	0.00992	0.00556	0.00635	0.00953	0.01310	0.01746	0.03771	0.75510	0.04525	0.02143	0.00873	0.00278	0.00397	0.01945	0.00635	0.00556
13	0.01443	0.01352	0.02305	0.41441	0.22456	0.01515	0.07578	0.01944	0.04095	0.02014	0.01377	0.01867	0.01071	0.00671	0.00679	0.00217	0.00852	0.00634	0.05622	0.00866
14	0.01684	0.01714	0.04903	0.09086	0.62257	0.04122	0.02072	0.02099	0.01554	0.02178	0.01272	0.01679	0.01057	0.00620	0.00675	0.00204	0.00841	0.00600	0.00335	0.01048
15	0.01414	0.01216	0.01442	0.03711	0.01735	0.00934	0.00851	0.01724	0.01417	0.02212	0.01216	0.01434	0.01010	0.00513	0.00513	0.00106	0.00522	0.00413	0.00402	0.77218
16	0.01403	0.08388	0.67829	0.01898	0.02881	0.01663	0.02437	0.02159	0.01441	0.02130	0.01209	0.01421	0.00867	0.00646	0.00636	0.00212	0.00992	0.00496	0.00289	0.01002
17	0.00814	0.00693	0.00701	0.00699	0.00928	0.00580	0.00524	0.00993	0.01573	0.01881	0.09297	0.06530	0.69024	0.01720	0.00809	0.00230	0.00346	0.01436	0.00640	0.00580
18	0.02371	0.01199	0.01492	0.01214	0.01640	0.01179	0.00990	0.16042	0.04246	0.36970	0.02613	0.02667	0.05442	0.01437	0.09381	0.00318	0.00736	0.02950	0.06102	0.01010
19	0.01060	0.00867	0.01256	0.01195	0.01348	0.03259	0.04114	0.01310	0.01148	0.01611	0.01796	0.02657	0.01676	0.07038	0.65181	0.01014	0.01743	0.00735	0.00367	0.00625
20	0.02544	0.01883	0.02023	0.01547	0.02098	0.02064	0.01277	0.66182	0.03131	0.04212	0.01622	0.01632	0.01156	0.00806	0.00676	0.00200	0.00741	0.00606	0.00671	0.04927
21	0.00814	0.00693	0.00701	0.00699	0.00927	0.00580	0.00524	0.00992	0.01572	0.01878	0.09094	0.06535	0.69229	0.01721	0.00809	0.00230	0.00346	0.01437	0.00639	0.00580
22	0.07400	0.01251	0.01446	0.01221	0.01626	0.01275	0.00978	0.16135	0.12540	0.25929	0.02902	0.11676	0.07827	0.01114	0.00714	0.00227	0.00567	0.03485	0.00710	0.00979
23	0.01188	0.00594	0.00891	0.00891	0.00891	0.00594	0.00594	0.00891	0.00891	0.01188	0.01188	0.02080	0.01188	0.02377	0.02674	0.80095	0.00594	0.00594	0.00297	0.00297
24	0.00953	0.00662	0.00760	0.00788	0.00829	0.00642	0.00485	0.01004	0.01133	0.01479	0.03042	0.14709	0.11562	0.53440	0.02683	0.00542	0.00585	0.03758	0.00481	0.00463
25	0.02864	0.01148	0.01541	0.01202	0.01700	0.01015	0.00985	0.03213	0.05243	0.64215	0.07273	0.02525	0.02030	0.00887	0.00696	0.00213	0.00563	0.00729	0.00833	0.01126
26	0.02309	0.01013	0.01344	0.01120	0.01493	0.00909	0.00879	0.05090	0.01831	0.45557	0.09797	0.16351	0.02728	0.05195	0.00885	0.00248	0.00532	0.00992	0.00768	0.00958
27	0.02601	0.01916	0.02053	0.01574	0.02122	0.02122	0.01300	0.69408	0.03217	0.04312	0.01643	0.01643	0.01163	0.00821	0.00684	0.00205	0.00753	0.00616	0.00684	0.01163
28	0.01097	0.00855	0.01174	0.01148	0.01314	0.00995	0.00893	0.01622	0.12591	0.01799	0.01990	0.02665	0.01773	0.04435	0.61224	0.00956	0.01619	0.00740	0.00421	0.00689
29	0.03035	0.01219	0.01622	0.01243	0.01774	0.01087	0.01027	0.08144	0.02050	0.67223	0.02622	0.02279	0.01655	0.00845	0.00688	0.00211	0.00595	0.00683	0.00835	0.01164
30	0.00938	0.00712	0.00827	0.00826	0.01028	0.00629	0.00636	0.01171	0.01672	0.03656	0.25493	0.08863	0.40598	0.01647	0.00823	0.00237	0.00378	0.08575	0.00674	0.00615
31	0.00884	0.00725	0.00783	0.00763	0.00982	0.00639	0.00574	0.01164	0.04356	0.02115	0.23119	0.06052	0.52201	0.01616	0.00804	0.00227	0.00348	0.01365	0.00668	0.00615
32	0.01419	0.01216	0.01419	0.01013	0.01621	0.00912	0.00811	0.01723	0.01419	0.02229	0.01216	0.01419	0.01013	0.00507	0.00507	0.00101	0.00507	0.00405	0.00405	0.80139
33	0.02294	0.01055	0.01381	0.01127	0.01527	0.00965	0.00904	0.05110	0.05672	0.43425	0.22701	0.05486	0.03174	0.01053	0.00729	0.00216	0.00505	0.00891	0.00799	0.00989
34	0.00834	0.00595	0.00794	0.00953	0.00992	0.00556	0.00635	0.00953	0.01310	0.01746	0.03771	0.75510	0.04525	0.02143	0.00873	0.00278	0.00397	0.01945	0.00635	0.00556
35	0.01729	0.01527	0.01560	0.01404	0.01790	0.04007	0.01091	0.03606	0.68244	0.02824	0.02729	0.02510	0.02049	0.00921	0.00694	0.00230	0.00564	0.00763	0.00685	0.01074
36	0.80789	0.01323	0.01006	0.00900	0.01323	0.01535	0.00741	0.02011	0.01164	0.03070	0.00953	0.01111	0.00741	0.00635	0.00423	0.00212	0.00529	0.00370	0.00423	0.00741
