[name]
unknown

[dist]
# distance from previous block
# <min> <max>
0	54

[block]
# block no. 0 follows, 23 sequences, length 13
# corresponding to MSA columns:
# 54-66
name=unknown_A
#
# <colnr> <probs for GDERKNQSTAVLIFYWHMCP>
#	G	D	E	R	K	N	Q	S	T	A	V	L	I	F	Y	W	H	M	C	P
0	0.02048	0.02035	0.05152	0.05733	0.23751	0.04434	0.15628	0.09143	0.11588	0.02940	0.02093	0.02803	0.01737	0.00941	0.00866	0.00266	0.01010	0.06119	0.00538	0.01175
1	0.05610	0.01859	0.06512	0.10240	0.02751	0.06512	0.09394	0.07803	0.01979	0.07176	0.04230	0.11454	0.02011	0.01036	0.00795	0.00234	0.00873	0.00909	0.00561	0.18059
2	0.01951	0.02217	0.12452	0.10906	0.10646	0.05461	0.05819	0.10833	0.11172	0.02882	0.02467	0.02670	0.07994	0.01000	0.00912	0.00257	0.04496	0.00827	0.00542	0.04497
3	0.02080	0.01892	0.02282	0.01928	0.02194	0.11353	0.07744	0.04600	0.05027	0.07726	0.01967	0.08724	0.01761	0.01254	0.01526	0.00290	0.27530	0.00888	0.08274	0.00960
4	0.01515	0.00826	0.00928	0.07783	0.01420	0.00863	0.00739	0.01909	0.01694	0.02928	0.02524	0.02937	0.01978	0.00932	0.00592	0.00197	0.00450	0.00753	0.68261	0.00771
5	0.01513	0.00756	0.00756	0.00756	0.00945	0.00756	0.00567	0.01891	0.01702	0.03025	0.02647	0.03025	0.02080	0.00945	0.00567	0.00189	0.00378	0.00756	0.75988	0.00756
6	0.00964	0.00803	0.00842	0.00873	0.01109	0.00681	0.00639	0.01159	0.01800	0.02172	0.07595	0.18338	0.55967	0.02136	0.00972	0.00283	0.00421	0.01812	0.00753	0.00681
7	0.02810	0.02076	0.02234	0.01752	0.02337	0.02277	0.01431	0.55584	0.03539	0.04726	0.02504	0.07078	0.05590	0.01148	0.00836	0.00251	0.00834	0.00899	0.00804	0.01288
8	0.01757	0.01750	0.02481	0.07207	0.02391	0.02434	0.01811	0.01962	0.01271	0.01962	0.01094	0.01804	0.01066	0.01374	0.02523	0.00349	0.64807	0.00711	0.00355	0.00889
9	0.01866	0.07734	0.35866	0.09252	0.10917	0.01807	0.02373	0.02534	0.01757	0.09257	0.01799	0.05298	0.01418	0.01077	0.03347	0.00293	0.01083	0.00732	0.00445	0.01143
10	0.01180	0.00787	0.00885	0.00885	0.00885	0.00787	0.00492	0.01180	0.01180	0.01573	0.02557	0.05310	0.02950	0.71483	0.04130	0.00787	0.00787	0.01180	0.00492	0.00492
11	0.01744	0.01249	0.01662	0.01468	0.01776	0.01324	0.03872	0.16035	0.02152	0.06419	0.11657	0.14523	0.03201	0.03160	0.25136	0.00643	0.01221	0.01163	0.00670	0.00924
12	0.02037	0.12947	0.02781	0.21522	0.21745	0.01964	0.01885	0.02660	0.08277	0.09630	0.05315	0.02346	0.01738	0.00864	0.00772	0.00244	0.00886	0.00747	0.00518	0.01121

[dist]
# distance from previous block
# <min> <max>
0	1

[block]
# block no. 1 follows, 23 sequences, length 18
# corresponding to MSA columns:
# 68-85
name=unknown_B
#
# <colnr> <probs for GDERKNQSTAVLIFYWHMCP>
#	G	D	E	R	K	N	Q	S	T	A	V	L	I	F	Y	W	H	M	C	P
0	0.03641	0.01381	0.01883	0.01444	0.02071	0.01193	0.01193	0.03954	0.02322	0.66984	0.03201	0.02762	0.02009	0.01004	0.00816	0.00251	0.00690	0.00816	0.01004	0.01381
1	0.02646	0.01972	0.02059	0.01677	0.02216	0.05175	0.01348	0.36133	0.14924	0.09557	0.02926	0.06165	0.07181	0.01163	0.00834	0.00255	0.00794	0.00924	0.00804	0.01247
2	0.02281	0.02288	0.02636	0.11605	0.24081	0.17691	0.04590	0.11404	0.04166	0.02795	0.01861	0.02182	0.03572	0.00865	0.00790	0.00239	0.01048	0.00729	0.04064	0.01113
3	0.02959	0.03379	0.02282	0.02018	0.02451	0.51841	0.01545	0.09569	0.05144	0.05590	0.01503	0.01662	0.01191	0.00900	0.00846	0.00225	0.04786	0.00586	0.00503	0.01021
4	0.01865	0.01470	0.01718	0.01266	0.01942	0.01185	0.01011	0.07199	0.01886	0.06165	0.01730	0.05288	0.01471	0.00752	0.00652	0.00148	0.00623	0.00612	0.00549	0.62471
5	0.06072	0.13799	0.10934	0.02172	0.07715	0.20930	0.01791	0.05700	0.04749	0.02399	0.01365	0.01666	0.01140	0.00930	0.01101	0.00249	0.15223	0.00597	0.00425	0.01041
6	0.02001	0.01948	0.03409	0.04860	0.61635	0.01937	0.07185	0.02499	0.01853	0.02647	0.01535	0.02022	0.01281	0.00720	0.00815	0.00244	0.00995	0.00741	0.00402	0.01271
7	0.00977	0.00823	0.00847	0.00841	0.01107	0.00693	0.00630	0.01199	0.01891	0.02291	0.13612	0.07646	0.60639	0.02018	0.00959	0.00272	0.00408	0.01690	0.00767	0.00693
8	0.03641	0.01381	0.01883	0.01444	0.02071	0.01193	0.01193	0.03954	0.02322	0.66984	0.03201	0.02762	0.02009	0.01004	0.00816	0.00251	0.00690	0.00816	0.01004	0.01381
9	0.01340	0.00874	0.01131	0.01041	0.01275	0.00795	0.00790	0.01704	0.02265	0.08447	0.56434	0.05920	0.11604	0.01635	0.00946	0.00256	0.00410	0.01432	0.00892	0.00810
10	0.01077	0.00909	0.00943	0.00920	0.01202	0.00818	0.00694	0.01495	0.07785	0.02412	0.13625	0.07185	0.54224	0.01926	0.00946	0.00272	0.00430	0.01613	0.00774	0.00749
11	0.01813	0.01885	0.03099	0.02474	0.02693	0.02370	0.18216	0.02125	0.01422	0.02125	0.01219	0.01885	0.01109	0.01224	0.02208	0.00333	0.51711	0.00776	0.00370	0.00943
12	0.03559	0.01512	0.01964	0.01506	0.02137	0.01387	0.01244	0.12709	0.02541	0.57921	0.03018	0.02643	0.01917	0.01000	0.00815	0.00250	0.00720	0.00803	0.00976	0.01381
13	0.02931	0.05438	0.02225	0.01640	0.02208	0.02067	0.01361	0.38007	0.03033	0.18168	0.02219	0.02204	0.01564	0.00983	0.00852	0.00241	0.03811	0.00736	0.09040	0.01273
14	0.41787	0.01553	0.01553	0.04853	0.01999	0.01625	0.01068	0.06724	0.01783	0.15182	0.01637	0.01734	0.01187	0.00792	0.00614	0.00229	0.00677	0.00550	0.00605	0.13848
15	0.29051	0.01640	0.04559	0.14862	0.02578	0.01706	0.01342	0.12376	0.01883	0.03193	0.01751	0.09442	0.01555	0.01062	0.00789	0.02936	0.00770	0.00772	0.00540	0.07190
16	0.05575	0.01499	0.01705	0.01531	0.03920	0.04211	0.01140	0.10280	0.09096	0.14495	0.07266	0.12639	0.02720	0.07812	0.01226	0.00305	0.04379	0.01041	0.00715	0.08444
17	0.05879	0.04748	0.02407	0.05139	0.11553	0.01590	0.08688	0.05298	0.01926	0.12133	0.05329	0.06465	0.02167	0.01076	0.00912	0.00250	0.04489	0.06439	0.00596	0.12915

[dist]
# distance from previous block
# <min> <max>
0	30

[block]
# block no. 2 follows, 23 sequences, length 37
# corresponding to MSA columns:
# 116-152
name=unknown_C
#
# <colnr> <probs for GDERKNQSTAVLIFYWHMCP>
#	G	D	E	R	K	N	Q	S	T	A	V	L	I	F	Y	W	H	M	C	P
0	0.05548	0.02197	0.08799	0.04967	0.09153	0.05212	0.01660	0.25329	0.10516	0.08622	0.02393	0.02432	0.05338	0.00976	0.00795	0.00247	0.00871	0.00775	0.00674	0.03494
1	0.09249	0.02060	0.05983	0.04545	0.02424	0.02149	0.01513	0.40328	0.02937	0.04126	0.02091	0.10628	0.01788	0.01161	0.00923	0.00264	0.05049	0.00895	0.00702	0.01183
2	0.08766	0.09194	0.01846	0.01340	0.01775	0.07535	0.01069	0.10165	0.04700	0.07384	0.12536	0.06067	0.06266	0.06193	0.03406	0.00305	0.00774	0.00916	0.00648	0.09115
3	0.02344	0.02452	0.04401	0.07017	0.02412	0.26044	0.01438	0.12183	0.02246	0.04773	0.07259	0.02602	0.03548	0.07775	0.01216	0.00287	0.05246	0.00766	0.00549	0.05442
4	0.01867	0.01668	0.02314	0.01687	0.02373	0.01470	0.11266	0.08339	0.01909	0.02843	0.01503	0.01798	0.01216	0.00702	0.00806	0.00172	0.04981	0.00598	0.00495	0.51994
5	0.01817	0.01379	0.01638	0.01238	0.01868	0.01093	0.00977	0.04360	0.01800	0.08137	0.01974	0.10106	0.01777	0.00882	0.00679	0.00161	0.00604	0.00738	0.00570	0.58200
6	0.01131	0.00819	0.01070	0.01051	0.01227	0.00758	0.00785	0.01479	0.02173	0.03041	0.53929	0.14104	0.08961	0.01805	0.00974	0.00270	0.00412	0.04396	0.00865	0.00749
7	0.01196	0.00923	0.01374	0.01353	0.01489	0.01102	0.01059	0.01479	0.01300	0.01888	0.02108	0.03104	0.01971	0.05809	0.64376	0.01248	0.06197	0.00860	0.00430	0.00734
8	0.08276	0.22163	0.25586	0.02246	0.12226	0.02215	0.02056	0.02427	0.01662	0.02465	0.01327	0.01610	0.01075	0.00758	0.00761	0.00224	0.04326	0.00553	0.00379	0.07667
9	0.72646	0.05856	0.01379	0.01087	0.01600	0.01905	0.00910	0.02388	0.01397	0.03535	0.01130	0.01317	0.00889	0.00750	0.00503	0.00246	0.00642	0.00439	0.00493	0.00889
10	0.02169	0.71972	0.04252	0.01388	0.02083	0.03211	0.01388	0.02430	0.01649	0.01909	0.01128	0.01302	0.01041	0.00694	0.00521	0.00174	0.00868	0.00434	0.00347	0.01041
11	0.04442	0.01951	0.08574	0.21180	0.14463	0.01894	0.16717	0.02413	0.05498	0.02536	0.05505	0.02332	0.01622	0.00877	0.00985	0.00270	0.06436	0.00813	0.00442	0.01050
12	0.01739	0.01025	0.01101	0.03418	0.01381	0.01075	0.00798	0.11936	0.02035	0.03275	0.02598	0.06848	0.02125	0.01040	0.00644	0.00209	0.00493	0.00843	0.56560	0.00857
13	0.01180	0.00787	0.00885	0.00885	0.00885	0.00787	0.00492	0.01180	0.01180	0.01573	0.02557	0.05310	0.02950	0.71483	0.04130	0.00787	0.00787	0.01180	0.00492	0.00492
14	0.02017	0.01759	0.01959	0.01934	0.07579	0.02011	0.01387	0.04157	0.59589	0.03331	0.03152	0.02941	0.02376	0.01069	0.00824	0.00272	0.00670	0.00901	0.00790	0.01284
15	0.01172	0.00819	0.01048	0.01048	0.01105	0.00875	0.00695	0.01285	0.01228	0.01694	0.02407	0.04484	0.02591	0.46020	0.29102	0.00988	0.01327	0.01059	0.00469	0.00582
16	0.09532	0.01874	0.02141	0.04501	0.02413	0.01976	0.01396	0.35535	0.03007	0.25935	0.02284	0.02181	0.01539	0.00959	0.00787	0.00248	0.00809	0.00734	0.00832	0.01317
17	0.01959	0.30857	0.26126	0.01937	0.02716	0.05724	0.04945	0.02552	0.04278	0.02245	0.01357	0.01620	0.01107	0.00824	0.00887	0.00234	0.08601	0.00572	0.00373	0.01088
18	0.01030	0.00762	0.00962	0.01044	0.01173	0.00695	0.00733	0.01253	0.01822	0.02437	0.23041	0.40965	0.16705	0.02199	0.00999	0.00298	0.00435	0.01958	0.00794	0.00695
19	0.01606	0.01190	0.01367	0.01289	0.01557	0.01212	0.00962	0.19448	0.02307	0.03051	0.08027	0.36607	0.14243	0.01952	0.00953	0.00291	0.00579	0.01699	0.00779	0.00880
20	0.02831	0.02164	0.09428	0.02062	0.07960	0.02008	0.01676	0.33197	0.02890	0.18798	0.02230	0.05066	0.01640	0.01018	0.00875	0.00254	0.03043	0.00802	0.00753	0.01306
21	0.03340	0.01863	0.02181	0.01672	0.02312	0.01908	0.01381	0.36229	0.03129	0.33570	0.02524	0.02322	0.01669	0.00988	0.00814	0.00247	0.00800	0.00770	0.00900	0.01380
22	0.01122	0.00828	0.01048	0.00993	0.01196	0.00754	0.00745	0.01479	0.02234	0.03104	0.57829	0.06308	0.15915	0.01715	0.00957	0.00258	0.00387	0.01502	0.00873	0.00754
23	0.08007	0.56116	0.10766	0.01495	0.02216	0.05827	0.01531	0.02477	0.01664	0.02119	0.01169	0.01355	0.01027	0.00713	0.00556	0.00190	0.00911	0.00456	0.00362	0.01041
24	0.02708	0.02043	0.02089	0.01667	0.02192	0.06076	0.01347	0.46517	0.03222	0.04358	0.02035	0.02258	0.01547	0.04153	0.03891	0.00304	0.00911	0.00747	0.10731	0.01205
25	0.00989	0.00706	0.00942	0.01130	0.01177	0.00659	0.00753	0.01130	0.01554	0.02071	0.04472	0.70954	0.05367	0.02542	0.01036	0.00330	0.00471	0.02307	0.00753	0.00659
26	0.02679	0.02071	0.02207	0.01785	0.02362	0.02327	0.01444	0.41141	0.27050	0.04460	0.02463	0.02358	0.01797	0.01022	0.00817	0.00256	0.00798	0.00802	0.00817	0.01344
27	0.02571	0.01860	0.02139	0.09863	0.02603	0.02049	0.01448	0.42316	0.03045	0.07182	0.02222	0.08297	0.01861	0.07427	0.01129	0.00303	0.00860	0.00911	0.00733	0.01180
28	0.01595	0.01564	0.02818	0.58750	0.05369	0.01843	0.12239	0.02159	0.01670	0.02159	0.01475	0.02167	0.01106	0.00790	0.00835	0.00271	0.01128	0.00760	0.00369	0.00933
29	0.00985	0.00719	0.00929	0.01096	0.01168	0.00662	0.00738	0.01134	0.01586	0.02084	0.04879	0.64102	0.11956	0.02489	0.01027	0.00324	0.00464	0.02242	0.00753	0.00662
30	0.01552	0.01347	0.02096	0.47347	0.04255	0.01639	0.01848	0.04937	0.01705	0.02301	0.01935	0.10839	0.01724	0.01085	0.00927	0.00274	0.05034	0.00923	0.07351	0.00880
31	0.02319	0.04841	0.02198	0.16928	0.02865	0.08768	0.01532	0.22434	0.02395	0.06194	0.01826	0.02265	0.01439	0.05241	0.01124	0.00280	0.06797	0.00727	0.08778	0.01049
32	0.01139	0.00936	0.00994	0.00961	0.01223	0.00873	0.00712	0.01616	0.09777	0.02450	0.15821	0.06733	0.43943	0.07780	0.01212	0.00315	0.00468	0.01531	0.00761	0.00756
33	0.01128	0.00874	0.01192	0.01444	0.06778	0.00802	0.00909	0.01319	0.01606	0.02173	0.04209	0.55905	0.08328	0.02207	0.00977	0.00302	0.00519	0.01994	0.00702	0.06630
34	0.02166	0.31737	0.05661	0.10080	0.02565	0.07986	0.01510	0.14008	0.02086	0.02574	0.01702	0.07682	0.01572	0.04387	0.00861	0.00249	0.00925	0.00737	0.00485	0.01027
35	0.34292	0.12328	0.01909	0.04528	0.01949	0.06983	0.01128	0.02431	0.03622	0.06678	0.04304	0.07173	0.01697	0.00973	0.00709	0.00241	0.03210	0.00696	0.00535	0.04615
36	0.20797	0.08602	0.01961	0.03214	0.02032	0.01748	0.01157	0.10074	0.04613	0.16742	0.02135	0.02158	0.04209	0.00889	0.00721	0.00223	0.02397	0.00652	0.00644	0.15034

[dist]
# distance from previous block
# <min> <max>
0	42

[block]
# block no. 3 follows, 23 sequences, length 61
# corresponding to MSA columns:
# 197-257
name=unknown_D
#
# <colnr> <probs for GDERKNQSTAVLIFYWHMCP>
#	G	D	E	R	K	N	Q	S	T	A	V	L	I	F	Y	W	H	M	C	P
0	0.04665	0.11164	0.04803	0.01516	0.01944	0.01607	0.06071	0.12221	0.01968	0.06321	0.02570	0.20954	0.02607	0.10017	0.03963	0.00363	0.00829	0.01169	0.00610	0.04637
1	0.06543	0.06862	0.14297	0.02239	0.07679	0.02024	0.09773	0.12267	0.01970	0.02837	0.01990	0.06088	0.04522	0.01324	0.04575	0.00325	0.12293	0.00838	0.00493	0.01062
2	0.09909	0.09417	0.02438	0.02254	0.12683	0.27819	0.01550	0.08911	0.05276	0.05141	0.05822	0.02001	0.01646	0.00883	0.00731	0.00226	0.01044	0.00652	0.00529	0.01066
3	0.01941	0.01565	0.07497	0.01619	0.05212	0.01380	0.01303	0.02921	0.20647	0.13635	0.16882	0.06786	0.03536	0.01260	0.00852	0.00262	0.00643	0.04169	0.04450	0.03440
4	0.01439	0.01309	0.01445	0.01400	0.01608	0.10370	0.01076	0.01714	0.01475	0.01946	0.02120	0.06193	0.02013	0.04898	0.52075	0.01043	0.01910	0.00872	0.00450	0.04646
5	0.01511	0.01272	0.01521	0.14479	0.02325	0.03251	0.01215	0.05296	0.12638	0.02747	0.14028	0.05061	0.18912	0.01467	0.00892	0.00273	0.00665	0.07373	0.04181	0.00894
6	0.01675	0.01442	0.01721	0.04716	0.02111	0.01119	0.01028	0.02045	0.01680	0.02615	0.01442	0.01707	0.01196	0.00612	0.00612	0.00128	0.00626	0.00493	0.00475	0.72558
7	0.01808	0.01724	0.02932	0.32123	0.40843	0.01875	0.02391	0.02315	0.01753	0.02408	0.01491	0.02073	0.01200	0.00760	0.00807	0.00253	0.01013	0.00722	0.00384	0.01124
8	0.01016	0.00824	0.00901	0.00881	0.01131	0.00709	0.00661	0.01274	0.01983	0.02510	0.25508	0.07286	0.48606	0.01936	0.00958	0.00268	0.00403	0.01639	0.00795	0.00709
9	0.01083	0.00797	0.00973	0.00981	0.01133	0.00731	0.00692	0.01324	0.01892	0.02552	0.32524	0.19138	0.18478	0.12333	0.01446	0.00353	0.00466	0.01641	0.00777	0.00687
10	0.55493	0.01514	0.01396	0.01178	0.01717	0.01635	0.00971	0.02849	0.01659	0.22342	0.01741	0.01744	0.01212	0.00827	0.00595	0.00251	0.00646	0.00551	0.00650	0.01027
11	0.00994	0.00781	0.00899	0.00959	0.01140	0.00686	0.00685	0.01199	0.01799	0.02284	0.14238	0.30565	0.36527	0.02182	0.00987	0.00292	0.00429	0.01897	0.00771	0.00686
12	0.01162	0.00859	0.01249	0.01249	0.01375	0.00984	0.00946	0.01414	0.01288	0.01843	0.02224	0.03466	0.02149	0.14654	0.59865	0.01236	0.01992	0.00910	0.00442	0.00694
13	0.01331	0.00977	0.01312	0.01466	0.01674	0.00986	0.01267	0.01813	0.05741	0.02474	0.04458	0.08701	0.08019	0.02161	0.01093	0.00362	0.00722	0.53913	0.00752	0.00777
14	0.01792	0.01802	0.12324	0.01389	0.02105	0.01178	0.01291	0.02234	0.01794	0.09027	0.06895	0.05436	0.01965	0.00845	0.00699	0.00176	0.00684	0.00699	0.00556	0.47109
15	0.01669	0.01456	0.01830	0.01325	0.02025	0.01120	0.04499	0.02039	0.01691	0.02619	0.01573	0.04432	0.01367	0.00682	0.00638	0.00137	0.00639	0.00580	0.00487	0.69193
16	0.03085	0.02273	0.02435	0.01867	0.02516	0.02516	0.01542	0.63716	0.03815	0.05114	0.01948	0.01948	0.01380	0.00974	0.00812	0.00244	0.00893	0.00731	0.00812	0.01380
17	0.01380	0.00881	0.01159	0.01060	0.01292	0.00805	0.00805	0.01756	0.02299	0.09167	0.60167	0.05755	0.07132	0.01598	0.00944	0.00255	0.00411	0.01407	0.00904	0.00823
18	0.01701	0.13429	0.58694	0.02187	0.03317	0.02065	0.02779	0.02551	0.01704	0.02480	0.01411	0.01657	0.01030	0.00760	0.00737	0.00246	0.01154	0.00577	0.00343	0.01178
19	0.01159	0.00869	0.01304	0.01304	0.01449	0.01014	0.01014	0.01449	0.01304	0.01884	0.02173	0.03188	0.02029	0.06086	0.68268	0.01304	0.02173	0.00869	0.00435	0.00724
20	0.00982	0.00823	0.00853	0.00846	0.01110	0.00695	0.00634	0.01208	0.01903	0.02319	0.15146	0.07600	0.59087	0.02008	0.00959	0.00272	0.00408	0.01683	0.00770	0.00695
21	0.01041	0.00825	0.00935	0.00908	0.01146	0.00720	0.00681	0.01323	0.02043	0.02650	0.33152	0.07055	0.40875	0.01884	0.00958	0.00266	0.00399	0.01607	0.00814	0.00720
22	0.03068	0.02122	0.02320	0.01798	0.02430	0.02315	0.01479	0.51708	0.08494	0.12520	0.02209	0.02133	0.01544	0.00988	0.00813	0.00247	0.00848	0.00756	0.00836	0.01372
23	0.01261	0.00856	0.01111	0.01032	0.01249	0.00783	0.00779	0.01632	0.02276	0.06326	0.60024	0.05987	0.10302	0.01647	0.00950	0.00256	0.00399	0.01448	0.00892	0.00792
24	0.01023	0.00721	0.00931	0.01086	0.01124	0.00682	0.00706	0.01139	0.01486	0.01981	0.04126	0.59088	0.04930	0.15004	0.01595	0.00412	0.00528	0.02103	0.00706	0.00629
25	0.03085	0.02273	0.02435	0.01867	0.02516	0.02516	0.01542	0.63716	0.03815	0.05114	0.01948	0.01948	0.01380	0.00974	0.00812	0.00244	0.00893	0.00731	0.00812	0.01380
26	0.01209	0.00848	0.01073	0.01005	0.01225	0.00769	0.00758	0.01562	0.02229	0.05398	0.54806	0.06211	0.16468	0.01696	0.00952	0.00258	0.00398	0.01482	0.00876	0.00775
27	0.01014	0.00724	0.00971	0.01159	0.01217	0.00681	0.00797	0.01174	0.01579	0.02100	0.04458	0.66041	0.05311	0.02518	0.01042	0.00333	0.00493	0.06970	0.00753	0.00666
28	0.01603	0.01514	0.02561	0.59986	0.14585	0.01821	0.02288	0.02135	0.01656	0.02159	0.01455	0.02140	0.01112	0.00798	0.00810	0.00266	0.01064	0.00721	0.00367	0.00958
29	0.01533	0.00830	0.00837	0.00812	0.01029	0.00828	0.00615	0.04579	0.01809	0.03044	0.03111	0.03402	0.07740	0.01045	0.00613	0.00199	0.00404	0.00840	0.65952	0.00778
30	0.77215	0.01569	0.01193	0.01067	0.01569	0.01820	0.00879	0.02385	0.01381	0.03641	0.01130	0.01318	0.00879	0.00753	0.00502	0.00251	0.00628	0.00439	0.00502	0.00879
31	0.05311	0.04069	0.64059	0.02252	0.03417	0.01881	0.02895	0.02561	0.01697	0.02622	0.01440	0.01694	0.01021	0.00770	0.00758	0.00257	0.01171	0.00592	0.00350	0.01184
32	0.03641	0.01381	0.01883	0.01444	0.02071	0.01193	0.01193	0.03954	0.02322	0.66984	0.03201	0.02762	0.02009	0.01004	0.00816	0.00251	0.00690	0.00816	0.01004	0.01381
33	0.01180	0.00787	0.00885	0.00885	0.00885	0.00787	0.00492	0.01180	0.01180	0.01573	0.02557	0.05310	0.02950	0.71483	0.04130	0.00787	0.00787	0.01180	0.00492	0.00492
34	0.01078	0.00770	0.01044	0.01232	0.01318	0.00736	0.00908	0.01284	0.01641	0.02171	0.04423	0.53702	0.05172	0.02458	0.01059	0.00342	0.00548	0.18680	0.00752	0.00684
35	0.01769	0.01493	0.01729	0.01243	0.01959	0.01170	0.00997	0.05830	0.01814	0.02796	0.01473	0.01699	0.01213	0.00624	0.00614	0.00128	0.00619	0.00496	0.00501	0.71835
36	0.00993	0.00729	0.00932	0.01081	0.01167	0.00668	0.00735	0.01156	0.01634	0.02150	0.08222	0.58658	0.14043	0.02427	0.01021	0.00318	0.00458	0.02179	0.00761	0.00668
37	0.02169	0.71972	0.04252	0.01388	0.02083	0.03211	0.01388	0.02430	0.01649	0.01909	0.01128	0.01302	0.01041	0.00694	0.00521	0.00174	0.00868	0.00434	0.00347	0.01041
38	0.01683	0.01442	0.01683	0.01202	0.01923	0.01082	0.00961	0.02043	0.01683	0.02644	0.01442	0.01683	0.01202	0.00601	0.00601	0.00120	0.00601	0.00481	0.00481	0.76444
39	0.02885	0.02028	0.02228	0.01772	0.02364	0.02217	0.01457	0.45702	0.11946	0.10968	0.02405	0.02621	0.01796	0.01072	0.00833	0.00257	0.00829	0.04463	0.00829	0.01328
40	0.01389	0.00705	0.01052	0.01061	0.01063	0.00703	0.00707	0.01061	0.01081	0.01441	0.01555	0.05723	0.01598	0.02806	0.03070	0.72775	0.00694	0.00781	0.00371	0.00367
41	0.01693	0.01477	0.01826	0.01304	0.02030	0.01127	0.03850	0.02069	0.01693	0.02642	0.01451	0.01706	0.01203	0.00605	0.00617	0.00127	0.00636	0.00503	0.00477	0.72962
42	0.02013	0.07642	0.02826	0.21252	0.30136	0.13507	0.02072	0.02429	0.01851	0.02295	0.01804	0.02227	0.04845	0.00840	0.00779	0.00240	0.01044	0.00721	0.00409	0.01069
43	0.01821	0.25010	0.38173	0.05411	0.03240	0.02311	0.08536	0.02505	0.01709	0.02342	0.01372	0.01654	0.01055	0.00740	0.00714	0.00233	0.01107	0.00590	0.00352	0.01125
44	0.01570	0.01481	0.02502	0.64401	0.10425	0.01813	0.02272	0.02106	0.01640	0.02119	0.01449	0.02151	0.01098	0.00804	0.00811	0.00268	0.01072	0.00721	0.00364	0.00932
45	0.01053	0.00820	0.00960	0.00967	0.01183	0.00727	0.00727	0.01327	0.01984	0.02583	0.28724	0.13597	0.34856	0.01971	0.00976	0.00279	0.00427	0.05321	0.00804	0.00716
46	0.01242	0.00895	0.01122	0.01219	0.01339	0.00884	0.00849	0.08694	0.01827	0.02439	0.04167	0.62614	0.04885	0.02353	0.01009	0.00319	0.00522	0.02116	0.00760	0.00746
47	0.02807	0.02074	0.02254	0.01795	0.02373	0.02286	0.01478	0.53672	0.05841	0.04695	0.02302	0.05750	0.01867	0.01152	0.00847	0.00259	0.00852	0.05599	0.00804	0.01293
48	0.01109	0.00846	0.01023	0.01009	0.01212	0.00779	0.00745	0.01486	0.04613	0.02798	0.38768	0.16040	0.22830	0.01874	0.00964	0.00272	0.00414	0.01636	0.00832	0.00749
49	0.01087	0.00857	0.00986	0.00969	0.01197	0.00777	0.00720	0.01454	0.04918	0.02664	0.30910	0.12803	0.33926	0.01897	0.00959	0.00272	0.00416	0.01633	0.00813	0.00743
50	0.06279	0.08166	0.02493	0.01769	0.02377	0.02431	0.01483	0.47087	0.03246	0.09867	0.01898	0.01924	0.01364	0.00968	0.00878	0.00245	0.04781	0.00698	0.00748	0.01300
51	0.02947	0.02201	0.02411	0.06013	0.02689	0.02453	0.01576	0.57598	0.06082	0.04860	0.01970	0.02004	0.01405	0.00969	0.00812	0.00246	0.00895	0.00737	0.00785	0.01347
52	0.03053	0.02065	0.02279	0.01769	0.02383	0.02232	0.01452	0.52004	0.03486	0.13686	0.02257	0.05677	0.01677	0.01060	0.00824	0.00249	0.00842	0.00825	0.00836	0.01342
53	0.05913	0.12875	0.02817	0.02787	0.21032	0.36712	0.01780	0.02868	0.02034	0.02242	0.01310	0.01593	0.01107	0.00779	0.00712	0.00215	0.01196	0.00565	0.00407	0.01053
54	0.02389	0.01222	0.01532	0.01273	0.01704	0.01147	0.01014	0.07624	0.05921	0.29869	0.23865	0.04208	0.09082	0.01304	0.00864	0.00253	0.00568	0.01097	0.03971	0.01093
55	0.05957	0.29365	0.09597	0.01758	0.05432	0.02374	0.01575	0.09538	0.01970	0.13179	0.01665	0.01802	0.01282	0.00868	0.00848	0.00228	0.07487	0.00600	0.03345	0.01130
56	0.01004	0.00713	0.00937	0.01110	0.01154	0.00669	0.00732	0.01134	0.01524	0.02032	0.04320	0.65735	0.05175	0.08023	0.01282	0.00366	0.00496	0.02217	0.00732	0.00646
57	0.01049	0.00826	0.00947	0.00916	0.01151	0.00723	0.00687	0.01339	0.02062	0.02696	0.35642	0.06979	0.38356	0.01867	0.00958	0.00265	0.00398	0.01596	0.00820	0.00723
58	0.01001	0.00818	0.00885	0.00880	0.01125	0.00701	0.00655	0.01242	0.01931	0.02415	0.20486	0.10591	0.50458	0.01994	0.00962	0.00273	0.00408	0.01689	0.00784	0.00701
59	0.24222	0.01451	0.01591	0.01336	0.01848	0.01506	0.01081	0.03349	0.14422	0.29778	0.02549	0.02434	0.01782	0.01196	0.04002	0.00304	0.00719	0.00728	0.04548	0.01154
60	0.05735	0.01391	0.01593	0.07206	0.02015	0.01499	0.01126	0.20901	0.02271	0.03404	0.02153	0.04699	0.01750	0.01637	0.09616	0.00362	0.00868	0.00774	0.24023	0.06977

[dist]
# distance from previous block
# <min> <max>
1	15

[block]
# block no. 4 follows, 23 sequences, length 8
# corresponding to MSA columns:
# 273-280
name=unknown_E
#
# <colnr> <probs for GDERKNQSTAVLIFYWHMCP>
#	G	D	E	R	K	N	Q	S	T	A	V	L	I	F	Y	W	H	M	C	P
0	0.08270	0.08507	0.09988	0.12169	0.26662	0.05183	0.12906	0.02484	0.01780	0.02542	0.01446	0.01882	0.01155	0.00738	0.00774	0.00246	0.01062	0.00692	0.00396	0.01120
1	0.02274	0.01561	0.01787	0.01527	0.01935	0.01676	0.01193	0.27960	0.09323	0.10088	0.02838	0.17761	0.02599	0.06083	0.07126	0.00395	0.00860	0.01149	0.00767	0.01097
2	0.02037	0.12261	0.02890	0.22688	0.03435	0.11382	0.06959	0.06722	0.01804	0.02268	0.01327	0.01829	0.01100	0.00955	0.01245	0.00268	0.18786	0.00670	0.00402	0.00974
3	0.01467	0.08013	0.01369	0.01076	0.01147	0.00969	0.00756	0.01209	0.01129	0.01475	0.01484	0.02603	0.01510	0.08771	0.02986	0.61790	0.00729	0.00720	0.00364	0.00435
4	0.00985	0.00719	0.00929	0.01097	0.01168	0.00662	0.00739	0.01134	0.01585	0.02084	0.04874	0.64191	0.11871	0.02490	0.01027	0.00324	0.00464	0.02243	0.00753	0.00662
5	0.01312	0.01319	0.09855	0.01183	0.01539	0.00932	0.01039	0.01682	0.01954	0.05488	0.31742	0.09705	0.14494	0.08730	0.01238	0.00310	0.00568	0.01336	0.00731	0.04843
6	0.04641	0.14819	0.39468	0.02378	0.07662	0.02167	0.07356	0.02486	0.01677	0.02459	0.01378	0.01694	0.01062	0.00800	0.00890	0.00251	0.06707	0.00613	0.00360	0.01133
7	0.02195	0.01762	0.01973	0.04190	0.10767	0.07642	0.01384	0.18719	0.08272	0.06591	0.02574	0.04752	0.05714	0.04915	0.07867	0.00378	0.00964	0.00875	0.07390	0.01075

[dist]
# distance from previous block
# <min> <max>
0	1

[block]
# block no. 5 follows, 23 sequences, length 14
# corresponding to MSA columns:
# 282-295
name=unknown_F
#
# <colnr> <probs for GDERKNQSTAVLIFYWHMCP>
#	G	D	E	R	K	N	Q	S	T	A	V	L	I	F	Y	W	H	M	C	P
0	0.23299	0.01562	0.01583	0.01450	0.04926	0.03555	0.01089	0.17590	0.02293	0.07139	0.11427	0.02874	0.05926	0.01053	0.00719	0.00241	0.00658	0.00812	0.10793	0.01010
1	0.14951	0.01919	0.01920	0.05411	0.02229	0.07524	0.01314	0.28931	0.02663	0.03839	0.09504	0.02526	0.03948	0.01053	0.00862	0.00249	0.04566	0.00781	0.04732	0.01078
2	0.05181	0.00937	0.01144	0.06759	0.01552	0.01053	0.00897	0.01828	0.01559	0.02643	0.02271	0.02839	0.01869	0.02184	0.16941	0.00476	0.04670	0.00762	0.43661	0.00774
3	0.01817	0.01538	0.01906	0.13702	0.02658	0.01379	0.01264	0.09184	0.01918	0.02826	0.01501	0.01801	0.01201	0.00682	0.00664	0.00162	0.00722	0.00553	0.00497	0.54025
4	0.01185	0.00871	0.01081	0.01058	0.01230	0.00837	0.00770	0.01597	0.05896	0.02810	0.41038	0.12522	0.09884	0.11589	0.01410	0.00345	0.00481	0.03849	0.00804	0.00743
5	0.01055	0.00742	0.00958	0.01096	0.01147	0.00707	0.00732	0.01190	0.01524	0.02035	0.06527	0.50717	0.04906	0.17053	0.01691	0.00426	0.00551	0.05607	0.00703	0.00633
6	0.01314	0.00846	0.01139	0.08241	0.01591	0.00905	0.00882	0.01530	0.01492	0.02236	0.06024	0.11379	0.02661	0.09108	0.15340	0.10672	0.00917	0.01034	0.22014	0.00675
7	0.01182	0.00822	0.00967	0.01007	0.01077	0.00806	0.00678	0.01284	0.01401	0.01824	0.03563	0.06404	0.10440	0.49019	0.03136	0.00642	0.00736	0.13869	0.00575	0.00567
8	0.02930	0.02258	0.02326	0.01822	0.02433	0.05590	0.01490	0.54576	0.07443	0.04738	0.02253	0.02229	0.04060	0.01019	0.00815	0.00245	0.00885	0.00772	0.00791	0.01325
9	0.01250	0.00913	0.01227	0.01376	0.01576	0.00890	0.01184	0.01600	0.01884	0.02431	0.07618	0.08821	0.13675	0.02189	0.01090	0.00354	0.00682	0.49746	0.00755	0.00739
10	0.08226	0.11653	0.40858	0.02357	0.10184	0.02102	0.02433	0.08279	0.01890	0.02829	0.01444	0.01686	0.01079	0.00774	0.00726	0.00243	0.01056	0.00593	0.00407	0.01180
11	0.10814	0.15409	0.36958	0.01902	0.02808	0.06051	0.02176	0.02746	0.05287	0.06514	0.01558	0.01718	0.01155	0.00792	0.00699	0.00239	0.01028	0.00578	0.00434	0.01134
12	0.08591	0.01962	0.02068	0.16358	0.07852	0.13464	0.01526	0.14079	0.02225	0.08090	0.05813	0.02643	0.03911	0.06738	0.01057	0.00290	0.00946	0.00787	0.00579	0.01018
13	0.01444	0.01457	0.06901	0.03137	0.04932	0.04720	0.01198	0.06698	0.04454	0.02518	0.06177	0.29341	0.16609	0.01840	0.00941	0.00291	0.00667	0.05136	0.00685	0.00854

[dist]
# distance from previous block
# <min> <max>
6	9

[block]
# block no. 6 follows, 23 sequences, length 6
# corresponding to MSA columns:
# 305-310
name=unknown_G
#
# <colnr> <probs for GDERKNQSTAVLIFYWHMCP>
#	G	D	E	R	K	N	Q	S	T	A	V	L	I	F	Y	W	H	M	C	P
0	0.16315	0.00927	0.00984	0.00999	0.01181	0.00933	0.00703	0.01429	0.01536	0.02376	0.09890	0.21190	0.15217	0.14323	0.01647	0.07095	0.00559	0.01398	0.00635	0.00661
1	0.21662	0.01188	0.01301	0.01124	0.01537	0.01147	0.00886	0.02240	0.01918	0.16040	0.21100	0.07542	0.09402	0.01272	0.00779	0.00246	0.00538	0.01039	0.00752	0.08288
2	0.01446	0.01438	0.14234	0.01241	0.01547	0.00989	0.01145	0.01635	0.01397	0.02144	0.01892	0.02678	0.01654	0.05502	0.08364	0.29055	0.00860	0.00737	0.21366	0.00677
3	0.01613	0.01394	0.01805	0.01620	0.07539	0.01240	0.01163	0.01958	0.01591	0.02445	0.01570	0.02019	0.01365	0.01765	0.14295	0.00384	0.05757	0.00596	0.00456	0.49427
4	0.01536	0.01444	0.14061	0.01068	0.01459	0.00982	0.01053	0.02027	0.01704	0.02934	0.02409	0.02763	0.01869	0.00910	0.00608	0.00203	0.00542	0.00725	0.60859	0.00845
5	0.01785	0.03145	0.37060	0.03027	0.23217	0.05624	0.02547	0.02487	0.01844	0.02625	0.07463	0.02196	0.01726	0.00842	0.00796	0.00249	0.01064	0.00715	0.00417	0.01171

[dist]
# distance from previous block
# <min> <max>
0	1

[block]
# block no. 7 follows, 23 sequences, length 27
# corresponding to MSA columns:
# 312-338
name=unknown_H
#
# <colnr> <probs for GDERKNQSTAVLIFYWHMCP>
#	G	D	E	R	K	N	Q	S	T	A	V	L	I	F	Y	W	H	M	C	P
0	0.02326	0.06038	0.02500	0.05141	0.20798	0.20621	0.01703	0.13455	0.02342	0.02849	0.06900	0.02615	0.07273	0.00986	0.00795	0.00234	0.01000	0.00793	0.00542	0.01087
1	0.04841	0.03603	0.51290	0.05993	0.11059	0.01889	0.05081	0.02529	0.01718	0.02600	0.01457	0.01772	0.01063	0.00763	0.00773	0.00256	0.01148	0.00627	0.00360	0.01177
2	0.01732	0.02134	0.13470	0.40621	0.15197	0.05459	0.02339	0.02390	0.04522	0.02308	0.01531	0.02062	0.01167	0.00804	0.00799	0.00260	0.01083	0.00699	0.00388	0.01036
3	0.01735	0.01772	0.08357	0.10149	0.14449	0.01594	0.15218	0.04220	0.01811	0.05858	0.02425	0.20927	0.02377	0.01279	0.00977	0.00282	0.03822	0.01201	0.00534	0.01013
4	0.01576	0.01505	0.02575	0.58874	0.05201	0.01770	0.07293	0.02115	0.01652	0.02160	0.01459	0.02130	0.01103	0.00785	0.00808	0.00259	0.01070	0.00723	0.00374	0.06569
5	0.01888	0.01568	0.02112	0.02055	0.09844	0.03894	0.08419	0.17313	0.02241	0.03058	0.02770	0.26724	0.02810	0.01448	0.00877	0.00267	0.00774	0.01303	0.06290	0.04345
6	0.01197	0.00781	0.00898	0.00898	0.00898	0.00781	0.00508	0.01171	0.01171	0.01561	0.02471	0.05097	0.02835	0.66347	0.04058	0.06443	0.00781	0.01144	0.00481	0.00481
7	0.01665	0.00904	0.00920	0.00864	0.01098	0.00927	0.00662	0.07905	0.01907	0.03228	0.02579	0.02920	0.02012	0.00948	0.00591	0.00194	0.00428	0.00754	0.68675	0.00817
8	0.01159	0.00869	0.01304	0.01304	0.01449	0.01014	0.01014	0.01449	0.01304	0.01884	0.02173	0.03188	0.02029	0.06086	0.68268	0.01304	0.02173	0.00869	0.00435	0.00724
9	0.01016	0.00728	0.00966	0.01111	0.01183	0.00678	0.00755	0.01200	0.01683	0.02277	0.15191	0.59648	0.05766	0.02388	0.01022	0.00317	0.00455	0.02161	0.00778	0.00678
10	0.01263	0.00914	0.01249	0.01419	0.01607	0.00900	0.01222	0.01611	0.01853	0.02392	0.04652	0.11721	0.10151	0.02238	0.01103	0.00363	0.00705	0.53152	0.00748	0.00738
11	0.01211	0.00945	0.01403	0.01373	0.01506	0.01138	0.01078	0.01491	0.01299	0.01889	0.02080	0.03069	0.01948	0.05694	0.62763	0.01224	0.07864	0.00856	0.00428	0.00738
12	0.02018	0.01743	0.01835	0.01651	0.02110	0.02018	0.01284	0.04312	0.64956	0.03394	0.03303	0.03027	0.02477	0.01101	0.00826	0.00275	0.00642	0.00917	0.00826	0.01284
13	0.03085	0.02273	0.02435	0.01867	0.02516	0.02516	0.01542	0.63716	0.03815	0.05114	0.01948	0.01948	0.01380	0.00974	0.00812	0.00244	0.00893	0.00731	0.00812	0.01380
14	0.77215	0.01569	0.01193	0.01067	0.01569	0.01820	0.00879	0.02385	0.01381	0.03641	0.01130	0.01318	0.00879	0.00753	0.00502	0.00251	0.00628	0.00439	0.00502	0.00879
15	0.03085	0.02273	0.02435	0.01867	0.02516	0.02516	0.01542	0.63716	0.03815	0.05114	0.01948	0.01948	0.01380	0.00974	0.00812	0.00244	0.00893	0.00731	0.00812	0.01380
16	0.02076	0.01772	0.01867	0.01663	0.02132	0.02045	0.01298	0.07542	0.61631	0.03488	0.03229	0.02969	0.02417	0.01094	0.00825	0.00273	0.00656	0.00907	0.00825	0.01290
17	0.77215	0.01569	0.01193	0.01067	0.01569	0.01820	0.00879	0.02385	0.01381	0.03641	0.01130	0.01318	0.00879	0.00753	0.00502	0.00251	0.00628	0.00439	0.00502	0.00879
18	0.01948	0.01891	0.02973	0.04376	0.55526	0.04913	0.02257	0.02392	0.01870	0.02577	0.02116	0.02757	0.05858	0.00900	0.00827	0.00249	0.00938	0.03988	0.00445	0.01200
19	0.01847	0.01437	0.01699	0.01222	0.01935	0.01091	0.00981	0.02204	0.01736	0.08042	0.01590	0.01773	0.01270	0.00635	0.00619	0.00131	0.00608	0.00509	0.00525	0.70146
20	0.02008	0.01928	0.03294	0.04981	0.66422	0.01928	0.02490	0.02490	0.01848	0.02651	0.01526	0.02008	0.01285	0.00723	0.00803	0.00241	0.00964	0.00723	0.00402	0.01285
21	0.77215	0.01569	0.01193	0.01067	0.01569	0.01820	0.00879	0.02385	0.01381	0.03641	0.01130	0.01318	0.00879	0.00753	0.00502	0.00251	0.00628	0.00439	0.00502	0.00879
22	0.01128	0.00829	0.01057	0.01000	0.01200	0.00757	0.00750	0.01492	0.02249	0.03141	0.59869	0.06246	0.13851	0.01701	0.00957	0.00257	0.00386	0.01493	0.00878	0.00757
23	0.01513	0.00756	0.00756	0.00756	0.00945	0.00756	0.00567	0.01891	0.01702	0.03025	0.02647	0.03025	0.02080	0.00945	0.00567	0.00189	0.00378	0.00756	0.75988	0.00756
24	0.77215	0.01569	0.01193	0.01067	0.01569	0.01820	0.00879	0.02385	0.01381	0.03641	0.01130	0.01318	0.00879	0.00753	0.00502	0.00251	0.00628	0.00439	0.00502	0.00879
25	0.02095	0.01726	0.01837	0.01641	0.02108	0.01979	0.01280	0.04295	0.61980	0.06415	0.03298	0.03015	0.02455	0.01096	0.00825	0.00274	0.00644	0.00913	0.00834	0.01289
26	0.01627	0.04197	0.67279	0.02313	0.03512	0.01884	0.02998	0.02570	0.01713	0.02570	0.01456	0.01713	0.01028	0.00771	0.00771	0.00257	0.01199	0.00600	0.00343	0.01199

[dist]
# distance from previous block
# <min> <max>
0	16

[block]
# block no. 8 follows, 23 sequences, length 91
# corresponding to MSA columns:
# 355-445
name=unknown_I
#
# <colnr> <probs for GDERKNQSTAVLIFYWHMCP>
#	G	D	E	R	K	N	Q	S	T	A	V	L	I	F	Y	W	H	M	C	P
0	0.01656	0.02083	0.12524	0.02680	0.05550	0.01666	0.35771	0.02266	0.01921	0.02668	0.13503	0.09010	0.02739	0.01041	0.00933	0.00272	0.01071	0.01112	0.00519	0.01017
1	0.77215	0.01569	0.01193	0.01067	0.01569	0.01820	0.00879	0.02385	0.01381	0.03641	0.01130	0.01318	0.00879	0.00753	0.00502	0.00251	0.00628	0.00439	0.00502	0.00879
2	0.00989	0.00706	0.00942	0.01130	0.01177	0.00659	0.00753	0.01130	0.01554	0.02071	0.04472	0.70954	0.05367	0.02542	0.01036	0.00330	0.00471	0.02307	0.00753	0.00659
3	0.01007	0.00706	0.00947	0.01127	0.01172	0.00661	0.00751	0.01127	0.01531	0.02042	0.04335	0.67888	0.05190	0.02555	0.01131	0.03734	0.00481	0.02235	0.00735	0.00645
4	0.03031	0.03867	0.02299	0.02090	0.02508	0.68226	0.01568	0.03240	0.02299	0.01986	0.01254	0.01463	0.01045	0.00836	0.00732	0.00209	0.01463	0.00523	0.00418	0.00941
5	0.01532	0.01442	0.02434	0.69533	0.05589	0.01803	0.02253	0.02073	0.01622	0.02073	0.01442	0.02163	0.01082	0.00811	0.00811	0.00270	0.01082	0.00721	0.00361	0.00901
6	0.01164	0.00780	0.00890	0.00906	0.00910	0.00776	0.00514	0.01176	0.01212	0.01616	0.02720	0.10904	0.03156	0.65608	0.03866	0.00748	0.00760	0.01276	0.00514	0.00506
7	0.01246	0.00961	0.01375	0.04388	0.01680	0.00948	0.04663	0.05732	0.01823	0.02447	0.09829	0.49790	0.04831	0.02145	0.01002	0.00313	0.00586	0.04749	0.00732	0.00761
8	0.01409	0.00705	0.01057	0.01057	0.01057	0.00705	0.00705	0.01057	0.01057	0.01409	0.01409	0.02467	0.01409	0.02819	0.03171	0.76392	0.00705	0.00705	0.00352	0.00352
9	0.01308	0.00934	0.01308	0.01494	0.01681	0.00934	0.01308	0.01681	0.01868	0.02428	0.04296	0.09153	0.04670	0.02242	0.01121	0.00374	0.00747	0.60960	0.00747	0.00747
10	0.01902	0.02279	0.07585	0.03370	0.04208	0.02044	0.60768	0.02598	0.01906	0.02598	0.01633	0.02167	0.01222	0.00688	0.00949	0.00273	0.01360	0.00942	0.00407	0.01099
11	0.13744	0.10008	0.43212	0.06880	0.06055	0.01998	0.02430	0.02488	0.01654	0.02646	0.01375	0.01656	0.01021	0.00761	0.00708	0.00248	0.01057	0.00572	0.00372	0.01116
12	0.01560	0.01251	0.01391	0.01374	0.01563	0.05157	0.01014	0.12665	0.02032	0.02670	0.06598	0.42033	0.04167	0.04605	0.01170	0.00324	0.03931	0.04953	0.00722	0.00821
13	0.01162	0.00858	0.01247	0.01247	0.01372	0.00983	0.00943	0.01412	0.01287	0.01841	0.02226	0.03479	0.02155	0.15055	0.59471	0.01233	0.01983	0.00912	0.00443	0.00693
14	0.01683	0.01442	0.01683	0.01202	0.01923	0.01082	0.00961	0.02043	0.01683	0.02644	0.01442	0.01683	0.01202	0.00601	0.00601	0.00120	0.00601	0.00481	0.00481	0.76444
15	0.01224	0.00876	0.01096	0.01155	0.01285	0.00855	0.00836	0.05045	0.01807	0.02420	0.14288	0.31696	0.07706	0.14700	0.01579	0.00399	0.00579	0.11017	0.00732	0.00705
16	0.01671	0.01588	0.04559	0.02054	0.05122	0.01654	0.14777	0.05675	0.01865	0.02707	0.15319	0.05916	0.02884	0.04446	0.01460	0.00303	0.17698	0.01013	0.08364	0.00923
17	0.49513	0.01844	0.07680	0.08150	0.11713	0.01818	0.01450	0.02445	0.01537	0.05528	0.01322	0.01587	0.01012	0.00765	0.00611	0.00252	0.00774	0.00536	0.00478	0.00988
18	0.01745	0.07135	0.56852	0.02448	0.07830	0.05038	0.02822	0.02589	0.01747	0.02518	0.01437	0.01703	0.01047	0.00767	0.00760	0.00250	0.01180	0.00597	0.00351	0.01186
19	0.01712	0.06809	0.51300	0.02504	0.03601	0.01979	0.15659	0.02570	0.01753	0.02546	0.01481	0.01795	0.01071	0.00749	0.00799	0.00257	0.01220	0.00668	0.00357	0.01170
20	0.01227	0.01034	0.01524	0.09345	0.02009	0.01027	0.06738	0.01631	0.05219	0.02401	0.15341	0.26562	0.15592	0.05223	0.01114	0.00314	0.00624	0.01607	0.00691	0.00778
21	0.01098	0.00782	0.01004	0.01133	0.01207	0.00750	0.00763	0.03690	0.01646	0.02204	0.06957	0.59498	0.05096	0.08480	0.01294	0.00363	0.00512	0.02107	0.00739	0.00678
22	0.01547	0.00848	0.01140	0.01196	0.01365	0.00771	0.00846	0.01725	0.01715	0.15738	0.04205	0.56596	0.04660	0.02218	0.00989	0.00313	0.00517	0.01993	0.00806	0.00811
23	0.01180	0.00787	0.00885	0.00885	0.00885	0.00787	0.00492	0.01180	0.01180	0.01573	0.02557	0.05310	0.02950	0.71483	0.04130	0.00787	0.00787	0.01180	0.00492	0.00492
24	0.02008	0.01928	0.03294	0.04981	0.66422	0.01928	0.02490	0.02490	0.01848	0.02651	0.01526	0.02008	0.01285	0.00723	0.00803	0.00241	0.00964	0.00723	0.00402	0.01285
25	0.02018	0.01743	0.01835	0.01651	0.02110	0.02018	0.01284	0.04312	0.64956	0.03394	0.03303	0.03027	0.02477	0.01101	0.00826	0.00275	0.00642	0.00917	0.00826	0.01284
26	0.06488	0.02131	0.02301	0.01768	0.02412	0.02314	0.01459	0.53318	0.03493	0.10496	0.02004	0.01982	0.01407	0.00953	0.00790	0.00240	0.00852	0.00716	0.00803	0.04072
27	0.01009	0.00819	0.00895	0.00887	0.01129	0.00704	0.00661	0.01257	0.01950	0.02457	0.22795	0.10304	0.48345	0.01977	0.00962	0.00272	0.00407	0.01678	0.00789	0.00704
28	0.22733	0.02086	0.02106	0.01655	0.02265	0.02332	0.01366	0.47460	0.03170	0.04723	0.01731	0.01781	0.01247	0.00916	0.00730	0.00246	0.00823	0.00653	0.00730	0.01247
29	0.01180	0.00787	0.00885	0.00885	0.00885	0.00787	0.00492	0.01180	0.01180	0.01573	0.02557	0.05310	0.02950	0.71483	0.04130	0.00787	0.00787	0.01180	0.00492	0.00492
30	0.01004	0.00824	0.00885	0.00869	0.01124	0.00704	0.00652	0.01252	0.01956	0.02446	0.22020	0.07392	0.52134	0.01960	0.00959	0.00270	0.00404	0.01654	0.00787	0.00704
31	0.02169	0.71972	0.04252	0.01388	0.02083	0.03211	0.01388	0.02430	0.01649	0.01909	0.01128	0.01302	0.01041	0.00694	0.00521	0.00174	0.00868	0.00434	0.00347	0.01041
32	0.01775	0.01775	0.02485	0.02130	0.02130	0.02485	0.01775	0.01953	0.01243	0.01953	0.01065	0.01775	0.01065	0.01420	0.02663	0.00355	0.69998	0.00710	0.00355	0.00888
33	0.00986	0.00718	0.00930	0.01099	0.01169	0.00662	0.00740	0.01133	0.01583	0.02083	0.04847	0.64634	0.11445	0.02493	0.01028	0.00324	0.00465	0.02247	0.00753	0.00662
34	0.01915	0.02189	0.04788	0.03420	0.04241	0.02052	0.63475	0.02599	0.01915	0.02599	0.01642	0.02189	0.01231	0.00684	0.00958	0.00274	0.01368	0.00958	0.00410	0.01094
35	0.01627	0.04197	0.67279	0.02313	0.03512	0.01884	0.02998	0.02570	0.01713	0.02570	0.01456	0.01713	0.01028	0.00771	0.00771	0.00257	0.01199	0.00600	0.00343	0.01199
36	0.01168	0.00789	0.00882	0.00882	0.00897	0.00781	0.00498	0.01179	0.01216	0.01607	0.02865	0.05446	0.06392	0.67699	0.03957	0.00759	0.00766	0.01209	0.00506	0.00502
37	0.00996	0.00709	0.00939	0.01120	0.01165	0.00664	0.00742	0.01132	0.01538	0.02051	0.04394	0.68261	0.05268	0.05371	0.01163	0.00348	0.00484	0.02261	0.00742	0.00652
38	0.42467	0.01679	0.01581	0.01313	0.01838	0.01859	0.01076	0.19960	0.02230	0.08835	0.06327	0.02159	0.03759	0.00943	0.00662	0.00250	0.00684	0.00666	0.00665	0.01046
39	0.03503	0.01477	0.01933	0.01478	0.02112	0.01327	0.01220	0.10132	0.02453	0.57899	0.02999	0.02633	0.01910	0.00985	0.00807	0.00245	0.00708	0.00793	0.00963	0.04424
40	0.01246	0.00950	0.01064	0.01068	0.01340	0.00878	0.00834	0.04027	0.04914	0.04553	0.06527	0.13938	0.41851	0.02012	0.00977	0.00294	0.00513	0.11477	0.00767	0.00772
41	0.00989	0.00706	0.00942	0.01130	0.01177	0.00659	0.00753	0.01130	0.01554	0.02071	0.04472	0.70954	0.05367	0.02542	0.01036	0.00330	0.00471	0.02307	0.00753	0.00659
42	0.05993	0.01983	0.01841	0.01607	0.02080	0.13073	0.01257	0.06189	0.33083	0.14708	0.02733	0.02590	0.02002	0.01006	0.00774	0.00251	0.00782	0.00791	0.06066	0.01191
43	0.13489	0.02171	0.02032	0.01660	0.02224	0.13894	0.01335	0.22479	0.08323	0.21121	0.02174	0.02093	0.01521	0.00938	0.00756	0.00243	0.00881	0.00693	0.00751	0.01222
44	0.01782	0.01150	0.01230	0.04167	0.01560	0.01248	0.00894	0.08873	0.14973	0.03277	0.02655	0.02874	0.02043	0.00974	0.00657	0.00216	0.00518	0.00785	0.49186	0.00937
45	0.01974	0.01622	0.01766	0.01529	0.02023	0.01750	0.01195	0.03744	0.47904	0.05811	0.06740	0.02969	0.02551	0.01045	0.00795	0.00247	0.00622	0.00872	0.00778	0.14064
46	0.00989	0.00706	0.00942	0.01130	0.01177	0.00659	0.00753	0.01130	0.01554	0.02071	0.04472	0.70954	0.05367	0.02542	0.01036	0.00330	0.00471	0.02307	0.00753	0.00659
