[name]
unknown

[dist]
# distance from previous block
# <min> <max>
42	90

[block]
# block no. 0 follows, 28 sequences, length 30
# corresponding to MSA columns:
# 117-146
name=unknown_A
#
# <colnr> <probs for GDERKNQSTAVLIFYWHMCP>
#	G	D	E	R	K	N	Q	S	T	A	V	L	I	F	Y	W	H	M	C	P
0	0.04526	0.05211	0.06762	0.09196	0.31390	0.01837	0.13074	0.11949	0.01877	0.02647	0.01400	0.01756	0.01102	0.00681	0.00716	0.00218	0.00912	0.00650	0.00413	0.03682
1	0.02376	0.01735	0.02282	0.02456	0.23282	0.01819	0.01568	0.31242	0.02460	0.12724	0.01828	0.04652	0.01411	0.00864	0.00787	0.00221	0.03363	0.00710	0.00610	0.03608
2	0.01771	0.01698	0.02899	0.09028	0.65576	0.01720	0.02217	0.02206	0.01642	0.02340	0.01362	0.01808	0.01139	0.00653	0.00720	0.00218	0.00871	0.00648	0.00357	0.01128
3	0.05994	0.01594	0.06392	0.16499	0.23891	0.01556	0.06081	0.05076	0.08107	0.02441	0.04559	0.05728	0.07156	0.00910	0.00741	0.00234	0.00794	0.00819	0.00464	0.00964
4	0.01029	0.00743	0.00972	0.00914	0.01086	0.00686	0.00686	0.01372	0.02058	0.02915	0.69536	0.05430	0.06859	0.01486	0.00857	0.00229	0.00343	0.01315	0.00800	0.00686
5	0.01263	0.00631	0.00947	0.00947	0.00947	0.00631	0.00631	0.00947	0.00947	0.01263	0.01263	0.02210	0.01263	0.02525	0.02841	0.78851	0.00631	0.00631	0.00316	0.00316
6	0.00879	0.00730	0.00769	0.00774	0.00998	0.00620	0.00575	0.01077	0.01683	0.02060	0.13905	0.11307	0.58457	0.01832	0.00864	0.00247	0.00369	0.01546	0.00689	0.00620
7	0.01263	0.00631	0.00947	0.00947	0.00947	0.00631	0.00631	0.00947	0.00947	0.01263	0.01263	0.02210	0.01263	0.02525	0.02841	0.78851	0.00631	0.00631	0.00316	0.00316
8	0.01862	0.01588	0.01674	0.01490	0.01911	0.01833	0.01164	0.07468	0.64912	0.03128	0.02890	0.02657	0.02163	0.00980	0.00739	0.00245	0.00588	0.00812	0.00739	0.01155
9	0.01516	0.03454	0.61213	0.02109	0.05657	0.01683	0.02525	0.04503	0.03667	0.02400	0.01460	0.01817	0.01092	0.00749	0.00705	0.00233	0.01028	0.02767	0.00349	0.01071
10	0.02394	0.02444	0.01826	0.01672	0.04734	0.36569	0.01239	0.18217	0.02255	0.02682	0.01554	0.01739	0.01218	0.00796	0.00643	0.00192	0.00958	0.00566	0.17386	0.00915
11	0.01849	0.01775	0.03068	0.04116	0.57553	0.01774	0.10216	0.06290	0.01772	0.02506	0.01403	0.01816	0.01151	0.00657	0.00737	0.00220	0.00904	0.00674	0.00384	0.01136
12	0.01633	0.02493	0.24333	0.02724	0.03536	0.01806	0.45459	0.02301	0.01640	0.02301	0.01403	0.01819	0.01043	0.00659	0.00860	0.00243	0.03644	0.00753	0.00348	0.01002
13	0.01127	0.00765	0.01003	0.00931	0.01120	0.00703	0.00703	0.01467	0.02059	0.05883	0.66604	0.05300	0.06636	0.01460	0.00852	0.00228	0.00355	0.01289	0.00805	0.00710
14	0.01146	0.00824	0.01139	0.01300	0.01465	0.00817	0.01125	0.01466	0.01660	0.02153	0.03995	0.11116	0.06795	0.02014	0.00995	0.00329	0.00646	0.59684	0.00670	0.00664
15	0.01808	0.01561	0.01644	0.01479	0.01890	0.01808	0.01151	0.03863	0.68606	0.03041	0.02959	0.02712	0.02219	0.00986	0.00740	0.00247	0.00575	0.00822	0.00740	0.01151
16	0.02770	0.01241	0.01603	0.01286	0.01780	0.01157	0.01042	0.03368	0.13693	0.51483	0.09970	0.02830	0.02410	0.00977	0.00746	0.00229	0.00582	0.00809	0.00861	0.01163
17	0.03222	0.01300	0.01726	0.01323	0.01887	0.01162	0.01093	0.08607	0.02186	0.65209	0.02779	0.02416	0.01755	0.00898	0.00731	0.00224	0.00633	0.00725	0.00886	0.01237
18	0.01029	0.00743	0.00972	0.00914	0.01086	0.00686	0.00686	0.01372	0.02058	0.02915	0.69536	0.05430	0.06859	0.01486	0.00857	0.00229	0.00343	0.01315	0.00800	0.00686
19	0.01458	0.03760	0.70688	0.02072	0.03146	0.01688	0.02686	0.02302	0.01535	0.02302	0.01304	0.01535	0.00921	0.00691	0.00691	0.00230	0.01074	0.00537	0.00307	0.01074
20	0.04450	0.01296	0.02136	0.69883	0.04865	0.01616	0.01970	0.01868	0.01445	0.01912	0.01281	0.01908	0.00962	0.00725	0.00716	0.00242	0.00953	0.00636	0.00328	0.00807
21	0.79588	0.01406	0.01068	0.00956	0.01406	0.01631	0.00787	0.02137	0.01237	0.03261	0.01012	0.01181	0.00787	0.00675	0.00450	0.00225	0.00562	0.00394	0.00450	0.00787
22	0.01263	0.00631	0.00947	0.00947	0.00947	0.00631	0.00631	0.00947	0.00947	0.01263	0.01263	0.02210	0.01263	0.02525	0.02841	0.78851	0.00631	0.00631	0.00316	0.00316
23	0.02535	0.05467	0.02040	0.01749	0.02151	0.52752	0.01339	0.09508	0.08390	0.02189	0.01604	0.01708	0.03821	0.00823	0.00672	0.00197	0.01134	0.00560	0.00455	0.00906
24	0.01808	0.01561	0.01644	0.01479	0.01890	0.01808	0.01151	0.03863	0.68606	0.03041	0.02959	0.02712	0.02219	0.00986	0.00740	0.00247	0.00575	0.00822	0.00740	0.01151
25	0.01057	0.00705	0.00793	0.00793	0.00793	0.00705	0.00440	0.01057	0.01057	0.01409	0.02290	0.04757	0.02643	0.74454	0.03700	0.00705	0.00705	0.01057	0.00440	0.00440
26	0.00913	0.00731	0.00818	0.00829	0.01034	0.00637	0.00620	0.01133	0.01722	0.02178	0.21053	0.13456	0.46165	0.01811	0.00871	0.00250	0.00380	0.04066	0.00703	0.00630
27	0.01057	0.00705	0.00793	0.00793	0.00793	0.00705	0.00440	0.01057	0.01057	0.01409	0.02290	0.04757	0.02643	0.74454	0.03700	0.00705	0.00705	0.01057	0.00440	0.00440
28	0.02146	0.05003	0.01983	0.01444	0.01999	0.01724	0.03351	0.36304	0.02510	0.03478	0.01748	0.06551	0.01436	0.00849	0.00670	0.00188	0.00694	0.00680	0.03624	0.23618
29	0.02505	0.01834	0.02032	0.01566	0.02114	0.01977	0.01289	0.50606	0.02922	0.07071	0.01712	0.01784	0.01252	0.01024	0.03519	0.00245	0.03781	0.00632	0.00666	0.11470

[dist]
# distance from previous block
# <min> <max>
1	3

[block]
# block no. 1 follows, 28 sequences, length 26
# corresponding to MSA columns:
# 150-175
name=unknown_B
#
# <colnr> <probs for GDERKNQSTAVLIFYWHMCP>
#	G	D	E	R	K	N	Q	S	T	A	V	L	I	F	Y	W	H	M	C	P
0	0.09984	0.14304	0.19036	0.02232	0.08519	0.01916	0.20294	0.02201	0.01526	0.02288	0.01254	0.01581	0.00991	0.00680	0.00778	0.00219	0.05623	0.00598	0.00353	0.05622
1	0.00884	0.00640	0.00836	0.00993	0.01049	0.00592	0.00666	0.01014	0.01410	0.01863	0.04243	0.69249	0.09385	0.02247	0.00923	0.00292	0.00418	0.02029	0.00675	0.00592
2	0.02945	0.01388	0.01749	0.01343	0.01898	0.01296	0.01105	0.16880	0.02326	0.49137	0.05433	0.02386	0.01854	0.00896	0.00723	0.00216	0.00640	0.00721	0.00828	0.06235
3	0.01982	0.18377	0.02297	0.04379	0.04975	0.13681	0.03113	0.05962	0.10545	0.07792	0.02118	0.10723	0.04261	0.01023	0.00799	0.00222	0.05510	0.00800	0.00512	0.00931
4	0.01581	0.27271	0.43874	0.01709	0.02579	0.02015	0.02067	0.02179	0.01523	0.02083	0.01598	0.01765	0.05368	0.00742	0.00627	0.00206	0.00930	0.00552	0.00332	0.00997
5	0.01268	0.00634	0.00932	0.00932	0.00942	0.00634	0.00625	0.00988	0.00978	0.01341	0.01323	0.02237	0.01295	0.02434	0.02714	0.74579	0.00615	0.00634	0.04560	0.00335
6	0.02783	0.02004	0.02162	0.01657	0.02238	0.02207	0.01369	0.64964	0.03365	0.07188	0.01790	0.01774	0.01258	0.00874	0.00727	0.00218	0.00793	0.00657	0.00734	0.01236
7	0.02539	0.01993	0.04769	0.01716	0.04015	0.02102	0.01404	0.56856	0.05626	0.04213	0.01898	0.06081	0.01471	0.00948	0.00738	0.00224	0.00781	0.00740	0.00698	0.01186
8	0.01074	0.00875	0.00928	0.00884	0.01139	0.00816	0.00666	0.05266	0.07060	0.02301	0.13937	0.08528	0.48525	0.03613	0.00919	0.00256	0.00418	0.01406	0.00692	0.00696
9	0.03226	0.01293	0.01722	0.01320	0.01884	0.01152	0.01090	0.08059	0.02175	0.65773	0.02788	0.02423	0.01760	0.00898	0.00731	0.00224	0.00631	0.00726	0.00888	0.01237
10	0.00968	0.00711	0.00972	0.05647	0.01336	0.00695	0.00789	0.01162	0.01508	0.02030	0.14297	0.50570	0.04751	0.05176	0.01030	0.00302	0.00474	0.06304	0.00662	0.00619
11	0.00920	0.00747	0.00825	0.00859	0.01076	0.00652	0.00666	0.01133	0.01664	0.02039	0.09715	0.11150	0.51993	0.01876	0.00887	0.00262	0.00419	0.11813	0.00680	0.00625
12	0.01955	0.31787	0.02548	0.01392	0.01793	0.15536	0.01200	0.06861	0.01667	0.02055	0.01335	0.01632	0.01156	0.01228	0.07596	0.00283	0.08736	0.00523	0.09853	0.00864
13	0.01644	0.01333	0.01538	0.01153	0.01756	0.01110	0.00918	0.02245	0.12377	0.05894	0.01640	0.01750	0.01297	0.00629	0.00581	0.00136	0.00548	0.00509	0.00504	0.62438
14	0.00897	0.00647	0.00849	0.00991	0.01054	0.00600	0.00670	0.01044	0.01461	0.01951	0.09748	0.64923	0.08097	0.02189	0.00918	0.00287	0.00412	0.01977	0.00685	0.00600
15	0.01042	0.00709	0.00818	0.00823	0.00844	0.00711	0.00485	0.01072	0.01101	0.01466	0.02539	0.06790	0.05569	0.64354	0.08195	0.00705	0.00768	0.01089	0.00454	0.00467
16	0.01118	0.00783	0.00909	0.00888	0.01127	0.00686	0.00686	0.01356	0.01767	0.07653	0.19974	0.09336	0.41612	0.01724	0.00865	0.00251	0.00414	0.07448	0.00719	0.00683
17	0.01747	0.11451	0.28654	0.02797	0.26554	0.06543	0.03720	0.02387	0.05252	0.02262	0.01373	0.01643	0.01080	0.00685	0.00678	0.00214	0.00956	0.00577	0.00356	0.01071
18	0.01534	0.14886	0.60227	0.01942	0.02946	0.01874	0.02460	0.02282	0.01526	0.02209	0.01259	0.01477	0.00923	0.00680	0.00656	0.00219	0.01028	0.00514	0.00308	0.01052
19	0.44230	0.08855	0.06968	0.13998	0.09359	0.01765	0.01341	0.02114	0.01365	0.02698	0.01120	0.01403	0.00881	0.00677	0.00546	0.00221	0.00725	0.00475	0.00394	0.00865
20	0.15977	0.05030	0.27038	0.09279	0.06102	0.01724	0.12069	0.05439	0.01631	0.07127	0.01395	0.01650	0.01015	0.00698	0.00674	0.00228	0.00929	0.00591	0.00407	0.00997
21	0.00960	0.00751	0.00961	0.00940	0.01123	0.00674	0.02556	0.01210	0.01765	0.02345	0.32277	0.21350	0.26904	0.01757	0.00874	0.00250	0.00394	0.01544	0.00718	0.00649
22	0.01100	0.00825	0.00971	0.00990	0.01107	0.00849	0.00676	0.01496	0.11289	0.01908	0.05667	0.22891	0.10139	0.27286	0.09072	0.00511	0.00690	0.01320	0.00579	0.00633
23	0.01989	0.70633	0.03705	0.01281	0.01888	0.06969	0.01253	0.02220	0.01512	0.01714	0.01017	0.01175	0.00933	0.00629	0.00478	0.00157	0.00809	0.00393	0.00315	0.00927
24	0.18855	0.01773	0.06263	0.01422	0.01835	0.06901	0.01214	0.18459	0.04978	0.05594	0.14359	0.02324	0.02190	0.00979	0.00886	0.00234	0.09505	0.00709	0.00583	0.00937
25	0.04751	0.08821	0.35176	0.01943	0.05851	0.01695	0.06360	0.02597	0.08759	0.11969	0.01767	0.02020	0.01315	0.00784	0.00697	0.00229	0.00898	0.02840	0.00461	0.01066

[dist]
# distance from previous block
# <min> <max>
0	1

[block]
# block no. 2 follows, 28 sequences, length 22
# corresponding to MSA columns:
# 177-198
name=unknown_C
#
# <colnr> <probs for GDERKNQSTAVLIFYWHMCP>
#	G	D	E	R	K	N	Q	S	T	A	V	L	I	F	Y	W	H	M	C	P
0	0.24800	0.11914	0.02104	0.01749	0.08305	0.22170	0.01296	0.04100	0.01614	0.04355	0.01144	0.01383	0.00949	0.00778	0.00811	0.00216	0.10536	0.00488	0.00404	0.00884
1	0.01757	0.01876	0.05425	0.21059	0.28772	0.08536	0.09332	0.02401	0.09288	0.02252	0.01515	0.01899	0.01191	0.00714	0.00732	0.00227	0.00951	0.00669	0.00394	0.01011
2	0.05523	0.01262	0.01818	0.38239	0.05894	0.01453	0.01525	0.10461	0.01804	0.02471	0.11768	0.07794	0.05021	0.01010	0.00751	0.00239	0.00765	0.00872	0.00495	0.00835
3	0.01015	0.00742	0.00953	0.00900	0.01078	0.00680	0.00675	0.01345	0.02025	0.02838	0.64517	0.05556	0.11925	0.01515	0.00857	0.00230	0.00345	0.01332	0.00790	0.00680
4	0.07024	0.01245	0.01656	0.01277	0.01833	0.01096	0.01055	0.03473	0.02039	0.67112	0.02776	0.02410	0.01749	0.00889	0.00717	0.00225	0.00616	0.00714	0.00878	0.01215
5	0.02353	0.01513	0.01722	0.01423	0.01893	0.01613	0.01141	0.18969	0.28795	0.21332	0.08948	0.02672	0.02309	0.00983	0.00745	0.00232	0.00619	0.00804	0.00785	0.01150
6	0.01002	0.00759	0.00865	0.00839	0.01003	0.00703	0.00592	0.01261	0.03958	0.02199	0.27999	0.05728	0.28143	0.19984	0.01570	0.00355	0.00451	0.01311	0.00663	0.00614
7	0.01454	0.00924	0.01156	0.07757	0.01480	0.00947	0.00780	0.06202	0.01474	0.10028	0.05385	0.06261	0.05792	0.40853	0.06021	0.00537	0.00750	0.01003	0.00536	0.00662
8	0.01646	0.14647	0.44546	0.02242	0.09292	0.01919	0.08396	0.05013	0.01633	0.02313	0.01298	0.01550	0.00975	0.00676	0.00675	0.00218	0.01010	0.00559	0.00336	0.01057
9	0.00972	0.00741	0.00892	0.00854	0.01051	0.00662	0.00641	0.01261	0.01922	0.02594	0.48563	0.05958	0.28032	0.01606	0.00858	0.00234	0.00351	0.01389	0.00758	0.00662
10	0.02549	0.01889	0.02039	0.01591	0.02125	0.02083	0.01304	0.57932	0.06669	0.04343	0.08230	0.02144	0.01820	0.00937	0.00740	0.00221	0.00745	0.00726	0.00735	0.01180
11	0.02370	0.02056	0.01946	0.01624	0.02106	0.12349	0.01292	0.32198	0.29563	0.03543	0.02143	0.02072	0.01589	0.00900	0.00722	0.00225	0.00785	0.00694	0.00680	0.01143
12	0.01576	0.01333	0.01544	0.01109	0.01752	0.01040	0.00890	0.05436	0.01612	0.02490	0.01317	0.01520	0.01085	0.00557	0.00549	0.00114	0.00553	0.00443	0.00447	0.74633
13	0.01746	0.06674	0.31469	0.02404	0.03258	0.01810	0.30794	0.05025	0.01716	0.05968	0.01462	0.01759	0.01061	0.00671	0.00755	0.00232	0.01089	0.00685	0.00382	0.01041
14	0.01608	0.13704	0.40598	0.02252	0.03156	0.01909	0.22148	0.02292	0.01581	0.02223	0.01312	0.01610	0.00978	0.00657	0.00708	0.00224	0.01077	0.00613	0.00326	0.01025
15	0.00899	0.00643	0.00856	0.01003	0.01057	0.00599	0.00676	0.01046	0.01455	0.01956	0.10214	0.67485	0.05002	0.02202	0.00921	0.00289	0.00414	0.01995	0.00687	0.00599
16	0.01586	0.02746	0.36727	0.07745	0.20664	0.01720	0.13907	0.02258	0.01592	0.02295	0.01349	0.01706	0.01016	0.00668	0.00730	0.00230	0.01039	0.00630	0.00332	0.01059
17	0.05402	0.01805	0.03301	0.04905	0.21679	0.03972	0.34708	0.04601	0.01725	0.02409	0.01610	0.05753	0.01373	0.00766	0.00793	0.00238	0.01018	0.02544	0.00406	0.00990
18	0.00934	0.00660	0.00860	0.00992	0.01041	0.00625	0.00667	0.01064	0.01392	0.01862	0.07201	0.56611	0.04561	0.12940	0.01340	0.00355	0.00473	0.05201	0.00646	0.00577
19	0.01675	0.01905	0.05525	0.07990	0.08892	0.04327	0.45170	0.02199	0.01642	0.02214	0.01532	0.05688	0.01272	0.00762	0.00929	0.00247	0.05859	0.00851	0.00375	0.00947
20	0.01323	0.01094	0.01241	0.00997	0.01445	0.00895	0.00767	0.04972	0.01613	0.02280	0.03219	0.09482	0.19691	0.05113	0.00841	0.00199	0.00506	0.00913	0.00533	0.42877
21	0.01809	0.05043	0.40872	0.01724	0.02520	0.01549	0.01967	0.09737	0.01823	0.12576	0.02127	0.08147	0.05045	0.00936	0.00723	0.00232	0.00873	0.00757	0.00494	0.01047

[dist]
# distance from previous block
# <min> <max>
0	3

[block]
# block no. 3 follows, 28 sequences, length 117
# corresponding to MSA columns:
# 202-318
name=unknown_D
#
# <colnr> <probs for GDERKNQSTAVLIFYWHMCP>
#	G	D	E	R	K	N	Q	S	T	A	V	L	I	F	Y	W	H	M	C	P
0	0.15243	0.05251	0.42735	0.01865	0.05044	0.05733	0.02065	0.02374	0.01542	0.07398	0.01339	0.01529	0.00973	0.00722	0.00700	0.00226	0.03341	0.00525	0.00382	0.01012
1	0.01645	0.05956	0.03388	0.02441	0.02950	0.01828	0.40999	0.04507	0.01638	0.02246	0.03589	0.08939	0.01599	0.00926	0.01106	0.00256	0.13751	0.00915	0.00412	0.00908
2	0.07115	0.01338	0.01667	0.04557	0.01965	0.01285	0.01099	0.10675	0.06763	0.42848	0.04818	0.02481	0.03770	0.00908	0.00712	0.00220	0.00629	0.00731	0.00779	0.05642
3	0.06896	0.29424	0.36316	0.01702	0.02540	0.02100	0.04733	0.02230	0.01500	0.02154	0.01184	0.01394	0.00929	0.00656	0.00594	0.00199	0.00919	0.00483	0.00325	0.03723
4	0.02376	0.02838	0.01967	0.01945	0.08378	0.50995	0.01362	0.06532	0.02050	0.02031	0.02047	0.02168	0.10466	0.00898	0.00694	0.00200	0.01108	0.00644	0.00436	0.00864
5	0.01011	0.00788	0.00923	0.00881	0.01094	0.00724	0.00663	0.01394	0.05761	0.02569	0.42618	0.05853	0.29874	0.01589	0.00851	0.00236	0.00366	0.01368	0.00750	0.00686
6	0.00998	0.00742	0.00929	0.00882	0.01067	0.00673	0.00662	0.01312	0.01985	0.02742	0.58216	0.05715	0.18286	0.01551	0.00858	0.00232	0.00348	0.01355	0.00777	0.00673
7	0.00944	0.00723	0.00866	0.00866	0.01043	0.00644	0.00636	0.01195	0.01805	0.02400	0.36470	0.17067	0.29224	0.01742	0.00869	0.00245	0.00365	0.01515	0.00735	0.00644
8	0.04872	0.39156	0.02914	0.01528	0.02007	0.30670	0.01314	0.02445	0.01684	0.01793	0.01053	0.01250	0.00931	0.00713	0.00654	0.00180	0.05174	0.00435	0.00342	0.00883
9	0.00915	0.00645	0.00835	0.00975	0.01010	0.00610	0.00635	0.01020	0.01335	0.01780	0.03714	0.62186	0.04439	0.14574	0.01400	0.00365	0.00470	0.01894	0.00635	0.00565
10	0.01041	0.00732	0.01032	0.01103	0.01215	0.00671	0.03198	0.01199	0.01437	0.04827	0.03766	0.65648	0.04408	0.02094	0.00903	0.00284	0.00464	0.01906	0.00664	0.03407
11	0.01911	0.72230	0.03714	0.01241	0.01845	0.02806	0.01232	0.02145	0.01466	0.01709	0.01044	0.01227	0.00965	0.00795	0.03020	0.00192	0.00819	0.00403	0.00314	0.00923
12	0.01263	0.00631	0.00947	0.00947	0.00947	0.00631	0.00631	0.00947	0.00947	0.01263	0.01263	0.02210	0.01263	0.02525	0.02841	0.78851	0.00631	0.00631	0.00316	0.00316
13	0.01729	0.01923	0.04073	0.03290	0.14478	0.01820	0.56774	0.02313	0.01706	0.02336	0.01454	0.01935	0.01111	0.00618	0.00836	0.00240	0.01167	0.00824	0.00366	0.01008
14	0.01418	0.00980	0.01180	0.01038	0.01307	0.00953	0.00804	0.12137	0.02231	0.06976	0.47329	0.04850	0.13130	0.01395	0.00829	0.00229	0.00436	0.01200	0.00779	0.00798
15	0.00859	0.00736	0.00736	0.00736	0.00982	0.00614	0.00552	0.01043	0.01657	0.01964	0.07364	0.06996	0.69624	0.01841	0.00859	0.00245	0.00368	0.01534	0.00675	0.00614
16	0.01507	0.01292	0.01507	0.01077	0.01723	0.00969	0.00861	0.01830	0.01507	0.02369	0.01292	0.01507	0.01077	0.00538	0.00538	0.00108	0.00538	0.00431	0.00431	0.78898
17	0.03261	0.01237	0.01687	0.01293	0.01856	0.01068	0.01068	0.03543	0.02081	0.70423	0.02868	0.02474	0.01799	0.00900	0.00731	0.00225	0.00619	0.00731	0.00900	0.01237
18	0.01458	0.03760	0.70688	0.02072	0.03146	0.01688	0.02686	0.02302	0.01535	0.02302	0.01304	0.01535	0.00921	0.00691	0.00691	0.00230	0.01074	0.00537	0.00307	0.01074
19	0.02715	0.03464	0.02060	0.01873	0.02247	0.71536	0.01404	0.02903	0.02060	0.01779	0.01124	0.01311	0.00936	0.00749	0.00655	0.00187	0.01311	0.00468	0.00375	0.00843
20	0.00863	0.00720	0.00754	0.00781	0.00994	0.00610	0.00572	0.01038	0.01614	0.01946	0.06822	0.17814	0.59156	0.01911	0.00870	0.00253	0.00377	0.01620	0.00675	0.00610
21	0.01003	0.00742	0.00935	0.00887	0.01070	0.00675	0.00665	0.01321	0.01996	0.02768	0.59960	0.05671	0.16526	0.01541	0.00858	0.00231	0.00347	0.01348	0.00781	0.00675
22	0.03261	0.01237	0.01687	0.01293	0.01856	0.01068	0.01068	0.03543	0.02081	0.70423	0.02868	0.02474	0.01799	0.00900	0.00731	0.00225	0.00619	0.00731	0.00900	0.01237
23	0.03013	0.04111	0.06414	0.01365	0.01958	0.01249	0.01198	0.05689	0.04917	0.58147	0.02660	0.02348	0.01707	0.00878	0.00719	0.00223	0.00659	0.00707	0.00826	0.01211
24	0.01082	0.00755	0.00861	0.00870	0.00929	0.00744	0.00540	0.04086	0.01290	0.01696	0.03102	0.18371	0.09620	0.49805	0.02741	0.00557	0.00621	0.01283	0.00523	0.00523
25	0.01672	0.01884	0.04045	0.02921	0.03594	0.01798	0.61466	0.02244	0.01675	0.02282	0.01565	0.05239	0.01266	0.00717	0.00925	0.00250	0.04217	0.00904	0.00380	0.00955
26	0.68542	0.01579	0.04355	0.05426	0.01735	0.04079	0.00971	0.02154	0.01293	0.03080	0.01047	0.01248	0.00810	0.00681	0.00485	0.00225	0.00637	0.00418	0.00433	0.00804
27	0.02441	0.01965	0.02019	0.01636	0.02136	0.06134	0.01323	0.42892	0.22255	0.03870	0.02035	0.01996	0.01495	0.00913	0.00785	0.00228	0.03317	0.00692	0.00696	0.01173
28	0.04429	0.10655	0.16390	0.05732	0.05469	0.01939	0.34750	0.02229	0.01576	0.02219	0.01318	0.01725	0.01021	0.00689	0.00876	0.00236	0.06740	0.00692	0.00346	0.00969
29	0.01766	0.01663	0.02651	0.03827	0.56034	0.01700	0.01989	0.02461	0.12854	0.02471	0.01852	0.02141	0.03820	0.00748	0.00728	0.00222	0.00797	0.00709	0.00435	0.01132
30	0.01791	0.01553	0.01771	0.09835	0.04665	0.01798	0.01297	0.05800	0.56190	0.02934	0.02667	0.02556	0.02002	0.00940	0.00737	0.00244	0.00639	0.00789	0.00678	0.01114
31	0.01100	0.00760	0.00989	0.00922	0.01109	0.00697	0.00695	0.01436	0.02047	0.05181	0.65499	0.05374	0.08477	0.01476	0.00853	0.00229	0.00353	0.01301	0.00800	0.00703
32	0.01023	0.00695	0.00827	0.00877	0.00897	0.00685	0.00539	0.01072	0.01173	0.01561	0.02792	0.21570	0.03251	0.52939	0.02879	0.00585	0.00635	0.05000	0.00510	0.00490
33	0.03181	0.01219	0.01661	0.01280	0.01828	0.01055	0.01055	0.03464	0.02080	0.67983	0.05277	0.02581	0.01982	0.00921	0.00736	0.00225	0.00609	0.00752	0.00896	0.01217
34	0.00945	0.00740	0.00855	0.00826	0.01034	0.00650	0.00620	0.01209	0.01859	0.02443	0.38716	0.06206	0.37973	0.01662	0.00858	0.00237	0.00355	0.01423	0.00738	0.00650
35	0.02792	0.01990	0.02153	0.01651	0.02231	0.02186	0.01363	0.63794	0.03340	0.08392	0.01810	0.01787	0.01269	0.00874	0.00727	0.00219	0.00789	0.00659	0.00737	0.01236
36	0.04677	0.02141	0.06556	0.08507	0.43939	0.14904	0.02007	0.04547	0.01755	0.02327	0.01313	0.01678	0.01075	0.00684	0.00697	0.00214	0.00955	0.00599	0.00373	0.01054
37	0.05410	0.02012	0.01784	0.01566	0.01997	0.16015	0.01221	0.13094	0.42536	0.03024	0.02323	0.02219	0.01752	0.00908	0.00708	0.00229	0.00758	0.00707	0.00651	0.01086
38	0.01752	0.01395	0.01941	0.01488	0.02009	0.01282	0.10934	0.06871	0.08136	0.08860	0.01924	0.08105	0.01654	0.04205	0.00880	0.00211	0.03231	0.00752	0.00533	0.33836
39	0.02475	0.01770	0.02008	0.01713	0.05983	0.01909	0.01326	0.49336	0.02963	0.08514	0.04166	0.04487	0.04269	0.01020	0.00757	0.00229	0.00744	0.04477	0.00713	0.01141
40	0.01458	0.03760	0.70688	0.02072	0.03146	0.01688	0.02686	0.02302	0.01535	0.02302	0.01304	0.01535	0.00921	0.00691	0.00691	0.00230	0.01074	0.00537	0.00307	0.01074
41	0.03240	0.01271	0.01708	0.01309	0.01872	0.01118	0.01082	0.06236	0.02137	0.67650	0.02820	0.02443	0.01776	0.00899	0.00731	0.00225	0.00626	0.00728	0.00892	0.01237
42	0.01716	0.01884	0.03929	0.06525	0.16899	0.01806	0.51461	0.02288	0.01692	0.02316	0.01442	0.01928	0.01106	0.00625	0.00825	0.00239	0.01142	0.00807	0.00364	0.01006
43	0.01154	0.00923	0.01007	0.01013	0.01200	0.04811	0.00752	0.01463	0.04495	0.04252	0.25828	0.23361	0.19881	0.01724	0.00864	0.00254	0.00462	0.05161	0.00707	0.00687
44	0.01056	0.00710	0.00819	0.00819	0.00828	0.00719	0.00473	0.01074	0.01065	0.01429	0.02266	0.04624	0.02585	0.69634	0.08441	0.00737	0.00791	0.01038	0.00437	0.00455
45	0.00909	0.00642	0.00837	0.00982	0.01019	0.00606	0.00643	0.01018	0.01346	0.01795	0.03774	0.64607	0.04515	0.12050	0.01303	0.00351	0.00460	0.01930	0.00643	0.00570
46	0.01458	0.03760	0.70688	0.02072	0.03146	0.01688	0.02686	0.02302	0.01535	0.02302	0.01304	0.01535	0.00921	0.00691	0.00691	0.00230	0.01074	0.00537	0.00307	0.01074
47	0.03261	0.01237	0.01687	0.01293	0.01856	0.01068	0.01068	0.03543	0.02081	0.70423	0.02868	0.02474	0.01799	0.00900	0.00731	0.00225	0.00619	0.00731	0.00900	0.01237
48	0.00886	0.00633	0.00843	0.01012	0.01054	0.00590	0.00675	0.01012	0.01392	0.01856	0.04006	0.73979	0.04808	0.02277	0.00928	0.00295	0.00422	0.02066	0.00675	0.00590
49	0.01458	0.03760	0.70688	0.02072	0.03146	0.01688	0.02686	0.02302	0.01535	0.02302	0.01304	0.01535	0.00921	0.00691	0.00691	0.00230	0.01074	0.00537	0.00307	0.01074
50	0.01578	0.01620	0.02618	0.02120	0.02291	0.02043	0.16543	0.01839	0.01267	0.01888	0.01249	0.05863	0.01211	0.01180	0.01952	0.00300	0.52494	0.00770	0.00350	0.00826
51	0.79588	0.01406	0.01068	0.00956	0.01406	0.01631	0.00787	0.02137	0.01237	0.03261	0.01012	0.01181	0.00787	0.00675	0.00450	0.00225	0.00562	0.00394	0.00450	0.00787
52	0.00886	0.00633	0.00843	0.01012	0.01054	0.00590	0.00675	0.01012	0.01392	0.01856	0.04006	0.73979	0.04808	0.02277	0.00928	0.00295	0.00422	0.02066	0.00675	0.00590
53	0.66347	0.08459	0.01350	0.00994	0.01453	0.01729	0.00838	0.04187	0.01341	0.03130	0.01093	0.01263	0.00861	0.00683	0.00463	0.00216	0.00581	0.00414	0.03786	0.00811
54	0.79588	0.01406	0.01068	0.00956	0.01406	0.01631	0.00787	0.02137	0.01237	0.03261	0.01012	0.01181	0.00787	0.00675	0.00450	0.00225	0.00562	0.00394	0.00450	0.00787
55	0.00973	0.00741	0.00894	0.00856	0.01052	0.00662	0.00642	0.01264	0.01926	0.02602	0.49090	0.05945	0.27500	0.01603	0.00858	0.00234	0.00351	0.01387	0.00759	0.00662
56	0.00989	0.00741	0.00917	0.00873	0.01062	0.00669	0.00655	0.01295	0.01964	0.02692	0.54975	0.05797	0.21559	0.01569	0.00858	0.00233	0.00349	0.01366	0.00771	0.00669
57	0.00946	0.00676	0.00913	0.01081	0.01150	0.00643	0.00780	0.01117	0.01451	0.01923	0.03973	0.60056	0.04676	0.02220	0.00944	0.00304	0.00474	0.15393	0.00674	0.00607
58	0.01784	0.01712	0.02923	0.06904	0.67596	0.01723	0.02223	0.02217	0.01648	0.02356	0.01365	0.01804	0.01145	0.00650	0.00720	0.00217	0.00867	0.00648	0.00358	0.01139
59	0.01372	0.01003	0.01195	0.01072	0.01336	0.01010	0.00826	0.07867	0.12333	0.05322	0.47078	0.04672	0.09300	0.01355	0.00823	0.00231	0.00431	0.01172	0.00780	0.00822
60	0.01495	0.03515	0.61918	0.02255	0.05713	0.01704	0.08727	0.02302	0.01556	0.02307	0.01322	0.01585	0.00947	0.00682	0.00707	0.00231	0.01081	0.00571	0.00315	0.01068
61	0.01943	0.74891	0.03809	0.01244	0.01866	0.02876	0.01244	0.02177	0.01477	0.01710	0.01011	0.01166	0.00933	0.00622	0.00466	0.00155	0.00777	0.00389	0.00311	0.00933
62	0.01190	0.00797	0.01014	0.00926	0.01146	0.00717	0.00699	0.01502	0.01969	0.07591	0.53848	0.05214	0.12664	0.03515	0.00917	0.00239	0.00383	0.01255	0.00770	0.03646
63	0.13488	0.06661	0.24561	0.02587	0.23664	0.04785	0.03882	0.05313	0.04077	0.02545	0.01341	0.01598	0.01041	0.00690	0.00657	0.00219	0.00898	0.00564	0.00385	0.01045
64	0.02833	0.07293	0.01876	0.01302	0.01875	0.01333	0.01086	0.08587	0.04874	0.48027	0.02431	0.02197	0.01610	0.00834	0.00686	0.00205	0.00635	0.00663	0.00772	0.10882
65	0.00990	0.00742	0.00918	0.00874	0.01062	0.00670	0.00656	0.01298	0.01967	0.02700	0.55488	0.05784	0.21040	0.01566	0.00858	0.00232	0.00349	0.01364	0.00772	0.00670
66	0.00903	0.00640	0.00838	0.00990	0.01028	0.00602	0.00651	0.01017	0.01358	0.01810	0.03831	0.66908	0.04587	0.09651	0.01211	0.00337	0.00451	0.01963	0.00651	0.00575
67	0.01776	0.34977	0.29818	0.01887	0.06445	0.02206	0.06666	0.02288	0.01549	0.04459	0.01245	0.01451	0.00984	0.00659	0.00606	0.00197	0.00925	0.00508	0.00337	0.01015
68	0.00902	0.00644	0.00862	0.01031	0.01080	0.00605	0.00703	0.01041	0.01408	0.01874	0.03997	0.70174	0.04772	0.02262	0.00932	0.00297	0.00436	0.05709	0.00674	0.00595
69	0.01799	0.01727	0.02950	0.04462	0.69919	0.01727	0.02231	0.02231	0.01655	0.02375	0.01367	0.01799	0.01151	0.00648	0.00720	0.00216	0.00864	0.00648	0.00360	0.01151
70	0.13574	0.21114	0.33674	0.01606	0.02394	0.04415	0.01821	0.02396	0.01551	0.09359	0.01342	0.01478	0.00996	0.00695	0.00601	0.00208	0.00883	0.00496	0.00393	0.01004
71	0.01038	0.00779	0.01168	0.01168	0.01298	0.00909	0.00909	0.01298	0.01168	0.01687	0.01947	0.02856	0.01817	0.05452	0.71573	0.01168	0.01947	0.00779	0.00389	0.00649
72	0.01033	0.00695	0.00800	0.00824	0.00830	0.00689	0.00473	0.01051	0.01104	0.01472	0.02532	0.14512	0.02948	0.64282	0.03309	0.00647	0.00665	0.01199	0.00473	0.00462
73	0.01949	0.69608	0.06488	0.01299	0.01931	0.05107	0.01308	0.02206	0.01499	0.01737	0.01026	0.01186	0.00932	0.00629	0.00482	0.00160	0.00807	0.00397	0.00313	0.00936
74	0.04231	0.01385	0.02298	0.56269	0.18096	0.01638	0.02018	0.01943	0.01487	0.02012	0.01297	0.01883	0.01000	0.00709	0.00715	0.00236	0.00933	0.00637	0.00335	0.00877
75	0.01343	0.01260	0.02097	0.68543	0.04774	0.01557	0.01934	0.01810	0.01465	0.01863	0.01643	0.02231	0.04941	0.00791	0.00734	0.00242	0.00934	0.00697	0.00343	0.00796
76	0.04773	0.13887	0.02170	0.08205	0.02250	0.33809	0.01334	0.05380	0.04173	0.02025	0.01832	0.02142	0.07097	0.00904	0.00760	0.00209	0.05137	0.02638	0.00424	0.00852
77	0.01490	0.06245	0.65417	0.02143	0.05912	0.01733	0.02614	0.02294	0.01538	0.02284	0.01297	0.01532	0.00931	0.00686	0.00684	0.00227	0.01055	0.00536	0.00309	0.01072
78	0.01496	0.04610	0.24973	0.01416	0.01973	0.01272	0.01474	0.05046	0.05774	0.07695	0.31956	0.03405	0.03724	0.01084	0.00764	0.00227	0.00662	0.00915	0.00615	0.00920
79	0.15519	0.12937	0.02309	0.01797	0.08841	0.07151	0.01361	0.30938	0.02325	0.03311	0.01374	0.01526	0.01065	0.00797	0.00746	0.00214	0.05657	0.00555	0.00528	0.01048
80	0.02455	0.14368	0.02340	0.01768	0.05210	0.34003	0.01361	0.20499	0.02299	0.02580	0.01649	0.01759	0.05002	0.00821	0.00659	0.00195	0.01008	0.00577	0.00478	0.00967
81	0.01167	0.00916	0.01121	0.05857	0.01508	0.00910	0.00841	0.01684	0.12347	0.02241	0.08619	0.34490	0.09779	0.01600	0.00807	0.00247	0.00480	0.01413	0.05150	0.08822
82	0.00886	0.00633	0.00843	0.01012	0.01054	0.00590	0.00675	0.01012	0.01392	0.01856	0.04006	0.73979	0.04808	0.02277	0.00928	0.00295	0.00422	0.02066	0.00675	0.00590
83	0.06985	0.05391	0.04879	0.01630	0.02157	0.17956	0.01357	0.37485	0.06533	0.03468	0.01783	0.01824	0.03620	0.00856	0.00688	0.00212	0.00885	0.00622	0.00595	0.01074
84	0.00886	0.00633	0.00843	0.01012	0.01054	0.00590	0.00675	0.01012	0.01392	0.01856	0.04006	0.73979	0.04808	0.02277	0.00928	0.00295	0.00422	0.02066	0.00675	0.00590
85	0.01803	0.01651	0.04641	0.01598	0.04045	0.01781	0.01258	0.05823	0.59080	0.03010	0.02829	0.02795	0.02167	0.00995	0.00746	0.00247	0.00617	0.03073	0.00706	0.01133
86	0.01709	0.02090	0.15842	0.07953	0.53412	0.01713	0.02305	0.02223	0.01620	0.02331	0.01351	0.01757	0.01097	0.00660	0.00715	0.00220	0.00910	0.00626	0.00348	0.01117
87	0.03261	0.01237	0.01687	0.01293	0.01856	0.01068	0.01068	0.03543	0.02081	0.70423	0.02868	0.02474	0.01799	0.00900	0.00731	0.00225	0.00619	0.00731	0.00900	0.01237
88	0.01667	0.01452	0.01664	0.04556	0.07730	0.01633	0.01203	0.03269	0.50984	0.02829	0.06017	0.03121	0.08603	0.01048	0.00754	0.00243	0.00587	0.00888	0.00687	0.01066
89	0.00936	0.00739	0.00842	0.00817	0.01029	0.00646	0.00612	0.01191	0.01837	0.02392	0.35355	0.06291	0.41366	0.01681	0.00858	0.00238	0.00357	0.01435	0.00731	0.00646
90	0.01951	0.01704	0.01706	0.01501	0.01926	0.05860	0.01174	0.11966	0.53931	0.03130	0.02850	0.02657	0.04396	0.00988	0.00737	0.00239	0.00640	0.00805	0.00715	0.01125
91	0.07263	0.01703	0.02633	0.26870	0.05883	0.07072	0.18527	0.03889	0.01578	0.02181	0.03237	0.01879	0.01169	0.00803	0.00995	0.00247	0.12139	0.00687	0.00373	0.00872
92	0.00967	0.00741	0.00886	0.00850	0.01048	0.00660	0.00637	0.01253	0.01912	0.02570	0.47002	0.05997	0.29608	0.01615	0.00858	0.00235	0.00352	0.01394	0.00755	0.00660
93	0.01646	0.04600	0.10691	0.02647	0.06203	0.01891	0.39222	0.02156	0.01542	0.02163	0.01350	0.01845	0.01081	0.00961	0.04151	0.00293	0.15511	0.00750	0.00350	0.00945
94	0.03938	0.00951	0.01200	0.01158	0.01419	0.00939	0.00942	0.01995	0.09437	0.11568	0.27876	0.05536	0.06905	0.01505	0.00861	0.00264	0.00517	0.21432	0.00749	0.00806
95	0.02147	0.01206	0.01473	0.01243	0.01643	0.01203	0.00985	0.05292	0.20893	0.28282	0.23328	0.03423	0.03451	0.01103	0.00772	0.00232	0.00528	0.00933	0.00818	0.01043
96	0.79588	0.01406	0.01068	0.00956	0.01406	0.01631	0.00787	0.02137	0.01237	0.03261	0.01012	0.01181	0.00787	0.00675	0.00450	0.00225	0.00562	0.00394	0.00450	0.00787
97	0.01171	0.00837	0.01171	0.01339	0.01506	0.00837	0.01171	0.01506	0.01673	0.02175	0.03849	0.08199	0.04183	0.02008	0.01004	0.00335	0.00669	0.65027	0.00669	0.00669
98	0.79588	0.01406	0.01068	0.00956	0.01406	0.01631	0.00787	0.02137	0.01237	0.03261	0.01012	0.01181	0.00787	0.00675	0.00450	0.00225	0.00562	0.00394	0.00450	0.00787
99	0.01943	0.74891	0.03809	0.01244	0.01866	0.02876	0.01244	0.02177	0.01477	0.01710	0.01011	0.01166	0.00933	0.00622	0.00466	0.00155	0.00777	0.00389	0.00311	0.00933
100	0.01373	0.01292	0.02180	0.72707	0.05006	0.01615	0.02019	0.01857	0.01453	0.01857	0.01292	0.01938	0.00969	0.00727	0.00727	0.00242	0.00969	0.00646	0.00323	0.00807
101	0.01029	0.00743	0.00972	0.00914	0.01086	0.00686	0.00686	0.01372	0.02058	0.02915	0.69536	0.05430	0.06859	0.01486	0.00857	0.00229	0.00343	0.01315	0.00800	0.00686
102	0.01355	0.00678	0.00678	0.00678	0.00847	0.00678	0.00508	0.01694	0.01524	0.02710	0.02371	0.02710	0.01863	0.00847	0.00508	0.00169	0.00339	0.00678	0.78489	0.00678
103	0.01029	0.00743	0.00972	0.00914	0.01086	0.00686	0.00686	0.01372	0.02058	0.02915	0.69536	0.05430	0.06859	0.01486	0.00857	0.00229	0.00343	0.01315	0.00800	0.00686
104	0.01943	0.74891	0.03809	0.01244	0.01866	0.02876	0.01244	0.02177	0.01477	0.01710	0.01011	0.01166	0.00933	0.00622	0.00466	0.00155	0.00777	0.00389	0.00311	0.00933
105	0.00881	0.00652	0.00823	0.00959	0.01040	0.00595	0.00651	0.01018	0.01442	0.01876	0.04649	0.61155	0.17217	0.02194	0.00915	0.00286	0.00411	0.01965	0.00675	0.00595
106	0.01355	0.00678	0.00678	0.00678	0.00847	0.00678	0.00508	0.01694	0.01524	0.02710	0.02371	0.02710	0.01863	0.00847	0.00508	0.00169	0.00339	0.00678	0.78489	0.00678
107	0.02598	0.01903	0.02033	0.01584	0.02123	0.02105	0.01300	0.58675	0.07041	0.04346	0.01864	0.01876	0.01342	0.00877	0.00711	0.00216	0.00751	0.00666	0.06801	0.01188
108	0.00901	0.00649	0.00858	0.01020	0.01077	0.00606	0.00698	0.01042	0.01419	0.01879	0.04135	0.67432	0.07425	0.02244	0.00929	0.00295	0.00434	0.05687	0.00674	0.00596
109	0.01171	0.00837	0.01171	0.01339	0.01506	0.00837	0.01171	0.01506	0.01673	0.02175	0.03849	0.08199	0.04183	0.02008	0.01004	0.00335	0.00669	0.65027	0.00669	0.00669
110	0.01473	0.01394	0.02361	0.56705	0.20227	0.01641	0.02068	0.01945	0.01501	0.01979	0.01310	0.01905	0.01012	0.00708	0.00725	0.00236	0.00944	0.00646	0.00332	0.00888
111	0.01507	0.01292	0.01507	0.01077	0.01723	0.00969	0.00861	0.01830	0.01507	0.02369	0.01292	0.01507	0.01077	0.00538	0.00538	0.00108	0.00538	0.00431	0.00431	0.78898
112	0.79588	0.01406	0.01068	0.00956	0.01406	0.01631	0.00787	0.02137	0.01237	0.03261	0.01012	0.01181	0.00787	0.00675	0.00450	0.00225	0.00562	0.00394	0.00450	0.00787
113	0.01458	0.03760	0.70688	0.02072	0.03146	0.01688	0.02686	0.02302	0.01535	0.02302	0.01304	0.01535	0.00921	0.00691	0.00691	0.00230	0.01074	0.00537	0.00307	0.01074
114	0.79588	0.01406	0.01068	0.00956	0.01406	0.01631	0.00787	0.02137	0.01237	0.03261	0.01012	0.01181	0.00787	0.00675	0.00450	0.00225	0.00562	0.00394	0.00450	0.00787
115	0.00886	0.00633	0.00843	0.01012	0.01054	0.00590	0.00675	0.01012	0.01392	0.01856	0.04006	0.73979	0.04808	0.02277	0.00928	0.00295	0.00422	0.02066	0.00675	0.00590
116	0.00886	0.00633	0.00843	0.01012	0.01054	0.00590	0.00675	0.01012	0.01392	0.01856	0.04006	0.73979	0.04808	0.02277	0.00928	0.00295	0.00422	0.02066	0.00675	0.00590

[dist]
# distance from previous block
# <min> <max>
0	4

[block]
# block no. 4 follows, 28 sequences, length 30
# corresponding to MSA columns:
# 323-352
name=unknown_E
#
# <colnr> <probs for GDERKNQSTAVLIFYWHMCP>
#	G	D	E	R	K	N	Q	S	T	A	V	L	I	F	Y	W	H	M	C	P
0	0.01029	0.00743	0.00972	0.00914	0.01086	0.00686	0.00686	0.01372	0.02058	0.02915	0.69536	0.05430	0.06859	0.01486	0.00857	0.00229	0.00343	0.01315	0.00800	0.00686
1	0.79588	0.01406	0.01068	0.00956	0.01406	0.01631	0.00787	0.02137	0.01237	0.03261	0.01012	0.01181	0.00787	0.00675	0.00450	0.00225	0.00562	0.00394	0.00450	0.00787
2	0.02763	0.02036	0.02182	0.01672	0.02254	0.02254	0.01382	0.67496	0.03418	0.04581	0.01745	0.01745	0.01236	0.00873	0.00727	0.00218	0.00800	0.00654	0.00727	0.01236
3	0.01057	0.00705	0.00793	0.00793	0.00793	0.00705	0.00440	0.01057	0.01057	0.01409	0.02290	0.04757	0.02643	0.74454	0.03700	0.00705	0.00705	0.01057	0.00440	0.00440
4	0.03261	0.01237	0.01687	0.01293	0.01856	0.01068	0.01068	0.03543	0.02081	0.70423	0.02868	0.02474	0.01799	0.00900	0.00731	0.00225	0.00619	0.00731	0.00900	0.01237
5	0.01373	0.01292	0.02180	0.72707	0.05006	0.01615	0.02019	0.01857	0.01453	0.01857	0.01292	0.01938	0.00969	0.00727	0.00727	0.00242	0.00969	0.00646	0.00323	0.00807
6	0.79588	0.01406	0.01068	0.00956	0.01406	0.01631	0.00787	0.02137	0.01237	0.03261	0.01012	0.01181	0.00787	0.00675	0.00450	0.00225	0.00562	0.00394	0.00450	0.00787
7	0.00886	0.00633	0.00843	0.01012	0.01054	0.00590	0.00675	0.01012	0.01392	0.01856	0.04006	0.73979	0.04808	0.02277	0.00928	0.00295	0.00422	0.02066	0.00675	0.00590
8	0.01057	0.00705	0.00793	0.00793	0.00793	0.00705	0.00440	0.01057	0.01057	0.01409	0.02290	0.04757	0.02643	0.74454	0.03700	0.00705	0.00705	0.01057	0.00440	0.00440
9	0.00886	0.00633	0.00843	0.01012	0.01054	0.00590	0.00675	0.01012	0.01392	0.01856	0.04006	0.73979	0.04808	0.02277	0.00928	0.00295	0.00422	0.02066	0.00675	0.00590
10	0.01029	0.00743	0.00972	0.00914	0.01086	0.00686	0.00686	0.01372	0.02058	0.02915	0.69536	0.05430	0.06859	0.01486	0.00857	0.00229	0.00343	0.01315	0.00800	0.00686
11	0.01598	0.01614	0.02359	0.01983	0.02030	0.02201	0.05816	0.01787	0.01152	0.01787	0.00987	0.01614	0.00964	0.01230	0.02287	0.00313	0.68499	0.00650	0.00321	0.00807
12	0.02763	0.02036	0.02182	0.01672	0.02254	0.02254	0.01382	0.67496	0.03418	0.04581	0.01745	0.01745	0.01236	0.00873	0.00727	0.00218	0.00800	0.00654	0.00727	0.01236
13	0.01458	0.03760	0.70688	0.02072	0.03146	0.01688	0.02686	0.02302	0.01535	0.02302	0.01304	0.01535	0.00921	0.00691	0.00691	0.00230	0.01074	0.00537	0.00307	0.01074
14	0.01355	0.00678	0.00678	0.00678	0.00847	0.00678	0.00508	0.01694	0.01524	0.02710	0.02371	0.02710	0.01863	0.00847	0.00508	0.00169	0.00339	0.00678	0.78489	0.00678
15	0.00910	0.00650	0.00871	0.01040	0.01092	0.00611	0.00716	0.01054	0.01415	0.01882	0.03993	0.68468	0.04755	0.02255	0.00934	0.00299	0.00442	0.07342	0.00674	0.00597
16	0.01480	0.03629	0.66330	0.02226	0.07441	0.01691	0.02656	0.02297	0.01542	0.02307	0.01309	0.01552	0.00936	0.00688	0.00692	0.00229	0.01061	0.00544	0.00310	0.01079
17	0.02678	0.01994	0.02134	0.01655	0.02222	0.02215	0.01361	0.61841	0.09210	0.04444	0.01853	0.01831	0.01324	0.00883	0.00728	0.00221	0.00780	0.00669	0.00728	0.01229
18	0.02624	0.12145	0.02285	0.01779	0.02201	0.57325	0.01383	0.08176	0.02101	0.02003	0.01161	0.01329	0.00961	0.00744	0.00638	0.00186	0.01203	0.00474	0.00396	0.00886
19	0.01038	0.00779	0.01168	0.01168	0.01298	0.00909	0.00909	0.01298	0.01168	0.01687	0.01947	0.02856	0.01817	0.05452	0.71573	0.01168	0.01947	0.00779	0.00389	0.00649
20	0.00859	0.00736	0.00736	0.00736	0.00982	0.00614	0.00552	0.01043	0.01657	0.01964	0.07364	0.06996	0.69624	0.01841	0.00859	0.00245	0.00368	0.01534	0.00675	0.00614
21	0.02926	0.01736	0.09133	0.01486	0.02108	0.01479	0.01331	0.21995	0.02411	0.44082	0.02376	0.02163	0.01543	0.00870	0.00726	0.00224	0.00719	0.00688	0.00787	0.01220
22	0.02763	0.02036	0.02182	0.01672	0.02254	0.02254	0.01382	0.67496	0.03418	0.04581	0.01745	0.01745	0.01236	0.00873	0.00727	0.00218	0.00800	0.00654	0.00727	0.01236
23	0.01373	0.01292	0.02180	0.72707	0.05006	0.01615	0.02019	0.01857	0.01453	0.01857	0.01292	0.01938	0.00969	0.00727	0.00727	0.00242	0.00969	0.00646	0.00323	0.00807
24	0.01507	0.01292	0.01507	0.01077	0.01723	0.00969	0.00861	0.01830	0.01507	0.02369	0.01292	0.01507	0.01077	0.00538	0.00538	0.00108	0.00538	0.00431	0.00431	0.78898
25	0.01057	0.00705	0.00793	0.00793	0.00793	0.00705	0.00440	0.01057	0.01057	0.01409	0.02290	0.04757	0.02643	0.74454	0.03700	0.00705	0.00705	0.01057	0.00440	0.00440
26	0.01373	0.01292	0.02180	0.72707	0.05006	0.01615	0.02019	0.01857	0.01453	0.01857	0.01292	0.01938	0.00969	0.00727	0.00727	0.00242	0.00969	0.00646	0.00323	0.00807
27	0.01029	0.00743	0.00972	0.00914	0.01086	0.00686	0.00686	0.01372	0.02058	0.02915	0.69536	0.05430	0.06859	0.01486	0.00857	0.00229	0.00343	0.01315	0.00800	0.00686
28	0.02715	0.03464	0.02060	0.01873	0.02247	0.71536	0.01404	0.02903	0.02060	0.01779	0.01124	0.01311	0.00936	0.00749	0.00655	0.00187	0.01311	0.00468	0.00375	0.00843
29	0.03261	0.01237	0.01687	0.01293	0.01856	0.01068	0.01068	0.03543	0.02081	0.70423	0.02868	0.02474	0.01799	0.00900	0.00731	0.00225	0.00619	0.00731	0.00900	0.01237

[dist]
# distance from previous block
# <min> <max>
0	1

[block]
# block no. 5 follows, 28 sequences, length 57
# corresponding to MSA columns:
# 354-410
name=unknown_F
#
# <colnr> <probs for GDERKNQSTAVLIFYWHMCP>
#	G	D	E	R	K	N	Q	S	T	A	V	L	I	F	Y	W	H	M	C	P
0	0.79588	0.01406	0.01068	0.00956	0.01406	0.01631	0.00787	0.02137	0.01237	0.03261	0.01012	0.01181	0.00787	0.00675	0.00450	0.00225	0.00562	0.00394	0.00450	0.00787
1	0.01507	0.01292	0.01507	0.01077	0.01723	0.00969	0.00861	0.01830	0.01507	0.02369	0.01292	0.01507	0.01077	0.00538	0.00538	0.00108	0.00538	0.00431	0.00431	0.78898
2	0.01029	0.00743	0.00972	0.00914	0.01086	0.00686	0.00686	0.01372	0.02058	0.02915	0.69536	0.05430	0.06859	0.01486	0.00857	0.00229	0.00343	0.01315	0.00800	0.00686
3	0.01655	0.01699	0.02217	0.01906	0.01928	0.06235	0.01580	0.01816	0.01168	0.01751	0.00964	0.01574	0.00953	0.01242	0.02285	0.00311	0.68970	0.00626	0.00321	0.00798
4	0.03135	0.01295	0.01705	0.01323	0.01875	0.01173	0.01088	0.06359	0.06904	0.62721	0.02825	0.02459	0.01805	0.00905	0.00731	0.00226	0.00623	0.00734	0.00881	0.01231
5	0.01038	0.00779	0.01168	0.01168	0.01298	0.00909	0.00909	0.01298	0.01168	0.01687	0.01947	0.02856	0.01817	0.05452	0.71573	0.01168	0.01947	0.00779	0.00389	0.00649
6	0.01019	0.00743	0.00958	0.00904	0.01080	0.00682	0.00678	0.01353	0.02034	0.02860	0.65940	0.05520	0.10489	0.01507	0.00857	0.00230	0.00344	0.01327	0.00793	0.00682
7	0.03138	0.01288	0.01703	0.01318	0.01865	0.01158	0.01083	0.09169	0.02177	0.62264	0.02805	0.04787	0.01849	0.00943	0.00737	0.00227	0.00628	0.00769	0.00877	0.01215
8	0.01040	0.00779	0.00969	0.00915	0.01108	0.00726	0.00688	0.01438	0.05004	0.02788	0.57851	0.05526	0.15414	0.01513	0.00852	0.00232	0.00357	0.01323	0.00780	0.00697
9	0.01507	0.01292	0.01507	0.01077	0.01723	0.00969	0.00861	0.01830	0.01507	0.02369	0.01292	0.01507	0.01077	0.00538	0.00538	0.00108	0.00538	0.00431	0.00431	0.78898
10	0.79588	0.01406	0.01068	0.00956	0.01406	0.01631	0.00787	0.02137	0.01237	0.03261	0.01012	0.01181	0.00787	0.00675	0.00450	0.00225	0.00562	0.00394	0.00450	0.00787
