[name]
unknown

[dist]
# distance from previous block
# <min> <max>
6	31

[block]
# block no. 0 follows, 28 sequences, length 9
# corresponding to MSA columns:
# 32-40
name=unknown_A
#
# <colnr> <probs for GDERKNQSTAVLIFYWHMCP>
#	G	D	E	R	K	N	Q	S	T	A	V	L	I	F	Y	W	H	M	C	P
0	0.06597	0.00921	0.00943	0.00858	0.01122	0.00928	0.00661	0.09021	0.01717	0.02838	0.02530	0.06713	0.05915	0.00958	0.00576	0.00186	0.00425	0.00769	0.50102	0.06219
1	0.01736	0.13213	0.07200	0.08682	0.05139	0.08175	0.11155	0.02070	0.01442	0.01935	0.01142	0.01586	0.00985	0.00876	0.01282	0.00242	0.26901	0.00599	0.00337	0.05305
2	0.07829	0.02678	0.01840	0.01644	0.01979	0.45681	0.01263	0.07751	0.01955	0.02222	0.01308	0.01540	0.01069	0.00815	0.00788	0.00202	0.07737	0.00520	0.10334	0.00845
3	0.01095	0.00857	0.00952	0.01039	0.01112	0.04540	0.00693	0.03747	0.01438	0.01865	0.03400	0.52640	0.04002	0.17295	0.01487	0.00372	0.00544	0.01712	0.00611	0.00598
4	0.01257	0.00987	0.01224	0.01321	0.07226	0.00956	0.00917	0.09710	0.01930	0.02538	0.18087	0.14586	0.26052	0.01618	0.00855	0.00253	0.00502	0.08544	0.00679	0.00758
5	0.01184	0.00812	0.00946	0.00936	0.01024	0.00817	0.00613	0.07297	0.01473	0.02012	0.08593	0.22161	0.03400	0.39264	0.02314	0.00488	0.00592	0.01283	0.04207	0.00586
6	0.01416	0.01144	0.01154	0.01046	0.01240	0.06807	0.00745	0.04621	0.03869	0.05130	0.06243	0.04299	0.16721	0.31708	0.02080	0.00426	0.04941	0.01021	0.00539	0.04849
7	0.02212	0.19233	0.02606	0.04849	0.15740	0.22569	0.01512	0.14185	0.02031	0.02398	0.01420	0.05374	0.01242	0.00803	0.00655	0.00199	0.00944	0.00612	0.00435	0.00982
8	0.01794	0.01799	0.06280	0.09984	0.08970	0.05398	0.23506	0.02391	0.07062	0.07075	0.01641	0.01963	0.01248	0.00731	0.00822	0.00223	0.04740	0.00702	0.05055	0.08617

[dist]
# distance from previous block
# <min> <max>
14	34

[block]
# block no. 1 follows, 28 sequences, length 9
# corresponding to MSA columns:
# 75-83
name=unknown_B
#
# <colnr> <probs for GDERKNQSTAVLIFYWHMCP>
#	G	D	E	R	K	N	Q	S	T	A	V	L	I	F	Y	W	H	M	C	P
0	0.01704	0.01486	0.02493	0.41814	0.21283	0.01657	0.06529	0.05571	0.01669	0.06683	0.01452	0.01929	0.01094	0.00718	0.00734	0.00233	0.00928	0.00667	0.00395	0.00959
1	0.12494	0.01393	0.04210	0.32989	0.13623	0.01497	0.01602	0.05295	0.01541	0.02260	0.01891	0.02391	0.07373	0.04302	0.00921	0.03462	0.00809	0.00707	0.00405	0.00835
2	0.04971	0.00994	0.01133	0.01047	0.01259	0.00995	0.00748	0.12151	0.01696	0.05514	0.05506	0.23953	0.04971	0.22778	0.01631	0.00376	0.00581	0.01215	0.03144	0.05337
3	0.08804	0.06062	0.01486	0.09947	0.01812	0.06030	0.00988	0.08362	0.01586	0.05412	0.01825	0.06567	0.01649	0.09536	0.05998	0.09779	0.00780	0.00740	0.11901	0.00737
4	0.48131	0.01508	0.06498	0.16641	0.02330	0.01546	0.01209	0.02129	0.01369	0.07243	0.01356	0.04843	0.01090	0.00777	0.00569	0.00232	0.00686	0.00559	0.00452	0.00833
5	0.01124	0.00825	0.01008	0.01000	0.01083	0.00853	0.00685	0.04904	0.01476	0.02003	0.13230	0.25530	0.06764	0.29068	0.02040	0.00434	0.05415	0.01372	0.00585	0.00600
6	0.01025	0.00805	0.00934	0.00900	0.01114	0.00750	0.00675	0.01444	0.07564	0.02516	0.37253	0.09078	0.30033	0.01615	0.00851	0.00240	0.00376	0.01391	0.00742	0.00694
7	0.01776	0.01334	0.01591	0.01203	0.01755	0.01156	0.00965	0.08480	0.01725	0.09516	0.01661	0.06500	0.01410	0.00769	0.00712	0.00156	0.04864	0.00606	0.00518	0.53303
8	0.02633	0.03035	0.02170	0.02094	0.08981	0.52162	0.01483	0.14423	0.02263	0.02341	0.01259	0.01437	0.01012	0.00761	0.00675	0.00196	0.01175	0.00519	0.00436	0.00944

[dist]
# distance from previous block
# <min> <max>
2	14

[block]
# block no. 2 follows, 28 sequences, length 9
# corresponding to MSA columns:
# 98-106
name=unknown_C
#
# <colnr> <probs for GDERKNQSTAVLIFYWHMCP>
#	G	D	E	R	K	N	Q	S	T	A	V	L	I	F	Y	W	H	M	C	P
0	0.04603	0.01475	0.02267	0.49475	0.18436	0.04366	0.01941	0.01988	0.01514	0.02042	0.01290	0.01835	0.01004	0.00701	0.00703	0.00228	0.00925	0.00620	0.00342	0.04245
1	0.01783	0.02015	0.08717	0.18550	0.42295	0.09736	0.02131	0.02235	0.01648	0.02189	0.01318	0.01749	0.01067	0.00680	0.00711	0.00220	0.00956	0.00617	0.00349	0.01035
2	0.01673	0.01511	0.02319	0.39584	0.21317	0.01730	0.01910	0.08705	0.09483	0.02400	0.01550	0.01972	0.01188	0.00751	0.00726	0.00233	0.00879	0.00668	0.00421	0.00980
3	0.02598	0.02064	0.02237	0.06077	0.08047	0.06871	0.01491	0.53840	0.03064	0.04048	0.01645	0.01732	0.01193	0.00837	0.00722	0.00217	0.00850	0.00641	0.00649	0.01177
4	0.01263	0.00631	0.00947	0.00947	0.00947	0.00631	0.00631	0.00947	0.00947	0.01263	0.01263	0.02210	0.01263	0.02525	0.02841	0.78851	0.00631	0.00631	0.00316	0.00316
5	0.01263	0.00631	0.00947	0.00947	0.00947	0.00631	0.00631	0.00947	0.00947	0.01263	0.01263	0.02210	0.01263	0.02525	0.02841	0.78851	0.00631	0.00631	0.00316	0.00316
6	0.05386	0.01836	0.06083	0.16334	0.10332	0.01786	0.39726	0.02192	0.01603	0.02261	0.01375	0.01870	0.01053	0.00674	0.00861	0.00243	0.04324	0.00752	0.00358	0.00950
7	0.01637	0.01820	0.11479	0.35426	0.25493	0.01714	0.02122	0.07500	0.01693	0.02310	0.01356	0.01824	0.01044	0.00709	0.00720	0.00230	0.00935	0.00633	0.00366	0.00989
8	0.01034	0.00695	0.00800	0.00822	0.00827	0.00690	0.00471	0.01051	0.01101	0.01468	0.02517	0.13901	0.02929	0.64919	0.03334	0.00651	0.00667	0.01190	0.00471	0.00460

[dist]
# distance from previous block
# <min> <max>
0	1

[block]
# block no. 3 follows, 28 sequences, length 21
# corresponding to MSA columns:
# 108-128
name=unknown_D
#
# <colnr> <probs for GDERKNQSTAVLIFYWHMCP>
#	G	D	E	R	K	N	Q	S	T	A	V	L	I	F	Y	W	H	M	C	P
0	0.01109	0.00754	0.00863	0.00865	0.00897	0.00758	0.00517	0.04057	0.01213	0.01618	0.02517	0.14747	0.02896	0.60565	0.03160	0.00623	0.00668	0.01187	0.00488	0.00498
1	0.01726	0.48655	0.21579	0.01436	0.02137	0.02348	0.01580	0.02134	0.01548	0.01984	0.07605	0.01671	0.01493	0.00723	0.00564	0.00183	0.00816	0.00517	0.00356	0.00948
2	0.01755	0.47348	0.29705	0.01564	0.02361	0.02416	0.01802	0.02225	0.01499	0.01939	0.01124	0.01309	0.00928	0.00648	0.00553	0.00184	0.00892	0.00446	0.00309	0.00988
3	0.01971	0.60968	0.10289	0.01376	0.02029	0.05908	0.01401	0.05407	0.01604	0.01912	0.01081	0.01238	0.00947	0.00647	0.00510	0.00167	0.00833	0.00420	0.00334	0.00957
4	0.79588	0.01406	0.01068	0.00956	0.01406	0.01631	0.00787	0.02137	0.01237	0.03261	0.01012	0.01181	0.00787	0.00675	0.00450	0.00225	0.00562	0.00394	0.00450	0.00787
5	0.02674	0.07318	0.02154	0.01839	0.02227	0.67831	0.01396	0.02863	0.02028	0.01775	0.01117	0.01303	0.00936	0.00742	0.00645	0.00186	0.01282	0.00464	0.00371	0.00848
6	0.01263	0.00631	0.00947	0.00947	0.00947	0.00631	0.00631	0.00947	0.00947	0.01263	0.01263	0.02210	0.01263	0.02525	0.02841	0.78851	0.00631	0.00631	0.00316	0.00316
7	0.00915	0.00645	0.00835	0.00974	0.01009	0.00610	0.00634	0.01020	0.01334	0.01779	0.03710	0.62028	0.04434	0.14739	0.01406	0.00366	0.00471	0.01892	0.00634	0.00565
8	0.79588	0.01406	0.01068	0.00956	0.01406	0.01631	0.00787	0.02137	0.01237	0.03261	0.01012	0.01181	0.00787	0.00675	0.00450	0.00225	0.00562	0.00394	0.00450	0.00787
9	0.00886	0.00633	0.00843	0.01012	0.01054	0.00590	0.00675	0.01012	0.01392	0.01856	0.04006	0.73979	0.04808	0.02277	0.00928	0.00295	0.00422	0.02066	0.00675	0.00590
10	0.01644	0.01569	0.02671	0.29243	0.46348	0.01686	0.02154	0.02095	0.01582	0.02187	0.01340	0.01850	0.01085	0.00676	0.00722	0.00225	0.00902	0.00647	0.00346	0.01027
11	0.01808	0.55045	0.22469	0.01475	0.02223	0.02545	0.01646	0.02212	0.01493	0.01875	0.01093	0.01269	0.00929	0.00641	0.00529	0.00176	0.00860	0.00430	0.00310	0.00972
12	0.04794	0.43684	0.26339	0.01551	0.02306	0.06474	0.01726	0.02261	0.01522	0.01975	0.01117	0.01300	0.00923	0.00655	0.00553	0.00185	0.00902	0.00444	0.00319	0.00970
13	0.07531	0.57359	0.11305	0.01343	0.02003	0.02614	0.01386	0.05735	0.01572	0.02047	0.01085	0.01241	0.00937	0.00647	0.00505	0.00173	0.00798	0.00421	0.00343	0.00955
14	0.01106	0.00825	0.01070	0.01193	0.01365	0.00811	0.00985	0.01474	0.05256	0.02133	0.04392	0.19081	0.14696	0.01972	0.00953	0.00309	0.00573	0.40457	0.00675	0.00673
15	0.01010	0.00905	0.04703	0.01029	0.01216	0.00754	0.00798	0.01363	0.05601	0.02283	0.23977	0.35849	0.14138	0.01816	0.00873	0.00262	0.00435	0.01609	0.00696	0.00682
16	0.05942	0.33652	0.30997	0.01552	0.02333	0.02106	0.01772	0.02223	0.01530	0.04188	0.03902	0.01539	0.01185	0.00692	0.00584	0.00193	0.00857	0.00499	0.00358	0.03893
17	0.13735	0.13865	0.30143	0.01514	0.02212	0.01677	0.01668	0.02304	0.05057	0.08385	0.08331	0.04723	0.01786	0.00851	0.00650	0.00220	0.00785	0.00659	0.00467	0.00969
18	0.03843	0.09815	0.29443	0.01542	0.02159	0.01521	0.01639	0.02263	0.12313	0.05015	0.05862	0.17067	0.02296	0.01114	0.00728	0.00238	0.00754	0.00933	0.00508	0.00947
19	0.04035	0.04778	0.32044	0.01749	0.04379	0.05668	0.01806	0.09037	0.05162	0.06178	0.06810	0.09147	0.01987	0.00990	0.00729	0.00234	0.00850	0.02928	0.00497	0.00991
20	0.01890	0.15349	0.33554	0.05611	0.02701	0.02014	0.01961	0.20768	0.02051	0.02809	0.01469	0.03978	0.01145	0.00786	0.00672	0.00217	0.00917	0.00602	0.00440	0.01065

[dist]
# distance from previous block
# <min> <max>
2	13

[block]
# block no. 4 follows, 28 sequences, length 32
# corresponding to MSA columns:
# 142-173
name=unknown_E
#
# <colnr> <probs for GDERKNQSTAVLIFYWHMCP>
#	G	D	E	R	K	N	Q	S	T	A	V	L	I	F	Y	W	H	M	C	P
0	0.01895	0.44146	0.05651	0.07131	0.02165	0.05992	0.01343	0.07940	0.05645	0.02168	0.05260	0.01954	0.01522	0.00795	0.00592	0.00190	0.00793	0.03460	0.00421	0.00937
1	0.07538	0.28831	0.33404	0.01686	0.02470	0.02055	0.05683	0.02170	0.01494	0.02138	0.01345	0.05663	0.01154	0.00754	0.00616	0.00208	0.00899	0.00582	0.00344	0.00968
2	0.11502	0.16704	0.43707	0.01696	0.02556	0.01843	0.02029	0.02285	0.01518	0.05779	0.01465	0.01625	0.02920	0.00719	0.00625	0.00216	0.00910	0.00529	0.00367	0.01006
3	0.05663	0.00794	0.00973	0.01068	0.01201	0.00782	0.00790	0.04209	0.01560	0.02151	0.06044	0.44297	0.09538	0.04254	0.00983	0.00302	0.00495	0.13589	0.00660	0.00646
4	0.02530	0.05212	0.02127	0.01576	0.02125	0.02100	0.01299	0.56506	0.03090	0.04146	0.01847	0.06778	0.01465	0.00943	0.00720	0.00215	0.00759	0.00730	0.00689	0.05141
5	0.04832	0.23835	0.48838	0.01791	0.02711	0.02023	0.02198	0.02260	0.01506	0.02174	0.01209	0.01415	0.00919	0.00670	0.00617	0.00209	0.00969	0.00489	0.00314	0.01022
6	0.24341	0.09697	0.25557	0.04812	0.02366	0.10446	0.01650	0.02430	0.04161	0.06473	0.01325	0.01488	0.00990	0.00712	0.00601	0.00217	0.00875	0.00500	0.00410	0.00949
7	0.04772	0.12487	0.55171	0.01985	0.02955	0.01845	0.06539	0.02281	0.01527	0.02269	0.01266	0.01501	0.00928	0.00676	0.00663	0.00222	0.01025	0.00533	0.00317	0.01039
8	0.01743	0.01670	0.02849	0.13470	0.61351	0.01712	0.02203	0.02182	0.01629	0.02306	0.01357	0.01817	0.01127	0.00658	0.00721	0.00219	0.00877	0.00647	0.00355	0.01106
9	0.01057	0.00705	0.00793	0.00793	0.00793	0.00705	0.00440	0.01057	0.01057	0.01409	0.02290	0.04757	0.02643	0.74454	0.03700	0.00705	0.00705	0.01057	0.00440	0.00440
10	0.01458	0.03760	0.70688	0.02072	0.03146	0.01688	0.02686	0.02302	0.01535	0.02302	0.01304	0.01535	0.00921	0.00691	0.00691	0.00230	0.01074	0.00537	0.00307	0.01074
11	0.02989	0.01298	0.01679	0.01328	0.01862	0.01207	0.01084	0.03602	0.14532	0.57811	0.02885	0.02519	0.01878	0.00916	0.00733	0.00229	0.00610	0.00748	0.00870	0.01221
12	0.01263	0.00631	0.00947	0.00947	0.00947	0.00631	0.00631	0.00947	0.00947	0.01263	0.01263	0.02210	0.01263	0.02525	0.02841	0.78851	0.00631	0.00631	0.00316	0.00316
13	0.01751	0.01678	0.02864	0.12110	0.62645	0.01715	0.02207	0.02189	0.01633	0.02317	0.01359	0.01815	0.01131	0.00657	0.00720	0.00219	0.00875	0.00647	0.00356	0.01113
14	0.01576	0.01574	0.02332	0.50405	0.07299	0.07320	0.07549	0.02209	0.08539	0.02039	0.01471	0.01964	0.01117	0.00742	0.00733	0.00237	0.00973	0.00668	0.00376	0.00877
15	0.01373	0.01292	0.02180	0.72707	0.05006	0.01615	0.02019	0.01857	0.01453	0.01857	0.01292	0.01938	0.00969	0.00727	0.00727	0.00242	0.00969	0.00646	0.00323	0.00807
16	0.03261	0.01237	0.01687	0.01293	0.01856	0.01068	0.01068	0.03543	0.02081	0.70423	0.02868	0.02474	0.01799	0.00900	0.00731	0.00225	0.00619	0.00731	0.00900	0.01237
17	0.01458	0.03760	0.70688	0.02072	0.03146	0.01688	0.02686	0.02302	0.01535	0.02302	0.01304	0.01535	0.00921	0.00691	0.00691	0.00230	0.01074	0.00537	0.00307	0.01074
18	0.03195	0.01252	0.01685	0.01302	0.01857	0.01102	0.01072	0.03557	0.05130	0.67334	0.02872	0.02485	0.01819	0.00904	0.00731	0.00226	0.00617	0.00735	0.00892	0.01233
19	0.00861	0.00728	0.00745	0.00759	0.00988	0.00612	0.00562	0.01041	0.01635	0.01955	0.07092	0.12418	0.64378	0.01876	0.00865	0.00249	0.00373	0.01577	0.00675	0.00612
20	0.00991	0.00746	0.00922	0.00911	0.01097	0.00677	0.00696	0.01282	0.01886	0.02546	0.43886	0.08799	0.23511	0.01663	0.00875	0.00246	0.00384	0.07474	0.00749	0.00661
21	0.01487	0.07945	0.66752	0.02023	0.03071	0.01758	0.02601	0.02295	0.01531	0.02267	0.01287	0.01513	0.00922	0.00687	0.00677	0.00226	0.01057	0.00528	0.00307	0.01066
22	0.00884	0.00639	0.00837	0.00996	0.01050	0.00592	0.00667	0.01014	0.01407	0.01862	0.04206	0.69999	0.08659	0.02251	0.00924	0.00292	0.00419	0.02035	0.00675	0.00592
23	0.01392	0.01312	0.02215	0.69610	0.07952	0.01620	0.02028	0.01874	0.01463	0.01881	0.01295	0.01932	0.00977	0.00723	0.00726	0.00241	0.00964	0.00646	0.00325	0.00823
24	0.01458	0.03760	0.70688	0.02072	0.03146	0.01688	0.02686	0.02302	0.01535	0.02302	0.01304	0.01535	0.00921	0.00691	0.00691	0.00230	0.01074	0.00537	0.00307	0.01074
25	0.17366	0.01229	0.01513	0.01199	0.01709	0.01143	0.00985	0.03104	0.01921	0.52388	0.07917	0.02471	0.02019	0.00905	0.00689	0.00225	0.00586	0.00715	0.00807	0.01108
26	0.01695	0.01921	0.04164	0.07202	0.03871	0.01825	0.63401	0.02300	0.01700	0.02300	0.01460	0.01959	0.01095	0.00620	0.00850	0.00245	0.01210	0.00845	0.00365	0.00970
27	0.01502	0.03289	0.54731	0.02287	0.05151	0.01687	0.14250	0.02278	0.01586	0.02327	0.03314	0.01732	0.01132	0.00698	0.00726	0.00232	0.01074	0.00621	0.00334	0.01048
28	0.10659	0.53243	0.16016	0.01366	0.02053	0.02513	0.01462	0.02196	0.01461	0.01997	0.01066	0.01237	0.00914	0.00641	0.00506	0.00177	0.00809	0.00417	0.00326	0.00943
29	0.01170	0.00906	0.01087	0.03192	0.03290	0.00862	0.00868	0.04772	0.03746	0.03874	0.12335	0.06307	0.37218	0.01678	0.00871	0.00261	0.00499	0.15672	0.00678	0.00717
30	0.13030	0.01373	0.02009	0.32419	0.13204	0.01560	0.03748	0.05842	0.04659	0.02427	0.04344	0.06090	0.01632	0.00895	0.00718	0.00241	0.00806	0.03678	0.00445	0.00879
31	0.02548	0.13908	0.02323	0.04595	0.02301	0.58635	0.01405	0.02754	0.01950	0.01772	0.01114	0.01314	0.00937	0.00729	0.00630	0.00185	0.01219	0.00464	0.00363	0.00855

[dist]
# distance from previous block
# <min> <max>
0	5

[block]
# block no. 5 follows, 28 sequences, length 14
# corresponding to MSA columns:
# 179-192
name=unknown_F
#
# <colnr> <probs for GDERKNQSTAVLIFYWHMCP>
#	G	D	E	R	K	N	Q	S	T	A	V	L	I	F	Y	W	H	M	C	P
0	0.01607	0.12932	0.51289	0.02067	0.03012	0.04936	0.09783	0.02315	0.01571	0.02204	0.01277	0.01525	0.00944	0.00675	0.00678	0.00220	0.01063	0.00551	0.00317	0.01035
1	0.01412	0.03022	0.50781	0.01982	0.02859	0.01529	0.09762	0.02141	0.01648	0.02413	0.13334	0.02269	0.01987	0.00822	0.00739	0.00232	0.00963	0.00711	0.00401	0.00995
2	0.16020	0.02224	0.01912	0.01607	0.02061	0.22948	0.03691	0.24450	0.07000	0.03086	0.01519	0.01676	0.01176	0.01150	0.06099	0.00286	0.01001	0.00581	0.00533	0.00978
3	0.01523	0.01482	0.02622	0.47032	0.21671	0.01670	0.09578	0.02008	0.01536	0.02045	0.01332	0.01905	0.01032	0.00693	0.00740	0.00236	0.00971	0.00671	0.00338	0.00916
4	0.04370	0.01579	0.02414	0.35285	0.31453	0.05502	0.01997	0.02066	0.01571	0.02129	0.01402	0.02059	0.01159	0.00743	0.00721	0.00231	0.00918	0.03096	0.00359	0.00946
5	0.01263	0.00631	0.00947	0.00947	0.00947	0.00631	0.00631	0.00947	0.00947	0.01263	0.01263	0.02210	0.01263	0.02525	0.02841	0.78851	0.00631	0.00631	0.00316	0.00316
6	0.01534	0.08773	0.57797	0.01942	0.02907	0.01790	0.02402	0.02472	0.09243	0.02343	0.01473	0.01643	0.01071	0.00720	0.00680	0.00227	0.00995	0.00559	0.00357	0.01073
7	0.01943	0.74891	0.03809	0.01244	0.01866	0.02876	0.01244	0.02177	0.01477	0.01710	0.01011	0.01166	0.00933	0.00622	0.00466	0.00155	0.00777	0.00389	0.00311	0.00933
8	0.01263	0.00631	0.00947	0.00947	0.00947	0.00631	0.00631	0.00947	0.00947	0.01263	0.01263	0.02210	0.01263	0.02525	0.02841	0.78851	0.00631	0.00631	0.00316	0.00316
9	0.00876	0.00670	0.00805	0.00913	0.01028	0.00599	0.00631	0.01023	0.01487	0.01895	0.05216	0.49853	0.28154	0.02120	0.00903	0.00277	0.00402	0.01875	0.00675	0.00599
10	0.01178	0.03606	0.01128	0.00993	0.01182	0.00805	0.00754	0.01473	0.01840	0.06617	0.45891	0.14474	0.05459	0.01986	0.08977	0.00343	0.00572	0.01289	0.00722	0.00711
11	0.01837	0.56266	0.08156	0.01285	0.01879	0.02476	0.01284	0.05697	0.01663	0.02066	0.09840	0.01770	0.01707	0.00751	0.00547	0.00174	0.00744	0.00533	0.00396	0.00928
12	0.24499	0.20362	0.06391	0.01315	0.01862	0.02041	0.01190	0.15740	0.09572	0.05299	0.04313	0.01711	0.01375	0.00780	0.00585	0.00209	0.00692	0.00553	0.00525	0.00987
13	0.09506	0.25529	0.05492	0.01509	0.02041	0.18929	0.01314	0.13943	0.10680	0.02571	0.01432	0.01521	0.01140	0.00751	0.00601	0.00196	0.00876	0.00517	0.00467	0.00985

[dist]
# distance from previous block
# <min> <max>
10	35

[block]
# block no. 6 follows, 28 sequences, length 19
# corresponding to MSA columns:
# 228-231,233-247
name=unknown_G
#
# <colnr> <probs for GDERKNQSTAVLIFYWHMCP>
#	G	D	E	R	K	N	Q	S	T	A	V	L	I	F	Y	W	H	M	C	P
0	0.01323	0.04533	0.05466	0.01307	0.04014	0.01080	0.01026	0.03725	0.09426	0.03882	0.07680	0.25389	0.07985	0.04292	0.00925	0.00270	0.00570	0.09343	0.00618	0.07144
1	0.01458	0.04168	0.10165	0.05483	0.01836	0.01233	0.01130	0.09181	0.07290	0.04566	0.12530	0.03912	0.20754	0.05769	0.00939	0.00252	0.00613	0.00982	0.00594	0.07147
2	0.05669	0.01616	0.01942	0.01539	0.04541	0.05536	0.06469	0.13444	0.01962	0.12815	0.01597	0.01712	0.01194	0.00678	0.00635	0.00169	0.00710	0.00557	0.00541	0.36675
3	0.24176	0.17989	0.34306	0.01539	0.02310	0.01892	0.01771	0.02200	0.01452	0.02474	0.03225	0.01472	0.01065	0.00696	0.00579	0.00213	0.00841	0.00488	0.00364	0.00950
4	0.07507	0.01715	0.02448	0.28454	0.34995	0.08420	0.01968	0.02155	0.01591	0.02197	0.01290	0.01756	0.01038	0.00688	0.00696	0.00223	0.00922	0.00611	0.00355	0.00971
5	0.79588	0.01406	0.01068	0.00956	0.01406	0.01631	0.00787	0.02137	0.01237	0.03261	0.01012	0.01181	0.00787	0.00675	0.00450	0.00225	0.00562	0.00394	0.00450	0.00787
6	0.00925	0.00668	0.00846	0.00973	0.01040	0.00625	0.00662	0.01055	0.01394	0.01828	0.04137	0.52482	0.11756	0.12163	0.01307	0.00349	0.00471	0.06097	0.00642	0.00578
7	0.01167	0.00763	0.00997	0.00951	0.01135	0.00697	0.00708	0.01467	0.01946	0.07734	0.52583	0.15454	0.08467	0.01573	0.00858	0.00239	0.00376	0.01391	0.00784	0.00710
8	0.01574	0.06993	0.20834	0.07093	0.29132	0.01672	0.06403	0.02092	0.01531	0.02175	0.01415	0.01862	0.01160	0.01374	0.11233	0.00361	0.01105	0.00634	0.00345	0.01010
9	0.02502	0.01854	0.02020	0.01618	0.02137	0.02046	0.01341	0.55242	0.07108	0.04181	0.02087	0.02628	0.01672	0.01025	0.00763	0.00235	0.00770	0.08891	0.00721	0.01159
10	0.01172	0.00755	0.00996	0.00970	0.01140	0.00692	0.00714	0.01454	0.01888	0.08092	0.47300	0.22822	0.05923	0.01642	0.00865	0.00245	0.00385	0.01461	0.00776	0.00706
11	0.01574	0.01551	0.06213	0.51168	0.04172	0.01708	0.01870	0.08386	0.11623	0.02317	0.01583	0.02011	0.01177	0.00777	0.00727	0.00240	0.00901	0.00666	0.00422	0.00915
12	0.01954	0.54121	0.03248	0.01369	0.01876	0.12202	0.01262	0.02178	0.01509	0.01721	0.01098	0.01351	0.01006	0.01073	0.06361	0.00252	0.05757	0.00448	0.00327	0.00888
13	0.01112	0.00792	0.01015	0.01107	0.01217	0.00783	0.00819	0.05623	0.01581	0.02102	0.06070	0.40776	0.04205	0.11467	0.01291	0.00351	0.00544	0.17853	0.00651	0.00638
14	0.00958	0.00724	0.00884	0.00878	0.01051	0.00651	0.00646	0.01223	0.01842	0.02481	0.41720	0.16228	0.24645	0.01708	0.00868	0.00244	0.00362	0.01491	0.00745	0.00651
15	0.00916	0.00657	0.00823	0.00941	0.00996	0.00615	0.00617	0.01024	0.01355	0.01781	0.04024	0.53696	0.11115	0.16136	0.01455	0.00369	0.00471	0.01817	0.00630	0.00564
16	0.73220	0.01396	0.01159	0.06798	0.01699	0.01629	0.00888	0.02114	0.01255	0.03147	0.01035	0.01242	0.00802	0.00679	0.00472	0.00226	0.00595	0.00414	0.00440	0.00789
17	0.09635	0.01509	0.02167	0.33121	0.21123	0.04966	0.01766	0.02235	0.03258	0.08905	0.03512	0.01971	0.01286	0.00748	0.00698	0.00229	0.00854	0.00645	0.00429	0.00945
18	0.11308	0.03463	0.61910	0.01931	0.02927	0.01681	0.02446	0.02281	0.01497	0.02423	0.01268	0.01490	0.00904	0.00689	0.00660	0.00230	0.01010	0.00519	0.00325	0.01038

[dist]
# distance from previous block
# <min> <max>
1	4

[block]
# block no. 7 follows, 28 sequences, length 17
# corresponding to MSA columns:
# 252-268
name=unknown_H
#
# <colnr> <probs for GDERKNQSTAVLIFYWHMCP>
#	G	D	E	R	K	N	Q	S	T	A	V	L	I	F	Y	W	H	M	C	P
0	0.01829	0.48598	0.24988	0.01539	0.02292	0.06029	0.01711	0.02254	0.01525	0.01902	0.01110	0.01291	0.00929	0.00650	0.00547	0.00181	0.00899	0.00440	0.00313	0.00973
1	0.01916	0.70922	0.07541	0.01290	0.01937	0.02810	0.01324	0.02184	0.01480	0.01743	0.01027	0.01187	0.00932	0.00626	0.00479	0.00160	0.00794	0.00397	0.00311	0.00941
2	0.00987	0.00746	0.00934	0.01038	0.01197	0.00692	0.00817	0.01218	0.01608	0.02051	0.07698	0.25334	0.25758	0.02005	0.00930	0.00291	0.00492	0.24897	0.00678	0.00631
3	0.00886	0.00633	0.00843	0.01012	0.01054	0.00590	0.00675	0.01012	0.01392	0.01856	0.04006	0.73979	0.04808	0.02277	0.00928	0.00295	0.00422	0.02066	0.00675	0.00590
4	0.01038	0.00779	0.01168	0.01168	0.01298	0.00909	0.00909	0.01298	0.01168	0.01687	0.01947	0.02856	0.01817	0.05452	0.71573	0.01168	0.01947	0.00779	0.00389	0.00649
5	0.01474	0.03650	0.66618	0.02133	0.03186	0.01697	0.06644	0.02304	0.01546	0.02304	0.01315	0.01561	0.00932	0.00686	0.00701	0.00231	0.01084	0.00557	0.00311	0.01069
6	0.01917	0.70988	0.07479	0.01289	0.01936	0.02811	0.01323	0.02183	0.01480	0.01743	0.01027	0.01186	0.00932	0.00626	0.00479	0.00160	0.00794	0.00397	0.00311	0.00941
7	0.01373	0.01292	0.02180	0.72707	0.05006	0.01615	0.02019	0.01857	0.01453	0.01857	0.01292	0.01938	0.00969	0.00727	0.00727	0.00242	0.00969	0.00646	0.00323	0.00807
8	0.00977	0.00741	0.00900	0.00860	0.01054	0.00664	0.00645	0.01272	0.01935	0.02625	0.50584	0.05907	0.25991	0.01594	0.00858	0.00234	0.00351	0.01382	0.00762	0.00664
9	0.01057	0.00705	0.00793	0.00793	0.00793	0.00705	0.00440	0.01057	0.01057	0.01409	0.02290	0.04757	0.02643	0.74454	0.03700	0.00705	0.00705	0.01057	0.00440	0.00440
10	0.01532	0.01602	0.03159	0.40390	0.04446	0.01719	0.32302	0.02076	0.01575	0.02076	0.01375	0.01949	0.01031	0.00674	0.00788	0.00244	0.01088	0.00744	0.00344	0.00888
11	0.01040	0.00772	0.01133	0.01133	0.01251	0.00890	0.00865	0.01276	0.01158	0.01662	0.01979	0.03032	0.01894	0.11864	0.65266	0.01125	0.01832	0.00805	0.00394	0.00630
12	0.03261	0.01237	0.01687	0.01293	0.01856	0.01068	0.01068	0.03543	0.02081	0.70423	0.02868	0.02474	0.01799	0.00900	0.00731	0.00225	0.00619	0.00731	0.00900	0.01237
13	0.02624	0.01906	0.02067	0.01605	0.02133	0.02103	0.01312	0.61311	0.03188	0.04273	0.01700	0.01788	0.01239	0.01026	0.00924	0.07525	0.00784	0.00652	0.00689	0.01151
14	0.01515	0.01156	0.01439	0.07854	0.01777	0.01230	0.03152	0.17441	0.05316	0.02543	0.06741	0.18785	0.05086	0.20823	0.01580	0.00371	0.00668	0.01155	0.00593	0.00776
15	0.02542	0.03136	0.02228	0.02362	0.15030	0.58349	0.01561	0.02776	0.01983	0.01892	0.01170	0.01403	0.00977	0.00730	0.00668	0.00193	0.01226	0.00502	0.00372	0.00901
16	0.02763	0.02036	0.02182	0.01672	0.02254	0.02254	0.01382	0.67496	0.03418	0.04581	0.01745	0.01745	0.01236	0.00873	0.00727	0.00218	0.00800	0.00654	0.00727	0.01236

[dist]
# distance from previous block
# <min> <max>
0	24

[block]
# block no. 8 follows, 28 sequences, length 225
# corresponding to MSA columns:
# 293-517
name=unknown_I
#
# <colnr> <probs for GDERKNQSTAVLIFYWHMCP>
#	G	D	E	R	K	N	Q	S	T	A	V	L	I	F	Y	W	H	M	C	P
0	0.03261	0.01237	0.01687	0.01293	0.01856	0.01068	0.01068	0.03543	0.02081	0.70423	0.02868	0.02474	0.01799	0.00900	0.00731	0.00225	0.00619	0.00731	0.00900	0.01237
1	0.01799	0.01727	0.02950	0.04462	0.69919	0.01727	0.02231	0.02231	0.01655	0.02375	0.01367	0.01799	0.01151	0.00648	0.00720	0.00216	0.00864	0.00648	0.00360	0.01151
2	0.01057	0.00705	0.00793	0.00793	0.00793	0.00705	0.00440	0.01057	0.01057	0.01409	0.02290	0.04757	0.02643	0.74454	0.03700	0.00705	0.00705	0.01057	0.00440	0.00440
3	0.00900	0.00640	0.00846	0.00997	0.01042	0.00600	0.00663	0.01028	0.01399	0.01871	0.06304	0.67914	0.04771	0.05970	0.01068	0.00314	0.00433	0.01987	0.00667	0.00586
4	0.03210	0.01249	0.01685	0.01300	0.01857	0.01095	0.01071	0.03554	0.04439	0.68034	0.02871	0.02483	0.01814	0.00903	0.00731	0.00226	0.00617	0.00734	0.00894	0.01234
5	0.01144	0.00756	0.00963	0.00937	0.01122	0.00684	0.00692	0.01411	0.01854	0.07740	0.40746	0.20198	0.15669	0.01666	0.00863	0.00245	0.00385	0.01465	0.00762	0.00697
6	0.00886	0.00633	0.00843	0.01012	0.01054	0.00590	0.00675	0.01012	0.01392	0.01856	0.04006	0.73979	0.04808	0.02277	0.00928	0.00295	0.00422	0.02066	0.00675	0.00590
7	0.00874	0.00730	0.00762	0.00770	0.00995	0.00618	0.00571	0.01067	0.01670	0.02031	0.11995	0.11595	0.60141	0.01844	0.00864	0.00248	0.00370	0.01554	0.00685	0.00618
8	0.00880	0.00706	0.00779	0.00825	0.01001	0.00613	0.00590	0.01048	0.01578	0.01954	0.08834	0.26221	0.46107	0.04286	0.00970	0.00274	0.00393	0.01663	0.00673	0.00604
9	0.00928	0.00739	0.00831	0.00808	0.01024	0.00643	0.00606	0.01176	0.01819	0.02348	0.32480	0.06363	0.44268	0.01698	0.00858	0.00239	0.00358	0.01445	0.00726	0.00643
10	0.01507	0.01292	0.01507	0.01077	0.01723	0.00969	0.00861	0.01830	0.01507	0.02369	0.01292	0.01507	0.01077	0.00538	0.00538	0.00108	0.00538	0.00431	0.00431	0.78898
11	0.01283	0.00684	0.00960	0.00959	0.00994	0.00695	0.00652	0.01156	0.04563	0.01483	0.01542	0.05185	0.01499	0.02315	0.02488	0.65957	0.00599	0.00703	0.05889	0.00396
12	0.03144	0.01211	0.01649	0.01273	0.01815	0.01048	0.01048	0.03428	0.02079	0.66873	0.06373	0.02630	0.02065	0.00931	0.00738	0.00225	0.00604	0.00762	0.00894	0.01208
13	0.00930	0.00664	0.00895	0.01063	0.01125	0.00629	0.00752	0.01089	0.01436	0.01906	0.03982	0.63695	0.04710	0.02235	0.00940	0.00301	0.00460	0.11910	0.00674	0.00603
14	0.01943	0.74891	0.03809	0.01244	0.01866	0.02876	0.01244	0.02177	0.01477	0.01710	0.01011	0.01166	0.00933	0.00622	0.00466	0.00155	0.00777	0.00389	0.00311	0.00933
15	0.01050	0.00706	0.00814	0.00821	0.00829	0.00711	0.00474	0.01068	0.01075	0.01440	0.02335	0.07167	0.02678	0.68209	0.07168	0.00714	0.00760	0.01079	0.00446	0.00457
16	0.01122	0.00736	0.00975	0.00990	0.01137	0.00679	0.00722	0.01378	0.01792	0.06806	0.38100	0.31510	0.05664	0.01768	0.00881	0.00257	0.00401	0.03644	0.00754	0.00684
17	0.01333	0.00838	0.01082	0.00974	0.01206	0.00774	0.00746	0.03565	0.02086	0.10774	0.57534	0.05034	0.08380	0.01413	0.00839	0.00228	0.00389	0.01235	0.00805	0.00764
18	0.01590	0.01590	0.02226	0.01908	0.01908	0.02226	0.01590	0.01749	0.01113	0.01749	0.00954	0.01590	0.00954	0.01272	0.02385	0.00318	0.73123	0.00636	0.00318	0.00795
19	0.01943	0.74891	0.03809	0.01244	0.01866	0.02876	0.01244	0.02177	0.01477	0.01710	0.01011	0.01166	0.00933	0.00622	0.00466	0.00155	0.00777	0.00389	0.00311	0.00933
20	0.01040	0.00772	0.01136	0.01136	0.01254	0.00891	0.00868	0.01277	0.01159	0.01663	0.01977	0.03020	0.01889	0.11415	0.65708	0.01128	0.01840	0.00803	0.00394	0.00631
21	0.01005	0.00733	0.00944	0.00911	0.01076	0.00672	0.00676	0.01318	0.01971	0.02756	0.59510	0.11703	0.10842	0.01581	0.00864	0.00236	0.00352	0.01397	0.00781	0.00672
22	0.00886	0.00633	0.00843	0.01012	0.01054	0.00590	0.00675	0.01012	0.01392	0.01856	0.04006	0.73979	0.04808	0.02277	0.00928	0.00295	0.00422	0.02066	0.00675	0.00590
23	0.01144	0.00817	0.01140	0.01308	0.01463	0.00813	0.01124	0.01459	0.01647	0.02145	0.03864	0.14413	0.04242	0.02033	0.00997	0.00331	0.00646	0.59080	0.00670	0.00662
24	0.01507	0.01292	0.01507	0.01077	0.01723	0.00969	0.00861	0.01830	0.01507	0.02369	0.01292	0.01507	0.01077	0.00538	0.00538	0.00108	0.00538	0.00431	0.00431	0.78898
25	0.01057	0.00705	0.00793	0.00793	0.00793	0.00705	0.00440	0.01057	0.01057	0.01409	0.02290	0.04757	0.02643	0.74454	0.03700	0.00705	0.00705	0.01057	0.00440	0.00440
26	0.00886	0.00633	0.00843	0.01012	0.01054	0.00590	0.00675	0.01012	0.01392	0.01856	0.04006	0.73979	0.04808	0.02277	0.00928	0.00295	0.00422	0.02066	0.00675	0.00590
27	0.01943	0.74891	0.03809	0.01244	0.01866	0.02876	0.01244	0.02177	0.01477	0.01710	0.01011	0.01166	0.00933	0.00622	0.00466	0.00155	0.00777	0.00389	0.00311	0.00933
28	0.01373	0.01292	0.02180	0.72707	0.05006	0.01615	0.02019	0.01857	0.01453	0.01857	0.01292	0.01938	0.00969	0.00727	0.00727	0.00242	0.00969	0.00646	0.00323	0.00807
29	0.01038	0.00779	0.01168	0.01168	0.01298	0.00909	0.00909	0.01298	0.01168	0.01687	0.01947	0.02856	0.01817	0.05452	0.71573	0.01168	0.01947	0.00779	0.00389	0.00649
30	0.01029	0.00743	0.00972	0.00914	0.01086	0.00686	0.00686	0.01372	0.02058	0.02915	0.69536	0.05430	0.06859	0.01486	0.00857	0.00229	0.00343	0.01315	0.00800	0.00686
31	0.01823	0.01888	0.05837	0.04250	0.64203	0.04649	0.02216	0.02262	0.01667	0.02347	0.01354	0.01767	0.01132	0.00654	0.00716	0.00215	0.00891	0.00635	0.00358	0.01135
32	0.01807	0.01574	0.01746	0.01714	0.07239	0.01802	0.01235	0.03734	0.63342	0.02988	0.02833	0.02640	0.02135	0.00960	0.00738	0.00244	0.00598	0.00808	0.00710	0.01151
33	0.01029	0.00743	0.00972	0.00914	0.01086	0.00686	0.00686	0.01372	0.02058	0.02915	0.69536	0.05430	0.06859	0.01486	0.00857	0.00229	0.00343	0.01315	0.00800	0.00686
34	0.01507	0.01292	0.01507	0.01077	0.01723	0.00969	0.00861	0.01830	0.01507	0.02369	0.01292	0.01507	0.01077	0.00538	0.00538	0.00108	0.00538	0.00431	0.00431	0.78898
35	0.00886	0.00633	0.00843	0.01012	0.01054	0.00590	0.00675	0.01012	0.01392	0.01856	0.04006	0.73979	0.04808	0.02277	0.00928	0.00295	0.00422	0.02066	0.00675	0.00590
36	0.03261	0.01237	0.01687	0.01293	0.01856	0.01068	0.01068	0.03543	0.02081	0.70423	0.02868	0.02474	0.01799	0.00900	0.00731	0.00225	0.00619	0.00731	0.00900	0.01237
37	0.03188	0.01339	0.04488	0.01325	0.01908	0.01094	0.01134	0.03492	0.02058	0.67657	0.02804	0.02436	0.01764	0.00891	0.00729	0.00225	0.00637	0.00723	0.00876	0.01230
38	0.01641	0.02495	0.24216	0.02807	0.05580	0.01790	0.45911	0.02318	0.01659	0.02322	0.01418	0.01828	0.01050	0.00637	0.00803	0.00240	0.01169	0.00755	0.00349	0.01014
39	0.01249	0.00908	0.01164	0.01247	0.01460	0.00912	0.01048	0.01754	0.09461	0.04275	0.06328	0.09899	0.12579	0.01829	0.00938	0.00304	0.00596	0.42626	0.00690	0.00732
40	0.00886	0.00633	0.00843	0.01012	0.01054	0.00590	0.00675	0.01012	0.01392	0.01856	0.04006	0.73979	0.04808	0.02277	0.00928	0.00295	0.00422	0.02066	0.00675	0.00590
41	0.01943	0.74891	0.03809	0.01244	0.01866	0.02876	0.01244	0.02177	0.01477	0.01710	0.01011	0.01166	0.00933	0.00622	0.00466	0.00155	0.00777	0.00389	0.00311	0.00933
42	0.01023	0.00743	0.00964	0.00908	0.01082	0.00683	0.00681	0.01361	0.02044	0.02883	0.67421	0.05483	0.08994	0.01498	0.00857	0.00229	0.00344	0.01322	0.00796	0.00683
43	0.01373	0.01292	0.02180	0.72707	0.05006	0.01615	0.02019	0.01857	0.01453	0.01857	0.01292	0.01938	0.00969	0.00727	0.00727	0.00242	0.00969	0.00646	0.00323	0.00807
44	0.01443	0.01364	0.02308	0.61409	0.15752	0.01634	0.02054	0.01919	0.01487	0.01943	0.01304	0.01915	0.00999	0.00714	0.00726	0.00238	0.00952	0.00646	0.00329	0.00864
45	0.05530	0.04818	0.02030	0.01720	0.02038	0.36183	0.01354	0.11588	0.01927	0.02220	0.01257	0.01575	0.01067	0.01346	0.08337	0.00319	0.14852	0.00553	0.00416	0.00870
46	0.01716	0.01961	0.04289	0.03064	0.03799	0.01838	0.67279	0.02328	0.01716	0.02328	0.01471	0.01961	0.01103	0.00613	0.00858	0.00245	0.01225	0.00858	0.00368	0.00980
47	0.01799	0.01727	0.02950	0.04462	0.69919	0.01727	0.02231	0.02231	0.01655	0.02375	0.01367	0.01799	0.01151	0.00648	0.00720	0.00216	0.00864	0.00648	0.00360	0.01151
48	0.00916	0.00674	0.00903	0.01051	0.01091	0.00661	0.00714	0.01044	0.01380	0.01851	0.03875	0.70854	0.04641	0.02234	0.00991	0.00296	0.03560	0.02005	0.00659	0.00599
49	0.01484	0.03575	0.63874	0.02174	0.03213	0.01704	0.09314	0.02305	0.01553	0.02305	0.01322	0.01578	0.00939	0.00683	0.00708	0.00232	0.01090	0.00570	0.00313	0.01065
50	0.01151	0.00830	0.01142	0.01299	0.01471	0.00822	0.01130	0.01475	0.01672	0.02161	0.04082	0.08120	0.08529	0.01997	0.00994	0.00329	0.00649	0.60811	0.00670	0.00666
51	0.01014	0.00742	0.00950	0.00898	0.01077	0.00679	0.00674	0.01342	0.02022	0.02829	0.63944	0.05571	0.12504	0.01518	0.00857	0.00230	0.00345	0.01334	0.00789	0.00679
52	0.01728	0.04697	0.18061	0.03819	0.52712	0.01758	0.02298	0.02245	0.01622	0.02336	0.01341	0.01718	0.01093	0.00656	0.00704	0.00217	0.00908	0.00614	0.00346	0.01127
53	0.01536	0.03374	0.59401	0.02062	0.03046	0.01627	0.07499	0.02315	0.01596	0.05273	0.04511	0.01787	0.01245	0.00730	0.00713	0.00231	0.01033	0.00606	0.00360	0.01056
54	0.00886	0.00633	0.00843	0.01012	0.01054	0.00590	0.00675	0.01012	0.01392	0.01856	0.04006	0.73979	0.04808	0.02277	0.00928	0.00295	0.00422	0.02066	0.00675	0.00590
55	0.01991	0.02121	0.02771	0.06358	0.49192	0.17837	0.04673	0.02376	0.01743	0.02216	0.01312	0.01698	0.01093	0.00673	0.00711	0.00211	0.00985	0.00615	0.00362	0.01060
56	0.01509	0.01111	0.01359	0.11538	0.01934	0.01170	0.01015	0.04907	0.17689	0.09111	0.13538	0.07772	0.18532	0.04448	0.00919	0.00262	0.00561	0.01095	0.00672	0.00859
57	0.01483	0.07500	0.67171	0.02028	0.03079	0.01751	0.02610	0.02295	0.01532	0.02271	0.01289	0.01515	0.00921	0.00687	0.00679	0.00226	0.01059	0.00529	0.00307	0.01067
58	0.01687	0.01652	0.02953	0.24379	0.35818	0.01732	0.14578	0.04236	0.01663	0.02283	0.01377	0.01870	0.01091	0.00672	0.00748	0.00229	0.00962	0.00688	0.00362	0.01019
59	0.11049	0.01440	0.06687	0.01315	0.01904	0.01172	0.01158	0.03306	0.01953	0.58454	0.02560	0.02271	0.01630	0.00861	0.00699	0.00225	0.00646	0.00682	0.00809	0.01178
60	0.01395	0.01315	0.02221	0.69119	0.08419	0.01621	0.02030	0.01877	0.01464	0.01884	0.01296	0.01931	0.00979	0.00723	0.00726	0.00241	0.00963	0.00646	0.00325	0.00826
61	0.01029	0.00735	0.00989	0.01007	0.01077	0.00796	0.00703	0.01175	0.01149	0.01598	0.02298	0.11120	0.02453	0.31782	0.37864	0.00897	0.01305	0.01023	0.00439	0.00562
62	0.01441	0.01632	0.09481	0.53750	0.09406	0.01664	0.06245	0.01957	0.01483	0.01968	0.01300	0.01877	0.00985	0.00727	0.00782	0.00242	0.03214	0.00648	0.00327	0.00871
63	0.00934	0.00653	0.00829	0.00950	0.00981	0.00623	0.00609	0.01025	0.01297	0.01730	0.03522	0.54457	0.04197	0.22633	0.01710	0.00411	0.00502	0.01782	0.00609	0.00548
64	0.01458	0.03760	0.70688	0.02072	0.03146	0.01688	0.02686	0.02302	0.01535	0.02302	0.01304	0.01535	0.00921	0.00691	0.00691	0.00230	0.01074	0.00537	0.00307	0.01074
65	0.01151	0.00872	0.03298	0.01011	0.01228	0.00750	0.00816	0.01507	0.02003	0.05648	0.57902	0.05458	0.06184	0.01488	0.00861	0.00239	0.00411	0.07680	0.00775	0.00720
66	0.01458	0.03760	0.70688	0.02072	0.03146	0.01688	0.02686	0.02302	0.01535	0.02302	0.01304	0.01535	0.00921	0.00691	0.00691	0.00230	0.01074	0.00537	0.00307	0.01074
67	0.00859	0.00736	0.00736	0.00736	0.00982	0.00614	0.00552	0.01043	0.01657	0.01964	0.07364	0.06996	0.69624	0.01841	0.00859	0.00245	0.00368	0.01534	0.00675	0.00614
68	0.79588	0.01406	0.01068	0.00956	0.01406	0.01631	0.00787	0.02137	0.01237	0.03261	0.01012	0.01181	0.00787	0.00675	0.00450	0.00225	0.00562	0.00394	0.00450	0.00787
69	0.01799	0.01727	0.02950	0.04462	0.69919	0.01727	0.02231	0.02231	0.01655	0.02375	0.01367	0.01799	0.01151	0.00648	0.00720	0.00216	0.00864	0.00648	0.00360	0.01151
70	0.02755	0.01988	0.02145	0.01651	0.02227	0.02191	0.01362	0.62899	0.05327	0.07292	0.01829	0.01805	0.01289	0.00877	0.00728	0.00219	0.00786	0.00663	0.00735	0.01234
71	0.01507	0.01292	0.01507	0.01077	0.01723	0.00969	0.00861	0.01830	0.01507	0.02369	0.01292	0.01507	0.01077	0.00538	0.00538	0.00108	0.00538	0.00431	0.00431	0.78898
72	0.01507	0.01292	0.01507	0.01077	0.01723	0.00969	0.00861	0.01830	0.01507	0.02369	0.01292	0.01507	0.01077	0.00538	0.00538	0.00108	0.00538	0.00431	0.00431	0.78898
73	0.00885	0.00637	0.00839	0.01002	0.01052	0.00591	0.00670	0.01013	0.01402	0.01860	0.04134	0.71437	0.07268	0.02261	0.00925	0.00293	0.00420	0.02046	0.00675	0.00591
74	0.02763	0.02036	0.02182	0.01672	0.02254	0.02254	0.01382	0.67496	0.03418	0.04581	0.01745	0.01745	0.01236	0.00873	0.00727	0.00218	0.00800	0.00654	0.00727	0.01236
75	0.01813	0.55796	0.21763	0.01466	0.02209	0.02557	0.01631	0.02210	0.01492	0.01869	0.01089	0.01265	0.00930	0.00640	0.00527	0.00176	0.00857	0.00429	0.00310	0.00971
76	0.04534	0.24161	0.35228	0.02162	0.13315	0.04650	0.02074	0.02270	0.01546	0.02156	0.01211	0.01448	0.00957	0.00665	0.00620	0.00204	0.00944	0.00504	0.00324	0.01026
77	0.01481	0.09884	0.61585	0.01946	0.02938	0.01747	0.02467	0.02248	0.01554	0.02278	0.04424	0.01682	0.01196	0.00721	0.00679	0.00224	0.01014	0.00560	0.00330	0.01044
78	0.01069	0.00746	0.00968	0.01029	0.01161	0.00708	0.00749	0.01367	0.04466	0.04499	0.24075	0.39694	0.07525	0.01898	0.00896	0.00272	0.00430	0.07055	0.00723	0.00672
79	0.01252	0.00746	0.01100	0.01074	0.01094	0.00826	0.00766	0.01077	0.01008	0.01388	0.01411	0.04342	0.01415	0.02814	0.12557	0.57788	0.07893	0.00695	0.00337	0.00418
80	0.01129	0.00632	0.00910	0.00970	0.00985	0.00617	0.00647	0.00970	0.01105	0.01473	0.02238	0.27731	0.02523	0.02437	0.02161	0.50916	0.00557	0.01142	0.00443	0.00413
81	0.01458	0.03760	0.70688	0.02072	0.03146	0.01688	0.02686	0.02302	0.01535	0.02302	0.01304	0.01535	0.00921	0.00691	0.00691	0.00230	0.01074	0.00537	0.00307	0.01074
82	0.00910	0.00650	0.00872	0.01040	0.01093	0.00612	0.00718	0.01055	0.01416	0.01883	0.03993	0.68277	0.04754	0.02254	0.00934	0.00299	0.00443	0.07524	0.00674	0.00597
83	0.01373	0.01292	0.02180	0.72707	0.05006	0.01615	0.02019	0.01857	0.01453	0.01857	0.01292	0.01938	0.00969	0.00727	0.00727	0.00242	0.00969	0.00646	0.00323	0.00807
84	0.13006	0.04980	0.02122	0.04612	0.01972	0.04735	0.01468	0.01873	0.01197	0.01973	0.00985	0.01515	0.00929	0.01114	0.01884	0.00289	0.53622	0.00584	0.00339	0.00803
85	0.01784	0.01712	0.02923	0.06881	0.67618	0.01723	0.02223	0.02218	0.01648	0.02356	0.01365	0.01804	0.01145	0.00650	0.00720	0.00217	0.00867	0.00648	0.00359	0.01139
86	0.03261	0.01237	0.01687	0.01293	0.01856	0.01068	0.01068	0.03543	0.02081	0.70423	0.02868	0.02474	0.01799	0.00900	0.00731	0.00225	0.00619	0.00731	0.00900	0.01237
87	0.00886	0.00633	0.00843	0.01012	0.01054	0.00590	0.00675	0.01012	0.01392	0.01856	0.04006	0.73979	0.04808	0.02277	0.00928	0.00295	0.00422	0.02066	0.00675	0.00590
88	0.01482	0.08493	0.59902	0.01932	0.02904	0.01723	0.02425	0.02300	0.03936	0.02319	0.04930	0.01755	0.01280	0.00738	0.00685	0.00225	0.00997	0.00578	0.00348	0.01047
89	0.00886	0.00633	0.00843	0.01012	0.01054	0.00590	0.00675	0.01012	0.01392	0.01856	0.04006	0.73979	0.04808	0.02277	0.00928	0.00295	0.00422	0.02066	0.00675	0.00590
90	0.01373	0.01292	0.02180	0.72707	0.05006	0.01615	0.02019	0.01857	0.01453	0.01857	0.01292	0.01938	0.00969	0.00727	0.00727	0.00242	0.00969	0.00646	0.00323	0.00807
91	0.01844	0.60308	0.17521	0.01414	0.02128	0.02633	0.01539	0.02202	0.01489	0.01832	0.01071	0.01242	0.00930	0.00636	0.00512	0.00171	0.00838	0.00419	0.00310	0.00962
92	0.01458	0.03760	0.70688	0.02072	0.03146	0.01688	0.02686	0.02302	0.01535	0.02302	0.01304	0.01535	0.00921	0.00691	0.00691	0.00230	0.01074	0.00537	0.00307	0.01074
93	0.01259	0.00711	0.01073	0.08988	0.01391	0.00747	0.00772	0.01058	0.01012	0.01341	0.01345	0.02375	0.01336	0.07863	0.02670	0.64012	0.00675	0.00666	0.00326	0.00380
94	0.01373	0.01292	0.02180	0.72707	0.05006	0.01615	0.02019	0.01857	0.01453	0.01857	0.01292	0.01938	0.00969	0.00727	0.00727	0.00242	0.00969	0.00646	0.00323	0.00807
95	0.00918	0.00678	0.00953	0.01071	0.01134	0.00635	0.02823	0.01056	0.01391	0.01856	0.03865	0.69266	0.04613	0.04707	0.01021	0.00308	0.00457	0.01993	0.00657	0.00598
96	0.01450	0.03553	0.65141	0.01996	0.03011	0.01652	0.02540	0.02320	0.04348	0.02320	0.01604	0.01791	0.03583	0.00747	0.00699	0.00231	0.01027	0.00587	0.00339	0.01060
97	0.02715	0.03464	0.02060	0.01873	0.02247	0.71536	0.01404	0.02903	0.02060	0.01779	0.01124	0.01311	0.00936	0.00749	0.00655	0.00187	0.01311	0.00468	0.00375	0.00843
98	0.01373	0.01292	0.02180	0.72707	0.05006	0.01615	0.02019	0.01857	0.01453	0.01857	0.01292	0.01938	0.00969	0.00727	0.00727	0.00242	0.00969	0.00646	0.00323	0.00807
99	0.01656	0.01554	0.02574	0.26736	0.43029	0.01663	0.02058	0.04535	0.01656	0.02270	0.01608	0.02061	0.03962	0.00732	0.00728	0.00226	0.00875	0.00684	0.00375	0.01019
100	0.03261	0.01237	0.01687	0.01293	0.01856	0.01068	0.01068	0.03543	0.02081	0.70423	0.02868	0.02474	0.01799	0.00900	0.00731	0.00225	0.00619	0.00731	0.00900	0.01237
