[name]
unknown

[dist]
# distance from previous block
# <min> <max>
0	32

[block]
# block no. 0 follows, 28 sequences, length 15
# corresponding to MSA columns:
# 32-46
name=unknown_A
#
# <colnr> <probs for GDERKNQSTAVLIFYWHMCP>
#	G	D	E	R	K	N	Q	S	T	A	V	L	I	F	Y	W	H	M	C	P
0	0.05454	0.10983	0.33316	0.01752	0.02467	0.05675	0.06071	0.02205	0.01639	0.05784	0.06483	0.02725	0.01838	0.00928	0.00718	0.00234	0.00908	0.09434	0.00437	0.00950
1	0.02043	0.02272	0.28497	0.01757	0.02495	0.01392	0.08658	0.05476	0.01789	0.23016	0.02059	0.08406	0.01582	0.00886	0.00733	0.00227	0.00843	0.00766	0.00554	0.06549
2	0.04856	0.03063	0.48460	0.02200	0.07673	0.01668	0.08332	0.02463	0.05362	0.06930	0.01510	0.01707	0.01080	0.00710	0.00704	0.00231	0.00994	0.00598	0.00386	0.01074
3	0.01719	0.07248	0.22117	0.04050	0.02566	0.01680	0.12050	0.03870	0.01638	0.09130	0.06390	0.02414	0.01694	0.00932	0.01004	0.00244	0.12379	0.04967	0.00452	0.03455
4	0.19030	0.01862	0.14148	0.03161	0.02223	0.05450	0.12704	0.02158	0.01577	0.07991	0.04508	0.09264	0.01709	0.00893	0.00678	0.00225	0.00785	0.00767	0.05963	0.04901
5	0.07986	0.02169	0.10550	0.08078	0.10556	0.14119	0.01580	0.11543	0.13119	0.07451	0.01730	0.01881	0.01304	0.00982	0.03601	0.00261	0.00926	0.00624	0.00512	0.01026
6	0.01132	0.00734	0.00981	0.01073	0.01190	0.00692	0.00791	0.01333	0.01566	0.06607	0.12582	0.42601	0.04632	0.06090	0.01077	0.00313	0.00491	0.14769	0.00692	0.00654
7	0.06097	0.05291	0.43854	0.02224	0.11468	0.05832	0.02235	0.06739	0.05140	0.02507	0.01391	0.01599	0.01032	0.00713	0.00677	0.00223	0.00979	0.00557	0.00376	0.01065
8	0.06510	0.06134	0.02116	0.09600	0.04367	0.08462	0.01413	0.27604	0.12948	0.03174	0.01730	0.01981	0.01348	0.00894	0.00833	0.00230	0.06653	0.02394	0.00567	0.01042
9	0.01019	0.00689	0.00804	0.00841	0.00851	0.00679	0.00492	0.01047	0.01131	0.01508	0.02670	0.20091	0.03122	0.58466	0.03086	0.00614	0.00642	0.01281	0.00492	0.00474
10	0.00909	0.00649	0.00870	0.01039	0.01091	0.00610	0.00715	0.01052	0.01414	0.01881	0.03994	0.68669	0.04757	0.02256	0.00934	0.00298	0.00442	0.07149	0.00674	0.00597
11	0.06277	0.07625	0.06214	0.16570	0.33576	0.01782	0.06277	0.02307	0.05919	0.04488	0.01458	0.01816	0.01152	0.00692	0.00694	0.00222	0.00868	0.00634	0.00394	0.01034
12	0.01263	0.00631	0.00947	0.00947	0.00947	0.00631	0.00631	0.00947	0.00947	0.01263	0.01263	0.02210	0.01263	0.02525	0.02841	0.78851	0.00631	0.00631	0.00316	0.00316
13	0.03219	0.01305	0.01729	0.01325	0.01889	0.01169	0.01095	0.08969	0.02194	0.64836	0.02773	0.02412	0.01752	0.00897	0.00731	0.00224	0.00634	0.00724	0.00885	0.01237
14	0.02857	0.01325	0.01663	0.01324	0.01840	0.01270	0.01078	0.07821	0.14831	0.49820	0.02785	0.02482	0.01845	0.00912	0.00721	0.00226	0.00609	0.00741	0.04658	0.01193

[dist]
# distance from previous block
# <min> <max>
0	1

[block]
# block no. 1 follows, 28 sequences, length 8
# corresponding to MSA columns:
# 48-55
name=unknown_B
#
# <colnr> <probs for GDERKNQSTAVLIFYWHMCP>
#	G	D	E	R	K	N	Q	S	T	A	V	L	I	F	Y	W	H	M	C	P
0	0.04632	0.11001	0.31421	0.02443	0.16460	0.01791	0.09867	0.02272	0.04198	0.02356	0.05662	0.01875	0.01411	0.00726	0.00694	0.00221	0.00930	0.00635	0.00379	0.01030
1	0.00983	0.00758	0.01058	0.01109	0.01209	0.00762	0.02908	0.01155	0.01376	0.01839	0.03723	0.43724	0.10596	0.07173	0.12051	0.00452	0.03412	0.04502	0.00592	0.00616
2	0.79588	0.01406	0.01068	0.00956	0.01406	0.01631	0.00787	0.02137	0.01237	0.03261	0.01012	0.01181	0.00787	0.00675	0.00450	0.00225	0.00562	0.00394	0.00450	0.00787
3	0.00893	0.00732	0.00788	0.00786	0.01006	0.00626	0.00585	0.01104	0.01719	0.02140	0.19080	0.10504	0.53919	0.01798	0.00863	0.00245	0.00366	0.01522	0.00699	0.00626
4	0.02444	0.02244	0.12685	0.01710	0.02347	0.02112	0.01554	0.49586	0.11170	0.04039	0.01827	0.01832	0.01309	0.00859	0.00723	0.00224	0.00815	0.00657	0.00664	0.01201
5	0.01802	0.63451	0.03371	0.01193	0.01745	0.02538	0.01158	0.02052	0.01567	0.01896	0.11584	0.01824	0.01847	0.00755	0.00527	0.00167	0.00710	0.00532	0.00386	0.00895
6	0.02593	0.01855	0.02009	0.01569	0.02092	0.02036	0.01274	0.54605	0.07273	0.07870	0.01928	0.02088	0.01442	0.06789	0.00967	0.00259	0.00768	0.00702	0.00714	0.01167
7	0.01519	0.01671	0.12175	0.01492	0.06142	0.01291	0.01248	0.06337	0.14185	0.02513	0.02704	0.04889	0.12162	0.03591	0.00798	0.00215	0.00641	0.00792	0.00530	0.25106

[dist]
# distance from previous block
# <min> <max>
0	19

[block]
# block no. 2 follows, 28 sequences, length 12
# corresponding to MSA columns:
# 75-86
name=unknown_C
#
# <colnr> <probs for GDERKNQSTAVLIFYWHMCP>
#	G	D	E	R	K	N	Q	S	T	A	V	L	I	F	Y	W	H	M	C	P
0	0.02546	0.01885	0.02013	0.01582	0.02114	0.02092	0.01294	0.54857	0.11822	0.04257	0.01945	0.01935	0.01406	0.00886	0.00714	0.00219	0.00740	0.00678	0.05827	0.01188
1	0.00899	0.00643	0.00856	0.01003	0.01057	0.00599	0.00676	0.01046	0.01454	0.01955	0.10170	0.67532	0.05001	0.02203	0.00921	0.00289	0.00414	0.01996	0.00687	0.00599
2	0.09004	0.04320	0.01491	0.01252	0.03708	0.01466	0.00951	0.21222	0.08604	0.03204	0.08775	0.02636	0.02120	0.06997	0.00894	0.00248	0.00584	0.00741	0.20880	0.00905
3	0.01001	0.00732	0.00940	0.00909	0.01074	0.00671	0.00674	0.01311	0.01962	0.02736	0.58198	0.12008	0.11890	0.01590	0.00864	0.00236	0.00352	0.01404	0.00778	0.00671
4	0.02919	0.01787	0.02027	0.01554	0.02130	0.01884	0.01284	0.47526	0.03000	0.25141	0.02096	0.01973	0.01412	0.00881	0.00728	0.00220	0.00743	0.00678	0.00781	0.01236
5	0.01584	0.16083	0.01939	0.01340	0.01593	0.10592	0.01095	0.01898	0.05147	0.01850	0.01816	0.02383	0.04218	0.06923	0.20919	0.00515	0.13140	0.00682	0.05514	0.00770
6	0.01057	0.00705	0.00793	0.00793	0.00793	0.00705	0.00440	0.01057	0.01057	0.01409	0.02290	0.04757	0.02643	0.74454	0.03700	0.00705	0.00705	0.01057	0.00440	0.00440
7	0.01513	0.01313	0.01558	0.01136	0.01736	0.01058	0.00913	0.01825	0.01479	0.02325	0.01268	0.01513	0.01068	0.00590	0.00669	0.00123	0.05676	0.00445	0.00423	0.73370
8	0.12285	0.19952	0.10359	0.01637	0.06554	0.05166	0.01387	0.04629	0.01497	0.02191	0.01635	0.14447	0.01639	0.01057	0.00918	0.00233	0.12343	0.00781	0.00419	0.00869
9	0.03189	0.01353	0.01759	0.01348	0.01914	0.01241	0.01114	0.12835	0.02275	0.60856	0.02705	0.02368	0.01718	0.00896	0.00730	0.00224	0.00645	0.00720	0.00875	0.01237
10	0.79588	0.01406	0.01068	0.00956	0.01406	0.01631	0.00787	0.02137	0.01237	0.03261	0.01012	0.01181	0.00787	0.00675	0.00450	0.00225	0.00562	0.00394	0.00450	0.00787
11	0.79588	0.01406	0.01068	0.00956	0.01406	0.01631	0.00787	0.02137	0.01237	0.03261	0.01012	0.01181	0.00787	0.00675	0.00450	0.00225	0.00562	0.00394	0.00450	0.00787

[dist]
# distance from previous block
# <min> <max>
0	5

[block]
# block no. 3 follows, 28 sequences, length 29
# corresponding to MSA columns:
# 92-120
name=unknown_D
#
# <colnr> <probs for GDERKNQSTAVLIFYWHMCP>
#	G	D	E	R	K	N	Q	S	T	A	V	L	I	F	Y	W	H	M	C	P
0	0.01373	0.01292	0.02180	0.72707	0.05006	0.01615	0.02019	0.01857	0.01453	0.01857	0.01292	0.01938	0.00969	0.00727	0.00727	0.00242	0.00969	0.00646	0.00323	0.00807
1	0.79588	0.01406	0.01068	0.00956	0.01406	0.01631	0.00787	0.02137	0.01237	0.03261	0.01012	0.01181	0.00787	0.00675	0.00450	0.00225	0.00562	0.00394	0.00450	0.00787
2	0.00896	0.00641	0.00853	0.01005	0.01057	0.00597	0.00676	0.01038	0.01440	0.01932	0.08712	0.69057	0.04955	0.02221	0.00923	0.00290	0.00416	0.02012	0.00684	0.00597
3	0.42178	0.01299	0.01340	0.03538	0.01686	0.01357	0.00931	0.02678	0.01601	0.30505	0.01841	0.01805	0.01256	0.00776	0.00576	0.00223	0.00589	0.00553	0.04304	0.00966
4	0.03261	0.01237	0.01687	0.01293	0.01856	0.01068	0.01068	0.03543	0.02081	0.70423	0.02868	0.02474	0.01799	0.00900	0.00731	0.00225	0.00619	0.00731	0.00900	0.01237
5	0.01796	0.00907	0.01212	0.01053	0.01352	0.00812	0.00818	0.02102	0.02018	0.26349	0.41612	0.09323	0.04949	0.01339	0.00818	0.00232	0.00445	0.01165	0.00826	0.00871
6	0.01373	0.01292	0.02180	0.72707	0.05006	0.01615	0.02019	0.01857	0.01453	0.01857	0.01292	0.01938	0.00969	0.00727	0.00727	0.00242	0.00969	0.00646	0.00323	0.00807
7	0.01826	0.54768	0.13813	0.01458	0.02157	0.02501	0.05103	0.02179	0.01501	0.01882	0.01101	0.01291	0.00951	0.00626	0.00527	0.00168	0.00830	0.00440	0.00322	0.06556
8	0.00891	0.00666	0.00829	0.00939	0.01040	0.00604	0.00647	0.01050	0.01510	0.01970	0.10328	0.52406	0.20258	0.02108	0.00906	0.00278	0.00402	0.01878	0.00685	0.00604
9	0.01752	0.01714	0.04426	0.34520	0.16062	0.05626	0.04946	0.09649	0.09512	0.02428	0.01549	0.01934	0.01180	0.00753	0.00728	0.00232	0.00919	0.00664	0.00428	0.00977
10	0.01713	0.01858	0.08755	0.12686	0.53381	0.01714	0.04904	0.02195	0.01622	0.02302	0.01357	0.01800	0.01107	0.00660	0.00724	0.00222	0.00910	0.00647	0.00351	0.01095
11	0.79588	0.01406	0.01068	0.00956	0.01406	0.01631	0.00787	0.02137	0.01237	0.03261	0.01012	0.01181	0.00787	0.00675	0.00450	0.00225	0.00562	0.00394	0.00450	0.00787
12	0.01489	0.06500	0.64904	0.02086	0.03126	0.01742	0.05671	0.02298	0.01541	0.02280	0.01301	0.01540	0.00930	0.00684	0.00690	0.00228	0.01070	0.00546	0.00310	0.01064
13	0.00918	0.00667	0.00874	0.01028	0.01103	0.00623	0.00725	0.01075	0.01450	0.01904	0.04284	0.59992	0.10461	0.02206	0.00931	0.00296	0.00447	0.09740	0.00674	0.00602
14	0.00959	0.00755	0.00869	0.00867	0.01063	0.00680	0.00640	0.01261	0.04246	0.02328	0.28910	0.15783	0.35528	0.01745	0.00864	0.00247	0.00374	0.01505	0.00722	0.00656
15	0.00886	0.00633	0.00843	0.01012	0.01054	0.00590	0.00675	0.01012	0.01392	0.01856	0.04006	0.73979	0.04808	0.02277	0.00928	0.00295	0.00422	0.02066	0.00675	0.00590
16	0.01673	0.01548	0.02507	0.34300	0.34093	0.01715	0.02038	0.06353	0.04418	0.02316	0.01424	0.01894	0.01120	0.00711	0.00724	0.00229	0.00894	0.00654	0.00383	0.01005
17	0.01153	0.00770	0.01011	0.00936	0.01129	0.00707	0.00707	0.01492	0.02059	0.06665	0.65833	0.05266	0.06578	0.01453	0.00850	0.00228	0.00358	0.01282	0.00806	0.00716
18	0.01507	0.01292	0.01507	0.01077	0.01723	0.00969	0.00861	0.01830	0.01507	0.02369	0.01292	0.01507	0.01077	0.00538	0.00538	0.00108	0.00538	0.00431	0.00431	0.78898
19	0.01768	0.01856	0.05536	0.18074	0.48720	0.07065	0.02143	0.02209	0.01640	0.02221	0.01331	0.01779	0.01088	0.00673	0.00715	0.00220	0.00928	0.00629	0.00351	0.01054
20	0.14935	0.02142	0.04840	0.01692	0.04617	0.10066	0.01365	0.42088	0.05244	0.03814	0.01570	0.01635	0.01151	0.00815	0.00673	0.00217	0.00826	0.00592	0.00612	0.01106
21	0.02881	0.01146	0.01544	0.01214	0.01706	0.01000	0.00991	0.03173	0.02049	0.58407	0.11220	0.02858	0.02438	0.00971	0.00735	0.00222	0.00569	0.00802	0.04935	0.01139
22	0.00886	0.00633	0.00843	0.01012	0.01054	0.00590	0.00675	0.01012	0.01392	0.01856	0.04006	0.73979	0.04808	0.02277	0.00928	0.00295	0.00422	0.02066	0.00675	0.00590
23	0.01045	0.00764	0.00994	0.01119	0.01259	0.00733	0.00897	0.01281	0.01559	0.02007	0.04366	0.22273	0.15486	0.07795	0.01176	0.00340	0.00565	0.35062	0.00653	0.00624
24	0.01808	0.01561	0.01644	0.01479	0.01890	0.01808	0.01151	0.03863	0.68606	0.03041	0.02959	0.02712	0.02219	0.00986	0.00740	0.00247	0.00575	0.00822	0.00740	0.01151
25	0.01977	0.01633	0.01950	0.13562	0.07143	0.01856	0.01418	0.21309	0.32035	0.03229	0.04627	0.02345	0.01827	0.00906	0.00737	0.00235	0.00716	0.00751	0.00643	0.01101
26	0.01627	0.12324	0.34198	0.02382	0.05459	0.01917	0.24737	0.02272	0.01579	0.02216	0.01313	0.01645	0.00994	0.00674	0.00781	0.00228	0.03672	0.00636	0.00331	0.01016
27	0.02401	0.02002	0.01947	0.05285	0.02198	0.11927	0.01292	0.40433	0.10167	0.03567	0.01831	0.02054	0.01414	0.06143	0.00923	0.00251	0.00832	0.00676	0.03588	0.01070
28	0.00947	0.00681	0.00897	0.01016	0.01100	0.00639	0.00721	0.01131	0.01533	0.02057	0.14923	0.50207	0.07374	0.04581	0.01018	0.00301	0.00445	0.09131	0.00687	0.00611

[dist]
# distance from previous block
# <min> <max>
1	2

[block]
# block no. 4 follows, 28 sequences, length 10
# corresponding to MSA columns:
# 123-132
name=unknown_E
#
# <colnr> <probs for GDERKNQSTAVLIFYWHMCP>
#	G	D	E	R	K	N	Q	S	T	A	V	L	I	F	Y	W	H	M	C	P
0	0.02051	0.06291	0.10773	0.05833	0.33637	0.22483	0.01954	0.04494	0.01799	0.02205	0.01278	0.01594	0.01044	0.00692	0.00684	0.00207	0.01019	0.00568	0.00366	0.01028
1	0.01943	0.74891	0.03809	0.01244	0.01866	0.02876	0.01244	0.02177	0.01477	0.01710	0.01011	0.01166	0.00933	0.00622	0.00466	0.00155	0.00777	0.00389	0.00311	0.00933
2	0.10061	0.04863	0.24754	0.05742	0.06453	0.01752	0.17405	0.02119	0.01513	0.02321	0.04286	0.03660	0.01326	0.00814	0.00919	0.00243	0.09764	0.00689	0.00373	0.00943
3	0.01772	0.01473	0.02134	0.05428	0.34098	0.04031	0.01588	0.02278	0.07715	0.08844	0.06886	0.06338	0.05763	0.00953	0.00796	0.00227	0.03255	0.00837	0.04580	0.01006
4	0.00907	0.00642	0.00837	0.00984	0.01021	0.00605	0.00645	0.01018	0.01349	0.01799	0.03788	0.65174	0.04532	0.11459	0.01280	0.00347	0.00458	0.01938	0.00645	0.00571
5	0.02365	0.01709	0.01813	0.06218	0.02110	0.06839	0.01222	0.37205	0.02610	0.10252	0.01992	0.05793	0.01547	0.01092	0.03245	0.00250	0.00790	0.00730	0.11170	0.01048
6	0.01496	0.13301	0.01640	0.01140	0.01435	0.01355	0.00921	0.08807	0.04274	0.05846	0.09518	0.15394	0.17891	0.05655	0.01045	0.00267	0.05120	0.03492	0.00609	0.00793
7	0.02984	0.01275	0.01651	0.01283	0.01805	0.01168	0.01053	0.10918	0.02203	0.55375	0.05641	0.02533	0.01960	0.00919	0.00722	0.00221	0.00610	0.00744	0.05758	0.01177
8	0.01106	0.00748	0.00958	0.00934	0.01111	0.00680	0.00689	0.01383	0.01878	0.06386	0.45342	0.19159	0.13574	0.01653	0.00865	0.00244	0.00377	0.01458	0.00766	0.00689
9	0.02194	0.02429	0.02566	0.02833	0.25864	0.29811	0.09132	0.08095	0.01977	0.02300	0.01615	0.01878	0.04513	0.00764	0.00717	0.00209	0.01054	0.00645	0.00414	0.00988

[dist]
# distance from previous block
# <min> <max>
0	3

[block]
# block no. 5 follows, 28 sequences, length 82
# corresponding to MSA columns:
# 136-217
name=unknown_F
#
# <colnr> <probs for GDERKNQSTAVLIFYWHMCP>
#	G	D	E	R	K	N	Q	S	T	A	V	L	I	F	Y	W	H	M	C	P
0	0.01526	0.01483	0.02120	0.05838	0.05502	0.02004	0.01546	0.01716	0.01161	0.01767	0.01126	0.01857	0.01105	0.04919	0.07117	0.00386	0.57042	0.00667	0.00331	0.00787
1	0.08042	0.05133	0.01821	0.08756	0.02134	0.03799	0.03527	0.07687	0.06091	0.02469	0.01542	0.04519	0.01336	0.04569	0.00868	0.00209	0.04489	0.00615	0.00461	0.31932
2	0.02441	0.01734	0.01897	0.01499	0.01983	0.01906	0.01221	0.51525	0.02926	0.06101	0.01871	0.02062	0.01411	0.04057	0.07277	0.00319	0.00857	0.00685	0.07120	0.01107
3	0.00885	0.00636	0.00839	0.01002	0.01052	0.00591	0.00670	0.01013	0.01402	0.01860	0.04132	0.71468	0.07238	0.02261	0.00925	0.00293	0.00420	0.02047	0.00675	0.00591
4	0.02706	0.01980	0.02120	0.01632	0.02197	0.02190	0.01346	0.64799	0.03340	0.04504	0.01771	0.01785	0.01262	0.00872	0.00718	0.00216	0.00781	0.00655	0.03914	0.01213
5	0.02556	0.01853	0.02028	0.01540	0.02133	0.01949	0.01267	0.51715	0.02987	0.07796	0.01722	0.01741	0.01237	0.00812	0.00692	0.00198	0.00741	0.00617	0.00681	0.15732
6	0.01945	0.01479	0.01612	0.01409	0.01838	0.01637	0.01105	0.05981	0.51978	0.10831	0.05023	0.02845	0.04636	0.01004	0.00740	0.00238	0.00573	0.00833	0.00748	0.03544
7	0.01720	0.01950	0.04227	0.03129	0.06882	0.01833	0.64246	0.02324	0.01713	0.02331	0.01466	0.01953	0.01105	0.00614	0.00851	0.00244	0.01209	0.00848	0.00367	0.00988
8	0.01077	0.00918	0.01076	0.05438	0.04574	0.00884	0.00814	0.01544	0.09869	0.02257	0.15912	0.05676	0.44174	0.01557	0.00830	0.00241	0.00449	0.01317	0.00666	0.00727
9	0.00901	0.00641	0.00850	0.01011	0.01054	0.00602	0.00677	0.01028	0.01384	0.01843	0.03922	0.68965	0.04690	0.05635	0.01059	0.00315	0.00442	0.03730	0.00664	0.00586
10	0.05111	0.01441	0.01594	0.01347	0.01797	0.01540	0.01073	0.12945	0.31762	0.19274	0.03071	0.02851	0.08182	0.01011	0.00728	0.00233	0.00591	0.00820	0.03524	0.01104
11	0.01013	0.00741	0.00940	0.00891	0.01062	0.00679	0.00661	0.01324	0.01970	0.02748	0.60110	0.05557	0.13009	0.04928	0.00990	0.00253	0.00362	0.01325	0.00771	0.00667
12	0.07115	0.00860	0.00944	0.00843	0.01125	0.00835	0.00660	0.02164	0.01637	0.18858	0.02397	0.02550	0.01775	0.00848	0.00557	0.00186	0.00420	0.00671	0.54735	0.00818
13	0.00891	0.00635	0.00842	0.01005	0.01046	0.00594	0.00667	0.01014	0.01381	0.01841	0.03949	0.71671	0.04736	0.04684	0.01020	0.00309	0.00431	0.02033	0.00667	0.00585
14	0.00886	0.00633	0.00843	0.01012	0.01054	0.00590	0.00675	0.01012	0.01392	0.01856	0.04006	0.73979	0.04808	0.02277	0.00928	0.00295	0.00422	0.02066	0.00675	0.00590
15	0.01810	0.01763	0.01525	0.01427	0.01678	0.25813	0.01096	0.02046	0.01557	0.07301	0.01732	0.02280	0.01505	0.03425	0.40827	0.00746	0.01615	0.00665	0.00426	0.00765
16	0.01458	0.03760	0.70688	0.02072	0.03146	0.01688	0.02686	0.02302	0.01535	0.02302	0.01304	0.01535	0.00921	0.00691	0.00691	0.00230	0.01074	0.00537	0.00307	0.01074
17	0.01155	0.00799	0.01053	0.01102	0.01291	0.00755	0.00902	0.01460	0.01799	0.05171	0.25841	0.10301	0.13506	0.01783	0.00922	0.00282	0.00508	0.29960	0.00723	0.00687
18	0.30585	0.02217	0.01696	0.01446	0.01903	0.23743	0.01148	0.21582	0.02145	0.03168	0.01302	0.01432	0.00997	0.00761	0.00598	0.00209	0.00861	0.00502	0.02771	0.00933
19	0.01799	0.01727	0.02950	0.04462	0.69919	0.01727	0.02231	0.02231	0.01655	0.02375	0.01367	0.01799	0.01151	0.00648	0.00720	0.00216	0.00864	0.00648	0.00360	0.01151
20	0.76959	0.01485	0.03412	0.00993	0.01464	0.01633	0.00851	0.02142	0.01247	0.03229	0.01022	0.01193	0.00792	0.00675	0.00458	0.00225	0.00580	0.00398	0.00445	0.00797
21	0.01881	0.01812	0.06636	0.04063	0.59379	0.01682	0.04207	0.02330	0.01680	0.07163	0.01473	0.01837	0.01183	0.00667	0.00723	0.00218	0.00869	0.00654	0.00395	0.01148
22	0.02295	0.01769	0.02041	0.07120	0.12260	0.05845	0.01419	0.30179	0.10560	0.08778	0.02025	0.02103	0.02882	0.00857	0.00710	0.00219	0.00766	0.00689	0.06378	0.01105
23	0.02763	0.02036	0.02182	0.01672	0.02254	0.02254	0.01382	0.67496	0.03418	0.04581	0.01745	0.01745	0.01236	0.00873	0.00727	0.00218	0.00800	0.00654	0.00727	0.01236
24	0.01452	0.01058	0.01521	0.27089	0.02591	0.01143	0.01185	0.04966	0.01412	0.05284	0.01684	0.05162	0.01563	0.15590	0.01716	0.15882	0.00759	0.00758	0.00418	0.08767
25	0.01263	0.00631	0.00947	0.00947	0.00947	0.00631	0.00631	0.00947	0.00947	0.01263	0.01263	0.02210	0.01263	0.02525	0.02841	0.78851	0.00631	0.00631	0.00316	0.00316
26	0.01225	0.00944	0.01350	0.01274	0.01328	0.01159	0.00977	0.01308	0.01104	0.01593	0.01636	0.04741	0.01637	0.09403	0.31079	0.17766	0.19740	0.00773	0.00368	0.00595
27	0.01573	0.01290	0.01514	0.01085	0.01728	0.00973	0.00869	0.01895	0.01529	0.04929	0.01351	0.01544	0.01104	0.00552	0.00546	0.00112	0.00541	0.00442	0.00448	0.75975
28	0.01038	0.00779	0.01168	0.01168	0.01298	0.00909	0.00909	0.01298	0.01168	0.01687	0.01947	0.02856	0.01817	0.05452	0.71573	0.01168	0.01947	0.00779	0.00389	0.00649
29	0.00894	0.00636	0.00841	0.01002	0.01042	0.00596	0.00664	0.01014	0.01376	0.01835	0.03926	0.70752	0.04707	0.05643	0.01057	0.00314	0.00435	0.02019	0.00664	0.00583
30	0.01392	0.01181	0.01802	0.02432	0.27605	0.01180	0.01439	0.01820	0.05124	0.02315	0.09767	0.10278	0.05524	0.03834	0.00946	0.00280	0.00676	0.20979	0.00561	0.00865
31	0.01728	0.01876	0.02775	0.02217	0.02482	0.09837	0.21247	0.02025	0.01411	0.01930	0.01243	0.04394	0.01142	0.01053	0.01678	0.00281	0.40743	0.00738	0.00353	0.00848
32	0.00934	0.00662	0.00820	0.00925	0.00972	0.00626	0.00596	0.01028	0.01316	0.01734	0.03785	0.48098	0.09606	0.23374	0.01734	0.00411	0.00500	0.01726	0.00606	0.00548
33	0.01507	0.01292	0.01507	0.01077	0.01723	0.00969	0.00861	0.01830	0.01507	0.02369	0.01292	0.01507	0.01077	0.00538	0.00538	0.00108	0.00538	0.00431	0.00431	0.78898
34	0.01483	0.01398	0.02345	0.59744	0.04599	0.01699	0.06984	0.05282	0.01556	0.02028	0.01310	0.01910	0.00992	0.00756	0.00829	0.00245	0.04985	0.00662	0.00347	0.00842
35	0.02542	0.12060	0.02313	0.01576	0.02127	0.05839	0.01318	0.49157	0.06627	0.03885	0.01703	0.01733	0.01257	0.00837	0.00680	0.00208	0.00793	0.00618	0.03578	0.01148
36	0.01038	0.00779	0.01168	0.01168	0.01298	0.00909	0.00909	0.01298	0.01168	0.01687	0.01947	0.02856	0.01817	0.05452	0.71573	0.01168	0.01947	0.00779	0.00389	0.00649
37	0.04511	0.51509	0.11625	0.01392	0.02025	0.02529	0.01414	0.08789	0.01652	0.02127	0.01159	0.01350	0.00994	0.00871	0.03480	0.00219	0.02576	0.00456	0.00361	0.00961
38	0.01203	0.01014	0.01079	0.01042	0.01316	0.01035	0.00785	0.02046	0.25306	0.02358	0.07226	0.14653	0.34968	0.01588	0.00826	0.00252	0.00448	0.01349	0.00702	0.00802
39	0.00955	0.00689	0.00890	0.01027	0.01097	0.00654	0.00697	0.03506	0.01477	0.01962	0.04041	0.68888	0.06979	0.02209	0.00918	0.00291	0.00434	0.01995	0.00677	0.00615
40	0.03121	0.01310	0.01720	0.01315	0.01883	0.01167	0.01084	0.09054	0.02166	0.60902	0.02683	0.02357	0.01710	0.00877	0.00720	0.00218	0.00630	0.00708	0.00859	0.05516
41	0.02060	0.17534	0.02165	0.01440	0.01911	0.04124	0.01206	0.12058	0.31856	0.08240	0.02379	0.02650	0.01898	0.00965	0.00698	0.00227	0.00685	0.06193	0.00640	0.01071
42	0.01057	0.00705	0.00793	0.00793	0.00793	0.00705	0.00440	0.01057	0.01057	0.01409	0.02290	0.04757	0.02643	0.74454	0.03700	0.00705	0.00705	0.01057	0.00440	0.00440
43	0.57478	0.09202	0.01552	0.05037	0.01759	0.04383	0.00979	0.08001	0.01499	0.03086	0.01097	0.01276	0.00858	0.00693	0.00499	0.00217	0.00656	0.00433	0.00450	0.00846
44	0.01624	0.02778	0.35992	0.02670	0.17616	0.04011	0.13661	0.02270	0.01608	0.02311	0.01340	0.01657	0.01017	0.00656	0.00712	0.00217	0.01016	0.00605	0.00342	0.07898
45	0.01045	0.00700	0.00796	0.00809	0.00812	0.00696	0.00457	0.01054	0.01081	0.01442	0.02414	0.09743	0.02799	0.69255	0.03500	0.00675	0.00684	0.01130	0.00457	0.00451
46	0.01557	0.03621	0.66885	0.02029	0.03075	0.01654	0.02597	0.02370	0.01565	0.06056	0.01391	0.01586	0.00969	0.00702	0.00693	0.00230	0.01049	0.00548	0.00340	0.01083
47	0.01505	0.01384	0.02071	0.02866	0.38498	0.01381	0.01550	0.02082	0.10616	0.02383	0.06949	0.03519	0.20030	0.01060	0.00767	0.00229	0.00663	0.00946	0.00520	0.00981
48	0.01724	0.01943	0.03991	0.08503	0.07162	0.03925	0.56958	0.02304	0.01703	0.02278	0.01441	0.01931	0.01090	0.00627	0.00835	0.00242	0.01190	0.00819	0.00364	0.00971
49	0.03193	0.01347	0.01755	0.01345	0.01910	0.01231	0.01111	0.12314	0.02264	0.61392	0.02714	0.02374	0.01722	0.00896	0.00730	0.00224	0.00643	0.00720	0.00876	0.01237
50	0.00895	0.00637	0.00841	0.01000	0.01040	0.00597	0.00662	0.01015	0.01373	0.01831	0.03912	0.70165	0.04688	0.06254	0.01081	0.00318	0.00437	0.02011	0.00662	0.00582
51	0.01632	0.01827	0.03943	0.02858	0.03523	0.01713	0.60591	0.02196	0.01683	0.02281	0.01725	0.09193	0.01475	0.00780	0.00865	0.00250	0.01145	0.00979	0.00398	0.00941
52	0.01016	0.00746	0.00958	0.00941	0.01114	0.00688	0.00718	0.01328	0.01938	0.02675	0.52283	0.09436	0.13820	0.01621	0.00876	0.00245	0.00383	0.07778	0.00766	0.00671
53	0.01807	0.52890	0.15077	0.01410	0.02063	0.02446	0.01490	0.04143	0.01566	0.01948	0.01369	0.01954	0.01267	0.00781	0.00567	0.00188	0.00819	0.06914	0.00359	0.00940
54	0.01743	0.52012	0.08980	0.01288	0.01889	0.02334	0.01287	0.02041	0.01446	0.01824	0.01183	0.01446	0.01058	0.01231	0.09499	0.00285	0.00927	0.00455	0.00333	0.08739
55	0.03038	0.01191	0.01635	0.01281	0.01800	0.01052	0.01052	0.03317	0.01989	0.63520	0.02775	0.02512	0.01801	0.01357	0.07845	0.00320	0.00752	0.00736	0.00848	0.01178
56	0.08823	0.00809	0.00850	0.00829	0.01072	0.00744	0.00635	0.01259	0.01724	0.02361	0.23509	0.06030	0.43234	0.01633	0.00823	0.00242	0.00392	0.03692	0.00686	0.00653
57	0.01225	0.00631	0.00937	0.00954	0.00958	0.00627	0.00636	0.00954	0.00992	0.01322	0.01538	0.09417	0.01619	0.02500	0.02649	0.70962	0.00610	0.00775	0.00352	0.00343
58	0.02539	0.01205	0.01584	0.01285	0.01710	0.01167	0.01045	0.02953	0.07414	0.45174	0.10263	0.03089	0.07751	0.01083	0.00922	0.00238	0.07846	0.00857	0.00799	0.01076
59	0.02617	0.01397	0.01799	0.01675	0.08703	0.01388	0.01213	0.03520	0.24830	0.40503	0.02748	0.02488	0.01878	0.00904	0.00733	0.00231	0.00628	0.00754	0.00791	0.01199
60	0.01536	0.05576	0.44625	0.09463	0.07095	0.01755	0.15258	0.02254	0.01567	0.02246	0.01329	0.01661	0.00975	0.00674	0.00721	0.00231	0.01071	0.00612	0.00324	0.01028
61	0.01681	0.01590	0.02691	0.08336	0.58988	0.01606	0.02061	0.02085	0.01616	0.02291	0.01628	0.09057	0.01507	0.00816	0.00741	0.00225	0.00826	0.00790	0.00389	0.01074
62	0.02911	0.01152	0.01566	0.01246	0.01737	0.01001	0.01010	0.03180	0.02010	0.60151	0.06326	0.09803	0.02355	0.01067	0.00757	0.00232	0.00585	0.00894	0.00872	0.01144
63	0.01369	0.01054	0.01280	0.12166	0.01885	0.01081	0.00973	0.09306	0.07035	0.05632	0.12048	0.10573	0.29889	0.01441	0.00814	0.00243	0.00541	0.01221	0.00656	0.00793
64	0.04839	0.01463	0.05274	0.06500	0.08817	0.01414	0.01287	0.18187	0.05143	0.13742	0.02368	0.18842	0.02152	0.01253	0.00879	0.04574	0.00686	0.00987	0.00624	0.00968
65	0.01690	0.01599	0.02707	0.06912	0.60343	0.01608	0.02066	0.02093	0.01620	0.02301	0.01629	0.09054	0.01511	0.00815	0.00741	0.00225	0.00824	0.00790	0.00390	0.01081
66	0.02838	0.01344	0.01785	0.01613	0.08656	0.01268	0.01179	0.10081	0.05577	0.47822	0.02564	0.02360	0.01701	0.00872	0.00713	0.00220	0.00638	0.00715	0.06873	0.01180
67	0.01554	0.02624	0.34401	0.15303	0.18314	0.01704	0.11357	0.02211	0.01572	0.02243	0.01339	0.01723	0.01005	0.00677	0.00726	0.00231	0.01030	0.00625	0.00330	0.01031
68	0.02115	0.01564	0.04581	0.01489	0.01922	0.01575	0.02981	0.31871	0.04214	0.10294	0.02323	0.08984	0.02043	0.05846	0.08151	0.00364	0.00863	0.07159	0.00657	0.01003
69	0.09367	0.12634	0.55130	0.01854	0.02807	0.01835	0.02310	0.02269	0.01497	0.02323	0.01237	0.01452	0.00909	0.00680	0.00638	0.00220	0.00985	0.00504	0.00322	0.01027
70	0.01260	0.00693	0.01046	0.05439	0.01255	0.00713	0.00772	0.01060	0.01051	0.01391	0.01524	0.02794	0.01538	0.02362	0.02525	0.66088	0.00656	0.07099	0.00352	0.00382
71	0.01805	0.02033	0.09399	0.07001	0.50217	0.08559	0.02131	0.02250	0.01675	0.02275	0.01458	0.02052	0.01251	0.00734	0.00725	0.00222	0.00924	0.03848	0.00370	0.01073
72	0.05238	0.03117	0.47725	0.02283	0.05230	0.01748	0.16200	0.05669	0.01660	0.02473	0.01351	0.01628	0.00977	0.00681	0.00718	0.00232	0.01062	0.00608	0.00350	0.01052
73	0.02665	0.01120	0.01503	0.01220	0.01671	0.00994	0.00979	0.03002	0.04374	0.51881	0.12129	0.10069	0.02810	0.01122	0.00768	0.00233	0.00559	0.00948	0.00858	0.01093
74	0.07645	0.01466	0.01571	0.08622	0.05099	0.09224	0.01176	0.05227	0.10240	0.02325	0.06741	0.05238	0.12637	0.04735	0.03288	0.00298	0.09022	0.04097	0.00531	0.00817
75	0.05496	0.01325	0.01774	0.01536	0.04412	0.01310	0.07556	0.09016	0.12822	0.13779	0.09220	0.13369	0.02606	0.01114	0.00758	0.00230	0.00631	0.02485	0.00659	0.09902
76	0.00931	0.00642	0.00821	0.00964	0.01030	0.00600	0.00652	0.01082	0.01419	0.01947	0.04016	0.63358	0.07864	0.02111	0.00882	0.00280	0.00411	0.01899	0.08489	0.00600
77	0.01157	0.00826	0.01155	0.01322	0.01483	0.00824	0.01146	0.01481	0.01659	0.02159	0.03857	0.11498	0.04215	0.02022	0.01000	0.00333	0.00657	0.61869	0.00670	0.00665
78	0.01811	0.02710	0.27883	0.02680	0.18961	0.11337	0.09011	0.02344	0.01622	0.04285	0.01319	0.01648	0.01028	0.00755	0.00910	0.00233	0.09479	0.00606	0.00355	0.01024
79	0.01684	0.15484	0.42587	0.01953	0.02830	0.01927	0.09171	0.08796	0.01753	0.02455	0.03875	0.01684	0.01197	0.00719	0.00680	0.00218	0.00985	0.00587	0.00375	0.01042
80	0.01162	0.00839	0.01040	0.01109	0.01231	0.00835	0.00779	0.10793	0.01690	0.02257	0.03674	0.63353	0.04282	0.02071	0.00898	0.00284	0.00477	0.01859	0.00682	0.00685
81	0.01841	0.07823	0.06470	0.05201	0.33812	0.07148	0.05111	0.08705	0.01827	0.02430	0.01706	0.05984	0.01554	0.00880	0.00735	0.00226	0.00879	0.06213	0.00433	0.01024

[dist]
# distance from previous block
# <min> <max>
5	8

[block]
# block no. 6 follows, 28 sequences, length 45
# corresponding to MSA columns:
# 226-270
name=unknown_G
#
# <colnr> <probs for GDERKNQSTAVLIFYWHMCP>
#	G	D	E	R	K	N	Q	S	T	A	V	L	I	F	Y	W	H	M	C	P
0	0.01128	0.00988	0.01708	0.08495	0.02033	0.00967	0.14501	0.01414	0.01519	0.02032	0.07014	0.44454	0.03754	0.01722	0.00894	0.00278	0.00650	0.05164	0.00584	0.00702
1	0.09542	0.01908	0.01832	0.01533	0.02014	0.09558	0.01223	0.26478	0.27902	0.07228	0.02135	0.02055	0.01569	0.00886	0.00699	0.00227	0.00738	0.00678	0.00677	0.01119
2	0.01167	0.00808	0.00936	0.00936	0.01002	0.00816	0.00593	0.07203	0.01370	0.01829	0.02722	0.23916	0.03120	0.47366	0.02646	0.00545	0.00634	0.01303	0.00533	0.00556
3	0.08892	0.01646	0.02624	0.26080	0.26679	0.04299	0.11549	0.02218	0.04832	0.02291	0.01393	0.01837	0.01095	0.00691	0.00716	0.00230	0.00926	0.00656	0.00376	0.00968
4	0.03080	0.01272	0.01689	0.01287	0.01858	0.01103	0.01061	0.05763	0.02077	0.61665	0.02680	0.02357	0.01711	0.00865	0.00713	0.00214	0.00618	0.00700	0.00850	0.08435
5	0.01228	0.00631	0.00937	0.00953	0.00957	0.00628	0.00635	0.00953	0.00988	0.01318	0.01517	0.08862	0.01591	0.02502	0.02664	0.71570	0.00612	0.00764	0.00349	0.00341
6	0.00972	0.00755	0.00877	0.00962	0.01076	0.02722	0.00672	0.01153	0.01575	0.02074	0.15454	0.46234	0.16655	0.01980	0.00884	0.00268	0.00423	0.01758	0.02883	0.00621
7	0.01228	0.00631	0.00937	0.00953	0.00957	0.00628	0.00635	0.00953	0.00988	0.01318	0.01517	0.08862	0.01591	0.02502	0.02664	0.71570	0.00612	0.00764	0.00349	0.00341
8	0.03057	0.01188	0.01604	0.01247	0.01757	0.01035	0.01010	0.03312	0.01986	0.64026	0.02814	0.02686	0.01878	0.07717	0.01006	0.00269	0.00627	0.00761	0.00857	0.01163
9	0.02545	0.01757	0.01932	0.01533	0.02041	0.01907	0.01245	0.49168	0.06827	0.10967	0.02159	0.08599	0.01700	0.01011	0.00741	0.00226	0.00720	0.00804	0.02962	0.01155
10	0.17716	0.01255	0.01515	0.01222	0.01715	0.01194	0.00994	0.06339	0.01923	0.47732	0.02558	0.08815	0.01854	0.00983	0.00695	0.00231	0.00599	0.00786	0.00783	0.01090
11	0.02034	0.01638	0.01855	0.01778	0.08254	0.01837	0.01284	0.14075	0.48530	0.06510	0.02609	0.02458	0.01939	0.00932	0.00735	0.00238	0.00641	0.00774	0.00710	0.01169
12	0.00882	0.00737	0.00767	0.00760	0.00996	0.00623	0.00570	0.01087	0.01710	0.02089	0.15582	0.06789	0.61328	0.01794	0.00859	0.00243	0.00365	0.01505	0.00692	0.00623
13	0.02763	0.02036	0.02182	0.01672	0.02254	0.02254	0.01382	0.67496	0.03418	0.04581	0.01745	0.01745	0.01236	0.00873	0.00727	0.00218	0.00800	0.00654	0.00727	0.01236
14	0.02763	0.02036	0.02182	0.01672	0.02254	0.02254	0.01382	0.67496	0.03418	0.04581	0.01745	0.01745	0.01236	0.00873	0.00727	0.00218	0.00800	0.00654	0.00727	0.01236
15	0.01373	0.01292	0.02180	0.72707	0.05006	0.01615	0.02019	0.01857	0.01453	0.01857	0.01292	0.01938	0.00969	0.00727	0.00727	0.00242	0.00969	0.00646	0.00323	0.00807
16	0.01808	0.01561	0.01644	0.01479	0.01890	0.01808	0.01151	0.03863	0.68606	0.03041	0.02959	0.02712	0.02219	0.00986	0.00740	0.00247	0.00575	0.00822	0.00740	0.01151
17	0.01004	0.00714	0.00965	0.01123	0.01210	0.00690	0.00849	0.01202	0.01479	0.01951	0.03847	0.45080	0.04446	0.06365	0.01118	0.00334	0.00532	0.25823	0.00659	0.00612
18	0.01569	0.01559	0.02186	0.01880	0.01885	0.02176	0.01564	0.01732	0.01115	0.01747	0.00992	0.01639	0.00987	0.01433	0.05049	0.00351	0.70383	0.00642	0.00321	0.00790
19	0.00896	0.00738	0.00788	0.00775	0.01004	0.00629	0.00581	0.01115	0.01744	0.02171	0.20886	0.06655	0.55973	0.01764	0.00859	0.00242	0.00363	0.01486	0.00702	0.00629
20	0.01564	0.01338	0.01571	0.01142	0.01754	0.01085	0.00919	0.04601	0.01569	0.02432	0.01295	0.01521	0.01077	0.00588	0.00636	0.00123	0.04082	0.00450	0.00438	0.71815
21	0.01263	0.00631	0.00947	0.00947	0.00947	0.00631	0.00631	0.00947	0.00947	0.01263	0.01263	0.02210	0.01263	0.02525	0.02841	0.78851	0.00631	0.00631	0.00316	0.00316
22	0.01988	0.70745	0.03708	0.01280	0.01888	0.06861	0.01253	0.02219	0.01511	0.01714	0.01017	0.01174	0.00933	0.00629	0.00477	0.00157	0.00808	0.00393	0.00315	0.00928
23	0.04894	0.06778	0.44744	0.01840	0.02723	0.01812	0.02136	0.15803	0.01953	0.08436	0.01499	0.01623	0.01054	0.00741	0.00681	0.00223	0.00945	0.00564	0.00448	0.01103
24	0.03177	0.01218	0.01660	0.01279	0.01827	0.01054	0.01054	0.03460	0.02080	0.67871	0.05388	0.02586	0.01991	0.00922	0.00736	0.00225	0.00608	0.00753	0.00896	0.01216
25	0.79588	0.01406	0.01068	0.00956	0.01406	0.01631	0.00787	0.02137	0.01237	0.03261	0.01012	0.01181	0.00787	0.00675	0.00450	0.00225	0.00562	0.00394	0.00450	0.00787
26	0.05896	0.00720	0.00700	0.00694	0.00879	0.00733	0.00524	0.01719	0.01508	0.02742	0.02292	0.02621	0.01801	0.00837	0.00505	0.00173	0.00352	0.00661	0.73960	0.00684
27	0.00895	0.00637	0.00841	0.01000	0.01040	0.00597	0.00662	0.01015	0.01373	0.01831	0.03910	0.70100	0.04686	0.06323	0.01083	0.00318	0.00438	0.02010	0.00662	0.00582
28	0.01355	0.00678	0.00678	0.00678	0.00847	0.00678	0.00508	0.01694	0.01524	0.02710	0.02371	0.02710	0.01863	0.00847	0.00508	0.00169	0.00339	0.00678	0.78489	0.00678
29	0.01507	0.01292	0.01507	0.01077	0.01723	0.00969	0.00861	0.01830	0.01507	0.02369	0.01292	0.01507	0.01077	0.00538	0.00538	0.00108	0.00538	0.00431	0.00431	0.78898
30	0.01092	0.00759	0.00982	0.00917	0.01105	0.00694	0.00691	0.01424	0.02036	0.05046	0.63894	0.05422	0.10213	0.01487	0.00853	0.00229	0.00353	0.01308	0.00796	0.00700
31	0.79588	0.01406	0.01068	0.00956	0.01406	0.01631	0.00787	0.02137	0.01237	0.03261	0.01012	0.01181	0.00787	0.00675	0.00450	0.00225	0.00562	0.00394	0.00450	0.00787
32	0.01943	0.74891	0.03809	0.01244	0.01866	0.02876	0.01244	0.02177	0.01477	0.01710	0.01011	0.01166	0.00933	0.00622	0.00466	0.00155	0.00777	0.00389	0.00311	0.00933
33	0.00949	0.00659	0.00825	0.00931	0.00958	0.00633	0.00588	0.01029	0.01269	0.01691	0.03375	0.48494	0.04011	0.28850	0.01948	0.00446	0.00526	0.01695	0.00588	0.00535
34	0.01056	0.00709	0.00812	0.00812	0.00819	0.00715	0.00465	0.01070	0.01063	0.01424	0.02273	0.04659	0.02600	0.70891	0.07204	0.00729	0.00769	0.01043	0.00438	0.00451
35	0.02715	0.03464	0.02060	0.01873	0.02247	0.71536	0.01404	0.02903	0.02060	0.01779	0.01124	0.01311	0.00936	0.00749	0.00655	0.00187	0.01311	0.00468	0.00375	0.00843
36	0.01038	0.00779	0.01168	0.01168	0.01298	0.00909	0.00909	0.01298	0.01168	0.01687	0.01947	0.02856	0.01817	0.05452	0.71573	0.01168	0.01947	0.00779	0.00389	0.00649
37	0.02858	0.21279	0.02308	0.01315	0.01895	0.01668	0.01145	0.09103	0.02041	0.45689	0.02260	0.02052	0.01512	0.00822	0.00659	0.00205	0.00678	0.00631	0.00724	0.01155
38	0.03261	0.01237	0.01687	0.01293	0.01856	0.01068	0.01068	0.03543	0.02081	0.70423	0.02868	0.02474	0.01799	0.00900	0.00731	0.00225	0.00619	0.00731	0.00900	0.01237
39	0.01507	0.01292	0.01507	0.01077	0.01723	0.00969	0.00861	0.01830	0.01507	0.02369	0.01292	0.01507	0.01077	0.00538	0.00538	0.00108	0.00538	0.00431	0.00431	0.78898
40	0.58563	0.05315	0.11674	0.01153	0.01693	0.01669	0.01102	0.02190	0.03492	0.03021	0.03743	0.01445	0.01093	0.00716	0.00512	0.00223	0.00642	0.00464	0.00444	0.00845
41	0.10423	0.17652	0.49472	0.01780	0.02694	0.01918	0.02183	0.02258	0.01489	0.02293	0.01213	0.01421	0.00908	0.00675	0.00619	0.00215	0.00957	0.00491	0.00324	0.01014
42	0.04956	0.21233	0.45493	0.01751	0.02632	0.01928	0.02111	0.02293	0.01523	0.05491	0.01315	0.01514	0.00989	0.00832	0.02839	0.00240	0.00983	0.00511	0.00345	0.01021
43	0.01758	0.01526	0.04624	0.01476	0.01907	0.01509	0.04825	0.18941	0.20540	0.02979	0.02584	0.20749	0.02397	0.01210	0.00768	0.00236	0.00646	0.01049	0.00646	0.09630
44	0.04381	0.07064	0.04856	0.01563	0.04489	0.11821	0.01250	0.23808	0.02260	0.09437	0.05481	0.02130	0.01622	0.05756	0.00922	0.00239	0.02878	0.00657	0.04597	0.04790

[dist]
# distance from previous block
# <min> <max>
16	33

[block]
# block no. 7 follows, 28 sequences, length 74
# corresponding to MSA columns:
# 307-380
name=unknown_H
#
# <colnr> <probs for GDERKNQSTAVLIFYWHMCP>
#	G	D	E	R	K	N	Q	S	T	A	V	L	I	F	Y	W	H	M	C	P
0	0.01544	0.04329	0.10787	0.04220	0.05503	0.03637	0.19641	0.02355	0.15724	0.02434	0.10310	0.11710	0.02478	0.01031	0.00792	0.00242	0.00823	0.00978	0.00527	0.00938
1	0.01271	0.09479	0.13442	0.01422	0.01795	0.01270	0.07136	0.01622	0.01521	0.02097	0.14449	0.15130	0.03092	0.09964	0.07138	0.00375	0.03574	0.03957	0.00503	0.00762
2	0.01558	0.30973	0.12756	0.05265	0.01988	0.04936	0.01320	0.01945	0.03957	0.01974	0.04171	0.16636	0.04706	0.01079	0.00657	0.00211	0.00730	0.00873	0.03415	0.00851
3	0.05729	0.16666	0.02164	0.01375	0.01852	0.01762	0.03507	0.11153	0.12545	0.19492	0.07161	0.02457	0.03949	0.03191	0.00839	0.00233	0.03529	0.00727	0.00639	0.01029
4	0.01881	0.06805	0.02454	0.01853	0.02192	0.04448	0.14468	0.08089	0.03838	0.09114	0.01762	0.07211	0.01569	0.01161	0.01364	0.04426	0.22293	0.03697	0.00481	0.00895
5	0.02454	0.06226	0.02173	0.01601	0.02124	0.01940	0.04901	0.43429	0.05178	0.10572	0.02104	0.10202	0.01716	0.01012	0.00743	0.00226	0.00752	0.00827	0.00694	0.01126
6	0.04861	0.05762	0.13061	0.04309	0.05360	0.01699	0.21444	0.02207	0.03953	0.07590	0.04139	0.04034	0.01459	0.00951	0.01104	0.04600	0.11366	0.00747	0.00428	0.00926
7	0.01460	0.05398	0.02271	0.65893	0.04722	0.01711	0.01950	0.04513	0.01534	0.01959	0.01295	0.01887	0.00978	0.00727	0.00712	0.00236	0.00952	0.00632	0.00339	0.00832
8	0.00886	0.00633	0.00843	0.01012	0.01054	0.00590	0.00675	0.01012	0.01392	0.01856	0.04006	0.73979	0.04808	0.02277	0.00928	0.00295	0.00422	0.02066	0.00675	0.00590
9	0.01647	0.01421	0.01490	0.01353	0.01736	0.01605	0.01049	0.03384	0.57246	0.02858	0.03706	0.03439	0.13657	0.01131	0.00760	0.00246	0.00540	0.00943	0.00729	0.01059
10	0.01943	0.74891	0.03809	0.01244	0.01866	0.02876	0.01244	0.02177	0.01477	0.01710	0.01011	0.01166	0.00933	0.00622	0.00466	0.00155	0.00777	0.00389	0.00311	0.00933
11	0.66637	0.01377	0.01173	0.01013	0.01482	0.01535	0.00835	0.02375	0.01380	0.14658	0.01327	0.01400	0.00959	0.00713	0.00498	0.00225	0.00572	0.00451	0.00526	0.00864
12	0.66609	0.01360	0.01181	0.07060	0.01713	0.01566	0.00897	0.02129	0.01323	0.05565	0.04213	0.01485	0.01115	0.00724	0.00502	0.00227	0.00589	0.00469	0.00471	0.00801
13	0.01050	0.00734	0.00941	0.00941	0.00992	0.00785	0.00625	0.01152	0.01101	0.01519	0.02155	0.04009	0.02318	0.47303	0.30407	0.00887	0.01194	0.00948	0.00420	0.00523
14	0.01576	0.19261	0.53790	0.01970	0.05093	0.01949	0.02355	0.02272	0.01526	0.02175	0.01242	0.01463	0.00931	0.00674	0.00643	0.00213	0.01002	0.00508	0.00310	0.01046
15	0.04351	0.08758	0.48571	0.02377	0.14559	0.04607	0.02378	0.02299	0.01562	0.02282	0.01275	0.01531	0.00958	0.00680	0.00669	0.00220	0.01006	0.00537	0.00324	0.01057
16	0.02057	0.55159	0.08858	0.01426	0.02044	0.13607	0.01390	0.04737	0.01646	0.01876	0.01079	0.01240	0.00944	0.00657	0.00524	0.00169	0.00886	0.00423	0.00336	0.00941
17	0.03813	0.00906	0.01197	0.01143	0.04030	0.00840	0.00834	0.01860	0.01932	0.17350	0.40815	0.06799	0.09412	0.01533	0.04024	0.00273	0.00507	0.01151	0.00762	0.00817
18	0.11249	0.07765	0.02013	0.01525	0.02023	0.24315	0.01230	0.17472	0.02236	0.20809	0.01706	0.01692	0.01217	0.00799	0.00655	0.00206	0.00889	0.00566	0.00597	0.01037
19	0.03136	0.01439	0.01812	0.01389	0.01956	0.01368	0.01147	0.19681	0.02418	0.53808	0.02584	0.02290	0.01657	0.00893	0.00730	0.00223	0.00664	0.00712	0.00856	0.01237
20	0.01038	0.00779	0.01168	0.01168	0.01298	0.00909	0.00909	0.01298	0.01168	0.01687	0.01947	0.02856	0.01817	0.05452	0.71573	0.01168	0.01947	0.00779	0.00389	0.00649
21	0.01371	0.00741	0.00785	0.00763	0.00921	0.00785	0.00583	0.01698	0.01496	0.02643	0.02273	0.02632	0.01800	0.00876	0.00639	0.00180	0.05404	0.00675	0.73049	0.00686
22	0.01022	0.00690	0.00803	0.00838	0.00846	0.00681	0.00488	0.01048	0.01125	0.01501	0.02641	0.18908	0.03085	0.59699	0.03133	0.00621	0.00647	0.01263	0.00488	0.00471
23	0.01038	0.00779	0.01168	0.01168	0.01298	0.00909	0.00909	0.01298	0.01168	0.01687	0.01947	0.02856	0.01817	0.05452	0.71573	0.01168	0.01947	0.00779	0.00389	0.00649
24	0.03261	0.01237	0.01687	0.01293	0.01856	0.01068	0.01068	0.03543	0.02081	0.70423	0.02868	0.02474	0.01799	0.00900	0.00731	0.00225	0.00619	0.00731	0.00900	0.01237
25	0.01474	0.01396	0.02364	0.56454	0.20466	0.01642	0.02069	0.01946	0.01502	0.01980	0.01310	0.01905	0.01012	0.00708	0.00725	0.00236	0.00944	0.00646	0.00332	0.00889
26	0.01791	0.01809	0.06308	0.25377	0.21555	0.06955	0.08835	0.02437	0.09185	0.06253	0.01600	0.01952	0.01217	0.00732	0.00733	0.00230	0.00934	0.00674	0.00422	0.01000
27	0.02529	0.07790	0.02224	0.01795	0.02180	0.44228	0.01413	0.15593	0.02171	0.02330	0.01218	0.01423	0.00998	0.00832	0.00877	0.00208	0.10316	0.00521	0.00433	0.00921
28	0.01038	0.00779	0.01168	0.01168	0.01298	0.00909	0.00909	0.01298	0.01168	0.01687	0.01947	0.02856	0.01817	0.05452	0.71573	0.01168	0.01947	0.00779	0.00389	0.00649
29	0.04183	0.01669	0.02802	0.18493	0.34158	0.04412	0.14111	0.02126	0.01623	0.02252	0.03917	0.02040	0.01338	0.02804	0.00826	0.00241	0.00938	0.00708	0.00376	0.00984
30	0.01632	0.01650	0.04799	0.09161	0.45551	0.05202	0.01889	0.02020	0.01632	0.02241	0.04441	0.12850	0.01896	0.00941	0.00753	0.00230	0.00816	0.00875	0.00421	0.01001
31	0.79588	0.01406	0.01068	0.00956	0.01406	0.01631	0.00787	0.02137	0.01237	0.03261	0.01012	0.01181	0.00787	0.00675	0.00450	0.00225	0.00562	0.00394	0.00450	0.00787
