[name]
unknown

[dist]
# distance from previous block
# <min> <max>
0	61

[block]
# block no. 0 follows, 29 sequences, length 7
# corresponding to MSA columns:
# 62-68
name=unknown_A
#
# <colnr> <probs for GDERKNQSTAVLIFYWHMCP>
#	G	D	E	R	K	N	Q	S	T	A	V	L	I	F	Y	W	H	M	C	P
0	0.05753	0.01503	0.08573	0.01290	0.01670	0.01365	0.01103	0.23355	0.03865	0.05056	0.07575	0.10314	0.04790	0.15197	0.01298	0.00323	0.00677	0.04827	0.00604	0.00863
1	0.06655	0.37284	0.10430	0.01529	0.02099	0.13643	0.04059	0.06083	0.04671	0.02085	0.01181	0.01358	0.00986	0.00702	0.00648	0.00189	0.04629	0.00474	0.00367	0.00928
2	0.01121	0.14430	0.01427	0.01040	0.01246	0.01028	0.00782	0.01284	0.01390	0.01843	0.03112	0.53517	0.03636	0.01758	0.00787	0.00245	0.00489	0.01557	0.00571	0.08737
3	0.00898	0.00633	0.00817	0.00952	0.00986	0.00599	0.00619	0.01000	0.01303	0.01737	0.03616	0.61673	0.04320	0.15600	0.01408	0.00363	0.00464	0.01843	0.00619	0.00551
4	0.05368	0.04033	0.02112	0.09790	0.08900	0.27480	0.04828	0.06809	0.03493	0.10839	0.01514	0.01730	0.01159	0.00906	0.02989	0.00237	0.03051	0.00584	0.03253	0.00925
5	0.01386	0.01644	0.09800	0.05807	0.02746	0.01448	0.31441	0.01829	0.01484	0.02050	0.01982	0.18518	0.01933	0.01440	0.06988	0.00332	0.06881	0.01044	0.00418	0.00832
6	0.00945	0.00667	0.00870	0.00956	0.01001	0.00669	0.00635	0.01056	0.01226	0.01658	0.03056	0.40651	0.03543	0.24339	0.14807	0.00565	0.00770	0.01500	0.00542	0.00545

[dist]
# distance from previous block
# <min> <max>
0	7

[block]
# block no. 1 follows, 29 sequences, length 10
# corresponding to MSA columns:
# 76-85
name=unknown_B
#
# <colnr> <probs for GDERKNQSTAVLIFYWHMCP>
#	G	D	E	R	K	N	Q	S	T	A	V	L	I	F	Y	W	H	M	C	P
0	0.01507	0.06958	0.42269	0.21483	0.03489	0.05423	0.04909	0.02161	0.01513	0.02077	0.01256	0.01596	0.00923	0.00682	0.00679	0.00223	0.01026	0.00556	0.00311	0.00958
1	0.10528	0.08624	0.01956	0.06614	0.05472	0.01677	0.01225	0.06718	0.05061	0.03762	0.01377	0.03983	0.01184	0.00835	0.00965	0.00206	0.16473	0.00578	0.00432	0.22331
2	0.00994	0.00867	0.01131	0.20574	0.02051	0.00874	0.00949	0.01266	0.01593	0.01971	0.10857	0.07762	0.43548	0.01490	0.00808	0.00240	0.00521	0.01265	0.00577	0.00658
3	0.00998	0.00796	0.01184	0.20746	0.02091	0.00853	0.01021	0.01218	0.01380	0.01818	0.03198	0.54663	0.03682	0.01816	0.00855	0.00275	0.00560	0.01644	0.00567	0.00636
4	0.23073	0.17364	0.33679	0.01573	0.02340	0.01856	0.04026	0.02230	0.01437	0.04847	0.01202	0.01383	0.00905	0.00663	0.00575	0.00210	0.00846	0.00476	0.00362	0.00950
5	0.02569	0.02264	0.02041	0.05436	0.02293	0.21188	0.01358	0.42342	0.02769	0.05539	0.01635	0.04312	0.01263	0.00866	0.00700	0.00210	0.00910	0.00644	0.00600	0.01060
6	0.01751	0.55139	0.03295	0.20911	0.02669	0.02480	0.01426	0.02047	0.01441	0.01715	0.01065	0.01349	0.00923	0.00637	0.00527	0.00176	0.00813	0.00450	0.00308	0.00880
7	0.01976	0.01900	0.01683	0.01322	0.01874	0.20501	0.01037	0.07160	0.01793	0.05668	0.01329	0.01488	0.01063	0.00626	0.00582	0.00141	0.00757	0.00463	0.00451	0.48186
8	0.01262	0.01070	0.01875	0.01599	0.01847	0.01046	0.19117	0.01519	0.01449	0.05442	0.02903	0.42392	0.03206	0.05732	0.01124	0.00296	0.05358	0.01489	0.00555	0.00720
9	0.01367	0.01075	0.01131	0.01003	0.01329	0.01052	0.00795	0.19397	0.02095	0.02635	0.05528	0.05509	0.47905	0.01553	0.00814	0.00238	0.00492	0.04638	0.00675	0.00771

[dist]
# distance from previous block
# <min> <max>
0	17

[block]
# block no. 2 follows, 29 sequences, length 20
# corresponding to MSA columns:
# 103-122
name=unknown_C
#
# <colnr> <probs for GDERKNQSTAVLIFYWHMCP>
#	G	D	E	R	K	N	Q	S	T	A	V	L	I	F	Y	W	H	M	C	P
0	0.01943	0.71681	0.03643	0.01250	0.01847	0.06400	0.01227	0.02169	0.01476	0.01679	0.00996	0.01150	0.00914	0.00616	0.00466	0.00154	0.00789	0.00385	0.00308	0.00909
1	0.01428	0.03683	0.71286	0.02030	0.03082	0.01654	0.02631	0.02255	0.01503	0.02255	0.01278	0.01503	0.00902	0.00677	0.00677	0.00226	0.01052	0.00526	0.00301	0.01052
2	0.00967	0.00717	0.00902	0.00874	0.01044	0.00652	0.00649	0.01259	0.01893	0.02608	0.53756	0.11499	0.17382	0.01581	0.00846	0.00232	0.00347	0.01387	0.00752	0.00652
3	0.80005	0.01377	0.01047	0.00936	0.01377	0.01597	0.00771	0.02093	0.01212	0.03195	0.00991	0.01157	0.00771	0.00661	0.00441	0.00220	0.00551	0.00386	0.00441	0.00771
4	0.01026	0.00686	0.00780	0.00789	0.00792	0.00684	0.00445	0.01033	0.01055	0.01407	0.02344	0.08821	0.02715	0.70642	0.03463	0.00666	0.00674	0.01094	0.00445	0.00440
5	0.00867	0.00722	0.00757	0.00748	0.00977	0.00612	0.00561	0.01071	0.01683	0.02066	0.16841	0.06618	0.60528	0.01750	0.00841	0.00238	0.00357	0.01470	0.00680	0.00612
6	0.01582	0.06632	0.02288	0.01825	0.01867	0.02225	0.01535	0.01742	0.01115	0.01711	0.00939	0.01529	0.00933	0.01203	0.02208	0.00301	0.68662	0.00606	0.00311	0.00788
7	0.01477	0.01266	0.01477	0.01055	0.01687	0.00949	0.00844	0.01793	0.01477	0.02320	0.01266	0.01477	0.01055	0.00527	0.00527	0.00105	0.00527	0.00422	0.00422	0.79328
8	0.02559	0.01898	0.02047	0.01608	0.02144	0.02102	0.01327	0.60269	0.07465	0.04258	0.01902	0.02128	0.01436	0.00925	0.00728	0.00222	0.00762	0.04336	0.00710	0.01174
9	0.01675	0.01904	0.04107	0.02948	0.03634	0.01819	0.64820	0.02254	0.01653	0.02254	0.01417	0.01904	0.01074	0.00631	0.00911	0.00243	0.04614	0.00830	0.00358	0.00952
10	0.01017	0.00682	0.00782	0.00801	0.00805	0.00678	0.00457	0.01031	0.01072	0.01430	0.02433	0.12524	0.02828	0.66785	0.03319	0.00645	0.00659	0.01147	0.00457	0.00448
11	0.01918	0.01104	0.01326	0.01142	0.01494	0.02646	0.00895	0.04195	0.09640	0.25043	0.18820	0.07411	0.07287	0.05070	0.00917	0.00251	0.00536	0.04130	0.00738	0.05438
12	0.01960	0.01350	0.01602	0.01580	0.07547	0.03701	0.01144	0.13810	0.14395	0.15695	0.02966	0.15464	0.05721	0.01267	0.00783	0.00246	0.00633	0.08475	0.00687	0.00974
13	0.00894	0.00636	0.00843	0.00999	0.01046	0.00600	0.00678	0.01024	0.01362	0.01812	0.03820	0.66444	0.04552	0.06331	0.01067	0.00314	0.00444	0.05911	0.00648	0.00575
14	0.02451	0.10408	0.02243	0.01873	0.07578	0.37227	0.01382	0.19117	0.04114	0.02537	0.01352	0.01498	0.01073	0.00753	0.00643	0.00191	0.01016	0.00527	0.03059	0.00959
15	0.06675	0.07500	0.41912	0.02353	0.16331	0.06589	0.02208	0.04389	0.01600	0.02330	0.01256	0.01502	0.00951	0.00673	0.00652	0.00215	0.00968	0.00529	0.00338	0.01030
16	0.05425	0.13650	0.49161	0.01811	0.02683	0.06666	0.02160	0.02365	0.05708	0.02228	0.01311	0.01491	0.00977	0.00688	0.00634	0.00213	0.00972	0.00511	0.00339	0.01008
17	0.04616	0.09132	0.06069	0.01190	0.01649	0.01333	0.01040	0.13217	0.01982	0.21607	0.06273	0.07383	0.14721	0.01105	0.00704	0.00217	0.00592	0.00895	0.05331	0.00945
18	0.39267	0.09516	0.03622	0.01364	0.01847	0.06587	0.07323	0.06126	0.01537	0.06285	0.03049	0.01488	0.01085	0.00728	0.00651	0.00214	0.04845	0.00508	0.00450	0.03508
19	0.07669	0.05456	0.08153	0.01383	0.01858	0.06423	0.01206	0.17482	0.10132	0.12840	0.06691	0.02605	0.07620	0.04177	0.00868	0.00241	0.02854	0.00749	0.00613	0.00980

[dist]
# distance from previous block
# <min> <max>
0	23

[block]
# block no. 3 follows, 29 sequences, length 43
# corresponding to MSA columns:
# 146-188
name=unknown_D
#
# <colnr> <probs for GDERKNQSTAVLIFYWHMCP>
#	G	D	E	R	K	N	Q	S	T	A	V	L	I	F	Y	W	H	M	C	P
0	0.12019	0.08527	0.06842	0.04091	0.13029	0.12255	0.01410	0.11860	0.07760	0.05403	0.08518	0.02004	0.01711	0.00810	0.00655	0.00209	0.00788	0.00632	0.00506	0.00971
1	0.10668	0.10142	0.06665	0.03702	0.02185	0.12748	0.05496	0.14241	0.07336	0.02621	0.01371	0.01562	0.01082	0.00769	0.00792	0.00207	0.08077	0.00549	0.00454	0.09333
2	0.07227	0.06764	0.23822	0.03507	0.08571	0.01653	0.01645	0.10583	0.10518	0.04661	0.01868	0.02176	0.03813	0.06720	0.03238	0.00287	0.00841	0.00659	0.00467	0.00981
3	0.04286	0.07714	0.09731	0.05493	0.02270	0.28528	0.01446	0.15851	0.04893	0.02497	0.01545	0.01707	0.03050	0.00804	0.00709	0.00204	0.03596	0.00565	0.04183	0.00929
4	0.01927	0.01385	0.01611	0.05989	0.01977	0.01463	0.01135	0.14328	0.25021	0.11890	0.04734	0.03141	0.06337	0.01037	0.00736	0.00228	0.00619	0.06916	0.00678	0.08851
5	0.01685	0.01492	0.05304	0.05503	0.11845	0.03552	0.01276	0.21004	0.02059	0.02775	0.10474	0.08631	0.06195	0.07143	0.07539	0.00345	0.00818	0.00909	0.00557	0.00893
6	0.01036	0.00690	0.00777	0.00777	0.00777	0.00690	0.00431	0.01036	0.01036	0.01381	0.02244	0.04660	0.02589	0.74975	0.03624	0.00690	0.00690	0.01036	0.00431	0.00431
7	0.01237	0.00618	0.00928	0.00928	0.00928	0.00618	0.00618	0.00928	0.00928	0.01237	0.01237	0.02165	0.01237	0.02474	0.02783	0.79283	0.00618	0.00618	0.00309	0.00309
8	0.04377	0.02462	0.01830	0.01621	0.01949	0.40083	0.01252	0.09428	0.01955	0.06028	0.01915	0.05706	0.07197	0.00988	0.00891	0.00216	0.10101	0.00683	0.00469	0.00849
9	0.01483	0.01533	0.05289	0.51005	0.08079	0.01654	0.14309	0.04340	0.01555	0.02047	0.01319	0.01873	0.00991	0.00691	0.00734	0.00235	0.00989	0.00668	0.00340	0.00866
10	0.01824	0.60653	0.12515	0.01462	0.04476	0.02601	0.01451	0.02135	0.01448	0.01776	0.01038	0.01227	0.00921	0.00642	0.00563	0.00170	0.03438	0.00418	0.00306	0.00935
11	0.05661	0.01548	0.02122	0.01821	0.01844	0.02150	0.01517	0.01734	0.01097	0.01791	0.00938	0.01537	0.00926	0.01216	0.02238	0.00307	0.69847	0.00611	0.00318	0.00779
12	0.01762	0.01692	0.02890	0.04371	0.70533	0.01692	0.02185	0.02185	0.01621	0.02326	0.01339	0.01762	0.01128	0.00634	0.00705	0.00211	0.00846	0.00634	0.00352	0.01128
13	0.00883	0.00629	0.00831	0.00976	0.01022	0.00589	0.00651	0.01013	0.01383	0.01853	0.07443	0.67429	0.04718	0.05649	0.01034	0.00305	0.00422	0.01937	0.00657	0.00576
14	0.80005	0.01377	0.01047	0.00936	0.01377	0.01597	0.00771	0.02093	0.01212	0.03195	0.00991	0.01157	0.00771	0.00661	0.00441	0.00220	0.00551	0.00386	0.00441	0.00771
15	0.00849	0.00722	0.00732	0.00730	0.00967	0.00604	0.00547	0.01037	0.01642	0.01968	0.10208	0.06780	0.67222	0.01787	0.00841	0.00240	0.00359	0.01493	0.00667	0.00604
16	0.02707	0.01995	0.02137	0.01638	0.02208	0.02208	0.01353	0.68159	0.03348	0.04488	0.01710	0.01710	0.01211	0.00855	0.00712	0.00214	0.00784	0.00641	0.00712	0.01211
17	0.01811	0.01494	0.01595	0.01427	0.01829	0.01703	0.01120	0.06744	0.59620	0.05063	0.02992	0.02918	0.04128	0.01018	0.00736	0.00243	0.00573	0.03161	0.00724	0.01102
18	0.01619	0.17338	0.20053	0.06069	0.06286	0.05847	0.12636	0.02064	0.01496	0.01988	0.01534	0.05195	0.03641	0.00841	0.00891	0.00225	0.10340	0.00675	0.00350	0.00911
19	0.01055	0.00798	0.00968	0.00908	0.01114	0.00753	0.00690	0.04878	0.01908	0.02587	0.43378	0.05346	0.23720	0.01834	0.06604	0.00302	0.00494	0.01270	0.00713	0.00679
20	0.00865	0.00629	0.00817	0.00967	0.01026	0.00580	0.00650	0.00994	0.01387	0.01827	0.04222	0.68389	0.10638	0.02192	0.00903	0.00285	0.00408	0.01977	0.00661	0.00580
21	0.00979	0.00755	0.00967	0.01011	0.01082	0.00779	0.00712	0.01124	0.01406	0.01895	0.12465	0.40052	0.12051	0.11973	0.01417	0.00332	0.08215	0.01581	0.00608	0.00594
22	0.01479	0.01338	0.01849	0.01356	0.01939	0.01110	0.09920	0.01816	0.01479	0.02259	0.01401	0.05094	0.01230	0.00657	0.00682	0.00143	0.04407	0.00567	0.00419	0.60855
23	0.00876	0.00627	0.00834	0.00985	0.01035	0.00584	0.00662	0.01014	0.01405	0.01883	0.08121	0.70127	0.04837	0.02182	0.00904	0.00285	0.00408	0.01978	0.00669	0.00584
24	0.01086	0.00739	0.01027	0.01027	0.01159	0.00834	0.00789	0.01349	0.01217	0.01863	0.02009	0.02827	0.01816	0.06634	0.54232	0.00915	0.01523	0.00750	0.17568	0.00635
25	0.01589	0.01509	0.02236	0.14111	0.37630	0.04835	0.01725	0.02128	0.07782	0.02330	0.11222	0.02595	0.05538	0.00855	0.00730	0.00220	0.00762	0.00776	0.00456	0.00971
26	0.02832	0.09899	0.08455	0.01340	0.01939	0.01331	0.01218	0.03214	0.04256	0.54283	0.02461	0.02199	0.01599	0.00834	0.00683	0.00214	0.00664	0.00663	0.00755	0.01160
27	0.03040	0.01213	0.01628	0.01258	0.01786	0.01069	0.01035	0.05889	0.02088	0.64166	0.06952	0.02575	0.02049	0.00916	0.00724	0.00220	0.00596	0.00749	0.00869	0.01178
28	0.01763	0.01730	0.02769	0.11424	0.60372	0.05107	0.02124	0.02179	0.01620	0.02245	0.01320	0.01753	0.01099	0.00647	0.00703	0.00213	0.00878	0.00626	0.00349	0.01078
29	0.03706	0.14410	0.02308	0.11872	0.02340	0.17281	0.03358	0.04068	0.01519	0.01909	0.01266	0.04996	0.01154	0.00935	0.01134	0.00232	0.22554	0.00617	0.03523	0.00818
30	0.02847	0.01186	0.01606	0.04168	0.01876	0.01072	0.01054	0.03226	0.05497	0.58477	0.08883	0.02678	0.02202	0.00931	0.00728	0.00222	0.00593	0.00769	0.00841	0.01141
31	0.01040	0.00696	0.00792	0.00799	0.00806	0.00696	0.00462	0.01054	0.01061	0.01412	0.02308	0.04801	0.02652	0.71908	0.03513	0.00675	0.00689	0.03754	0.00441	0.00441
32	0.01058	0.00756	0.01019	0.01140	0.01269	0.00738	0.00921	0.01315	0.01577	0.02082	0.11140	0.20568	0.06555	0.07810	0.01160	0.00335	0.00565	0.38715	0.00653	0.00622
33	0.02110	0.25226	0.07861	0.01327	0.01857	0.04337	0.01214	0.09669	0.06484	0.18195	0.02305	0.08677	0.05916	0.00956	0.00653	0.00206	0.00700	0.00751	0.00568	0.00988
34	0.02999	0.01345	0.01713	0.01333	0.01873	0.01268	0.01095	0.12130	0.08393	0.55892	0.02671	0.02350	0.01727	0.00886	0.00716	0.00221	0.00626	0.00714	0.00844	0.01204
35	0.01076	0.00862	0.00981	0.00994	0.01132	0.03578	0.00719	0.01343	0.04917	0.01879	0.09701	0.15124	0.15608	0.18096	0.16715	0.00538	0.00831	0.04733	0.00555	0.00615
36	0.12434	0.04257	0.04430	0.17524	0.30058	0.01685	0.06312	0.02167	0.01519	0.07032	0.01349	0.01724	0.01058	0.00702	0.00759	0.00224	0.04794	0.00607	0.00389	0.00975
37	0.07433	0.06097	0.15538	0.05193	0.06475	0.07507	0.26521	0.06055	0.04428	0.02377	0.01365	0.01688	0.01046	0.00697	0.00794	0.00227	0.04558	0.00653	0.00383	0.00964
38	0.01032	0.00750	0.01078	0.01078	0.01190	0.00855	0.00815	0.01257	0.01145	0.01659	0.01967	0.03030	0.01885	0.14062	0.60478	0.01047	0.01688	0.00794	0.03580	0.00611
39	0.01704	0.01664	0.02684	0.19903	0.52887	0.04504	0.02106	0.02129	0.01593	0.02188	0.01313	0.01774	0.01079	0.00656	0.00704	0.00216	0.00887	0.00627	0.00345	0.01039
40	0.04856	0.04325	0.04281	0.12265	0.02103	0.04757	0.01205	0.07249	0.11204	0.04474	0.09983	0.05528	0.04645	0.01151	0.00743	0.00239	0.00666	0.12642	0.06844	0.00839
41	0.01351	0.01100	0.01446	0.05072	0.01617	0.01293	0.01074	0.07573	0.01541	0.02211	0.06866	0.25605	0.02794	0.01485	0.01251	0.00266	0.22126	0.04283	0.07742	0.03305
42	0.19633	0.06381	0.09345	0.05697	0.01976	0.08874	0.03009	0.06685	0.01579	0.02460	0.01759	0.02215	0.04962	0.01073	0.03767	0.00261	0.07137	0.03759	0.08604	0.00823

[dist]
# distance from previous block
# <min> <max>
5	20

[block]
# block no. 4 follows, 29 sequences, length 40
# corresponding to MSA columns:
# 209-248
name=unknown_E
#
# <colnr> <probs for GDERKNQSTAVLIFYWHMCP>
#	G	D	E	R	K	N	Q	S	T	A	V	L	I	F	Y	W	H	M	C	P
0	0.07668	0.01521	0.03465	0.03420	0.01935	0.01545	0.04155	0.31954	0.02317	0.03254	0.04622	0.18314	0.03626	0.01144	0.00733	0.00225	0.00666	0.00962	0.00619	0.07855
1	0.05464	0.14812	0.01935	0.03466	0.01741	0.01468	0.06170	0.10038	0.01640	0.02368	0.01803	0.09572	0.01688	0.07882	0.04597	0.00282	0.00719	0.00750	0.10352	0.13252
2	0.07826	0.34454	0.02571	0.01303	0.01785	0.04106	0.05070	0.09827	0.04305	0.02330	0.01638	0.09981	0.01517	0.00863	0.00583	0.00190	0.00699	0.00674	0.06888	0.03391
3	0.10923	0.01679	0.04174	0.03810	0.01946	0.05154	0.01237	0.21158	0.13550	0.04906	0.04057	0.07754	0.03804	0.01047	0.00938	0.00240	0.11300	0.00780	0.00582	0.00961
4	0.00992	0.00723	0.00880	0.00925	0.01078	0.00651	0.00662	0.01181	0.01478	0.02022	0.09262	0.36907	0.15435	0.06186	0.00994	0.00276	0.00434	0.05617	0.06771	0.07529
5	0.05567	0.05394	0.53601	0.01906	0.02835	0.01619	0.05686	0.02395	0.01563	0.10812	0.01453	0.01611	0.01012	0.00695	0.00671	0.00223	0.00971	0.00555	0.00383	0.01049
6	0.06670	0.01629	0.01749	0.05194	0.04406	0.04420	0.01183	0.38504	0.02598	0.03563	0.09965	0.02635	0.08589	0.00984	0.00710	0.00215	0.00685	0.00778	0.04527	0.00997
7	0.01589	0.09444	0.43298	0.04109	0.04966	0.01690	0.07295	0.02340	0.06404	0.05881	0.01601	0.05442	0.01260	0.00776	0.00689	0.00224	0.00936	0.00652	0.00388	0.01016
8	0.00955	0.00697	0.00897	0.00908	0.01047	0.00640	0.00658	0.01218	0.01801	0.02488	0.46402	0.24730	0.11506	0.01701	0.00859	0.00244	0.00360	0.01511	0.00739	0.00640
9	0.01113	0.00795	0.01108	0.01272	0.01421	0.00790	0.01087	0.01415	0.01605	0.02092	0.03789	0.16258	0.04174	0.02000	0.00974	0.00323	0.00626	0.57856	0.00656	0.00646
10	0.01642	0.01568	0.02651	0.17062	0.55112	0.01622	0.02072	0.02064	0.01585	0.02213	0.01594	0.02020	0.04247	0.00702	0.00712	0.00218	0.00843	0.00674	0.00360	0.01041
11	0.01548	0.01556	0.02295	0.07532	0.02215	0.02112	0.05468	0.01755	0.01151	0.01755	0.00990	0.01606	0.00944	0.01167	0.02122	0.00302	0.63740	0.00637	0.00315	0.00790
12	0.02707	0.01995	0.02137	0.01638	0.02208	0.02208	0.01353	0.68159	0.03348	0.04488	0.01710	0.01710	0.01211	0.00855	0.00712	0.00214	0.00784	0.00641	0.00712	0.01211
13	0.01504	0.01483	0.02679	0.44376	0.20489	0.01647	0.13586	0.01988	0.01516	0.02022	0.01314	0.01870	0.01015	0.00674	0.00733	0.00232	0.00968	0.00670	0.00333	0.00902
14	0.03120	0.01332	0.01727	0.01324	0.01878	0.01226	0.01094	0.13442	0.02240	0.60769	0.02640	0.02314	0.01678	0.00877	0.00715	0.00219	0.00633	0.00705	0.00855	0.01212
15	0.00884	0.00632	0.00841	0.00980	0.01036	0.00589	0.00662	0.01032	0.01439	0.01938	0.11619	0.66473	0.04943	0.02141	0.00901	0.00282	0.00404	0.01939	0.00675	0.00589
16	0.00868	0.00620	0.00826	0.00991	0.01033	0.00578	0.00661	0.00991	0.01363	0.01818	0.03925	0.74510	0.04710	0.02231	0.00909	0.00289	0.00413	0.02024	0.00661	0.00578
17	0.00872	0.00629	0.00826	0.00975	0.01031	0.00583	0.00656	0.01007	0.01401	0.01864	0.06721	0.68652	0.07787	0.02180	0.00903	0.00284	0.00408	0.01971	0.00666	0.00583
18	0.00883	0.00631	0.00840	0.00981	0.01036	0.00588	0.00662	0.01030	0.01434	0.01930	0.11073	0.67043	0.04926	0.02147	0.00901	0.00282	0.00405	0.01945	0.00674	0.00588
19	0.02633	0.01958	0.02096	0.01624	0.02180	0.02174	0.01336	0.63113	0.08513	0.04369	0.01803	0.01784	0.01286	0.00864	0.00713	0.00216	0.00766	0.00654	0.00713	0.01204
20	0.01980	0.01306	0.01379	0.01133	0.01501	0.01398	0.00910	0.32956	0.02366	0.03508	0.02006	0.02179	0.01516	0.00833	0.00600	0.00187	0.00550	0.00647	0.40039	0.03008
21	0.01904	0.75404	0.03731	0.01218	0.01828	0.02818	0.01218	0.02132	0.01447	0.01675	0.00990	0.01142	0.00914	0.00609	0.00457	0.00152	0.00761	0.00381	0.00305	0.00914
22	0.01030	0.00693	0.00800	0.00804	0.00813	0.00699	0.00465	0.01048	0.01051	0.01409	0.02273	0.06579	0.02603	0.68797	0.07547	0.00705	0.00753	0.01048	0.00435	0.00448
23	0.66744	0.01301	0.01087	0.00998	0.01409	0.01476	0.00830	0.02079	0.01302	0.06157	0.01418	0.02065	0.01228	0.00833	0.00520	0.00234	0.00566	0.08488	0.00487	0.00777
24	0.01802	0.01545	0.01627	0.01455	0.01863	0.01785	0.01134	0.05886	0.67095	0.03028	0.02859	0.02626	0.02142	0.00962	0.00724	0.00241	0.00571	0.00800	0.00724	0.01130
25	0.03195	0.01212	0.01652	0.01267	0.01818	0.01047	0.01047	0.03470	0.02038	0.71026	0.02809	0.02424	0.01763	0.00881	0.00716	0.00220	0.00606	0.00716	0.00881	0.01212
26	0.01237	0.00618	0.00928	0.00928	0.00928	0.00618	0.00618	0.00928	0.00928	0.01237	0.01237	0.02165	0.01237	0.02474	0.02783	0.79283	0.00618	0.00618	0.00309	0.00309
27	0.02601	0.03296	0.02027	0.01836	0.02184	0.68397	0.01386	0.02783	0.01969	0.01741	0.01092	0.01299	0.00918	0.00761	0.00732	0.00190	0.05134	0.00467	0.00364	0.00823
28	0.02472	0.01486	0.01699	0.01348	0.01813	0.01564	0.01101	0.35941	0.02546	0.20601	0.02100	0.02127	0.01493	0.01209	0.06278	0.00281	0.00754	0.00673	0.13436	0.01077
29	0.01345	0.01266	0.02136	0.73264	0.04904	0.01582	0.01978	0.01819	0.01424	0.01819	0.01266	0.01898	0.00949	0.00712	0.00712	0.00237	0.00949	0.00633	0.00316	0.00791
30	0.01762	0.01692	0.02890	0.04371	0.70533	0.01692	0.02185	0.02185	0.01621	0.02326	0.01339	0.01762	0.01128	0.00634	0.00705	0.00211	0.00846	0.00634	0.00352	0.01128
31	0.00914	0.00760	0.03565	0.01023	0.01119	0.00642	0.00746	0.01073	0.01379	0.01832	0.03887	0.60016	0.07885	0.06492	0.01063	0.00310	0.00466	0.05600	0.00633	0.00594
32	0.00933	0.00726	0.00852	0.00851	0.01046	0.00645	0.00647	0.01184	0.01767	0.02305	0.31811	0.09844	0.36392	0.01700	0.00856	0.00243	0.00377	0.06480	0.00710	0.00632
33	0.01037	0.00705	0.00907	0.00935	0.01076	0.00642	0.00671	0.01262	0.01693	0.05681	0.31301	0.34978	0.12840	0.01799	0.00863	0.00254	0.00385	0.01599	0.00722	0.00651
34	0.02286	0.01680	0.01837	0.01490	0.01939	0.01835	0.01195	0.52798	0.02894	0.03877	0.02216	0.18359	0.02011	0.01169	0.00757	0.00231	0.00699	0.00957	0.00701	0.01066
35	0.01762	0.01956	0.08553	0.11806	0.51552	0.07616	0.02131	0.02205	0.01622	0.02213	0.01306	0.01715	0.01071	0.00655	0.00698	0.00213	0.00912	0.00610	0.00345	0.01058
36	0.01703	0.01933	0.11613	0.06379	0.55497	0.01689	0.04176	0.02233	0.03651	0.02318	0.01379	0.01766	0.01123	0.00652	0.00706	0.00216	0.00878	0.00632	0.00356	0.01101
37	0.01662	0.13156	0.06721	0.07600	0.06549	0.04084	0.32897	0.02122	0.01566	0.02094	0.01382	0.04276	0.01153	0.00706	0.00808	0.00217	0.04865	0.00714	0.00358	0.07069
38	0.01795	0.10865	0.06910	0.02147	0.06133	0.04001	0.21626	0.12970	0.01791	0.02413	0.01536	0.07592	0.01357	0.01006	0.02726	0.00258	0.12744	0.00770	0.00425	0.00938
39	0.01029	0.00753	0.00935	0.00971	0.01101	0.00704	0.00683	0.03516	0.01528	0.02066	0.13953	0.38493	0.08860	0.12337	0.01256	0.00321	0.00470	0.04911	0.00634	0.05478

[dist]
# distance from previous block
# <min> <max>
0	2

[block]
# block no. 5 follows, 29 sequences, length 55
# corresponding to MSA columns:
# 251-305
name=unknown_F
#
# <colnr> <probs for GDERKNQSTAVLIFYWHMCP>
#	G	D	E	R	K	N	Q	S	T	A	V	L	I	F	Y	W	H	M	C	P
0	0.01461	0.00936	0.01194	0.01178	0.01448	0.00891	0.00975	0.04164	0.04621	0.11917	0.06778	0.11469	0.13383	0.01631	0.00868	0.00273	0.00566	0.30676	0.00687	0.04885
1	0.00995	0.00693	0.00846	0.00873	0.00914	0.00702	0.00555	0.01069	0.01139	0.01528	0.02720	0.15868	0.06342	0.47113	0.14977	0.00680	0.00840	0.01174	0.00472	0.00500
2	0.01297	0.01003	0.01222	0.01258	0.01481	0.01059	0.01017	0.04079	0.19626	0.02428	0.08600	0.16812	0.05773	0.01665	0.00879	0.00285	0.00563	0.29480	0.00686	0.00785
3	0.01918	0.49102	0.17898	0.01486	0.02152	0.13139	0.01544	0.02267	0.01546	0.01809	0.01068	0.01241	0.00912	0.00643	0.00532	0.00173	0.00903	0.00424	0.00313	0.00930
4	0.01428	0.03683	0.71286	0.02030	0.03082	0.01654	0.02631	0.02255	0.01503	0.02255	0.01278	0.01503	0.00902	0.00677	0.00677	0.00226	0.01052	0.00526	0.00301	0.01052
5	0.00875	0.00623	0.00824	0.00982	0.01022	0.00583	0.00651	0.00993	0.01350	0.01799	0.03854	0.71582	0.04621	0.05280	0.01023	0.00306	0.00425	0.01983	0.00651	0.00572
6	0.04481	0.00946	0.01271	0.16868	0.02004	0.01043	0.01036	0.04543	0.01486	0.02015	0.03389	0.36200	0.13264	0.01626	0.00932	0.00265	0.05997	0.01399	0.00553	0.00682
7	0.00910	0.00638	0.00814	0.00937	0.00968	0.00607	0.00603	0.01003	0.01280	0.01707	0.03497	0.56753	0.04170	0.20724	0.01599	0.00391	0.00484	0.01773	0.00603	0.00541
8	0.02726	0.01963	0.02117	0.01623	0.02193	0.02161	0.01341	0.65556	0.03295	0.07165	0.01754	0.01738	0.01233	0.00856	0.00712	0.00214	0.00776	0.00644	0.00719	0.01211
9	0.14632	0.01677	0.08509	0.07674	0.08406	0.01534	0.01395	0.14127	0.05519	0.26629	0.01928	0.01921	0.01324	0.00790	0.00667	0.00221	0.00719	0.00623	0.00624	0.01080
10	0.01019	0.00665	0.00887	0.00999	0.01082	0.00615	0.00685	0.01171	0.01464	0.06020	0.10032	0.63785	0.04722	0.02079	0.00891	0.00279	0.00417	0.01878	0.00686	0.00625
11	0.00963	0.00722	0.00893	0.00859	0.01039	0.00652	0.00641	0.01255	0.01898	0.02597	0.52835	0.08487	0.21404	0.01568	0.00843	0.00230	0.00345	0.01368	0.00750	0.00652
12	0.00868	0.00620	0.00826	0.00991	0.01033	0.00578	0.00661	0.00991	0.01363	0.01818	0.03925	0.74510	0.04710	0.02231	0.00909	0.00289	0.00413	0.02024	0.00661	0.00578
13	0.02707	0.01995	0.02137	0.01638	0.02208	0.02208	0.01353	0.68159	0.03348	0.04488	0.01710	0.01710	0.01211	0.00855	0.00712	0.00214	0.00784	0.00641	0.00712	0.01211
14	0.01426	0.01353	0.01391	0.01309	0.01451	0.14129	0.01006	0.01633	0.01311	0.01725	0.01675	0.02506	0.01577	0.10512	0.36219	0.00723	0.12501	0.00706	0.06171	0.00674
15	0.02607	0.01812	0.01970	0.01525	0.02049	0.01976	0.01248	0.56902	0.03053	0.09593	0.01850	0.01948	0.01347	0.04394	0.00842	0.00235	0.00745	0.00667	0.04086	0.01150
16	0.01480	0.01277	0.01505	0.01087	0.01695	0.00998	0.00872	0.01790	0.01461	0.02296	0.01252	0.01480	0.01050	0.00556	0.00599	0.00114	0.03435	0.00430	0.00417	0.76206
17	0.01762	0.01692	0.02890	0.04371	0.70533	0.01692	0.02185	0.02185	0.01621	0.02326	0.01339	0.01762	0.01128	0.00634	0.00705	0.00211	0.00846	0.00634	0.00352	0.01128
18	0.02707	0.01995	0.02137	0.01638	0.02208	0.02208	0.01353	0.68159	0.03348	0.04488	0.01710	0.01710	0.01211	0.00855	0.00712	0.00214	0.00784	0.00641	0.00712	0.01211
19	0.01462	0.08852	0.66417	0.01971	0.02992	0.01738	0.02529	0.02246	0.01499	0.02213	0.01257	0.01477	0.00903	0.00672	0.00661	0.00220	0.01031	0.00516	0.00301	0.01042
20	0.01774	0.01748	0.03036	0.08078	0.03042	0.03754	0.35312	0.12152	0.01841	0.02524	0.01465	0.01871	0.01130	0.00868	0.03433	0.00257	0.05723	0.00723	0.03761	0.07509
21	0.02709	0.01340	0.01653	0.01338	0.01841	0.01321	0.01082	0.05512	0.24298	0.46535	0.02806	0.02479	0.01882	0.00909	0.00719	0.00227	0.00597	0.00743	0.00824	0.01184
22	0.01237	0.00618	0.00928	0.00928	0.00928	0.00618	0.00618	0.00928	0.00928	0.01237	0.01237	0.02165	0.01237	0.02474	0.02783	0.79283	0.00618	0.00618	0.00309	0.00309
23	0.02579	0.02019	0.01994	0.01572	0.02085	0.09236	0.01280	0.55543	0.03046	0.04043	0.01702	0.01750	0.01236	0.00840	0.00686	0.00206	0.00795	0.00624	0.07641	0.01123
24	0.01548	0.01572	0.02435	0.02004	0.02121	0.02055	0.11649	0.01777	0.01183	0.01797	0.01063	0.01678	0.01001	0.01362	0.05769	0.00344	0.58855	0.00664	0.00323	0.00799
25	0.01345	0.01266	0.02136	0.73264	0.04904	0.01582	0.01978	0.01819	0.01424	0.01819	0.01266	0.01898	0.00949	0.00712	0.00712	0.00237	0.00949	0.00633	0.00316	0.00791
26	0.01360	0.01281	0.02163	0.70779	0.07272	0.01586	0.01985	0.01833	0.01431	0.01838	0.01268	0.01894	0.00956	0.00709	0.00712	0.00236	0.00945	0.00633	0.00318	0.00803
27	0.01237	0.00618	0.00928	0.00928	0.00928	0.00618	0.00618	0.00928	0.00928	0.01237	0.01237	0.02165	0.01237	0.02474	0.02783	0.79283	0.00618	0.00618	0.00309	0.00309
28	0.00977	0.00727	0.00910	0.00864	0.01045	0.00659	0.00648	0.01285	0.01944	0.02684	0.58599	0.05601	0.18384	0.01520	0.00840	0.00227	0.00340	0.01327	0.00761	0.00659
29	0.00848	0.00722	0.00730	0.00728	0.00966	0.00604	0.00546	0.01034	0.01638	0.01960	0.09672	0.06793	0.67763	0.01790	0.00842	0.00240	0.00360	0.01494	0.00666	0.00604
30	0.01793	0.01751	0.02860	0.04283	0.68165	0.04132	0.02157	0.02208	0.01635	0.02306	0.01331	0.01746	0.01121	0.00638	0.00703	0.00211	0.00861	0.00628	0.00353	0.01117
31	0.01421	0.01077	0.01445	0.07784	0.04806	0.01141	0.01258	0.11449	0.03998	0.02464	0.03126	0.11135	0.03253	0.01624	0.00894	0.00292	0.00687	0.40744	0.00624	0.00779
32	0.00850	0.00713	0.00739	0.00752	0.00972	0.00602	0.00556	0.01031	0.01615	0.01948	0.09236	0.12775	0.62119	0.01828	0.00847	0.00244	0.00364	0.01541	0.00666	0.00602
33	0.02785	0.01466	0.01756	0.01368	0.01887	0.01467	0.01123	0.27084	0.04967	0.38098	0.05604	0.02317	0.01814	0.00900	0.00712	0.00217	0.00646	0.00717	0.03911	0.01161
34	0.49242	0.01676	0.10140	0.11890	0.02296	0.01588	0.05960	0.02156	0.01354	0.06262	0.01192	0.01428	0.00886	0.00677	0.00552	0.00225	0.00720	0.00488	0.00422	0.00845
35	0.05405	0.02224	0.02450	0.14342	0.26640	0.26130	0.06170	0.04384	0.01766	0.02142	0.01248	0.01601	0.01010	0.00687	0.00682	0.00208	0.01024	0.00576	0.00367	0.00944
36	0.05047	0.00789	0.00842	0.00815	0.00976	0.00829	0.00591	0.03762	0.03797	0.02370	0.02196	0.02992	0.01923	0.17007	0.09271	0.00394	0.00619	0.00744	0.44384	0.00651
37	0.02440	0.01809	0.01985	0.01562	0.02070	0.01994	0.01276	0.50695	0.08980	0.06175	0.01887	0.04901	0.01444	0.00926	0.00790	0.00219	0.04208	0.00705	0.00682	0.05251
38	0.02309	0.02234	0.01798	0.01585	0.01990	0.29245	0.01225	0.08625	0.27806	0.09435	0.02045	0.02023	0.01544	0.01041	0.03685	0.00252	0.00925	0.00645	0.00585	0.01004
39	0.01023	0.00745	0.00948	0.01016	0.01133	0.00699	0.00712	0.03834	0.01494	0.02027	0.08755	0.52134	0.04281	0.07458	0.01078	0.00301	0.00464	0.05210	0.00639	0.06049
40	0.01617	0.02079	0.13748	0.05523	0.08513	0.01683	0.44443	0.02206	0.01621	0.02266	0.01386	0.01804	0.01050	0.00612	0.00772	0.00223	0.01079	0.00731	0.00355	0.08290
41	0.01413	0.06327	0.56749	0.01890	0.02792	0.01583	0.04915	0.02120	0.01535	0.02251	0.07653	0.01881	0.01460	0.00805	0.00762	0.02962	0.00964	0.00606	0.00348	0.00982
42	0.00849	0.00722	0.00731	0.00729	0.00966	0.00604	0.00546	0.01035	0.01639	0.01963	0.09852	0.06789	0.67581	0.01789	0.00842	0.00240	0.00360	0.01494	0.00666	0.00604
43	0.00925	0.00704	0.00861	0.00931	0.01081	0.00639	0.00696	0.01136	0.01606	0.02079	0.16331	0.29279	0.27517	0.01911	0.00885	0.00267	0.00419	0.11438	0.00681	0.00614
44	0.17955	0.02165	0.23594	0.04443	0.08870	0.01640	0.01667	0.05408	0.16879	0.05430	0.01758	0.02008	0.01346	0.00797	0.00656	0.00230	0.00771	0.02890	0.00485	0.01008
45	0.01752	0.01753	0.02645	0.19296	0.49862	0.08092	0.02066	0.02165	0.01614	0.02162	0.01301	0.01749	0.01069	0.00661	0.00701	0.00215	0.00909	0.00618	0.00346	0.01026
46	0.01428	0.03683	0.71286	0.02030	0.03082	0.01654	0.02631	0.02255	0.01503	0.02255	0.01278	0.01503	0.00902	0.00677	0.00677	0.00226	0.01052	0.00526	0.00301	0.01052
47	0.02707	0.01995	0.02137	0.01638	0.02208	0.02208	0.01353	0.68159	0.03348	0.04488	0.01710	0.01710	0.01211	0.00855	0.00712	0.00214	0.00784	0.00641	0.00712	0.01211
48	0.01519	0.16184	0.57519	0.01916	0.02881	0.01862	0.04276	0.02234	0.01499	0.02154	0.01232	0.01452	0.00909	0.00663	0.00643	0.00213	0.01006	0.00510	0.00303	0.01025
49	0.00868	0.00620	0.00826	0.00991	0.01033	0.00578	0.00661	0.00991	0.01363	0.01818	0.03925	0.74510	0.04710	0.02231	0.00909	0.00289	0.00413	0.02024	0.00661	0.00578
50	0.01114	0.00751	0.00986	0.00914	0.01100	0.00690	0.00690	0.01447	0.02017	0.06169	0.66884	0.05178	0.06478	0.01428	0.00834	0.00224	0.00349	0.01260	0.00789	0.00698
51	0.01560	0.03088	0.48702	0.06288	0.18511	0.05084	0.02434	0.02245	0.01551	0.02224	0.01283	0.01572	0.00957	0.00672	0.00683	0.00221	0.01011	0.00553	0.00317	0.01045
52	0.01844	0.01642	0.02525	0.12453	0.44366	0.01728	0.01906	0.14255	0.04121	0.02658	0.01559	0.04899	0.01307	0.00764	0.00717	0.00219	0.00820	0.00700	0.00439	0.01077
53	0.00847	0.00700	0.00744	0.00779	0.00977	0.00596	0.00567	0.01015	0.01567	0.01901	0.06509	0.21353	0.56199	0.01895	0.00856	0.00251	0.00372	0.01615	0.00661	0.00596
54	0.17299	0.01242	0.01541	0.01206	0.01737	0.01148	0.00996	0.03217	0.01886	0.58571	0.02475	0.02191	0.01581	0.00841	0.00666	0.00220	0.00596	0.00655	0.00800	0.01131

[dist]
# distance from previous block
# <min> <max>
0	2

[block]
# block no. 6 follows, 29 sequences, length 60
# corresponding to MSA columns:
# 308-367
name=unknown_G
#
# <colnr> <probs for GDERKNQSTAVLIFYWHMCP>
#	G	D	E	R	K	N	Q	S	T	A	V	L	I	F	Y	W	H	M	C	P
0	0.02707	0.01995	0.02137	0.01638	0.02208	0.02208	0.01353	0.68159	0.03348	0.04488	0.01710	0.01710	0.01211	0.00855	0.00712	0.00214	0.00784	0.00641	0.00712	0.01211
1	0.01762	0.01692	0.02890	0.04371	0.70533	0.01692	0.02185	0.02185	0.01621	0.02326	0.01339	0.01762	0.01128	0.00634	0.00705	0.00211	0.00846	0.00634	0.00352	0.01128
2	0.01147	0.00820	0.01147	0.01311	0.01475	0.00820	0.01147	0.01475	0.01639	0.02131	0.03770	0.08032	0.04098	0.01967	0.00984	0.00328	0.00656	0.65741	0.00656	0.00656
3	0.02660	0.03394	0.02018	0.01834	0.02201	0.72116	0.01376	0.02843	0.02018	0.01743	0.01101	0.01284	0.00917	0.00734	0.00642	0.00183	0.01284	0.00459	0.00367	0.00825
4	0.01017	0.00763	0.01144	0.01144	0.01272	0.00890	0.00890	0.01272	0.01144	0.01653	0.01907	0.02797	0.01780	0.05340	0.72153	0.01144	0.01907	0.00763	0.00381	0.00636
5	0.01345	0.01266	0.02136	0.73264	0.04904	0.01582	0.01978	0.01819	0.01424	0.01819	0.01266	0.01898	0.00949	0.00712	0.00712	0.00237	0.00949	0.00633	0.00316	0.00791
6	0.03195	0.01212	0.01652	0.01267	0.01818	0.01047	0.01047	0.03470	0.02038	0.71026	0.02809	0.02424	0.01763	0.00881	0.00716	0.00220	0.00606	0.00716	0.00881	0.01212
7	0.01237	0.00618	0.00928	0.00928	0.00928	0.00618	0.00618	0.00928	0.00928	0.01237	0.01237	0.02165	0.01237	0.02474	0.02783	0.79283	0.00618	0.00618	0.00309	0.00309
8	0.02232	0.02648	0.01794	0.01646	0.01958	0.50605	0.01248	0.05121	0.01844	0.01832	0.01337	0.01698	0.01155	0.01944	0.19353	0.00436	0.01427	0.00546	0.00385	0.00792
9	0.01558	0.01558	0.02181	0.01869	0.01869	0.02181	0.01558	0.01714	0.01091	0.01714	0.00935	0.01558	0.00935	0.01246	0.02337	0.00312	0.73672	0.00623	0.00312	0.00779
10	0.01345	0.01266	0.02136	0.73264	0.04904	0.01582	0.01978	0.01819	0.01424	0.01819	0.01266	0.01898	0.00949	0.00712	0.00712	0.00237	0.00949	0.00633	0.00316	0.00791
11	0.01338	0.00726	0.00788	0.03658	0.01039	0.00765	0.00603	0.01668	0.01473	0.02581	0.02221	0.02577	0.01752	0.00843	0.00585	0.00175	0.03474	0.00661	0.72400	0.00674
12	0.01237	0.00618	0.00928	0.00928	0.00928	0.00618	0.00618	0.00928	0.00928	0.01237	0.01237	0.02165	0.01237	0.02474	0.02783	0.79283	0.00618	0.00618	0.00309	0.00309
13	0.00868	0.00620	0.00826	0.00991	0.01033	0.00578	0.00661	0.00991	0.01363	0.01818	0.03925	0.74510	0.04710	0.02231	0.00909	0.00289	0.00413	0.02024	0.00661	0.00578
14	0.00992	0.00727	0.00930	0.00879	0.01054	0.00665	0.00659	0.01313	0.01978	0.02765	0.64067	0.05467	0.12866	0.01489	0.00840	0.00226	0.00338	0.01309	0.00772	0.00665
15	0.05209	0.01892	0.02015	0.01561	0.02091	0.02093	0.01276	0.61750	0.03132	0.04251	0.01719	0.01875	0.01282	0.05465	0.00885	0.00244	0.00770	0.00657	0.00686	0.01148
16	0.01019	0.00757	0.01115	0.01115	0.01232	0.00874	0.00854	0.01253	0.01136	0.01632	0.01934	0.02944	0.01844	0.10837	0.66744	0.01109	0.01811	0.00784	0.00385	0.00620
17	0.01147	0.00820	0.01147	0.01311	0.01475	0.00820	0.01147	0.01475	0.01639	0.02131	0.03770	0.08032	0.04098	0.01967	0.00984	0.00328	0.00656	0.65741	0.00656	0.00656
18	0.02092	0.01623	0.01747	0.01470	0.01937	0.01807	0.01170	0.20877	0.44483	0.07385	0.02499	0.02335	0.01840	0.00911	0.00712	0.00226	0.00623	0.00738	0.00716	0.04810
19	0.08076	0.04505	0.07063	0.24078	0.12546	0.01479	0.01520	0.04908	0.06035	0.04205	0.04400	0.02796	0.13664	0.00934	0.00703	0.00227	0.00736	0.00782	0.00465	0.00877
20	0.01558	0.06088	0.62802	0.01966	0.02960	0.01744	0.02468	0.08044	0.01664	0.02431	0.01306	0.01509	0.00930	0.00690	0.00672	0.00222	0.01018	0.00531	0.00337	0.01061
21	0.01656	0.01872	0.04047	0.08261	0.03810	0.01784	0.63009	0.02246	0.01661	0.02246	0.01427	0.01919	0.01071	0.00609	0.00831	0.00240	0.01182	0.00825	0.00357	0.00948
22	0.01207	0.00805	0.01047	0.00983	0.01183	0.00756	0.00759	0.03745	0.02006	0.07002	0.55550	0.07787	0.05928	0.01472	0.00843	0.00235	0.00398	0.06803	0.00772	0.00719
23	0.00917	0.00690	0.00919	0.01121	0.04134	0.00642	0.00736	0.01071	0.01422	0.01869	0.04235	0.59266	0.13142	0.02091	0.00894	0.00281	0.00437	0.04875	0.00647	0.00609
24	0.01575	0.07763	0.02620	0.01920	0.02272	0.01725	0.22753	0.06527	0.01537	0.02171	0.01664	0.09744	0.01542	0.01336	0.06502	0.00316	0.19798	0.00840	0.06558	0.00838
25	0.01428	0.03683	0.71286	0.02030	0.03082	0.01654	0.02631	0.02255	0.01503	0.02255	0.01278	0.01503	0.00902	0.00677	0.00677	0.00226	0.01052	0.00526	0.00301	0.01052
26	0.00890	0.00634	0.00815	0.00950	0.00994	0.00595	0.00624	0.00999	0.01329	0.01762	0.03837	0.61784	0.07328	0.12333	0.01284	0.00343	0.00449	0.01864	0.00629	0.00559
27	0.02032	0.06399	0.02540	0.05320	0.28307	0.25211	0.06650	0.04225	0.04795	0.02143	0.01599	0.01861	0.04315	0.00742	0.00688	0.00205	0.00981	0.00625	0.00395	0.00968
28	0.01755	0.01859	0.08719	0.08492	0.47598	0.03872	0.02013	0.07763	0.01757	0.02426	0.01714	0.02042	0.05345	0.00738	0.00710	0.00216	0.00850	0.00673	0.00396	0.01063
29	0.02585	0.02003	0.02061	0.01619	0.02149	0.06426	0.01324	0.58280	0.05964	0.04122	0.01732	0.01775	0.01260	0.01062	0.04048	0.00257	0.00858	0.00643	0.00676	0.01157
30	0.01476	0.01399	0.02373	0.51628	0.25515	0.01617	0.02043	0.01934	0.01486	0.01979	0.01289	0.01856	0.01005	0.00688	0.00710	0.00229	0.00917	0.00633	0.00328	0.00897
31	0.04376	0.12736	0.08096	0.09892	0.09885	0.12010	0.01554	0.10837	0.04938	0.02356	0.04382	0.01781	0.01324	0.00969	0.03257	0.00249	0.09408	0.00596	0.00422	0.00931
32	0.01237	0.00618	0.00928	0.00928	0.00928	0.00618	0.00618	0.00928	0.00928	0.01237	0.01237	0.02165	0.01237	0.02474	0.02783	0.79283	0.00618	0.00618	0.00309	0.00309
33	0.03176	0.01242	0.01671	0.01281	0.01833	0.01091	0.01058	0.05954	0.02088	0.68471	0.02767	0.02396	0.01741	0.00880	0.00716	0.00220	0.00613	0.00713	0.00875	0.01212
34	0.56950	0.01381	0.01202	0.01035	0.01481	0.04017	0.00845	0.02364	0.01456	0.17125	0.05192	0.01653	0.01310	0.00753	0.00527	0.00219	0.00577	0.00506	0.00548	0.00859
35	0.00868	0.00620	0.00826	0.00991	0.01033	0.00578	0.00661	0.00991	0.01363	0.01818	0.03925	0.74510	0.04710	0.02231	0.00909	0.00289	0.00413	0.02024	0.00661	0.00578
36	0.01675	0.01752	0.02164	0.01866	0.01905	0.09589	0.01539	0.01833	0.01189	0.01717	0.00952	0.01529	0.00933	0.01192	0.02157	0.00298	0.66004	0.00606	0.00317	0.00784
37	0.01008	0.00728	0.00952	0.00896	0.01064	0.00672	0.00672	0.01344	0.02016	0.02855	0.70158	0.05319	0.06719	0.01456	0.00840	0.00224	0.00336	0.01288	0.00784	0.00672
38	0.03165	0.01260	0.01682	0.01290	0.01842	0.01118	0.01065	0.07447	0.02119	0.66936	0.02742	0.02380	0.01729	0.00880	0.00716	0.00220	0.00617	0.00711	0.00871	0.01212
39	0.01904	0.75404	0.03731	0.01218	0.01828	0.02818	0.01218	0.02132	0.01447	0.01675	0.00990	0.01142	0.00914	0.00609	0.00457	0.00152	0.00761	0.00381	0.00305	0.00914
40	0.02594	0.02894	0.02061	0.01785	0.02180	0.48666	0.01383	0.20057	0.02305	0.02467	0.01250	0.01416	0.00996	0.00802	0.00780	0.00201	0.06266	0.00519	0.00454	0.00924
41	0.02429	0.01726	0.01840	0.01442	0.01930	0.01897	0.01181	0.54746	0.02974	0.04118	0.01833	0.01900	0.01335	0.00850	0.00669	0.00204	0.00692	0.00646	0.16489	0.01101
42	0.01327	0.00664	0.00664	0.00664	0.00830	0.00664	0.00498	0.01659	0.01493	0.02655	0.02323	0.02655	0.01825	0.00830	0.00498	0.00166	0.00332	0.00664	0.78928	0.00664
43	0.01036	0.00690	0.00777	0.00777	0.00777	0.00690	0.00431	0.01036	0.01036	0.01381	0.02244	0.04660	0.02589	0.74975	0.03624	0.00690	0.00690	0.01036	0.00431	0.00431
44	0.01609	0.01644	0.02173	0.01868	0.01885	0.05453	0.01549	0.01767	0.01134	0.01715	0.00942	0.01545	0.00934	0.01222	0.02258	0.00306	0.70285	0.00615	0.00314	0.00781
45	0.01017	0.00763	0.01144	0.01144	0.01272	0.00890	0.00890	0.01272	0.01144	0.01653	0.01907	0.02797	0.01780	0.05340	0.72153	0.01144	0.01907	0.00763	0.00381	0.00636
46	0.01345	0.01266	0.02136	0.73264	0.04904	0.01582	0.01978	0.01819	0.01424	0.01819	0.01266	0.01898	0.00949	0.00712	0.00712	0.00237	0.00949	0.00633	0.00316	0.00791
47	0.01726	0.01454	0.05823	0.43399	0.03697	0.01542	0.01708	0.10194	0.04911	0.10331	0.01770	0.05101	0.01390	0.00863	0.00728	0.00237	0.00845	0.02898	0.00475	0.00909
48	0.01419	0.01374	0.02421	0.59528	0.10887	0.01615	0.08875	0.01902	0.01469	0.01915	0.01291	0.01888	0.00980	0.00693	0.00725	0.00235	0.00966	0.00655	0.00324	0.00840
49	0.00868	0.00620	0.00826	0.00991	0.01033	0.00578	0.00661	0.00991	0.01363	0.01818	0.03925	0.74510	0.04710	0.02231	0.00909	0.00289	0.00413	0.02024	0.00661	0.00578
50	0.01095	0.00782	0.01088	0.01252	0.01393	0.00775	0.01057	0.01385	0.01588	0.02073	0.03799	0.20405	0.04212	0.02016	0.00970	0.00321	0.00611	0.53882	0.00657	0.00641
51	0.01025	0.00772	0.01043	0.01114	0.01221	0.00754	0.03089	0.04308	0.04644	0.02013	0.03685	0.65184	0.04299	0.02050	0.00889	0.00282	0.00465	0.01861	0.00656	0.00647
52	0.09243	0.01387	0.02093	0.43273	0.16479	0.01607	0.01770	0.06026	0.03846	0.02258	0.01587	0.02024	0.03968	0.00756	0.00690	0.00230	0.00842	0.00652	0.00388	0.00882
53	0.01041	0.00870	0.00942	0.00981	0.01183	0.03453	0.00762	0.01345	0.04803	0.02081	0.11282	0.15976	0.35013	0.01787	0.00869	0.00263	0.00475	0.15564	0.00663	0.00650
54	0.00973	0.00694	0.00878	0.00987	0.01055	0.00667	0.00673	0.03203	0.01402	0.01856	0.03697	0.53229	0.06898	0.14314	0.01359	0.00354	0.00486	0.06072	0.00624	0.00580
55	0.06366	0.07908	0.53056	0.01957	0.06384	0.01663	0.02253	0.02248	0.01532	0.05226	0.04102	0.01666	0.01179	0.00709	0.00657	0.00219	0.00943	0.00553	0.00357	0.01021
56	0.13583	0.26397	0.14970	0.01448	0.02031	0.08967	0.03617	0.07495	0.03756	0.02326	0.01363	0.03964	0.01167	0.03106	0.00672	0.00212	0.00819	0.00550	0.02650	0.00907
57	0.01713	0.01352	0.01821	0.06622	0.04226	0.01443	0.07933	0.24424	0.02094	0.02850	0.06374	0.17798	0.02419	0.08864	0.01120	0.00285	0.02997	0.01036	0.03759	0.00868
58	0.01731	0.01511	0.05642	0.07605	0.02106	0.05526	0.08859	0.17334	0.01886	0.02654	0.01717	0.02117	0.01362	0.01482	0.09789	0.06676	0.00908	0.00665	0.19593	0.00836
