[name]
unknown

[dist]
# distance from previous block
# <min> <max>
7	43

[block]
# block no. 0 follows, 28 sequences, length 187
# corresponding to MSA columns:
# 51-237
name=unknown_A
#
# <colnr> <probs for GDERKNQSTAVLIFYWHMCP>
#	G	D	E	R	K	N	Q	S	T	A	V	L	I	F	Y	W	H	M	C	P
0	0.05139	0.03571	0.01725	0.08046	0.02056	0.06159	0.02904	0.16439	0.06698	0.14028	0.10223	0.06043	0.09223	0.03475	0.00843	0.00244	0.00691	0.00892	0.00653	0.00950
1	0.04887	0.06039	0.08068	0.09150	0.06719	0.13411	0.01386	0.04064	0.06632	0.06397	0.10983	0.11386	0.02390	0.01071	0.00805	0.00231	0.04102	0.00869	0.00522	0.00886
2	0.05008	0.12551	0.12104	0.01612	0.02165	0.09267	0.06348	0.10260	0.09394	0.04594	0.04518	0.04711	0.04164	0.00891	0.00753	0.00214	0.03918	0.00701	0.00499	0.06327
3	0.12815	0.14170	0.04094	0.03828	0.10647	0.04055	0.01315	0.14744	0.01928	0.07512	0.03496	0.04865	0.01561	0.00865	0.00649	0.00208	0.00730	0.04097	0.00518	0.07903
4	0.01442	0.03638	0.10160	0.03371	0.06234	0.06164	0.01186	0.07632	0.03728	0.02444	0.15107	0.12352	0.15074	0.01332	0.00843	0.02842	0.00640	0.01077	0.03922	0.00813
5	0.06880	0.01360	0.01727	0.06836	0.04445	0.06614	0.06109	0.04831	0.01803	0.05348	0.26534	0.06318	0.05405	0.01183	0.01009	0.00243	0.10997	0.00966	0.00582	0.00811
6	0.04464	0.01134	0.03368	0.01266	0.01620	0.01016	0.08688	0.06070	0.01946	0.07677	0.32033	0.08046	0.13805	0.01299	0.00809	0.00230	0.00543	0.01151	0.00684	0.04153
7	0.12268	0.01274	0.01719	0.08439	0.06480	0.01325	0.06140	0.12134	0.01951	0.08942	0.17677	0.13336	0.03015	0.01150	0.00759	0.00238	0.00643	0.01002	0.00624	0.00886
8	0.01891	0.13070	0.02173	0.12236	0.06861	0.09173	0.01358	0.14111	0.12838	0.02695	0.11727	0.02381	0.02124	0.01044	0.03033	0.00246	0.00813	0.00721	0.00542	0.00963
9	0.02100	0.01146	0.01467	0.01228	0.03664	0.00988	0.00942	0.02482	0.04941	0.30131	0.15906	0.03146	0.07680	0.00993	0.00718	0.00199	0.00531	0.00834	0.00724	0.20179
10	0.01635	0.01588	0.02758	0.27960	0.39214	0.01718	0.07272	0.02088	0.01567	0.02164	0.01332	0.01851	0.01076	0.00699	0.00805	0.00232	0.04029	0.00663	0.00346	0.01003
11	0.01373	0.01292	0.02180	0.72707	0.05006	0.01615	0.02019	0.01857	0.01453	0.01857	0.01292	0.01938	0.00969	0.00727	0.00727	0.00242	0.00969	0.00646	0.00323	0.00807
12	0.02763	0.02036	0.02182	0.01672	0.02254	0.02254	0.01382	0.67496	0.03418	0.04581	0.01745	0.01745	0.01236	0.00873	0.00727	0.00218	0.00800	0.00654	0.00727	0.01236
13	0.29535	0.01624	0.01631	0.01526	0.07923	0.05599	0.01104	0.15323	0.04310	0.05339	0.01519	0.04854	0.01242	0.00784	0.00600	0.00203	0.00672	0.00584	0.00525	0.15106
14	0.01243	0.00953	0.01329	0.01549	0.11804	0.01000	0.00942	0.04906	0.01368	0.01896	0.03977	0.09553	0.02380	0.29360	0.23837	0.00698	0.01086	0.00980	0.00458	0.00678
15	0.01469	0.00892	0.01147	0.01024	0.01281	0.00840	0.00788	0.01939	0.07384	0.14355	0.52923	0.04712	0.05631	0.01347	0.00827	0.00229	0.00408	0.01176	0.00812	0.00816
16	0.01165	0.00674	0.00890	0.00897	0.00982	0.00644	0.00634	0.01077	0.01237	0.01654	0.05490	0.03781	0.17162	0.02163	0.02024	0.47280	0.00538	0.04343	0.06917	0.00446
17	0.00952	0.00689	0.00881	0.01016	0.01074	0.00667	0.00677	0.01169	0.04962	0.01876	0.03783	0.63411	0.04458	0.09244	0.01188	0.00333	0.00458	0.01901	0.00655	0.00606
18	0.02486	0.01423	0.01671	0.01360	0.01843	0.01453	0.01097	0.16212	0.20106	0.30787	0.06552	0.02863	0.06773	0.01014	0.00748	0.00231	0.00611	0.00827	0.00801	0.01141
19	0.01034	0.00686	0.00904	0.01001	0.01099	0.00632	0.00693	0.01205	0.01543	0.05700	0.14263	0.56869	0.07502	0.02063	0.00904	0.00279	0.00418	0.01857	0.00706	0.00641
20	0.01027	0.00684	0.00800	0.00846	0.00867	0.00672	0.00508	0.01079	0.01173	0.01601	0.02760	0.23418	0.03188	0.50906	0.02776	0.00565	0.00608	0.01310	0.04718	0.00494
21	0.09995	0.00889	0.01046	0.00971	0.01234	0.00833	0.00734	0.01737	0.01742	0.15585	0.23184	0.16736	0.16866	0.04082	0.00902	0.00259	0.00452	0.01267	0.00722	0.00764
22	0.01123	0.00765	0.00954	0.00982	0.01135	0.00718	0.00700	0.01419	0.05226	0.06462	0.20633	0.36129	0.13860	0.05173	0.01005	0.00283	0.00428	0.01609	0.00713	0.00681
23	0.01195	0.00843	0.00959	0.00914	0.01167	0.00769	0.00689	0.01574	0.07443	0.08429	0.19229	0.12361	0.38418	0.01651	0.00844	0.00245	0.00408	0.01407	0.00727	0.00728
24	0.01330	0.00912	0.01036	0.00964	0.01254	0.00848	0.00750	0.01800	0.10358	0.10939	0.16357	0.05679	0.38450	0.01562	0.00835	0.00245	0.00438	0.04733	0.00732	0.00776
25	0.01101	0.00848	0.01297	0.01240	0.01389	0.00981	0.03343	0.01374	0.01205	0.01768	0.01914	0.02767	0.01760	0.04868	0.62525	0.01048	0.04560	0.00771	0.04573	0.00668
26	0.28909	0.01517	0.01490	0.01222	0.01667	0.01675	0.00988	0.28900	0.02203	0.07215	0.01669	0.01905	0.01282	0.05449	0.00791	0.00245	0.00643	0.00597	0.10673	0.00959
27	0.02368	0.01624	0.01756	0.01399	0.01865	0.01758	0.01132	0.43146	0.06620	0.08669	0.02236	0.02346	0.04117	0.04288	0.00835	0.00236	0.00679	0.00725	0.13119	0.01082
28	0.01404	0.00824	0.01155	0.04335	0.01305	0.00874	0.00801	0.08036	0.01252	0.01681	0.01381	0.02211	0.01300	0.02551	0.09155	0.59462	0.00792	0.00649	0.00366	0.00467
29	0.13350	0.01436	0.01641	0.01305	0.01792	0.01463	0.01055	0.21205	0.04428	0.32261	0.04258	0.02384	0.01740	0.07264	0.00953	0.00265	0.00660	0.00712	0.00741	0.01086
30	0.01011	0.00742	0.00947	0.00896	0.01075	0.00678	0.00672	0.01337	0.02015	0.02815	0.62984	0.05595	0.13473	0.01523	0.00858	0.00230	0.00346	0.01338	0.00787	0.00678
31	0.01117	0.00890	0.01304	0.01260	0.01367	0.01087	0.00989	0.01353	0.01157	0.01687	0.01819	0.02741	0.01723	0.07155	0.59597	0.01033	0.11908	0.00768	0.00381	0.00663
32	0.01708	0.01981	0.08554	0.04816	0.02412	0.10601	0.11604	0.04052	0.04093	0.02024	0.01320	0.01820	0.01133	0.01507	0.09851	0.00375	0.30249	0.00665	0.00369	0.00865
33	0.01179	0.01005	0.01626	0.01459	0.01634	0.01173	0.07850	0.01462	0.01218	0.01762	0.01771	0.02601	0.01633	0.04417	0.55419	0.00964	0.10979	0.00769	0.00378	0.00702
34	0.01716	0.01961	0.04289	0.03064	0.03799	0.01838	0.67279	0.02328	0.01716	0.02328	0.01471	0.01961	0.01103	0.00613	0.00858	0.00245	0.01225	0.00858	0.00368	0.00980
35	0.01094	0.00801	0.01011	0.00991	0.01020	0.00886	0.00662	0.01171	0.01105	0.01526	0.02193	0.08180	0.02438	0.48792	0.17520	0.00740	0.07891	0.01019	0.00432	0.00527
36	0.13591	0.07967	0.34934	0.01823	0.02564	0.01627	0.11320	0.02080	0.01489	0.02345	0.01662	0.12255	0.01504	0.00907	0.00696	0.00236	0.00898	0.00777	0.00393	0.00934
37	0.02497	0.02642	0.02116	0.01970	0.07506	0.37127	0.01436	0.21142	0.05127	0.02715	0.03891	0.01697	0.01310	0.00841	0.00785	0.00209	0.04914	0.00590	0.00501	0.00983
38	0.00940	0.00672	0.00906	0.01075	0.01141	0.00638	0.00770	0.01107	0.01446	0.01917	0.03976	0.61354	0.04688	0.02226	0.00942	0.00303	0.00469	0.14151	0.00674	0.00606
39	0.01507	0.01292	0.01507	0.01077	0.01723	0.00969	0.00861	0.01830	0.01507	0.02369	0.01292	0.01507	0.01077	0.00538	0.00538	0.00108	0.00538	0.00431	0.00431	0.78898
40	0.01674	0.01391	0.04416	0.06528	0.13877	0.03535	0.03689	0.06703	0.03861	0.09799	0.20002	0.08909	0.06161	0.01111	0.00774	0.00226	0.00655	0.00979	0.00611	0.05100
41	0.01560	0.01290	0.01513	0.01083	0.01727	0.00972	0.00868	0.01882	0.01525	0.04425	0.01340	0.01537	0.01098	0.00549	0.00544	0.00111	0.00541	0.00440	0.00445	0.76551
42	0.00942	0.00713	0.01043	0.01136	0.01221	0.00668	0.04292	0.01104	0.01421	0.01894	0.03863	0.67359	0.04582	0.02176	0.00927	0.00294	0.00475	0.04616	0.00658	0.00615
43	0.19631	0.01606	0.01604	0.01393	0.01842	0.01843	0.01107	0.14245	0.42272	0.03352	0.02311	0.02201	0.01727	0.00896	0.00672	0.00237	0.00610	0.00696	0.00672	0.01083
44	0.03079	0.01238	0.01660	0.01285	0.01829	0.01080	0.01053	0.05303	0.02070	0.62923	0.02819	0.05383	0.01879	0.00942	0.00732	0.00223	0.00613	0.00772	0.00867	0.04250
45	0.01655	0.13660	0.36890	0.02353	0.11426	0.01844	0.12902	0.02285	0.01604	0.04259	0.03572	0.01738	0.01202	0.00694	0.00695	0.00219	0.00991	0.00613	0.00358	0.01040
46	0.01686	0.02104	0.10625	0.02958	0.06649	0.01843	0.53862	0.02285	0.01658	0.02292	0.01417	0.01888	0.01078	0.00663	0.00930	0.00247	0.05667	0.00803	0.00358	0.00986
47	0.02752	0.01124	0.01524	0.01207	0.01680	0.00981	0.00981	0.03047	0.02075	0.55025	0.18074	0.03148	0.02953	0.01033	0.00760	0.00226	0.00556	0.00864	0.00877	0.01111
48	0.79588	0.01406	0.01068	0.00956	0.01406	0.01631	0.00787	0.02137	0.01237	0.03261	0.01012	0.01181	0.00787	0.00675	0.00450	0.00225	0.00562	0.00394	0.00450	0.00787
49	0.01776	0.01704	0.02909	0.08120	0.66440	0.01721	0.02219	0.02211	0.01644	0.02347	0.01363	0.01807	0.01142	0.00652	0.00720	0.00217	0.00869	0.00648	0.00358	0.01133
50	0.01373	0.01292	0.02180	0.72707	0.05006	0.01615	0.02019	0.01857	0.01453	0.01857	0.01292	0.01938	0.00969	0.00727	0.00727	0.00242	0.00969	0.00646	0.00323	0.00807
51	0.79588	0.01406	0.01068	0.00956	0.01406	0.01631	0.00787	0.02137	0.01237	0.03261	0.01012	0.01181	0.00787	0.00675	0.00450	0.00225	0.00562	0.00394	0.00450	0.00787
52	0.01057	0.00705	0.00793	0.00793	0.00793	0.00705	0.00440	0.01057	0.01057	0.01409	0.02290	0.04757	0.02643	0.74454	0.03700	0.00705	0.00705	0.01057	0.00440	0.00440
53	0.02763	0.02036	0.02182	0.01672	0.02254	0.02254	0.01382	0.67496	0.03418	0.04581	0.01745	0.01745	0.01236	0.00873	0.00727	0.00218	0.00800	0.00654	0.00727	0.01236
54	0.01458	0.03760	0.70688	0.02072	0.03146	0.01688	0.02686	0.02302	0.01535	0.02302	0.01304	0.01535	0.00921	0.00691	0.00691	0.00230	0.01074	0.00537	0.00307	0.01074
55	0.01217	0.01141	0.06372	0.01149	0.01369	0.01047	0.00960	0.01466	0.01584	0.05255	0.19994	0.08323	0.22369	0.09258	0.01436	0.00305	0.14274	0.01176	0.00596	0.00709
56	0.01772	0.03238	0.52828	0.02027	0.02981	0.01712	0.06647	0.09864	0.01807	0.08153	0.01494	0.01664	0.01041	0.00723	0.00709	0.00229	0.01015	0.00588	0.00408	0.01100
57	0.03261	0.01237	0.01687	0.01293	0.01856	0.01068	0.01068	0.03543	0.02081	0.70423	0.02868	0.02474	0.01799	0.00900	0.00731	0.00225	0.00619	0.00731	0.00900	0.01237
58	0.01062	0.00797	0.01035	0.04164	0.01407	0.00776	0.00929	0.01310	0.01565	0.01996	0.04438	0.14256	0.19705	0.09576	0.01233	0.00344	0.00587	0.33558	0.00632	0.00629
59	0.01861	0.01968	0.05162	0.06290	0.54978	0.08732	0.05891	0.02294	0.01689	0.02293	0.01344	0.01755	0.01113	0.00660	0.00720	0.00216	0.00940	0.00638	0.00359	0.01097
60	0.01590	0.01590	0.02226	0.01908	0.01908	0.02226	0.01590	0.01749	0.01113	0.01749	0.00954	0.01590	0.00954	0.01272	0.02385	0.00318	0.73123	0.00636	0.00318	0.00795
61	0.01022	0.00743	0.00962	0.00908	0.01082	0.00683	0.00681	0.01359	0.02042	0.02878	0.67103	0.05491	0.09315	0.01500	0.00857	0.00229	0.00344	0.01323	0.00795	0.00683
62	0.01709	0.01687	0.02624	0.11536	0.43360	0.05396	0.06605	0.02231	0.06056	0.02286	0.01999	0.02330	0.07373	0.00790	0.00741	0.00224	0.00862	0.00744	0.00410	0.01034
63	0.05756	0.01243	0.01667	0.01282	0.01841	0.01087	0.01059	0.03497	0.02053	0.68228	0.02807	0.02432	0.01766	0.00892	0.00722	0.00225	0.00617	0.00720	0.00885	0.01222
64	0.00886	0.00633	0.00843	0.01012	0.01054	0.00590	0.00675	0.01012	0.01392	0.01856	0.04006	0.73979	0.04808	0.02277	0.00928	0.00295	0.00422	0.02066	0.00675	0.00590
65	0.01849	0.01511	0.01610	0.01440	0.01852	0.01720	0.01122	0.03732	0.62335	0.06636	0.03130	0.02871	0.04893	0.01016	0.00744	0.00245	0.00569	0.00845	0.00746	0.01134
66	0.01692	0.05448	0.25054	0.02615	0.03446	0.01852	0.41303	0.05302	0.01727	0.02399	0.01413	0.01785	0.01045	0.00650	0.00784	0.00236	0.01140	0.00729	0.00363	0.01020
67	0.00948	0.00668	0.00856	0.00948	0.01004	0.00632	0.00627	0.01086	0.01439	0.01950	0.15328	0.47020	0.04713	0.17500	0.01505	0.00371	0.00468	0.01718	0.00647	0.00576
68	0.79588	0.01406	0.01068	0.00956	0.01406	0.01631	0.00787	0.02137	0.01237	0.03261	0.01012	0.01181	0.00787	0.00675	0.00450	0.00225	0.00562	0.00394	0.00450	0.00787
69	0.01507	0.01292	0.01507	0.01077	0.01723	0.00969	0.00861	0.01830	0.01507	0.02369	0.01292	0.01507	0.01077	0.00538	0.00538	0.00108	0.00538	0.00431	0.00431	0.78898
70	0.01590	0.01590	0.02226	0.01908	0.01908	0.02226	0.01590	0.01749	0.01113	0.01749	0.00954	0.01590	0.00954	0.01272	0.02385	0.00318	0.73123	0.00636	0.00318	0.00795
71	0.01817	0.01421	0.01632	0.01202	0.01823	0.01218	0.00969	0.12625	0.04725	0.06403	0.01521	0.01649	0.01190	0.00631	0.00588	0.00138	0.00586	0.00500	0.00517	0.58845
72	0.01016	0.00743	0.00954	0.00901	0.01078	0.00680	0.00676	0.01347	0.02027	0.02843	0.64821	0.05549	0.11618	0.01513	0.00857	0.00230	0.00345	0.01331	0.00791	0.00680
73	0.62002	0.01494	0.01306	0.03949	0.01697	0.01708	0.00938	0.12331	0.01612	0.05623	0.01198	0.01341	0.00898	0.00715	0.00513	0.00225	0.00617	0.00455	0.00503	0.00873
74	0.02763	0.02036	0.02182	0.01672	0.02254	0.02254	0.01382	0.67496	0.03418	0.04581	0.01745	0.01745	0.01236	0.00873	0.00727	0.00218	0.00800	0.00654	0.00727	0.01236
75	0.01847	0.60216	0.13502	0.01356	0.02046	0.02592	0.01434	0.02175	0.01487	0.01835	0.01070	0.01240	0.00939	0.00627	0.00503	0.00164	0.00807	0.00413	0.00317	0.05430
76	0.03139	0.01283	0.01701	0.01310	0.01860	0.01150	0.01080	0.08622	0.02188	0.62641	0.05218	0.02524	0.01939	0.00919	0.00735	0.00225	0.00623	0.00746	0.00882	0.01217
77	0.00883	0.00641	0.00834	0.00988	0.01048	0.00592	0.00664	0.01015	0.01414	0.01865	0.04294	0.68232	0.10369	0.02240	0.00922	0.00291	0.00417	0.02021	0.00675	0.00592
78	0.01762	0.41847	0.11261	0.01391	0.01930	0.06747	0.01364	0.02157	0.04468	0.02034	0.11785	0.01979	0.01909	0.00833	0.00710	0.00193	0.05723	0.00591	0.00410	0.00906
79	0.01236	0.03681	0.06765	0.08178	0.01865	0.01360	0.01242	0.01460	0.01319	0.01835	0.02537	0.31312	0.04973	0.04938	0.01452	0.00305	0.23094	0.01252	0.00480	0.00716
80	0.06185	0.01244	0.01663	0.01280	0.01838	0.01090	0.01058	0.03489	0.02048	0.67851	0.02797	0.02425	0.01761	0.00891	0.00720	0.00225	0.00616	0.00718	0.00882	0.01220
81	0.00896	0.00651	0.00846	0.00981	0.01051	0.00601	0.00666	0.01047	0.01473	0.01959	0.10128	0.62401	0.10276	0.02171	0.00916	0.00285	0.00410	0.01956	0.00686	0.00601
82	0.01675	0.04716	0.17583	0.02862	0.06349	0.01838	0.49401	0.02314	0.01669	0.02305	0.01418	0.01842	0.01063	0.00630	0.00806	0.00238	0.01165	0.00769	0.00353	0.01005
83	0.01038	0.00779	0.01168	0.01168	0.01298	0.00909	0.00909	0.01298	0.01168	0.01687	0.01947	0.02856	0.01817	0.05452	0.71573	0.01168	0.01947	0.00779	0.00389	0.00649
84	0.01024	0.00743	0.00965	0.00909	0.01083	0.00684	0.00682	0.01362	0.02046	0.02887	0.67700	0.05476	0.08712	0.01497	0.00857	0.00229	0.00344	0.01321	0.00796	0.00684
85	0.01029	0.00729	0.01065	0.01135	0.01236	0.00678	0.04288	0.01188	0.01438	0.04728	0.03822	0.67122	0.04483	0.02130	0.00916	0.00290	0.00473	0.01946	0.00668	0.00638
86	0.05089	0.01994	0.14236	0.05787	0.07466	0.04471	0.09382	0.05714	0.13358	0.21945	0.02059	0.02084	0.01445	0.00800	0.00726	0.00230	0.00834	0.00690	0.00588	0.01101
87	0.02542	0.02093	0.25621	0.01548	0.02272	0.01268	0.01614	0.03022	0.01890	0.43962	0.05093	0.02271	0.01704	0.00851	0.00722	0.00227	0.00765	0.00688	0.00690	0.01158
88	0.02039	0.01147	0.01373	0.01149	0.01520	0.01121	0.00913	0.14936	0.04097	0.22365	0.19879	0.06586	0.09260	0.01184	0.00759	0.00224	0.00522	0.00990	0.08983	0.00952
89	0.01490	0.03538	0.62487	0.02194	0.03227	0.01707	0.10663	0.02305	0.01557	0.02305	0.01325	0.01587	0.00943	0.00681	0.00711	0.00232	0.01093	0.00577	0.00314	0.01063
90	0.02041	0.02209	0.05353	0.03039	0.34723	0.18484	0.01805	0.05111	0.15239	0.02443	0.01639	0.01852	0.01307	0.00750	0.00707	0.00216	0.00920	0.00635	0.00451	0.01077
91	0.00885	0.00737	0.00773	0.00764	0.00998	0.00625	0.00573	0.01094	0.01719	0.02112	0.17028	0.06752	0.59868	0.01786	0.00859	0.00243	0.00364	0.01500	0.00694	0.00625
92	0.01799	0.01727	0.02950	0.04462	0.69919	0.01727	0.02231	0.02231	0.01655	0.02375	0.01367	0.01799	0.01151	0.00648	0.00720	0.00216	0.00864	0.00648	0.00360	0.01151
93	0.01777	0.02578	0.28694	0.03118	0.33173	0.05461	0.04413	0.02414	0.04215	0.05164	0.01457	0.01740	0.01118	0.00692	0.00711	0.00222	0.00959	0.00613	0.00378	0.01103
94	0.01841	0.01543	0.01668	0.01529	0.03788	0.01742	0.01167	0.11908	0.50859	0.03115	0.03116	0.03063	0.07213	0.01060	0.00755	0.00245	0.00601	0.02963	0.00720	0.01105
95	0.03156	0.01306	0.01781	0.01484	0.05526	0.01168	0.01148	0.06925	0.02130	0.63220	0.02727	0.02399	0.01734	0.00885	0.00730	0.00224	0.00641	0.00722	0.00861	0.01232
96	0.01541	0.01523	0.02130	0.01846	0.01849	0.02112	0.01526	0.01698	0.01133	0.01757	0.01168	0.06650	0.01224	0.01343	0.02284	0.00316	0.68042	0.00736	0.00343	0.00781
97	0.01255	0.00634	0.00941	0.00941	0.00941	0.00634	0.00624	0.00951	0.00951	0.01268	0.01301	0.02304	0.01314	0.05193	0.02873	0.75953	0.00634	0.00647	0.00320	0.00320
98	0.01476	0.06398	0.68207	0.02041	0.03099	0.01732	0.02632	0.02297	0.01533	0.02280	0.01294	0.01521	0.00921	0.00688	0.00682	0.00227	0.01063	0.00532	0.00307	0.01069
99	0.01148	0.00770	0.01010	0.00935	0.01127	0.00706	0.00706	0.01488	0.02059	0.06534	0.65962	0.05271	0.06587	0.01455	0.00851	0.00228	0.00358	0.01283	0.00806	0.00715
100	0.01923	0.71839	0.06679	0.01279	0.01921	0.02825	0.01306	0.02182	0.01479	0.01736	0.01023	0.01182	0.00932	0.00625	0.00476	0.00159	0.00790	0.00395	0.00311	0.00939
101	0.01029	0.00743	0.00972	0.00914	0.01086	0.00686	0.00686	0.01372	0.02058	0.02915	0.69536	0.05430	0.06859	0.01486	0.00857	0.00229	0.00343	0.01315	0.00800	0.00686
102	0.01725	0.06068	0.43785	0.02213	0.03092	0.12622	0.15733	0.02396	0.01651	0.02204	0.01299	0.01574	0.00961	0.00681	0.00711	0.00224	0.01131	0.00587	0.00330	0.01014
103	0.01008	0.00727	0.00953	0.00929	0.01081	0.00672	0.00684	0.01318	0.01959	0.02758	0.59820	0.15594	0.06555	0.01603	0.00868	0.00238	0.00355	0.01426	0.00782	0.00672
104	0.01879	0.63635	0.11271	0.01419	0.02097	0.02696	0.04432	0.02198	0.01494	0.01804	0.01064	0.01243	0.00939	0.00629	0.00509	0.00168	0.00831	0.00427	0.00313	0.00951
105	0.01112	0.00960	0.04086	0.01338	0.07999	0.00843	0.00878	0.03445	0.01514	0.02038	0.10087	0.32410	0.10726	0.17455	0.01474	0.00358	0.00554	0.01463	0.00591	0.00668
106	0.01057	0.00705	0.00793	0.00793	0.00793	0.00705	0.00440	0.01057	0.01057	0.01409	0.02290	0.04757	0.02643	0.74454	0.03700	0.00705	0.00705	0.01057	0.00440	0.00440
107	0.01553	0.01890	0.12795	0.01877	0.02065	0.02063	0.01707	0.01889	0.03460	0.01928	0.04018	0.01784	0.01244	0.01182	0.02002	0.00298	0.56392	0.00656	0.00351	0.00846
108	0.02503	0.01260	0.01580	0.01266	0.01719	0.01209	0.01024	0.14631	0.04922	0.37314	0.20894	0.03159	0.03096	0.01058	0.00765	0.00226	0.00575	0.00880	0.00835	0.01083
109	0.01944	0.02073	0.05316	0.03790	0.49860	0.11474	0.07685	0.04835	0.01780	0.02370	0.01354	0.01734	0.01112	0.00669	0.00722	0.00215	0.00962	0.00637	0.00375	0.01094
110	0.06626	0.01771	0.01908	0.01509	0.01990	0.01958	0.01221	0.48727	0.05724	0.06000	0.04727	0.02202	0.01631	0.07509	0.01030	0.00267	0.02699	0.00714	0.00684	0.01101
111	0.79588	0.01406	0.01068	0.00956	0.01406	0.01631	0.00787	0.02137	0.01237	0.03261	0.01012	0.01181	0.00787	0.00675	0.00450	0.00225	0.00562	0.00394	0.00450	0.00787
112	0.02672	0.01166	0.01533	0.01224	0.01684	0.01057	0.00986	0.05547	0.04748	0.49584	0.15346	0.03106	0.02781	0.04067	0.00878	0.00246	0.00576	0.00855	0.00849	0.01097
113	0.02616	0.03294	0.01999	0.01819	0.02191	0.66227	0.01366	0.02883	0.04901	0.01839	0.01406	0.01557	0.03236	0.00795	0.00666	0.00192	0.01248	0.00518	0.00400	0.00848
114	0.04689	0.01423	0.02016	0.45834	0.03801	0.06419	0.04484	0.01912	0.03703	0.01971	0.01924	0.06420	0.06370	0.00934	0.00833	0.00246	0.05040	0.00786	0.00394	0.00800
115	0.00977	0.00698	0.00947	0.01103	0.01189	0.00668	0.00821	0.01177	0.01510	0.02006	0.07473	0.50970	0.04734	0.02156	0.00946	0.00303	0.00490	0.20532	0.00680	0.00619
116	0.08475	0.06866	0.01378	0.01071	0.01369	0.04872	0.00845	0.04816	0.01949	0.09991	0.37971	0.08373	0.06675	0.01277	0.00765	0.00224	0.00505	0.01076	0.00703	0.00799
117	0.46382	0.05570	0.01589	0.01225	0.01719	0.01894	0.01016	0.21261	0.07696	0.03542	0.01393	0.01476	0.01049	0.00756	0.00556	0.00221	0.00644	0.00506	0.00548	0.00957
118	0.79588	0.01406	0.01068	0.00956	0.01406	0.01631	0.00787	0.02137	0.01237	0.03261	0.01012	0.01181	0.00787	0.00675	0.00450	0.00225	0.00562	0.00394	0.00450	0.00787
119	0.00906	0.00647	0.00864	0.01021	0.01075	0.00606	0.00697	0.01053	0.01439	0.01926	0.07512	0.67483	0.04891	0.02223	0.00927	0.00293	0.00428	0.04727	0.00681	0.00599
120	0.01045	0.00700	0.00796	0.00808	0.00811	0.00697	0.00457	0.01054	0.01080	0.01441	0.02410	0.09595	0.02794	0.69409	0.03506	0.00676	0.00685	0.01128	0.00457	0.00451
121	0.01757	0.01534	0.02464	0.09437	0.46014	0.01562	0.01861	0.06667	0.01842	0.04988	0.12519	0.02421	0.02092	0.00815	0.00744	0.00221	0.00775	0.00759	0.00473	0.01055
122	0.76258	0.04558	0.01186	0.00968	0.01425	0.01684	0.00807	0.02138	0.01247	0.03195	0.01012	0.01180	0.00793	0.00672	0.00451	0.00222	0.00572	0.00393	0.00444	0.00793
123	0.01675	0.01601	0.02727	0.24306	0.51044	0.01695	0.02169	0.02122	0.01597	0.02224	0.01345	0.01839	0.01098	0.00671	0.00722	0.00224	0.00894	0.00647	0.00349	0.01051
124	0.02030	0.01672	0.01769	0.01524	0.01975	0.01912	0.01204	0.18655	0.53452	0.03399	0.02677	0.02487	0.01990	0.00960	0.00737	0.00240	0.00627	0.00783	0.00737	0.01170
125	0.00889	0.00644	0.00840	0.00988	0.01050	0.00596	0.00666	0.01028	0.01436	0.01903	0.06659	0.66408	0.09781	0.02215	0.00920	0.00289	0.00415	0.01999	0.00679	0.00596
126	0.01086	0.00764	0.00964	0.00915	0.01114	0.00694	0.00698	0.01397	0.01967	0.05178	0.52679	0.05736	0.18064	0.01554	0.00860	0.00236	0.00373	0.04255	0.00775	0.00692
127	0.01038	0.00779	0.01168	0.01168	0.01298	0.00909	0.00909	0.01298	0.01168	0.01687	0.01947	0.02856	0.01817	0.05452	0.71573	0.01168	0.01947	0.00779	0.00389	0.00649
128	0.02790	0.01993	0.02155	0.01652	0.02233	0.02190	0.01365	0.64042	0.03345	0.08136	0.01806	0.01785	0.01267	0.00874	0.00727	0.00219	0.00790	0.00659	0.00736	0.01236
129	0.01943	0.74891	0.03809	0.01244	0.01866	0.02876	0.01244	0.02177	0.01477	0.01710	0.01011	0.01166	0.00933	0.00622	0.00466	0.00155	0.00777	0.00389	0.00311	0.00933
130	0.00882	0.00649	0.00827	0.00969	0.01043	0.00594	0.00656	0.01017	0.01433	0.01872	0.04528	0.63567	0.14883	0.02209	0.00917	0.00287	0.00413	0.01984	0.00675	0.00594
131	0.02446	0.05822	0.02114	0.01837	0.04723	0.41285	0.01384	0.15520	0.04616	0.02392	0.01377	0.01594	0.01121	0.01164	0.06324	0.00278	0.04066	0.00553	0.00453	0.00931
132	0.01590	0.01590	0.02226	0.01908	0.01908	0.02226	0.01590	0.01749	0.01113	0.01749	0.00954	0.01590	0.00954	0.01272	0.02385	0.00318	0.73123	0.00636	0.00318	0.00795
133	0.00909	0.00738	0.00806	0.00789	0.01013	0.00635	0.00592	0.01140	0.01775	0.02245	0.25770	0.06532	0.51043	0.01736	0.00859	0.00240	0.00361	0.01469	0.00712	0.00635
134	0.00979	0.00737	0.00906	0.00872	0.01058	0.00663	0.00651	0.01273	0.01928	0.02628	0.50921	0.08517	0.22982	0.01609	0.00861	0.00236	0.00353	0.01401	0.00763	0.00663
135	0.00911	0.00657	0.00864	0.00985	0.01058	0.00609	0.00673	0.01080	0.01524	0.02056	0.16266	0.59048	0.07340	0.02116	0.00912	0.00281	0.00405	0.01909	0.00698	0.00609
136	0.01390	0.01309	0.02211	0.69976	0.07604	0.01619	0.02027	0.01872	0.01462	0.01878	0.01295	0.01932	0.00976	0.00724	0.00726	0.00241	0.00965	0.00646	0.00324	0.00821
137	0.00894	0.00742	0.00785	0.00785	0.01018	0.00633	0.00596	0.01105	0.01709	0.02095	0.15219	0.06846	0.58735	0.01802	0.00865	0.00247	0.00378	0.04229	0.00691	0.00625
138	0.01597	0.01177	0.01362	0.01278	0.01532	0.01242	0.00964	0.24222	0.05734	0.02876	0.03160	0.42662	0.03407	0.01711	0.00851	0.00267	0.00570	0.03845	0.00696	0.00847
139	0.01507	0.01292	0.01507	0.01077	0.01723	0.00969	0.00861	0.01830	0.01507	0.02369	0.01292	0.01507	0.01077	0.00538	0.00538	0.00108	0.00538	0.00431	0.00431	0.78898
140	0.01799	0.01727	0.02950	0.04462	0.69919	0.01727	0.02231	0.02231	0.01655	0.02375	0.01367	0.01799	0.01151	0.00648	0.00720	0.00216	0.00864	0.00648	0.00360	0.01151
141	0.01038	0.00779	0.01168	0.01168	0.01298	0.00909	0.00909	0.01298	0.01168	0.01687	0.01947	0.02856	0.01817	0.05452	0.71573	0.01168	0.01947	0.00779	0.00389	0.00649
142	0.02212	0.01673	0.15965	0.01392	0.01948	0.01167	0.01335	0.05148	0.04170	0.33045	0.16317	0.05182	0.02824	0.01059	0.00764	0.00233	0.00659	0.03132	0.00728	0.01047
143	0.02529	0.05138	0.02066	0.01491	0.02086	0.01893	0.01236	0.44230	0.02797	0.11318	0.01745	0.01752	0.01253	0.00797	0.00678	0.00194	0.00726	0.00606	0.00668	0.16796
144	0.01545	0.15172	0.57715	0.01971	0.02961	0.01885	0.04581	0.02283	0.01531	0.02207	0.01263	0.01489	0.00929	0.00677	0.00660	0.00219	0.01031	0.00524	0.00310	0.01048
145	0.03089	0.01350	0.04325	0.01326	0.01894	0.01129	0.01130	0.06160	0.02116	0.62518	0.05200	0.02515	0.01927	0.00912	0.00734	0.00225	0.00634	0.00742	0.00866	0.01211
146	0.35500	0.01496	0.06303	0.16444	0.06006	0.01528	0.01286	0.02197	0.07301	0.04697	0.09172	0.02055	0.01702	0.00812	0.00619	0.00231	0.00678	0.00623	0.00486	0.00864
147	0.01620	0.25409	0.46656	0.01872	0.02790	0.02059	0.05733	0.02265	0.01527	0.02123	0.01224	0.01445	0.00934	0.00665	0.00631	0.00208	0.00992	0.00509	0.00311	0.01026
148	0.02617	0.03186	0.02257	0.02032	0.04758	0.58761	0.06036	0.07897	0.02128	0.02058	0.01205	0.01408	0.00979	0.00746	0.00677	0.00195	0.01249	0.00516	0.00401	0.00894
149	0.03115	0.01379	0.01764	0.01362	0.01921	0.01291	0.01122	0.13750	0.05344	0.56839	0.02693	0.02369	0.01729	0.00899	0.00731	0.00225	0.00645	0.00723	0.00865	0.01233
150	0.00876	0.00737	0.00759	0.00754	0.00992	0.00621	0.00565	0.01075	0.01696	0.02056	0.13389	0.06844	0.63542	0.01807	0.00859	0.00244	0.00366	0.01513	0.00687	0.00621
151	0.00886	0.00633	0.00843	0.01012	0.01054	0.00590	0.00675	0.01012	0.01392	0.01856	0.04006	0.73979	0.04808	0.02277	0.00928	0.00295	0.00422	0.02066	0.00675	0.00590
152	0.01022	0.00743	0.00962	0.00908	0.01082	0.00683	0.00681	0.01359	0.02042	0.02878	0.67103	0.05491	0.09315	0.01500	0.00857	0.00229	0.00344	0.01323	0.00795	0.00683
153	0.02763	0.02036	0.02182	0.01672	0.02254	0.02254	0.01382	0.67496	0.03418	0.04581	0.01745	0.01745	0.01236	0.00873	0.00727	0.00218	0.00800	0.00654	0.00727	0.01236
154	0.02763	0.02036	0.02182	0.01672	0.02254	0.02254	0.01382	0.67496	0.03418	0.04581	0.01745	0.01745	0.01236	0.00873	0.00727	0.00218	0.00800	0.00654	0.00727	0.01236
155	0.01590	0.01590	0.02226	0.01908	0.01908	0.02226	0.01590	0.01749	0.01113	0.01749	0.00954	0.01590	0.00954	0.01272	0.02385	0.00318	0.73123	0.00636	0.00318	0.00795
156	0.00859	0.00736	0.00736	0.00736	0.00982	0.00614	0.00552	0.01043	0.01657	0.01964	0.07364	0.06996	0.69624	0.01841	0.00859	0.00245	0.00368	0.01534	0.00675	0.00614
157	0.01943	0.74891	0.03809	0.01244	0.01866	0.02876	0.01244	0.02177	0.01477	0.01710	0.01011	0.01166	0.00933	0.00622	0.00466	0.00155	0.00777	0.00389	0.00311	0.00933
158	0.01808	0.01561	0.01644	0.01479	0.01890	0.01808	0.01151	0.03863	0.68606	0.03041	0.02959	0.02712	0.02219	0.00986	0.00740	0.00247	0.00575	0.00822	0.00740	0.01151
159	0.01029	0.00743	0.00972	0.00914	0.01086	0.00686	0.00686	0.01372	0.02058	0.02915	0.69536	0.05430	0.06859	0.01486	0.00857	0.00229	0.00343	0.01315	0.00800	0.00686
160	0.01149	0.00776	0.00867	0.00840	0.00871	0.00788	0.00491	0.04619	0.01184	0.01579	0.02261	0.04595	0.02567	0.70509	0.03540	0.00679	0.00710	0.01035	0.00456	0.00483
161	0.02743	0.01888	0.02068	0.01605	0.02169	0.02058	0.01320	0.53360	0.09092	0.13117	0.02002	0.01928	0.01399	0.00886	0.00729	0.00222	0.00756	0.00680	0.00751	0.01229
162	0.09532	0.01474	0.01599	0.01388	0.01836	0.01626	0.01098	0.03627	0.47350	0.18100	0.02753	0.02513	0.01989	0.00937	0.00710	0.00240	0.00584	0.00761	0.00748	0.01135
163	0.23894	0.02911	0.45985	0.01699	0.02559	0.01628	0.02031	0.02342	0.01488	0.07337	0.01330	0.01499	0.00944	0.00701	0.00625	0.00228	0.00896	0.00510	0.00389	0.01004
164	0.79588	0.01406	0.01068	0.00956	0.01406	0.01631	0.00787	0.02137	0.01237	0.03261	0.01012	0.01181	0.00787	0.00675	0.00450	0.00225	0.00562	0.00394	0.00450	0.00787
165	0.03261	0.01237	0.01687	0.01293	0.01856	0.01068	0.01068	0.03543	0.02081	0.70423	0.02868	0.02474	0.01799	0.00900	0.00731	0.00225	0.00619	0.00731	0.00900	0.01237
166	0.79588	0.01406	0.01068	0.00956	0.01406	0.01631	0.00787	0.02137	0.01237	0.03261	0.01012	0.01181	0.00787	0.00675	0.00450	0.00225	0.00562	0.00394	0.00450	0.00787
167	0.01943	0.74891	0.03809	0.01244	0.01866	0.02876	0.01244	0.02177	0.01477	0.01710	0.01011	0.01166	0.00933	0.00622	0.00466	0.00155	0.00777	0.00389	0.00311	0.00933
168	0.01355	0.00678	0.00678	0.00678	0.00847	0.00678	0.00508	0.01694	0.01524	0.02710	0.02371	0.02710	0.01863	0.00847	0.00508	0.00169	0.00339	0.00678	0.78489	0.00678
169	0.02763	0.02036	0.02182	0.01672	0.02254	0.02254	0.01382	0.67496	0.03418	0.04581	0.01745	0.01745	0.01236	0.00873	0.00727	0.00218	0.00800	0.00654	0.00727	0.01236
170	0.02763	0.02036	0.02182	0.01672	0.02254	0.02254	0.01382	0.67496	0.03418	0.04581	0.01745	0.01745	0.01236	0.00873	0.00727	0.00218	0.00800	0.00654	0.00727	0.01236
171	0.01355	0.00678	0.00678	0.00678	0.00847	0.00678	0.00508	0.01694	0.01524	0.02710	0.02371	0.02710	0.01863	0.00847	0.00508	0.00169	0.00339	0.00678	0.78489	0.00678
172	0.01021	0.00743	0.00961	0.00906	0.01081	0.00683	0.00680	0.01357	0.02039	0.02871	0.66685	0.05502	0.09736	0.01502	0.00857	0.00229	0.00344	0.01325	0.00794	0.00683
173	0.13590	0.01294	0.01624	0.01264	0.01812	0.01195	0.01044	0.06095	0.02024	0.58492	0.02568	0.02267	0.01638	0.00868	0.00693	0.00225	0.00619	0.00682	0.00831	0.01176
174	0.01029	0.00743	0.00972	0.00914	0.01086	0.00686	0.00686	0.01372	0.02058	0.02915	0.69536	0.05430	0.06859	0.01486	0.00857	0.00229	0.00343	0.01315	0.00800	0.00686
175	0.01171	0.00837	0.01171	0.01339	0.01506	0.00837	0.01171	0.01506	0.01673	0.02175	0.03849	0.08199	0.04183	0.02008	0.01004	0.00335	0.00669	0.65027	0.00669	0.00669
176	0.00886	0.00633	0.00843	0.01012	0.01054	0.00590	0.00675	0.01012	0.01392	0.01856	0.04006	0.73979	0.04808	0.02277	0.00928	0.00295	0.00422	0.02066	0.00675	0.00590
177	0.01458	0.03760	0.70688	0.02072	0.03146	0.01688	0.02686	0.02302	0.01535	0.02302	0.01304	0.01535	0.00921	0.00691	0.00691	0.00230	0.01074	0.00537	0.00307	0.01074
178	0.00886	0.00633	0.00843	0.01012	0.01054	0.00590	0.00675	0.01012	0.01392	0.01856	0.04006	0.73979	0.04808	0.02277	0.00928	0.00295	0.00422	0.02066	0.00675	0.00590
179	0.03261	0.01237	0.01687	0.01293	0.01856	0.01068	0.01068	0.03543	0.02081	0.70423	0.02868	0.02474	0.01799	0.00900	0.00731	0.00225	0.00619	0.00731	0.00900	0.01237
180	0.01373	0.01292	0.02180	0.72707	0.05006	0.01615	0.02019	0.01857	0.01453	0.01857	0.01292	0.01938	0.00969	0.00727	0.00727	0.00242	0.00969	0.00646	0.00323	0.00807
181	0.60381	0.01461	0.01261	0.01079	0.01539	0.01654	0.00885	0.12312	0.01654	0.06135	0.04874	0.01548	0.01223	0.00758	0.00526	0.00224	0.00590	0.00497	0.00530	0.00870
182	0.01041	0.00760	0.00919	0.00884	0.01094	0.00679	0.00675	0.01324	0.01893	0.04515	0.41673	0.06055	0.29165	0.01625	0.00862	0.00240	0.00378	0.04792	0.00751	0.00675
183	0.02763	0.02036	0.02182	0.01672	0.02254	0.02254	0.01382	0.67496	0.03418	0.04581	0.01745	0.01745	0.01236	0.00873	0.00727	0.00218	0.00800	0.00654	0.00727	0.01236
184	0.01709	0.01941	0.04178	0.03001	0.03697	0.01859	0.63732	0.02297	0.01683	0.02297	0.01443	0.01941	0.01095	0.00648	0.00940	0.00249	0.05108	0.00846	0.00365	0.00970
185	0.01496	0.00850	0.01139	0.01060	0.01150	0.00884	0.00748	0.11292	0.01331	0.01778	0.01338	0.02137	0.01259	0.02268	0.02512	0.66628	0.00658	0.00635	0.00380	0.00459
186	0.03261	0.01237	0.01687	0.01293	0.01856	0.01068	0.01068	0.03543	0.02081	0.70423	0.02868	0.02474	0.01799	0.00900	0.00731	0.00225	0.00619	0.00731	0.00900	0.01237

[dist]
# distance from previous block
# <min> <max>
0	1

[block]
# block no. 1 follows, 28 sequences, length 146
# corresponding to MSA columns:
# 239-264,282-401
name=unknown_B
#
# <colnr> <probs for GDERKNQSTAVLIFYWHMCP>
#	G	D	E	R	K	N	Q	S	T	A	V	L	I	F	Y	W	H	M	C	P
0	0.74988	0.01544	0.05168	0.01022	0.01508	0.01634	0.00899	0.02146	0.01255	0.03205	0.01029	0.01202	0.00795	0.00676	0.00464	0.00225	0.00592	0.00402	0.00441	0.00804
1	0.01046	0.00700	0.00796	0.00808	0.00810	0.00697	0.00456	0.01054	0.01080	0.01439	0.02406	0.09416	0.02788	0.69596	0.03513	0.00677	0.00686	0.01125	0.00456	0.00451
2	0.01780	0.01708	0.02916	0.07527	0.67004	0.01722	0.02221	0.02214	0.01646	0.02352	0.01364	0.01805	0.01143	0.00651	0.00720	0.00217	0.00868	0.00648	0.00358	0.01136
3	0.02477	0.02842	0.02231	0.06504	0.04920	0.45857	0.04442	0.12487	0.02128	0.02253	0.01241	0.01484	0.01000	0.00795	0.00809	0.00209	0.06446	0.00544	0.00420	0.00914
4	0.12464	0.01497	0.01759	0.01366	0.01920	0.01493	0.01128	0.22533	0.02378	0.42465	0.02304	0.02097	0.01507	0.00864	0.00695	0.00223	0.00666	0.00667	0.00793	0.01182
5	0.00993	0.00742	0.00923	0.00877	0.01064	0.00671	0.00658	0.01303	0.01974	0.02717	0.56600	0.05756	0.19918	0.01560	0.00858	0.00232	0.00348	0.01360	0.00774	0.00671
6	0.00859	0.00736	0.00736	0.00736	0.00982	0.00614	0.00552	0.01043	0.01657	0.01964	0.07364	0.06996	0.69624	0.01841	0.00859	0.00245	0.00368	0.01534	0.00675	0.00614
7	0.01057	0.00705	0.00793	0.00793	0.00793	0.00705	0.00440	0.01057	0.01057	0.01409	0.02290	0.04757	0.02643	0.74454	0.03700	0.00705	0.00705	0.01057	0.00440	0.00440
8	0.00886	0.00633	0.00843	0.01012	0.01054	0.00590	0.00675	0.01012	0.01392	0.01856	0.04006	0.73979	0.04808	0.02277	0.00928	0.00295	0.00422	0.02066	0.00675	0.00590
9	0.01057	0.00705	0.00793	0.00793	0.00793	0.00705	0.00440	0.01057	0.01057	0.01409	0.02290	0.04757	0.02643	0.74454	0.03700	0.00705	0.00705	0.01057	0.00440	0.00440
10	0.02715	0.03464	0.02060	0.01873	0.02247	0.71536	0.01404	0.02903	0.02060	0.01779	0.01124	0.01311	0.00936	0.00749	0.00655	0.00187	0.01311	0.00468	0.00375	0.00843
11	0.01808	0.01561	0.01644	0.01479	0.01890	0.01808	0.01151	0.03863	0.68606	0.03041	0.02959	0.02712	0.02219	0.00986	0.00740	0.00247	0.00575	0.00822	0.00740	0.01151
12	0.79588	0.01406	0.01068	0.00956	0.01406	0.01631	0.00787	0.02137	0.01237	0.03261	0.01012	0.01181	0.00787	0.00675	0.00450	0.00225	0.00562	0.00394	0.00450	0.00787
13	0.01458	0.03760	0.70688	0.02072	0.03146	0.01688	0.02686	0.02302	0.01535	0.02302	0.01304	0.01535	0.00921	0.00691	0.00691	0.00230	0.01074	0.00537	0.00307	0.01074
14	0.01458	0.03760	0.70688	0.02072	0.03146	0.01688	0.02686	0.02302	0.01535	0.02302	0.01304	0.01535	0.00921	0.00691	0.00691	0.00230	0.01074	0.00537	0.00307	0.01074
15	0.01480	0.06955	0.67684	0.02035	0.03089	0.01742	0.02621	0.02296	0.01532	0.02275	0.01291	0.01518	0.00921	0.00688	0.00681	0.00227	0.01061	0.00530	0.00307	0.01068
16	0.79588	0.01406	0.01068	0.00956	0.01406	0.01631	0.00787	0.02137	0.01237	0.03261	0.01012	0.01181	0.00787	0.00675	0.00450	0.00225	0.00562	0.00394	0.00450	0.00787
17	0.00886	0.00633	0.00843	0.01012	0.01054	0.00590	0.00675	0.01012	0.01392	0.01856	0.04006	0.73979	0.04808	0.02277	0.00928	0.00295	0.00422	0.02066	0.00675	0.00590
18	0.02688	0.03285	0.02055	0.01843	0.02235	0.63615	0.01394	0.08060	0.04482	0.02045	0.01237	0.01394	0.01005	0.00767	0.00664	0.00192	0.01245	0.00495	0.00415	0.00885
19	0.79588	0.01406	0.01068	0.00956	0.01406	0.01631	0.00787	0.02137	0.01237	0.03261	0.01012	0.01181	0.00787	0.00675	0.00450	0.00225	0.00562	0.00394	0.00450	0.00787
20	0.03261	0.01237	0.01687	0.01293	0.01856	0.01068	0.01068	0.03543	0.02081	0.70423	0.02868	0.02474	0.01799	0.00900	0.00731	0.00225	0.00619	0.00731	0.00900	0.01237
21	0.01590	0.01590	0.02226	0.01908	0.01908	0.02226	0.01590	0.01749	0.01113	0.01749	0.00954	0.01590	0.00954	0.01272	0.02385	0.00318	0.73123	0.00636	0.00318	0.00795
22	0.02763	0.02036	0.02182	0.01672	0.02254	0.02254	0.01382	0.67496	0.03418	0.04581	0.01745	0.01745	0.01236	0.00873	0.00727	0.00218	0.00800	0.00654	0.00727	0.01236
23	0.01057	0.00705	0.00793	0.00793	0.00793	0.00705	0.00440	0.01057	0.01057	0.01409	0.02290	0.04757	0.02643	0.74454	0.03700	0.00705	0.00705	0.01057	0.00440	0.00440
24	0.00895	0.00742	0.00787	0.00788	0.01021	0.00634	0.00600	0.01106	0.01706	0.02089	0.14698	0.06867	0.58738	0.01806	0.00866	0.00248	0.00380	0.04712	0.00690	0.00625
25	0.01848	0.01581	0.01666	0.01487	0.01905	0.01827	0.01160	0.06517	0.65887	0.03105	0.02908	0.02672	0.02178	0.00981	0.00739	0.00245	0.00585	0.00815	0.00739	0.01154
26	0.01716	0.01961	0.04289	0.03064	0.03799	0.01838	0.67279	0.02328	0.01716	0.02328	0.01471	0.01961	0.01103	0.00613	0.00858	0.00245	0.01225	0.00858	0.00368	0.00980
27	0.01590	0.01590	0.02226	0.01908	0.01908	0.02226	0.01590	0.01749	0.01113	0.01749	0.00954	0.01590	0.00954	0.01272	0.02385	0.00318	0.73123	0.00636	0.00318	0.00795
28	0.01587	0.01339	0.01550	0.01114	0.01756	0.01051	0.00894	0.05999	0.01629	0.02509	0.01321	0.01522	0.01087	0.00560	0.00550	0.00115	0.00555	0.00445	0.00449	0.73967
29	0.01263	0.00631	0.00947	0.00947	0.00947	0.00631	0.00631	0.00947	0.00947	0.01263	0.01263	0.02210	0.01263	0.02525	0.02841	0.78851	0.00631	0.00631	0.00316	0.00316
30	0.02705	0.02070	0.02176	0.04558	0.02365	0.05340	0.01408	0.61936	0.03277	0.04345	0.01699	0.01734	0.01212	0.00861	0.00724	0.00218	0.00830	0.00646	0.00695	0.01201
31	0.02082	0.16526	0.08463	0.02404	0.21814	0.02118	0.01680	0.21560	0.11067	0.02972	0.01614	0.01757	0.01256	0.00757	0.00672	0.00210	0.00807	0.00612	0.00504	0.01126
32	0.01903	0.01608	0.01697	0.01498	0.01926	0.01852	0.01173	0.10162	0.62153	0.03193	0.02838	0.02616	0.02122	0.00975	0.00738	0.00244	0.00598	0.00805	0.00738	0.01159
33	0.00932	0.00736	0.00840	0.00822	0.01028	0.00643	0.00613	0.01181	0.01817	0.02363	0.33571	0.08706	0.40750	0.01706	0.00861	0.00240	0.00359	0.01460	0.00728	0.00643
34	0.01468	0.01378	0.02175	0.54287	0.04267	0.01694	0.04217	0.02183	0.12001	0.02053	0.01538	0.02037	0.01169	0.00800	0.00844	0.00248	0.05702	0.00681	0.00390	0.00867
35	0.01053	0.00754	0.01028	0.01146	0.01276	0.00728	0.00914	0.01326	0.01671	0.02238	0.18192	0.27729	0.04957	0.01977	0.00949	0.00300	0.00523	0.31892	0.00699	0.00649
36	0.03261	0.01237	0.01687	0.01293	0.01856	0.01068	0.01068	0.03543	0.02081	0.70423	0.02868	0.02474	0.01799	0.00900	0.00731	0.00225	0.00619	0.00731	0.00900	0.01237
37	0.00901	0.00738	0.00795	0.00781	0.01008	0.00632	0.00586	0.01125	0.01757	0.02201	0.22869	0.06605	0.53971	0.01752	0.00859	0.00241	0.00362	0.01479	0.00706	0.00632
38	0.01943	0.74891	0.03809	0.01244	0.01866	0.02876	0.01244	0.02177	0.01477	0.01710	0.01011	0.01166	0.00933	0.00622	0.00466	0.00155	0.00777	0.00389	0.00311	0.00933
39	0.00886	0.00633	0.00843	0.01012	0.01054	0.00590	0.00675	0.01012	0.01392	0.01856	0.04006	0.73979	0.04808	0.02277	0.00928	0.00295	0.00422	0.02066	0.00675	0.00590
40	0.01458	0.03760	0.70688	0.02072	0.03146	0.01688	0.02686	0.02302	0.01535	0.02302	0.01304	0.01535	0.00921	0.00691	0.00691	0.00230	0.01074	0.00537	0.00307	0.01074
41	0.03261	0.01237	0.01687	0.01293	0.01856	0.01068	0.01068	0.03543	0.02081	0.70423	0.02868	0.02474	0.01799	0.00900	0.00731	0.00225	0.00619	0.00731	0.00900	0.01237
42	0.01143	0.00827	0.01131	0.01283	0.01458	0.00816	0.01114	0.01463	0.01672	0.02156	0.04173	0.08088	0.10216	0.01993	0.00991	0.00326	0.00642	0.59173	0.00670	0.00664
43	0.79588	0.01406	0.01068	0.00956	0.01406	0.01631	0.00787	0.02137	0.01237	0.03261	0.01012	0.01181	0.00787	0.00675	0.00450	0.00225	0.00562	0.00394	0.00450	0.00787
44	0.01182	0.00884	0.00977	0.00916	0.01187	0.00825	0.00699	0.01669	0.11067	0.06676	0.20839	0.05752	0.41458	0.01581	0.00834	0.00240	0.00407	0.01334	0.00727	0.00744
45	0.79588	0.01406	0.01068	0.00956	0.01406	0.01631	0.00787	0.02137	0.01237	0.03261	0.01012	0.01181	0.00787	0.00675	0.00450	0.00225	0.00562	0.00394	0.00450	0.00787
46	0.79588	0.01406	0.01068	0.00956	0.01406	0.01631	0.00787	0.02137	0.01237	0.03261	0.01012	0.01181	0.00787	0.00675	0.00450	0.00225	0.00562	0.00394	0.00450	0.00787
47	0.01876	0.01667	0.02817	0.08259	0.61353	0.01675	0.02137	0.02300	0.01673	0.07087	0.01467	0.01854	0.01186	0.00670	0.00721	0.00218	0.00853	0.00653	0.00395	0.01137
48	0.02783	0.02004	0.02162	0.01657	0.02238	0.02207	0.01369	0.64947	0.03364	0.07205	0.01790	0.01774	0.01259	0.00874	0.00727	0.00218	0.00793	0.00658	0.00734	0.01236
49	0.38689	0.01592	0.01582	0.01284	0.01778	0.01766	0.01061	0.23777	0.02086	0.14728	0.01557	0.01596	0.01108	0.00801	0.00664	0.00226	0.03541	0.00545	0.00610	0.01009
50	0.00866	0.00730	0.00750	0.00758	0.00989	0.00615	0.00564	0.01052	0.01654	0.01987	0.09132	0.10890	0.63823	0.01855	0.00863	0.00248	0.00371	0.01559	0.00679	0.00615
51	0.01057	0.00705	0.00793	0.00793	0.00793	0.00705	0.00440	0.01057	0.01057	0.01409	0.02290	0.04757	0.02643	0.74454	0.03700	0.00705	0.00705	0.01057	0.00440	0.00440
52	0.01716	0.01961	0.04289	0.03064	0.03799	0.01838	0.67279	0.02328	0.01716	0.02328	0.01471	0.01961	0.01103	0.00613	0.00858	0.00245	0.01225	0.00858	0.00368	0.00980
53	0.03136	0.01265	0.01683	0.01309	0.01859	0.01132	0.01075	0.03570	0.07811	0.64619	0.02876	0.02495	0.01836	0.00907	0.00732	0.00227	0.00615	0.00739	0.00886	0.01230
