[name]
unknown

[dist]
# distance from previous block
# <min> <max>
4	63

[block]
# block no. 0 follows, 28 sequences, length 15
# corresponding to MSA columns:
# 77-91
name=unknown_A
#
# <colnr> <probs for GDERKNQSTAVLIFYWHMCP>
#	G	D	E	R	K	N	Q	S	T	A	V	L	I	F	Y	W	H	M	C	P
0	0.02015	0.01459	0.01795	0.01425	0.01897	0.01473	0.05008	0.14553	0.16902	0.12563	0.03731	0.02420	0.01764	0.08432	0.01069	0.00257	0.03405	0.00722	0.00623	0.18491
1	0.01464	0.01060	0.01219	0.01093	0.01358	0.01073	0.00833	0.11945	0.08202	0.02752	0.19061	0.06823	0.03422	0.13675	0.01256	0.00304	0.00546	0.06575	0.09695	0.07645
2	0.01708	0.01219	0.01463	0.01121	0.01666	0.00979	0.00884	0.04572	0.01645	0.11688	0.01916	0.12076	0.01719	0.00851	0.00628	0.00155	0.00543	0.00716	0.00542	0.53909
3	0.01963	0.01590	0.02046	0.02009	0.11523	0.01771	0.05038	0.05230	0.40678	0.09898	0.02432	0.02390	0.01823	0.00931	0.00886	0.00245	0.07012	0.00769	0.00645	0.01122
4	0.01152	0.00861	0.01040	0.01028	0.01209	0.00842	0.00753	0.07127	0.05608	0.02567	0.28490	0.30377	0.12684	0.01737	0.00866	0.00255	0.00428	0.01532	0.00730	0.00716
5	0.01861	0.01472	0.02075	0.31070	0.03288	0.01666	0.04778	0.14144	0.11362	0.08614	0.05562	0.02228	0.01606	0.00854	0.00793	0.00234	0.03296	0.00719	0.00538	0.03841
6	0.01852	0.01513	0.01630	0.01423	0.01869	0.01671	0.01113	0.03609	0.57231	0.06597	0.02760	0.02559	0.02064	0.00930	0.00716	0.00229	0.00573	0.00772	0.00712	0.10178
7	0.01100	0.00818	0.01033	0.00966	0.01160	0.00789	0.00729	0.01600	0.08165	0.02926	0.63426	0.05180	0.06433	0.01440	0.00847	0.00230	0.00364	0.01269	0.00795	0.00729
8	0.02139	0.01700	0.01816	0.01522	0.01986	0.01917	0.01214	0.28880	0.38840	0.03642	0.06465	0.02492	0.02108	0.00971	0.00742	0.00234	0.00650	0.00785	0.00738	0.01157
9	0.00873	0.00737	0.00755	0.00750	0.00990	0.00619	0.00563	0.01069	0.01689	0.02039	0.12291	0.06871	0.64650	0.01813	0.00859	0.00244	0.00366	0.01517	0.00685	0.00619
10	0.02367	0.01801	0.01969	0.01485	0.02087	0.01849	0.01218	0.46788	0.02815	0.03883	0.01602	0.01670	0.01186	0.00767	0.00668	0.00183	0.00717	0.00584	0.00634	0.25726
11	0.01044	0.00758	0.01064	0.01064	0.01158	0.00852	0.00779	0.01231	0.01137	0.01610	0.02042	0.03382	0.02046	0.24563	0.52774	0.01040	0.01603	0.00856	0.00404	0.00591
12	0.02221	0.01702	0.01845	0.01483	0.01969	0.01855	0.01187	0.38602	0.18230	0.03652	0.02035	0.02222	0.01581	0.06624	0.03786	0.00289	0.00761	0.00708	0.00666	0.08582
13	0.01622	0.13022	0.33617	0.02264	0.03070	0.01952	0.23439	0.02245	0.01549	0.02179	0.01286	0.01626	0.00985	0.00706	0.00862	0.00232	0.07387	0.00629	0.00328	0.00999
14	0.00884	0.00640	0.00836	0.00994	0.01049	0.00592	0.00667	0.01014	0.01409	0.01863	0.04231	0.69497	0.09145	0.02248	0.00923	0.00292	0.00418	0.02031	0.00675	0.00592

[dist]
# distance from previous block
# <min> <max>
1	8

[block]
# block no. 1 follows, 28 sequences, length 147
# corresponding to MSA columns:
# 100-246
name=unknown_B
#
# <colnr> <probs for GDERKNQSTAVLIFYWHMCP>
#	G	D	E	R	K	N	Q	S	T	A	V	L	I	F	Y	W	H	M	C	P
0	0.01874	0.01681	0.02610	0.15977	0.43397	0.01760	0.01980	0.13324	0.01914	0.02660	0.01415	0.01800	0.01130	0.00695	0.00713	0.00216	0.00855	0.00638	0.00420	0.04941
1	0.05463	0.14227	0.04579	0.01705	0.02169	0.44624	0.01384	0.10059	0.05357	0.02220	0.01268	0.01409	0.01027	0.00750	0.00632	0.00192	0.01098	0.00494	0.00423	0.00922
2	0.02261	0.01143	0.01435	0.01194	0.01601	0.01084	0.00955	0.05181	0.08946	0.36061	0.11661	0.06427	0.14145	0.01207	0.00829	0.00237	0.02823	0.00996	0.00799	0.01015
3	0.01974	0.72035	0.03739	0.01269	0.01881	0.05622	0.01250	0.02206	0.01500	0.01713	0.01015	0.01172	0.00933	0.00627	0.00474	0.00157	0.00799	0.00392	0.00313	0.00929
4	0.00884	0.00638	0.00838	0.00999	0.01051	0.00592	0.00669	0.01014	0.01405	0.01861	0.04172	0.70674	0.08006	0.02256	0.00924	0.00293	0.00419	0.02040	0.00675	0.00592
5	0.02763	0.02036	0.02182	0.01672	0.02254	0.02254	0.01382	0.67496	0.03418	0.04581	0.01745	0.01745	0.01236	0.00873	0.00727	0.00218	0.00800	0.00654	0.00727	0.01236
6	0.01908	0.04742	0.03839	0.03675	0.01748	0.01074	0.01129	0.04769	0.01796	0.24286	0.03167	0.18685	0.03042	0.01503	0.00843	0.00271	0.00637	0.21292	0.00706	0.00891
7	0.01724	0.01666	0.02889	0.15713	0.55889	0.01714	0.05406	0.02174	0.01625	0.02287	0.01360	0.01830	0.01119	0.00659	0.00728	0.00222	0.00899	0.00658	0.00354	0.01086
8	0.00865	0.00737	0.00745	0.00743	0.00986	0.00616	0.00557	0.01055	0.01671	0.01998	0.09599	0.06939	0.67367	0.01828	0.00859	0.00245	0.00367	0.01526	0.00680	0.00616
9	0.01458	0.03760	0.70688	0.02072	0.03146	0.01688	0.02686	0.02302	0.01535	0.02302	0.01304	0.01535	0.00921	0.00691	0.00691	0.00230	0.01074	0.00537	0.00307	0.01074
10	0.01532	0.03095	0.47276	0.05857	0.03435	0.01730	0.22140	0.02288	0.01585	0.02288	0.01354	0.01683	0.00978	0.00669	0.00743	0.00235	0.01115	0.00639	0.00326	0.01033
11	0.79588	0.01406	0.01068	0.00956	0.01406	0.01631	0.00787	0.02137	0.01237	0.03261	0.01012	0.01181	0.00787	0.00675	0.00450	0.00225	0.00562	0.00394	0.00450	0.00787
12	0.01057	0.00705	0.00793	0.00793	0.00793	0.00705	0.00440	0.01057	0.01057	0.01409	0.02290	0.04757	0.02643	0.74454	0.03700	0.00705	0.00705	0.01057	0.00440	0.00440
13	0.79588	0.01406	0.01068	0.00956	0.01406	0.01631	0.00787	0.02137	0.01237	0.03261	0.01012	0.01181	0.00787	0.00675	0.00450	0.00225	0.00562	0.00394	0.00450	0.00787
14	0.01517	0.01301	0.01512	0.01090	0.01728	0.00997	0.00871	0.01898	0.03746	0.02391	0.01348	0.01548	0.01115	0.00553	0.00545	0.00112	0.00540	0.00444	0.00441	0.76303
15	0.02554	0.11509	0.02299	0.01897	0.04685	0.58711	0.01423	0.02755	0.01946	0.01792	0.01114	0.01322	0.00944	0.00749	0.00696	0.00189	0.03715	0.00471	0.00365	0.00863
16	0.76525	0.01431	0.01113	0.00984	0.01440	0.01656	0.00811	0.04743	0.01324	0.03314	0.01041	0.01203	0.00805	0.00683	0.00461	0.00225	0.00572	0.00404	0.00461	0.00805
17	0.00886	0.00633	0.00843	0.01012	0.01054	0.00590	0.00675	0.01012	0.01392	0.01856	0.04006	0.73979	0.04808	0.02277	0.00928	0.00295	0.00422	0.02066	0.00675	0.00590
18	0.79588	0.01406	0.01068	0.00956	0.01406	0.01631	0.00787	0.02137	0.01237	0.03261	0.01012	0.01181	0.00787	0.00675	0.00450	0.00225	0.00562	0.00394	0.00450	0.00787
19	0.00859	0.00736	0.00736	0.00736	0.00982	0.00614	0.00552	0.01043	0.01657	0.01964	0.07364	0.06996	0.69624	0.01841	0.00859	0.00245	0.00368	0.01534	0.00675	0.00614
20	0.00883	0.00644	0.00831	0.00981	0.01046	0.00593	0.00661	0.01016	0.01422	0.01868	0.04386	0.66416	0.12127	0.02228	0.00920	0.00290	0.00416	0.02006	0.00675	0.00593
21	0.02693	0.02001	0.02142	0.01658	0.02227	0.02221	0.01365	0.62797	0.08231	0.04467	0.01835	0.01817	0.01309	0.00881	0.00728	0.00220	0.00783	0.00667	0.00728	0.01230
22	0.00929	0.00739	0.00833	0.00810	0.01025	0.00643	0.00607	0.01179	0.01822	0.02355	0.32970	0.06351	0.43774	0.01695	0.00858	0.00239	0.00358	0.01444	0.00727	0.00643
23	0.02221	0.01760	0.02075	0.02058	0.13681	0.01940	0.01421	0.27909	0.29953	0.05798	0.02219	0.02178	0.01646	0.00882	0.00731	0.00230	0.00712	0.00725	0.00675	0.01186
24	0.01826	0.57718	0.19955	0.01444	0.02175	0.02589	0.01592	0.02207	0.01491	0.01853	0.01082	0.01255	0.00930	0.00638	0.00521	0.00174	0.00849	0.00425	0.00310	0.00967
25	0.01029	0.00743	0.00972	0.00914	0.01086	0.00686	0.00686	0.01372	0.02058	0.02915	0.69536	0.05430	0.06859	0.01486	0.00857	0.00229	0.00343	0.01315	0.00800	0.00686
26	0.01507	0.01292	0.01507	0.01077	0.01723	0.00969	0.00861	0.01830	0.01507	0.02369	0.01292	0.01507	0.01077	0.00538	0.00538	0.00108	0.00538	0.00431	0.00431	0.78898
27	0.74078	0.01572	0.05978	0.01035	0.01529	0.01635	0.00921	0.02148	0.01258	0.03194	0.01033	0.01206	0.00797	0.00676	0.00467	0.00225	0.00598	0.00404	0.00440	0.00807
28	0.01045	0.00753	0.01039	0.01039	0.01124	0.00838	0.00747	0.01215	0.01130	0.01592	0.02065	0.03511	0.02102	0.29249	0.48165	0.01008	0.01519	0.00875	0.00407	0.00577
29	0.02320	0.01786	0.01940	0.01498	0.02072	0.01873	0.01220	0.42447	0.11840	0.03820	0.01798	0.01818	0.01331	0.00805	0.00682	0.00194	0.00704	0.00622	0.00655	0.20576
30	0.02054	0.04048	0.01682	0.01361	0.01748	0.01538	0.01077	0.29920	0.07843	0.10231	0.07881	0.22045	0.02788	0.01310	0.00785	0.00241	0.00622	0.01107	0.00722	0.00997
31	0.00943	0.00632	0.00859	0.01002	0.01038	0.00597	0.00668	0.01002	0.01324	0.01765	0.03589	0.63063	0.04269	0.02315	0.01219	0.12243	0.00454	0.01848	0.00620	0.00549
32	0.01373	0.01292	0.02180	0.72707	0.05006	0.01615	0.02019	0.01857	0.01453	0.01857	0.01292	0.01938	0.00969	0.00727	0.00727	0.00242	0.00969	0.00646	0.00323	0.00807
33	0.01562	0.01622	0.03162	0.36109	0.10847	0.01722	0.30070	0.02096	0.01586	0.02110	0.01376	0.01934	0.01044	0.00670	0.00782	0.00241	0.01069	0.00737	0.00346	0.00915
34	0.02654	0.05966	0.02113	0.01826	0.02220	0.63562	0.01388	0.05494	0.04645	0.01937	0.01215	0.01377	0.00997	0.00758	0.00655	0.00190	0.01243	0.00486	0.00400	0.00874
35	0.00886	0.00633	0.00843	0.01012	0.01054	0.00590	0.00675	0.01012	0.01392	0.01856	0.04006	0.73979	0.04808	0.02277	0.00928	0.00295	0.00422	0.02066	0.00675	0.00590
36	0.00886	0.00633	0.00843	0.01012	0.01054	0.00590	0.00675	0.01012	0.01392	0.01856	0.04006	0.73979	0.04808	0.02277	0.00928	0.00295	0.00422	0.02066	0.00675	0.00590
37	0.01668	0.05236	0.02754	0.17462	0.03045	0.04651	0.18225	0.04254	0.01487	0.02049	0.01243	0.01771	0.01034	0.00907	0.01358	0.00262	0.28041	0.00678	0.03010	0.00864
38	0.00891	0.00635	0.00842	0.01005	0.01046	0.00594	0.00667	0.01014	0.01381	0.01841	0.03950	0.71722	0.04737	0.04631	0.01018	0.00309	0.00431	0.02034	0.00667	0.00586
39	0.14685	0.01560	0.01777	0.01383	0.01935	0.01595	0.01142	0.27105	0.02449	0.35730	0.02168	0.02006	0.01436	0.00855	0.00687	0.00222	0.00677	0.00651	0.00767	0.01168
40	0.01660	0.01386	0.01588	0.01158	0.01789	0.01144	0.00930	0.09338	0.04042	0.02642	0.01401	0.01576	0.01134	0.00592	0.00567	0.00125	0.00569	0.00470	0.00475	0.67414
41	0.01370	0.01288	0.02155	0.67201	0.07445	0.01581	0.01971	0.01841	0.01469	0.01882	0.01529	0.02128	0.03626	0.00767	0.00732	0.00241	0.00942	0.00680	0.00338	0.00814
42	0.00886	0.00633	0.00843	0.01012	0.01054	0.00590	0.00675	0.01012	0.01392	0.01856	0.04006	0.73979	0.04808	0.02277	0.00928	0.00295	0.00422	0.02066	0.00675	0.00590
43	0.03261	0.01237	0.01687	0.01293	0.01856	0.01068	0.01068	0.03543	0.02081	0.70423	0.02868	0.02474	0.01799	0.00900	0.00731	0.00225	0.00619	0.00731	0.00900	0.01237
44	0.16053	0.02357	0.02034	0.02002	0.11443	0.27198	0.01401	0.18837	0.02164	0.05160	0.01346	0.01515	0.01045	0.00778	0.00715	0.00212	0.03721	0.00542	0.00490	0.00986
45	0.00886	0.00633	0.00843	0.01012	0.01054	0.00590	0.00675	0.01012	0.01392	0.01856	0.04006	0.73979	0.04808	0.02277	0.00928	0.00295	0.00422	0.02066	0.00675	0.00590
46	0.01608	0.01351	0.01561	0.01124	0.01765	0.01072	0.00903	0.07073	0.01660	0.02545	0.01328	0.01526	0.01089	0.00565	0.00553	0.00116	0.00559	0.00449	0.00454	0.72697
47	0.01499	0.06469	0.63754	0.02189	0.07301	0.01738	0.02600	0.02293	0.01540	0.02283	0.01297	0.01537	0.00936	0.00685	0.00683	0.00226	0.01049	0.00538	0.00310	0.01073
48	0.01596	0.21957	0.50890	0.01951	0.05394	0.01995	0.02298	0.02267	0.01525	0.02153	0.01231	0.01450	0.00933	0.00671	0.00634	0.00210	0.00990	0.00503	0.00310	0.01041
49	0.01232	0.00907	0.01216	0.01271	0.06973	0.00875	0.00866	0.01714	0.07238	0.05212	0.56274	0.04809	0.05840	0.01356	0.00832	0.00229	0.00415	0.01200	0.00762	0.00781
50	0.01799	0.01727	0.02950	0.04462	0.69919	0.01727	0.02231	0.02231	0.01655	0.02375	0.01367	0.01799	0.01151	0.00648	0.00720	0.00216	0.00864	0.00648	0.00360	0.01151
51	0.01654	0.04047	0.07087	0.23984	0.41429	0.01734	0.05377	0.02130	0.01586	0.02196	0.01335	0.01811	0.01075	0.00671	0.00719	0.00224	0.00923	0.00642	0.00345	0.01031
52	0.01544	0.16201	0.53925	0.01984	0.05517	0.01869	0.02349	0.02248	0.01546	0.02219	0.03407	0.01603	0.01119	0.00702	0.00657	0.00216	0.00990	0.00540	0.00325	0.01040
53	0.00884	0.00641	0.00835	0.00990	0.01049	0.00592	0.00665	0.01015	0.01413	0.01864	0.04273	0.68657	0.09958	0.02243	0.00922	0.00291	0.00417	0.02024	0.00675	0.00592
54	0.01458	0.03760	0.70688	0.02072	0.03146	0.01688	0.02686	0.02302	0.01535	0.02302	0.01304	0.01535	0.00921	0.00691	0.00691	0.00230	0.01074	0.00537	0.00307	0.01074
55	0.01943	0.74891	0.03809	0.01244	0.01866	0.02876	0.01244	0.02177	0.01477	0.01710	0.01011	0.01166	0.00933	0.00622	0.00466	0.00155	0.00777	0.00389	0.00311	0.00933
56	0.01740	0.01326	0.01577	0.01151	0.01764	0.01073	0.00928	0.04628	0.01629	0.09421	0.01460	0.01619	0.01153	0.00614	0.00628	0.00131	0.03019	0.00477	0.00487	0.65173
57	0.01991	0.07810	0.04809	0.04463	0.04417	0.20872	0.09500	0.06845	0.01693	0.02073	0.01361	0.01725	0.03157	0.00934	0.01256	0.00243	0.24959	0.00626	0.00380	0.00887
58	0.02728	0.02019	0.02162	0.01665	0.02241	0.02238	0.01373	0.65151	0.05820	0.04524	0.01790	0.01781	0.01272	0.00877	0.00728	0.00219	0.00792	0.00661	0.00728	0.01233
59	0.01373	0.01292	0.02180	0.72707	0.05006	0.01615	0.02019	0.01857	0.01453	0.01857	0.01292	0.01938	0.00969	0.00727	0.00727	0.00242	0.00969	0.00646	0.00323	0.00807
60	0.01038	0.00779	0.01168	0.01168	0.01298	0.00909	0.00909	0.01298	0.01168	0.01687	0.01947	0.02856	0.01817	0.05452	0.71573	0.01168	0.01947	0.00779	0.00389	0.00649
61	0.02718	0.03395	0.02066	0.01863	0.02248	0.68171	0.01403	0.06040	0.02126	0.01915	0.01154	0.01332	0.00951	0.00755	0.00659	0.00189	0.01286	0.00477	0.00392	0.00862
62	0.01047	0.00709	0.00806	0.00806	0.00823	0.00709	0.00466	0.01066	0.01091	0.01448	0.02526	0.04788	0.05913	0.67982	0.06401	0.00701	0.00740	0.01069	0.00450	0.00458
63	0.79588	0.01406	0.01068	0.00956	0.01406	0.01631	0.00787	0.02137	0.01237	0.03261	0.01012	0.01181	0.00787	0.00675	0.00450	0.00225	0.00562	0.00394	0.00450	0.00787
64	0.01263	0.00631	0.00947	0.00947	0.00947	0.00631	0.00631	0.00947	0.00947	0.01263	0.01263	0.02210	0.01263	0.02525	0.02841	0.78851	0.00631	0.00631	0.00316	0.00316
65	0.02763	0.02036	0.02182	0.01672	0.02254	0.02254	0.01382	0.67496	0.03418	0.04581	0.01745	0.01745	0.01236	0.00873	0.00727	0.00218	0.00800	0.00654	0.00727	0.01236
66	0.01590	0.01590	0.02226	0.01908	0.01908	0.02226	0.01590	0.01749	0.01113	0.01749	0.00954	0.01590	0.00954	0.01272	0.02385	0.00318	0.73123	0.00636	0.00318	0.00795
67	0.79588	0.01406	0.01068	0.00956	0.01406	0.01631	0.00787	0.02137	0.01237	0.03261	0.01012	0.01181	0.00787	0.00675	0.00450	0.00225	0.00562	0.00394	0.00450	0.00787
68	0.01799	0.01727	0.02950	0.04462	0.69919	0.01727	0.02231	0.02231	0.01655	0.02375	0.01367	0.01799	0.01151	0.00648	0.00720	0.00216	0.00864	0.00648	0.00360	0.01151
69	0.01458	0.03760	0.70688	0.02072	0.03146	0.01688	0.02686	0.02302	0.01535	0.02302	0.01304	0.01535	0.00921	0.00691	0.00691	0.00230	0.01074	0.00537	0.00307	0.01074
70	0.01766	0.01709	0.02987	0.04215	0.61592	0.01699	0.07561	0.02209	0.01661	0.02363	0.01480	0.02080	0.01274	0.00702	0.00743	0.00223	0.00885	0.03360	0.00373	0.01117
71	0.00884	0.00638	0.00838	0.00999	0.01051	0.00592	0.00669	0.01014	0.01405	0.01861	0.04169	0.70726	0.07956	0.02256	0.00924	0.00293	0.00419	0.02041	0.00675	0.00592
72	0.01458	0.03760	0.70688	0.02072	0.03146	0.01688	0.02686	0.02302	0.01535	0.02302	0.01304	0.01535	0.00921	0.00691	0.00691	0.00230	0.01074	0.00537	0.00307	0.01074
73	0.02763	0.02036	0.02182	0.01672	0.02254	0.02254	0.01382	0.67496	0.03418	0.04581	0.01745	0.01745	0.01236	0.00873	0.00727	0.00218	0.00800	0.00654	0.00727	0.01236
74	0.79588	0.01406	0.01068	0.00956	0.01406	0.01631	0.00787	0.02137	0.01237	0.03261	0.01012	0.01181	0.00787	0.00675	0.00450	0.00225	0.00562	0.00394	0.00450	0.00787
75	0.01830	0.01786	0.02920	0.04374	0.67624	0.04095	0.02203	0.02254	0.01669	0.02355	0.01359	0.01783	0.01144	0.00651	0.00717	0.00215	0.00879	0.00642	0.00360	0.01141
76	0.01220	0.01009	0.01325	0.01142	0.01504	0.00830	0.03998	0.01463	0.01462	0.02121	0.02600	0.36222	0.02864	0.01374	0.00740	0.00204	0.00516	0.01234	0.00544	0.37627
77	0.01943	0.74891	0.03809	0.01244	0.01866	0.02876	0.01244	0.02177	0.01477	0.01710	0.01011	0.01166	0.00933	0.00622	0.00466	0.00155	0.00777	0.00389	0.00311	0.00933
78	0.01042	0.00762	0.01008	0.01154	0.01277	0.00743	0.00900	0.01333	0.03982	0.02045	0.04111	0.38571	0.08525	0.02086	0.00950	0.00307	0.00532	0.29352	0.00675	0.00647
79	0.00900	0.00639	0.00839	0.00994	0.01032	0.00600	0.00655	0.01016	0.01364	0.01818	0.03862	0.68149	0.04625	0.08357	0.01161	0.00330	0.00446	0.01981	0.00655	0.00578
80	0.01799	0.01727	0.02950	0.04462	0.69919	0.01727	0.02231	0.02231	0.01655	0.02375	0.01367	0.01799	0.01151	0.00648	0.00720	0.00216	0.00864	0.00648	0.00360	0.01151
81	0.76517	0.01431	0.01113	0.00985	0.01440	0.01656	0.00811	0.04750	0.01324	0.03314	0.01041	0.01203	0.00805	0.00683	0.00461	0.00225	0.00572	0.00404	0.00461	0.00805
82	0.02763	0.02036	0.02182	0.01672	0.02254	0.02254	0.01382	0.67496	0.03418	0.04581	0.01745	0.01745	0.01236	0.00873	0.00727	0.00218	0.00800	0.00654	0.00727	0.01236
83	0.01053	0.00722	0.00883	0.00883	0.00914	0.00753	0.00552	0.01115	0.01084	0.01476	0.02208	0.04302	0.02445	0.57947	0.19936	0.00816	0.01002	0.00991	0.00428	0.00490
84	0.01038	0.00779	0.01168	0.01168	0.01298	0.00909	0.00909	0.01298	0.01168	0.01687	0.01947	0.02856	0.01817	0.05452	0.71573	0.01168	0.01947	0.00779	0.00389	0.00649
85	0.03261	0.01237	0.01687	0.01293	0.01856	0.01068	0.01068	0.03543	0.02081	0.70423	0.02868	0.02474	0.01799	0.00900	0.00731	0.00225	0.00619	0.00731	0.00900	0.01237
86	0.02715	0.03464	0.02060	0.01873	0.02247	0.71536	0.01404	0.02903	0.02060	0.01779	0.01124	0.01311	0.00936	0.00749	0.00655	0.00187	0.01311	0.00468	0.00375	0.00843
87	0.01507	0.01292	0.01507	0.01077	0.01723	0.00969	0.00861	0.01830	0.01507	0.02369	0.01292	0.01507	0.01077	0.00538	0.00538	0.00108	0.00538	0.00431	0.00431	0.78898
88	0.00900	0.00703	0.00819	0.00880	0.01040	0.00622	0.00635	0.01087	0.01608	0.02043	0.13275	0.31292	0.36259	0.01965	0.00889	0.00265	0.00396	0.04018	0.00689	0.00616
89	0.01059	0.00920	0.01489	0.01374	0.01558	0.00888	0.12114	0.01278	0.01466	0.01945	0.03833	0.49865	0.11923	0.01889	0.00979	0.00282	0.04140	0.01724	0.00605	0.00670
90	0.01976	0.71865	0.03735	0.01270	0.01882	0.05785	0.01251	0.02207	0.01502	0.01713	0.01015	0.01172	0.00933	0.00627	0.00474	0.00157	0.00800	0.00392	0.00314	0.00929
91	0.01186	0.00923	0.01137	0.03649	0.01388	0.00941	0.00824	0.01865	0.15605	0.02801	0.47041	0.09263	0.07686	0.01420	0.00833	0.00238	0.00419	0.01246	0.00758	0.00777
92	0.01507	0.01292	0.01507	0.01077	0.01723	0.00969	0.00861	0.01830	0.01507	0.02369	0.01292	0.01507	0.01077	0.00538	0.00538	0.00108	0.00538	0.00431	0.00431	0.78898
93	0.01808	0.01561	0.01644	0.01479	0.01890	0.01808	0.01151	0.03863	0.68606	0.03041	0.02959	0.02712	0.02219	0.00986	0.00740	0.00247	0.00575	0.00822	0.00740	0.01151
94	0.02055	0.01789	0.01770	0.01546	0.01980	0.07677	0.01220	0.16787	0.46961	0.03218	0.02591	0.02616	0.01988	0.00984	0.00741	0.00239	0.00687	0.03325	0.00704	0.01123
95	0.01824	0.33185	0.33973	0.01703	0.02498	0.11353	0.01920	0.02329	0.01580	0.01988	0.01159	0.01353	0.00928	0.00670	0.00593	0.00194	0.00982	0.00467	0.00317	0.00985
96	0.02099	0.01893	0.12391	0.01944	0.06843	0.01591	0.11480	0.13819	0.11810	0.15832	0.04360	0.05708	0.01772	0.00889	0.00750	0.00229	0.00797	0.00789	0.00608	0.04395
97	0.02102	0.01587	0.01994	0.01600	0.02039	0.01729	0.06281	0.36359	0.02444	0.05589	0.01858	0.04845	0.01517	0.02084	0.18954	0.00467	0.03551	0.00751	0.00593	0.03656
98	0.01009	0.01175	0.12805	0.01176	0.01405	0.00786	0.01013	0.01276	0.01448	0.02011	0.06095	0.55810	0.04099	0.01913	0.00867	0.00276	0.00527	0.01716	0.03913	0.00681
99	0.00895	0.00737	0.00792	0.00815	0.01035	0.00634	0.00619	0.01095	0.01658	0.02020	0.09892	0.12045	0.56307	0.01870	0.00876	0.00256	0.00396	0.06759	0.00681	0.00620
100	0.01663	0.02327	0.19643	0.02890	0.11548	0.01804	0.38789	0.02345	0.04206	0.02331	0.01454	0.01854	0.01102	0.00677	0.00861	0.00241	0.04131	0.00746	0.00365	0.01022
101	0.01373	0.01292	0.02180	0.72707	0.05006	0.01615	0.02019	0.01857	0.01453	0.01857	0.01292	0.01938	0.00969	0.00727	0.00727	0.00242	0.00969	0.00646	0.00323	0.00807
102	0.01065	0.00818	0.01220	0.01204	0.01328	0.00973	0.00942	0.01320	0.01166	0.01690	0.01899	0.02794	0.01775	0.05249	0.68213	0.01127	0.05404	0.00772	0.00386	0.00656
103	0.01507	0.01292	0.01507	0.01077	0.01723	0.00969	0.00861	0.01830	0.01507	0.02369	0.01292	0.01507	0.01077	0.00538	0.00538	0.00108	0.00538	0.00431	0.00431	0.78898
104	0.02570	0.01861	0.02072	0.01623	0.02110	0.02083	0.01330	0.54437	0.02984	0.06632	0.01685	0.01796	0.01236	0.01033	0.01027	0.06197	0.06872	0.00654	0.00668	0.01129
105	0.01039	0.00776	0.01153	0.01153	0.01277	0.00900	0.00889	0.01288	0.01164	0.01676	0.01961	0.02935	0.01852	0.08340	0.68732	0.01149	0.01895	0.00790	0.00392	0.00640
106	0.01355	0.00678	0.00678	0.00678	0.00847	0.00678	0.00508	0.01694	0.01524	0.02710	0.02371	0.02710	0.01863	0.00847	0.00508	0.00169	0.00339	0.00678	0.78489	0.00678
107	0.70279	0.01390	0.01182	0.06717	0.01712	0.01607	0.00897	0.02170	0.01288	0.05827	0.01109	0.01293	0.00842	0.00688	0.00483	0.00226	0.00597	0.00427	0.00458	0.00807
108	0.02650	0.01878	0.02058	0.01568	0.02156	0.01998	0.01292	0.54129	0.03072	0.09749	0.01782	0.01776	0.01263	0.00834	0.00704	0.00205	0.00753	0.00633	0.00705	0.10796
109	0.02715	0.03464	0.02060	0.01873	0.02247	0.71536	0.01404	0.02903	0.02060	0.01779	0.01124	0.01311	0.00936	0.00749	0.00655	0.00187	0.01311	0.00468	0.00375	0.00843
110	0.00859	0.00736	0.00736	0.00736	0.00982	0.00614	0.00552	0.01043	0.01657	0.01964	0.07364	0.06996	0.69624	0.01841	0.00859	0.00245	0.00368	0.01534	0.00675	0.00614
111	0.01263	0.00631	0.00947	0.00947	0.00947	0.00631	0.00631	0.00947	0.00947	0.01263	0.01263	0.02210	0.01263	0.02525	0.02841	0.78851	0.00631	0.00631	0.00316	0.00316
112	0.01507	0.01292	0.01507	0.01077	0.01723	0.00969	0.00861	0.01830	0.01507	0.02369	0.01292	0.01507	0.01077	0.00538	0.00538	0.00108	0.00538	0.00431	0.00431	0.78898
113	0.04395	0.07539	0.02362	0.28510	0.07729	0.04311	0.07340	0.04412	0.04123	0.02139	0.04280	0.04423	0.01443	0.01028	0.03246	0.00272	0.10469	0.00714	0.00399	0.00866
114	0.02451	0.02193	0.02057	0.10031	0.06686	0.25250	0.01461	0.14322	0.04705	0.14181	0.01706	0.01959	0.01298	0.00868	0.00823	0.00223	0.05817	0.02428	0.00540	0.01000
115	0.02654	0.04266	0.06605	0.01391	0.01949	0.01434	0.01214	0.16818	0.06354	0.37950	0.06721	0.02592	0.04794	0.00950	0.00731	0.00224	0.00665	0.00764	0.00774	0.01149
116	0.00886	0.00633	0.00843	0.01012	0.01054	0.00590	0.00675	0.01012	0.01392	0.01856	0.04006	0.73979	0.04808	0.02277	0.00928	0.00295	0.00422	0.02066	0.00675	0.00590
117	0.01507	0.01292	0.01507	0.01077	0.01723	0.00969	0.00861	0.01830	0.01507	0.02369	0.01292	0.01507	0.01077	0.00538	0.00538	0.00108	0.00538	0.00431	0.00431	0.78898
118	0.01458	0.03760	0.70688	0.02072	0.03146	0.01688	0.02686	0.02302	0.01535	0.02302	0.01304	0.01535	0.00921	0.00691	0.00691	0.00230	0.01074	0.00537	0.00307	0.01074
119	0.00886	0.00633	0.00843	0.01012	0.01054	0.00590	0.00675	0.01012	0.01392	0.01856	0.04006	0.73979	0.04808	0.02277	0.00928	0.00295	0.00422	0.02066	0.00675	0.00590
120	0.01458	0.03760	0.70688	0.02072	0.03146	0.01688	0.02686	0.02302	0.01535	0.02302	0.01304	0.01535	0.00921	0.00691	0.00691	0.00230	0.01074	0.00537	0.00307	0.01074
121	0.14609	0.01011	0.01129	0.01059	0.01296	0.01081	0.00812	0.01848	0.11904	0.02783	0.34659	0.11483	0.07262	0.01360	0.00853	0.00243	0.04017	0.01138	0.00688	0.00766
122	0.05756	0.01243	0.01667	0.01282	0.01841	0.01087	0.01059	0.03497	0.02053	0.68228	0.02807	0.02432	0.01766	0.00892	0.00722	0.00225	0.00617	0.00720	0.00885	0.01222
123	0.01057	0.00705	0.00793	0.00793	0.00793	0.00705	0.00440	0.01057	0.01057	0.01409	0.02290	0.04757	0.02643	0.74454	0.03700	0.00705	0.00705	0.01057	0.00440	0.00440
124	0.01799	0.01727	0.02950	0.04462	0.69919	0.01727	0.02231	0.02231	0.01655	0.02375	0.01367	0.01799	0.01151	0.00648	0.00720	0.00216	0.00864	0.00648	0.00360	0.01151
125	0.06274	0.01294	0.01654	0.01307	0.01842	0.01205	0.01069	0.03532	0.12163	0.57329	0.02803	0.02456	0.01820	0.00903	0.00720	0.00228	0.00610	0.00731	0.00856	0.01205
126	0.00909	0.00649	0.00870	0.01039	0.01091	0.00611	0.00715	0.01053	0.01415	0.01882	0.03993	0.68588	0.04757	0.02255	0.00934	0.00298	0.00442	0.07227	0.00674	0.00597
127	0.79588	0.01406	0.01068	0.00956	0.01406	0.01631	0.00787	0.02137	0.01237	0.03261	0.01012	0.01181	0.00787	0.00675	0.00450	0.00225	0.00562	0.00394	0.00450	0.00787
128	0.01792	0.01682	0.02812	0.04170	0.63310	0.01689	0.02135	0.04404	0.01716	0.02437	0.01536	0.02200	0.01345	0.00741	0.00738	0.00223	0.00849	0.04703	0.00392	0.01124
129	0.00886	0.00633	0.00843	0.01012	0.01054	0.00590	0.00675	0.01012	0.01392	0.01856	0.04006	0.73979	0.04808	0.02277	0.00928	0.00295	0.00422	0.02066	0.00675	0.00590
130	0.00913	0.00754	0.00811	0.00840	0.01072	0.00652	0.00658	0.01122	0.01660	0.02000	0.06762	0.07202	0.58415	0.01870	0.00884	0.00261	0.00420	0.12410	0.00674	0.00623
131	0.00957	0.00664	0.00828	0.00924	0.00954	0.00638	0.00585	0.01042	0.01285	0.01719	0.05566	0.44878	0.04040	0.30169	0.01998	0.00451	0.00529	0.01651	0.00588	0.00536
132	0.04663	0.54072	0.18396	0.01525	0.04444	0.02530	0.01578	0.02205	0.01487	0.01920	0.01087	0.01269	0.00932	0.00640	0.00524	0.00177	0.00838	0.00430	0.00317	0.00966
133	0.01022	0.00743	0.00963	0.00908	0.01082	0.00683	0.00681	0.01359	0.02042	0.02878	0.67151	0.05490	0.09266	0.01500	0.00857	0.00229	0.00344	0.01323	0.00795	0.00683
134	0.79588	0.01406	0.01068	0.00956	0.01406	0.01631	0.00787	0.02137	0.01237	0.03261	0.01012	0.01181	0.00787	0.00675	0.00450	0.00225	0.00562	0.00394	0.00450	0.00787
135	0.00955	0.00685	0.00894	0.01030	0.01096	0.00651	0.00699	0.03279	0.01489	0.01993	0.06706	0.68629	0.04774	0.02196	0.00918	0.00290	0.00431	0.01987	0.00682	0.00616
136	0.01103	0.00788	0.01093	0.01260	0.01398	0.00778	0.01052	0.01387	0.01606	0.02099	0.03887	0.23989	0.04333	0.02073	0.00986	0.00325	0.00610	0.49914	0.00671	0.00650
137	0.00975	0.00701	0.00923	0.00951	0.01074	0.00650	0.00682	0.01236	0.01806	0.02515	0.44794	0.31312	0.06084	0.01785	0.00884	0.00254	0.00373	0.01598	0.00753	0.00650
138	0.03145	0.01213	0.01641	0.01266	0.01813	0.01046	0.01043	0.03421	0.02060	0.67098	0.03086	0.02694	0.05093	0.00945	0.00737	0.00226	0.00606	0.00770	0.00889	0.01207
139	0.01040	0.00774	0.01142	0.01142	0.01263	0.00894	0.00876	0.01281	0.01160	0.01668	0.01971	0.02989	0.01875	0.10273	0.66831	0.01136	0.01860	0.00798	0.00393	0.00634
140	0.01590	0.01590	0.02226	0.01908	0.01908	0.02226	0.01590	0.01749	0.01113	0.01749	0.00954	0.01590	0.00954	0.01272	0.02385	0.00318	0.73123	0.00636	0.00318	0.00795
141	0.01355	0.00678	0.00678	0.00678	0.00847	0.00678	0.00508	0.01694	0.01524	0.02710	0.02371	0.02710	0.01863	0.00847	0.00508	0.00169	0.00339	0.00678	0.78489	0.00678
142	0.01943	0.74891	0.03809	0.01244	0.01866	0.02876	0.01244	0.02177	0.01477	0.01710	0.01011	0.01166	0.00933	0.00622	0.00466	0.00155	0.00777	0.00389	0.00311	0.00933
143	0.01598	0.01651	0.03223	0.28021	0.09395	0.01712	0.33973	0.04089	0.01656	0.02213	0.01508	0.04811	0.01211	0.00731	0.00799	0.00243	0.01059	0.00807	0.00374	0.00924
144	0.01038	0.00779	0.01168	0.01168	0.01298	0.00909	0.00909	0.01298	0.01168	0.01687	0.01947	0.02856	0.01817	0.05452	0.71573	0.01168	0.01947	0.00779	0.00389	0.00649
145	0.04794	0.00908	0.01175	0.01022	0.01314	0.00831	0.00797	0.02009	0.02031	0.21789	0.48171	0.04434	0.05203	0.01290	0.00806	0.00227	0.00429	0.01115	0.00814	0.00844
146	0.02644	0.01898	0.02145	0.01822	0.06958	0.02066	0.01402	0.53402	0.05868	0.09239	0.01918	0.02042	0.01404	0.00898	0.00736	0.00223	0.00777	0.02635	0.00713	0.01209

[dist]
# distance from previous block
# <min> <max>
1	9

[block]
# block no. 2 follows, 28 sequences, length 29
# corresponding to MSA columns:
# 256-284
name=unknown_C
#
# <colnr> <probs for GDERKNQSTAVLIFYWHMCP>
#	G	D	E	R	K	N	Q	S	T	A	V	L	I	F	Y	W	H	M	C	P
0	0.01314	0.01330	0.07485	0.01729	0.04865	0.01147	0.11400	0.01867	0.07727	0.02280	0.05451	0.11141	0.07735	0.01527	0.00899	0.00286	0.00737	0.29684	0.00591	0.00805
1	0.08226	0.04502	0.02399	0.09418	0.06243	0.10045	0.11360	0.05246	0.01541	0.02159	0.01409	0.07610	0.01305	0.01010	0.01252	0.00258	0.24022	0.00741	0.00395	0.00859
2	0.01713	0.02863	0.39997	0.02609	0.20510	0.01767	0.02303	0.09205	0.07338	0.02620	0.01504	0.01724	0.01122	0.00723	0.00706	0.00227	0.00949	0.00602	0.00401	0.01118
3	0.08498	0.43906	0.03024	0.01645	0.07886	0.17692	0.01325	0.02313	0.01608	0.01930	0.01173	0.01517	0.01062	0.00708	0.00549	0.00180	0.00880	0.02839	0.00354	0.00910
4	0.05309	0.05907	0.40264	0.04736	0.03041	0.01685	0.17722	0.02228	0.01557	0.02347	0.01406	0.01716	0.01038	0.00683	0.00695	0.00226	0.01008	0.00616	0.06828	0.00989
5	0.57973	0.01763	0.01339	0.01170	0.01624	0.12393	0.00943	0.07441	0.01576	0.06470	0.01179	0.01309	0.00896	0.00713	0.00517	0.00219	0.00699	0.00442	0.00482	0.00853
6	0.00884	0.00639	0.00837	0.00995	0.01050	0.00592	0.00667	0.01014	0.01408	0.01862	0.04213	0.69862	0.08792	0.02251	0.00924	0.00292	0.00418	0.02034	0.00675	0.00592
7	0.01486	0.03579	0.64346	0.02230	0.06261	0.01697	0.05790	0.02300	0.01549	0.02307	0.01315	0.01568	0.00940	0.00685	0.00700	0.00230	0.01072	0.00558	0.00312	0.01073
8	0.01826	0.01978	0.06570	0.05655	0.16474	0.04386	0.37437	0.08342	0.01848	0.02525	0.01489	0.01898	0.01139	0.00667	0.00782	0.00230	0.01061	0.00752	0.03923	0.01017
9	0.01137	0.00942	0.00995	0.00935	0.01214	0.00909	0.00714	0.04588	0.13602	0.02409	0.15275	0.05778	0.45621	0.01595	0.00832	0.00242	0.00421	0.01337	0.00707	0.00747
10	0.00893	0.00645	0.00846	0.00992	0.01053	0.00597	0.00669	0.01036	0.01446	0.01926	0.08201	0.66442	0.08151	0.02207	0.00920	0.00289	0.00414	0.01994	0.00682	0.00597
11	0.01066	0.00846	0.01043	0.07551	0.01444	0.03018	0.00790	0.01253	0.01489	0.01983	0.14254	0.37317	0.06267	0.13424	0.01314	0.00332	0.00536	0.01511	0.00606	0.03956
12	0.08935	0.05829	0.02171	0.47898	0.03907	0.05251	0.01756	0.04389	0.01501	0.02067	0.01221	0.01745	0.00956	0.00781	0.00861	0.00240	0.08714	0.00597	0.00351	0.00829
13	0.02788	0.01997	0.02157	0.01654	0.02235	0.02196	0.01366	0.64346	0.03352	0.07824	0.01800	0.01781	0.01264	0.00874	0.00727	0.00218	0.00791	0.00658	0.00736	0.01236
14	0.01373	0.01292	0.02180	0.72707	0.05006	0.01615	0.02019	0.01857	0.01453	0.01857	0.01292	0.01938	0.00969	0.00727	0.00727	0.00242	0.00969	0.00646	0.00323	0.00807
15	0.01355	0.00678	0.00678	0.00678	0.00847	0.00678	0.00508	0.01694	0.01524	0.02710	0.02371	0.02710	0.01863	0.00847	0.00508	0.00169	0.00339	0.00678	0.78489	0.00678
16	0.01590	0.01590	0.02226	0.01908	0.01908	0.02226	0.01590	0.01749	0.01113	0.01749	0.00954	0.01590	0.00954	0.01272	0.02385	0.00318	0.73123	0.00636	0.00318	0.00795
17	0.01799	0.01727	0.02950	0.04462	0.69919	0.01727	0.02231	0.02231	0.01655	0.02375	0.01367	0.01799	0.01151	0.00648	0.00720	0.00216	0.00864	0.00648	0.00360	0.01151
18	0.79588	0.01406	0.01068	0.00956	0.01406	0.01631	0.00787	0.02137	0.01237	0.03261	0.01012	0.01181	0.00787	0.00675	0.00450	0.00225	0.00562	0.00394	0.00450	0.00787
19	0.01373	0.01292	0.02180	0.72707	0.05006	0.01615	0.02019	0.01857	0.01453	0.01857	0.01292	0.01938	0.00969	0.00727	0.00727	0.00242	0.00969	0.00646	0.00323	0.00807
20	0.00886	0.00633	0.00843	0.01012	0.01054	0.00590	0.00675	0.01012	0.01392	0.01856	0.04006	0.73979	0.04808	0.02277	0.00928	0.00295	0.00422	0.02066	0.00675	0.00590
21	0.00886	0.00633	0.00843	0.01012	0.01054	0.00590	0.00675	0.01012	0.01392	0.01856	0.04006	0.73979	0.04808	0.02277	0.00928	0.00295	0.00422	0.02066	0.00675	0.00590
22	0.01038	0.00779	0.01168	0.01168	0.01298	0.00909	0.00909	0.01298	0.01168	0.01687	0.01947	0.02856	0.01817	0.05452	0.71573	0.01168	0.01947	0.00779	0.00389	0.00649
23	0.01038	0.00779	0.01168	0.01168	0.01298	0.00909	0.00909	0.01298	0.01168	0.01687	0.01947	0.02856	0.01817	0.05452	0.71573	0.01168	0.01947	0.00779	0.00389	0.00649
24	0.01057	0.00705	0.00793	0.00793	0.00793	0.00705	0.00440	0.01057	0.01057	0.01409	0.02290	0.04757	0.02643	0.74454	0.03700	0.00705	0.00705	0.01057	0.00440	0.00440
25	0.01569	0.01329	0.01541	0.01106	0.01749	0.01032	0.00887	0.05075	0.01602	0.02478	0.01314	0.01519	0.01085	0.00555	0.00548	0.00113	0.00551	0.00442	0.00445	0.75060
26	0.02997	0.01299	0.01677	0.01314	0.01850	0.01196	0.01076	0.07368	0.08710	0.57188	0.02978	0.02624	0.04366	0.00942	0.00736	0.00227	0.00616	0.00766	0.00865	0.01205
27	0.01695	0.02051	0.09969	0.03106	0.15052	0.01842	0.43820	0.02254	0.01632	0.02279	0.01389	0.01858	0.01081	0.00688	0.00963	0.00246	0.07948	0.00771	0.00356	0.01001
28	0.01651	0.12184	0.13617	0.02371	0.10833	0.01898	0.19858	0.04519	0.01578	0.02184	0.01554	0.09101	0.01418	0.00921	0.01016	0.00243	0.12924	0.00797	0.00386	0.00948

[dist]
# distance from previous block
# <min> <max>
2	8

[block]
# block no. 3 follows, 28 sequences, length 90
# corresponding to MSA columns:
# 294-383
name=unknown_D
#
# <colnr> <probs for GDERKNQSTAVLIFYWHMCP>
#	G	D	E	R	K	N	Q	S	T	A	V	L	I	F	Y	W	H	M	C	P
0	0.01726	0.10161	0.13650	0.06746	0.05607	0.01763	0.18513	0.02187	0.01550	0.06413	0.01366	0.01702	0.01068	0.00725	0.00906	0.00216	0.10211	0.00621	0.00386	0.14482
1	0.05308	0.51901	0.06001	0.01323	0.01929	0.07868	0.01270	0.02450	0.01610	0.12533	0.01322	0.01398	0.01062	0.00680	0.00531	0.00175	0.00798	0.00455	0.00413	0.00973
2	0.27605	0.07237	0.01805	0.04201	0.04254	0.19501	0.01179	0.09897	0.01749	0.02666	0.01261	0.01504	0.01018	0.00915	0.02971	0.00243	0.05311	0.00506	0.05311	0.00867
3	0.05141	0.45864	0.05731	0.01612	0.07152	0.10072	0.01372	0.02374	0.01589	0.08291	0.01233	0.01385	0.01026	0.00696	0.00619	0.00182	0.03849	0.00466	0.00382	0.00962
4	0.02644	0.04387	0.02230	0.01753	0.04898	0.05289	0.01390	0.57183	0.03145	0.04184	0.01660	0.01699	0.01203	0.00836	0.00707	0.00210	0.00813	0.00628	0.00671	0.04466
5	0.01194	0.00853	0.01089	0.01163	0.01364	0.00830	0.00956	0.01592	0.06237	0.04879	0.09306	0.14384	0.16901	0.01854	0.00928	0.00295	0.00551	0.34225	0.00694	0.00706
6	0.02697	0.01984	0.02127	0.01638	0.02197	0.02194	0.01345	0.64900	0.03325	0.04457	0.01766	0.01863	0.01291	0.03747	0.00843	0.00237	0.00796	0.00670	0.00716	0.01205
7	0.02763	0.02036	0.02182	0.01672	0.02254	0.02254	0.01382	0.67496	0.03418	0.04581	0.01745	0.01745	0.01236	0.00873	0.00727	0.00218	0.00800	0.00654	0.00727	0.01236
8	0.01263	0.00631	0.00947	0.00947	0.00947	0.00631	0.00631	0.00947	0.00947	0.01263	0.01263	0.02210	0.01263	0.02525	0.02841	0.78851	0.00631	0.00631	0.00316	0.00316
9	0.01355	0.00678	0.00678	0.00678	0.00847	0.00678	0.00508	0.01694	0.01524	0.02710	0.02371	0.02710	0.01863	0.00847	0.00508	0.00169	0.00339	0.00678	0.78489	0.00678
10	0.79588	0.01406	0.01068	0.00956	0.01406	0.01631	0.00787	0.02137	0.01237	0.03261	0.01012	0.01181	0.00787	0.00675	0.00450	0.00225	0.00562	0.00394	0.00450	0.00787
11	0.01263	0.00631	0.00947	0.00947	0.00947	0.00631	0.00631	0.00947	0.00947	0.01263	0.01263	0.02210	0.01263	0.02525	0.02841	0.78851	0.00631	0.00631	0.00316	0.00316
12	0.01590	0.01590	0.02226	0.01908	0.01908	0.02226	0.01590	0.01749	0.01113	0.01749	0.00954	0.01590	0.00954	0.01272	0.02385	0.00318	0.73123	0.00636	0.00318	0.00795
13	0.01841	0.01578	0.01662	0.01486	0.01903	0.01823	0.01159	0.06066	0.66349	0.03094	0.02917	0.02679	0.02185	0.00982	0.00739	0.00246	0.00583	0.00816	0.00739	0.01154
14	0.01943	0.74891	0.03809	0.01244	0.01866	0.02876	0.01244	0.02177	0.01477	0.01710	0.01011	0.01166	0.00933	0.00622	0.00466	0.00155	0.00777	0.00389	0.00311	0.00933
15	0.01657	0.01702	0.02153	0.01859	0.01888	0.07654	0.01527	0.01812	0.01186	0.01737	0.01024	0.01701	0.01024	0.04300	0.02304	0.00324	0.64397	0.00640	0.00328	0.00784
16	0.73456	0.01392	0.01118	0.00983	0.01442	0.01586	0.00810	0.02250	0.01305	0.08657	0.01161	0.01285	0.00869	0.00693	0.00472	0.00225	0.00567	0.00421	0.00486	0.00823
17	0.02763	0.02036	0.02182	0.01672	0.02254	0.02254	0.01382	0.67496	0.03418	0.04581	0.01745	0.01745	0.01236	0.00873	0.00727	0.00218	0.00800	0.00654	0.00727	0.01236
18	0.00886	0.00633	0.00843	0.01012	0.01054	0.00590	0.00675	0.01012	0.01392	0.01856	0.04006	0.73979	0.04808	0.02277	0.00928	0.00295	0.00422	0.02066	0.00675	0.00590
19	0.01808	0.01561	0.01644	0.01479	0.01890	0.01808	0.01151	0.03863	0.68606	0.03041	0.02959	0.02712	0.02219	0.00986	0.00740	0.00247	0.00575	0.00822	0.00740	0.01151
20	0.79588	0.01406	0.01068	0.00956	0.01406	0.01631	0.00787	0.02137	0.01237	0.03261	0.01012	0.01181	0.00787	0.00675	0.00450	0.00225	0.00562	0.00394	0.00450	0.00787
21	0.00886	0.00633	0.00843	0.01012	0.01054	0.00590	0.00675	0.01012	0.01392	0.01856	0.04006	0.73979	0.04808	0.02277	0.00928	0.00295	0.00422	0.02066	0.00675	0.00590
22	0.01808	0.01561	0.01644	0.01479	0.01890	0.01808	0.01151	0.03863	0.68606	0.03041	0.02959	0.02712	0.02219	0.00986	0.00740	0.00247	0.00575	0.00822	0.00740	0.01151
23	0.01403	0.00876	0.01098	0.16831	0.01855	0.00963	0.00900	0.04438	0.01571	0.02551	0.02085	0.02504	0.01635	0.01029	0.03769	0.00233	0.00571	0.00674	0.54286	0.00728
24	0.37345	0.01312	0.01411	0.01143	0.01655	0.01319	0.00943	0.02915	0.01704	0.40432	0.02039	0.01897	0.01347	0.00799	0.00605	0.00225	0.00593	0.00580	0.00699	0.01036
25	0.01108	0.00837	0.01067	0.01174	0.01373	0.00812	0.00996	0.01469	0.04319	0.02150	0.04805	0.07643	0.22568	0.01920	0.00953	0.00306	0.00581	0.44572	0.00674	0.00673
26	0.01056	0.00708	0.00810	0.00810	0.00815	0.00714	0.00461	0.01068	0.01062	0.01422	0.02275	0.04672	0.02606	0.71376	0.06727	0.00725	0.00760	0.01045	0.00438	0.00450
27	0.01949	0.01620	0.01970	0.02097	0.15384	0.01784	0.01418	0.17494	0.33379	0.03157	0.02472	0.02924	0.02006	0.01007	0.00762	0.00244	0.00693	0.07871	0.00654	0.01116
28	0.04686	0.01348	0.02225	0.61659	0.12517	0.01629	0.01992	0.01913	0.01468	0.01977	0.01289	0.01890	0.00983	0.00715	0.00714	0.00238	0.00940	0.00636	0.00333	0.00847
29	0.02039	0.57662	0.08319	0.01410	0.02022	0.14438	0.01375	0.02309	0.01580	0.01764	0.01051	0.01217	0.00933	0.00648	0.00515	0.00166	0.00889	0.00413	0.00321	0.00928
30	0.43681	0.04593	0.01543	0.01185	0.01694	0.01673	0.00987	0.15090	0.01865	0.19103	0.01586	0.01591	0.01116	0.00763	0.00570	0.00221	0.00630	0.00522	0.00602	0.00985
31	0.01058	0.00774	0.01000	0.00956	0.01132	0.00731	0.00722	0.01458	0.04572	0.02850	0.61878	0.08145	0.06497	0.01518	0.00861	0.00236	0.00367	0.03757	0.00788	0.00699
32	0.06334	0.03423	0.60910	0.01999	0.02985	0.01652	0.05166	0.02257	0.01544	0.02387	0.03913	0.01680	0.01148	0.00717	0.00689	0.00230	0.01020	0.00571	0.00337	0.01038
33	0.00948	0.00742	0.00862	0.00858	0.01062	0.00656	0.00652	0.01202	0.01804	0.02344	0.31168	0.09028	0.38150	0.01731	0.00871	0.00247	0.00382	0.05923	0.00723	0.00645
34	0.01691	0.01412	0.01651	0.01253	0.01789	0.01302	0.01011	0.12013	0.04579	0.02714	0.05663	0.01847	0.01498	0.00736	0.00769	0.00158	0.07368	0.00556	0.00502	0.51487
35	0.01431	0.00764	0.00777	0.00745	0.00933	0.00778	0.00560	0.05813	0.01624	0.02773	0.02328	0.02735	0.01856	0.03936	0.00656	0.00195	0.00383	0.00692	0.70317	0.00703
36	0.01507	0.01292	0.01507	0.01077	0.01723	0.00969	0.00861	0.01830	0.01507	0.02369	0.01292	0.01507	0.01077	0.00538	0.00538	0.00108	0.00538	0.00431	0.00431	0.78898
37	0.01976	0.71892	0.03736	0.01270	0.01882	0.05759	0.01251	0.02207	0.01501	0.01713	0.01015	0.01172	0.00933	0.00627	0.00474	0.00157	0.00800	0.00392	0.00314	0.00929
38	0.02524	0.02011	0.02045	0.01586	0.02156	0.07428	0.01292	0.49700	0.05257	0.03954	0.01666	0.01706	0.01221	0.00813	0.00692	0.00199	0.00790	0.00610	0.00652	0.13699
39	0.08939	0.05938	0.01792	0.01288	0.01840	0.01308	0.01075	0.06012	0.05032	0.55185	0.02566	0.02273	0.01663	0.00868	0.00693	0.00221	0.00630	0.00685	0.00814	0.01180
40	0.03181	0.01366	0.01766	0.01354	0.01920	0.01259	0.01119	0.13833	0.02296	0.59828	0.02687	0.02357	0.01709	0.00895	0.00730	0.00224	0.00648	0.00719	0.00872	0.01237
41	0.79588	0.01406	0.01068	0.00956	0.01406	0.01631	0.00787	0.02137	0.01237	0.03261	0.01012	0.01181	0.00787	0.00675	0.00450	0.00225	0.00562	0.00394	0.00450	0.00787
42	0.00886	0.00633	0.00843	0.01012	0.01054	0.00590	0.00675	0.01012	0.01392	0.01856	0.04006	0.73979	0.04808	0.02277	0.00928	0.00295	0.00422	0.02066	0.00675	0.00590
43	0.01038	0.00779	0.01168	0.01168	0.01298	0.00909	0.00909	0.01298	0.01168	0.01687	0.01947	0.02856	0.01817	0.05452	0.71573	0.01168	0.01947	0.00779	0.00389	0.00649
44	0.00871	0.00737	0.00753	0.00749	0.00989	0.00619	0.00561	0.01066	0.01684	0.02029	0.11644	0.06888	0.65303	0.01817	0.00859	0.00244	0.00366	0.01519	0.00684	0.00619
45	0.01555	0.01518	0.02695	0.41719	0.26057	0.01679	0.10239	0.02038	0.01552	0.02085	0.01339	0.01895	0.01045	0.00687	0.00741	0.00234	0.00967	0.00673	0.00341	0.00941
46	0.01808	0.01561	0.01644	0.01479	0.01890	0.01808	0.01151	0.03863	0.68606	0.03041	0.02959	0.02712	0.02219	0.00986	0.00740	0.00247	0.00575	0.00822	0.00740	0.01151
