[name]
unknown

[dist]
# distance from previous block
# <min> <max>
0	2

[block]
# block no. 0 follows, 28 sequences, length 7
# corresponding to MSA columns:
# 2-8
name=unknown_A
#
# <colnr> <probs for GDERKNQSTAVLIFYWHMCP>
#	G	D	E	R	K	N	Q	S	T	A	V	L	I	F	Y	W	H	M	C	P
0	0.01171	0.00837	0.01171	0.01339	0.01506	0.00837	0.01171	0.01506	0.01673	0.02175	0.03849	0.08199	0.04183	0.02008	0.01004	0.00335	0.00669	0.65027	0.00669	0.00669
1	0.01716	0.01961	0.04289	0.03064	0.03799	0.01838	0.67279	0.02328	0.01716	0.02328	0.01471	0.01961	0.01103	0.00613	0.00858	0.00245	0.01225	0.00858	0.00368	0.00980
2	0.68329	0.01498	0.01232	0.01061	0.01530	0.01722	0.00874	0.11716	0.01557	0.03455	0.01120	0.01264	0.00853	0.00704	0.00490	0.00224	0.00597	0.00432	0.00490	0.00853
3	0.00906	0.00659	0.00820	0.00938	0.01006	0.00610	0.00622	0.01023	0.01385	0.01808	0.04279	0.53739	0.14502	0.12534	0.01314	0.00346	0.00454	0.01840	0.00641	0.00573
4	0.01614	0.01660	0.02612	0.02125	0.02262	0.02154	0.13883	0.01858	0.01226	0.01858	0.01051	0.01660	0.00982	0.01149	0.02100	0.00304	0.59669	0.00678	0.00327	0.00830
5	0.01623	0.01687	0.02767	0.02211	0.02404	0.02125	0.18804	0.01901	0.01271	0.01901	0.01090	0.01687	0.00993	0.01099	0.01985	0.00299	0.54283	0.00694	0.00331	0.00844
6	0.01707	0.01902	0.03961	0.03027	0.08125	0.01875	0.55279	0.02255	0.01642	0.02265	0.01404	0.01907	0.01089	0.00691	0.01024	0.00251	0.09445	0.00818	0.00361	0.00971

[dist]
# distance from previous block
# <min> <max>
1	9

[block]
# block no. 1 follows, 28 sequences, length 15
# corresponding to MSA columns:
# 18-32
name=unknown_B
#
# <colnr> <probs for GDERKNQSTAVLIFYWHMCP>
#	G	D	E	R	K	N	Q	S	T	A	V	L	I	F	Y	W	H	M	C	P
0	0.01709	0.01942	0.04184	0.03005	0.03702	0.01858	0.63926	0.02299	0.01685	0.02299	0.01444	0.01942	0.01095	0.00646	0.00936	0.00249	0.04896	0.00847	0.00365	0.00971
1	0.01702	0.01921	0.04069	0.02940	0.03597	0.01880	0.60253	0.02266	0.01651	0.02266	0.01415	0.01921	0.01087	0.00683	0.01021	0.00253	0.08915	0.00834	0.00362	0.00961
2	0.00886	0.00633	0.00843	0.01012	0.01054	0.00590	0.00675	0.01012	0.01392	0.01856	0.04006	0.73979	0.04808	0.02277	0.00928	0.00295	0.00422	0.02066	0.00675	0.00590
3	0.02736	0.01126	0.01486	0.01177	0.01666	0.00971	0.00960	0.03003	0.02004	0.55298	0.06494	0.03409	0.14168	0.01093	0.00759	0.00229	0.00562	0.00900	0.00855	0.01102
4	0.03172	0.01380	0.01776	0.01361	0.01927	0.01281	0.01125	0.15003	0.02320	0.58624	0.02667	0.02344	0.01698	0.00895	0.00730	0.00224	0.00651	0.00717	0.00869	0.01237
5	0.00886	0.00633	0.00843	0.01012	0.01054	0.00590	0.00675	0.01012	0.01392	0.01856	0.04006	0.73979	0.04808	0.02277	0.00928	0.00295	0.00422	0.02066	0.00675	0.00590
6	0.00903	0.00653	0.00855	0.00984	0.01054	0.00604	0.00669	0.01062	0.01495	0.02003	0.12919	0.61105	0.08707	0.02148	0.00915	0.00284	0.00408	0.01937	0.00691	0.00604
7	0.02605	0.01972	0.02044	0.01624	0.02161	0.05614	0.01321	0.48376	0.15841	0.07826	0.02010	0.01950	0.01442	0.00890	0.00726	0.00222	0.00772	0.00682	0.00721	0.01200
8	0.01791	0.00974	0.01261	0.01076	0.01388	0.00904	0.00844	0.06542	0.02158	0.22472	0.45676	0.04325	0.05015	0.01275	0.00812	0.00227	0.00454	0.01101	0.00824	0.00882
9	0.03261	0.01237	0.01687	0.01293	0.01856	0.01068	0.01068	0.03543	0.02081	0.70423	0.02868	0.02474	0.01799	0.00900	0.00731	0.00225	0.00619	0.00731	0.00900	0.01237
10	0.00898	0.00642	0.00855	0.01004	0.01057	0.00599	0.00676	0.01043	0.01450	0.01948	0.09712	0.68011	0.04986	0.02208	0.00922	0.00289	0.00415	0.02001	0.00686	0.00599
11	0.01579	0.01316	0.01634	0.04918	0.05976	0.01051	0.01009	0.01916	0.01533	0.04722	0.01352	0.01580	0.01101	0.00567	0.00565	0.00125	0.00582	0.00465	0.00437	0.67570
12	0.01889	0.06224	0.02661	0.03443	0.46241	0.07890	0.01882	0.02615	0.15175	0.02417	0.01645	0.01903	0.01335	0.00723	0.00703	0.00216	0.00839	0.00652	0.00435	0.01111
13	0.01902	0.55678	0.11546	0.01439	0.02045	0.06852	0.01456	0.02199	0.01488	0.01788	0.01048	0.01256	0.00933	0.00694	0.00672	0.00180	0.07144	0.00433	0.00315	0.00932
14	0.01959	0.40607	0.02957	0.01676	0.09372	0.09275	0.01312	0.06229	0.07143	0.02185	0.05986	0.01720	0.01494	0.00737	0.00581	0.00179	0.00784	0.00542	0.00422	0.04840

[dist]
# distance from previous block
# <min> <max>
0	55

[block]
# block no. 2 follows, 28 sequences, length 68
# corresponding to MSA columns:
# 88-155
name=unknown_C
#
# <colnr> <probs for GDERKNQSTAVLIFYWHMCP>
#	G	D	E	R	K	N	Q	S	T	A	V	L	I	F	Y	W	H	M	C	P
0	0.05156	0.04844	0.18332	0.01707	0.02393	0.01880	0.05010	0.30785	0.05967	0.09043	0.01847	0.01893	0.02858	0.00817	0.00702	0.00218	0.00828	0.00645	0.00585	0.04490
1	0.07238	0.25140	0.28993	0.05821	0.06030	0.07131	0.05867	0.02269	0.01547	0.02130	0.01193	0.01441	0.00941	0.00668	0.00616	0.00205	0.00957	0.00507	0.00330	0.00977
2	0.04637	0.38898	0.15252	0.01539	0.02192	0.13662	0.01531	0.10585	0.01820	0.02242	0.01175	0.01330	0.00965	0.00688	0.00570	0.00184	0.00913	0.00462	0.00378	0.00977
3	0.01868	0.60162	0.05475	0.01259	0.01842	0.02560	0.01232	0.06271	0.01608	0.01934	0.01550	0.05544	0.04586	0.00793	0.00535	0.00174	0.00748	0.00561	0.00376	0.00922
4	0.01652	0.36226	0.23152	0.01436	0.02156	0.02045	0.01567	0.02091	0.01551	0.02092	0.07336	0.01711	0.01486	0.00708	0.00579	0.00177	0.00792	0.00523	0.00371	0.12346
5	0.02779	0.02092	0.02156	0.01670	0.02239	0.06406	0.01371	0.61175	0.03285	0.06891	0.01750	0.01746	0.01239	0.00866	0.00723	0.00217	0.00824	0.00646	0.00712	0.01212
6	0.11873	0.01722	0.01805	0.01425	0.01968	0.05322	0.01160	0.28541	0.07805	0.19823	0.01944	0.01883	0.01365	0.00822	0.00671	0.00209	0.00707	0.00621	0.00686	0.09648
7	0.01373	0.01292	0.02180	0.72707	0.05006	0.01615	0.02019	0.01857	0.01453	0.01857	0.01292	0.01938	0.00969	0.00727	0.00727	0.00242	0.00969	0.00646	0.00323	0.00807
8	0.00910	0.00664	0.00857	0.00966	0.01053	0.00611	0.00665	0.01084	0.01545	0.02068	0.16800	0.54295	0.11632	0.02084	0.00908	0.00278	0.00401	0.01871	0.00699	0.00611
9	0.15744	0.01336	0.01629	0.01272	0.01817	0.01266	0.01050	0.08993	0.02061	0.53552	0.02464	0.02197	0.01583	0.00860	0.00685	0.00224	0.00625	0.00669	0.00811	0.01163
10	0.03261	0.01237	0.01687	0.01293	0.01856	0.01068	0.01068	0.03543	0.02081	0.70423	0.02868	0.02474	0.01799	0.00900	0.00731	0.00225	0.00619	0.00731	0.00900	0.01237
11	0.00873	0.00711	0.00773	0.00813	0.01004	0.00611	0.00589	0.01050	0.01608	0.01978	0.09212	0.23593	0.50789	0.01934	0.00876	0.00257	0.00380	0.01657	0.00680	0.00611
12	0.02333	0.02614	0.02125	0.02153	0.11793	0.38251	0.01484	0.07481	0.15090	0.02307	0.01551	0.01705	0.01241	0.00826	0.00805	0.00214	0.06002	0.00588	0.00465	0.00972
13	0.02761	0.02098	0.02176	0.01681	0.02254	0.05244	0.01383	0.64708	0.03359	0.04460	0.01718	0.01726	0.01223	0.00867	0.00724	0.00217	0.00822	0.00646	0.00712	0.01219
14	0.00885	0.00637	0.00839	0.01001	0.01052	0.00591	0.00670	0.01013	0.01402	0.01860	0.04136	0.71386	0.07317	0.02260	0.00925	0.00293	0.00420	0.02046	0.00675	0.00591
15	0.01610	0.01648	0.02546	0.02087	0.02201	0.02166	0.11751	0.01839	0.01206	0.01839	0.01034	0.01648	0.00977	0.01170	0.02149	0.00307	0.62002	0.00670	0.00326	0.00824
16	0.01373	0.01292	0.02180	0.72707	0.05006	0.01615	0.02019	0.01857	0.01453	0.01857	0.01292	0.01938	0.00969	0.00727	0.00727	0.00242	0.00969	0.00646	0.00323	0.00807
17	0.05418	0.01211	0.01625	0.01269	0.01800	0.01060	0.01039	0.03369	0.02019	0.64849	0.02872	0.06157	0.01926	0.00965	0.00733	0.00229	0.00607	0.00790	0.00875	0.01190
18	0.00880	0.00737	0.00766	0.00759	0.00995	0.00623	0.00569	0.01084	0.01707	0.02083	0.15172	0.06799	0.61741	0.01796	0.00859	0.00243	0.00365	0.01507	0.00691	0.00623
19	0.01048	0.00803	0.01059	0.03134	0.03815	0.00801	0.00821	0.01427	0.08563	0.02136	0.12139	0.53025	0.04558	0.01937	0.00886	0.00277	0.00459	0.01747	0.00676	0.00688
20	0.01122	0.00886	0.01266	0.01219	0.01311	0.01070	0.00937	0.01327	0.01143	0.01654	0.01854	0.02959	0.01816	0.15309	0.51165	0.00974	0.12160	0.00800	0.00387	0.00639
21	0.01476	0.01259	0.01474	0.01073	0.01689	0.00950	0.00852	0.01790	0.01502	0.02343	0.01427	0.05115	0.01262	0.00625	0.00558	0.00117	0.00533	0.00512	0.00443	0.74999
22	0.01594	0.01390	0.01793	0.01367	0.01845	0.01329	0.03269	0.01882	0.01430	0.04443	0.01262	0.01576	0.01069	0.00744	0.01037	0.00171	0.19494	0.00508	0.00415	0.53382
23	0.02715	0.03464	0.02060	0.01873	0.02247	0.71536	0.01404	0.02903	0.02060	0.01779	0.01124	0.01311	0.00936	0.00749	0.00655	0.00187	0.01311	0.00468	0.00375	0.00843
24	0.02699	0.01988	0.02136	0.01650	0.02213	0.02197	0.01358	0.65228	0.03349	0.04488	0.01822	0.04209	0.01358	0.00921	0.00734	0.00221	0.00787	0.00703	0.00725	0.01214
25	0.00897	0.00652	0.00847	0.00980	0.01051	0.00602	0.00666	0.01050	0.01478	0.01968	0.10658	0.61768	0.10372	0.02164	0.00915	0.00285	0.00410	0.01949	0.00687	0.00602
26	0.00886	0.00633	0.00843	0.01012	0.01054	0.00590	0.00675	0.01012	0.01392	0.01856	0.04006	0.73979	0.04808	0.02277	0.00928	0.00295	0.00422	0.02066	0.00675	0.00590
27	0.00952	0.00733	0.00869	0.00851	0.01042	0.00651	0.00632	0.01217	0.01853	0.02465	0.40355	0.10763	0.31630	0.01681	0.00863	0.00240	0.00358	0.01453	0.00742	0.00651
28	0.02304	0.01490	0.01719	0.01442	0.01887	0.01617	0.01156	0.11207	0.34052	0.23173	0.02847	0.02634	0.04698	0.01000	0.00840	0.00241	0.05001	0.00793	0.00758	0.01143
29	0.01653	0.01694	0.02217	0.01906	0.01927	0.06071	0.01580	0.01813	0.01166	0.01751	0.00964	0.01575	0.00953	0.01243	0.02290	0.00311	0.69140	0.00627	0.00321	0.00798
30	0.02763	0.02036	0.02182	0.01672	0.02254	0.02254	0.01382	0.67496	0.03418	0.04581	0.01745	0.01745	0.01236	0.00873	0.00727	0.00218	0.00800	0.00654	0.00727	0.01236
31	0.03261	0.01237	0.01687	0.01293	0.01856	0.01068	0.01068	0.03543	0.02081	0.70423	0.02868	0.02474	0.01799	0.00900	0.00731	0.00225	0.00619	0.00731	0.00900	0.01237
32	0.02495	0.01864	0.02002	0.01600	0.02130	0.02076	0.01301	0.46004	0.22935	0.06581	0.02151	0.02063	0.01552	0.00908	0.00731	0.00227	0.00726	0.00708	0.00737	0.01211
33	0.01053	0.00720	0.00869	0.00869	0.00895	0.00746	0.00535	0.01106	0.01080	0.01466	0.02221	0.04371	0.02475	0.60447	0.17478	0.00799	0.00957	0.01001	0.00430	0.00483
34	0.00886	0.00633	0.00843	0.01012	0.01054	0.00590	0.00675	0.01012	0.01392	0.01856	0.04006	0.73979	0.04808	0.02277	0.00928	0.00295	0.00422	0.02066	0.00675	0.00590
35	0.02679	0.01432	0.01692	0.01331	0.01806	0.01440	0.01071	0.26986	0.02421	0.32807	0.02345	0.02478	0.01689	0.09168	0.01047	0.00272	0.00674	0.00735	0.06825	0.01103
36	0.01860	0.01956	0.03905	0.02819	0.03502	0.01913	0.55225	0.11587	0.01934	0.02626	0.01489	0.01915	0.01116	0.00677	0.00901	0.00244	0.04086	0.00820	0.00417	0.01009
37	0.64508	0.01454	0.01204	0.01044	0.01509	0.04112	0.00855	0.02391	0.01403	0.13988	0.01314	0.01393	0.00955	0.00714	0.00503	0.00224	0.00599	0.00451	0.00519	0.00861
38	0.01013	0.00686	0.00806	0.00849	0.00860	0.00675	0.00501	0.01045	0.01143	0.01525	0.02733	0.22626	0.03202	0.55823	0.02984	0.00599	0.00632	0.01318	0.00501	0.00479
39	0.02479	0.01784	0.01956	0.01544	0.02023	0.01961	0.01248	0.55531	0.02990	0.04007	0.01761	0.04512	0.01373	0.01161	0.01036	0.11421	0.00762	0.00704	0.00667	0.01081
40	0.01724	0.01929	0.04083	0.03015	0.05939	0.01833	0.61056	0.02418	0.05765	0.02373	0.01557	0.02001	0.01172	0.00637	0.00846	0.00244	0.01174	0.00848	0.00390	0.00997
41	0.00886	0.00633	0.00843	0.01012	0.01054	0.00590	0.00675	0.01012	0.01392	0.01856	0.04006	0.73979	0.04808	0.02277	0.00928	0.00295	0.00422	0.02066	0.00675	0.00590
42	0.00884	0.00641	0.00835	0.00991	0.01049	0.00592	0.00665	0.01015	0.01412	0.01864	0.04269	0.68735	0.09882	0.02243	0.00922	0.00291	0.00418	0.02025	0.00675	0.00592
43	0.02641	0.01961	0.02055	0.01612	0.02155	0.04418	0.01318	0.54649	0.09354	0.06757	0.01903	0.01883	0.01362	0.00879	0.00718	0.00218	0.00773	0.00668	0.03481	0.01195
44	0.01943	0.74891	0.03809	0.01244	0.01866	0.02876	0.01244	0.02177	0.01477	0.01710	0.01011	0.01166	0.00933	0.00622	0.00466	0.00155	0.00777	0.00389	0.00311	0.00933
45	0.01784	0.01712	0.02923	0.06882	0.67617	0.01723	0.02223	0.02218	0.01648	0.02356	0.01365	0.01804	0.01145	0.00650	0.00720	0.00217	0.00867	0.00648	0.00359	0.01139
46	0.02362	0.01711	0.01845	0.01481	0.01951	0.01878	0.01197	0.50366	0.05507	0.04013	0.02111	0.09827	0.01737	0.01028	0.00725	0.00222	0.00698	0.00819	0.09423	0.01099
47	0.01142	0.00933	0.01181	0.01170	0.01301	0.05164	0.00888	0.01369	0.01210	0.01663	0.01934	0.02969	0.01854	0.12663	0.59904	0.01058	0.01774	0.00790	0.00394	0.00638
48	0.05614	0.12462	0.12226	0.01538	0.02162	0.01996	0.01436	0.32827	0.04986	0.07731	0.05750	0.01904	0.01535	0.00832	0.00674	0.00209	0.00769	0.00631	0.00599	0.04120
49	0.01027	0.00747	0.00969	0.00926	0.01101	0.00690	0.00703	0.01361	0.02018	0.02829	0.63031	0.05649	0.09992	0.01531	0.00865	0.00235	0.00360	0.04498	0.00787	0.00681
50	0.01372	0.01273	0.02135	0.70530	0.04881	0.01587	0.01973	0.01852	0.01456	0.01883	0.01325	0.01961	0.00996	0.00730	0.00720	0.00240	0.00950	0.00647	0.02685	0.00804
51	0.01695	0.01903	0.04052	0.06684	0.05848	0.01839	0.59124	0.02277	0.01675	0.02281	0.01437	0.01939	0.01091	0.00647	0.00910	0.00247	0.04186	0.00831	0.00363	0.00969
52	0.05339	0.01450	0.04690	0.01364	0.01928	0.01275	0.01163	0.13092	0.02209	0.52849	0.02615	0.04957	0.01757	0.00931	0.00727	0.00227	0.00657	0.00751	0.00826	0.01192
53	0.09871	0.01296	0.01661	0.01285	0.01839	0.01183	0.01061	0.06968	0.02081	0.60930	0.02644	0.02321	0.01680	0.00879	0.00706	0.00225	0.00624	0.00697	0.00851	0.01198
54	0.02617	0.01095	0.01481	0.01184	0.01634	0.00958	0.00958	0.02916	0.02074	0.50942	0.22106	0.03327	0.03259	0.01069	0.00767	0.00226	0.00539	0.00899	0.00871	0.01078
55	0.01771	0.01470	0.01619	0.01511	0.04605	0.01635	0.01135	0.12318	0.42798	0.03088	0.08084	0.03342	0.09134	0.01111	0.00766	0.00243	0.00585	0.03008	0.00718	0.01059
56	0.03201	0.01251	0.01685	0.01301	0.01857	0.01099	0.01072	0.03556	0.04843	0.67625	0.02872	0.02484	0.01817	0.00903	0.00731	0.00226	0.00617	0.00735	0.00893	0.01233
57	0.01081	0.00842	0.01250	0.01226	0.01345	0.01011	0.00961	0.01333	0.01164	0.01692	0.01870	0.02758	0.01750	0.05128	0.66217	0.01102	0.07457	0.00768	0.00384	0.00660
58	0.79588	0.01406	0.01068	0.00956	0.01406	0.01631	0.00787	0.02137	0.01237	0.03261	0.01012	0.01181	0.00787	0.00675	0.00450	0.00225	0.00562	0.00394	0.00450	0.00787
59	0.03231	0.01285	0.01717	0.01316	0.01880	0.01140	0.01087	0.07416	0.02162	0.66435	0.02800	0.02430	0.01765	0.00898	0.00731	0.00225	0.00630	0.00726	0.00889	0.01237
60	0.00886	0.00633	0.00843	0.01012	0.01054	0.00590	0.00675	0.01012	0.01392	0.01856	0.04006	0.73979	0.04808	0.02277	0.00928	0.00295	0.00422	0.02066	0.00675	0.00590
61	0.01355	0.00678	0.00678	0.00678	0.00847	0.00678	0.00508	0.01694	0.01524	0.02710	0.02371	0.02710	0.01863	0.00847	0.00508	0.00169	0.00339	0.00678	0.78489	0.00678
62	0.03123	0.01459	0.01824	0.01399	0.01966	0.01398	0.01155	0.21329	0.02452	0.52111	0.02556	0.02271	0.01643	0.00892	0.00730	0.00223	0.00669	0.00710	0.00852	0.01237
63	0.01027	0.00748	0.00969	0.00927	0.01102	0.00690	0.00704	0.01361	0.02015	0.02824	0.62669	0.05661	0.10201	0.01533	0.00865	0.00235	0.00361	0.04642	0.00786	0.00681
64	0.01175	0.00784	0.00993	0.01001	0.01171	0.00730	0.00733	0.03900	0.01783	0.07054	0.26376	0.33073	0.12952	0.01800	0.00877	0.00260	0.00424	0.03482	0.00734	0.00697
65	0.01479	0.00768	0.00791	0.00756	0.00960	0.00778	0.00576	0.03832	0.03893	0.05118	0.02389	0.02673	0.01854	0.00854	0.00530	0.00175	0.00371	0.00684	0.70787	0.00730
66	0.02473	0.01819	0.01975	0.01570	0.02069	0.01997	0.01272	0.57212	0.03104	0.04160	0.02095	0.12919	0.01789	0.01090	0.00758	0.00230	0.00741	0.00873	0.00719	0.01136
67	0.00910	0.00762	0.00796	0.00799	0.01031	0.00665	0.00594	0.01175	0.04380	0.02056	0.10684	0.12031	0.57952	0.01819	0.00860	0.00248	0.00379	0.01534	0.00685	0.00638

[dist]
# distance from previous block
# <min> <max>
1	3

[block]
# block no. 3 follows, 28 sequences, length 11
# corresponding to MSA columns:
# 159-169
name=unknown_D
#
# <colnr> <probs for GDERKNQSTAVLIFYWHMCP>
#	G	D	E	R	K	N	Q	S	T	A	V	L	I	F	Y	W	H	M	C	P
0	0.01177	0.00836	0.00961	0.00904	0.01149	0.00756	0.00684	0.05091	0.01880	0.06855	0.24944	0.12085	0.36667	0.01659	0.00849	0.00242	0.00407	0.01415	0.00730	0.00709
1	0.20241	0.02031	0.17898	0.01469	0.02116	0.01603	0.01435	0.12656	0.09161	0.19079	0.01853	0.01834	0.01292	0.00791	0.00650	0.00223	0.00733	0.00595	0.00596	0.03744
2	0.02275	0.01673	0.01839	0.01419	0.01950	0.01726	0.01141	0.39980	0.05360	0.06394	0.01789	0.02062	0.01404	0.08211	0.00983	0.00242	0.00712	0.00652	0.00636	0.19552
3	0.02536	0.02956	0.01946	0.01726	0.02121	0.53075	0.01315	0.13266	0.02241	0.02255	0.01854	0.01954	0.07904	0.00879	0.00688	0.00198	0.01132	0.00606	0.00462	0.00884
4	0.79588	0.01406	0.01068	0.00956	0.01406	0.01631	0.00787	0.02137	0.01237	0.03261	0.01012	0.01181	0.00787	0.00675	0.00450	0.00225	0.00562	0.00394	0.00450	0.00787
5	0.01320	0.01235	0.02032	0.65311	0.04593	0.01512	0.01868	0.01774	0.01474	0.01868	0.01916	0.02458	0.08024	0.00841	0.00740	0.00243	0.00907	0.00737	0.00359	0.00788
6	0.01716	0.01961	0.04289	0.03064	0.03799	0.01838	0.67279	0.02328	0.01716	0.02328	0.01471	0.01961	0.01103	0.00613	0.00858	0.00245	0.01225	0.00858	0.00368	0.00980
7	0.02722	0.03261	0.02077	0.01844	0.02248	0.61656	0.01401	0.12114	0.02254	0.02179	0.01212	0.01373	0.00979	0.00767	0.00666	0.00192	0.01238	0.00495	0.00425	0.00899
8	0.01483	0.01378	0.01946	0.01705	0.01788	0.01770	0.04349	0.05869	0.01366	0.01989	0.01852	0.21119	0.02018	0.01487	0.01814	0.00302	0.45512	0.01033	0.00443	0.00777
9	0.01121	0.00757	0.01003	0.00992	0.01159	0.00703	0.00751	0.01424	0.01908	0.05729	0.48838	0.17003	0.06012	0.01645	0.00878	0.00250	0.00402	0.07960	0.00770	0.00693
10	0.01018	0.00763	0.00972	0.01078	0.01244	0.00716	0.00870	0.01270	0.01636	0.02095	0.08635	0.20410	0.23270	0.01982	0.00939	0.00295	0.00516	0.30970	0.00679	0.00639

[dist]
# distance from previous block
# <min> <max>
0	3

[block]
# block no. 4 follows, 28 sequences, length 14
# corresponding to MSA columns:
# 173-186
name=unknown_E
#
# <colnr> <probs for GDERKNQSTAVLIFYWHMCP>
#	G	D	E	R	K	N	Q	S	T	A	V	L	I	F	Y	W	H	M	C	P
0	0.00935	0.00668	0.00898	0.01054	0.01121	0.00631	0.00747	0.01103	0.01469	0.01961	0.07631	0.60700	0.04832	0.02195	0.00935	0.00297	0.00453	0.11084	0.00681	0.00607
1	0.01011	0.00742	0.00947	0.00896	0.01075	0.00678	0.00672	0.01338	0.02016	0.02816	0.63078	0.05592	0.13378	0.01523	0.00858	0.00230	0.00346	0.01337	0.00787	0.00678
2	0.01912	0.70360	0.08069	0.01297	0.01947	0.02801	0.01336	0.02185	0.01481	0.01748	0.01029	0.01190	0.00932	0.00626	0.00481	0.00160	0.00796	0.00398	0.00311	0.00942
3	0.01544	0.01383	0.02180	0.63974	0.04668	0.01694	0.01940	0.09927	0.01695	0.02192	0.01348	0.01914	0.01002	0.00745	0.00727	0.00239	0.00948	0.00647	0.00373	0.00860
4	0.01057	0.00705	0.00793	0.00793	0.00793	0.00705	0.00440	0.01057	0.01057	0.01409	0.02290	0.04757	0.02643	0.74454	0.03700	0.00705	0.00705	0.01057	0.00440	0.00440
5	0.00883	0.00737	0.00770	0.00762	0.00997	0.00624	0.00571	0.01090	0.01714	0.02099	0.16237	0.06772	0.60667	0.01790	0.00859	0.00243	0.00365	0.01503	0.00693	0.00624
6	0.56951	0.10640	0.01587	0.01126	0.01606	0.06362	0.00946	0.09107	0.01550	0.03115	0.01097	0.01247	0.00862	0.00694	0.00494	0.00213	0.00662	0.00425	0.00457	0.00856
7	0.01263	0.00631	0.00947	0.00947	0.00947	0.00631	0.00631	0.00947	0.00947	0.01263	0.01263	0.02210	0.01263	0.02525	0.02841	0.78851	0.00631	0.00631	0.00316	0.00316
8	0.03184	0.01361	0.01763	0.01352	0.01917	0.01252	0.01117	0.13440	0.02287	0.60233	0.02694	0.02361	0.01712	0.00895	0.00730	0.00224	0.00647	0.00719	0.00873	0.01237
9	0.00886	0.00633	0.00843	0.01012	0.01054	0.00590	0.00675	0.01012	0.01392	0.01856	0.04006	0.73979	0.04808	0.02277	0.00928	0.00295	0.00422	0.02066	0.00675	0.00590
10	0.01507	0.01292	0.01507	0.01077	0.01723	0.00969	0.00861	0.01830	0.01507	0.02369	0.01292	0.01507	0.01077	0.00538	0.00538	0.00108	0.00538	0.00431	0.00431	0.78898
11	0.01247	0.00903	0.01101	0.01139	0.01285	0.00910	0.00811	0.13801	0.01781	0.02380	0.03571	0.60084	0.04121	0.02007	0.00889	0.00280	0.00494	0.01795	0.00685	0.00715
12	0.00901	0.00653	0.00825	0.00954	0.01017	0.00606	0.00634	0.01021	0.01387	0.01820	0.04230	0.58095	0.12537	0.10200	0.01226	0.00334	0.00446	0.01889	0.00649	0.00577
13	0.02362	0.01897	0.02175	0.22067	0.03044	0.05673	0.01566	0.45301	0.02783	0.03654	0.01583	0.01778	0.01144	0.00824	0.00723	0.00223	0.00875	0.00642	0.00593	0.01093

[dist]
# distance from previous block
# <min> <max>
1	6

[block]
# block no. 5 follows, 28 sequences, length 18
# corresponding to MSA columns:
# 193-210
name=unknown_F
#
# <colnr> <probs for GDERKNQSTAVLIFYWHMCP>
#	G	D	E	R	K	N	Q	S	T	A	V	L	I	F	Y	W	H	M	C	P
0	0.43904	0.01346	0.01420	0.05881	0.01787	0.04107	0.06350	0.01958	0.01543	0.02941	0.19498	0.02443	0.02464	0.00894	0.00619	0.00227	0.00614	0.00699	0.00526	0.00779
1	0.01960	0.67350	0.07202	0.01321	0.01953	0.06499	0.01328	0.02222	0.01511	0.01745	0.01032	0.01193	0.00932	0.00632	0.00488	0.00161	0.00821	0.00401	0.00314	0.00935
2	0.64677	0.01375	0.01207	0.03707	0.01612	0.01542	0.00878	0.02347	0.01377	0.13742	0.01314	0.01412	0.00953	0.00712	0.00504	0.00226	0.00586	0.00456	0.00516	0.00859
3	0.02077	0.01654	0.01769	0.01504	0.01970	0.01857	0.01192	0.19099	0.48000	0.05741	0.02599	0.02425	0.01924	0.00939	0.00729	0.00234	0.00629	0.00763	0.00730	0.04164
4	0.01856	0.01484	0.01757	0.01778	0.09989	0.01631	0.01249	0.09124	0.40512	0.06598	0.09748	0.03075	0.02572	0.01037	0.00762	0.00242	0.00613	0.04180	0.00704	0.01089
5	0.01512	0.16495	0.42461	0.01933	0.07862	0.01765	0.02083	0.02135	0.01611	0.02288	0.11378	0.02064	0.01822	0.00792	0.00676	0.00215	0.00893	0.00633	0.00385	0.00996
6	0.00889	0.00644	0.00841	0.00990	0.01051	0.00596	0.00667	0.01028	0.01435	0.01903	0.06699	0.66905	0.09233	0.02218	0.00921	0.00289	0.00415	0.02002	0.00680	0.00596
7	0.03261	0.01237	0.01687	0.01293	0.01856	0.01068	0.01068	0.03543	0.02081	0.70423	0.02868	0.02474	0.01799	0.00900	0.00731	0.00225	0.00619	0.00731	0.00900	0.01237
8	0.01067	0.00690	0.00920	0.01016	0.01113	0.00637	0.00703	0.01238	0.01542	0.06622	0.14220	0.58418	0.04928	0.02061	0.00904	0.00280	0.00423	0.01859	0.00710	0.00649
9	0.01530	0.11171	0.58406	0.02061	0.03061	0.01826	0.07573	0.02291	0.01543	0.02241	0.01286	0.01529	0.00936	0.00677	0.00680	0.00223	0.01055	0.00546	0.00312	0.01052
10	0.50132	0.01591	0.01460	0.01204	0.01703	0.01786	0.00993	0.22672	0.01979	0.08457	0.01373	0.01449	0.01000	0.00753	0.00557	0.00223	0.00641	0.00499	0.00569	0.00960
11	0.00907	0.00649	0.00862	0.00998	0.01059	0.00605	0.00676	0.01065	0.01491	0.02013	0.13729	0.63809	0.05112	0.02160	0.00917	0.00285	0.00410	0.01955	0.00693	0.00605
12	0.01426	0.01381	0.02352	0.58670	0.04537	0.01706	0.07110	0.01881	0.01433	0.01881	0.01265	0.01898	0.00978	0.00784	0.00937	0.00252	0.09702	0.00661	0.00326	0.00820
13	0.01458	0.03760	0.70688	0.02072	0.03146	0.01688	0.02686	0.02302	0.01535	0.02302	0.01304	0.01535	0.00921	0.00691	0.00691	0.00230	0.01074	0.00537	0.00307	0.01074
14	0.01057	0.00705	0.00793	0.00793	0.00793	0.00705	0.00440	0.01057	0.01057	0.01409	0.02290	0.04757	0.02643	0.74454	0.03700	0.00705	0.00705	0.01057	0.00440	0.00440
15	0.00893	0.00648	0.00843	0.00984	0.01051	0.00599	0.00666	0.01038	0.01456	0.01934	0.08588	0.64185	0.10051	0.02191	0.00918	0.00287	0.00412	0.01975	0.00683	0.00599
16	0.02736	0.02848	0.02112	0.01786	0.02250	0.41656	0.01395	0.30760	0.02645	0.02988	0.01392	0.01498	0.01066	0.00802	0.00686	0.00201	0.01090	0.00549	0.00527	0.01012
17	0.01002	0.00742	0.00935	0.00887	0.01070	0.00675	0.00665	0.01320	0.01995	0.02767	0.59836	0.05674	0.16651	0.01541	0.00858	0.00231	0.00347	0.01349	0.00781	0.00675

[dist]
# distance from previous block
# <min> <max>
0	3

[block]
# block no. 6 follows, 28 sequences, length 212
# corresponding to MSA columns:
# 214-425
name=unknown_G
#
# <colnr> <probs for GDERKNQSTAVLIFYWHMCP>
#	G	D	E	R	K	N	Q	S	T	A	V	L	I	F	Y	W	H	M	C	P
0	0.46833	0.01686	0.01389	0.01216	0.01627	0.11407	0.00974	0.07529	0.01625	0.08486	0.03620	0.04565	0.01304	0.00842	0.00648	0.00227	0.04089	0.00565	0.00513	0.00857
1	0.41212	0.01273	0.01308	0.01088	0.01556	0.01312	0.00891	0.02628	0.01657	0.30267	0.08429	0.02115	0.01786	0.00844	0.00603	0.00225	0.00564	0.00619	0.00665	0.00958
2	0.01131	0.00919	0.01024	0.00973	0.01223	0.00904	0.00736	0.01785	0.16691	0.02533	0.28017	0.07637	0.30598	0.01541	0.00834	0.00241	0.00407	0.01316	0.00733	0.00758
3	0.05487	0.17831	0.53842	0.01850	0.02803	0.01922	0.02302	0.02269	0.01508	0.02232	0.01231	0.01443	0.00916	0.00676	0.00634	0.00215	0.00989	0.00500	0.00315	0.01032
4	0.01373	0.01292	0.02180	0.72707	0.05006	0.01615	0.02019	0.01857	0.01453	0.01857	0.01292	0.01938	0.00969	0.00727	0.00727	0.00242	0.00969	0.00646	0.00323	0.00807
5	0.01043	0.00762	0.01083	0.01083	0.01183	0.00862	0.00802	0.01243	0.01143	0.01624	0.02025	0.03289	0.02005	0.21164	0.56118	0.01063	0.01664	0.00842	0.00401	0.00602
6	0.03213	0.01248	0.01685	0.01299	0.01857	0.01093	0.01071	0.03553	0.04273	0.68203	0.02871	0.02482	0.01813	0.00903	0.00731	0.00226	0.00617	0.00734	0.00894	0.01234
7	0.01050	0.00706	0.00919	0.01035	0.01114	0.00669	0.00703	0.03306	0.01470	0.04645	0.03808	0.65572	0.04471	0.05502	0.01041	0.00309	0.00455	0.01920	0.00675	0.00630
8	0.01634	0.01370	0.01574	0.01147	0.01778	0.01119	0.00920	0.07886	0.04343	0.02597	0.01399	0.01577	0.01136	0.00587	0.00563	0.00123	0.00564	0.00467	0.00470	0.68746
9	0.00867	0.00737	0.00747	0.00744	0.00986	0.00617	0.00558	0.01058	0.01674	0.02005	0.10090	0.06927	0.66872	0.01825	0.00859	0.00245	0.00367	0.01524	0.00681	0.00617
10	0.00886	0.00633	0.00843	0.01012	0.01054	0.00590	0.00675	0.01012	0.01392	0.01856	0.04006	0.73979	0.04808	0.02277	0.00928	0.00295	0.00422	0.02066	0.00675	0.00590
11	0.01855	0.08927	0.02994	0.04031	0.60227	0.05005	0.02097	0.02256	0.01656	0.02283	0.01322	0.01715	0.01120	0.00650	0.00692	0.00209	0.00875	0.00614	0.00356	0.01116
12	0.03218	0.01307	0.01730	0.01326	0.01890	0.01172	0.01096	0.09111	0.02197	0.64690	0.02770	0.02411	0.01750	0.00897	0.00731	0.00224	0.00634	0.00724	0.00885	0.01237
13	0.01355	0.00678	0.00678	0.00678	0.00847	0.00678	0.00508	0.01694	0.01524	0.02710	0.02371	0.02710	0.01863	0.00847	0.00508	0.00169	0.00339	0.00678	0.78489	0.00678
14	0.01728	0.01927	0.04098	0.03263	0.13233	0.01822	0.57998	0.02315	0.01707	0.02335	0.01456	0.01938	0.01110	0.00618	0.00838	0.00241	0.01174	0.00828	0.00367	0.01005
15	0.05024	0.02589	0.39042	0.01714	0.02453	0.01476	0.04825	0.08390	0.01854	0.02734	0.19788	0.02611	0.02559	0.00919	0.00736	0.00229	0.00833	0.00767	0.00490	0.00968
16	0.00886	0.00633	0.00843	0.01012	0.01054	0.00590	0.00675	0.01012	0.01392	0.01856	0.04006	0.73979	0.04808	0.02277	0.00928	0.00295	0.00422	0.02066	0.00675	0.00590
17	0.00898	0.00641	0.00857	0.01026	0.01073	0.00601	0.00696	0.01033	0.01404	0.01869	0.04000	0.71218	0.04781	0.02266	0.00931	0.00297	0.00432	0.04710	0.00675	0.00594
18	0.01458	0.03760	0.70688	0.02072	0.03146	0.01688	0.02686	0.02302	0.01535	0.02302	0.01304	0.01535	0.00921	0.00691	0.00691	0.00230	0.01074	0.00537	0.00307	0.01074
19	0.01943	0.74891	0.03809	0.01244	0.01866	0.02876	0.01244	0.02177	0.01477	0.01710	0.01011	0.01166	0.00933	0.00622	0.00466	0.00155	0.00777	0.00389	0.00311	0.00933
20	0.01515	0.12118	0.62829	0.01975	0.02996	0.01828	0.02516	0.02287	0.01528	0.02232	0.01270	0.01491	0.00922	0.00683	0.00664	0.00221	0.01039	0.00520	0.00307	0.01058
21	0.01373	0.01292	0.02180	0.72707	0.05006	0.01615	0.02019	0.01857	0.01453	0.01857	0.01292	0.01938	0.00969	0.00727	0.00727	0.00242	0.00969	0.00646	0.00323	0.00807
22	0.01768	0.01527	0.01606	0.01448	0.01852	0.01758	0.01125	0.03744	0.65796	0.02996	0.03144	0.02892	0.05049	0.01022	0.00745	0.00247	0.00567	0.00852	0.00737	0.01128
23	0.02668	0.01980	0.02131	0.01628	0.02214	0.02157	0.01342	0.62541	0.03274	0.04414	0.01711	0.01727	0.01224	0.00847	0.00713	0.00210	0.00780	0.00638	0.00705	0.07096
24	0.00889	0.00653	0.00834	0.00968	0.01045	0.00598	0.00658	0.01034	0.01461	0.01921	0.07591	0.61173	0.14153	0.02178	0.00915	0.00285	0.00410	0.01955	0.00681	0.00598
25	0.02532	0.01868	0.01969	0.04031	0.02193	0.07148	0.01271	0.37416	0.07488	0.12984	0.01860	0.01856	0.01330	0.00822	0.00696	0.00204	0.00766	0.00631	0.00669	0.12266
26	0.00886	0.00633	0.00843	0.01012	0.01054	0.00590	0.00675	0.01012	0.01392	0.01856	0.04006	0.73979	0.04808	0.02277	0.00928	0.00295	0.00422	0.02066	0.00675	0.00590
27	0.00886	0.00633	0.00843	0.01012	0.01054	0.00590	0.00675	0.01012	0.01392	0.01856	0.04006	0.73979	0.04808	0.02277	0.00928	0.00295	0.00422	0.02066	0.00675	0.00590
28	0.01756	0.01870	0.02155	0.13325	0.02463	0.14707	0.01591	0.01981	0.01360	0.01802	0.01056	0.01592	0.00959	0.01054	0.01714	0.00272	0.44905	0.00597	0.00334	0.04508
29	0.03893	0.01473	0.02565	0.41950	0.07243	0.01674	0.16170	0.02108	0.06571	0.02114	0.01524	0.04174	0.01213	0.00783	0.00812	0.00246	0.03486	0.00741	0.00381	0.00880
30	0.01123	0.00696	0.00931	0.01035	0.01134	0.00641	0.00714	0.01275	0.01489	0.08577	0.06867	0.63911	0.04608	0.02107	0.00905	0.00285	0.00437	0.01902	0.00702	0.00658
31	0.00884	0.00639	0.00837	0.00995	0.01050	0.00592	0.00667	0.01014	0.01408	0.01862	0.04219	0.69740	0.08910	0.02250	0.00923	0.00292	0.00418	0.02033	0.00675	0.00592
32	0.61311	0.01395	0.01214	0.01048	0.01509	0.01560	0.00859	0.04863	0.03997	0.12403	0.03166	0.01547	0.01155	0.00746	0.00520	0.00226	0.00574	0.00490	0.00542	0.00876
33	0.01023	0.00739	0.00967	0.00918	0.01085	0.00682	0.00685	0.01357	0.02031	0.02873	0.66936	0.08149	0.06777	0.01517	0.00860	0.00231	0.00346	0.01344	0.00795	0.00682
34	0.00880	0.00655	0.00820	0.00952	0.01039	0.00595	0.00648	0.01019	0.01449	0.01879	0.04733	0.59474	0.18844	0.02183	0.00913	0.00284	0.00410	0.01951	0.00675	0.00595
35	0.01841	0.01539	0.01690	0.01588	0.05065	0.01745	0.01172	0.11165	0.51033	0.03058	0.02759	0.06235	0.02200	0.04475	0.00886	0.00266	0.00614	0.00867	0.00703	0.01099
36	0.00899	0.00643	0.00856	0.01003	0.01057	0.00600	0.00676	0.01047	0.01456	0.01958	0.10324	0.67371	0.05005	0.02201	0.00921	0.00289	0.00414	0.01994	0.00687	0.00600
37	0.00865	0.00737	0.00744	0.00742	0.00985	0.00616	0.00557	0.01054	0.01670	0.01995	0.09413	0.06944	0.67555	0.01829	0.00859	0.00245	0.00367	0.01527	0.00679	0.00616
38	0.02763	0.02036	0.02182	0.01672	0.02254	0.02254	0.01382	0.67496	0.03418	0.04581	0.01745	0.01745	0.01236	0.00873	0.00727	0.00218	0.00800	0.00654	0.00727	0.01236
39	0.01152	0.00837	0.01030	0.01095	0.01222	0.00829	0.00770	0.10499	0.01692	0.02249	0.03825	0.60861	0.07019	0.02059	0.00896	0.00282	0.00473	0.01843	0.00682	0.00684
40	0.01799	0.01727	0.02950	0.04462	0.69919	0.01727	0.02231	0.02231	0.01655	0.02375	0.01367	0.01799	0.01151	0.00648	0.00720	0.00216	0.00864	0.00648	0.00360	0.01151
41	0.01057	0.00705	0.00793	0.00793	0.00793	0.00705	0.00440	0.01057	0.01057	0.01409	0.02290	0.04757	0.02643	0.74454	0.03700	0.00705	0.00705	0.01057	0.00440	0.00440
42	0.01666	0.01210	0.01359	0.01164	0.01428	0.01278	0.00861	0.24835	0.02021	0.02729	0.06361	0.05796	0.04887	0.29643	0.08257	0.00491	0.00800	0.00932	0.00576	0.03705
43	0.01448	0.01297	0.02020	0.57786	0.04290	0.01562	0.01796	0.08045	0.01657	0.02127	0.01926	0.04385	0.06919	0.00879	0.00744	0.00242	0.00886	0.00762	0.00401	0.00826
44	0.01357	0.00810	0.00878	0.00858	0.01043	0.00828	0.00638	0.06237	0.04292	0.02633	0.04879	0.13116	0.04673	0.03858	0.03214	0.00252	0.00463	0.00945	0.48315	0.00712
45	0.01057	0.00705	0.00793	0.00793	0.00793	0.00705	0.00440	0.01057	0.01057	0.01409	0.02290	0.04757	0.02643	0.74454	0.03700	0.00705	0.00705	0.01057	0.00440	0.00440
46	0.01704	0.01927	0.04099	0.02957	0.03624	0.01874	0.61213	0.02275	0.01660	0.02275	0.01423	0.01927	0.01089	0.00674	0.00999	0.00252	0.07865	0.00837	0.00363	0.00963
47	0.01573	0.01290	0.01514	0.01085	0.01728	0.00973	0.00869	0.01895	0.01529	0.04935	0.01351	0.01544	0.01104	0.00552	0.00546	0.00112	0.00541	0.00442	0.00448	0.75969
48	0.01590	0.01590	0.02226	0.01908	0.01908	0.02226	0.01590	0.01749	0.01113	0.01749	0.00954	0.01590	0.00954	0.01272	0.02385	0.00318	0.73123	0.00636	0.00318	0.00795
49	0.01057	0.00705	0.00793	0.00793	0.00793	0.00705	0.00440	0.01057	0.01057	0.01409	0.02290	0.04757	0.02643	0.74454	0.03700	0.00705	0.00705	0.01057	0.00440	0.00440
50	0.01050	0.00801	0.01061	0.01083	0.01213	0.00791	0.00805	0.01280	0.01617	0.02248	0.24554	0.35932	0.04879	0.01813	0.00998	0.00267	0.05917	0.07418	0.00672	0.05600
51	0.01943	0.74891	0.03809	0.01244	0.01866	0.02876	0.01244	0.02177	0.01477	0.01710	0.01011	0.01166	0.00933	0.00622	0.00466	0.00155	0.00777	0.00389	0.00311	0.00933
52	0.00887	0.00737	0.00774	0.00765	0.00999	0.00625	0.00574	0.01096	0.01722	0.02118	0.17430	0.06742	0.59462	0.01783	0.00859	0.00243	0.00364	0.01499	0.00695	0.00625
53	0.01023	0.00743	0.00963	0.00908	0.01082	0.00683	0.00681	0.01360	0.02044	0.02882	0.67352	0.05485	0.09063	0.01499	0.00857	0.00229	0.00344	0.01322	0.00796	0.00683
54	0.01943	0.74891	0.03809	0.01244	0.01866	0.02876	0.01244	0.02177	0.01477	0.01710	0.01011	0.01166	0.00933	0.00622	0.00466	0.00155	0.00777	0.00389	0.00311	0.00933
55	0.00934	0.00668	0.00893	0.01027	0.01101	0.00628	0.00722	0.01113	0.01520	0.02048	0.14054	0.57379	0.05065	0.02131	0.00924	0.00289	0.00432	0.07765	0.00694	0.00612
56	0.00886	0.00633	0.00843	0.01012	0.01054	0.00590	0.00675	0.01012	0.01392	0.01856	0.04006	0.73979	0.04808	0.02277	0.00928	0.00295	0.00422	0.02066	0.00675	0.00590
57	0.00886	0.00633	0.00843	0.01012	0.01054	0.00590	0.00675	0.01012	0.01392	0.01856	0.04006	0.73979	0.04808	0.02277	0.00928	0.00295	0.00422	0.02066	0.00675	0.00590
58	0.79588	0.01406	0.01068	0.00956	0.01406	0.01631	0.00787	0.02137	0.01237	0.03261	0.01012	0.01181	0.00787	0.00675	0.00450	0.00225	0.00562	0.00394	0.00450	0.00787
59	0.01263	0.00631	0.00947	0.00947	0.00947	0.00631	0.00631	0.00947	0.00947	0.01263	0.01263	0.02210	0.01263	0.02525	0.02841	0.78851	0.00631	0.00631	0.00316	0.00316
60	0.03094	0.01200	0.01633	0.01265	0.01798	0.01040	0.01040	0.03380	0.02079	0.65363	0.07864	0.02696	0.02179	0.00944	0.00740	0.00225	0.00598	0.00775	0.00892	0.01196
61	0.00982	0.00701	0.00954	0.01122	0.01207	0.00673	0.00842	0.01179	0.01487	0.01963	0.03953	0.51816	0.04597	0.02187	0.00953	0.00309	0.00505	0.23280	0.00673	0.00617
62	0.01095	0.00761	0.00969	0.00971	0.01154	0.00697	0.00744	0.01373	0.01836	0.05445	0.36634	0.15804	0.17544	0.01712	0.00883	0.00256	0.00416	0.10281	0.00745	0.00681
63	0.01537	0.01387	0.01904	0.01360	0.02019	0.01093	0.10338	0.01901	0.01537	0.02363	0.01317	0.01572	0.01080	0.00549	0.00584	0.00127	0.00636	0.00492	0.00422	0.67780
64	0.01943	0.74891	0.03809	0.01244	0.01866	0.02876	0.01244	0.02177	0.01477	0.01710	0.01011	0.01166	0.00933	0.00622	0.00466	0.00155	0.00777	0.00389	0.00311	0.00933
65	0.01005	0.00813	0.01234	0.01230	0.01345	0.00792	0.07183	0.01177	0.01408	0.01882	0.03703	0.57412	0.07248	0.05281	0.01108	0.00307	0.03807	0.01814	0.00618	0.00632
66	0.06375	0.01258	0.01623	0.01261	0.01790	0.01134	0.01034	0.07423	0.02102	0.54158	0.08291	0.02573	0.02112	0.00921	0.00720	0.00219	0.00601	0.00746	0.00838	0.04820
67	0.01585	0.21062	0.44732	0.01979	0.05289	0.01951	0.06323	0.02221	0.01531	0.02143	0.01348	0.04240	0.01092	0.00728	0.00656	0.00215	0.00978	0.00583	0.00328	0.01018
68	0.02692	0.02001	0.02142	0.01658	0.02227	0.02221	0.01364	0.62772	0.08256	0.04467	0.01835	0.01817	0.01309	0.00881	0.00728	0.00220	0.00783	0.00667	0.00728	0.01230
69	0.01943	0.74891	0.03809	0.01244	0.01866	0.02876	0.01244	0.02177	0.01477	0.01710	0.01011	0.01166	0.00933	0.00622	0.00466	0.00155	0.00777	0.00389	0.00311	0.00933
70	0.01393	0.01313	0.02217	0.69472	0.08083	0.01620	0.02029	0.01875	0.01463	0.01882	0.01296	0.01931	0.00978	0.00723	0.00726	0.00241	0.00964	0.00646	0.00325	0.00824
71	0.01534	0.01428	0.02471	0.41640	0.03964	0.01616	0.15951	0.06836	0.01650	0.02220	0.01559	0.05387	0.01262	0.00812	0.00800	0.00241	0.03155	0.00762	0.05855	0.00857
72	0.01038	0.00784	0.00945	0.00889	0.01095	0.00717	0.00671	0.03459	0.01989	0.02701	0.49710	0.05751	0.24432	0.01566	0.00854	0.00233	0.00365	0.01355	0.00762	0.00684
73	0.00894	0.00741	0.00785	0.00783	0.01015	0.00632	0.00593	0.01106	0.01715	0.02107	0.16111	0.06814	0.58370	0.01796	0.00864	0.00246	0.00375	0.03733	0.00693	0.00626
74	0.01114	0.00796	0.01105	0.01266	0.01411	0.00787	0.01066	0.01411	0.01632	0.02137	0.05721	0.20307	0.04374	0.02043	0.00986	0.00324	0.00614	0.51576	0.00674	0.00655
75	0.05521	0.71506	0.03683	0.01231	0.01844	0.02819	0.01223	0.02175	0.01466	0.01782	0.01011	0.01167	0.00926	0.00624	0.00466	0.00159	0.00767	0.00389	0.00317	0.00926
76	0.06199	0.01926	0.02040	0.01587	0.02137	0.02136	0.01305	0.58866	0.05969	0.04372	0.01790	0.01803	0.01285	0.00867	0.00705	0.00217	0.00759	0.00650	0.04197	0.01187
77	0.01057	0.00705	0.00793	0.00793	0.00793	0.00705	0.00440	0.01057	0.01057	0.01409	0.02290	0.04757	0.02643	0.74454	0.03700	0.00705	0.00705	0.01057	0.00440	0.00440
78	0.00886	0.00633	0.00843	0.01012	0.01054	0.00590	0.00675	0.01012	0.01392	0.01856	0.04006	0.73979	0.04808	0.02277	0.00928	0.00295	0.00422	0.02066	0.00675	0.00590
79	0.01710	0.01944	0.04196	0.03011	0.03713	0.01856	0.64301	0.02302	0.01688	0.02302	0.01447	0.01944	0.01096	0.00643	0.00927	0.00248	0.04486	0.00848	0.00365	0.00972
80	0.01070	0.00704	0.00788	0.00788	0.00795	0.00704	0.00443	0.01086	0.01078	0.01468	0.02294	0.04665	0.02608	0.71158	0.03557	0.00681	0.00688	0.01040	0.03936	0.00451
81	0.01716	0.01961	0.04289	0.03064	0.03799	0.01838	0.67279	0.02328	0.01716	0.02328	0.01471	0.01961	0.01103	0.00613	0.00858	0.00245	0.01225	0.00858	0.00368	0.00980
82	0.01859	0.01841	0.02892	0.04292	0.65471	0.06316	0.02177	0.02275	0.01682	0.02336	0.01351	0.01767	0.01137	0.00654	0.00715	0.00214	0.00893	0.00636	0.00361	0.01131
83	0.01476	0.01422	0.02006	0.01754	0.01781	0.01952	0.01449	0.01655	0.01125	0.01736	0.01161	0.01853	0.01134	0.02141	0.16775	0.00495	0.58320	0.00666	0.00333	0.00765
84	0.01263	0.00631	0.00947	0.00947	0.00947	0.00631	0.00631	0.00947	0.00947	0.01263	0.01263	0.02210	0.01263	0.02525	0.02841	0.78851	0.00631	0.00631	0.00316	0.00316
85	0.01029	0.00743	0.00972	0.00914	0.01086	0.00686	0.00686	0.01372	0.02058	0.02915	0.69536	0.05430	0.06859	0.01486	0.00857	0.00229	0.00343	0.01315	0.00800	0.00686
86	0.40443	0.05769	0.01652	0.01344	0.01796	0.21473	0.01076	0.10396	0.05416	0.02914	0.01239	0.01369	0.00969	0.00734	0.00558	0.00211	0.00814	0.00469	0.00471	0.00885
87	0.08482	0.03048	0.02008	0.01779	0.02171	0.54473	0.01362	0.11222	0.02137	0.02255	0.01190	0.01369	0.00965	0.00780	0.00718	0.00199	0.04037	0.00493	0.00424	0.00888
88	0.00945	0.00675	0.00912	0.01080	0.01149	0.00642	0.00779	0.01116	0.01451	0.01923	0.03973	0.60211	0.04677	0.02221	0.00944	0.00303	0.00474	0.15244	0.00674	0.00607
89	0.01697	0.08675	0.07084	0.02498	0.03215	0.01800	0.45809	0.02300	0.04203	0.02303	0.01451	0.01829	0.01117	0.00621	0.00763	0.00216	0.01052	0.00735	0.00383	0.12251
90	0.01073	0.00723	0.00845	0.00869	0.00892	0.00723	0.00542	0.01119	0.01143	0.01516	0.02507	0.05235	0.02857	0.64398	0.03326	0.00653	0.00700	0.09937	0.00472	0.00472
91	0.02535	0.01901	0.02059	0.01564	0.02158	0.02021	0.01287	0.55565	0.03071	0.04179	0.01663	0.01702	0.01207	0.00812	0.00693	0.00198	0.00752	0.00614	0.00673	0.15347
92	0.00910	0.00652	0.00866	0.00995	0.01060	0.00607	0.00677	0.01075	0.01507	0.02039	0.15371	0.62091	0.05163	0.02140	0.00916	0.00284	0.00408	0.01936	0.00697	0.00607
93	0.68731	0.01390	0.01223	0.10915	0.01906	0.01629	0.00958	0.02098	0.01267	0.03066	0.01051	0.01286	0.00812	0.00682	0.00488	0.00227	0.00619	0.00429	0.00432	0.00790
94	0.00886	0.00633	0.00843	0.01012	0.01054	0.00590	0.00675	0.01012	0.01392	0.01856	0.04006	0.73979	0.04808	0.02277	0.00928	0.00295	0.00422	0.02066	0.00675	0.00590
95	0.00898	0.00642	0.00858	0.01027	0.01075	0.00601	0.00697	0.01034	0.01404	0.01870	0.03999	0.71034	0.04780	0.02265	0.00931	0.00297	0.00433	0.04886	0.00675	0.00594
96	0.02582	0.01933	0.02068	0.01621	0.02162	0.02148	0.01323	0.56785	0.12400	0.04278	0.01929	0.01965	0.01412	0.02969	0.00813	0.00236	0.00766	0.00689	0.00721	0.01202
97	0.01778	0.01705	0.02912	0.07897	0.66652	0.01721	0.02220	0.02212	0.01645	0.02349	0.01364	0.01806	0.01142	0.00652	0.00720	0.00217	0.00869	0.00648	0.00358	0.01134
98	0.01057	0.00705	0.00793	0.00793	0.00793	0.00705	0.00440	0.01057	0.01057	0.01409	0.02290	0.04757	0.02643	0.74454	0.03700	0.00705	0.00705	0.01057	0.00440	0.00440
99	0.00891	0.00636	0.00848	0.01009	0.01055	0.00594	0.00675	0.01025	0.01415	0.01893	0.06299	0.71581	0.04879	0.02250	0.00925	0.00293	0.00419	0.02040	0.00679	0.00594
100	0.77105	0.03756	0.01156	0.00965	0.01420	0.01671	0.00802	0.02138	0.01245	0.03212	0.01012	0.01180	0.00792	0.00673	0.00450	0.00223	0.00569	0.00393	0.00445	0.00792
