[name]
unknown

[dist]
# distance from previous block
# <min> <max>
0	47

[block]
# block no. 0 follows, 29 sequences, length 14
# corresponding to MSA columns:
# 52-65
name=unknown_A
#
# <colnr> <probs for GDERKNQSTAVLIFYWHMCP>
#	G	D	E	R	K	N	Q	S	T	A	V	L	I	F	Y	W	H	M	C	P
0	0.07638	0.02025	0.09561	0.01547	0.02071	0.08418	0.01357	0.33074	0.06430	0.08558	0.01975	0.07842	0.01622	0.00977	0.00711	0.00226	0.00783	0.03514	0.00622	0.01047
1	0.02370	0.02555	0.05041	0.05924	0.07262	0.32491	0.01484	0.20389	0.10697	0.02703	0.01523	0.01648	0.01170	0.00785	0.00681	0.00206	0.00999	0.00576	0.00498	0.00996
2	0.01647	0.10061	0.08776	0.04232	0.05479	0.06748	0.03862	0.01916	0.01288	0.01811	0.01064	0.01563	0.00971	0.01158	0.04030	0.00296	0.43349	0.00589	0.00320	0.00841
3	0.04867	0.06327	0.17150	0.02542	0.03302	0.01784	0.45377	0.02318	0.01631	0.05623	0.01432	0.01789	0.01057	0.00632	0.00764	0.00231	0.01092	0.00728	0.00374	0.00981
4	0.01670	0.37432	0.35893	0.01767	0.05950	0.02205	0.01941	0.02193	0.01483	0.01985	0.01145	0.01346	0.00919	0.00643	0.00574	0.00190	0.00904	0.00463	0.00305	0.00991
5	0.01904	0.75404	0.03731	0.01218	0.01828	0.02818	0.01218	0.02132	0.01447	0.01675	0.00990	0.01142	0.00914	0.00609	0.00457	0.00152	0.00761	0.00381	0.00305	0.00914
6	0.00868	0.00620	0.00826	0.00991	0.01033	0.00578	0.00661	0.00991	0.01363	0.01818	0.03925	0.74510	0.04710	0.02231	0.00909	0.00289	0.00413	0.02024	0.00661	0.00578
7	0.05562	0.65540	0.06773	0.01261	0.01882	0.02680	0.01271	0.04812	0.01516	0.01888	0.01033	0.01183	0.00919	0.00625	0.00477	0.00161	0.00766	0.00398	0.00327	0.00926
8	0.00868	0.00620	0.00826	0.00991	0.01033	0.00578	0.00661	0.00991	0.01363	0.01818	0.03925	0.74510	0.04710	0.02231	0.00909	0.00289	0.00413	0.02024	0.00661	0.00578
9	0.00868	0.00620	0.00826	0.00991	0.01033	0.00578	0.00661	0.00991	0.01363	0.01818	0.03925	0.74510	0.04710	0.02231	0.00909	0.00289	0.00413	0.02024	0.00661	0.00578
10	0.00868	0.00620	0.00826	0.00991	0.01033	0.00578	0.00661	0.00991	0.01363	0.01818	0.03925	0.74510	0.04710	0.02231	0.00909	0.00289	0.00413	0.02024	0.00661	0.00578
11	0.02707	0.01995	0.02137	0.01638	0.02208	0.02208	0.01353	0.68159	0.03348	0.04488	0.01710	0.01710	0.01211	0.00855	0.00712	0.00214	0.00784	0.00641	0.00712	0.01211
12	0.00868	0.00620	0.00826	0.00991	0.01033	0.00578	0.00661	0.00991	0.01363	0.01818	0.03925	0.74510	0.04710	0.02231	0.00909	0.00289	0.00413	0.02024	0.00661	0.00578
13	0.01665	0.15347	0.07774	0.02229	0.02932	0.01809	0.38356	0.02155	0.01586	0.02176	0.01313	0.01664	0.01034	0.00592	0.00698	0.00196	0.00978	0.00654	0.00358	0.16483

[dist]
# distance from previous block
# <min> <max>
0	2

[block]
# block no. 1 follows, 29 sequences, length 10
# corresponding to MSA columns:
# 68-77
name=unknown_B
#
# <colnr> <probs for GDERKNQSTAVLIFYWHMCP>
#	G	D	E	R	K	N	Q	S	T	A	V	L	I	F	Y	W	H	M	C	P
0	0.06139	0.64525	0.10009	0.01280	0.01922	0.02640	0.01328	0.02142	0.01439	0.01814	0.01017	0.01177	0.00905	0.00618	0.00477	0.00163	0.00778	0.00395	0.00312	0.00919
1	0.01445	0.01368	0.02317	0.56743	0.20643	0.01608	0.02027	0.01907	0.01471	0.01941	0.01283	0.01866	0.00992	0.00693	0.00710	0.00231	0.00924	0.00633	0.00325	0.00872
2	0.01010	0.00725	0.00937	0.00886	0.01039	0.00673	0.00651	0.01317	0.01932	0.02729	0.64333	0.05262	0.06365	0.07761	0.01079	0.00264	0.00366	0.01266	0.00754	0.00651
3	0.00957	0.00710	0.00919	0.00988	0.01115	0.00634	0.00684	0.01129	0.01454	0.02000	0.11409	0.57592	0.04508	0.01935	0.00855	0.00259	0.00418	0.01745	0.00647	0.10042
4	0.01485	0.12292	0.63177	0.01932	0.02931	0.01793	0.02461	0.02240	0.01497	0.02185	0.01243	0.01460	0.00903	0.00668	0.00650	0.00217	0.01017	0.00509	0.00301	0.01036
5	0.01771	0.01530	0.01610	0.01449	0.01852	0.01771	0.01127	0.03784	0.69247	0.02979	0.02898	0.02657	0.02174	0.00966	0.00725	0.00242	0.00564	0.00805	0.00725	0.01127
6	0.01477	0.01266	0.01477	0.01055	0.01687	0.00949	0.00844	0.01793	0.01477	0.02320	0.01266	0.01477	0.01055	0.00527	0.00527	0.00105	0.00527	0.00422	0.00422	0.79328
7	0.01477	0.01266	0.01477	0.01055	0.01687	0.00949	0.00844	0.01793	0.01477	0.02320	0.01266	0.01477	0.01055	0.00527	0.00527	0.00105	0.00527	0.00422	0.00422	0.79328
8	0.32404	0.04327	0.01555	0.01185	0.01675	0.01445	0.00987	0.06740	0.01740	0.35479	0.01899	0.01810	0.01283	0.00799	0.00665	0.00221	0.03547	0.00568	0.00656	0.01014
9	0.02597	0.01940	0.02075	0.01616	0.02166	0.02157	0.01327	0.60575	0.11112	0.04310	0.01850	0.01821	0.01324	0.00868	0.00714	0.00217	0.00758	0.00660	0.00714	0.01201

[dist]
# distance from previous block
# <min> <max>
9	18

[block]
# block no. 2 follows, 29 sequences, length 24
# corresponding to MSA columns:
# 101-124
name=unknown_C
#
# <colnr> <probs for GDERKNQSTAVLIFYWHMCP>
#	G	D	E	R	K	N	Q	S	T	A	V	L	I	F	Y	W	H	M	C	P
0	0.01477	0.01231	0.01542	0.06323	0.04175	0.01076	0.00994	0.01831	0.03764	0.04203	0.01598	0.07567	0.01448	0.03271	0.00789	0.00172	0.04410	0.00626	0.00450	0.53054
1	0.04309	0.01607	0.02334	0.36599	0.28044	0.07302	0.01920	0.02142	0.04977	0.02102	0.01352	0.01813	0.01067	0.00697	0.00695	0.00223	0.00906	0.00620	0.00358	0.00931
2	0.01453	0.01432	0.02634	0.44155	0.04146	0.01561	0.21330	0.01947	0.01507	0.02028	0.01364	0.01909	0.01034	0.00671	0.00727	0.00226	0.00966	0.00681	0.03838	0.06391
3	0.03840	0.01304	0.01899	0.45688	0.03684	0.01543	0.01631	0.08294	0.09140	0.05085	0.01825	0.06717	0.01517	0.00911	0.00731	0.00242	0.00819	0.03803	0.00463	0.00865
4	0.53971	0.04866	0.09176	0.09484	0.04350	0.01643	0.01192	0.02124	0.01317	0.04791	0.01119	0.01337	0.00853	0.00672	0.00516	0.00220	0.00673	0.00447	0.00415	0.00836
5	0.01681	0.04109	0.10035	0.02560	0.18208	0.06727	0.15260	0.02087	0.01519	0.02125	0.02993	0.01730	0.01165	0.00785	0.01068	0.00226	0.17236	0.00636	0.00358	0.09492
6	0.02349	0.01261	0.01555	0.01237	0.01701	0.01198	0.00999	0.13933	0.06618	0.32850	0.17970	0.02891	0.02767	0.00980	0.00726	0.00210	0.00564	0.00812	0.00775	0.08604
7	0.01904	0.75404	0.03731	0.01218	0.01828	0.02818	0.01218	0.02132	0.01447	0.01675	0.00990	0.01142	0.00914	0.00609	0.00457	0.00152	0.00761	0.00381	0.00305	0.00914
8	0.01055	0.00753	0.01041	0.01206	0.01329	0.00740	0.00987	0.01315	0.01548	0.02027	0.03821	0.30019	0.04300	0.02054	0.00959	0.00315	0.00575	0.44667	0.00657	0.00630
9	0.02707	0.01995	0.02137	0.01638	0.02208	0.02208	0.01353	0.68159	0.03348	0.04488	0.01710	0.01710	0.01211	0.00855	0.00712	0.00214	0.00784	0.00641	0.00712	0.01211
10	0.01367	0.11736	0.01431	0.00992	0.01268	0.01029	0.00806	0.01674	0.01903	0.09735	0.47639	0.04579	0.07840	0.01307	0.00777	0.00218	0.00441	0.03785	0.00713	0.00760
11	0.01036	0.00690	0.00777	0.00777	0.00777	0.00690	0.00431	0.01036	0.01036	0.01381	0.02244	0.04660	0.02589	0.74975	0.03624	0.00690	0.00690	0.01036	0.00431	0.00431
12	0.01470	0.01394	0.02363	0.52553	0.24634	0.01615	0.02040	0.01929	0.01483	0.01972	0.01288	0.01858	0.01003	0.00689	0.00710	0.00230	0.00918	0.00633	0.00327	0.00892
13	0.02286	0.30832	0.02657	0.01529	0.02023	0.28056	0.01287	0.12244	0.08704	0.02243	0.01327	0.01429	0.01084	0.00727	0.00589	0.00182	0.00937	0.00490	0.00429	0.00946
14	0.02396	0.01035	0.01385	0.01122	0.01531	0.00909	0.00898	0.02677	0.01985	0.46183	0.22963	0.03506	0.05572	0.03471	0.00851	0.00237	0.00520	0.00923	0.00830	0.01006
15	0.01008	0.00728	0.00952	0.00896	0.01064	0.00672	0.00672	0.01344	0.02016	0.02855	0.70158	0.05319	0.06719	0.01456	0.00840	0.00224	0.00336	0.01288	0.00784	0.00672
16	0.01652	0.02487	0.24025	0.02777	0.08982	0.04589	0.40339	0.02288	0.01636	0.02255	0.01370	0.01757	0.01025	0.00631	0.00772	0.00231	0.01130	0.00714	0.00342	0.00996
17	0.05360	0.67256	0.03510	0.01249	0.01810	0.02721	0.01221	0.02103	0.01413	0.01745	0.00986	0.01170	0.00909	0.00653	0.00580	0.00166	0.05541	0.00397	0.00311	0.00899
18	0.01307	0.00670	0.00695	0.00695	0.00859	0.00679	0.00524	0.01634	0.01470	0.02589	0.02296	0.02664	0.01822	0.01126	0.05204	0.00230	0.00435	0.00670	0.73769	0.00662
19	0.00884	0.00646	0.00837	0.00982	0.01056	0.00598	0.00681	0.01029	0.01413	0.01852	0.04301	0.61832	0.12391	0.02162	0.00906	0.00286	0.00424	0.06470	0.00661	0.00587
20	0.01851	0.65565	0.03469	0.01239	0.01819	0.02634	0.01206	0.02083	0.01431	0.01729	0.01009	0.01191	0.00926	0.00636	0.00561	0.00157	0.04573	0.00397	0.00314	0.07210
21	0.01018	0.00759	0.01126	0.01126	0.01246	0.00880	0.00867	0.01260	0.01139	0.01639	0.01924	0.02892	0.01821	0.08874	0.68676	0.01121	0.01846	0.00777	0.00384	0.00625
22	0.01713	0.35096	0.30716	0.01665	0.02425	0.06610	0.05280	0.02203	0.01541	0.01992	0.03931	0.01506	0.01153	0.00678	0.00593	0.00191	0.00918	0.00505	0.00329	0.00957
23	0.01497	0.01312	0.01623	0.01237	0.01763	0.01166	0.03714	0.02038	0.10443	0.02398	0.06337	0.01929	0.01595	0.00708	0.00724	0.00153	0.06022	0.00566	0.00477	0.54299

[dist]
# distance from previous block
# <min> <max>
22	35

[block]
# block no. 3 follows, 29 sequences, length 25
# corresponding to MSA columns:
# 165-189
name=unknown_D
#
# <colnr> <probs for GDERKNQSTAVLIFYWHMCP>
#	G	D	E	R	K	N	Q	S	T	A	V	L	I	F	Y	W	H	M	C	P
0	0.01412	0.01366	0.02404	0.60605	0.10133	0.01613	0.08610	0.01895	0.01466	0.01907	0.01289	0.01890	0.00977	0.00694	0.00724	0.00235	0.00966	0.00654	0.00324	0.00835
1	0.02508	0.06223	0.02208	0.02148	0.11342	0.59737	0.01478	0.02725	0.01941	0.01818	0.01128	0.01342	0.00945	0.00715	0.00643	0.00186	0.01203	0.00479	0.00362	0.00870
2	0.01637	0.01885	0.06125	0.05468	0.03526	0.01695	0.55928	0.02210	0.01643	0.02266	0.01409	0.01858	0.01066	0.00599	0.00796	0.00225	0.01113	0.00776	0.00363	0.09411
3	0.00929	0.00651	0.00841	0.00939	0.01024	0.00606	0.00649	0.01116	0.01530	0.02113	0.19081	0.51791	0.07154	0.01949	0.00864	0.00265	0.00388	0.01750	0.05754	0.00606
4	0.00945	0.00686	0.00891	0.00923	0.01046	0.00632	0.00660	0.01191	0.01744	0.02407	0.41337	0.31871	0.09468	0.01771	0.00866	0.00250	0.00367	0.01581	0.00730	0.00632
5	0.02486	0.01801	0.01950	0.01555	0.02077	0.01991	0.01265	0.44918	0.21597	0.09528	0.02131	0.02032	0.01524	0.00888	0.00716	0.00222	0.00708	0.00693	0.00730	0.01188
6	0.01755	0.01314	0.01632	0.08389	0.02065	0.01149	0.01041	0.06020	0.01639	0.10919	0.01471	0.01654	0.01137	0.00638	0.00651	0.00148	0.03449	0.00501	0.00482	0.53946
7	0.02281	0.01134	0.01481	0.01281	0.03748	0.01062	0.00982	0.08119	0.05122	0.36592	0.22288	0.07186	0.03317	0.01117	0.00762	0.00225	0.00537	0.00950	0.00803	0.01013
8	0.01471	0.06296	0.63184	0.02142	0.06251	0.01705	0.04752	0.02248	0.01513	0.02237	0.01275	0.01516	0.00919	0.00669	0.00675	0.00223	0.01036	0.00536	0.00305	0.01047
9	0.00864	0.00633	0.00813	0.00956	0.01024	0.00581	0.00645	0.00995	0.01397	0.01832	0.04353	0.65706	0.13238	0.02175	0.00900	0.00283	0.00406	0.01956	0.00661	0.00581
10	0.02516	0.01981	0.02217	0.02077	0.13000	0.07738	0.01479	0.43977	0.02740	0.08236	0.01628	0.01722	0.01194	0.00836	0.00804	0.00217	0.05253	0.00629	0.00614	0.01140
11	0.01975	0.26685	0.27487	0.01699	0.02398	0.22098	0.01776	0.04568	0.01693	0.01996	0.01149	0.01331	0.00920	0.00677	0.00597	0.00190	0.01016	0.00464	0.00334	0.00948
12	0.01409	0.01335	0.02127	0.26352	0.02944	0.01670	0.08151	0.01731	0.01314	0.01874	0.01462	0.07778	0.01345	0.01174	0.03470	0.00292	0.28594	0.00769	0.05436	0.00773
13	0.00999	0.00678	0.00798	0.00828	0.00848	0.00666	0.00494	0.01046	0.01166	0.01565	0.06982	0.18986	0.03290	0.55343	0.02889	0.00578	0.00611	0.01254	0.00501	0.00477
14	0.02724	0.01856	0.02188	0.01663	0.02240	0.01984	0.05610	0.52876	0.03017	0.15680	0.01880	0.01845	0.01296	0.00843	0.00721	0.00217	0.00780	0.00667	0.00718	0.01195
15	0.01879	0.71625	0.07290	0.01261	0.01894	0.02756	0.01293	0.02139	0.01450	0.01706	0.01005	0.01161	0.00913	0.00613	0.00468	0.00156	0.00777	0.00388	0.00304	0.00921
16	0.00842	0.00721	0.00721	0.00721	0.00962	0.00601	0.00541	0.01022	0.01623	0.01924	0.07213	0.06853	0.70244	0.01803	0.00842	0.00240	0.00361	0.01503	0.00661	0.00601
17	0.01345	0.01266	0.02136	0.73264	0.04904	0.01582	0.01978	0.01819	0.01424	0.01819	0.01266	0.01898	0.00949	0.00712	0.00712	0.00237	0.00949	0.00633	0.00316	0.00791
18	0.01036	0.00690	0.00777	0.00777	0.00777	0.00690	0.00431	0.01036	0.01036	0.01381	0.02244	0.04660	0.02589	0.74975	0.03624	0.00690	0.00690	0.01036	0.00431	0.00431
19	0.00975	0.00727	0.00906	0.00861	0.01043	0.00658	0.00646	0.01280	0.01937	0.02670	0.57613	0.05625	0.19380	0.01525	0.00840	0.00227	0.00341	0.01331	0.00759	0.00658
20	0.01363	0.01302	0.02250	0.69386	0.04839	0.01594	0.05618	0.01845	0.01438	0.01845	0.01275	0.01900	0.00956	0.00706	0.00719	0.00237	0.00963	0.00644	0.00319	0.00800
21	0.00868	0.00620	0.00826	0.00991	0.01033	0.00578	0.00661	0.00991	0.01363	0.01818	0.03925	0.74510	0.04710	0.02231	0.00909	0.00289	0.00413	0.02024	0.00661	0.00578
22	0.01968	0.01550	0.01734	0.01323	0.01886	0.01512	0.01072	0.28624	0.07103	0.03203	0.01598	0.01729	0.01239	0.00957	0.04582	0.00216	0.00710	0.00557	0.00558	0.37880
23	0.02325	0.01322	0.01577	0.01307	0.01750	0.01348	0.01046	0.09948	0.24454	0.30736	0.13420	0.02887	0.02629	0.00998	0.00738	0.00227	0.00567	0.00829	0.00796	0.01098
24	0.00853	0.00720	0.00741	0.00754	0.00982	0.00607	0.00567	0.01036	0.01611	0.01926	0.06943	0.10098	0.64929	0.01829	0.00850	0.00246	0.00373	0.03674	0.00661	0.00602

[dist]
# distance from previous block
# <min> <max>
0	49

[block]
# block no. 4 follows, 29 sequences, length 45
# corresponding to MSA columns:
# 239-283
name=unknown_E
#
# <colnr> <probs for GDERKNQSTAVLIFYWHMCP>
#	G	D	E	R	K	N	Q	S	T	A	V	L	I	F	Y	W	H	M	C	P
0	0.01669	0.01597	0.02722	0.19758	0.55875	0.01667	0.02139	0.02104	0.01577	0.02213	0.01323	0.01793	0.01088	0.00652	0.00707	0.00217	0.00869	0.00634	0.00344	0.01053
1	0.02623	0.03325	0.02053	0.01937	0.04977	0.69255	0.01409	0.02817	0.02002	0.01766	0.01110	0.01304	0.00926	0.00730	0.00645	0.00185	0.01266	0.00466	0.00366	0.00838
2	0.01268	0.00921	0.01123	0.01128	0.01292	0.00940	0.00817	0.15090	0.01808	0.02432	0.07366	0.51804	0.03964	0.02038	0.04128	0.00309	0.00554	0.01632	0.00666	0.00719
3	0.00873	0.00630	0.00827	0.00973	0.01031	0.00584	0.00655	0.01010	0.01408	0.01874	0.07317	0.67670	0.08172	0.02171	0.00902	0.00284	0.00407	0.01962	0.00667	0.00584
4	0.05136	0.00923	0.01206	0.09682	0.01722	0.00935	0.00980	0.04540	0.01748	0.07887	0.19226	0.15105	0.11222	0.01516	0.00831	0.00258	0.00544	0.15148	0.00657	0.00734
5	0.80005	0.01377	0.01047	0.00936	0.01377	0.01597	0.00771	0.02093	0.01212	0.03195	0.00991	0.01157	0.00771	0.00661	0.00441	0.00220	0.00551	0.00386	0.00441	0.00771
6	0.01858	0.68435	0.10295	0.01297	0.01949	0.02704	0.01356	0.02144	0.01452	0.01732	0.01018	0.01177	0.00913	0.00616	0.00478	0.00159	0.00790	0.00395	0.00304	0.00927
7	0.01870	0.01564	0.01835	0.01905	0.12562	0.01750	0.01299	0.06477	0.53002	0.05669	0.02597	0.02465	0.01950	0.00906	0.00721	0.00235	0.00619	0.00767	0.00672	0.01134
8	0.00883	0.00630	0.00818	0.00961	0.01006	0.00590	0.00635	0.00997	0.01342	0.01780	0.03884	0.65462	0.06875	0.09095	0.01163	0.00325	0.00437	0.01912	0.00639	0.00565
9	0.02544	0.01884	0.02045	0.01580	0.02126	0.02067	0.01300	0.60866	0.03123	0.04210	0.01700	0.01764	0.01238	0.01111	0.05043	0.00265	0.00839	0.00638	0.00678	0.04978
10	0.80005	0.01377	0.01047	0.00936	0.01377	0.01597	0.00771	0.02093	0.01212	0.03195	0.00991	0.01157	0.00771	0.00661	0.00441	0.00220	0.00551	0.00386	0.00441	0.00771
11	0.01495	0.00891	0.00839	0.00792	0.00999	0.04062	0.00604	0.06824	0.01660	0.02754	0.02220	0.02519	0.01736	0.00827	0.00521	0.00170	0.00410	0.00653	0.69310	0.00713
12	0.01237	0.00618	0.00928	0.00928	0.00928	0.00618	0.00618	0.00928	0.00928	0.01237	0.01237	0.02165	0.01237	0.02474	0.02783	0.79283	0.00618	0.00618	0.00309	0.00309
13	0.02878	0.01142	0.01551	0.01213	0.01709	0.00992	0.00992	0.03162	0.02035	0.61151	0.12566	0.02843	0.02481	0.00965	0.00734	0.00221	0.00567	0.00799	0.00867	0.01134
14	0.01771	0.01530	0.01610	0.01449	0.01852	0.01771	0.01127	0.03784	0.69247	0.02979	0.02898	0.02657	0.02174	0.00966	0.00725	0.00242	0.00564	0.00805	0.00725	0.01127
15	0.00992	0.00738	0.00931	0.00913	0.01094	0.00676	0.00705	0.01297	0.01892	0.02583	0.49642	0.05953	0.18876	0.01587	0.00858	0.00240	0.00380	0.09243	0.00744	0.00656
16	0.74827	0.01366	0.01087	0.00959	0.01407	0.01560	0.00790	0.02186	0.01268	0.07768	0.01114	0.01242	0.00838	0.00676	0.00459	0.00220	0.00555	0.00408	0.00470	0.00801
17	0.01001	0.00728	0.00943	0.00889	0.01060	0.00669	0.00667	0.01331	0.02000	0.02818	0.67639	0.05380	0.09260	0.01470	0.00840	0.00225	0.00337	0.01296	0.00779	0.00669
18	0.00871	0.00626	0.00826	0.00980	0.01031	0.00582	0.00657	0.01003	0.01391	0.01852	0.05992	0.70224	0.06939	0.02194	0.00905	0.00286	0.00409	0.01985	0.00665	0.00582
19	0.01680	0.01419	0.01508	0.01380	0.01751	0.01622	0.01079	0.03451	0.59717	0.02875	0.03079	0.03131	0.04707	0.01050	0.00734	0.00243	0.00551	0.04743	0.04218	0.01059
20	0.01428	0.03683	0.71286	0.02030	0.03082	0.01654	0.02631	0.02255	0.01503	0.02255	0.01278	0.01503	0.00902	0.00677	0.00677	0.00226	0.01052	0.00526	0.00301	0.01052
21	0.01744	0.01673	0.02857	0.07453	0.67597	0.01687	0.02176	0.02169	0.01613	0.02304	0.01336	0.01768	0.01120	0.00638	0.00705	0.00213	0.00851	0.00634	0.00351	0.01113
22	0.80005	0.01377	0.01047	0.00936	0.01377	0.01597	0.00771	0.02093	0.01212	0.03195	0.00991	0.01157	0.00771	0.00661	0.00441	0.00220	0.00551	0.00386	0.00441	0.00771
23	0.01848	0.02070	0.08414	0.01991	0.02525	0.12382	0.22223	0.11638	0.10508	0.02579	0.06214	0.02460	0.07371	0.00886	0.00818	0.00228	0.03596	0.00798	0.00501	0.00950
24	0.01551	0.01445	0.02262	0.01883	0.08856	0.01255	0.17693	0.04294	0.01625	0.02360	0.01750	0.02260	0.04354	0.00712	0.00671	0.00173	0.00735	0.04546	0.00435	0.41140
25	0.01560	0.01485	0.02524	0.37795	0.38693	0.01639	0.02085	0.02008	0.01526	0.02080	0.01304	0.01828	0.01041	0.00672	0.00708	0.00224	0.00896	0.00634	0.00335	0.00964
26	0.01745	0.01506	0.01634	0.01540	0.04100	0.01730	0.01163	0.03637	0.64272	0.02923	0.02882	0.02846	0.02217	0.00996	0.00734	0.00244	0.00577	0.03438	0.00709	0.01108
27	0.02707	0.01995	0.02137	0.01638	0.02208	0.02208	0.01353	0.68159	0.03348	0.04488	0.01710	0.01710	0.01211	0.00855	0.00712	0.00214	0.00784	0.00641	0.00712	0.01211
28	0.02688	0.01923	0.02081	0.01606	0.02166	0.02116	0.01323	0.60950	0.06652	0.08426	0.01837	0.01801	0.01294	0.00862	0.00713	0.00216	0.00762	0.00654	0.00723	0.01207
29	0.01487	0.01194	0.01270	0.01159	0.01503	0.01273	0.00896	0.02689	0.38982	0.06253	0.06867	0.04244	0.26702	0.01279	0.00770	0.00239	0.00485	0.01068	0.00712	0.00927
30	0.80005	0.01377	0.01047	0.00936	0.01377	0.01597	0.00771	0.02093	0.01212	0.03195	0.00991	0.01157	0.00771	0.00661	0.00441	0.00220	0.00551	0.00386	0.00441	0.00771
31	0.01736	0.01766	0.03313	0.03929	0.48986	0.01727	0.23394	0.02216	0.01640	0.02312	0.01372	0.01813	0.01113	0.00623	0.00749	0.00221	0.00960	0.00701	0.00355	0.01074
32	0.06240	0.01896	0.01847	0.01601	0.05762	0.13410	0.01204	0.21872	0.10992	0.07729	0.01678	0.01732	0.01262	0.00752	0.00645	0.00188	0.00758	0.00573	0.00566	0.19295
33	0.01019	0.00755	0.01105	0.01105	0.01219	0.00869	0.00841	0.01246	0.01133	0.01624	0.01943	0.02995	0.01866	0.12740	0.64871	0.01096	0.01778	0.00792	0.00387	0.00614
34	0.11499	0.01211	0.01297	0.01084	0.01466	0.01266	0.00872	0.17061	0.06074	0.17080	0.02160	0.02217	0.01570	0.00834	0.00597	0.00199	0.00529	0.00644	0.31403	0.00938
35	0.00883	0.00758	0.00761	0.00754	0.01002	0.00653	0.00567	0.01145	0.04648	0.01971	0.07020	0.06665	0.67199	0.01766	0.00836	0.00240	0.00370	0.01472	0.00664	0.00625
36	0.01227	0.00625	0.00938	0.00938	0.00943	0.00631	0.00631	0.00943	0.00938	0.01256	0.01268	0.02194	0.01262	0.02605	0.05962	0.75702	0.00677	0.00625	0.00313	0.00324
37	0.01763	0.01685	0.02833	0.04240	0.67460	0.01695	0.02138	0.02257	0.04648	0.02356	0.01409	0.01802	0.01175	0.00649	0.00706	0.00213	0.00833	0.00642	0.00369	0.01128
38	0.00909	0.00715	0.00809	0.00838	0.01017	0.00633	0.00621	0.01104	0.01605	0.02024	0.15241	0.15868	0.41739	0.06881	0.01055	0.00283	0.00412	0.06982	0.00663	0.00601
39	0.74439	0.01374	0.01072	0.00952	0.01387	0.01586	0.00782	0.04445	0.01298	0.03222	0.01065	0.01230	0.00824	0.00674	0.00452	0.00218	0.00551	0.00405	0.03240	0.00783
40	0.01858	0.01176	0.01231	0.01039	0.01360	0.01258	0.00827	0.27263	0.02207	0.03360	0.02087	0.02291	0.01589	0.00839	0.00580	0.00184	0.00506	0.00655	0.48813	0.00874
41	0.00868	0.00620	0.00826	0.00991	0.01033	0.00578	0.00661	0.00991	0.01363	0.01818	0.03925	0.74510	0.04710	0.02231	0.00909	0.00289	0.00413	0.02024	0.00661	0.00578
42	0.02058	0.56465	0.05821	0.01388	0.01958	0.18469	0.01306	0.02298	0.01578	0.01712	0.01026	0.01188	0.00914	0.00640	0.00507	0.00162	0.00891	0.00404	0.00319	0.00899
43	0.05498	0.05991	0.60876	0.02057	0.05379	0.01698	0.04376	0.02241	0.01496	0.02286	0.01260	0.01494	0.00909	0.00670	0.00662	0.00223	0.01013	0.00527	0.00312	0.01033
44	0.02150	0.17909	0.02684	0.02240	0.16033	0.26318	0.07261	0.07557	0.03761	0.02184	0.01309	0.01541	0.01073	0.00696	0.00634	0.00191	0.00974	0.00544	0.03993	0.00948

[dist]
# distance from previous block
# <min> <max>
0	1

[block]
# block no. 5 follows, 29 sequences, length 35
# corresponding to MSA columns:
# 285-319
name=unknown_F
#
# <colnr> <probs for GDERKNQSTAVLIFYWHMCP>
#	G	D	E	R	K	N	Q	S	T	A	V	L	I	F	Y	W	H	M	C	P
0	0.01831	0.01491	0.01560	0.01409	0.01791	0.03994	0.01090	0.03490	0.56153	0.07926	0.02918	0.08726	0.02317	0.01060	0.00737	0.00242	0.00578	0.00891	0.00719	0.01076
1	0.01137	0.00784	0.00928	0.00871	0.01104	0.00701	0.00660	0.01443	0.03664	0.08106	0.34571	0.07548	0.32712	0.01561	0.00829	0.00233	0.00377	0.01337	0.00736	0.00697
2	0.02627	0.01955	0.02092	0.01622	0.02178	0.02171	0.01334	0.62664	0.08973	0.04359	0.01811	0.01790	0.01293	0.00864	0.00713	0.00216	0.00765	0.00655	0.00713	0.01204
3	0.00895	0.00655	0.00841	0.00940	0.01031	0.00601	0.00650	0.01071	0.01534	0.02054	0.18586	0.51798	0.12690	0.02014	0.00886	0.00270	0.00390	0.01805	0.00688	0.00601
4	0.01036	0.00690	0.00777	0.00777	0.00777	0.00690	0.00431	0.01036	0.01036	0.01381	0.02244	0.04660	0.02589	0.74975	0.03624	0.00690	0.00690	0.01036	0.00431	0.00431
5	0.00883	0.00631	0.00840	0.00981	0.01036	0.00588	0.00662	0.01029	0.01433	0.01929	0.11005	0.67114	0.04924	0.02148	0.00901	0.00282	0.00405	0.01946	0.00674	0.00588
6	0.01036	0.00690	0.00777	0.00777	0.00777	0.00690	0.00431	0.01036	0.01036	0.01381	0.02244	0.04660	0.02589	0.74975	0.03624	0.00690	0.00690	0.01036	0.00431	0.00431
7	0.75472	0.01367	0.01082	0.00956	0.01403	0.01565	0.00787	0.02174	0.01261	0.07198	0.01099	0.01232	0.00830	0.00674	0.00457	0.00220	0.00554	0.00405	0.00467	0.00797
8	0.01945	0.64274	0.03436	0.01280	0.01855	0.07533	0.01222	0.02319	0.07121	0.01788	0.01156	0.01278	0.01019	0.00647	0.00492	0.00162	0.00781	0.00421	0.00344	0.00925
9	0.03096	0.01234	0.01650	0.01280	0.01820	0.01097	0.01052	0.03492	0.06695	0.66311	0.02815	0.02440	0.01791	0.00887	0.00717	0.00222	0.00603	0.00722	0.00870	0.01206
10	0.01018	0.00759	0.01123	0.01123	0.01242	0.00878	0.00863	0.01258	0.01138	0.01637	0.01927	0.02907	0.01828	0.09450	0.68109	0.01118	0.01835	0.00779	0.00384	0.00624
11	0.01710	0.02016	0.09830	0.03177	0.20306	0.01785	0.41334	0.04521	0.01691	0.02350	0.01395	0.01826	0.01077	0.00643	0.00830	0.00233	0.03152	0.00747	0.00364	0.01014
12	0.01664	0.01677	0.02901	0.19378	0.36916	0.04290	0.15768	0.02123	0.01605	0.02174	0.01419	0.02025	0.01173	0.00695	0.00742	0.00226	0.00953	0.02925	0.00357	0.00990
13	0.02355	0.02905	0.01856	0.01706	0.02028	0.58876	0.01286	0.02551	0.01856	0.01726	0.01251	0.01565	0.01078	0.01590	0.13936	0.00362	0.01400	0.00515	0.00370	0.00790
14	0.01837	0.01617	0.10493	0.05611	0.02001	0.01449	0.03725	0.25707	0.02135	0.03080	0.01868	0.02318	0.01475	0.00971	0.00803	0.05616	0.00691	0.03757	0.23942	0.00905
15	0.01938	0.09282	0.02698	0.05097	0.33808	0.13966	0.06537	0.04183	0.11183	0.02289	0.01496	0.01758	0.01210	0.00701	0.00682	0.00208	0.00901	0.00618	0.00411	0.01034
16	0.01468	0.09644	0.65671	0.01962	0.02978	0.01750	0.02513	0.02245	0.01499	0.02207	0.01254	0.01473	0.00903	0.00671	0.00658	0.00219	0.01028	0.00514	0.00301	0.01041
17	0.01585	0.02063	0.17415	0.02864	0.24151	0.01580	0.20086	0.02112	0.01578	0.02262	0.01497	0.03923	0.01262	0.00730	0.00771	0.00219	0.02670	0.03113	0.00370	0.09748
18	0.02558	0.01075	0.01426	0.01140	0.01592	0.00932	0.00924	0.02830	0.01981	0.51720	0.13688	0.03435	0.11308	0.01088	0.00751	0.00223	0.00533	0.00905	0.00838	0.01051
19	0.70197	0.01423	0.01165	0.01010	0.01466	0.01627	0.00832	0.07790	0.01429	0.06140	0.01129	0.01257	0.00850	0.00687	0.00475	0.00220	0.00573	0.00421	0.00482	0.00827
20	0.02099	0.01489	0.01655	0.01433	0.01867	0.01641	0.01143	0.11629	0.45151	0.15015	0.02787	0.02825	0.02099	0.00998	0.00737	0.00240	0.00604	0.04719	0.00746	0.01124
21	0.01027	0.00760	0.00962	0.00906	0.01088	0.00711	0.00681	0.01419	0.04686	0.02796	0.63097	0.05318	0.10938	0.01460	0.00835	0.00226	0.00347	0.01283	0.00773	0.00685
22	0.01036	0.00690	0.00777	0.00777	0.00777	0.00690	0.00431	0.01036	0.01036	0.01381	0.02244	0.04660	0.02589	0.74975	0.03624	0.00690	0.00690	0.01036	0.00431	0.00431
23	0.15850	0.01249	0.01551	0.01218	0.01746	0.01160	0.01003	0.03252	0.03935	0.57754	0.02511	0.02221	0.01611	0.00847	0.00671	0.00221	0.00596	0.00664	0.00804	0.01136
24	0.00896	0.00632	0.00818	0.00955	0.00990	0.00597	0.00622	0.00999	0.01308	0.01744	0.03641	0.62743	0.04352	0.14486	0.01366	0.00357	0.00460	0.01858	0.00622	0.00554
25	0.01011	0.00680	0.00784	0.00808	0.00814	0.00674	0.00465	0.01029	0.01083	0.01444	0.02487	0.14774	0.02896	0.64442	0.03231	0.00632	0.00650	0.01179	0.00465	0.00453
26	0.02667	0.03187	0.02035	0.01805	0.02202	0.61793	0.01373	0.12489	0.02214	0.02148	0.01191	0.01347	0.00961	0.00752	0.00652	0.00188	0.01210	0.00486	0.00418	0.00882
27	0.01616	0.00835	0.00886	0.00806	0.01043	0.00841	0.00625	0.08029	0.01713	0.08662	0.02307	0.02547	0.01762	0.00836	0.00536	0.00175	0.00397	0.00666	0.64956	0.00762
28	0.08900	0.02116	0.06708	0.01580	0.02118	0.10758	0.01342	0.35569	0.14159	0.06963	0.01804	0.01795	0.01310	0.00832	0.00681	0.00216	0.00799	0.00621	0.00628	0.01101
29	0.01179	0.00760	0.01001	0.00934	0.01124	0.00696	0.00702	0.01494	0.01968	0.08443	0.59552	0.10311	0.06155	0.01467	0.00835	0.00229	0.00364	0.01296	0.00783	0.00710
30	0.01345	0.01266	0.02136	0.73264	0.04904	0.01582	0.01978	0.01819	0.01424	0.01819	0.01266	0.01898	0.00949	0.00712	0.00712	0.00237	0.00949	0.00633	0.00316	0.00791
31	0.01762	0.01692	0.02890	0.04371	0.70533	0.01692	0.02185	0.02185	0.01621	0.02326	0.01339	0.01762	0.01128	0.00634	0.00705	0.00211	0.00846	0.00634	0.00352	0.01128
32	0.01916	0.64292	0.09379	0.01330	0.01961	0.07520	0.01350	0.02192	0.01491	0.01729	0.01022	0.01183	0.00913	0.00624	0.00488	0.00161	0.00823	0.00399	0.00309	0.00920
33	0.04441	0.02016	0.02042	0.02133	0.16923	0.21668	0.01408	0.07255	0.06021	0.26156	0.01889	0.01890	0.01347	0.00783	0.00686	0.00209	0.00860	0.00617	0.00588	0.01067
34	0.06718	0.01456	0.01837	0.01971	0.16071	0.01535	0.01312	0.21615	0.08716	0.08317	0.08082	0.08530	0.02336	0.01079	0.00749	0.00235	0.00667	0.07135	0.00632	0.01008

[dist]
# distance from previous block
# <min> <max>
0	15

[block]
# block no. 6 follows, 29 sequences, length 26
# corresponding to MSA columns:
# 335-360
name=unknown_G
#
# <colnr> <probs for GDERKNQSTAVLIFYWHMCP>
#	G	D	E	R	K	N	Q	S	T	A	V	L	I	F	Y	W	H	M	C	P
0	0.06136	0.01830	0.01867	0.06286	0.07278	0.13832	0.01321	0.17919	0.10419	0.06988	0.05641	0.02367	0.01737	0.00924	0.00791	0.00222	0.04728	0.04750	0.00564	0.04402
1	0.67797	0.08279	0.05836	0.01033	0.01528	0.01712	0.00932	0.02107	0.01252	0.02995	0.01010	0.01178	0.00793	0.00657	0.00457	0.00214	0.00602	0.00394	0.00419	0.00802
2	0.01178	0.00787	0.00873	0.00835	0.00888	0.00804	0.00505	0.06141	0.01236	0.01687	0.02208	0.04324	0.02442	0.65208	0.03229	0.00625	0.00677	0.00985	0.04865	0.00503
3	0.02523	0.01920	0.02136	0.01662	0.02212	0.02125	0.03900	0.55674	0.13449	0.04169	0.01883	0.01864	0.01354	0.00862	0.00719	0.00219	0.00766	0.00674	0.00701	0.01188
4	0.00868	0.00620	0.00826	0.00991	0.01033	0.00578	0.00661	0.00991	0.01363	0.01818	0.03925	0.74510	0.04710	0.02231	0.00909	0.00289	0.00413	0.02024	0.00661	0.00578
5	0.02633	0.01958	0.02096	0.01623	0.02180	0.02174	0.01336	0.63091	0.08536	0.04369	0.01803	0.01784	0.01287	0.00864	0.00713	0.00216	0.00766	0.00654	0.00713	0.01204
6	0.00985	0.00721	0.00925	0.00886	0.01053	0.00660	0.00660	0.01296	0.01945	0.02716	0.60929	0.09344	0.12160	0.01530	0.00844	0.00229	0.00342	0.01348	0.00766	0.00660
7	0.03649	0.01266	0.01311	0.01216	0.01400	0.12045	0.02581	0.04483	0.01387	0.03722	0.01855	0.02955	0.01800	0.23514	0.32875	0.00752	0.01328	0.00776	0.00423	0.00662
8	0.02627	0.02119	0.02253	0.01835	0.04929	0.11308	0.05570	0.49210	0.02927	0.07640	0.01660	0.01709	0.01192	0.00816	0.00711	0.00212	0.00868	0.00634	0.00640	0.01141
9	0.02644	0.01312	0.01654	0.01245	0.01822	0.01144	0.01021	0.09958	0.02016	0.43914	0.02243	0.02072	0.01498	0.00776	0.00661	0.00186	0.00602	0.00623	0.00730	0.23881
10	0.04235	0.02261	0.02193	0.06692	0.18125	0.24631	0.01537	0.20705	0.02197	0.02728	0.01346	0.01563	0.01057	0.00725	0.00666	0.00196	0.00945	0.00556	0.00463	0.07179
11	0.01653	0.01838	0.03743	0.02744	0.03301	0.01887	0.52875	0.02152	0.01547	0.02152	0.01326	0.01838	0.01047	0.00747	0.01180	0.00256	0.17653	0.00791	0.00349	0.00919
12	0.00954	0.00761	0.00872	0.00912	0.01121	0.00689	0.00719	0.01227	0.03454	0.02068	0.11024	0.11166	0.43514	0.01820	0.00876	0.00263	0.00438	0.16818	0.00671	0.00632
13	0.00906	0.00654	0.00860	0.00970	0.01052	0.00608	0.00675	0.01085	0.01523	0.02054	0.18178	0.54492	0.07979	0.02038	0.00894	0.00275	0.00403	0.04066	0.00687	0.00602
14	0.01706	0.01624	0.02760	0.04158	0.66152	0.01622	0.02089	0.02110	0.01605	0.02294	0.01502	0.06349	0.01354	0.00735	0.00718	0.00216	0.00819	0.00722	0.00372	0.01093
15	0.00931	0.00705	0.00873	0.00975	0.01117	0.00647	0.00739	0.01131	0.01539	0.01966	0.07365	0.33571	0.26378	0.01998	0.00902	0.00280	0.00451	0.17159	0.00664	0.00608
16	0.80005	0.01377	0.01047	0.00936	0.01377	0.01597	0.00771	0.02093	0.01212	0.03195	0.00991	0.01157	0.00771	0.00661	0.00441	0.00220	0.00551	0.00386	0.00441	0.00771
17	0.01652	0.01405	0.01507	0.01363	0.01729	0.01600	0.01056	0.03403	0.58764	0.02959	0.13385	0.03072	0.02882	0.01042	0.00743	0.00239	0.00528	0.00880	0.00734	0.01056
18	0.02707	0.01995	0.02137	0.01638	0.02208	0.02208	0.01353	0.68159	0.03348	0.04488	0.01710	0.01710	0.01211	0.00855	0.00712	0.00214	0.00784	0.00641	0.00712	0.01211
19	0.01930	0.05630	0.01402	0.01069	0.01419	0.00957	0.00864	0.02229	0.01964	0.29779	0.34939	0.04038	0.06601	0.01201	0.00771	0.00222	0.00480	0.02822	0.00784	0.00898
20	0.01904	0.75404	0.03731	0.01218	0.01828	0.02818	0.01218	0.02132	0.01447	0.01675	0.00990	0.01142	0.00914	0.00609	0.00457	0.00152	0.00761	0.00381	0.00305	0.00914
21	0.01045	0.00786	0.01147	0.01150	0.01266	0.00908	0.00894	0.01282	0.01172	0.01670	0.02045	0.03302	0.01993	0.10443	0.59255	0.01022	0.03904	0.05689	0.00404	0.00626
22	0.75565	0.01341	0.01041	0.00934	0.01359	0.01545	0.00766	0.02051	0.01257	0.03176	0.04879	0.01391	0.01105	0.00706	0.00463	0.00221	0.00539	0.00436	0.00460	0.00766
23	0.01048	0.00821	0.01190	0.01048	0.01265	0.00755	0.05958	0.01393	0.01960	0.02740	0.59993	0.05167	0.11074	0.01415	0.00840	0.00226	0.00406	0.01269	0.00741	0.00689
24	0.01327	0.00664	0.00664	0.00664	0.00830	0.00664	0.00498	0.01659	0.01493	0.02655	0.02323	0.02655	0.01825	0.00830	0.00498	0.00166	0.00332	0.00664	0.78928	0.00664
25	0.01705	0.01629	0.02672	0.05742	0.49748	0.01661	0.06910	0.02380	0.12164	0.02392	0.01844	0.02140	0.04301	0.00737	0.00724	0.00220	0.00811	0.00714	0.00423	0.01082

[dist]
# distance from previous block
# <min> <max>
0	7

[block]
# block no. 7 follows, 29 sequences, length 27
# corresponding to MSA columns:
# 368-394
name=unknown_H
#
# <colnr> <probs for GDERKNQSTAVLIFYWHMCP>
#	G	D	E	R	K	N	Q	S	T	A	V	L	I	F	Y	W	H	M	C	P
0	0.02631	0.05032	0.01744	0.01290	0.01823	0.01311	0.01059	0.05275	0.15902	0.43840	0.02532	0.02281	0.01710	0.00845	0.00684	0.00208	0.00602	0.00683	0.00764	0.09783
1	0.01327	0.00664	0.00664	0.00664	0.00830	0.00664	0.00498	0.01659	0.01493	0.02655	0.02323	0.02655	0.01825	0.00830	0.00498	0.00166	0.00332	0.00664	0.78928	0.00664
2	0.01892	0.01721	0.01736	0.01626	0.05345	0.08065	0.01204	0.07189	0.53471	0.02895	0.02528	0.02389	0.01911	0.00905	0.00708	0.00228	0.00653	0.00741	0.00661	0.04130
3	0.01400	0.01113	0.01350	0.01218	0.01498	0.01150	0.03875	0.12547	0.15031	0.02705	0.16016	0.22641	0.13585	0.01482	0.00815	0.00246	0.00516	0.01296	0.00691	0.00825
4	0.01050	0.00742	0.00939	0.00881	0.01072	0.00673	0.00664	0.01361	0.01958	0.04809	0.58709	0.05459	0.16034	0.01490	0.00836	0.00226	0.00348	0.01302	0.00769	0.00678
5	0.00883	0.00719	0.00781	0.00774	0.00989	0.00617	0.00577	0.01099	0.01709	0.02146	0.22398	0.09069	0.52284	0.01735	0.00844	0.00238	0.00357	0.01470	0.00691	0.00617
6	0.02660	0.03394	0.02018	0.01834	0.02201	0.72116	0.01376	0.02843	0.02018	0.01743	0.01101	0.01284	0.00917	0.00734	0.00642	0.00183	0.01284	0.00459	0.00367	0.00825
7	0.01730	0.01659	0.02832	0.09728	0.65430	0.01683	0.02169	0.02157	0.01606	0.02287	0.01334	0.01773	0.01114	0.00640	0.00705	0.00213	0.00854	0.00634	0.00350	0.01102
8	0.01364	0.01285	0.02170	0.70140	0.07880	0.01587	0.01987	0.01836	0.01433	0.01842	0.01269	0.01892	0.00957	0.00708	0.00712	0.00236	0.00945	0.00633	0.00318	0.00806
9	0.01543	0.01613	0.02768	0.26417	0.06540	0.05447	0.24019	0.01970	0.01492	0.01974	0.01437	0.05952	0.01230	0.00947	0.02710	0.00270	0.11693	0.00774	0.00356	0.00847
10	0.74369	0.01369	0.01125	0.06118	0.01630	0.01596	0.00858	0.02074	0.01227	0.03096	0.01011	0.01210	0.00784	0.00665	0.00460	0.00222	0.00579	0.00403	0.00432	0.00773
11	0.01601	0.01066	0.01285	0.01272	0.06324	0.01032	0.00904	0.02236	0.16457	0.16140	0.12693	0.04500	0.28981	0.01310	0.00781	0.00233	0.00486	0.01105	0.00712	0.00884
12	0.01020	0.00751	0.01085	0.01085	0.01191	0.00858	0.00816	0.01233	0.01127	0.01609	0.01962	0.03099	0.01911	0.16626	0.61047	0.01071	0.01710	0.00807	0.00390	0.00603
13	0.01327	0.00664	0.00664	0.00664	0.00830	0.00664	0.00498	0.01659	0.01493	0.02655	0.02323	0.02655	0.01825	0.00830	0.00498	0.00166	0.00332	0.00664	0.78928	0.00664
14	0.05539	0.01825	0.02589	0.07334	0.36433	0.04708	0.05986	0.21596	0.02119	0.02944	0.01425	0.01718	0.01114	0.00707	0.00702	0.00215	0.00861	0.00631	0.00461	0.01093
15	0.00992	0.00744	0.01016	0.01016	0.01141	0.00811	0.00759	0.01193	0.01204	0.01653	0.02822	0.03756	0.13007	0.16052	0.49490	0.00924	0.01459	0.00927	0.00435	0.00597
16	0.01558	0.01558	0.02181	0.01869	0.01869	0.02181	0.01558	0.01714	0.01091	0.01714	0.00935	0.01558	0.00935	0.01246	0.02337	0.00312	0.73672	0.00623	0.00312	0.00779
17	0.01753	0.01627	0.02638	0.16858	0.50342	0.01712	0.02039	0.06916	0.04750	0.02416	0.01422	0.01824	0.01148	0.00680	0.00708	0.00218	0.00848	0.00642	0.00388	0.01071
18	0.01759	0.01448	0.02093	0.01940	0.09998	0.01487	0.12240	0.24907	0.02179	0.02948	0.06187	0.24552	0.02578	0.01248	0.00801	0.00242	0.00720	0.01139	0.00600	0.00933
19	0.01963	0.02115	0.02557	0.11879	0.43664	0.21306	0.01935	0.02325	0.01708	0.02103	0.01264	0.01645	0.01048	0.00671	0.00688	0.00207	0.00980	0.00585	0.00352	0.01003
20	0.02779	0.01509	0.05909	0.01389	0.01946	0.01347	0.01192	0.11020	0.14064	0.47034	0.02604	0.02326	0.01719	0.00881	0.00715	0.00224	0.00646	0.00712	0.00799	0.01187
21	0.02641	0.01956	0.02102	0.01607	0.02180	0.02141	0.01326	0.64610	0.03248	0.04372	0.01686	0.01697	0.01203	0.00837	0.00702	0.00208	0.00770	0.00629	0.00697	0.05389
22	0.01666	0.23835	0.43169	0.01845	0.02703	0.07040	0.06088	0.02264	0.01535	0.02056	0.01194	0.01411	0.00917	0.00657	0.00622	0.00203	0.00996	0.00499	0.00310	0.00991
23	0.04756	0.01668	0.02690	0.13716	0.56874	0.03619	0.02079	0.02149	0.01589	0.02274	0.01309	0.01745	0.01084	0.00649	0.00694	0.00215	0.00861	0.00620	0.00351	0.01059
24	0.01023	0.00741	0.01034	0.01034	0.01123	0.00830	0.00752	0.01200	0.01112	0.01571	0.02009	0.03358	0.02024	0.26306	0.51521	0.01008	0.01541	0.00845	0.00397	0.00574
25	0.02321	0.01620	0.01780	0.01435	0.01905	0.01757	0.01154	0.37020	0.17247	0.11887	0.05163	0.02536	0.04867	0.04913	0.00882	0.00248	0.00672	0.00772	0.00721	0.01102
26	0.01968	0.01665	0.01693	0.01461	0.01884	0.05310	0.01151	0.18805	0.44463	0.03238	0.06461	0.02635	0.04104	0.00980	0.00727	0.00231	0.00633	0.00796	0.00705	0.01091

[dist]
# distance from previous block
# <min> <max>
0	2

[block]
# block no. 8 follows, 29 sequences, length 15
# corresponding to MSA columns:
# 397-411
name=unknown_I
#
# <colnr> <probs for GDERKNQSTAVLIFYWHMCP>
#	G	D	E	R	K	N	Q	S	T	A	V	L	I	F	Y	W	H	M	C	P
0	0.01707	0.01377	0.01700	0.01865	0.12605	0.03468	0.01309	0.09787	0.21267	0.05129	0.06038	0.04265	0.02707	0.01246	0.00808	0.00259	0.00675	0.22198	0.00640	0.00953
1	0.01345	0.01266	0.02136	0.73264	0.04904	0.01582	0.01978	0.01819	0.01424	0.01819	0.01266	0.01898	0.00949	0.00712	0.00712	0.00237	0.00949	0.00633	0.00316	0.00791
2	0.02164	0.01472	0.01651	0.01395	0.01837	0.01597	0.01109	0.14174	0.38403	0.17657	0.08353	0.02675	0.02310	0.00971	0.00730	0.00231	0.00590	0.00800	0.00761	0.01121
3	0.01449	0.03535	0.65625	0.02112	0.03136	0.01666	0.08142	0.02257	0.01518	0.02257	0.01292	0.01539	0.00917	0.00670	0.00690	0.00227	0.01065	0.00553	0.00306	0.01045
4	0.00882	0.00626	0.00822	0.00973	0.01011	0.00588	0.00642	0.00995	0.01336	0.01781	0.03783	0.68621	0.04531	0.08364	0.01138	0.00323	0.00436	0.01941	0.00642	0.00566
5	0.01604	0.01511	0.02354	0.03406	0.49439	0.04003	0.01826	0.01980	0.01639	0.02235	0.02275	0.03331	0.07500	0.00982	0.00766	0.00234	0.00786	0.12708	0.00435	0.00985
6	0.80005	0.01377	0.01047	0.00936	0.01377	0.01597	0.00771	0.02093	0.01212	0.03195	0.00991	0.01157	0.00771	0.00661	0.00441	0.00220	0.00551	0.00386	0.00441	0.00771
7	0.80005	0.01377	0.01047	0.00936	0.01377	0.01597	0.00771	0.02093	0.01212	0.03195	0.00991	0.01157	0.00771	0.00661	0.00441	0.00220	0.00551	0.00386	0.00441	0.00771
8	0.02660	0.03394	0.02018	0.01834	0.02201	0.72116	0.01376	0.02843	0.02018	0.01743	0.01101	0.01284	0.00917	0.00734	0.00642	0.00183	0.01284	0.00459	0.00367	0.00825
9	0.00864	0.00632	0.00813	0.00958	0.01024	0.00581	0.00646	0.00995	0.01395	0.01831	0.04329	0.66191	0.12768	0.02178	0.00901	0.00283	0.00407	0.01960	0.00661	0.00581
10	0.01418	0.01355	0.02335	0.60434	0.14058	0.01607	0.04978	0.01891	0.01463	0.01911	0.01284	0.01880	0.00980	0.00696	0.00717	0.00234	0.00946	0.00642	0.00323	0.00846
11	0.01661	0.01415	0.01568	0.04849	0.01943	0.01625	0.01171	0.03357	0.56262	0.02801	0.02946	0.03396	0.02393	0.01098	0.00761	0.00254	0.00595	0.10166	0.00695	0.01043
12	0.21113	0.01363	0.01580	0.01243	0.01771	0.01343	0.01026	0.12451	0.02033	0.45571	0.02225	0.02024	0.01451	0.00826	0.00651	0.00219	0.00619	0.00628	0.00754	0.01108
13	0.01022	0.00685	0.00781	0.00794	0.00797	0.00681	0.00450	0.01032	0.01062	0.01415	0.02377	0.10215	0.02757	0.69190	0.03408	0.00658	0.00668	0.01114	0.00450	0.00443
14	0.01581	0.01635	0.02153	0.58202	0.07661	0.13144	0.01889	0.02005	0.01531	0.01831	0.01242	0.01791	0.00953	0.00712	0.00700	0.00227	0.00999	0.00604	0.00326	0.00813

[dist]
# distance from previous block
# <min> <max>
1	6

[block]
# block no. 9 follows, 29 sequences, length 11
# corresponding to MSA columns:
# 418-428
name=unknown_J
#
# <colnr> <probs for GDERKNQSTAVLIFYWHMCP>
#	G	D	E	R	K	N	Q	S	T	A	V	L	I	F	Y	W	H	M	C	P
0	0.01069	0.00855	0.01157	0.03593	0.01386	0.00894	0.00888	0.01259	0.01371	0.01905	0.05318	0.43470	0.03561	0.02033	0.05644	0.00327	0.09794	0.06077	0.00566	0.08836
1	0.01883	0.01956	0.02987	0.08362	0.30792	0.10812	0.19652	0.07003	0.01773	0.02329	0.01338	0.01740	0.01072	0.00689	0.00813	0.00222	0.04523	0.00667	0.00378	0.01009
2	0.02411	0.01711	0.01945	0.06659	0.02255	0.01811	0.01271	0.41473	0.07485	0.11368	0.01820	0.01836	0.01300	0.00806	0.00686	0.00202	0.00721	0.00628	0.00660	0.12953
3	0.01495	0.03235	0.54693	0.02353	0.07347	0.01683	0.14664	0.02256	0.01543	0.02264	0.01312	0.01596	0.00949	0.00660	0.00709	0.00227	0.01067	0.00591	0.00315	0.01040
4	0.80005	0.01377	0.01047	0.00936	0.01377	0.01597	0.00771	0.02093	0.01212	0.03195	0.00991	0.01157	0.00771	0.00661	0.00441	0.00220	0.00551	0.00386	0.00441	0.00771
5	0.00876	0.00723	0.00769	0.00757	0.00983	0.00616	0.00568	0.01089	0.01704	0.02117	0.20250	0.06535	0.57087	0.01731	0.00841	0.00237	0.00356	0.01458	0.00687	0.00616
6	0.01020	0.00753	0.01094	0.01094	0.01204	0.00863	0.00827	0.01239	0.01130	0.01616	0.01953	0.03052	0.01891	0.14856	0.62788	0.01082	0.01741	0.00800	0.00388	0.00608
7	0.06229	0.00895	0.01097	0.01167	0.01351	0.00927	0.00925	0.01711	0.11740	0.02332	0.11947	0.24813	0.04097	0.01740	0.00871	0.00284	0.00527	0.25960	0.00670	0.00715
8	0.01010	0.00725	0.00940	0.00888	0.01045	0.00673	0.00656	0.01323	0.01950	0.02757	0.65618	0.05275	0.06443	0.06370	0.01026	0.00255	0.00360	0.01271	0.00760	0.00656
