[name]
unknown

[dist]
# distance from previous block
# <min> <max>
0	17

[block]
# block no. 0 follows, 31 sequences, length 8
# corresponding to MSA columns:
# 17-24
name=unknown_A
#
# <colnr> <probs for GDERKNQSTAVLIFYWHMCP>
#	G	D	E	R	K	N	Q	S	T	A	V	L	I	F	Y	W	H	M	C	P
0	0.01807	0.01143	0.05388	0.01312	0.01657	0.01002	0.01171	0.07375	0.01808	0.22593	0.03062	0.05316	0.02892	0.01432	0.00833	0.00271	0.00648	0.38765	0.00678	0.00849
1	0.02484	0.01424	0.01518	0.01257	0.01675	0.10882	0.00991	0.02975	0.12254	0.41722	0.07859	0.02581	0.02073	0.06071	0.00882	0.00241	0.00650	0.00732	0.00719	0.01009
2	0.01995	0.01728	0.01590	0.01342	0.01754	0.15953	0.01047	0.19612	0.10608	0.07687	0.02308	0.10964	0.06608	0.00990	0.00677	0.00198	0.00703	0.00792	0.00579	0.12864
3	0.09082	0.01329	0.01291	0.01291	0.06175	0.11798	0.00906	0.10267	0.01592	0.02269	0.01889	0.02251	0.06217	0.01536	0.07802	0.15706	0.00761	0.00636	0.16506	0.00696
4	0.01647	0.01599	0.02792	0.11305	0.59997	0.01622	0.06823	0.02070	0.01542	0.02182	0.01286	0.01717	0.01063	0.00615	0.00687	0.00208	0.00847	0.00623	0.00336	0.01039
5	0.01629	0.01560	0.02661	0.15377	0.61011	0.01609	0.02068	0.02044	0.01528	0.02157	0.01276	0.01714	0.01056	0.00621	0.00678	0.00207	0.00829	0.00609	0.00333	0.01032
6	0.10661	0.01604	0.02042	0.01553	0.02079	0.09781	0.16272	0.02017	0.01496	0.04953	0.01325	0.03723	0.01099	0.00656	0.00678	0.00171	0.04238	0.00562	0.00407	0.34683
7	0.01427	0.01339	0.02227	0.55715	0.13077	0.01596	0.04561	0.04951	0.01474	0.01943	0.01237	0.01785	0.00950	0.00700	0.00759	0.00227	0.04262	0.00616	0.00328	0.00827

[dist]
# distance from previous block
# <min> <max>
3	5

[block]
# block no. 1 follows, 31 sequences, length 7
# corresponding to MSA columns:
# 30-36
name=unknown_B
#
# <colnr> <probs for GDERKNQSTAVLIFYWHMCP>
#	G	D	E	R	K	N	Q	S	T	A	V	L	I	F	Y	W	H	M	C	P
0	0.19544	0.01167	0.01319	0.01112	0.01512	0.01184	0.00890	0.05280	0.11619	0.28897	0.14744	0.05467	0.02492	0.00962	0.00659	0.00218	0.00517	0.00776	0.00700	0.00941
1	0.15553	0.05190	0.01681	0.01415	0.07706	0.01263	0.01057	0.05673	0.01816	0.44053	0.06137	0.02140	0.01695	0.00809	0.00637	0.00207	0.00594	0.00641	0.00691	0.01042
2	0.01010	0.00691	0.00831	0.00874	0.00936	0.00679	0.00569	0.04053	0.01323	0.01811	0.08135	0.34611	0.03564	0.31464	0.01882	0.00418	0.00509	0.01383	0.04720	0.00537
3	0.01305	0.01084	0.01709	0.43208	0.10962	0.01253	0.01487	0.01712	0.01454	0.02073	0.07527	0.02261	0.01604	0.00764	0.00647	0.00208	0.00714	0.00669	0.18601	0.00758
4	0.01292	0.01216	0.02052	0.74312	0.04712	0.01520	0.01900	0.01748	0.01368	0.01748	0.01216	0.01824	0.00912	0.00684	0.00684	0.00228	0.00912	0.00608	0.00304	0.00760
5	0.00907	0.00626	0.00772	0.00859	0.00880	0.00605	0.00535	0.00972	0.01167	0.01556	0.03037	0.43228	0.03599	0.35689	0.02059	0.00453	0.00518	0.01513	0.00535	0.00492
6	0.12375	0.00806	0.00953	0.01053	0.04998	0.00787	0.00715	0.01275	0.01535	0.02280	0.24007	0.27187	0.16466	0.01544	0.00766	0.00237	0.00408	0.01342	0.00623	0.00643

[dist]
# distance from previous block
# <min> <max>
0	3

[block]
# block no. 2 follows, 31 sequences, length 19
# corresponding to MSA columns:
# 40-58
name=unknown_C
#
# <colnr> <probs for GDERKNQSTAVLIFYWHMCP>
#	G	D	E	R	K	N	Q	S	T	A	V	L	I	F	Y	W	H	M	C	P
0	0.01478	0.00927	0.01135	0.01035	0.01259	0.00904	0.00766	0.11948	0.01816	0.11849	0.20649	0.24807	0.03778	0.11219	0.01136	0.00288	0.00495	0.01225	0.00668	0.02622
1	0.00890	0.00686	0.00790	0.00780	0.00949	0.00610	0.00565	0.01100	0.01632	0.02134	0.30924	0.10429	0.35363	0.08835	0.01072	0.00270	0.00372	0.01355	0.00659	0.00586
2	0.05917	0.01391	0.01457	0.01330	0.01691	0.01600	0.01028	0.03331	0.61133	0.02783	0.02765	0.08346	0.02211	0.01010	0.00696	0.00235	0.00529	0.00846	0.00676	0.01022
3	0.00900	0.00652	0.00796	0.00842	0.00955	0.00599	0.00587	0.01084	0.01510	0.02038	0.23068	0.32048	0.18238	0.08960	0.01079	0.00283	0.00389	0.01500	0.03898	0.00575
4	0.01387	0.00998	0.01159	0.01107	0.01309	0.01044	0.00829	0.17269	0.06411	0.02501	0.06160	0.29879	0.03180	0.10590	0.01112	0.00297	0.00536	0.07640	0.05855	0.00733
5	0.48315	0.01077	0.00965	0.00893	0.01219	0.01172	0.00705	0.01740	0.01383	0.05610	0.14322	0.10003	0.08261	0.01029	0.00582	0.00221	0.00465	0.00792	0.00539	0.00708
6	0.01010	0.00700	0.00906	0.00875	0.01036	0.00640	0.00648	0.01291	0.01822	0.04893	0.55080	0.15263	0.10234	0.01509	0.00813	0.00225	0.00344	0.01334	0.00732	0.00646
7	0.01092	0.00795	0.00971	0.00988	0.01123	0.00790	0.00703	0.09622	0.01616	0.02167	0.12527	0.41934	0.09368	0.08135	0.04552	0.00328	0.00519	0.01506	0.00626	0.00637
8	0.00918	0.00637	0.00850	0.00963	0.01030	0.00605	0.00682	0.01046	0.01365	0.01821	0.10112	0.48208	0.06196	0.05613	0.01146	0.06718	0.00448	0.10486	0.00608	0.00547
9	0.00998	0.00723	0.00897	0.00963	0.01065	0.00699	0.00668	0.06500	0.01519	0.02028	0.10254	0.53549	0.08651	0.06830	0.01020	0.00288	0.00433	0.01674	0.00636	0.00605
10	0.00949	0.00704	0.00878	0.00901	0.01047	0.00658	0.00673	0.01219	0.03049	0.02222	0.32896	0.18148	0.17243	0.06637	0.01014	0.00272	0.00407	0.09804	0.00671	0.00609
11	0.01354	0.00950	0.01062	0.00952	0.01137	0.00965	0.00673	0.15808	0.01701	0.04014	0.10427	0.08042	0.12889	0.34777	0.01981	0.00420	0.00582	0.01050	0.00565	0.00652
12	0.00980	0.00678	0.00856	0.00940	0.01032	0.00652	0.00654	0.04378	0.01499	0.02083	0.12623	0.55362	0.04353	0.01848	0.00817	0.00254	0.00397	0.01658	0.08331	0.00605
13	0.00998	0.00769	0.00940	0.00944	0.01124	0.00689	0.00665	0.01246	0.04573	0.01934	0.07929	0.43690	0.09149	0.06498	0.00958	0.00260	0.00432	0.01459	0.00589	0.15152
14	0.07928	0.01327	0.05176	0.57264	0.04042	0.01470	0.01740	0.01957	0.01418	0.09337	0.01352	0.01802	0.00979	0.00696	0.00662	0.00224	0.00851	0.00592	0.00370	0.00813
15	0.01836	0.01390	0.01531	0.01360	0.01748	0.01547	0.01084	0.09966	0.47648	0.09618	0.02865	0.03107	0.04063	0.01035	0.00724	0.00236	0.00571	0.07932	0.00701	0.01036
16	0.02533	0.02836	0.01851	0.01648	0.02022	0.57610	0.01253	0.06010	0.04547	0.08740	0.01350	0.01454	0.01049	0.00736	0.00625	0.00183	0.01090	0.00492	0.03119	0.00853
17	0.01696	0.01316	0.01494	0.03990	0.01727	0.01416	0.01010	0.23773	0.17198	0.02852	0.04199	0.12991	0.02129	0.07354	0.05784	0.00310	0.00689	0.00880	0.00597	0.08594
18	0.08005	0.02867	0.01372	0.01178	0.01491	0.12286	0.00911	0.12418	0.12751	0.02674	0.21515	0.03301	0.10128	0.05127	0.00849	0.00235	0.00609	0.00869	0.00606	0.00809

[dist]
# distance from previous block
# <min> <max>
13	28

[block]
# block no. 3 follows, 31 sequences, length 121
# corresponding to MSA columns:
# 87-207
name=unknown_D
#
# <colnr> <probs for GDERKNQSTAVLIFYWHMCP>
#	G	D	E	R	K	N	Q	S	T	A	V	L	I	F	Y	W	H	M	C	P
0	0.07152	0.01653	0.05815	0.11362	0.06414	0.07745	0.01302	0.11955	0.12608	0.14222	0.04494	0.02148	0.04178	0.00817	0.00661	0.00208	0.00714	0.00656	0.00557	0.05340
1	0.10997	0.01724	0.10980	0.13024	0.18141	0.01579	0.03976	0.13698	0.01788	0.07256	0.04853	0.01953	0.03379	0.00768	0.00707	0.00216	0.02913	0.00636	0.00458	0.00954
2	0.01311	0.01301	0.04724	0.05889	0.11994	0.08914	0.01102	0.04099	0.01551	0.01968	0.07159	0.20530	0.14416	0.04299	0.00979	0.04882	0.00640	0.03027	0.00505	0.00708
3	0.01101	0.00920	0.01257	0.01137	0.01380	0.00856	0.05652	0.03473	0.01435	0.01969	0.03277	0.38951	0.12429	0.01543	0.00858	0.00231	0.04790	0.01359	0.00550	0.16831
4	0.02056	0.13426	0.05277	0.10387	0.19125	0.22326	0.01596	0.13683	0.01898	0.02276	0.01221	0.01468	0.00980	0.00679	0.00625	0.00191	0.00930	0.00521	0.00389	0.00944
5	0.00872	0.00622	0.00822	0.00938	0.01001	0.00583	0.00642	0.01027	0.01414	0.01911	0.15396	0.58357	0.04758	0.04998	0.00970	0.00284	0.00402	0.03789	0.00646	0.00568
6	0.01655	0.01154	0.01395	0.01043	0.01590	0.00898	0.00829	0.01936	0.01503	0.14295	0.01690	0.07864	0.01429	0.00704	0.00569	0.00135	0.00510	0.00585	0.00501	0.59713
7	0.01511	0.01448	0.02543	0.17774	0.35700	0.01492	0.12502	0.03887	0.01544	0.02125	0.01630	0.11604	0.01504	0.00831	0.00726	0.00223	0.00830	0.00819	0.00383	0.00924
8	0.12653	0.01697	0.03358	0.04914	0.03138	0.01673	0.52449	0.02110	0.01516	0.02290	0.01328	0.01752	0.01011	0.00620	0.00794	0.00228	0.03865	0.00726	0.03003	0.00876
9	0.02427	0.02784	0.01893	0.01677	0.02063	0.51655	0.01281	0.12477	0.12966	0.02242	0.01415	0.01501	0.01113	0.00757	0.00639	0.00189	0.01055	0.00519	0.00455	0.00892
10	0.03963	0.12304	0.41765	0.09582	0.09459	0.01676	0.02061	0.02043	0.01417	0.02065	0.01210	0.01500	0.00928	0.00808	0.03414	0.00237	0.00943	0.00509	0.00307	0.03807
11	0.00898	0.00640	0.00836	0.00969	0.01030	0.00609	0.00682	0.01037	0.01324	0.01748	0.03658	0.52780	0.06587	0.11300	0.01209	0.00330	0.00467	0.12738	0.00607	0.00551
12	0.02601	0.01916	0.02053	0.01574	0.02122	0.02122	0.01300	0.69408	0.03217	0.04312	0.01643	0.01643	0.01163	0.00821	0.00684	0.00205	0.00753	0.00616	0.00684	0.01163
13	0.00915	0.00741	0.00919	0.01065	0.06546	0.00668	0.00690	0.01109	0.01531	0.01968	0.15092	0.24001	0.36313	0.04178	0.00904	0.00253	0.00404	0.01464	0.00622	0.00617
14	0.01641	0.01560	0.04484	0.29020	0.10482	0.03487	0.11715	0.15285	0.01827	0.02409	0.01706	0.04130	0.03167	0.00832	0.00724	0.00227	0.00871	0.05114	0.00429	0.00888
15	0.00839	0.00599	0.00799	0.00949	0.00993	0.00559	0.00635	0.00966	0.01334	0.01785	0.06389	0.72782	0.04600	0.02115	0.00871	0.00275	0.00394	0.01917	0.00640	0.00559
16	0.01579	0.05306	0.39840	0.01932	0.02609	0.03641	0.08442	0.05579	0.01485	0.03969	0.01212	0.01511	0.00928	0.00783	0.01029	0.00233	0.18084	0.00560	0.00334	0.00943
17	0.01608	0.01678	0.07673	0.16013	0.51063	0.01594	0.02045	0.03911	0.01564	0.02198	0.01349	0.01873	0.01124	0.00669	0.00684	0.00212	0.00837	0.02547	0.00347	0.01011
18	0.01213	0.01107	0.01794	0.48340	0.10556	0.01285	0.01586	0.01582	0.01393	0.01806	0.02145	0.14909	0.07497	0.01016	0.00726	0.00234	0.00765	0.00909	0.00393	0.00742
19	0.02556	0.03261	0.01939	0.01763	0.02115	0.73210	0.01322	0.02732	0.01939	0.01674	0.01058	0.01234	0.00881	0.00705	0.00617	0.00176	0.01234	0.00441	0.00353	0.00793
20	0.08789	0.04508	0.03037	0.08590	0.02944	0.01723	0.38590	0.04405	0.01494	0.02169	0.01331	0.04158	0.01100	0.00789	0.00993	0.02554	0.10890	0.00730	0.00361	0.00845
21	0.00925	0.00665	0.00851	0.00964	0.01047	0.00634	0.00700	0.01078	0.01349	0.01759	0.03806	0.38788	0.11477	0.14813	0.01335	0.00349	0.00495	0.17816	0.00596	0.00552
22	0.01541	0.01289	0.01484	0.01071	0.01673	0.01037	0.00861	0.08738	0.01605	0.02445	0.01260	0.01442	0.01029	0.00539	0.00525	0.00112	0.00532	0.00427	0.00434	0.71953
23	0.01419	0.01216	0.01419	0.01013	0.01621	0.00912	0.00811	0.01723	0.01419	0.02229	0.01216	0.01419	0.01013	0.00507	0.00507	0.00101	0.00507	0.00405	0.00405	0.80139
24	0.01292	0.01216	0.02052	0.74312	0.04712	0.01520	0.01900	0.01748	0.01368	0.01748	0.01216	0.01824	0.00912	0.00684	0.00684	0.00228	0.00912	0.00608	0.00304	0.00760
25	0.02556	0.03261	0.01939	0.01763	0.02115	0.73210	0.01322	0.02732	0.01939	0.01674	0.01058	0.01234	0.00881	0.00705	0.00617	0.00176	0.01234	0.00441	0.00353	0.00793
26	0.00946	0.00733	0.00959	0.07332	0.01369	0.00734	0.00767	0.01251	0.06432	0.01930	0.10016	0.50121	0.11194	0.01817	0.00831	0.00260	0.00440	0.01626	0.00622	0.00622
27	0.01815	0.74078	0.05749	0.01195	0.01794	0.02672	0.01213	0.02052	0.01392	0.01627	0.00960	0.01108	0.00878	0.00587	0.00446	0.00149	0.00740	0.00370	0.00293	0.00882
28	0.00838	0.00597	0.00792	0.00947	0.00985	0.00559	0.00629	0.00954	0.01301	0.01734	0.03724	0.73444	0.04466	0.04290	0.00949	0.00289	0.00405	0.01917	0.00629	0.00552
29	0.01001	0.00752	0.01080	0.01068	0.01165	0.00873	0.00807	0.01201	0.01080	0.01547	0.01849	0.02940	0.01808	0.16863	0.58659	0.00994	0.04585	0.00772	0.00372	0.00583
30	0.01419	0.01216	0.01419	0.01013	0.01621	0.00912	0.00811	0.01723	0.01419	0.02229	0.01216	0.01419	0.01013	0.00507	0.00507	0.00101	0.00507	0.00405	0.00405	0.80139
31	0.01959	0.09837	0.02267	0.04774	0.22751	0.19202	0.01491	0.08582	0.14770	0.02296	0.01530	0.01721	0.01229	0.00895	0.03583	0.00233	0.00895	0.00579	0.00436	0.00968
32	0.00834	0.00595	0.00794	0.00953	0.00992	0.00556	0.00635	0.00953	0.01310	0.01746	0.03771	0.75510	0.04525	0.02143	0.00873	0.00278	0.00397	0.01945	0.00635	0.00556
33	0.05657	0.03328	0.01581	0.01176	0.01686	0.01050	0.00973	0.03071	0.01890	0.60956	0.06312	0.02366	0.01871	0.00848	0.00670	0.00206	0.00567	0.00686	0.00792	0.04313
34	0.01693	0.01626	0.02777	0.04199	0.71689	0.01626	0.02100	0.02100	0.01558	0.02235	0.01287	0.01693	0.01084	0.00610	0.00677	0.00203	0.00813	0.00610	0.00339	0.01084
35	0.01893	0.69956	0.03441	0.01223	0.01787	0.08891	0.01184	0.02109	0.01438	0.01615	0.00960	0.01109	0.00878	0.00596	0.00455	0.00149	0.00776	0.00372	0.00298	0.00871
36	0.01555	0.01398	0.02047	0.21218	0.02575	0.01863	0.01570	0.01795	0.01199	0.06739	0.01113	0.01644	0.00959	0.01034	0.01714	0.00274	0.49575	0.00608	0.00340	0.00781
37	0.00869	0.00695	0.00777	0.00756	0.00961	0.00603	0.00567	0.01098	0.01702	0.02186	0.31204	0.06029	0.46928	0.01607	0.00808	0.00225	0.00338	0.01366	0.00680	0.00603
38	0.01165	0.00935	0.01075	0.00986	0.01242	0.00938	0.00753	0.01905	0.20730	0.02601	0.38283	0.04479	0.15933	0.01283	0.00762	0.00217	0.00396	0.01105	0.00701	0.04510
39	0.00843	0.00694	0.00741	0.00729	0.00945	0.00592	0.00547	0.01049	0.01641	0.02043	0.20910	0.06264	0.57310	0.01660	0.00808	0.00228	0.00341	0.01399	0.00661	0.00592
40	0.00968	0.00699	0.00914	0.00861	0.01022	0.00646	0.00646	0.01291	0.01937	0.02743	0.71328	0.05110	0.06455	0.01399	0.00807	0.00215	0.00323	0.01237	0.00753	0.00646
41	0.00834	0.00595	0.00794	0.00953	0.00992	0.00556	0.00635	0.00953	0.01310	0.01746	0.03771	0.75510	0.04525	0.02143	0.00873	0.00278	0.00397	0.01945	0.00635	0.00556
42	0.00977	0.00733	0.01100	0.01100	0.01222	0.00855	0.00855	0.01222	0.01100	0.01588	0.01833	0.02688	0.01710	0.05131	0.73245	0.01100	0.01833	0.00733	0.00367	0.00611
43	0.00968	0.00699	0.00914	0.00861	0.01022	0.00646	0.00646	0.01291	0.01937	0.02743	0.71328	0.05110	0.06455	0.01399	0.00807	0.00215	0.00323	0.01237	0.00753	0.00646
44	0.01497	0.01497	0.02095	0.01796	0.01796	0.02095	0.01497	0.01646	0.01048	0.01646	0.00898	0.01497	0.00898	0.01197	0.02245	0.00299	0.74704	0.00599	0.00299	0.00748
45	0.02556	0.03261	0.01939	0.01763	0.02115	0.73210	0.01322	0.02732	0.01939	0.01674	0.01058	0.01234	0.00881	0.00705	0.00617	0.00176	0.01234	0.00441	0.00353	0.00793
46	0.01292	0.01216	0.02052	0.74312	0.04712	0.01520	0.01900	0.01748	0.01368	0.01748	0.01216	0.01824	0.00912	0.00684	0.00684	0.00228	0.00912	0.00608	0.00304	0.00760
47	0.01645	0.01209	0.01442	0.01041	0.01638	0.00925	0.00837	0.01943	0.01493	0.11811	0.01419	0.01543	0.01107	0.00553	0.00532	0.00116	0.00517	0.00444	0.00466	0.69318
48	0.01645	0.01869	0.03899	0.02940	0.07991	0.03619	0.63016	0.02200	0.01620	0.02181	0.01369	0.01819	0.01037	0.00582	0.00794	0.00227	0.01133	0.00785	0.00346	0.00930
49	0.00977	0.00733	0.01100	0.01100	0.01222	0.00855	0.00855	0.01222	0.01100	0.01588	0.01833	0.02688	0.01710	0.05131	0.73245	0.01100	0.01833	0.00733	0.00367	0.00611
50	0.00856	0.00605	0.00787	0.00924	0.00959	0.00570	0.00605	0.00958	0.01267	0.01689	0.03549	0.65778	0.04246	0.12257	0.01231	0.00331	0.00433	0.01815	0.00605	0.00536
51	0.01537	0.01582	0.03034	0.25693	0.24481	0.01633	0.27841	0.02025	0.01520	0.02065	0.01302	0.01793	0.01012	0.00620	0.00729	0.00222	0.00975	0.00685	0.00331	0.00920
52	0.01070	0.00721	0.00919	0.00866	0.01052	0.00653	0.00650	0.01355	0.01845	0.06925	0.53702	0.09824	0.14911	0.01459	0.00804	0.00221	0.00347	0.01278	0.00735	0.00663
53	0.01370	0.00894	0.01112	0.00999	0.01248	0.00876	0.00768	0.01964	0.13801	0.11855	0.50474	0.04303	0.05076	0.01245	0.00772	0.00218	0.00395	0.01085	0.00756	0.00789
54	0.00936	0.00698	0.00869	0.00827	0.01002	0.00632	0.00620	0.01228	0.01860	0.02561	0.58207	0.05411	0.19690	0.01467	0.00807	0.00218	0.00328	0.01279	0.00729	0.00632
55	0.01599	0.33057	0.33793	0.01849	0.08268	0.02070	0.04244	0.02098	0.01426	0.01929	0.01115	0.01339	0.00897	0.00634	0.00621	0.00190	0.03153	0.00471	0.00297	0.00952
56	0.02601	0.01916	0.02053	0.01574	0.02122	0.02122	0.01300	0.69408	0.03217	0.04312	0.01643	0.01643	0.01163	0.00821	0.00684	0.00205	0.00753	0.00616	0.00684	0.01163
57	0.00833	0.00598	0.00791	0.00945	0.00990	0.00556	0.00631	0.00954	0.01318	0.01750	0.03869	0.73361	0.06611	0.02131	0.00871	0.00276	0.00395	0.01929	0.00635	0.00556
58	0.02623	0.01881	0.02031	0.01557	0.02104	0.02069	0.01286	0.66287	0.03157	0.07517	0.01692	0.01675	0.01189	0.00822	0.00685	0.00206	0.00745	0.00619	0.00692	0.01164
59	0.01622	0.01562	0.02636	0.19186	0.34378	0.01710	0.10368	0.06051	0.01553	0.02166	0.01252	0.01712	0.01019	0.00715	0.00911	0.00225	0.11004	0.00633	0.00347	0.00950
60	0.00968	0.00699	0.00914	0.00861	0.01022	0.00646	0.00646	0.01291	0.01937	0.02743	0.71328	0.05110	0.06455	0.01399	0.00807	0.00215	0.00323	0.01237	0.00753	0.00646
61	0.01319	0.01692	0.20859	0.01745	0.13363	0.01132	0.01433	0.04339	0.01771	0.04656	0.32644	0.03389	0.06749	0.01039	0.00734	0.00214	0.00618	0.00901	0.00552	0.00851
62	0.77567	0.01319	0.01048	0.03875	0.01460	0.01534	0.00788	0.02000	0.01173	0.03016	0.00963	0.01140	0.00748	0.00637	0.00434	0.00212	0.00545	0.00380	0.00419	0.00742
63	0.00809	0.00693	0.00693	0.00693	0.00924	0.00578	0.00520	0.00982	0.01559	0.01848	0.06931	0.06584	0.71411	0.01733	0.00809	0.00231	0.00347	0.01444	0.00635	0.00578
64	0.09326	0.02064	0.02015	0.01813	0.09087	0.14145	0.01336	0.45345	0.02652	0.03543	0.01447	0.01532	0.01070	0.00764	0.00649	0.00201	0.00821	0.00564	0.00570	0.01055
65	0.01372	0.03539	0.72412	0.01950	0.02961	0.01589	0.02528	0.02167	0.01444	0.02167	0.01228	0.01444	0.00867	0.00650	0.00650	0.00217	0.01011	0.00506	0.00289	0.01011
66	0.01702	0.01470	0.01547	0.01392	0.01779	0.01702	0.01083	0.03635	0.70453	0.02862	0.02785	0.02553	0.02088	0.00928	0.00696	0.00232	0.00541	0.00773	0.00696	0.01083
67	0.00834	0.00595	0.00794	0.00953	0.00992	0.00556	0.00635	0.00953	0.01310	0.01746	0.03771	0.75510	0.04525	0.02143	0.00873	0.00278	0.00397	0.01945	0.00635	0.00556
68	0.00834	0.00595	0.00794	0.00953	0.00992	0.00556	0.00635	0.00953	0.01310	0.01746	0.03771	0.75510	0.04525	0.02143	0.00873	0.00278	0.00397	0.01945	0.00635	0.00556
69	0.00822	0.00694	0.00712	0.00707	0.00933	0.00583	0.00531	0.01008	0.01592	0.01925	0.12468	0.06457	0.65826	0.01704	0.00808	0.00230	0.00344	0.01426	0.00645	0.00583
70	0.00962	0.00699	0.00906	0.00854	0.01018	0.00643	0.00640	0.01279	0.01921	0.02707	0.68722	0.05170	0.09084	0.01412	0.00807	0.00216	0.00324	0.01246	0.00748	0.00643
71	0.02601	0.01916	0.02053	0.01574	0.02122	0.02122	0.01300	0.69408	0.03217	0.04312	0.01643	0.01643	0.01163	0.00821	0.00684	0.00205	0.00753	0.00616	0.00684	0.01163
72	0.01497	0.01497	0.02095	0.01796	0.01796	0.02095	0.01497	0.01646	0.01048	0.01646	0.00898	0.01497	0.00898	0.01197	0.02245	0.00299	0.74704	0.00599	0.00299	0.00748
73	0.01829	0.76368	0.03585	0.01171	0.01756	0.02707	0.01171	0.02049	0.01390	0.01610	0.00951	0.01097	0.00878	0.00585	0.00439	0.00146	0.00732	0.00366	0.00293	0.00878
74	0.80789	0.01323	0.01006	0.00900	0.01323	0.01535	0.00741	0.02011	0.01164	0.03070	0.00953	0.01111	0.00741	0.00635	0.00423	0.00212	0.00529	0.00370	0.00423	0.00741
75	0.01025	0.00810	0.01125	0.01120	0.01249	0.03047	0.00869	0.01267	0.01125	0.01591	0.01809	0.02644	0.01685	0.04997	0.71045	0.01072	0.01814	0.00724	0.00366	0.00616
76	0.00994	0.00666	0.00760	0.00760	0.00765	0.00671	0.00432	0.01004	0.00999	0.01337	0.02143	0.04405	0.02456	0.73090	0.06305	0.00681	0.00711	0.00984	0.00413	0.00422
77	0.03835	0.05371	0.60998	0.02018	0.07584	0.01588	0.02341	0.02114	0.01438	0.02169	0.01299	0.03888	0.00999	0.00694	0.00646	0.00216	0.00954	0.00552	0.00308	0.00989
78	0.01456	0.07745	0.62120	0.02023	0.06688	0.04026	0.02383	0.02175	0.01464	0.02121	0.01209	0.01431	0.00880	0.00646	0.00638	0.00210	0.00991	0.00501	0.00294	0.01000
79	0.01102	0.00787	0.01102	0.01260	0.01417	0.00787	0.01102	0.01417	0.01575	0.02047	0.03622	0.07717	0.03937	0.01890	0.00945	0.00315	0.00630	0.67084	0.00630	0.00630
80	0.02521	0.06714	0.02017	0.01735	0.02098	0.69880	0.01315	0.02700	0.01913	0.01671	0.01052	0.01227	0.00881	0.00699	0.00608	0.00175	0.01210	0.00437	0.00350	0.00797
81	0.01657	0.01735	0.07302	0.06776	0.64593	0.01619	0.02120	0.02090	0.01543	0.02212	0.01280	0.01682	0.01063	0.00615	0.00676	0.00205	0.00830	0.00603	0.00334	0.01066
82	0.00810	0.00688	0.00698	0.00705	0.00927	0.00577	0.00525	0.00980	0.01548	0.01843	0.06781	0.09840	0.68252	0.01752	0.00812	0.00233	0.00349	0.01468	0.00635	0.00577
83	0.00947	0.00698	0.00885	0.00838	0.01009	0.00636	0.00629	0.01249	0.01886	0.02622	0.62614	0.05310	0.15245	0.01444	0.00807	0.00217	0.00326	0.01265	0.00737	0.00636
84	0.04065	0.12498	0.55397	0.04665	0.02851	0.01732	0.05422	0.02132	0.01433	0.02111	0.01191	0.01423	0.00874	0.00639	0.00625	0.00209	0.00963	0.00502	0.00297	0.00971
85	0.57916	0.01476	0.01362	0.01282	0.06479	0.01671	0.00961	0.16908	0.01646	0.03285	0.01129	0.01270	0.00859	0.00674	0.00499	0.00210	0.00599	0.00442	0.00475	0.00859
86	0.00809	0.00693	0.00693	0.00693	0.00924	0.00578	0.00520	0.00982	0.01559	0.01848	0.06931	0.06584	0.71411	0.01733	0.00809	0.00231	0.00347	0.01444	0.00635	0.00578
87	0.01587	0.01595	0.05048	0.20757	0.53385	0.01599	0.02067	0.02019	0.01509	0.02117	0.01268	0.01716	0.01035	0.00629	0.00678	0.00210	0.00843	0.00606	0.00329	0.01004
88	0.00995	0.00663	0.00746	0.00746	0.00746	0.00663	0.00415	0.00995	0.00995	0.01327	0.02156	0.04477	0.02487	0.75957	0.03482	0.00663	0.00663	0.00995	0.00415	0.00415
89	0.01275	0.00638	0.00638	0.00638	0.00797	0.00638	0.00478	0.01594	0.01435	0.02551	0.02232	0.02551	0.01754	0.00797	0.00478	0.00159	0.00319	0.00638	0.79755	0.00638
90	0.01602	0.01820	0.03956	0.05778	0.03622	0.01722	0.66476	0.02173	0.01605	0.02173	0.01377	0.01845	0.01033	0.00581	0.00802	0.00231	0.01144	0.00799	0.00344	0.00916
91	0.00973	0.00702	0.00921	0.00874	0.01036	0.00650	0.00661	0.01295	0.01924	0.02720	0.69029	0.05199	0.06370	0.01415	0.00812	0.00219	0.00333	0.03473	0.00749	0.00645
92	0.01693	0.01626	0.02777	0.04199	0.71689	0.01626	0.02100	0.02100	0.01558	0.02235	0.01287	0.01693	0.01084	0.00610	0.00677	0.00203	0.00813	0.00610	0.00339	0.01084
93	0.01615	0.01845	0.04037	0.02884	0.03576	0.01730	0.69204	0.02191	0.01615	0.02191	0.01384	0.01845	0.01038	0.00577	0.00807	0.00231	0.01153	0.00807	0.00346	0.00923
94	0.00815	0.00693	0.00702	0.00700	0.00928	0.00580	0.00525	0.00994	0.01574	0.01883	0.09412	0.06527	0.68908	0.01720	0.00809	0.00230	0.00346	0.01436	0.00640	0.00580
95	0.00991	0.00677	0.00818	0.00818	0.00843	0.00702	0.00504	0.01041	0.01016	0.01380	0.02090	0.04114	0.02330	0.61582	0.17641	0.00752	0.00901	0.00942	0.00405	0.00454
96	0.02975	0.01316	0.01682	0.01289	0.01822	0.01231	0.01065	0.16706	0.02213	0.58431	0.02485	0.02190	0.01586	0.00842	0.00687	0.00210	0.00617	0.00673	0.00814	0.01164
97	0.01460	0.01241	0.01441	0.01033	0.01639	0.00954	0.00828	0.04098	0.01482	0.02302	0.01231	0.01427	0.01019	0.00518	0.00513	0.00105	0.00515	0.00413	0.00415	0.77367
98	0.00980	0.00724	0.01055	0.01055	0.01162	0.00831	0.00800	0.01193	0.01086	0.01555	0.01873	0.02911	0.01807	0.13987	0.64522	0.01045	0.01686	0.00766	0.00373	0.00586
99	0.02601	0.01916	0.02053	0.01574	0.02122	0.02122	0.01300	0.69408	0.03217	0.04312	0.01643	0.01643	0.01163	0.00821	0.00684	0.00205	0.00753	0.00616	0.00684	0.01163
100	0.01419	0.01216	0.01419	0.01013	0.01621	0.00912	0.00811	0.01723	0.01419	0.02229	0.01216	0.01419	0.01013	0.00507	0.00507	0.00101	0.00507	0.00405	0.00405	0.80139
101	0.01497	0.01497	0.02095	0.01796	0.01796	0.02095	0.01497	0.01646	0.01048	0.01646	0.00898	0.01497	0.00898	0.01197	0.02245	0.00299	0.74704	0.00599	0.00299	0.00748
102	0.00858	0.00674	0.00775	0.00794	0.00965	0.00592	0.00579	0.01061	0.01611	0.02073	0.23967	0.20630	0.39535	0.01727	0.00822	0.00236	0.00351	0.01492	0.00668	0.00592
103	0.00994	0.00666	0.00760	0.00760	0.00765	0.00671	0.00432	0.01004	0.00999	0.01337	0.02143	0.04408	0.02457	0.73205	0.06192	0.00680	0.00709	0.00985	0.00413	0.00422
104	0.01701	0.01422	0.01804	0.13960	0.02343	0.01438	0.03430	0.18963	0.03872	0.02674	0.03736	0.01723	0.01244	0.00704	0.00714	0.00174	0.05188	0.00558	0.00470	0.33883
105	0.04940	0.31631	0.04337	0.01591	0.06197	0.24768	0.01284	0.04447	0.08798	0.04243	0.01280	0.01393	0.01047	0.00679	0.00557	0.00176	0.00872	0.00468	0.00390	0.00901
106	0.09514	0.01768	0.01922	0.06602	0.02197	0.01978	0.01275	0.55937	0.02820	0.03914	0.01558	0.01648	0.01129	0.00961	0.03457	0.00242	0.00785	0.00598	0.00622	0.01076
107	0.00995	0.00663	0.00746	0.00746	0.00746	0.00663	0.00415	0.00995	0.00995	0.01327	0.02156	0.04477	0.02487	0.75957	0.03482	0.00663	0.00663	0.00995	0.00415	0.00415
108	0.01419	0.01216	0.01419	0.01013	0.01621	0.00912	0.00811	0.01723	0.01419	0.02229	0.01216	0.01419	0.01013	0.00507	0.00507	0.00101	0.00507	0.00405	0.00405	0.80139
109	0.80789	0.01323	0.01006	0.00900	0.01323	0.01535	0.00741	0.02011	0.01164	0.03070	0.00953	0.01111	0.00741	0.00635	0.00423	0.00212	0.00529	0.00370	0.00423	0.00741
110	0.01113	0.00754	0.00969	0.00895	0.01089	0.00702	0.00678	0.01485	0.04398	0.06808	0.62548	0.04906	0.08296	0.01361	0.00796	0.00216	0.00347	0.01195	0.00752	0.00690
111	0.02460	0.01815	0.01951	0.01531	0.02051	0.02014	0.01253	0.55944	0.14817	0.06194	0.01873	0.01822	0.01340	0.00841	0.00687	0.00210	0.00711	0.00645	0.00692	0.01150
112	0.01873	0.01290	0.01511	0.01164	0.01680	0.01163	0.00932	0.14320	0.06129	0.14377	0.04134	0.06882	0.01642	0.00789	0.00616	0.00163	0.00553	0.00647	0.00575	0.39561
113	0.10492	0.08863	0.01995	0.05777	0.10111	0.25104	0.01292	0.08845	0.08037	0.07774	0.01523	0.04549	0.01239	0.00775	0.00620	0.00198	0.00853	0.00582	0.00463	0.00908
114	0.01829	0.76368	0.03585	0.01171	0.01756	0.02707	0.01171	0.02049	0.01390	0.01610	0.00951	0.01097	0.00878	0.00585	0.00439	0.00146	0.00732	0.00366	0.00293	0.00878
115	0.01275	0.00638	0.00638	0.00638	0.00797	0.00638	0.00478	0.01594	0.01435	0.02551	0.02232	0.02551	0.01754	0.00797	0.00478	0.00159	0.00319	0.00638	0.79755	0.00638
116	0.01676	0.01601	0.02728	0.04114	0.69648	0.01601	0.02071	0.02080	0.01558	0.02230	0.01355	0.01868	0.01167	0.00647	0.00685	0.00206	0.00807	0.02540	0.00347	0.01071
117	0.05615	0.37719	0.20265	0.01477	0.02119	0.14058	0.01522	0.06510	0.01601	0.02002	0.01082	0.01242	0.00888	0.00639	0.00536	0.00176	0.00877	0.00429	0.00333	0.00909
118	0.01693	0.01626	0.02777	0.04199	0.71689	0.01626	0.02100	0.02100	0.01558	0.02235	0.01287	0.01693	0.01084	0.00610	0.00677	0.00203	0.00813	0.00610	0.00339	0.01084
119	0.15480	0.60429	0.05924	0.01155	0.01730	0.02459	0.01151	0.02047	0.01353	0.01885	0.00963	0.01114	0.00854	0.00597	0.00445	0.00160	0.00708	0.00372	0.00315	0.00860
120	0.01853	0.73987	0.03531	0.01190	0.01768	0.05004	0.01176	0.02071	0.01408	0.01612	0.00955	0.01102	0.00878	0.00589	0.00445	0.00147	0.00748	0.00368	0.00295	0.00875

[dist]
# distance from previous block
# <min> <max>
0	3

[block]
# block no. 4 follows, 31 sequences, length 237
# corresponding to MSA columns:
# 211-447
name=unknown_E
#
# <colnr> <probs for GDERKNQSTAVLIFYWHMCP>
#	G	D	E	R	K	N	Q	S	T	A	V	L	I	F	Y	W	H	M	C	P
0	0.03869	0.01622	0.02543	0.03709	0.60055	0.04014	0.01910	0.02174	0.05685	0.02299	0.04495	0.01866	0.01368	0.00668	0.00675	0.00205	0.00781	0.00635	0.00381	0.01045
1	0.01562	0.04404	0.02313	0.06540	0.07650	0.04917	0.05612	0.01781	0.01191	0.01732	0.00986	0.01528	0.00921	0.01038	0.01803	0.00272	0.54051	0.00597	0.00307	0.00793
2	0.01275	0.00638	0.00638	0.00638	0.00797	0.00638	0.00478	0.01594	0.01435	0.02551	0.02232	0.02551	0.01754	0.00797	0.00478	0.00159	0.00319	0.00638	0.79755	0.00638
3	0.01479	0.02290	0.34964	0.05332	0.15710	0.01367	0.01894	0.02070	0.03682	0.07639	0.06031	0.04710	0.08154	0.00862	0.00692	0.00218	0.00798	0.00730	0.00426	0.00951
4	0.80789	0.01323	0.01006	0.00900	0.01323	0.01535	0.00741	0.02011	0.01164	0.03070	0.00953	0.01111	0.00741	0.00635	0.00423	0.00212	0.00529	0.00370	0.00423	0.00741
5	0.02253	0.02516	0.01832	0.01631	0.01999	0.41901	0.01252	0.08857	0.23438	0.02277	0.01643	0.01692	0.01284	0.00804	0.00709	0.00201	0.03744	0.00566	0.00487	0.00915
6	0.01439	0.01235	0.01428	0.01041	0.01633	0.00970	0.00831	0.01862	0.06464	0.02276	0.01331	0.01502	0.01092	0.00537	0.00521	0.00111	0.00509	0.00432	0.00427	0.74361
7	0.01829	0.76368	0.03585	0.01171	0.01756	0.02707	0.01171	0.02049	0.01390	0.01610	0.00951	0.01097	0.00878	0.00585	0.00439	0.00146	0.00732	0.00366	0.00293	0.00878
8	0.01615	0.01845	0.04037	0.02884	0.03576	0.01730	0.69204	0.02191	0.01615	0.02191	0.01384	0.01845	0.01038	0.00577	0.00807	0.00231	0.01153	0.00807	0.00346	0.00923
9	0.00977	0.00733	0.01100	0.01100	0.01222	0.00855	0.00855	0.01222	0.01100	0.01588	0.01833	0.02688	0.01710	0.05131	0.73245	0.01100	0.01833	0.00733	0.00367	0.00611
10	0.80789	0.01323	0.01006	0.00900	0.01323	0.01535	0.00741	0.02011	0.01164	0.03070	0.00953	0.01111	0.00741	0.00635	0.00423	0.00212	0.00529	0.00370	0.00423	0.00741
11	0.02521	0.03203	0.01944	0.01764	0.02105	0.70890	0.01328	0.02696	0.01910	0.01673	0.01052	0.01242	0.00882	0.00721	0.00670	0.00180	0.03631	0.00446	0.00351	0.00792
12	0.01497	0.01497	0.02095	0.01796	0.01796	0.02095	0.01497	0.01646	0.01048	0.01646	0.00898	0.01497	0.00898	0.01197	0.02245	0.00299	0.74704	0.00599	0.00299	0.00748
13	0.01292	0.01216	0.02052	0.74312	0.04712	0.01520	0.01900	0.01748	0.01368	0.01748	0.01216	0.01824	0.00912	0.00684	0.00684	0.00228	0.00912	0.00608	0.00304	0.00760
14	0.02431	0.01796	0.01936	0.01518	0.02020	0.01982	0.01240	0.61944	0.04998	0.04061	0.01849	0.07679	0.01464	0.00932	0.00700	0.00212	0.00718	0.00729	0.00681	0.01112
15	0.01455	0.01238	0.01438	0.01031	0.01637	0.00950	0.00826	0.03826	0.01475	0.02294	0.01229	0.01426	0.01018	0.00516	0.00512	0.00105	0.00514	0.00412	0.00414	0.77685
16	0.01707	0.01652	0.02662	0.06083	0.63712	0.03730	0.02014	0.02194	0.05422	0.02239	0.01362	0.01732	0.01129	0.00632	0.00677	0.00205	0.00813	0.00614	0.00358	0.01065
17	0.00814	0.00693	0.00701	0.00699	0.00927	0.00580	0.00524	0.00992	0.01572	0.01879	0.09144	0.06533	0.69178	0.01721	0.00809	0.00230	0.00346	0.01437	0.00639	0.00580
18	0.00968	0.00699	0.00914	0.00861	0.01022	0.00646	0.00646	0.01291	0.01937	0.02743	0.71328	0.05110	0.06455	0.01399	0.00807	0.00215	0.00323	0.01237	0.00753	0.00646
19	0.02601	0.01916	0.02053	0.01574	0.02122	0.02122	0.01300	0.69408	0.03217	0.04312	0.01643	0.01643	0.01163	0.00821	0.00684	0.00205	0.00753	0.00616	0.00684	0.01163
20	0.00834	0.00595	0.00794	0.00953	0.00992	0.00556	0.00635	0.00953	0.01310	0.01746	0.03771	0.75510	0.04525	0.02143	0.00873	0.00278	0.00397	0.01945	0.00635	0.00556
21	0.01693	0.01626	0.02777	0.04199	0.71689	0.01626	0.02100	0.02100	0.01558	0.02235	0.01287	0.01693	0.01084	0.00610	0.00677	0.00203	0.00813	0.00610	0.00339	0.01084
22	0.01497	0.01497	0.02095	0.01796	0.01796	0.02095	0.01497	0.01646	0.01048	0.01646	0.00898	0.01497	0.00898	0.01197	0.02245	0.00299	0.74704	0.00599	0.00299	0.00748
23	0.01497	0.01497	0.02095	0.01796	0.01796	0.02095	0.01497	0.01646	0.01048	0.01646	0.00898	0.01497	0.00898	0.01197	0.02245	0.00299	0.74704	0.00599	0.00299	0.00748
24	0.01188	0.00594	0.00891	0.00891	0.00891	0.00594	0.00594	0.00891	0.00891	0.01188	0.01188	0.02080	0.01188	0.02377	0.02674	0.80095	0.00594	0.00594	0.00297	0.00297
25	0.01188	0.00594	0.00891	0.00891	0.00891	0.00594	0.00594	0.00891	0.00891	0.01188	0.01188	0.02080	0.01188	0.02377	0.02674	0.80095	0.00594	0.00594	0.00297	0.00297
26	0.01188	0.00594	0.00891	0.00891	0.00891	0.00594	0.00594	0.00891	0.00891	0.01188	0.01188	0.02080	0.01188	0.02377	0.02674	0.80095	0.00594	0.00594	0.00297	0.00297
27	0.01102	0.00787	0.01102	0.01260	0.01417	0.00787	0.01102	0.01417	0.01575	0.02047	0.03622	0.07717	0.03937	0.01890	0.00945	0.00315	0.00630	0.67084	0.00630	0.00630
28	0.01102	0.00787	0.01102	0.01260	0.01417	0.00787	0.01102	0.01417	0.01575	0.02047	0.03622	0.07717	0.03937	0.01890	0.00945	0.00315	0.00630	0.67084	0.00630	0.00630
29	0.02556	0.03261	0.01939	0.01763	0.02115	0.73210	0.01322	0.02732	0.01939	0.01674	0.01058	0.01234	0.00881	0.00705	0.00617	0.00176	0.01234	0.00441	0.00353	0.00793
30	0.01665	0.01427	0.01520	0.01384	0.01757	0.01645	0.01084	0.03498	0.66197	0.02812	0.02836	0.02872	0.02203	0.00988	0.00712	0.00237	0.00547	0.04871	0.00692	0.01055
31	0.00957	0.00699	0.00899	0.00849	0.01015	0.00641	0.00637	0.01270	0.01911	0.02683	0.66942	0.05211	0.10879	0.01421	0.00807	0.00216	0.00324	0.01251	0.00745	0.00641
32	0.01188	0.00594	0.00891	0.00891	0.00891	0.00594	0.00594	0.00891	0.00891	0.01188	0.01188	0.02080	0.01188	0.02377	0.02674	0.80095	0.00594	0.00594	0.00297	0.00297
33	0.01851	0.74210	0.03536	0.01188	0.01767	0.04788	0.01175	0.02069	0.01406	0.01612	0.00954	0.01101	0.00878	0.00589	0.00444	0.00147	0.00746	0.00368	0.00294	0.00875
34	0.80789	0.01323	0.01006	0.00900	0.01323	0.01535	0.00741	0.02011	0.01164	0.03070	0.00953	0.01111	0.00741	0.00635	0.00423	0.00212	0.00529	0.00370	0.00423	0.00741
35	0.00834	0.00595	0.00794	0.00953	0.00992	0.00556	0.00635	0.00953	0.01310	0.01746	0.03771	0.75510	0.04525	0.02143	0.00873	0.00278	0.00397	0.01945	0.00635	0.00556
36	0.06269	0.04955	0.26171	0.08971	0.29224	0.01647	0.04786	0.02175	0.05334	0.02230	0.01316	0.01618	0.01022	0.00647	0.00651	0.00211	0.00867	0.00568	0.00343	0.00997
37	0.01372	0.03539	0.72412	0.01950	0.02961	0.01589	0.02528	0.02167	0.01444	0.02167	0.01228	0.01444	0.00867	0.00650	0.00650	0.00217	0.01011	0.00506	0.00289	0.01011
38	0.01736	0.01486	0.01566	0.01399	0.01792	0.01717	0.01091	0.06114	0.67919	0.02917	0.02742	0.02518	0.02054	0.00924	0.00696	0.00231	0.00549	0.00768	0.00696	0.01086
39	0.01444	0.01372	0.02334	0.45394	0.21610	0.01545	0.06982	0.04138	0.01506	0.01998	0.01494	0.01980	0.03843	0.00704	0.00697	0.00221	0.00876	0.00658	0.00342	0.00862
40	0.34656	0.13898	0.01889	0.05810	0.01855	0.10386	0.03577	0.02062	0.01352	0.04415	0.02971	0.01397	0.01010	0.00744	0.00760	0.00211	0.11357	0.00475	0.00387	0.00789
41	0.01472	0.01456	0.02050	0.04136	0.01874	0.02018	0.01492	0.01640	0.01082	0.01668	0.01030	0.01786	0.01035	0.01212	0.02136	0.00298	0.68982	0.03576	0.00314	0.00743
42	0.02224	0.07045	0.10133	0.01524	0.02062	0.06661	0.01352	0.40963	0.07005	0.05396	0.01729	0.05094	0.01365	0.03397	0.00764	0.00222	0.00775	0.00660	0.00584	0.01044
43	0.80789	0.01323	0.01006	0.00900	0.01323	0.01535	0.00741	0.02011	0.01164	0.03070	0.00953	0.01111	0.00741	0.00635	0.00423	0.00212	0.00529	0.00370	0.00423	0.00741
44	0.01499	0.07253	0.02165	0.01716	0.01767	0.02086	0.01442	0.01658	0.01077	0.01641	0.00945	0.01520	0.00933	0.01329	0.05337	0.00324	0.65666	0.00587	0.00302	0.00752
45	0.00840	0.00696	0.00730	0.00730	0.00944	0.00594	0.00548	0.01027	0.01579	0.01926	0.13036	0.06407	0.60553	0.04110	0.00899	0.00246	0.00364	0.03550	0.00640	0.00581
46	0.00834	0.00595	0.00794	0.00953	0.00992	0.00556	0.00635	0.00953	0.01310	0.01746	0.03771	0.75510	0.04525	0.02143	0.00873	0.00278	0.00397	0.01945	0.00635	0.00556
47	0.00995	0.00663	0.00746	0.00746	0.00746	0.00663	0.00415	0.00995	0.00995	0.01327	0.02156	0.04477	0.02487	0.75957	0.03482	0.00663	0.00663	0.00995	0.00415	0.00415
48	0.00809	0.00693	0.00693	0.00693	0.00924	0.00578	0.00520	0.00982	0.01559	0.01848	0.06931	0.06584	0.71411	0.01733	0.00809	0.00231	0.00347	0.01444	0.00635	0.00578
49	0.01372	0.03539	0.72412	0.01950	0.02961	0.01589	0.02528	0.02167	0.01444	0.02167	0.01228	0.01444	0.00867	0.00650	0.00650	0.00217	0.01011	0.00506	0.00289	0.01011
50	0.01372	0.03539	0.72412	0.01950	0.02961	0.01589	0.02528	0.02167	0.01444	0.02167	0.01228	0.01444	0.00867	0.00650	0.00650	0.00217	0.01011	0.00506	0.00289	0.01011
51	0.01829	0.76368	0.03585	0.01171	0.01756	0.02707	0.01171	0.02049	0.01390	0.01610	0.00951	0.01097	0.00878	0.00585	0.00439	0.00146	0.00732	0.00366	0.00293	0.00878
52	0.01497	0.01497	0.02095	0.01796	0.01796	0.02095	0.01497	0.01646	0.01048	0.01646	0.00898	0.01497	0.00898	0.01197	0.02245	0.00299	0.74704	0.00599	0.00299	0.00748
53	0.00994	0.00665	0.00757	0.00757	0.00761	0.00669	0.00428	0.01002	0.00998	0.01335	0.02146	0.04421	0.02463	0.73755	0.05651	0.00677	0.00700	0.00987	0.00413	0.00421
54	0.00813	0.00675	0.00712	0.00742	0.00937	0.00573	0.00542	0.00976	0.01512	0.01829	0.06331	0.19672	0.58710	0.01811	0.00821	0.00240	0.00356	0.01539	0.00635	0.00573
55	0.00970	0.00676	0.00858	0.00877	0.00919	0.00708	0.00574	0.01058	0.01065	0.01456	0.02255	0.12560	0.02501	0.45712	0.24133	0.00748	0.00982	0.01031	0.00427	0.00491
56	0.01419	0.01216	0.01419	0.01013	0.01621	0.00912	0.00811	0.01723	0.01419	0.02229	0.01216	0.01419	0.01013	0.00507	0.00507	0.00101	0.00507	0.00405	0.00405	0.80139
57	0.02556	0.03261	0.01939	0.01763	0.02115	0.73210	0.01322	0.02732	0.01939	0.01674	0.01058	0.01234	0.00881	0.00705	0.00617	0.00176	0.01234	0.00441	0.00353	0.00793
58	0.03070	0.01164	0.01588	0.01217	0.01746	0.01006	0.01006	0.03334	0.01958	0.72163	0.02699	0.02329	0.01694	0.00847	0.00688	0.00212	0.00582	0.00688	0.00847	0.01164
59	0.00977	0.00733	0.01100	0.01100	0.01222	0.00855	0.00855	0.01222	0.01100	0.01588	0.01833	0.02688	0.01710	0.05131	0.73245	0.01100	0.01833	0.00733	0.00367	0.00611
60	0.01304	0.01239	0.02125	0.71698	0.04670	0.01528	0.04363	0.01764	0.01377	0.01764	0.01222	0.01825	0.00917	0.00680	0.00689	0.00228	0.00921	0.00615	0.00306	0.00766
61	0.02557	0.03215	0.01943	0.01756	0.02115	0.70810	0.01321	0.04983	0.01982	0.01763	0.01077	0.01248	0.00891	0.00709	0.00619	0.00177	0.01218	0.00447	0.00364	0.00806
62	0.00866	0.00647	0.00813	0.00932	0.01036	0.00594	0.00673	0.01027	0.01410	0.01815	0.04538	0.48565	0.21137	0.02004	0.00867	0.00271	0.00418	0.11179	0.00634	0.00572
63	0.01621	0.01828	0.03940	0.02985	0.08840	0.01722	0.64018	0.02184	0.01610	0.02195	0.01377	0.01834	0.01042	0.00579	0.00797	0.00229	0.01127	0.00792	0.00345	0.00935
64	0.01098	0.00871	0.01028	0.01094	0.03490	0.00868	0.00776	0.04571	0.12101	0.02116	0.06298	0.29346	0.22751	0.04395	0.00912	0.00267	0.00459	0.06237	0.00632	0.00691
65	0.00834	0.00595	0.00794	0.00953	0.00992	0.00556	0.00635	0.00953	0.01310	0.01746	0.03771	0.75510	0.04525	0.02143	0.00873	0.00278	0.00397	0.01945	0.00635	0.00556
66	0.01864	0.01257	0.01428	0.01246	0.01626	0.01345	0.00978	0.03116	0.42284	0.18345	0.12626	0.03047	0.05771	0.01013	0.00715	0.00225	0.00511	0.00850	0.00735	0.01016
67	0.01968	0.05202	0.23165	0.12874	0.05833	0.04257	0.01727	0.14548	0.07028	0.14277	0.01650	0.01760	0.01169	0.00738	0.00663	0.00212	0.00830	0.00589	0.00492	0.01021
68	0.00866	0.00619	0.00829	0.00980	0.01036	0.00582	0.00682	0.01012	0.01360	0.01814	0.06302	0.66067	0.04539	0.02090	0.00878	0.00279	0.00417	0.08442	0.00639	0.00567
69	0.01693	0.01626	0.02777	0.04199	0.71689	0.01626	0.02100	0.02100	0.01558	0.02235	0.01287	0.01693	0.01084	0.00610	0.00677	0.00203	0.00813	0.00610	0.00339	0.01084
70	0.01707	0.01390	0.01600	0.03915	0.01862	0.01235	0.00973	0.18527	0.01863	0.02728	0.01322	0.01490	0.01047	0.00591	0.00557	0.00132	0.00583	0.00465	0.00471	0.57540
71	0.01741	0.01603	0.05514	0.02892	0.37565	0.03593	0.05982	0.04911	0.05685	0.08387	0.04468	0.06850	0.03719	0.00842	0.00755	0.00216	0.03057	0.00764	0.00459	0.00995
72	0.01693	0.01626	0.02777	0.04199	0.71689	0.01626	0.02100	0.02100	0.01558	0.02235	0.01287	0.01693	0.01084	0.00610	0.00677	0.00203	0.00813	0.00610	0.00339	0.01084
73	0.01275	0.00638	0.00638	0.00638	0.00797	0.00638	0.00478	0.01594	0.01435	0.02551	0.02232	0.02551	0.01754	0.00797	0.00478	0.00159	0.00319	0.00638	0.79755	0.00638
74	0.01472	0.01248	0.01448	0.01039	0.01644	0.00967	0.00833	0.04803	0.01500	0.02324	0.01235	0.01429	0.01020	0.00521	0.00515	0.00106	0.00518	0.00415	0.00418	0.76544
75	0.01855	0.57593	0.06344	0.01324	0.01853	0.06924	0.01280	0.05121	0.01475	0.01765	0.00996	0.01187	0.00893	0.00669	0.00654	0.00170	0.08294	0.00412	0.00315	0.00879
76	0.01275	0.00638	0.00638	0.00638	0.00797	0.00638	0.00478	0.01594	0.01435	0.02551	0.02232	0.02551	0.01754	0.00797	0.00478	0.00159	0.00319	0.00638	0.79755	0.00638
77	0.00980	0.00722	0.01045	0.01045	0.01149	0.00826	0.00788	0.01187	0.01083	0.01548	0.01882	0.02962	0.01829	0.15988	0.62551	0.01033	0.01653	0.00773	0.00374	0.00581
78	0.03049	0.01198	0.01609	0.01233	0.01763	0.01056	0.01019	0.06293	0.02014	0.69125	0.02652	0.02298	0.01670	0.00846	0.00688	0.00211	0.00590	0.00685	0.00839	0.01164
79	0.02690	0.01103	0.01481	0.01168	0.01634	0.00975	0.00952	0.03025	0.04465	0.58731	0.13470	0.02773	0.02455	0.00936	0.00707	0.00213	0.00540	0.00777	0.00827	0.01080
80	0.02556	0.03261	0.01939	0.01763	0.02115	0.73210	0.01322	0.02732	0.01939	0.01674	0.01058	0.01234	0.00881	0.00705	0.00617	0.00176	0.01234	0.00441	0.00353	0.00793
81	0.00834	0.00595	0.00794	0.00953	0.00992	0.00556	0.00635	0.00953	0.01310	0.01746	0.03771	0.75510	0.04525	0.02143	0.00873	0.00278	0.00397	0.01945	0.00635	0.00556
