[name]
unknown

[dist]
# distance from previous block
# <min> <max>
5	29

[block]
# block no. 0 follows, 28 sequences, length 36
# corresponding to MSA columns:
# 34-69
name=unknown_A
#
# <colnr> <probs for GDERKNQSTAVLIFYWHMCP>
#	G	D	E	R	K	N	Q	S	T	A	V	L	I	F	Y	W	H	M	C	P
0	0.02175	0.02254	0.02461	0.08921	0.34063	0.24951	0.01817	0.05154	0.03914	0.05376	0.01413	0.01705	0.01131	0.00719	0.00700	0.00210	0.00999	0.00597	0.00413	0.01027
1	0.01984	0.02026	0.02680	0.03707	0.51359	0.14095	0.01978	0.04587	0.03644	0.02362	0.01378	0.01726	0.01143	0.00679	0.00703	0.00208	0.00921	0.00613	0.00388	0.03820
2	0.01799	0.01721	0.02904	0.04357	0.67524	0.01730	0.02193	0.02288	0.04013	0.02398	0.01423	0.01831	0.01189	0.00660	0.00720	0.00217	0.00853	0.00654	0.00373	0.01151
3	0.01901	0.01921	0.02851	0.04173	0.62362	0.09523	0.02139	0.02306	0.01700	0.02308	0.01340	0.01745	0.01127	0.00659	0.00712	0.00213	0.00914	0.00628	0.00361	0.01117
4	0.01894	0.01907	0.02858	0.04193	0.62897	0.08971	0.02145	0.02301	0.01697	0.02313	0.01342	0.01748	0.01129	0.00658	0.00713	0.00213	0.00910	0.00629	0.00361	0.01119
5	0.01810	0.01826	0.02689	0.18672	0.48674	0.09397	0.02095	0.02226	0.01657	0.02199	0.01324	0.01775	0.01089	0.00676	0.00714	0.00218	0.00935	0.00628	0.00354	0.01044
6	0.15077	0.01377	0.02017	0.52931	0.06710	0.01664	0.01771	0.06229	0.01553	0.02300	0.01276	0.01788	0.00962	0.00724	0.00678	0.00237	0.00883	0.00603	0.00373	0.00845
7	0.68096	0.01468	0.01199	0.01050	0.01508	0.01694	0.00860	0.07684	0.05841	0.03357	0.01201	0.01328	0.00919	0.00712	0.00492	0.00226	0.00583	0.00443	0.00492	0.00848
8	0.64709	0.05856	0.01380	0.04033	0.01661	0.01761	0.00920	0.08056	0.01458	0.03230	0.01090	0.01263	0.00844	0.00692	0.00488	0.00221	0.00614	0.00428	0.00461	0.00838
9	0.09787	0.02014	0.01984	0.04610	0.06502	0.12306	0.01351	0.30107	0.14892	0.06520	0.01818	0.01852	0.01342	0.00838	0.00692	0.00221	0.00814	0.00636	0.00619	0.01096
10	0.01799	0.01727	0.02950	0.04462	0.69919	0.01727	0.02231	0.02231	0.01655	0.02375	0.01367	0.01799	0.01151	0.00648	0.00720	0.00216	0.00864	0.00648	0.00360	0.01151
11	0.01649	0.01574	0.02679	0.28489	0.47065	0.01688	0.02156	0.02099	0.01584	0.02193	0.01341	0.01848	0.01087	0.00676	0.00722	0.00225	0.00901	0.00647	0.00347	0.01030
12	0.01720	0.01647	0.02808	0.17049	0.57946	0.01706	0.02192	0.02162	0.01618	0.02279	0.01353	0.01825	0.01118	0.00662	0.00721	0.00221	0.00883	0.00647	0.00353	0.01088
13	0.01199	0.00873	0.01186	0.01333	0.01510	0.00887	0.01147	0.01633	0.05919	0.02216	0.03799	0.10879	0.04087	0.01955	0.00984	0.00327	0.00652	0.58043	0.00674	0.00696
14	0.01895	0.01673	0.01688	0.01507	0.01924	0.05131	0.01173	0.06747	0.62452	0.03052	0.02816	0.02601	0.02113	0.00970	0.00735	0.00242	0.00620	0.00797	0.00722	0.01140
15	0.02074	0.01434	0.01686	0.01417	0.01790	0.01579	0.01135	0.17653	0.20024	0.14667	0.15405	0.04859	0.02756	0.01110	0.00945	0.00242	0.08580	0.00878	0.00727	0.01040
16	0.01550	0.17281	0.57975	0.01914	0.02903	0.01914	0.02412	0.02278	0.01524	0.02190	0.01249	0.01465	0.00923	0.00678	0.00648	0.00216	0.01018	0.00509	0.00308	0.01047
17	0.01716	0.01961	0.04289	0.03064	0.03799	0.01838	0.67279	0.02328	0.01716	0.02328	0.01471	0.01961	0.01103	0.00613	0.00858	0.00245	0.01225	0.00858	0.00368	0.00980
18	0.01942	0.01418	0.01571	0.01363	0.01755	0.01538	0.01068	0.18415	0.29305	0.09492	0.07631	0.12033	0.06867	0.01204	0.00776	0.00243	0.00585	0.01011	0.00743	0.01042
19	0.01506	0.01679	0.15958	0.01516	0.01934	0.01276	0.05507	0.12650	0.01832	0.04890	0.06737	0.28423	0.02941	0.03843	0.00981	0.00275	0.03610	0.03001	0.00581	0.00858
20	0.03261	0.01237	0.01687	0.01293	0.01856	0.01068	0.01068	0.03543	0.02081	0.70423	0.02868	0.02474	0.01799	0.00900	0.00731	0.00225	0.00619	0.00731	0.00900	0.01237
21	0.01070	0.00770	0.00937	0.00941	0.01017	0.00805	0.00625	0.01279	0.05194	0.01649	0.02716	0.10262	0.06862	0.42270	0.19788	0.00727	0.00957	0.01092	0.00481	0.00558
22	0.01949	0.02046	0.02694	0.10316	0.49844	0.16156	0.02040	0.02335	0.01720	0.02203	0.01310	0.01711	0.01090	0.00676	0.00707	0.00212	0.00966	0.00610	0.00359	0.01055
23	0.02393	0.01657	0.01806	0.01432	0.01889	0.01804	0.01151	0.47353	0.02804	0.07568	0.01941	0.02258	0.01509	0.09141	0.03511	0.00300	0.00771	0.00710	0.08933	0.01069
24	0.01018	0.00743	0.00956	0.00903	0.01079	0.00681	0.00677	0.01350	0.02031	0.02853	0.65455	0.05533	0.10979	0.01509	0.00857	0.00230	0.00345	0.01329	0.00792	0.00681
25	0.02285	0.01869	0.02007	0.05973	0.05000	0.05205	0.01369	0.34411	0.27319	0.03630	0.02124	0.02097	0.01567	0.00891	0.00728	0.00229	0.00753	0.00707	0.00677	0.01157
26	0.01643	0.30846	0.45221	0.01757	0.02659	0.02141	0.02137	0.02254	0.01513	0.02077	0.01193	0.01394	0.00925	0.00664	0.00605	0.00202	0.00961	0.00481	0.00308	0.01020
27	0.01263	0.00631	0.00947	0.00947	0.00947	0.00631	0.00631	0.00947	0.00947	0.01263	0.01263	0.02210	0.01263	0.02525	0.02841	0.78851	0.00631	0.00631	0.00316	0.00316
28	0.01007	0.00723	0.00940	0.00923	0.01063	0.00671	0.00669	0.01294	0.01888	0.02650	0.54697	0.16703	0.06268	0.05983	0.01039	0.00268	0.00378	0.01423	0.00758	0.00655
29	0.01039	0.00728	0.00898	0.00898	0.00951	0.00758	0.00583	0.01126	0.01129	0.01526	0.02524	0.04354	0.06801	0.49714	0.23160	0.00809	0.01042	0.01008	0.00441	0.00512
30	0.00907	0.00655	0.00859	0.00984	0.01056	0.00607	0.00671	0.01071	0.01510	0.02029	0.14600	0.59891	0.08204	0.02131	0.00913	0.00282	0.00407	0.01922	0.00695	0.00607
31	0.26703	0.45947	0.04888	0.01180	0.01758	0.02361	0.01135	0.02230	0.01430	0.05372	0.01105	0.01242	0.00926	0.00654	0.00480	0.00183	0.00711	0.00410	0.00382	0.00905
32	0.01983	0.01827	0.02955	0.11184	0.05332	0.01985	0.25375	0.22194	0.04807	0.02912	0.01520	0.01867	0.01154	0.00811	0.00996	0.00245	0.10620	0.00731	0.00480	0.01025
33	0.02248	0.01742	0.02192	0.01667	0.02218	0.01813	0.08655	0.34788	0.04208	0.07402	0.01892	0.01991	0.03974	0.00852	0.00832	0.00209	0.06011	0.00677	0.00609	0.16021
34	0.02293	0.01885	0.02051	0.01609	0.02106	0.07876	0.03150	0.32084	0.04623	0.06387	0.01572	0.01707	0.01193	0.00841	0.00906	0.00207	0.10452	0.00602	0.00576	0.17879
35	0.02563	0.07653	0.02182	0.01558	0.02111	0.04037	0.01294	0.46979	0.02862	0.09258	0.01766	0.03653	0.01325	0.00875	0.00741	0.00209	0.02700	0.00655	0.00664	0.06914

[dist]
# distance from previous block
# <min> <max>
1	22

[block]
# block no. 1 follows, 28 sequences, length 7
# corresponding to MSA columns:
# 92-98
name=unknown_B
#
# <colnr> <probs for GDERKNQSTAVLIFYWHMCP>
#	G	D	E	R	K	N	Q	S	T	A	V	L	I	F	Y	W	H	M	C	P
0	0.01851	0.12351	0.11870	0.04359	0.02017	0.01552	0.01304	0.09808	0.09161	0.12356	0.16090	0.06518	0.02681	0.01011	0.00716	0.00218	0.00667	0.00833	0.00615	0.04022
1	0.01896	0.67957	0.10329	0.01325	0.01990	0.02760	0.01384	0.02189	0.01483	0.01768	0.01039	0.01202	0.00932	0.00629	0.00488	0.00163	0.00806	0.00403	0.00311	0.00947
2	0.01943	0.74891	0.03809	0.01244	0.01866	0.02876	0.01244	0.02177	0.01477	0.01710	0.01011	0.01166	0.00933	0.00622	0.00466	0.00155	0.00777	0.00389	0.00311	0.00933
3	0.01057	0.00705	0.00793	0.00793	0.00793	0.00705	0.00440	0.01057	0.01057	0.01409	0.02290	0.04757	0.02643	0.74454	0.03700	0.00705	0.00705	0.01057	0.00440	0.00440
4	0.27260	0.01261	0.01507	0.06055	0.05726	0.01273	0.01067	0.02645	0.01674	0.33433	0.02201	0.09346	0.01693	0.00944	0.00660	0.00233	0.00617	0.00750	0.00663	0.00993
5	0.01054	0.00792	0.00998	0.00921	0.01140	0.00702	0.00691	0.01367	0.01923	0.02706	0.52783	0.09481	0.11792	0.01470	0.00829	0.00222	0.00370	0.01291	0.00743	0.08724
6	0.01636	0.01861	0.09574	0.02161	0.09209	0.04226	0.19738	0.02255	0.07881	0.02401	0.05993	0.02033	0.01553	0.00729	0.00783	0.00202	0.03889	0.00687	0.00440	0.22749

[dist]
# distance from previous block
# <min> <max>
2	8

[block]
# block no. 2 follows, 28 sequences, length 33
# corresponding to MSA columns:
# 107-139
name=unknown_C
#
# <colnr> <probs for GDERKNQSTAVLIFYWHMCP>
#	G	D	E	R	K	N	Q	S	T	A	V	L	I	F	Y	W	H	M	C	P
0	0.42237	0.04726	0.01807	0.01959	0.18885	0.01728	0.01258	0.07998	0.03862	0.05498	0.01376	0.01674	0.01102	0.00738	0.00578	0.00223	0.00674	0.02248	0.00477	0.00951
1	0.01585	0.14880	0.52956	0.06196	0.03016	0.04913	0.02361	0.02281	0.01543	0.02159	0.01249	0.01491	0.00926	0.00684	0.00656	0.00217	0.01031	0.00517	0.00311	0.01026
2	0.01897	0.01936	0.02783	0.08231	0.56838	0.11173	0.02106	0.02299	0.01698	0.02263	0.01330	0.01741	0.01111	0.00666	0.00711	0.00214	0.00930	0.00623	0.00360	0.01089
3	0.00947	0.00690	0.00893	0.00961	0.01075	0.00637	0.00684	0.01167	0.01675	0.02274	0.28880	0.39903	0.11510	0.01931	0.00898	0.00267	0.00396	0.03861	0.00722	0.00631
4	0.03960	0.00759	0.00955	0.00915	0.01091	0.00711	0.00683	0.01359	0.01960	0.02808	0.59390	0.10395	0.09246	0.01530	0.00847	0.00234	0.00358	0.01345	0.00772	0.00679
5	0.01057	0.00705	0.00793	0.00793	0.00793	0.00705	0.00440	0.01057	0.01057	0.01409	0.02290	0.04757	0.02643	0.74454	0.03700	0.00705	0.00705	0.01057	0.00440	0.00440
6	0.01514	0.11923	0.63012	0.01977	0.02999	0.01825	0.02520	0.02288	0.01528	0.02234	0.01271	0.01492	0.00922	0.00683	0.00665	0.00222	0.01040	0.00520	0.00307	0.01058
7	0.00902	0.00640	0.00839	0.00991	0.01029	0.00602	0.00652	0.01017	0.01359	0.01812	0.03840	0.67262	0.04598	0.09282	0.01197	0.00335	0.00449	0.01969	0.00652	0.00576
8	0.01590	0.01590	0.02226	0.01908	0.01908	0.02226	0.01590	0.01749	0.01113	0.01749	0.00954	0.01590	0.00954	0.01272	0.02385	0.00318	0.73123	0.00636	0.00318	0.00795
9	0.02678	0.01954	0.02091	0.01612	0.02169	0.02159	0.01329	0.63523	0.03303	0.04468	0.01783	0.01803	0.01274	0.00871	0.00714	0.00215	0.00772	0.00656	0.05422	0.01202
10	0.01590	0.01590	0.02226	0.01908	0.01908	0.02226	0.01590	0.01749	0.01113	0.01749	0.00954	0.01590	0.00954	0.01272	0.02385	0.00318	0.73123	0.00636	0.00318	0.00795
11	0.02654	0.01982	0.02120	0.01650	0.02213	0.02203	0.01355	0.60240	0.10851	0.04406	0.01884	0.01855	0.01348	0.00886	0.00729	0.00221	0.00774	0.00674	0.00729	0.01226
12	0.01744	0.01830	0.02062	0.02678	0.31747	0.16973	0.01519	0.02149	0.05729	0.02168	0.03065	0.03181	0.20090	0.01020	0.00745	0.00220	0.00809	0.00863	0.00473	0.00934
13	0.01325	0.00985	0.01307	0.14863	0.01847	0.01174	0.00997	0.01565	0.01303	0.02004	0.01859	0.02889	0.01720	0.20711	0.01782	0.00357	0.15028	0.00765	0.26857	0.00662
14	0.02763	0.02036	0.02182	0.01672	0.02254	0.02254	0.01382	0.67496	0.03418	0.04581	0.01745	0.01745	0.01236	0.00873	0.00727	0.00218	0.00800	0.00654	0.00727	0.01236
15	0.01943	0.74891	0.03809	0.01244	0.01866	0.02876	0.01244	0.02177	0.01477	0.01710	0.01011	0.01166	0.00933	0.00622	0.00466	0.00155	0.00777	0.00389	0.00311	0.00933
16	0.79588	0.01406	0.01068	0.00956	0.01406	0.01631	0.00787	0.02137	0.01237	0.03261	0.01012	0.01181	0.00787	0.00675	0.00450	0.00225	0.00562	0.00394	0.00450	0.00787
17	0.01053	0.00719	0.00865	0.00865	0.00890	0.00744	0.00531	0.01104	0.01079	0.01463	0.02224	0.04390	0.02483	0.61145	0.16791	0.00794	0.00944	0.01003	0.00431	0.00481
18	0.00899	0.00638	0.00839	0.00995	0.01034	0.00599	0.00656	0.01016	0.01365	0.01820	0.03870	0.68482	0.04636	0.08009	0.01148	0.00328	0.00444	0.01986	0.00656	0.00579
19	0.02657	0.01962	0.02103	0.01627	0.02178	0.02171	0.01333	0.62508	0.05424	0.04392	0.01809	0.01909	0.01330	0.04119	0.00859	0.00241	0.00788	0.00678	0.00715	0.01198
20	0.01507	0.01292	0.01507	0.01077	0.01723	0.00969	0.00861	0.01830	0.01507	0.02369	0.01292	0.01507	0.01077	0.00538	0.00538	0.00108	0.00538	0.00431	0.00431	0.78898
21	0.02565	0.01909	0.02048	0.01608	0.02139	0.02115	0.01310	0.57508	0.09388	0.04258	0.01943	0.04101	0.01479	0.03173	0.00825	0.00238	0.00765	0.00725	0.00718	0.01184
22	0.01930	0.01797	0.02832	0.04145	0.62445	0.05574	0.02122	0.02340	0.01701	0.06052	0.01436	0.01809	0.01175	0.00667	0.00717	0.00215	0.00875	0.00642	0.00390	0.01139
23	0.00912	0.00653	0.00867	0.00994	0.01060	0.00608	0.00677	0.01078	0.01513	0.02049	0.15955	0.61480	0.05182	0.02133	0.00915	0.00283	0.00407	0.01929	0.00698	0.00608
24	0.01007	0.00736	0.00946	0.00906	0.01076	0.00675	0.00675	0.01326	0.01989	0.02780	0.60954	0.09367	0.11729	0.01558	0.00861	0.00234	0.00349	0.01374	0.00783	0.00675
25	0.01481	0.03601	0.64809	0.02160	0.03204	0.01701	0.08405	0.02304	0.01551	0.02304	0.01319	0.01572	0.00937	0.00684	0.00705	0.00232	0.01088	0.00566	0.00312	0.01066
26	0.01411	0.01331	0.02249	0.66657	0.10761	0.01625	0.02038	0.01890	0.01471	0.01903	0.01299	0.01926	0.00985	0.00720	0.00726	0.00240	0.00960	0.00646	0.00326	0.00838
27	0.03261	0.01237	0.01687	0.01293	0.01856	0.01068	0.01068	0.03543	0.02081	0.70423	0.02868	0.02474	0.01799	0.00900	0.00731	0.00225	0.00619	0.00731	0.00900	0.01237
28	0.01554	0.01538	0.02158	0.01860	0.01869	0.02141	0.01546	0.01720	0.01117	0.01745	0.01019	0.01673	0.01010	0.01544	0.06888	0.00373	0.68492	0.00645	0.00323	0.00786
29	0.21360	0.01838	0.05993	0.01761	0.02252	0.10136	0.18478	0.02282	0.03802	0.06576	0.01990	0.02329	0.06637	0.00871	0.00790	0.00235	0.05156	0.02772	0.03863	0.00878
30	0.02600	0.03263	0.02080	0.02001	0.06239	0.64806	0.01436	0.02804	0.02003	0.01811	0.01168	0.01396	0.00981	0.00915	0.03246	0.00225	0.01307	0.00490	0.00374	0.00854
31	0.79588	0.01406	0.01068	0.00956	0.01406	0.01631	0.00787	0.02137	0.01237	0.03261	0.01012	0.01181	0.00787	0.00675	0.00450	0.00225	0.00562	0.00394	0.00450	0.00787
32	0.01029	0.00743	0.00972	0.00914	0.01086	0.00686	0.00686	0.01372	0.02058	0.02915	0.69536	0.05430	0.06859	0.01486	0.00857	0.00229	0.00343	0.01315	0.00800	0.00686

[dist]
# distance from previous block
# <min> <max>
0	18

[block]
# block no. 3 follows, 28 sequences, length 41
# corresponding to MSA columns:
# 158-198
name=unknown_D
#
# <colnr> <probs for GDERKNQSTAVLIFYWHMCP>
#	G	D	E	R	K	N	Q	S	T	A	V	L	I	F	Y	W	H	M	C	P
0	0.01835	0.01795	0.02916	0.04360	0.67266	0.04464	0.02198	0.02257	0.01671	0.02351	0.01358	0.01780	0.01143	0.00652	0.00717	0.00215	0.00881	0.00641	0.00360	0.01139
1	0.01029	0.00743	0.00972	0.00914	0.01086	0.00686	0.00686	0.01372	0.02058	0.02915	0.69536	0.05430	0.06859	0.01486	0.00857	0.00229	0.00343	0.01315	0.00800	0.00686
2	0.00886	0.00633	0.00843	0.01012	0.01054	0.00590	0.00675	0.01012	0.01392	0.01856	0.04006	0.73979	0.04808	0.02277	0.00928	0.00295	0.00422	0.02066	0.00675	0.00590
3	0.03056	0.01567	0.01891	0.01450	0.02020	0.01558	0.01198	0.29940	0.02632	0.43245	0.02404	0.02173	0.01567	0.00889	0.00729	0.00222	0.00693	0.00699	0.00828	0.01237
4	0.00886	0.00633	0.00843	0.01012	0.01054	0.00590	0.00675	0.01012	0.01392	0.01856	0.04006	0.73979	0.04808	0.02277	0.00928	0.00295	0.00422	0.02066	0.00675	0.00590
5	0.01808	0.01561	0.01644	0.01479	0.01890	0.01808	0.01151	0.03863	0.68606	0.03041	0.02959	0.02712	0.02219	0.00986	0.00740	0.00247	0.00575	0.00822	0.00740	0.01151
6	0.01943	0.74891	0.03809	0.01244	0.01866	0.02876	0.01244	0.02177	0.01477	0.01710	0.01011	0.01166	0.00933	0.00622	0.00466	0.00155	0.00777	0.00389	0.00311	0.00933
7	0.01590	0.01590	0.02226	0.01908	0.01908	0.02226	0.01590	0.01749	0.01113	0.01749	0.00954	0.01590	0.00954	0.01272	0.02385	0.00318	0.73123	0.00636	0.00318	0.00795
8	0.01943	0.74891	0.03809	0.01244	0.01866	0.02876	0.01244	0.02177	0.01477	0.01710	0.01011	0.01166	0.00933	0.00622	0.00466	0.00155	0.00777	0.00389	0.00311	0.00933
9	0.01808	0.01561	0.01644	0.01479	0.01890	0.01808	0.01151	0.03863	0.68606	0.03041	0.02959	0.02712	0.02219	0.00986	0.00740	0.00247	0.00575	0.00822	0.00740	0.01151
10	0.01126	0.00805	0.01120	0.01287	0.01435	0.00798	0.01093	0.01428	0.01629	0.02125	0.03874	0.18542	0.04282	0.02050	0.00992	0.00328	0.00630	0.55128	0.00670	0.00657
11	0.02954	0.01731	0.01993	0.01528	0.02102	0.01801	0.01262	0.43058	0.02907	0.29741	0.02174	0.02024	0.01451	0.00883	0.00729	0.00221	0.00731	0.00684	0.00793	0.01237
12	0.79588	0.01406	0.01068	0.00956	0.01406	0.01631	0.00787	0.02137	0.01237	0.03261	0.01012	0.01181	0.00787	0.00675	0.00450	0.00225	0.00562	0.00394	0.00450	0.00787
13	0.00867	0.00737	0.00747	0.00744	0.00987	0.00617	0.00558	0.01058	0.01675	0.02007	0.10182	0.06925	0.66779	0.01825	0.00859	0.00245	0.00367	0.01524	0.00681	0.00617
14	0.01528	0.01310	0.01516	0.01104	0.01734	0.01025	0.00881	0.01967	0.06021	0.02414	0.01404	0.01588	0.01153	0.00568	0.00552	0.00117	0.00541	0.00457	0.00451	0.73668
15	0.01470	0.03677	0.67633	0.02117	0.03176	0.01695	0.05657	0.02303	0.01543	0.02303	0.01312	0.01554	0.00929	0.00687	0.00698	0.00231	0.01081	0.00552	0.00310	0.01070
16	0.03261	0.01237	0.01687	0.01293	0.01856	0.01068	0.01068	0.03543	0.02081	0.70423	0.02868	0.02474	0.01799	0.00900	0.00731	0.00225	0.00619	0.00731	0.00900	0.01237
17	0.00973	0.00706	0.00925	0.00998	0.01117	0.00658	0.00732	0.01210	0.01693	0.02298	0.28679	0.35719	0.09836	0.01919	0.00906	0.00272	0.00420	0.09580	0.00721	0.00637
18	0.01490	0.06351	0.64573	0.02094	0.03133	0.01741	0.06120	0.02299	0.01542	0.02281	0.01302	0.01544	0.00931	0.00684	0.00691	0.00228	0.01071	0.00549	0.00310	0.01064
19	0.03036	0.01319	0.01707	0.01329	0.01869	0.01220	0.01091	0.09741	0.06665	0.57066	0.05140	0.02524	0.01953	0.00924	0.00736	0.00226	0.00624	0.00750	0.00869	0.01212
20	0.17627	0.01269	0.01570	0.01230	0.01771	0.01174	0.01015	0.03278	0.01922	0.57782	0.02518	0.02231	0.01609	0.00857	0.00678	0.00225	0.00608	0.00667	0.00815	0.01152
21	0.05763	0.01434	0.02304	0.53952	0.04353	0.01714	0.07529	0.07962	0.01635	0.02222	0.01323	0.01870	0.00995	0.00745	0.00777	0.00242	0.03298	0.00651	0.00371	0.00860
22	0.01476	0.01398	0.02368	0.56103	0.20799	0.01642	0.02070	0.01948	0.01503	0.01983	0.01310	0.01904	0.01013	0.00708	0.00725	0.00236	0.00943	0.00646	0.00332	0.00891
23	0.01054	0.00714	0.00838	0.00835	0.00856	0.00724	0.00498	0.01095	0.01114	0.01506	0.05350	0.04602	0.02756	0.64349	0.10207	0.00728	0.00810	0.01042	0.00452	0.00472
24	0.76246	0.01401	0.01116	0.04022	0.01560	0.01630	0.00840	0.02125	0.01246	0.03201	0.01024	0.01213	0.00795	0.00677	0.00462	0.00226	0.00580	0.00404	0.00444	0.00788
25	0.00890	0.00744	0.00780	0.00790	0.01027	0.00634	0.00606	0.01093	0.01675	0.02019	0.09664	0.07024	0.61948	0.01839	0.00870	0.00252	0.00391	0.06453	0.00680	0.00621
26	0.01781	0.01709	0.02918	0.07347	0.67175	0.01722	0.02222	0.02215	0.01647	0.02353	0.01364	0.01805	0.01144	0.00651	0.00720	0.00217	0.00868	0.00648	0.00358	0.01137
27	0.00859	0.00736	0.00736	0.00736	0.00982	0.00614	0.00552	0.01043	0.01657	0.01964	0.07364	0.06996	0.69624	0.01841	0.00859	0.00245	0.00368	0.01534	0.00675	0.00614
28	0.00859	0.00736	0.00736	0.00736	0.00982	0.00614	0.00552	0.01043	0.01657	0.01964	0.07364	0.06996	0.69624	0.01841	0.00859	0.00245	0.00368	0.01534	0.00675	0.00614
29	0.01507	0.01292	0.01507	0.01077	0.01723	0.00969	0.00861	0.01830	0.01507	0.02369	0.01292	0.01507	0.01077	0.00538	0.00538	0.00108	0.00538	0.00431	0.00431	0.78898
30	0.79588	0.01406	0.01068	0.00956	0.01406	0.01631	0.00787	0.02137	0.01237	0.03261	0.01012	0.01181	0.00787	0.00675	0.00450	0.00225	0.00562	0.00394	0.00450	0.00787
31	0.01003	0.00742	0.00936	0.00887	0.01070	0.00675	0.00665	0.01322	0.01996	0.02770	0.60050	0.05669	0.16435	0.01540	0.00858	0.00231	0.00347	0.01348	0.00781	0.00675
32	0.01458	0.03760	0.70688	0.02072	0.03146	0.01688	0.02686	0.02302	0.01535	0.02302	0.01304	0.01535	0.00921	0.00691	0.00691	0.00230	0.01074	0.00537	0.00307	0.01074
33	0.00859	0.00736	0.00736	0.00736	0.00982	0.00614	0.00552	0.01043	0.01657	0.01964	0.07364	0.06996	0.69624	0.01841	0.00859	0.00245	0.00368	0.01534	0.00675	0.00614
34	0.02763	0.02036	0.02182	0.01672	0.02254	0.02254	0.01382	0.67496	0.03418	0.04581	0.01745	0.01745	0.01236	0.00873	0.00727	0.00218	0.00800	0.00654	0.00727	0.01236
35	0.01901	0.01575	0.01660	0.01462	0.01882	0.01805	0.01146	0.11440	0.57370	0.03210	0.02783	0.02595	0.02082	0.00965	0.00727	0.00239	0.00591	0.00794	0.04634	0.01137
36	0.00972	0.00778	0.00946	0.01071	0.04045	0.00703	0.00771	0.01193	0.01632	0.02052	0.09172	0.19523	0.38784	0.01884	0.00893	0.00269	0.00455	0.13542	0.00667	0.00647
37	0.01056	0.00708	0.00812	0.00812	0.00818	0.00715	0.00464	0.01069	0.01063	0.01423	0.02273	0.04662	0.02601	0.70996	0.07101	0.00728	0.00767	0.01043	0.00438	0.00451
38	0.11424	0.01681	0.01794	0.01470	0.01910	0.04019	0.03000	0.32527	0.11617	0.03534	0.01851	0.01985	0.01406	0.01210	0.06065	0.00293	0.03539	0.00657	0.08988	0.01030
39	0.01758	0.01562	0.02093	0.01579	0.02157	0.03447	0.13014	0.13208	0.05502	0.02714	0.01722	0.07974	0.01490	0.00790	0.00677	0.00178	0.00722	0.00710	0.00506	0.38196
40	0.15354	0.01444	0.01956	0.45075	0.03772	0.01729	0.01655	0.12346	0.05352	0.02597	0.01404	0.01816	0.01047	0.00755	0.00679	0.00236	0.00850	0.00612	0.00431	0.00890

[dist]
# distance from previous block
# <min> <max>
1	3

[block]
# block no. 4 follows, 28 sequences, length 159
# corresponding to MSA columns:
# 202-360
name=unknown_E
#
# <colnr> <probs for GDERKNQSTAVLIFYWHMCP>
#	G	D	E	R	K	N	Q	S	T	A	V	L	I	F	Y	W	H	M	C	P
0	0.02595	0.01921	0.02058	0.01599	0.02152	0.02116	0.01312	0.57973	0.08217	0.04320	0.01850	0.01851	0.01332	0.00870	0.00713	0.00215	0.00756	0.00661	0.03953	0.03534
1	0.27779	0.02508	0.33839	0.01561	0.02327	0.01593	0.01745	0.05056	0.01598	0.13524	0.01473	0.01575	0.01028	0.00726	0.00618	0.00227	0.00821	0.00525	0.00465	0.01011
2	0.02280	0.01490	0.01714	0.01415	0.01856	0.01555	0.01138	0.33600	0.05327	0.15092	0.05197	0.14774	0.02375	0.01200	0.00777	0.00237	0.00659	0.04658	0.00737	0.03920
3	0.01535	0.15050	0.60073	0.01940	0.02943	0.01877	0.02457	0.02282	0.01526	0.02208	0.01258	0.01476	0.00923	0.00680	0.00655	0.00218	0.01027	0.00514	0.00308	0.01052
4	0.01458	0.03760	0.70688	0.02072	0.03146	0.01688	0.02686	0.02302	0.01535	0.02302	0.01304	0.01535	0.00921	0.00691	0.00691	0.00230	0.01074	0.00537	0.00307	0.01074
5	0.01507	0.01292	0.01507	0.01077	0.01723	0.00969	0.00861	0.01830	0.01507	0.02369	0.01292	0.01507	0.01077	0.00538	0.00538	0.00108	0.00538	0.00431	0.00431	0.78898
6	0.01029	0.00743	0.00972	0.00914	0.01086	0.00686	0.00686	0.01372	0.02058	0.02915	0.69536	0.05430	0.06859	0.01486	0.00857	0.00229	0.00343	0.01315	0.00800	0.00686
7	0.01590	0.01590	0.02226	0.01908	0.01908	0.02226	0.01590	0.01749	0.01113	0.01749	0.00954	0.01590	0.00954	0.01272	0.02385	0.00318	0.73123	0.00636	0.00318	0.00795
8	0.00885	0.00737	0.00772	0.00763	0.00998	0.00625	0.00573	0.01093	0.01718	0.02108	0.16828	0.06757	0.60070	0.01787	0.00859	0.00243	0.00364	0.01501	0.00694	0.00625
9	0.00886	0.00633	0.00843	0.01012	0.01054	0.00590	0.00675	0.01012	0.01392	0.01856	0.04006	0.73979	0.04808	0.02277	0.00928	0.00295	0.00422	0.02066	0.00675	0.00590
10	0.03261	0.01237	0.01687	0.01293	0.01856	0.01068	0.01068	0.03543	0.02081	0.70423	0.02868	0.02474	0.01799	0.00900	0.00731	0.00225	0.00619	0.00731	0.00900	0.01237
11	0.01038	0.00779	0.01168	0.01168	0.01298	0.00909	0.00909	0.01298	0.01168	0.01687	0.01947	0.02856	0.01817	0.05452	0.71573	0.01168	0.01947	0.00779	0.00389	0.00649
12	0.01038	0.00779	0.01168	0.01168	0.01298	0.00909	0.00909	0.01298	0.01168	0.01687	0.01947	0.02856	0.01817	0.05452	0.71573	0.01168	0.01947	0.00779	0.00389	0.00649
13	0.16385	0.01924	0.01984	0.01545	0.02104	0.02144	0.01276	0.55907	0.03031	0.04347	0.01615	0.01645	0.01157	0.00838	0.00678	0.00219	0.00758	0.00608	0.00678	0.01157
14	0.02601	0.01885	0.02030	0.01592	0.02134	0.02082	0.01303	0.53649	0.12056	0.07119	0.01981	0.01944	0.01417	0.00888	0.00721	0.00220	0.00744	0.00681	0.03751	0.01203
15	0.01554	0.00924	0.00950	0.00860	0.01110	0.00951	0.00668	0.13294	0.01874	0.02965	0.02773	0.02979	0.08715	0.00954	0.00583	0.00186	0.00424	0.00761	0.56706	0.00770
16	0.79588	0.01406	0.01068	0.00956	0.01406	0.01631	0.00787	0.02137	0.01237	0.03261	0.01012	0.01181	0.00787	0.00675	0.00450	0.00225	0.00562	0.00394	0.00450	0.00787
17	0.01507	0.01292	0.01507	0.01077	0.01723	0.00969	0.00861	0.01830	0.01507	0.02369	0.01292	0.01507	0.01077	0.00538	0.00538	0.00108	0.00538	0.00431	0.00431	0.78898
18	0.02701	0.01435	0.01724	0.01398	0.01910	0.01452	0.01130	0.10387	0.25485	0.39928	0.02781	0.02481	0.01887	0.00927	0.00734	0.00232	0.00622	0.00755	0.00826	0.01207
19	0.01660	0.01552	0.02196	0.29903	0.22038	0.06941	0.01813	0.07183	0.01742	0.02258	0.01795	0.05202	0.01630	0.00954	0.00766	0.00244	0.00891	0.09889	0.00431	0.00913
20	0.01338	0.00896	0.01087	0.01019	0.01161	0.00941	0.00717	0.08691	0.01449	0.05079	0.02436	0.06605	0.04952	0.36317	0.21218	0.00703	0.01011	0.00970	0.02768	0.00642
21	0.01789	0.27371	0.39610	0.01764	0.02628	0.02039	0.04564	0.02369	0.01570	0.08058	0.01349	0.01509	0.01009	0.00683	0.00625	0.00205	0.00941	0.00517	0.00362	0.01037
22	0.01547	0.08443	0.44353	0.02386	0.10527	0.01755	0.12686	0.02230	0.01566	0.02249	0.01440	0.04923	0.01154	0.00741	0.00714	0.00228	0.01023	0.00659	0.00340	0.01035
23	0.00922	0.00656	0.00861	0.00980	0.01041	0.00615	0.00660	0.01075	0.01478	0.02000	0.14780	0.57592	0.04993	0.07347	0.01116	0.00314	0.00429	0.01869	0.00679	0.00595
24	0.01628	0.28625	0.47309	0.01782	0.02699	0.02103	0.02182	0.02258	0.01515	0.02095	0.01202	0.01406	0.00925	0.00667	0.00612	0.00204	0.00970	0.00485	0.00308	0.01025
25	0.01872	0.11789	0.05654	0.03582	0.47707	0.07285	0.05309	0.02329	0.03527	0.02253	0.01348	0.01700	0.01124	0.00661	0.00687	0.00208	0.00905	0.00610	0.00363	0.01086
26	0.01043	0.00705	0.00823	0.00830	0.00850	0.00703	0.00491	0.01086	0.01157	0.01560	0.07330	0.09466	0.03070	0.61690	0.05741	0.00658	0.00703	0.01135	0.00481	0.00476
27	0.00886	0.00633	0.00843	0.01012	0.01054	0.00590	0.00675	0.01012	0.01392	0.01856	0.04006	0.73979	0.04808	0.02277	0.00928	0.00295	0.00422	0.02066	0.00675	0.00590
28	0.09232	0.01607	0.04496	0.01402	0.01944	0.01554	0.01190	0.27528	0.02495	0.30204	0.08876	0.02345	0.01969	0.00921	0.00717	0.00223	0.00674	0.00724	0.00762	0.01137
29	0.02525	0.06202	0.02317	0.02271	0.14230	0.45017	0.01540	0.13002	0.02177	0.02326	0.01260	0.01460	0.01022	0.00745	0.00670	0.00196	0.01126	0.00526	0.00425	0.00964
30	0.00859	0.00736	0.00736	0.00736	0.00982	0.00614	0.00552	0.01043	0.01657	0.01964	0.07364	0.06996	0.69624	0.01841	0.00859	0.00245	0.00368	0.01534	0.00675	0.00614
31	0.01388	0.01323	0.02277	0.69516	0.04951	0.01625	0.05008	0.01879	0.01465	0.01879	0.01300	0.01939	0.00975	0.00722	0.00733	0.00242	0.00981	0.00656	0.00325	0.00815
32	0.04659	0.61273	0.14032	0.01361	0.02047	0.02648	0.01450	0.02195	0.01477	0.01857	0.01056	0.01223	0.00926	0.00634	0.00500	0.00170	0.00815	0.00412	0.00315	0.00949
33	0.79588	0.01406	0.01068	0.00956	0.01406	0.01631	0.00787	0.02137	0.01237	0.03261	0.01012	0.01181	0.00787	0.00675	0.00450	0.00225	0.00562	0.00394	0.00450	0.00787
34	0.01373	0.01292	0.02180	0.72707	0.05006	0.01615	0.02019	0.01857	0.01453	0.01857	0.01292	0.01938	0.00969	0.00727	0.00727	0.00242	0.00969	0.00646	0.00323	0.00807
35	0.01050	0.00732	0.00933	0.00933	0.00981	0.00781	0.00615	0.01147	0.01099	0.01513	0.02162	0.04048	0.02335	0.48712	0.29021	0.00878	0.01168	0.00953	0.00421	0.00518
36	0.00920	0.00659	0.00874	0.00989	0.01062	0.00613	0.00677	0.01098	0.01551	0.02109	0.19690	0.57573	0.05299	0.02088	0.00911	0.00279	0.00403	0.01887	0.00705	0.00613
37	0.01373	0.01292	0.02180	0.72707	0.05006	0.01615	0.02019	0.01857	0.01453	0.01857	0.01292	0.01938	0.00969	0.00727	0.00727	0.00242	0.00969	0.00646	0.00323	0.00807
38	0.16795	0.01267	0.01577	0.01233	0.01776	0.01168	0.01019	0.03293	0.01931	0.58515	0.02539	0.02245	0.01620	0.00860	0.00681	0.00225	0.00609	0.00671	0.00820	0.01157
39	0.01669	0.01973	0.13565	0.16183	0.47812	0.01701	0.02265	0.02176	0.01600	0.02271	0.01344	0.01782	0.01082	0.00669	0.00716	0.00223	0.00916	0.00630	0.00345	0.01078
40	0.02334	0.15104	0.14504	0.01782	0.02331	0.42554	0.01595	0.05300	0.04370	0.02019	0.01229	0.01396	0.00992	0.00732	0.00637	0.00193	0.01134	0.00488	0.00380	0.00926
41	0.01137	0.00826	0.01123	0.01272	0.01448	0.00812	0.01103	0.01455	0.01672	0.02152	0.04240	0.08066	0.11460	0.01989	0.00988	0.00325	0.00636	0.57967	0.00670	0.00663
42	0.00976	0.00736	0.00902	0.00871	0.01056	0.00662	0.00649	0.01265	0.01916	0.02604	0.49417	0.09318	0.23722	0.01622	0.00861	0.00237	0.00354	0.01412	0.00760	0.00662
43	0.01869	0.01215	0.01432	0.01287	0.01593	0.01253	0.00981	0.23366	0.04847	0.12259	0.03063	0.37477	0.03113	0.01573	0.00827	0.00258	0.00580	0.01367	0.00726	0.00915
44	0.01799	0.01727	0.02950	0.04462	0.69919	0.01727	0.02231	0.02231	0.01655	0.02375	0.01367	0.01799	0.01151	0.00648	0.00720	0.00216	0.00864	0.00648	0.00360	0.01151
45	0.00886	0.00633	0.00843	0.01012	0.01054	0.00590	0.00675	0.01012	0.01392	0.01856	0.04006	0.73979	0.04808	0.02277	0.00928	0.00295	0.00422	0.02066	0.00675	0.00590
46	0.02691	0.03266	0.02049	0.01845	0.02212	0.64799	0.01396	0.02882	0.02018	0.05247	0.01204	0.01382	0.00981	0.00781	0.00739	0.00195	0.04566	0.00489	0.00398	0.00860
47	0.01800	0.01855	0.05467	0.03990	0.58335	0.06020	0.02125	0.02226	0.01677	0.02321	0.01520	0.02198	0.01337	0.00749	0.00734	0.00223	0.00886	0.05060	0.00380	0.01096
48	0.00886	0.00633	0.00843	0.01012	0.01054	0.00590	0.00675	0.01012	0.01392	0.01856	0.04006	0.73979	0.04808	0.02277	0.00928	0.00295	0.00422	0.02066	0.00675	0.00590
49	0.01834	0.01794	0.02916	0.04362	0.67326	0.04403	0.02199	0.02257	0.01671	0.02352	0.01358	0.01780	0.01143	0.00652	0.00717	0.00215	0.00881	0.00641	0.00360	0.01140
50	0.00945	0.00714	0.00941	0.01130	0.04515	0.00663	0.00726	0.01105	0.01475	0.01952	0.08841	0.52879	0.14083	0.05166	0.01021	0.00297	0.00443	0.01822	0.00658	0.00622
51	0.01573	0.01290	0.01514	0.01085	0.01728	0.00973	0.00869	0.01894	0.01529	0.04912	0.01351	0.01543	0.01104	0.00552	0.00546	0.00112	0.00541	0.00442	0.00448	0.75995
52	0.00905	0.00647	0.00861	0.00999	0.01059	0.00603	0.00676	0.01060	0.01480	0.01997	0.12727	0.64857	0.05081	0.02172	0.00918	0.00286	0.00411	0.01966	0.00691	0.00603
53	0.01783	0.01703	0.02865	0.06980	0.64491	0.01726	0.02176	0.02286	0.04513	0.02383	0.01432	0.01844	0.01190	0.00665	0.00721	0.00218	0.00855	0.00655	0.00375	0.01138
54	0.01247	0.00631	0.00943	0.00950	0.00951	0.00630	0.00633	0.00950	0.00965	0.01287	0.01377	0.05195	0.01410	0.02515	0.02761	0.75584	0.00623	0.00691	0.00331	0.00327
55	0.01477	0.06589	0.68027	0.02039	0.03095	0.01735	0.02628	0.02297	0.01532	0.02278	0.01293	0.01520	0.00921	0.00688	0.00682	0.00227	0.01062	0.00531	0.00307	0.01069
56	0.01653	0.01705	0.02518	0.05649	0.02377	0.04801	0.12010	0.01988	0.04355	0.01907	0.01152	0.01707	0.01036	0.01107	0.01917	0.00294	0.51958	0.00674	0.00348	0.00843
57	0.01029	0.00743	0.00972	0.00914	0.01086	0.00686	0.00686	0.01372	0.02058	0.02915	0.69536	0.05430	0.06859	0.01486	0.00857	0.00229	0.00343	0.01315	0.00800	0.00686
58	0.02435	0.01473	0.06393	0.01331	0.01839	0.01320	0.01143	0.08493	0.17718	0.33961	0.02863	0.02657	0.05225	0.00945	0.00713	0.00225	0.00614	0.00768	0.08768	0.01116
59	0.01584	0.01508	0.02563	0.38813	0.37245	0.01671	0.02124	0.02043	0.01554	0.02114	0.01329	0.01869	0.01060	0.00687	0.00723	0.00229	0.00917	0.00647	0.00341	0.00978
60	0.00866	0.00737	0.00746	0.00744	0.00986	0.00617	0.00558	0.01057	0.01674	0.02004	0.10025	0.06929	0.66938	0.01826	0.00859	0.00245	0.00367	0.01525	0.00680	0.00617
61	0.03204	0.01250	0.01685	0.01301	0.01857	0.01098	0.01072	0.03555	0.04727	0.67743	0.02871	0.02484	0.01816	0.00903	0.00731	0.00226	0.00617	0.00735	0.00893	0.01234
62	0.79588	0.01406	0.01068	0.00956	0.01406	0.01631	0.00787	0.02137	0.01237	0.03261	0.01012	0.01181	0.00787	0.00675	0.00450	0.00225	0.00562	0.00394	0.00450	0.00787
63	0.01902	0.04826	0.07889	0.03809	0.53578	0.05339	0.02117	0.07422	0.01799	0.02488	0.01366	0.01726	0.01122	0.00673	0.00705	0.00213	0.00893	0.00621	0.00384	0.01128
64	0.62710	0.17380	0.01664	0.01018	0.01506	0.01901	0.00886	0.02145	0.01289	0.02924	0.01012	0.01178	0.00819	0.00663	0.00453	0.00210	0.00609	0.00393	0.00420	0.00819
65	0.01055	0.00770	0.00994	0.00933	0.01113	0.00723	0.00701	0.01455	0.04275	0.02919	0.67318	0.05339	0.06704	0.01469	0.00853	0.00229	0.00351	0.01298	0.00798	0.00701
66	0.03261	0.01237	0.01687	0.01293	0.01856	0.01068	0.01068	0.03543	0.02081	0.70423	0.02868	0.02474	0.01799	0.00900	0.00731	0.00225	0.00619	0.00731	0.00900	0.01237
67	0.01507	0.01292	0.01507	0.01077	0.01723	0.00969	0.00861	0.01830	0.01507	0.02369	0.01292	0.01507	0.01077	0.00538	0.00538	0.00108	0.00538	0.00431	0.00431	0.78898
68	0.79588	0.01406	0.01068	0.00956	0.01406	0.01631	0.00787	0.02137	0.01237	0.03261	0.01012	0.01181	0.00787	0.00675	0.00450	0.00225	0.00562	0.00394	0.00450	0.00787
69	0.01373	0.01292	0.02180	0.72707	0.05006	0.01615	0.02019	0.01857	0.01453	0.01857	0.01292	0.01938	0.00969	0.00727	0.00727	0.00242	0.00969	0.00646	0.00323	0.00807
70	0.00957	0.00684	0.00922	0.01073	0.01151	0.00650	0.00780	0.01144	0.01504	0.02007	0.09211	0.54729	0.04841	0.02158	0.00938	0.00298	0.00467	0.15188	0.00684	0.00615
71	0.01590	0.01590	0.02226	0.01908	0.01908	0.02226	0.01590	0.01749	0.01113	0.01749	0.00954	0.01590	0.00954	0.01272	0.02385	0.00318	0.73123	0.00636	0.00318	0.00795
72	0.01015	0.00742	0.00953	0.00900	0.01078	0.00680	0.00675	0.01345	0.02025	0.02838	0.64531	0.05556	0.11911	0.01515	0.00857	0.00230	0.00345	0.01332	0.00790	0.00680
73	0.03261	0.01237	0.01687	0.01293	0.01856	0.01068	0.01068	0.03543	0.02081	0.70423	0.02868	0.02474	0.01799	0.00900	0.00731	0.00225	0.00619	0.00731	0.00900	0.01237
74	0.01386	0.01318	0.02261	0.70037	0.04960	0.01624	0.04520	0.01875	0.01464	0.01875	0.01299	0.01939	0.00974	0.00722	0.00732	0.00242	0.00979	0.00654	0.00325	0.00814
75	0.03261	0.01237	0.01687	0.01293	0.01856	0.01068	0.01068	0.03543	0.02081	0.70423	0.02868	0.02474	0.01799	0.00900	0.00731	0.00225	0.00619	0.00731	0.00900	0.01237
76	0.01060	0.00757	0.01043	0.01211	0.01330	0.00741	0.00978	0.01313	0.01563	0.02051	0.03910	0.33869	0.04427	0.02113	0.00974	0.00319	0.00573	0.40458	0.00671	0.00639
77	0.00985	0.00709	0.00932	0.00944	0.01076	0.00657	0.00682	0.01262	0.01854	0.02591	0.49503	0.26386	0.06232	0.01728	0.00879	0.00249	0.00367	0.01544	0.00762	0.00657
78	0.01458	0.03760	0.70688	0.02072	0.03146	0.01688	0.02686	0.02302	0.01535	0.02302	0.01304	0.01535	0.00921	0.00691	0.00691	0.00230	0.01074	0.00537	0.00307	0.01074
79	0.06528	0.01244	0.01660	0.01279	0.01836	0.01092	0.01056	0.03482	0.02044	0.67549	0.02788	0.02419	0.01756	0.00890	0.00719	0.00225	0.00616	0.00717	0.00880	0.01218
80	0.79588	0.01406	0.01068	0.00956	0.01406	0.01631	0.00787	0.02137	0.01237	0.03261	0.01012	0.01181	0.00787	0.00675	0.00450	0.00225	0.00562	0.00394	0.00450	0.00787
81	0.01324	0.01159	0.01639	0.01487	0.01558	0.01521	0.01206	0.01542	0.01167	0.01789	0.01503	0.02241	0.01408	0.03131	0.33513	0.00692	0.35814	0.00704	0.05881	0.00721
82	0.01122	0.00764	0.01001	0.00930	0.01118	0.00702	0.00702	0.01462	0.02059	0.05723	0.66763	0.05307	0.06648	0.01462	0.00852	0.00228	0.00354	0.01290	0.00804	0.00709
83	0.01458	0.03760	0.70688	0.02072	0.03146	0.01688	0.02686	0.02302	0.01535	0.02302	0.01304	0.01535	0.00921	0.00691	0.00691	0.00230	0.01074	0.00537	0.00307	0.01074
84	0.02676	0.07074	0.02148	0.01841	0.02228	0.68066	0.01396	0.02866	0.02030	0.01776	0.01118	0.01304	0.00936	0.00743	0.00646	0.00186	0.01284	0.00464	0.00371	0.00847
85	0.00886	0.00633	0.00843	0.01012	0.01054	0.00590	0.00675	0.01012	0.01392	0.01856	0.04006	0.73979	0.04808	0.02277	0.00928	0.00295	0.00422	0.02066	0.00675	0.00590
86	0.01642	0.01567	0.02667	0.29569	0.46038	0.01686	0.02153	0.02093	0.01581	0.02184	0.01340	0.01850	0.01084	0.00677	0.00722	0.00226	0.00902	0.00647	0.00346	0.01025
87	0.01716	0.01961	0.04289	0.03064	0.03799	0.01838	0.67279	0.02328	0.01716	0.02328	0.01471	0.01961	0.01103	0.00613	0.00858	0.00245	0.01225	0.00858	0.00368	0.00980
88	0.03261	0.01237	0.01687	0.01293	0.01856	0.01068	0.01068	0.03543	0.02081	0.70423	0.02868	0.02474	0.01799	0.00900	0.00731	0.00225	0.00619	0.00731	0.00900	0.01237
89	0.01057	0.00705	0.00793	0.00793	0.00793	0.00705	0.00440	0.01057	0.01057	0.01409	0.02290	0.04757	0.02643	0.74454	0.03700	0.00705	0.00705	0.01057	0.00440	0.00440
90	0.02729	0.05283	0.01943	0.01451	0.01991	0.01695	0.01195	0.23993	0.16489	0.31702	0.02434	0.02225	0.01664	0.00895	0.00718	0.00224	0.00675	0.00708	0.00781	0.01203
91	0.01465	0.01386	0.02346	0.57991	0.19004	0.01639	0.02064	0.01938	0.01497	0.01969	0.01308	0.01908	0.01008	0.00710	0.00725	0.00237	0.00946	0.00646	0.00331	0.00882
92	0.01038	0.00779	0.01168	0.01168	0.01298	0.00909	0.00909	0.01298	0.01168	0.01687	0.01947	0.02856	0.01817	0.05452	0.71573	0.01168	0.01947	0.00779	0.00389	0.00649
93	0.00886	0.00633	0.00843	0.01012	0.01054	0.00590	0.00675	0.01012	0.01392	0.01856	0.04006	0.73979	0.04808	0.02277	0.00928	0.00295	0.00422	0.02066	0.00675	0.00590
94	0.01176	0.00951	0.01311	0.01235	0.01295	0.01164	0.00934	0.01335	0.01122	0.01620	0.01811	0.03113	0.01854	0.24752	0.35072	0.00829	0.18591	0.00827	0.00387	0.00623
95	0.01943	0.74891	0.03809	0.01244	0.01866	0.02876	0.01244	0.02177	0.01477	0.01710	0.01011	0.01166	0.00933	0.00622	0.00466	0.00155	0.00777	0.00389	0.00311	0.00933
96	0.76266	0.04550	0.01186	0.00968	0.01425	0.01684	0.00807	0.02138	0.01247	0.03195	0.01012	0.01180	0.00793	0.00673	0.00451	0.00222	0.00572	0.00393	0.00444	0.00793
97	0.79588	0.01406	0.01068	0.00956	0.01406	0.01631	0.00787	0.02137	0.01237	0.03261	0.01012	0.01181	0.00787	0.00675	0.00450	0.00225	0.00562	0.00394	0.00450	0.00787
98	0.01507	0.01292	0.01507	0.01077	0.01723	0.00969	0.00861	0.01830	0.01507	0.02369	0.01292	0.01507	0.01077	0.00538	0.00538	0.00108	0.00538	0.00431	0.00431	0.78898
99	0.03261	0.01237	0.01687	0.01293	0.01856	0.01068	0.01068	0.03543	0.02081	0.70423	0.02868	0.02474	0.01799	0.00900	0.00731	0.00225	0.00619	0.00731	0.00900	0.01237
100	0.01038	0.00779	0.01168	0.01168	0.01298	0.00909	0.00909	0.01298	0.01168	0.01687	0.01947	0.02856	0.01817	0.05452	0.71573	0.01168	0.01947	0.00779	0.00389	0.00649
101	0.02917	0.01789	0.02029	0.01555	0.02131	0.01887	0.01285	0.47716	0.03004	0.24945	0.02092	0.01971	0.01410	0.00881	0.00728	0.00220	0.00744	0.00678	0.00781	0.01236
102	0.01710	0.01496	0.01797	0.04628	0.12377	0.01677	0.01327	0.03269	0.48711	0.02794	0.02885	0.03073	0.04837	0.01025	0.00758	0.00247	0.00632	0.05014	0.00658	0.01085
103	0.79588	0.01406	0.01068	0.00956	0.01406	0.01631	0.00787	0.02137	0.01237	0.03261	0.01012	0.01181	0.00787	0.00675	0.00450	0.00225	0.00562	0.00394	0.00450	0.00787
104	0.02699	0.02004	0.02145	0.01659	0.02230	0.02224	0.01366	0.63187	0.07831	0.04477	0.01827	0.01811	0.01303	0.00880	0.00728	0.00220	0.00785	0.00666	0.00728	0.01230
105	0.01458	0.03760	0.70688	0.02072	0.03146	0.01688	0.02686	0.02302	0.01535	0.02302	0.01304	0.01535	0.00921	0.00691	0.00691	0.00230	0.01074	0.00537	0.00307	0.01074
106	0.01507	0.01292	0.01507	0.01077	0.01723	0.00969	0.00861	0.01830	0.01507	0.02369	0.01292	0.01507	0.01077	0.00538	0.00538	0.00108	0.00538	0.00431	0.00431	0.78898
107	0.01255	0.06853	0.01450	0.01315	0.04333	0.01025	0.02855	0.04753	0.01615	0.02198	0.06150	0.36006	0.03612	0.01672	0.00831	0.00258	0.00557	0.12362	0.03706	0.07197
108	0.02924	0.01308	0.01681	0.01318	0.01840	0.01220	0.01078	0.10292	0.07116	0.53034	0.08018	0.02646	0.02169	0.00949	0.00741	0.00226	0.00613	0.00776	0.00861	0.01187
109	0.01590	0.03576	0.65644	0.02015	0.03052	0.01643	0.02567	0.02393	0.01575	0.07281	0.01419	0.01603	0.00985	0.00706	0.00694	0.00230	0.01041	0.00551	0.00350	0.01086
110	0.01447	0.06584	0.62716	0.01952	0.02940	0.01666	0.02477	0.02228	0.01571	0.02322	0.06292	0.01804	0.01356	0.00746	0.00693	0.00227	0.01008	0.00588	0.00343	0.01040
111	0.03097	0.01274	0.01682	0.01314	0.01860	0.01152	0.01078	0.03579	0.09588	0.62819	0.02878	0.02501	0.01847	0.00909	0.00732	0.00227	0.00614	0.00741	0.00882	0.01227
112	0.00997	0.00742	0.00927	0.00881	0.01066	0.00672	0.00661	0.01310	0.01982	0.02735	0.57802	0.05725	0.18705	0.01553	0.00858	0.00232	0.00348	0.01356	0.00777	0.00672
113	0.01717	0.01822	0.03637	0.09333	0.27461	0.01780	0.38692	0.02255	0.01672	0.02306	0.01419	0.01901	0.01109	0.00635	0.00798	0.00234	0.01075	0.00765	0.00361	0.01027
114	0.00979	0.00692	0.00912	0.01053	0.01118	0.00666	0.00753	0.01134	0.01404	0.01859	0.03697	0.47677	0.04319	0.13670	0.01386	0.00369	0.00524	0.16565	0.00636	0.00585
115	0.00868	0.00737	0.00748	0.00745	0.00987	0.00617	0.00559	0.01060	0.01677	0.02012	0.10506	0.06916	0.66452	0.01823	0.00859	0.00245	0.00367	0.01523	0.00681	0.00617
116	0.01423	0.00887	0.01094	0.15250	0.01777	0.00983	0.00884	0.04365	0.01572	0.02580	0.02080	0.02477	0.01627	0.00838	0.00626	0.00191	0.02997	0.00669	0.56950	0.00730
117	0.01668	0.14137	0.33190	0.04946	0.18139	0.04160	0.04696	0.02235	0.01547	0.02159	0.01250	0.01564	0.00987	0.00708	0.00779	0.00221	0.05700	0.00559	0.00325	0.01031
118	0.01808	0.01561	0.01644	0.01479	0.01890	0.01808	0.01151	0.03863	0.68606	0.03041	0.02959	0.02712	0.02219	0.00986	0.00740	0.00247	0.00575	0.00822	0.00740	0.01151
119	0.79588	0.01406	0.01068	0.00956	0.01406	0.01631	0.00787	0.02137	0.01237	0.03261	0.01012	0.01181	0.00787	0.00675	0.00450	0.00225	0.00562	0.00394	0.00450	0.00787
