[name]
unknown

[dist]
# distance from previous block
# <min> <max>
1	39

[block]
# block no. 0 follows, 25 sequences, length 7
# corresponding to MSA columns:
# 48-54
name=unknown_A
#
# <colnr> <probs for GDERKNQSTAVLIFYWHMCP>
#	G	D	E	R	K	N	Q	S	T	A	V	L	I	F	Y	W	H	M	C	P
0	0.06030	0.02351	0.23537	0.04660	0.02809	0.04757	0.14484	0.02462	0.01794	0.13286	0.06047	0.10263	0.02035	0.01007	0.00805	0.00254	0.00949	0.00907	0.00534	0.01030
1	0.01522	0.15009	0.01868	0.01426	0.05056	0.04626	0.01043	0.01795	0.03774	0.04013	0.02798	0.32504	0.03076	0.05404	0.01025	0.00278	0.02832	0.03000	0.00570	0.08382
2	0.05807	0.16578	0.22723	0.08530	0.05713	0.09827	0.01823	0.02234	0.01679	0.02255	0.05752	0.07116	0.01748	0.01130	0.03707	0.00273	0.01002	0.00726	0.00416	0.00963
3	0.01766	0.01085	0.01336	0.01168	0.01507	0.01026	0.00903	0.06386	0.07449	0.16001	0.29639	0.11653	0.09271	0.01428	0.00855	0.00245	0.00501	0.01232	0.00815	0.05734
4	0.01239	0.00817	0.01002	0.00976	0.01196	0.00726	0.00723	0.01497	0.01914	0.08895	0.29120	0.19790	0.25565	0.01820	0.00918	0.00264	0.00420	0.01583	0.00794	0.00743
5	0.01895	0.02556	0.15706	0.10795	0.11800	0.11212	0.29806	0.02493	0.01805	0.02347	0.01449	0.01887	0.01106	0.00708	0.00818	0.00246	0.01211	0.00741	0.00375	0.01046
6	0.01896	0.01610	0.01777	0.12240	0.04764	0.10782	0.01406	0.08480	0.09716	0.06955	0.06787	0.08771	0.02847	0.01355	0.00867	0.00275	0.00823	0.17071	0.00643	0.00936

[dist]
# distance from previous block
# <min> <max>
0	2

[block]
# block no. 1 follows, 25 sequences, length 19
# corresponding to MSA columns:
# 57-75
name=unknown_B
#
# <colnr> <probs for GDERKNQSTAVLIFYWHMCP>
#	G	D	E	R	K	N	Q	S	T	A	V	L	I	F	Y	W	H	M	C	P
0	0.03065	0.01500	0.01942	0.01693	0.06715	0.01446	0.01276	0.10058	0.12641	0.46781	0.02838	0.02549	0.01880	0.00952	0.00780	0.00242	0.00691	0.00781	0.00872	0.01298
1	0.01565	0.01554	0.02982	0.31169	0.06185	0.01642	0.25840	0.02055	0.01675	0.02233	0.06264	0.05092	0.01719	0.00962	0.00980	0.04849	0.01042	0.00884	0.00414	0.00894
2	0.02254	0.04580	0.06024	0.01526	0.02011	0.06340	0.01279	0.10519	0.23847	0.15839	0.07131	0.02786	0.02265	0.04430	0.05360	0.00329	0.00830	0.00819	0.00714	0.01117
3	0.23468	0.01562	0.02177	0.09585	0.09243	0.01682	0.09431	0.04375	0.04147	0.14344	0.01868	0.02394	0.01469	0.00918	0.00853	0.00259	0.05676	0.04982	0.00555	0.01013
4	0.01106	0.00829	0.01035	0.01017	0.01210	0.00780	0.00767	0.01514	0.05223	0.02805	0.45305	0.12835	0.15365	0.01734	0.00926	0.00262	0.00412	0.05332	0.00809	0.00734
5	0.01229	0.00905	0.01168	0.04906	0.01497	0.00905	0.00880	0.07942	0.01932	0.02631	0.23382	0.40593	0.05184	0.01923	0.00933	0.00281	0.00498	0.01718	0.00747	0.00746
6	0.01827	0.02515	0.22327	0.02444	0.04963	0.03847	0.25616	0.10847	0.02054	0.02830	0.08420	0.04946	0.01916	0.00884	0.00836	0.00250	0.01061	0.00866	0.00485	0.01064
7	0.06290	0.08779	0.01993	0.01367	0.01936	0.01491	0.01147	0.11480	0.02283	0.44380	0.06005	0.02689	0.04692	0.00988	0.00750	0.00232	0.00674	0.00782	0.00835	0.01208
8	0.07656	0.01271	0.01828	0.20772	0.09123	0.01457	0.01567	0.01938	0.04167	0.02366	0.06075	0.04483	0.04935	0.01351	0.01039	0.00293	0.08034	0.20266	0.00534	0.00847
9	0.02301	0.06399	0.02576	0.05889	0.27803	0.16461	0.01779	0.05149	0.12735	0.08620	0.01821	0.02000	0.01413	0.00810	0.00742	0.00228	0.00945	0.00673	0.00517	0.01139
10	0.06037	0.01080	0.04857	0.05024	0.01516	0.01012	0.00935	0.06788	0.01350	0.01914	0.01600	0.05045	0.01567	0.09399	0.02453	0.46975	0.00730	0.00759	0.00411	0.00549
11	0.01969	0.00986	0.01283	0.01140	0.01457	0.00887	0.00889	0.02236	0.01955	0.26827	0.19737	0.08331	0.11254	0.09715	0.01235	0.00318	0.00562	0.07504	0.00812	0.00903
12	0.17028	0.04437	0.06995	0.09634	0.14569	0.01890	0.17795	0.08912	0.01882	0.07409	0.01538	0.01851	0.01152	0.00741	0.00740	0.00243	0.00953	0.00684	0.00475	0.01070
13	0.25216	0.01844	0.01632	0.01406	0.01847	0.12393	0.01110	0.17849	0.02200	0.10315	0.05865	0.11030	0.02038	0.01082	0.00711	0.00242	0.00762	0.00829	0.00644	0.00984
14	0.01935	0.08897	0.06034	0.01458	0.01886	0.01605	0.01252	0.19402	0.06836	0.07547	0.04897	0.19701	0.04700	0.01457	0.00842	0.00266	0.00698	0.08900	0.00695	0.00993
15	0.09701	0.01485	0.06046	0.01875	0.09196	0.03716	0.07813	0.02108	0.01735	0.11776	0.03137	0.19649	0.07667	0.01428	0.00853	0.00275	0.00744	0.09261	0.00621	0.00914
16	0.10689	0.07382	0.02100	0.13648	0.09706	0.08756	0.01435	0.08572	0.11605	0.04585	0.07449	0.02455	0.01933	0.05394	0.00924	0.00267	0.00827	0.00738	0.00546	0.00990
17	0.10473	0.01141	0.04098	0.07690	0.05885	0.01104	0.01096	0.01609	0.03468	0.02387	0.10707	0.31151	0.10256	0.01670	0.00921	0.00278	0.03224	0.01444	0.00622	0.00775
18	0.05500	0.18127	0.12131	0.05700	0.06330	0.02107	0.06176	0.02216	0.05564	0.02203	0.01599	0.07251	0.01462	0.01188	0.03644	0.00292	0.16392	0.00746	0.00410	0.00962

[dist]
# distance from previous block
# <min> <max>
3	12

[block]
# block no. 2 follows, 25 sequences, length 27
# corresponding to MSA columns:
# 88-114
name=unknown_C
#
# <colnr> <probs for GDERKNQSTAVLIFYWHMCP>
#	G	D	E	R	K	N	Q	S	T	A	V	L	I	F	Y	W	H	M	C	P
0	0.16494	0.02230	0.06791	0.09301	0.05071	0.17852	0.04028	0.11014	0.01971	0.02734	0.01767	0.02342	0.03457	0.01157	0.03885	0.00289	0.03432	0.04754	0.00484	0.00947
1	0.01869	0.05934	0.01834	0.06075	0.02008	0.08983	0.01225	0.09655	0.06900	0.07112	0.02420	0.06100	0.06182	0.05032	0.18779	0.00525	0.07055	0.00862	0.00546	0.00905
2	0.06465	0.06385	0.06652	0.01509	0.01840	0.01742	0.01292	0.11375	0.05481	0.05308	0.04386	0.05587	0.03806	0.09531	0.09640	0.00436	0.16280	0.00841	0.00532	0.00911
3	0.28802	0.06889	0.01703	0.01412	0.03706	0.12495	0.01086	0.08210	0.01878	0.07167	0.08983	0.08412	0.02138	0.01159	0.02655	0.00263	0.00784	0.00771	0.00573	0.00913
4	0.04330	0.01132	0.03875	0.05796	0.01844	0.01037	0.05605	0.03565	0.01803	0.08416	0.16861	0.20139	0.06540	0.07756	0.01163	0.00318	0.00644	0.07698	0.00678	0.00800
5	0.16706	0.01449	0.01712	0.01343	0.01910	0.01398	0.01104	0.11709	0.02223	0.42421	0.05122	0.02368	0.01831	0.00921	0.00721	0.00233	0.00659	0.00715	0.00821	0.04632
6	0.05592	0.00876	0.01069	0.01144	0.01273	0.00889	0.00805	0.07177	0.01645	0.02305	0.03631	0.53828	0.04201	0.05357	0.05994	0.00388	0.00626	0.01818	0.00679	0.00704
7	0.04993	0.06435	0.02177	0.18332	0.02872	0.06824	0.01486	0.29121	0.02535	0.05544	0.02405	0.02540	0.09456	0.00988	0.00759	0.00236	0.00861	0.00773	0.00604	0.01057
8	0.01879	0.47316	0.28266	0.01657	0.02501	0.02594	0.01902	0.02372	0.01598	0.02060	0.01195	0.01391	0.00990	0.00691	0.00587	0.00196	0.00948	0.00474	0.00330	0.01051
9	0.01445	0.00723	0.00723	0.00723	0.00903	0.00723	0.00542	0.01807	0.01626	0.02891	0.02529	0.02891	0.01987	0.00903	0.00542	0.00181	0.00361	0.00723	0.77055	0.00723
10	0.02042	0.01604	0.12177	0.01360	0.01870	0.01192	0.01258	0.09038	0.02233	0.22043	0.26605	0.03931	0.08873	0.01229	0.00832	0.00243	0.00629	0.01033	0.00781	0.01024
11	0.01862	0.01805	0.03142	0.12107	0.56962	0.01836	0.06196	0.02341	0.01745	0.02468	0.01456	0.01946	0.01203	0.00698	0.00777	0.00235	0.00957	0.00704	0.00380	0.01176
12	0.00993	0.00740	0.00995	0.01141	0.01183	0.00742	0.00783	0.01130	0.01465	0.01972	0.04064	0.67705	0.04864	0.02360	0.01090	0.00316	0.05011	0.02106	0.00695	0.00644
13	0.01108	0.00831	0.01246	0.01246	0.01385	0.00969	0.00969	0.01385	0.01246	0.01800	0.02077	0.03046	0.01938	0.05815	0.69678	0.01246	0.02077	0.00831	0.00415	0.00692
14	0.07926	0.20180	0.33166	0.06417	0.02865	0.06691	0.02074	0.07860	0.01803	0.02525	0.01318	0.01544	0.01008	0.00741	0.00662	0.00223	0.01010	0.00536	0.00385	0.01065
15	0.01782	0.24228	0.43120	0.01896	0.02820	0.06648	0.02253	0.02427	0.01674	0.02254	0.03417	0.01639	0.01191	0.00747	0.00670	0.00219	0.01044	0.00548	0.00350	0.01072
16	0.05819	0.01939	0.02081	0.01664	0.02228	0.02147	0.01354	0.41241	0.20465	0.09451	0.02275	0.02178	0.01631	0.00957	0.00767	0.00242	0.00762	0.00741	0.00782	0.01274
17	0.01673	0.03846	0.64633	0.02159	0.03272	0.01760	0.02759	0.02537	0.01673	0.06499	0.01494	0.01698	0.01040	0.00750	0.00739	0.00245	0.01116	0.00586	0.00366	0.01157
18	0.02186	0.01361	0.01622	0.01277	0.01765	0.01272	0.01006	0.15100	0.02053	0.17361	0.02065	0.02477	0.01646	0.09762	0.05791	0.03582	0.00768	0.00702	0.03601	0.24604
19	0.01429	0.01331	0.02230	0.66213	0.05058	0.01649	0.02057	0.01921	0.01546	0.01981	0.01572	0.06766	0.01308	0.00886	0.00790	0.00262	0.00995	0.00791	0.00370	0.00846
20	0.00945	0.00675	0.00900	0.01080	0.01125	0.00630	0.00720	0.01080	0.01484	0.01979	0.04274	0.72245	0.05128	0.02429	0.00990	0.00315	0.00450	0.02204	0.00720	0.00630
21	0.07845	0.01649	0.01924	0.04148	0.02205	0.01728	0.01315	0.29126	0.04981	0.24195	0.02499	0.02989	0.01903	0.01079	0.00795	0.00253	0.00756	0.08631	0.00790	0.01189
22	0.04844	0.01578	0.02573	0.20893	0.14961	0.03535	0.13235	0.02043	0.01639	0.02296	0.07830	0.04466	0.01917	0.05743	0.01212	0.00294	0.08739	0.00852	0.00434	0.00915
23	0.01124	0.00808	0.01048	0.01180	0.01283	0.00788	0.00851	0.05431	0.01674	0.02225	0.04087	0.57856	0.04773	0.02286	0.00988	0.00316	0.00517	0.11354	0.00723	0.00688
24	0.01160	0.00776	0.01032	0.01074	0.01219	0.00721	0.00787	0.01424	0.01865	0.05718	0.32792	0.33867	0.05911	0.01954	0.00952	0.00282	0.00443	0.06516	0.00791	0.00716
25	0.02145	0.06305	0.01926	0.01445	0.01866	0.01751	0.01178	0.31067	0.02745	0.06673	0.24103	0.06102	0.03494	0.01218	0.00898	0.00241	0.04056	0.00983	0.00757	0.01047
26	0.19242	0.04103	0.02122	0.08252	0.04547	0.13293	0.06300	0.13401	0.02057	0.11436	0.01668	0.02002	0.01293	0.05969	0.00928	0.00269	0.00911	0.00652	0.00552	0.01003

[dist]
# distance from previous block
# <min> <max>
1	7

[block]
# block no. 3 follows, 25 sequences, length 31
# corresponding to MSA columns:
# 122-152
name=unknown_D
#
# <colnr> <probs for GDERKNQSTAVLIFYWHMCP>
#	G	D	E	R	K	N	Q	S	T	A	V	L	I	F	Y	W	H	M	C	P
0	0.05710	0.12840	0.05287	0.01638	0.02103	0.22134	0.01369	0.12525	0.09195	0.02587	0.01676	0.01939	0.01375	0.01796	0.14085	0.00414	0.01225	0.00624	0.00495	0.00984
1	0.01217	0.01070	0.04415	0.05261	0.01655	0.01115	0.01070	0.01569	0.04366	0.01854	0.02083	0.03257	0.01996	0.18000	0.43467	0.00960	0.04637	0.00865	0.00432	0.00712
2	0.02394	0.02035	0.02006	0.01692	0.02194	0.08154	0.01343	0.26770	0.37410	0.03734	0.02500	0.02376	0.01855	0.00984	0.00776	0.00246	0.00773	0.00777	0.00749	0.01232
3	0.11322	0.03397	0.01841	0.05286	0.04534	0.06179	0.03452	0.02031	0.01685	0.06191	0.17329	0.06112	0.02814	0.01196	0.01206	0.00263	0.18469	0.00890	0.04946	0.00858
4	0.01880	0.46519	0.26085	0.01659	0.02459	0.02605	0.01868	0.02348	0.01580	0.02042	0.01182	0.01397	0.00992	0.00718	0.00667	0.00200	0.03948	0.00480	0.00331	0.01040
5	0.02073	0.73217	0.04063	0.01327	0.01990	0.03068	0.01327	0.02322	0.01575	0.01824	0.01078	0.01244	0.00995	0.00663	0.00498	0.00166	0.00829	0.00415	0.00332	0.00995
6	0.07064	0.01298	0.01643	0.01320	0.01827	0.01216	0.01071	0.05464	0.07958	0.45321	0.14232	0.03111	0.02826	0.01063	0.00787	0.00242	0.00607	0.00875	0.00893	0.01181
7	0.01269	0.01114	0.01782	0.35505	0.03329	0.01248	0.04201	0.01667	0.01699	0.02246	0.16219	0.16444	0.07536	0.01330	0.00860	0.00266	0.00753	0.01197	0.00549	0.00785
8	0.01981	0.01560	0.01706	0.01547	0.01972	0.01761	0.01223	0.03837	0.54875	0.08272	0.03245	0.03469	0.02545	0.01156	0.00817	0.00271	0.00627	0.07160	0.00795	0.01182
9	0.01347	0.00673	0.01010	0.01010	0.01010	0.00673	0.00673	0.01010	0.01010	0.01347	0.01347	0.02357	0.01347	0.02694	0.03030	0.77441	0.00673	0.00673	0.00337	0.00337
10	0.00956	0.00696	0.00902	0.01043	0.01121	0.00641	0.00709	0.01118	0.01576	0.02094	0.10409	0.60129	0.11131	0.02308	0.00976	0.00303	0.00437	0.02078	0.00732	0.00641
11	0.02947	0.02172	0.02327	0.01784	0.02404	0.02404	0.01474	0.65329	0.03646	0.04887	0.01862	0.01862	0.01319	0.00931	0.00776	0.00233	0.00853	0.00698	0.00776	0.01319
12	0.37636	0.01451	0.01528	0.01238	0.01784	0.01487	0.01022	0.06628	0.01890	0.35085	0.02085	0.01963	0.01391	0.00848	0.00642	0.00240	0.00643	0.00610	0.00730	0.01100
13	0.02069	0.01000	0.01340	0.01152	0.01495	0.00892	0.00899	0.02388	0.02143	0.30039	0.35349	0.10267	0.04893	0.01400	0.00865	0.00248	0.00495	0.01214	0.00886	0.00966
14	0.01240	0.00803	0.01066	0.01160	0.01302	0.00743	0.00848	0.01433	0.01587	0.07268	0.03924	0.48580	0.04457	0.05423	0.01105	0.00327	0.00535	0.13130	0.00714	0.04354
15	0.03166	0.01447	0.01833	0.01446	0.02019	0.01377	0.01181	0.08673	0.13590	0.52039	0.02982	0.02622	0.01951	0.00974	0.00781	0.00243	0.00667	0.00790	0.00915	0.01303
16	0.02913	0.03199	0.02240	0.01928	0.02399	0.47714	0.01490	0.23389	0.02670	0.02872	0.01415	0.01549	0.01103	0.00842	0.00724	0.00210	0.01221	0.00564	0.00522	0.01036
17	0.01703	0.01715	0.02479	0.02094	0.02131	0.02355	0.04691	0.01895	0.01218	0.01895	0.01044	0.01715	0.01025	0.01324	0.02468	0.00336	0.68024	0.00690	0.00342	0.00858
18	0.01540	0.01459	0.02342	0.54539	0.07363	0.01835	0.02052	0.02080	0.04509	0.02046	0.01410	0.02043	0.01101	0.00872	0.01041	0.00270	0.11547	0.00696	0.00366	0.00892
19	0.02291	0.01846	0.01957	0.01651	0.02154	0.02098	0.01315	0.25891	0.44152	0.03828	0.02695	0.02526	0.01994	0.01009	0.00784	0.00252	0.00699	0.00813	0.00784	0.01260
20	0.01445	0.00723	0.00723	0.00723	0.00903	0.00723	0.00542	0.01807	0.01626	0.02891	0.02529	0.02891	0.01987	0.00903	0.00542	0.00181	0.00361	0.00723	0.77055	0.00723
21	0.01060	0.00760	0.00992	0.01139	0.01221	0.00732	0.00796	0.04058	0.01607	0.02139	0.04150	0.64040	0.04902	0.02338	0.00986	0.00314	0.00489	0.06887	0.00722	0.00668
22	0.02032	0.61225	0.09924	0.01438	0.02117	0.05952	0.01467	0.02340	0.01599	0.01886	0.01145	0.01346	0.01024	0.00842	0.02751	0.00210	0.00925	0.00447	0.00337	0.00995
23	0.72314	0.01552	0.01233	0.01080	0.01571	0.01792	0.00890	0.07232	0.01502	0.03589	0.01141	0.01307	0.00877	0.00736	0.00503	0.00239	0.00620	0.00442	0.00503	0.00877
24	0.00953	0.00681	0.00907	0.01074	0.01126	0.00635	0.00720	0.01100	0.01522	0.02039	0.07634	0.68713	0.05244	0.02384	0.00986	0.00311	0.00445	0.02162	0.00727	0.00635
25	0.09016	0.10174	0.26116	0.05172	0.09036	0.07374	0.07859	0.05104	0.01797	0.04525	0.03652	0.01977	0.03315	0.00801	0.00720	0.00233	0.00996	0.00654	0.00427	0.01052
26	0.06012	0.03491	0.52302	0.02349	0.03385	0.01828	0.14921	0.02451	0.01657	0.02520	0.01408	0.01704	0.01012	0.00719	0.00757	0.00248	0.01146	0.00631	0.00349	0.01109
27	0.01867	0.02024	0.09928	0.07167	0.46679	0.01810	0.06157	0.05973	0.01879	0.02664	0.05154	0.02119	0.01534	0.00761	0.00782	0.00236	0.00939	0.00732	0.00425	0.01168
28	0.56419	0.08774	0.01654	0.11550	0.02156	0.01894	0.01108	0.04402	0.01460	0.03135	0.01151	0.01400	0.00901	0.00730	0.00536	0.00235	0.00697	0.00469	0.00455	0.00875
29	0.01412	0.01135	0.01687	0.01508	0.01729	0.03436	0.10505	0.01665	0.01559	0.05726	0.05932	0.21453	0.03240	0.15126	0.10427	0.00500	0.03974	0.07666	0.00577	0.00742
30	0.19468	0.08638	0.01644	0.01208	0.01618	0.04619	0.00974	0.05269	0.01899	0.18491	0.15700	0.09501	0.02966	0.03729	0.00841	0.00257	0.00630	0.00922	0.00689	0.00939

[dist]
# distance from previous block
# <min> <max>
3	8

[block]
# block no. 4 follows, 25 sequences, length 23
# corresponding to MSA columns:
# 161-183
name=unknown_E
#
# <colnr> <probs for GDERKNQSTAVLIFYWHMCP>
#	G	D	E	R	K	N	Q	S	T	A	V	L	I	F	Y	W	H	M	C	P
0	0.10555	0.01581	0.12927	0.06011	0.02138	0.01209	0.05334	0.01993	0.01778	0.08900	0.17702	0.15426	0.03551	0.01358	0.00837	0.00267	0.00700	0.06219	0.00633	0.00880
1	0.16839	0.06208	0.01882	0.01450	0.01864	0.01693	0.01208	0.04945	0.07594	0.24814	0.02149	0.02424	0.01634	0.01315	0.05113	0.00320	0.13272	0.03576	0.00652	0.01050
2	0.01819	0.01833	0.04992	0.21372	0.07264	0.03881	0.12994	0.09312	0.04020	0.02513	0.04538	0.02122	0.01435	0.00948	0.01212	0.00270	0.17292	0.00758	0.00443	0.00981
3	0.02896	0.03695	0.02197	0.01998	0.02397	0.69638	0.01498	0.03096	0.02197	0.01898	0.01199	0.01398	0.00999	0.00799	0.00699	0.00200	0.01398	0.00499	0.00400	0.00899
4	0.00984	0.00709	0.00935	0.01073	0.01155	0.00661	0.00747	0.01167	0.01616	0.02168	0.13575	0.56349	0.07862	0.02272	0.00981	0.00305	0.00451	0.05601	0.00739	0.00650
5	0.02048	0.01725	0.01821	0.01602	0.02062	0.01985	0.01256	0.11324	0.59114	0.03437	0.03003	0.02771	0.02243	0.01038	0.00787	0.00259	0.00642	0.00856	0.00787	0.01238
6	0.01406	0.01047	0.01328	0.08522	0.01784	0.01105	0.01016	0.09695	0.04192	0.02516	0.12707	0.17927	0.03809	0.17746	0.01603	0.00391	0.00667	0.11129	0.00653	0.00757
7	0.01349	0.00947	0.01186	0.01179	0.01349	0.00948	0.00869	0.11014	0.01958	0.02655	0.18846	0.34051	0.04645	0.02004	0.01151	0.08112	0.00532	0.05749	0.00721	0.00736
8	0.00949	0.00704	0.00886	0.01014	0.01111	0.00641	0.00694	0.01110	0.01586	0.02073	0.08971	0.55134	0.17729	0.02283	0.00970	0.00300	0.00433	0.02040	0.00728	0.00641
9	0.12217	0.01901	0.02453	0.13794	0.18301	0.05925	0.05480	0.17022	0.06520	0.03088	0.01573	0.01878	0.01216	0.00826	0.00829	0.00245	0.04465	0.00671	0.00508	0.01088
10	0.07105	0.18917	0.25751	0.02277	0.09183	0.02101	0.11692	0.02465	0.01659	0.06522	0.01420	0.01684	0.01090	0.00745	0.00782	0.00232	0.04293	0.00608	0.00395	0.01080
11	0.03405	0.01438	0.01873	0.01436	0.02038	0.01316	0.01186	0.12343	0.02418	0.59606	0.02892	0.02531	0.01836	0.00956	0.00779	0.00239	0.00687	0.00768	0.00934	0.01319
12	0.00960	0.00686	0.00917	0.01097	0.01149	0.00643	0.00746	0.01106	0.01499	0.01996	0.04265	0.69084	0.05095	0.02415	0.00994	0.00317	0.00463	0.05215	0.00719	0.00634
13	0.02648	0.01182	0.01565	0.01270	0.01681	0.01102	0.01003	0.02885	0.01932	0.44309	0.06900	0.03493	0.06689	0.13290	0.01455	0.00335	0.05458	0.00925	0.00812	0.01064
14	0.01221	0.01033	0.01133	0.01177	0.01245	0.06306	0.00812	0.01347	0.01477	0.01925	0.07449	0.40101	0.04029	0.18663	0.01797	0.00406	0.07004	0.01625	0.00610	0.00640
15	0.01150	0.00904	0.01440	0.01364	0.01540	0.01027	0.04702	0.01449	0.01280	0.01840	0.02047	0.02990	0.01894	0.05515	0.65676	0.01189	0.02032	0.00836	0.00414	0.00713
16	0.23670	0.06664	0.05405	0.06439	0.11511	0.01913	0.01461	0.13036	0.09812	0.10354	0.01764	0.01870	0.01306	0.00817	0.00672	0.00237	0.00766	0.00623	0.00578	0.01100
17	0.01905	0.01739	0.03085	0.11656	0.33508	0.01754	0.16440	0.02502	0.05622	0.06805	0.01846	0.02511	0.01510	0.00823	0.00823	0.00251	0.00974	0.04664	0.00464	0.01117
18	0.15727	0.01811	0.04892	0.01869	0.10052	0.10076	0.01342	0.08529	0.04341	0.02668	0.02359	0.14109	0.06368	0.01420	0.03911	0.00302	0.07825	0.00947	0.00533	0.00920
19	0.06717	0.06238	0.02361	0.27481	0.16124	0.01809	0.01773	0.08078	0.07063	0.07120	0.04138	0.02385	0.01595	0.00873	0.00754	0.00245	0.00860	0.02843	0.00508	0.01033
20	0.21145	0.01803	0.04712	0.04531	0.09184	0.06172	0.01362	0.11323	0.10075	0.07662	0.10094	0.02361	0.02066	0.00944	0.00775	0.00243	0.03181	0.00726	0.00607	0.01034
21	0.01567	0.01772	0.08237	0.06220	0.05919	0.08556	0.01403	0.02085	0.08112	0.02333	0.10541	0.05861	0.16043	0.01287	0.01115	0.00259	0.12953	0.00997	0.00549	0.04196
22	0.17888	0.04785	0.10305	0.15917	0.05011	0.01571	0.01513	0.04425	0.03787	0.11137	0.02437	0.05481	0.07538	0.01031	0.00733	0.00252	0.00779	0.03900	0.00547	0.00963

[dist]
# distance from previous block
# <min> <max>
9	47

[block]
# block no. 5 follows, 25 sequences, length 38
# corresponding to MSA columns:
# 231-268
name=unknown_F
#
# <colnr> <probs for GDERKNQSTAVLIFYWHMCP>
#	G	D	E	R	K	N	Q	S	T	A	V	L	I	F	Y	W	H	M	C	P
0	0.09556	0.06347	0.15075	0.05197	0.06628	0.27573	0.01771	0.14079	0.02185	0.02736	0.01363	0.01571	0.01054	0.00789	0.00698	0.00221	0.01103	0.00559	0.00455	0.01040
1	0.05338	0.02340	0.16761	0.02729	0.11538	0.05637	0.27494	0.02334	0.01744	0.02471	0.03516	0.05223	0.01500	0.00965	0.03127	0.00278	0.01121	0.00817	0.00415	0.04653
2	0.21438	0.04609	0.01883	0.05532	0.02185	0.24472	0.01262	0.11497	0.02127	0.09484	0.07065	0.01959	0.01633	0.00875	0.00679	0.00224	0.00922	0.00620	0.00562	0.00972
3	0.41146	0.07314	0.11979	0.05915	0.06406	0.04321	0.01450	0.08642	0.01693	0.03133	0.01252	0.01473	0.00963	0.00744	0.00594	0.00234	0.00801	0.00507	0.00458	0.00974
4	0.60938	0.01557	0.04442	0.03174	0.04691	0.01637	0.01023	0.02179	0.01428	0.03248	0.04583	0.01898	0.05025	0.00833	0.00559	0.00242	0.00630	0.00563	0.00496	0.00857
5	0.01182	0.00975	0.01089	0.01197	0.01353	0.04755	0.00901	0.01499	0.05263	0.02147	0.04576	0.38275	0.14743	0.02113	0.00970	0.00307	0.00569	0.16681	0.00704	0.00703
6	0.00945	0.00675	0.00900	0.01080	0.01125	0.00630	0.00720	0.01080	0.01484	0.01979	0.04274	0.72245	0.05128	0.02429	0.00990	0.00315	0.00450	0.02204	0.00720	0.00630
7	0.02326	0.01716	0.13240	0.01450	0.02031	0.01264	0.01350	0.03002	0.10772	0.30950	0.17418	0.03182	0.03020	0.01062	0.00797	0.00240	0.00668	0.00888	0.00785	0.03838
8	0.02824	0.02228	0.05365	0.01792	0.02426	0.02349	0.01524	0.58886	0.07183	0.04679	0.01915	0.01911	0.01364	0.00929	0.00775	0.00235	0.00853	0.00703	0.00756	0.01305
9	0.01516	0.00804	0.01133	0.01126	0.01143	0.00779	0.00749	0.01142	0.01123	0.01516	0.01512	0.02566	0.01498	0.02750	0.03035	0.75325	0.00728	0.00724	0.00396	0.00435
10	0.02807	0.08223	0.02421	0.02008	0.05446	0.39577	0.01519	0.23352	0.02605	0.02899	0.01419	0.01563	0.01114	0.00827	0.00713	0.00209	0.01156	0.00567	0.00517	0.01059
11	0.02154	0.01549	0.08322	0.01324	0.01962	0.01104	0.01166	0.02517	0.01801	0.24312	0.02238	0.09307	0.01802	0.00911	0.00702	0.00190	0.00647	0.00759	0.00639	0.36594
12	0.05037	0.01493	0.04128	0.01565	0.05004	0.01382	0.01234	0.03517	0.18630	0.39343	0.04932	0.02912	0.05219	0.01021	0.00781	0.00247	0.00654	0.00841	0.00838	0.01223
13	0.05186	0.01921	0.01905	0.06916	0.02339	0.08904	0.01341	0.15957	0.37890	0.03314	0.02615	0.02538	0.03753	0.00994	0.00768	0.00249	0.00767	0.00792	0.00698	0.01152
14	0.02674	0.02083	0.02140	0.01702	0.02229	0.07127	0.01378	0.51331	0.03180	0.04199	0.01862	0.02097	0.01428	0.04783	0.07821	0.00356	0.01011	0.00717	0.00698	0.01185
15	0.01865	0.01997	0.06428	0.19428	0.43264	0.06803	0.04399	0.02349	0.01744	0.02355	0.01421	0.01905	0.01152	0.00719	0.00768	0.00236	0.01007	0.00678	0.00373	0.01110
16	0.03172	0.01329	0.01768	0.01342	0.01956	0.01122	0.01103	0.03479	0.02119	0.57651	0.02784	0.02470	0.01793	0.00897	0.00746	0.00219	0.00646	0.00727	0.00878	0.13799
17	0.02045	0.67958	0.03939	0.01379	0.01993	0.03017	0.01354	0.02288	0.01547	0.01827	0.01074	0.01277	0.00997	0.00714	0.00648	0.00179	0.06014	0.00434	0.00332	0.00984
18	0.01064	0.00761	0.00856	0.00864	0.00941	0.00734	0.00541	0.01136	0.01314	0.01693	0.03885	0.08717	0.19357	0.47577	0.06833	0.00635	0.00723	0.01290	0.00542	0.00537
19	0.01242	0.00944	0.01161	0.01080	0.01307	0.00940	0.00818	0.01925	0.13368	0.03133	0.56327	0.05288	0.06456	0.01493	0.00893	0.00247	0.00409	0.01311	0.00842	0.00818
20	0.01097	0.00793	0.01036	0.00975	0.01158	0.00732	0.00732	0.01463	0.02195	0.03109	0.67505	0.05792	0.07316	0.01585	0.00914	0.00244	0.00366	0.01402	0.00854	0.00732
21	0.03454	0.01359	0.01824	0.01398	0.01999	0.01197	0.01155	0.06595	0.02284	0.65543	0.03004	0.02604	0.01892	0.00958	0.00780	0.00240	0.00669	0.00776	0.00951	0.01319
22	0.01834	0.01920	0.03339	0.07633	0.25559	0.05615	0.25594	0.02361	0.03540	0.02380	0.01674	0.06451	0.01448	0.00858	0.00965	0.00256	0.06239	0.00865	0.00415	0.01053
23	0.02073	0.73217	0.04063	0.01327	0.01990	0.03068	0.01327	0.02322	0.01575	0.01824	0.01078	0.01244	0.00995	0.00663	0.00498	0.00166	0.00829	0.00415	0.00332	0.00995
24	0.78228	0.01499	0.01140	0.01020	0.01499	0.01739	0.00840	0.02279	0.01320	0.03479	0.01080	0.01260	0.00840	0.00720	0.00480	0.00240	0.00600	0.00420	0.00480	0.00840
25	0.02947	0.02172	0.02327	0.01784	0.02404	0.02404	0.01474	0.65329	0.03646	0.04887	0.01862	0.01862	0.01319	0.00931	0.00776	0.00233	0.00853	0.00698	0.00776	0.01319
26	0.67425	0.01473	0.01235	0.01072	0.01569	0.01653	0.00883	0.02496	0.01450	0.12869	0.01366	0.01459	0.00996	0.00754	0.00523	0.00240	0.00608	0.00472	0.00549	0.00909
27	0.02248	0.02336	0.01900	0.01717	0.02142	0.24293	0.01317	0.03782	0.45270	0.02799	0.02509	0.02399	0.01915	0.00968	0.00759	0.00242	0.00873	0.00752	0.00660	0.01119
28	0.01458	0.01346	0.01918	0.01716	0.01772	0.01806	0.01402	0.01671	0.01211	0.01839	0.01447	0.02243	0.01391	0.03162	0.29732	0.00707	0.43285	0.00740	0.00370	0.00785
29	0.01679	0.01565	0.02533	0.34880	0.28956	0.01752	0.02101	0.02342	0.08474	0.02342	0.01722	0.02406	0.01407	0.00835	0.00787	0.00253	0.00931	0.03577	0.00423	0.01034
30	0.01985	0.01683	0.01857	0.01766	0.05697	0.01916	0.01314	0.09245	0.54359	0.03304	0.02993	0.03026	0.02311	0.01073	0.00800	0.00263	0.00656	0.03779	0.00762	0.01211
31	0.00925	0.00786	0.00797	0.00795	0.01053	0.00658	0.00596	0.01129	0.01788	0.02143	0.10699	0.07382	0.64725	0.01946	0.00916	0.00261	0.00391	0.01625	0.00726	0.00658
32	0.02646	0.03198	0.02582	0.02528	0.12328	0.50093	0.08000	0.05391	0.02153	0.02169	0.01301	0.01564	0.01063	0.00774	0.00734	0.00212	0.01296	0.00577	0.00411	0.00979
33	0.01971	0.20282	0.30840	0.05993	0.03042	0.02091	0.10282	0.05482	0.01794	0.09002	0.01526	0.01735	0.01123	0.00742	0.00709	0.00228	0.01020	0.00612	0.00422	0.01105
34	0.03346	0.01290	0.01757	0.01357	0.01934	0.01117	0.01117	0.03650	0.02218	0.64816	0.06644	0.02814	0.02220	0.00994	0.00787	0.00240	0.00643	0.00814	0.00954	0.01287
35	0.01048	0.00768	0.00983	0.00977	0.01140	0.00703	0.00715	0.01349	0.02007	0.02775	0.48527	0.19451	0.13082	0.01795	0.00930	0.00260	0.00386	0.01589	0.00813	0.00703
36	0.03139	0.10194	0.02076	0.01416	0.01984	0.08215	0.01179	0.03426	0.02138	0.50689	0.05660	0.02495	0.01969	0.00937	0.00744	0.00227	0.00740	0.00737	0.00823	0.01211
37	0.03375	0.01342	0.01799	0.01385	0.01972	0.01185	0.01142	0.06591	0.02285	0.63309	0.05132	0.02707	0.02069	0.00979	0.00784	0.00240	0.00659	0.00796	0.00948	0.01300

[dist]
# distance from previous block
# <min> <max>
6	10

[block]
# block no. 6 follows, 25 sequences, length 285
# corresponding to MSA columns:
# 280-299,301-565
name=unknown_G
#
# <colnr> <probs for GDERKNQSTAVLIFYWHMCP>
#	G	D	E	R	K	N	Q	S	T	A	V	L	I	F	Y	W	H	M	C	P
0	0.09655	0.02538	0.20804	0.09236	0.03080	0.10090	0.13427	0.02520	0.01733	0.08109	0.01497	0.01783	0.01108	0.00755	0.00789	0.00234	0.03294	0.00633	0.00433	0.08281
1	0.01464	0.01378	0.02326	0.70887	0.05340	0.01723	0.02153	0.01981	0.01550	0.01981	0.01378	0.02067	0.01034	0.00775	0.00775	0.00258	0.01034	0.00689	0.00345	0.00861
2	0.03788	0.01024	0.01226	0.01114	0.01395	0.01018	0.00855	0.02168	0.14268	0.08724	0.44271	0.04935	0.09289	0.01427	0.00866	0.00248	0.00447	0.01234	0.00831	0.00874
3	0.00969	0.00788	0.00858	0.00840	0.01079	0.00677	0.00630	0.01214	0.01891	0.02388	0.25080	0.06980	0.50191	0.01854	0.00916	0.00257	0.00385	0.01569	0.00759	0.00677
4	0.00967	0.00787	0.00855	0.00838	0.01078	0.00676	0.00629	0.01210	0.01886	0.02377	0.24467	0.06997	0.50811	0.01858	0.00916	0.00257	0.00385	0.01571	0.00757	0.00676
5	0.01132	0.00866	0.01293	0.01279	0.01411	0.01027	0.00999	0.01404	0.01244	0.01803	0.02033	0.02990	0.01900	0.05632	0.66912	0.01209	0.04930	0.00824	0.00412	0.00699
6	0.01069	0.00791	0.00997	0.00946	0.01141	0.00720	0.00709	0.01409	0.02128	0.02951	0.58219	0.06052	0.16701	0.01644	0.00915	0.00247	0.00370	0.01439	0.00833	0.00720
7	0.01919	0.01842	0.03147	0.04759	0.67914	0.01842	0.02380	0.02380	0.01765	0.02533	0.01458	0.01919	0.01228	0.00691	0.00768	0.00230	0.00921	0.00691	0.00384	0.01228
8	0.03082	0.01795	0.02082	0.01591	0.02207	0.01835	0.01313	0.37816	0.02977	0.29616	0.02304	0.02152	0.01544	0.00923	0.00766	0.00229	0.00762	0.00717	0.00830	0.05456
9	0.78228	0.01499	0.01140	0.01020	0.01499	0.01739	0.00840	0.02279	0.01320	0.03479	0.01080	0.01260	0.00840	0.00720	0.00480	0.00240	0.00600	0.00420	0.00480	0.00840
10	0.01160	0.00875	0.01082	0.01016	0.01230	0.00838	0.00766	0.01684	0.08268	0.03030	0.55998	0.05667	0.12295	0.01569	0.00903	0.00247	0.00392	0.01373	0.00835	0.00772
11	0.01108	0.00831	0.01246	0.01246	0.01385	0.00969	0.00969	0.01385	0.01246	0.01800	0.02077	0.03046	0.01938	0.05815	0.69678	0.01246	0.02077	0.00831	0.00415	0.00692
12	0.02315	0.05651	0.02526	0.17748	0.09441	0.30814	0.05170	0.07946	0.04704	0.02312	0.01410	0.01739	0.01122	0.00808	0.00791	0.00227	0.03247	0.00617	0.00428	0.00982
13	0.01555	0.04011	0.68733	0.02210	0.03356	0.01801	0.02865	0.02455	0.01637	0.02455	0.01391	0.01637	0.00982	0.00737	0.00737	0.00246	0.01146	0.00573	0.00327	0.01146
14	0.02210	0.02394	0.02864	0.03937	0.48408	0.22027	0.02117	0.02593	0.01894	0.02344	0.01381	0.01764	0.01160	0.00723	0.00747	0.00221	0.01063	0.00634	0.00388	0.01130
15	0.01065	0.00791	0.00992	0.00942	0.01139	0.00718	0.00706	0.01401	0.02118	0.02928	0.56849	0.06090	0.18085	0.01653	0.00915	0.00247	0.00371	0.01444	0.00830	0.00718
16	0.01732	0.17969	0.49979	0.02065	0.03064	0.05104	0.05055	0.02458	0.01658	0.02303	0.01326	0.01565	0.00994	0.00721	0.00694	0.00228	0.01100	0.00552	0.00334	0.01100
17	0.00918	0.00779	0.00792	0.00801	0.01051	0.00653	0.00596	0.01111	0.01752	0.02088	0.07660	0.10981	0.64206	0.01989	0.00920	0.00265	0.00396	0.01667	0.00720	0.00653
18	0.44287	0.25922	0.02262	0.04689	0.01889	0.02225	0.01118	0.02256	0.01411	0.02753	0.01091	0.01318	0.00912	0.00738	0.00613	0.00221	0.04541	0.00446	0.00415	0.00894
19	0.01599	0.01586	0.02525	0.43698	0.11999	0.04573	0.07431	0.02056	0.01606	0.02082	0.01746	0.02308	0.05005	0.00881	0.00958	0.00261	0.07644	0.00756	0.00377	0.00909
20	0.16015	0.02610	0.13997	0.02278	0.10794	0.18037	0.05525	0.05930	0.01777	0.02559	0.01273	0.01596	0.01027	0.00849	0.00992	0.00247	0.12499	0.00587	0.00410	0.00997
21	0.01033	0.00751	0.00989	0.01127	0.01239	0.00707	0.00839	0.01252	0.01659	0.02193	0.11211	0.43614	0.11037	0.02226	0.00995	0.00313	0.00501	0.16918	0.00732	0.00663
22	0.02003	0.04158	0.02813	0.03676	0.43755	0.12433	0.02035	0.02374	0.01777	0.02360	0.04938	0.02000	0.01489	0.00840	0.00983	0.00238	0.09938	0.00690	0.00405	0.01095
23	0.02864	0.06421	0.02270	0.01971	0.02381	0.67028	0.01491	0.03066	0.02173	0.01895	0.01194	0.01392	0.00999	0.00794	0.00691	0.00198	0.01376	0.00496	0.00397	0.00903
24	0.01017	0.00768	0.00939	0.00941	0.01120	0.00690	0.00688	0.01290	0.01938	0.02605	0.38453	0.18797	0.24220	0.01853	0.00929	0.00262	0.00389	0.01621	0.00790	0.00690
25	0.01260	0.00917	0.01303	0.04905	0.01793	0.00934	0.01295	0.01625	0.01773	0.02303	0.03969	0.08412	0.04291	0.02073	0.01056	0.00352	0.00730	0.59591	0.00695	0.00721
26	0.01044	0.00717	0.00870	0.00952	0.00973	0.00696	0.00584	0.01106	0.01290	0.01720	0.03278	0.35701	0.03872	0.40687	0.02598	0.00553	0.00614	0.01618	0.00584	0.00543
27	0.01091	0.00792	0.01028	0.00969	0.01155	0.00729	0.00727	0.01451	0.02180	0.03075	0.65477	0.05849	0.09365	0.01598	0.00915	0.00244	0.00367	0.01410	0.00849	0.00729
28	0.78228	0.01499	0.01140	0.01020	0.01499	0.01739	0.00840	0.02279	0.01320	0.03479	0.01080	0.01260	0.00840	0.00720	0.00480	0.00240	0.00600	0.00420	0.00480	0.00840
29	0.02149	0.69312	0.03940	0.01330	0.01989	0.02963	0.01317	0.02401	0.01610	0.05443	0.01186	0.01320	0.01045	0.00679	0.00513	0.00170	0.00820	0.00434	0.00366	0.01013
30	0.78228	0.01499	0.01140	0.01020	0.01499	0.01739	0.00840	0.02279	0.01320	0.03479	0.01080	0.01260	0.00840	0.00720	0.00480	0.00240	0.00600	0.00420	0.00480	0.00840
31	0.01023	0.00817	0.00934	0.00983	0.01216	0.00728	0.00789	0.01275	0.01793	0.02211	0.09691	0.07756	0.46151	0.01997	0.00962	0.00289	0.00485	0.19499	0.00725	0.00676
32	0.02073	0.73217	0.04063	0.01327	0.01990	0.03068	0.01327	0.02322	0.01575	0.01824	0.01078	0.01244	0.00995	0.00663	0.00498	0.00166	0.00829	0.00415	0.00332	0.00995
33	0.01762	0.01682	0.02863	0.27595	0.46306	0.01801	0.02301	0.02242	0.01691	0.02342	0.01431	0.01970	0.01161	0.00720	0.00770	0.00240	0.00960	0.00690	0.00370	0.01101
34	0.01929	0.01666	0.01753	0.01578	0.02016	0.01929	0.01227	0.04120	0.66513	0.03243	0.03156	0.02893	0.02367	0.01052	0.00789	0.00263	0.00614	0.00877	0.00789	0.01227
35	0.00933	0.00786	0.00808	0.00803	0.01057	0.00662	0.00602	0.01145	0.01806	0.02187	0.13300	0.07309	0.62096	0.01929	0.00916	0.00260	0.00390	0.01615	0.00732	0.00662
36	0.01050	0.00791	0.00971	0.00926	0.01129	0.00712	0.00695	0.01372	0.02084	0.02845	0.51990	0.06226	0.22996	0.01684	0.00915	0.00249	0.00373	0.01463	0.00819	0.00712
37	0.01929	0.01666	0.01753	0.01578	0.02016	0.01929	0.01227	0.04120	0.66513	0.03243	0.03156	0.02893	0.02367	0.01052	0.00789	0.00263	0.00614	0.00877	0.00789	0.01227
38	0.59744	0.01825	0.01364	0.01204	0.01683	0.12256	0.00969	0.02542	0.01538	0.09105	0.01277	0.01406	0.00962	0.00754	0.00541	0.00234	0.00730	0.00465	0.00511	0.00892
39	0.02774	0.10044	0.02393	0.01841	0.02327	0.39957	0.01457	0.22305	0.02555	0.02816	0.01420	0.01579	0.01127	0.00985	0.02880	0.00240	0.01194	0.00563	0.00510	0.01032
40	0.01689	0.01525	0.02541	0.45451	0.22870	0.01768	0.02152	0.02162	0.01619	0.04845	0.01450	0.02028	0.01124	0.00790	0.00869	0.00254	0.04804	0.00693	0.00381	0.00984
41	0.02899	0.03613	0.02204	0.01986	0.02397	0.65986	0.01497	0.06476	0.02276	0.02060	0.01235	0.01423	0.01016	0.00806	0.00703	0.00202	0.01369	0.00510	0.00420	0.00922
42	0.01098	0.00795	0.01048	0.00990	0.01171	0.00745	0.00745	0.01459	0.02143	0.03038	0.63951	0.05643	0.07024	0.01815	0.04649	0.00298	0.00459	0.01371	0.00830	0.00729
43	0.01784	0.01458	0.02112	0.08782	0.02494	0.01293	0.09717	0.02176	0.01696	0.08800	0.04510	0.02012	0.01484	0.00727	0.00773	0.00178	0.04200	0.00628	0.00498	0.44677
44	0.06173	0.60239	0.03878	0.01506	0.02143	0.02872	0.06800	0.02314	0.01567	0.01973	0.01118	0.01336	0.01003	0.00694	0.00617	0.00185	0.03782	0.00469	0.00345	0.00985
45	0.78228	0.01499	0.01140	0.01020	0.01499	0.01739	0.00840	0.02279	0.01320	0.03479	0.01080	0.01260	0.00840	0.00720	0.00480	0.00240	0.00600	0.00420	0.00480	0.00840
46	0.02909	0.08649	0.02144	0.01501	0.02066	0.01760	0.01251	0.26032	0.02600	0.32139	0.02449	0.06013	0.01782	0.01201	0.03620	0.00276	0.00795	0.00793	0.00795	0.01224
47	0.02098	0.01802	0.01845	0.01620	0.02081	0.04294	0.01270	0.12296	0.55894	0.03418	0.02916	0.02704	0.02180	0.01027	0.00784	0.00257	0.00672	0.00840	0.00774	0.01228
48	0.01878	0.01622	0.01705	0.01538	0.01968	0.01865	0.01195	0.03970	0.63272	0.03186	0.03391	0.03122	0.05633	0.01098	0.00795	0.00263	0.00603	0.00915	0.00786	0.01199
49	0.01161	0.00863	0.01164	0.04918	0.01476	0.00897	0.00882	0.03259	0.01438	0.01971	0.02910	0.27532	0.03201	0.15750	0.22000	0.00657	0.01051	0.03880	0.00553	0.04438
50	0.33010	0.02244	0.01764	0.01506	0.02001	0.19971	0.01199	0.17599	0.05421	0.06399	0.01493	0.01585	0.01122	0.00819	0.00638	0.00229	0.00876	0.00547	0.00566	0.01011
51	0.02947	0.02172	0.02327	0.01784	0.02404	0.02404	0.01474	0.65329	0.03646	0.04887	0.01862	0.01862	0.01319	0.00931	0.00776	0.00233	0.00853	0.00698	0.00776	0.01319
52	0.03479	0.01320	0.01799	0.01380	0.01979	0.01140	0.01140	0.03779	0.02219	0.68451	0.03059	0.02639	0.01919	0.00960	0.00780	0.00240	0.00660	0.00780	0.00960	0.01320
53	0.01929	0.01666	0.01753	0.01578	0.02016	0.01929	0.01227	0.04120	0.66513	0.03243	0.03156	0.02893	0.02367	0.01052	0.00789	0.00263	0.00614	0.00877	0.00789	0.01227
54	0.01126	0.00754	0.00856	0.00853	0.00863	0.00751	0.00484	0.01146	0.01186	0.01592	0.06022	0.05113	0.03066	0.68836	0.03780	0.00724	0.00730	0.01143	0.00491	0.00484
55	0.65045	0.10634	0.01543	0.01076	0.01584	0.01881	0.00916	0.02354	0.01394	0.06288	0.01171	0.01322	0.00910	0.00724	0.00496	0.00230	0.00632	0.00436	0.00483	0.00882
56	0.01089	0.00792	0.01025	0.00967	0.01153	0.00728	0.00725	0.01447	0.02175	0.03062	0.64732	0.05869	0.10118	0.01603	0.00915	0.00245	0.00367	0.01413	0.00847	0.00728
57	0.02947	0.02172	0.02327	0.01784	0.02404	0.02404	0.01474	0.65329	0.03646	0.04887	0.01862	0.01862	0.01319	0.00931	0.00776	0.00233	0.00853	0.00698	0.00776	0.01319
58	0.66426	0.01471	0.01244	0.01076	0.01575	0.01645	0.00887	0.02516	0.01462	0.13737	0.01392	0.01477	0.01010	0.00758	0.00527	0.00240	0.00609	0.00477	0.00556	0.00915
59	0.02073	0.73217	0.04063	0.01327	0.01990	0.03068	0.01327	0.02322	0.01575	0.01824	0.01078	0.01244	0.00995	0.00663	0.00498	0.00166	0.00829	0.00415	0.00332	0.00995
60	0.78228	0.01499	0.01140	0.01020	0.01499	0.01739	0.00840	0.02279	0.01320	0.03479	0.01080	0.01260	0.00840	0.00720	0.00480	0.00240	0.00600	0.00420	0.00480	0.00840
61	0.01128	0.00752	0.00846	0.00846	0.00846	0.00752	0.00470	0.01128	0.01128	0.01503	0.02443	0.05074	0.02819	0.72751	0.03946	0.00752	0.00752	0.01128	0.00470	0.00470
62	0.01347	0.00673	0.01010	0.01010	0.01010	0.00673	0.00673	0.01010	0.01010	0.01347	0.01347	0.02357	0.01347	0.02694	0.03030	0.77441	0.00673	0.00673	0.00337	0.00337
63	0.03412	0.01335	0.01797	0.01388	0.01981	0.01174	0.01143	0.03793	0.05006	0.65624	0.03063	0.02650	0.01939	0.00964	0.00780	0.00241	0.00658	0.00784	0.00952	0.01316
64	0.01487	0.01401	0.02366	0.67634	0.08418	0.01729	0.02164	0.02001	0.01561	0.02008	0.01382	0.02060	0.01043	0.00771	0.00775	0.00257	0.01028	0.00689	0.00346	0.00879
65	0.02073	0.73217	0.04063	0.01327	0.01990	0.03068	0.01327	0.02322	0.01575	0.01824	0.01078	0.01244	0.00995	0.00663	0.00498	0.00166	0.00829	0.00415	0.00332	0.00995
66	0.01136	0.00850	0.01091	0.01191	0.01394	0.00805	0.01000	0.01448	0.01827	0.02346	0.12503	0.08035	0.22973	0.02026	0.01008	0.00317	0.00581	0.38038	0.00732	0.00699
67	0.01929	0.01666	0.01753	0.01578	0.02016	0.01929	0.01227	0.04120	0.66513	0.03243	0.03156	0.02893	0.02367	0.01052	0.00789	0.00263	0.00614	0.00877	0.00789	0.01227
68	0.01128	0.00752	0.00846	0.00846	0.00846	0.00752	0.00470	0.01128	0.01128	0.01503	0.02443	0.05074	0.02819	0.72751	0.03946	0.00752	0.00752	0.01128	0.00470	0.00470
69	0.01537	0.03880	0.65991	0.02160	0.03267	0.01757	0.02778	0.02415	0.01660	0.02482	0.04070	0.01805	0.01239	0.00771	0.00744	0.00245	0.01114	0.00607	0.00349	0.01129
70	0.02896	0.03695	0.02197	0.01998	0.02397	0.69638	0.01498	0.03096	0.02197	0.01898	0.01199	0.01398	0.00999	0.00799	0.00699	0.00200	0.01398	0.00499	0.00400	0.00899
71	0.02071	0.01678	0.01833	0.04995	0.02211	0.01920	0.01290	0.09262	0.54681	0.06598	0.02952	0.02751	0.02189	0.01023	0.00787	0.00259	0.00657	0.00847	0.00775	0.01222
72	0.03479	0.01320	0.01799	0.01380	0.01979	0.01140	0.01140	0.03779	0.02219	0.68451	0.03059	0.02639	0.01919	0.00960	0.00780	0.00240	0.00660	0.00780	0.00960	0.01320
73	0.74485	0.01490	0.01173	0.01038	0.01523	0.01709	0.00855	0.02354	0.01365	0.06731	0.01179	0.01329	0.00894	0.00732	0.00495	0.00240	0.00603	0.00438	0.00504	0.00864
74	0.01608	0.01378	0.01608	0.01148	0.01837	0.01034	0.00919	0.01952	0.01608	0.02527	0.01378	0.01608	0.01148	0.00574	0.00574	0.00115	0.00574	0.00459	0.00459	0.77491
75	0.01804	0.02500	0.21765	0.02106	0.02564	0.07539	0.06739	0.02236	0.01495	0.04801	0.01324	0.01797	0.01105	0.01307	0.05365	0.00341	0.33210	0.00664	0.00374	0.00965
76	0.01923	0.01868	0.03005	0.04464	0.61595	0.04603	0.02282	0.02367	0.01784	0.02495	0.01591	0.02268	0.01394	0.00774	0.00781	0.00236	0.00930	0.04051	0.00402	0.01187
77	0.01765	0.01648	0.02400	0.02025	0.02106	0.02195	0.05369	0.01968	0.01297	0.05571	0.01326	0.05303	0.01283	0.01347	0.02273	0.00328	0.59751	0.00774	0.00396	0.00875
78	0.01830	0.02092	0.04575	0.03268	0.04052	0.01961	0.65098	0.02484	0.01830	0.02484	0.01569	0.02092	0.01176	0.00654	0.00915	0.00261	0.01307	0.00915	0.00392	0.01046
79	0.03479	0.01320	0.01799	0.01380	0.01979	0.01140	0.01140	0.03779	0.02219	0.68451	0.03059	0.02639	0.01919	0.00960	0.00780	0.00240	0.00660	0.00780	0.00960	0.01320
80	0.01097	0.00793	0.01036	0.00975	0.01158	0.00732	0.00732	0.01463	0.02195	0.03109	0.67505	0.05792	0.07316	0.01585	0.00914	0.00244	0.00366	0.01402	0.00854	0.00732
81	0.03479	0.01320	0.01799	0.01380	0.01979	0.01140	0.01140	0.03779	0.02219	0.68451	0.03059	0.02639	0.01919	0.00960	0.00780	0.00240	0.00660	0.00780	0.00960	0.01320
82	0.00960	0.00685	0.00917	0.01097	0.01148	0.00643	0.00746	0.01106	0.01499	0.01996	0.04265	0.69121	0.05095	0.02415	0.00994	0.00317	0.00463	0.05180	0.00719	0.00634
83	0.01496	0.01389	0.02324	0.56198	0.12962	0.01656	0.02079	0.01992	0.01617	0.02116	0.04382	0.02520	0.01490	0.00863	0.00794	0.00259	0.00975	0.03602	0.00389	0.00896
84	0.01219	0.00815	0.01070	0.01004	0.01202	0.00748	0.00753	0.01568	0.02154	0.06637	0.60218	0.09551	0.06890	0.01601	0.00912	0.00248	0.00387	0.01415	0.00851	0.00758
85	0.12337	0.02167	0.02176	0.01816	0.05109	0.08251	0.01419	0.46055	0.03072	0.07534	0.01747	0.01786	0.01256	0.00884	0.00732	0.00231	0.00864	0.00649	0.00697	0.01217
86	0.02947	0.02172	0.02327	0.01784	0.02404	0.02404	0.01474	0.65329	0.03646	0.04887	0.01862	0.01862	0.01319	0.00931	0.00776	0.00233	0.00853	0.00698	0.00776	0.01319
87	0.02073	0.73217	0.04063	0.01327	0.01990	0.03068	0.01327	0.02322	0.01575	0.01824	0.01078	0.01244	0.00995	0.00663	0.00498	0.00166	0.00829	0.00415	0.00332	0.00995
88	0.01072	0.00847	0.01192	0.01227	0.01310	0.00864	0.03767	0.01223	0.01451	0.01949	0.03855	0.52006	0.07722	0.09625	0.01434	0.00358	0.06938	0.01862	0.00644	0.00653
