[name]
unknown

[dist]
# distance from previous block
# <min> <max>
0	22

[block]
# block no. 0 follows, 27 sequences, length 9
# corresponding to MSA columns:
# 22-30
name=unknown_A
#
# <colnr> <probs for GDERKNQSTAVLIFYWHMCP>
#	G	D	E	R	K	N	Q	S	T	A	V	L	I	F	Y	W	H	M	C	P
0	0.01208	0.01049	0.01100	0.01171	0.01392	0.06906	0.00967	0.01476	0.01737	0.02101	0.05109	0.07270	0.29615	0.01870	0.00936	0.00293	0.00619	0.33846	0.00659	0.00677
1	0.09424	0.01264	0.01493	0.01196	0.01666	0.01229	0.00975	0.12659	0.02119	0.37708	0.02464	0.02356	0.01675	0.00881	0.00665	0.00215	0.00585	0.00691	0.19650	0.01084
2	0.05445	0.01243	0.01077	0.02854	0.01327	0.11518	0.00775	0.03380	0.01625	0.02263	0.03309	0.03726	0.18095	0.09283	0.06903	0.00345	0.00723	0.00906	0.24505	0.00698
3	0.00985	0.00704	0.00848	0.00901	0.00977	0.00662	0.00589	0.01110	0.01441	0.01914	0.13814	0.29837	0.13201	0.27398	0.01926	0.00432	0.00513	0.01555	0.00624	0.00567
4	0.02041	0.16264	0.38498	0.01805	0.02675	0.01802	0.04583	0.02637	0.01700	0.18681	0.01672	0.01748	0.01169	0.00741	0.00679	0.00220	0.00933	0.00582	0.00464	0.01107
5	0.01581	0.19162	0.02699	0.49136	0.09760	0.01973	0.01887	0.02009	0.01508	0.01905	0.01256	0.01775	0.00996	0.00709	0.00677	0.00224	0.00933	0.00596	0.00330	0.00886
6	0.02729	0.01915	0.02496	0.01912	0.02497	0.12121	0.17156	0.11822	0.05015	0.31311	0.02158	0.02127	0.01470	0.00824	0.00766	0.00229	0.00914	0.00731	0.00674	0.01134
7	0.02661	0.02361	0.02114	0.01728	0.02244	0.18963	0.01381	0.41664	0.12972	0.03741	0.01816	0.01825	0.01341	0.00878	0.00727	0.00220	0.00909	0.00648	0.00657	0.01151
8	0.01560	0.01394	0.01718	0.01307	0.01806	0.01303	0.01061	0.01849	0.01441	0.02265	0.01235	0.01560	0.01069	0.00733	0.01010	0.00162	0.18103	0.00491	0.00412	0.59522

[dist]
# distance from previous block
# <min> <max>
0	1

[block]
# block no. 1 follows, 27 sequences, length 10
# corresponding to MSA columns:
# 32-41
name=unknown_B
#
# <colnr> <probs for GDERKNQSTAVLIFYWHMCP>
#	G	D	E	R	K	N	Q	S	T	A	V	L	I	F	Y	W	H	M	C	P
0	0.02796	0.15092	0.02264	0.01439	0.02016	0.01849	0.01223	0.21307	0.08656	0.32359	0.02260	0.02091	0.01551	0.00867	0.00696	0.00217	0.00710	0.00668	0.00742	0.01197
1	0.01275	0.01248	0.01091	0.01158	0.01308	0.14757	0.00816	0.01428	0.01609	0.01900	0.04136	0.46621	0.16005	0.01929	0.00879	0.00270	0.00603	0.01681	0.00627	0.00659
2	0.02220	0.02252	0.02736	0.06087	0.32334	0.18504	0.07537	0.14412	0.02121	0.02671	0.01414	0.01728	0.01127	0.00729	0.00733	0.00218	0.01017	0.00637	0.00440	0.01086
3	0.01552	0.04169	0.24895	0.04777	0.05578	0.01679	0.22902	0.02149	0.01624	0.02269	0.01839	0.02990	0.01632	0.00968	0.00934	0.00264	0.05920	0.12494	0.00406	0.00960
4	0.01125	0.00851	0.00888	0.00869	0.01113	0.00811	0.00654	0.01616	0.10783	0.02370	0.09808	0.08493	0.39354	0.01552	0.00791	0.00236	0.00400	0.01300	0.16267	0.00719
5	0.00936	0.00676	0.00928	0.01066	0.01127	0.00668	0.00737	0.01092	0.01375	0.01861	0.03669	0.59240	0.04296	0.02978	0.15035	0.00481	0.00744	0.01846	0.00630	0.00615
6	0.01320	0.01001	0.01183	0.01161	0.01351	0.01029	0.00856	0.14308	0.01874	0.02470	0.04115	0.43287	0.15879	0.01906	0.00964	0.00277	0.03936	0.01650	0.00683	0.00750
7	0.01561	0.01356	0.02263	0.07316	0.30216	0.01362	0.09829	0.01923	0.01537	0.02250	0.01785	0.02648	0.01599	0.15437	0.01326	0.00318	0.00804	0.00779	0.14797	0.00895
8	0.01076	0.00879	0.01113	0.01116	0.01187	0.00966	0.00806	0.01200	0.01358	0.01812	0.03867	0.32179	0.17313	0.15310	0.01758	0.00373	0.14983	0.01510	0.00571	0.00622
9	0.01378	0.18162	0.01783	0.01144	0.01384	0.01435	0.00948	0.01627	0.01324	0.01908	0.01798	0.02524	0.01648	0.07792	0.32191	0.00670	0.06074	0.00691	0.14786	0.00732

[dist]
# distance from previous block
# <min> <max>
0	1

[block]
# block no. 2 follows, 27 sequences, length 46
# corresponding to MSA columns:
# 43-88
name=unknown_C
#
# <colnr> <probs for GDERKNQSTAVLIFYWHMCP>
#	G	D	E	R	K	N	Q	S	T	A	V	L	I	F	Y	W	H	M	C	P
0	0.01766	0.01533	0.02123	0.49320	0.04112	0.04446	0.01795	0.16168	0.01953	0.02560	0.01485	0.01962	0.01107	0.00784	0.00725	0.00235	0.00924	0.00657	0.05431	0.00914
1	0.02960	0.08918	0.04713	0.01340	0.01913	0.01306	0.01161	0.03309	0.03829	0.54925	0.02724	0.05700	0.01866	0.00949	0.00727	0.00227	0.00657	0.00769	0.00816	0.01191
2	0.01663	0.09387	0.50302	0.02226	0.05462	0.06860	0.09282	0.02385	0.01625	0.02268	0.01314	0.01575	0.00971	0.00694	0.00703	0.00227	0.01098	0.00570	0.00327	0.01061
3	0.01738	0.01656	0.02818	0.15334	0.56370	0.01714	0.02193	0.02181	0.01638	0.02314	0.01406	0.01901	0.01171	0.00859	0.03376	0.00261	0.00941	0.00666	0.00363	0.01100
4	0.01867	0.01418	0.01665	0.01234	0.01845	0.01221	0.00996	0.09212	0.04153	0.09167	0.01573	0.01708	0.01225	0.00667	0.00667	0.00147	0.03261	0.00516	0.00526	0.56932
5	0.01075	0.00865	0.00964	0.00974	0.01193	0.00828	0.00733	0.01542	0.10905	0.02226	0.11641	0.14729	0.35623	0.05906	0.01049	0.00291	0.00460	0.07596	0.00696	0.00703
6	0.01679	0.13413	0.53926	0.02063	0.05941	0.01859	0.02423	0.02402	0.01597	0.06118	0.01384	0.01582	0.01004	0.00706	0.00677	0.00224	0.01019	0.00544	0.00351	0.01090
7	0.01115	0.00795	0.00916	0.00882	0.01127	0.00694	0.00679	0.01367	0.01843	0.06916	0.25044	0.06435	0.42237	0.01718	0.00877	0.00250	0.00405	0.05265	0.00742	0.00695
8	0.01933	0.67008	0.10787	0.01358	0.02042	0.02811	0.01424	0.02236	0.01515	0.01810	0.01063	0.01230	0.00951	0.00642	0.00500	0.00167	0.00826	0.00413	0.00317	0.00968
9	0.01600	0.01634	0.02672	0.02158	0.02350	0.02049	0.17082	0.01883	0.01289	0.01922	0.01199	0.01840	0.01096	0.01552	0.08712	0.00391	0.48665	0.00718	0.00344	0.00843
10	0.01595	0.01566	0.02261	0.09376	0.02291	0.02138	0.03223	0.01811	0.01205	0.01850	0.01078	0.01714	0.01015	0.01207	0.02146	0.00309	0.60495	0.00658	0.03248	0.00814
11	0.00944	0.00666	0.00860	0.00988	0.01031	0.00629	0.00647	0.01063	0.01400	0.01876	0.07526	0.57289	0.04637	0.15028	0.01448	0.00372	0.00478	0.01882	0.00654	0.00581
12	0.01305	0.01148	0.01635	0.01495	0.01563	0.01495	0.01199	0.01509	0.01162	0.01733	0.01573	0.02478	0.01527	0.07891	0.37345	0.00790	0.32317	0.00750	0.00369	0.00714
13	0.01489	0.03840	0.70064	0.02116	0.03213	0.01724	0.02743	0.02351	0.01567	0.02351	0.01332	0.01567	0.00940	0.00705	0.00705	0.00235	0.01097	0.00549	0.00313	0.01097
14	0.01079	0.00723	0.00828	0.00828	0.00834	0.00730	0.00472	0.01091	0.01085	0.01453	0.02323	0.04767	0.02659	0.70687	0.06948	0.00742	0.00780	0.01066	0.00447	0.00460
15	0.79154	0.01436	0.01091	0.00976	0.01436	0.01665	0.00804	0.02182	0.01263	0.03331	0.01034	0.01206	0.00804	0.00689	0.00459	0.00230	0.00574	0.00402	0.00459	0.00804
16	0.02853	0.02030	0.02197	0.01684	0.02277	0.02228	0.01392	0.62955	0.03407	0.08645	0.01852	0.01828	0.01298	0.00893	0.00743	0.00223	0.00806	0.00673	0.00753	0.01263
17	0.01006	0.00751	0.00934	0.00901	0.01085	0.00679	0.00671	0.01309	0.01976	0.02709	0.52148	0.09758	0.20057	0.01641	0.00880	0.00241	0.00360	0.01434	0.00783	0.00679
18	0.01569	0.03208	0.48130	0.02384	0.03323	0.01798	0.20187	0.02326	0.01593	0.02326	0.01358	0.01690	0.00993	0.00718	0.00852	0.00244	0.05271	0.00644	0.00331	0.01054
19	0.01061	0.00795	0.01193	0.01193	0.01326	0.00928	0.00928	0.01326	0.01193	0.01723	0.01988	0.02916	0.01856	0.05568	0.70968	0.01193	0.01988	0.00795	0.00398	0.00663
20	0.01532	0.01489	0.02111	0.04475	0.01975	0.02050	0.01537	0.01722	0.01158	0.01781	0.01138	0.01830	0.01106	0.01913	0.12566	0.00451	0.59366	0.00672	0.00336	0.00790
21	0.00913	0.00753	0.00801	0.00789	0.01025	0.00642	0.00592	0.01134	0.01776	0.02205	0.20119	0.06816	0.56255	0.01806	0.00877	0.00247	0.00371	0.01521	0.00716	0.00642
22	0.01780	0.01924	0.03933	0.03596	0.25269	0.01840	0.45552	0.02345	0.01732	0.02393	0.01467	0.01948	0.01143	0.00637	0.00830	0.00241	0.01131	0.00806	0.00373	0.01058
23	0.02450	0.01763	0.01917	0.01519	0.02010	0.01946	0.01242	0.51411	0.02997	0.04121	0.01889	0.02030	0.01409	0.01365	0.07875	0.00315	0.00873	0.00684	0.11058	0.01125
24	0.02361	0.01815	0.02172	0.01791	0.04681	0.01958	0.05534	0.45720	0.05211	0.03886	0.02002	0.06935	0.01640	0.01252	0.04772	0.00285	0.00866	0.02439	0.00669	0.04011
25	0.02283	0.01138	0.01460	0.01210	0.01613	0.01069	0.00964	0.06612	0.07382	0.34292	0.27100	0.05432	0.03812	0.01180	0.00800	0.00234	0.00531	0.01003	0.00852	0.01033
26	0.02672	0.01941	0.02105	0.01632	0.02201	0.02114	0.01338	0.56646	0.05564	0.06827	0.01935	0.04569	0.01451	0.00935	0.00742	0.00222	0.00775	0.00722	0.00733	0.04875
27	0.02019	0.60182	0.10073	0.01419	0.02072	0.09914	0.01429	0.02313	0.01576	0.01812	0.01073	0.01243	0.00952	0.00655	0.00519	0.00170	0.00880	0.00420	0.00324	0.00957
28	0.01587	0.01424	0.03705	0.01185	0.01814	0.01116	0.00975	0.04481	0.06873	0.02538	0.01575	0.04316	0.01335	0.00670	0.00593	0.00137	0.00576	0.00546	0.00482	0.64075
29	0.01913	0.09588	0.03052	0.02215	0.02633	0.14434	0.23779	0.04530	0.01656	0.02096	0.01363	0.04345	0.01199	0.01038	0.03048	0.00276	0.20819	0.00729	0.00382	0.00905
30	0.01354	0.03247	0.01581	0.03873	0.01615	0.04545	0.01118	0.01569	0.01424	0.01968	0.07779	0.07834	0.14008	0.03626	0.10813	0.00406	0.26577	0.00977	0.04959	0.00729
31	0.01935	0.01289	0.01481	0.01362	0.04026	0.03803	0.01019	0.02816	0.23291	0.19031	0.21099	0.03779	0.09517	0.01183	0.00793	0.00238	0.00553	0.01000	0.00778	0.01006
32	0.01204	0.01011	0.01355	0.01306	0.01427	0.03969	0.01021	0.01443	0.01219	0.01725	0.01837	0.02755	0.01736	0.07258	0.56915	0.01024	0.10949	0.00774	0.00390	0.00682
33	0.00931	0.00666	0.00885	0.01016	0.01083	0.00620	0.00691	0.01099	0.01542	0.02088	0.15632	0.61336	0.05283	0.02182	0.00935	0.00289	0.00416	0.01974	0.00712	0.00620
34	0.02822	0.02079	0.02228	0.01708	0.02302	0.02302	0.01411	0.66804	0.03490	0.04679	0.01782	0.01782	0.01262	0.00891	0.00743	0.00223	0.00817	0.00668	0.00743	0.01262
35	0.01075	0.00897	0.00956	0.00928	0.01186	0.00852	0.00698	0.01621	0.13530	0.02325	0.14754	0.09983	0.45078	0.01702	0.00859	0.00252	0.00413	0.01439	0.00718	0.00733
36	0.02895	0.01963	0.02156	0.01653	0.02244	0.02129	0.01365	0.57774	0.03295	0.13985	0.01946	0.01889	0.01345	0.00895	0.00743	0.00224	0.00790	0.00680	0.00768	0.01263
37	0.01847	0.01566	0.01661	0.01490	0.01905	0.01794	0.01168	0.07581	0.59184	0.03129	0.03145	0.03073	0.04737	0.01070	0.00769	0.00253	0.00597	0.03141	0.00750	0.01142
38	0.01426	0.01200	0.01419	0.01088	0.01638	0.00921	0.00846	0.01720	0.01518	0.02326	0.01813	0.14342	0.01778	0.00866	0.00621	0.00144	0.00529	0.00737	0.00484	0.64584
39	0.00972	0.00733	0.00912	0.00990	0.01124	0.00650	0.00680	0.01125	0.01460	0.01947	0.04252	0.53595	0.13966	0.04885	0.01008	0.00291	0.00446	0.01820	0.00655	0.08489
40	0.01009	0.01215	0.13186	0.01226	0.01457	0.00803	0.01055	0.01268	0.01447	0.01976	0.03600	0.60628	0.04203	0.02037	0.00904	0.00290	0.00549	0.01832	0.00622	0.00691
41	0.02480	0.01841	0.01962	0.01565	0.02082	0.02047	0.01273	0.47579	0.16245	0.04169	0.02096	0.02081	0.01529	0.00912	0.00723	0.00224	0.00723	0.00705	0.08577	0.01187
42	0.01715	0.01871	0.03760	0.06815	0.03548	0.01862	0.49570	0.02357	0.05441	0.02334	0.01516	0.01986	0.01167	0.00719	0.01005	0.00251	0.08392	0.00819	0.00392	0.04481
43	0.60618	0.01635	0.07576	0.04332	0.01813	0.01611	0.01070	0.02334	0.01391	0.10058	0.01270	0.01411	0.00932	0.00717	0.00525	0.00231	0.00647	0.00463	0.00488	0.00880
44	0.04676	0.05338	0.01319	0.01063	0.01338	0.01087	0.00818	0.05551	0.07409	0.08937	0.31353	0.08357	0.09318	0.08868	0.01110	0.00285	0.00503	0.01146	0.00718	0.00806
45	0.01217	0.00897	0.01087	0.01103	0.01263	0.00898	0.00790	0.09029	0.05630	0.02473	0.15370	0.43389	0.07246	0.04724	0.01008	0.00292	0.00480	0.01667	0.00713	0.00726

[dist]
# distance from previous block
# <min> <max>
0	1

[block]
# block no. 3 follows, 27 sequences, length 43
# corresponding to MSA columns:
# 90-132
name=unknown_D
#
# <colnr> <probs for GDERKNQSTAVLIFYWHMCP>
#	G	D	E	R	K	N	Q	S	T	A	V	L	I	F	Y	W	H	M	C	P
0	0.02338	0.01688	0.01868	0.01478	0.01985	0.01767	0.01186	0.43099	0.02775	0.06942	0.02100	0.11526	0.01809	0.03696	0.00853	0.00235	0.00714	0.00848	0.00689	0.12405
1	0.01741	0.08309	0.02328	0.02174	0.14826	0.07991	0.08165	0.06733	0.07512	0.02305	0.01728	0.02184	0.01460	0.02225	0.22102	0.00514	0.02887	0.00700	0.03183	0.00933
2	0.41553	0.02136	0.18737	0.07765	0.04754	0.04364	0.01538	0.02205	0.01398	0.02758	0.01147	0.01423	0.00886	0.00743	0.00704	0.00238	0.05869	0.00491	0.00395	0.00896
3	0.00908	0.00680	0.00828	0.00942	0.01039	0.00617	0.00640	0.01045	0.01473	0.01896	0.04914	0.50941	0.22242	0.06805	0.01110	0.00315	0.00434	0.01896	0.00674	0.00600
4	0.02408	0.01784	0.01940	0.01509	0.02052	0.01889	0.01228	0.48402	0.02933	0.04025	0.01900	0.06604	0.01518	0.00932	0.00713	0.00207	0.00722	0.00730	0.05086	0.13420
5	0.01852	0.01749	0.06816	0.13594	0.02607	0.01737	0.01493	0.18229	0.01944	0.02769	0.01369	0.01694	0.01086	0.00827	0.01013	0.00213	0.14891	0.00584	0.00466	0.25068
6	0.05196	0.01180	0.01676	0.01582	0.05020	0.01371	0.03621	0.06023	0.01442	0.06623	0.01783	0.02515	0.01591	0.07001	0.36524	0.00756	0.14097	0.00750	0.00446	0.00804
7	0.01812	0.01552	0.01632	0.01464	0.01878	0.01776	0.01140	0.05928	0.61016	0.03082	0.03296	0.03045	0.06945	0.01065	0.00764	0.00251	0.00581	0.00885	0.00750	0.01139
8	0.01143	0.00915	0.01170	0.01287	0.05307	0.00920	0.00919	0.01607	0.09187	0.02223	0.11011	0.15674	0.20858	0.02375	0.12529	0.00424	0.00748	0.10321	0.00642	0.00740
9	0.01589	0.03055	0.43136	0.04975	0.06854	0.01773	0.23285	0.02340	0.01630	0.02348	0.01390	0.01736	0.01014	0.00679	0.00763	0.00240	0.01132	0.00664	0.00337	0.01061
10	0.01374	0.01108	0.01551	0.01884	0.13902	0.01134	0.01282	0.01994	0.11918	0.02503	0.14125	0.09259	0.03885	0.01562	0.00902	0.00286	0.00637	0.29188	0.00659	0.00848
11	0.01024	0.00787	0.00942	0.00908	0.01110	0.00722	0.00679	0.01389	0.04780	0.02629	0.43908	0.09474	0.25618	0.01649	0.00875	0.00243	0.00373	0.01430	0.00769	0.00693
12	0.01919	0.01936	0.02751	0.09324	0.51534	0.10275	0.02084	0.02443	0.06122	0.02354	0.01468	0.01849	0.01207	0.00703	0.00729	0.00221	0.00927	0.00651	0.00392	0.01110
13	0.28185	0.06111	0.08329	0.07881	0.04862	0.10661	0.08300	0.02522	0.01634	0.12919	0.01455	0.01634	0.01068	0.00730	0.00634	0.00225	0.00862	0.00561	0.00475	0.00954
14	0.00912	0.00745	0.00805	0.00808	0.01028	0.00638	0.00599	0.01125	0.01746	0.02176	0.18581	0.12150	0.52407	0.01849	0.00883	0.00252	0.00376	0.01569	0.00713	0.00638
15	0.07096	0.01230	0.01372	0.01160	0.01483	0.01317	0.00911	0.18712	0.02015	0.12199	0.02133	0.02595	0.01710	0.10356	0.04800	0.00327	0.04077	0.00727	0.24882	0.00898
16	0.02072	0.01455	0.01675	0.01312	0.01827	0.01406	0.01054	0.22998	0.05702	0.11044	0.13061	0.04960	0.02410	0.00948	0.00713	0.00195	0.00610	0.00777	0.00680	0.25099
17	0.14793	0.37587	0.09209	0.06426	0.02228	0.10965	0.01427	0.02273	0.01525	0.02088	0.01092	0.01327	0.00931	0.00711	0.00647	0.00197	0.04856	0.00455	0.00350	0.00913
18	0.01397	0.00836	0.01089	0.01003	0.01235	0.00760	0.00768	0.01708	0.02004	0.13238	0.46860	0.07887	0.10248	0.03497	0.00945	0.00255	0.00425	0.04270	0.00803	0.00772
19	0.00980	0.00742	0.00904	0.00893	0.01073	0.00666	0.00658	0.01253	0.01891	0.02546	0.42141	0.14908	0.25175	0.01731	0.00886	0.00248	0.00368	0.01510	0.00762	0.00666
20	0.01640	0.21936	0.46553	0.01993	0.05658	0.02069	0.02284	0.02286	0.01535	0.02169	0.01239	0.01484	0.00955	0.00715	0.00735	0.00219	0.04644	0.00519	0.00317	0.01049
21	0.00949	0.00801	0.00828	0.00834	0.01076	0.00711	0.00620	0.01266	0.06346	0.02072	0.06860	0.13452	0.57868	0.01863	0.00876	0.00256	0.00396	0.01570	0.00694	0.00663
22	0.01051	0.00947	0.04571	0.00985	0.01231	0.00776	0.00801	0.01436	0.04415	0.02590	0.39865	0.09627	0.23844	0.01620	0.00871	0.00246	0.00420	0.03250	0.00741	0.00712
23	0.01621	0.19966	0.48614	0.01946	0.02862	0.02041	0.04559	0.02290	0.01536	0.02180	0.01248	0.01499	0.00952	0.00720	0.00757	0.00223	0.05095	0.00531	0.00317	0.01044
24	0.01539	0.01319	0.01539	0.01100	0.01759	0.00990	0.00880	0.01869	0.01539	0.02419	0.01319	0.01539	0.01100	0.00550	0.00550	0.00110	0.00550	0.00440	0.00440	0.78449
25	0.02604	0.01354	0.01692	0.01277	0.01877	0.01170	0.01042	0.07476	0.04521	0.38811	0.02282	0.02134	0.01552	0.00790	0.00677	0.00188	0.00614	0.00636	0.00731	0.28572
26	0.01720	0.01700	0.02712	0.28920	0.34563	0.05252	0.06648	0.02260	0.04780	0.02230	0.01440	0.01920	0.01145	0.00710	0.00745	0.00232	0.00957	0.00675	0.00373	0.01019
27	0.01426	0.10688	0.46033	0.01753	0.02576	0.01598	0.02086	0.02052	0.01540	0.02201	0.01977	0.13659	0.04016	0.01002	0.00720	0.00233	0.00905	0.00823	0.00395	0.04318
28	0.79154	0.01436	0.01091	0.00976	0.01436	0.01665	0.00804	0.02182	0.01263	0.03331	0.01034	0.01206	0.00804	0.00689	0.00459	0.00230	0.00574	0.00402	0.00459	0.00804
29	0.01065	0.00779	0.01109	0.01109	0.01213	0.00882	0.00823	0.01272	0.01168	0.01661	0.02065	0.03341	0.02040	0.20503	0.56285	0.01090	0.01711	0.00857	0.00409	0.00616
30	0.01733	0.02091	0.07954	0.03030	0.03772	0.01883	0.60662	0.02355	0.01719	0.02355	0.01473	0.01964	0.01111	0.00655	0.00924	0.00252	0.03847	0.00850	0.00370	0.01000
31	0.00903	0.00654	0.00854	0.01014	0.01071	0.00605	0.00680	0.01036	0.01441	0.01903	0.04336	0.68693	0.09484	0.02294	0.00943	0.00298	0.00427	0.02072	0.00689	0.00605
32	0.01846	0.01595	0.01679	0.01511	0.01930	0.01846	0.01175	0.03945	0.67938	0.03105	0.03022	0.02770	0.02266	0.01007	0.00755	0.00252	0.00588	0.00839	0.00755	0.01175
33	0.00902	0.00656	0.00851	0.01007	0.01070	0.00605	0.00677	0.01037	0.01447	0.01906	0.04422	0.67035	0.11088	0.02283	0.00941	0.00297	0.00425	0.02058	0.00689	0.00605
34	0.06791	0.01591	0.04690	0.39193	0.25627	0.01703	0.05738	0.02082	0.01554	0.02207	0.01336	0.01869	0.01044	0.00705	0.00727	0.00237	0.00945	0.00652	0.00353	0.00956
35	0.00900	0.00665	0.00842	0.00984	0.01064	0.00607	0.00667	0.01039	0.01469	0.01914	0.04694	0.61773	0.16174	0.02247	0.00935	0.00293	0.00421	0.02015	0.00689	0.00607
36	0.02259	0.30451	0.02867	0.01820	0.05906	0.31417	0.01445	0.02479	0.01719	0.01820	0.01094	0.01349	0.00970	0.00782	0.00840	0.00199	0.10846	0.00481	0.00349	0.00907
37	0.01108	0.00766	0.00909	0.00948	0.00998	0.00762	0.00597	0.04714	0.01348	0.01798	0.02996	0.31618	0.03488	0.41736	0.02498	0.00528	0.00612	0.01462	0.00560	0.00555
38	0.08830	0.13835	0.02152	0.01436	0.01950	0.07982	0.01200	0.22545	0.05165	0.16982	0.05656	0.02062	0.01663	0.01089	0.04005	0.00259	0.00820	0.00652	0.00642	0.01074
39	0.01891	0.01987	0.02791	0.16663	0.36383	0.13270	0.07732	0.02301	0.01694	0.02183	0.01326	0.01784	0.01088	0.00727	0.00835	0.00229	0.05086	0.00649	0.00361	0.01021
40	0.00908	0.00752	0.00800	0.00829	0.01056	0.00645	0.00630	0.01104	0.01671	0.02015	0.06924	0.12677	0.58035	0.01932	0.00896	0.00263	0.00408	0.07135	0.00689	0.00630
41	0.01504	0.01282	0.01502	0.01096	0.01721	0.00968	0.00869	0.01823	0.01533	0.02390	0.01474	0.05535	0.01311	0.00648	0.00572	0.00121	0.00543	0.00533	0.00454	0.74122
42	0.01658	0.01668	0.02547	0.34613	0.07218	0.05978	0.10106	0.04245	0.01543	0.02047	0.01261	0.01836	0.01020	0.00877	0.01204	0.00263	0.20009	0.00674	0.00354	0.00879

[dist]
# distance from previous block
# <min> <max>
0	4

[block]
# block no. 4 follows, 27 sequences, length 30
# corresponding to MSA columns:
# 137-166
name=unknown_E
#
# <colnr> <probs for GDERKNQSTAVLIFYWHMCP>
#	G	D	E	R	K	N	Q	S	T	A	V	L	I	F	Y	W	H	M	C	P
0	0.01862	0.39354	0.32031	0.01635	0.02464	0.02296	0.01888	0.02370	0.01575	0.06531	0.01287	0.01441	0.01006	0.00684	0.00592	0.00196	0.00913	0.00485	0.00356	0.01035
1	0.08524	0.01632	0.01864	0.01461	0.02000	0.01701	0.01200	0.33772	0.02610	0.24171	0.02075	0.02057	0.01450	0.01287	0.06985	0.00307	0.00834	0.00673	0.00731	0.04667
2	0.01464	0.05506	0.10749	0.01215	0.01633	0.01154	0.01112	0.05843	0.06236	0.08284	0.10523	0.10731	0.25116	0.01463	0.00820	0.00249	0.00587	0.05809	0.00656	0.00850
3	0.01837	0.01764	0.03013	0.04557	0.69279	0.01764	0.02278	0.02278	0.01690	0.02425	0.01396	0.01837	0.01176	0.00661	0.00735	0.00220	0.00882	0.00661	0.00367	0.01176
4	0.01024	0.00816	0.00929	0.00907	0.01136	0.00747	0.00694	0.01406	0.06151	0.02449	0.29642	0.06347	0.37741	0.01700	0.00878	0.00250	0.00399	0.05351	0.00740	0.00693
5	0.00892	0.00757	0.00772	0.00780	0.01027	0.00637	0.00593	0.01087	0.01693	0.02015	0.07358	0.07200	0.66051	0.01888	0.00884	0.00255	0.00390	0.04404	0.00689	0.00629
6	0.01971	0.01650	0.04110	0.07374	0.07746	0.01771	0.01389	0.06083	0.46592	0.08957	0.02640	0.02530	0.01953	0.00935	0.00750	0.00245	0.00673	0.00786	0.00689	0.01156
7	0.01614	0.16490	0.35743	0.13728	0.06105	0.01962	0.09908	0.02252	0.01570	0.02168	0.01296	0.01627	0.00983	0.00687	0.00689	0.00224	0.01031	0.00582	0.00327	0.01017
8	0.00906	0.00759	0.00791	0.00799	0.01041	0.00644	0.00610	0.01111	0.01714	0.02067	0.10370	0.07140	0.61882	0.01873	0.00886	0.00255	0.00394	0.05427	0.00695	0.00634
9	0.02945	0.01882	0.02106	0.01615	0.02204	0.02010	0.01334	0.51545	0.03161	0.20403	0.02059	0.01962	0.01401	0.00898	0.00744	0.00224	0.00772	0.00687	0.00785	0.01263
10	0.02653	0.02132	0.14496	0.01657	0.02325	0.01813	0.01546	0.32135	0.07448	0.22941	0.02121	0.02030	0.01443	0.00874	0.00738	0.00229	0.00798	0.00681	0.00716	0.01226
11	0.01016	0.00758	0.00947	0.00920	0.01106	0.00689	0.00695	0.01324	0.01973	0.02699	0.50685	0.08542	0.19690	0.01648	0.00886	0.00245	0.00374	0.04344	0.00780	0.00681
12	0.01791	0.01877	0.03863	0.07493	0.03640	0.01870	0.51537	0.02337	0.01681	0.05550	0.01498	0.01982	0.01134	0.00726	0.01043	0.00258	0.09518	0.00829	0.00393	0.00980
13	0.10239	0.01442	0.01749	0.01368	0.01925	0.01402	0.01125	0.14557	0.06248	0.48174	0.02557	0.02288	0.01666	0.00898	0.00720	0.00230	0.00656	0.00706	0.00835	0.01215
14	0.01174	0.00814	0.01002	0.00948	0.01164	0.00747	0.00712	0.01538	0.04599	0.06809	0.43684	0.10601	0.20203	0.01601	0.00868	0.00243	0.00389	0.01392	0.00783	0.00731
15	0.00877	0.00752	0.00752	0.00752	0.01003	0.00627	0.00564	0.01065	0.01692	0.02005	0.07520	0.07144	0.68978	0.01880	0.00877	0.00251	0.00376	0.01567	0.00689	0.00627
16	0.00902	0.00655	0.00852	0.01010	0.01071	0.00605	0.00679	0.01036	0.01444	0.01904	0.04381	0.67842	0.10307	0.02288	0.00942	0.00297	0.00426	0.02065	0.00689	0.00605
17	0.05182	0.02043	0.02174	0.01679	0.02263	0.02267	0.01384	0.62689	0.05563	0.04584	0.01800	0.01797	0.01281	0.00889	0.00734	0.00224	0.00802	0.00666	0.00734	0.01245
18	0.02649	0.01995	0.02080	0.01630	0.02168	0.04993	0.01334	0.57088	0.03207	0.04304	0.01805	0.01877	0.01317	0.01102	0.03991	0.00264	0.00864	0.00668	0.05482	0.01183
19	0.01731	0.01952	0.04161	0.05608	0.03797	0.01895	0.59870	0.02321	0.01701	0.02321	0.01460	0.01976	0.01111	0.00675	0.00975	0.00255	0.05984	0.00853	0.00370	0.00982
20	0.00904	0.00646	0.00861	0.01034	0.01077	0.00603	0.00689	0.01034	0.01421	0.01895	0.04092	0.73426	0.04910	0.02326	0.00948	0.00301	0.00431	0.02110	0.00689	0.00603
21	0.01779	0.01931	0.09232	0.08399	0.59240	0.01753	0.02309	0.02262	0.01666	0.02387	0.01386	0.01821	0.01143	0.00670	0.00733	0.00223	0.00909	0.00651	0.00360	0.01147
22	0.01489	0.03840	0.70064	0.02116	0.03213	0.01724	0.02743	0.02351	0.01567	0.02351	0.01332	0.01567	0.00940	0.00705	0.00705	0.00235	0.01097	0.00549	0.00313	0.01097
23	0.01120	0.00821	0.01095	0.01229	0.01405	0.00796	0.01042	0.01424	0.01704	0.02195	0.06987	0.11982	0.15126	0.02019	0.00991	0.00320	0.00605	0.47779	0.00690	0.00670
24	0.00904	0.00646	0.00861	0.01034	0.01077	0.00603	0.00689	0.01034	0.01421	0.01895	0.04092	0.73426	0.04910	0.02326	0.00948	0.00301	0.00431	0.02110	0.00689	0.00603
25	0.06319	0.01524	0.06783	0.20234	0.13758	0.01493	0.08067	0.02104	0.08380	0.02235	0.01816	0.02761	0.01580	0.01132	0.01049	0.10364	0.00857	0.08240	0.00433	0.00871
26	0.02478	0.02964	0.02124	0.04212	0.06751	0.50876	0.01484	0.05156	0.04673	0.02062	0.03940	0.01654	0.01277	0.00842	0.00824	0.00210	0.06589	0.00565	0.00421	0.00898
27	0.01037	0.00744	0.00973	0.00959	0.01107	0.00693	0.00706	0.01338	0.01938	0.02717	0.53754	0.15396	0.06386	0.05170	0.01033	0.00271	0.00393	0.03935	0.00776	0.00674
28	0.02759	0.08000	0.02208	0.01818	0.02245	0.57018	0.01401	0.07680	0.02168	0.06220	0.01297	0.01435	0.01033	0.00775	0.00667	0.00194	0.01220	0.00503	0.00438	0.00921
29	0.02452	0.06184	0.02068	0.01517	0.02004	0.02050	0.01226	0.50847	0.02928	0.03907	0.01839	0.02311	0.01508	0.14281	0.01284	0.00310	0.00798	0.00728	0.00663	0.01095

[dist]
# distance from previous block
# <min> <max>
3	13

[block]
# block no. 5 follows, 27 sequences, length 45
# corresponding to MSA columns:
# 180-224
name=unknown_F
#
# <colnr> <probs for GDERKNQSTAVLIFYWHMCP>
#	G	D	E	R	K	N	Q	S	T	A	V	L	I	F	Y	W	H	M	C	P
0	0.01560	0.01458	0.01492	0.01465	0.03759	0.14846	0.01095	0.05616	0.01544	0.01999	0.01790	0.02463	0.01602	0.03822	0.45124	0.00829	0.03398	0.00712	0.04665	0.00759
1	0.01700	0.01614	0.02741	0.22295	0.49923	0.01701	0.02183	0.02151	0.01637	0.02278	0.01466	0.02107	0.01237	0.00732	0.00747	0.00232	0.00903	0.02919	0.00369	0.01066
2	0.01552	0.01330	0.01545	0.01116	0.01766	0.01023	0.00891	0.01951	0.04163	0.02446	0.01387	0.01588	0.01146	0.00568	0.00558	0.00116	0.00551	0.00456	0.00452	0.75395
3	0.00888	0.00756	0.00768	0.00773	0.01021	0.00635	0.00586	0.01082	0.01693	0.02013	0.07395	0.07187	0.66724	0.01886	0.00883	0.00254	0.00387	0.03752	0.00689	0.00629
4	0.01767	0.01692	0.02886	0.15492	0.58895	0.01745	0.02243	0.02217	0.01657	0.02340	0.01384	0.01860	0.01146	0.00675	0.00736	0.00225	0.00899	0.00661	0.00361	0.01119
5	0.00924	0.00669	0.00832	0.00962	0.01052	0.00612	0.00656	0.01075	0.01480	0.01961	0.04667	0.57048	0.17103	0.02165	0.00912	0.00285	0.00416	0.01933	0.04635	0.00612
6	0.01028	0.00752	0.00965	0.00924	0.01098	0.00689	0.00688	0.01352	0.02030	0.02835	0.60140	0.09364	0.12176	0.01592	0.00880	0.00239	0.00357	0.01403	0.00799	0.00689
7	0.01061	0.00795	0.01193	0.01193	0.01326	0.00928	0.00928	0.01326	0.01193	0.01723	0.01988	0.02916	0.01856	0.05568	0.70968	0.01193	0.01988	0.00795	0.00398	0.00663
8	0.01643	0.01662	0.02264	0.08310	0.02248	0.04561	0.01657	0.01837	0.01201	0.01798	0.01012	0.01647	0.00975	0.01231	0.02222	0.00313	0.63632	0.00645	0.00327	0.00815
9	0.01530	0.01335	0.01674	0.01210	0.01854	0.01026	0.04516	0.01870	0.01547	0.02399	0.01422	0.03969	0.01228	0.00613	0.00581	0.00124	0.00585	0.00520	0.00445	0.71551
10	0.01813	0.01513	0.02184	0.45912	0.06284	0.01783	0.01806	0.20251	0.02031	0.02669	0.01452	0.01934	0.01090	0.00883	0.00862	0.04572	0.00918	0.00661	0.00448	0.00933
11	0.01489	0.03840	0.70064	0.02116	0.03213	0.01724	0.02743	0.02351	0.01567	0.02351	0.01332	0.01567	0.00940	0.00705	0.00705	0.00235	0.01097	0.00549	0.00313	0.01097
12	0.01556	0.01335	0.01547	0.01122	0.01769	0.01037	0.00896	0.01983	0.05177	0.02457	0.01413	0.01607	0.01163	0.00575	0.00561	0.00118	0.00552	0.00462	0.00457	0.74216
13	0.01071	0.00716	0.00812	0.00821	0.00823	0.00714	0.00462	0.01077	0.01097	0.01463	0.02428	0.08356	0.02812	0.70258	0.03634	0.00698	0.00705	0.01132	0.00462	0.00458
14	0.01069	0.00760	0.01014	0.01014	0.01084	0.00830	0.00704	0.01210	0.01140	0.01590	0.02153	0.03825	0.02251	0.37559	0.39516	0.00971	0.01395	0.00928	0.00422	0.00563
15	0.01020	0.00747	0.00957	0.00926	0.01096	0.00684	0.00687	0.01334	0.01998	0.02782	0.56931	0.12194	0.12614	0.01629	0.00883	0.00242	0.00360	0.01437	0.00793	0.00684
16	0.01053	0.00767	0.00858	0.00829	0.01025	0.00680	0.00595	0.01247	0.01688	0.04750	0.20980	0.06144	0.38828	0.15637	0.01431	0.00336	0.00446	0.01388	0.00683	0.00635
17	0.01650	0.01573	0.02675	0.33627	0.41673	0.01715	0.02185	0.02114	0.01602	0.02198	0.01363	0.01898	0.01096	0.00696	0.00738	0.00232	0.00928	0.00661	0.00351	0.01025
18	0.01755	0.01994	0.04330	0.03181	0.06271	0.01873	0.64232	0.02374	0.01750	0.02380	0.01498	0.01996	0.01128	0.00627	0.00871	0.00249	0.01238	0.00868	0.00375	0.01008
19	0.01669	0.01499	0.05004	0.01338	0.01996	0.01151	0.05602	0.03714	0.04065	0.05637	0.01563	0.01881	0.01273	0.00651	0.00616	0.00146	0.00641	0.02481	0.00478	0.58592
20	0.04699	0.02216	0.17920	0.05089	0.08721	0.01719	0.33561	0.02385	0.04809	0.04860	0.01698	0.05831	0.01360	0.00774	0.00800	0.00246	0.01053	0.00823	0.00418	0.01019
21	0.01843	0.01737	0.02903	0.10736	0.60111	0.01779	0.02217	0.05299	0.01756	0.02483	0.01407	0.01848	0.01163	0.00680	0.00736	0.00223	0.00889	0.00662	0.00382	0.01147
22	0.01040	0.00846	0.00903	0.00880	0.01127	0.00770	0.00660	0.04772	0.04365	0.02277	0.12720	0.13339	0.50043	0.01803	0.00872	0.00253	0.00411	0.01524	0.00707	0.00687
23	0.01570	0.01248	0.01350	0.01248	0.01589	0.01344	0.00956	0.02846	0.39264	0.06365	0.06480	0.10927	0.19002	0.01364	0.00808	0.00255	0.00514	0.01156	0.00744	0.00973
24	0.02922	0.01206	0.01601	0.01263	0.01777	0.01066	0.01031	0.03294	0.05214	0.56950	0.08778	0.03069	0.06297	0.01031	0.00766	0.00232	0.00591	0.00850	0.00889	0.01174
25	0.01139	0.00782	0.01001	0.00933	0.01134	0.00711	0.00704	0.01469	0.02059	0.05995	0.59240	0.05575	0.13393	0.01528	0.00870	0.00235	0.00366	0.01339	0.00808	0.00719
26	0.01078	0.00724	0.00833	0.00833	0.00840	0.00732	0.00478	0.01094	0.01086	0.01456	0.02318	0.04742	0.02649	0.69836	0.07784	0.00748	0.00795	0.01063	0.00447	0.00463
27	0.01539	0.01319	0.01539	0.01100	0.01759	0.00990	0.00880	0.01869	0.01539	0.02419	0.01319	0.01539	0.01100	0.00550	0.00550	0.00110	0.00550	0.00440	0.00440	0.78449
28	0.01074	0.00815	0.01026	0.01132	0.01333	0.00767	0.00954	0.01357	0.01703	0.02139	0.05306	0.07903	0.29059	0.01985	0.00969	0.00307	0.00566	0.40258	0.00686	0.00662
29	0.01678	0.01764	0.02206	0.54789	0.04398	0.15034	0.01917	0.02097	0.01585	0.01875	0.01268	0.01837	0.00982	0.00777	0.00820	0.00241	0.04938	0.00624	0.00340	0.00831
30	0.01068	0.00722	0.00806	0.00806	0.00820	0.00715	0.00456	0.01079	0.01114	0.01471	0.02626	0.04985	0.06374	0.69917	0.03618	0.00694	0.00701	0.01107	0.00463	0.00460
31	0.01810	0.01740	0.02958	0.08234	0.59881	0.01766	0.04701	0.02339	0.04816	0.02425	0.01473	0.01896	0.01215	0.00681	0.00742	0.00225	0.00888	0.00678	0.00384	0.01149
32	0.01648	0.26456	0.48841	0.01845	0.02794	0.02113	0.02271	0.02310	0.01548	0.02157	0.01236	0.01447	0.00944	0.00683	0.00632	0.00211	0.01000	0.00500	0.00315	0.01051
33	0.02074	0.14002	0.02552	0.02458	0.21558	0.23405	0.01581	0.02456	0.05099	0.02084	0.01349	0.01655	0.01150	0.01022	0.04876	0.00258	0.04962	0.00562	0.00388	0.06509
34	0.02506	0.02004	0.04550	0.01650	0.02231	0.02118	0.01383	0.48209	0.16361	0.04153	0.01992	0.01961	0.01445	0.00889	0.00733	0.00223	0.00766	0.00686	0.00713	0.05425
35	0.01985	0.74357	0.03890	0.01270	0.01905	0.02937	0.01270	0.02223	0.01508	0.01747	0.01032	0.01191	0.00953	0.00635	0.00476	0.00159	0.00794	0.00397	0.00318	0.00953
36	0.01058	0.00763	0.01002	0.00954	0.01129	0.00708	0.00724	0.01407	0.02083	0.02941	0.65813	0.05679	0.06875	0.01543	0.00883	0.00239	0.00366	0.04321	0.00811	0.00700
37	0.00993	0.00804	0.00888	0.00858	0.01093	0.00724	0.00646	0.01349	0.05759	0.02397	0.27848	0.06348	0.44224	0.01707	0.00870	0.00245	0.00380	0.01448	0.00736	0.00684
38	0.00877	0.00752	0.00752	0.00752	0.01003	0.00627	0.00564	0.01065	0.01692	0.02005	0.07520	0.07144	0.68978	0.01880	0.00877	0.00251	0.00376	0.01567	0.00689	0.00627
39	0.03331	0.01263	0.01723	0.01321	0.01895	0.01091	0.01091	0.03618	0.02125	0.69794	0.02929	0.02527	0.01838	0.00919	0.00747	0.00230	0.00632	0.00747	0.00919	0.01263
40	0.01816	0.01569	0.01730	0.01673	0.05646	0.01796	0.01237	0.03740	0.61170	0.03026	0.02974	0.02980	0.02299	0.01037	0.00767	0.00254	0.00608	0.03794	0.00731	0.01152
41	0.02893	0.01633	0.01911	0.01501	0.02058	0.01682	0.01229	0.28125	0.13323	0.33782	0.02500	0.02278	0.01685	0.00922	0.00746	0.00231	0.00696	0.00731	0.00824	0.01249
42	0.01080	0.00720	0.00810	0.00810	0.00810	0.00720	0.00450	0.01080	0.01080	0.01439	0.02339	0.04858	0.02699	0.73910	0.03779	0.00720	0.00720	0.01080	0.00450	0.00450
43	0.01070	0.00716	0.00813	0.00822	0.00824	0.00713	0.00463	0.01077	0.01098	0.01464	0.02435	0.08614	0.02820	0.69989	0.03623	0.00697	0.00704	0.01136	0.00463	0.00458
44	0.01731	0.01962	0.04252	0.07242	0.03953	0.01864	0.62736	0.02349	0.01736	0.02349	0.01491	0.02001	0.01118	0.00633	0.00868	0.00250	0.01236	0.00863	0.00373	0.00991

[dist]
# distance from previous block
# <min> <max>
0	35

[block]
# block no. 6 follows, 27 sequences, length 75
# corresponding to MSA columns:
# 260-334
name=unknown_G
#
# <colnr> <probs for GDERKNQSTAVLIFYWHMCP>
#	G	D	E	R	K	N	Q	S	T	A	V	L	I	F	Y	W	H	M	C	P
0	0.01489	0.03840	0.70064	0.02116	0.03213	0.01724	0.02743	0.02351	0.01567	0.02351	0.01332	0.01567	0.00940	0.00705	0.00705	0.00235	0.01097	0.00549	0.00313	0.01097
1	0.00904	0.00646	0.00861	0.01034	0.01077	0.00603	0.00689	0.01034	0.01421	0.01895	0.04092	0.73426	0.04910	0.02326	0.00948	0.00301	0.00431	0.02110	0.00689	0.00603
2	0.01275	0.00867	0.01165	0.01207	0.01410	0.00846	0.01004	0.01684	0.04371	0.05999	0.28243	0.06801	0.05098	0.01753	0.00945	0.00292	0.00552	0.35000	0.00749	0.00738
3	0.01866	0.57400	0.19803	0.01474	0.02220	0.02646	0.01624	0.02254	0.01523	0.01892	0.01104	0.01281	0.00950	0.00652	0.00531	0.00177	0.00867	0.00433	0.00317	0.00987
4	0.01042	0.00759	0.00980	0.00925	0.01104	0.00697	0.00694	0.01384	0.02081	0.02929	0.65863	0.05624	0.10060	0.01536	0.00876	0.00234	0.00352	0.01354	0.00811	0.00697
5	0.69734	0.01397	0.01144	0.01005	0.01465	0.01581	0.00826	0.02283	0.01369	0.09226	0.03531	0.01472	0.01109	0.00738	0.00499	0.00230	0.00572	0.00465	0.00513	0.00841
6	0.02811	0.02396	0.02201	0.01752	0.02301	0.17190	0.01416	0.52955	0.03190	0.04058	0.01645	0.01686	0.01196	0.00864	0.00727	0.00216	0.00930	0.00627	0.00665	0.01175
7	0.02481	0.01957	0.02458	0.04963	0.02588	0.02127	0.10785	0.48651	0.06952	0.04035	0.01875	0.04341	0.01416	0.00903	0.00770	0.00232	0.00860	0.00758	0.00671	0.01178
8	0.10066	0.10076	0.27538	0.02890	0.28770	0.01864	0.04067	0.02292	0.01582	0.02424	0.01299	0.01607	0.01025	0.00677	0.00671	0.00221	0.00929	0.00571	0.00353	0.01078
9	0.02158	0.07960	0.14607	0.06559	0.30886	0.01670	0.01954	0.02619	0.01757	0.20058	0.01754	0.01925	0.01280	0.00739	0.00712	0.00222	0.00853	0.00642	0.00497	0.01148
10	0.01236	0.00703	0.00942	0.00982	0.01040	0.00701	0.00702	0.01202	0.01226	0.01721	0.02229	0.06935	0.02312	0.13443	0.02269	0.37223	0.00613	0.12735	0.11313	0.00474
11	0.13863	0.01418	0.04627	0.04940	0.02026	0.01284	0.01167	0.06032	0.04140	0.44852	0.02518	0.06158	0.01764	0.00947	0.00714	0.00235	0.00658	0.00759	0.00770	0.01128
12	0.01821	0.01859	0.06087	0.04445	0.66251	0.01762	0.02300	0.02282	0.01685	0.02422	0.01393	0.01825	0.01165	0.00663	0.00734	0.00221	0.00892	0.00656	0.00365	0.01172
13	0.02930	0.01175	0.01594	0.01253	0.01757	0.01022	0.01022	0.03228	0.02121	0.58041	0.14530	0.03058	0.02746	0.01024	0.00769	0.00230	0.00582	0.00851	0.00901	0.01164
14	0.01539	0.01319	0.01539	0.01100	0.01759	0.00990	0.00880	0.01869	0.01539	0.02419	0.01319	0.01539	0.01100	0.00550	0.00550	0.00110	0.00550	0.00440	0.00440	0.78449
15	0.01633	0.01414	0.02061	0.08226	0.02379	0.01284	0.10522	0.01996	0.01555	0.05834	0.01513	0.04649	0.01277	0.00738	0.00809	0.00176	0.07092	0.00627	0.00445	0.45769
16	0.01384	0.00692	0.00692	0.00692	0.00865	0.00692	0.00519	0.01730	0.01557	0.02768	0.02422	0.02768	0.01903	0.00865	0.00519	0.00173	0.00346	0.00692	0.78031	0.00692
17	0.05473	0.01580	0.01524	0.01326	0.01684	0.09275	0.01047	0.15690	0.13521	0.05645	0.02968	0.03008	0.12981	0.01322	0.04506	0.00279	0.04701	0.00829	0.11706	0.00935
18	0.01289	0.00645	0.00967	0.00967	0.00967	0.00645	0.00645	0.00967	0.00967	0.01289	0.01289	0.02257	0.01289	0.02579	0.02901	0.78401	0.00645	0.00645	0.00322	0.00322
19	0.02841	0.02049	0.02209	0.01693	0.02287	0.02257	0.01399	0.64425	0.03439	0.07130	0.01825	0.01810	0.01284	0.00892	0.00743	0.00223	0.00810	0.00671	0.00749	0.01263
20	0.01821	0.01311	0.01568	0.01134	0.01781	0.01006	0.00913	0.02144	0.01631	0.13001	0.01572	0.01694	0.01215	0.00608	0.00581	0.00129	0.00563	0.00488	0.00515	0.66326
21	0.00885	0.00752	0.00762	0.00760	0.01007	0.00630	0.00570	0.01080	0.01710	0.02047	0.10157	0.07076	0.66315	0.01865	0.00877	0.00250	0.00375	0.01557	0.00695	0.00630
22	0.01539	0.01319	0.01539	0.01100	0.01759	0.00990	0.00880	0.01869	0.01539	0.02419	0.01319	0.01539	0.01100	0.00550	0.00550	0.00110	0.00550	0.00440	0.00440	0.78449
23	0.01539	0.01319	0.01539	0.01100	0.01759	0.00990	0.00880	0.01869	0.01539	0.02419	0.01319	0.01539	0.01100	0.00550	0.00550	0.00110	0.00550	0.00440	0.00440	0.78449
24	0.01513	0.01190	0.01435	0.01124	0.01602	0.00990	0.00869	0.01775	0.01492	0.05776	0.01849	0.11613	0.01786	0.07218	0.00998	0.00207	0.04531	0.00749	0.00493	0.52789
25	0.01538	0.03495	0.57728	0.02306	0.03338	0.01753	0.14733	0.02356	0.01602	0.02356	0.01364	0.01649	0.00975	0.00690	0.00737	0.00238	0.01126	0.00610	0.00325	0.01079
26	0.00904	0.00646	0.00861	0.01034	0.01077	0.00603	0.00689	0.01034	0.01421	0.01895	0.04092	0.73426	0.04910	0.02326	0.00948	0.00301	0.00431	0.02110	0.00689	0.00603
27	0.01415	0.01344	0.02305	0.69600	0.05068	0.01658	0.04424	0.01914	0.01494	0.01914	0.01326	0.01980	0.00995	0.00738	0.00747	0.00248	0.00999	0.00668	0.00332	0.00831
28	0.79154	0.01436	0.01091	0.00976	0.01436	0.01665	0.00804	0.02182	0.01263	0.03331	0.01034	0.01206	0.00804	0.00689	0.00459	0.00230	0.00574	0.00402	0.00459	0.00804
29	0.01489	0.03840	0.70064	0.02116	0.03213	0.01724	0.02743	0.02351	0.01567	0.02351	0.01332	0.01567	0.00940	0.00705	0.00705	0.00235	0.01097	0.00549	0.00313	0.01097
30	0.02016	0.01380	0.01717	0.01325	0.01879	0.01230	0.03677	0.11220	0.05566	0.15731	0.02110	0.10014	0.01763	0.00898	0.00684	0.00184	0.00620	0.00760	0.00617	0.36608
31	0.01025	0.00742	0.00896	0.00935	0.01048	0.00700	0.00662	0.01196	0.01533	0.02019	0.16342	0.16288	0.17014	0.25168	0.01846	0.00420	0.00534	0.10410	0.00635	0.00588
32	0.01574	0.07279	0.50522	0.02262	0.03218	0.01845	0.15222	0.02325	0.01582	0.02299	0.01334	0.01635	0.00979	0.00711	0.00801	0.00238	0.04181	0.00609	0.00326	0.01058
33	0.01935	0.67228	0.10580	0.01356	0.02038	0.02815	0.01419	0.02236	0.01514	0.01808	0.01062	0.01229	0.00951	0.00642	0.00499	0.00166	0.00825	0.00412	0.00317	0.00967
34	0.00904	0.00646	0.00861	0.01034	0.01077	0.00603	0.00689	0.01034	0.01421	0.01895	0.04092	0.73426	0.04910	0.02326	0.00948	0.00301	0.00431	0.02110	0.00689	0.00603
35	0.02529	0.01900	0.02026	0.01612	0.02145	0.02117	0.01312	0.49364	0.17855	0.04228	0.02093	0.02054	0.01521	0.00916	0.00734	0.00227	0.00741	0.00708	0.04703	0.01214
36	0.01846	0.01595	0.01679	0.01511	0.01930	0.01846	0.01175	0.03945	0.67938	0.03105	0.03022	0.02770	0.02266	0.01007	0.00755	0.00252	0.00588	0.00839	0.00755	0.01175
37	0.02742	0.03405	0.02094	0.01889	0.02282	0.65474	0.01424	0.05797	0.04498	0.01988	0.01242	0.01409	0.01016	0.00779	0.00676	0.00195	0.01289	0.00499	0.00411	0.00889
38	0.60857	0.01483	0.01262	0.01082	0.01552	0.01683	0.00890	0.11581	0.01638	0.06353	0.01295	0.01426	0.00971	0.00737	0.00516	0.00226	0.00600	0.00470	0.04493	0.00884
39	0.79154	0.01436	0.01091	0.00976	0.01436	0.01665	0.00804	0.02182	0.01263	0.03331	0.01034	0.01206	0.00804	0.00689	0.00459	0.00230	0.00574	0.00402	0.00459	0.00804
40	0.01080	0.00720	0.00810	0.00810	0.00810	0.00720	0.00450	0.01080	0.01080	0.01439	0.02339	0.04858	0.02699	0.73910	0.03779	0.00720	0.00720	0.01080	0.00450	0.00450
41	0.01150	0.00778	0.01011	0.00942	0.01121	0.00719	0.00699	0.01473	0.02029	0.05730	0.61311	0.05367	0.06476	0.06660	0.01077	0.00268	0.00389	0.01298	0.00795	0.00707
42	0.02579	0.01959	0.02091	0.01659	0.02210	0.02189	0.01352	0.51156	0.19534	0.04287	0.02091	0.02028	0.01512	0.00920	0.00746	0.00230	0.00760	0.00711	0.00746	0.01241
43	0.01080	0.00720	0.00810	0.00810	0.00810	0.00720	0.00450	0.01080	0.01080	0.01439	0.02339	0.04858	0.02699	0.73910	0.03779	0.00720	0.00720	0.01080	0.00450	0.00450
44	0.01914	0.64248	0.13377	0.01391	0.02093	0.02763	0.01481	0.02241	0.01517	0.01833	0.01075	0.01245	0.00951	0.00645	0.00509	0.00170	0.00837	0.00419	0.00317	0.00973
45	0.00877	0.00752	0.00752	0.00752	0.01003	0.00627	0.00564	0.01065	0.01692	0.02005	0.07520	0.07144	0.68978	0.01880	0.00877	0.00251	0.00376	0.01567	0.00689	0.00627
46	0.02084	0.01605	0.01758	0.01493	0.01908	0.01791	0.01185	0.30547	0.24103	0.03469	0.02454	0.05701	0.02051	0.07066	0.05707	0.00346	0.00790	0.04174	0.00696	0.01073
47	0.02615	0.01884	0.02060	0.01587	0.02163	0.02011	0.01300	0.53058	0.03101	0.07722	0.01896	0.05078	0.01441	0.00919	0.00730	0.00214	0.00759	0.00713	0.00715	0.10033
48	0.04766	0.01370	0.02185	0.58558	0.04481	0.01744	0.01942	0.01892	0.01423	0.01942	0.01256	0.01893	0.00979	0.00823	0.00984	0.00258	0.11699	0.00647	0.00335	0.00822
49	0.01624	0.01624	0.02274	0.01949	0.01949	0.02274	0.01624	0.01787	0.01137	0.01787	0.00975	0.01624	0.00975	0.01299	0.02436	0.00325	0.72552	0.00650	0.00325	0.00812
50	0.01010	0.00757	0.00936	0.00891	0.01084	0.00683	0.00668	0.01322	0.02005	0.02748	0.54413	0.05923	0.21623	0.01603	0.00876	0.00238	0.00356	0.01395	0.00787	0.00683
