[name]
unknown

[dist]
# distance from previous block
# <min> <max>
0	39

[block]
# block no. 0 follows, 31 sequences, length 43
# corresponding to MSA columns:
# 39-81
name=unknown_A
#
# <colnr> <probs for GDERKNQSTAVLIFYWHMCP>
#	G	D	E	R	K	N	Q	S	T	A	V	L	I	F	Y	W	H	M	C	P
0	0.01960	0.01659	0.05596	0.04121	0.02344	0.01578	0.14779	0.23358	0.02063	0.09161	0.01649	0.02064	0.01290	0.00788	0.00778	0.00204	0.05000	0.04704	0.00521	0.16380
1	0.01794	0.13611	0.13315	0.01889	0.05336	0.06773	0.14894	0.05504	0.07180	0.06474	0.01409	0.01623	0.01093	0.00713	0.00803	0.00203	0.08318	0.00582	0.00405	0.08080
2	0.01992	0.01635	0.01838	0.01438	0.01951	0.07061	0.05961	0.22676	0.11629	0.07184	0.01776	0.05265	0.01410	0.00780	0.00646	0.00181	0.00689	0.00643	0.00560	0.24684
3	0.01257	0.00989	0.01195	0.01151	0.04641	0.00919	0.00790	0.06719	0.05736	0.02142	0.05461	0.23895	0.05059	0.14259	0.01188	0.00281	0.00525	0.01076	0.00533	0.22187
4	0.01670	0.01916	0.09759	0.06115	0.05571	0.01660	0.53893	0.02236	0.01608	0.06477	0.01440	0.01834	0.01059	0.00606	0.00776	0.00227	0.01084	0.00758	0.00370	0.00943
5	0.00883	0.00697	0.00786	0.00773	0.00966	0.00612	0.00578	0.01105	0.01664	0.02141	0.28988	0.06008	0.43264	0.05177	0.00941	0.00249	0.00363	0.03544	0.00666	0.00595
6	0.01493	0.01499	0.02177	0.05101	0.02003	0.02054	0.04419	0.01674	0.01086	0.01674	0.00933	0.01526	0.00905	0.01148	0.02113	0.00293	0.68234	0.00608	0.00302	0.00756
7	0.01347	0.01276	0.02136	0.62906	0.12156	0.01559	0.01903	0.01783	0.01374	0.01798	0.01209	0.01794	0.00931	0.00700	0.00758	0.00229	0.04430	0.00608	0.00308	0.00796
8	0.00889	0.00649	0.00747	0.00801	0.00879	0.00603	0.00518	0.00977	0.01259	0.01614	0.04036	0.28904	0.22496	0.30376	0.01857	0.00413	0.00485	0.01440	0.00550	0.00508
9	0.01426	0.01253	0.01575	0.03162	0.01801	0.01003	0.03946	0.01742	0.01415	0.02196	0.01214	0.01452	0.01008	0.00536	0.00579	0.00117	0.02856	0.00435	0.00397	0.71887
10	0.01580	0.01789	0.03891	0.02797	0.03459	0.01677	0.66123	0.02136	0.01601	0.02171	0.01491	0.05155	0.01195	0.00647	0.00810	0.00233	0.01119	0.00858	0.00359	0.00906
11	0.02040	0.11235	0.01957	0.01378	0.01782	0.07920	0.01124	0.34443	0.02229	0.02909	0.01545	0.01968	0.01303	0.09503	0.10308	0.00360	0.03491	0.00618	0.00514	0.03373
12	0.01737	0.01729	0.02419	0.09366	0.32712	0.09956	0.08206	0.05299	0.09977	0.02232	0.01490	0.01833	0.01205	0.01005	0.05837	0.00274	0.02720	0.00637	0.00398	0.00967
13	0.00978	0.00731	0.01087	0.01087	0.01205	0.00848	0.00840	0.01214	0.01096	0.01579	0.01844	0.02751	0.01738	0.07648	0.70766	0.01084	0.01791	0.00742	0.00368	0.00604
14	0.00874	0.00691	0.00787	0.00772	0.00967	0.00604	0.00575	0.01105	0.01700	0.02203	0.32655	0.09100	0.42305	0.01617	0.00811	0.00227	0.00339	0.01383	0.00683	0.00604
15	0.01829	0.76368	0.03585	0.01171	0.01756	0.02707	0.01171	0.02049	0.01390	0.01610	0.00951	0.01097	0.00878	0.00585	0.00439	0.00146	0.00732	0.00366	0.00293	0.00878
16	0.18472	0.01403	0.01591	0.01253	0.01760	0.01427	0.01032	0.20267	0.04636	0.38129	0.02077	0.01914	0.01379	0.00801	0.00634	0.00211	0.00614	0.00609	0.00714	0.01076
17	0.00919	0.00671	0.00864	0.00870	0.01006	0.00616	0.00632	0.01176	0.01739	0.02405	0.48050	0.23744	0.11513	0.01623	0.00824	0.00233	0.00344	0.01441	0.00712	0.00616
18	0.01292	0.01216	0.02052	0.74312	0.04712	0.01520	0.01900	0.01748	0.01368	0.01748	0.01216	0.01824	0.00912	0.00684	0.00684	0.00228	0.00912	0.00608	0.00304	0.00760
19	0.01167	0.00602	0.00875	0.00875	0.00875	0.00602	0.00575	0.00903	0.00903	0.01203	0.01294	0.02341	0.01330	0.10401	0.02762	0.71432	0.00602	0.00638	0.00310	0.00310
20	0.00834	0.00595	0.00794	0.00953	0.00992	0.00556	0.00635	0.00953	0.01310	0.01746	0.03771	0.75510	0.04525	0.02143	0.00873	0.00278	0.00397	0.01945	0.00635	0.00556
21	0.01475	0.01249	0.01449	0.01040	0.01645	0.00969	0.00834	0.04921	0.01504	0.02328	0.01236	0.01429	0.01020	0.00522	0.00515	0.00106	0.00518	0.00415	0.00419	0.76406
22	0.01633	0.01505	0.02514	0.01830	0.02418	0.01370	0.28031	0.07738	0.01685	0.04846	0.05230	0.01846	0.01356	0.00647	0.00725	0.00179	0.03365	0.00646	0.00437	0.32001
23	0.01164	0.00694	0.00900	0.00940	0.01059	0.00640	0.00651	0.01309	0.01427	0.11121	0.10347	0.46271	0.06933	0.11764	0.01189	0.00312	0.00448	0.01559	0.00645	0.00627
24	0.02601	0.01916	0.02053	0.01574	0.02122	0.02122	0.01300	0.69408	0.03217	0.04312	0.01643	0.01643	0.01163	0.00821	0.00684	0.00205	0.00753	0.00616	0.00684	0.01163
25	0.05157	0.01191	0.01493	0.01153	0.01673	0.01043	0.00937	0.02808	0.07452	0.42855	0.04897	0.02171	0.01697	0.00777	0.00636	0.00184	0.00547	0.00630	0.00699	0.21999
26	0.01012	0.00698	0.00825	0.00861	0.00901	0.00693	0.00537	0.04213	0.01215	0.01621	0.02722	0.30334	0.03170	0.45398	0.02395	0.00501	0.00570	0.01325	0.00508	0.00502
27	0.01888	0.33165	0.05529	0.01597	0.02046	0.15622	0.07138	0.04450	0.05511	0.01862	0.01138	0.01375	0.00975	0.00747	0.00860	0.00196	0.14187	0.00497	0.00346	0.00869
28	0.01370	0.01302	0.02166	0.57519	0.14657	0.01585	0.01896	0.01793	0.01370	0.01814	0.01200	0.01776	0.00937	0.00716	0.00815	0.00230	0.07130	0.00607	0.00309	0.00808
29	0.01256	0.00986	0.01222	0.01124	0.01203	0.01151	0.00814	0.07132	0.04367	0.01783	0.01988	0.09876	0.02130	0.36698	0.09087	0.00531	0.16668	0.00930	0.00441	0.00612
30	0.01815	0.00887	0.01108	0.00952	0.01264	0.00777	0.00731	0.02017	0.01682	0.31851	0.10921	0.07289	0.23071	0.11169	0.01114	0.00280	0.00489	0.01062	0.00708	0.00812
31	0.01435	0.00808	0.01010	0.00902	0.01171	0.00711	0.00696	0.01690	0.01804	0.19598	0.32396	0.07578	0.24734	0.01391	0.00781	0.00221	0.00397	0.01191	0.00736	0.00750
32	0.01055	0.00746	0.00888	0.00923	0.01081	0.00700	0.00659	0.03654	0.04604	0.05609	0.07342	0.40787	0.23379	0.04119	0.00909	0.00266	0.00416	0.01576	0.00649	0.00638
33	0.03038	0.01215	0.01619	0.01241	0.01772	0.01081	0.01025	0.07808	0.02043	0.67568	0.02628	0.02282	0.01658	0.00845	0.00688	0.00211	0.00594	0.00683	0.00836	0.01164
34	0.01433	0.01028	0.01189	0.01096	0.01319	0.01085	0.00809	0.12787	0.13790	0.05659	0.09428	0.19112	0.05230	0.16191	0.06347	0.00380	0.00632	0.01108	0.00613	0.00762
35	0.01129	0.00807	0.00976	0.00927	0.00989	0.00876	0.00618	0.05837	0.01173	0.01602	0.01992	0.03778	0.02162	0.53123	0.16729	0.00697	0.04747	0.00897	0.00418	0.00522
36	0.01910	0.63030	0.03294	0.01280	0.01806	0.12087	0.01206	0.02121	0.01447	0.01620	0.00963	0.01135	0.00879	0.00631	0.00549	0.00158	0.04337	0.00387	0.00301	0.00860
37	0.02181	0.01527	0.01699	0.01342	0.01813	0.01601	0.01076	0.35519	0.11531	0.11298	0.01909	0.02099	0.01463	0.07861	0.02668	0.00259	0.00688	0.00654	0.00633	0.12182
38	0.01825	0.63155	0.09172	0.01290	0.01880	0.05295	0.01304	0.03616	0.01446	0.01722	0.00992	0.01158	0.00884	0.00622	0.00532	0.00160	0.03361	0.00394	0.00304	0.00888
39	0.02176	0.01601	0.01747	0.01477	0.04000	0.01768	0.01151	0.39185	0.20417	0.05867	0.02039	0.02066	0.01513	0.02570	0.00730	0.00218	0.00646	0.00670	0.09093	0.01067
40	0.02184	0.37709	0.06413	0.01404	0.01973	0.09490	0.01291	0.23994	0.02065	0.05701	0.01279	0.01361	0.01007	0.00689	0.00559	0.00175	0.00797	0.00476	0.00450	0.00982
41	0.02198	0.01706	0.05094	0.01439	0.01909	0.05154	0.01196	0.27636	0.22833	0.13664	0.04172	0.06163	0.01826	0.00932	0.00697	0.00218	0.00668	0.00751	0.00676	0.01066
42	0.02122	0.01584	0.01741	0.01328	0.01868	0.01605	0.01083	0.39090	0.05730	0.05367	0.01616	0.01676	0.01202	0.00723	0.00617	0.00171	0.00637	0.00558	0.04380	0.26903

[dist]
# distance from previous block
# <min> <max>
0	1

[block]
# block no. 1 follows, 31 sequences, length 8
# corresponding to MSA columns:
# 83-90
name=unknown_B
#
# <colnr> <probs for GDERKNQSTAVLIFYWHMCP>
#	G	D	E	R	K	N	Q	S	T	A	V	L	I	F	Y	W	H	M	C	P
0	0.02393	0.01650	0.01825	0.01449	0.01921	0.01783	0.01175	0.52891	0.02815	0.10752	0.02056	0.12378	0.01702	0.01015	0.00712	0.00216	0.00684	0.00815	0.00694	0.01076
1	0.00833	0.00643	0.00762	0.00839	0.00967	0.00571	0.00589	0.00990	0.01459	0.01863	0.10109	0.42007	0.32081	0.01919	0.00842	0.00254	0.00371	0.01687	0.00644	0.00571
2	0.05790	0.02803	0.45189	0.06813	0.03153	0.01620	0.20694	0.02138	0.01471	0.02196	0.01255	0.01561	0.00910	0.00631	0.00683	0.00221	0.01017	0.00588	0.00313	0.00956
3	0.00998	0.00837	0.00886	0.00868	0.01106	0.00802	0.00651	0.01523	0.15153	0.02097	0.10018	0.12663	0.46707	0.01594	0.00793	0.00235	0.00389	0.01349	0.00655	0.00680
4	0.01441	0.01235	0.01834	0.06255	0.01879	0.01533	0.06571	0.01659	0.01255	0.06264	0.01757	0.16606	0.01760	0.01252	0.01515	0.00268	0.38519	0.00896	0.06759	0.00742
5	0.02374	0.01891	0.01768	0.01455	0.01892	0.16097	0.01163	0.33432	0.07918	0.11454	0.01798	0.01849	0.01323	0.01081	0.05262	0.00256	0.00849	0.00611	0.06520	0.01008
6	0.00989	0.00706	0.00869	0.00926	0.01009	0.00685	0.00625	0.05207	0.01434	0.01920	0.10314	0.45615	0.06962	0.17772	0.01411	0.00347	0.00466	0.01566	0.00603	0.00573
7	0.02201	0.13640	0.05362	0.01607	0.04968	0.15780	0.01303	0.22213	0.15022	0.06587	0.01648	0.01674	0.01246	0.00758	0.00629	0.00193	0.00801	0.00565	0.00530	0.03272

[dist]
# distance from previous block
# <min> <max>
2	10

[block]
# block no. 2 follows, 31 sequences, length 21
# corresponding to MSA columns:
# 101-121
name=unknown_C
#
# <colnr> <probs for GDERKNQSTAVLIFYWHMCP>
#	G	D	E	R	K	N	Q	S	T	A	V	L	I	F	Y	W	H	M	C	P
0	0.01666	0.01303	0.03851	0.01238	0.04430	0.03155	0.00952	0.07633	0.01648	0.11405	0.03695	0.09801	0.03574	0.04829	0.00773	0.00190	0.00576	0.00716	0.00518	0.38046
1	0.01810	0.04567	0.10107	0.01459	0.01923	0.06484	0.03730	0.24890	0.12718	0.02853	0.02521	0.13361	0.08449	0.01079	0.00713	0.00221	0.00705	0.00893	0.00578	0.00940
2	0.01037	0.00670	0.00846	0.00909	0.01021	0.00612	0.00627	0.01177	0.01407	0.07546	0.08173	0.47694	0.14209	0.09372	0.01107	0.00300	0.00427	0.01628	0.00638	0.00600
3	0.01767	0.07443	0.08633	0.01484	0.01949	0.04460	0.04827	0.10356	0.34336	0.05249	0.04407	0.08186	0.01990	0.00947	0.00691	0.00221	0.00667	0.00795	0.00595	0.00996
4	0.01551	0.01123	0.01385	0.01137	0.01515	0.01022	0.03145	0.12476	0.01681	0.08059	0.02175	0.20839	0.02164	0.09842	0.01003	0.00242	0.00565	0.00939	0.00544	0.28591
5	0.01454	0.01446	0.02700	0.02085	0.02493	0.01465	0.35612	0.07269	0.01589	0.02170	0.02040	0.23188	0.02045	0.01126	0.00989	0.00251	0.09713	0.01097	0.00452	0.00815
6	0.02514	0.01749	0.01903	0.01473	0.01978	0.01908	0.01204	0.58312	0.02942	0.09655	0.01774	0.01877	0.01295	0.04813	0.00827	0.00229	0.00721	0.00643	0.03077	0.01108
7	0.02224	0.01712	0.02112	0.03770	0.02229	0.01824	0.09152	0.42854	0.09205	0.05720	0.01732	0.01799	0.01259	0.00773	0.00677	0.00201	0.00741	0.00639	0.03817	0.07560
8	0.01380	0.00724	0.00998	0.00971	0.01068	0.00706	0.00679	0.04388	0.01228	0.09708	0.02043	0.20011	0.02098	0.04383	0.01938	0.45205	0.00554	0.00947	0.00465	0.00505
9	0.01827	0.04109	0.01743	0.01386	0.01830	0.06335	0.04359	0.09014	0.33900	0.06806	0.04690	0.02261	0.01809	0.03377	0.00755	0.00215	0.00637	0.00685	0.00596	0.13667
10	0.01875	0.01379	0.01548	0.01284	0.01707	0.01421	0.01012	0.24990	0.16401	0.07762	0.02295	0.16493	0.02031	0.01049	0.00691	0.00206	0.00581	0.00878	0.00636	0.15761
11	0.01555	0.01234	0.01443	0.01060	0.01633	0.00985	0.00847	0.06539	0.01567	0.05766	0.01438	0.04935	0.01221	0.00622	0.00545	0.00122	0.00523	0.00506	0.00457	0.67003
12	0.02557	0.01895	0.02029	0.01565	0.02105	0.02101	0.01290	0.66222	0.06473	0.04241	0.01698	0.01687	0.01208	0.00826	0.00685	0.00207	0.00743	0.00624	0.00685	0.01160
13	0.01298	0.01216	0.02023	0.70977	0.04571	0.01492	0.01850	0.01747	0.01370	0.01770	0.01216	0.01806	0.00917	0.00676	0.00676	0.00222	0.00894	0.00599	0.00309	0.04372
14	0.00944	0.00769	0.00844	0.00813	0.01037	0.00706	0.00613	0.01332	0.08253	0.02227	0.26791	0.05736	0.44363	0.01551	0.00797	0.00226	0.00358	0.01315	0.00678	0.00647
15	0.02469	0.01851	0.01979	0.01548	0.02072	0.02060	0.01269	0.59797	0.13041	0.04100	0.01809	0.01776	0.01299	0.00837	0.00686	0.00209	0.00722	0.00639	0.00686	0.01152
16	0.02516	0.01835	0.01963	0.01514	0.02037	0.02027	0.01248	0.65075	0.03103	0.04199	0.01680	0.01701	0.01201	0.00820	0.00671	0.00202	0.00725	0.00617	0.05736	0.01130
17	0.00834	0.00595	0.00794	0.00953	0.00992	0.00556	0.00635	0.00953	0.01310	0.01746	0.03771	0.75510	0.04525	0.02143	0.00873	0.00278	0.00397	0.01945	0.00635	0.00556
18	0.01712	0.01870	0.11719	0.06882	0.47758	0.01665	0.01995	0.08104	0.07144	0.02434	0.01426	0.01731	0.01133	0.00662	0.00676	0.00209	0.00817	0.00609	0.00389	0.01065
19	0.01706	0.01227	0.01377	0.01210	0.01553	0.01323	0.00945	0.09754	0.33744	0.10289	0.17774	0.05953	0.04851	0.01075	0.00719	0.00222	0.00500	0.00908	0.03919	0.00952
20	0.02327	0.01520	0.01698	0.01345	0.01804	0.01621	0.01096	0.40975	0.07010	0.15130	0.09785	0.02280	0.01955	0.00895	0.00682	0.00205	0.00627	0.00710	0.07278	0.01057

[dist]
# distance from previous block
# <min> <max>
1	10

[block]
# block no. 3 follows, 31 sequences, length 19
# corresponding to MSA columns:
# 132-150
name=unknown_D
#
# <colnr> <probs for GDERKNQSTAVLIFYWHMCP>
#	G	D	E	R	K	N	Q	S	T	A	V	L	I	F	Y	W	H	M	C	P
0	0.01754	0.01418	0.01598	0.01181	0.01765	0.01274	0.00955	0.20397	0.04461	0.02825	0.01391	0.01522	0.01094	0.00609	0.00563	0.00135	0.00576	0.00477	0.00493	0.55514
1	0.00879	0.00634	0.00827	0.00949	0.01021	0.00594	0.00665	0.01033	0.01389	0.01845	0.09506	0.54463	0.08813	0.05912	0.01008	0.00294	0.00426	0.08543	0.00633	0.00565
2	0.00874	0.00687	0.00789	0.00782	0.00969	0.00603	0.00579	0.01102	0.01687	0.02194	0.32159	0.11880	0.39987	0.01635	0.00813	0.00229	0.00341	0.01405	0.00682	0.00603
3	0.02690	0.01183	0.01530	0.01202	0.01668	0.01091	0.00974	0.09875	0.03953	0.53378	0.08096	0.02616	0.02081	0.05364	0.00864	0.00239	0.00583	0.00746	0.00792	0.01075
4	0.02943	0.01134	0.01536	0.01188	0.01685	0.00985	0.00969	0.03191	0.01899	0.67832	0.02666	0.02460	0.01742	0.05439	0.00859	0.00239	0.00587	0.00707	0.00820	0.01118
5	0.05449	0.01616	0.01836	0.01419	0.01950	0.01695	0.01170	0.41610	0.05007	0.28048	0.02029	0.01896	0.01367	0.00827	0.00677	0.00209	0.00678	0.00638	0.00733	0.01146
6	0.01756	0.01497	0.01577	0.01403	0.01800	0.01727	0.01096	0.07594	0.66406	0.02949	0.02716	0.02498	0.02033	0.00922	0.00695	0.00230	0.00554	0.00764	0.00695	0.01088
7	0.01367	0.00931	0.01114	0.04385	0.01296	0.00972	0.00735	0.13119	0.01558	0.05435	0.07279	0.11885	0.02624	0.37547	0.06387	0.00490	0.00701	0.01008	0.00525	0.00642
8	0.02627	0.01762	0.01944	0.01503	0.02038	0.01907	0.01237	0.54287	0.07007	0.15730	0.01890	0.01813	0.01308	0.00832	0.00686	0.00208	0.00711	0.00638	0.00713	0.01159
9	0.80789	0.01323	0.01006	0.00900	0.01323	0.01535	0.00741	0.02011	0.01164	0.03070	0.00953	0.01111	0.00741	0.00635	0.00423	0.00212	0.00529	0.00370	0.00423	0.00741
10	0.02542	0.05472	0.04407	0.01554	0.02117	0.02089	0.01323	0.61473	0.03024	0.06725	0.01637	0.01637	0.01161	0.00805	0.00672	0.00203	0.00754	0.00603	0.00659	0.01145
11	0.00849	0.00613	0.00803	0.00928	0.00992	0.00568	0.00630	0.00996	0.01400	0.01874	0.12223	0.63249	0.08281	0.02030	0.00862	0.00268	0.00385	0.01832	0.00650	0.00568
12	0.01403	0.01386	0.01798	0.05971	0.01817	0.06068	0.01322	0.01572	0.01172	0.01670	0.01497	0.15088	0.01600	0.01498	0.05205	0.00322	0.48693	0.00842	0.00367	0.00710
13	0.00942	0.00675	0.00793	0.00790	0.00910	0.00626	0.00544	0.01121	0.01504	0.02042	0.27746	0.12103	0.19344	0.22317	0.01544	0.00347	0.00430	0.01257	0.04409	0.00557
14	0.00886	0.00635	0.00860	0.00976	0.01033	0.00630	0.00679	0.01027	0.01257	0.01696	0.03274	0.53080	0.03812	0.08879	0.14326	0.00462	0.00693	0.04671	0.00567	0.00557
15	0.04242	0.01164	0.01364	0.01290	0.04754	0.01215	0.00932	0.17612	0.08478	0.07356	0.04398	0.10262	0.02370	0.20178	0.01431	0.00340	0.00625	0.07739	0.00585	0.03667
16	0.06162	0.01128	0.01365	0.01129	0.01527	0.01089	0.00900	0.07791	0.10089	0.27412	0.18139	0.04766	0.04398	0.01135	0.03072	0.00236	0.00553	0.00828	0.00709	0.07571
17	0.04852	0.48956	0.07099	0.01310	0.01871	0.14030	0.01243	0.02310	0.01539	0.09560	0.01180	0.01278	0.00964	0.00640	0.00508	0.00165	0.00807	0.00423	0.00369	0.00899
18	0.07930	0.01231	0.01376	0.01211	0.01528	0.05433	0.03340	0.13905	0.01721	0.04884	0.02314	0.26901	0.02385	0.03393	0.05215	0.00283	0.00674	0.02846	0.00550	0.12880

[dist]
# distance from previous block
# <min> <max>
10	17

[block]
# block no. 4 follows, 31 sequences, length 13
# corresponding to MSA columns:
# 168-180
name=unknown_E
#
# <colnr> <probs for GDERKNQSTAVLIFYWHMCP>
#	G	D	E	R	K	N	Q	S	T	A	V	L	I	F	Y	W	H	M	C	P
0	0.22471	0.05950	0.14442	0.07429	0.02009	0.01441	0.01273	0.06017	0.06261	0.08747	0.11936	0.02388	0.01993	0.00864	0.00627	0.00217	0.00654	0.03906	0.00511	0.00865
1	0.01067	0.00875	0.00880	0.00936	0.00987	0.07407	0.00601	0.01138	0.01228	0.01551	0.02792	0.36705	0.03270	0.35105	0.02019	0.00441	0.00595	0.01378	0.00510	0.00515
2	0.08922	0.01481	0.01993	0.01712	0.01752	0.02043	0.01426	0.01681	0.01059	0.01780	0.00903	0.01461	0.00883	0.01145	0.02075	0.00291	0.67759	0.00577	0.00311	0.00748
3	0.01561	0.07303	0.04938	0.01149	0.01492	0.01248	0.00961	0.19457	0.02081	0.06247	0.24922	0.14923	0.08424	0.01259	0.00742	0.00218	0.00530	0.01067	0.00652	0.00826
4	0.66962	0.01215	0.00990	0.00893	0.01271	0.01381	0.00724	0.01886	0.01298	0.03013	0.13144	0.01804	0.01731	0.00767	0.00490	0.00212	0.00493	0.00521	0.00481	0.00724
5	0.05551	0.01277	0.01684	0.25171	0.02660	0.01307	0.01246	0.08329	0.01591	0.08153	0.01388	0.01675	0.01057	0.00669	0.00666	0.00178	0.03830	0.00530	0.03029	0.30010
6	0.01219	0.01027	0.07743	0.00952	0.01265	0.00758	0.00827	0.01527	0.01762	0.11214	0.33565	0.04918	0.27851	0.01373	0.00777	0.00220	0.00430	0.01169	0.00680	0.00723
7	0.04580	0.02032	0.09607	0.03738	0.08723	0.06591	0.01473	0.38819	0.05930	0.09285	0.01641	0.01692	0.01178	0.00774	0.00669	0.00207	0.00791	0.00599	0.00584	0.01088
8	0.36977	0.01136	0.01040	0.00909	0.01259	0.01245	0.00732	0.10257	0.01569	0.07710	0.01621	0.01783	0.01226	0.00731	0.00493	0.00192	0.00484	0.00519	0.29331	0.00784
9	0.05303	0.00731	0.00840	0.00803	0.01003	0.00670	0.00606	0.01220	0.01759	0.02440	0.44334	0.05420	0.29463	0.01477	0.00786	0.00221	0.00343	0.01264	0.00693	0.00626
10	0.01829	0.76368	0.03585	0.01171	0.01756	0.02707	0.01171	0.02049	0.01390	0.01610	0.00951	0.01097	0.00878	0.00585	0.00439	0.00146	0.00732	0.00366	0.00293	0.00878
11	0.00919	0.00637	0.00842	0.00900	0.00989	0.00593	0.00629	0.01068	0.01501	0.02047	0.27766	0.39075	0.08135	0.01883	0.01041	0.08862	0.00389	0.01522	0.00641	0.00561
12	0.03934	0.01254	0.01667	0.14220	0.02276	0.03055	0.05159	0.15442	0.03486	0.05981	0.04686	0.06255	0.02456	0.01238	0.00790	0.00255	0.00725	0.25730	0.00571	0.00820

[dist]
# distance from previous block
# <min> <max>
2	5

[block]
# block no. 5 follows, 31 sequences, length 18
# corresponding to MSA columns:
# 186-203
name=unknown_F
#
# <colnr> <probs for GDERKNQSTAVLIFYWHMCP>
#	G	D	E	R	K	N	Q	S	T	A	V	L	I	F	Y	W	H	M	C	P
0	0.01500	0.08263	0.63738	0.01856	0.02811	0.01630	0.02349	0.02226	0.01470	0.06161	0.01294	0.01472	0.00915	0.00657	0.00638	0.00212	0.00968	0.00507	0.00321	0.01011
1	0.01213	0.00645	0.00669	0.00667	0.00799	0.00642	0.00475	0.01476	0.01382	0.02347	0.05399	0.03002	0.02097	0.13858	0.01014	0.00249	0.00379	0.00727	0.62360	0.00599
2	0.00958	0.00692	0.00906	0.00867	0.01020	0.00639	0.00645	0.01266	0.01891	0.02671	0.66384	0.10262	0.06314	0.01453	0.00812	0.00220	0.00328	0.01289	0.00744	0.00639
3	0.02255	0.01744	0.01858	0.01504	0.01990	0.01960	0.01217	0.44090	0.29097	0.03754	0.02082	0.01993	0.01519	0.00862	0.00689	0.00216	0.00671	0.00677	0.00689	0.01132
4	0.01091	0.00726	0.00954	0.00881	0.01064	0.00666	0.00666	0.01410	0.01938	0.06787	0.67330	0.04948	0.06178	0.01366	0.00800	0.00215	0.00338	0.01205	0.00759	0.00676
5	0.75067	0.01366	0.01082	0.00949	0.01382	0.01578	0.00782	0.06943	0.01314	0.03160	0.01003	0.01150	0.00772	0.00649	0.00442	0.00211	0.00546	0.00388	0.00442	0.00772
6	0.01427	0.12321	0.64113	0.01856	0.02816	0.01724	0.02364	0.02152	0.01438	0.02099	0.01194	0.01403	0.00868	0.00642	0.00625	0.00208	0.00977	0.00489	0.00289	0.00995
7	0.01829	0.76368	0.03585	0.01171	0.01756	0.02707	0.01171	0.02049	0.01390	0.01610	0.00951	0.01097	0.00878	0.00585	0.00439	0.00146	0.00732	0.00366	0.00293	0.00878
8	0.80789	0.01323	0.01006	0.00900	0.01323	0.01535	0.00741	0.02011	0.01164	0.03070	0.00953	0.01111	0.00741	0.00635	0.00423	0.00212	0.00529	0.00370	0.00423	0.00741
9	0.01341	0.01266	0.02141	0.65700	0.12939	0.01533	0.01925	0.01791	0.01391	0.01808	0.01225	0.01808	0.00933	0.00675	0.00683	0.00225	0.00900	0.00608	0.00308	0.00800
10	0.00946	0.00698	0.00884	0.00838	0.01009	0.00636	0.00628	0.01249	0.01885	0.02621	0.62509	0.05312	0.15351	0.01444	0.00807	0.00217	0.00326	0.01266	0.00737	0.00636
11	0.06091	0.03173	0.01897	0.01724	0.02079	0.69971	0.01296	0.02699	0.01904	0.01737	0.01053	0.01228	0.00875	0.00702	0.00608	0.00178	0.01202	0.00437	0.00356	0.00791
12	0.00890	0.00612	0.00823	0.00932	0.00987	0.00574	0.00633	0.01002	0.01371	0.01854	0.14493	0.56916	0.04513	0.02045	0.01038	0.08048	0.00404	0.01698	0.00621	0.00545
13	0.01049	0.00719	0.00930	0.00866	0.01047	0.00657	0.00654	0.01361	0.01916	0.05658	0.64686	0.05076	0.09994	0.01394	0.00802	0.00216	0.00335	0.01226	0.00750	0.00664
14	0.12049	0.01760	0.01927	0.06653	0.10313	0.05788	0.01331	0.35107	0.10644	0.05328	0.01621	0.01701	0.01195	0.00771	0.00649	0.00209	0.00739	0.00595	0.00573	0.01044
15	0.00939	0.00675	0.00843	0.00839	0.00953	0.00629	0.00586	0.01152	0.01613	0.02222	0.41196	0.16369	0.10494	0.16847	0.01367	0.00318	0.00406	0.01317	0.00655	0.00578
16	0.35243	0.03900	0.01205	0.00998	0.01339	0.01319	0.00800	0.09987	0.04632	0.02969	0.22652	0.06005	0.04511	0.00996	0.00613	0.00214	0.00491	0.00778	0.00577	0.00771
17	0.28695	0.13003	0.17207	0.01356	0.01891	0.17824	0.01309	0.02151	0.01452	0.02270	0.03428	0.01471	0.01077	0.03532	0.00648	0.00213	0.00821	0.00468	0.00370	0.00816

[dist]
# distance from previous block
# <min> <max>
2	7

[block]
# block no. 6 follows, 31 sequences, length 41
# corresponding to MSA columns:
# 211-251
name=unknown_G
#
# <colnr> <probs for GDERKNQSTAVLIFYWHMCP>
#	G	D	E	R	K	N	Q	S	T	A	V	L	I	F	Y	W	H	M	C	P
0	0.05887	0.04860	0.05538	0.14175	0.02560	0.13931	0.01438	0.37514	0.02431	0.03160	0.01392	0.01551	0.01028	0.00752	0.00650	0.00203	0.00863	0.00559	0.00516	0.00994
1	0.01250	0.00972	0.01315	0.01342	0.06215	0.01117	0.00954	0.05480	0.04770	0.01964	0.04418	0.02726	0.01844	0.12726	0.33172	0.00668	0.09786	0.00749	0.07839	0.00694
2	0.01461	0.01325	0.02289	0.54510	0.15448	0.01529	0.06629	0.01909	0.01443	0.05049	0.01307	0.01827	0.00984	0.00672	0.00692	0.00223	0.00898	0.00626	0.00337	0.00843
3	0.01411	0.01317	0.02189	0.58643	0.17287	0.01560	0.01918	0.04061	0.01465	0.01925	0.01244	0.01793	0.00953	0.00674	0.00683	0.00223	0.00888	0.00609	0.00323	0.00835
4	0.00928	0.00685	0.00859	0.00841	0.00993	0.00625	0.00616	0.01192	0.01769	0.02433	0.50701	0.13622	0.16297	0.04269	0.00913	0.00241	0.00348	0.01344	0.00708	0.00616
5	0.01000	0.00667	0.00781	0.00781	0.00792	0.00677	0.00458	0.01011	0.01000	0.01344	0.02095	0.04241	0.02376	0.67366	0.09405	0.03452	0.00761	0.00959	0.00406	0.00427
6	0.01829	0.76368	0.03585	0.01171	0.01756	0.02707	0.01171	0.02049	0.01390	0.01610	0.00951	0.01097	0.00878	0.00585	0.00439	0.00146	0.00732	0.00366	0.00293	0.00878
7	0.30516	0.01622	0.01629	0.01295	0.01796	0.01790	0.01069	0.38146	0.02347	0.11308	0.01513	0.01528	0.01071	0.00758	0.00592	0.00208	0.00654	0.00536	0.00609	0.01013
8	0.11713	0.05283	0.01988	0.01739	0.04652	0.49524	0.03749	0.07083	0.01889	0.04707	0.01163	0.01323	0.00927	0.00697	0.00604	0.00186	0.01058	0.00471	0.00399	0.00844
9	0.80789	0.01323	0.01006	0.00900	0.01323	0.01535	0.00741	0.02011	0.01164	0.03070	0.00953	0.01111	0.00741	0.00635	0.00423	0.00212	0.00529	0.00370	0.00423	0.00741
10	0.00834	0.00595	0.00794	0.00953	0.00992	0.00556	0.00635	0.00953	0.01310	0.01746	0.03771	0.75510	0.04525	0.02143	0.00873	0.00278	0.00397	0.01945	0.00635	0.00556
11	0.00968	0.00699	0.00914	0.00861	0.01022	0.00646	0.00646	0.01291	0.01937	0.02743	0.71328	0.05110	0.06455	0.01399	0.00807	0.00215	0.00323	0.01237	0.00753	0.00646
12	0.18298	0.01722	0.01797	0.01403	0.01924	0.01892	0.01159	0.49263	0.02679	0.10897	0.01611	0.01605	0.01132	0.00787	0.00633	0.00207	0.00691	0.00574	0.00649	0.01079
13	0.00980	0.00721	0.01037	0.01037	0.01138	0.00821	0.00778	0.01182	0.01081	0.01542	0.01889	0.03002	0.01847	0.17587	0.60976	0.01023	0.01627	0.00779	0.00375	0.00576
14	0.14355	0.01628	0.01645	0.10699	0.02168	0.07119	0.01190	0.14713	0.33613	0.02919	0.01962	0.01971	0.01471	0.00815	0.00643	0.00219	0.00677	0.00636	0.00575	0.00980
15	0.02878	0.01235	0.01592	0.01235	0.01743	0.01139	0.01016	0.10780	0.04552	0.58475	0.02559	0.02270	0.01650	0.00844	0.00677	0.00209	0.00587	0.00680	0.04743	0.01135
16	0.01576	0.00834	0.01109	0.00964	0.01232	0.00750	0.00750	0.01882	0.01943	0.22837	0.51463	0.04305	0.05077	0.01239	0.00772	0.00214	0.00398	0.01078	0.00780	0.00796
17	0.01629	0.01560	0.02661	0.15398	0.60991	0.01609	0.02068	0.02043	0.01527	0.02157	0.01276	0.01714	0.01056	0.00621	0.00678	0.00207	0.00829	0.00609	0.00333	0.01032
18	0.01188	0.00594	0.00891	0.00891	0.00891	0.00594	0.00594	0.00891	0.00891	0.01188	0.01188	0.02080	0.01188	0.02377	0.02674	0.80095	0.00594	0.00594	0.00297	0.00297
19	0.03070	0.01164	0.01588	0.01217	0.01746	0.01006	0.01006	0.03334	0.01958	0.72163	0.02699	0.02329	0.01694	0.00847	0.00688	0.00212	0.00582	0.00688	0.00847	0.01164
20	0.02601	0.01916	0.02053	0.01574	0.02122	0.02122	0.01300	0.69408	0.03217	0.04312	0.01643	0.01643	0.01163	0.00821	0.00684	0.00205	0.00753	0.00616	0.00684	0.01163
21	0.01506	0.01318	0.01462	0.01071	0.01660	0.03454	0.00854	0.04036	0.03954	0.02301	0.01280	0.01460	0.01052	0.00539	0.00523	0.00112	0.00541	0.00427	0.00423	0.72028
22	0.01645	0.01244	0.01388	0.01217	0.01544	0.01353	0.00951	0.14360	0.29892	0.05518	0.21464	0.03342	0.03183	0.04527	0.00855	0.00242	0.00522	0.02983	0.02847	0.00922
23	0.01372	0.03539	0.72412	0.01950	0.02961	0.01589	0.02528	0.02167	0.01444	0.02167	0.01228	0.01444	0.00867	0.00650	0.00650	0.00217	0.01011	0.00506	0.00289	0.01011
24	0.00995	0.00663	0.00746	0.00746	0.00746	0.00663	0.00415	0.00995	0.00995	0.01327	0.02156	0.04477	0.02487	0.75957	0.03482	0.00663	0.00663	0.00995	0.00415	0.00415
25	0.01750	0.00870	0.01154	0.00986	0.01275	0.00780	0.00766	0.02032	0.01889	0.28429	0.41772	0.04040	0.04454	0.05592	0.00921	0.00240	0.00439	0.01019	0.00768	0.00824
26	0.01844	0.01540	0.01627	0.01421	0.01833	0.01768	0.01117	0.14016	0.59841	0.03091	0.02604	0.02409	0.01942	0.00911	0.00694	0.00228	0.00575	0.00749	0.00694	0.01096
27	0.80789	0.01323	0.01006	0.00900	0.01323	0.01535	0.00741	0.02011	0.01164	0.03070	0.00953	0.01111	0.00741	0.00635	0.00423	0.00212	0.00529	0.00370	0.00423	0.00741
28	0.77200	0.01316	0.01032	0.00914	0.01343	0.01510	0.00753	0.02072	0.01201	0.06260	0.01033	0.01168	0.00785	0.00645	0.00436	0.00212	0.00532	0.00385	0.00443	0.00760
29	0.00969	0.00673	0.00901	0.00943	0.01019	0.00715	0.00667	0.01133	0.01161	0.01656	0.02451	0.22342	0.02630	0.19584	0.32405	0.00704	0.01064	0.01103	0.07324	0.00555
30	0.80789	0.01323	0.01006	0.00900	0.01323	0.01535	0.00741	0.02011	0.01164	0.03070	0.00953	0.01111	0.00741	0.00635	0.00423	0.00212	0.00529	0.00370	0.00423	0.00741
31	0.01061	0.00763	0.00805	0.00798	0.00823	0.03386	0.00472	0.01090	0.01049	0.01391	0.02101	0.04206	0.02365	0.67236	0.06745	0.00651	0.00732	0.00950	0.02929	0.00446
32	0.46801	0.01660	0.01454	0.01204	0.01670	0.05983	0.00985	0.27372	0.01981	0.03454	0.01218	0.01318	0.00908	0.00709	0.00533	0.00207	0.00655	0.00467	0.00517	0.00903
33	0.00838	0.00603	0.00795	0.00940	0.00991	0.00560	0.00631	0.00966	0.01343	0.01788	0.06430	0.70313	0.07069	0.02100	0.00868	0.00274	0.00392	0.01900	0.00640	0.00560
34	0.01603	0.01783	0.03689	0.02808	0.07342	0.01776	0.55689	0.02109	0.01531	0.02117	0.01310	0.01787	0.01021	0.00666	0.01003	0.00239	0.11515	0.00766	0.00339	0.00908
35	0.01115	0.00598	0.00866	0.00893	0.00900	0.00592	0.00591	0.00908	0.00970	0.01294	0.01695	0.15002	0.01846	0.06677	0.02408	0.61517	0.00564	0.00853	0.00363	0.00349
36	0.01188	0.00594	0.00891	0.00891	0.00891	0.00594	0.00594	0.00891	0.00891	0.01188	0.01188	0.02080	0.01188	0.02377	0.02674	0.80095	0.00594	0.00594	0.00297	0.00297
37	0.01829	0.76368	0.03585	0.01171	0.01756	0.02707	0.01171	0.02049	0.01390	0.01610	0.00951	0.01097	0.00878	0.00585	0.00439	0.00146	0.00732	0.00366	0.00293	0.00878
38	0.01411	0.01515	0.03163	0.05653	0.03002	0.01437	0.49572	0.01872	0.01530	0.02064	0.01954	0.19659	0.01876	0.00960	0.00818	0.00242	0.00960	0.01073	0.00414	0.00827
39	0.01292	0.01216	0.02052	0.74312	0.04712	0.01520	0.01900	0.01748	0.01368	0.01748	0.01216	0.01824	0.00912	0.00684	0.00684	0.00228	0.00912	0.00608	0.00304	0.00760
40	0.01548	0.01463	0.02411	0.29555	0.41496	0.01593	0.01943	0.02098	0.07156	0.02109	0.01384	0.01812	0.01104	0.00663	0.00681	0.00215	0.00827	0.00622	0.00355	0.00965

[dist]
# distance from previous block
# <min> <max>
1	3

[block]
# block no. 7 follows, 31 sequences, length 12
# corresponding to MSA columns:
# 256-267
name=unknown_H
#
# <colnr> <probs for GDERKNQSTAVLIFYWHMCP>
#	G	D	E	R	K	N	Q	S	T	A	V	L	I	F	Y	W	H	M	C	P
0	0.73542	0.01503	0.01092	0.00980	0.01396	0.08174	0.00795	0.02078	0.01236	0.02940	0.00962	0.01123	0.00754	0.00642	0.00441	0.00208	0.00594	0.00377	0.00417	0.00746
1	0.47463	0.01849	0.16210	0.01233	0.01805	0.01573	0.01210	0.10584	0.01550	0.09120	0.01251	0.01355	0.00904	0.00680	0.00527	0.00212	0.00663	0.00458	0.00465	0.00888
2	0.02163	0.01193	0.01495	0.01105	0.01678	0.00954	0.00899	0.02449	0.01662	0.33772	0.01885	0.01829	0.01320	0.00660	0.00588	0.00151	0.00541	0.00533	0.00604	0.44519
3	0.01252	0.00762	0.01005	0.00909	0.01120	0.00694	0.00694	0.01567	0.01939	0.12124	0.62054	0.04735	0.05812	0.01324	0.00791	0.00215	0.00358	0.01163	0.00766	0.00716
4	0.02441	0.01563	0.01770	0.01407	0.01876	0.01655	0.01140	0.45349	0.02670	0.18340	0.02179	0.12613	0.01769	0.01020	0.00713	0.00217	0.00664	0.00826	0.00712	0.01075
5	0.01619	0.01847	0.03703	0.02692	0.03322	0.05829	0.60780	0.02142	0.01614	0.02132	0.01520	0.06600	0.01256	0.00686	0.00801	0.00231	0.01109	0.00860	0.00365	0.00891
6	0.00965	0.00651	0.00755	0.00784	0.00792	0.00643	0.00455	0.00987	0.01053	0.01404	0.02453	0.17572	0.02863	0.62349	0.03001	0.00592	0.00614	0.01170	0.00455	0.00441
7	0.01693	0.01626	0.02777	0.04199	0.71689	0.01626	0.02100	0.02100	0.01558	0.02235	0.01287	0.01693	0.01084	0.00610	0.00677	0.00203	0.00813	0.00610	0.00339	0.01084
8	0.57837	0.06259	0.01259	0.00982	0.01402	0.05920	0.00811	0.02152	0.01321	0.09331	0.01214	0.01335	0.00920	0.00668	0.00465	0.00202	0.00576	0.00423	0.06138	0.00785
9	0.02306	0.12084	0.02038	0.01575	0.01960	0.52380	0.01227	0.07425	0.01930	0.01878	0.01632	0.01743	0.07435	0.00794	0.00617	0.00180	0.01053	0.00537	0.00396	0.00811
10	0.01185	0.00643	0.00966	0.06147	0.01157	0.00665	0.00677	0.00959	0.00931	0.01236	0.01246	0.02200	0.01244	0.06502	0.02578	0.69784	0.00621	0.00618	0.00304	0.00337
11	0.06304	0.19225	0.01849	0.01189	0.03342	0.05252	0.00940	0.04827	0.12557	0.08957	0.02140	0.02478	0.06506	0.11977	0.01014	0.00256	0.00633	0.00669	0.04153	0.05732

[dist]
# distance from previous block
# <min> <max>
0	5

[block]
# block no. 8 follows, 31 sequences, length 7
# corresponding to MSA columns:
# 273-279
name=unknown_I
#
# <colnr> <probs for GDERKNQSTAVLIFYWHMCP>
#	G	D	E	R	K	N	Q	S	T	A	V	L	I	F	Y	W	H	M	C	P
0	0.02351	0.01817	0.02158	0.02059	0.15818	0.01952	0.01429	0.52090	0.02782	0.03778	0.01547	0.01639	0.01139	0.00761	0.00672	0.00199	0.00750	0.00602	0.00600	0.05858
1	0.54964	0.01159	0.01039	0.00951	0.01313	0.01273	0.00754	0.01973	0.01296	0.11742	0.01734	0.15949	0.01611	0.00960	0.00546	0.00225	0.00510	0.00722	0.00520	0.00759
2	0.00866	0.00706	0.00774	0.00787	0.00999	0.00613	0.00610	0.01077	0.01610	0.01989	0.14838	0.06537	0.54470	0.01709	0.00826	0.00240	0.00379	0.09728	0.00650	0.00593
3	0.00937	0.00698	0.00871	0.00828	0.01003	0.00632	0.00621	0.01230	0.01862	0.02568	0.58676	0.05400	0.19217	0.01464	0.00807	0.00218	0.00327	0.01278	0.00730	0.00632
4	0.01722	0.01600	0.02203	0.01817	0.01966	0.02079	0.05496	0.15049	0.01510	0.02205	0.01074	0.01546	0.00959	0.01086	0.01851	0.00277	0.55726	0.00615	0.00378	0.00841
5	0.02491	0.01811	0.01936	0.01497	0.02012	0.01999	0.01232	0.63798	0.03069	0.04166	0.01691	0.01718	0.01212	0.00819	0.00667	0.00202	0.00717	0.00618	0.07225	0.01120
6	0.00866	0.00688	0.00732	0.00725	0.00901	0.00603	0.00515	0.01024	0.01496	0.01859	0.14142	0.05982	0.49587	0.16336	0.01336	0.00314	0.00406	0.01329	0.00607	0.00554

[dist]
# distance from previous block
# <min> <max>
0	3

[block]
# block no. 9 follows, 31 sequences, length 8
# corresponding to MSA columns:
# 283-290
name=unknown_J
#
# <colnr> <probs for GDERKNQSTAVLIFYWHMCP>
#	G	D	E	R	K	N	Q	S	T	A	V	L	I	F	Y	W	H	M	C	P
0	0.01518	0.01350	0.01715	0.01305	0.01860	0.01215	0.07680	0.02306	0.20807	0.02403	0.01673	0.01779	0.01317	0.00632	0.00590	0.00151	0.00581	0.00549	0.00481	0.50091
1	0.02601	0.01916	0.02053	0.01574	0.02122	0.02122	0.01300	0.69408	0.03217	0.04312	0.01643	0.01643	0.01163	0.00821	0.00684	0.00205	0.00753	0.00616	0.00684	0.01163
2	0.01163	0.01042	0.01699	0.53730	0.03668	0.01249	0.01545	0.01525	0.01352	0.01748	0.01933	0.22498	0.01926	0.01093	0.00737	0.00242	0.00767	0.00983	0.00397	0.00703
3	0.01445	0.01364	0.02192	0.03216	0.51835	0.01331	0.01656	0.01786	0.01558	0.02127	0.02870	0.03065	0.20815	0.00925	0.00714	0.00211	0.00682	0.00844	0.00422	0.00942
4	0.01259	0.01168	0.01631	0.01490	0.01514	0.01540	0.01191	0.01410	0.01126	0.01669	0.01797	0.22381	0.01996	0.01853	0.08912	0.00373	0.46619	0.00990	0.00400	0.00681
5	0.01458	0.01224	0.01336	0.01269	0.01558	0.01380	0.00957	0.02883	0.51054	0.02549	0.03061	0.23022	0.02772	0.01269	0.00746	0.00245	0.00501	0.01102	0.00679	0.00935
6	0.01275	0.00638	0.00638	0.00638	0.00797	0.00638	0.00478	0.01594	0.01435	0.02551	0.02232	0.02551	0.01754	0.00797	0.00478	0.00159	0.00319	0.00638	0.79755	0.00638
7	0.00846	0.00619	0.00799	0.00938	0.01009	0.00572	0.00648	0.00984	0.01357	0.01777	0.04165	0.62725	0.13025	0.02076	0.00869	0.00274	0.00404	0.05715	0.00635	0.00563

[dist]
# distance from previous block
# <min> <max>
0	1

[block]
# block no. 10 follows, 31 sequences, length 29
# corresponding to MSA columns:
# 292-320
name=unknown_K
#
# <colnr> <probs for GDERKNQSTAVLIFYWHMCP>
#	G	D	E	R	K	N	Q	S	T	A	V	L	I	F	Y	W	H	M	C	P
0	0.03070	0.01164	0.01588	0.01217	0.01746	0.01006	0.01006	0.03334	0.01958	0.72163	0.02699	0.02329	0.01694	0.00847	0.00688	0.00212	0.00582	0.00688	0.00847	0.01164
1	0.80789	0.01323	0.01006	0.00900	0.01323	0.01535	0.00741	0.02011	0.01164	0.03070	0.00953	0.01111	0.00741	0.00635	0.00423	0.00212	0.00529	0.00370	0.00423	0.00741
2	0.80789	0.01323	0.01006	0.00900	0.01323	0.01535	0.00741	0.02011	0.01164	0.03070	0.00953	0.01111	0.00741	0.00635	0.00423	0.00212	0.00529	0.00370	0.00423	0.00741
3	0.02601	0.01916	0.02053	0.01574	0.02122	0.02122	0.01300	0.69408	0.03217	0.04312	0.01643	0.01643	0.01163	0.00821	0.00684	0.00205	0.00753	0.00616	0.00684	0.01163
4	0.02000	0.01429	0.01608	0.01340	0.01709	0.01550	0.01059	0.42363	0.02447	0.05716	0.02183	0.17854	0.02028	0.05409	0.07699	0.00329	0.00767	0.00936	0.00636	0.00941
5	0.80789	0.01323	0.01006	0.00900	0.01323	0.01535	0.00741	0.02011	0.01164	0.03070	0.00953	0.01111	0.00741	0.00635	0.00423	0.00212	0.00529	0.00370	0.00423	0.00741
6	0.01767	0.01502	0.01584	0.01405	0.01804	0.01732	0.01099	0.08407	0.65575	0.02967	0.02702	0.02486	0.02021	0.00920	0.00695	0.00230	0.00557	0.00762	0.00695	0.01089
7	0.00953	0.00695	0.00896	0.00854	0.01015	0.00638	0.00637	0.01258	0.01888	0.02648	0.64619	0.08002	0.10436	0.01449	0.00810	0.00219	0.00327	0.01278	0.00741	0.00638
8	0.00985	0.00659	0.00749	0.00759	0.00761	0.00657	0.00428	0.00992	0.01014	0.01353	0.02256	0.08877	0.02613	0.71384	0.03321	0.00639	0.00647	0.01054	0.00428	0.00423
9	0.02992	0.01182	0.01585	0.01227	0.01748	0.01045	0.01010	0.03351	0.05843	0.68232	0.02704	0.02341	0.01716	0.00851	0.00688	0.00213	0.00580	0.00693	0.00838	0.01160
10	0.01188	0.00594	0.00891	0.00891	0.00891	0.00594	0.00594	0.00891	0.00891	0.01188	0.01188	0.02080	0.01188	0.02377	0.02674	0.80095	0.00594	0.00594	0.00297	0.00297
11	0.01829	0.76368	0.03585	0.01171	0.01756	0.02707	0.01171	0.02049	0.01390	0.01610	0.00951	0.01097	0.00878	0.00585	0.00439	0.00146	0.00732	0.00366	0.00293	0.00878
12	0.00900	0.00676	0.00882	0.03980	0.01186	0.00661	0.00706	0.01138	0.05231	0.01815	0.03789	0.64450	0.08032	0.01991	0.00852	0.00271	0.00423	0.01795	0.00625	0.00595
13	0.01292	0.01216	0.02052	0.74312	0.04712	0.01520	0.01900	0.01748	0.01368	0.01748	0.01216	0.01824	0.00912	0.00684	0.00684	0.00228	0.00912	0.00608	0.00304	0.00760
14	0.01431	0.00755	0.01092	0.06070	0.01295	0.00773	0.00757	0.04714	0.01137	0.07505	0.01344	0.02061	0.01211	0.02046	0.02261	0.63505	0.00624	0.00604	0.00365	0.00449
15	0.01613	0.01599	0.03012	0.02257	0.05999	0.01425	0.40691	0.02079	0.01561	0.05084	0.01378	0.01717	0.01059	0.00566	0.00697	0.00186	0.00900	0.00660	0.00386	0.27127
16	0.01633	0.05262	0.03877	0.02950	0.11029	0.01764	0.58637	0.02175	0.01598	0.02169	0.01353	0.01794	0.01036	0.00581	0.00776	0.00224	0.01096	0.00765	0.00343	0.00938
17	0.01611	0.01887	0.06140	0.02928	0.07402	0.01720	0.63294	0.02185	0.01606	0.02193	0.01374	0.01824	0.01035	0.00581	0.00795	0.00229	0.01130	0.00787	0.00344	0.00935
18	0.01509	0.01236	0.01444	0.01037	0.01641	0.00952	0.00832	0.03869	0.01492	0.04565	0.01277	0.01455	0.01040	0.00527	0.00518	0.00108	0.00517	0.00421	0.00428	0.75130
19	0.00810	0.00689	0.00697	0.00703	0.00927	0.00577	0.00524	0.00981	0.01550	0.01844	0.06809	0.09242	0.68831	0.01748	0.00811	0.00233	0.00348	0.01463	0.00635	0.00577
20	0.00896	0.00697	0.00820	0.00829	0.01013	0.00621	0.00631	0.01131	0.01673	0.02173	0.28871	0.11749	0.36544	0.01665	0.00827	0.00238	0.00371	0.07973	0.00676	0.00605
21	0.00834	0.00595	0.00794	0.00953	0.00992	0.00556	0.00635	0.00953	0.01310	0.01746	0.03771	0.75510	0.04525	0.02143	0.00873	0.00278	0.00397	0.01945	0.00635	0.00556
22	0.02640	0.01852	0.02014	0.01544	0.02090	0.02027	0.01275	0.63800	0.03110	0.10070	0.01732	0.01701	0.01208	0.00823	0.00685	0.00206	0.00738	0.00622	0.00698	0.01164
23	0.80789	0.01323	0.01006	0.00900	0.01323	0.01535	0.00741	0.02011	0.01164	0.03070	0.00953	0.01111	0.00741	0.00635	0.00423	0.00212	0.00529	0.00370	0.00423	0.00741
24	0.04970	0.00850	0.01051	0.00957	0.01205	0.00802	0.00732	0.01785	0.06050	0.15456	0.38363	0.12008	0.10386	0.01342	0.00768	0.00224	0.00404	0.01162	0.00729	0.00758
25	0.63719	0.01578	0.10317	0.03953	0.01657	0.01501	0.01015	0.01988	0.01244	0.02885	0.04168	0.01363	0.01021	0.00673	0.00480	0.00213	0.00598	0.00436	0.00416	0.00772
26	0.07907	0.01365	0.01597	0.01350	0.01760	0.03396	0.04866	0.07482	0.27829	0.18976	0.06466	0.06031	0.03870	0.00987	0.00702	0.00226	0.00598	0.02926	0.00677	0.00989
27	0.30956	0.09484	0.01781	0.01310	0.01775	0.14179	0.01076	0.23113	0.05550	0.03055	0.01279	0.01370	0.00980	0.00715	0.00553	0.00198	0.00741	0.00479	0.00493	0.00913
28	0.01620	0.22991	0.37174	0.01795	0.06034	0.01843	0.04921	0.02230	0.04771	0.06008	0.01401	0.03842	0.01111	0.00699	0.00612	0.00200	0.00864	0.00555	0.00357	0.00972

[dist]
# distance from previous block
# <min> <max>
1	6

[block]
# block no. 11 follows, 31 sequences, length 20
# corresponding to MSA columns:
# 327-346
name=unknown_L
#
# <colnr> <probs for GDERKNQSTAVLIFYWHMCP>
#	G	D	E	R	K	N	Q	S	T	A	V	L	I	F	Y	W	H	M	C	P
0	0.02226	0.01698	0.01567	0.01362	0.01757	0.18216	0.01068	0.03011	0.24039	0.23859	0.07360	0.02642	0.04179	0.00939	0.00694	0.00214	0.00699	0.02831	0.00662	0.00979
1	0.01670	0.01677	0.01857	0.04983	0.01981	0.15859	0.08050	0.09465	0.01663	0.02112	0.02085	0.12487	0.07751	0.01095	0.01037	0.00228	0.16557	0.00846	0.03024	0.05574
2	0.02039	0.01511	0.01660	0.01319	0.01778	0.01573	0.01059	0.42522	0.02491	0.03439	0.01913	0.12399	0.01664	0.00954	0.00666	0.00194	0.00627	0.00772	0.05864	0.15558
3	0.01105	0.00842	0.01010	0.00917	0.01206	0.00698	0.00680	0.01320	0.01484	0.04499	0.10525	0.27741	0.17694	0.01418	0.00731	0.00204	0.00420	0.01236	0.00582	0.25688
4	0.02170	0.01532	0.01645	0.01313	0.01740	0.01671	0.01066	0.48884	0.02701	0.03763	0.05490	0.04448	0.01679	0.00890	0.00652	0.00198	0.00624	0.00697	0.17834	0.01002
5	0.01533	0.03320	0.64419	0.01891	0.02848	0.01597	0.02375	0.06676	0.01586	0.05601	0.01324	0.01499	0.00925	0.00671	0.00654	0.00216	0.00974	0.00521	0.00341	0.01028
6	0.02601	0.01916	0.02053	0.01574	0.02122	0.02122	0.01300	0.69408	0.03217	0.04312	0.01643	0.01643	0.01163	0.00821	0.00684	0.00205	0.00753	0.00616	0.00684	0.01163
7	0.01520	0.27105	0.50140	0.01698	0.02571	0.01951	0.02089	0.02128	0.01427	0.01986	0.01138	0.01332	0.00870	0.00629	0.00582	0.00194	0.00921	0.00460	0.00290	0.00968
