[name]
unknown

[dist]
# distance from previous block
# <min> <max>
0	20

[block]
# block no. 0 follows, 25 sequences, length 16
# corresponding to MSA columns:
# 24-39
name=unknown_A
#
# <colnr> <probs for GDERKNQSTAVLIFYWHMCP>
#	G	D	E	R	K	N	Q	S	T	A	V	L	I	F	Y	W	H	M	C	P
0	0.01690	0.02619	0.28695	0.02873	0.20787	0.01685	0.11542	0.02330	0.01702	0.02486	0.01544	0.02066	0.01244	0.00745	0.00761	0.00229	0.01006	0.03165	0.00388	0.12444
1	0.00972	0.00776	0.00875	0.00904	0.01114	0.00679	0.00676	0.01197	0.01794	0.02257	0.16781	0.17408	0.43863	0.01986	0.00938	0.00273	0.00418	0.05680	0.00741	0.00667
2	0.01654	0.07031	0.44989	0.07070	0.10276	0.01890	0.11494	0.02413	0.01669	0.02403	0.01406	0.01738	0.01040	0.00719	0.00755	0.00243	0.01121	0.00633	0.00344	0.01114
3	0.02343	0.02607	0.12483	0.02209	0.11020	0.19227	0.01721	0.15798	0.12260	0.05818	0.01947	0.05664	0.01564	0.00935	0.00763	0.00235	0.00980	0.00738	0.00566	0.01122
4	0.00945	0.00675	0.00900	0.01080	0.01125	0.00630	0.00720	0.01080	0.01484	0.01979	0.04274	0.72245	0.05128	0.02429	0.00990	0.00315	0.00450	0.02204	0.00720	0.00630
5	0.01347	0.00673	0.01010	0.01010	0.01010	0.00673	0.00673	0.01010	0.01010	0.01347	0.01347	0.02357	0.01347	0.02694	0.03030	0.77441	0.00673	0.00673	0.00337	0.00337
6	0.01782	0.10018	0.23438	0.19164	0.06313	0.05598	0.10978	0.05085	0.01732	0.02321	0.01370	0.01777	0.01051	0.00775	0.00859	0.00245	0.05455	0.00646	0.00368	0.01026
7	0.01555	0.04011	0.68733	0.02210	0.03356	0.01801	0.02865	0.02455	0.01637	0.02455	0.01391	0.01637	0.00982	0.00737	0.00737	0.00246	0.01146	0.00573	0.00327	0.01146
8	0.01238	0.00865	0.01096	0.01030	0.01243	0.00818	0.00774	0.01698	0.06337	0.05868	0.53652	0.09670	0.09541	0.01594	0.00905	0.00250	0.00401	0.01402	0.00839	0.00780
9	0.01464	0.01378	0.02326	0.70887	0.05340	0.01723	0.02153	0.01981	0.01550	0.01981	0.01378	0.02067	0.01034	0.00775	0.00775	0.00258	0.01034	0.00689	0.00345	0.00861
10	0.01692	0.22262	0.51679	0.01977	0.02996	0.02135	0.02459	0.02420	0.01621	0.02289	0.01309	0.01533	0.00986	0.00717	0.00674	0.00225	0.01062	0.00531	0.00329	0.01106
11	0.00965	0.00690	0.00918	0.01066	0.01129	0.00643	0.00721	0.01130	0.01577	0.02127	0.12514	0.63584	0.05413	0.02319	0.00980	0.00306	0.00439	0.02100	0.00737	0.00643
12	0.02794	0.02178	0.02235	0.01765	0.02347	0.05899	0.01439	0.52991	0.12851	0.04485	0.02017	0.01989	0.01456	0.00942	0.00774	0.00235	0.00847	0.00714	0.00758	0.01283
13	0.00945	0.00675	0.00900	0.01080	0.01125	0.00630	0.00720	0.01080	0.01484	0.01979	0.04274	0.72245	0.05128	0.02429	0.00990	0.00315	0.00450	0.02204	0.00720	0.00630
14	0.73227	0.01544	0.01218	0.01070	0.01560	0.01784	0.00882	0.06467	0.01474	0.03572	0.01132	0.01300	0.00872	0.00734	0.00499	0.00239	0.00617	0.00438	0.00499	0.00872
15	0.02224	0.05099	0.02073	0.01871	0.06869	0.15651	0.01372	0.12400	0.33700	0.03039	0.02607	0.02539	0.05168	0.00988	0.00762	0.00239	0.00827	0.00781	0.00656	0.01135

[dist]
# distance from previous block
# <min> <max>
0	2

[block]
# block no. 1 follows, 25 sequences, length 29
# corresponding to MSA columns:
# 43-71
name=unknown_B
#
# <colnr> <probs for GDERKNQSTAVLIFYWHMCP>
#	G	D	E	R	K	N	Q	S	T	A	V	L	I	F	Y	W	H	M	C	P
0	0.03942	0.04406	0.07135	0.12090	0.10856	0.01897	0.14768	0.07105	0.12343	0.06521	0.02043	0.02300	0.03832	0.00888	0.00926	0.00255	0.06320	0.00782	0.00513	0.01076
1	0.00975	0.00784	0.00869	0.00856	0.01085	0.00678	0.00639	0.01223	0.01893	0.02412	0.26619	0.09229	0.46294	0.01860	0.00918	0.00258	0.00386	0.01582	0.00762	0.00678
2	0.01843	0.35732	0.29137	0.05770	0.02730	0.04940	0.01965	0.02366	0.01623	0.02118	0.01238	0.01470	0.01000	0.00700	0.00619	0.00201	0.00975	0.00498	0.00340	0.04736
3	0.01529	0.01475	0.02417	0.53020	0.04553	0.01877	0.04310	0.01973	0.01479	0.01973	0.01304	0.01985	0.01035	0.00901	0.01177	0.00277	0.16807	0.00695	0.00345	0.00865
4	0.00954	0.00684	0.00892	0.01054	0.01105	0.00638	0.00700	0.01084	0.01475	0.01956	0.04310	0.65603	0.07537	0.06599	0.01163	0.00339	0.00465	0.02117	0.00705	0.00621
5	0.02060	0.22024	0.23073	0.01922	0.02623	0.07344	0.06030	0.09659	0.01865	0.04737	0.01365	0.01611	0.01076	0.00830	0.00932	0.00233	0.10556	0.00583	0.00413	0.01065
6	0.02543	0.01896	0.02018	0.01621	0.02151	0.02111	0.01315	0.43880	0.18501	0.04280	0.02243	0.02219	0.01641	0.00957	0.00754	0.00234	0.00743	0.00744	0.08915	0.01233
7	0.01761	0.01416	0.01799	0.01292	0.01980	0.01097	0.04758	0.02120	0.01667	0.07446	0.01515	0.01714	0.01208	0.00608	0.00610	0.00133	0.00624	0.00510	0.00493	0.67250
8	0.01608	0.01378	0.01608	0.01148	0.01837	0.01034	0.00919	0.01952	0.01608	0.02527	0.01378	0.01608	0.01148	0.00574	0.00574	0.00115	0.00574	0.00459	0.00459	0.77491
9	0.02319	0.01904	0.01917	0.01643	0.02129	0.06786	0.01297	0.17894	0.43945	0.07345	0.02718	0.02538	0.02006	0.01001	0.00779	0.00250	0.00726	0.00804	0.00768	0.01230
10	0.01608	0.01378	0.01608	0.01148	0.01837	0.01034	0.00919	0.01952	0.01608	0.02527	0.01378	0.01608	0.01148	0.00574	0.00574	0.00115	0.00574	0.00459	0.00459	0.77491
11	0.00978	0.00706	0.00926	0.01044	0.01129	0.00654	0.00717	0.01167	0.01656	0.02239	0.18663	0.54641	0.08161	0.02220	0.00970	0.00297	0.00429	0.02000	0.00750	0.00654
12	0.01765	0.02382	0.16633	0.05458	0.11459	0.01937	0.38776	0.02404	0.01729	0.02422	0.01475	0.01953	0.01129	0.00729	0.00976	0.00260	0.06276	0.00797	0.00373	0.01066
13	0.01128	0.00752	0.00846	0.00846	0.00846	0.00752	0.00470	0.01128	0.01128	0.01503	0.02443	0.05074	0.02819	0.72751	0.03946	0.00752	0.00752	0.01128	0.00470	0.00470
14	0.01011	0.00781	0.01174	0.01243	0.01343	0.00729	0.05527	0.01184	0.01510	0.02017	0.04072	0.67007	0.04833	0.02297	0.00984	0.00311	0.00514	0.02108	0.00695	0.00661
15	0.01485	0.01399	0.02363	0.67873	0.08192	0.01728	0.02164	0.01999	0.01560	0.02006	0.01382	0.02060	0.01042	0.00771	0.00775	0.00257	0.01028	0.00689	0.00346	0.00878
16	0.02210	0.45366	0.08147	0.01612	0.02193	0.19418	0.01509	0.02488	0.01704	0.01891	0.01126	0.01346	0.00997	0.00757	0.00726	0.00194	0.06530	0.00468	0.00349	0.00971
17	0.01117	0.00794	0.01058	0.01058	0.01132	0.00867	0.00735	0.01264	0.01191	0.01661	0.02249	0.03997	0.02351	0.37195	0.38863	0.01014	0.01456	0.00970	0.00441	0.00588
18	0.01064	0.00782	0.00996	0.00961	0.01142	0.00714	0.00714	0.01391	0.02088	0.02899	0.55395	0.11211	0.14364	0.01697	0.00921	0.00252	0.00376	0.01493	0.00827	0.00714
19	0.02732	0.02097	0.02175	0.01722	0.02289	0.04763	0.01403	0.51131	0.13393	0.04446	0.02064	0.02043	0.01495	0.00944	0.00767	0.00234	0.00818	0.00720	0.03497	0.01267
20	0.01680	0.01693	0.03048	0.02203	0.02902	0.01473	0.32959	0.02167	0.01712	0.02473	0.01643	0.05992	0.01396	0.00723	0.00769	0.00200	0.00933	0.00789	0.00441	0.34806
21	0.02906	0.03412	0.02221	0.01958	0.02398	0.57141	0.01494	0.14664	0.02466	0.02453	0.01322	0.01484	0.01058	0.00823	0.00713	0.00206	0.01297	0.00536	0.00469	0.00977
22	0.01885	0.01808	0.03086	0.09697	0.63242	0.01833	0.02363	0.02350	0.01749	0.02492	0.01452	0.01930	0.01214	0.00697	0.00768	0.00232	0.00930	0.00691	0.00381	0.01201
23	0.01608	0.01378	0.01608	0.01148	0.01837	0.01034	0.00919	0.01952	0.01608	0.02527	0.01378	0.01608	0.01148	0.00574	0.00574	0.00115	0.00574	0.00459	0.00459	0.77491
24	0.01396	0.00723	0.00741	0.00750	0.00909	0.00720	0.00545	0.01718	0.01580	0.02738	0.02607	0.06411	0.02204	0.06620	0.00831	0.00232	0.00396	0.00826	0.67355	0.00698
25	0.00961	0.00761	0.00865	0.00894	0.01089	0.00665	0.00650	0.01179	0.01792	0.02283	0.19680	0.22219	0.40232	0.01992	0.00933	0.00270	0.00400	0.01719	0.00748	0.00665
26	0.00919	0.00777	0.00794	0.00809	0.01053	0.00653	0.00599	0.01110	0.01745	0.02086	0.07573	0.12550	0.62693	0.02000	0.00922	0.00266	0.00397	0.01681	0.00720	0.00653
27	0.02908	0.02159	0.02359	0.01899	0.04946	0.02383	0.01509	0.62886	0.03573	0.04795	0.01846	0.01864	0.01315	0.00921	0.00775	0.00233	0.00856	0.00698	0.00760	0.01315
28	0.07304	0.03196	0.02167	0.02046	0.06214	0.52992	0.01483	0.06064	0.02192	0.07399	0.01385	0.01541	0.01091	0.00807	0.00700	0.00209	0.01239	0.00538	0.00465	0.00968

[dist]
# distance from previous block
# <min> <max>
1	4

[block]
# block no. 2 follows, 25 sequences, length 12
# corresponding to MSA columns:
# 76-87
name=unknown_C
#
# <colnr> <probs for GDERKNQSTAVLIFYWHMCP>
#	G	D	E	R	K	N	Q	S	T	A	V	L	I	F	Y	W	H	M	C	P
0	0.01326	0.01146	0.01255	0.01174	0.01458	0.01219	0.00905	0.02186	0.23126	0.02507	0.08915	0.08483	0.34233	0.01614	0.01011	0.00270	0.06269	0.01321	0.00719	0.00863
1	0.02210	0.01977	0.05046	0.01627	0.02026	0.13270	0.01330	0.15619	0.07861	0.09953	0.05810	0.13668	0.02312	0.01233	0.01013	0.00254	0.09405	0.00957	0.00641	0.03787
2	0.01714	0.01749	0.02666	0.02199	0.02302	0.02320	0.10084	0.01948	0.01272	0.01948	0.01091	0.01749	0.01039	0.01264	0.02329	0.00329	0.62068	0.00710	0.00346	0.00874
3	0.01347	0.00673	0.01010	0.01010	0.01010	0.00673	0.00673	0.01010	0.01010	0.01347	0.01347	0.02357	0.01347	0.02694	0.03030	0.77441	0.00673	0.00673	0.00337	0.00337
4	0.01608	0.01378	0.01608	0.01148	0.01837	0.01034	0.00919	0.01952	0.01608	0.02527	0.01378	0.01608	0.01148	0.00574	0.00574	0.00115	0.00574	0.00459	0.00459	0.77491
5	0.03423	0.01409	0.01855	0.01422	0.02024	0.01272	0.01175	0.10232	0.02369	0.61787	0.02933	0.02558	0.01856	0.00957	0.00779	0.00239	0.00680	0.00771	0.00940	0.01319
6	0.01357	0.00933	0.01139	0.01185	0.01350	0.00944	0.00835	0.01913	0.14749	0.07377	0.03802	0.47211	0.04127	0.07786	0.01174	0.00334	0.00524	0.01735	0.00732	0.00792
7	0.02592	0.01939	0.02297	0.02206	0.13267	0.02107	0.01545	0.36506	0.17059	0.09083	0.02172	0.02159	0.01581	0.00919	0.00778	0.00240	0.00797	0.00743	0.00727	0.01283
8	0.01380	0.01040	0.01312	0.04650	0.01615	0.01105	0.00981	0.13013	0.01870	0.02509	0.03511	0.52027	0.04004	0.02014	0.01024	0.00298	0.04404	0.01770	0.00691	0.00780
9	0.01347	0.00673	0.01010	0.01010	0.01010	0.00673	0.00673	0.01010	0.01010	0.01347	0.01347	0.02357	0.01347	0.02694	0.03030	0.77441	0.00673	0.00673	0.00337	0.00337
10	0.02181	0.01729	0.02132	0.07052	0.02459	0.01830	0.04906	0.20875	0.16642	0.07084	0.01997	0.02095	0.01497	0.00878	0.00858	0.00223	0.05456	0.00698	0.00632	0.18776
11	0.02364	0.17847	0.02750	0.01818	0.02273	0.13119	0.04028	0.21363	0.06451	0.02882	0.01474	0.01693	0.01194	0.00941	0.01094	0.00239	0.16277	0.00621	0.00509	0.01062

[dist]
# distance from previous block
# <min> <max>
0	4

[block]
# block no. 3 follows, 25 sequences, length 10
# corresponding to MSA columns:
# 92-101
name=unknown_D
#
# <colnr> <probs for GDERKNQSTAVLIFYWHMCP>
#	G	D	E	R	K	N	Q	S	T	A	V	L	I	F	Y	W	H	M	C	P
0	0.01822	0.16841	0.02372	0.08646	0.02319	0.05436	0.01329	0.02420	0.11737	0.02301	0.01529	0.01782	0.01268	0.00818	0.00916	0.00202	0.11387	0.00574	0.00451	0.25849
1	0.02577	0.16413	0.02483	0.01564	0.02151	0.02181	0.01329	0.28744	0.09234	0.13372	0.01940	0.01931	0.01425	0.00880	0.00777	0.00218	0.03704	0.00650	0.00669	0.07758
2	0.01169	0.00920	0.01363	0.01328	0.01452	0.01115	0.01044	0.01434	0.01240	0.01807	0.01967	0.02906	0.01843	0.05354	0.62732	0.01152	0.09242	0.00815	0.00407	0.00708
3	0.00945	0.00675	0.00900	0.01080	0.01125	0.00630	0.00720	0.01080	0.01484	0.01979	0.04274	0.72245	0.05128	0.02429	0.00990	0.00315	0.00450	0.02204	0.00720	0.00630
4	0.02116	0.01568	0.01706	0.01477	0.01896	0.01731	0.01158	0.21949	0.28839	0.06501	0.02867	0.12862	0.02404	0.01202	0.00791	0.00253	0.00640	0.01001	0.07917	0.01123
5	0.16528	0.02108	0.02644	0.13363	0.05311	0.14778	0.17806	0.04766	0.06244	0.02580	0.01456	0.01814	0.01134	0.00796	0.00853	0.00248	0.05492	0.00672	0.00440	0.00965
6	0.02823	0.01543	0.01837	0.01499	0.02038	0.01577	0.01208	0.10351	0.27245	0.36570	0.02971	0.02656	0.02030	0.00992	0.00783	0.00248	0.00662	0.00809	0.00874	0.01284
7	0.00945	0.00675	0.00900	0.01080	0.01125	0.00630	0.00720	0.01080	0.01484	0.01979	0.04274	0.72245	0.05128	0.02429	0.00990	0.00315	0.00450	0.02204	0.00720	0.00630
8	0.09989	0.02109	0.02216	0.01712	0.02320	0.02342	0.01414	0.59431	0.03428	0.04755	0.01788	0.01805	0.01274	0.00911	0.00748	0.00233	0.00830	0.00672	0.00748	0.01274
9	0.02733	0.04932	0.02243	0.01741	0.02253	0.12869	0.01417	0.36864	0.06187	0.09898	0.01864	0.01940	0.01379	0.01177	0.04275	0.00284	0.05421	0.00678	0.00672	0.01174

[dist]
# distance from previous block
# <min> <max>
0	1

[block]
# block no. 4 follows, 25 sequences, length 18
# corresponding to MSA columns:
# 103-120
name=unknown_E
#
# <colnr> <probs for GDERKNQSTAVLIFYWHMCP>
#	G	D	E	R	K	N	Q	S	T	A	V	L	I	F	Y	W	H	M	C	P
0	0.02623	0.17864	0.02502	0.01536	0.02147	0.02168	0.01310	0.28345	0.09922	0.15022	0.02005	0.01957	0.01458	0.00861	0.00699	0.00213	0.00764	0.00650	0.00685	0.07267
1	0.01745	0.04093	0.04563	0.01419	0.01816	0.01534	0.01156	0.14677	0.14268	0.02925	0.06905	0.16561	0.02711	0.04398	0.03850	0.00307	0.04285	0.01057	0.00646	0.11087
2	0.01081	0.00792	0.01014	0.00959	0.01148	0.00725	0.00719	0.01432	0.02157	0.03019	0.62180	0.05941	0.12697	0.01619	0.00915	0.00245	0.00368	0.01423	0.00842	0.00725
3	0.02884	0.02140	0.02291	0.01771	0.02380	0.02375	0.01458	0.61506	0.07571	0.04784	0.01942	0.01926	0.01384	0.00938	0.00776	0.00235	0.00838	0.00709	0.00776	0.01313
4	0.00973	0.00697	0.00925	0.01060	0.01131	0.00649	0.00722	0.01150	0.01616	0.02188	0.15946	0.59978	0.05532	0.02273	0.00976	0.00302	0.00434	0.02056	0.00744	0.00649
5	0.01696	0.01696	0.02375	0.02036	0.02036	0.02375	0.01696	0.01866	0.01187	0.01866	0.01018	0.01696	0.01018	0.01357	0.02545	0.00339	0.71332	0.00679	0.00339	0.00848
6	0.00945	0.00675	0.00900	0.01080	0.01125	0.00630	0.00720	0.01080	0.01484	0.01979	0.04274	0.72245	0.05128	0.02429	0.00990	0.00315	0.00450	0.02204	0.00720	0.00630
7	0.02009	0.01706	0.01799	0.01594	0.02047	0.01966	0.01247	0.08967	0.61535	0.03374	0.03053	0.02811	0.02284	0.01042	0.00788	0.00261	0.00633	0.00862	0.00788	0.01234
8	0.01608	0.01378	0.01608	0.01148	0.01837	0.01034	0.00919	0.01952	0.01608	0.02527	0.01378	0.01608	0.01148	0.00574	0.00574	0.00115	0.00574	0.00459	0.00459	0.77491
9	0.02434	0.07324	0.02279	0.01989	0.05711	0.35320	0.01483	0.05794	0.18335	0.02390	0.01709	0.01842	0.01371	0.00908	0.00893	0.00230	0.07842	0.00625	0.00503	0.01018
10	0.78228	0.01499	0.01140	0.01020	0.01499	0.01739	0.00840	0.02279	0.01320	0.03479	0.01080	0.01260	0.00840	0.00720	0.00480	0.00240	0.00600	0.00420	0.00480	0.00840
11	0.01988	0.01534	0.02314	0.26338	0.05532	0.04481	0.09856	0.04968	0.01796	0.12954	0.01834	0.02216	0.01356	0.00862	0.00904	0.00246	0.06831	0.00730	0.12290	0.00969
12	0.03479	0.01320	0.01799	0.01380	0.01979	0.01140	0.01140	0.03779	0.02219	0.68451	0.03059	0.02639	0.01919	0.00960	0.00780	0.00240	0.00660	0.00780	0.00960	0.01320
13	0.02073	0.73217	0.04063	0.01327	0.01990	0.03068	0.01327	0.02322	0.01575	0.01824	0.01078	0.01244	0.00995	0.00663	0.00498	0.00166	0.00829	0.00415	0.00332	0.00995
14	0.03245	0.01695	0.02032	0.01558	0.02167	0.01696	0.01287	0.30877	0.02847	0.40466	0.02532	0.02297	0.01655	0.00947	0.00778	0.00237	0.00745	0.00744	0.00879	0.01319
15	0.01103	0.00730	0.00972	0.01074	0.01174	0.00675	0.00743	0.01291	0.01660	0.05567	0.16560	0.55742	0.05393	0.02190	0.00964	0.00297	0.00444	0.01975	0.00758	0.00685
16	0.01998	0.01360	0.01577	0.01348	0.01741	0.01427	0.01062	0.13467	0.21371	0.12795	0.28161	0.03818	0.04065	0.01227	0.00835	0.00247	0.00564	0.01038	0.00836	0.01062
17	0.07710	0.01452	0.01755	0.04975	0.02114	0.01270	0.03813	0.02255	0.09135	0.02654	0.01569	0.01775	0.01261	0.00655	0.00617	0.00156	0.00637	0.00537	0.00490	0.55169

[dist]
# distance from previous block
# <min> <max>
2	36

[block]
# block no. 5 follows, 25 sequences, length 24
# corresponding to MSA columns:
# 157-180
name=unknown_F
#
# <colnr> <probs for GDERKNQSTAVLIFYWHMCP>
#	G	D	E	R	K	N	Q	S	T	A	V	L	I	F	Y	W	H	M	C	P
0	0.02701	0.12266	0.02527	0.01803	0.05042	0.02365	0.01449	0.44387	0.09579	0.07314	0.01922	0.01918	0.01404	0.00896	0.00737	0.00226	0.00819	0.00679	0.00706	0.01259
1	0.01064	0.00817	0.01124	0.01195	0.01322	0.00769	0.03285	0.01335	0.04827	0.02092	0.03962	0.62330	0.04628	0.02194	0.00955	0.00300	0.00498	0.01996	0.00697	0.04610
2	0.01445	0.00723	0.00723	0.00723	0.00903	0.00723	0.00542	0.01807	0.01626	0.02891	0.02529	0.02891	0.01987	0.00903	0.00542	0.00181	0.00361	0.00723	0.77055	0.00723
3	0.01128	0.00752	0.00846	0.00846	0.00846	0.00752	0.00470	0.01128	0.01128	0.01503	0.02443	0.05074	0.02819	0.72751	0.03946	0.00752	0.00752	0.01128	0.00470	0.00470
4	0.03233	0.01313	0.01755	0.01362	0.01924	0.01164	0.01118	0.06576	0.02287	0.59304	0.08955	0.02892	0.02389	0.01016	0.00792	0.00240	0.00642	0.00833	0.00941	0.01265
5	0.02947	0.02172	0.02327	0.01784	0.02404	0.02404	0.01474	0.65329	0.03646	0.04887	0.01862	0.01862	0.01319	0.00931	0.00776	0.00233	0.00853	0.00698	0.00776	0.01319
6	0.03276	0.01326	0.01779	0.01354	0.01964	0.01128	0.01116	0.03581	0.02153	0.61308	0.02877	0.02527	0.01836	0.00918	0.00757	0.00226	0.00650	0.00745	0.00905	0.09573
7	0.01655	0.02015	0.12008	0.02129	0.02374	0.02174	0.07685	0.01980	0.01315	0.02004	0.01183	0.01802	0.01080	0.01458	0.05974	0.00371	0.50854	0.00694	0.00347	0.00900
8	0.01342	0.00850	0.01122	0.01037	0.01261	0.00780	0.00796	0.01701	0.02178	0.09586	0.58122	0.05615	0.06645	0.01549	0.00908	0.00249	0.00411	0.04200	0.00858	0.00789
9	0.01712	0.02507	0.22481	0.02861	0.09904	0.01858	0.31330	0.02428	0.04436	0.02452	0.01678	0.05490	0.01366	0.00828	0.00941	0.00261	0.05154	0.00844	0.00403	0.01068
10	0.01764	0.01611	0.02429	0.31356	0.16273	0.01877	0.01926	0.08603	0.01746	0.02418	0.01376	0.01904	0.01109	0.00867	0.01090	0.00252	0.14267	0.00667	0.00407	0.08058
11	0.01222	0.00933	0.01151	0.01163	0.01363	0.00938	0.00887	0.01844	0.13131	0.02710	0.29582	0.20512	0.08615	0.01784	0.00933	0.00281	0.00482	0.10895	0.00785	0.00789
12	0.01611	0.01323	0.01577	0.04361	0.01916	0.01129	0.00994	0.08380	0.01793	0.02640	0.01995	0.15472	0.01939	0.00983	0.00686	0.00173	0.00600	0.00836	0.00538	0.51055
13	0.01128	0.00752	0.00846	0.00846	0.00846	0.00752	0.00470	0.01128	0.01128	0.01503	0.02443	0.05074	0.02819	0.72751	0.03946	0.00752	0.00752	0.01128	0.00470	0.00470
14	0.01816	0.04396	0.04878	0.01455	0.05339	0.01312	0.01153	0.05396	0.05251	0.05902	0.01574	0.01744	0.01251	0.00654	0.00620	0.00149	0.00648	0.00525	0.00503	0.55435
15	0.01709	0.25964	0.38204	0.01904	0.02765	0.02181	0.05027	0.02312	0.01597	0.02200	0.01435	0.05316	0.01219	0.00829	0.00766	0.00229	0.04309	0.00630	0.00353	0.01051
16	0.03479	0.01320	0.01799	0.01380	0.01979	0.01140	0.01140	0.03779	0.02219	0.68451	0.03059	0.02639	0.01919	0.00960	0.00780	0.00240	0.00660	0.00780	0.00960	0.01320
17	0.00961	0.00691	0.00898	0.01047	0.01107	0.00643	0.00700	0.01104	0.01517	0.02020	0.07741	0.61813	0.08253	0.06155	0.01142	0.00332	0.00459	0.02075	0.00713	0.00628
18	0.02102	0.22562	0.04987	0.13139	0.05244	0.15773	0.07330	0.05534	0.08063	0.02250	0.01452	0.01733	0.01175	0.00798	0.00789	0.00223	0.04816	0.00608	0.00420	0.01001
19	0.01590	0.00925	0.01320	0.11139	0.01925	0.00912	0.01037	0.01808	0.01662	0.15883	0.05722	0.38399	0.03716	0.01855	0.01026	0.04422	0.00599	0.04560	0.00700	0.00799
20	0.00985	0.00788	0.00881	0.00858	0.01089	0.00684	0.00643	0.01246	0.01930	0.02480	0.30493	0.06828	0.44721	0.01820	0.00916	0.00255	0.00383	0.01548	0.00771	0.00684
21	0.01841	0.01604	0.02183	0.11979	0.11255	0.04791	0.07367	0.16637	0.05314	0.02887	0.05664	0.20011	0.02558	0.01264	0.00846	0.00260	0.00817	0.01133	0.00599	0.00987
22	0.02548	0.06515	0.11938	0.08453	0.02829	0.20304	0.04689	0.20934	0.02427	0.09617	0.01635	0.01780	0.01194	0.00828	0.00741	0.00227	0.01060	0.00629	0.00546	0.01107
23	0.02584	0.04238	0.02150	0.01602	0.02201	0.05365	0.01314	0.44965	0.03018	0.04094	0.01753	0.01832	0.01300	0.00848	0.00713	0.00204	0.00799	0.00637	0.05046	0.15336

[dist]
# distance from previous block
# <min> <max>
0	7

[block]
# block no. 6 follows, 25 sequences, length 18
# corresponding to MSA columns:
# 188-205
name=unknown_G
#
# <colnr> <probs for GDERKNQSTAVLIFYWHMCP>
#	G	D	E	R	K	N	Q	S	T	A	V	L	I	F	Y	W	H	M	C	P
0	0.10603	0.07662	0.08342	0.09502	0.17857	0.08767	0.04205	0.06428	0.01772	0.02557	0.01514	0.04507	0.01285	0.00862	0.00845	0.00238	0.06427	0.00677	0.04947	0.01003
1	0.01435	0.01070	0.01387	0.05060	0.09000	0.01106	0.01011	0.06787	0.06389	0.02563	0.11680	0.19534	0.03435	0.13943	0.01369	0.00340	0.00606	0.01235	0.11244	0.00806
2	0.01097	0.00793	0.01036	0.00975	0.01158	0.00732	0.00732	0.01463	0.02195	0.03109	0.67505	0.05792	0.07316	0.01585	0.00914	0.00244	0.00366	0.01402	0.00854	0.00732
3	0.22795	0.01366	0.01629	0.01287	0.01855	0.01295	0.01062	0.03391	0.01987	0.51661	0.02547	0.02283	0.01640	0.00898	0.00702	0.00240	0.00644	0.00687	0.00836	0.01196
4	0.01108	0.00831	0.01246	0.01246	0.01385	0.00969	0.00969	0.01385	0.01246	0.01800	0.02077	0.03046	0.01938	0.05815	0.69678	0.01246	0.02077	0.00831	0.00415	0.00692
5	0.02233	0.01003	0.01357	0.01232	0.01559	0.00889	0.00933	0.02452	0.01858	0.35773	0.03656	0.36858	0.03497	0.01682	0.00883	0.00277	0.00557	0.01480	0.00842	0.00980
6	0.01830	0.02092	0.04575	0.03268	0.04052	0.01961	0.65098	0.02484	0.01830	0.02484	0.01569	0.02092	0.01176	0.00654	0.00915	0.00261	0.01307	0.00915	0.00392	0.01046
7	0.01830	0.02092	0.04575	0.03268	0.04052	0.01961	0.65098	0.02484	0.01830	0.02484	0.01569	0.02092	0.01176	0.00654	0.00915	0.00261	0.01307	0.00915	0.00392	0.01046
8	0.01830	0.02092	0.04575	0.03268	0.04052	0.01961	0.65098	0.02484	0.01830	0.02484	0.01569	0.02092	0.01176	0.00654	0.00915	0.00261	0.01307	0.00915	0.00392	0.01046
9	0.02896	0.03695	0.02197	0.01998	0.02397	0.69638	0.01498	0.03096	0.02197	0.01898	0.01199	0.01398	0.00999	0.00799	0.00699	0.00200	0.01398	0.00499	0.00400	0.00899
10	0.02178	0.64391	0.03826	0.01412	0.02042	0.11519	0.01348	0.02420	0.01654	0.01834	0.01093	0.01263	0.00995	0.00681	0.00523	0.00170	0.00901	0.00425	0.00340	0.00983
11	0.01445	0.00723	0.00723	0.00723	0.00903	0.00723	0.00542	0.01807	0.01626	0.02891	0.02529	0.02891	0.01987	0.00903	0.00542	0.00181	0.00361	0.00723	0.77055	0.00723
12	0.01108	0.00744	0.00851	0.00870	0.00875	0.00739	0.00496	0.01123	0.01165	0.01553	0.02634	0.12095	0.03060	0.65401	0.03637	0.00706	0.00720	0.01240	0.00496	0.00487
13	0.01457	0.01382	0.02387	0.62169	0.04998	0.01672	0.06212	0.01959	0.01565	0.02014	0.01568	0.06355	0.01293	0.00868	0.00798	0.00262	0.01016	0.00796	0.00371	0.00859
14	0.02565	0.05148	0.05111	0.01695	0.02283	0.02185	0.01433	0.37266	0.22810	0.07892	0.02277	0.02189	0.01649	0.00950	0.00766	0.00240	0.00780	0.00740	0.00752	0.01269
15	0.01555	0.04011	0.68733	0.02210	0.03356	0.01801	0.02865	0.02455	0.01637	0.02455	0.01391	0.01637	0.00982	0.00737	0.00737	0.00246	0.01146	0.00573	0.00327	0.01146
16	0.01108	0.00831	0.01246	0.01246	0.01385	0.00969	0.00969	0.01385	0.01246	0.01800	0.02077	0.03046	0.01938	0.05815	0.69678	0.01246	0.02077	0.00831	0.00415	0.00692
17	0.19356	0.01884	0.01915	0.01518	0.02056	0.02095	0.01240	0.45211	0.02913	0.04317	0.01751	0.01931	0.01317	0.04222	0.00846	0.00256	0.00768	0.00658	0.04604	0.01143

[dist]
# distance from previous block
# <min> <max>
0	1

[block]
# block no. 7 follows, 25 sequences, length 80
# corresponding to MSA columns:
# 207-286
name=unknown_H
#
# <colnr> <probs for GDERKNQSTAVLIFYWHMCP>
#	G	D	E	R	K	N	Q	S	T	A	V	L	I	F	Y	W	H	M	C	P
0	0.02532	0.01680	0.06563	0.01479	0.02069	0.01493	0.01272	0.13442	0.14175	0.27384	0.07732	0.02605	0.02170	0.00956	0.00762	0.00227	0.00683	0.00778	0.00779	0.11218
1	0.00979	0.00701	0.00930	0.01056	0.01132	0.00653	0.00722	0.01166	0.01644	0.02232	0.18441	0.57356	0.05618	0.02240	0.00973	0.00299	0.00431	0.02025	0.00750	0.00653
2	0.14212	0.01535	0.04263	0.04800	0.04444	0.01408	0.01277	0.08433	0.02135	0.45820	0.02473	0.02284	0.01611	0.00896	0.00733	0.00240	0.00711	0.00705	0.00802	0.01218
3	0.05532	0.01834	0.02233	0.07047	0.05255	0.07633	0.06945	0.21935	0.02396	0.17076	0.02178	0.09692	0.01766	0.01052	0.00864	0.00249	0.03673	0.00869	0.00664	0.01107
4	0.02073	0.73217	0.04063	0.01327	0.01990	0.03068	0.01327	0.02322	0.01575	0.01824	0.01078	0.01244	0.00995	0.00663	0.00498	0.00166	0.00829	0.00415	0.00332	0.00995
5	0.01445	0.00723	0.00723	0.00723	0.00903	0.00723	0.00542	0.01807	0.01626	0.02891	0.02529	0.02891	0.01987	0.00903	0.00542	0.00181	0.00361	0.00723	0.77055	0.00723
6	0.02031	0.67599	0.09313	0.01398	0.02101	0.02965	0.01452	0.02333	0.01580	0.01875	0.01103	0.01276	0.00994	0.00669	0.00517	0.00172	0.00855	0.00427	0.00331	0.01007
7	0.21540	0.04492	0.10257	0.01402	0.02069	0.01632	0.01290	0.13055	0.01980	0.13916	0.01650	0.01721	0.01198	0.00758	0.00636	0.00205	0.00723	0.00555	0.00578	0.20344
8	0.01827	0.27678	0.05578	0.01786	0.02071	0.02603	0.01608	0.02054	0.01345	0.01874	0.01054	0.01530	0.01008	0.01082	0.01733	0.00273	0.43067	0.00579	0.00336	0.00913
9	0.00943	0.00775	0.00809	0.00820	0.01041	0.00664	0.00595	0.01125	0.01710	0.02077	0.09446	0.12058	0.55265	0.07799	0.01171	0.00305	0.00425	0.01628	0.00705	0.00640
10	0.17035	0.07898	0.06057	0.01262	0.01885	0.01489	0.01112	0.04840	0.04311	0.12820	0.01697	0.01791	0.01278	0.00729	0.00605	0.00185	0.00653	0.00543	0.04381	0.29430
11	0.01335	0.00678	0.01001	0.01001	0.01001	0.00678	0.00663	0.01016	0.01016	0.01355	0.01404	0.02499	0.01424	0.06367	0.03078	0.73420	0.00678	0.00697	0.00344	0.00344
12	0.03479	0.01320	0.01799	0.01380	0.01979	0.01140	0.01140	0.03779	0.02219	0.68451	0.03059	0.02639	0.01919	0.00960	0.00780	0.00240	0.00660	0.00780	0.00960	0.01320
13	0.02341	0.01870	0.01985	0.01661	0.02173	0.02121	0.01327	0.28877	0.41085	0.03908	0.02632	0.02476	0.01943	0.01003	0.00784	0.00251	0.00711	0.00804	0.00784	0.01264
14	0.01599	0.06411	0.60639	0.02271	0.03367	0.01862	0.08329	0.02453	0.01652	0.02435	0.01396	0.01663	0.01000	0.00727	0.00744	0.00244	0.01148	0.00597	0.00333	0.01131
15	0.03479	0.01320	0.01799	0.01380	0.01979	0.01140	0.01140	0.03779	0.02219	0.68451	0.03059	0.02639	0.01919	0.00960	0.00780	0.00240	0.00660	0.00780	0.00960	0.01320
16	0.01000	0.00712	0.00870	0.00972	0.01027	0.00671	0.00626	0.01099	0.01402	0.01840	0.04088	0.43637	0.11338	0.24787	0.01924	0.00448	0.00540	0.01798	0.00640	0.00582
17	0.74383	0.01612	0.01194	0.01070	0.01545	0.05204	0.00873	0.02321	0.01364	0.03398	0.01086	0.01267	0.00848	0.00724	0.00491	0.00238	0.00641	0.00424	0.00476	0.00843
18	0.04531	0.01045	0.01064	0.00949	0.01230	0.01101	0.00742	0.14723	0.02025	0.03317	0.02341	0.02623	0.01810	0.00902	0.00587	0.00193	0.00470	0.00707	0.58792	0.00848
19	0.01477	0.01578	0.12479	0.07850	0.02140	0.01281	0.01366	0.13254	0.01892	0.02577	0.02889	0.34905	0.03077	0.02030	0.07131	0.00368	0.00840	0.01394	0.00603	0.00869
20	0.01608	0.01378	0.01608	0.01148	0.01837	0.01034	0.00919	0.01952	0.01608	0.02527	0.01378	0.01608	0.01148	0.00574	0.00574	0.00115	0.00574	0.00459	0.00459	0.77491
21	0.01577	0.06996	0.65944	0.02172	0.03297	0.01855	0.02798	0.02450	0.01634	0.02428	0.01378	0.01620	0.00983	0.00733	0.00726	0.00242	0.01132	0.00566	0.00328	0.01139
22	0.03479	0.01320	0.01799	0.01380	0.01979	0.01140	0.01140	0.03779	0.02219	0.68451	0.03059	0.02639	0.01919	0.00960	0.00780	0.00240	0.00660	0.00780	0.00960	0.01320
23	0.01097	0.00793	0.01036	0.00975	0.01158	0.00732	0.00732	0.01463	0.02195	0.03109	0.67505	0.05792	0.07316	0.01585	0.00914	0.00244	0.00366	0.01402	0.00854	0.00732
24	0.02896	0.03695	0.02197	0.01998	0.02397	0.69638	0.01498	0.03096	0.02197	0.01898	0.01199	0.01398	0.00999	0.00799	0.00699	0.00200	0.01398	0.00499	0.00400	0.00899
25	0.00974	0.00696	0.00933	0.01113	0.01171	0.00655	0.00770	0.01130	0.01513	0.02012	0.04257	0.66176	0.05065	0.02402	0.00997	0.00319	0.00475	0.07986	0.00719	0.00638
26	0.01347	0.00673	0.01010	0.01010	0.01010	0.00673	0.00673	0.01010	0.01010	0.01347	0.01347	0.02357	0.01347	0.02694	0.03030	0.77441	0.00673	0.00673	0.00337	0.00337
27	0.00930	0.00786	0.00804	0.00799	0.01055	0.00660	0.00600	0.01139	0.01799	0.02169	0.12239	0.07339	0.63169	0.01936	0.00916	0.00261	0.00391	0.01619	0.00730	0.00660
28	0.78228	0.01499	0.01140	0.01020	0.01499	0.01739	0.00840	0.02279	0.01320	0.03479	0.01080	0.01260	0.00840	0.00720	0.00480	0.00240	0.00600	0.00420	0.00480	0.00840
29	0.02606	0.06886	0.05700	0.01897	0.02356	0.50209	0.01511	0.03212	0.13985	0.02171	0.01563	0.01678	0.01250	0.00835	0.00707	0.00212	0.01211	0.00568	0.00464	0.00977
30	0.01817	0.21841	0.15148	0.08172	0.02805	0.05093	0.09119	0.02230	0.01523	0.02044	0.01205	0.01628	0.01024	0.00898	0.01234	0.00253	0.22045	0.00608	0.00344	0.00969
31	0.01231	0.06227	0.01548	0.08488	0.01798	0.01234	0.01099	0.01437	0.01432	0.01933	0.02970	0.37280	0.03372	0.04972	0.07431	0.00404	0.11484	0.04385	0.00558	0.00717
32	0.02947	0.02172	0.02327	0.01784	0.02404	0.02404	0.01474	0.65329	0.03646	0.04887	0.01862	0.01862	0.01319	0.00931	0.00776	0.00233	0.00853	0.00698	0.00776	0.01319
33	0.01631	0.02717	0.33694	0.02113	0.02915	0.01678	0.14700	0.05586	0.08079	0.02779	0.13800	0.02625	0.02337	0.00916	0.00812	0.00249	0.00969	0.00829	0.00504	0.01066
34	0.01929	0.01666	0.01753	0.01578	0.02016	0.01929	0.01227	0.04120	0.66513	0.03243	0.03156	0.02893	0.02367	0.01052	0.00789	0.00263	0.00614	0.00877	0.00789	0.01227
35	0.02802	0.02036	0.02207	0.01714	0.02278	0.02247	0.01401	0.59486	0.03406	0.04565	0.01815	0.01907	0.01321	0.01091	0.00980	0.07247	0.00837	0.00696	0.00736	0.01229
36	0.01128	0.00752	0.00846	0.00846	0.00846	0.00752	0.00470	0.01128	0.01128	0.01503	0.02443	0.05074	0.02819	0.72751	0.03946	0.00752	0.00752	0.01128	0.00470	0.00470
37	0.01696	0.01696	0.02375	0.02036	0.02036	0.02375	0.01696	0.01866	0.01187	0.01866	0.01018	0.01696	0.01018	0.01357	0.02545	0.00339	0.71332	0.00679	0.00339	0.00848
38	0.01919	0.01842	0.03147	0.04759	0.67914	0.01842	0.02380	0.02380	0.01765	0.02533	0.01458	0.01919	0.01228	0.00691	0.00768	0.00230	0.00921	0.00691	0.00384	0.01228
39	0.02073	0.73217	0.04063	0.01327	0.01990	0.03068	0.01327	0.02322	0.01575	0.01824	0.01078	0.01244	0.00995	0.00663	0.00498	0.00166	0.00829	0.00415	0.00332	0.00995
40	0.01696	0.01696	0.02375	0.02036	0.02036	0.02375	0.01696	0.01866	0.01187	0.01866	0.01018	0.01696	0.01018	0.01357	0.02545	0.00339	0.71332	0.00679	0.00339	0.00848
41	0.01108	0.00831	0.01246	0.01246	0.01385	0.00969	0.00969	0.01385	0.01246	0.01800	0.02077	0.03046	0.01938	0.05815	0.69678	0.01246	0.02077	0.00831	0.00415	0.00692
42	0.01555	0.04011	0.68733	0.02210	0.03356	0.01801	0.02865	0.02455	0.01637	0.02455	0.01391	0.01637	0.00982	0.00737	0.00737	0.00246	0.01146	0.00573	0.00327	0.01146
43	0.02896	0.03695	0.02197	0.01998	0.02397	0.69638	0.01498	0.03096	0.02197	0.01898	0.01199	0.01398	0.00999	0.00799	0.00699	0.00200	0.01398	0.00499	0.00400	0.00899
44	0.00950	0.00689	0.00897	0.01051	0.01120	0.00637	0.00710	0.01101	0.01541	0.02042	0.07562	0.63775	0.10364	0.02351	0.00980	0.00307	0.00441	0.02120	0.00726	0.00637
45	0.01108	0.00831	0.01246	0.01246	0.01385	0.00969	0.00969	0.01385	0.01246	0.01800	0.02077	0.03046	0.01938	0.05815	0.69678	0.01246	0.02077	0.00831	0.00415	0.00692
46	0.03417	0.01333	0.01798	0.01387	0.01981	0.01171	0.01143	0.03792	0.04781	0.65853	0.03063	0.02649	0.01937	0.00963	0.00780	0.00241	0.00658	0.00784	0.00953	0.01316
47	0.01097	0.00793	0.01036	0.00975	0.01158	0.00732	0.00732	0.01463	0.02195	0.03109	0.67505	0.05792	0.07316	0.01585	0.00914	0.00244	0.00366	0.01402	0.00854	0.00732
48	0.01097	0.00793	0.01036	0.00975	0.01158	0.00732	0.00732	0.01463	0.02195	0.03109	0.67505	0.05792	0.07316	0.01585	0.00914	0.00244	0.00366	0.01402	0.00854	0.00732
49	0.02479	0.01875	0.01994	0.01620	0.02141	0.02096	0.01309	0.39652	0.23867	0.04171	0.02343	0.02290	0.01720	0.00968	0.00759	0.00238	0.00730	0.00758	0.07756	0.01234
50	0.78228	0.01499	0.01140	0.01020	0.01499	0.01739	0.00840	0.02279	0.01320	0.03479	0.01080	0.01260	0.00840	0.00720	0.00480	0.00240	0.00600	0.00420	0.00480	0.00840
51	0.01618	0.03573	0.54118	0.02451	0.03514	0.01837	0.17042	0.02462	0.01681	0.02462	0.01432	0.01741	0.01026	0.00718	0.00777	0.00249	0.01183	0.00651	0.00342	0.01123
52	0.01919	0.01842	0.03147	0.04759	0.67914	0.01842	0.02380	0.02380	0.01765	0.02533	0.01458	0.01919	0.01228	0.00691	0.00768	0.00230	0.00921	0.00691	0.00384	0.01228
53	0.01685	0.01680	0.02372	0.05484	0.02201	0.02342	0.01719	0.01872	0.01206	0.01872	0.01036	0.01715	0.01019	0.01328	0.02456	0.00335	0.67811	0.00679	0.00340	0.00849
54	0.01128	0.00752	0.00846	0.00846	0.00846	0.00752	0.00470	0.01128	0.01128	0.01503	0.02443	0.05074	0.02819	0.72751	0.03946	0.00752	0.00752	0.01128	0.00470	0.00470
55	0.00941	0.00687	0.00887	0.01046	0.01116	0.00633	0.00705	0.01083	0.01517	0.01992	0.04682	0.64857	0.12252	0.02376	0.00981	0.00309	0.00443	0.02139	0.00720	0.00633
56	0.00945	0.00675	0.00900	0.01080	0.01125	0.00630	0.00720	0.01080	0.01484	0.01979	0.04274	0.72245	0.05128	0.02429	0.00990	0.00315	0.00450	0.02204	0.00720	0.00630
57	0.00961	0.00682	0.00895	0.01059	0.01100	0.00641	0.00697	0.01084	0.01453	0.01937	0.04110	0.66236	0.04922	0.08720	0.01254	0.00354	0.00477	0.02108	0.00697	0.00615
58	0.01608	0.01378	0.01608	0.01148	0.01837	0.01034	0.00919	0.01952	0.01608	0.02527	0.01378	0.01608	0.01148	0.00574	0.00574	0.00115	0.00574	0.00459	0.00459	0.77491
59	0.01608	0.01378	0.01608	0.01148	0.01837	0.01034	0.00919	0.01952	0.01608	0.02527	0.01378	0.01608	0.01148	0.00574	0.00574	0.00115	0.00574	0.00459	0.00459	0.77491
60	0.01929	0.01666	0.01753	0.01578	0.02016	0.01929	0.01227	0.04120	0.66513	0.03243	0.03156	0.02893	0.02367	0.01052	0.00789	0.00263	0.00614	0.00877	0.00789	0.01227
61	0.02048	0.69940	0.07126	0.01369	0.02055	0.03008	0.01400	0.02328	0.01578	0.01854	0.01093	0.01262	0.00994	0.00667	0.00509	0.00170	0.00844	0.00422	0.00331	0.01002
62	0.01090	0.00792	0.01026	0.00968	0.01154	0.00728	0.00726	0.01449	0.02177	0.03068	0.65077	0.05860	0.09770	0.01601	0.00915	0.00245	0.00367	0.01412	0.00848	0.00728
63	0.01696	0.01696	0.02375	0.02036	0.02036	0.02375	0.01696	0.01866	0.01187	0.01866	0.01018	0.01696	0.01018	0.01357	0.02545	0.00339	0.71332	0.00679	0.00339	0.00848
64	0.01464	0.01378	0.02326	0.70887	0.05340	0.01723	0.02153	0.01981	0.01550	0.01981	0.01378	0.02067	0.01034	0.00775	0.00775	0.00258	0.01034	0.00689	0.00345	0.00861
65	0.01138	0.00808	0.01098	0.01261	0.01379	0.00793	0.01005	0.01390	0.01627	0.02135	0.04012	0.29380	0.04535	0.08553	0.01301	0.00378	0.00630	0.37218	0.00694	0.00664
66	0.01108	0.00831	0.01246	0.01246	0.01385	0.00969	0.00969	0.01385	0.01246	0.01800	0.02077	0.03046	0.01938	0.05815	0.69678	0.01246	0.02077	0.00831	0.00415	0.00692
67	0.00930	0.00786	0.00804	0.00800	0.01056	0.00660	0.00600	0.01139	0.01799	0.02171	0.12320	0.07337	0.63087	0.01935	0.00916	0.00260	0.00391	0.01619	0.00730	0.00660
68	0.01526	0.01796	0.12178	0.50196	0.06856	0.01716	0.04490	0.02167	0.04329	0.02179	0.01511	0.02067	0.01132	0.00779	0.00766	0.00253	0.01012	0.00690	0.03424	0.00933
69	0.01870	0.18973	0.11388	0.04693	0.02839	0.08041	0.18479	0.02322	0.01683	0.02197	0.01429	0.01969	0.01213	0.00801	0.00883	0.00225	0.07325	0.03300	0.00386	0.09982
70	0.01108	0.00831	0.01246	0.01246	0.01385	0.00969	0.00969	0.01385	0.01246	0.01800	0.02077	0.03046	0.01938	0.05815	0.69678	0.01246	0.02077	0.00831	0.00415	0.00692
71	0.01703	0.01375	0.01618	0.01160	0.01845	0.01039	0.00930	0.02046	0.01639	0.05891	0.01464	0.01660	0.01188	0.00594	0.00585	0.00121	0.00579	0.00476	0.00485	0.73604
72	0.03479	0.01320	0.01799	0.01380	0.01979	0.01140	0.01140	0.03779	0.02219	0.68451	0.03059	0.02639	0.01919	0.00960	0.00780	0.00240	0.00660	0.00780	0.00960	0.01320
73	0.03479	0.01320	0.01799	0.01380	0.01979	0.01140	0.01140	0.03779	0.02219	0.68451	0.03059	0.02639	0.01919	0.00960	0.00780	0.00240	0.00660	0.00780	0.00960	0.01320
74	0.02048	0.02382	0.05655	0.13291	0.03291	0.19868	0.19936	0.02783	0.12458	0.02322	0.01649	0.01984	0.01281	0.00838	0.00940	0.00251	0.06853	0.00729	0.00445	0.00995
75	0.01108	0.00831	0.01246	0.01246	0.01385	0.00969	0.00969	0.01385	0.01246	0.01800	0.02077	0.03046	0.01938	0.05815	0.69678	0.01246	0.02077	0.00831	0.00415	0.00692
76	0.02478	0.01927	0.02209	0.08135	0.02529	0.02222	0.01503	0.42008	0.10184	0.03968	0.01879	0.02014	0.01397	0.00984	0.00998	0.00250	0.09947	0.00716	0.03468	0.01183
77	0.01139	0.00873	0.01289	0.01271	0.01396	0.01034	0.00987	0.01399	0.01238	0.01791	0.02036	0.03059	0.01927	0.08350	0.63439	0.01178	0.05654	0.00835	0.00414	0.00691
78	0.02457	0.01880	0.02129	0.01710	0.02164	0.02145	0.01401	0.45819	0.02933	0.03971	0.02088	0.05121	0.04045	0.01480	0.06464	0.00333	0.11229	0.00806	0.00679	0.01146
79	0.01792	0.02087	0.11348	0.18208	0.12198	0.01875	0.24358	0.07011	0.01832	0.02530	0.01478	0.01948	0.01130	0.00743	0.00885	0.00248	0.04124	0.00743	0.00402	0.05061

[dist]
# distance from previous block
# <min> <max>
0	2

[block]
# block no. 8 follows, 25 sequences, length 29
# corresponding to MSA columns:
# 289-317
name=unknown_I
#
# <colnr> <probs for GDERKNQSTAVLIFYWHMCP>
#	G	D	E	R	K	N	Q	S	T	A	V	L	I	F	Y	W	H	M	C	P
0	0.01843	0.45805	0.25605	0.01603	0.02401	0.02508	0.01809	0.02317	0.01632	0.02110	0.05010	0.01638	0.01355	0.00741	0.00602	0.00197	0.00909	0.00525	0.00360	0.01031
1	0.02164	0.01868	0.01822	0.01576	0.02027	0.08209	0.01238	0.18149	0.37985	0.03434	0.05203	0.02830	0.05223	0.01057	0.00779	0.00246	0.00715	0.00849	0.03472	0.01155
2	0.56533	0.05067	0.17615	0.01320	0.01969	0.01809	0.01350	0.02324	0.01407	0.03163	0.01155	0.01350	0.00881	0.00722	0.00543	0.00238	0.00741	0.00457	0.00437	0.00920
3	0.04793	0.03058	0.42107	0.04778	0.08217	0.01755	0.06162	0.05286	0.04218	0.07368	0.03886	0.01960	0.01362	0.00794	0.00754	0.00245	0.01018	0.00661	0.00443	0.01133
4	0.01117	0.00747	0.00849	0.00860	0.00863	0.00744	0.00485	0.01125	0.01149	0.01532	0.02554	0.09132	0.02958	0.68502	0.03768	0.00725	0.00733	0.01193	0.00485	0.00479
5	0.05085	0.11647	0.12752	0.13346	0.23848	0.02051	0.02013	0.09903	0.07173	0.02717	0.01556	0.01854	0.01217	0.00766	0.00719	0.00232	0.00914	0.00641	0.00446	0.01123
6	0.00945	0.00675	0.00900	0.01080	0.01125	0.00630	0.00720	0.01080	0.01484	0.01979	0.04274	0.72245	0.05128	0.02429	0.00990	0.00315	0.00450	0.02204	0.00720	0.00630
7	0.05179	0.03763	0.61633	0.02307	0.07132	0.01800	0.02741	0.02443	0.01630	0.02508	0.01381	0.01636	0.00990	0.00733	0.00726	0.00244	0.01107	0.00573	0.00338	0.01136
8	0.01083	0.00784	0.00991	0.01082	0.01192	0.00748	0.00761	0.04074	0.01692	0.02259	0.12710	0.47663	0.09559	0.06632	0.01156	0.00328	0.00487	0.05406	0.00724	0.00671
9	0.04924	0.08082	0.61884	0.02105	0.03193	0.01875	0.02684	0.02440	0.01619	0.02462	0.01359	0.01597	0.00977	0.00731	0.00711	0.00240	0.01103	0.00557	0.00334	0.01123
10	0.01913	0.08205	0.31771	0.06980	0.14958	0.10099	0.06590	0.06103	0.01846	0.02469	0.01396	0.01702	0.01065	0.00739	0.00737	0.00233	0.01099	0.00612	0.00378	0.01105
11	0.01608	0.01378	0.01608	0.01148	0.01837	0.01034	0.00919	0.01952	0.01608	0.02527	0.01378	0.01608	0.01148	0.00574	0.00574	0.00115	0.00574	0.00459	0.00459	0.77491
12	0.01667	0.03563	0.12670	0.03839	0.01946	0.01231	0.01295	0.02340	0.10719	0.12471	0.24054	0.06727	0.08897	0.01310	0.00841	0.00254	0.00631	0.03869	0.00718	0.00957
13	0.01485	0.01399	0.02362	0.67924	0.08144	0.01728	0.02163	0.01999	0.01560	0.02006	0.01382	0.02061	0.01042	0.00771	0.00775	0.00257	0.01029	0.00689	0.00346	0.00878
14	0.01530	0.01442	0.01694	0.04584	0.01851	0.09427	0.01249	0.01788	0.01394	0.01928	0.01650	0.02371	0.01507	0.03329	0.34096	0.00732	0.19658	0.00720	0.03861	0.05190
15	0.01097	0.00793	0.01036	0.00975	0.01158	0.00732	0.00732	0.01463	0.02195	0.03109	0.67505	0.05792	0.07316	0.01585	0.00914	0.00244	0.00366	0.01402	0.00854	0.00732
16	0.01608	0.01378	0.01608	0.01148	0.01837	0.01034	0.00919	0.01952	0.01608	0.02527	0.01378	0.01608	0.01148	0.00574	0.00574	0.00115	0.00574	0.00459	0.00459	0.77491
17	0.01347	0.00673	0.01010	0.01010	0.01010	0.00673	0.00673	0.01010	0.01010	0.01347	0.01347	0.02357	0.01347	0.02694	0.03030	0.77441	0.00673	0.00673	0.00337	0.00337
18	0.01811	0.01075	0.01113	0.00981	0.01269	0.01132	0.00769	0.17272	0.02118	0.03377	0.02367	0.02640	0.01825	0.00910	0.00599	0.00193	0.00481	0.00717	0.58484	0.00868
19	0.02947	0.02172	0.02327	0.01784	0.02404	0.02404	0.01474	0.65329	0.03646	0.04887	0.01862	0.01862	0.01319	0.00931	0.00776	0.00233	0.00853	0.00698	0.00776	0.01319
20	0.01097	0.00793	0.01036	0.00975	0.01158	0.00732	0.00732	0.01463	0.02195	0.03109	0.67505	0.05792	0.07316	0.01585	0.00914	0.00244	0.00366	0.01402	0.00854	0.00732
21	0.02398	0.45794	0.03327	0.01591	0.02151	0.29327	0.01394	0.02627	0.01821	0.01853	0.01125	0.01305	0.00996	0.00717	0.00577	0.00179	0.01054	0.00448	0.00358	0.00957
22	0.01608	0.01378	0.01608	0.01148	0.01837	0.01034	0.00919	0.01952	0.01608	0.02527	0.01378	0.01608	0.01148	0.00574	0.00574	0.00115	0.00574	0.00459	0.00459	0.77491
23	0.01130	0.00818	0.01184	0.01184	0.01315	0.00938	0.00906	0.01393	0.01261	0.01847	0.02132	0.03183	0.02005	0.10353	0.60560	0.01143	0.01873	0.00845	0.05250	0.00678
