[name]
unknown

[dist]
# distance from previous block
# <min> <max>
0	133

[block]
# block no. 0 follows, 30 sequences, length 87
# corresponding to MSA columns:
# 162-248
name=unknown_A
#
# <colnr> <probs for GDERKNQSTAVLIFYWHMCP>
#	G	D	E	R	K	N	Q	S	T	A	V	L	I	F	Y	W	H	M	C	P
0	0.01728	0.01648	0.02753	0.04101	0.66716	0.01663	0.02076	0.02241	0.05929	0.02320	0.01410	0.01783	0.01171	0.00642	0.00692	0.00209	0.00811	0.00632	0.00369	0.01105
1	0.02378	0.01718	0.01841	0.01429	0.01933	0.01864	0.01172	0.54679	0.02898	0.03999	0.01736	0.01797	0.01265	0.00814	0.00656	0.00196	0.00687	0.00618	0.12219	0.06102
2	0.01110	0.00741	0.00952	0.00904	0.01095	0.00675	0.00686	0.01404	0.01875	0.07276	0.51558	0.09794	0.13741	0.01498	0.00825	0.00229	0.00367	0.03844	0.00748	0.00680
3	0.00854	0.00614	0.00810	0.00959	0.01011	0.00571	0.00644	0.00984	0.01365	0.01817	0.06088	0.70349	0.07056	0.02147	0.00886	0.00280	0.00401	0.01943	0.00652	0.00571
4	0.02238	0.01554	0.01726	0.01404	0.01842	0.01679	0.01123	0.39349	0.12228	0.10990	0.06099	0.09715	0.02083	0.03641	0.00827	0.00239	0.00653	0.00848	0.00707	0.01055
5	0.02159	0.25313	0.13153	0.01774	0.06795	0.27773	0.01528	0.07534	0.01804	0.04457	0.01192	0.01351	0.00961	0.00681	0.00591	0.00182	0.00977	0.00470	0.00374	0.00931
6	0.00986	0.00650	0.00870	0.00996	0.01072	0.00604	0.00689	0.01131	0.01405	0.05455	0.06186	0.65800	0.04510	0.02079	0.00882	0.00279	0.00422	0.04715	0.00663	0.00606
7	0.00825	0.00707	0.00707	0.00707	0.00943	0.00589	0.00530	0.01001	0.01591	0.01885	0.07069	0.06716	0.70839	0.01767	0.00825	0.00236	0.00353	0.01473	0.00648	0.00589
8	0.01628	0.01846	0.04003	0.06943	0.03713	0.01753	0.64824	0.02210	0.01633	0.02210	0.01402	0.01881	0.01052	0.00594	0.00816	0.00235	0.01163	0.00812	0.00351	0.00932
9	0.01456	0.12287	0.63672	0.01894	0.02873	0.01758	0.02412	0.02195	0.01467	0.02142	0.01218	0.01431	0.00885	0.00655	0.00637	0.00212	0.00997	0.00499	0.00295	0.01015
10	0.00832	0.00707	0.00717	0.00714	0.00947	0.00592	0.00536	0.01015	0.01607	0.01925	0.09860	0.06650	0.68024	0.01752	0.00825	0.00235	0.00352	0.01464	0.00653	0.00592
11	0.01400	0.03610	0.71860	0.01989	0.03020	0.01621	0.02578	0.02210	0.01473	0.02210	0.01252	0.01473	0.00884	0.00663	0.00663	0.00221	0.01031	0.00516	0.00295	0.01031
12	0.01447	0.01240	0.01447	0.01034	0.01654	0.00930	0.00827	0.01757	0.01447	0.02274	0.01240	0.01447	0.01034	0.00517	0.00517	0.00103	0.00517	0.00413	0.00413	0.79742
13	0.00855	0.00609	0.00808	0.00965	0.01004	0.00570	0.00641	0.00973	0.01326	0.01768	0.03794	0.72782	0.04549	0.04515	0.00975	0.00296	0.00413	0.01953	0.00641	0.00562
14	0.01910	0.71585	0.03557	0.01230	0.01813	0.06914	0.01203	0.02131	0.01451	0.01646	0.00977	0.01128	0.00896	0.00604	0.00459	0.00151	0.00777	0.00378	0.00302	0.00890
15	0.00977	0.00713	0.00918	0.00867	0.01036	0.00654	0.00650	0.01297	0.01951	0.02740	0.66706	0.05308	0.10669	0.01448	0.00823	0.00221	0.00331	0.01275	0.00761	0.00654
16	0.02611	0.01980	0.02068	0.01604	0.02149	0.04476	0.01317	0.63761	0.06156	0.04244	0.01707	0.01702	0.01219	0.00839	0.00696	0.00210	0.00775	0.00629	0.00687	0.01171
17	0.00941	0.00729	0.00978	0.01059	0.01114	0.00765	0.00753	0.01087	0.01351	0.01836	0.08086	0.56520	0.06808	0.02122	0.03723	0.00311	0.08899	0.01712	0.00607	0.00598
18	0.00825	0.00707	0.00707	0.00707	0.00943	0.00589	0.00530	0.01001	0.01591	0.01885	0.07069	0.06716	0.70839	0.01767	0.00825	0.00236	0.00353	0.01473	0.00648	0.00589
19	0.01647	0.01882	0.04118	0.02941	0.03647	0.01765	0.68588	0.02235	0.01647	0.02235	0.01412	0.01882	0.01059	0.00588	0.00824	0.00235	0.01176	0.00824	0.00353	0.00941
20	0.01698	0.01628	0.02780	0.09199	0.66433	0.01650	0.02127	0.02116	0.01575	0.02245	0.01307	0.01737	0.01093	0.00627	0.00691	0.00209	0.00836	0.00622	0.00343	0.01082
21	0.01850	0.73506	0.05911	0.01220	0.01832	0.02723	0.01240	0.02094	0.01420	0.01661	0.00979	0.01131	0.00895	0.00599	0.00455	0.00152	0.00756	0.00378	0.00298	0.00900
22	0.00988	0.00713	0.00933	0.00878	0.01043	0.00658	0.00658	0.01317	0.01975	0.02798	0.70754	0.05213	0.06584	0.01427	0.00823	0.00219	0.00329	0.01262	0.00768	0.00658
23	0.01485	0.01220	0.01453	0.03179	0.01732	0.00941	0.00861	0.01792	0.01462	0.04673	0.01370	0.03648	0.01160	0.00583	0.00540	0.00116	0.00528	0.00476	0.00433	0.72348
24	0.01505	0.01216	0.01449	0.01105	0.01609	0.01034	0.00879	0.05980	0.01596	0.04584	0.07193	0.06537	0.01746	0.00770	0.00684	0.00146	0.04674	0.00618	0.00484	0.56189
25	0.01808	0.01483	0.01580	0.01411	0.01813	0.01699	0.01100	0.03692	0.66340	0.06484	0.02836	0.02592	0.02109	0.00942	0.00710	0.00236	0.00554	0.00784	0.00718	0.01109
26	0.01736	0.01499	0.01578	0.01420	0.01815	0.01736	0.01105	0.03708	0.69862	0.02919	0.02840	0.02604	0.02130	0.00947	0.00710	0.00237	0.00552	0.00789	0.00710	0.01105
27	0.01221	0.00756	0.00927	0.00897	0.01112	0.00667	0.00667	0.01435	0.01681	0.12664	0.21159	0.23105	0.27758	0.01654	0.00822	0.00241	0.00397	0.01435	0.00710	0.00691
28	0.01931	0.72018	0.03551	0.01196	0.01791	0.02671	0.01185	0.02158	0.01448	0.05273	0.01063	0.01185	0.00939	0.00611	0.00461	0.00153	0.00738	0.00390	0.00328	0.00911
29	0.03131	0.01188	0.01619	0.01242	0.01781	0.01026	0.01026	0.03401	0.01997	0.71606	0.02753	0.02375	0.01727	0.00864	0.00702	0.00216	0.00594	0.00702	0.00864	0.01188
30	0.01124	0.00803	0.01124	0.01285	0.01446	0.00803	0.01124	0.01446	0.01606	0.02088	0.03695	0.07871	0.04016	0.01928	0.00964	0.00321	0.00643	0.66426	0.00643	0.00643
31	0.01727	0.01658	0.02832	0.04283	0.71123	0.01658	0.02142	0.02142	0.01589	0.02280	0.01313	0.01727	0.01105	0.00622	0.00691	0.00207	0.00829	0.00622	0.00345	0.01105
32	0.01318	0.01240	0.02093	0.73798	0.04806	0.01550	0.01938	0.01783	0.01395	0.01783	0.01240	0.01860	0.00930	0.00698	0.00698	0.00233	0.00930	0.00620	0.00310	0.00775
33	0.01688	0.01458	0.01533	0.01383	0.01769	0.01676	0.01075	0.03568	0.66319	0.02865	0.03060	0.02817	0.05696	0.00989	0.00716	0.00237	0.00542	0.00824	0.00707	0.01078
34	0.00825	0.00707	0.00707	0.00707	0.00943	0.00589	0.00530	0.01001	0.01591	0.01885	0.07069	0.06716	0.70839	0.01767	0.00825	0.00236	0.00353	0.01473	0.00648	0.00589
35	0.02653	0.01955	0.02094	0.01606	0.02164	0.02164	0.01326	0.68796	0.03281	0.04398	0.01675	0.01675	0.01187	0.00838	0.00698	0.00209	0.00768	0.00628	0.00698	0.01187
36	0.76997	0.01376	0.01072	0.00948	0.01385	0.01592	0.00781	0.04976	0.01279	0.03186	0.01003	0.01157	0.00775	0.00656	0.00444	0.00216	0.00550	0.00389	0.00444	0.00775
37	0.01124	0.00803	0.01124	0.01285	0.01446	0.00803	0.01124	0.01446	0.01606	0.02088	0.03695	0.07871	0.04016	0.01928	0.00964	0.00321	0.00643	0.66426	0.00643	0.00643
38	0.00850	0.00607	0.00810	0.00972	0.01012	0.00567	0.00648	0.00972	0.01336	0.01781	0.03846	0.75020	0.04615	0.02186	0.00891	0.00283	0.00405	0.01984	0.00648	0.00567
39	0.80405	0.01350	0.01026	0.00918	0.01350	0.01565	0.00756	0.02051	0.01188	0.03131	0.00972	0.01134	0.00756	0.00648	0.00432	0.00216	0.00540	0.00378	0.00432	0.00756
40	0.00850	0.00607	0.00810	0.00972	0.01012	0.00567	0.00648	0.00972	0.01336	0.01781	0.03846	0.75020	0.04615	0.02186	0.00891	0.00283	0.00405	0.01984	0.00648	0.00567
41	0.00850	0.00607	0.00810	0.00972	0.01012	0.00567	0.00648	0.00972	0.01336	0.01781	0.03846	0.75020	0.04615	0.02186	0.00891	0.00283	0.00405	0.01984	0.00648	0.00567
42	0.01447	0.01240	0.01447	0.01034	0.01654	0.00930	0.00827	0.01757	0.01447	0.02274	0.01240	0.01447	0.01034	0.00517	0.00517	0.00103	0.00517	0.00413	0.00413	0.79742
43	0.02653	0.01955	0.02094	0.01606	0.02164	0.02164	0.01326	0.68796	0.03281	0.04398	0.01675	0.01675	0.01187	0.00838	0.00698	0.00209	0.00768	0.00628	0.00698	0.01187
44	0.01939	0.68741	0.03491	0.01254	0.01827	0.09654	0.01209	0.02158	0.01473	0.01648	0.00981	0.01133	0.00896	0.00609	0.00466	0.00152	0.00797	0.00381	0.00305	0.00887
45	0.01544	0.01681	0.03484	0.25117	0.04010	0.01698	0.47729	0.02094	0.01568	0.02094	0.01358	0.01876	0.01019	0.00622	0.00784	0.00234	0.01099	0.00760	0.00340	0.00889
46	0.01015	0.00677	0.00761	0.00761	0.00761	0.00677	0.00423	0.01015	0.01015	0.01353	0.02199	0.04567	0.02537	0.75476	0.03552	0.00677	0.00677	0.01015	0.00423	0.00423
47	0.01625	0.01842	0.05716	0.02733	0.07566	0.01822	0.47116	0.02179	0.04074	0.02159	0.01361	0.01820	0.01069	0.00725	0.01081	0.00246	0.14825	0.00760	0.00355	0.00927
48	0.00977	0.00713	0.00918	0.00867	0.01036	0.00654	0.00650	0.01297	0.01951	0.02740	0.66706	0.05308	0.10669	0.01448	0.00823	0.00221	0.00331	0.01275	0.00761	0.00654
49	0.01021	0.00792	0.01043	0.01059	0.01126	0.00856	0.00772	0.01181	0.01373	0.01889	0.14932	0.31397	0.06409	0.14173	0.04043	0.00370	0.11326	0.05071	0.00571	0.00595
50	0.00856	0.00708	0.00750	0.00739	0.00962	0.00602	0.00555	0.01062	0.01664	0.02059	0.19191	0.06430	0.58609	0.01702	0.00824	0.00233	0.00349	0.01433	0.00671	0.00602
51	0.01426	0.07692	0.68008	0.01944	0.02951	0.01685	0.02500	0.02203	0.01470	0.02178	0.01236	0.01453	0.00885	0.00659	0.00651	0.00217	0.01015	0.00508	0.00295	0.01024
52	0.03030	0.01349	0.01719	0.01318	0.01862	0.01265	0.01089	0.17135	0.02267	0.57491	0.02527	0.02228	0.01614	0.00858	0.00701	0.00215	0.00630	0.00686	0.00829	0.01187
53	0.00873	0.00622	0.00828	0.00985	0.01031	0.00585	0.00671	0.01003	0.01343	0.01787	0.03782	0.68439	0.04509	0.04575	0.00983	0.00299	0.00429	0.06049	0.00640	0.00567
54	0.01212	0.00606	0.00909	0.00909	0.00909	0.00606	0.00606	0.00909	0.00909	0.01212	0.01212	0.02121	0.01212	0.02424	0.02727	0.79697	0.00606	0.00606	0.00303	0.00303
55	0.03937	0.07396	0.58862	0.02040	0.07594	0.01655	0.02355	0.02157	0.01465	0.02199	0.01308	0.03616	0.01005	0.00701	0.00652	0.00218	0.00967	0.00554	0.00313	0.01006
56	0.01447	0.01240	0.01447	0.01034	0.01654	0.00930	0.00827	0.01757	0.01447	0.02274	0.01240	0.01447	0.01034	0.00517	0.00517	0.00103	0.00517	0.00413	0.00413	0.79742
57	0.00851	0.00626	0.00798	0.00928	0.01002	0.00573	0.00630	0.00988	0.01396	0.01831	0.06552	0.62155	0.14921	0.02096	0.00878	0.00274	0.00394	0.01881	0.00652	0.00573
58	0.02553	0.01877	0.02013	0.01554	0.02079	0.02074	0.01271	0.64670	0.03143	0.04213	0.01707	0.01851	0.01269	0.05381	0.00872	0.00238	0.00762	0.00652	0.00681	0.01140
59	0.01701	0.01631	0.02785	0.08703	0.66907	0.01651	0.02129	0.02119	0.01577	0.02248	0.01308	0.01736	0.01094	0.00627	0.00691	0.00209	0.00835	0.00622	0.00343	0.01084
60	0.00850	0.00607	0.00810	0.00972	0.01012	0.00567	0.00648	0.00972	0.01336	0.01781	0.03846	0.75020	0.04615	0.02186	0.00891	0.00283	0.00405	0.01984	0.00648	0.00567
61	0.00850	0.00607	0.00810	0.00972	0.01012	0.00567	0.00648	0.00972	0.01336	0.01781	0.03846	0.75020	0.04615	0.02186	0.00891	0.00283	0.00405	0.01984	0.00648	0.00567
62	0.00938	0.00711	0.00864	0.00826	0.01012	0.00637	0.00619	0.01220	0.01857	0.02519	0.51240	0.05673	0.26273	0.01531	0.00824	0.00224	0.00337	0.01327	0.00731	0.00637
63	0.02653	0.01955	0.02094	0.01606	0.02164	0.02164	0.01326	0.68796	0.03281	0.04398	0.01675	0.01675	0.01187	0.00838	0.00698	0.00209	0.00768	0.00628	0.00698	0.01187
64	0.02653	0.01955	0.02094	0.01606	0.02164	0.02164	0.01326	0.68796	0.03281	0.04398	0.01675	0.01675	0.01187	0.00838	0.00698	0.00209	0.00768	0.00628	0.00698	0.01187
65	0.01093	0.00789	0.01083	0.01232	0.01393	0.00779	0.01064	0.01396	0.01595	0.02062	0.03938	0.10416	0.08737	0.01927	0.00951	0.00314	0.00613	0.59340	0.00643	0.00636
66	0.01156	0.00839	0.01148	0.01292	0.01465	0.00852	0.01123	0.01563	0.05149	0.02131	0.03650	0.07598	0.03918	0.01877	0.00951	0.00317	0.00638	0.63019	0.00646	0.00667
67	0.01736	0.01499	0.01578	0.01420	0.01815	0.01736	0.01105	0.03708	0.69862	0.02919	0.02840	0.02604	0.02130	0.00947	0.00710	0.00237	0.00552	0.00789	0.00710	0.01105
68	0.80405	0.01350	0.01026	0.00918	0.01350	0.01565	0.00756	0.02051	0.01188	0.03131	0.00972	0.01134	0.00756	0.00648	0.00432	0.00216	0.00540	0.00378	0.00432	0.00756
69	0.00997	0.00748	0.01121	0.01121	0.01246	0.00872	0.00872	0.01246	0.01121	0.01620	0.01869	0.02741	0.01745	0.05234	0.72710	0.01121	0.01869	0.00748	0.00374	0.00623
70	0.01736	0.01499	0.01578	0.01420	0.01815	0.01736	0.01105	0.03708	0.69862	0.02919	0.02840	0.02604	0.02130	0.00947	0.00710	0.00237	0.00552	0.00789	0.00710	0.01105
71	0.00850	0.00607	0.00810	0.00972	0.01012	0.00567	0.00648	0.00972	0.01336	0.01781	0.03846	0.75020	0.04615	0.02186	0.00891	0.00283	0.00405	0.01984	0.00648	0.00567
72	0.01318	0.01240	0.02093	0.73798	0.04806	0.01550	0.01938	0.01783	0.01395	0.01783	0.01240	0.01860	0.00930	0.00698	0.00698	0.00233	0.00930	0.00620	0.00310	0.00775
73	0.02607	0.03326	0.01978	0.01798	0.02157	0.72674	0.01348	0.02787	0.01978	0.01708	0.01079	0.01258	0.00899	0.00719	0.00629	0.00180	0.01258	0.00449	0.00360	0.00809
74	0.03063	0.01172	0.01598	0.01230	0.01758	0.01014	0.01014	0.03334	0.01997	0.69414	0.04920	0.02466	0.01882	0.00882	0.00706	0.00216	0.00585	0.00720	0.00861	0.01171
75	0.01400	0.03610	0.71860	0.01989	0.03020	0.01621	0.02578	0.02210	0.01473	0.02210	0.01252	0.01473	0.00884	0.00663	0.00663	0.00221	0.01031	0.00516	0.00295	0.01031
76	0.00997	0.00748	0.01121	0.01121	0.01246	0.00872	0.00872	0.01246	0.01121	0.01620	0.01869	0.02741	0.01745	0.05234	0.72710	0.01121	0.01869	0.00748	0.00374	0.00623
77	0.01318	0.01240	0.02093	0.73798	0.04806	0.01550	0.01938	0.01783	0.01395	0.01783	0.01240	0.01860	0.00930	0.00698	0.00698	0.00233	0.00930	0.00620	0.00310	0.00775
78	0.00859	0.00611	0.00807	0.00960	0.00998	0.00573	0.00635	0.00974	0.01318	0.01757	0.03753	0.71041	0.04498	0.06325	0.01041	0.00306	0.00420	0.01929	0.00635	0.00559
79	0.01320	0.00729	0.00754	0.00726	0.00879	0.00741	0.00522	0.05298	0.01477	0.02455	0.02227	0.02940	0.01903	0.15643	0.01108	0.00267	0.00420	0.00722	0.59232	0.00635
80	0.00850	0.00607	0.00810	0.00972	0.01012	0.00567	0.00648	0.00972	0.01336	0.01781	0.03846	0.75020	0.04615	0.02186	0.00891	0.00283	0.00405	0.01984	0.00648	0.00567
81	0.01400	0.03610	0.71860	0.01989	0.03020	0.01621	0.02578	0.02210	0.01473	0.02210	0.01252	0.01473	0.00884	0.00663	0.00663	0.00221	0.01031	0.00516	0.00295	0.01031
82	0.01529	0.01456	0.02475	0.37880	0.39072	0.01606	0.02043	0.01968	0.01495	0.02040	0.01278	0.01792	0.01021	0.00658	0.00694	0.00219	0.00878	0.00621	0.00328	0.00946
83	0.02547	0.03202	0.01950	0.01772	0.02134	0.67849	0.01332	0.02849	0.06595	0.01790	0.01198	0.01350	0.00983	0.00735	0.00635	0.00184	0.01210	0.00473	0.00383	0.00829
84	0.00866	0.00617	0.00802	0.00943	0.00985	0.00578	0.00622	0.00977	0.01312	0.01742	0.03775	0.66150	0.06282	0.09393	0.01151	0.00321	0.00430	0.01874	0.00626	0.00553
85	0.08886	0.45693	0.23309	0.01420	0.02122	0.04529	0.01564	0.02143	0.01431	0.01945	0.01056	0.01229	0.00880	0.00625	0.00515	0.00177	0.00827	0.00418	0.00311	0.00920
86	0.01045	0.00793	0.00936	0.00968	0.01170	0.00759	0.00776	0.01426	0.06684	0.02179	0.14150	0.06263	0.28983	0.04087	0.00931	0.00271	0.00467	0.22235	0.05225	0.00652

[dist]
# distance from previous block
# <min> <max>
3	7

[block]
# block no. 1 follows, 30 sequences, length 6
# corresponding to MSA columns:
# 256-261
name=unknown_B
#
# <colnr> <probs for GDERKNQSTAVLIFYWHMCP>
#	G	D	E	R	K	N	Q	S	T	A	V	L	I	F	Y	W	H	M	C	P
0	0.01544	0.01743	0.07821	0.04915	0.11538	0.01637	0.27823	0.01979	0.01466	0.02104	0.01365	0.04768	0.01166	0.00780	0.01031	0.00227	0.14980	0.00719	0.00358	0.12038
1	0.01858	0.01705	0.02400	0.05671	0.26385	0.06713	0.10147	0.07526	0.18386	0.05545	0.05151	0.02126	0.01627	0.00772	0.00716	0.00218	0.00802	0.00711	0.00504	0.01037
2	0.05204	0.01799	0.11306	0.01463	0.01997	0.01619	0.01312	0.19690	0.17142	0.10575	0.01942	0.04594	0.01487	0.00864	0.00766	0.00212	0.05182	0.00667	0.00589	0.11590
3	0.01341	0.13787	0.42820	0.01554	0.02300	0.01531	0.01846	0.01916	0.01548	0.02162	0.11372	0.02597	0.10611	0.00898	0.00673	0.00212	0.00806	0.00718	0.00405	0.00904
4	0.12088	0.11611	0.01996	0.04467	0.08118	0.17273	0.01230	0.11442	0.06633	0.05590	0.01764	0.05193	0.04204	0.00852	0.00671	0.00205	0.02866	0.00636	0.02256	0.00903
5	0.07810	0.01470	0.01562	0.01291	0.01719	0.01581	0.01028	0.29842	0.15802	0.06297	0.02696	0.06029	0.10493	0.04397	0.00827	0.00238	0.00614	0.00823	0.00653	0.04827

[dist]
# distance from previous block
# <min> <max>
15	31

[block]
# block no. 2 follows, 30 sequences, length 108
# corresponding to MSA columns:
# 293-400
name=unknown_C
#
# <colnr> <probs for GDERKNQSTAVLIFYWHMCP>
#	G	D	E	R	K	N	Q	S	T	A	V	L	I	F	Y	W	H	M	C	P
0	0.01496	0.01649	0.13760	0.04796	0.01940	0.03474	0.01289	0.02465	0.25568	0.05677	0.17070	0.06019	0.05160	0.01092	0.00797	0.00234	0.03211	0.02784	0.00606	0.00912
1	0.10228	0.08065	0.36846	0.01895	0.02684	0.08188	0.12890	0.02267	0.01531	0.04672	0.01264	0.01489	0.00936	0.00651	0.00642	0.00210	0.00969	0.00538	0.00349	0.03687
2	0.01949	0.18483	0.11349	0.02270	0.20556	0.08156	0.01645	0.13539	0.10873	0.02519	0.01471	0.01627	0.01162	0.00709	0.00632	0.00198	0.00827	0.00562	0.00437	0.01037
3	0.08335	0.01445	0.01646	0.01370	0.01774	0.04518	0.05156	0.23433	0.05280	0.06072	0.02229	0.21997	0.02132	0.01143	0.00713	0.00220	0.00647	0.00973	0.00600	0.10315
4	0.01844	0.02117	0.20529	0.05074	0.04653	0.03913	0.01598	0.24241	0.02059	0.04676	0.04905	0.06565	0.01626	0.05522	0.01019	0.00255	0.07208	0.00731	0.00503	0.00963
5	0.04022	0.12575	0.37128	0.04224	0.04508	0.07769	0.01866	0.02129	0.04754	0.02084	0.01613	0.11255	0.01447	0.00875	0.00658	0.00217	0.00881	0.00702	0.00374	0.00920
6	0.04365	0.23566	0.04688	0.01416	0.01879	0.16947	0.01229	0.11149	0.08660	0.02291	0.01788	0.02216	0.04385	0.00871	0.00669	0.00198	0.02962	0.06014	0.00459	0.04249
7	0.01044	0.00839	0.00971	0.02820	0.01230	0.00777	0.00705	0.03301	0.04602	0.02136	0.14635	0.11112	0.33421	0.05091	0.04357	0.00290	0.00503	0.03501	0.00616	0.08048
8	0.12718	0.55010	0.07994	0.01251	0.01845	0.05285	0.01242	0.04468	0.01478	0.01987	0.01019	0.01171	0.00886	0.00622	0.00477	0.00167	0.00759	0.00396	0.00333	0.00893
9	0.01141	0.01076	0.06642	0.01053	0.03109	0.00842	0.02834	0.04500	0.01647	0.05250	0.09588	0.05263	0.43499	0.09183	0.01081	0.00276	0.00507	0.01218	0.00600	0.00691
10	0.01589	0.05551	0.20978	0.02125	0.06007	0.01570	0.24668	0.05011	0.01608	0.02308	0.01312	0.01612	0.01007	0.00602	0.00673	0.00191	0.00914	0.00598	0.00366	0.21309
11	0.38914	0.30449	0.02186	0.04551	0.01760	0.08687	0.01037	0.02122	0.01361	0.02356	0.00994	0.01174	0.00832	0.00637	0.00469	0.00187	0.00706	0.00394	0.00368	0.00816
12	0.00889	0.00633	0.00811	0.00919	0.00975	0.00594	0.00610	0.01016	0.01366	0.01829	0.10855	0.54188	0.07154	0.13185	0.01284	0.00334	0.00436	0.01740	0.00627	0.00556
13	0.80405	0.01350	0.01026	0.00918	0.01350	0.01565	0.00756	0.02051	0.01188	0.03131	0.00972	0.01134	0.00756	0.00648	0.00432	0.00216	0.00540	0.00378	0.00432	0.00756
14	0.03727	0.04868	0.39634	0.10347	0.19634	0.01663	0.06137	0.02140	0.01493	0.02191	0.01259	0.01580	0.00949	0.00650	0.00670	0.00217	0.00957	0.00562	0.00316	0.01004
15	0.01033	0.00776	0.00985	0.01054	0.01231	0.00746	0.00856	0.01377	0.04642	0.02192	0.17699	0.13246	0.19069	0.01775	0.00888	0.00275	0.00491	0.30343	0.00672	0.00647
16	0.02277	0.01764	0.01884	0.01519	0.02019	0.01966	0.01228	0.42727	0.27592	0.03786	0.02087	0.02008	0.01527	0.00867	0.00696	0.00216	0.00681	0.00680	0.00693	0.03784
17	0.01820	0.01268	0.01588	0.04629	0.01861	0.01130	0.02915	0.11580	0.01781	0.13887	0.01868	0.09805	0.01598	0.02830	0.00713	0.00182	0.00596	0.00702	0.00548	0.38699
18	0.01410	0.03534	0.68891	0.02031	0.03048	0.01627	0.05471	0.02211	0.01481	0.02211	0.01259	0.01491	0.00892	0.00660	0.00670	0.00222	0.01038	0.00529	0.00297	0.01027
19	0.02546	0.01096	0.01457	0.01168	0.01612	0.00984	0.00945	0.02935	0.06177	0.51360	0.18582	0.03049	0.02882	0.01000	0.00730	0.00218	0.00530	0.00837	0.00832	0.01059
20	0.01600	0.01769	0.03740	0.08740	0.08984	0.01698	0.55630	0.02149	0.01612	0.02187	0.01472	0.04334	0.01172	0.00654	0.00805	0.00234	0.01103	0.00830	0.00359	0.00928
21	0.01652	0.05771	0.19957	0.02701	0.09878	0.01786	0.40221	0.05262	0.01664	0.02305	0.01356	0.01725	0.01020	0.00621	0.00749	0.00224	0.01069	0.00701	0.00352	0.00988
22	0.01037	0.00808	0.01186	0.01167	0.01273	0.00964	0.00906	0.01265	0.01123	0.01624	0.01882	0.05857	0.01821	0.06839	0.61325	0.01000	0.08116	0.00798	0.00381	0.00627
23	0.00838	0.00707	0.00725	0.00721	0.00951	0.00595	0.00540	0.01027	0.01621	0.01958	0.12133	0.06596	0.65730	0.01740	0.00825	0.00234	0.00352	0.01456	0.00658	0.00595
24	0.01104	0.00812	0.01041	0.07240	0.01408	0.00834	0.00786	0.07953	0.01480	0.01968	0.03096	0.48223	0.03565	0.15507	0.01348	0.00344	0.00537	0.01549	0.00582	0.00621
25	0.01738	0.20289	0.02585	0.11753	0.11559	0.10532	0.01561	0.01989	0.01378	0.01768	0.01046	0.01465	0.00936	0.00854	0.01202	0.00228	0.27415	0.00535	0.00316	0.00849
26	0.00850	0.00607	0.00810	0.00972	0.01012	0.00567	0.00648	0.00972	0.01336	0.01781	0.03846	0.75020	0.04615	0.02186	0.00891	0.00283	0.00405	0.01984	0.00648	0.00567
27	0.01629	0.01828	0.03887	0.06179	0.05870	0.01769	0.60105	0.02185	0.01606	0.02189	0.01377	0.01859	0.01048	0.00625	0.00883	0.00238	0.04647	0.00797	0.00348	0.00931
28	0.02479	0.01753	0.01908	0.01506	0.02012	0.01923	0.01224	0.48841	0.14283	0.10486	0.01996	0.02014	0.01452	0.03838	0.00814	0.00233	0.00711	0.00678	0.00705	0.01142
29	0.01529	0.01460	0.02477	0.44937	0.06031	0.01710	0.13578	0.07756	0.01575	0.02096	0.01275	0.01807	0.00979	0.00746	0.00896	0.00238	0.09052	0.00656	0.00352	0.00849
30	0.00854	0.00615	0.00809	0.00957	0.01010	0.00571	0.00643	0.00985	0.01369	0.01821	0.06305	0.69589	0.07606	0.02141	0.00885	0.00279	0.00400	0.01936	0.00652	0.00571
31	0.02563	0.01722	0.01901	0.01488	0.02002	0.01863	0.01213	0.47826	0.10260	0.15374	0.02006	0.02017	0.01438	0.04025	0.00821	0.00233	0.00711	0.00675	0.00715	0.01145
32	0.02675	0.01919	0.02072	0.01589	0.02147	0.02112	0.01313	0.65800	0.03222	0.07476	0.01725	0.01707	0.01212	0.00839	0.00698	0.00210	0.00760	0.00632	0.00706	0.01187
33	0.01292	0.00826	0.01092	0.01041	0.01259	0.00806	0.00825	0.01664	0.04857	0.10705	0.32474	0.04876	0.09170	0.02081	0.12878	0.00389	0.00682	0.11671	0.00682	0.00729
34	0.01727	0.01658	0.02832	0.04283	0.71123	0.01658	0.02142	0.02142	0.01589	0.02280	0.01313	0.01727	0.01105	0.00622	0.00691	0.00207	0.00829	0.00622	0.00345	0.01105
35	0.01709	0.01640	0.02800	0.07351	0.68196	0.01653	0.02133	0.02126	0.01580	0.02258	0.01309	0.01733	0.01098	0.00625	0.00691	0.00208	0.00833	0.00622	0.00344	0.01091
36	0.01400	0.03610	0.71860	0.01989	0.03020	0.01621	0.02578	0.02210	0.01473	0.02210	0.01252	0.01473	0.00884	0.00663	0.00663	0.00221	0.01031	0.00516	0.00295	0.01031
37	0.00850	0.00607	0.00810	0.00972	0.01012	0.00567	0.00648	0.00972	0.01336	0.01781	0.03846	0.75020	0.04615	0.02186	0.00891	0.00283	0.00405	0.01984	0.00648	0.00567
38	0.01491	0.01438	0.02343	0.15482	0.05772	0.01756	0.13804	0.01815	0.01308	0.01941	0.01252	0.01795	0.01060	0.00930	0.01430	0.00257	0.34725	0.00657	0.09946	0.00800
39	0.01429	0.08139	0.67587	0.01939	0.02943	0.01692	0.02492	0.02202	0.01470	0.02174	0.01235	0.01451	0.00885	0.00659	0.00649	0.00216	0.01013	0.00507	0.00295	0.01023
40	0.01071	0.00734	0.00962	0.00909	0.01082	0.00679	0.00690	0.01389	0.01931	0.05144	0.63011	0.05235	0.06171	0.03411	0.00899	0.00237	0.00364	0.04656	0.00756	0.00670
41	0.01672	0.01601	0.02732	0.13706	0.62133	0.01643	0.02114	0.02093	0.01563	0.02212	0.01303	0.01745	0.01082	0.00632	0.00692	0.00211	0.00843	0.00622	0.00341	0.01061
42	0.01330	0.01248	0.02078	0.71644	0.04717	0.01556	0.01913	0.01840	0.03433	0.01817	0.01288	0.01883	0.00966	0.00705	0.00698	0.00233	0.00919	0.00625	0.00322	0.00785
43	0.01710	0.01651	0.02850	0.06684	0.66515	0.01658	0.04374	0.02132	0.01584	0.02261	0.01313	0.01737	0.01098	0.00623	0.00696	0.00209	0.00844	0.00629	0.00344	0.01088
44	0.02595	0.02367	0.02033	0.01658	0.02145	0.24431	0.01323	0.44856	0.06015	0.03478	0.01542	0.01587	0.01140	0.00805	0.00677	0.00201	0.00913	0.00579	0.00592	0.01063
45	0.03056	0.03471	0.01717	0.01268	0.01811	0.01166	0.01054	0.08431	0.02080	0.64313	0.02616	0.02284	0.01661	0.00854	0.00694	0.00213	0.00612	0.00686	0.00834	0.01179
46	0.03131	0.01188	0.01619	0.01242	0.01781	0.01026	0.01026	0.03401	0.01997	0.71606	0.02753	0.02375	0.01727	0.00864	0.00702	0.00216	0.00594	0.00702	0.00864	0.01188
47	0.00850	0.00607	0.00810	0.00972	0.01012	0.00567	0.00648	0.00972	0.01336	0.01781	0.03846	0.75020	0.04615	0.02186	0.00891	0.00283	0.00405	0.01984	0.00648	0.00567
48	0.01642	0.01867	0.04030	0.02892	0.03567	0.01781	0.65629	0.02211	0.01622	0.02211	0.01390	0.01867	0.01053	0.00616	0.00888	0.00238	0.04399	0.00814	0.00351	0.00933
49	0.01124	0.00803	0.01124	0.01285	0.01446	0.00803	0.01124	0.01446	0.01606	0.02088	0.03695	0.07871	0.04016	0.01928	0.00964	0.00321	0.00643	0.66426	0.00643	0.00643
50	0.01647	0.01882	0.04118	0.02941	0.03647	0.01765	0.68588	0.02235	0.01647	0.02235	0.01412	0.01882	0.01059	0.00588	0.00824	0.00235	0.01176	0.00824	0.00353	0.00941
51	0.01647	0.01882	0.04118	0.02941	0.03647	0.01765	0.68588	0.02235	0.01647	0.02235	0.01412	0.01882	0.01059	0.00588	0.00824	0.00235	0.01176	0.00824	0.00353	0.00941
52	0.01015	0.00677	0.00761	0.00761	0.00761	0.00677	0.00423	0.01015	0.01015	0.01353	0.02199	0.04567	0.02537	0.75476	0.03552	0.00677	0.00677	0.01015	0.00423	0.00423
53	0.01003	0.00738	0.00987	0.04295	0.01219	0.00700	0.00718	0.01339	0.01948	0.02751	0.67497	0.05056	0.06319	0.01392	0.00817	0.00220	0.00357	0.01232	0.00747	0.00664
54	0.80405	0.01350	0.01026	0.00918	0.01350	0.01565	0.00756	0.02051	0.01188	0.03131	0.00972	0.01134	0.00756	0.00648	0.00432	0.00216	0.00540	0.00378	0.00432	0.00756
55	0.01400	0.03610	0.71860	0.01989	0.03020	0.01621	0.02578	0.02210	0.01473	0.02210	0.01252	0.01473	0.00884	0.00663	0.00663	0.00221	0.01031	0.00516	0.00295	0.01031
56	0.01422	0.07067	0.68598	0.01951	0.02961	0.01675	0.02512	0.02204	0.01471	0.02183	0.01239	0.01456	0.00885	0.00660	0.00653	0.00218	0.01018	0.00509	0.00295	0.01025
57	0.01721	0.01676	0.02933	0.04178	0.65832	0.01666	0.07352	0.02149	0.01594	0.02276	0.01320	0.01739	0.01102	0.00619	0.00701	0.00209	0.00856	0.00638	0.00346	0.01092
58	0.02607	0.03326	0.01978	0.01798	0.02157	0.72674	0.01348	0.02787	0.01978	0.01708	0.01079	0.01258	0.00899	0.00719	0.00629	0.00180	0.01258	0.00449	0.00360	0.00809
59	0.01730	0.54851	0.23512	0.01425	0.02149	0.02429	0.01597	0.02125	0.01434	0.01807	0.01052	0.01222	0.00892	0.00616	0.00510	0.00170	0.00829	0.00415	0.00297	0.00935
60	0.00850	0.00607	0.00810	0.00972	0.01012	0.00567	0.00648	0.00972	0.01336	0.01781	0.03846	0.75020	0.04615	0.02186	0.00891	0.00283	0.00405	0.01984	0.00648	0.00567
61	0.00850	0.00607	0.00810	0.00972	0.01012	0.00567	0.00648	0.00972	0.01336	0.01781	0.03846	0.75020	0.04615	0.02186	0.00891	0.00283	0.00405	0.01984	0.00648	0.00567
62	0.01900	0.72495	0.03578	0.01222	0.01808	0.06038	0.01201	0.02122	0.01444	0.01645	0.00975	0.01126	0.00896	0.00603	0.00456	0.00151	0.00770	0.00377	0.00301	0.00891
63	0.00997	0.00748	0.01121	0.01121	0.01246	0.00872	0.00872	0.01246	0.01121	0.01620	0.01869	0.02741	0.01745	0.05234	0.72710	0.01121	0.01869	0.00748	0.00374	0.00623
64	0.00850	0.00607	0.00810	0.00972	0.01012	0.00567	0.00648	0.00972	0.01336	0.01781	0.03846	0.75020	0.04615	0.02186	0.00891	0.00283	0.00405	0.01984	0.00648	0.00567
65	0.01318	0.01240	0.02093	0.73798	0.04806	0.01550	0.01938	0.01783	0.01395	0.01783	0.01240	0.01860	0.00930	0.00698	0.00698	0.00233	0.00930	0.00620	0.00310	0.00775
66	0.02653	0.01955	0.02094	0.01606	0.02164	0.02164	0.01326	0.68796	0.03281	0.04398	0.01675	0.01675	0.01187	0.00838	0.00698	0.00209	0.00768	0.00628	0.00698	0.01187
67	0.00850	0.00607	0.00810	0.00972	0.01012	0.00567	0.00648	0.00972	0.01336	0.01781	0.03846	0.75020	0.04615	0.02186	0.00891	0.00283	0.00405	0.01984	0.00648	0.00567
68	0.01598	0.01872	0.06765	0.02675	0.06376	0.04138	0.49450	0.02104	0.01579	0.02139	0.01550	0.07798	0.01328	0.00776	0.00918	0.00241	0.06552	0.00866	0.00371	0.00905
69	0.01461	0.01252	0.01453	0.01052	0.01661	0.00968	0.00840	0.01849	0.04653	0.02304	0.01315	0.01501	0.01085	0.00537	0.00526	0.00110	0.00518	0.00431	0.00427	0.76056
70	0.01400	0.03610	0.71860	0.01989	0.03020	0.01621	0.02578	0.02210	0.01473	0.02210	0.01252	0.01473	0.00884	0.00663	0.00663	0.00221	0.01031	0.00516	0.00295	0.01031
71	0.01702	0.01774	0.06051	0.04002	0.59076	0.01671	0.11064	0.02157	0.01592	0.02271	0.01323	0.01737	0.01089	0.00619	0.00707	0.00212	0.00884	0.00644	0.00344	0.01080
72	0.00988	0.00713	0.00933	0.00878	0.01043	0.00658	0.00658	0.01317	0.01975	0.02798	0.70754	0.05213	0.06584	0.01427	0.00823	0.00219	0.00329	0.01262	0.00768	0.00658
73	0.02960	0.01150	0.01565	0.01213	0.01723	0.00996	0.00996	0.03235	0.01996	0.66133	0.08162	0.02601	0.02114	0.00908	0.00711	0.00216	0.00573	0.00746	0.00856	0.01145
74	0.01433	0.03378	0.62783	0.02117	0.03104	0.01640	0.11423	0.02213	0.01497	0.02213	0.01274	0.01528	0.00907	0.00653	0.00684	0.00223	0.01051	0.00557	0.00302	0.01019
75	0.00850	0.00607	0.00810	0.00972	0.01012	0.00567	0.00648	0.00972	0.01336	0.01781	0.03846	0.75020	0.04615	0.02186	0.00891	0.00283	0.00405	0.01984	0.00648	0.00567
76	0.02653	0.01955	0.02094	0.01606	0.02164	0.02164	0.01326	0.68796	0.03281	0.04398	0.01675	0.01675	0.01187	0.00838	0.00698	0.00209	0.00768	0.00628	0.00698	0.01187
77	0.01400	0.03610	0.71860	0.01989	0.03020	0.01621	0.02578	0.02210	0.01473	0.02210	0.01252	0.01473	0.00884	0.00663	0.00663	0.00221	0.01031	0.00516	0.00295	0.01031
78	0.01389	0.01165	0.01355	0.00997	0.01534	0.00896	0.00773	0.01658	0.01389	0.02151	0.01369	0.01865	0.01235	0.10561	0.00923	0.00180	0.00538	0.00494	0.00415	0.69114
79	0.02081	0.01503	0.01648	0.01413	0.01852	0.01671	0.01119	0.11681	0.50379	0.14513	0.02682	0.02451	0.01947	0.00920	0.00707	0.00230	0.00586	0.00755	0.00734	0.01128
80	0.02535	0.01718	0.01893	0.01485	0.01994	0.01861	0.01214	0.50708	0.06935	0.13239	0.02013	0.05320	0.01497	0.00911	0.00702	0.00214	0.00700	0.00713	0.03213	0.01136
81	0.01451	0.01141	0.01354	0.01055	0.01552	0.00915	0.00821	0.04626	0.01529	0.05213	0.01852	0.16419	0.01796	0.00884	0.00608	0.00149	0.00508	0.00754	0.00493	0.56878
82	0.01438	0.09566	0.66240	0.01923	0.02919	0.01715	0.02464	0.02200	0.01469	0.02163	0.01229	0.01444	0.00885	0.00658	0.00645	0.00215	0.01008	0.00504	0.00295	0.01020
83	0.00898	0.00644	0.00853	0.00939	0.01023	0.00599	0.00651	0.01092	0.01559	0.02136	0.27197	0.50657	0.05303	0.01921	0.00867	0.00261	0.00378	0.01732	0.00690	0.00599
84	0.01690	0.01620	0.02765	0.10614	0.65083	0.01648	0.02123	0.02109	0.01571	0.02235	0.01306	0.01739	0.01089	0.00629	0.00691	0.00210	0.00838	0.00622	0.00342	0.01075
85	0.05182	0.11150	0.61298	0.01854	0.02811	0.01739	0.02346	0.02190	0.01454	0.02193	0.01209	0.01420	0.00879	0.00655	0.00629	0.00213	0.00978	0.00494	0.00302	0.01004
86	0.01482	0.01209	0.01289	0.01174	0.01514	0.01309	0.00908	0.02766	0.43216	0.05357	0.08458	0.03940	0.22056	0.01209	0.00750	0.00234	0.00483	0.01012	0.00702	0.00931
87	0.00839	0.00711	0.00726	0.00734	0.00966	0.00599	0.00558	0.01022	0.01591	0.01895	0.06911	0.06770	0.67708	0.01775	0.00831	0.00240	0.00367	0.04517	0.00648	0.00592
88	0.01511	0.01531	0.01945	0.05466	0.01903	0.07491	0.01416	0.01678	0.01194	0.01701	0.01338	0.11370	0.01411	0.01284	0.01888	0.00289	0.54705	0.00782	0.00356	0.00741
89	0.02653	0.01955	0.02094	0.01606	0.02164	0.02164	0.01326	0.68796	0.03281	0.04398	0.01675	0.01675	0.01187	0.00838	0.00698	0.00209	0.00768	0.00628	0.00698	0.01187
90	0.01046	0.00728	0.00944	0.00882	0.01061	0.00667	0.00664	0.01367	0.01960	0.04864	0.65969	0.05190	0.09166	0.01424	0.00819	0.00220	0.00338	0.01254	0.00766	0.00672
91	0.00970	0.00713	0.00908	0.00859	0.01032	0.00651	0.00644	0.01282	0.01933	0.02698	0.63741	0.05378	0.13660	0.01464	0.00823	0.00221	0.00332	0.01285	0.00755	0.00651
92	0.01527	0.01527	0.02137	0.01832	0.01832	0.02137	0.01527	0.01679	0.01069	0.01679	0.00916	0.01527	0.00916	0.01221	0.02290	0.00305	0.74198	0.00611	0.00305	0.00763
93	0.80405	0.01350	0.01026	0.00918	0.01350	0.01565	0.00756	0.02051	0.01188	0.03131	0.00972	0.01134	0.00756	0.00648	0.00432	0.00216	0.00540	0.00378	0.00432	0.00756
94	0.00850	0.00607	0.00810	0.00972	0.01012	0.00567	0.00648	0.00972	0.01336	0.01781	0.03846	0.75020	0.04615	0.02186	0.00891	0.00283	0.00405	0.01984	0.00648	0.00567
95	0.00850	0.00607	0.00810	0.00972	0.01012	0.00567	0.00648	0.00972	0.01336	0.01781	0.03846	0.75020	0.04615	0.02186	0.00891	0.00283	0.00405	0.01984	0.00648	0.00567
96	0.03131	0.01188	0.01619	0.01242	0.01781	0.01026	0.01026	0.03401	0.01997	0.71606	0.02753	0.02375	0.01727	0.00864	0.00702	0.00216	0.00594	0.00702	0.00864	0.01188
97	0.01736	0.01499	0.01578	0.01420	0.01815	0.01736	0.01105	0.03708	0.69862	0.02919	0.02840	0.02604	0.02130	0.00947	0.00710	0.00237	0.00552	0.00789	0.00710	0.01105
98	0.00850	0.00607	0.00810	0.00972	0.01012	0.00567	0.00648	0.00972	0.01336	0.01781	0.03846	0.75020	0.04615	0.02186	0.00891	0.00283	0.00405	0.01984	0.00648	0.00567
99	0.02653	0.01955	0.02094	0.01606	0.02164	0.02164	0.01326	0.68796	0.03281	0.04398	0.01675	0.01675	0.01187	0.00838	0.00698	0.00209	0.00768	0.00628	0.00698	0.01187
100	0.01447	0.01240	0.01447	0.01034	0.01654	0.00930	0.00827	0.01757	0.01447	0.02274	0.01240	0.01447	0.01034	0.00517	0.00517	0.00103	0.00517	0.00413	0.00413	0.79742
101	0.01628	0.01557	0.02654	0.21101	0.55079	0.01632	0.02092	0.02055	0.01542	0.02160	0.01295	0.01759	0.01063	0.00640	0.00692	0.00213	0.00854	0.00621	0.00337	0.01025
102	0.01107	0.00795	0.01099	0.01244	0.01408	0.00788	0.01080	0.01422	0.01622	0.02111	0.06768	0.07709	0.06796	0.01899	0.00952	0.00313	0.00617	0.60977	0.00648	0.00641
103	0.01501	0.01489	0.02089	0.01798	0.01804	0.02077	0.01495	0.01659	0.01071	0.01677	0.00962	0.01585	0.00956	0.01413	0.05659	0.00344	0.70739	0.00617	0.00309	0.00757
104	0.02653	0.01955	0.02094	0.01606	0.02164	0.02164	0.01326	0.68796	0.03281	0.04398	0.01675	0.01675	0.01187	0.00838	0.00698	0.00209	0.00768	0.00628	0.00698	0.01187
105	0.01697	0.01630	0.02812	0.04094	0.65181	0.01625	0.04920	0.02115	0.01592	0.02269	0.01422	0.02005	0.01232	0.00678	0.00709	0.00213	0.00836	0.03535	0.00359	0.01078
106	0.09571	0.01090	0.01323	0.01078	0.01488	0.00995	0.00851	0.05144	0.01769	0.31866	0.11565	0.06886	0.04786	0.06899	0.00908	0.00242	0.00538	0.00827	0.00688	0.11485
107	0.01720	0.01425	0.01703	0.01240	0.01851	0.01237	0.03816	0.16508	0.01859	0.02739	0.01343	0.01516	0.01068	0.00590	0.00570	0.00132	0.00600	0.00478	0.00473	0.59133

[dist]
# distance from previous block
# <min> <max>
5	8

[block]
# block no. 3 follows, 30 sequences, length 6
# corresponding to MSA columns:
# 409-414
name=unknown_D
#
# <colnr> <probs for GDERKNQSTAVLIFYWHMCP>
#	G	D	E	R	K	N	Q	S	T	A	V	L	I	F	Y	W	H	M	C	P
0	0.43966	0.13459	0.12808	0.01371	0.01957	0.01810	0.08234	0.05217	0.01414	0.02720	0.01094	0.01288	0.00849	0.00645	0.00524	0.00208	0.00726	0.00457	0.00394	0.00860
1	0.01683	0.01606	0.08960	0.01470	0.01872	0.01572	0.01279	0.02831	0.34870	0.07768	0.05581	0.02634	0.02020	0.01000	0.00958	0.00239	0.12131	0.04341	0.00593	0.06593
2	0.01361	0.12651	0.01601	0.03220	0.06340	0.01183	0.00933	0.01780	0.07401	0.06329	0.34644	0.08473	0.06748	0.01239	0.00792	0.02377	0.00494	0.01027	0.00627	0.00779
3	0.02104	0.02558	0.06520	0.02031	0.11323	0.39894	0.01473	0.02367	0.01696	0.01907	0.01221	0.01518	0.01022	0.00791	0.00885	0.00204	0.12511	0.00523	0.08613	0.00840
4	0.04805	0.12778	0.01618	0.01074	0.01458	0.01292	0.00889	0.11257	0.01951	0.16651	0.19273	0.05746	0.16125	0.01159	0.00709	0.00211	0.00525	0.00949	0.00664	0.00865
5	0.40727	0.01410	0.01505	0.06649	0.09347	0.04761	0.01125	0.01906	0.01299	0.02522	0.05572	0.01637	0.01242	0.00890	0.00931	0.04612	0.12158	0.00532	0.00405	0.00768

[dist]
# distance from previous block
# <min> <max>
0	1

[block]
# block no. 4 follows, 30 sequences, length 6
# corresponding to MSA columns:
# 416-421
name=unknown_E
#
# <colnr> <probs for GDERKNQSTAVLIFYWHMCP>
#	G	D	E	R	K	N	Q	S	T	A	V	L	I	F	Y	W	H	M	C	P
0	0.02047	0.14584	0.07361	0.01317	0.01784	0.09807	0.01162	0.13354	0.02062	0.15794	0.20653	0.02621	0.02666	0.00935	0.00679	0.00200	0.00688	0.00743	0.00609	0.00935
1	0.07484	0.09607	0.37040	0.01627	0.05337	0.01465	0.01754	0.01937	0.01589	0.02391	0.20319	0.02452	0.02453	0.00863	0.00669	0.00213	0.00763	0.00701	0.00438	0.00897
2	0.01738	0.56017	0.22413	0.01413	0.02129	0.02448	0.01575	0.02123	0.01433	0.01798	0.01048	0.01217	0.00892	0.00615	0.00507	0.00169	0.00825	0.00412	0.00297	0.00933
3	0.01673	0.01272	0.01710	0.01983	0.20522	0.01399	0.01236	0.12729	0.01735	0.02667	0.01708	0.02048	0.01371	0.00826	0.00850	0.00204	0.11682	0.00633	0.32871	0.00880
4	0.01820	0.01769	0.20696	0.01313	0.01910	0.01134	0.01320	0.02361	0.07311	0.23290	0.03239	0.03100	0.18100	0.00999	0.00703	0.00213	0.00645	0.00815	0.00599	0.08664
5	0.01514	0.24208	0.32624	0.21503	0.03150	0.01937	0.01995	0.02057	0.01436	0.01925	0.01166	0.01476	0.00900	0.00653	0.00609	0.00203	0.00920	0.00502	0.00300	0.00921

[dist]
# distance from previous block
# <min> <max>
0	1

[block]
# block no. 5 follows, 30 sequences, length 27
# corresponding to MSA columns:
# 423-449
name=unknown_F
#
# <colnr> <probs for GDERKNQSTAVLIFYWHMCP>
#	G	D	E	R	K	N	Q	S	T	A	V	L	I	F	Y	W	H	M	C	P
0	0.00988	0.00734	0.00974	0.01005	0.03596	0.00679	0.00704	0.01284	0.01856	0.02596	0.55936	0.14303	0.09682	0.01515	0.00827	0.00228	0.00359	0.01345	0.00730	0.00659
1	0.01427	0.07790	0.67916	0.01943	0.02949	0.01687	0.02498	0.02203	0.01470	0.02177	0.01236	0.01453	0.00885	0.00659	0.00651	0.00217	0.01015	0.00507	0.00295	0.01023
2	0.02607	0.03326	0.01978	0.01798	0.02157	0.72674	0.01348	0.02787	0.01978	0.01708	0.01079	0.01258	0.00899	0.00719	0.00629	0.00180	0.01258	0.00449	0.00360	0.00809
3	0.01820	0.01517	0.01613	0.01415	0.01819	0.01733	0.01110	0.12650	0.56648	0.03118	0.06605	0.02625	0.02256	0.00959	0.00715	0.00232	0.00569	0.00794	0.00712	0.01090
4	0.02694	0.01888	0.02053	0.01574	0.02131	0.02066	0.01300	0.63143	0.03170	0.10208	0.01769	0.01736	0.01233	0.00840	0.00698	0.00210	0.00753	0.00635	0.00712	0.01187
5	0.00850	0.00630	0.00794	0.00918	0.01000	0.00574	0.00626	0.00989	0.01407	0.01836	0.06779	0.59541	0.17348	0.02080	0.00876	0.00272	0.00392	0.01861	0.00652	0.00574
6	0.01704	0.01915	0.03362	0.02502	0.03022	0.08652	0.44625	0.02148	0.01548	0.02070	0.01267	0.01726	0.01012	0.00730	0.01097	0.00238	0.16472	0.00722	0.00347	0.04841
7	0.01015	0.00677	0.00761	0.00761	0.00761	0.00677	0.00423	0.01015	0.01015	0.01353	0.02199	0.04567	0.02537	0.75476	0.03552	0.00677	0.00677	0.01015	0.00423	0.00423
8	0.01642	0.01867	0.04030	0.02892	0.03567	0.01781	0.65614	0.02211	0.01621	0.02211	0.01390	0.01867	0.01052	0.00616	0.00889	0.00238	0.04416	0.00814	0.00351	0.00933
9	0.01447	0.01240	0.01447	0.01034	0.01654	0.00930	0.00827	0.01757	0.01447	0.02274	0.01240	0.01447	0.01034	0.00517	0.00517	0.00103	0.00517	0.00413	0.00413	0.79742
10	0.01046	0.00888	0.01394	0.01258	0.01432	0.00866	0.11127	0.01263	0.01452	0.01955	0.13115	0.34478	0.10881	0.10002	0.01241	0.00307	0.04622	0.01462	0.00575	0.00635
11	0.00849	0.00703	0.00743	0.00743	0.00960	0.00598	0.00553	0.01044	0.01632	0.02007	0.15755	0.09691	0.58837	0.01740	0.00828	0.00236	0.00352	0.01467	0.00665	0.00598
12	0.02542	0.01883	0.02022	0.01573	0.02105	0.02084	0.01291	0.63221	0.06312	0.04231	0.01811	0.04466	0.01359	0.00893	0.00706	0.00213	0.00744	0.00687	0.00697	0.01160
13	0.00858	0.00613	0.00817	0.00966	0.01014	0.00572	0.00648	0.00991	0.01371	0.01838	0.07549	0.71157	0.04724	0.02144	0.00887	0.00280	0.00401	0.01944	0.00654	0.00572
14	0.01724	0.01488	0.01573	0.01404	0.01808	0.01703	0.01093	0.03629	0.67076	0.02893	0.02775	0.02556	0.02086	0.00929	0.00702	0.00231	0.00551	0.00774	0.00698	0.04306
15	0.01318	0.01240	0.02093	0.73798	0.04806	0.01550	0.01938	0.01783	0.01395	0.01783	0.01240	0.01860	0.00930	0.00698	0.00698	0.00233	0.00930	0.00620	0.00310	0.00775
16	0.01866	0.75896	0.03657	0.01194	0.01791	0.02761	0.01194	0.02090	0.01418	0.01642	0.00970	0.01119	0.00896	0.00597	0.00448	0.00149	0.00746	0.00373	0.00299	0.00896
17	0.00997	0.00748	0.01121	0.01121	0.01246	0.00872	0.00872	0.01246	0.01121	0.01620	0.01869	0.02741	0.01745	0.05234	0.72710	0.01121	0.01869	0.00748	0.00374	0.00623
18	0.00850	0.00607	0.00810	0.00972	0.01012	0.00567	0.00648	0.00972	0.01336	0.01781	0.03846	0.75020	0.04615	0.02186	0.00891	0.00283	0.00405	0.01984	0.00648	0.00567
19	0.03131	0.01188	0.01619	0.01242	0.01781	0.01026	0.01026	0.03401	0.01997	0.71606	0.02753	0.02375	0.01727	0.00864	0.00702	0.00216	0.00594	0.00702	0.00864	0.01188
20	0.01318	0.01240	0.02093	0.73798	0.04806	0.01550	0.01938	0.01783	0.01395	0.01783	0.01240	0.01860	0.00930	0.00698	0.00698	0.00233	0.00930	0.00620	0.00310	0.00775
21	0.00850	0.00607	0.00810	0.00972	0.01012	0.00567	0.00648	0.00972	0.01336	0.01781	0.03846	0.75020	0.04615	0.02186	0.00891	0.00283	0.00405	0.01984	0.00648	0.00567
22	0.00850	0.00607	0.00810	0.00972	0.01012	0.00567	0.00648	0.00972	0.01336	0.01781	0.03846	0.75020	0.04615	0.02186	0.00891	0.00283	0.00405	0.01984	0.00648	0.00567
