[name]
unknown

[dist]
# distance from previous block
# <min> <max>
0	15

[block]
# block no. 0 follows, 31 sequences, length 49
# corresponding to MSA columns:
# 15-63
name=unknown_A
#
# <colnr> <probs for GDERKNQSTAVLIFYWHMCP>
#	G	D	E	R	K	N	Q	S	T	A	V	L	I	F	Y	W	H	M	C	P
0	0.01090	0.00778	0.01088	0.01245	0.01397	0.00777	0.01080	0.01396	0.01562	0.02033	0.03629	0.10908	0.03965	0.01902	0.00942	0.00313	0.00619	0.64018	0.00630	0.00626
1	0.01496	0.16471	0.57656	0.01805	0.02717	0.04354	0.02243	0.02166	0.01452	0.02050	0.01172	0.01375	0.00869	0.00640	0.00611	0.00203	0.00969	0.00478	0.00292	0.00980
2	0.03341	0.00738	0.03097	0.01017	0.03234	0.00685	0.00699	0.01033	0.00963	0.01368	0.01238	0.02045	0.01191	0.02144	0.02381	0.69073	0.00599	0.00588	0.04195	0.00372
3	0.01168	0.00704	0.00832	0.00825	0.00941	0.00699	0.00581	0.03094	0.04468	0.01888	0.02753	0.09522	0.12574	0.08052	0.01549	0.26107	0.00471	0.00898	0.22348	0.00527
4	0.01213	0.00956	0.01307	0.03932	0.03223	0.02977	0.05039	0.01577	0.04273	0.05827	0.42532	0.12412	0.06561	0.01325	0.00845	0.00226	0.03235	0.01168	0.00658	0.00715
5	0.02517	0.01870	0.02007	0.01545	0.02088	0.02058	0.01273	0.63982	0.06119	0.04170	0.01677	0.01674	0.01199	0.00814	0.00678	0.00203	0.00734	0.00615	0.00675	0.04101
6	0.01029	0.00752	0.01006	0.01131	0.01288	0.00729	0.00954	0.01306	0.01566	0.02024	0.07303	0.13602	0.13922	0.01867	0.00912	0.00295	0.00553	0.48509	0.00637	0.00616
7	0.01419	0.01216	0.01419	0.01013	0.01621	0.00912	0.00811	0.01723	0.01419	0.02229	0.01216	0.01419	0.01013	0.00507	0.00507	0.00101	0.00507	0.00405	0.00405	0.80139
8	0.01693	0.01626	0.02777	0.04199	0.71689	0.01626	0.02100	0.02100	0.01558	0.02235	0.01287	0.01693	0.01084	0.00610	0.00677	0.00203	0.00813	0.00610	0.00339	0.01084
9	0.00901	0.00697	0.00822	0.00790	0.00981	0.00617	0.00593	0.01161	0.01778	0.02368	0.44323	0.05728	0.33695	0.01539	0.00808	0.00222	0.00333	0.01324	0.00704	0.00617
10	0.01372	0.03539	0.72412	0.01950	0.02961	0.01589	0.02528	0.02167	0.01444	0.02167	0.01228	0.01444	0.00867	0.00650	0.00650	0.00217	0.01011	0.00506	0.00289	0.01011
11	0.00834	0.00595	0.00794	0.00953	0.00992	0.00556	0.00635	0.00953	0.01310	0.01746	0.03771	0.75510	0.04525	0.02143	0.00873	0.00278	0.00397	0.01945	0.00635	0.00556
12	0.01497	0.01497	0.02095	0.01796	0.01796	0.02095	0.01497	0.01646	0.01048	0.01646	0.00898	0.01497	0.00898	0.01197	0.02245	0.00299	0.74704	0.00599	0.00299	0.00748
13	0.03070	0.01164	0.01588	0.01217	0.01746	0.01006	0.01006	0.03334	0.01958	0.72163	0.02699	0.02329	0.01694	0.00847	0.00688	0.00212	0.00582	0.00688	0.00847	0.01164
14	0.01497	0.01497	0.02095	0.01796	0.01796	0.02095	0.01497	0.01646	0.01048	0.01646	0.00898	0.01497	0.00898	0.01197	0.02245	0.00299	0.74704	0.00599	0.00299	0.00748
15	0.00834	0.00595	0.00794	0.00953	0.00992	0.00556	0.00635	0.00953	0.01310	0.01746	0.03771	0.75510	0.04525	0.02143	0.00873	0.00278	0.00397	0.01945	0.00635	0.00556
16	0.02556	0.03261	0.01939	0.01763	0.02115	0.73210	0.01322	0.02732	0.01939	0.01674	0.01058	0.01234	0.00881	0.00705	0.00617	0.00176	0.01234	0.00441	0.00353	0.00793
17	0.80789	0.01323	0.01006	0.00900	0.01323	0.01535	0.00741	0.02011	0.01164	0.03070	0.00953	0.01111	0.00741	0.00635	0.00423	0.00212	0.00529	0.00370	0.00423	0.00741
18	0.02601	0.01916	0.02053	0.01574	0.02122	0.02122	0.01300	0.69408	0.03217	0.04312	0.01643	0.01643	0.01163	0.00821	0.00684	0.00205	0.00753	0.00616	0.00684	0.01163
19	0.00838	0.00694	0.00733	0.00724	0.00942	0.00590	0.00543	0.01038	0.01628	0.02011	0.18627	0.06316	0.59614	0.01672	0.00808	0.00228	0.00342	0.01406	0.00657	0.00590
20	0.01292	0.01216	0.02052	0.74312	0.04712	0.01520	0.01900	0.01748	0.01368	0.01748	0.01216	0.01824	0.00912	0.00684	0.00684	0.00228	0.00912	0.00608	0.00304	0.00760
21	0.01924	0.62512	0.05846	0.01290	0.01855	0.13465	0.01243	0.02158	0.01476	0.01640	0.00978	0.01131	0.00878	0.00606	0.00474	0.00153	0.00819	0.00382	0.00302	0.00870
22	0.02511	0.01909	0.02001	0.01547	0.02086	0.04266	0.01270	0.61751	0.05598	0.04079	0.01647	0.01653	0.01182	0.00807	0.00675	0.00201	0.00749	0.00607	0.00662	0.04799
23	0.01702	0.01470	0.01547	0.01392	0.01779	0.01702	0.01083	0.03635	0.70453	0.02862	0.02785	0.02553	0.02088	0.00928	0.00696	0.00232	0.00541	0.00773	0.00696	0.01083
24	0.00834	0.00595	0.00794	0.00953	0.00992	0.00556	0.00635	0.00953	0.01310	0.01746	0.03771	0.75510	0.04525	0.02143	0.00873	0.00278	0.00397	0.01945	0.00635	0.00556
25	0.00860	0.00612	0.00813	0.00964	0.01010	0.00577	0.00657	0.00987	0.01313	0.01747	0.03684	0.67480	0.04388	0.05600	0.01001	0.00299	0.00426	0.06403	0.00624	0.00554
26	0.04916	0.07577	0.63172	0.01927	0.04914	0.01652	0.02358	0.02151	0.01432	0.02176	0.01201	0.01417	0.00868	0.00644	0.00629	0.00212	0.00968	0.00495	0.00297	0.00994
27	0.00841	0.00599	0.00792	0.00942	0.00980	0.00561	0.00624	0.00955	0.01294	0.01726	0.03692	0.72029	0.04425	0.05761	0.01001	0.00297	0.00410	0.01898	0.00624	0.00549
28	0.03070	0.01164	0.01588	0.01217	0.01746	0.01006	0.01006	0.03334	0.01958	0.72163	0.02699	0.02329	0.01694	0.00847	0.00688	0.00212	0.00582	0.00688	0.00847	0.01164
29	0.01417	0.01344	0.02278	0.52423	0.25622	0.01553	0.01962	0.01858	0.01427	0.01900	0.01238	0.01783	0.00966	0.00661	0.00682	0.00220	0.00881	0.00608	0.00315	0.00861
30	0.12394	0.09203	0.22723	0.01269	0.01811	0.01301	0.01322	0.01991	0.01632	0.11455	0.24819	0.02706	0.02828	0.00918	0.00655	0.00208	0.00632	0.00742	0.00535	0.00858
31	0.00838	0.00599	0.00798	0.00949	0.00993	0.00559	0.00635	0.00965	0.01332	0.01782	0.06160	0.73020	0.04593	0.02117	0.00871	0.00276	0.00394	0.01920	0.00639	0.00559
32	0.80789	0.01323	0.01006	0.00900	0.01323	0.01535	0.00741	0.02011	0.01164	0.03070	0.00953	0.01111	0.00741	0.00635	0.00423	0.00212	0.00529	0.00370	0.00423	0.00741
33	0.01611	0.34852	0.33421	0.01674	0.04345	0.04432	0.04331	0.02095	0.01443	0.01899	0.01191	0.03663	0.01001	0.00667	0.00571	0.00187	0.00878	0.00503	0.00307	0.00930
34	0.01656	0.01772	0.07805	0.10963	0.55049	0.03889	0.02050	0.02145	0.04038	0.02186	0.01322	0.01705	0.01080	0.00635	0.00675	0.00207	0.00841	0.00602	0.00345	0.01036
35	0.77139	0.04792	0.01125	0.00912	0.01343	0.01589	0.00761	0.02013	0.01175	0.03002	0.00953	0.01111	0.00747	0.00633	0.00424	0.00209	0.00539	0.00370	0.00417	0.00747
36	0.01037	0.00772	0.01010	0.03785	0.04302	0.00732	0.00756	0.01341	0.03851	0.04395	0.33007	0.21993	0.17330	0.01548	0.00806	0.00234	0.00404	0.01364	0.00669	0.00664
37	0.00845	0.00691	0.00745	0.00739	0.00948	0.00592	0.00552	0.01049	0.01633	0.02041	0.20942	0.08758	0.54740	0.01674	0.00811	0.00229	0.00343	0.01417	0.00661	0.00592
38	0.04056	0.09912	0.01548	0.03708	0.01511	0.06740	0.00935	0.05286	0.03809	0.07087	0.36128	0.05327	0.03844	0.01127	0.00817	0.00212	0.05658	0.00917	0.00609	0.00770
39	0.00995	0.00663	0.00746	0.00746	0.00746	0.00663	0.00415	0.00995	0.00995	0.01327	0.02156	0.04477	0.02487	0.75957	0.03482	0.00663	0.00663	0.00995	0.00415	0.00415
40	0.02339	0.01634	0.01817	0.01399	0.01931	0.01693	0.01143	0.44376	0.04832	0.11674	0.01802	0.04483	0.01353	0.00819	0.00659	0.00190	0.00667	0.00640	0.00650	0.15900
41	0.01769	0.62138	0.08887	0.01429	0.02060	0.02508	0.09194	0.02074	0.01420	0.01720	0.01023	0.01211	0.00896	0.00589	0.00498	0.00162	0.00802	0.00428	0.00299	0.00893
42	0.00973	0.00693	0.00884	0.00840	0.00972	0.00649	0.00604	0.01238	0.01766	0.02487	0.58826	0.04996	0.05738	0.14874	0.01290	0.00296	0.00384	0.01193	0.00692	0.00604
43	0.01372	0.03539	0.72412	0.01950	0.02961	0.01589	0.02528	0.02167	0.01444	0.02167	0.01228	0.01444	0.00867	0.00650	0.00650	0.00217	0.01011	0.00506	0.00289	0.01011
44	0.05279	0.07154	0.02088	0.06681	0.01975	0.09700	0.01414	0.01815	0.01209	0.01749	0.00987	0.01478	0.00916	0.01025	0.01687	0.00261	0.50392	0.00556	0.02875	0.00760
45	0.00968	0.00699	0.00914	0.00861	0.01022	0.00646	0.00646	0.01291	0.01937	0.02743	0.71328	0.05110	0.06455	0.01399	0.00807	0.00215	0.00323	0.01237	0.00753	0.00646
46	0.00816	0.00693	0.00704	0.00701	0.00929	0.00581	0.00526	0.00997	0.01578	0.01892	0.10086	0.06512	0.68228	0.01716	0.00808	0.00230	0.00345	0.01434	0.00641	0.00581
47	0.01050	0.00876	0.01428	0.07871	0.03959	0.00864	0.09367	0.01308	0.01437	0.01919	0.06653	0.42529	0.03664	0.01690	0.00851	0.00268	0.00585	0.12460	0.00566	0.00653
48	0.01693	0.01626	0.02777	0.04199	0.71689	0.01626	0.02100	0.02100	0.01558	0.02235	0.01287	0.01693	0.01084	0.00610	0.00677	0.00203	0.00813	0.00610	0.00339	0.01084

[dist]
# distance from previous block
# <min> <max>
0	14

[block]
# block no. 1 follows, 31 sequences, length 85
# corresponding to MSA columns:
# 78-162
name=unknown_B
#
# <colnr> <probs for GDERKNQSTAVLIFYWHMCP>
#	G	D	E	R	K	N	Q	S	T	A	V	L	I	F	Y	W	H	M	C	P
0	0.02226	0.16934	0.02297	0.01635	0.01988	0.39294	0.01322	0.09224	0.01800	0.01927	0.01068	0.01297	0.00913	0.00784	0.00887	0.00196	0.14530	0.00473	0.00365	0.00839
1	0.01812	0.73675	0.06130	0.01199	0.01800	0.02666	0.01221	0.02053	0.01392	0.01630	0.00961	0.01110	0.00878	0.00588	0.00447	0.00149	0.00742	0.00371	0.00293	0.00883
2	0.01292	0.01216	0.02052	0.74312	0.04712	0.01520	0.01900	0.01748	0.01368	0.01748	0.01216	0.01824	0.00912	0.00684	0.00684	0.00228	0.00912	0.00608	0.00304	0.00760
3	0.02549	0.01891	0.02024	0.01564	0.02102	0.02098	0.01288	0.65647	0.07061	0.04229	0.01708	0.01695	0.01216	0.00827	0.00685	0.00207	0.00741	0.00625	0.00685	0.01159
4	0.00842	0.00599	0.00791	0.00942	0.00979	0.00561	0.00623	0.00955	0.01293	0.01724	0.03686	0.71772	0.04418	0.06028	0.01011	0.00298	0.00411	0.01895	0.00623	0.00548
5	0.01788	0.04131	0.01823	0.06719	0.05628	0.03997	0.03012	0.12032	0.18102	0.08768	0.15139	0.02550	0.02363	0.00965	0.00891	0.00224	0.09580	0.00765	0.00588	0.00933
6	0.01372	0.03539	0.72412	0.01950	0.02961	0.01589	0.02528	0.02167	0.01444	0.02167	0.01228	0.01444	0.00867	0.00650	0.00650	0.00217	0.01011	0.00506	0.00289	0.01011
7	0.00968	0.00699	0.00914	0.00861	0.01022	0.00646	0.00646	0.01291	0.01937	0.02743	0.71328	0.05110	0.06455	0.01399	0.00807	0.00215	0.00323	0.01237	0.00753	0.00646
8	0.00995	0.00663	0.00746	0.00746	0.00746	0.00663	0.00415	0.00995	0.00995	0.01327	0.02156	0.04477	0.02487	0.75957	0.03482	0.00663	0.00663	0.00995	0.00415	0.00415
9	0.01660	0.01592	0.02718	0.09926	0.66218	0.01617	0.02083	0.02071	0.01542	0.02195	0.01281	0.01704	0.01070	0.00616	0.00678	0.00205	0.00821	0.00609	0.00336	0.01057
10	0.00858	0.00613	0.00822	0.00980	0.01031	0.00577	0.00677	0.00995	0.01334	0.01774	0.03757	0.69392	0.04472	0.02120	0.00880	0.00281	0.00418	0.07823	0.00635	0.00562
11	0.00995	0.00663	0.00746	0.00746	0.00746	0.00663	0.00415	0.00995	0.00995	0.01327	0.02156	0.04477	0.02487	0.75957	0.03482	0.00663	0.00663	0.00995	0.00415	0.00415
12	0.01829	0.76368	0.03585	0.01171	0.01756	0.02707	0.01171	0.02049	0.01390	0.01610	0.00951	0.01097	0.00878	0.00585	0.00439	0.00146	0.00732	0.00366	0.00293	0.00878
13	0.00842	0.00602	0.00801	0.00947	0.00994	0.00561	0.00636	0.00973	0.01347	0.01806	0.07809	0.71302	0.04640	0.02099	0.00869	0.00274	0.00392	0.01903	0.00642	0.00561
14	0.00809	0.00693	0.00693	0.00693	0.00924	0.00578	0.00520	0.00982	0.01559	0.01848	0.06931	0.06584	0.71411	0.01733	0.00809	0.00231	0.00347	0.01444	0.00635	0.00578
15	0.01497	0.01497	0.02095	0.01796	0.01796	0.02095	0.01497	0.01646	0.01048	0.01646	0.00898	0.01497	0.00898	0.01197	0.02245	0.00299	0.74704	0.00599	0.00299	0.00748
16	0.00933	0.00781	0.00944	0.01084	0.07154	0.00697	0.00735	0.01155	0.01590	0.01990	0.12524	0.08701	0.49157	0.01633	0.00814	0.00237	0.00416	0.08201	0.00621	0.00633
17	0.00861	0.00640	0.00803	0.00879	0.00986	0.00582	0.00615	0.01040	0.01511	0.02007	0.20700	0.44791	0.18318	0.01882	0.00844	0.00253	0.00369	0.01674	0.00664	0.00582
18	0.01702	0.01470	0.01547	0.01392	0.01779	0.01702	0.01083	0.03635	0.70453	0.02862	0.02785	0.02553	0.02088	0.00928	0.00696	0.00232	0.00541	0.00773	0.00696	0.01083
19	0.01702	0.01470	0.01547	0.01392	0.01779	0.01702	0.01083	0.03635	0.70453	0.02862	0.02785	0.02553	0.02088	0.00928	0.00696	0.00232	0.00541	0.00773	0.00696	0.01083
20	0.01812	0.73710	0.06097	0.01199	0.01800	0.02666	0.01220	0.02053	0.01392	0.01630	0.00961	0.01110	0.00878	0.00588	0.00447	0.00149	0.00742	0.00371	0.00293	0.00883
21	0.01497	0.01497	0.02095	0.01796	0.01796	0.02095	0.01497	0.01646	0.01048	0.01646	0.00898	0.01497	0.00898	0.01197	0.02245	0.00299	0.74704	0.00599	0.00299	0.00748
22	0.02007	0.04113	0.17110	0.02323	0.20891	0.04809	0.04157	0.12538	0.06955	0.13792	0.01712	0.01928	0.01282	0.00748	0.00678	0.00211	0.00813	0.02378	0.00496	0.01057
23	0.01606	0.01362	0.01439	0.01290	0.01656	0.01535	0.01004	0.06902	0.54851	0.02810	0.06311	0.03127	0.11033	0.01045	0.00715	0.00230	0.00519	0.00870	0.00690	0.01004
24	0.00925	0.00695	0.00856	0.00822	0.00997	0.00626	0.00614	0.01204	0.01825	0.02492	0.53373	0.07534	0.22517	0.01503	0.00809	0.00221	0.00331	0.01309	0.00720	0.00626
25	0.01799	0.01524	0.01646	0.01513	0.04329	0.01745	0.01143	0.10726	0.60671	0.02997	0.02607	0.02423	0.01952	0.00905	0.00694	0.00228	0.00574	0.00750	0.00682	0.01092
26	0.01292	0.01216	0.02052	0.74312	0.04712	0.01520	0.01900	0.01748	0.01368	0.01748	0.01216	0.01824	0.00912	0.00684	0.00684	0.00228	0.00912	0.00608	0.00304	0.00760
27	0.00831	0.00698	0.00725	0.00730	0.00954	0.00592	0.00556	0.01019	0.01577	0.01899	0.09635	0.06578	0.64957	0.01726	0.00816	0.00235	0.00360	0.04889	0.00640	0.00583
28	0.01702	0.01470	0.01547	0.01392	0.01779	0.01702	0.01083	0.03635	0.70453	0.02862	0.02785	0.02553	0.02088	0.00928	0.00696	0.00232	0.00541	0.00773	0.00696	0.01083
29	0.01610	0.01564	0.02737	0.17502	0.53532	0.01614	0.07332	0.02040	0.01526	0.02139	0.01281	0.01730	0.01047	0.00621	0.00689	0.00210	0.00858	0.00625	0.00333	0.01009
30	0.01372	0.03539	0.72412	0.01950	0.02961	0.01589	0.02528	0.02167	0.01444	0.02167	0.01228	0.01444	0.00867	0.00650	0.00650	0.00217	0.01011	0.00506	0.00289	0.01011
31	0.00968	0.00699	0.00914	0.00861	0.01022	0.00646	0.00646	0.01291	0.01937	0.02743	0.71328	0.05110	0.06455	0.01399	0.00807	0.00215	0.00323	0.01237	0.00753	0.00646
32	0.00893	0.00696	0.00810	0.00781	0.00976	0.00613	0.00586	0.01145	0.01758	0.02320	0.40878	0.05807	0.37169	0.01557	0.00808	0.00223	0.00334	0.01335	0.00697	0.00613
33	0.01381	0.03478	0.69940	0.01984	0.02983	0.01594	0.04938	0.02168	0.01451	0.02168	0.01233	0.01459	0.00873	0.00647	0.00656	0.00217	0.01016	0.00516	0.00291	0.01008
34	0.01829	0.76368	0.03585	0.01171	0.01756	0.02707	0.01171	0.02049	0.01390	0.01610	0.00951	0.01097	0.00878	0.00585	0.00439	0.00146	0.00732	0.00366	0.00293	0.00878
35	0.00995	0.00663	0.00746	0.00746	0.00746	0.00663	0.00415	0.00995	0.00995	0.01327	0.02156	0.04477	0.02487	0.75957	0.03482	0.00663	0.00663	0.00995	0.00415	0.00415
36	0.03070	0.01164	0.01588	0.01217	0.01746	0.01006	0.01006	0.03334	0.01958	0.72163	0.02699	0.02329	0.01694	0.00847	0.00688	0.00212	0.00582	0.00688	0.00847	0.01164
37	0.02368	0.05277	0.01702	0.01292	0.01730	0.01411	0.01049	0.26544	0.02238	0.29189	0.02395	0.15276	0.01973	0.01186	0.02868	0.00244	0.00655	0.00874	0.00707	0.01022
38	0.01396	0.07371	0.68790	0.01909	0.02898	0.01648	0.02456	0.02160	0.01442	0.02137	0.01213	0.01426	0.00867	0.00647	0.00639	0.00213	0.00996	0.00498	0.00289	0.01004
39	0.02556	0.03261	0.01939	0.01763	0.02115	0.73210	0.01322	0.02732	0.01939	0.01674	0.01058	0.01234	0.00881	0.00705	0.00617	0.00176	0.01234	0.00441	0.00353	0.00793
40	0.00963	0.00699	0.00907	0.00855	0.01019	0.00643	0.00641	0.01281	0.01924	0.02713	0.69149	0.05160	0.08653	0.01410	0.00807	0.00216	0.00324	0.01244	0.00749	0.00643
41	0.00963	0.00699	0.00907	0.00855	0.01019	0.00643	0.00641	0.01281	0.01924	0.02713	0.69139	0.05160	0.08663	0.01410	0.00807	0.00216	0.00324	0.01244	0.00749	0.00643
42	0.00977	0.00733	0.01100	0.01100	0.01222	0.00855	0.00855	0.01222	0.01100	0.01588	0.01833	0.02688	0.01710	0.05131	0.73245	0.01100	0.01833	0.00733	0.00367	0.00611
43	0.00841	0.00605	0.00797	0.00937	0.00991	0.00562	0.00631	0.00974	0.01357	0.01810	0.07935	0.68549	0.07312	0.02082	0.00867	0.00272	0.00390	0.01883	0.00642	0.00562
44	0.01372	0.03539	0.72412	0.01950	0.02961	0.01589	0.02528	0.02167	0.01444	0.02167	0.01228	0.01444	0.00867	0.00650	0.00650	0.00217	0.01011	0.00506	0.00289	0.01011
45	0.00834	0.00595	0.00794	0.00953	0.00992	0.00556	0.00635	0.00953	0.01310	0.01746	0.03771	0.75510	0.04525	0.02143	0.00873	0.00278	0.00397	0.01945	0.00635	0.00556
46	0.01292	0.01216	0.02052	0.74312	0.04712	0.01520	0.01900	0.01748	0.01368	0.01748	0.01216	0.01824	0.00912	0.00684	0.00684	0.00228	0.00912	0.00608	0.00304	0.00760
47	0.01702	0.01470	0.01547	0.01392	0.01779	0.01702	0.01083	0.03635	0.70453	0.02862	0.02785	0.02553	0.02088	0.00928	0.00696	0.00232	0.00541	0.00773	0.00696	0.01083
48	0.01702	0.01470	0.01547	0.01392	0.01779	0.01702	0.01083	0.03635	0.70453	0.02862	0.02785	0.02553	0.02088	0.00928	0.00696	0.00232	0.00541	0.00773	0.00696	0.01083
49	0.01419	0.01216	0.01419	0.01013	0.01621	0.00912	0.00811	0.01723	0.01419	0.02229	0.01216	0.01419	0.01013	0.00507	0.00507	0.00101	0.00507	0.00405	0.00405	0.80139
50	0.01693	0.01626	0.02777	0.04199	0.71689	0.01626	0.02100	0.02100	0.01558	0.02235	0.01287	0.01693	0.01084	0.00610	0.00677	0.00203	0.00813	0.00610	0.00339	0.01084
51	0.01562	0.01531	0.02413	0.35016	0.38467	0.05346	0.01971	0.01978	0.01494	0.01991	0.01244	0.01727	0.00997	0.00647	0.00677	0.00213	0.00879	0.00600	0.00324	0.00926
52	0.02557	0.03218	0.01942	0.01757	0.02115	0.70971	0.01321	0.04832	0.01979	0.01757	0.01076	0.01247	0.00890	0.00709	0.00619	0.00177	0.01219	0.00446	0.00363	0.00805
53	0.01609	0.49813	0.12897	0.01349	0.04593	0.02145	0.01310	0.01935	0.01500	0.01912	0.13270	0.01870	0.01857	0.00737	0.00543	0.00171	0.00703	0.00547	0.00374	0.00865
54	0.02464	0.01814	0.01956	0.01526	0.02034	0.02001	0.01249	0.64116	0.03069	0.04113	0.01807	0.07353	0.01423	0.00923	0.00699	0.00211	0.00725	0.00719	0.00681	0.01116
55	0.01169	0.01059	0.01543	0.04367	0.27947	0.01007	0.01176	0.01443	0.01556	0.02026	0.07306	0.08396	0.35785	0.01281	0.00758	0.00222	0.00543	0.01119	0.00517	0.00777
56	0.80789	0.01323	0.01006	0.00900	0.01323	0.01535	0.00741	0.02011	0.01164	0.03070	0.00953	0.01111	0.00741	0.00635	0.00423	0.00212	0.00529	0.00370	0.00423	0.00741
57	0.01102	0.00787	0.01102	0.01260	0.01417	0.00787	0.01102	0.01417	0.01575	0.02047	0.03622	0.07717	0.03937	0.01890	0.00945	0.00315	0.00630	0.67084	0.00630	0.00630
58	0.02492	0.02101	0.01976	0.01587	0.02082	0.14465	0.01280	0.50410	0.10535	0.03689	0.01669	0.01673	0.01218	0.00813	0.00674	0.00203	0.00813	0.00603	0.00628	0.01090
59	0.01693	0.01626	0.02777	0.04199	0.71689	0.01626	0.02100	0.02100	0.01558	0.02235	0.01287	0.01693	0.01084	0.00610	0.00677	0.00203	0.00813	0.00610	0.00339	0.01084
60	0.01355	0.01270	0.02104	0.58403	0.12462	0.01551	0.01855	0.01779	0.01369	0.01821	0.01229	0.01804	0.00955	0.00717	0.00794	0.00228	0.06397	0.00608	0.02504	0.00795
61	0.02601	0.01916	0.02053	0.01574	0.02122	0.02122	0.01300	0.69408	0.03217	0.04312	0.01643	0.01643	0.01163	0.00821	0.00684	0.00205	0.00753	0.00616	0.00684	0.01163
62	0.00977	0.00733	0.01100	0.01100	0.01222	0.00855	0.00855	0.01222	0.01100	0.01588	0.01833	0.02688	0.01710	0.05131	0.73245	0.01100	0.01833	0.00733	0.00367	0.00611
63	0.01053	0.00775	0.01026	0.01142	0.01304	0.00763	0.00956	0.01390	0.04137	0.02060	0.07806	0.14920	0.11846	0.01837	0.00904	0.00292	0.00550	0.45963	0.00641	0.00633
64	0.01426	0.12143	0.64280	0.01858	0.02819	0.01721	0.02367	0.02153	0.01438	0.02101	0.01195	0.01403	0.00868	0.00642	0.00625	0.00208	0.00978	0.00489	0.00289	0.00995
65	0.03070	0.01164	0.01588	0.01217	0.01746	0.01006	0.01006	0.03334	0.01958	0.72163	0.02699	0.02329	0.01694	0.00847	0.00688	0.00212	0.00582	0.00688	0.00847	0.01164
66	0.00968	0.00699	0.00914	0.00861	0.01022	0.00646	0.00646	0.01291	0.01937	0.02743	0.71328	0.05110	0.06455	0.01399	0.00807	0.00215	0.00323	0.01237	0.00753	0.00646
67	0.00897	0.00668	0.00842	0.00910	0.01038	0.00613	0.00670	0.01106	0.01563	0.02071	0.22417	0.33590	0.19375	0.01826	0.00850	0.00256	0.00395	0.09655	0.00666	0.00593
68	0.01502	0.05160	0.50506	0.02357	0.13549	0.04316	0.08778	0.02176	0.01495	0.02145	0.01238	0.01503	0.00917	0.00637	0.00662	0.00212	0.00994	0.00544	0.00305	0.01002
69	0.80789	0.01323	0.01006	0.00900	0.01323	0.01535	0.00741	0.02011	0.01164	0.03070	0.00953	0.01111	0.00741	0.00635	0.00423	0.00212	0.00529	0.00370	0.00423	0.00741
70	0.00842	0.00613	0.00795	0.00922	0.00989	0.00565	0.00626	0.00983	0.01383	0.01836	0.09502	0.63656	0.10674	0.02047	0.00862	0.00269	0.00386	0.01843	0.00645	0.00565
71	0.01376	0.01301	0.02203	0.59673	0.18697	0.01542	0.01942	0.01821	0.01408	0.01850	0.01231	0.01797	0.00948	0.00668	0.00683	0.00223	0.00891	0.00608	0.00311	0.00828
72	0.02741	0.04200	0.01808	0.03635	0.01945	0.04007	0.01129	0.23246	0.02300	0.42025	0.04359	0.02107	0.01598	0.00837	0.00679	0.00207	0.00665	0.00660	0.00739	0.01111
73	0.00942	0.00698	0.00877	0.00833	0.01006	0.00634	0.00624	0.01239	0.01873	0.02594	0.60545	0.05357	0.17332	0.01455	0.00807	0.00218	0.00327	0.01272	0.00733	0.00634
74	0.02361	0.06837	0.02037	0.04246	0.02122	0.11236	0.01270	0.40361	0.14121	0.05930	0.01736	0.01739	0.01274	0.00805	0.00662	0.00203	0.00778	0.00606	0.00609	0.01068
75	0.02193	0.01977	0.12447	0.01518	0.02066	0.06332	0.01364	0.25015	0.20738	0.13802	0.04087	0.02040	0.01588	0.00838	0.00682	0.00214	0.00727	0.00660	0.00633	0.01079
76	0.00959	0.00696	0.00904	0.00859	0.01018	0.00640	0.00641	0.01270	0.01904	0.02683	0.67141	0.07522	0.08322	0.01434	0.00809	0.00218	0.00326	0.01267	0.00746	0.00640
77	0.01723	0.57767	0.18879	0.01441	0.04260	0.02424	0.01502	0.02076	0.01408	0.01754	0.01023	0.01194	0.00882	0.00600	0.00494	0.00164	0.00796	0.00405	0.00293	0.00914
78	0.00939	0.00698	0.00875	0.00830	0.01004	0.00633	0.00623	0.01235	0.01869	0.02582	0.59720	0.05376	0.18164	0.01459	0.00807	0.00218	0.00327	0.01275	0.00732	0.00633
79	0.01984	0.53315	0.05545	0.01257	0.01798	0.07111	0.01201	0.02229	0.01512	0.11082	0.03729	0.01442	0.01188	0.00682	0.00571	0.00168	0.03441	0.00459	0.00387	0.00902
80	0.00963	0.00665	0.00771	0.00783	0.00819	0.00657	0.00475	0.01013	0.01107	0.01468	0.04904	0.10705	0.08739	0.56702	0.06928	0.00603	0.00669	0.01109	0.00461	0.00460
81	0.01658	0.01066	0.01267	0.07027	0.01604	0.03138	0.00887	0.10365	0.01791	0.15226	0.13661	0.07418	0.08660	0.12253	0.01133	0.00281	0.00576	0.03570	0.04786	0.03632
82	0.01978	0.01576	0.01713	0.01347	0.01826	0.05395	0.01087	0.23640	0.08035	0.07339	0.01623	0.03851	0.01286	0.00786	0.00762	0.00180	0.07201	0.00588	0.00543	0.29244
83	0.01966	0.04468	0.14255	0.06843	0.05907	0.10203	0.03535	0.04324	0.03767	0.16667	0.01576	0.01765	0.01171	0.00818	0.00943	0.00221	0.14520	0.00590	0.05531	0.00930
84	0.08887	0.10415	0.01793	0.01262	0.01728	0.06844	0.01031	0.19850	0.10882	0.02783	0.01652	0.05522	0.01374	0.00931	0.03061	0.00211	0.00691	0.00603	0.02874	0.17608

[dist]
# distance from previous block
# <min> <max>
8	24

[block]
# block no. 2 follows, 31 sequences, length 25
# corresponding to MSA columns:
# 188-212
name=unknown_C
#
# <colnr> <probs for GDERKNQSTAVLIFYWHMCP>
#	G	D	E	R	K	N	Q	S	T	A	V	L	I	F	Y	W	H	M	C	P
0	0.03973	0.01406	0.04769	0.51936	0.21112	0.01549	0.01935	0.01859	0.01411	0.01927	0.01225	0.01755	0.00947	0.00663	0.00673	0.00221	0.00879	0.00597	0.00316	0.00849
1	0.01667	0.01599	0.02730	0.08772	0.67321	0.01619	0.02087	0.02077	0.01545	0.02203	0.01282	0.01702	0.01072	0.00614	0.00678	0.00205	0.00819	0.00609	0.00336	0.01063
2	0.01664	0.01680	0.05352	0.07051	0.66313	0.01620	0.02107	0.02087	0.01546	0.02212	0.01282	0.01689	0.01068	0.00614	0.00677	0.00205	0.00824	0.00606	0.00335	0.01067
3	0.00828	0.00693	0.00723	0.00735	0.00952	0.00588	0.00554	0.01010	0.01562	0.01882	0.08800	0.09582	0.63398	0.01746	0.00817	0.00236	0.00360	0.04314	0.00639	0.00581
4	0.00993	0.00711	0.00989	0.00989	0.01080	0.00796	0.00725	0.01176	0.01085	0.01556	0.01933	0.03153	0.01916	0.23590	0.52134	0.00949	0.01467	0.00798	0.03398	0.00560
5	0.00968	0.00699	0.00914	0.00861	0.01022	0.00646	0.00646	0.01291	0.01937	0.02743	0.71328	0.05110	0.06455	0.01399	0.00807	0.00215	0.00323	0.01237	0.00753	0.00646
6	0.04885	0.01221	0.02005	0.70994	0.04559	0.01521	0.01848	0.01760	0.01359	0.01808	0.01204	0.01792	0.00904	0.00682	0.00672	0.00227	0.00895	0.00597	0.00309	0.00759
7	0.00848	0.00601	0.00790	0.00935	0.00971	0.00565	0.00616	0.00956	0.01282	0.01710	0.03630	0.69331	0.04348	0.08564	0.01100	0.00311	0.00420	0.01862	0.00616	0.00543
8	0.00834	0.00595	0.00794	0.00953	0.00992	0.00556	0.00635	0.00953	0.01310	0.01746	0.03771	0.75510	0.04525	0.02143	0.00873	0.00278	0.00397	0.01945	0.00635	0.00556
9	0.00834	0.00595	0.00794	0.00953	0.00992	0.00556	0.00635	0.00953	0.01310	0.01746	0.03771	0.75510	0.04525	0.02143	0.00873	0.00278	0.00397	0.01945	0.00635	0.00556
10	0.02601	0.01916	0.02053	0.01574	0.02122	0.02122	0.01300	0.69408	0.03217	0.04312	0.01643	0.01643	0.01163	0.00821	0.00684	0.00205	0.00753	0.00616	0.00684	0.01163
11	0.00809	0.00693	0.00693	0.00693	0.00924	0.00578	0.00520	0.00982	0.01559	0.01848	0.06931	0.06584	0.71411	0.01733	0.00809	0.00231	0.00347	0.01444	0.00635	0.00578
12	0.01829	0.76368	0.03585	0.01171	0.01756	0.02707	0.01171	0.02049	0.01390	0.01610	0.00951	0.01097	0.00878	0.00585	0.00439	0.00146	0.00732	0.00366	0.00293	0.00878
13	0.01292	0.01216	0.02052	0.74312	0.04712	0.01520	0.01900	0.01748	0.01368	0.01748	0.01216	0.01824	0.00912	0.00684	0.00684	0.00228	0.00912	0.00608	0.00304	0.00760
14	0.01292	0.01216	0.02052	0.74312	0.04712	0.01520	0.01900	0.01748	0.01368	0.01748	0.01216	0.01824	0.00912	0.00684	0.00684	0.00228	0.00912	0.00608	0.00304	0.00760
15	0.05750	0.03417	0.68476	0.01892	0.02871	0.01586	0.02429	0.02158	0.01429	0.02216	0.01213	0.01426	0.00860	0.00649	0.00637	0.00216	0.00985	0.00498	0.00296	0.00996
16	0.01954	0.01595	0.01689	0.01443	0.01875	0.01819	0.01144	0.22074	0.51604	0.03268	0.02464	0.02297	0.01829	0.00898	0.00693	0.00225	0.00601	0.00729	0.00693	0.01105
17	0.01746	0.01422	0.01522	0.01367	0.01749	0.01622	0.01063	0.03523	0.64203	0.06642	0.02815	0.05151	0.02154	0.00967	0.00702	0.00233	0.00539	0.00811	0.00702	0.01069
18	0.01458	0.03175	0.62518	0.01823	0.02740	0.01482	0.02290	0.02183	0.01514	0.06933	0.06340	0.01766	0.01322	0.00717	0.00664	0.00216	0.00933	0.00570	0.00360	0.00995
19	0.02891	0.07210	0.01825	0.01275	0.01812	0.01332	0.01069	0.14651	0.02131	0.54888	0.02379	0.02113	0.01538	0.00822	0.00668	0.00205	0.00623	0.00650	0.00775	0.01142
20	0.03070	0.01164	0.01588	0.01217	0.01746	0.01006	0.01006	0.03334	0.01958	0.72163	0.02699	0.02329	0.01694	0.00847	0.00688	0.00212	0.00582	0.00688	0.00847	0.01164
21	0.01082	0.00794	0.01063	0.01193	0.01361	0.00788	0.01022	0.01431	0.03974	0.02043	0.03948	0.10093	0.11014	0.01850	0.00919	0.00302	0.00588	0.55267	0.00633	0.00637
22	0.01372	0.03539	0.72412	0.01950	0.02961	0.01589	0.02528	0.02167	0.01444	0.02167	0.01228	0.01444	0.00867	0.00650	0.00650	0.00217	0.01011	0.00506	0.00289	0.01011
23	0.01702	0.01470	0.01547	0.01392	0.01779	0.01702	0.01083	0.03635	0.70453	0.02862	0.02785	0.02553	0.02088	0.00928	0.00696	0.00232	0.00541	0.00773	0.00696	0.01083
24	0.00968	0.00699	0.00914	0.00861	0.01022	0.00646	0.00646	0.01291	0.01937	0.02743	0.71328	0.05110	0.06455	0.01399	0.00807	0.00215	0.00323	0.01237	0.00753	0.00646

[dist]
# distance from previous block
# <min> <max>
0	29

[block]
# block no. 3 follows, 31 sequences, length 53
# corresponding to MSA columns:
# 242-294
name=unknown_D
#
# <colnr> <probs for GDERKNQSTAVLIFYWHMCP>
#	G	D	E	R	K	N	Q	S	T	A	V	L	I	F	Y	W	H	M	C	P
0	0.01649	0.01701	0.05709	0.03503	0.53599	0.06266	0.01922	0.02045	0.01580	0.02167	0.01610	0.02531	0.01477	0.00805	0.00711	0.00218	0.00823	0.10307	0.00380	0.00995
1	0.00834	0.00595	0.00794	0.00953	0.00992	0.00556	0.00635	0.00953	0.01310	0.01746	0.03771	0.75510	0.04525	0.02143	0.00873	0.00278	0.00397	0.01945	0.00635	0.00556
2	0.03070	0.01164	0.01588	0.01217	0.01746	0.01006	0.01006	0.03334	0.01958	0.72163	0.02699	0.02329	0.01694	0.00847	0.00688	0.00212	0.00582	0.00688	0.00847	0.01164
3	0.00834	0.00595	0.00794	0.00953	0.00992	0.00556	0.00635	0.00953	0.01310	0.01746	0.03771	0.75510	0.04525	0.02143	0.00873	0.00278	0.00397	0.01945	0.00635	0.00556
4	0.01395	0.07192	0.68960	0.01911	0.02901	0.01645	0.02460	0.02161	0.01442	0.02139	0.01214	0.01427	0.00867	0.00647	0.00639	0.00213	0.00997	0.00499	0.00289	0.01004
5	0.01091	0.00779	0.01089	0.01247	0.01399	0.00777	0.01082	0.01397	0.01563	0.02034	0.03629	0.10661	0.03963	0.01901	0.00942	0.00313	0.00620	0.64256	0.00630	0.00627
6	0.01367	0.01271	0.02106	0.66579	0.09602	0.01549	0.01894	0.04119	0.01446	0.01873	0.01236	0.01808	0.00933	0.00683	0.00684	0.00225	0.00899	0.00608	0.00320	0.00798
7	0.01785	0.43630	0.02909	0.07408	0.02049	0.10370	0.01328	0.02002	0.01366	0.01637	0.00972	0.01270	0.00886	0.00757	0.00922	0.00194	0.18935	0.00451	0.00302	0.00827
8	0.01070	0.00768	0.01077	0.01046	0.01181	0.00731	0.04719	0.03564	0.01514	0.04351	0.18826	0.39578	0.04254	0.12576	0.01223	0.00312	0.00482	0.01488	0.00622	0.00619
9	0.80789	0.01323	0.01006	0.00900	0.01323	0.01535	0.00741	0.02011	0.01164	0.03070	0.00953	0.01111	0.00741	0.00635	0.00423	0.00212	0.00529	0.00370	0.00423	0.00741
10	0.00968	0.00699	0.00914	0.00861	0.01022	0.00646	0.00646	0.01291	0.01937	0.02743	0.71328	0.05110	0.06455	0.01399	0.00807	0.00215	0.00323	0.01237	0.00753	0.00646
11	0.01135	0.00739	0.00975	0.00908	0.01097	0.00680	0.00696	0.01453	0.01920	0.08010	0.62691	0.05029	0.05965	0.01381	0.00805	0.00220	0.00358	0.04498	0.00754	0.00684
12	0.80789	0.01323	0.01006	0.00900	0.01323	0.01535	0.00741	0.02011	0.01164	0.03070	0.00953	0.01111	0.00741	0.00635	0.00423	0.00212	0.00529	0.00370	0.00423	0.00741
13	0.00824	0.00694	0.00714	0.00709	0.00934	0.00584	0.00532	0.01012	0.01596	0.01935	0.13150	0.06442	0.65138	0.01700	0.00808	0.00229	0.00344	0.01424	0.00647	0.00584
14	0.01829	0.76368	0.03585	0.01171	0.01756	0.02707	0.01171	0.02049	0.01390	0.01610	0.00951	0.01097	0.00878	0.00585	0.00439	0.00146	0.00732	0.00366	0.00293	0.00878
15	0.00834	0.00595	0.00794	0.00953	0.00992	0.00556	0.00635	0.00953	0.01310	0.01746	0.03771	0.75510	0.04525	0.02143	0.00873	0.00278	0.00397	0.01945	0.00635	0.00556
16	0.02601	0.01916	0.02053	0.01574	0.02122	0.02122	0.01300	0.69408	0.03217	0.04312	0.01643	0.01643	0.01163	0.00821	0.00684	0.00205	0.00753	0.00616	0.00684	0.01163
17	0.80789	0.01323	0.01006	0.00900	0.01323	0.01535	0.00741	0.02011	0.01164	0.03070	0.00953	0.01111	0.00741	0.00635	0.00423	0.00212	0.00529	0.00370	0.00423	0.00741
18	0.02556	0.03261	0.01939	0.01763	0.02115	0.73210	0.01322	0.02732	0.01939	0.01674	0.01058	0.01234	0.00881	0.00705	0.00617	0.00176	0.01234	0.00441	0.00353	0.00793
19	0.01419	0.01216	0.01419	0.01013	0.01621	0.00912	0.00811	0.01723	0.01419	0.02229	0.01216	0.01419	0.01013	0.00507	0.00507	0.00101	0.00507	0.00405	0.00405	0.80139
20	0.01352	0.00910	0.01079	0.03246	0.01349	0.00889	0.00778	0.01896	0.14626	0.12441	0.15408	0.15619	0.24844	0.01429	0.00776	0.00233	0.00439	0.01226	0.00687	0.00772
21	0.00957	0.00738	0.00936	0.00961	0.04052	0.00670	0.00675	0.01244	0.01820	0.02485	0.51258	0.05353	0.23412	0.01453	0.00802	0.00219	0.00350	0.01265	0.00704	0.00646
22	0.80789	0.01323	0.01006	0.00900	0.01323	0.01535	0.00741	0.02011	0.01164	0.03070	0.00953	0.01111	0.00741	0.00635	0.00423	0.00212	0.00529	0.00370	0.00423	0.00741
23	0.01491	0.05870	0.64018	0.01908	0.02848	0.07893	0.02378	0.02212	0.01486	0.02106	0.01204	0.01415	0.00868	0.00653	0.00640	0.00211	0.01022	0.00495	0.00295	0.00988
24	0.01188	0.00594	0.00891	0.00891	0.00891	0.00594	0.00594	0.00891	0.00891	0.01188	0.01188	0.02080	0.01188	0.02377	0.02674	0.80095	0.00594	0.00594	0.00297	0.00297
25	0.05520	0.04728	0.01372	0.01164	0.01473	0.05541	0.00914	0.12362	0.14682	0.04752	0.07616	0.16638	0.14029	0.01306	0.00736	0.00231	0.00558	0.04934	0.00625	0.00820
26	0.01702	0.01470	0.01547	0.01392	0.01779	0.01702	0.01083	0.03635	0.70453	0.02862	0.02785	0.02553	0.02088	0.00928	0.00696	0.00232	0.00541	0.00773	0.00696	0.01083
27	0.00992	0.00674	0.00799	0.00799	0.00818	0.00692	0.00481	0.01029	0.01011	0.01366	0.02107	0.04207	0.02370	0.65283	0.13996	0.00729	0.00839	0.00955	0.00407	0.00444
28	0.00865	0.00604	0.00801	0.00934	0.00975	0.00568	0.00621	0.00968	0.01302	0.01744	0.06701	0.64914	0.04351	0.06420	0.01100	0.03763	0.00418	0.01798	0.00613	0.00540
29	0.01419	0.01216	0.01419	0.01013	0.01621	0.00912	0.00811	0.01723	0.01419	0.02229	0.01216	0.01419	0.01013	0.00507	0.00507	0.00101	0.00507	0.00405	0.00405	0.80139
30	0.03070	0.01164	0.01588	0.01217	0.01746	0.01006	0.01006	0.03334	0.01958	0.72163	0.02699	0.02329	0.01694	0.00847	0.00688	0.00212	0.00582	0.00688	0.00847	0.01164
31	0.00834	0.00595	0.00794	0.00953	0.00992	0.00556	0.00635	0.00953	0.01310	0.01746	0.03771	0.75510	0.04525	0.02143	0.00873	0.00278	0.00397	0.01945	0.00635	0.00556
32	0.01600	0.01964	0.15706	0.03134	0.36325	0.01585	0.15470	0.05182	0.01626	0.02287	0.01635	0.02126	0.03950	0.00719	0.00715	0.00217	0.00889	0.03495	0.00371	0.01002
33	0.00994	0.00668	0.00770	0.00770	0.00778	0.00676	0.00444	0.01010	0.01002	0.01344	0.02134	0.04357	0.02435	0.71208	0.08159	0.00693	0.00742	0.00977	0.00411	0.00428
34	0.03070	0.01164	0.01588	0.01217	0.01746	0.01006	0.01006	0.03334	0.01958	0.72163	0.02699	0.02329	0.01694	0.00847	0.00688	0.00212	0.00582	0.00688	0.00847	0.01164
35	0.01484	0.01439	0.02522	0.39384	0.31998	0.01582	0.07880	0.01931	0.01467	0.01986	0.01260	0.01772	0.00993	0.00644	0.00692	0.00218	0.00893	0.00626	0.00322	0.00907
36	0.01475	0.14739	0.52821	0.01948	0.02851	0.01782	0.10896	0.02151	0.01458	0.02082	0.01205	0.01442	0.00890	0.00630	0.00637	0.00207	0.00986	0.00522	0.00297	0.00979
37	0.01803	0.02028	0.03566	0.02614	0.03230	0.11301	0.53580	0.06738	0.01748	0.02248	0.01343	0.01740	0.01021	0.00629	0.00817	0.00224	0.03345	0.00739	0.00368	0.00916
38	0.68435	0.10613	0.01354	0.00962	0.01403	0.04105	0.00813	0.02040	0.01218	0.02843	0.00956	0.01114	0.00763	0.00631	0.00432	0.00202	0.00578	0.00372	0.00405	0.00760
39	0.00834	0.00595	0.00794	0.00953	0.00992	0.00556	0.00635	0.00953	0.01310	0.01746	0.03771	0.75510	0.04525	0.02143	0.00873	0.00278	0.00397	0.01945	0.00635	0.00556
40	0.01406	0.03335	0.01559	0.04675	0.01668	0.01243	0.03955	0.08175	0.01459	0.05100	0.01913	0.13441	0.01826	0.02275	0.21809	0.00478	0.12244	0.00842	0.05682	0.06916
41	0.00868	0.00695	0.00776	0.00756	0.00961	0.00603	0.00567	0.01098	0.01701	0.02184	0.31072	0.06032	0.47061	0.01607	0.00808	0.00225	0.00338	0.01366	0.00679	0.00603
42	0.01702	0.01470	0.01547	0.01392	0.01779	0.01702	0.01083	0.03635	0.70453	0.02862	0.02785	0.02553	0.02088	0.00928	0.00696	0.00232	0.00541	0.00773	0.00696	0.01083
43	0.00834	0.00595	0.00794	0.00953	0.00992	0.00556	0.00635	0.00953	0.01310	0.01746	0.03771	0.75510	0.04525	0.02143	0.00873	0.00278	0.00397	0.01945	0.00635	0.00556
44	0.01497	0.01497	0.02095	0.01796	0.01796	0.02095	0.01497	0.01646	0.01048	0.01646	0.00898	0.01497	0.00898	0.01197	0.02245	0.00299	0.74704	0.00599	0.00299	0.00748
45	0.01275	0.00638	0.00638	0.00638	0.00797	0.00638	0.00478	0.01594	0.01435	0.02551	0.02232	0.02551	0.01754	0.00797	0.00478	0.00159	0.00319	0.00638	0.79755	0.00638
46	0.80789	0.01323	0.01006	0.00900	0.01323	0.01535	0.00741	0.02011	0.01164	0.03070	0.00953	0.01111	0.00741	0.00635	0.00423	0.00212	0.00529	0.00370	0.00423	0.00741
47	0.01372	0.03539	0.72412	0.01950	0.02961	0.01589	0.02528	0.02167	0.01444	0.02167	0.01228	0.01444	0.00867	0.00650	0.00650	0.00217	0.01011	0.00506	0.00289	0.01011
48	0.00961	0.00699	0.00905	0.00853	0.01018	0.00643	0.00640	0.01278	0.01920	0.02705	0.68543	0.05174	0.09265	0.01413	0.00807	0.00216	0.00324	0.01246	0.00748	0.00643
49	0.01516	0.01274	0.01471	0.01059	0.01662	0.01012	0.00851	0.07292	0.01567	0.02401	0.01251	0.01437	0.01026	0.00533	0.00521	0.00110	0.00527	0.00423	0.00428	0.73641
50	0.02556	0.03261	0.01939	0.01763	0.02115	0.73210	0.01322	0.02732	0.01939	0.01674	0.01058	0.01234	0.00881	0.00705	0.00617	0.00176	0.01234	0.00441	0.00353	0.00793
51	0.01610	0.01401	0.01995	0.08839	0.05286	0.01346	0.10790	0.13797	0.01758	0.02493	0.01571	0.05991	0.01374	0.00776	0.00703	0.00182	0.03015	0.03964	0.00454	0.32656
52	0.01478	0.03853	0.15342	0.07521	0.37435	0.01466	0.03979	0.01944	0.01582	0.02248	0.12443	0.02356	0.01958	0.00781	0.00698	0.00212	0.00781	0.02565	0.00400	0.00957

[dist]
# distance from previous block
# <min> <max>
0	1

[block]
# block no. 4 follows, 31 sequences, length 130
# corresponding to MSA columns:
# 296-425
name=unknown_E
#
# <colnr> <probs for GDERKNQSTAVLIFYWHMCP>
#	G	D	E	R	K	N	Q	S	T	A	V	L	I	F	Y	W	H	M	C	P
0	0.01372	0.03539	0.72412	0.01950	0.02961	0.01589	0.02528	0.02167	0.01444	0.02167	0.01228	0.01444	0.00867	0.00650	0.00650	0.00217	0.01011	0.00506	0.00289	0.01011
1	0.00822	0.00694	0.00712	0.00707	0.00933	0.00583	0.00531	0.01008	0.01592	0.01925	0.12473	0.06457	0.65821	0.01704	0.00808	0.00230	0.00344	0.01426	0.00645	0.00583
2	0.01582	0.01714	0.03166	0.08747	0.07052	0.03726	0.37812	0.02002	0.01432	0.01982	0.01212	0.01716	0.00985	0.00774	0.01207	0.00248	0.22744	0.00708	0.00328	0.00863
3	0.04988	0.06736	0.01900	0.04238	0.01991	0.05840	0.04694	0.09674	0.04104	0.41206	0.02238	0.02327	0.01574	0.00850	0.00678	0.00212	0.00694	0.04328	0.00683	0.01047
4	0.01102	0.00787	0.01102	0.01260	0.01417	0.00787	0.01102	0.01417	0.01575	0.02047	0.03622	0.07717	0.03937	0.01890	0.00945	0.00315	0.00630	0.67084	0.00630	0.00630
5	0.00833	0.00598	0.00791	0.00944	0.00990	0.00556	0.00631	0.00954	0.01318	0.01750	0.03871	0.73330	0.06640	0.02130	0.00871	0.00276	0.00395	0.01929	0.00635	0.00556
6	0.01848	0.69642	0.06275	0.01233	0.01823	0.06317	0.01233	0.02089	0.01421	0.01635	0.00968	0.01119	0.00878	0.00594	0.00457	0.00151	0.00769	0.00375	0.00296	0.00879
7	0.00995	0.00663	0.00746	0.00746	0.00746	0.00663	0.00415	0.00995	0.00995	0.01327	0.02156	0.04477	0.02487	0.75957	0.03482	0.00663	0.00663	0.00995	0.00415	0.00415
8	0.05214	0.00834	0.01160	0.01475	0.12263	0.00831	0.00893	0.01214	0.01335	0.01878	0.03247	0.50547	0.07810	0.01770	0.00920	0.02923	0.02954	0.01528	0.00554	0.00649
9	0.01419	0.01216	0.01419	0.01013	0.01621	0.00912	0.00811	0.01723	0.01419	0.02229	0.01216	0.01419	0.01013	0.00507	0.00507	0.00101	0.00507	0.00405	0.00405	0.80139
10	0.04909	0.01964	0.17080	0.05863	0.04460	0.01667	0.22457	0.02209	0.02892	0.11009	0.01412	0.01727	0.01060	0.00779	0.01050	0.00239	0.17251	0.00650	0.00396	0.00925
11	0.01292	0.01216	0.02052	0.74312	0.04712	0.01520	0.01900	0.01748	0.01368	0.01748	0.01216	0.01824	0.00912	0.00684	0.00684	0.00228	0.00912	0.00608	0.00304	0.00760
12	0.00831	0.00694	0.00725	0.00717	0.00938	0.00587	0.00538	0.01026	0.01613	0.01976	0.16097	0.06374	0.62166	0.01685	0.00808	0.00229	0.00343	0.01414	0.00652	0.00587
13	0.80789	0.01323	0.01006	0.00900	0.01323	0.01535	0.00741	0.02011	0.01164	0.03070	0.00953	0.01111	0.00741	0.00635	0.00423	0.00212	0.00529	0.00370	0.00423	0.00741
14	0.01497	0.01497	0.02095	0.01796	0.01796	0.02095	0.01497	0.01646	0.01048	0.01646	0.00898	0.01497	0.00898	0.01197	0.02245	0.00299	0.74704	0.00599	0.00299	0.00748
15	0.03070	0.01164	0.01588	0.01217	0.01746	0.01006	0.01006	0.03334	0.01958	0.72163	0.02699	0.02329	0.01694	0.00847	0.00688	0.00212	0.00582	0.00688	0.00847	0.01164
16	0.01275	0.00638	0.00638	0.00638	0.00797	0.00638	0.00478	0.01594	0.01435	0.02551	0.02232	0.02551	0.01754	0.00797	0.00478	0.00159	0.00319	0.00638	0.79755	0.00638
17	0.01139	0.00656	0.00720	0.00720	0.00813	0.00666	0.00485	0.01324	0.01231	0.01982	0.02167	0.03327	0.02041	0.30985	0.07909	0.00440	0.00585	0.00788	0.41473	0.00547
18	0.00984	0.00658	0.00750	0.00761	0.00763	0.00656	0.00430	0.00992	0.01017	0.01356	0.02269	0.09474	0.02631	0.70765	0.03299	0.00636	0.00645	0.01062	0.00430	0.00424
19	0.18318	0.04656	0.28854	0.06074	0.13654	0.04292	0.06388	0.02089	0.01427	0.02331	0.01227	0.01502	0.00937	0.00645	0.00602	0.00208	0.00844	0.00520	0.04518	0.00913
20	0.04176	0.20930	0.50841	0.01721	0.02585	0.04573	0.02097	0.02155	0.01441	0.02044	0.01146	0.01342	0.00866	0.00636	0.00591	0.00198	0.00936	0.00465	0.00297	0.00962
21	0.01512	0.20828	0.46197	0.01872	0.04964	0.01847	0.06889	0.02123	0.01446	0.02039	0.01174	0.01397	0.00894	0.00623	0.00606	0.00196	0.00930	0.00493	0.00300	0.03671
22	0.01692	0.22708	0.32423	0.01667	0.02309	0.08489	0.01813	0.02142	0.01426	0.04627	0.01138	0.01375	0.00909	0.00740	0.00869	0.00208	0.13745	0.00485	0.00319	0.00916
23	0.01188	0.00594	0.00891	0.00891	0.00891	0.00594	0.00594	0.00891	0.00891	0.01188	0.01188	0.02080	0.01188	0.02377	0.02674	0.80095	0.00594	0.00594	0.00297	0.00297
24	0.01763	0.01805	0.13969	0.29643	0.11547	0.05221	0.01770	0.04451	0.08265	0.12494	0.01603	0.01853	0.01161	0.00722	0.00676	0.00218	0.00844	0.00610	0.00438	0.00947
