[name]
unknown

[dist]
# distance from previous block
# <min> <max>
0	27

[block]
# block no. 0 follows, 27 sequences, length 106
# corresponding to MSA columns:
# 27-132
name=unknown_A
#
# <colnr> <probs for GDERKNQSTAVLIFYWHMCP>
#	G	D	E	R	K	N	Q	S	T	A	V	L	I	F	Y	W	H	M	C	P
0	0.01330	0.00880	0.01229	0.01364	0.01560	0.00869	0.01190	0.01668	0.01735	0.06441	0.03868	0.08009	0.04120	0.01980	0.01008	0.00335	0.00680	0.60315	0.00698	0.00720
1	0.03331	0.01263	0.01723	0.01321	0.01895	0.01091	0.01091	0.03618	0.02125	0.69794	0.02929	0.02527	0.01838	0.00919	0.00747	0.00230	0.00632	0.00747	0.00919	0.01263
2	0.01602	0.19977	0.54920	0.01922	0.02914	0.02002	0.02406	0.02322	0.01554	0.02213	0.01264	0.01481	0.00943	0.00689	0.00653	0.00218	0.01028	0.00514	0.00314	0.01064
3	0.02417	0.01667	0.01860	0.01510	0.01970	0.01822	0.01207	0.36619	0.16873	0.10126	0.02083	0.02143	0.01539	0.01187	0.01089	0.12666	0.00722	0.00709	0.00696	0.01094
4	0.00934	0.00787	0.00813	0.00801	0.01051	0.00684	0.00602	0.01216	0.04461	0.02145	0.13265	0.06810	0.60241	0.01809	0.00872	0.00249	0.00382	0.01515	0.00704	0.00656
5	0.01452	0.00823	0.00855	0.00808	0.00984	0.00843	0.00586	0.07486	0.01635	0.02672	0.02347	0.03102	0.02006	0.15649	0.01199	0.00288	0.00464	0.00768	0.55338	0.00695
6	0.01402	0.01319	0.02227	0.72126	0.05113	0.01649	0.02062	0.01897	0.01484	0.01897	0.01319	0.01979	0.00990	0.00742	0.00742	0.00247	0.00990	0.00660	0.00330	0.00825
7	0.02391	0.01571	0.01898	0.01927	0.13053	0.06025	0.01308	0.05612	0.20477	0.26565	0.08948	0.02667	0.02270	0.00948	0.00754	0.00232	0.00687	0.00796	0.00730	0.01143
8	0.00914	0.00653	0.00870	0.01027	0.01079	0.00609	0.00690	0.01057	0.01464	0.01963	0.08138	0.69187	0.05041	0.02275	0.00943	0.00297	0.00426	0.02062	0.00697	0.00609
9	0.01402	0.01319	0.02227	0.72126	0.05113	0.01649	0.02062	0.01897	0.01484	0.01897	0.01319	0.01979	0.00990	0.00742	0.00742	0.00247	0.00990	0.00660	0.00330	0.00825
10	0.02015	0.71633	0.03821	0.01295	0.01920	0.05553	0.01277	0.02251	0.01531	0.01749	0.01037	0.01197	0.00953	0.00640	0.00484	0.00160	0.00815	0.00400	0.00320	0.00949
11	0.79154	0.01436	0.01091	0.00976	0.01436	0.01665	0.00804	0.02182	0.01263	0.03331	0.01034	0.01206	0.00804	0.00689	0.00459	0.00230	0.00574	0.00402	0.00459	0.00804
12	0.22729	0.01310	0.01580	0.03956	0.01901	0.01260	0.01055	0.03183	0.01879	0.50113	0.02380	0.02167	0.01540	0.00853	0.00673	0.00230	0.00631	0.00655	0.00778	0.01129
13	0.01027	0.01187	0.12339	0.01181	0.01392	0.00806	0.00995	0.01259	0.01396	0.01905	0.03379	0.51537	0.03930	0.12458	0.01319	0.00351	0.00583	0.01701	0.00592	0.00663
14	0.01501	0.03758	0.67141	0.02161	0.03243	0.01731	0.05584	0.02352	0.01576	0.02352	0.01340	0.01587	0.00949	0.00702	0.00713	0.00236	0.01104	0.00563	0.00316	0.01093
15	0.79154	0.01436	0.01091	0.00976	0.01436	0.01665	0.00804	0.02182	0.01263	0.03331	0.01034	0.01206	0.00804	0.00689	0.00459	0.00230	0.00574	0.00402	0.00459	0.00804
16	0.01489	0.03840	0.70064	0.02116	0.03213	0.01724	0.02743	0.02351	0.01567	0.02351	0.01332	0.01567	0.00940	0.00705	0.00705	0.00235	0.01097	0.00549	0.00313	0.01097
17	0.01366	0.01273	0.01766	0.01620	0.01636	0.01673	0.01288	0.01516	0.01239	0.01826	0.02095	0.27429	0.02389	0.01668	0.01901	0.00316	0.46632	0.01175	0.00456	0.00737
18	0.03331	0.01263	0.01723	0.01321	0.01895	0.01091	0.01091	0.03618	0.02125	0.69794	0.02929	0.02527	0.01838	0.00919	0.00747	0.00230	0.00632	0.00747	0.00919	0.01263
19	0.01693	0.01331	0.01561	0.01139	0.01779	0.01045	0.00912	0.02119	0.05299	0.07590	0.01537	0.01683	0.01221	0.00603	0.00576	0.00127	0.00558	0.00486	0.00494	0.68245
20	0.03061	0.01385	0.01760	0.01383	0.01936	0.01311	0.01132	0.09161	0.12263	0.53980	0.02843	0.02499	0.01853	0.00930	0.00748	0.00232	0.00641	0.00754	0.00879	0.01250
21	0.00904	0.00646	0.00861	0.01034	0.01077	0.00603	0.00689	0.01034	0.01421	0.01895	0.04092	0.73426	0.04910	0.02326	0.00948	0.00301	0.00431	0.02110	0.00689	0.00603
22	0.01943	0.01642	0.01733	0.01530	0.01967	0.01891	0.01198	0.10132	0.61594	0.03260	0.02900	0.02673	0.02167	0.00996	0.00754	0.00249	0.00610	0.00822	0.00754	0.01184
23	0.00877	0.00752	0.00752	0.00752	0.01003	0.00627	0.00564	0.01065	0.01692	0.02005	0.07520	0.07144	0.68978	0.01880	0.00877	0.00251	0.00376	0.01567	0.00689	0.00627
24	0.01873	0.02297	0.14014	0.05834	0.48802	0.09632	0.02253	0.02357	0.01711	0.02328	0.01355	0.01740	0.01106	0.00683	0.00723	0.00220	0.00973	0.00622	0.00359	0.01117
25	0.01902	0.62654	0.14872	0.01411	0.02122	0.02736	0.01515	0.02244	0.01518	0.01847	0.01082	0.01253	0.00951	0.00647	0.00514	0.00171	0.00844	0.00422	0.00317	0.00977
26	0.02335	0.01872	0.01926	0.01605	0.02099	0.05087	0.01282	0.29907	0.36404	0.05657	0.02423	0.02290	0.01780	0.00946	0.00746	0.00236	0.00717	0.00750	0.00738	0.01200
27	0.01062	0.00841	0.00995	0.01045	0.03385	0.00769	0.00758	0.03991	0.01831	0.02356	0.19996	0.13643	0.37297	0.01782	0.00888	0.00259	0.00440	0.07266	0.00709	0.00691
28	0.02679	0.14210	0.02151	0.01415	0.01912	0.06702	0.01186	0.09017	0.04537	0.35366	0.04228	0.05100	0.01806	0.00958	0.00811	0.00224	0.05162	0.00730	0.00703	0.01105
29	0.02582	0.01855	0.02002	0.01587	0.02122	0.02047	0.01294	0.47029	0.15734	0.08254	0.02129	0.02076	0.01529	0.00914	0.00732	0.00226	0.00734	0.00708	0.05235	0.01213
30	0.01614	0.01364	0.01579	0.01135	0.01791	0.01066	0.00910	0.05632	0.01652	0.02550	0.01346	0.01553	0.01109	0.00570	0.00561	0.00116	0.00565	0.00453	0.00457	0.73976
31	0.01018	0.00694	0.00828	0.00888	0.00903	0.00679	0.00534	0.01063	0.01199	0.01599	0.02954	0.28907	0.03474	0.48804	0.02786	0.00573	0.00618	0.01441	0.00534	0.00504
32	0.58262	0.01388	0.01265	0.01071	0.01562	0.01507	0.00883	0.02578	0.01501	0.21644	0.01556	0.01570	0.01089	0.00752	0.00539	0.00230	0.00590	0.00497	0.00586	0.00931
33	0.01508	0.01105	0.01242	0.01082	0.01328	0.01095	0.00765	0.15853	0.01753	0.02390	0.02465	0.12854	0.04624	0.34605	0.02140	0.00445	0.00666	0.01044	0.00553	0.12483
34	0.01601	0.31749	0.02518	0.01329	0.01615	0.02084	0.01143	0.01770	0.01348	0.01756	0.04204	0.02557	0.05348	0.15821	0.01744	0.00328	0.21207	0.00709	0.00386	0.00783
35	0.01247	0.00805	0.01062	0.00984	0.01193	0.00739	0.00754	0.01591	0.02087	0.08503	0.60662	0.05413	0.06460	0.01490	0.00871	0.00238	0.00388	0.03946	0.00820	0.00747
36	0.01369	0.00945	0.01045	0.00959	0.01057	0.00982	0.00609	0.11987	0.01480	0.01977	0.02247	0.04348	0.02461	0.61792	0.03275	0.00637	0.00736	0.01011	0.00498	0.00585
37	0.12474	0.13370	0.02055	0.01446	0.01911	0.21962	0.01176	0.12468	0.06169	0.09773	0.01648	0.01729	0.01255	0.00796	0.00621	0.00202	0.00851	0.00558	0.08563	0.00973
38	0.01437	0.01349	0.01914	0.01698	0.01742	0.01826	0.01393	0.01633	0.01156	0.01766	0.01312	0.02054	0.01268	0.02719	0.25228	0.00614	0.49084	0.00698	0.00349	0.00762
39	0.00965	0.00735	0.00871	0.00876	0.01046	0.00658	0.00633	0.01197	0.01775	0.02345	0.31461	0.17355	0.29129	0.06305	0.01069	0.00281	0.00396	0.01536	0.00726	0.00642
40	0.00920	0.00655	0.00864	0.01017	0.01063	0.00614	0.00676	0.01051	0.01430	0.01914	0.06663	0.66793	0.04873	0.06298	0.01103	0.00322	0.00444	0.02021	0.00681	0.00598
41	0.02228	0.01623	0.01782	0.01507	0.01961	0.01790	0.01194	0.24946	0.32145	0.10338	0.02706	0.10022	0.02166	0.01101	0.00771	0.00245	0.00653	0.00909	0.00761	0.01152
42	0.01910	0.02220	0.03862	0.05888	0.06059	0.13324	0.50701	0.02451	0.01797	0.02266	0.01432	0.01885	0.01094	0.00655	0.00831	0.00239	0.01241	0.00793	0.00374	0.00977
43	0.00957	0.00731	0.01081	0.01165	0.01252	0.00683	0.04804	0.01118	0.01442	0.01925	0.03930	0.68966	0.04674	0.02220	0.00943	0.00298	0.00482	0.02033	0.00670	0.00628
44	0.02680	0.02009	0.02148	0.01679	0.02248	0.02236	0.01377	0.57670	0.12855	0.04450	0.01962	0.01926	0.01408	0.00908	0.00744	0.00227	0.00784	0.00693	0.00744	0.01250
45	0.02722	0.02078	0.02168	0.01695	0.02264	0.04515	0.01388	0.58346	0.09962	0.04425	0.01887	0.01868	0.01354	0.00899	0.00742	0.00225	0.00811	0.00679	0.00732	0.01240
46	0.02018	0.02026	0.01724	0.01519	0.01742	0.24246	0.01137	0.12728	0.01825	0.02161	0.01618	0.02631	0.01589	0.25175	0.02022	0.00395	0.13465	0.00739	0.00455	0.00782
47	0.00890	0.00753	0.00769	0.00765	0.01010	0.00632	0.00574	0.01089	0.01721	0.02075	0.11898	0.07030	0.64557	0.01854	0.00877	0.00249	0.00374	0.01551	0.00698	0.00632
48	0.01211	0.00889	0.01072	0.01103	0.01263	0.00878	0.00790	0.11390	0.01815	0.02407	0.07853	0.51098	0.11361	0.02006	0.00904	0.00280	0.00481	0.01781	0.00705	0.00715
49	0.03273	0.01356	0.01780	0.01365	0.01941	0.01229	0.01128	0.10815	0.02280	0.62377	0.02798	0.02442	0.01772	0.00916	0.00746	0.00229	0.00653	0.00738	0.00899	0.01263
50	0.50982	0.01770	0.08342	0.01553	0.02141	0.01679	0.14677	0.02329	0.01448	0.07190	0.01278	0.01488	0.00948	0.00692	0.00587	0.00235	0.00768	0.00536	0.00457	0.00901
51	0.01837	0.01764	0.03013	0.04557	0.69279	0.01764	0.02278	0.02278	0.01690	0.02425	0.01396	0.01837	0.01176	0.00661	0.00735	0.00220	0.00882	0.00661	0.00367	0.01176
52	0.02822	0.02079	0.02228	0.01708	0.02302	0.02302	0.01411	0.66804	0.03490	0.04679	0.01782	0.01782	0.01262	0.00891	0.00743	0.00223	0.00817	0.00668	0.00743	0.01262
53	0.01786	0.01934	0.03963	0.03156	0.12436	0.01825	0.52076	0.04427	0.01788	0.02461	0.01486	0.01946	0.01136	0.00635	0.00834	0.00237	0.01147	0.00815	0.00390	0.05521
54	0.02791	0.01954	0.02126	0.01638	0.02205	0.02134	0.01344	0.58762	0.03275	0.09974	0.01901	0.01974	0.01371	0.03972	0.00871	0.00244	0.00797	0.00692	0.00745	0.01228
55	0.03873	0.01723	0.05088	0.41589	0.06642	0.05762	0.15679	0.02092	0.01557	0.02064	0.01320	0.01880	0.01015	0.00751	0.00872	0.00248	0.05929	0.00683	0.00347	0.00885
56	0.76221	0.01429	0.01116	0.00990	0.01453	0.01643	0.00815	0.02238	0.01297	0.05902	0.01107	0.01257	0.00844	0.00698	0.00471	0.00230	0.00576	0.00415	0.00477	0.00822
57	0.00926	0.00706	0.00852	0.00916	0.01058	0.00632	0.00649	0.01123	0.01659	0.02163	0.19073	0.36320	0.27238	0.02001	0.00908	0.00270	0.00395	0.01761	0.00717	0.00632
58	0.01051	0.00759	0.00992	0.00934	0.01109	0.00700	0.00700	0.01401	0.02101	0.02977	0.68888	0.05545	0.07005	0.01518	0.00876	0.00233	0.00350	0.01343	0.00817	0.00700
59	0.00926	0.00681	0.00868	0.00975	0.01071	0.00623	0.00672	0.01102	0.01579	0.02098	0.15764	0.51861	0.14813	0.02120	0.00925	0.00282	0.00409	0.01897	0.00711	0.00623
60	0.01009	0.00748	0.00941	0.00912	0.01088	0.00680	0.00677	0.01313	0.01974	0.02720	0.52957	0.11696	0.17241	0.01649	0.00882	0.00242	0.00362	0.01447	0.00785	0.00680
61	0.03018	0.01424	0.01781	0.01403	0.01954	0.01374	0.01147	0.11874	0.13224	0.50273	0.02795	0.02470	0.01834	0.00930	0.00748	0.00232	0.00648	0.00752	0.00869	0.01249
62	0.01016	0.00699	0.00857	0.00918	0.00943	0.00694	0.00570	0.01082	0.01209	0.01622	0.02932	0.28931	0.03417	0.43496	0.07822	0.00608	0.00713	0.01422	0.00530	0.00520
63	0.02643	0.01869	0.02037	0.01616	0.02165	0.02053	0.01317	0.44312	0.19017	0.11712	0.02214	0.02107	0.01572	0.00923	0.00746	0.00231	0.00740	0.00719	0.00766	0.01241
64	0.01435	0.01385	0.02433	0.65525	0.04995	0.01671	0.08234	0.01943	0.01510	0.01943	0.01337	0.01981	0.01003	0.00731	0.00755	0.00248	0.01015	0.00680	0.00334	0.00842
65	0.02655	0.01939	0.02109	0.01605	0.02208	0.02066	0.01322	0.55010	0.03156	0.06781	0.01758	0.01775	0.01260	0.00843	0.00715	0.00207	0.00771	0.00638	0.00705	0.12478
66	0.01539	0.01319	0.01539	0.01100	0.01759	0.00990	0.00880	0.01869	0.01539	0.02419	0.01319	0.01539	0.01100	0.00550	0.00550	0.00110	0.00550	0.00440	0.00440	0.78449
67	0.02734	0.01960	0.02126	0.01652	0.02213	0.02150	0.01355	0.60181	0.03310	0.07415	0.01967	0.05967	0.01499	0.00976	0.00755	0.00228	0.00786	0.00755	0.00747	0.01224
68	0.01239	0.00860	0.01012	0.00963	0.01043	0.00905	0.00627	0.07256	0.01325	0.01793	0.02223	0.04217	0.02411	0.54637	0.15746	0.00760	0.00960	0.00989	0.00468	0.00564
69	0.01104	0.00840	0.01220	0.01211	0.01359	0.00979	0.00942	0.01472	0.04927	0.01801	0.02046	0.02908	0.01879	0.05313	0.67040	0.01140	0.01910	0.00798	0.00418	0.00691
70	0.01701	0.01055	0.05173	0.01141	0.01451	0.00848	0.00929	0.02006	0.01902	0.22078	0.29104	0.21935	0.04612	0.01505	0.00847	0.00250	0.00496	0.01321	0.00785	0.00862
71	0.01983	0.28128	0.18982	0.01994	0.02750	0.04739	0.19127	0.02472	0.01676	0.09389	0.01436	0.01645	0.01092	0.00684	0.00673	0.00210	0.00990	0.00601	0.00399	0.01029
72	0.00923	0.00654	0.00856	0.01010	0.01049	0.00615	0.00664	0.01039	0.01385	0.01847	0.03907	0.66212	0.04677	0.09857	0.01245	0.00345	0.00461	0.02002	0.00664	0.00587
73	0.00917	0.00652	0.00858	0.01017	0.01057	0.00612	0.00671	0.01037	0.01396	0.01861	0.03962	0.68343	0.04746	0.07632	0.01157	0.00332	0.00452	0.02034	0.00671	0.00592
74	0.02018	0.02009	0.02848	0.04042	0.56571	0.10601	0.02117	0.06395	0.01855	0.02489	0.01389	0.01770	0.01153	0.00689	0.00727	0.00217	0.00936	0.00639	0.00393	0.01141
75	0.02019	0.04174	0.04777	0.14862	0.05970	0.19687	0.12385	0.08153	0.10545	0.02412	0.01749	0.02318	0.01433	0.00862	0.00759	0.00234	0.01028	0.05200	0.00468	0.00965
76	0.05007	0.01854	0.02527	0.27598	0.34344	0.11791	0.02019	0.02241	0.01661	0.02190	0.01318	0.01788	0.01064	0.00706	0.00717	0.00226	0.00973	0.00623	0.00360	0.00992
77	0.75895	0.01450	0.01172	0.01127	0.04296	0.01670	0.00866	0.02186	0.01281	0.03293	0.01049	0.01233	0.00820	0.00688	0.00471	0.00229	0.00587	0.00413	0.00456	0.00820
78	0.00998	0.00775	0.00867	0.00881	0.01046	0.00718	0.00618	0.01269	0.05292	0.02075	0.14101	0.18143	0.32896	0.15296	0.01424	0.00345	0.00458	0.01502	0.00666	0.00630
79	0.01807	0.51383	0.10454	0.01324	0.01918	0.05459	0.01329	0.02111	0.01590	0.01934	0.08016	0.01987	0.03769	0.03382	0.00679	0.00199	0.00791	0.00572	0.00386	0.00911
80	0.04275	0.00829	0.00984	0.00945	0.01151	0.00791	0.00708	0.01502	0.06051	0.02737	0.45627	0.10448	0.18040	0.01579	0.00857	0.00243	0.00385	0.01371	0.00765	0.00713
81	0.06006	0.04356	0.01829	0.01395	0.01891	0.03912	0.01139	0.23287	0.06464	0.26102	0.13239	0.02652	0.02423	0.00988	0.00741	0.00225	0.00669	0.00788	0.00774	0.01119
82	0.02745	0.01949	0.02118	0.01648	0.02214	0.02136	0.01352	0.56677	0.06933	0.09223	0.02006	0.04105	0.01473	0.00944	0.00750	0.00227	0.00779	0.00728	0.00754	0.01237
83	0.02642	0.01901	0.02068	0.01624	0.02160	0.02082	0.01324	0.57678	0.03226	0.06770	0.02064	0.09235	0.01662	0.01041	0.00764	0.00231	0.00770	0.00821	0.00744	0.01194
84	0.02312	0.09852	0.02486	0.04417	0.09811	0.10930	0.04023	0.22319	0.02222	0.08063	0.01687	0.01881	0.03262	0.00904	0.00985	0.00231	0.12388	0.00652	0.00525	0.01051
85	0.01893	0.04270	0.02989	0.03861	0.50336	0.06140	0.08174	0.02486	0.07967	0.02425	0.01532	0.01889	0.01253	0.00696	0.00738	0.00222	0.00915	0.00678	0.00404	0.01132
86	0.01331	0.00759	0.01178	0.05871	0.05505	0.00781	0.00840	0.01110	0.01046	0.01400	0.01298	0.02212	0.01263	0.02338	0.02624	0.68379	0.00682	0.00647	0.00326	0.00409
87	0.00910	0.00722	0.00803	0.00845	0.01020	0.00631	0.00602	0.01084	0.01616	0.02018	0.11063	0.24673	0.43136	0.06146	0.01064	0.00290	0.00409	0.01667	0.00685	0.00616
88	0.01613	0.01510	0.02467	0.41412	0.07834	0.01798	0.08848	0.07935	0.01650	0.02214	0.01366	0.01945	0.01075	0.01021	0.03955	0.00295	0.11103	0.00688	0.00377	0.00896
89	0.00941	0.00755	0.00841	0.00819	0.01042	0.00654	0.00614	0.01189	0.01843	0.02364	0.30159	0.06555	0.46116	0.01746	0.00877	0.00244	0.00367	0.01484	0.00737	0.00654
90	0.00904	0.00646	0.00861	0.01034	0.01077	0.00603	0.00689	0.01034	0.01421	0.01895	0.04092	0.73426	0.04910	0.02326	0.00948	0.00301	0.00431	0.02110	0.00689	0.00603
91	0.01985	0.74357	0.03890	0.01270	0.01905	0.02937	0.01270	0.02223	0.01508	0.01747	0.01032	0.01191	0.00953	0.00635	0.00476	0.00159	0.00794	0.00397	0.00318	0.00953
92	0.01384	0.00692	0.00692	0.00692	0.00865	0.00692	0.00519	0.01730	0.01557	0.02768	0.02422	0.02768	0.01903	0.00865	0.00519	0.00173	0.00346	0.00692	0.78031	0.00692
93	0.01061	0.00795	0.01193	0.01193	0.01326	0.00928	0.00928	0.01326	0.01193	0.01723	0.01988	0.02916	0.01856	0.05568	0.70968	0.01193	0.01988	0.00795	0.00398	0.00663
94	0.02111	0.01726	0.01827	0.01564	0.02031	0.01970	0.01239	0.20971	0.50482	0.03532	0.02686	0.02502	0.01994	0.00976	0.00752	0.00244	0.00650	0.00793	0.00752	0.01199
95	0.01985	0.74357	0.03890	0.01270	0.01905	0.02937	0.01270	0.02223	0.01508	0.01747	0.01032	0.01191	0.00953	0.00635	0.00476	0.00159	0.00794	0.00397	0.00318	0.00953
96	0.01539	0.01319	0.01539	0.01100	0.01759	0.00990	0.00880	0.01869	0.01539	0.02419	0.01319	0.01539	0.01100	0.00550	0.00550	0.00110	0.00550	0.00440	0.00440	0.78449
97	0.00934	0.00683	0.00914	0.01061	0.01107	0.00663	0.00721	0.01073	0.01438	0.01933	0.06479	0.68392	0.04858	0.02260	0.00995	0.00300	0.02861	0.02032	0.00682	0.00614
98	0.79154	0.01436	0.01091	0.00976	0.01436	0.01665	0.00804	0.02182	0.01263	0.03331	0.01034	0.01206	0.00804	0.00689	0.00459	0.00230	0.00574	0.00402	0.00459	0.00804
99	0.01289	0.00645	0.00967	0.00967	0.00967	0.00645	0.00645	0.00967	0.00967	0.01289	0.01289	0.02257	0.01289	0.02579	0.02901	0.78401	0.00645	0.00645	0.00322	0.00322
100	0.01634	0.01551	0.02558	0.10759	0.51459	0.01564	0.01972	0.02038	0.01670	0.02302	0.02405	0.02732	0.12410	0.00872	0.00759	0.00228	0.00809	0.00812	0.00417	0.01049
101	0.02175	0.37643	0.09508	0.01621	0.02212	0.12729	0.04368	0.07997	0.01796	0.06348	0.01278	0.01452	0.01043	0.00750	0.00730	0.00197	0.06249	0.00509	0.00404	0.00991
102	0.01709	0.01757	0.05225	0.18655	0.28877	0.01780	0.16698	0.04519	0.01687	0.02330	0.01486	0.02133	0.01226	0.00774	0.00885	0.00245	0.05462	0.03153	0.00382	0.01018
103	0.01205	0.00953	0.01167	0.01153	0.01340	0.00954	0.00834	0.03645	0.08647	0.02162	0.03374	0.44120	0.05816	0.05006	0.01084	0.00286	0.04991	0.01548	0.00631	0.11085
104	0.01577	0.01203	0.01640	0.09324	0.10970	0.01245	0.01292	0.12475	0.02017	0.05217	0.11702	0.10859	0.09843	0.01427	0.00857	0.00265	0.00666	0.15908	0.00640	0.00872
105	0.07181	0.07359	0.38211	0.02115	0.09948	0.01841	0.02118	0.08620	0.08195	0.02689	0.01506	0.01684	0.01123	0.00737	0.00680	0.00224	0.00922	0.00577	0.00418	0.03851

[dist]
# distance from previous block
# <min> <max>
2	15

[block]
# block no. 1 follows, 27 sequences, length 23
# corresponding to MSA columns:
# 148-170
name=unknown_B
#
# <colnr> <probs for GDERKNQSTAVLIFYWHMCP>
#	G	D	E	R	K	N	Q	S	T	A	V	L	I	F	Y	W	H	M	C	P
0	0.01586	0.01463	0.05765	0.01741	0.09799	0.04805	0.03421	0.07880	0.08650	0.04609	0.09551	0.19371	0.07099	0.01414	0.00914	0.03853	0.00669	0.03414	0.00608	0.03387
1	0.02189	0.01343	0.01556	0.01312	0.01742	0.01375	0.01041	0.13319	0.20359	0.22500	0.09273	0.06997	0.11337	0.01191	0.00787	0.00241	0.00581	0.00991	0.00794	0.01071
2	0.06967	0.01906	0.02155	0.07706	0.13997	0.09684	0.01536	0.21368	0.08898	0.03063	0.05647	0.02031	0.01578	0.00909	0.00920	0.00237	0.09125	0.00684	0.00544	0.01044
3	0.01105	0.00793	0.00971	0.01036	0.01159	0.00774	0.00725	0.05387	0.03835	0.02264	0.10896	0.48327	0.08566	0.04977	0.01010	0.00295	0.00456	0.01739	0.05013	0.00674
4	0.01443	0.00974	0.01064	0.01000	0.01147	0.03062	0.00746	0.05671	0.01538	0.02413	0.02247	0.07207	0.02048	0.13683	0.05260	0.00351	0.08567	0.00838	0.40045	0.00698
5	0.06613	0.01683	0.02775	0.13559	0.50087	0.01750	0.04781	0.02304	0.04847	0.02439	0.01446	0.01870	0.01177	0.00690	0.00726	0.00228	0.00879	0.00663	0.00387	0.01096
6	0.02097	0.29839	0.02547	0.01450	0.01881	0.22708	0.01224	0.02554	0.09593	0.02075	0.01495	0.01671	0.01245	0.00791	0.00692	0.00192	0.05205	0.00531	0.11305	0.00907
7	0.01033	0.00745	0.00977	0.00946	0.01105	0.00689	0.00699	0.01357	0.02020	0.02847	0.61118	0.13685	0.06753	0.01615	0.00884	0.00242	0.00360	0.01435	0.00802	0.00689
8	0.05600	0.01669	0.02591	0.22746	0.38767	0.01803	0.02025	0.11231	0.01865	0.02639	0.01412	0.01838	0.01118	0.00717	0.00725	0.00229	0.00888	0.00649	0.00414	0.01073
9	0.02089	0.44808	0.11306	0.01564	0.02156	0.18748	0.01507	0.02386	0.01633	0.01838	0.01092	0.01297	0.00953	0.00715	0.00669	0.00186	0.05332	0.00450	0.00333	0.00940
10	0.00969	0.00700	0.00925	0.01051	0.01145	0.00657	0.00758	0.01168	0.01587	0.02121	0.14572	0.49407	0.08724	0.02132	0.00944	0.00294	0.00452	0.11055	0.00709	0.00632
11	0.01924	0.60891	0.06789	0.04393	0.08939	0.02712	0.01471	0.02222	0.01529	0.01849	0.01094	0.01305	0.00976	0.00645	0.00524	0.00172	0.00824	0.00441	0.00323	0.00977
12	0.01963	0.05421	0.02684	0.09017	0.45622	0.04185	0.01941	0.04335	0.01761	0.08867	0.01685	0.06188	0.01434	0.00803	0.00734	0.00224	0.00849	0.00737	0.00447	0.01102
13	0.00998	0.00686	0.00908	0.01037	0.01120	0.00637	0.00719	0.01162	0.01525	0.03925	0.10112	0.60217	0.07161	0.02185	0.00936	0.00293	0.00438	0.04598	0.00707	0.00635
14	0.01055	0.00711	0.00879	0.00924	0.00971	0.00722	0.00599	0.01161	0.01226	0.01711	0.02742	0.22216	0.03069	0.37901	0.14189	0.00648	0.00830	0.01269	0.06633	0.00545
15	0.02647	0.02056	0.02107	0.01670	0.02209	0.06359	0.01356	0.55047	0.07595	0.04244	0.01955	0.05817	0.01514	0.00971	0.00750	0.00227	0.00812	0.00749	0.00719	0.01195
16	0.05849	0.01588	0.01880	0.01523	0.01984	0.01683	0.04514	0.34648	0.05177	0.11391	0.06594	0.15123	0.02366	0.01176	0.00783	0.00241	0.00698	0.00987	0.00727	0.01069
17	0.00998	0.00768	0.00832	0.00814	0.01056	0.00655	0.00611	0.01215	0.01767	0.04669	0.17562	0.09065	0.53782	0.01799	0.00875	0.00249	0.00383	0.01518	0.00719	0.00662
18	0.01025	0.00829	0.00924	0.00936	0.01147	0.00778	0.00687	0.01452	0.09591	0.02257	0.15399	0.21908	0.36706	0.01826	0.00879	0.00260	0.00410	0.01574	0.00716	0.00698
19	0.01611	0.03404	0.56708	0.01987	0.02956	0.01733	0.02434	0.08545	0.04994	0.02642	0.04933	0.01851	0.01347	0.00780	0.00720	0.00235	0.01007	0.00615	0.00402	0.01096
20	0.01398	0.00894	0.01282	0.05538	0.01626	0.00865	0.03631	0.03901	0.01630	0.11572	0.03559	0.49630	0.03912	0.01893	0.00901	0.00286	0.00556	0.05484	0.00688	0.00754
21	0.79154	0.01436	0.01091	0.00976	0.01436	0.01665	0.00804	0.02182	0.01263	0.03331	0.01034	0.01206	0.00804	0.00689	0.00459	0.00230	0.00574	0.00402	0.00459	0.00804
22	0.01728	0.01822	0.06711	0.24063	0.39303	0.04642	0.02138	0.02303	0.05787	0.02282	0.01461	0.01900	0.01166	0.00714	0.00734	0.00230	0.00928	0.00658	0.00378	0.01054

[dist]
# distance from previous block
# <min> <max>
0	1

[block]
# block no. 2 follows, 27 sequences, length 77
# corresponding to MSA columns:
# 172-248
name=unknown_C
#
# <colnr> <probs for GDERKNQSTAVLIFYWHMCP>
#	G	D	E	R	K	N	Q	S	T	A	V	L	I	F	Y	W	H	M	C	P
0	0.49620	0.02217	0.23800	0.01369	0.02044	0.01654	0.01457	0.02313	0.01409	0.06516	0.01232	0.01394	0.00903	0.00707	0.00555	0.00231	0.00749	0.00468	0.00436	0.00925
1	0.00925	0.00682	0.00854	0.00972	0.01062	0.00626	0.00666	0.01075	0.01494	0.01952	0.07811	0.51604	0.17072	0.06380	0.01098	0.00314	0.00440	0.03686	0.00681	0.00606
2	0.01222	0.00843	0.01045	0.00969	0.01190	0.00783	0.00733	0.04692	0.02063	0.06363	0.48086	0.09543	0.16509	0.01563	0.00867	0.00240	0.00397	0.01361	0.00790	0.00740
3	0.65229	0.01734	0.09873	0.04875	0.01855	0.01672	0.01116	0.02188	0.01313	0.03131	0.01087	0.01292	0.00831	0.00694	0.00505	0.00231	0.00662	0.00434	0.00434	0.00842
4	0.04587	0.12754	0.28784	0.02212	0.03043	0.01896	0.23611	0.02487	0.03708	0.07734	0.01516	0.01761	0.01112	0.00695	0.00726	0.00229	0.01034	0.00656	0.00402	0.01050
5	0.64700	0.01725	0.04561	0.01120	0.01591	0.08242	0.00955	0.02232	0.01395	0.03123	0.03975	0.01423	0.01092	0.00733	0.00509	0.00226	0.00663	0.00457	0.00460	0.00819
6	0.01865	0.01806	0.02908	0.04301	0.63371	0.03802	0.02189	0.02396	0.05577	0.02447	0.01484	0.01877	0.01233	0.00685	0.00734	0.00221	0.00878	0.00666	0.00391	0.01167
7	0.27624	0.11414	0.01670	0.01175	0.01612	0.04111	0.00969	0.02605	0.14286	0.11167	0.10618	0.02316	0.02104	0.00891	0.00619	0.00221	0.00601	0.00668	0.04396	0.00935
8	0.01432	0.01354	0.02208	0.61689	0.04637	0.01698	0.01971	0.01883	0.01447	0.01902	0.01280	0.01924	0.00992	0.00799	0.00929	0.00252	0.09128	0.00651	0.00333	0.03491
9	0.01066	0.00718	0.00810	0.00817	0.00827	0.00712	0.00463	0.01077	0.01114	0.01477	0.02584	0.07669	0.05021	0.68629	0.03568	0.00687	0.00697	0.01137	0.00467	0.00462
10	0.02245	0.01388	0.01535	0.01250	0.01660	0.01466	0.01009	0.30905	0.02506	0.12076	0.05493	0.02441	0.01862	0.01046	0.02609	0.00233	0.00637	0.00724	0.27899	0.01018
11	0.01026	0.00755	0.00945	0.00899	0.01075	0.00691	0.00665	0.01331	0.01978	0.02738	0.55655	0.05745	0.16068	0.05925	0.01050	0.00265	0.00376	0.01360	0.00776	0.00674
12	0.03304	0.01306	0.01749	0.01341	0.01917	0.01155	0.01108	0.06952	0.02197	0.66357	0.02868	0.02487	0.01807	0.00917	0.00746	0.00229	0.00641	0.00742	0.00910	0.01263
13	0.00889	0.00746	0.00773	0.00780	0.01013	0.00630	0.00580	0.01083	0.01700	0.02056	0.10903	0.11036	0.61502	0.01886	0.00881	0.00253	0.00378	0.01586	0.00697	0.00630
14	0.01985	0.74357	0.03890	0.01270	0.01905	0.02937	0.01270	0.02223	0.01508	0.01747	0.01032	0.01191	0.00953	0.00635	0.00476	0.00159	0.00794	0.00397	0.00318	0.00953
15	0.02752	0.02027	0.02178	0.01683	0.02257	0.02240	0.01385	0.64394	0.03415	0.04577	0.01867	0.04408	0.01396	0.00944	0.00750	0.00226	0.00803	0.00721	0.00741	0.01238
16	0.01020	0.00747	0.00956	0.00926	0.01095	0.00684	0.00686	0.01333	0.01996	0.02778	0.56643	0.12187	0.12920	0.01631	0.00883	0.00242	0.00360	0.01438	0.00792	0.00684
17	0.02604	0.05094	0.02148	0.01729	0.02220	0.26284	0.01373	0.31108	0.14233	0.03295	0.01750	0.01779	0.01320	0.00858	0.00710	0.00215	0.00959	0.00622	0.00603	0.01095
18	0.01583	0.03340	0.54850	0.01927	0.02847	0.05620	0.02349	0.02320	0.01687	0.05085	0.09713	0.02083	0.01725	0.00817	0.00726	0.00232	0.01001	0.00650	0.00404	0.01041
19	0.01069	0.00777	0.01042	0.01190	0.01329	0.00749	0.00962	0.01329	0.01628	0.02117	0.06012	0.28484	0.11062	0.02106	0.00982	0.00317	0.00565	0.36938	0.00689	0.00653
20	0.00979	0.00702	0.00915	0.01054	0.01122	0.00667	0.00715	0.03403	0.01520	0.02034	0.06384	0.68372	0.04856	0.02245	0.00938	0.00296	0.00442	0.02031	0.00696	0.00630
21	0.01402	0.01319	0.02227	0.72126	0.05113	0.01649	0.02062	0.01897	0.01484	0.01897	0.01319	0.01979	0.00990	0.00742	0.00742	0.00247	0.00990	0.00660	0.00330	0.00825
22	0.01595	0.08248	0.02317	0.04225	0.01993	0.02183	0.01539	0.01786	0.01189	0.01781	0.01090	0.01721	0.01058	0.01632	0.08831	0.00391	0.56638	0.00641	0.00331	0.00811
23	0.02882	0.01536	0.01843	0.01443	0.01985	0.01541	0.01181	0.24832	0.08377	0.37665	0.06776	0.02490	0.02012	0.00956	0.00754	0.00230	0.00672	0.00767	0.00838	0.01219
24	0.02704	0.01975	0.02141	0.01633	0.02233	0.02128	0.01346	0.58101	0.03245	0.06458	0.01770	0.01780	0.01263	0.00857	0.00723	0.00211	0.00783	0.00647	0.00717	0.09285
25	0.01062	0.00787	0.01019	0.01119	0.01268	0.00750	0.00860	0.01364	0.03998	0.02185	0.11364	0.34684	0.10829	0.02009	0.00939	0.00294	0.00505	0.21316	0.00697	0.02950
26	0.02066	0.01676	0.02092	0.01609	0.02145	0.01711	0.07420	0.29449	0.05237	0.03365	0.05032	0.05514	0.01692	0.00902	0.00821	0.00206	0.05045	0.00735	0.00599	0.22685
27	0.02426	0.01750	0.01985	0.04460	0.04077	0.01908	0.01321	0.45539	0.06168	0.07809	0.02234	0.12816	0.01889	0.01105	0.00775	0.00238	0.00744	0.00901	0.00718	0.01138
28	0.01035	0.00752	0.00974	0.00932	0.01103	0.00692	0.00694	0.01365	0.02044	0.02872	0.62461	0.09584	0.09545	0.01581	0.00880	0.00238	0.00356	0.01397	0.00804	0.00692
29	0.03215	0.01449	0.01838	0.01409	0.01988	0.01367	0.01164	0.17997	0.02436	0.54976	0.02668	0.02357	0.01707	0.00913	0.00746	0.00228	0.00674	0.00729	0.00879	0.01263
30	0.48034	0.04696	0.01590	0.14384	0.02273	0.05390	0.01150	0.06897	0.01563	0.06316	0.01241	0.01464	0.00937	0.00727	0.00559	0.00227	0.00722	0.00490	0.00468	0.00873
31	0.00953	0.00722	0.00919	0.01016	0.01097	0.00701	0.00704	0.01101	0.01475	0.01950	0.08306	0.51607	0.15182	0.05659	0.01144	0.00311	0.04016	0.01852	0.00667	0.00616
32	0.00901	0.00659	0.00848	0.00999	0.01068	0.00606	0.00674	0.01038	0.01455	0.01909	0.04519	0.65161	0.12899	0.02270	0.00939	0.00295	0.00424	0.02043	0.00689	0.00606
33	0.02669	0.02124	0.02134	0.01695	0.02245	0.07810	0.01377	0.52024	0.13211	0.04206	0.01920	0.01897	0.01391	0.00899	0.00739	0.00225	0.00824	0.00679	0.00715	0.01216
34	0.02331	0.22436	0.02710	0.01962	0.08246	0.30753	0.01488	0.08624	0.01912	0.02121	0.01177	0.01422	0.01007	0.00799	0.00853	0.00205	0.10104	0.00512	0.00390	0.00947
35	0.00910	0.00659	0.00861	0.01010	0.01074	0.00610	0.00682	0.01055	0.01475	0.01959	0.07731	0.65597	0.09125	0.02255	0.00939	0.00295	0.00423	0.02035	0.00696	0.00610
36	0.01402	0.01319	0.02227	0.72126	0.05113	0.01649	0.02062	0.01897	0.01484	0.01897	0.01319	0.01979	0.00990	0.00742	0.00742	0.00247	0.00990	0.00660	0.00330	0.00825
37	0.10199	0.01830	0.01910	0.01500	0.02024	0.02024	0.01232	0.51706	0.03011	0.04290	0.01793	0.01857	0.01303	0.00868	0.00685	0.00217	0.00730	0.00645	0.11035	0.01141
38	0.01713	0.01736	0.02148	0.01858	0.01906	0.08494	0.01530	0.01891	0.01255	0.01858	0.01091	0.01677	0.01037	0.01220	0.02140	0.00302	0.60970	0.00637	0.05728	0.00808
39	0.08819	0.49641	0.07476	0.01309	0.01947	0.02398	0.01290	0.02494	0.01609	0.14910	0.01414	0.01471	0.01108	0.00698	0.00541	0.00183	0.00764	0.00474	0.00444	0.01009
40	0.01715	0.01945	0.07039	0.09941	0.03713	0.01795	0.49071	0.06014	0.01797	0.02433	0.01647	0.06260	0.01339	0.00759	0.00851	0.00251	0.01142	0.00900	0.00408	0.00979
41	0.01131	0.00787	0.00958	0.00898	0.01122	0.00700	0.00680	0.01425	0.01970	0.06678	0.44937	0.05885	0.26877	0.01600	0.00868	0.00239	0.00376	0.01380	0.00782	0.00710
42	0.02705	0.01997	0.02140	0.01657	0.02216	0.02209	0.01356	0.61581	0.05376	0.04469	0.01849	0.01966	0.01365	0.04524	0.00894	0.00248	0.00805	0.00694	0.00728	0.01219
43	0.02401	0.01766	0.01774	0.01425	0.01884	0.06076	0.01153	0.43953	0.02843	0.03947	0.01929	0.02041	0.01430	0.00876	0.00673	0.00206	0.00712	0.00663	0.23174	0.01072
44	0.01179	0.00869	0.00976	0.00938	0.01192	0.00804	0.00706	0.01612	0.09142	0.06650	0.18390	0.13067	0.38324	0.01698	0.00863	0.00251	0.00417	0.01447	0.00736	0.00740
45	0.01078	0.00727	0.00849	0.00849	0.00863	0.00741	0.00499	0.01105	0.01091	0.01469	0.02303	0.04659	0.02613	0.66907	0.10663	0.00768	0.00850	0.01050	0.00444	0.00472
46	0.08739	0.00726	0.00944	0.00933	0.00999	0.00748	0.00644	0.01180	0.01070	0.01671	0.01408	0.02221	0.01321	0.02182	0.02367	0.61042	0.00600	0.00628	0.10163	0.00415
47	0.01298	0.00938	0.01136	0.01163	0.01316	0.00951	0.00827	0.14340	0.01829	0.02443	0.03567	0.56684	0.04100	0.04383	0.00999	0.00299	0.00518	0.01785	0.00692	0.00731
48	0.00931	0.00654	0.00863	0.01015	0.01071	0.00612	0.00684	0.01081	0.01466	0.01990	0.07820	0.66864	0.04922	0.02225	0.00928	0.00293	0.00423	0.02013	0.03533	0.00612
49	0.01799	0.01916	0.02248	0.01943	0.02002	0.12750	0.01595	0.01966	0.01284	0.01791	0.01001	0.01581	0.00972	0.01218	0.02167	0.00304	0.61686	0.00623	0.00334	0.00819
50	0.02341	0.01971	0.09242	0.01597	0.02164	0.01884	0.01406	0.37627	0.12847	0.08496	0.10489	0.02437	0.02147	0.00970	0.00758	0.00230	0.00740	0.00772	0.00720	0.01160
51	0.01963	0.71327	0.06733	0.01307	0.01962	0.02885	0.01334	0.02228	0.01511	0.01773	0.01045	0.01207	0.00952	0.00638	0.00486	0.00162	0.00807	0.00403	0.00317	0.00959
52	0.00903	0.00653	0.00854	0.01016	0.01072	0.00605	0.00681	0.01036	0.01439	0.01902	0.04311	0.69179	0.09015	0.02297	0.00943	0.00298	0.00427	0.02076	0.00689	0.00605
53	0.01564	0.01501	0.02079	0.01807	0.01821	0.02063	0.01491	0.01737	0.01183	0.01861	0.01262	0.06021	0.01276	0.01331	0.02214	0.00313	0.63200	0.00740	0.05745	0.00791
54	0.01580	0.10779	0.53267	0.02184	0.03181	0.01872	0.12333	0.02342	0.01590	0.02293	0.01327	0.01595	0.00970	0.00686	0.00708	0.00230	0.01090	0.00583	0.00323	0.01068
55	0.01753	0.08954	0.25107	0.01634	0.05462	0.01441	0.01611	0.05343	0.01818	0.13353	0.10059	0.07470	0.10733	0.01084	0.00750	0.00232	0.00751	0.00896	0.00564	0.00987
56	0.01734	0.01615	0.02663	0.30156	0.40505	0.01755	0.02140	0.06267	0.01727	0.02368	0.01392	0.01888	0.01110	0.00707	0.00738	0.00231	0.00919	0.00661	0.00377	0.01047
57	0.01523	0.00941	0.01189	0.01063	0.01327	0.00904	0.00813	0.02061	0.10033	0.13913	0.47644	0.04688	0.05425	0.04011	0.00946	0.00253	0.00439	0.01174	0.00813	0.00841
58	0.02055	0.01334	0.01512	0.01303	0.01726	0.01391	0.01029	0.06277	0.32243	0.20062	0.07797	0.03598	0.14097	0.01163	0.00781	0.00243	0.00558	0.00966	0.00789	0.01076
59	0.03154	0.01757	0.01872	0.01481	0.02029	0.11965	0.01201	0.14875	0.02367	0.47718	0.02451	0.02212	0.01600	0.00890	0.00734	0.00223	0.00773	0.00692	0.00805	0.01202
60	0.02518	0.01206	0.01548	0.01269	0.01718	0.01135	0.01024	0.05590	0.10485	0.40900	0.18675	0.03414	0.03172	0.01104	0.00786	0.00236	0.00568	0.02692	0.00860	0.01101
61	0.00927	0.00661	0.00858	0.00998	0.01049	0.00619	0.00662	0.01054	0.01424	0.01897	0.06615	0.61797	0.06877	0.09325	0.01221	0.00338	0.00454	0.01961	0.00671	0.00593
62	0.01519	0.08080	0.66085	0.02065	0.03134	0.01797	0.02654	0.02343	0.01564	0.02315	0.01314	0.01545	0.00941	0.00701	0.00692	0.00231	0.01079	0.00539	0.00314	0.01088
63	0.01061	0.00795	0.01193	0.01193	0.01326	0.00928	0.00928	0.01326	0.01193	0.01723	0.01988	0.02916	0.01856	0.05568	0.70968	0.01193	0.01988	0.00795	0.00398	0.00663
64	0.01046	0.00777	0.01004	0.01134	0.01292	0.00736	0.00916	0.01297	0.01632	0.02087	0.04840	0.24450	0.20102	0.02079	0.00970	0.00310	0.00545	0.33446	0.00686	0.00650
65	0.02730	0.01990	0.02130	0.01643	0.02210	0.02199	0.01354	0.62635	0.03367	0.04556	0.01823	0.01845	0.01304	0.00889	0.00728	0.00220	0.00787	0.00670	0.05694	0.01226
66	0.02550	0.01944	0.02075	0.01653	0.02198	0.02175	0.01345	0.49263	0.21474	0.04240	0.02128	0.02058	0.01543	0.00924	0.00746	0.00231	0.00753	0.00716	0.00746	0.01238
67	0.01146	0.00838	0.01127	0.01271	0.01454	0.00819	0.01097	0.01464	0.01706	0.02188	0.04492	0.08182	0.14384	0.02024	0.01002	0.00328	0.00636	0.54482	0.00684	0.00675
68	0.01275	0.01066	0.01557	0.01800	0.15004	0.01110	0.01136	0.01609	0.01863	0.02662	0.43473	0.07623	0.04960	0.01356	0.01048	0.00246	0.09592	0.01155	0.00658	0.00806
69	0.07279	0.01284	0.01688	0.01309	0.01872	0.01148	0.01079	0.03554	0.04437	0.63897	0.02832	0.02466	0.01798	0.00910	0.00732	0.00230	0.00627	0.00732	0.00889	0.01236
70	0.02552	0.11480	0.02323	0.01669	0.02192	0.18147	0.01362	0.34027	0.13048	0.03400	0.01736	0.01760	0.01310	0.00848	0.00694	0.00212	0.00898	0.00617	0.00608	0.01117
71	0.00958	0.00712	0.00892	0.00938	0.01075	0.00647	0.00669	0.01187	0.01747	0.02350	0.30739	0.33198	0.18332	0.01914	0.00905	0.00264	0.00388	0.01696	0.00741	0.00647
72	0.01533	0.08119	0.63406	0.02157	0.05663	0.01801	0.02634	0.02340	0.01568	0.02316	0.01316	0.01554	0.00950	0.00699	0.00692	0.00230	0.01070	0.00544	0.00316	0.01091
73	0.06694	0.01369	0.01563	0.01141	0.01779	0.01118	0.00919	0.05896	0.01673	0.06554	0.01423	0.01590	0.01134	0.00601	0.00567	0.00131	0.00572	0.00469	0.00487	0.64319
74	0.01176	0.00765	0.00967	0.01022	0.01181	0.00708	0.00748	0.01356	0.01545	0.08286	0.04546	0.35401	0.19616	0.06929	0.05432	0.00369	0.00577	0.08029	0.00677	0.00673
75	0.01704	0.01613	0.01472	0.01332	0.01593	0.15235	0.01032	0.04713	0.13185	0.02517	0.14425	0.03350	0.11220	0.01174	0.00959	0.00233	0.10092	0.00896	0.12417	0.00839
76	0.01595	0.01542	0.02672	0.08230	0.02807	0.01497	0.26551	0.04030	0.04183	0.02372	0.01779	0.09238	0.01567	0.00869	0.00869	0.00222	0.05534	0.00847	0.03778	0.19820

[dist]
# distance from previous block
# <min> <max>
8	20

[block]
# block no. 3 follows, 27 sequences, length 40
# corresponding to MSA columns:
# 269-308
name=unknown_D
#
# <colnr> <probs for GDERKNQSTAVLIFYWHMCP>
#	G	D	E	R	K	N	Q	S	T	A	V	L	I	F	Y	W	H	M	C	P
0	0.20552	0.04461	0.02061	0.17412	0.18788	0.01751	0.01537	0.02521	0.16082	0.02653	0.01631	0.01882	0.01273	0.00756	0.00657	0.00229	0.00750	0.00618	0.00468	0.03921
1	0.01700	0.01624	0.02765	0.25843	0.49065	0.01728	0.02210	0.02158	0.01625	0.02259	0.01372	0.01882	0.01117	0.00687	0.00737	0.00229	0.00916	0.00661	0.00356	0.01065
2	0.71480	0.01418	0.01155	0.01011	0.01482	0.01607	0.00833	0.02328	0.01351	0.10057	0.01225	0.01340	0.00909	0.00712	0.00488	0.00230	0.00580	0.00437	0.00506	0.00850
3	0.01722	0.01669	0.02912	0.21408	0.48607	0.01743	0.06722	0.02190	0.01643	0.02289	0.01384	0.01884	0.01126	0.00679	0.00747	0.00229	0.00935	0.00676	0.00359	0.01076
4	0.01051	0.00708	0.00818	0.00847	0.00854	0.00700	0.00489	0.01072	0.01136	0.01515	0.02629	0.16209	0.03065	0.62060	0.03310	0.00650	0.00672	0.01250	0.00489	0.00475
5	0.01927	0.02023	0.02155	0.05144	0.02143	0.17688	0.01538	0.05600	0.01520	0.02003	0.01143	0.01639	0.01031	0.01110	0.01774	0.00278	0.45771	0.00614	0.04056	0.00842
6	0.01221	0.00823	0.01044	0.00972	0.01186	0.00764	0.00734	0.01614	0.04694	0.07526	0.53536	0.08091	0.11902	0.01520	0.00865	0.00238	0.00385	0.01331	0.00805	0.00748
7	0.01521	0.01399	0.02231	0.61045	0.04639	0.01750	0.01978	0.06428	0.01594	0.02082	0.01322	0.01934	0.01007	0.00801	0.00891	0.00252	0.07254	0.00659	0.00358	0.00854
8	0.01169	0.00795	0.00902	0.00894	0.00975	0.00791	0.00571	0.05235	0.01407	0.01921	0.06089	0.15285	0.07481	0.44688	0.02581	0.00530	0.00613	0.01229	0.06279	0.00566
9	0.01837	0.01764	0.03013	0.04557	0.69279	0.01764	0.02278	0.02278	0.01690	0.02425	0.01396	0.01837	0.01176	0.00661	0.00735	0.00220	0.00882	0.00661	0.00367	0.01176
10	0.01320	0.01209	0.02002	0.60423	0.04449	0.01477	0.01836	0.01755	0.01474	0.01896	0.01776	0.13740	0.01635	0.01003	0.00776	0.00256	0.00898	0.00899	0.00389	0.00788
11	0.01402	0.01319	0.02227	0.72126	0.05113	0.01649	0.02062	0.01897	0.01484	0.01897	0.01319	0.01979	0.00990	0.00742	0.00742	0.00247	0.00990	0.00660	0.00330	0.00825
12	0.02619	0.03246	0.02253	0.02348	0.13322	0.59544	0.01573	0.02851	0.02036	0.01917	0.01188	0.01421	0.00992	0.00748	0.00680	0.00196	0.01264	0.00508	0.00380	0.00913
13	0.79154	0.01436	0.01091	0.00976	0.01436	0.01665	0.00804	0.02182	0.01263	0.03331	0.01034	0.01206	0.00804	0.00689	0.00459	0.00230	0.00574	0.00402	0.00459	0.00804
14	0.01402	0.01319	0.02227	0.72126	0.05113	0.01649	0.02062	0.01897	0.01484	0.01897	0.01319	0.01979	0.00990	0.00742	0.00742	0.00247	0.00990	0.00660	0.00330	0.00825
15	0.01051	0.00759	0.00992	0.00934	0.01109	0.00700	0.00700	0.01401	0.02101	0.02977	0.68888	0.05545	0.07005	0.01518	0.00876	0.00233	0.00350	0.01343	0.00817	0.00700
16	0.01482	0.01369	0.02251	0.66720	0.06978	0.01684	0.02038	0.04954	0.01585	0.02044	0.01344	0.01966	0.01008	0.00747	0.00742	0.00245	0.00978	0.00660	0.00350	0.00856
17	0.01149	0.00778	0.01028	0.00996	0.01175	0.00720	0.00756	0.01474	0.02002	0.05788	0.54234	0.12505	0.06345	0.01615	0.00889	0.00249	0.00397	0.06387	0.00798	0.00714
18	0.01248	0.00926	0.01222	0.01341	0.01542	0.00946	0.01150	0.01772	0.08809	0.02338	0.06592	0.07613	0.06673	0.01911	0.00985	0.00324	0.00648	0.52530	0.00697	0.00735
19	0.01791	0.01255	0.01478	0.11405	0.01984	0.01378	0.01058	0.23240	0.02155	0.03090	0.06673	0.02781	0.02010	0.09957	0.03710	0.00310	0.00703	0.00776	0.23377	0.00871
20	0.01489	0.03840	0.70064	0.02116	0.03213	0.01724	0.02743	0.02351	0.01567	0.02351	0.01332	0.01567	0.00940	0.00705	0.00705	0.00235	0.01097	0.00549	0.00313	0.01097
21	0.01523	0.08648	0.65552	0.02058	0.03124	0.01807	0.02642	0.02342	0.01563	0.02310	0.01312	0.01542	0.00941	0.00701	0.00690	0.00230	0.01076	0.00538	0.00314	0.01087
22	0.01019	0.00728	0.00899	0.00922	0.01002	0.00721	0.00616	0.01152	0.01359	0.01828	0.11734	0.16910	0.10971	0.32675	0.13642	0.00609	0.00792	0.01302	0.00557	0.00564
23	0.01726	0.01665	0.05217	0.01986	0.09106	0.04483	0.01509	0.12492	0.01665	0.02349	0.01529	0.04734	0.01395	0.02133	0.17464	0.00485	0.28001	0.00733	0.00431	0.00898
24	0.01120	0.00947	0.01002	0.00958	0.01163	0.05590	0.00715	0.01408	0.01968	0.02598	0.45491	0.08239	0.22871	0.01591	0.00864	0.00238	0.00429	0.01370	0.00748	0.00689
25	0.07363	0.17956	0.46292	0.02044	0.07845	0.01971	0.02262	0.02307	0.01542	0.02305	0.01254	0.01484	0.00951	0.00686	0.00642	0.00218	0.00980	0.00515	0.00329	0.01052
26	0.12952	0.01701	0.03096	0.06253	0.06210	0.01696	0.35940	0.04264	0.01680	0.05513	0.01667	0.07395	0.01397	0.00819	0.00846	0.00246	0.03690	0.00847	0.00445	0.03341
27	0.10907	0.01912	0.02025	0.01594	0.02149	0.02112	0.01317	0.52580	0.05367	0.06899	0.01878	0.02054	0.01394	0.00922	0.00725	0.00230	0.00770	0.03260	0.00717	0.01187
28	0.68012	0.01602	0.04431	0.01199	0.01712	0.01702	0.05510	0.04119	0.01377	0.03260	0.01102	0.01295	0.00846	0.00691	0.00508	0.00231	0.00652	0.00450	0.00455	0.00844
29	0.00892	0.00757	0.00773	0.00781	0.01028	0.00637	0.00594	0.01088	0.01693	0.02016	0.07352	0.07202	0.65942	0.01888	0.00884	0.00255	0.00390	0.04509	0.00689	0.00629
30	0.02260	0.04781	0.02454	0.02797	0.27651	0.23772	0.01699	0.12258	0.07800	0.02624	0.03789	0.01855	0.01403	0.00786	0.00713	0.00213	0.00971	0.00634	0.00475	0.01065
31	0.01067	0.00722	0.00806	0.00806	0.00821	0.00714	0.00457	0.01079	0.01116	0.01473	0.02651	0.04996	0.06686	0.69577	0.03604	0.00691	0.00699	0.01109	0.00464	0.00460
32	0.02289	0.01666	0.01931	0.01810	0.08310	0.01822	0.01317	0.17513	0.37444	0.13692	0.02584	0.02429	0.01878	0.00936	0.00749	0.00239	0.00672	0.00771	0.00742	0.01208
