[name]
unknown

[dist]
# distance from previous block
# <min> <max>
0	0

[block]
# block no. 0 follows, 29 sequences, length 9
# corresponding to MSA columns:
# 0-8
name=unknown_A
#
# <colnr> <probs for GDERKNQSTAVLIFYWHMCP>
#	G	D	E	R	K	N	Q	S	T	A	V	L	I	F	Y	W	H	M	C	P
0	0.01147	0.00820	0.01147	0.01311	0.01475	0.00820	0.01147	0.01475	0.01639	0.02131	0.03770	0.08032	0.04098	0.01967	0.00984	0.00328	0.00656	0.65741	0.00656	0.00656
1	0.01538	0.08847	0.51171	0.01843	0.02722	0.01770	0.02200	0.02571	0.15907	0.02364	0.01600	0.01720	0.01173	0.00733	0.00670	0.00223	0.00926	0.00574	0.00391	0.01057
2	0.23708	0.05749	0.29781	0.01713	0.02409	0.16681	0.06073	0.02332	0.01541	0.02387	0.01159	0.01373	0.00881	0.00677	0.00605	0.00213	0.00959	0.00487	0.00358	0.00914
3	0.00862	0.00641	0.00804	0.00934	0.01018	0.00583	0.00635	0.00998	0.01419	0.01840	0.04624	0.60120	0.18648	0.02140	0.00895	0.00279	0.00402	0.01913	0.00661	0.00583
4	0.01711	0.01692	0.08001	0.40683	0.15072	0.01739	0.01934	0.16026	0.01872	0.02507	0.01373	0.01803	0.01031	0.00727	0.00708	0.00227	0.00905	0.00626	0.00405	0.00958
5	0.01935	0.01926	0.07063	0.13051	0.38521	0.05851	0.01962	0.16209	0.01976	0.02677	0.01390	0.01725	0.01094	0.00701	0.00702	0.00215	0.00886	0.00618	0.00421	0.01076
6	0.00868	0.00620	0.00826	0.00991	0.01033	0.00578	0.00661	0.00991	0.01363	0.01818	0.03925	0.74510	0.04710	0.02231	0.00909	0.00289	0.00413	0.02024	0.00661	0.00578
7	0.08022	0.03068	0.50908	0.02437	0.17287	0.01657	0.02382	0.02227	0.01504	0.02348	0.01267	0.01530	0.00939	0.00666	0.00663	0.00222	0.00967	0.00538	0.00323	0.01045
8	0.01736	0.02709	0.28030	0.05448	0.16956	0.12068	0.18336	0.02317	0.01644	0.02184	0.01304	0.01641	0.00996	0.00659	0.00719	0.00220	0.01077	0.00619	0.00336	0.01002

[dist]
# distance from previous block
# <min> <max>
0	6

[block]
# block no. 1 follows, 29 sequences, length 14
# corresponding to MSA columns:
# 15-28
name=unknown_B
#
# <colnr> <probs for GDERKNQSTAVLIFYWHMCP>
#	G	D	E	R	K	N	Q	S	T	A	V	L	I	F	Y	W	H	M	C	P
0	0.01128	0.00816	0.02844	0.00940	0.01119	0.00707	0.00710	0.01394	0.01766	0.06613	0.43201	0.15073	0.08173	0.10906	0.01193	0.00293	0.00429	0.01316	0.00709	0.00668
1	0.01629	0.01743	0.03626	0.02636	0.03235	0.01695	0.54825	0.02163	0.01613	0.02282	0.01507	0.01980	0.01158	0.00677	0.00915	0.00237	0.06669	0.00803	0.09695	0.00911
2	0.01999	0.01803	0.03850	0.24496	0.17796	0.09051	0.01723	0.15804	0.07397	0.06785	0.01580	0.01850	0.01185	0.00756	0.00704	0.00220	0.00879	0.00633	0.00477	0.01012
3	0.01318	0.00964	0.01148	0.01134	0.01376	0.00981	0.00888	0.02019	0.18952	0.06582	0.14872	0.15862	0.14446	0.01576	0.00844	0.00263	0.00493	0.14781	0.00710	0.00792
4	0.00911	0.00677	0.00844	0.00925	0.01039	0.00620	0.00657	0.01094	0.01543	0.02031	0.16648	0.40169	0.19323	0.04949	0.00997	0.00285	0.00414	0.05601	0.00674	0.00599
5	0.01877	0.02079	0.11127	0.01728	0.02213	0.13099	0.08479	0.14748	0.15783	0.02680	0.02211	0.10033	0.01967	0.01065	0.00761	0.00238	0.00849	0.07548	0.00555	0.00960
6	0.01376	0.00836	0.01008	0.00991	0.01135	0.00829	0.00714	0.06193	0.01499	0.08315	0.02799	0.16614	0.02929	0.29968	0.01892	0.00424	0.00593	0.11338	0.09898	0.00647
7	0.01036	0.00765	0.01022	0.01121	0.01278	0.00750	0.00918	0.01308	0.01578	0.02068	0.10080	0.15081	0.14690	0.02328	0.09399	0.00397	0.00699	0.34209	0.00636	0.00637
8	0.03645	0.04771	0.13732	0.15065	0.03328	0.01799	0.27806	0.04678	0.10238	0.02336	0.01528	0.01873	0.01152	0.00718	0.00814	0.00236	0.04217	0.00704	0.00400	0.00960
9	0.02445	0.01727	0.01875	0.05852	0.02146	0.04838	0.01247	0.43068	0.04504	0.11782	0.01997	0.06301	0.01530	0.00929	0.00707	0.00217	0.00734	0.00732	0.06282	0.01089
10	0.01483	0.01542	0.05039	0.33585	0.03247	0.04138	0.01719	0.01931	0.05463	0.01912	0.04291	0.01931	0.01271	0.00959	0.01321	0.00262	0.28070	0.00658	0.00361	0.00814
11	0.58139	0.01519	0.01173	0.01041	0.01461	0.07591	0.00840	0.06990	0.01490	0.03016	0.01794	0.01886	0.09075	0.00818	0.00526	0.00219	0.00609	0.00544	0.00481	0.00789
12	0.01174	0.00824	0.00980	0.00955	0.01141	0.00795	0.00691	0.01589	0.09675	0.06426	0.23755	0.19305	0.17122	0.10894	0.01186	0.00301	0.00445	0.01357	0.00689	0.00695
13	0.01475	0.09881	0.01490	0.01089	0.01409	0.01244	0.00867	0.14304	0.04281	0.04473	0.16085	0.17303	0.18507	0.01408	0.00768	0.00227	0.00513	0.01189	0.00653	0.02834

[dist]
# distance from previous block
# <min> <max>
2	9

[block]
# block no. 2 follows, 29 sequences, length 53
# corresponding to MSA columns:
# 38-90
name=unknown_C
#
# <colnr> <probs for GDERKNQSTAVLIFYWHMCP>
#	G	D	E	R	K	N	Q	S	T	A	V	L	I	F	Y	W	H	M	C	P
0	0.02259	0.15634	0.02242	0.01581	0.01999	0.32976	0.01277	0.13750	0.04041	0.02269	0.01644	0.01776	0.05688	0.00845	0.00765	0.00196	0.06615	0.00568	0.00443	0.03431
1	0.04369	0.08721	0.01930	0.01473	0.04464	0.03852	0.01173	0.11262	0.01802	0.15065	0.01908	0.04411	0.03072	0.00948	0.00914	0.00211	0.11802	0.05021	0.00543	0.17059
2	0.01901	0.31941	0.02561	0.01364	0.01794	0.04031	0.01199	0.12831	0.06725	0.04762	0.06679	0.02141	0.06181	0.00926	0.00872	0.00207	0.11829	0.00645	0.00483	0.00927
3	0.02453	0.01695	0.01832	0.01435	0.01933	0.01834	0.01175	0.51127	0.02918	0.08865	0.02232	0.02220	0.05981	0.00918	0.00696	0.00210	0.00689	0.00707	0.09974	0.01105
4	0.02308	0.05767	0.06914	0.01637	0.02061	0.32601	0.01350	0.15983	0.02107	0.07025	0.01698	0.10719	0.01513	0.00971	0.00765	0.00213	0.04230	0.00720	0.00500	0.00918
5	0.01432	0.01367	0.02025	0.63356	0.04436	0.06277	0.01833	0.01877	0.01469	0.01873	0.01329	0.01910	0.01008	0.00722	0.00692	0.00229	0.00929	0.00623	0.05829	0.00784
6	0.01055	0.00689	0.00769	0.00769	0.00780	0.00689	0.00436	0.01078	0.01066	0.01467	0.02249	0.04525	0.02537	0.69972	0.03413	0.00655	0.00666	0.01010	0.05728	0.00447
7	0.00902	0.00839	0.05568	0.01029	0.01162	0.00654	0.00779	0.01080	0.01404	0.01860	0.04147	0.61335	0.12443	0.02074	0.00885	0.00279	0.00450	0.01860	0.00637	0.00613
8	0.03032	0.01410	0.01767	0.01362	0.01913	0.01349	0.01123	0.19011	0.04521	0.52857	0.02548	0.02260	0.01643	0.00878	0.00715	0.00219	0.00647	0.00701	0.00836	0.01209
9	0.02333	0.20563	0.04916	0.01903	0.06998	0.38349	0.04419	0.08663	0.01943	0.02064	0.01168	0.01359	0.00965	0.00700	0.00618	0.00185	0.01068	0.00488	0.00380	0.00918
10	0.00947	0.00661	0.00839	0.00940	0.00983	0.00635	0.00622	0.01056	0.01312	0.01754	0.06746	0.44478	0.04101	0.25121	0.01767	0.00415	0.00513	0.05974	0.00594	0.00542
11	0.01161	0.00923	0.01117	0.01198	0.05876	0.00899	0.00832	0.01694	0.12764	0.03792	0.19368	0.13724	0.27723	0.01551	0.00825	0.00245	0.00447	0.04427	0.00682	0.00751
12	0.01076	0.00812	0.00999	0.01070	0.01188	0.00818	0.00755	0.06013	0.06099	0.02093	0.03880	0.57249	0.09359	0.01988	0.00914	0.00277	0.02317	0.01766	0.00660	0.00668
13	0.00921	0.00642	0.00810	0.00923	0.00951	0.00614	0.00588	0.01006	0.01258	0.01678	0.03387	0.52159	0.04031	0.25509	0.01778	0.00418	0.00502	0.01708	0.00588	0.00531
14	0.00983	0.00732	0.01028	0.01273	0.05802	0.00700	0.00851	0.01172	0.01455	0.01948	0.06304	0.55087	0.04437	0.02046	0.00906	0.00288	0.00482	0.13229	0.00644	0.00633
15	0.01033	0.00744	0.00924	0.00923	0.01103	0.00681	0.00708	0.01298	0.01776	0.04012	0.35381	0.09693	0.22281	0.05196	0.00997	0.00270	0.00419	0.11204	0.00711	0.00648
16	0.01862	0.02083	0.09950	0.02745	0.08149	0.01858	0.44259	0.15038	0.01983	0.02709	0.01470	0.01830	0.01093	0.00659	0.00791	0.00232	0.01081	0.00758	0.00422	0.01029
17	0.01469	0.01283	0.01613	0.08000	0.02049	0.01033	0.02761	0.01809	0.01477	0.02271	0.01270	0.01529	0.01045	0.00547	0.00553	0.00122	0.00586	0.00453	0.00410	0.69719
18	0.01407	0.00763	0.00780	0.00743	0.00927	0.00779	0.00556	0.06477	0.01596	0.02697	0.02272	0.02729	0.01835	0.06143	0.00737	0.00207	0.00391	0.00689	0.67585	0.00687
19	0.61536	0.01366	0.03934	0.04873	0.01562	0.01469	0.00875	0.02024	0.01275	0.03006	0.01204	0.01420	0.00933	0.00688	0.00473	0.00214	0.00563	0.00444	0.11373	0.00769
20	0.07356	0.12748	0.47315	0.02038	0.07710	0.04556	0.04368	0.02246	0.01509	0.02234	0.01222	0.01454	0.00917	0.00663	0.00636	0.00213	0.00976	0.00512	0.00320	0.01007
21	0.00868	0.00620	0.00826	0.00991	0.01033	0.00578	0.00661	0.00991	0.01363	0.01818	0.03925	0.74510	0.04710	0.02231	0.00909	0.00289	0.00413	0.02024	0.00661	0.00578
22	0.05754	0.54390	0.08216	0.01374	0.01994	0.06218	0.03480	0.05192	0.01585	0.04563	0.01132	0.01276	0.00957	0.00644	0.00515	0.00171	0.00809	0.00435	0.00356	0.00938
23	0.00927	0.00714	0.00849	0.00908	0.01071	0.00645	0.00684	0.01133	0.01595	0.02034	0.13807	0.22639	0.33185	0.04491	0.00980	0.00280	0.00431	0.12351	0.00668	0.00608
24	0.11205	0.31525	0.11354	0.01467	0.02008	0.15295	0.01387	0.02403	0.06382	0.03999	0.01232	0.01390	0.01012	0.00725	0.00676	0.00195	0.05984	0.00471	0.00379	0.00912
25	0.02289	0.13922	0.09372	0.05073	0.08357	0.06587	0.06423	0.16107	0.02055	0.18154	0.01747	0.01948	0.01295	0.00784	0.00680	0.00211	0.00840	0.02555	0.00543	0.01060
26	0.01762	0.01692	0.02890	0.04371	0.70533	0.01692	0.02185	0.02185	0.01621	0.02326	0.01339	0.01762	0.01128	0.00634	0.00705	0.00211	0.00846	0.00634	0.00352	0.01128
27	0.01267	0.00721	0.00795	0.02941	0.01024	0.00731	0.00589	0.03669	0.01481	0.02415	0.02519	0.14342	0.02325	0.09227	0.00922	0.00247	0.00418	0.00921	0.52799	0.00646
28	0.08064	0.04530	0.07256	0.03989	0.04835	0.08759	0.14229	0.15043	0.04995	0.07001	0.03893	0.01924	0.01385	0.00782	0.00736	0.00217	0.03236	0.00659	0.07500	0.00967
29	0.00879	0.00628	0.00836	0.00984	0.01035	0.00586	0.00662	0.01019	0.01415	0.01900	0.09147	0.69055	0.04868	0.02170	0.00903	0.00284	0.00407	0.01966	0.00671	0.00586
30	0.00968	0.00725	0.00825	0.00823	0.01027	0.00630	0.00608	0.01181	0.01693	0.04551	0.21770	0.16560	0.42588	0.01752	0.00847	0.00243	0.00371	0.01502	0.00699	0.00636
31	0.02212	0.01705	0.01752	0.01412	0.01871	0.04905	0.01140	0.45648	0.04984	0.03698	0.04613	0.04772	0.12974	0.01065	0.00732	0.00218	0.00688	0.00839	0.03737	0.01036
32	0.04639	0.21747	0.28771	0.01936	0.07362	0.04441	0.08640	0.02187	0.01520	0.04342	0.01382	0.04294	0.01144	0.00906	0.03570	0.00245	0.00962	0.00593	0.00355	0.00963
33	0.01286	0.01134	0.01600	0.01428	0.01501	0.01420	0.03663	0.01504	0.03361	0.01689	0.01701	0.06155	0.01755	0.19842	0.18638	0.00589	0.30838	0.00836	0.00389	0.00671
34	0.00972	0.00720	0.00912	0.00979	0.01123	0.00670	0.00748	0.01207	0.01640	0.02165	0.21444	0.23831	0.18922	0.04520	0.00994	0.00286	0.00451	0.17113	0.00683	0.00620
35	0.01602	0.01340	0.01544	0.01114	0.01740	0.01077	0.00896	0.08541	0.01667	0.02541	0.01311	0.01500	0.01071	0.00561	0.00546	0.00116	0.00553	0.00444	0.00451	0.71386
36	0.01743	0.01659	0.02753	0.07463	0.61953	0.01693	0.02092	0.02294	0.06944	0.02353	0.01459	0.01839	0.01202	0.00664	0.00707	0.00215	0.00829	0.00648	0.00380	0.01112
37	0.00896	0.00699	0.00758	0.00782	0.00934	0.00620	0.00539	0.01031	0.01461	0.01814	0.07664	0.16810	0.42423	0.18642	0.01490	0.00351	0.00444	0.01469	0.00613	0.00561
38	0.02460	0.01818	0.01966	0.01556	0.02059	0.02003	0.01265	0.58090	0.05423	0.04124	0.02009	0.10214	0.01652	0.01019	0.00736	0.00223	0.00733	0.00808	0.00707	0.01134
39	0.12602	0.06839	0.04356	0.04625	0.01967	0.01736	0.01245	0.15588	0.03911	0.14001	0.06945	0.01984	0.01599	0.00914	0.00974	0.00229	0.14810	0.00638	0.00557	0.04480
40	0.02316	0.03375	0.04251	0.06974	0.02125	0.01437	0.01202	0.18474	0.06693	0.25481	0.02177	0.07183	0.01647	0.00897	0.00693	0.00208	0.00667	0.00732	0.00666	0.12802
41	0.01021	0.00688	0.00777	0.00784	0.00795	0.00682	0.00446	0.01033	0.01072	0.01421	0.02507	0.07867	0.05242	0.68954	0.03398	0.00655	0.00665	0.01097	0.00450	0.00444
42	0.01027	0.00805	0.00920	0.01007	0.01096	0.03283	0.00683	0.01283	0.06247	0.01890	0.06849	0.50351	0.07115	0.12433	0.01268	0.00334	0.00489	0.01680	0.00628	0.00611
43	0.09945	0.12849	0.49192	0.01994	0.08198	0.01806	0.02207	0.02216	0.01474	0.02284	0.01214	0.01439	0.00908	0.00662	0.00624	0.00214	0.00943	0.00500	0.00320	0.01010
44	0.07182	0.17135	0.45982	0.01992	0.07318	0.01882	0.04740	0.02216	0.01487	0.02216	0.01212	0.01443	0.00917	0.00657	0.00626	0.00211	0.00952	0.00508	0.00317	0.01007
45	0.02681	0.01212	0.01541	0.01221	0.01710	0.01111	0.00995	0.08550	0.05744	0.49963	0.05712	0.03076	0.11145	0.01028	0.00738	0.00224	0.00576	0.00841	0.00825	0.01106
46	0.01941	0.01437	0.01661	0.01472	0.03648	0.01561	0.01130	0.38391	0.02453	0.03303	0.02362	0.21165	0.02278	0.01810	0.09849	0.00355	0.00827	0.02759	0.00645	0.00954
47	0.04424	0.01441	0.02624	0.07432	0.06494	0.01422	0.29469	0.03373	0.01588	0.02231	0.05069	0.12082	0.04024	0.03406	0.00957	0.00255	0.04121	0.03230	0.00450	0.05908
48	0.01468	0.01050	0.01381	0.03322	0.04055	0.01154	0.03347	0.10456	0.01625	0.02409	0.05121	0.13348	0.02166	0.03729	0.01230	0.09355	0.09838	0.00902	0.23322	0.00723
49	0.06855	0.00931	0.01094	0.01084	0.01255	0.00988	0.00796	0.01678	0.11115	0.05624	0.07047	0.33015	0.11214	0.06906	0.01135	0.00295	0.06240	0.01385	0.00628	0.00716
50	0.07443	0.05272	0.06697	0.03770	0.02207	0.09162	0.05888	0.26754	0.04783	0.03091	0.04792	0.01830	0.01395	0.00833	0.00800	0.00214	0.06559	0.00626	0.03376	0.04506
51	0.13279	0.07214	0.17821	0.08080	0.07333	0.01597	0.10237	0.04609	0.04759	0.02323	0.01612	0.06719	0.01433	0.08865	0.00992	0.00276	0.00837	0.00724	0.00409	0.00882
52	0.10122	0.12274	0.20848	0.04463	0.07773	0.07311	0.17173	0.02374	0.06893	0.02292	0.01364	0.01621	0.01051	0.00673	0.00664	0.00216	0.00955	0.00593	0.00373	0.00968

[dist]
# distance from previous block
# <min> <max>
6	46

[block]
# block no. 3 follows, 29 sequences, length 77
# corresponding to MSA columns:
# 137-213
name=unknown_D
#
# <colnr> <probs for GDERKNQSTAVLIFYWHMCP>
#	G	D	E	R	K	N	Q	S	T	A	V	L	I	F	Y	W	H	M	C	P
0	0.19773	0.12392	0.05014	0.04065	0.01847	0.06917	0.03803	0.08905	0.01623	0.05938	0.01645	0.07810	0.01461	0.03346	0.09447	0.00338	0.00879	0.00678	0.03278	0.00841
1	0.04818	0.01191	0.01433	0.04416	0.04170	0.01163	0.00992	0.11779	0.06160	0.07211	0.02549	0.19156	0.04940	0.04337	0.00847	0.00237	0.00585	0.04307	0.00587	0.19124
2	0.01537	0.01144	0.01480	0.01475	0.06673	0.01173	0.03385	0.17293	0.04696	0.04846	0.08371	0.32883	0.03285	0.07070	0.01030	0.00284	0.00589	0.01321	0.00642	0.00823
3	0.01809	0.04582	0.06229	0.02856	0.10582	0.10286	0.45725	0.02387	0.04140	0.02225	0.01420	0.01812	0.01093	0.00636	0.00779	0.00227	0.01129	0.00744	0.00369	0.00970
4	0.01883	0.01706	0.04663	0.02237	0.20707	0.06922	0.01468	0.15169	0.12459	0.05221	0.04243	0.02894	0.07284	0.01157	0.03666	0.00265	0.00799	0.05687	0.00559	0.01010
5	0.09887	0.15263	0.07314	0.03380	0.01913	0.17801	0.01256	0.06240	0.01650	0.04977	0.03154	0.04922	0.01407	0.03966	0.03930	0.00267	0.07455	0.00617	0.03758	0.00843
6	0.01630	0.07247	0.01971	0.01480	0.01775	0.08247	0.10901	0.09633	0.01629	0.02146	0.02067	0.02847	0.06800	0.18569	0.03973	0.00364	0.09890	0.00796	0.07273	0.00762
7	0.05100	0.10835	0.32229	0.02116	0.10446	0.01753	0.08388	0.04966	0.01621	0.08198	0.01433	0.01652	0.01064	0.00707	0.00718	0.00217	0.03517	0.00576	0.03444	0.01020
8	0.04861	0.34041	0.15793	0.01431	0.02007	0.15394	0.01419	0.02172	0.01642	0.02033	0.11349	0.01860	0.01770	0.00774	0.00590	0.00186	0.00845	0.00558	0.00392	0.00882
9	0.01106	0.00915	0.03786	0.01141	0.01348	0.00819	0.00964	0.01524	0.05196	0.02437	0.29931	0.10605	0.07370	0.01675	0.00892	0.00273	0.00514	0.28115	0.00696	0.00695
10	0.02908	0.01261	0.01651	0.01254	0.01818	0.01093	0.01032	0.06623	0.02022	0.57068	0.02516	0.02242	0.01626	0.00826	0.00687	0.00203	0.00603	0.00667	0.00803	0.13097
11	0.01077	0.00775	0.01057	0.01174	0.01327	0.00755	0.00979	0.01376	0.01675	0.02218	0.16023	0.15317	0.07333	0.01898	0.00943	0.00301	0.00557	0.43888	0.00680	0.00647
12	0.00952	0.00722	0.00877	0.00846	0.01032	0.00647	0.00631	0.01234	0.01874	0.02536	0.48708	0.08054	0.26112	0.01588	0.00843	0.00231	0.00346	0.01378	0.00742	0.00647
13	0.70419	0.01408	0.01157	0.03360	0.01552	0.01633	0.00853	0.05181	0.04338	0.03199	0.01118	0.01273	0.00859	0.00685	0.00475	0.00222	0.00575	0.00424	0.00462	0.00808
14	0.00894	0.00637	0.00851	0.01002	0.01050	0.00607	0.00681	0.01026	0.01351	0.01805	0.03759	0.65509	0.04467	0.05672	0.03929	0.00344	0.00497	0.04703	0.00639	0.00577
15	0.01867	0.62376	0.10903	0.01352	0.01978	0.05155	0.01389	0.02156	0.01460	0.01742	0.01023	0.01202	0.00913	0.00644	0.00556	0.00167	0.03481	0.00408	0.00307	0.00921
16	0.06085	0.01375	0.01726	0.01329	0.01879	0.01301	0.01097	0.16400	0.02269	0.55033	0.02518	0.02231	0.01613	0.00867	0.00705	0.00219	0.00639	0.00688	0.00830	0.01195
17	0.01135	0.00810	0.01133	0.01297	0.01455	0.00809	0.01125	0.01453	0.01627	0.02117	0.03777	0.11072	0.04126	0.01979	0.00980	0.00326	0.00645	0.62827	0.00656	0.00652
18	0.01591	0.02065	0.14367	0.08267	0.13522	0.01692	0.39856	0.02173	0.01622	0.02233	0.01638	0.02044	0.04061	0.00678	0.00784	0.00233	0.01069	0.00773	0.00359	0.00971
19	0.01382	0.01318	0.02061	0.65330	0.04554	0.04305	0.01895	0.01835	0.01463	0.01838	0.01437	0.02311	0.01172	0.00802	0.00728	0.00242	0.00942	0.05260	0.00343	0.00783
20	0.03174	0.01246	0.01674	0.01283	0.01835	0.01097	0.01060	0.06287	0.02095	0.68129	0.02761	0.02393	0.01739	0.00880	0.00716	0.00220	0.00614	0.00713	0.00874	0.01212
21	0.02660	0.03394	0.02018	0.01834	0.02201	0.72116	0.01376	0.02843	0.02018	0.01743	0.01101	0.01284	0.00917	0.00734	0.00642	0.00183	0.01284	0.00459	0.00367	0.00825
22	0.02707	0.01995	0.02137	0.01638	0.02208	0.02208	0.01353	0.68159	0.03348	0.04488	0.01710	0.01710	0.01211	0.00855	0.00712	0.00214	0.00784	0.00641	0.00712	0.01211
23	0.01771	0.01530	0.01610	0.01449	0.01852	0.01771	0.01127	0.03784	0.69247	0.02979	0.02898	0.02657	0.02174	0.00966	0.00725	0.00242	0.00564	0.00805	0.00725	0.01127
24	0.00868	0.00620	0.00826	0.00991	0.01033	0.00578	0.00661	0.00991	0.01363	0.01818	0.03925	0.74510	0.04710	0.02231	0.00909	0.00289	0.00413	0.02024	0.00661	0.00578
25	0.01439	0.03605	0.68306	0.02073	0.03110	0.01660	0.05532	0.02256	0.01511	0.02256	0.01285	0.01522	0.00910	0.00673	0.00684	0.00226	0.01059	0.00540	0.00303	0.01048
26	0.01904	0.75404	0.03731	0.01218	0.01828	0.02818	0.01218	0.02132	0.01447	0.01675	0.00990	0.01142	0.00914	0.00609	0.00457	0.00152	0.00761	0.00381	0.00305	0.00914
27	0.01036	0.00690	0.00777	0.00777	0.00777	0.00690	0.00431	0.01036	0.01036	0.01381	0.02244	0.04660	0.02589	0.74975	0.03624	0.00690	0.00690	0.01036	0.00431	0.00431
28	0.01520	0.00863	0.00888	0.00813	0.01032	0.00894	0.00622	0.11519	0.01749	0.02873	0.02228	0.02600	0.01766	0.03995	0.00663	0.00195	0.00414	0.00676	0.63952	0.00735
29	0.01345	0.01266	0.02136	0.73264	0.04904	0.01582	0.01978	0.01819	0.01424	0.01819	0.01266	0.01898	0.00949	0.00712	0.00712	0.00237	0.00949	0.00633	0.00316	0.00791
30	0.02707	0.01995	0.02137	0.01638	0.02208	0.02208	0.01353	0.68159	0.03348	0.04488	0.01710	0.01710	0.01211	0.00855	0.00712	0.00214	0.00784	0.00641	0.00712	0.01211
31	0.01017	0.00763	0.01144	0.01144	0.01272	0.00890	0.00890	0.01272	0.01144	0.01653	0.01907	0.02797	0.01780	0.05340	0.72153	0.01144	0.01907	0.00763	0.00381	0.00636
32	0.01028	0.00687	0.00779	0.00786	0.00788	0.00686	0.00441	0.01034	0.01049	0.01399	0.02315	0.07628	0.02679	0.71884	0.03509	0.00673	0.00679	0.01078	0.00441	0.00438
33	0.01147	0.00820	0.01147	0.01311	0.01475	0.00820	0.01147	0.01475	0.01639	0.02131	0.03770	0.08032	0.04098	0.01967	0.00984	0.00328	0.00656	0.65741	0.00656	0.00656
34	0.01036	0.00690	0.00777	0.00777	0.00777	0.00690	0.00431	0.01036	0.01036	0.01381	0.02244	0.04660	0.02589	0.74975	0.03624	0.00690	0.00690	0.01036	0.00431	0.00431
35	0.01558	0.01558	0.02181	0.01869	0.01869	0.02181	0.01558	0.01714	0.01091	0.01714	0.00935	0.01558	0.00935	0.01246	0.02337	0.00312	0.73672	0.00623	0.00312	0.00779
36	0.42561	0.01826	0.13117	0.07905	0.15688	0.01631	0.03630	0.02121	0.01373	0.02725	0.01145	0.01420	0.00888	0.00661	0.00567	0.00221	0.00746	0.00493	0.00387	0.00896
37	0.01057	0.00760	0.01040	0.01188	0.01323	0.00742	0.00978	0.01327	0.01583	0.02072	0.06746	0.25105	0.06909	0.02008	0.00953	0.00310	0.00568	0.44033	0.00663	0.00634
38	0.01850	0.67242	0.11419	0.01311	0.01970	0.02685	0.01379	0.02146	0.01453	0.01741	0.01023	0.01183	0.00912	0.00617	0.00482	0.00161	0.00795	0.00397	0.00304	0.00930
39	0.01480	0.00913	0.01098	0.00944	0.01291	0.00771	0.00741	0.01741	0.01777	0.16720	0.19450	0.04783	0.28945	0.01340	0.00771	0.00214	0.00441	0.03012	0.00698	0.12870
40	0.02392	0.05866	0.02148	0.01883	0.04920	0.45595	0.01418	0.09411	0.04556	0.02091	0.01212	0.01437	0.01007	0.00825	0.00908	0.00208	0.12312	0.00520	0.00405	0.00886
41	0.01883	0.02181	0.13017	0.08000	0.20804	0.07526	0.14979	0.13250	0.01886	0.02542	0.01360	0.01704	0.01055	0.00726	0.00836	0.00226	0.05954	0.00645	0.00402	0.01024
42	0.01530	0.01239	0.01460	0.01062	0.01668	0.00939	0.00846	0.01837	0.01497	0.05353	0.01435	0.04285	0.01225	0.00608	0.00550	0.00118	0.00527	0.00496	0.00451	0.72875
43	0.01723	0.02018	0.09143	0.02643	0.03335	0.04736	0.51680	0.02279	0.01675	0.05053	0.01567	0.04929	0.01239	0.00690	0.00804	0.00233	0.01109	0.00828	0.00392	0.03925
44	0.02441	0.01709	0.01898	0.01513	0.02004	0.01860	0.01239	0.49419	0.05624	0.09679	0.04657	0.04889	0.01781	0.01172	0.03772	0.00263	0.00771	0.03483	0.00712	0.01116
45	0.00917	0.00749	0.00817	0.00830	0.01043	0.00665	0.00624	0.01190	0.04385	0.02070	0.13594	0.14004	0.49743	0.01786	0.00851	0.00248	0.00387	0.04789	0.00677	0.00631
46	0.01036	0.00690	0.00777	0.00777	0.00777	0.00690	0.00431	0.01036	0.01036	0.01381	0.02244	0.04660	0.02589	0.74975	0.03624	0.00690	0.00690	0.01036	0.00431	0.00431
47	0.01628	0.01576	0.02749	0.25549	0.45588	0.01666	0.06727	0.02079	0.01565	0.02167	0.01324	0.01815	0.01069	0.00656	0.00717	0.00221	0.00903	0.00648	0.00342	0.01012
48	0.01042	0.00789	0.01149	0.01136	0.01244	0.00923	0.00869	0.01265	0.01130	0.01626	0.01902	0.02945	0.01831	0.12642	0.61830	0.01060	0.04826	0.00786	0.00384	0.00620
49	0.00888	0.00628	0.00820	0.00965	0.01001	0.00592	0.00633	0.00997	0.01323	0.01764	0.03717	0.65897	0.04448	0.11201	0.01244	0.00339	0.00447	0.01902	0.00633	0.00560
50	0.01477	0.01266	0.01477	0.01055	0.01687	0.00949	0.00844	0.01793	0.01477	0.02320	0.01266	0.01477	0.01055	0.00527	0.00527	0.00105	0.00527	0.00422	0.00422	0.79328
51	0.00967	0.00724	0.00904	0.00916	0.01085	0.00661	0.00696	0.01238	0.01794	0.02412	0.38587	0.14628	0.21583	0.01699	0.00866	0.00249	0.00390	0.09238	0.00723	0.00641
52	0.00868	0.00620	0.00826	0.00991	0.01033	0.00578	0.00661	0.00991	0.01363	0.01818	0.03925	0.74510	0.04710	0.02231	0.00909	0.00289	0.00413	0.02024	0.00661	0.00578
53	0.02727	0.01961	0.02117	0.01623	0.02192	0.02159	0.01340	0.65427	0.03293	0.07298	0.01756	0.01740	0.01234	0.00856	0.00712	0.00214	0.00776	0.00644	0.00719	0.01211
54	0.01036	0.00690	0.00777	0.00777	0.00777	0.00690	0.00431	0.01036	0.01036	0.01381	0.02244	0.04660	0.02589	0.74975	0.03624	0.00690	0.00690	0.01036	0.00431	0.00431
55	0.01795	0.01489	0.01588	0.01422	0.01822	0.01705	0.01108	0.03683	0.64358	0.05431	0.05358	0.02746	0.02325	0.00981	0.00728	0.00240	0.00557	0.00820	0.00732	0.01113
56	0.01428	0.03683	0.71286	0.02030	0.03082	0.01654	0.02631	0.02255	0.01503	0.02255	0.01278	0.01503	0.00902	0.00677	0.00677	0.00226	0.01052	0.00526	0.00301	0.01052
57	0.02707	0.01995	0.02137	0.01638	0.02208	0.02208	0.01353	0.68159	0.03348	0.04488	0.01710	0.01710	0.01211	0.00855	0.00712	0.00214	0.00784	0.00641	0.00712	0.01211
58	0.01019	0.00754	0.01101	0.01101	0.01213	0.00867	0.00836	0.01244	0.01132	0.01621	0.01947	0.03016	0.01875	0.13507	0.64117	0.01091	0.01765	0.00795	0.00387	0.00612
59	0.00842	0.00721	0.00721	0.00721	0.00962	0.00601	0.00541	0.01022	0.01623	0.01924	0.07213	0.06853	0.70244	0.01803	0.00842	0.00240	0.00361	0.01503	0.00661	0.00601
60	0.01017	0.00763	0.01144	0.01144	0.01272	0.00890	0.00890	0.01272	0.01144	0.01653	0.01907	0.02797	0.01780	0.05340	0.72153	0.01144	0.01907	0.00763	0.00381	0.00636
61	0.01681	0.01921	0.04202	0.03001	0.03721	0.01801	0.67947	0.02281	0.01681	0.02281	0.01441	0.01921	0.01080	0.00600	0.00840	0.00240	0.01200	0.00840	0.00360	0.00960
62	0.00920	0.00661	0.00884	0.01044	0.01115	0.00625	0.00750	0.01085	0.01425	0.01881	0.04001	0.59594	0.06704	0.02167	0.00921	0.00295	0.00458	0.14215	0.00660	0.00594
63	0.01904	0.75404	0.03731	0.01218	0.01828	0.02818	0.01218	0.02132	0.01447	0.01675	0.00990	0.01142	0.00914	0.00609	0.00457	0.00152	0.00761	0.00381	0.00305	0.00914
64	0.08542	0.07789	0.02047	0.07445	0.09728	0.15419	0.01338	0.12015	0.10601	0.12781	0.01913	0.01969	0.03747	0.00812	0.00662	0.00211	0.00811	0.00626	0.00544	0.01002
65	0.00910	0.00655	0.00872	0.01029	0.01099	0.00617	0.00732	0.01068	0.01418	0.01871	0.04047	0.61116	0.07525	0.02171	0.00918	0.00293	0.00449	0.11959	0.00660	0.00591
66	0.02660	0.03394	0.02018	0.01834	0.02201	0.72116	0.01376	0.02843	0.02018	0.01743	0.01101	0.01284	0.00917	0.00734	0.00642	0.00183	0.01284	0.00459	0.00367	0.00825
67	0.01428	0.03683	0.71286	0.02030	0.03082	0.01654	0.02631	0.02255	0.01503	0.02255	0.01278	0.01503	0.00902	0.00677	0.00677	0.00226	0.01052	0.00526	0.00301	0.01052
68	0.05361	0.01729	0.02745	0.06585	0.62325	0.04457	0.02081	0.02194	0.01611	0.02325	0.01311	0.01721	0.01097	0.00642	0.00691	0.00212	0.00853	0.00616	0.00356	0.01088
69	0.00997	0.00774	0.00903	0.00962	0.01137	0.00725	0.00719	0.03808	0.03857	0.02049	0.05166	0.31756	0.31978	0.01919	0.00877	0.00269	0.00444	0.10354	0.00665	0.00642
70	0.00938	0.00673	0.00892	0.00964	0.01064	0.00627	0.00685	0.01159	0.01648	0.02265	0.31657	0.42833	0.05526	0.01896	0.00883	0.00263	0.00391	0.04303	0.00712	0.00621
71	0.01896	0.01960	0.02989	0.09879	0.03101	0.11721	0.32389	0.13534	0.01934	0.02473	0.01527	0.04909	0.01243	0.00948	0.03570	0.00266	0.03530	0.00770	0.00429	0.00932
72	0.04738	0.01358	0.09476	0.01352	0.03893	0.01067	0.03605	0.01915	0.09031	0.07081	0.05804	0.20227	0.10507	0.01281	0.00752	0.00229	0.00585	0.03605	0.00579	0.12915
73	0.05299	0.01555	0.01711	0.01285	0.01876	0.01483	0.01043	0.26785	0.04943	0.03198	0.01487	0.01599	0.01147	0.00674	0.00601	0.00157	0.00626	0.00518	0.00544	0.43469
74	0.01987	0.01436	0.01607	0.04582	0.04552	0.06392	0.01136	0.10202	0.20270	0.15391	0.12884	0.03261	0.02674	0.04208	0.00876	0.00252	0.00653	0.05970	0.00685	0.00979
75	0.16902	0.11392	0.07504	0.06169	0.04071	0.17727	0.01281	0.09877	0.01790	0.05456	0.01391	0.01579	0.01077	0.00727	0.00583	0.00197	0.00822	0.00514	0.10049	0.00892
76	0.36317	0.01946	0.15759	0.05175	0.15387	0.04347	0.01498	0.02160	0.01411	0.04822	0.01246	0.01574	0.00991	0.03840	0.00705	0.00239	0.00765	0.00515	0.00400	0.00901

[dist]
# distance from previous block
# <min> <max>
7	27

[block]
# block no. 4 follows, 29 sequences, length 42
# corresponding to MSA columns:
# 241-282
name=unknown_E
#
# <colnr> <probs for GDERKNQSTAVLIFYWHMCP>
#	G	D	E	R	K	N	Q	S	T	A	V	L	I	F	Y	W	H	M	C	P
0	0.01709	0.02154	0.20573	0.02745	0.29694	0.01673	0.01928	0.08651	0.13350	0.02580	0.01865	0.02117	0.03781	0.03116	0.00799	0.00237	0.00824	0.00680	0.00450	0.01075
1	0.06406	0.02169	0.01964	0.04647	0.08516	0.22244	0.01363	0.18388	0.19887	0.04667	0.01784	0.01837	0.01352	0.00813	0.00680	0.00213	0.00866	0.00619	0.00556	0.01030
2	0.04791	0.63485	0.03385	0.01262	0.01826	0.09040	0.01205	0.02165	0.01480	0.01736	0.01033	0.01214	0.00939	0.00790	0.03005	0.00193	0.00842	0.00402	0.00318	0.00891
3	0.01493	0.01281	0.01484	0.01077	0.01697	0.00996	0.00860	0.01906	0.05312	0.02358	0.01358	0.01543	0.01118	0.00552	0.00539	0.00113	0.00529	0.00444	0.00439	0.74903
4	0.00994	0.00675	0.00794	0.00832	0.00847	0.00663	0.00494	0.01035	0.01146	0.01533	0.04865	0.21404	0.03231	0.55157	0.02883	0.00579	0.00612	0.01280	0.00498	0.00474
5	0.05698	0.01413	0.02243	0.44933	0.21514	0.01627	0.01891	0.06241	0.01577	0.02183	0.01299	0.01818	0.01011	0.00745	0.00750	0.02304	0.00882	0.00620	0.00358	0.00892
6	0.01456	0.01244	0.01455	0.01053	0.01666	0.00937	0.00838	0.01766	0.01473	0.02303	0.01355	0.03924	0.01177	0.00584	0.00540	0.00112	0.00524	0.00476	0.00430	0.76689
7	0.00868	0.00620	0.00826	0.00991	0.01033	0.00578	0.00661	0.00991	0.01363	0.01818	0.03925	0.74510	0.04710	0.02231	0.00909	0.00289	0.00413	0.02024	0.00661	0.00578
8	0.12296	0.01173	0.05479	0.01221	0.05021	0.01066	0.00951	0.05833	0.04405	0.06635	0.22829	0.07869	0.06656	0.01159	0.00708	0.00223	0.00505	0.03269	0.11898	0.00803
9	0.06966	0.13817	0.01806	0.01275	0.01650	0.15718	0.01026	0.09116	0.08232	0.05259	0.06315	0.08703	0.09930	0.01209	0.03194	0.00242	0.00755	0.00824	0.03108	0.00854
10	0.01036	0.00770	0.01136	0.01120	0.01270	0.00710	0.05908	0.01250	0.01565	0.04357	0.17940	0.47618	0.08824	0.01869	0.00878	0.00266	0.00461	0.01701	0.00671	0.00650
11	0.00887	0.00628	0.00820	0.00966	0.01003	0.00592	0.00634	0.00997	0.01325	0.01766	0.03726	0.66264	0.04459	0.10819	0.01229	0.00337	0.00446	0.01908	0.00634	0.00561
12	0.01512	0.03142	0.51689	0.02495	0.12249	0.01682	0.12698	0.02250	0.01547	0.02269	0.01311	0.01603	0.00960	0.00659	0.00706	0.00226	0.01048	0.00589	0.00317	0.01048
13	0.01634	0.01466	0.02076	0.18273	0.02632	0.04392	0.09089	0.11144	0.01641	0.02280	0.01528	0.04134	0.01318	0.05013	0.04040	0.00303	0.18679	0.00719	0.08815	0.00823
14	0.01423	0.01748	0.13478	0.14595	0.06560	0.01733	0.03913	0.01779	0.01295	0.01882	0.01409	0.08151	0.01329	0.01320	0.05456	0.00321	0.31685	0.00748	0.00349	0.00827
15	0.74214	0.04026	0.01166	0.00959	0.01410	0.01620	0.00798	0.02148	0.01252	0.05780	0.01062	0.01206	0.00815	0.00668	0.00452	0.00218	0.00561	0.00398	0.00453	0.00793
16	0.00865	0.00629	0.00817	0.00968	0.01027	0.00580	0.00650	0.00994	0.01386	0.01827	0.04215	0.68543	0.10490	0.02193	0.00903	0.00285	0.00408	0.01978	0.00661	0.00580
17	0.00876	0.00628	0.00844	0.01000	0.01046	0.00596	0.00674	0.01007	0.01351	0.01808	0.03810	0.70452	0.04544	0.02407	0.04941	0.00338	0.00498	0.01953	0.00645	0.00582
18	0.01844	0.01682	0.01643	0.01481	0.01880	0.07529	0.01147	0.03707	0.63744	0.02878	0.02751	0.02544	0.02071	0.00947	0.00718	0.00237	0.00623	0.00777	0.00695	0.01102
19	0.01744	0.26924	0.30472	0.02072	0.09669	0.04782	0.08520	0.02268	0.01550	0.04039	0.01243	0.01470	0.00973	0.00650	0.00623	0.00200	0.00946	0.00523	0.00333	0.01001
20	0.01361	0.01282	0.02165	0.70576	0.07464	0.01586	0.01986	0.01834	0.01432	0.01839	0.01269	0.01893	0.00956	0.00709	0.00712	0.00236	0.00945	0.00633	0.00318	0.00804
21	0.00875	0.00721	0.00771	0.00778	0.00996	0.00617	0.00585	0.01077	0.01661	0.02044	0.14940	0.10029	0.56600	0.01786	0.00850	0.00244	0.00371	0.03769	0.00677	0.00611
22	0.01488	0.01497	0.02426	0.34351	0.06757	0.05252	0.17048	0.02065	0.06902	0.02117	0.06651	0.02498	0.06163	0.00829	0.00756	0.00234	0.00908	0.00790	0.00419	0.00853
23	0.01535	0.12226	0.48424	0.02081	0.02971	0.01849	0.13154	0.02217	0.01505	0.02160	0.01252	0.01530	0.00934	0.00684	0.00758	0.00223	0.04614	0.00565	0.00311	0.01006
24	0.01439	0.03609	0.68469	0.02070	0.03109	0.01660	0.05374	0.02256	0.01511	0.02256	0.01285	0.01521	0.00910	0.00673	0.00683	0.00226	0.01059	0.00539	0.00303	0.01048
25	0.00984	0.00673	0.00814	0.00880	0.00903	0.00659	0.00550	0.01044	0.01182	0.01573	0.02909	0.29012	0.03405	0.45823	0.02541	0.00532	0.00593	0.04907	0.00523	0.00495
26	0.01692	0.01661	0.04633	0.29251	0.33515	0.04406	0.01987	0.07616	0.01706	0.02290	0.01412	0.01987	0.01151	0.00731	0.00714	0.00224	0.00896	0.02766	0.00378	0.00981
27	0.04288	0.01503	0.01698	0.01367	0.01765	0.01664	0.03252	0.37578	0.02454	0.03550	0.01823	0.02016	0.01383	0.01033	0.03528	0.00243	0.05224	0.00651	0.24002	0.00978
28	0.80005	0.01377	0.01047	0.00936	0.01377	0.01597	0.00771	0.02093	0.01212	0.03195	0.00991	0.01157	0.00771	0.00661	0.00441	0.00220	0.00551	0.00386	0.00441	0.00771
29	0.01382	0.06124	0.54187	0.01870	0.04825	0.01533	0.02217	0.02082	0.01582	0.02311	0.11371	0.02194	0.03652	0.00816	0.00696	0.00222	0.00911	0.00660	0.00382	0.00982
30	0.03998	0.03430	0.63599	0.02002	0.02990	0.01627	0.05537	0.02221	0.01519	0.02306	0.03505	0.01635	0.01094	0.00698	0.00682	0.00226	0.01020	0.00561	0.00324	0.01027
31	0.01018	0.00759	0.01125	0.01125	0.01245	0.00880	0.00866	0.01259	0.01139	0.01639	0.01925	0.02896	0.01823	0.09022	0.68531	0.01120	0.01843	0.00777	0.00384	0.00625
32	0.01237	0.00618	0.00928	0.00928	0.00928	0.00618	0.00618	0.00928	0.00928	0.01237	0.01237	0.02165	0.01237	0.02474	0.02783	0.79283	0.00618	0.00618	0.00309	0.00309
33	0.02995	0.04250	0.01815	0.01337	0.01887	0.01349	0.01110	0.14543	0.05358	0.53741	0.02554	0.02262	0.01654	0.00870	0.00706	0.00218	0.00641	0.00694	0.00823	0.01196
34	0.00866	0.00624	0.00821	0.00979	0.01030	0.00579	0.00655	0.00993	0.01375	0.01823	0.04077	0.71372	0.07750	0.02211	0.00906	0.00287	0.00411	0.02000	0.00661	0.00579
35	0.01428	0.03683	0.71286	0.02030	0.03082	0.01654	0.02631	0.02255	0.01503	0.02255	0.01278	0.01503	0.00902	0.00677	0.00677	0.00226	0.01052	0.00526	0.00301	0.01052
36	0.01345	0.01266	0.02136	0.73264	0.04904	0.01582	0.01978	0.01819	0.01424	0.01819	0.01266	0.01898	0.00949	0.00712	0.00712	0.00237	0.00949	0.00633	0.00316	0.00791
37	0.01739	0.05288	0.02877	0.09251	0.62355	0.01739	0.02123	0.02156	0.01598	0.02257	0.01317	0.01742	0.01104	0.00639	0.00693	0.00210	0.00849	0.00622	0.00347	0.01093
38	0.00868	0.00620	0.00826	0.00991	0.01033	0.00578	0.00661	0.00991	0.01363	0.01818	0.03925	0.74510	0.04710	0.02231	0.00909	0.00289	0.00413	0.02024	0.00661	0.00578
39	0.01327	0.00664	0.00664	0.00664	0.00830	0.00664	0.00498	0.01659	0.01493	0.02655	0.02323	0.02655	0.01825	0.00830	0.00498	0.00166	0.00332	0.00664	0.78928	0.00664
40	0.08770	0.01526	0.01855	0.08119	0.02071	0.01864	0.01312	0.23263	0.01895	0.02813	0.01414	0.01851	0.01173	0.03996	0.03684	0.00296	0.25932	0.00633	0.06643	0.00892
41	0.03026	0.01198	0.01619	0.01243	0.01785	0.01028	0.01023	0.03306	0.02007	0.64951	0.05025	0.02471	0.01893	0.00882	0.00710	0.00214	0.00592	0.00720	0.00853	0.05455

[dist]
# distance from previous block
# <min> <max>
0	3

[block]
# block no. 5 follows, 29 sequences, length 50
# corresponding to MSA columns:
# 286-335
name=unknown_F
#
# <colnr> <probs for GDERKNQSTAVLIFYWHMCP>
#	G	D	E	R	K	N	Q	S	T	A	V	L	I	F	Y	W	H	M	C	P
0	0.01804	0.01988	0.08845	0.06644	0.50781	0.06437	0.06230	0.04543	0.01694	0.02333	0.01334	0.01721	0.01087	0.00654	0.00707	0.00214	0.00918	0.00626	0.00361	0.01080
1	0.04395	0.04642	0.13496	0.04780	0.11780	0.12791	0.13842	0.02304	0.04367	0.06425	0.01758	0.07525	0.01536	0.00892	0.00771	0.00230	0.02730	0.04366	0.00435	0.00935
2	0.01595	0.03008	0.48271	0.02595	0.18340	0.01647	0.06982	0.02292	0.01565	0.05131	0.01367	0.01629	0.01001	0.00670	0.00696	0.00223	0.00997	0.00580	0.00341	0.01070
3	0.00855	0.00717	0.00743	0.00746	0.00973	0.00605	0.00556	0.01045	0.01641	0.01988	0.11763	0.09775	0.62563	0.01797	0.00844	0.00241	0.00361	0.01510	0.00670	0.00605
4	0.02219	0.01617	0.01851	0.01475	0.01926	0.01750	0.04472	0.46359	0.02735	0.03771	0.02055	0.10447	0.01714	0.01000	0.00708	0.00216	0.00689	0.00818	0.13140	0.01037
5	0.00930	0.00708	0.00855	0.00854	0.01025	0.00633	0.00627	0.01179	0.01778	0.02377	0.38447	0.17280	0.27323	0.01699	0.00852	0.00240	0.00357	0.01481	0.00723	0.00633
6	0.01480	0.09864	0.63221	0.02034	0.05126	0.01756	0.02494	0.02242	0.01502	0.02207	0.01255	0.01480	0.00910	0.00669	0.00658	0.00219	0.01020	0.00517	0.00303	0.01043
7	0.01904	0.75404	0.03731	0.01218	0.01828	0.02818	0.01218	0.02132	0.01447	0.01675	0.00990	0.01142	0.00914	0.00609	0.00457	0.00152	0.00761	0.00381	0.00305	0.00914
8	0.01008	0.00728	0.00952	0.00896	0.01064	0.00672	0.00672	0.01344	0.02016	0.02855	0.70158	0.05319	0.06719	0.01456	0.00840	0.00224	0.00336	0.01288	0.00784	0.00672
9	0.01174	0.00895	0.01189	0.01358	0.04262	0.00895	0.01096	0.01611	0.06780	0.02172	0.04127	0.07186	0.13882	0.01811	0.00931	0.00303	0.00612	0.48363	0.00649	0.00703
10	0.01460	0.01367	0.02274	0.49898	0.21793	0.01586	0.01969	0.01967	0.03775	0.02004	0.01443	0.02140	0.01167	0.00752	0.00722	0.00234	0.00897	0.03313	0.00354	0.00885
11	0.03195	0.01212	0.01652	0.01267	0.01818	0.01047	0.01047	0.03470	0.02038	0.71026	0.02809	0.02424	0.01763	0.00881	0.00716	0.00220	0.00606	0.00716	0.00881	0.01212
12	0.00861	0.00722	0.00748	0.00742	0.00974	0.00609	0.00556	0.01060	0.01669	0.02033	0.14629	0.06672	0.62761	0.01762	0.00841	0.00239	0.00358	0.01477	0.00676	0.00609
13	0.01569	0.01584	0.02127	0.05040	0.01993	0.04913	0.01540	0.01745	0.01145	0.01717	0.00999	0.01616	0.00972	0.01380	0.05239	0.00339	0.64366	0.00623	0.00317	0.00775
14	0.00900	0.00672	0.00962	0.01072	0.01141	0.00628	0.03370	0.01043	0.01376	0.01836	0.03825	0.71588	0.04563	0.02165	0.00906	0.00287	0.00445	0.01977	0.00649	0.00594
15	0.01762	0.01692	0.02890	0.04371	0.70533	0.01692	0.02185	0.02185	0.01621	0.02326	0.01339	0.01762	0.01128	0.00634	0.00705	0.00211	0.00846	0.00634	0.00352	0.01128
16	0.02707	0.01995	0.02137	0.01638	0.02208	0.02208	0.01353	0.68159	0.03348	0.04488	0.01710	0.01710	0.01211	0.00855	0.00712	0.00214	0.00784	0.00641	0.00712	0.01211
17	0.01036	0.00690	0.00777	0.00777	0.00777	0.00690	0.00431	0.01036	0.01036	0.01381	0.02244	0.04660	0.02589	0.74975	0.03624	0.00690	0.00690	0.01036	0.00431	0.00431
18	0.01904	0.75404	0.03731	0.01218	0.01828	0.02818	0.01218	0.02132	0.01447	0.01675	0.00990	0.01142	0.00914	0.00609	0.00457	0.00152	0.00761	0.00381	0.00305	0.00914
19	0.01018	0.00760	0.01132	0.01132	0.01255	0.00883	0.00874	0.01263	0.01141	0.01644	0.01919	0.02861	0.01808	0.07725	0.69807	0.01129	0.01866	0.00772	0.00383	0.00629
20	0.01345	0.01266	0.02136	0.73264	0.04904	0.01582	0.01978	0.01819	0.01424	0.01819	0.01266	0.01898	0.00949	0.00712	0.00712	0.00237	0.00949	0.00633	0.00316	0.00791
21	0.01102	0.00752	0.00981	0.00920	0.01107	0.00691	0.00700	0.01430	0.01990	0.05770	0.62786	0.05338	0.08607	0.01460	0.00839	0.00228	0.00359	0.03467	0.00779	0.00692
22	0.00868	0.00620	0.00826	0.00991	0.01033	0.00578	0.00661	0.00991	0.01363	0.01818	0.03925	0.74510	0.04710	0.02231	0.00909	0.00289	0.00413	0.02024	0.00661	0.00578
23	0.02627	0.06532	0.02093	0.01808	0.02185	0.69096	0.01369	0.02812	0.01993	0.01740	0.01096	0.01278	0.00917	0.00728	0.00634	0.00182	0.01261	0.00455	0.00364	0.00829
24	0.00868	0.00620	0.00826	0.00991	0.01033	0.00578	0.00661	0.00991	0.01363	0.01818	0.03925	0.74510	0.04710	0.02231	0.00909	0.00289	0.00413	0.02024	0.00661	0.00578
25	0.00867	0.00624	0.00822	0.00981	0.01030	0.00579	0.00656	0.00993	0.01373	0.01822	0.04053	0.71878	0.07259	0.02214	0.00906	0.00287	0.00411	0.02004	0.00661	0.00579
26	0.00868	0.00620	0.00826	0.00991	0.01033	0.00578	0.00661	0.00991	0.01363	0.01818	0.03925	0.74510	0.04710	0.02231	0.00909	0.00289	0.00413	0.02024	0.00661	0.00578
27	0.01017	0.00763	0.01144	0.01144	0.01272	0.00890	0.00890	0.01272	0.01144	0.01653	0.01907	0.02797	0.01780	0.05340	0.72153	0.01144	0.01907	0.00763	0.00381	0.00636
28	0.01644	0.02116	0.13769	0.05017	0.14245	0.01766	0.44152	0.02233	0.01621	0.02256	0.01382	0.01823	0.01054	0.00638	0.00833	0.00235	0.03129	0.00749	0.00348	0.00991
29	0.00868	0.00620	0.00826	0.00991	0.01033	0.00578	0.00661	0.00991	0.01363	0.01818	0.03925	0.74510	0.04710	0.02231	0.00909	0.00289	0.00413	0.02024	0.00661	0.00578
30	0.01450	0.01449	0.02373	0.61407	0.04630	0.05142	0.09719	0.01925	0.01484	0.01870	0.01278	0.01870	0.00963	0.00700	0.00724	0.00235	0.00996	0.00649	0.00324	0.00813
31	0.73881	0.03943	0.04288	0.00995	0.01469	0.01641	0.00869	0.02102	0.01233	0.03102	0.01004	0.01172	0.00782	0.00660	0.00452	0.00218	0.00580	0.00392	0.00430	0.00789
32	0.01555	0.03117	0.53313	0.02101	0.06300	0.01618	0.06616	0.02393	0.06425	0.05492	0.03418	0.01776	0.01220	0.00722	0.00698	0.00227	0.00976	0.00602	0.00378	0.01052
33	0.04149	0.05968	0.23235	0.03407	0.44819	0.01734	0.02225	0.02201	0.01565	0.02300	0.01293	0.01635	0.01039	0.00647	0.00676	0.00213	0.00894	0.00582	0.00337	0.01083
34	0.01094	0.00750	0.00965	0.00898	0.01090	0.00683	0.00678	0.01414	0.01984	0.05913	0.61763	0.05315	0.11837	0.01459	0.00834	0.00225	0.00350	0.01280	0.00778	0.00691
35	0.02463	0.08409	0.10297	0.01815	0.02279	0.59022	0.01513	0.02725	0.01918	0.01798	0.01114	0.01300	0.00915	0.00718	0.00633	0.00186	0.01221	0.00461	0.00355	0.00858
36	0.01690	0.35967	0.38172	0.01657	0.02483	0.04919	0.01946	0.02223	0.01498	0.01974	0.01141	0.01332	0.00908	0.00648	0.00576	0.00191	0.00930	0.00458	0.00305	0.00981
37	0.00964	0.00706	0.00922	0.01064	0.01154	0.00684	0.00771	0.01223	0.04825	0.01938	0.03962	0.56107	0.06807	0.02103	0.00911	0.00292	0.00464	0.13819	0.00663	0.00621
38	0.01558	0.01558	0.02181	0.01869	0.01869	0.02181	0.01558	0.01714	0.01091	0.01714	0.00935	0.01558	0.00935	0.01246	0.02337	0.00312	0.73672	0.00623	0.00312	0.00779
39	0.01147	0.00820	0.01147	0.01311	0.01475	0.00820	0.01147	0.01475	0.01639	0.02131	0.03770	0.08032	0.04098	0.01967	0.00984	0.00328	0.00656	0.65741	0.00656	0.00656
40	0.01510	0.16027	0.59659	0.01890	0.02866	0.01854	0.02388	0.02234	0.01494	0.02155	0.01228	0.01441	0.00904	0.00665	0.00639	0.00213	0.01002	0.00501	0.00301	0.01029
