[name]
unknown

[dist]
# distance from previous block
# <min> <max>
0	79

[block]
# block no. 0 follows, 30 sequences, length 71
# corresponding to MSA columns:
# 83-153
name=unknown_A
#
# <colnr> <probs for GDERKNQSTAVLIFYWHMCP>
#	G	D	E	R	K	N	Q	S	T	A	V	L	I	F	Y	W	H	M	C	P
0	0.02006	0.01862	0.06720	0.04159	0.01902	0.19406	0.01180	0.07897	0.06995	0.14762	0.11811	0.03088	0.10870	0.01037	0.00722	0.00215	0.00756	0.03123	0.00599	0.00891
1	0.05315	0.15579	0.07422	0.01549	0.02085	0.13597	0.01362	0.30701	0.05092	0.06008	0.01460	0.01534	0.01101	0.00774	0.00686	0.00200	0.03439	0.00544	0.00525	0.01027
2	0.04968	0.02358	0.26140	0.07141	0.03113	0.04347	0.29000	0.04474	0.01599	0.02258	0.01504	0.07074	0.01239	0.00755	0.00737	0.00230	0.01015	0.00751	0.00368	0.00928
3	0.01575	0.01272	0.01361	0.01240	0.01541	0.04348	0.00972	0.17073	0.16866	0.02826	0.14278	0.13976	0.10106	0.01354	0.00787	0.00241	0.00564	0.08082	0.00679	0.00860
4	0.04467	0.19911	0.30780	0.04777	0.04144	0.11675	0.01770	0.02165	0.01539	0.02053	0.04101	0.01528	0.01145	0.00677	0.00598	0.00190	0.00902	0.00500	0.00340	0.06739
5	0.01533	0.08279	0.15958	0.01473	0.02076	0.01392	0.07743	0.09627	0.01695	0.02412	0.05063	0.11295	0.01754	0.00861	0.00655	0.00185	0.00709	0.00742	0.00455	0.26093
6	0.04574	0.03647	0.14843	0.03492	0.04506	0.01560	0.01385	0.11261	0.22583	0.07493	0.04517	0.02218	0.04062	0.00832	0.00667	0.00209	0.00678	0.00673	0.00563	0.10239
7	0.07562	0.01781	0.05043	0.07146	0.07979	0.08737	0.29338	0.02198	0.01656	0.07822	0.07812	0.02196	0.03450	0.00769	0.00791	0.00225	0.03406	0.00754	0.00439	0.00897
8	0.01837	0.01563	0.06680	0.06796	0.02160	0.01477	0.05540	0.23259	0.07926	0.07376	0.05165	0.05397	0.08796	0.01034	0.00736	0.00223	0.00696	0.05952	0.00601	0.06785
9	0.01871	0.01384	0.01785	0.07136	0.02109	0.01273	0.05387	0.15094	0.01886	0.11314	0.03464	0.01863	0.01340	0.02836	0.00706	0.00177	0.00651	0.00575	0.00523	0.38627
10	0.00849	0.00611	0.00806	0.00961	0.01009	0.00568	0.00643	0.00973	0.01346	0.01785	0.03972	0.72353	0.07201	0.02170	0.00888	0.00282	0.00403	0.01964	0.00648	0.00568
11	0.00837	0.00704	0.00729	0.00745	0.00965	0.00595	0.00559	0.01015	0.01574	0.01885	0.06730	0.11403	0.63966	0.01801	0.00834	0.00242	0.00367	0.03809	0.00648	0.00589
12	0.03887	0.01457	0.01555	0.03826	0.01745	0.06807	0.01041	0.17743	0.01853	0.02694	0.01532	0.01816	0.01231	0.01073	0.05577	0.00245	0.09313	0.00566	0.15996	0.20042
13	0.74671	0.01394	0.01104	0.00968	0.01410	0.01610	0.00798	0.06974	0.01342	0.03224	0.01024	0.01174	0.00788	0.00662	0.00451	0.00215	0.00557	0.00396	0.00451	0.00788
14	0.00867	0.00629	0.00819	0.00939	0.01011	0.00581	0.00640	0.01021	0.01442	0.01927	0.13174	0.60374	0.09894	0.02051	0.00877	0.00271	0.00391	0.01847	0.00664	0.00581
15	0.01487	0.01264	0.01469	0.01053	0.01671	0.00971	0.00843	0.03986	0.01508	0.02345	0.01255	0.01455	0.01039	0.00527	0.00523	0.00107	0.00525	0.00421	0.00423	0.77130
16	0.01866	0.75896	0.03657	0.01194	0.01791	0.02761	0.01194	0.02090	0.01418	0.01642	0.00970	0.01119	0.00896	0.00597	0.00448	0.00149	0.00746	0.00373	0.00299	0.00896
17	0.01854	0.73389	0.03606	0.01216	0.01792	0.02740	0.01205	0.02076	0.01406	0.01643	0.00968	0.01133	0.00896	0.00618	0.00510	0.00155	0.03222	0.00381	0.00299	0.00891
18	0.00832	0.00707	0.00717	0.00714	0.00947	0.00592	0.00536	0.01015	0.01607	0.01925	0.09828	0.06651	0.68056	0.01753	0.00825	0.00235	0.00352	0.01464	0.00653	0.00592
19	0.02942	0.01353	0.01708	0.01315	0.01846	0.01283	0.01084	0.18839	0.02301	0.53227	0.04906	0.02310	0.01771	0.00877	0.00705	0.00215	0.00626	0.00704	0.00821	0.01169
20	0.01005	0.00815	0.01049	0.01316	0.08096	0.03215	0.00810	0.01156	0.01383	0.01818	0.03561	0.59889	0.06644	0.04558	0.00953	0.00284	0.00485	0.01739	0.00599	0.00625
21	0.01431	0.01019	0.01143	0.01052	0.01233	0.01070	0.00752	0.17744	0.04606	0.02337	0.02573	0.15538	0.04301	0.33260	0.01967	0.00428	0.00625	0.04469	0.03766	0.00687
22	0.01266	0.00655	0.00655	0.00655	0.00823	0.00646	0.00491	0.01580	0.01473	0.02549	0.02630	0.02905	0.06881	0.00883	0.00513	0.00168	0.00327	0.00711	0.73545	0.00646
23	0.00860	0.00614	0.00821	0.00983	0.01027	0.00575	0.00664	0.00988	0.01346	0.01792	0.03841	0.72669	0.04594	0.02177	0.00893	0.00285	0.00413	0.04240	0.00648	0.00569
24	0.03096	0.01244	0.01654	0.01268	0.01810	0.01110	0.01048	0.08224	0.02092	0.66649	0.02674	0.02324	0.01688	0.00862	0.00701	0.00215	0.00607	0.00696	0.00851	0.01188
25	0.01318	0.01240	0.02093	0.73798	0.04806	0.01550	0.01938	0.01783	0.01395	0.01783	0.01240	0.01860	0.00930	0.00698	0.00698	0.00233	0.00930	0.00620	0.00310	0.00775
26	0.00956	0.00708	0.00892	0.00855	0.01026	0.00644	0.00638	0.01253	0.01888	0.02613	0.57970	0.08470	0.16473	0.01512	0.00826	0.00225	0.00336	0.01326	0.00744	0.00644
27	0.01447	0.01240	0.01447	0.01034	0.01654	0.00930	0.00827	0.01757	0.01447	0.02274	0.01240	0.01447	0.01034	0.00517	0.00517	0.00103	0.00517	0.00413	0.00413	0.79742
28	0.01318	0.01240	0.02093	0.73798	0.04806	0.01550	0.01938	0.01783	0.01395	0.01783	0.01240	0.01860	0.00930	0.00698	0.00698	0.00233	0.00930	0.00620	0.00310	0.00775
29	0.01561	0.01959	0.16857	0.20501	0.41190	0.01624	0.02183	0.02070	0.01519	0.02146	0.01283	0.01707	0.01018	0.00648	0.00687	0.00216	0.00895	0.00600	0.00326	0.01011
30	0.01045	0.00814	0.01197	0.01169	0.01278	0.00977	0.00911	0.01275	0.01112	0.01614	0.01798	0.02712	0.01705	0.07918	0.63409	0.01029	0.08293	0.00747	0.00370	0.00627
31	0.01504	0.01493	0.02094	0.01801	0.01807	0.02083	0.01498	0.01661	0.01071	0.01677	0.00957	0.01579	0.00952	0.01394	0.05328	0.00341	0.71078	0.00617	0.00308	0.00757
32	0.04152	0.01321	0.01672	0.01401	0.01824	0.01348	0.06014	0.10611	0.20704	0.14143	0.07984	0.05142	0.02411	0.01050	0.00738	0.00228	0.00618	0.09692	0.00666	0.08280
33	0.01397	0.01012	0.01112	0.01050	0.01265	0.06082	0.00783	0.06253	0.01858	0.09678	0.29977	0.24653	0.09087	0.01517	0.00807	0.00235	0.00480	0.01322	0.00700	0.00731
34	0.00887	0.00634	0.00852	0.01014	0.01071	0.00599	0.00712	0.01036	0.01373	0.01823	0.03826	0.65904	0.04534	0.02151	0.00901	0.00289	0.00437	0.10733	0.00647	0.00577
35	0.01794	0.01785	0.02767	0.04094	0.65875	0.07062	0.02081	0.02191	0.01619	0.02236	0.01295	0.01691	0.01090	0.00629	0.00686	0.00205	0.00862	0.00609	0.00346	0.01083
36	0.01416	0.00713	0.00742	0.00710	0.00895	0.00711	0.00534	0.03511	0.01520	0.06007	0.02280	0.02650	0.01802	0.04037	0.00636	0.00189	0.00366	0.00668	0.69930	0.00682
37	0.01046	0.00726	0.00952	0.00888	0.01063	0.00668	0.00668	0.01374	0.01976	0.04677	0.68897	0.05135	0.06452	0.01411	0.00820	0.00219	0.00336	0.01247	0.00771	0.00673
38	0.02566	0.01871	0.02001	0.01544	0.02077	0.02067	0.01272	0.64470	0.03164	0.04282	0.01714	0.01735	0.01226	0.00836	0.00685	0.00206	0.00739	0.00630	0.05764	0.01152
39	0.01596	0.01556	0.02323	0.43321	0.25869	0.06854	0.01937	0.04551	0.01573	0.02038	0.01268	0.01766	0.00994	0.00680	0.00690	0.00220	0.00916	0.00608	0.00340	0.00900
40	0.01484	0.01363	0.02189	0.55137	0.15070	0.01614	0.01897	0.06122	0.04449	0.02074	0.01347	0.01859	0.01025	0.00705	0.00697	0.00227	0.00888	0.00628	0.00357	0.00868
41	0.01212	0.00606	0.00909	0.00909	0.00909	0.00606	0.00606	0.00909	0.00909	0.01212	0.01212	0.02121	0.01212	0.02424	0.02727	0.79697	0.00606	0.00606	0.00303	0.00303
42	0.01348	0.01271	0.02148	0.68672	0.09697	0.01558	0.01953	0.01809	0.01410	0.01820	0.01246	0.01851	0.00943	0.00692	0.00697	0.00231	0.00923	0.00620	0.00313	0.00800
43	0.04875	0.65838	0.06125	0.01251	0.01832	0.04347	0.01247	0.02095	0.01413	0.01724	0.00982	0.01151	0.00890	0.00626	0.00524	0.00161	0.03334	0.00389	0.00305	0.00889
44	0.00887	0.00617	0.00807	0.00941	0.00974	0.00583	0.00616	0.00975	0.01275	0.01700	0.03515	0.62491	0.04195	0.12146	0.01327	0.03566	0.00450	0.01796	0.00603	0.00537
45	0.00963	0.00705	0.00903	0.00869	0.01031	0.00646	0.00646	0.01264	0.01895	0.02643	0.60200	0.10206	0.12402	0.01511	0.00828	0.00225	0.00337	0.01332	0.00749	0.00646
46	0.07563	0.01146	0.01104	0.00993	0.01219	0.06367	0.00781	0.09477	0.01647	0.02682	0.01873	0.02168	0.01481	0.00841	0.00714	0.00189	0.08473	0.00608	0.49931	0.00744
47	0.23867	0.01861	0.01797	0.01428	0.01941	0.05668	0.01172	0.47150	0.02642	0.03912	0.01452	0.01506	0.01054	0.00780	0.00622	0.00210	0.00731	0.00551	0.00608	0.01049
48	0.01563	0.20540	0.42234	0.02042	0.05712	0.01917	0.12359	0.02182	0.01492	0.02081	0.01212	0.01462	0.00923	0.00634	0.00637	0.00205	0.00977	0.00533	0.00307	0.00988
49	0.04804	0.03337	0.63439	0.01944	0.02905	0.01591	0.05232	0.02173	0.01486	0.02271	0.03689	0.01607	0.01086	0.00686	0.00665	0.00221	0.00992	0.00549	0.00320	0.01002
50	0.01163	0.00616	0.00902	0.00926	0.00936	0.00611	0.00625	0.00940	0.00986	0.01312	0.01626	0.10387	0.01733	0.04680	0.02485	0.65503	0.00588	0.03276	0.00357	0.00349
51	0.01255	0.01045	0.01584	0.06377	0.01732	0.01250	0.06536	0.01502	0.01229	0.01845	0.01724	0.07040	0.01616	0.04232	0.23539	0.03033	0.20029	0.00777	0.12973	0.00681
52	0.02453	0.09405	0.04363	0.01418	0.01931	0.01757	0.01214	0.30604	0.05915	0.22534	0.03798	0.02043	0.01530	0.02785	0.02590	0.00244	0.03008	0.00656	0.00665	0.01087
53	0.01042	0.00774	0.01131	0.01117	0.01239	0.00910	0.00872	0.01293	0.01144	0.01695	0.01858	0.02679	0.01712	0.04735	0.64346	0.01016	0.04876	0.00735	0.06195	0.00631
54	0.01318	0.01240	0.02093	0.73798	0.04806	0.01550	0.01938	0.01783	0.01395	0.01783	0.01240	0.01860	0.00930	0.00698	0.00698	0.00233	0.00930	0.00620	0.00310	0.00775
55	0.01642	0.01953	0.10537	0.25148	0.15332	0.11221	0.11962	0.04011	0.01641	0.02106	0.04184	0.02058	0.01317	0.00744	0.00717	0.00222	0.00967	0.02974	0.00369	0.00895
56	0.01715	0.01732	0.05461	0.04196	0.68529	0.01657	0.02158	0.02144	0.01585	0.02277	0.01310	0.01717	0.01097	0.00623	0.00690	0.00208	0.00837	0.00618	0.00343	0.01103
57	0.01568	0.01597	0.01932	0.03557	0.01799	0.09503	0.01368	0.01711	0.01168	0.01641	0.01116	0.01919	0.01135	0.11235	0.02241	0.00340	0.54471	0.00648	0.00327	0.00722
58	0.02211	0.06613	0.02301	0.02432	0.20914	0.41459	0.01562	0.02518	0.04146	0.01900	0.01185	0.01447	0.00999	0.00733	0.00770	0.00197	0.06832	0.00517	0.00360	0.00901
59	0.00855	0.00609	0.00808	0.00966	0.01005	0.00570	0.00641	0.00973	0.01327	0.01769	0.03798	0.72982	0.04555	0.04306	0.00968	0.00295	0.00413	0.01956	0.00641	0.00563
60	0.02184	0.32465	0.02842	0.01505	0.02055	0.02016	0.10132	0.09005	0.04664	0.19441	0.01694	0.03590	0.01303	0.00764	0.00673	0.00196	0.03354	0.00608	0.00512	0.00998
61	0.01400	0.03610	0.71860	0.01989	0.03020	0.01621	0.02578	0.02210	0.01473	0.02210	0.01252	0.01473	0.00884	0.00663	0.00663	0.00221	0.01031	0.00516	0.00295	0.01031
62	0.02090	0.01629	0.01746	0.01464	0.01924	0.01825	0.01167	0.25037	0.43315	0.06365	0.02413	0.02259	0.01775	0.00896	0.00701	0.00223	0.00624	0.00723	0.00705	0.03118
63	0.01212	0.00606	0.00909	0.00909	0.00909	0.00606	0.00606	0.00909	0.00909	0.01212	0.01212	0.02121	0.01212	0.02424	0.02727	0.79697	0.00606	0.00606	0.00303	0.00303
64	0.00830	0.00707	0.00714	0.00713	0.00946	0.00591	0.00534	0.01012	0.01603	0.01915	0.09187	0.06666	0.68703	0.01756	0.00825	0.00235	0.00353	0.01466	0.00652	0.00591
65	0.01006	0.00745	0.01107	0.01107	0.01233	0.00865	0.00861	0.01258	0.01132	0.01650	0.01882	0.02737	0.01746	0.05098	0.70499	0.01092	0.01822	0.00745	0.02791	0.00624
66	0.03131	0.01188	0.01619	0.01242	0.01781	0.01026	0.01026	0.03401	0.01997	0.71606	0.02753	0.02375	0.01727	0.00864	0.00702	0.00216	0.00594	0.00702	0.00864	0.01188
67	0.00857	0.00610	0.00808	0.00964	0.01002	0.00571	0.00639	0.00973	0.01324	0.01765	0.03783	0.72309	0.04535	0.05006	0.00993	0.00299	0.00415	0.01947	0.00639	0.00561
68	0.13893	0.00762	0.00710	0.00693	0.00898	0.00796	0.00530	0.01694	0.01420	0.02686	0.02069	0.02368	0.01624	0.00787	0.00479	0.00171	0.00359	0.00607	0.66787	0.00667
69	0.01344	0.01275	0.02179	0.68948	0.07588	0.01561	0.03735	0.01810	0.01410	0.01816	0.01248	0.01855	0.00941	0.00692	0.00701	0.00232	0.00933	0.00626	0.00313	0.00794
70	0.01866	0.75896	0.03657	0.01194	0.01791	0.02761	0.01194	0.02090	0.01418	0.01642	0.00970	0.01119	0.00896	0.00597	0.00448	0.00149	0.00746	0.00373	0.00299	0.00896

[dist]
# distance from previous block
# <min> <max>
1	2

[block]
# block no. 1 follows, 30 sequences, length 26
# corresponding to MSA columns:
# 156-181
name=unknown_B
#
# <colnr> <probs for GDERKNQSTAVLIFYWHMCP>
#	G	D	E	R	K	N	Q	S	T	A	V	L	I	F	Y	W	H	M	C	P
0	0.01748	0.01307	0.01541	0.01316	0.01622	0.01402	0.03549	0.30184	0.05931	0.02897	0.02355	0.17530	0.02325	0.16516	0.04018	0.00360	0.00716	0.03226	0.00605	0.00851
1	0.13425	0.17379	0.41025	0.01654	0.02445	0.08856	0.01913	0.02220	0.01470	0.02187	0.01138	0.01332	0.00869	0.00653	0.00583	0.00202	0.00925	0.00461	0.00322	0.00942
2	0.13377	0.01895	0.09682	0.16821	0.03269	0.05517	0.30019	0.02104	0.01487	0.02207	0.01242	0.01667	0.00951	0.00678	0.00816	0.00232	0.06167	0.00650	0.00347	0.00869
3	0.01126	0.00815	0.01005	0.00990	0.01165	0.00798	0.00727	0.04064	0.08499	0.04285	0.33583	0.27983	0.09030	0.01614	0.00826	0.00243	0.00402	0.01428	0.00715	0.00702
4	0.01438	0.00870	0.00916	0.00837	0.01017	0.00904	0.00605	0.12353	0.01630	0.02535	0.02157	0.03015	0.01906	0.22226	0.01401	0.00318	0.00498	0.00751	0.43953	0.00672
5	0.01198	0.00651	0.00705	0.00741	0.00873	0.00643	0.00540	0.01469	0.01423	0.02366	0.02612	0.15853	0.02428	0.05121	0.00745	0.00219	0.00372	0.03694	0.57726	0.00623
6	0.01060	0.00840	0.01242	0.01206	0.01316	0.01023	0.00950	0.01298	0.01115	0.01627	0.01756	0.02597	0.01646	0.04757	0.64345	0.01025	0.10462	0.00731	0.00366	0.00640
7	0.01175	0.00766	0.01011	0.00970	0.01167	0.00710	0.00762	0.01491	0.01897	0.08116	0.50969	0.05512	0.08575	0.01483	0.00838	0.00237	0.00405	0.12473	0.00749	0.00695
8	0.00850	0.00607	0.00810	0.00972	0.01012	0.00567	0.00648	0.00972	0.01336	0.01781	0.03846	0.75020	0.04615	0.02186	0.00891	0.00283	0.00405	0.01984	0.00648	0.00567
9	0.01977	0.65043	0.03406	0.01284	0.01846	0.13217	0.01217	0.02194	0.01502	0.01652	0.00986	0.01140	0.00896	0.00615	0.00475	0.00154	0.00823	0.00385	0.00308	0.00883
10	0.01428	0.01218	0.01419	0.01047	0.01627	0.00946	0.00830	0.01801	0.04445	0.02276	0.01448	0.05384	0.01271	0.00624	0.00545	0.00119	0.00512	0.00513	0.00439	0.72107
11	0.02040	0.09006	0.01803	0.01417	0.01769	0.25314	0.01093	0.06375	0.20668	0.06166	0.01879	0.02247	0.01575	0.12106	0.03318	0.00300	0.00880	0.00655	0.00509	0.00879
12	0.02184	0.01555	0.01915	0.10808	0.02330	0.01686	0.04115	0.38674	0.02488	0.10131	0.02007	0.07483	0.01673	0.05123	0.00891	0.00251	0.00751	0.04300	0.00628	0.01008
13	0.02124	0.01554	0.01717	0.01402	0.01839	0.01662	0.01117	0.43083	0.06712	0.05516	0.02230	0.18085	0.02013	0.01123	0.00729	0.00220	0.00651	0.00927	0.00672	0.06625
14	0.05162	0.01370	0.02255	0.40418	0.29424	0.01541	0.01892	0.01889	0.01455	0.02033	0.01390	0.05569	0.01179	0.00744	0.00693	0.00225	0.00847	0.00680	0.00347	0.00888
15	0.01443	0.01365	0.02323	0.56592	0.15137	0.01599	0.05663	0.03977	0.01499	0.01969	0.01275	0.01835	0.00973	0.00684	0.00704	0.00228	0.00923	0.00632	0.00330	0.00850
16	0.22336	0.01530	0.01511	0.05272	0.01808	0.05300	0.01049	0.27476	0.02083	0.03263	0.01534	0.01735	0.01172	0.00987	0.04013	0.00248	0.02680	0.00563	0.14542	0.00900
17	0.01212	0.00606	0.00909	0.00909	0.00909	0.00606	0.00606	0.00909	0.00909	0.01212	0.01212	0.02121	0.01212	0.02424	0.02727	0.79697	0.00606	0.00606	0.00303	0.00303
18	0.01727	0.01658	0.02832	0.04283	0.71123	0.01658	0.02142	0.02142	0.01589	0.02280	0.01313	0.01727	0.01105	0.00622	0.00691	0.00207	0.00829	0.00622	0.00345	0.01105
19	0.01328	0.01185	0.01872	0.20577	0.02616	0.01241	0.11164	0.05374	0.03677	0.02096	0.02207	0.24645	0.02246	0.01192	0.00823	0.00237	0.03536	0.02994	0.00478	0.10511
20	0.00881	0.00713	0.00787	0.00793	0.01003	0.00619	0.00605	0.01098	0.01662	0.02082	0.19559	0.08497	0.50842	0.01723	0.00837	0.00240	0.00372	0.06407	0.00672	0.00607
21	0.01575	0.09059	0.06349	0.08718	0.06022	0.08839	0.11636	0.01899	0.01444	0.01917	0.01499	0.11002	0.01433	0.00941	0.01001	0.00223	0.15317	0.00753	0.00376	0.09994
22	0.51118	0.07475	0.14701	0.01175	0.01715	0.05443	0.01152	0.02101	0.01316	0.02739	0.01099	0.01281	0.00853	0.00659	0.00490	0.00207	0.00676	0.00422	0.04560	0.00816
23	0.00879	0.00641	0.00844	0.00958	0.01026	0.00621	0.00658	0.01018	0.01308	0.01742	0.03746	0.53976	0.10041	0.06840	0.11779	0.00427	0.00635	0.01697	0.00594	0.00569
24	0.01447	0.01240	0.01447	0.01034	0.01654	0.00930	0.00827	0.01757	0.01447	0.02274	0.01240	0.01447	0.01034	0.00517	0.00517	0.00103	0.00517	0.00413	0.00413	0.79742
25	0.01635	0.01314	0.01621	0.01291	0.01710	0.01319	0.02487	0.11988	0.05266	0.04516	0.01582	0.03747	0.01331	0.01314	0.09396	0.00289	0.10862	0.00602	0.03814	0.33916

[dist]
# distance from previous block
# <min> <max>
0	1

[block]
# block no. 2 follows, 30 sequences, length 45
# corresponding to MSA columns:
# 183-227
name=unknown_C
#
# <colnr> <probs for GDERKNQSTAVLIFYWHMCP>
#	G	D	E	R	K	N	Q	S	T	A	V	L	I	F	Y	W	H	M	C	P
0	0.01535	0.01089	0.01140	0.00999	0.01308	0.01132	0.00784	0.18316	0.09787	0.02878	0.05845	0.03674	0.22250	0.01137	0.00676	0.00206	0.00469	0.00924	0.25035	0.00817
1	0.01263	0.00947	0.01109	0.01055	0.01281	0.00919	0.00779	0.13767	0.01761	0.02358	0.06008	0.36804	0.12666	0.05304	0.00941	0.00264	0.00494	0.03333	0.00628	0.08318
2	0.01507	0.01398	0.02343	0.23107	0.41583	0.01483	0.01905	0.01913	0.01528	0.02100	0.01678	0.05272	0.01543	0.00861	0.00733	0.00231	0.00818	0.08676	0.00383	0.00937
3	0.01318	0.01240	0.02093	0.73798	0.04806	0.01550	0.01938	0.01783	0.01395	0.01783	0.01240	0.01860	0.00930	0.00698	0.00698	0.00233	0.00930	0.00620	0.00310	0.00775
4	0.01678	0.01952	0.13222	0.03938	0.60872	0.01652	0.02207	0.02152	0.01572	0.02269	0.01304	0.01689	0.01072	0.00628	0.00687	0.00209	0.00859	0.00606	0.00338	0.01094
5	0.80405	0.01350	0.01026	0.00918	0.01350	0.01565	0.00756	0.02051	0.01188	0.03131	0.00972	0.01134	0.00756	0.00648	0.00432	0.00216	0.00540	0.00378	0.00432	0.00756
6	0.01061	0.00772	0.01036	0.01128	0.01297	0.00747	0.00952	0.01369	0.01693	0.02238	0.20106	0.07116	0.11505	0.01791	0.00916	0.00288	0.00538	0.44134	0.00673	0.00641
7	0.72080	0.01357	0.01105	0.00965	0.01409	0.01545	0.00795	0.04353	0.01317	0.08277	0.01128	0.01244	0.00842	0.00670	0.00461	0.00216	0.00551	0.00410	0.00473	0.00802
8	0.01015	0.00677	0.00761	0.00761	0.00761	0.00677	0.00423	0.01015	0.01015	0.01353	0.02199	0.04567	0.02537	0.75476	0.03552	0.00677	0.00677	0.01015	0.00423	0.00423
9	0.01677	0.05831	0.58848	0.01848	0.02790	0.01572	0.02295	0.02385	0.01550	0.12635	0.01468	0.01596	0.01011	0.00691	0.00661	0.00218	0.00955	0.00539	0.00380	0.01050
10	0.01974	0.00968	0.01273	0.01070	0.01413	0.00883	0.00846	0.02374	0.05985	0.33070	0.36842	0.03811	0.04186	0.01151	0.00763	0.00219	0.00459	0.00988	0.00807	0.00917
11	0.00863	0.00622	0.00821	0.00975	0.01030	0.00580	0.00666	0.00996	0.01361	0.01801	0.03987	0.68555	0.07635	0.02154	0.00891	0.00283	0.00414	0.05147	0.00648	0.00572
12	0.73939	0.01425	0.03661	0.00972	0.01431	0.01543	0.00835	0.02119	0.01235	0.06250	0.01064	0.01203	0.00805	0.00658	0.00453	0.00216	0.00560	0.00398	0.00447	0.00786
13	0.01933	0.02013	0.02582	0.07081	0.50274	0.17222	0.01929	0.04649	0.01725	0.02206	0.01271	0.01629	0.01054	0.00655	0.00678	0.00203	0.00926	0.00584	0.00359	0.01027
14	0.01735	0.01741	0.02611	0.17124	0.51978	0.08501	0.02027	0.02136	0.01590	0.02131	0.01276	0.01707	0.01052	0.00645	0.00686	0.00209	0.00890	0.00605	0.00340	0.01015
15	0.00930	0.00657	0.00825	0.00915	0.01025	0.00595	0.00636	0.01088	0.01472	0.04129	0.10795	0.51443	0.18954	0.01982	0.00864	0.00265	0.00393	0.01765	0.00666	0.00600
16	0.01005	0.00717	0.00967	0.00967	0.01039	0.00788	0.00680	0.01147	0.01076	0.01506	0.02010	0.03523	0.02084	0.35297	0.43110	0.00931	0.01359	0.00862	0.00395	0.00537
17	0.00895	0.00641	0.00824	0.00918	0.00988	0.00598	0.00620	0.01047	0.01440	0.01943	0.17194	0.50212	0.07831	0.10029	0.01165	0.00311	0.00417	0.01710	0.00647	0.00570
18	0.00909	0.00641	0.00836	0.00969	0.01015	0.00612	0.00660	0.01031	0.01309	0.01740	0.03539	0.55253	0.04184	0.15068	0.01367	0.00357	0.00479	0.08873	0.00608	0.00550
19	0.80405	0.01350	0.01026	0.00918	0.01350	0.01565	0.00756	0.02051	0.01188	0.03131	0.00972	0.01134	0.00756	0.00648	0.00432	0.00216	0.00540	0.00378	0.00432	0.00756
20	0.80405	0.01350	0.01026	0.00918	0.01350	0.01565	0.00756	0.02051	0.01188	0.03131	0.00972	0.01134	0.00756	0.00648	0.00432	0.00216	0.00540	0.00378	0.00432	0.00756
21	0.01301	0.00650	0.00650	0.00650	0.00813	0.00650	0.00488	0.01626	0.01463	0.02602	0.02276	0.02602	0.01789	0.00813	0.00488	0.00163	0.00325	0.00650	0.79350	0.00650
22	0.59131	0.01434	0.01316	0.09200	0.01867	0.01659	0.00979	0.12670	0.01545	0.03182	0.01114	0.01302	0.00844	0.00684	0.00504	0.00217	0.00620	0.00445	0.00461	0.00827
23	0.01212	0.00606	0.00909	0.00909	0.00909	0.00606	0.00606	0.00909	0.00909	0.01212	0.01212	0.02121	0.01212	0.02424	0.02727	0.79697	0.00606	0.00606	0.00303	0.00303
24	0.01621	0.01193	0.01314	0.01150	0.01466	0.01239	0.00900	0.28647	0.02241	0.02989	0.07572	0.18577	0.18887	0.01402	0.00770	0.00232	0.00538	0.02956	0.05470	0.00837
25	0.01376	0.03415	0.66646	0.04697	0.03015	0.01581	0.02481	0.02150	0.01474	0.02182	0.01459	0.01675	0.03382	0.00704	0.00670	0.00222	0.01003	0.00554	0.00308	0.01006
26	0.01838	0.71636	0.07676	0.01241	0.01863	0.02694	0.01276	0.02097	0.01421	0.01675	0.00987	0.01140	0.00895	0.00601	0.00460	0.00153	0.00763	0.00382	0.00298	0.00904
27	0.02896	0.01151	0.01538	0.01186	0.01702	0.00992	0.00974	0.03173	0.01925	0.62412	0.02629	0.02337	0.01691	0.00840	0.00675	0.00205	0.00569	0.00681	0.06647	0.05777
28	0.01686	0.01456	0.01531	0.01382	0.01767	0.01674	0.01073	0.03562	0.66168	0.02863	0.03069	0.02826	0.05847	0.00991	0.00716	0.00237	0.00542	0.00826	0.00707	0.01077
29	0.04565	0.57101	0.05115	0.01320	0.01883	0.14247	0.01247	0.04337	0.01564	0.01805	0.01018	0.01170	0.00900	0.00628	0.00491	0.00160	0.00833	0.00398	0.00326	0.00890
30	0.01417	0.03504	0.68126	0.02113	0.06705	0.01623	0.02555	0.02206	0.01480	0.02214	0.01256	0.01487	0.00896	0.00661	0.00664	0.00220	0.01020	0.00521	0.00297	0.01035
31	0.01220	0.00789	0.01016	0.00928	0.01140	0.00732	0.00707	0.01599	0.04520	0.09498	0.59284	0.04890	0.08226	0.01366	0.00807	0.00220	0.00364	0.01197	0.00771	0.00725
32	0.00997	0.00748	0.01121	0.01121	0.01246	0.00872	0.00872	0.01246	0.01121	0.01620	0.01869	0.02741	0.01745	0.05234	0.72710	0.01121	0.01869	0.00748	0.00374	0.00623
33	0.01570	0.00947	0.01009	0.00900	0.01134	0.01016	0.00706	0.14986	0.01800	0.02895	0.02092	0.02379	0.01634	0.00959	0.02642	0.00205	0.03336	0.00647	0.58383	0.00761
34	0.00998	0.00745	0.01108	0.01108	0.01228	0.00865	0.00856	0.01238	0.01118	0.01610	0.01881	0.02809	0.01774	0.07830	0.70154	0.01105	0.01825	0.00758	0.00376	0.00616
35	0.01915	0.71086	0.03545	0.01234	0.01815	0.07394	0.01204	0.02136	0.01455	0.01646	0.00977	0.01129	0.00896	0.00605	0.00460	0.00151	0.00780	0.00378	0.00303	0.00890
36	0.02705	0.01124	0.01503	0.01190	0.01660	0.01000	0.00968	0.03069	0.05350	0.56745	0.14087	0.02859	0.02557	0.00962	0.00722	0.00218	0.00548	0.00799	0.00840	0.01095
37	0.02819	0.01688	0.01929	0.01479	0.02031	0.01768	0.01222	0.46036	0.02834	0.27789	0.02050	0.01919	0.01375	0.00847	0.00699	0.00212	0.00707	0.00654	0.00756	0.01187
38	0.01491	0.01082	0.01407	0.07701	0.04424	0.01130	0.01157	0.11149	0.06535	0.06538	0.05904	0.09448	0.08831	0.01470	0.00838	0.00268	0.00632	0.28556	0.00633	0.00803
39	0.02552	0.03143	0.01954	0.01761	0.02125	0.65473	0.01330	0.07044	0.02032	0.01880	0.01146	0.01339	0.00948	0.00890	0.03238	0.00216	0.01248	0.00472	0.00382	0.00827
40	0.02069	0.01540	0.01815	0.04115	0.09949	0.01689	0.01259	0.20909	0.30194	0.09677	0.02245	0.02205	0.01653	0.00854	0.00687	0.00218	0.00642	0.00702	0.06487	0.01090
41	0.01212	0.00606	0.00909	0.00909	0.00909	0.00606	0.00606	0.00909	0.00909	0.01212	0.01212	0.02121	0.01212	0.02424	0.02727	0.79697	0.00606	0.00606	0.00303	0.00303
42	0.01958	0.01800	0.01588	0.01388	0.01731	0.17977	0.01067	0.19351	0.17304	0.02825	0.11658	0.06465	0.02379	0.05799	0.00890	0.00243	0.00732	0.00810	0.03127	0.00907
43	0.01527	0.18240	0.36877	0.04718	0.02820	0.01821	0.14180	0.02115	0.01485	0.02069	0.01295	0.03584	0.01034	0.00673	0.00648	0.00205	0.00950	0.00583	0.00323	0.04856
44	0.02571	0.04023	0.01559	0.01178	0.01636	0.01062	0.00963	0.02951	0.05969	0.51072	0.16287	0.02907	0.02690	0.00971	0.00717	0.00215	0.00544	0.00806	0.00814	0.01065

[dist]
# distance from previous block
# <min> <max>
0	1

[block]
# block no. 3 follows, 30 sequences, length 26
# corresponding to MSA columns:
# 229-254
name=unknown_D
#
# <colnr> <probs for GDERKNQSTAVLIFYWHMCP>
#	G	D	E	R	K	N	Q	S	T	A	V	L	I	F	Y	W	H	M	C	P
0	0.05947	0.01430	0.01615	0.01289	0.01798	0.05522	0.01041	0.07037	0.14154	0.39636	0.02342	0.02140	0.01591	0.00816	0.00664	0.00203	0.00625	0.00649	0.00722	0.10779
1	0.01982	0.01530	0.01706	0.01290	0.01844	0.01491	0.01049	0.32848	0.02285	0.03243	0.01505	0.01649	0.01162	0.00879	0.03710	0.00199	0.00685	0.00536	0.03287	0.37121
2	0.00904	0.00646	0.00871	0.01033	0.01097	0.00613	0.00741	0.01065	0.01389	0.01842	0.03816	0.61862	0.04498	0.02136	0.00905	0.00291	0.00451	0.14612	0.00647	0.00582
3	0.02278	0.01683	0.01845	0.01453	0.01936	0.01820	0.01190	0.52650	0.02932	0.03967	0.12863	0.02460	0.02152	0.00958	0.00720	0.00211	0.00682	0.03101	0.00695	0.04404
4	0.01666	0.01374	0.01485	0.01314	0.01678	0.01540	0.01026	0.10489	0.47101	0.03033	0.16226	0.03127	0.04785	0.01052	0.00734	0.00230	0.00527	0.00883	0.00718	0.01012
5	0.02502	0.01257	0.01715	0.01542	0.09899	0.01074	0.01102	0.02800	0.01798	0.44374	0.02167	0.02044	0.01463	0.00740	0.00650	0.00184	0.00600	0.00613	0.00679	0.22797
6	0.01318	0.01240	0.02093	0.73798	0.04806	0.01550	0.01938	0.01783	0.01395	0.01783	0.01240	0.01860	0.00930	0.00698	0.00698	0.00233	0.00930	0.00620	0.00310	0.00775
7	0.01301	0.00650	0.00650	0.00650	0.00813	0.00650	0.00488	0.01626	0.01463	0.02602	0.02276	0.02602	0.01789	0.00813	0.00488	0.00163	0.00325	0.00650	0.79350	0.00650
8	0.01023	0.00768	0.01097	0.01084	0.01179	0.00890	0.00815	0.01221	0.01099	0.01572	0.01891	0.03035	0.01859	0.18378	0.56565	0.01002	0.04759	0.00792	0.00380	0.00591
9	0.01122	0.00720	0.00793	0.00775	0.00822	0.00728	0.00467	0.03644	0.01171	0.01667	0.02192	0.04144	0.02367	0.60743	0.02955	0.00577	0.00624	0.00942	0.13061	0.00488
10	0.06555	0.01137	0.01462	0.01155	0.01621	0.01022	0.00939	0.05505	0.01970	0.47505	0.15943	0.02786	0.02571	0.00941	0.00700	0.00209	0.00541	0.00775	0.00788	0.05871
11	0.01555	0.00909	0.00940	0.00844	0.01077	0.00950	0.00650	0.14854	0.01803	0.02902	0.02154	0.02504	0.01702	0.04038	0.00661	0.00194	0.00428	0.00662	0.60425	0.00746
12	0.06238	0.03471	0.67522	0.01923	0.02918	0.01617	0.02467	0.02200	0.01456	0.02266	0.01235	0.01452	0.00876	0.00662	0.00649	0.00221	0.01001	0.00507	0.00303	0.01014
13	0.01380	0.00948	0.01160	0.01032	0.01285	0.00942	0.00796	0.07549	0.10071	0.08132	0.51717	0.04388	0.05231	0.01277	0.00790	0.00220	0.00413	0.01110	0.00763	0.00796
14	0.00913	0.00649	0.00864	0.01008	0.01070	0.00618	0.00714	0.01067	0.01382	0.01840	0.06025	0.56355	0.04440	0.07106	0.01082	0.00314	0.00461	0.12882	0.00636	0.00573
15	0.04769	0.58629	0.03225	0.01306	0.01850	0.16836	0.01210	0.02229	0.01523	0.01707	0.00992	0.01148	0.00891	0.00623	0.00484	0.00158	0.00842	0.00389	0.00316	0.00873
16	0.33595	0.08746	0.28943	0.01600	0.02310	0.01714	0.09711	0.02138	0.01373	0.02538	0.01133	0.01354	0.00854	0.00642	0.00570	0.00214	0.00824	0.00485	0.00358	0.00897
17	0.01727	0.01658	0.02832	0.04283	0.71123	0.01658	0.02142	0.02142	0.01589	0.02280	0.01313	0.01727	0.01105	0.00622	0.00691	0.00207	0.00829	0.00622	0.00345	0.01105
18	0.00850	0.00692	0.00756	0.00801	0.00991	0.00599	0.00594	0.01025	0.01538	0.01877	0.06169	0.21103	0.52511	0.01866	0.00848	0.00251	0.00384	0.05910	0.00648	0.00588
19	0.01023	0.00771	0.01110	0.01113	0.01228	0.00883	0.00863	0.01249	0.01166	0.01645	0.02186	0.03444	0.04102	0.11496	0.55132	0.00953	0.04115	0.06505	0.00408	0.00609
20	0.02911	0.01210	0.01580	0.01233	0.01742	0.01099	0.01012	0.06374	0.06177	0.60029	0.02679	0.02370	0.01730	0.00864	0.00689	0.00214	0.00583	0.00701	0.05653	0.01150
21	0.00843	0.00713	0.00732	0.00742	0.00973	0.00602	0.00567	0.01029	0.01592	0.01898	0.06863	0.06786	0.66751	0.01777	0.00833	0.00241	0.00371	0.05447	0.00648	0.00592
22	0.80405	0.01350	0.01026	0.00918	0.01350	0.01565	0.00756	0.02051	0.01188	0.03131	0.00972	0.01134	0.00756	0.00648	0.00432	0.00216	0.00540	0.00378	0.00432	0.00756
23	0.80405	0.01350	0.01026	0.00918	0.01350	0.01565	0.00756	0.02051	0.01188	0.03131	0.00972	0.01134	0.00756	0.00648	0.00432	0.00216	0.00540	0.00378	0.00432	0.00756
24	0.00850	0.00644	0.00795	0.00901	0.01004	0.00589	0.00625	0.00995	0.01400	0.01804	0.04694	0.51194	0.23969	0.02219	0.04561	0.00312	0.00465	0.01770	0.00634	0.00576
25	0.67070	0.03136	0.01089	0.00920	0.01332	0.01479	0.00757	0.02051	0.01277	0.05859	0.04076	0.01447	0.01109	0.00698	0.00463	0.00211	0.00525	0.00445	0.05289	0.00766

[dist]
# distance from previous block
# <min> <max>
0	4

[block]
# block no. 4 follows, 30 sequences, length 20
# corresponding to MSA columns:
# 259-278
name=unknown_E
#
# <colnr> <probs for GDERKNQSTAVLIFYWHMCP>
#	G	D	E	R	K	N	Q	S	T	A	V	L	I	F	Y	W	H	M	C	P
0	0.05706	0.26145	0.02288	0.01368	0.01801	0.25490	0.01140	0.02430	0.04845	0.09676	0.07071	0.01802	0.01555	0.01016	0.04656	0.00235	0.00911	0.00549	0.00450	0.00868
1	0.01428	0.01203	0.01527	0.03717	0.09385	0.01061	0.01010	0.05513	0.04795	0.02336	0.04279	0.15418	0.01962	0.00916	0.00642	0.00169	0.00553	0.00796	0.00489	0.42800
2	0.01540	0.01529	0.02062	0.09719	0.02221	0.05002	0.04459	0.01784	0.01257	0.01849	0.01054	0.01550	0.00949	0.00955	0.01577	0.00244	0.43056	0.00570	0.00334	0.18287
3	0.02403	0.01804	0.01938	0.01539	0.02041	0.02003	0.01252	0.54588	0.13609	0.04012	0.01986	0.06146	0.01537	0.00934	0.00711	0.00218	0.00713	0.00733	0.00697	0.01137
4	0.01200	0.00612	0.00910	0.00907	0.00916	0.00609	0.00609	0.00931	0.00965	0.01296	0.04870	0.02284	0.01495	0.02372	0.02627	0.75516	0.00591	0.00641	0.00327	0.00322
5	0.01762	0.59867	0.18780	0.01370	0.02064	0.02508	0.01501	0.02116	0.01430	0.01768	0.01033	0.01198	0.00893	0.00612	0.00495	0.00165	0.00809	0.00405	0.00298	0.00926
6	0.01390	0.01188	0.01253	0.01153	0.01479	0.01290	0.00888	0.02667	0.43006	0.02584	0.09517	0.04105	0.24132	0.01243	0.00755	0.00235	0.00472	0.01042	0.00695	0.00907
7	0.01001	0.00732	0.01043	0.01043	0.01141	0.00830	0.00775	0.01196	0.01098	0.01562	0.01941	0.03138	0.01917	0.20497	0.57682	0.01025	0.01610	0.00806	0.00384	0.00580
8	0.02031	0.52724	0.07241	0.01398	0.01959	0.20911	0.01316	0.02278	0.01567	0.01693	0.01015	0.01176	0.00896	0.00633	0.00508	0.00161	0.00897	0.00401	0.00314	0.00881
9	0.01719	0.01317	0.01523	0.01147	0.01711	0.01135	0.00917	0.10534	0.06560	0.07722	0.01639	0.04957	0.01344	0.00690	0.00584	0.00143	0.00552	0.00560	0.00515	0.54730
10	0.01383	0.01670	0.17035	0.11729	0.02208	0.03235	0.01424	0.07738	0.01534	0.02173	0.01980	0.17510	0.01913	0.02964	0.05963	0.00308	0.08345	0.00903	0.09194	0.00793
11	0.01689	0.01452	0.01591	0.04105	0.04107	0.01654	0.01132	0.06317	0.56674	0.02841	0.03019	0.02836	0.07518	0.00988	0.00718	0.00234	0.00569	0.00825	0.00678	0.01055
12	0.05767	0.02483	0.01853	0.12181	0.02418	0.43127	0.01372	0.07679	0.04378	0.02080	0.01493	0.02142	0.01304	0.00862	0.00675	0.00209	0.01047	0.07682	0.00426	0.00824
13	0.05676	0.05599	0.01706	0.01340	0.01754	0.10133	0.01076	0.25064	0.16890	0.04793	0.04433	0.02073	0.01632	0.00844	0.00636	0.00202	0.00674	0.00645	0.13851	0.00980
14	0.01226	0.00613	0.00869	0.00869	0.00894	0.00613	0.00588	0.01022	0.00996	0.01430	0.01379	0.02197	0.01303	0.02172	0.02376	0.67223	0.00562	0.00613	0.12701	0.00358
15	0.01696	0.01844	0.10549	0.06527	0.25758	0.04633	0.01668	0.06494	0.22840	0.02515	0.02188	0.02300	0.06245	0.00828	0.00701	0.00220	0.00755	0.00713	0.00493	0.01034
16	0.02029	0.01472	0.01620	0.01352	0.01726	0.01595	0.01063	0.44287	0.02568	0.03469	0.02311	0.21582	0.02200	0.04685	0.00873	0.00249	0.00646	0.01012	0.04300	0.00960
17	0.01480	0.04819	0.02163	0.07820	0.02096	0.01814	0.08670	0.01720	0.01217	0.01832	0.01236	0.01888	0.01133	0.05673	0.01783	0.00291	0.43586	0.00654	0.09369	0.00756
18	0.01857	0.01890	0.17239	0.08790	0.02332	0.01520	0.01480	0.22590	0.05303	0.08509	0.06399	0.05878	0.01838	0.04353	0.00838	0.00239	0.00751	0.02515	0.00556	0.05124
19	0.01971	0.56318	0.06543	0.01470	0.04831	0.15223	0.01327	0.02223	0.01528	0.01707	0.01017	0.01187	0.00904	0.00623	0.00501	0.00161	0.00855	0.00404	0.00311	0.00895

[dist]
# distance from previous block
# <min> <max>
0	1

[block]
# block no. 5 follows, 30 sequences, length 22
# corresponding to MSA columns:
# 280-301
name=unknown_F
#
# <colnr> <probs for GDERKNQSTAVLIFYWHMCP>
#	G	D	E	R	K	N	Q	S	T	A	V	L	I	F	Y	W	H	M	C	P
0	0.04342	0.01250	0.01431	0.01112	0.01617	0.01119	0.00888	0.08809	0.08736	0.09375	0.09738	0.02373	0.05563	0.00801	0.00621	0.00163	0.00524	0.00653	0.00569	0.40316
1	0.02486	0.02893	0.01949	0.01853	0.06363	0.56795	0.01335	0.06175	0.02002	0.05618	0.01539	0.01665	0.04768	0.00784	0.00651	0.00188	0.01121	0.00539	0.00419	0.00856
2	0.00857	0.00704	0.00754	0.00751	0.00965	0.00601	0.00560	0.01060	0.01653	0.02055	0.19105	0.09327	0.55747	0.01720	0.00827	0.00235	0.00351	0.01454	0.00671	0.00601
3	0.01002	0.00780	0.01061	0.00961	0.01132	0.00722	0.05297	0.01229	0.01612	0.02176	0.33463	0.07683	0.18163	0.19925	0.01506	0.00340	0.00482	0.01239	0.00624	0.00602
4	0.01642	0.01445	0.01533	0.01157	0.01723	0.06060	0.00918	0.09063	0.03624	0.02462	0.01422	0.04345	0.01211	0.00642	0.00564	0.00131	0.00592	0.00511	0.00458	0.60496
5	0.01627	0.38875	0.38586	0.01601	0.02421	0.02177	0.01903	0.02151	0.01446	0.01933	0.01115	0.01301	0.00890	0.00631	0.00558	0.00186	0.00892	0.00446	0.00297	0.00965
6	0.00862	0.00711	0.00759	0.00756	0.00977	0.00608	0.00573	0.01069	0.01653	0.02040	0.17232	0.06515	0.58021	0.01718	0.00830	0.00236	0.00360	0.03812	0.00667	0.00602
7	0.01400	0.03610	0.71860	0.01989	0.03020	0.01621	0.02578	0.02210	0.01473	0.02210	0.01252	0.01473	0.00884	0.00663	0.00663	0.00221	0.01031	0.00516	0.00295	0.01031
8	0.07327	0.70712	0.03474	0.01175	0.01760	0.02678	0.01164	0.02087	0.01402	0.01745	0.00970	0.01120	0.00886	0.00601	0.00447	0.00154	0.00732	0.00373	0.00308	0.00886
9	0.02653	0.01955	0.02094	0.01606	0.02164	0.02164	0.01326	0.68796	0.03281	0.04398	0.01675	0.01675	0.01187	0.00838	0.00698	0.00209	0.00768	0.00628	0.00698	0.01187
10	0.00942	0.00710	0.00828	0.00821	0.00980	0.00647	0.00599	0.01148	0.01614	0.02117	0.28241	0.05854	0.29835	0.16102	0.01369	0.00323	0.00430	0.06208	0.00646	0.00585
11	0.00970	0.00713	0.00909	0.00860	0.01032	0.00651	0.00645	0.01283	0.01934	0.02701	0.63967	0.05373	0.13432	0.01463	0.00823	0.00221	0.00332	0.01284	0.00755	0.00651
12	0.00984	0.00700	0.00947	0.01097	0.01189	0.00680	0.00845	0.01187	0.01435	0.01889	0.03664	0.40095	0.04203	0.07150	0.01108	0.00328	0.00530	0.30748	0.00630	0.00591
13	0.12051	0.58667	0.03141	0.01222	0.01773	0.09963	0.01154	0.02158	0.01447	0.01840	0.00982	0.01136	0.00878	0.00616	0.00465	0.00161	0.00774	0.00382	0.00322	0.00868
14	0.70928	0.01473	0.05176	0.05514	0.01661	0.01568	0.00934	0.02044	0.01217	0.02994	0.01005	0.01198	0.00774	0.00652	0.00462	0.00217	0.00592	0.00401	0.00416	0.00773
15	0.01694	0.01664	0.02751	0.14193	0.56334	0.04053	0.04905	0.02116	0.01577	0.02187	0.01298	0.01737	0.01071	0.00635	0.00695	0.00211	0.00873	0.00624	0.00341	0.01041
16	0.00825	0.00707	0.00707	0.00707	0.00943	0.00589	0.00530	0.01001	0.01591	0.01885	0.07069	0.06716	0.70839	0.01767	0.00825	0.00236	0.00353	0.01473	0.00648	0.00589
17	0.01018	0.00782	0.01160	0.01152	0.01266	0.00925	0.00896	0.01256	0.01129	0.01631	0.01913	0.06125	0.01838	0.04876	0.65558	0.01038	0.05627	0.00799	0.00383	0.00628
18	0.00912	0.00757	0.00804	0.00784	0.01016	0.00674	0.00590	0.01230	0.05912	0.02123	0.18939	0.06174	0.54322	0.01651	0.00817	0.00233	0.00361	0.01390	0.00675	0.00634
19	0.01346	0.01271	0.02133	0.67877	0.08179	0.01575	0.01936	0.01798	0.01395	0.01806	0.01234	0.01843	0.00939	0.00710	0.00748	0.00234	0.03252	0.00620	0.00312	0.00792
20	0.23847	0.01021	0.00970	0.00894	0.01158	0.01112	0.00682	0.08520	0.04774	0.02757	0.01973	0.07338	0.01728	0.08900	0.00861	0.00250	0.00485	0.00709	0.31294	0.00726
21	0.49176	0.01500	0.01379	0.08977	0.01897	0.05001	0.01011	0.13394	0.01661	0.04820	0.04526	0.01537	0.01159	0.00732	0.00541	0.00215	0.00646	0.00501	0.00487	0.00840

[dist]
# distance from previous block
# <min> <max>
5	13

[block]
# block no. 6 follows, 30 sequences, length 91
# corresponding to MSA columns:
# 315-405
name=unknown_G
#
# <colnr> <probs for GDERKNQSTAVLIFYWHMCP>
#	G	D	E	R	K	N	Q	S	T	A	V	L	I	F	Y	W	H	M	C	P
0	0.01774	0.14917	0.43847	0.01802	0.02613	0.14151	0.02054	0.07137	0.01683	0.02192	0.01208	0.01395	0.00910	0.00675	0.00626	0.00202	0.01006	0.00490	0.00336	0.00983
1	0.01713	0.01232	0.01491	0.02942	0.01755	0.00961	0.00887	0.02020	0.01534	0.13331	0.01482	0.01606	0.01142	0.00577	0.00551	0.00125	0.00540	0.00465	0.00483	0.65164
2	0.02370	0.01712	0.01870	0.01491	0.01964	0.01870	0.01207	0.55847	0.02926	0.05825	0.02062	0.13744	0.01765	0.01060	0.00730	0.00222	0.00703	0.00853	0.00694	0.01085
3	0.02504	0.02107	0.02056	0.05457	0.02279	0.13509	0.01360	0.49934	0.05504	0.03682	0.01578	0.01649	0.01155	0.00827	0.00737	0.00210	0.03148	0.00605	0.00611	0.01087
4	0.58276	0.08489	0.01396	0.01044	0.01483	0.05486	0.00868	0.05651	0.04864	0.02953	0.01151	0.01289	0.00902	0.00677	0.00474	0.00207	0.00603	0.00424	0.02955	0.00809
5	0.01620	0.01359	0.01542	0.03366	0.05574	0.01509	0.01120	0.08956	0.41652	0.02800	0.06393	0.03472	0.10015	0.01108	0.00747	0.00239	0.00572	0.06300	0.00669	0.00986
6	0.01212	0.00606	0.00909	0.00909	0.00909	0.00606	0.00606	0.00909	0.00909	0.01212	0.01212	0.02121	0.01212	0.02424	0.02727	0.79697	0.00606	0.00606	0.00303	0.00303
7	0.01596	0.02003	0.11439	0.02896	0.10408	0.01691	0.51716	0.02173	0.01609	0.02219	0.01479	0.04680	0.01183	0.00663	0.00795	0.00233	0.01094	0.00814	0.00357	0.00954
8	0.01527	0.01453	0.02112	0.13296	0.02377	0.01835	0.05166	0.05576	0.01321	0.01939	0.01124	0.01668	0.01000	0.01234	0.05607	0.00310	0.42892	0.00613	0.00346	0.08604
9	0.02320	0.01061	0.01391	0.01156	0.01565	0.00958	0.00946	0.05904	0.01976	0.42799	0.14126	0.03822	0.09287	0.01157	0.00762	0.00230	0.00543	0.08217	0.00795	0.00985
10	0.02045	0.61372	0.06008	0.01233	0.01838	0.02445	0.01222	0.02300	0.01511	0.12615	0.01260	0.01330	0.01025	0.00641	0.00496	0.00162	0.00734	0.00430	0.00387	0.00947
11	0.02552	0.13236	0.01955	0.01263	0.01765	0.01524	0.01062	0.18258	0.02139	0.36222	0.04428	0.02381	0.04405	0.04665	0.00814	0.00228	0.00646	0.00696	0.00701	0.01062
12	0.01835	0.63790	0.12336	0.01320	0.01963	0.05348	0.01378	0.02132	0.01447	0.01717	0.01011	0.01170	0.00894	0.00610	0.00482	0.00160	0.00803	0.00394	0.00300	0.00910
13	0.01043	0.00752	0.01028	0.01180	0.01316	0.00736	0.00980	0.01310	0.01541	0.02005	0.03909	0.23768	0.07695	0.01981	0.00939	0.00308	0.00571	0.47674	0.00644	0.00622
14	0.02177	0.00977	0.01314	0.01080	0.01453	0.00862	0.00862	0.02473	0.01988	0.40985	0.33015	0.03638	0.03889	0.01114	0.00756	0.00218	0.00476	0.00951	0.00821	0.00952
15	0.02417	0.01724	0.01863	0.01460	0.01949	0.01886	0.01194	0.56180	0.02969	0.05753	0.04572	0.04217	0.01578	0.00902	0.00690	0.00208	0.00694	0.00700	0.07947	0.01097
16	0.80405	0.01350	0.01026	0.00918	0.01350	0.01565	0.00756	0.02051	0.01188	0.03131	0.00972	0.01134	0.00756	0.00648	0.00432	0.00216	0.00540	0.00378	0.00432	0.00756
17	0.01212	0.00606	0.00909	0.00909	0.00909	0.00606	0.00606	0.00909	0.00909	0.01212	0.01212	0.02121	0.01212	0.02424	0.02727	0.79697	0.00606	0.00606	0.00303	0.00303
18	0.01414	0.01370	0.02331	0.45348	0.07501	0.01626	0.10690	0.01932	0.05202	0.01914	0.01351	0.01904	0.01061	0.00968	0.04346	0.00282	0.08931	0.00662	0.00342	0.00825
19	0.80405	0.01350	0.01026	0.00918	0.01350	0.01565	0.00756	0.02051	0.01188	0.03131	0.00972	0.01134	0.00756	0.00648	0.00432	0.00216	0.00540	0.00378	0.00432	0.00756
20	0.01447	0.01240	0.01447	0.01034	0.01654	0.00930	0.00827	0.01757	0.01447	0.02274	0.01240	0.01447	0.01034	0.00517	0.00517	0.00103	0.00517	0.00413	0.00413	0.79742
21	0.05290	0.01199	0.01572	0.01218	0.01739	0.01067	0.01003	0.06049	0.02006	0.62827	0.02891	0.02547	0.05478	0.00906	0.00700	0.00217	0.00586	0.00731	0.00832	0.01142
22	0.00980	0.00713	0.00922	0.00870	0.01038	0.00655	0.00652	0.01301	0.01956	0.02754	0.67635	0.05286	0.09731	0.01443	0.00823	0.00220	0.00330	0.01272	0.00762	0.00655
23	0.01162	0.00843	0.01001	0.00926	0.01122	0.03539	0.00700	0.01474	0.01957	0.06496	0.61043	0.04975	0.09318	0.01385	0.00809	0.00219	0.00382	0.01209	0.00751	0.00690
