[name]
unknown

[dist]
# distance from previous block
# <min> <max>
5	21

[block]
# block no. 0 follows, 29 sequences, length 42
# corresponding to MSA columns:
# 21-62
name=unknown_A
#
# <colnr> <probs for GDERKNQSTAVLIFYWHMCP>
#	G	D	E	R	K	N	Q	S	T	A	V	L	I	F	Y	W	H	M	C	P
0	0.01894	0.01922	0.05368	0.05745	0.49166	0.07946	0.01980	0.07835	0.06651	0.02483	0.01456	0.01774	0.01177	0.00689	0.00701	0.00213	0.00871	0.00627	0.00407	0.01095
1	0.01019	0.00757	0.01113	0.01113	0.01229	0.00873	0.00851	0.01251	0.01135	0.01630	0.01936	0.02958	0.01850	0.11343	0.66247	0.01105	0.01802	0.00786	0.00386	0.00618
2	0.01017	0.00763	0.01144	0.01144	0.01272	0.00890	0.00890	0.01272	0.01144	0.01653	0.01907	0.02797	0.01780	0.05340	0.72153	0.01144	0.01907	0.00763	0.00381	0.00636
3	0.00873	0.00716	0.00730	0.00730	0.00931	0.00616	0.00523	0.01024	0.01526	0.01834	0.06396	0.06492	0.59122	0.13833	0.01299	0.00314	0.00415	0.01426	0.00623	0.00573
4	0.01034	0.00696	0.00806	0.00806	0.00816	0.00706	0.00468	0.01054	0.01044	0.01403	0.02217	0.04510	0.02524	0.69385	0.09126	0.00727	0.00788	0.01014	0.00427	0.00448
5	0.02452	0.01887	0.02091	0.04980	0.14201	0.11166	0.01439	0.24236	0.11096	0.16305	0.01912	0.01931	0.01378	0.00814	0.00704	0.00215	0.00805	0.00651	0.00621	0.01117
6	0.01783	0.01778	0.04559	0.08796	0.44941	0.05071	0.03964	0.04805	0.08782	0.02405	0.01497	0.01824	0.01205	0.00683	0.00699	0.00211	0.00843	0.00636	0.00405	0.05111
7	0.80005	0.01377	0.01047	0.00936	0.01377	0.01597	0.00771	0.02093	0.01212	0.03195	0.00991	0.01157	0.00771	0.00661	0.00441	0.00220	0.00551	0.00386	0.00441	0.00771
8	0.01725	0.01601	0.01590	0.01534	0.05297	0.08280	0.01123	0.03225	0.49892	0.02680	0.03253	0.03069	0.11554	0.01044	0.00732	0.00234	0.00618	0.00861	0.00663	0.01025
9	0.01017	0.00763	0.01144	0.01144	0.01272	0.00890	0.00890	0.01272	0.01144	0.01653	0.01907	0.02797	0.01780	0.05340	0.72153	0.01144	0.01907	0.00763	0.00381	0.00636
10	0.01791	0.01690	0.02824	0.06957	0.64650	0.01712	0.02137	0.05352	0.01697	0.02411	0.01354	0.01765	0.01125	0.00648	0.00706	0.00213	0.00847	0.00635	0.00368	0.01119
11	0.00985	0.00727	0.00920	0.00872	0.01050	0.00662	0.00654	0.01299	0.01961	0.02727	0.61477	0.05531	0.15480	0.01504	0.00840	0.00226	0.00339	0.01317	0.00767	0.00662
12	0.80005	0.01377	0.01047	0.00936	0.01377	0.01597	0.00771	0.02093	0.01212	0.03195	0.00991	0.01157	0.00771	0.00661	0.00441	0.00220	0.00551	0.00386	0.00441	0.00771
13	0.01345	0.01266	0.02136	0.73264	0.04904	0.01582	0.01978	0.01819	0.01424	0.01819	0.01266	0.01898	0.00949	0.00712	0.00712	0.00237	0.00949	0.00633	0.00316	0.00791
14	0.01762	0.01692	0.02890	0.04371	0.70533	0.01692	0.02185	0.02185	0.01621	0.02326	0.01339	0.01762	0.01128	0.00634	0.00705	0.00211	0.00846	0.00634	0.00352	0.01128
15	0.80005	0.01377	0.01047	0.00936	0.01377	0.01597	0.00771	0.02093	0.01212	0.03195	0.00991	0.01157	0.00771	0.00661	0.00441	0.00220	0.00551	0.00386	0.00441	0.00771
16	0.01327	0.00664	0.00664	0.00664	0.00830	0.00664	0.00498	0.01659	0.01493	0.02655	0.02323	0.02655	0.01825	0.00830	0.00498	0.00166	0.00332	0.00664	0.78928	0.00664
17	0.01886	0.72726	0.06254	0.01249	0.01874	0.02774	0.01271	0.02137	0.01449	0.01697	0.01001	0.01156	0.00913	0.00612	0.00465	0.00155	0.00772	0.00386	0.00304	0.00919
18	0.00937	0.00720	0.00857	0.00834	0.01023	0.00640	0.00621	0.01202	0.01831	0.02444	0.42548	0.09472	0.31037	0.01629	0.00844	0.00234	0.00349	0.01408	0.00730	0.00640
19	0.01102	0.01031	0.00937	0.00902	0.01173	0.06191	0.00682	0.01524	0.10564	0.02049	0.06180	0.05877	0.56005	0.01612	0.00811	0.00236	0.00458	0.01331	0.00647	0.00687
20	0.00923	0.00755	0.00818	0.00797	0.01024	0.00667	0.00599	0.01217	0.04429	0.02213	0.23711	0.06279	0.50700	0.01678	0.00836	0.00236	0.00362	0.01418	0.00696	0.00641
21	0.08578	0.02363	0.01846	0.01691	0.03937	0.34494	0.01276	0.02951	0.18222	0.08605	0.01680	0.01752	0.01297	0.00841	0.00806	0.00216	0.07427	0.00581	0.00502	0.00935
22	0.01821	0.01911	0.05646	0.04070	0.62261	0.07344	0.02139	0.02241	0.01648	0.02277	0.01318	0.01713	0.01102	0.00644	0.00699	0.00210	0.00890	0.00616	0.00351	0.01101
23	0.01904	0.75404	0.03731	0.01218	0.01828	0.02818	0.01218	0.02132	0.01447	0.01675	0.00990	0.01142	0.00914	0.00609	0.00457	0.00152	0.00761	0.00381	0.00305	0.00914
24	0.01762	0.01692	0.02890	0.04371	0.70533	0.01692	0.02185	0.02185	0.01621	0.02326	0.01339	0.01762	0.01128	0.00634	0.00705	0.00211	0.00846	0.00634	0.00352	0.01128
25	0.73800	0.01427	0.01134	0.00993	0.01444	0.01646	0.00818	0.07397	0.01383	0.03299	0.01049	0.01201	0.00806	0.00677	0.00462	0.00220	0.00570	0.00406	0.00462	0.00806
26	0.01008	0.00728	0.00952	0.00896	0.01064	0.00672	0.00672	0.01344	0.02016	0.02855	0.70158	0.05319	0.06719	0.01456	0.00840	0.00224	0.00336	0.01288	0.00784	0.00672
27	0.02707	0.01995	0.02137	0.01638	0.02208	0.02208	0.01353	0.68159	0.03348	0.04488	0.01710	0.01710	0.01211	0.00855	0.00712	0.00214	0.00784	0.00641	0.00712	0.01211
28	0.01345	0.01266	0.02136	0.73264	0.04904	0.01582	0.01978	0.01819	0.01424	0.01819	0.01266	0.01898	0.00949	0.00712	0.00712	0.00237	0.00949	0.00633	0.00316	0.00791
29	0.00899	0.00724	0.00801	0.00781	0.00997	0.00625	0.00586	0.01133	0.01758	0.02244	0.28866	0.06325	0.48392	0.01684	0.00841	0.00235	0.00352	0.01429	0.00703	0.00625
30	0.01558	0.01558	0.02181	0.01869	0.01869	0.02181	0.01558	0.01714	0.01091	0.01714	0.00935	0.01558	0.00935	0.01246	0.02337	0.00312	0.73672	0.00623	0.00312	0.00779
31	0.03195	0.01212	0.01652	0.01267	0.01818	0.01047	0.01047	0.03470	0.02038	0.71026	0.02809	0.02424	0.01763	0.00881	0.00716	0.00220	0.00606	0.00716	0.00881	0.01212
32	0.01454	0.06516	0.65189	0.01989	0.02972	0.01727	0.02521	0.02224	0.01481	0.02205	0.01250	0.01491	0.00904	0.00701	0.00748	0.00227	0.04542	0.00525	0.00301	0.01034
33	0.00846	0.00704	0.00739	0.00766	0.00974	0.00597	0.00561	0.01017	0.01580	0.01906	0.06664	0.18157	0.59295	0.01875	0.00853	0.00249	0.00369	0.01590	0.00661	0.00597
34	0.01117	0.00835	0.00977	0.00959	0.01176	0.00798	0.00723	0.01585	0.10539	0.04860	0.24499	0.16450	0.26428	0.01633	0.00839	0.00247	0.00411	0.04499	0.00714	0.00712
35	0.00978	0.00712	0.00880	0.00859	0.00999	0.00657	0.00612	0.01219	0.01744	0.02395	0.44635	0.10979	0.14808	0.13850	0.01311	0.00309	0.00405	0.01335	0.00698	0.00614
36	0.02025	0.65412	0.03483	0.01285	0.01867	0.10037	0.01229	0.02251	0.01526	0.03953	0.01061	0.01199	0.00942	0.00631	0.00485	0.00158	0.00811	0.00400	0.00330	0.00914
37	0.02285	0.05099	0.22197	0.01631	0.04601	0.01487	0.01579	0.09824	0.06669	0.28255	0.02000	0.01943	0.01367	0.00776	0.00679	0.00210	0.00761	0.00619	0.00603	0.07415
38	0.01240	0.00931	0.01209	0.01301	0.01505	0.00967	0.01106	0.01850	0.12965	0.02331	0.08954	0.06916	0.03987	0.01759	0.00929	0.00305	0.00615	0.49717	0.00677	0.00736
39	0.01655	0.01581	0.06957	0.01261	0.01659	0.08658	0.01062	0.08172	0.17989	0.07376	0.13037	0.03858	0.21398	0.01204	0.00759	0.00227	0.00613	0.00987	0.00653	0.00893
40	0.02076	0.01556	0.01855	0.04238	0.04809	0.03876	0.04393	0.32169	0.02414	0.07474	0.06319	0.10340	0.02090	0.02986	0.00813	0.00233	0.00711	0.02857	0.03765	0.05027
41	0.01674	0.01112	0.01350	0.03882	0.01608	0.01140	0.00962	0.20127	0.02061	0.10184	0.08085	0.33762	0.05399	0.01562	0.00821	0.00254	0.00560	0.03919	0.00695	0.00843

[dist]
# distance from previous block
# <min> <max>
1	14

[block]
# block no. 1 follows, 29 sequences, length 20
# corresponding to MSA columns:
# 77-96
name=unknown_B
#
# <colnr> <probs for GDERKNQSTAVLIFYWHMCP>
#	G	D	E	R	K	N	Q	S	T	A	V	L	I	F	Y	W	H	M	C	P
0	0.05374	0.01681	0.02338	0.08690	0.32692	0.09641	0.06805	0.04624	0.01780	0.02441	0.14663	0.02390	0.02156	0.00819	0.00723	0.00216	0.00817	0.00745	0.00454	0.00950
1	0.00943	0.00725	0.00862	0.00828	0.01024	0.00644	0.00621	0.01218	0.01862	0.02491	0.45562	0.05918	0.31541	0.01592	0.00841	0.00230	0.00346	0.01372	0.00736	0.00644
2	0.01360	0.01296	0.02192	0.62367	0.04499	0.01602	0.04987	0.01805	0.01410	0.01833	0.01339	0.04311	0.01080	0.00796	0.00843	0.00245	0.06226	0.00688	0.00330	0.00791
3	0.00888	0.00723	0.00786	0.00770	0.00990	0.00621	0.00578	0.01112	0.01733	0.02185	0.24876	0.06422	0.52419	0.01706	0.00841	0.00236	0.00354	0.01442	0.00696	0.00621
4	0.01585	0.01473	0.02429	0.42367	0.30287	0.01661	0.02023	0.05750	0.01611	0.02169	0.01320	0.01835	0.01034	0.00690	0.00709	0.00226	0.00900	0.00634	0.00353	0.00946
5	0.01904	0.75404	0.03731	0.01218	0.01828	0.02818	0.01218	0.02132	0.01447	0.01675	0.00990	0.01142	0.00914	0.00609	0.00457	0.00152	0.00761	0.00381	0.00305	0.00914
6	0.01266	0.00666	0.00703	0.00716	0.00864	0.00669	0.00526	0.01566	0.01450	0.02496	0.02425	0.08332	0.02076	0.03872	0.03979	0.00240	0.00425	0.00788	0.66293	0.00647
7	0.02707	0.01995	0.02137	0.01638	0.02208	0.02208	0.01353	0.68159	0.03348	0.04488	0.01710	0.01710	0.01211	0.00855	0.00712	0.00214	0.00784	0.00641	0.00712	0.01211
8	0.01762	0.01692	0.02890	0.04371	0.70533	0.01692	0.02185	0.02185	0.01621	0.02326	0.01339	0.01762	0.01128	0.00634	0.00705	0.00211	0.00846	0.00634	0.00352	0.01128
9	0.01017	0.00763	0.01144	0.01144	0.01272	0.00890	0.00890	0.01272	0.01144	0.01653	0.01907	0.02797	0.01780	0.05340	0.72153	0.01144	0.01907	0.00763	0.00381	0.00636
10	0.80005	0.01377	0.01047	0.00936	0.01377	0.01597	0.00771	0.02093	0.01212	0.03195	0.00991	0.01157	0.00771	0.00661	0.00441	0.00220	0.00551	0.00386	0.00441	0.00771
11	0.01771	0.01530	0.01610	0.01449	0.01852	0.01771	0.01127	0.03784	0.69247	0.02979	0.02898	0.02657	0.02174	0.00966	0.00725	0.00242	0.00564	0.00805	0.00725	0.01127
12	0.01017	0.00695	0.00809	0.00817	0.00840	0.00699	0.00487	0.01054	0.01086	0.01449	0.02512	0.07845	0.05612	0.62202	0.09424	0.00692	0.00770	0.01078	0.00448	0.00464
13	0.00892	0.00709	0.00787	0.00795	0.00982	0.00619	0.00577	0.01089	0.01642	0.02081	0.20133	0.14525	0.44690	0.06048	0.01012	0.00269	0.00381	0.01492	0.00674	0.00604
14	0.02210	0.05720	0.06342	0.06450	0.18806	0.28135	0.01650	0.12883	0.06681	0.02431	0.01393	0.01602	0.01102	0.00735	0.00672	0.00203	0.00995	0.00564	0.00433	0.00995
15	0.01764	0.01712	0.02477	0.13466	0.43332	0.06342	0.01897	0.02487	0.14740	0.02342	0.01616	0.01924	0.01291	0.00716	0.00706	0.00219	0.00835	0.00656	0.00420	0.01060
16	0.02419	0.21659	0.02433	0.01646	0.02085	0.51566	0.01314	0.02619	0.01850	0.01749	0.01079	0.01256	0.00922	0.00694	0.00590	0.00172	0.01120	0.00437	0.00353	0.04035
17	0.01158	0.00851	0.01054	0.01084	0.01240	0.00837	0.00783	0.08920	0.03663	0.02316	0.11439	0.50131	0.04306	0.01866	0.00861	0.00266	0.00466	0.04386	0.00674	0.03698
18	0.52170	0.11015	0.01569	0.01095	0.01562	0.01813	0.00924	0.11161	0.05246	0.03150	0.03796	0.01468	0.01149	0.00727	0.00510	0.00212	0.00602	0.00476	0.00488	0.00865
19	0.02206	0.01805	0.05240	0.01689	0.05029	0.01803	0.04257	0.37088	0.11221	0.05886	0.01926	0.05988	0.01511	0.00881	0.00707	0.00211	0.00731	0.00721	0.00632	0.10469

[dist]
# distance from previous block
# <min> <max>
0	1

[block]
# block no. 2 follows, 29 sequences, length 40
# corresponding to MSA columns:
# 98-137
name=unknown_C
#
# <colnr> <probs for GDERKNQSTAVLIFYWHMCP>
#	G	D	E	R	K	N	Q	S	T	A	V	L	I	F	Y	W	H	M	C	P
0	0.01685	0.01617	0.02554	0.08345	0.48887	0.04614	0.04036	0.02153	0.04157	0.02263	0.01722	0.02658	0.01556	0.00840	0.00746	0.00230	0.00846	0.09662	0.00407	0.01021
1	0.01511	0.08867	0.46214	0.02410	0.17452	0.01704	0.02301	0.02163	0.01500	0.02182	0.01311	0.01619	0.01012	0.00981	0.05552	0.00279	0.01043	0.00554	0.00318	0.01029
2	0.01762	0.01692	0.02890	0.04371	0.70533	0.01692	0.02185	0.02185	0.01621	0.02326	0.01339	0.01762	0.01128	0.00634	0.00705	0.00211	0.00846	0.00634	0.00352	0.01128
3	0.00983	0.00719	0.00923	0.00889	0.01053	0.00659	0.00660	0.01290	0.01933	0.02699	0.59876	0.10793	0.11773	0.01544	0.00845	0.00230	0.00344	0.01362	0.00764	0.00659
4	0.01546	0.01541	0.02178	0.06006	0.02045	0.02146	0.01582	0.01720	0.01110	0.01720	0.00954	0.01578	0.00936	0.01215	0.02243	0.00307	0.69458	0.00624	0.00312	0.00780
5	0.01486	0.11409	0.60935	0.01934	0.02893	0.01803	0.02431	0.02218	0.01479	0.02168	0.01232	0.01466	0.00905	0.00694	0.00724	0.00221	0.04160	0.00515	0.00302	0.01025
6	0.00978	0.00658	0.00792	0.00865	0.00893	0.00639	0.00537	0.01052	0.01207	0.01648	0.02992	0.35439	0.03483	0.38504	0.02242	0.00483	0.00547	0.01451	0.05081	0.00510
7	0.01667	0.01328	0.01543	0.01116	0.01740	0.01065	0.00899	0.07759	0.01669	0.05752	0.01378	0.01542	0.01102	0.00573	0.00553	0.00120	0.00554	0.00455	0.00469	0.68716
8	0.07070	0.05805	0.02074	0.01880	0.05605	0.59113	0.01375	0.05335	0.01983	0.01963	0.01127	0.01313	0.00931	0.00725	0.00630	0.00187	0.01180	0.00468	0.00382	0.00856
9	0.01770	0.01745	0.02760	0.11510	0.59633	0.05761	0.02116	0.02185	0.01623	0.02239	0.01318	0.01749	0.01097	0.00648	0.00702	0.00213	0.00882	0.00624	0.00349	0.01075
10	0.01455	0.03493	0.64033	0.02135	0.03151	0.01670	0.09692	0.02258	0.01523	0.02258	0.01295	0.01548	0.00921	0.00668	0.00694	0.00227	0.01068	0.00560	0.00307	0.01042
11	0.01959	0.01494	0.01815	0.04918	0.11433	0.01646	0.01298	0.03433	0.47217	0.12760	0.02600	0.02467	0.01917	0.00897	0.00720	0.00234	0.00625	0.00761	0.00679	0.01125
12	0.01622	0.01364	0.03289	0.01281	0.01673	0.01387	0.01053	0.16611	0.21873	0.02835	0.03512	0.03901	0.17559	0.01460	0.04902	0.00288	0.00664	0.08059	0.00649	0.06017
13	0.00867	0.00623	0.00823	0.00982	0.01030	0.00579	0.00657	0.00993	0.01372	0.01821	0.04041	0.72125	0.07020	0.02216	0.00906	0.00287	0.00411	0.02006	0.00661	0.00579
14	0.04602	0.04756	0.13003	0.10947	0.28967	0.01702	0.10886	0.05052	0.04823	0.02400	0.01448	0.01799	0.01134	0.00680	0.00691	0.00218	0.00880	0.00637	0.04360	0.01014
15	0.01853	0.67805	0.10888	0.01304	0.01960	0.02694	0.01368	0.02145	0.01453	0.01737	0.01020	0.01181	0.00913	0.00616	0.00480	0.00160	0.00792	0.00396	0.00304	0.00928
16	0.76976	0.01466	0.03754	0.00979	0.01443	0.01600	0.00843	0.02099	0.01223	0.03159	0.01003	0.01170	0.00776	0.00662	0.00450	0.00221	0.00570	0.00391	0.00435	0.00782
17	0.01935	0.72383	0.03659	0.01244	0.01843	0.05724	0.01225	0.02162	0.01471	0.01678	0.00995	0.01148	0.00914	0.00614	0.00465	0.00154	0.00783	0.00384	0.00307	0.00910
18	0.00923	0.00659	0.00873	0.00981	0.01057	0.00618	0.00684	0.01103	0.01519	0.02061	0.19183	0.52014	0.05061	0.04680	0.00996	0.00291	0.00420	0.05597	0.00681	0.00599
19	0.00967	0.00714	0.00903	0.00881	0.01045	0.00650	0.00651	0.01255	0.01881	0.02595	0.53037	0.13607	0.15978	0.01598	0.00848	0.00234	0.00349	0.01406	0.00751	0.00650
20	0.02608	0.01824	0.02022	0.04251	0.02224	0.02001	0.01316	0.50973	0.10468	0.11967	0.01953	0.01905	0.01373	0.00865	0.00714	0.00218	0.00745	0.00668	0.00719	0.01186
21	0.01036	0.00690	0.00777	0.00777	0.00777	0.00690	0.00431	0.01036	0.01036	0.01381	0.02244	0.04660	0.02589	0.74975	0.03624	0.00690	0.00690	0.01036	0.00431	0.00431
22	0.80005	0.01377	0.01047	0.00936	0.01377	0.01597	0.00771	0.02093	0.01212	0.03195	0.00991	0.01157	0.00771	0.00661	0.00441	0.00220	0.00551	0.00386	0.00441	0.00771
23	0.01878	0.01540	0.01639	0.01451	0.01868	0.01763	0.01135	0.07035	0.63087	0.05909	0.02834	0.02599	0.02108	0.00957	0.00724	0.00239	0.00576	0.00793	0.00731	0.01135
24	0.80005	0.01377	0.01047	0.00936	0.01377	0.01597	0.00771	0.02093	0.01212	0.03195	0.00991	0.01157	0.00771	0.00661	0.00441	0.00220	0.00551	0.00386	0.00441	0.00771
25	0.02668	0.02801	0.01995	0.01724	0.02154	0.46706	0.01332	0.18005	0.05759	0.07992	0.01470	0.01544	0.01117	0.00785	0.00668	0.00196	0.01078	0.00539	0.00506	0.00961
26	0.03195	0.01212	0.01652	0.01267	0.01818	0.01047	0.01047	0.03470	0.02038	0.71026	0.02809	0.02424	0.01763	0.00881	0.00716	0.00220	0.00606	0.00716	0.00881	0.01212
27	0.01743	0.01590	0.01550	0.01403	0.01780	0.07580	0.01084	0.03389	0.55469	0.02795	0.06478	0.02966	0.06993	0.01029	0.00732	0.00236	0.00599	0.00849	0.00693	0.01042
28	0.01014	0.00752	0.01100	0.01105	0.01217	0.00861	0.00840	0.01240	0.01141	0.01633	0.02003	0.05240	0.01949	0.11808	0.63440	0.01075	0.01745	0.00828	0.00395	0.00615
29	0.01421	0.01325	0.02205	0.64982	0.10834	0.01609	0.01979	0.03686	0.01495	0.01939	0.01285	0.01881	0.00973	0.00709	0.00711	0.00234	0.00935	0.00633	0.00331	0.00833
30	0.01005	0.00678	0.00786	0.00815	0.00823	0.00670	0.00473	0.01028	0.01095	0.01460	0.02547	0.17284	0.02972	0.61827	0.03134	0.00618	0.00640	0.01214	0.00473	0.00458
31	0.04421	0.01662	0.01758	0.01393	0.01863	0.01828	0.01137	0.49311	0.04954	0.03991	0.01867	0.01939	0.01369	0.00847	0.00657	0.00204	0.00668	0.00645	0.18414	0.01073
32	0.01048	0.00777	0.01017	0.01018	0.01061	0.00862	0.00704	0.01156	0.01130	0.01566	0.02334	0.16480	0.02595	0.35621	0.22169	0.00710	0.07657	0.01100	0.00448	0.00547
33	0.01041	0.00810	0.02680	0.00904	0.01114	0.00691	0.00706	0.01354	0.01915	0.04419	0.53504	0.07217	0.17967	0.01505	0.00835	0.00229	0.00367	0.01312	0.00749	0.00680
34	0.01659	0.01392	0.01697	0.01242	0.01851	0.01177	0.04320	0.12136	0.01775	0.02640	0.01428	0.03849	0.01196	0.00636	0.00584	0.00135	0.00598	0.00528	0.00472	0.60685
35	0.00891	0.00638	0.00811	0.00939	0.00989	0.00597	0.00617	0.01000	0.01334	0.01760	0.03922	0.58891	0.09367	0.13115	0.01311	0.00346	0.00451	0.01836	0.00627	0.00558
36	0.01023	0.00856	0.00917	0.00903	0.01097	0.04291	0.00677	0.01275	0.01797	0.02331	0.34691	0.11744	0.29973	0.01636	0.00842	0.00238	0.00413	0.03950	0.00701	0.00645
37	0.01006	0.00683	0.00780	0.00800	0.00816	0.00673	0.00464	0.01030	0.01103	0.01459	0.02680	0.13168	0.06034	0.62772	0.03166	0.00621	0.00641	0.01177	0.00470	0.00457
38	0.01087	0.00768	0.00982	0.00970	0.01047	0.00827	0.00665	0.03796	0.01187	0.01635	0.02165	0.07079	0.02306	0.40313	0.31219	0.00837	0.01175	0.00956	0.00433	0.00552
39	0.01127	0.00749	0.00922	0.00891	0.01075	0.00682	0.00652	0.01351	0.01690	0.07859	0.29215	0.14622	0.22376	0.09100	0.04189	0.00323	0.00478	0.01350	0.00690	0.00659

[dist]
# distance from previous block
# <min> <max>
8	13

[block]
# block no. 3 follows, 29 sequences, length 15
# corresponding to MSA columns:
# 151-165
name=unknown_D
#
# <colnr> <probs for GDERKNQSTAVLIFYWHMCP>
#	G	D	E	R	K	N	Q	S	T	A	V	L	I	F	Y	W	H	M	C	P
0	0.01618	0.02224	0.19034	0.06866	0.06492	0.01745	0.37346	0.02437	0.10365	0.02340	0.01577	0.01912	0.01175	0.00673	0.00774	0.00235	0.01053	0.00742	0.00391	0.01001
1	0.01748	0.45079	0.23115	0.01685	0.06944	0.02340	0.01689	0.02271	0.05559	0.01967	0.01212	0.01381	0.01001	0.00652	0.00554	0.00183	0.00840	0.00466	0.00332	0.00982
2	0.01923	0.01654	0.02705	0.03888	0.59412	0.01656	0.02015	0.04731	0.04277	0.08495	0.01541	0.01853	0.01226	0.00677	0.00707	0.00213	0.00812	0.00648	0.00426	0.01138
3	0.00959	0.00725	0.00889	0.00882	0.01061	0.00655	0.00667	0.01233	0.01826	0.02454	0.42084	0.11049	0.24965	0.01651	0.00856	0.00241	0.00372	0.06058	0.00730	0.00643
4	0.02707	0.01995	0.02137	0.01638	0.02208	0.02208	0.01353	0.68159	0.03348	0.04488	0.01710	0.01710	0.01211	0.00855	0.00712	0.00214	0.00784	0.00641	0.00712	0.01211
5	0.02610	0.01870	0.02030	0.01579	0.02114	0.02049	0.01295	0.60845	0.03159	0.07361	0.01903	0.06460	0.01463	0.00945	0.00725	0.00219	0.00751	0.00734	0.00717	0.01170
6	0.00856	0.00719	0.00725	0.00725	0.00948	0.00608	0.00533	0.01023	0.01580	0.01884	0.06848	0.06692	0.65272	0.07182	0.01046	0.00274	0.00385	0.01468	0.00644	0.00589
7	0.80005	0.01377	0.01047	0.00936	0.01377	0.01597	0.00771	0.02093	0.01212	0.03195	0.00991	0.01157	0.00771	0.00661	0.00441	0.00220	0.00551	0.00386	0.00441	0.00771
8	0.07769	0.01257	0.01705	0.01471	0.06751	0.01127	0.01112	0.03294	0.01958	0.61936	0.02592	0.02299	0.01656	0.00850	0.00699	0.00220	0.00620	0.00690	0.00816	0.01179
9	0.01758	0.01430	0.01768	0.21822	0.02576	0.04020	0.01333	0.21389	0.01941	0.02641	0.01722	0.06555	0.01507	0.08257	0.01180	0.00278	0.09463	0.00756	0.08749	0.00854
10	0.01100	0.00799	0.00899	0.00875	0.01107	0.00724	0.00660	0.01415	0.05734	0.06586	0.15706	0.10483	0.41617	0.04930	0.00961	0.00264	0.00417	0.04360	0.00688	0.00677
11	0.02011	0.01476	0.01628	0.01396	0.01819	0.01632	0.01107	0.16156	0.38896	0.11193	0.02860	0.02723	0.06316	0.01304	0.05885	0.00299	0.00696	0.00804	0.00712	0.01084
12	0.01497	0.01514	0.06086	0.08201	0.10913	0.04706	0.03402	0.05010	0.01432	0.02001	0.01524	0.04122	0.01432	0.11770	0.11102	0.00418	0.15013	0.00712	0.00387	0.08757
13	0.01949	0.06310	0.02456	0.02291	0.15452	0.12484	0.10683	0.04669	0.17770	0.05841	0.04407	0.02038	0.01559	0.00833	0.00870	0.00226	0.07978	0.00690	0.00492	0.01000
14	0.01021	0.00639	0.00862	0.00934	0.00972	0.00619	0.00622	0.00987	0.01179	0.01563	0.02904	0.34154	0.07069	0.10707	0.04665	0.28225	0.00572	0.01335	0.00500	0.00470

[dist]
# distance from previous block
# <min> <max>
0	1

[block]
# block no. 4 follows, 29 sequences, length 51
# corresponding to MSA columns:
# 167-217
name=unknown_E
#
# <colnr> <probs for GDERKNQSTAVLIFYWHMCP>
#	G	D	E	R	K	N	Q	S	T	A	V	L	I	F	Y	W	H	M	C	P
0	0.01534	0.02316	0.28871	0.04909	0.02753	0.01532	0.15708	0.07830	0.05579	0.02425	0.01854	0.10509	0.01629	0.00920	0.00749	0.00233	0.00904	0.03484	0.00438	0.05823
1	0.05904	0.18081	0.43788	0.02133	0.12276	0.01896	0.02174	0.02211	0.01492	0.02197	0.01211	0.01446	0.00929	0.00656	0.00622	0.00208	0.00935	0.00504	0.00317	0.01019
2	0.01327	0.00664	0.00664	0.00664	0.00830	0.00664	0.00498	0.01659	0.01493	0.02655	0.02323	0.02655	0.01825	0.00830	0.00498	0.00166	0.00332	0.00664	0.78928	0.00664
3	0.01881	0.01584	0.01672	0.01471	0.01893	0.01822	0.01154	0.11323	0.61530	0.03155	0.02759	0.02546	0.02061	0.00953	0.00723	0.00238	0.00589	0.00786	0.00723	0.01137
4	0.01558	0.01558	0.02181	0.01869	0.01869	0.02181	0.01558	0.01714	0.01091	0.01714	0.00935	0.01558	0.00935	0.01246	0.02337	0.00312	0.73672	0.00623	0.00312	0.00779
5	0.01003	0.00732	0.00945	0.00904	0.01077	0.00674	0.00686	0.01327	0.01969	0.02753	0.62393	0.05562	0.11137	0.01506	0.00847	0.00230	0.00353	0.04467	0.00769	0.00666
6	0.00879	0.00647	0.00825	0.00942	0.01026	0.00592	0.00645	0.01035	0.01474	0.01948	0.11763	0.56966	0.14480	0.02082	0.00891	0.00275	0.00397	0.01866	0.00675	0.00592
7	0.00983	0.00715	0.00927	0.00915	0.01069	0.00660	0.00681	0.01278	0.01881	0.02617	0.53922	0.15553	0.10317	0.01611	0.00856	0.00239	0.00362	0.04007	0.00753	0.00653
8	0.01809	0.59433	0.15945	0.01438	0.02132	0.02566	0.04219	0.02160	0.01467	0.01805	0.01060	0.01239	0.00919	0.00621	0.00512	0.00169	0.00832	0.00426	0.00306	0.00941
9	0.01682	0.23850	0.05737	0.01901	0.02496	0.01975	0.23956	0.02068	0.01491	0.02037	0.01203	0.01538	0.01001	0.00670	0.00838	0.00195	0.09739	0.00580	0.00348	0.16694
10	0.01503	0.01319	0.01696	0.13910	0.02197	0.05701	0.05985	0.12082	0.01718	0.02244	0.05038	0.18368	0.05145	0.11883	0.01335	0.00313	0.07232	0.01061	0.00510	0.00760
11	0.01406	0.00916	0.01196	0.01239	0.01449	0.00922	0.01028	0.01870	0.08833	0.09286	0.06577	0.06355	0.03600	0.10274	0.01231	0.00345	0.00629	0.41440	0.00666	0.00738
12	0.01603	0.01423	0.02036	0.04447	0.02208	0.01247	0.13360	0.09202	0.01712	0.02498	0.01534	0.06723	0.01329	0.00704	0.00640	0.00161	0.00690	0.00645	0.00455	0.47382
13	0.00976	0.00695	0.00904	0.00943	0.01050	0.00655	0.00675	0.01202	0.01658	0.02287	0.35548	0.27990	0.05377	0.10538	0.01206	0.00309	0.00427	0.06257	0.00692	0.00611
14	0.02211	0.02513	0.05261	0.02740	0.26523	0.31174	0.03898	0.08839	0.05836	0.02321	0.01365	0.01603	0.01097	0.00717	0.00684	0.00203	0.01027	0.00574	0.00412	0.01001
15	0.12193	0.12181	0.39475	0.05539	0.12919	0.01798	0.02099	0.02186	0.01470	0.02298	0.01211	0.01468	0.00922	0.00661	0.00622	0.00214	0.00911	0.00510	0.00329	0.00995
16	0.02068	0.47260	0.09781	0.01305	0.01918	0.02225	0.01298	0.05076	0.01673	0.14441	0.05667	0.01692	0.01438	0.00728	0.00560	0.00179	0.00737	0.00523	0.00455	0.00979
17	0.00880	0.00651	0.00825	0.00945	0.01034	0.00596	0.00653	0.01035	0.01464	0.01919	0.09201	0.55632	0.16662	0.02092	0.00894	0.00277	0.00405	0.03577	0.00670	0.00591
18	0.00910	0.00694	0.00836	0.00864	0.01020	0.00620	0.00624	0.01130	0.01691	0.02233	0.29215	0.25997	0.27987	0.01801	0.00861	0.00249	0.00367	0.01576	0.00706	0.00620
19	0.01988	0.59676	0.06181	0.01446	0.04250	0.12691	0.01331	0.02241	0.01537	0.01730	0.01029	0.01198	0.00921	0.00631	0.00501	0.00162	0.00851	0.00406	0.00315	0.00914
20	0.02971	0.01165	0.01564	0.01215	0.01736	0.01004	0.00999	0.03238	0.01999	0.64461	0.03228	0.02844	0.08269	0.00969	0.00728	0.00222	0.00583	0.00791	0.00860	0.01154
21	0.00888	0.00720	0.00770	0.00759	0.00968	0.00621	0.00559	0.01085	0.01657	0.02066	0.19081	0.06399	0.53088	0.06950	0.01040	0.00269	0.00379	0.01428	0.00669	0.00603
22	0.01094	0.00735	0.00976	0.00979	0.01135	0.00683	0.00736	0.01376	0.01823	0.05824	0.44317	0.21973	0.05732	0.01665	0.00865	0.00250	0.00400	0.08018	0.00746	0.00674
23	0.06263	0.01312	0.01723	0.01413	0.04592	0.01205	0.01110	0.09483	0.02111	0.59175	0.02571	0.02277	0.01644	0.00860	0.00704	0.00219	0.00630	0.00692	0.00826	0.01190
24	0.01750	0.01822	0.05319	0.12156	0.53949	0.05730	0.04579	0.02186	0.01619	0.02229	0.01319	0.01747	0.01085	0.00650	0.00706	0.00214	0.00904	0.00628	0.00347	0.01062
25	0.01762	0.01692	0.02890	0.04371	0.70533	0.01692	0.02185	0.02185	0.01621	0.02326	0.01339	0.01762	0.01128	0.00634	0.00705	0.00211	0.00846	0.00634	0.00352	0.01128
26	0.01603	0.01369	0.01612	0.01204	0.01758	0.01215	0.00972	0.07701	0.03882	0.02471	0.01325	0.01545	0.01094	0.00645	0.00738	0.00141	0.08122	0.00475	0.00446	0.61682
27	0.00959	0.00673	0.00795	0.00865	0.00957	0.00630	0.00586	0.01098	0.01382	0.01854	0.06202	0.32441	0.17533	0.19503	0.01513	0.00364	0.00469	0.04104	0.07508	0.00561
28	0.00969	0.00718	0.00904	0.00875	0.01044	0.00653	0.00649	0.01262	0.01898	0.02618	0.54414	0.11131	0.17077	0.01576	0.00846	0.00232	0.00346	0.01383	0.00754	0.00653
29	0.01213	0.04034	0.01592	0.08294	0.01849	0.01071	0.08757	0.05501	0.01556	0.02105	0.05611	0.43325	0.03386	0.01620	0.00878	0.00261	0.02966	0.01466	0.03806	0.00711
30	0.06994	0.03963	0.01919	0.01617	0.04161	0.06371	0.07529	0.13219	0.17230	0.02655	0.04677	0.02346	0.01742	0.05302	0.13708	0.00413	0.03981	0.00727	0.00528	0.00919
31	0.02406	0.04913	0.02182	0.04099	0.09287	0.15999	0.01428	0.35453	0.11383	0.03335	0.01665	0.01739	0.01251	0.00809	0.00690	0.00210	0.00865	0.00616	0.00581	0.01091
32	0.01237	0.00618	0.00928	0.00928	0.00928	0.00618	0.00618	0.00928	0.00928	0.01237	0.01237	0.02165	0.01237	0.02474	0.02783	0.79283	0.00618	0.00618	0.00309	0.00309
33	0.00940	0.00694	0.00879	0.00899	0.01039	0.00633	0.00649	0.01187	0.01756	0.02397	0.40364	0.26898	0.15541	0.01747	0.00861	0.00247	0.00363	0.01547	0.00728	0.00633
34	0.01456	0.03368	0.61399	0.02263	0.10451	0.01630	0.02532	0.02221	0.01521	0.02259	0.01368	0.01752	0.01034	0.00715	0.00690	0.00227	0.01016	0.02732	0.00318	0.01047
35	0.01057	0.00741	0.00918	0.00967	0.01054	0.00731	0.00657	0.05241	0.01480	0.02021	0.10709	0.40927	0.04017	0.18748	0.04451	0.00400	0.00550	0.01533	0.03199	0.00600
36	0.00928	0.00688	0.00836	0.00869	0.00994	0.00628	0.00607	0.01118	0.01595	0.02124	0.25900	0.27326	0.20686	0.10968	0.01210	0.00307	0.00410	0.01539	0.00672	0.00596
37	0.06006	0.01229	0.01628	0.01261	0.01802	0.01092	0.01039	0.03430	0.04275	0.66205	0.02745	0.02384	0.01740	0.00876	0.00706	0.00221	0.00602	0.00707	0.00860	0.01193
38	0.19066	0.09845	0.45227	0.01665	0.02511	0.01717	0.01992	0.02277	0.01464	0.06362	0.01275	0.01445	0.00923	0.00678	0.00605	0.00217	0.00887	0.00492	0.00366	0.00986
39	0.01756	0.01625	0.02695	0.07342	0.60564	0.01649	0.02044	0.04861	0.01676	0.02410	0.01408	0.01818	0.01163	0.00658	0.00694	0.00210	0.00819	0.00636	0.04882	0.01089
40	0.05532	0.02382	0.02025	0.10319	0.04691	0.29480	0.01421	0.24261	0.08115	0.02840	0.01479	0.01626	0.01127	0.00785	0.00675	0.00207	0.00973	0.00572	0.00508	0.00982
41	0.00884	0.00746	0.00770	0.00771	0.01003	0.00646	0.00575	0.01135	0.04114	0.01995	0.09477	0.10524	0.61336	0.01783	0.00841	0.00243	0.00370	0.01498	0.00669	0.00622
42	0.09666	0.05820	0.01625	0.20220	0.02338	0.05377	0.04302	0.05484	0.01574	0.02391	0.01806	0.07902	0.01541	0.00866	0.00616	0.00207	0.00673	0.00716	0.26106	0.00771
43	0.02129	0.01991	0.01782	0.01548	0.01974	0.16346	0.01210	0.17452	0.39076	0.03019	0.02399	0.02294	0.03743	0.00919	0.00708	0.00223	0.00754	0.00719	0.00646	0.01067
44	0.01551	0.16504	0.51488	0.02139	0.10266	0.01869	0.02325	0.02225	0.01506	0.02157	0.01232	0.01466	0.00929	0.00660	0.00640	0.00211	0.00977	0.00512	0.00307	0.01035
45	0.00895	0.00714	0.00759	0.00777	0.00956	0.00628	0.00557	0.01045	0.01496	0.01824	0.05901	0.10493	0.50202	0.15810	0.01384	0.00334	0.00441	0.04598	0.00617	0.00570
46	0.01477	0.01266	0.01477	0.01055	0.01687	0.00949	0.00844	0.01793	0.01477	0.02320	0.01266	0.01477	0.01055	0.00527	0.00527	0.00105	0.00527	0.00422	0.00422	0.79328
47	0.19238	0.05187	0.01769	0.01330	0.01820	0.01879	0.01100	0.41065	0.02535	0.03764	0.01910	0.01958	0.05433	0.00858	0.00632	0.00210	0.00669	0.00628	0.06997	0.01019
48	0.01333	0.00900	0.01022	0.00976	0.01121	0.03533	0.00733	0.04746	0.01401	0.02156	0.01982	0.02718	0.01744	0.09866	0.21005	0.06100	0.04328	0.00716	0.32976	0.00645
49	0.02254	0.04799	0.03816	0.01591	0.02016	0.16324	0.01301	0.29894	0.11128	0.03103	0.01771	0.05325	0.01433	0.00932	0.00832	0.00219	0.07248	0.00680	0.04323	0.01011
50	0.02361	0.04660	0.02543	0.01852	0.02439	0.02045	0.14703	0.47577	0.02801	0.03764	0.01683	0.04095	0.01281	0.00826	0.00727	0.00215	0.00844	0.00708	0.00613	0.04262

[dist]
# distance from previous block
# <min> <max>
0	1

[block]
# block no. 5 follows, 29 sequences, length 35
# corresponding to MSA columns:
# 219-253
name=unknown_F
#
# <colnr> <probs for GDERKNQSTAVLIFYWHMCP>
#	G	D	E	R	K	N	Q	S	T	A	V	L	I	F	Y	W	H	M	C	P
0	0.01283	0.05279	0.01663	0.01398	0.01489	0.01490	0.01126	0.01471	0.01129	0.01650	0.01505	0.02403	0.01479	0.10567	0.33451	0.00712	0.30147	0.00714	0.00355	0.00687
1	0.01795	0.01093	0.01552	0.13125	0.02120	0.01048	0.04538	0.04528	0.01829	0.22465	0.15153	0.06782	0.14296	0.01139	0.00763	0.00225	0.00597	0.00986	0.00663	0.05304
2	0.01540	0.01322	0.01546	0.01143	0.01725	0.01109	0.00918	0.04124	0.05492	0.02397	0.01358	0.01558	0.01119	0.00605	0.00647	0.00129	0.04662	0.00463	0.00443	0.67702
3	0.01941	0.01697	0.01747	0.01626	0.05148	0.06866	0.01216	0.14151	0.45990	0.03044	0.02558	0.05127	0.02017	0.00988	0.00729	0.00235	0.00662	0.02496	0.00675	0.01087
4	0.01015	0.00695	0.00905	0.00983	0.01104	0.00641	0.00710	0.01215	0.01582	0.04912	0.18355	0.43904	0.11663	0.01943	0.00886	0.00271	0.00421	0.07465	0.00696	0.00634
5	0.01480	0.01199	0.01395	0.01399	0.04504	0.01283	0.01075	0.08188	0.26538	0.02655	0.06785	0.04908	0.14718	0.01394	0.00821	0.00261	0.00575	0.19253	0.00680	0.00889
6	0.01100	0.00727	0.00946	0.00940	0.01087	0.00679	0.00692	0.01365	0.01770	0.05584	0.42031	0.19818	0.05450	0.06605	0.01034	0.00273	0.00407	0.05157	0.03675	0.00659
7	0.06556	0.16661	0.50554	0.01865	0.02778	0.01873	0.05934	0.02223	0.01484	0.02210	0.01216	0.01438	0.00906	0.00659	0.00630	0.00212	0.00975	0.00508	0.00314	0.01004
8	0.60898	0.04901	0.12845	0.03667	0.01803	0.01658	0.01141	0.02112	0.01278	0.02926	0.01049	0.01240	0.00805	0.00663	0.00490	0.00219	0.00657	0.00417	0.00407	0.00825
9	0.04231	0.05441	0.05181	0.01111	0.01433	0.01050	0.00937	0.01993	0.08668	0.11924	0.37654	0.07138	0.04495	0.01268	0.00776	0.00229	0.00488	0.04446	0.00712	0.00825
10	0.02106	0.01578	0.01760	0.01433	0.01842	0.01713	0.01140	0.43016	0.02576	0.03489	0.02091	0.15717	0.01934	0.05596	0.00998	0.00254	0.04511	0.00911	0.00643	0.06691
11	0.01018	0.00761	0.00949	0.00904	0.01087	0.00712	0.00677	0.01406	0.05142	0.02703	0.56441	0.08122	0.14389	0.01507	0.00837	0.00229	0.00353	0.01321	0.00761	0.00681
12	0.01745	0.14144	0.10914	0.03439	0.47183	0.01880	0.03774	0.02243	0.03954	0.02232	0.01332	0.01665	0.01102	0.00646	0.00665	0.00205	0.00855	0.00591	0.00352	0.01079
13	0.00960	0.00712	0.00884	0.00869	0.01028	0.00647	0.00635	0.01225	0.01817	0.02485	0.46935	0.14184	0.18512	0.04743	0.00967	0.00255	0.00365	0.01410	0.00730	0.00636
14	0.05078	0.01041	0.01335	0.01131	0.01499	0.00962	0.00902	0.06110	0.01983	0.34267	0.21699	0.10226	0.05614	0.01231	0.00773	0.00232	0.00515	0.03667	0.00791	0.00944
15	0.01890	0.51969	0.17805	0.01461	0.02136	0.10543	0.01535	0.02240	0.01524	0.01806	0.01064	0.01235	0.00912	0.00638	0.00525	0.00171	0.00883	0.00420	0.00311	0.00933
16	0.01628	0.01319	0.01677	0.01284	0.01803	0.01175	0.06296	0.11959	0.04226	0.04761	0.08337	0.06588	0.05784	0.00868	0.00663	0.00171	0.00590	0.00747	0.00547	0.39578
17	0.01784	0.06303	0.06380	0.13431	0.14218	0.15451	0.12181	0.05598	0.01781	0.02211	0.06612	0.02378	0.04167	0.00833	0.00726	0.00219	0.00945	0.03459	0.00420	0.00904
18	0.02120	0.01567	0.01706	0.01410	0.01859	0.01714	0.01130	0.30030	0.26040	0.08279	0.08978	0.02800	0.07114	0.01020	0.00738	0.00227	0.00622	0.00826	0.00731	0.01087
19	0.01345	0.01266	0.02136	0.73264	0.04904	0.01582	0.01978	0.01819	0.01424	0.01819	0.01266	0.01898	0.00949	0.00712	0.00712	0.00237	0.00949	0.00633	0.00316	0.00791
20	0.01596	0.06659	0.59575	0.02060	0.06470	0.01665	0.02428	0.02334	0.01546	0.07224	0.01379	0.01567	0.00977	0.00686	0.00671	0.00221	0.00996	0.00539	0.00346	0.01062
21	0.02128	0.06442	0.02093	0.02166	0.16544	0.36118	0.01422	0.02470	0.04844	0.02042	0.01465	0.01862	0.01245	0.00793	0.00711	0.00199	0.03856	0.02926	0.09795	0.00881
22	0.01327	0.00664	0.00664	0.00664	0.00830	0.00664	0.00498	0.01659	0.01493	0.02655	0.02323	0.02655	0.01825	0.00830	0.00498	0.00166	0.00332	0.00664	0.78928	0.00664
23	0.00893	0.00638	0.00855	0.01020	0.01072	0.00600	0.00705	0.01035	0.01388	0.01846	0.03911	0.68550	0.04655	0.02207	0.00916	0.00293	0.00435	0.07737	0.00661	0.00585
24	0.07411	0.05731	0.19512	0.09907	0.26300	0.05697	0.04688	0.05705	0.01665	0.04916	0.01340	0.01641	0.01032	0.00678	0.00671	0.00215	0.00909	0.00580	0.00380	0.01023
25	0.80005	0.01377	0.01047	0.00936	0.01377	0.01597	0.00771	0.02093	0.01212	0.03195	0.00991	0.01157	0.00771	0.00661	0.00441	0.00220	0.00551	0.00386	0.00441	0.00771
26	0.01053	0.00781	0.01117	0.01105	0.01211	0.00905	0.00839	0.01272	0.01141	0.01656	0.01930	0.02996	0.01858	0.14486	0.57364	0.01013	0.04522	0.00791	0.03345	0.00615
27	0.01966	0.01559	0.01629	0.01442	0.01860	0.04156	0.01127	0.03715	0.59166	0.10754	0.02825	0.02582	0.02082	0.00948	0.00721	0.00237	0.00594	0.00783	0.00730	0.01126
28	0.01049	0.00689	0.00771	0.00771	0.00779	0.00689	0.00435	0.01065	0.01057	0.01441	0.02247	0.04564	0.02552	0.71445	0.03475	0.00665	0.00673	0.01018	0.04169	0.00443
29	0.00900	0.00645	0.00856	0.00969	0.01040	0.00600	0.00664	0.01074	0.01516	0.02061	0.19445	0.58297	0.05180	0.02049	0.00893	0.00274	0.00395	0.01852	0.00690	0.00600
30	0.00868	0.00620	0.00826	0.00991	0.01033	0.00578	0.00661	0.00991	0.01363	0.01818	0.03925	0.74510	0.04710	0.02231	0.00909	0.00289	0.00413	0.02024	0.00661	0.00578
31	0.10431	0.12333	0.54896	0.01804	0.02732	0.01792	0.02244	0.02221	0.01463	0.02290	0.01209	0.01419	0.00889	0.00666	0.00622	0.00216	0.00959	0.00492	0.00317	0.01003
32	0.02175	0.01625	0.01807	0.01376	0.01940	0.01616	0.01118	0.37802	0.02506	0.05982	0.01702	0.05467	0.01357	0.00807	0.00655	0.00178	0.00663	0.00636	0.00609	0.29980
33	0.01950	0.01773	0.13804	0.01529	0.03936	0.01467	0.01351	0.10361	0.23224	0.15644	0.04852	0.07551	0.04719	0.01001	0.00727	0.00229	0.00663	0.00832	0.00652	0.03735
34	0.01812	0.14707	0.08374	0.01693	0.02136	0.13972	0.09616	0.02119	0.01543	0.05645	0.01699	0.04575	0.05227	0.01041	0.03158	0.00246	0.14930	0.00670	0.00399	0.06435

[dist]
# distance from previous block
# <min> <max>
0	1

[block]
# block no. 6 follows, 29 sequences, length 12
# corresponding to MSA columns:
# 255-266
name=unknown_G
#
# <colnr> <probs for GDERKNQSTAVLIFYWHMCP>
#	G	D	E	R	K	N	Q	S	T	A	V	L	I	F	Y	W	H	M	C	P
0	0.01475	0.01441	0.05879	0.02580	0.28794	0.01348	0.04492	0.02095	0.11053	0.02372	0.08274	0.10583	0.02641	0.01153	0.00794	0.00248	0.00712	0.12605	0.00525	0.00936
1	0.01017	0.00763	0.01144	0.01144	0.01272	0.00890	0.00890	0.01272	0.01144	0.01653	0.01907	0.02797	0.01780	0.05340	0.72153	0.01144	0.01907	0.00763	0.00381	0.00636
2	0.01670	0.01859	0.08804	0.20417	0.41809	0.04941	0.05980	0.02140	0.01586	0.02169	0.01311	0.01759	0.01053	0.00659	0.00709	0.00219	0.00930	0.00628	0.00340	0.01017
3	0.01088	0.00768	0.00889	0.00881	0.00937	0.00793	0.00552	0.01309	0.07155	0.01644	0.05932	0.08464	0.02834	0.55328	0.07976	0.00635	0.00732	0.01067	0.00486	0.00529
4	0.44234	0.01663	0.08315	0.05722	0.13451	0.01598	0.07455	0.02096	0.01383	0.02751	0.01270	0.01741	0.01046	0.00720	0.00585	0.00227	0.00734	0.03730	0.00409	0.00870
5	0.09274	0.35000	0.10014	0.01342	0.01885	0.11816	0.01280	0.07235	0.01647	0.02196	0.01255	0.01457	0.01044	0.00880	0.03587	0.00219	0.00856	0.00470	0.07651	0.00891
6	0.01782	0.01701	0.02434	0.38442	0.12982	0.07972	0.08431	0.13257	0.01855	0.02380	0.01354	0.01796	0.01028	0.00716	0.00718	0.00225	0.00962	0.00640	0.00397	0.00928
7	0.00910	0.00642	0.00834	0.00971	0.01011	0.00609	0.00646	0.01023	0.01321	0.01759	0.03632	0.59375	0.04320	0.14555	0.01373	0.00359	0.00472	0.05009	0.00622	0.00557
8	0.01656	0.01661	0.03187	0.06188	0.12826	0.01580	0.37895	0.04938	0.01640	0.02273	0.01389	0.01853	0.01097	0.00779	0.00942	0.07218	0.00982	0.00719	0.00376	0.10801
9	0.02385	0.01640	0.01845	0.01452	0.01972	0.01704	0.01192	0.42622	0.02697	0.12022	0.02045	0.06238	0.01647	0.00964	0.00716	0.00211	0.00696	0.05121	0.00685	0.12147
10	0.00885	0.00632	0.00847	0.01012	0.01061	0.00594	0.00692	0.01022	0.01381	0.01838	0.03915	0.70254	0.04670	0.02214	0.00914	0.00292	0.00429	0.06104	0.00661	0.00583
11	0.00868	0.00620	0.00826	0.00991	0.01033	0.00578	0.00661	0.00991	0.01363	0.01818	0.03925	0.74510	0.04710	0.02231	0.00909	0.00289	0.00413	0.02024	0.00661	0.00578

[dist]
# distance from previous block
# <min> <max>
0	1

[block]
# block no. 7 follows, 29 sequences, length 11
# corresponding to MSA columns:
# 268-278
name=unknown_H
#
# <colnr> <probs for GDERKNQSTAVLIFYWHMCP>
#	G	D	E	R	K	N	Q	S	T	A	V	L	I	F	Y	W	H	M	C	P
0	0.04928	0.03255	0.56696	0.02323	0.11735	0.01662	0.05106	0.02240	0.01513	0.02306	0.01280	0.01538	0.00933	0.00667	0.00676	0.00224	0.01010	0.00547	0.00316	0.01046
1	0.01182	0.00799	0.01015	0.00954	0.01154	0.00751	0.00717	0.01587	0.05991	0.07380	0.52013	0.11325	0.09426	0.01476	0.00831	0.00232	0.00376	0.01298	0.00769	0.00724
2	0.27501	0.01353	0.01347	0.01118	0.01528	0.01466	0.00900	0.21355	0.01982	0.11761	0.01767	0.01985	0.01342	0.05260	0.00757	0.00236	0.00590	0.00596	0.16245	0.00912
3	0.80005	0.01377	0.01047	0.00936	0.01377	0.01597	0.00771	0.02093	0.01212	0.03195	0.00991	0.01157	0.00771	0.00661	0.00441	0.00220	0.00551	0.00386	0.00441	0.00771
4	0.03115	0.01340	0.01732	0.01328	0.01882	0.01237	0.01097	0.14047	0.02252	0.60147	0.02629	0.02307	0.01672	0.00877	0.00715	0.00219	0.00635	0.00704	0.00854	0.01212
5	0.01807	0.05080	0.18675	0.11363	0.31837	0.14795	0.02080	0.02279	0.01638	0.02118	0.01259	0.01607	0.01007	0.00671	0.00678	0.00210	0.00985	0.00567	0.00337	0.01007
6	0.01317	0.01045	0.01167	0.01056	0.01340	0.01071	0.00814	0.08511	0.18201	0.02800	0.30434	0.04727	0.21963	0.01371	0.00800	0.00232	0.00442	0.01164	0.00730	0.00816
7	0.01320	0.04020	0.01185	0.01019	0.01252	0.04538	0.00769	0.08417	0.01875	0.04601	0.25620	0.16632	0.17893	0.06439	0.00996	0.00264	0.00499	0.01276	0.00669	0.00717
8	0.05219	0.01480	0.01635	0.01344	0.01769	0.01600	0.01074	0.31127	0.11878	0.07776	0.02057	0.04668	0.01641	0.04702	0.08550	0.00333	0.00790	0.00726	0.05893	0.05736
9	0.01475	0.00907	0.01087	0.00967	0.01245	0.00836	0.00743	0.06951	0.01935	0.14682	0.27513	0.08242	0.24621	0.04438	0.00925	0.00250	0.00445	0.01225	0.00738	0.00775
10	0.08455	0.07593	0.35544	0.01871	0.04530	0.07993	0.06767	0.02501	0.01633	0.14387	0.01503	0.01631	0.01065	0.00705	0.00659	0.00216	0.00938	0.00558	0.00427	0.01023

[dist]
# distance from previous block
# <min> <max>
5	12

[block]
# block no. 8 follows, 29 sequences, length 18
# corresponding to MSA columns:
# 291-308
name=unknown_I
#
# <colnr> <probs for GDERKNQSTAVLIFYWHMCP>
#	G	D	E	R	K	N	Q	S	T	A	V	L	I	F	Y	W	H	M	C	P
0	0.31372	0.11851	0.07203	0.03615	0.03761	0.15017	0.01166	0.02237	0.01531	0.06377	0.05753	0.01726	0.01361	0.03552	0.00678	0.00223	0.00773	0.00528	0.00438	0.00839
1	0.14912	0.06960	0.42888	0.01786	0.06083	0.01585	0.01962	0.02080	0.01476	0.02392	0.05347	0.06534	0.01481	0.00816	0.00650	0.00224	0.00854	0.00643	0.00380	0.00947
2	0.02241	0.15439	0.02316	0.01867	0.08589	0.36126	0.01368	0.06243	0.03343	0.03849	0.01561	0.03282	0.04326	0.00835	0.00750	0.00198	0.05785	0.00581	0.00413	0.00890
3	0.02116	0.30941	0.05947	0.01496	0.01972	0.32281	0.01292	0.02432	0.04844	0.01829	0.03536	0.01686	0.03206	0.02830	0.00672	0.00193	0.00964	0.00520	0.00380	0.00862
4	0.01548	0.01472	0.02064	0.40217	0.03513	0.06365	0.03754	0.06192	0.01532	0.02022	0.01416	0.05710	0.01208	0.00912	0.01033	0.00246	0.15284	0.00702	0.04002	0.00807
