[name]
unknown

[dist]
# distance from previous block
# <min> <max>
3	818

[block]
# block no. 0 follows, 28 sequences, length 11
# corresponding to MSA columns:
# 865-875
name=unknown_A
#
# <colnr> <probs for GDERKNQSTAVLIFYWHMCP>
#	G	D	E	R	K	N	Q	S	T	A	V	L	I	F	Y	W	H	M	C	P
0	0.01522	0.01075	0.05241	0.04898	0.01661	0.00926	0.01048	0.01925	0.05067	0.15126	0.19372	0.17921	0.06453	0.01526	0.00852	0.00262	0.00557	0.13040	0.00710	0.00817
1	0.01979	0.36448	0.07708	0.01522	0.04812	0.09738	0.01344	0.11533	0.01896	0.02368	0.08767	0.01808	0.01649	0.00769	0.00598	0.00181	0.00802	0.00562	0.00440	0.05075
2	0.34822	0.01572	0.01693	0.13994	0.10000	0.06099	0.01280	0.09453	0.01651	0.06754	0.01312	0.01587	0.01005	0.00824	0.00722	0.04602	0.00749	0.00533	0.00462	0.00886
3	0.02377	0.02498	0.01948	0.01786	0.05246	0.35883	0.01314	0.17501	0.05652	0.02532	0.01520	0.01867	0.01266	0.06732	0.01007	0.00246	0.04778	0.00604	0.04325	0.00921
4	0.08976	0.01344	0.01971	0.31044	0.07596	0.04474	0.08343	0.01817	0.01567	0.02175	0.09273	0.02937	0.09692	0.04756	0.00894	0.00260	0.00814	0.00832	0.00442	0.00793
5	0.01697	0.01716	0.02440	0.29032	0.34292	0.09806	0.01963	0.02106	0.01629	0.02092	0.01645	0.02082	0.04872	0.00755	0.00722	0.00224	0.00927	0.00675	0.00366	0.00959
6	0.06560	0.01260	0.01500	0.06693	0.01926	0.01068	0.00955	0.01952	0.03672	0.05966	0.01596	0.06550	0.01379	0.00714	0.00591	0.00149	0.00571	0.00585	0.00475	0.55838
7	0.01773	0.01434	0.01646	0.04063	0.01928	0.01349	0.01040	0.17484	0.08715	0.02939	0.05069	0.05657	0.01703	0.00807	0.00647	0.00169	0.00605	0.00660	0.00558	0.41753
8	0.02162	0.01473	0.01561	0.01341	0.01759	0.05891	0.01052	0.06776	0.30507	0.21327	0.05841	0.03128	0.09157	0.03632	0.00852	0.00251	0.00621	0.00867	0.00745	0.01060
9	0.01988	0.01449	0.01628	0.01325	0.01755	0.01472	0.01036	0.32411	0.02359	0.05648	0.02218	0.17139	0.02097	0.07563	0.00993	0.00255	0.00654	0.00944	0.00638	0.16427
10	0.02361	0.01546	0.01756	0.01416	0.01879	0.01618	0.01132	0.35766	0.06070	0.15570	0.04612	0.11989	0.02112	0.03973	0.00868	0.00246	0.00673	0.00897	0.00729	0.04789

[dist]
# distance from previous block
# <min> <max>
0	4

[block]
# block no. 1 follows, 28 sequences, length 6
# corresponding to MSA columns:
# 880-885
name=unknown_B
#
# <colnr> <probs for GDERKNQSTAVLIFYWHMCP>
#	G	D	E	R	K	N	Q	S	T	A	V	L	I	F	Y	W	H	M	C	P
0	0.02034	0.01615	0.02071	0.01595	0.02110	0.01640	0.09664	0.33774	0.02542	0.03492	0.12123	0.06912	0.02279	0.00967	0.00745	0.00210	0.00717	0.00834	0.00639	0.14035
1	0.02141	0.02409	0.09399	0.02482	0.17056	0.20724	0.08135	0.08757	0.10151	0.05121	0.01571	0.01778	0.01218	0.00784	0.00811	0.00223	0.05112	0.00633	0.00459	0.01034
2	0.01827	0.01856	0.02503	0.03522	0.48324	0.12651	0.01897	0.02197	0.01721	0.02237	0.01921	0.02666	0.05305	0.00870	0.00746	0.00225	0.00887	0.07211	0.00411	0.01023
3	0.01092	0.00788	0.00995	0.01061	0.01177	0.00768	0.00746	0.07557	0.01698	0.02295	0.14503	0.55721	0.04795	0.02011	0.00897	0.00277	0.00446	0.01806	0.00700	0.00669
4	0.10092	0.01908	0.09705	0.12700	0.14265	0.01838	0.18872	0.08156	0.01678	0.02499	0.01321	0.01736	0.01033	0.00758	0.00939	0.00243	0.10232	0.00663	0.00389	0.00973
5	0.11717	0.01579	0.02661	0.16225	0.16736	0.01627	0.20237	0.05157	0.01625	0.02436	0.01457	0.04161	0.01199	0.00898	0.03461	0.00262	0.00949	0.00710	0.00400	0.06502

[dist]
# distance from previous block
# <min> <max>
27	44

[block]
# block no. 2 follows, 28 sequences, length 8
# corresponding to MSA columns:
# 931-938
name=unknown_C
#
# <colnr> <probs for GDERKNQSTAVLIFYWHMCP>
#	G	D	E	R	K	N	Q	S	T	A	V	L	I	F	Y	W	H	M	C	P
0	0.07142	0.01692	0.02043	0.01928	0.11200	0.01900	0.01381	0.32739	0.02369	0.03369	0.06990	0.02101	0.01653	0.03927	0.01114	0.00252	0.13033	0.00695	0.00573	0.03899
1	0.01853	0.01467	0.02133	0.28373	0.07622	0.01646	0.05630	0.16583	0.01968	0.08011	0.02057	0.02355	0.06702	0.00892	0.00842	0.00235	0.05496	0.00740	0.04448	0.00947
2	0.05108	0.01163	0.01223	0.06856	0.01603	0.08772	0.00898	0.01748	0.01718	0.09877	0.20384	0.11694	0.12097	0.08143	0.01113	0.02106	0.00607	0.03534	0.00630	0.00729
3	0.06869	0.01604	0.02227	0.39569	0.19450	0.07364	0.01856	0.02234	0.07729	0.02175	0.01431	0.01875	0.01112	0.00730	0.00702	0.00231	0.00909	0.00631	0.00383	0.00921
4	0.02531	0.02721	0.02095	0.02062	0.10149	0.43867	0.01442	0.11858	0.02142	0.06773	0.01414	0.01616	0.01123	0.01097	0.05698	0.00267	0.01185	0.00555	0.00458	0.00947
5	0.01157	0.00856	0.00958	0.00908	0.01073	0.00811	0.00615	0.06474	0.01482	0.01948	0.03661	0.15662	0.18934	0.33594	0.02080	0.00441	0.00573	0.01247	0.00556	0.06970
6	0.02050	0.02134	0.01845	0.04489	0.02036	0.26239	0.01290	0.13957	0.04189	0.02345	0.02244	0.02452	0.11143	0.01366	0.06076	0.00299	0.13770	0.00728	0.00483	0.00867
7	0.07044	0.01675	0.01563	0.01387	0.01775	0.13288	0.01101	0.11874	0.14759	0.05234	0.07909	0.05757	0.04530	0.01122	0.00742	0.00229	0.00713	0.10015	0.00622	0.08661

[dist]
# distance from previous block
# <min> <max>
12	21

[block]
# block no. 3 follows, 28 sequences, length 7
# corresponding to MSA columns:
# 960-966
name=unknown_D
#
# <colnr> <probs for GDERKNQSTAVLIFYWHMCP>
#	G	D	E	R	K	N	Q	S	T	A	V	L	I	F	Y	W	H	M	C	P
0	0.01739	0.02082	0.14789	0.04044	0.58249	0.01720	0.02310	0.02243	0.01634	0.02362	0.01356	0.01753	0.01111	0.00655	0.00715	0.00218	0.00900	0.00628	0.00351	0.01138
1	0.00886	0.00633	0.00843	0.01012	0.01054	0.00590	0.00675	0.01012	0.01392	0.01856	0.04006	0.73979	0.04808	0.02277	0.00928	0.00295	0.00422	0.02066	0.00675	0.00590
2	0.01674	0.02013	0.08401	0.02778	0.03397	0.01902	0.50455	0.02217	0.01589	0.02217	0.01361	0.01862	0.01062	0.00743	0.01136	0.00258	0.14836	0.00794	0.00354	0.00952
3	0.01867	0.63638	0.14389	0.01375	0.02068	0.02688	0.01472	0.02196	0.01486	0.01804	0.01057	0.01224	0.00931	0.00633	0.00502	0.00167	0.00824	0.00412	0.00310	0.00955
4	0.00886	0.00633	0.00843	0.01012	0.01054	0.00590	0.00675	0.01012	0.01392	0.01856	0.04006	0.73979	0.04808	0.02277	0.00928	0.00295	0.00422	0.02066	0.00675	0.00590
5	0.01433	0.01730	0.13102	0.54112	0.11770	0.01639	0.02147	0.01968	0.01488	0.01984	0.01302	0.01859	0.00981	0.00712	0.00720	0.00237	0.00974	0.00629	0.00324	0.00887
6	0.01521	0.01614	0.03156	0.02404	0.02844	0.01668	0.39904	0.01940	0.01523	0.02110	0.01873	0.16429	0.01820	0.01089	0.01196	0.00271	0.16302	0.01055	0.00419	0.00862

[dist]
# distance from previous block
# <min> <max>
1	15

[block]
# block no. 4 follows, 28 sequences, length 7
# corresponding to MSA columns:
# 984-990
name=unknown_E
#
# <colnr> <probs for GDERKNQSTAVLIFYWHMCP>
#	G	D	E	R	K	N	Q	S	T	A	V	L	I	F	Y	W	H	M	C	P
0	0.00930	0.00693	0.00966	0.07581	0.01416	0.00684	0.00798	0.01090	0.01397	0.01856	0.03758	0.67379	0.04456	0.02135	0.00909	0.00290	0.00472	0.01936	0.00643	0.00610
1	0.02087	0.02272	0.02671	0.03650	0.48691	0.23625	0.01972	0.02442	0.01782	0.02188	0.01291	0.01646	0.01084	0.00679	0.00699	0.00207	0.01004	0.00591	0.00364	0.01055
2	0.01000	0.00788	0.01124	0.11364	0.01676	0.00842	0.00926	0.01180	0.01383	0.01849	0.03422	0.59020	0.04011	0.01991	0.00992	0.00289	0.05135	0.01771	0.00602	0.00635
3	0.01739	0.02062	0.13557	0.03970	0.53804	0.01731	0.07982	0.02250	0.01642	0.02359	0.01367	0.01772	0.01111	0.00651	0.00727	0.00221	0.00928	0.00649	0.00352	0.01125
4	0.02180	0.01315	0.01861	0.13915	0.12010	0.01331	0.01357	0.11262	0.02064	0.25599	0.14050	0.05356	0.02494	0.00985	0.00758	0.00229	0.00682	0.00847	0.00675	0.01030
5	0.02407	0.01517	0.01583	0.01337	0.01738	0.11245	0.01049	0.12896	0.02180	0.29533	0.12449	0.13701	0.02798	0.01174	0.00769	0.00230	0.00676	0.00974	0.00747	0.00999
6	0.01718	0.01900	0.03945	0.03179	0.13154	0.01851	0.53104	0.02272	0.01663	0.02292	0.01418	0.01910	0.01099	0.00666	0.00950	0.00246	0.06466	0.00811	0.00363	0.00991

[dist]
# distance from previous block
# <min> <max>
0	1

[block]
# block no. 5 follows, 28 sequences, length 6
# corresponding to MSA columns:
# 992-997
name=unknown_F
#
# <colnr> <probs for GDERKNQSTAVLIFYWHMCP>
#	G	D	E	R	K	N	Q	S	T	A	V	L	I	F	Y	W	H	M	C	P
0	0.02130	0.02329	0.02191	0.02434	0.19510	0.28297	0.01565	0.02885	0.19954	0.02272	0.01669	0.01843	0.01342	0.00835	0.00853	0.00223	0.07574	0.00626	0.00465	0.01001
1	0.01799	0.01727	0.02950	0.04462	0.69919	0.01727	0.02231	0.02231	0.01655	0.02375	0.01367	0.01799	0.01151	0.00648	0.00720	0.00216	0.00864	0.00648	0.00360	0.01151
2	0.01727	0.20106	0.36538	0.02058	0.07252	0.08163	0.05221	0.02285	0.01556	0.02086	0.01208	0.01470	0.00952	0.00712	0.00758	0.00214	0.05843	0.00526	0.00321	0.01003
3	0.02026	0.05433	0.01677	0.01314	0.01716	0.05437	0.01041	0.24331	0.02271	0.11193	0.05931	0.19425	0.07408	0.01266	0.00760	0.00227	0.00645	0.01054	0.00673	0.06173
4	0.01431	0.00985	0.01175	0.01058	0.01340	0.00960	0.00804	0.02071	0.15474	0.09944	0.32150	0.07500	0.11410	0.05068	0.00951	0.00254	0.00455	0.01147	0.00741	0.05080
5	0.02012	0.01739	0.01659	0.01411	0.01818	0.11878	0.01099	0.27402	0.06876	0.03047	0.02635	0.16819	0.07925	0.01196	0.00750	0.00222	0.00719	0.00977	0.00629	0.09187

[dist]
# distance from previous block
# <min> <max>
14	40

[block]
# block no. 6 follows, 28 sequences, length 12
# corresponding to MSA columns:
# 1044-1055
name=unknown_G
#
# <colnr> <probs for GDERKNQSTAVLIFYWHMCP>
#	G	D	E	R	K	N	Q	S	T	A	V	L	I	F	Y	W	H	M	C	P
0	0.01506	0.10769	0.64098	0.01990	0.03020	0.01805	0.02544	0.02290	0.01529	0.02244	0.01276	0.01498	0.00922	0.00684	0.00669	0.00223	0.01045	0.00523	0.00307	0.01060
1	0.01631	0.01365	0.01574	0.01135	0.01775	0.01096	0.00913	0.08300	0.01696	0.02587	0.01337	0.01531	0.01092	0.00571	0.00557	0.00119	0.00564	0.00453	0.00460	0.71245
2	0.02228	0.45873	0.02973	0.01289	0.01860	0.06151	0.01183	0.06046	0.01769	0.15523	0.05133	0.01706	0.01446	0.00742	0.00567	0.00177	0.00746	0.00527	0.00484	0.03580
3	0.04474	0.01697	0.02447	0.21860	0.36461	0.08051	0.01926	0.02115	0.01616	0.02210	0.05109	0.01961	0.01379	0.00760	0.00806	0.00227	0.04890	0.00659	0.00377	0.00973
4	0.01799	0.01727	0.02950	0.04462	0.69919	0.01727	0.02231	0.02231	0.01655	0.02375	0.01367	0.01799	0.01151	0.00648	0.00720	0.00216	0.00864	0.00648	0.00360	0.01151
5	0.01373	0.01292	0.02180	0.72707	0.05006	0.01615	0.02019	0.01857	0.01453	0.01857	0.01292	0.01938	0.00969	0.00727	0.00727	0.00242	0.00969	0.00646	0.00323	0.00807
6	0.01070	0.00881	0.01372	0.01370	0.03508	0.00815	0.08582	0.01300	0.01501	0.02021	0.05866	0.48901	0.06959	0.01871	0.00893	0.00275	0.00550	0.06750	0.00620	0.04891
7	0.01774	0.01702	0.02906	0.08412	0.66162	0.01721	0.02219	0.02209	0.01643	0.02345	0.01363	0.01807	0.01141	0.00652	0.00720	0.00217	0.00870	0.00648	0.00358	0.01132
8	0.01099	0.00844	0.01037	0.04534	0.01343	0.00827	0.00786	0.01446	0.05459	0.03955	0.24394	0.13092	0.26357	0.04645	0.01022	0.00271	0.02713	0.04803	0.00683	0.00689
9	0.12119	0.05425	0.04662	0.01416	0.01902	0.04896	0.01203	0.35017	0.02565	0.03613	0.13290	0.02599	0.04361	0.00990	0.00708	0.00221	0.00707	0.02647	0.00647	0.01009
10	0.39990	0.03921	0.05783	0.01238	0.01718	0.01714	0.01069	0.15393	0.09151	0.03299	0.04973	0.05724	0.01573	0.00877	0.00600	0.00228	0.00632	0.00640	0.00554	0.00924
11	0.02280	0.01941	0.06162	0.01526	0.02106	0.04003	0.01303	0.42249	0.06593	0.03712	0.02126	0.02138	0.06461	0.00885	0.00703	0.00204	0.00745	0.00683	0.00640	0.13540

[dist]
# distance from previous block
# <min> <max>
7	11

[block]
# block no. 7 follows, 28 sequences, length 7
# corresponding to MSA columns:
# 1067-1073
name=unknown_H
#
# <colnr> <probs for GDERKNQSTAVLIFYWHMCP>
#	G	D	E	R	K	N	Q	S	T	A	V	L	I	F	Y	W	H	M	C	P
0	0.05068	0.14242	0.05863	0.10581	0.02673	0.01846	0.15068	0.15935	0.01922	0.02627	0.01698	0.10482	0.01514	0.00888	0.00707	0.00218	0.00844	0.00790	0.00472	0.06561
1	0.01663	0.07244	0.03202	0.04407	0.07488	0.01782	0.33638	0.04218	0.01604	0.02242	0.01445	0.01925	0.01172	0.01126	0.07006	0.00312	0.09615	0.00731	0.04048	0.05135
2	0.07978	0.08839	0.32936	0.11620	0.02909	0.01703	0.06052	0.05661	0.01590	0.05926	0.01367	0.01669	0.01019	0.00844	0.00835	0.06215	0.00929	0.00572	0.00379	0.00955
3	0.01163	0.00995	0.01034	0.01003	0.01214	0.05632	0.00750	0.01579	0.07927	0.02424	0.31679	0.11368	0.22696	0.03875	0.00934	0.00257	0.00467	0.03595	0.00704	0.00703
4	0.05715	0.01265	0.01491	0.01243	0.01637	0.01254	0.01004	0.06867	0.05564	0.04923	0.02285	0.03145	0.06789	0.06073	0.01106	0.00243	0.09858	0.09187	0.00526	0.29826
5	0.02559	0.01305	0.01660	0.01339	0.01777	0.01296	0.01086	0.16091	0.02212	0.37866	0.10137	0.06686	0.02385	0.01306	0.04691	0.00284	0.04600	0.00855	0.00781	0.01082
6	0.02085	0.01215	0.01492	0.01259	0.01662	0.01181	0.01014	0.13179	0.07556	0.23084	0.17550	0.07590	0.03222	0.01196	0.00783	0.00233	0.00572	0.07433	0.00764	0.06930

[dist]
# distance from previous block
# <min> <max>
49	121

[block]
# block no. 8 follows, 28 sequences, length 6
# corresponding to MSA columns:
# 1223-1228
name=unknown_I
#
# <colnr> <probs for GDERKNQSTAVLIFYWHMCP>
#	G	D	E	R	K	N	Q	S	T	A	V	L	I	F	Y	W	H	M	C	P
0	0.02557	0.01826	0.02141	0.01645	0.02208	0.01951	0.05689	0.46452	0.07630	0.10664	0.01930	0.01930	0.01372	0.00849	0.00719	0.00215	0.00763	0.00678	0.03985	0.04796
1	0.16914	0.10273	0.01945	0.01459	0.01892	0.26366	0.01169	0.16350	0.02132	0.02806	0.10429	0.01918	0.01769	0.00847	0.00638	0.00203	0.00871	0.00599	0.00515	0.00906
2	0.02025	0.01550	0.01587	0.06081	0.01931	0.11846	0.01098	0.09097	0.10889	0.15401	0.17115	0.08217	0.02911	0.01085	0.00750	0.00221	0.00678	0.00901	0.00674	0.05944
3	0.07158	0.06221	0.01515	0.01214	0.01511	0.01125	0.04466	0.03880	0.05011	0.14106	0.12511	0.21461	0.03360	0.07927	0.01050	0.00290	0.00582	0.05143	0.00657	0.00814
4	0.13204	0.06364	0.02045	0.01593	0.06192	0.01501	0.08350	0.08328	0.06205	0.07041	0.01638	0.05038	0.01344	0.00744	0.00629	0.00186	0.00680	0.00625	0.00504	0.27790
5	0.01860	0.01868	0.02234	0.04986	0.23750	0.15341	0.05111	0.06865	0.06473	0.02518	0.15499	0.02513	0.02346	0.00911	0.00828	0.00223	0.04437	0.00773	0.00502	0.00961

[dist]
# distance from previous block
# <min> <max>
7	63

[block]
# block no. 9 follows, 28 sequences, length 11
# corresponding to MSA columns:
# 1301-1311
name=unknown_J
#
# <colnr> <probs for GDERKNQSTAVLIFYWHMCP>
#	G	D	E	R	K	N	Q	S	T	A	V	L	I	F	Y	W	H	M	C	P
0	0.04869	0.04825	0.01842	0.01695	0.10434	0.06156	0.01196	0.10960	0.04025	0.14369	0.02217	0.08565	0.03689	0.00975	0.00699	0.00207	0.00687	0.04734	0.00586	0.17269
1	0.14986	0.02100	0.01821	0.01506	0.01974	0.18564	0.01203	0.30997	0.02524	0.07402	0.08402	0.01966	0.01694	0.00875	0.00679	0.00213	0.00827	0.00639	0.00615	0.01014
2	0.01279	0.01063	0.01095	0.01075	0.01245	0.06899	0.00751	0.06246	0.01593	0.02071	0.07230	0.34293	0.06635	0.17138	0.01438	0.00345	0.00589	0.01404	0.00591	0.07020
3	0.10201	0.01091	0.01196	0.01146	0.01310	0.06995	0.02597	0.04870	0.01384	0.01988	0.01974	0.15681	0.02025	0.01974	0.04374	0.31076	0.00705	0.03786	0.05045	0.00582
4	0.02342	0.06546	0.01936	0.01646	0.01994	0.47468	0.01243	0.06658	0.06957	0.02017	0.01591	0.06693	0.01462	0.07232	0.00938	0.00244	0.01083	0.00662	0.00447	0.00843
5	0.01603	0.01188	0.01344	0.09243	0.01773	0.05503	0.00987	0.05935	0.07392	0.07340	0.02700	0.03106	0.10671	0.07120	0.06876	0.04963	0.04792	0.00822	0.15868	0.00776
6	0.01312	0.01085	0.01098	0.01067	0.01263	0.07922	0.00760	0.03923	0.01550	0.02108	0.06226	0.31230	0.03176	0.10899	0.03711	0.00322	0.00619	0.01262	0.09414	0.11050
7	0.47950	0.21615	0.07868	0.01176	0.01723	0.05490	0.01106	0.02200	0.01369	0.02684	0.01043	0.01214	0.00846	0.00666	0.00485	0.00205	0.00702	0.00408	0.00396	0.00854
8	0.02371	0.10845	0.04819	0.06870	0.10062	0.37179	0.01531	0.05316	0.05859	0.06476	0.01402	0.01576	0.01105	0.00748	0.00660	0.00199	0.01060	0.00539	0.00429	0.00953
9	0.04766	0.01204	0.01401	0.01206	0.01581	0.01195	0.00939	0.12615	0.10888	0.14739	0.12492	0.16978	0.06384	0.01264	0.00764	0.00230	0.00540	0.01074	0.00715	0.09024
10	0.02498	0.02974	0.02135	0.01861	0.02275	0.52286	0.05845	0.07724	0.08695	0.02157	0.01589	0.01721	0.03448	0.00810	0.00690	0.00201	0.01162	0.00580	0.00447	0.00904

[dist]
# distance from previous block
# <min> <max>
5	9

[block]
# block no. 10 follows, 28 sequences, length 95
# corresponding to MSA columns:
# 1322-1416
name=unknown_K
#
# <colnr> <probs for GDERKNQSTAVLIFYWHMCP>
#	G	D	E	R	K	N	Q	S	T	A	V	L	I	F	Y	W	H	M	C	P
0	0.01908	0.65383	0.06959	0.01436	0.04946	0.02727	0.01355	0.02249	0.04039	0.01819	0.01115	0.01271	0.00991	0.00640	0.00499	0.00165	0.00788	0.00424	0.00329	0.00958
1	0.00976	0.00721	0.00922	0.01048	0.01172	0.00677	0.00797	0.01176	0.01525	0.01964	0.04615	0.36624	0.18382	0.04572	0.01032	0.00311	0.00498	0.21709	0.00665	0.00615
2	0.01595	0.01722	0.03260	0.02555	0.05615	0.03918	0.40779	0.02032	0.01571	0.02139	0.01780	0.13551	0.01675	0.00999	0.01113	0.00262	0.13139	0.00996	0.00409	0.00888
3	0.06806	0.01972	0.04169	0.01597	0.02174	0.02089	0.01346	0.56182	0.03062	0.04222	0.01676	0.01736	0.01215	0.01004	0.03251	0.00247	0.00823	0.00630	0.00672	0.05128
4	0.00904	0.00643	0.00846	0.00993	0.01038	0.00603	0.00660	0.01032	0.01401	0.01876	0.06963	0.66155	0.04760	0.07050	0.01109	0.00319	0.00437	0.01964	0.00665	0.00585
5	0.01218	0.03333	0.01114	0.01021	0.01188	0.00915	0.00745	0.01641	0.10142	0.04300	0.19613	0.15681	0.07296	0.21022	0.01607	0.00376	0.00535	0.06920	0.00646	0.00685
6	0.10671	0.05717	0.34250	0.01895	0.02595	0.18691	0.04867	0.02372	0.01594	0.02211	0.01191	0.01451	0.00921	0.00753	0.00816	0.00226	0.07963	0.00522	0.00343	0.00950
7	0.00988	0.00740	0.00929	0.01041	0.01186	0.00691	0.00809	0.01202	0.01558	0.01985	0.04863	0.27822	0.23454	0.04920	0.01045	0.00311	0.00507	0.24665	0.00664	0.00620
8	0.01458	0.03760	0.70688	0.02072	0.03146	0.01688	0.02686	0.02302	0.01535	0.02302	0.01304	0.01535	0.00921	0.00691	0.00691	0.00230	0.01074	0.00537	0.00307	0.01074
9	0.04427	0.03671	0.68042	0.02029	0.03080	0.01686	0.02614	0.02296	0.01523	0.02338	0.01293	0.01521	0.00916	0.00690	0.00681	0.00230	0.01055	0.00532	0.00312	0.01063
10	0.01785	0.01389	0.01578	0.01550	0.06378	0.04182	0.01100	0.27423	0.02230	0.02953	0.02712	0.30761	0.02840	0.05574	0.00982	0.00280	0.00664	0.04081	0.00648	0.00889
11	0.01114	0.00989	0.01556	0.01424	0.01586	0.01029	0.10740	0.01325	0.01428	0.01922	0.03544	0.44592	0.11024	0.01826	0.01132	0.00286	0.11621	0.01608	0.00575	0.00682
12	0.01924	0.72065	0.06466	0.01277	0.01917	0.02829	0.01301	0.02182	0.01479	0.01734	0.01022	0.01181	0.00932	0.00625	0.00475	0.00158	0.00789	0.00395	0.00311	0.00938
13	0.01750	0.01677	0.02862	0.12265	0.62497	0.01714	0.02207	0.02188	0.01632	0.02316	0.01359	0.01815	0.01131	0.00657	0.00720	0.00219	0.00876	0.00647	0.00356	0.01112
14	0.01613	0.15706	0.52995	0.02039	0.06154	0.04988	0.02362	0.02304	0.01554	0.02182	0.01250	0.01475	0.00935	0.00679	0.00652	0.00215	0.01024	0.00514	0.00313	0.01044
15	0.00886	0.00633	0.00843	0.01012	0.01054	0.00590	0.00675	0.01012	0.01392	0.01856	0.04006	0.73979	0.04808	0.02277	0.00928	0.00295	0.00422	0.02066	0.00675	0.00590
16	0.05845	0.03533	0.63619	0.02121	0.06178	0.01687	0.02558	0.02289	0.01524	0.02359	0.01291	0.01527	0.00924	0.00688	0.00678	0.00229	0.01036	0.00534	0.00317	0.01062
17	0.01485	0.07657	0.67023	0.02026	0.03076	0.01753	0.02607	0.02295	0.01532	0.02270	0.01288	0.01514	0.00921	0.00687	0.00678	0.00226	0.01058	0.00529	0.00307	0.01067
18	0.03261	0.01237	0.01687	0.01293	0.01856	0.01068	0.01068	0.03543	0.02081	0.70423	0.02868	0.02474	0.01799	0.00900	0.00731	0.00225	0.00619	0.00731	0.00900	0.01237
19	0.01716	0.01961	0.04289	0.03064	0.03799	0.01838	0.67279	0.02328	0.01716	0.02328	0.01471	0.01961	0.01103	0.00613	0.00858	0.00245	0.01225	0.00858	0.00368	0.00980
20	0.01497	0.07636	0.64530	0.02112	0.05485	0.01756	0.02589	0.02292	0.01536	0.02272	0.01290	0.01524	0.00930	0.00685	0.00679	0.00226	0.01050	0.00533	0.00309	0.01069
21	0.01391	0.01276	0.02011	0.13203	0.02351	0.01577	0.08620	0.01690	0.01294	0.01902	0.01545	0.05100	0.01412	0.02093	0.17891	0.00483	0.27663	0.00759	0.06974	0.00765
22	0.01442	0.01363	0.02305	0.61639	0.15533	0.01633	0.02053	0.01918	0.01486	0.01941	0.01304	0.01915	0.00999	0.00714	0.00726	0.00238	0.00952	0.00646	0.00329	0.00863
23	0.01436	0.01358	0.02140	0.49285	0.03945	0.01761	0.01838	0.01820	0.01356	0.01856	0.01232	0.01864	0.00997	0.00892	0.01207	0.00262	0.22167	0.00644	0.03142	0.00799
24	0.01490	0.01356	0.02171	0.17149	0.27471	0.01414	0.05271	0.04928	0.03729	0.02257	0.02535	0.14409	0.08799	0.01109	0.00786	0.00243	0.00765	0.02730	0.00474	0.00915
25	0.01346	0.00678	0.00681	0.00681	0.00845	0.00678	0.00506	0.01674	0.01510	0.02670	0.02369	0.02774	0.01887	0.03133	0.00607	0.00186	0.00350	0.00689	0.76065	0.00670
26	0.01458	0.03760	0.70688	0.02072	0.03146	0.01688	0.02686	0.02302	0.01535	0.02302	0.01304	0.01535	0.00921	0.00691	0.00691	0.00230	0.01074	0.00537	0.00307	0.01074
27	0.00971	0.00748	0.00799	0.00794	0.01031	0.00635	0.00592	0.01163	0.01673	0.04865	0.10356	0.12668	0.57526	0.01821	0.00860	0.00248	0.00382	0.01536	0.00691	0.00642
28	0.01458	0.03760	0.70688	0.02072	0.03146	0.01688	0.02686	0.02302	0.01535	0.02302	0.01304	0.01535	0.00921	0.00691	0.00691	0.00230	0.01074	0.00537	0.00307	0.01074
29	0.01458	0.03760	0.70688	0.02072	0.03146	0.01688	0.02686	0.02302	0.01535	0.02302	0.01304	0.01535	0.00921	0.00691	0.00691	0.00230	0.01074	0.00537	0.00307	0.01074
30	0.01398	0.01323	0.02270	0.64451	0.07430	0.01603	0.04891	0.01881	0.01481	0.01910	0.01390	0.02147	0.01092	0.00762	0.00742	0.00244	0.00966	0.02855	0.00338	0.00824
31	0.02556	0.03179	0.02019	0.01909	0.04636	0.62218	0.01390	0.02852	0.05663	0.01873	0.01353	0.04439	0.01176	0.00822	0.00674	0.00196	0.01217	0.00561	0.00407	0.00860
32	0.03261	0.01237	0.01687	0.01293	0.01856	0.01068	0.01068	0.03543	0.02081	0.70423	0.02868	0.02474	0.01799	0.00900	0.00731	0.00225	0.00619	0.00731	0.00900	0.01237
33	0.00928	0.00681	0.00905	0.01042	0.01080	0.00673	0.00705	0.01049	0.01360	0.01826	0.03768	0.66744	0.04507	0.06238	0.01150	0.00319	0.03844	0.01943	0.00645	0.00592
34	0.01817	0.01779	0.02877	0.07552	0.64053	0.04636	0.02186	0.02241	0.01663	0.02326	0.01354	0.01785	0.01134	0.00656	0.00717	0.00216	0.00887	0.00640	0.00359	0.01122
35	0.02618	0.01256	0.01586	0.01257	0.01731	0.01179	0.01022	0.14222	0.02287	0.42286	0.15536	0.03157	0.06424	0.01058	0.00761	0.00226	0.00584	0.00873	0.00838	0.01098
36	0.01038	0.00779	0.01168	0.01168	0.01298	0.00909	0.00909	0.01298	0.01168	0.01687	0.01947	0.02856	0.01817	0.05452	0.71573	0.01168	0.01947	0.00779	0.00389	0.00649
37	0.01395	0.01258	0.02029	0.60626	0.04405	0.01534	0.01831	0.05406	0.01556	0.02008	0.01625	0.10103	0.01419	0.00911	0.00750	0.00247	0.00897	0.00808	0.00385	0.00807
38	0.01752	0.01679	0.02866	0.11990	0.62759	0.01715	0.02207	0.02190	0.01633	0.02318	0.01359	0.01814	0.01131	0.00656	0.00720	0.00219	0.00875	0.00647	0.00356	0.01113
39	0.03261	0.01237	0.01687	0.01293	0.01856	0.01068	0.01068	0.03543	0.02081	0.70423	0.02868	0.02474	0.01799	0.00900	0.00731	0.00225	0.00619	0.00731	0.00900	0.01237
40	0.01704	0.01938	0.04218	0.05402	0.03840	0.01831	0.65088	0.02313	0.01707	0.02313	0.01465	0.01960	0.01098	0.00617	0.00853	0.00245	0.01217	0.00851	0.00366	0.00975
41	0.01373	0.01292	0.02180	0.72707	0.05006	0.01615	0.02019	0.01857	0.01453	0.01857	0.01292	0.01938	0.00969	0.00727	0.00727	0.00242	0.00969	0.00646	0.00323	0.00807
42	0.02981	0.01574	0.04582	0.01438	0.02019	0.01456	0.01223	0.21138	0.05680	0.46253	0.02500	0.02247	0.01629	0.00888	0.00729	0.00224	0.00685	0.00707	0.00821	0.01226
43	0.00936	0.00683	0.00887	0.01038	0.01100	0.00657	0.00701	0.01168	0.05074	0.01921	0.03949	0.70075	0.04666	0.02207	0.00917	0.00293	0.00430	0.01998	0.00678	0.00621
44	0.00914	0.00708	0.00827	0.00884	0.01040	0.00631	0.00639	0.01101	0.01599	0.02040	0.13831	0.28519	0.34307	0.04832	0.01002	0.00283	0.00412	0.05139	0.00681	0.00612
45	0.01468	0.03688	0.68031	0.02112	0.03172	0.01694	0.05270	0.02303	0.01542	0.02303	0.01311	0.01552	0.00928	0.00687	0.00697	0.00231	0.01080	0.00550	0.00309	0.01071
46	0.03261	0.01237	0.01687	0.01293	0.01856	0.01068	0.01068	0.03543	0.02081	0.70423	0.02868	0.02474	0.01799	0.00900	0.00731	0.00225	0.00619	0.00731	0.00900	0.01237
47	0.02715	0.03464	0.02060	0.01873	0.02247	0.71536	0.01404	0.02903	0.02060	0.01779	0.01124	0.01311	0.00936	0.00749	0.00655	0.00187	0.01311	0.00468	0.00375	0.00843
48	0.03054	0.01341	0.01727	0.01338	0.01883	0.01246	0.01100	0.12559	0.04424	0.56178	0.05378	0.02496	0.01935	0.00922	0.00736	0.00225	0.00632	0.00746	0.00866	0.01212
49	0.01459	0.01356	0.02246	0.64334	0.10417	0.01648	0.02014	0.04273	0.01542	0.02000	0.01315	0.01919	0.00994	0.00725	0.00726	0.00239	0.00954	0.00646	0.00341	0.00852
50	0.01355	0.00678	0.00678	0.00678	0.00847	0.00678	0.00508	0.01694	0.01524	0.02710	0.02371	0.02710	0.01863	0.00847	0.00508	0.00169	0.00339	0.00678	0.78489	0.00678
51	0.02355	0.04796	0.01806	0.03803	0.01983	0.04861	0.01163	0.14488	0.22728	0.23108	0.02716	0.06431	0.04468	0.01009	0.00733	0.00231	0.00668	0.00820	0.00729	0.01104
52	0.01754	0.20013	0.17623	0.01768	0.04611	0.09952	0.01655	0.04109	0.01539	0.02023	0.04215	0.01716	0.01279	0.01199	0.06104	0.00294	0.18301	0.00576	0.00361	0.00907
53	0.00886	0.00633	0.00843	0.01012	0.01054	0.00590	0.00675	0.01012	0.01392	0.01856	0.04006	0.73979	0.04808	0.02277	0.00928	0.00295	0.00422	0.02066	0.00675	0.00590
54	0.01038	0.00779	0.01168	0.01168	0.01298	0.00909	0.00909	0.01298	0.01168	0.01687	0.01947	0.02856	0.01817	0.05452	0.71573	0.01168	0.01947	0.00779	0.00389	0.00649
55	0.01950	0.01853	0.02170	0.32449	0.03382	0.12448	0.01697	0.17886	0.01961	0.02486	0.01317	0.01736	0.01026	0.00861	0.01005	0.00241	0.13568	0.00619	0.00428	0.00914
56	0.01770	0.01888	0.05364	0.11996	0.42551	0.05561	0.15717	0.02246	0.01662	0.02269	0.01364	0.01813	0.01100	0.00657	0.00745	0.00224	0.00983	0.00678	0.00356	0.01056
57	0.01373	0.01292	0.02180	0.72707	0.05006	0.01615	0.02019	0.01857	0.01453	0.01857	0.01292	0.01938	0.00969	0.00727	0.00727	0.00242	0.00969	0.00646	0.00323	0.00807
58	0.01458	0.03760	0.70688	0.02072	0.03146	0.01688	0.02686	0.02302	0.01535	0.02302	0.01304	0.01535	0.00921	0.00691	0.00691	0.00230	0.01074	0.00537	0.00307	0.01074
59	0.01218	0.01085	0.01784	0.04513	0.01933	0.01080	0.15458	0.03747	0.03976	0.02110	0.03410	0.39241	0.09426	0.01666	0.00942	0.00275	0.03405	0.03408	0.00583	0.00740
60	0.01059	0.00734	0.00992	0.01014	0.01124	0.00798	0.00746	0.01273	0.01247	0.01820	0.02501	0.12357	0.04629	0.13946	0.40888	0.00823	0.01304	0.00995	0.11136	0.00615
61	0.02763	0.02036	0.02182	0.01672	0.02254	0.02254	0.01382	0.67496	0.03418	0.04581	0.01745	0.01745	0.01236	0.00873	0.00727	0.00218	0.00800	0.00654	0.00727	0.01236
62	0.03173	0.01311	0.01724	0.01329	0.01888	0.01186	0.01096	0.08544	0.04458	0.62983	0.02783	0.02425	0.01770	0.00901	0.00731	0.00225	0.00631	0.00728	0.00881	0.01234
63	0.01682	0.05006	0.03043	0.13512	0.10740	0.04749	0.23303	0.02076	0.01480	0.02027	0.01232	0.01760	0.01026	0.00850	0.01283	0.00258	0.24029	0.00694	0.00342	0.00906
64	0.00971	0.00684	0.00884	0.00963	0.01010	0.00682	0.00637	0.01085	0.01269	0.01719	0.05359	0.37578	0.03689	0.26245	0.13284	0.00568	0.00758	0.01504	0.00557	0.00554
65	0.14086	0.01360	0.02106	0.53735	0.04191	0.01662	0.04986	0.01920	0.01412	0.02102	0.01237	0.01797	0.00945	0.00743	0.00780	0.00244	0.04922	0.00615	0.00345	0.00812
66	0.02591	0.09775	0.04289	0.01602	0.02183	0.02198	0.01372	0.53160	0.03007	0.07012	0.01712	0.01754	0.01243	0.01024	0.03513	0.00250	0.00843	0.00631	0.00665	0.01176
67	0.00947	0.00665	0.00856	0.00963	0.01000	0.00649	0.00628	0.01048	0.01279	0.01715	0.03351	0.48524	0.03948	0.22974	0.07530	0.00483	0.00627	0.01675	0.00585	0.00553
68	0.01021	0.00769	0.00906	0.00950	0.01137	0.00715	0.00737	0.01313	0.03640	0.02186	0.14281	0.13622	0.30693	0.04555	0.00984	0.00282	0.00457	0.16099	0.05005	0.00647
69	0.01047	0.00766	0.01010	0.01103	0.01260	0.00729	0.00890	0.01327	0.01712	0.02263	0.19579	0.18738	0.13744	0.01911	0.00937	0.00291	0.00510	0.30830	0.00701	0.00652
70	0.12509	0.23733	0.12687	0.10636	0.02486	0.13348	0.01540	0.06656	0.03738	0.02273	0.01216	0.01446	0.00977	0.00723	0.00653	0.00205	0.03370	0.00497	0.00382	0.00926
71	0.02349	0.37530	0.02905	0.01559	0.02065	0.34082	0.01326	0.06859	0.01872	0.01933	0.01111	0.01271	0.00955	0.00696	0.00570	0.00174	0.01022	0.00443	0.00368	0.00912
72	0.02122	0.01663	0.01836	0.01387	0.01986	0.01636	0.01128	0.33035	0.07109	0.03462	0.01623	0.01704	0.01232	0.00728	0.00642	0.00170	0.00665	0.00564	0.00593	0.36718
73	0.11782	0.02144	0.01943	0.13126	0.02519	0.20798	0.01388	0.24328	0.04382	0.02989	0.01443	0.01649	0.01099	0.00810	0.00732	0.00218	0.03787	0.00576	0.03322	0.00965
74	0.01021	0.00730	0.00940	0.01052	0.01135	0.00706	0.00731	0.04750	0.01537	0.02055	0.06996	0.59769	0.04574	0.05528	0.01047	0.00309	0.00466	0.05354	0.00673	0.00628
75	0.01138	0.00826	0.01001	0.01037	0.01170	0.00811	0.00732	0.08613	0.01676	0.02227	0.09702	0.43224	0.10458	0.10406	0.01218	0.00325	0.00493	0.03619	0.00664	0.00659
76	0.01333	0.00795	0.01085	0.03614	0.01246	0.00825	0.00766	0.07264	0.01312	0.01785	0.01888	0.15318	0.01947	0.02308	0.04983	0.47576	0.00663	0.00904	0.03889	0.00500
77	0.02414	0.01832	0.01994	0.01515	0.02108	0.01913	0.01242	0.48852	0.04859	0.03971	0.01665	0.01713	0.01225	0.00791	0.00679	0.00191	0.00726	0.00602	0.00652	0.21056
78	0.02506	0.01834	0.01967	0.01551	0.02064	0.02024	0.01265	0.55372	0.07014	0.04213	0.01973	0.05264	0.01512	0.00943	0.00720	0.00220	0.00732	0.00732	0.06939	0.01156
79	0.26079	0.01237	0.01549	0.29404	0.05485	0.01429	0.01310	0.01872	0.03693	0.02366	0.02187	0.02743	0.09963	0.04512	0.00812	0.00262	0.00721	0.03153	0.00443	0.00778
80	0.01758	0.01771	0.03047	0.04570	0.04676	0.04052	0.32264	0.09951	0.01742	0.02372	0.01559	0.05929	0.01367	0.04913	0.01309	0.00282	0.16262	0.00839	0.00420	0.00916
81	0.08869	0.05695	0.02175	0.08657	0.02267	0.08066	0.05042	0.01968	0.01365	0.02041	0.01099	0.01545	0.00967	0.00916	0.01376	0.00240	0.32260	0.00562	0.00358	0.14531
82	0.01665	0.19435	0.41941	0.02107	0.06160	0.04890	0.09617	0.02298	0.01570	0.02154	0.01253	0.01504	0.00956	0.00667	0.00659	0.00213	0.01024	0.00543	0.00320	0.01026
83	0.01722	0.06138	0.11776	0.02232	0.06285	0.06535	0.15822	0.03898	0.03933	0.02108	0.01337	0.03917	0.01163	0.00958	0.01371	0.00261	0.28552	0.00698	0.00370	0.00921
84	0.08241	0.01219	0.01428	0.05101	0.01780	0.01200	0.00992	0.07991	0.10390	0.09982	0.08504	0.12240	0.04468	0.01121	0.00720	0.00218	0.00570	0.04456	0.00629	0.18749
85	0.48062	0.10030	0.10933	0.03847	0.04155	0.01709	0.01186	0.02138	0.01375	0.04790	0.01481	0.01637	0.04693	0.00743	0.00535	0.00219	0.00672	0.00504	0.00433	0.00860
86	0.01173	0.01264	0.07723	0.01067	0.01404	0.03505	0.00915	0.01735	0.12526	0.02230	0.10889	0.05375	0.38781	0.04746	0.00947	0.00264	0.00528	0.03535	0.00639	0.00754
87	0.49585	0.05937	0.13917	0.03522	0.04838	0.01706	0.04507	0.02218	0.01377	0.05021	0.01169	0.01370	0.00887	0.00679	0.00542	0.00223	0.00724	0.00470	0.00420	0.00886
88	0.00978	0.00692	0.00889	0.00967	0.01047	0.00641	0.00646	0.01099	0.01395	0.01897	0.10307	0.48606	0.04318	0.13839	0.01429	0.03623	0.00475	0.01674	0.00621	0.04855
89	0.10311	0.40850	0.02946	0.04120	0.05332	0.15288	0.01333	0.02259	0.01534	0.01930	0.01054	0.01292	0.00932	0.00716	0.00698	0.00190	0.07531	0.00449	0.00341	0.00894
90	0.01682	0.01280	0.01565	0.01349	0.01616	0.01425	0.01055	0.17684	0.04050	0.04980	0.02031	0.10873	0.01938	0.11218	0.14655	0.00473	0.12404	0.00879	0.00535	0.08307
91	0.01650	0.01183	0.01368	0.01253	0.01525	0.01245	0.00948	0.20284	0.09970	0.05590	0.09124	0.30427	0.03426	0.05548	0.00989	0.00282	0.00570	0.03047	0.00705	0.00868
92	0.02200	0.15408	0.02266	0.01640	0.04491	0.33954	0.01267	0.04762	0.01820	0.02043	0.01175	0.01378	0.00992	0.00686	0.00642	0.00166	0.02877	0.00462	0.00389	0.21383
93	0.02585	0.06170	0.02167	0.06579	0.05519	0.38925	0.01434	0.11419	0.02121	0.11506	0.01454	0.01595	0.01106	0.00793	0.00737	0.00205	0.03687	0.00551	0.00484	0.00964
94	0.03793	0.01036	0.01144	0.01129	0.01353	0.03354	0.00867	0.09877	0.04526	0.02516	0.13621	0.25316	0.15704	0.01709	0.00859	0.00265	0.00527	0.10980	0.00684	0.00740

[dist]
# distance from previous block
# <min> <max>
1	6

[block]
# block no. 11 follows, 28 sequences, length 7
# corresponding to MSA columns:
# 1423-1429
name=unknown_L
#
# <colnr> <probs for GDERKNQSTAVLIFYWHMCP>
#	G	D	E	R	K	N	Q	S	T	A	V	L	I	F	Y	W	H	M	C	P
0	0.01280	0.01278	0.05555	0.01247	0.01495	0.07398	0.03578	0.05213	0.01601	0.02067	0.03334	0.41625	0.08675	0.06046	0.01009	0.00283	0.00619	0.01487	0.00585	0.05623
1	0.01395	0.00938	0.01191	0.01263	0.07555	0.00854	0.00870	0.01724	0.04103	0.12547	0.19530	0.05413	0.33171	0.01491	0.00831	0.00241	0.00470	0.04908	0.00709	0.00794
2	0.01703	0.01432	0.01605	0.01238	0.01816	0.01309	0.00986	0.08422	0.19398	0.02750	0.01774	0.01847	0.01393	0.00687	0.00609	0.00155	0.00572	0.00555	0.00540	0.51210
3	0.01987	0.01642	0.01936	0.01993	0.13583	0.03817	0.01382	0.23019	0.18504	0.03167	0.02471	0.03145	0.04555	0.01051	0.00764	0.00237	0.00722	0.10441	0.00631	0.04955
4	0.02445	0.01796	0.02019	0.07253	0.02353	0.01952	0.01335	0.43976	0.11365	0.08109	0.01893	0.01909	0.01362	0.00846	0.00712	0.00214	0.00749	0.00659	0.00680	0.08373
5	0.08366	0.19323	0.02261	0.07104	0.02102	0.05013	0.01249	0.21549	0.06124	0.02815	0.01924	0.08513	0.04420	0.00981	0.00762	0.00220	0.05053	0.00738	0.00526	0.00957
6	0.01450	0.01354	0.01737	0.13711	0.02196	0.07250	0.05151	0.01728	0.01423	0.01961	0.02248	0.02768	0.10069	0.04621	0.07833	0.00353	0.20140	0.00790	0.12477	0.00742

[dist]
# distance from previous block
# <min> <max>
7	30

[block]
# block no. 12 follows, 28 sequences, length 7
# corresponding to MSA columns:
# 1460-1466
name=unknown_M
#
# <colnr> <probs for GDERKNQSTAVLIFYWHMCP>
#	G	D	E	R	K	N	Q	S	T	A	V	L	I	F	Y	W	H	M	C	P
0	0.02344	0.02857	0.08141	0.04325	0.02334	0.42392	0.01493	0.09508	0.09983	0.02296	0.01618	0.02045	0.01345	0.00872	0.00703	0.00214	0.01093	0.05045	0.00467	0.00927
1	0.01854	0.02439	0.12400	0.08364	0.03055	0.21216	0.25449	0.02316	0.01728	0.02094	0.01527	0.07413	0.01312	0.00800	0.00756	0.00224	0.01108	0.00760	0.00385	0.04802
2	0.04177	0.01556	0.01862	0.01526	0.01863	0.07781	0.03817	0.02041	0.01474	0.09394	0.01565	0.07912	0.01415	0.01004	0.01244	0.00225	0.25405	0.00694	0.00457	0.24587
3	0.22815	0.01484	0.04639	0.16275	0.11801	0.01526	0.01390	0.06583	0.05833	0.09541	0.05791	0.02281	0.05447	0.00852	0.00666	0.00230	0.00707	0.00683	0.00520	0.00936
4	0.01538	0.05444	0.01546	0.01453	0.07546	0.05178	0.01028	0.05943	0.01540	0.05012	0.02170	0.02776	0.05533	0.08319	0.23515	0.00553	0.05565	0.00757	0.13804	0.00779
5	0.07712	0.40945	0.02887	0.01431	0.01956	0.24854	0.01250	0.02515	0.01696	0.07177	0.01191	0.01316	0.00991	0.00688	0.00547	0.00176	0.00923	0.00441	0.00387	0.00917
6	0.02113	0.01671	0.01656	0.01401	0.01776	0.09911	0.01079	0.31069	0.02376	0.06460	0.02253	0.17555	0.02153	0.09900	0.01106	0.00284	0.00747	0.00975	0.00633	0.04883

[dist]
# distance from previous block
# <min> <max>
0	63

[block]
# block no. 13 follows, 28 sequences, length 7
# corresponding to MSA columns:
# 1530-1536
name=unknown_N
#
# <colnr> <probs for GDERKNQSTAVLIFYWHMCP>
#	G	D	E	R	K	N	Q	S	T	A	V	L	I	F	Y	W	H	M	C	P
0	0.02298	0.16582	0.11633	0.01678	0.02204	0.33654	0.01490	0.08503	0.01933	0.05490	0.01335	0.01533	0.01073	0.01106	0.06211	0.00269	0.01147	0.00517	0.00413	0.00932
1	0.21452	0.05744	0.01508	0.01346	0.04939	0.12962	0.01000	0.02150	0.06854	0.04604	0.09119	0.02595	0.07284	0.01548	0.10266	0.00344	0.00856	0.00714	0.03896	0.00818
2	0.16235	0.11831	0.01851	0.09484	0.02048	0.01446	0.01107	0.02630	0.01767	0.32189	0.10316	0.02357	0.02021	0.00872	0.00658	0.00217	0.00638	0.00683	0.00655	0.00995
3	0.12553	0.01395	0.01791	0.07698	0.02101	0.04796	0.08547	0.01927	0.01487	0.05958	0.04251	0.07664	0.01694	0.06927	0.01062	0.00249	0.07136	0.00742	0.00463	0.21559
4	0.07590	0.01402	0.01972	0.04567	0.02087	0.01489	0.13388	0.16754	0.01918	0.02668	0.02947	0.12450	0.14764	0.04816	0.01080	0.00273	0.07384	0.01045	0.00553	0.00852
5	0.02127	0.07907	0.02353	0.04668	0.04735	0.25619	0.07510	0.02609	0.09573	0.05975	0.01464	0.01694	0.01175	0.00826	0.00946	0.00217	0.12516	0.00592	0.00435	0.07061
6	0.01598	0.01273	0.01631	0.05450	0.08513	0.01323	0.01172	0.06962	0.12662	0.05905	0.09622	0.06042	0.07913	0.03522	0.00981	0.00247	0.06307	0.05861	0.00591	0.12424

[dist]
# distance from previous block
# <min> <max>
21	28

[block]
# block no. 14 follows, 28 sequences, length 15
# corresponding to MSA columns:
# 1566-1580
name=unknown_O
#
# <colnr> <probs for GDERKNQSTAVLIFYWHMCP>
#	G	D	E	R	K	N	Q	S	T	A	V	L	I	F	Y	W	H	M	C	P
0	0.01658	0.01347	0.01622	0.01226	0.01751	0.01210	0.00991	0.06687	0.01658	0.05522	0.05690	0.01828	0.01473	0.00733	0.00817	0.00156	0.09805	0.00543	0.00482	0.54802
1	0.01445	0.01595	0.08587	0.15049	0.02544	0.04956	0.08305	0.01789	0.01407	0.01977	0.01774	0.12828	0.01711	0.03634	0.03085	0.00299	0.19725	0.00880	0.07621	0.00789
2	0.04010	0.08891	0.02365	0.11422	0.24284	0.13601	0.01615	0.08277	0.01845	0.06648	0.01822	0.06059	0.04374	0.00856	0.00698	0.00215	0.00868	0.00712	0.00456	0.00982
3	0.20400	0.06950	0.14342	0.04623	0.02209	0.19385	0.01441	0.12269	0.01876	0.02716	0.01315	0.01507	0.01012	0.00738	0.00605	0.00208	0.00895	0.00509	0.06075	0.00924
4	0.02219	0.12064	0.05453	0.07530	0.17139	0.35278	0.01644	0.04471	0.01870	0.02044	0.03045	0.01578	0.01153	0.00730	0.00659	0.00197	0.01068	0.00541	0.00379	0.00937
5	0.02251	0.02354	0.02150	0.07020	0.02412	0.34020	0.09101	0.04556	0.05182	0.08573	0.01573	0.01955	0.01278	0.05760	0.05363	0.00305	0.04171	0.00640	0.00452	0.00882
6	0.11874	0.15069	0.01919	0.01226	0.01723	0.01552	0.01035	0.02925	0.12499	0.31341	0.07347	0.02474	0.04172	0.00908	0.00662	0.00216	0.00606	0.00709	0.00694	0.01050
7	0.02603	0.01193	0.01543	0.01258	0.01710	0.01109	0.01009	0.07116	0.07434	0.45733	0.11085	0.09927	0.02717	0.01114	0.00767	0.00234	0.00573	0.00938	0.00841	0.01098
8	0.02556	0.18679	0.02459	0.01703	0.02166	0.45088	0.01366	0.13554	0.02161	0.02233	0.01203	0.01352	0.00986	0.00742	0.00627	0.00186	0.01110	0.00482	0.00420	0.00928
9	0.18566	0.06290	0.14040	0.21107	0.05112	0.04806	0.01579	0.02178	0.01554	0.08895	0.04639	0.02078	0.04689	0.00806	0.00654	0.00226	0.00809	0.00630	0.00444	0.00898
10	0.05331	0.01165	0.06206	0.01126	0.01442	0.03279	0.00952	0.01748	0.01747	0.11923	0.18913	0.16253	0.14931	0.01507	0.00821	0.00250	0.00539	0.08520	0.00680	0.02666
11	0.09180	0.01160	0.01294	0.06832	0.01661	0.01276	0.00934	0.18824	0.01923	0.02976	0.02047	0.06867	0.01734	0.04023	0.08108	0.00324	0.00717	0.00754	0.28537	0.00827
12	0.02504	0.01832	0.01970	0.01518	0.02066	0.01975	0.01246	0.54674	0.03047	0.04182	0.01761	0.01815	0.01281	0.00837	0.00687	0.00203	0.00730	0.00635	0.08182	0.08857
13	0.01538	0.01390	0.01913	0.01366	0.02025	0.01096	0.10548	0.01903	0.01538	0.02363	0.01318	0.01573	0.01080	0.00549	0.00585	0.00128	0.00639	0.00493	0.00421	0.67533
14	0.02419	0.01772	0.01924	0.01533	0.02022	0.01956	0.01246	0.52870	0.05784	0.04065	0.02008	0.07198	0.01605	0.01204	0.04216	0.00269	0.00792	0.00773	0.05220	0.01124

[dist]
# distance from previous block
# <min> <max>
7	11

[block]
# block no. 15 follows, 28 sequences, length 14
# corresponding to MSA columns:
# 1593-1606
name=unknown_P
#
# <colnr> <probs for GDERKNQSTAVLIFYWHMCP>
#	G	D	E	R	K	N	Q	S	T	A	V	L	I	F	Y	W	H	M	C	P
0	0.05447	0.50123	0.16228	0.01458	0.02131	0.10187	0.01515	0.02279	0.01542	0.01901	0.01079	0.01253	0.00924	0.00651	0.00529	0.00176	0.00883	0.00426	0.00323	0.00943
1	0.01594	0.24685	0.44716	0.01705	0.02566	0.01955	0.02068	0.02212	0.01517	0.02161	0.01309	0.01526	0.01006	0.00684	0.00608	0.00203	0.00922	0.00505	0.07061	0.00998
2	0.09850	0.11871	0.47963	0.01772	0.02672	0.01760	0.02140	0.02402	0.01555	0.09598	0.01405	0.01553	0.01002	0.00703	0.00643	0.00220	0.00936	0.00525	0.00386	0.01045
3	0.07200	0.01564	0.01735	0.06513	0.02121	0.01737	0.01205	0.18217	0.32661	0.12086	0.02614	0.02490	0.04723	0.00947	0.00721	0.00235	0.00651	0.00762	0.00706	0.01110
4	0.01394	0.00977	0.01078	0.00989	0.01146	0.01007	0.00676	0.14974	0.01663	0.02236	0.02803	0.11660	0.08326	0.41205	0.02369	0.00491	0.00646	0.01103	0.04608	0.00650
5	0.01575	0.01300	0.01707	0.01359	0.01826	0.01177	0.07361	0.13575	0.01841	0.02617	0.02183	0.22710	0.02195	0.01113	0.00717	0.00196	0.00619	0.00989	0.00550	0.34390
6	0.01314	0.00956	0.01116	0.01077	0.01248	0.00978	0.00781	0.11453	0.05307	0.02373	0.11348	0.21005	0.07341	0.22628	0.01680	0.00391	0.00579	0.07095	0.00634	0.00696
7	0.15400	0.31971	0.26664	0.01503	0.02228	0.04549	0.01664	0.02208	0.01465	0.02192	0.01150	0.01362	0.00934	0.00827	0.03010	0.00230	0.00903	0.00458	0.00339	0.00944
