[name]
unknown

[dist]
# distance from previous block
# <min> <max>
11	81

[block]
# block no. 0 follows, 29 sequences, length 15
# corresponding to MSA columns:
# 105-119
name=unknown_A
#
# <colnr> <probs for GDERKNQSTAVLIFYWHMCP>
#	G	D	E	R	K	N	Q	S	T	A	V	L	I	F	Y	W	H	M	C	P
0	0.01496	0.01078	0.01179	0.01059	0.01350	0.04383	0.00799	0.05073	0.07648	0.10743	0.18019	0.13977	0.16211	0.05750	0.00947	0.00252	0.00510	0.01157	0.00673	0.07695
1	0.01769	0.01320	0.01618	0.03460	0.03939	0.01358	0.04297	0.21698	0.08236	0.05666	0.02755	0.16199	0.08096	0.01158	0.00732	0.00221	0.00609	0.00991	0.08542	0.07337
2	0.05722	0.02309	0.12557	0.06020	0.23962	0.18225	0.05008	0.05677	0.04267	0.02302	0.01724	0.01963	0.05635	0.00768	0.00690	0.00213	0.00942	0.00639	0.00404	0.00973
3	0.01916	0.01342	0.01533	0.01280	0.01658	0.01393	0.01011	0.30629	0.04303	0.08103	0.17456	0.15362	0.04781	0.01240	0.00770	0.00226	0.00579	0.01045	0.00716	0.04658
4	0.01955	0.02361	0.14475	0.09036	0.31798	0.15039	0.01989	0.10475	0.01873	0.02428	0.01323	0.01632	0.01044	0.00694	0.00690	0.00211	0.00966	0.00583	0.00388	0.01039
5	0.01258	0.00976	0.01092	0.01072	0.01272	0.04415	0.00771	0.05634	0.01570	0.04125	0.05195	0.40722	0.05984	0.08271	0.01067	0.00286	0.00532	0.03794	0.00606	0.11358
6	0.15419	0.08496	0.07215	0.01274	0.01770	0.03707	0.01117	0.15670	0.09337	0.02937	0.05761	0.05328	0.01695	0.00848	0.00615	0.00199	0.00644	0.00652	0.05966	0.11349
7	0.21658	0.04000	0.01924	0.06520	0.14807	0.05959	0.01332	0.23082	0.02055	0.03132	0.01506	0.05149	0.01237	0.00807	0.00632	0.00215	0.00740	0.00625	0.03646	0.00973
8	0.01503	0.05390	0.54520	0.12981	0.03274	0.05873	0.02414	0.02219	0.01520	0.02140	0.01257	0.01541	0.00911	0.00683	0.00674	0.00223	0.01042	0.00534	0.00307	0.00994
9	0.01566	0.11340	0.54970	0.02067	0.05783	0.05378	0.04848	0.02270	0.01535	0.02170	0.01246	0.01479	0.00920	0.00667	0.00658	0.00215	0.01029	0.00523	0.00309	0.01025
10	0.01259	0.00937	0.01037	0.00987	0.01066	0.03051	0.00655	0.07602	0.01346	0.01803	0.02287	0.12710	0.02535	0.48446	0.04978	0.00560	0.04696	0.01063	0.02413	0.00568
11	0.00992	0.00724	0.00944	0.00981	0.01130	0.00676	0.00752	0.01268	0.01771	0.02412	0.37502	0.19916	0.11902	0.01747	0.00883	0.00259	0.00418	0.14358	0.00722	0.00643
12	0.02341	0.01728	0.02012	0.01597	0.02094	0.01873	0.04810	0.47040	0.07512	0.06577	0.05292	0.05733	0.01900	0.01013	0.00753	0.00229	0.00737	0.04959	0.00698	0.01101
13	0.01770	0.01769	0.02683	0.16019	0.53194	0.07888	0.02078	0.02180	0.01622	0.02187	0.01306	0.01744	0.01079	0.00657	0.00701	0.00213	0.00902	0.00619	0.00348	0.01043
14	0.00894	0.00643	0.00828	0.00946	0.01009	0.00599	0.00634	0.01032	0.01416	0.01890	0.10572	0.57208	0.08952	0.08441	0.01133	0.00314	0.00426	0.01832	0.00653	0.00576

[dist]
# distance from previous block
# <min> <max>
0	1

[block]
# block no. 1 follows, 29 sequences, length 21
# corresponding to MSA columns:
# 121-141
name=unknown_B
#
# <colnr> <probs for GDERKNQSTAVLIFYWHMCP>
#	G	D	E	R	K	N	Q	S	T	A	V	L	I	F	Y	W	H	M	C	P
0	0.01041	0.00888	0.00942	0.01073	0.01146	0.07499	0.00730	0.01171	0.01427	0.01810	0.03651	0.67426	0.04343	0.02086	0.00883	0.00279	0.00497	0.01873	0.00633	0.00602
1	0.02143	0.34739	0.06643	0.04303	0.10089	0.22601	0.01469	0.02426	0.01673	0.06199	0.01203	0.01383	0.00994	0.00673	0.00577	0.00179	0.00936	0.00471	0.00365	0.00935
2	0.01345	0.01266	0.02136	0.73264	0.04904	0.01582	0.01978	0.01819	0.01424	0.01819	0.01266	0.01898	0.00949	0.00712	0.00712	0.00237	0.00949	0.00633	0.00316	0.00791
3	0.01523	0.01447	0.02457	0.43934	0.32844	0.01629	0.02066	0.01975	0.01508	0.02035	0.01297	0.01841	0.01025	0.00679	0.00709	0.00226	0.00905	0.00634	0.00332	0.00934
4	0.01237	0.00618	0.00928	0.00928	0.00928	0.00618	0.00618	0.00928	0.00928	0.01237	0.01237	0.02165	0.01237	0.02474	0.02783	0.79283	0.00618	0.00618	0.00309	0.00309
5	0.13282	0.01356	0.01506	0.01310	0.01744	0.01452	0.01054	0.03264	0.33941	0.23417	0.02670	0.02803	0.02004	0.00977	0.00702	0.00239	0.00582	0.05907	0.00726	0.01064
6	0.00868	0.00620	0.00826	0.00991	0.01033	0.00578	0.00661	0.00991	0.01363	0.01818	0.03925	0.74510	0.04710	0.02231	0.00909	0.00289	0.00413	0.02024	0.00661	0.00578
7	0.01661	0.01470	0.05147	0.12632	0.05446	0.01336	0.13948	0.06426	0.04118	0.08449	0.01921	0.12558	0.01693	0.00901	0.00721	0.00210	0.00764	0.00838	0.00492	0.19268
8	0.02239	0.02007	0.01875	0.01662	0.04926	0.16771	0.01259	0.30395	0.12011	0.03182	0.03946	0.05620	0.03749	0.00961	0.00761	0.00217	0.03171	0.00738	0.03496	0.01014
9	0.01477	0.01266	0.01477	0.01055	0.01687	0.00949	0.00844	0.01793	0.01477	0.02320	0.01266	0.01477	0.01055	0.00527	0.00527	0.00105	0.00527	0.00422	0.00422	0.79328
10	0.02072	0.46972	0.14486	0.01411	0.02065	0.08138	0.01441	0.02402	0.01588	0.11646	0.01306	0.01396	0.01033	0.00669	0.00546	0.00177	0.00831	0.00459	0.00391	0.00972
11	0.02009	0.01547	0.01670	0.01451	0.01886	0.01746	0.01143	0.10511	0.55719	0.09830	0.02765	0.02534	0.02032	0.00946	0.00722	0.00237	0.00591	0.00779	0.00739	0.01144
12	0.01708	0.01753	0.05922	0.08281	0.48257	0.04015	0.01938	0.02185	0.03902	0.02290	0.01366	0.01732	0.01123	0.00641	0.00677	0.00199	0.00823	0.00599	0.00371	0.12219
13	0.00856	0.00722	0.00741	0.00736	0.00970	0.00607	0.00552	0.01049	0.01656	0.02003	0.12563	0.06722	0.64846	0.01774	0.00841	0.00239	0.00359	0.01485	0.00672	0.00607
14	0.01855	0.01994	0.02605	0.02104	0.02368	0.14546	0.16499	0.06251	0.01532	0.02023	0.01128	0.01601	0.00982	0.00984	0.01594	0.00266	0.39811	0.00644	0.00358	0.00856
15	0.01672	0.01878	0.04030	0.06086	0.08003	0.01784	0.60967	0.02255	0.01666	0.02264	0.01427	0.01910	0.01078	0.00607	0.00826	0.00238	0.01167	0.00818	0.00358	0.00964
16	0.00873	0.00713	0.00771	0.00778	0.00986	0.00611	0.00575	0.01075	0.01666	0.02074	0.17762	0.13134	0.52937	0.01785	0.00848	0.00242	0.00361	0.01516	0.00682	0.00611
17	0.01600	0.01331	0.01634	0.05257	0.10992	0.04272	0.01253	0.11479	0.13501	0.02665	0.11791	0.06092	0.02983	0.04434	0.00928	0.00271	0.00675	0.17346	0.00614	0.00883
18	0.01086	0.00861	0.01076	0.01042	0.01167	0.00908	0.00772	0.03889	0.01595	0.02162	0.21362	0.23298	0.17016	0.08805	0.01333	0.00302	0.10674	0.01382	0.00624	0.00647
19	0.02406	0.01763	0.01945	0.04621	0.02161	0.01933	0.01269	0.49270	0.09366	0.06608	0.01938	0.04699	0.01492	0.03577	0.00820	0.00234	0.00736	0.00719	0.00681	0.03760
20	0.01956	0.01595	0.02137	0.06821	0.11846	0.04261	0.07790	0.15305	0.10775	0.08934	0.01959	0.08620	0.01629	0.00912	0.00792	0.00221	0.03903	0.00784	0.00553	0.09210

[dist]
# distance from previous block
# <min> <max>
0	12

[block]
# block no. 2 follows, 29 sequences, length 16
# corresponding to MSA columns:
# 154-169
name=unknown_C
#
# <colnr> <probs for GDERKNQSTAVLIFYWHMCP>
#	G	D	E	R	K	N	Q	S	T	A	V	L	I	F	Y	W	H	M	C	P
0	0.12000	0.17908	0.02318	0.01781	0.07610	0.31786	0.01338	0.02352	0.01620	0.01953	0.01092	0.01364	0.00948	0.00916	0.03332	0.00233	0.09763	0.00478	0.00356	0.00850
1	0.01122	0.00834	0.01097	0.04648	0.05486	0.00784	0.00823	0.01340	0.01542	0.04491	0.14519	0.21830	0.16463	0.11467	0.01204	0.00306	0.00510	0.05750	0.00608	0.05175
2	0.02499	0.02049	0.01956	0.01564	0.02035	0.12597	0.01246	0.50218	0.02869	0.03699	0.01682	0.02000	0.01332	0.09741	0.01052	0.00266	0.00848	0.00661	0.00626	0.01059
3	0.01027	0.00681	0.00811	0.00844	0.00858	0.00675	0.00512	0.01043	0.01108	0.01475	0.02516	0.15544	0.02908	0.55844	0.03027	0.05374	0.00641	0.04186	0.00470	0.00457
4	0.10796	0.01037	0.01220	0.05640	0.03187	0.01103	0.00884	0.13247	0.01675	0.02432	0.05062	0.31709	0.02957	0.12047	0.01241	0.02640	0.00583	0.01249	0.00576	0.00716
5	0.02106	0.02475	0.01649	0.01522	0.01827	0.46457	0.01138	0.05029	0.01967	0.02016	0.10283	0.10065	0.08396	0.01083	0.00715	0.00206	0.00972	0.00828	0.00490	0.00776
6	0.02228	0.19571	0.02302	0.01689	0.05460	0.43757	0.01272	0.02423	0.01781	0.01746	0.01529	0.01823	0.05232	0.05380	0.00800	0.00213	0.01048	0.00549	0.00374	0.00823
7	0.01841	0.01526	0.01588	0.01339	0.01792	0.04897	0.01053	0.10285	0.35536	0.05970	0.05713	0.02580	0.05472	0.00917	0.00691	0.00207	0.00597	0.00748	0.00653	0.16596
8	0.01919	0.10930	0.02797	0.05716	0.02572	0.19452	0.20253	0.04275	0.01646	0.02030	0.01258	0.01637	0.01037	0.00792	0.01009	0.00224	0.15482	0.00618	0.05488	0.00865
9	0.01379	0.01178	0.01363	0.01012	0.01577	0.00894	0.00801	0.01672	0.01490	0.02255	0.02073	0.04684	0.09495	0.00740	0.00578	0.00128	0.00503	0.00608	0.00459	0.67108
10	0.01812	0.01383	0.01552	0.01403	0.04699	0.03628	0.01049	0.23106	0.05320	0.02932	0.01992	0.08302	0.01734	0.04463	0.05225	0.00286	0.06276	0.00772	0.17155	0.06912
11	0.00970	0.00683	0.00873	0.00986	0.01046	0.00659	0.00689	0.01101	0.01334	0.01760	0.03527	0.39304	0.06145	0.22718	0.01689	0.00409	0.00538	0.14422	0.00595	0.00553
12	0.55789	0.01531	0.01276	0.01079	0.01554	0.05926	0.00878	0.07505	0.01506	0.06400	0.01178	0.01309	0.00898	0.00676	0.00499	0.00204	0.00615	0.00431	0.00477	0.10269
13	0.04059	0.47994	0.09278	0.01448	0.01995	0.14280	0.01391	0.02223	0.01508	0.01783	0.01029	0.01238	0.00911	0.00697	0.00682	0.00181	0.07660	0.00430	0.00319	0.00895
14	0.11135	0.18069	0.08020	0.01672	0.07668	0.03698	0.03787	0.02262	0.01554	0.14595	0.05783	0.02027	0.01544	0.00999	0.03197	0.00250	0.10135	0.02201	0.00474	0.00932
15	0.01356	0.01176	0.01309	0.01426	0.05733	0.08461	0.01066	0.04112	0.04613	0.02325	0.16569	0.12235	0.07975	0.01585	0.00865	0.00268	0.00631	0.26923	0.00637	0.00736

[dist]
# distance from previous block
# <min> <max>
3	6

[block]
# block no. 3 follows, 29 sequences, length 113
# corresponding to MSA columns:
# 176-228,239-298
name=unknown_D
#
# <colnr> <probs for GDERKNQSTAVLIFYWHMCP>
#	G	D	E	R	K	N	Q	S	T	A	V	L	I	F	Y	W	H	M	C	P
0	0.09105	0.14977	0.17488	0.09336	0.02592	0.09553	0.09740	0.02096	0.01463	0.02033	0.01238	0.01671	0.01033	0.04003	0.04169	0.00280	0.07441	0.00570	0.00341	0.00869
1	0.01871	0.04116	0.01877	0.04584	0.04376	0.06442	0.03892	0.14777	0.01908	0.05994	0.01593	0.06461	0.01348	0.00754	0.00631	0.00167	0.00693	0.00621	0.00499	0.37397
2	0.02428	0.01799	0.02027	0.01585	0.02092	0.01976	0.03540	0.55956	0.02986	0.04040	0.01824	0.04589	0.01404	0.01199	0.05519	0.00278	0.00840	0.00709	0.04092	0.01116
3	0.01036	0.00690	0.00777	0.00777	0.00777	0.00690	0.00431	0.01036	0.01036	0.01381	0.02244	0.04660	0.02589	0.74975	0.03624	0.00690	0.00690	0.01036	0.00431	0.00431
4	0.01019	0.00758	0.01118	0.01118	0.01236	0.00876	0.00857	0.01254	0.01137	0.01633	0.01932	0.02932	0.01839	0.10367	0.67207	0.01112	0.01819	0.00783	0.00385	0.00621
5	0.00920	0.00724	0.00830	0.00804	0.01010	0.00635	0.00603	0.01174	0.01808	0.02364	0.36929	0.06129	0.40255	0.01639	0.00841	0.00233	0.00349	0.01401	0.00719	0.00635
6	0.00994	0.00721	0.00939	0.00913	0.01071	0.00666	0.00682	0.01305	0.01930	0.02705	0.59771	0.11841	0.08559	0.01556	0.00851	0.00234	0.00354	0.03484	0.00764	0.00660
7	0.01345	0.01266	0.02136	0.73264	0.04904	0.01582	0.01978	0.01819	0.01424	0.01819	0.01266	0.01898	0.00949	0.00712	0.00712	0.00237	0.00949	0.00633	0.00316	0.00791
8	0.01904	0.75404	0.03731	0.01218	0.01828	0.02818	0.01218	0.02132	0.01447	0.01675	0.00990	0.01142	0.00914	0.00609	0.00457	0.00152	0.00761	0.00381	0.00305	0.00914
9	0.01904	0.75404	0.03731	0.01218	0.01828	0.02818	0.01218	0.02132	0.01447	0.01675	0.00990	0.01142	0.00914	0.00609	0.00457	0.00152	0.00761	0.00381	0.00305	0.00914
10	0.00868	0.00620	0.00826	0.00991	0.01033	0.00578	0.00661	0.00991	0.01363	0.01818	0.03925	0.74510	0.04710	0.02231	0.00909	0.00289	0.00413	0.02024	0.00661	0.00578
11	0.00868	0.00620	0.00826	0.00991	0.01033	0.00578	0.00661	0.00991	0.01363	0.01818	0.03925	0.74510	0.04710	0.02231	0.00909	0.00289	0.00413	0.02024	0.00661	0.00578
12	0.01558	0.01558	0.02181	0.01869	0.01869	0.02181	0.01558	0.01714	0.01091	0.01714	0.00935	0.01558	0.00935	0.01246	0.02337	0.00312	0.73672	0.00623	0.00312	0.00779
13	0.01477	0.01266	0.01477	0.01055	0.01687	0.00949	0.00844	0.01793	0.01477	0.02320	0.01266	0.01477	0.01055	0.00527	0.00527	0.00105	0.00527	0.00422	0.00422	0.79328
14	0.00885	0.00627	0.00821	0.00969	0.01006	0.00590	0.00637	0.00996	0.01329	0.01772	0.03749	0.67205	0.04488	0.09839	0.01193	0.00331	0.00442	0.01921	0.00637	0.00563
15	0.00970	0.00726	0.00899	0.00856	0.01041	0.00656	0.00642	0.01271	0.01926	0.02644	0.55859	0.05667	0.21149	0.01535	0.00840	0.00228	0.00342	0.01337	0.00756	0.00656
16	0.02660	0.03394	0.02018	0.01834	0.02201	0.72116	0.01376	0.02843	0.02018	0.01743	0.01101	0.01284	0.00917	0.00734	0.00642	0.00183	0.01284	0.00459	0.00367	0.00825
17	0.80005	0.01377	0.01047	0.00936	0.01377	0.01597	0.00771	0.02093	0.01212	0.03195	0.00991	0.01157	0.00771	0.00661	0.00441	0.00220	0.00551	0.00386	0.00441	0.00771
18	0.02660	0.03394	0.02018	0.01834	0.02201	0.72116	0.01376	0.02843	0.02018	0.01743	0.01101	0.01284	0.00917	0.00734	0.00642	0.00183	0.01284	0.00459	0.00367	0.00825
19	0.01762	0.01692	0.02890	0.04371	0.70533	0.01692	0.02185	0.02185	0.01621	0.02326	0.01339	0.01762	0.01128	0.00634	0.00705	0.00211	0.00846	0.00634	0.00352	0.01128
20	0.03173	0.01248	0.01675	0.01284	0.01836	0.01100	0.01061	0.06424	0.02098	0.67988	0.02759	0.02391	0.01737	0.00880	0.00716	0.00220	0.00614	0.00713	0.00874	0.01212
21	0.01345	0.01266	0.02136	0.73264	0.04904	0.01582	0.01978	0.01819	0.01424	0.01819	0.01266	0.01898	0.00949	0.00712	0.00712	0.00237	0.00949	0.00633	0.00316	0.00791
22	0.01762	0.01692	0.02890	0.04371	0.70533	0.01692	0.02185	0.02185	0.01621	0.02326	0.01339	0.01762	0.01128	0.00634	0.00705	0.00211	0.00846	0.00634	0.00352	0.01128
23	0.00880	0.00628	0.00840	0.01005	0.01052	0.00589	0.00682	0.01013	0.01375	0.01831	0.03918	0.71607	0.04683	0.02219	0.00912	0.00291	0.00424	0.04807	0.00661	0.00582
24	0.01904	0.75404	0.03731	0.01218	0.01828	0.02818	0.01218	0.02132	0.01447	0.01675	0.00990	0.01142	0.00914	0.00609	0.00457	0.00152	0.00761	0.00381	0.00305	0.00914
25	0.40269	0.01292	0.01360	0.01107	0.01605	0.01312	0.00914	0.02806	0.01639	0.38286	0.01932	0.01812	0.01284	0.00775	0.00583	0.00220	0.00579	0.00557	0.00669	0.00999
26	0.00878	0.00628	0.00836	0.00984	0.01035	0.00585	0.00662	0.01018	0.01412	0.01896	0.08896	0.69317	0.04860	0.02173	0.00904	0.00284	0.00407	0.01969	0.00670	0.00585
27	0.00864	0.00634	0.00811	0.00952	0.01022	0.00582	0.00644	0.00996	0.01401	0.01833	0.04403	0.64668	0.14243	0.02169	0.00899	0.00282	0.00405	0.01948	0.00661	0.00582
28	0.01449	0.01236	0.01447	0.01052	0.01658	0.00932	0.00835	0.01756	0.01471	0.02297	0.01387	0.04812	0.01222	0.00605	0.00545	0.00114	0.00522	0.00495	0.00433	0.75732
29	0.00878	0.00629	0.00825	0.00971	0.01022	0.00587	0.00649	0.01006	0.01381	0.01840	0.06214	0.67347	0.06799	0.04947	0.01007	0.00301	0.00419	0.01945	0.00656	0.00577
30	0.00885	0.00658	0.00819	0.00916	0.01015	0.00599	0.00631	0.01046	0.01496	0.01966	0.13371	0.49056	0.18760	0.04089	0.00962	0.00282	0.00400	0.01788	0.00671	0.00591
31	0.01448	0.03131	0.53679	0.02188	0.06103	0.01604	0.11549	0.02189	0.01571	0.02306	0.06352	0.01853	0.01363	0.00721	0.00713	0.00227	0.01011	0.00631	0.00347	0.01015
32	0.01889	0.65302	0.05382	0.03734	0.01982	0.05452	0.01302	0.02137	0.01457	0.01700	0.01009	0.01199	0.00916	0.00644	0.00550	0.00164	0.03563	0.00406	0.00308	0.00905
33	0.01822	0.01724	0.01931	0.01661	0.01830	0.11193	0.01351	0.12875	0.01625	0.02244	0.01290	0.01757	0.01132	0.01500	0.08844	0.00352	0.39057	0.00622	0.06354	0.00834
34	0.04955	0.04199	0.02075	0.01838	0.10558	0.01908	0.01333	0.44992	0.02707	0.06506	0.01961	0.04496	0.04337	0.00965	0.00785	0.03211	0.00738	0.00711	0.00632	0.01093
35	0.09729	0.00799	0.00951	0.00892	0.01093	0.00771	0.00676	0.01411	0.01908	0.02847	0.59423	0.04934	0.09182	0.01385	0.00796	0.00224	0.00361	0.01199	0.00740	0.00679
36	0.01799	0.01543	0.01626	0.01455	0.01862	0.01784	0.01134	0.05707	0.67278	0.03024	0.02863	0.02628	0.02145	0.00963	0.00724	0.00241	0.00570	0.00800	0.00724	0.01130
37	0.01891	0.72624	0.03673	0.01243	0.01829	0.02794	0.01231	0.02116	0.01433	0.01677	0.00988	0.01158	0.00915	0.00633	0.00528	0.00158	0.03506	0.00390	0.00305	0.00909
38	0.00984	0.00710	0.00931	0.00912	0.01059	0.00656	0.00670	0.01284	0.01905	0.02680	0.58976	0.17000	0.06380	0.01587	0.00851	0.00235	0.00349	0.01412	0.00763	0.00656
39	0.01008	0.00728	0.00952	0.00896	0.01064	0.00672	0.00672	0.01344	0.02016	0.02855	0.70158	0.05319	0.06719	0.01456	0.00840	0.00224	0.00336	0.01288	0.00784	0.00672
40	0.01801	0.01545	0.01627	0.01455	0.01863	0.01785	0.01134	0.05871	0.67110	0.03028	0.02860	0.02626	0.02142	0.00962	0.00724	0.00241	0.00571	0.00800	0.00724	0.01130
41	0.01327	0.00664	0.00664	0.00664	0.00830	0.00664	0.00498	0.01659	0.01493	0.02655	0.02323	0.02655	0.01825	0.00830	0.00498	0.00166	0.00332	0.00664	0.78928	0.00664
42	0.80005	0.01377	0.01047	0.00936	0.01377	0.01597	0.00771	0.02093	0.01212	0.03195	0.00991	0.01157	0.00771	0.00661	0.00441	0.00220	0.00551	0.00386	0.00441	0.00771
43	0.80005	0.01377	0.01047	0.00936	0.01377	0.01597	0.00771	0.02093	0.01212	0.03195	0.00991	0.01157	0.00771	0.00661	0.00441	0.00220	0.00551	0.00386	0.00441	0.00771
44	0.01390	0.00724	0.00731	0.00708	0.00893	0.00734	0.00537	0.04696	0.01578	0.02738	0.02295	0.02612	0.01797	0.00831	0.00508	0.00168	0.00352	0.00663	0.75356	0.00689
45	0.01681	0.01921	0.04202	0.03001	0.03721	0.01801	0.67947	0.02281	0.01681	0.02281	0.01441	0.01921	0.01080	0.00600	0.00840	0.00240	0.01200	0.00840	0.00360	0.00960
46	0.02707	0.01995	0.02137	0.01638	0.02208	0.02208	0.01353	0.68159	0.03348	0.04488	0.01710	0.01710	0.01211	0.00855	0.00712	0.00214	0.00784	0.00641	0.00712	0.01211
47	0.03195	0.01212	0.01652	0.01267	0.01818	0.01047	0.01047	0.03470	0.02038	0.71026	0.02809	0.02424	0.01763	0.00881	0.00716	0.00220	0.00606	0.00716	0.00881	0.01212
48	0.01558	0.01558	0.02181	0.01869	0.01869	0.02181	0.01558	0.01714	0.01091	0.01714	0.00935	0.01558	0.00935	0.01246	0.02337	0.00312	0.73672	0.00623	0.00312	0.00779
49	0.02708	0.01321	0.01638	0.01329	0.01829	0.01295	0.01074	0.03578	0.25036	0.47742	0.02840	0.02503	0.01903	0.00910	0.00719	0.00228	0.00591	0.00747	0.00828	0.01183
50	0.03133	0.01226	0.01651	0.01275	0.01819	0.01078	0.01050	0.03484	0.04974	0.68054	0.02813	0.02434	0.01781	0.00885	0.00716	0.00221	0.00604	0.00720	0.00874	0.01208
51	0.03195	0.01212	0.01652	0.01267	0.01818	0.01047	0.01047	0.03470	0.02038	0.71026	0.02809	0.02424	0.01763	0.00881	0.00716	0.00220	0.00606	0.00716	0.00881	0.01212
52	0.01040	0.00761	0.00979	0.00919	0.01097	0.00718	0.00691	0.01446	0.04827	0.02861	0.67345	0.05208	0.06529	0.01435	0.00835	0.00225	0.00345	0.01268	0.00781	0.00691
53	0.03195	0.01212	0.01652	0.01267	0.01818	0.01047	0.01047	0.03470	0.02038	0.71026	0.02809	0.02424	0.01763	0.00881	0.00716	0.00220	0.00606	0.00716	0.00881	0.01212
54	0.01008	0.00728	0.00952	0.00896	0.01064	0.00672	0.00672	0.01344	0.02016	0.02855	0.70158	0.05319	0.06719	0.01456	0.00840	0.00224	0.00336	0.01288	0.00784	0.00672
55	0.02445	0.01799	0.01955	0.01555	0.02051	0.01976	0.01269	0.58240	0.03065	0.04105	0.02031	0.09957	0.01705	0.01048	0.00744	0.00226	0.00738	0.03264	0.00705	0.01120
56	0.01327	0.00664	0.00664	0.00664	0.00830	0.00664	0.00498	0.01659	0.01493	0.02655	0.02323	0.02655	0.01825	0.00830	0.00498	0.00166	0.00332	0.00664	0.78928	0.00664
57	0.03146	0.01290	0.01701	0.01304	0.01857	0.01163	0.01077	0.09964	0.02170	0.64347	0.02699	0.02352	0.01707	0.00879	0.00716	0.00220	0.00624	0.00709	0.00864	0.01212
58	0.01428	0.03683	0.71286	0.02030	0.03082	0.01654	0.02631	0.02255	0.01503	0.02255	0.01278	0.01503	0.00902	0.00677	0.00677	0.00226	0.01052	0.00526	0.00301	0.01052
59	0.01339	0.01253	0.02062	0.67971	0.04645	0.01550	0.01892	0.01854	0.03729	0.01863	0.01555	0.02119	0.03723	0.00764	0.00717	0.00238	0.00913	0.00673	0.00344	0.00795
60	0.80005	0.01377	0.01047	0.00936	0.01377	0.01597	0.00771	0.02093	0.01212	0.03195	0.00991	0.01157	0.00771	0.00661	0.00441	0.00220	0.00551	0.00386	0.00441	0.00771
61	0.00873	0.00642	0.00820	0.00946	0.01025	0.00588	0.00645	0.01020	0.01445	0.01904	0.08905	0.60160	0.14181	0.02117	0.00895	0.00278	0.00400	0.01900	0.00669	0.00588
62	0.01632	0.01575	0.02469	0.20294	0.44193	0.05022	0.01952	0.02046	0.01623	0.02208	0.06340	0.02242	0.01579	0.00762	0.00723	0.00221	0.00849	0.02903	0.00386	0.00984
63	0.02640	0.01917	0.02075	0.01585	0.02159	0.02081	0.01308	0.61357	0.03174	0.06667	0.01718	0.01719	0.01220	0.00833	0.00700	0.00207	0.00760	0.00629	0.00698	0.06554
64	0.01558	0.01558	0.02181	0.01869	0.01869	0.02181	0.01558	0.01714	0.01091	0.01714	0.00935	0.01558	0.00935	0.01246	0.02337	0.00312	0.73672	0.00623	0.00312	0.00779
65	0.00868	0.00620	0.00826	0.00991	0.01033	0.00578	0.00661	0.00991	0.01363	0.01818	0.03925	0.74510	0.04710	0.02231	0.00909	0.00289	0.00413	0.02024	0.00661	0.00578
66	0.00873	0.00624	0.00831	0.00988	0.01034	0.00582	0.00661	0.01006	0.01390	0.01861	0.06666	0.71646	0.04793	0.02199	0.00906	0.00286	0.00410	0.01994	0.00666	0.00582
67	0.00868	0.00620	0.00826	0.00991	0.01033	0.00578	0.00661	0.00991	0.01363	0.01818	0.03925	0.74510	0.04710	0.02231	0.00909	0.00289	0.00413	0.02024	0.00661	0.00578
68	0.01345	0.01266	0.02136	0.73264	0.04904	0.01582	0.01978	0.01819	0.01424	0.01819	0.01266	0.01898	0.00949	0.00712	0.00712	0.00237	0.00949	0.00633	0.00316	0.00791
69	0.80005	0.01377	0.01047	0.00936	0.01377	0.01597	0.00771	0.02093	0.01212	0.03195	0.00991	0.01157	0.00771	0.00661	0.00441	0.00220	0.00551	0.00386	0.00441	0.00771
70	0.01428	0.03683	0.71286	0.02030	0.03082	0.01654	0.02631	0.02255	0.01503	0.02255	0.01278	0.01503	0.00902	0.00677	0.00677	0.00226	0.01052	0.00526	0.00301	0.01052
71	0.01640	0.02007	0.09319	0.05107	0.03609	0.01740	0.57334	0.02240	0.01648	0.02266	0.01413	0.01865	0.01061	0.00606	0.00808	0.00232	0.01148	0.00788	0.00357	0.04812
72	0.01477	0.01266	0.01477	0.01055	0.01687	0.00949	0.00844	0.01793	0.01477	0.02320	0.01266	0.01477	0.01055	0.00527	0.00527	0.00105	0.00527	0.00422	0.00422	0.79328
73	0.01956	0.14783	0.35499	0.01827	0.02646	0.01746	0.09329	0.04321	0.01681	0.17211	0.01594	0.01697	0.01120	0.00706	0.00668	0.00214	0.00916	0.00582	0.00446	0.01058
74	0.01089	0.00896	0.00969	0.00921	0.01170	0.00874	0.00693	0.01693	0.16269	0.02345	0.20740	0.05499	0.37940	0.04601	0.00932	0.00256	0.00412	0.01283	0.00694	0.00724
75	0.01007	0.00676	0.00894	0.01008	0.01098	0.00617	0.00687	0.01146	0.01401	0.05238	0.03760	0.67946	0.04414	0.02094	0.00884	0.00278	0.00427	0.01894	0.00662	0.03869
76	0.01771	0.01530	0.01610	0.01449	0.01852	0.01771	0.01127	0.03784	0.69247	0.02979	0.02898	0.02657	0.02174	0.00966	0.00725	0.00242	0.00564	0.00805	0.00725	0.01127
77	0.80005	0.01377	0.01047	0.00936	0.01377	0.01597	0.00771	0.02093	0.01212	0.03195	0.00991	0.01157	0.00771	0.00661	0.00441	0.00220	0.00551	0.00386	0.00441	0.00771
78	0.01017	0.00763	0.01144	0.01144	0.01272	0.00890	0.00890	0.01272	0.01144	0.01653	0.01907	0.02797	0.01780	0.05340	0.72153	0.01144	0.01907	0.00763	0.00381	0.00636
79	0.06459	0.03295	0.01970	0.01790	0.02161	0.68653	0.01346	0.02807	0.01978	0.01814	0.01095	0.01278	0.00910	0.00730	0.00632	0.00185	0.01248	0.00455	0.00371	0.00823
80	0.00868	0.00620	0.00826	0.00991	0.01033	0.00578	0.00661	0.00991	0.01363	0.01818	0.03925	0.74510	0.04710	0.02231	0.00909	0.00289	0.00413	0.02024	0.00661	0.00578
81	0.00933	0.00741	0.00848	0.00867	0.01078	0.00656	0.00681	0.01172	0.01706	0.02153	0.19439	0.06759	0.44943	0.01763	0.00868	0.00253	0.00411	0.13419	0.00685	0.00626
82	0.02660	0.01949	0.02087	0.01605	0.02161	0.02156	0.01324	0.65891	0.03285	0.04425	0.01731	0.01742	0.01232	0.00854	0.00705	0.00212	0.00768	0.00642	0.03380	0.01192
83	0.01858	0.01546	0.01703	0.01587	0.04716	0.01753	0.01206	0.13128	0.50931	0.03106	0.02730	0.02930	0.02149	0.01020	0.00744	0.00243	0.00616	0.06234	0.00702	0.01100
84	0.00952	0.00721	0.00896	0.00996	0.01149	0.00666	0.00773	0.01168	0.01564	0.01993	0.07611	0.27807	0.26984	0.01971	0.00907	0.00282	0.00468	0.21813	0.00664	0.00614
85	0.01017	0.00763	0.01144	0.01144	0.01272	0.00890	0.00890	0.01272	0.01144	0.01653	0.01907	0.02797	0.01780	0.05340	0.72153	0.01144	0.01907	0.00763	0.00381	0.00636
86	0.80005	0.01377	0.01047	0.00936	0.01377	0.01597	0.00771	0.02093	0.01212	0.03195	0.00991	0.01157	0.00771	0.00661	0.00441	0.00220	0.00551	0.00386	0.00441	0.00771
87	0.02587	0.03188	0.02096	0.02036	0.07881	0.63071	0.01442	0.05771	0.02046	0.01917	0.01148	0.01343	0.00948	0.00731	0.00650	0.00187	0.01225	0.00482	0.00381	0.00868
88	0.01110	0.00751	0.00979	0.00908	0.01097	0.00688	0.00686	0.01437	0.02004	0.06173	0.64753	0.05228	0.08591	0.01439	0.00834	0.00224	0.00350	0.01267	0.00785	0.00696
89	0.01768	0.01623	0.04253	0.05545	0.06710	0.01715	0.07438	0.10518	0.39928	0.02914	0.05334	0.02614	0.04555	0.00927	0.00740	0.00235	0.00685	0.00807	0.00630	0.01062
90	0.01017	0.00763	0.01144	0.01144	0.01272	0.00890	0.00890	0.01272	0.01144	0.01653	0.01907	0.02797	0.01780	0.05340	0.72153	0.01144	0.01907	0.00763	0.00381	0.00636
91	0.00992	0.00727	0.00929	0.00879	0.01054	0.00665	0.00659	0.01313	0.01978	0.02765	0.64058	0.05468	0.12874	0.01489	0.00840	0.00226	0.00338	0.01309	0.00772	0.00665
92	0.04457	0.01270	0.01460	0.01050	0.01676	0.00974	0.00841	0.01804	0.01467	0.02353	0.01255	0.01464	0.01044	0.00532	0.00524	0.00110	0.00528	0.00420	0.00423	0.76347
93	0.01345	0.01266	0.02136	0.73264	0.04904	0.01582	0.01978	0.01819	0.01424	0.01819	0.01266	0.01898	0.00949	0.00712	0.00712	0.00237	0.00949	0.00633	0.00316	0.00791
94	0.02444	0.01869	0.02016	0.01604	0.02112	0.02106	0.01309	0.50588	0.18563	0.04028	0.01955	0.01924	0.01424	0.00896	0.00779	0.00224	0.03607	0.00678	0.00699	0.01174
95	0.00973	0.00776	0.01032	0.09995	0.01523	0.00793	0.00824	0.01160	0.01438	0.01878	0.08583	0.38139	0.18326	0.06704	0.01108	0.00295	0.03682	0.01559	0.00596	0.00615
96	0.01017	0.00763	0.01144	0.01144	0.01272	0.00890	0.00890	0.01272	0.01144	0.01653	0.01907	0.02797	0.01780	0.05340	0.72153	0.01144	0.01907	0.00763	0.00381	0.00636
97	0.03195	0.01212	0.01652	0.01267	0.01818	0.01047	0.01047	0.03470	0.02038	0.71026	0.02809	0.02424	0.01763	0.00881	0.00716	0.00220	0.00606	0.00716	0.00881	0.01212
98	0.02013	0.02285	0.02246	0.14230	0.15954	0.30546	0.01676	0.02285	0.01629	0.01863	0.01137	0.01543	0.00968	0.00828	0.01055	0.00227	0.17744	0.00560	0.00343	0.00868
99	0.01359	0.01280	0.02161	0.70963	0.07096	0.01586	0.01984	0.01832	0.01430	0.01836	0.01268	0.01894	0.00955	0.00709	0.00712	0.00236	0.00946	0.00633	0.00318	0.00802
100	0.01433	0.08125	0.63898	0.01921	0.02909	0.01682	0.02450	0.02193	0.01505	0.02204	0.01519	0.01714	0.03931	0.00721	0.00670	0.00221	0.01004	0.00560	0.00317	0.01024
101	0.01654	0.07854	0.40722	0.02471	0.17929	0.01793	0.04417	0.07138	0.04994	0.02431	0.01388	0.01622	0.01044	0.00687	0.00678	0.00218	0.00948	0.00573	0.00365	0.01072
102	0.01162	0.00839	0.01155	0.01299	0.01471	0.00845	0.01127	0.01547	0.03903	0.02189	0.06517	0.07740	0.04144	0.01912	0.00969	0.00321	0.00639	0.60887	0.00663	0.00672
103	0.00868	0.00620	0.00826	0.00991	0.01033	0.00578	0.00661	0.00991	0.01363	0.01818	0.03925	0.74510	0.04710	0.02231	0.00909	0.00289	0.00413	0.02024	0.00661	0.00578
104	0.01714	0.01430	0.02322	0.09482	0.35003	0.01451	0.06085	0.03891	0.06202	0.08505	0.02048	0.14872	0.01877	0.00974	0.00753	0.00233	0.00760	0.00915	0.00487	0.00997
105	0.02125	0.01786	0.02058	0.07051	0.13626	0.05331	0.01444	0.29245	0.20616	0.03296	0.02125	0.02170	0.04147	0.00870	0.00716	0.00222	0.00754	0.00709	0.00609	0.01102
106	0.01448	0.01404	0.02046	0.01763	0.01820	0.01891	0.04192	0.01644	0.01127	0.01725	0.01162	0.01836	0.01120	0.02088	0.17087	0.00485	0.55416	0.00662	0.00328	0.00756
107	0.03195	0.01212	0.01652	0.01267	0.01818	0.01047	0.01047	0.03470	0.02038	0.71026	0.02809	0.02424	0.01763	0.00881	0.00716	0.00220	0.00606	0.00716	0.00881	0.01212
108	0.06107	0.29822	0.13878	0.03846	0.02204	0.12720	0.01514	0.08844	0.01701	0.04221	0.01183	0.01383	0.00963	0.00741	0.00748	0.00199	0.08124	0.00484	0.00379	0.00937
109	0.01424	0.01001	0.01205	0.01176	0.01382	0.01030	0.00882	0.15734	0.04171	0.05061	0.03286	0.39173	0.05290	0.05492	0.03673	0.00323	0.00597	0.07678	0.00660	0.00761
110	0.00977	0.00719	0.00915	0.00881	0.01049	0.00656	0.00655	0.01279	0.01921	0.02667	0.57699	0.10500	0.14322	0.01554	0.00845	0.00231	0.00345	0.01367	0.00760	0.00656
111	0.06545	0.01201	0.01580	0.01222	0.01758	0.01050	0.01006	0.03247	0.01964	0.62665	0.02855	0.02516	0.04527	0.00897	0.00702	0.00217	0.00590	0.00723	0.00836	0.03898
112	0.77482	0.01373	0.01082	0.03256	0.01490	0.01597	0.00810	0.02084	0.01219	0.03151	0.01000	0.01181	0.00777	0.00663	0.00449	0.00221	0.00564	0.00394	0.00437	0.00772

[dist]
# distance from previous block
# <min> <max>
0	3

[block]
# block no. 4 follows, 29 sequences, length 15
# corresponding to MSA columns:
# 302-316
name=unknown_E
#
# <colnr> <probs for GDERKNQSTAVLIFYWHMCP>
#	G	D	E	R	K	N	Q	S	T	A	V	L	I	F	Y	W	H	M	C	P
0	0.02081	0.06231	0.01924	0.01479	0.01899	0.06695	0.03623	0.32380	0.11160	0.03190	0.02045	0.09079	0.01763	0.05507	0.04605	0.00294	0.00805	0.00805	0.03446	0.00989
1	0.00991	0.00727	0.00928	0.00878	0.01053	0.00665	0.00658	0.01310	0.01975	0.02759	0.63612	0.05479	0.13325	0.01492	0.00840	0.00226	0.00339	0.01310	0.00771	0.00665
2	0.00949	0.00689	0.00866	0.00932	0.01037	0.00644	0.00662	0.01133	0.01532	0.02045	0.19831	0.32199	0.13662	0.12592	0.01288	0.00330	0.00452	0.07910	0.00656	0.00590
3	0.04063	0.00998	0.01351	0.05213	0.01538	0.01060	0.02870	0.13422	0.01496	0.04250	0.01524	0.04904	0.01386	0.02102	0.06773	0.44575	0.00762	0.00690	0.00426	0.00597
4	0.01366	0.00737	0.00899	0.00899	0.01034	0.00698	0.00619	0.01526	0.01405	0.12223	0.02936	0.28359	0.03034	0.21430	0.01522	0.00359	0.00498	0.01249	0.18552	0.00653
5	0.07004	0.13632	0.02314	0.01932	0.12229	0.19747	0.01377	0.15804	0.06087	0.10966	0.01549	0.01631	0.01176	0.00751	0.00639	0.00199	0.00868	0.00557	0.00512	0.01023
6	0.01874	0.70985	0.07893	0.01268	0.01905	0.02746	0.01305	0.02140	0.01450	0.01711	0.01008	0.01164	0.00913	0.00613	0.00470	0.00157	0.00779	0.00390	0.00304	0.00922
7	0.00850	0.00687	0.00756	0.00812	0.00986	0.00594	0.00581	0.01012	0.01536	0.01888	0.06114	0.29465	0.48341	0.01946	0.00864	0.00257	0.00378	0.01677	0.00661	0.00594
8	0.01009	0.01125	0.11142	0.01082	0.01328	0.00786	0.00940	0.01277	0.01505	0.02024	0.13751	0.28225	0.15067	0.10929	0.01200	0.00315	0.00540	0.06503	0.00597	0.00653
9	0.01879	0.07928	0.41387	0.02029	0.06556	0.05868	0.06346	0.05146	0.01701	0.12330	0.01503	0.01650	0.01066	0.00705	0.00679	0.00217	0.00968	0.00571	0.00413	0.01057
10	0.11268	0.04336	0.01793	0.01358	0.01884	0.01623	0.01118	0.22107	0.12701	0.28703	0.02182	0.02032	0.01500	0.00840	0.00670	0.00215	0.00648	0.00649	0.00722	0.03651
11	0.02094	0.01549	0.01725	0.04735	0.01961	0.01613	0.01141	0.35017	0.02470	0.03329	0.02622	0.18120	0.04891	0.10808	0.01216	0.00329	0.00742	0.01078	0.00698	0.03860
12	0.01395	0.04586	0.05994	0.01166	0.01432	0.01165	0.00931	0.14425	0.05757	0.02357	0.03037	0.29814	0.07709	0.15338	0.01328	0.00333	0.00602	0.01283	0.00591	0.00756
13	0.05362	0.06081	0.01920	0.04190	0.05306	0.06552	0.01246	0.14766	0.32020	0.11650	0.02230	0.02145	0.01640	0.00861	0.00687	0.00222	0.00695	0.00685	0.00649	0.01093
14	0.02072	0.02007	0.06552	0.01749	0.04836	0.16658	0.03277	0.10903	0.13758	0.09394	0.02084	0.05186	0.01771	0.01037	0.00898	0.00240	0.08010	0.08047	0.00558	0.00965

[dist]
# distance from previous block
# <min> <max>
2	19

[block]
# block no. 5 follows, 29 sequences, length 22
# corresponding to MSA columns:
# 336-348,357-362,368-370
name=unknown_F
#
# <colnr> <probs for GDERKNQSTAVLIFYWHMCP>
#	G	D	E	R	K	N	Q	S	T	A	V	L	I	F	Y	W	H	M	C	P
0	0.11851	0.07574	0.18572	0.05666	0.10176	0.01736	0.01613	0.09380	0.13246	0.04638	0.01591	0.01725	0.01202	0.00728	0.00635	0.00210	0.00768	0.00572	0.00468	0.07650
1	0.02257	0.13110	0.04508	0.01972	0.11314	0.25314	0.01443	0.15095	0.07995	0.04436	0.01484	0.01641	0.01176	0.00966	0.04039	0.00241	0.00992	0.00560	0.00466	0.00988
2	0.01850	0.01654	0.01965	0.09866	0.04343	0.09037	0.01418	0.12921	0.01675	0.05108	0.01382	0.01885	0.01178	0.04307	0.05291	0.00320	0.30086	0.00641	0.04215	0.00858
3	0.08197	0.01627	0.04709	0.11482	0.02379	0.01606	0.03464	0.27658	0.02188	0.03121	0.01827	0.04840	0.04667	0.00833	0.00666	0.00199	0.00719	0.00671	0.00536	0.18611
4	0.01533	0.01465	0.02491	0.41503	0.29955	0.01640	0.04698	0.02046	0.03834	0.02072	0.01357	0.01873	0.01065	0.00686	0.00715	0.00228	0.00907	0.00648	0.00346	0.00939
5	0.01776	0.01748	0.02780	0.10027	0.61334	0.05476	0.02124	0.02190	0.01626	0.02252	0.01320	0.01748	0.01102	0.00646	0.00702	0.00212	0.00878	0.00625	0.00350	0.01083
6	0.00964	0.00726	0.00891	0.00850	0.01037	0.00653	0.00638	0.01259	0.01913	0.02611	0.53667	0.05721	0.23362	0.01547	0.00840	0.00228	0.00342	0.01344	0.00752	0.00653
7	0.01462	0.00850	0.01094	0.01026	0.01251	0.00787	0.00768	0.04953	0.01856	0.15748	0.29125	0.26828	0.08241	0.01582	0.00832	0.00245	0.00437	0.01392	0.00753	0.00769
8	0.00884	0.00723	0.00780	0.00765	0.00988	0.00619	0.00574	0.01103	0.01722	0.02159	0.23124	0.06465	0.54187	0.01715	0.00841	0.00236	0.00354	0.01448	0.00692	0.00619
9	0.00956	0.00726	0.00883	0.00861	0.01048	0.00652	0.00650	0.01235	0.01852	0.02493	0.45095	0.08392	0.26647	0.01615	0.00849	0.00236	0.00360	0.04070	0.00735	0.00645
10	0.02574	0.03232	0.02101	0.02076	0.08712	0.65406	0.01453	0.02781	0.01980	0.01798	0.01123	0.01330	0.00937	0.00724	0.00648	0.00186	0.01242	0.00475	0.00366	0.00854
11	0.01428	0.03683	0.71286	0.02030	0.03082	0.01654	0.02631	0.02255	0.01503	0.02255	0.01278	0.01503	0.00902	0.00677	0.00677	0.00226	0.01052	0.00526	0.00301	0.01052
12	0.80005	0.01377	0.01047	0.00936	0.01377	0.01597	0.00771	0.02093	0.01212	0.03195	0.00991	0.01157	0.00771	0.00661	0.00441	0.00220	0.00551	0.00386	0.00441	0.00771
13	0.03195	0.01212	0.01652	0.01267	0.01818	0.01047	0.01047	0.03470	0.02038	0.71026	0.02809	0.02424	0.01763	0.00881	0.00716	0.00220	0.00606	0.00716	0.00881	0.01212
14	0.73425	0.01380	0.01142	0.01074	0.03843	0.01573	0.00835	0.02165	0.01267	0.06534	0.01094	0.01241	0.00833	0.00671	0.00464	0.00220	0.00564	0.00411	0.00459	0.00806
15	0.01904	0.75404	0.03731	0.01218	0.01828	0.02818	0.01218	0.02132	0.01447	0.01675	0.00990	0.01142	0.00914	0.00609	0.00457	0.00152	0.00761	0.00381	0.00305	0.00914
16	0.02875	0.01314	0.01673	0.01304	0.01820	0.01236	0.01069	0.14236	0.04606	0.51542	0.08412	0.02560	0.02110	0.00929	0.00726	0.00220	0.00611	0.00756	0.00839	0.01162
17	0.01433	0.00817	0.01052	0.00960	0.01206	0.00730	0.00731	0.01708	0.01886	0.17135	0.38743	0.12998	0.14841	0.01475	0.00822	0.00233	0.00406	0.01284	0.00772	0.00766
18	0.10836	0.01228	0.01592	0.01234	0.01774	0.01101	0.01019	0.03333	0.01956	0.64278	0.02628	0.02298	0.01664	0.00859	0.00689	0.00220	0.00600	0.00683	0.00837	0.01168
19	0.00866	0.00625	0.00821	0.00979	0.01029	0.00579	0.00655	0.00993	0.01376	0.01823	0.04081	0.71302	0.07818	0.02211	0.00906	0.00287	0.00411	0.02000	0.00661	0.00579
20	0.00900	0.00654	0.00861	0.00995	0.01067	0.00598	0.00671	0.01034	0.01369	0.01844	0.03784	0.70643	0.04516	0.02141	0.00889	0.00279	0.00419	0.01939	0.00648	0.04748
21	0.80005	0.01377	0.01047	0.00936	0.01377	0.01597	0.00771	0.02093	0.01212	0.03195	0.00991	0.01157	0.00771	0.00661	0.00441	0.00220	0.00551	0.00386	0.00441	0.00771

[dist]
# distance from previous block
# <min> <max>
0	6

[block]
# block no. 6 follows, 29 sequences, length 43
# corresponding to MSA columns:
# 377-387,390-421
name=unknown_G
#
# <colnr> <probs for GDERKNQSTAVLIFYWHMCP>
#	G	D	E	R	K	N	Q	S	T	A	V	L	I	F	Y	W	H	M	C	P
0	0.01116	0.00777	0.01005	0.01029	0.01195	0.00743	0.00796	0.01449	0.04260	0.04832	0.30999	0.17392	0.09318	0.05058	0.01005	0.00283	0.00462	0.16899	0.00710	0.00673
1	0.00955	0.00741	0.00811	0.00815	0.00975	0.00681	0.00572	0.01173	0.04079	0.01903	0.11201	0.10423	0.37331	0.21460	0.01594	0.00366	0.00467	0.03257	0.00613	0.00582
2	0.01345	0.01266	0.02136	0.73264	0.04904	0.01582	0.01978	0.01819	0.01424	0.01819	0.01266	0.01898	0.00949	0.00712	0.00712	0.00237	0.00949	0.00633	0.00316	0.00791
3	0.00868	0.00620	0.00826	0.00991	0.01033	0.00578	0.00661	0.00991	0.01363	0.01818	0.03925	0.74510	0.04710	0.02231	0.00909	0.00289	0.00413	0.02024	0.00661	0.00578
4	0.00989	0.00724	0.00928	0.00884	0.01054	0.00663	0.00660	0.01305	0.01961	0.02742	0.62592	0.07683	0.12134	0.01511	0.00842	0.00227	0.00341	0.01330	0.00769	0.00663
5	0.01630	0.06997	0.21784	0.02777	0.16460	0.01844	0.26061	0.02186	0.01544	0.02184	0.01295	0.01689	0.01016	0.00696	0.00903	0.00232	0.08708	0.00663	0.00334	0.00996
6	0.01085	0.00863	0.01275	0.01236	0.01347	0.01053	0.00974	0.01327	0.01138	0.01661	0.01785	0.02641	0.01674	0.04825	0.63361	0.01039	0.10945	0.00745	0.00373	0.00654
7	0.00872	0.00625	0.00821	0.00975	0.01022	0.00583	0.00650	0.00994	0.01361	0.01807	0.03981	0.69961	0.06855	0.04574	0.00995	0.00301	0.00420	0.01975	0.00654	0.00574
8	0.02609	0.01900	0.02033	0.01569	0.02111	0.02099	0.01293	0.63458	0.03217	0.04358	0.01753	0.01776	0.01254	0.00853	0.00697	0.00210	0.00752	0.00643	0.06242	0.01172
9	0.01600	0.01874	0.07606	0.12338	0.03671	0.01737	0.50161	0.02146	0.01585	0.02157	0.01380	0.01887	0.01052	0.00712	0.00943	0.02991	0.04123	0.00777	0.00347	0.00913
10	0.02241	0.39856	0.02955	0.01600	0.05140	0.20829	0.01328	0.14273	0.01949	0.02232	0.01165	0.01311	0.00978	0.00687	0.00563	0.00174	0.00906	0.00460	0.00397	0.00954
11	0.01558	0.01558	0.02181	0.01869	0.01869	0.02181	0.01558	0.01714	0.01091	0.01714	0.00935	0.01558	0.00935	0.01246	0.02337	0.00312	0.73672	0.00623	0.00312	0.00779
12	0.00862	0.00643	0.00802	0.00929	0.01016	0.00584	0.00633	0.00999	0.01423	0.01842	0.04683	0.58912	0.19819	0.02132	0.00893	0.00278	0.00401	0.01904	0.00661	0.00584
13	0.00925	0.00644	0.00809	0.00918	0.00945	0.00617	0.00582	0.01007	0.01251	0.01668	0.03350	0.50622	0.03984	0.27109	0.01838	0.00426	0.00508	0.01686	0.00582	0.00528
14	0.80005	0.01377	0.01047	0.00936	0.01377	0.01597	0.00771	0.02093	0.01212	0.03195	0.00991	0.01157	0.00771	0.00661	0.00441	0.00220	0.00551	0.00386	0.00441	0.00771
15	0.01740	0.01690	0.02679	0.08427	0.58278	0.04354	0.02038	0.02222	0.04720	0.02288	0.01590	0.01961	0.03432	0.00697	0.00708	0.00214	0.00840	0.00664	0.00378	0.01077
16	0.04771	0.16275	0.21551	0.07907	0.16060	0.08625	0.01867	0.04217	0.05727	0.02203	0.01307	0.01562	0.01037	0.00705	0.00692	0.00209	0.03395	0.00541	0.00363	0.00988
17	0.01451	0.01588	0.06690	0.48596	0.07105	0.01646	0.18747	0.01976	0.01501	0.01982	0.01314	0.01876	0.00987	0.00678	0.00742	0.00236	0.01015	0.00679	0.00328	0.00862
18	0.01910	0.01293	0.01794	0.06412	0.02105	0.01135	0.07269	0.02373	0.06383	0.19828	0.06784	0.02149	0.01718	0.00735	0.00654	0.00175	0.00629	0.00640	0.00573	0.35441
19	0.00953	0.00694	0.00889	0.00970	0.01075	0.00658	0.00702	0.01140	0.01497	0.01990	0.14859	0.33850	0.13109	0.10127	0.04584	0.00362	0.00530	0.10775	0.00642	0.00594
20	0.01810	0.01904	0.04963	0.05953	0.56587	0.09491	0.02053	0.02214	0.01656	0.02231	0.01491	0.01862	0.03232	0.00685	0.00701	0.00210	0.00890	0.00638	0.00361	0.01065
21	0.00948	0.00689	0.00775	0.00801	0.00886	0.00644	0.00512	0.01035	0.01303	0.01672	0.06549	0.17298	0.23245	0.37989	0.02227	0.00470	0.00531	0.01353	0.00552	0.00516
22	0.00975	0.00727	0.00907	0.00862	0.01044	0.00658	0.00646	0.01281	0.01939	0.02674	0.57902	0.05618	0.19088	0.01523	0.00840	0.00227	0.00341	0.01330	0.00760	0.00658
23	0.00969	0.00726	0.00898	0.00855	0.01040	0.00655	0.00641	0.01268	0.01923	0.02637	0.55385	0.05679	0.21628	0.01537	0.00840	0.00228	0.00342	0.01338	0.00755	0.00655
24	0.01904	0.75404	0.03731	0.01218	0.01828	0.02818	0.01218	0.02132	0.01447	0.01675	0.00990	0.01142	0.00914	0.00609	0.00457	0.00152	0.00761	0.00381	0.00305	0.00914
25	0.03113	0.01344	0.01734	0.01329	0.01884	0.01242	0.01098	0.14367	0.02259	0.59818	0.02624	0.02303	0.01670	0.00877	0.00715	0.00219	0.00636	0.00703	0.00853	0.01212
26	0.80005	0.01377	0.01047	0.00936	0.01377	0.01597	0.00771	0.02093	0.01212	0.03195	0.00991	0.01157	0.00771	0.00661	0.00441	0.00220	0.00551	0.00386	0.00441	0.00771
27	0.01771	0.01530	0.01610	0.01449	0.01852	0.01771	0.01127	0.03784	0.69247	0.02979	0.02898	0.02657	0.02174	0.00966	0.00725	0.00242	0.00564	0.00805	0.00725	0.01127
28	0.80005	0.01377	0.01047	0.00936	0.01377	0.01597	0.00771	0.02093	0.01212	0.03195	0.00991	0.01157	0.00771	0.00661	0.00441	0.00220	0.00551	0.00386	0.00441	0.00771
29	0.01771	0.01530	0.01610	0.01449	0.01852	0.01771	0.01127	0.03784	0.69247	0.02979	0.02898	0.02657	0.02174	0.00966	0.00725	0.00242	0.00564	0.00805	0.00725	0.01127
30	0.01771	0.01530	0.01610	0.01449	0.01852	0.01771	0.01127	0.03784	0.69247	0.02979	0.02898	0.02657	0.02174	0.00966	0.00725	0.00242	0.00564	0.00805	0.00725	0.01127
31	0.03142	0.01224	0.01651	0.01274	0.01819	0.01073	0.01050	0.03482	0.04532	0.68501	0.02813	0.02432	0.01778	0.00884	0.00716	0.00221	0.00604	0.00719	0.00876	0.01209
