[name]
unknown

[dist]
# distance from previous block
# <min> <max>
0	41

[block]
# block no. 0 follows, 21 sequences, length 15
# corresponding to MSA columns:
# 50-64
name=unknown_A
#
# <colnr> <probs for GDERKNQSTAVLIFYWHMCP>
#	G	D	E	R	K	N	Q	S	T	A	V	L	I	F	Y	W	H	M	C	P
0	0.01681	0.01255	0.01274	0.03180	0.01530	0.07570	0.00888	0.01872	0.01821	0.08663	0.09323	0.05280	0.18480	0.19146	0.05105	0.03954	0.00806	0.03114	0.04284	0.00775
1	0.01241	0.00845	0.01010	0.01069	0.01158	0.00833	0.00706	0.01511	0.04719	0.02326	0.10721	0.29802	0.04515	0.24885	0.02097	0.00478	0.00592	0.01662	0.09142	0.00690
2	0.01965	0.01932	0.06061	0.06376	0.10169	0.01618	0.18749	0.02493	0.01886	0.05883	0.01676	0.02044	0.01306	0.00713	0.00794	0.00210	0.00969	0.00715	0.00487	0.33954
3	0.26503	0.07021	0.32495	0.01824	0.02700	0.02011	0.02059	0.02761	0.07554	0.03133	0.03604	0.01912	0.01396	0.00861	0.00711	0.00264	0.00955	0.00624	0.00482	0.01130
4	0.02788	0.06104	0.02489	0.02455	0.11058	0.48952	0.01675	0.03048	0.02274	0.02197	0.02046	0.02241	0.07168	0.00977	0.00792	0.00229	0.01332	0.00692	0.00467	0.01015
5	0.01934	0.04255	0.12117	0.01809	0.02523	0.04954	0.05873	0.05697	0.01889	0.02747	0.01585	0.03715	0.01338	0.00857	0.00961	0.00208	0.08579	0.00656	0.00482	0.37821
6	0.10529	0.50884	0.08636	0.01458	0.02155	0.02848	0.01467	0.02465	0.01767	0.02398	0.07208	0.01875	0.01730	0.00838	0.00608	0.00206	0.00861	0.00572	0.00437	0.01058
7	0.03008	0.02206	0.02369	0.01841	0.02444	0.02433	0.01492	0.55039	0.03687	0.04941	0.02116	0.02444	0.01635	0.08880	0.01247	0.00320	0.00924	0.00820	0.00813	0.01341
8	0.02335	0.66197	0.04324	0.01505	0.02214	0.07560	0.01469	0.02605	0.01774	0.02008	0.01192	0.01376	0.01092	0.00738	0.00561	0.00184	0.00951	0.00461	0.00369	0.01085
9	0.02144	0.10004	0.04434	0.09275	0.04113	0.02323	0.42171	0.09587	0.02181	0.02900	0.01678	0.02158	0.01272	0.00767	0.00920	0.00271	0.01288	0.00890	0.00467	0.01157
10	0.02974	0.02206	0.02356	0.01830	0.02465	0.02414	0.01504	0.54836	0.03760	0.05005	0.02813	0.02763	0.08823	0.01154	0.00869	0.00259	0.00877	0.00887	0.00844	0.01362
11	0.01318	0.01035	0.01091	0.01016	0.01297	0.00967	0.00750	0.08362	0.02102	0.02633	0.10900	0.06916	0.43118	0.12944	0.01524	0.00369	0.00552	0.01567	0.00764	0.00777
12	0.03001	0.02593	0.09915	0.02002	0.02741	0.02536	0.01783	0.52202	0.06639	0.04963	0.02052	0.02070	0.01460	0.01003	0.00847	0.00259	0.00961	0.00760	0.00794	0.01420
13	0.02110	0.27774	0.37759	0.01993	0.03004	0.02404	0.02361	0.02781	0.01833	0.08400	0.01578	0.01747	0.01181	0.00803	0.00719	0.00238	0.01083	0.00588	0.00427	0.01217
14	0.01794	0.14584	0.56266	0.02276	0.03453	0.02190	0.02885	0.02672	0.01786	0.02588	0.01474	0.01730	0.01080	0.00796	0.00768	0.00256	0.01204	0.00602	0.00360	0.01232

[dist]
# distance from previous block
# <min> <max>
16	26

[block]
# block no. 1 follows, 21 sequences, length 15
# corresponding to MSA columns:
# 94-108
name=unknown_B
#
# <colnr> <probs for GDERKNQSTAVLIFYWHMCP>
#	G	D	E	R	K	N	Q	S	T	A	V	L	I	F	Y	W	H	M	C	P
0	0.24190	0.06391	0.31271	0.09666	0.03304	0.02029	0.06740	0.02571	0.01693	0.02941	0.01420	0.01743	0.01054	0.00797	0.00730	0.00266	0.01059	0.00613	0.00418	0.01104
1	0.45858	0.01918	0.10563	0.10920	0.02494	0.01777	0.01429	0.02351	0.01605	0.03304	0.05455	0.05755	0.01689	0.00968	0.00675	0.00272	0.00786	0.00706	0.00522	0.00952
2	0.05948	0.00838	0.00987	0.01086	0.01198	0.00804	0.00732	0.01311	0.01639	0.02282	0.08382	0.41827	0.12772	0.14260	0.01604	0.00412	0.00549	0.01947	0.00734	0.00686
3	0.15162	0.01736	0.03102	0.02375	0.02967	0.01672	0.31176	0.02261	0.01795	0.02790	0.02344	0.18727	0.02295	0.01206	0.00911	0.00285	0.01002	0.01219	0.00542	0.06431
4	0.01073	0.00790	0.01006	0.01109	0.01231	0.00723	0.00772	0.01294	0.01867	0.02496	0.19933	0.44990	0.14858	0.02363	0.01054	0.00318	0.00462	0.02111	0.00826	0.00723
5	0.01864	0.01793	0.03283	0.02504	0.03094	0.01713	0.31684	0.09938	0.02139	0.02909	0.02628	0.22126	0.02593	0.01328	0.00983	0.00289	0.01036	0.01358	0.00597	0.06141
6	0.02892	0.02176	0.02338	0.01866	0.02470	0.02416	0.01514	0.47925	0.14001	0.04835	0.02469	0.06870	0.01932	0.01157	0.00870	0.00267	0.00861	0.00913	0.00850	0.01378
7	0.01828	0.01863	0.03537	0.35615	0.15494	0.02001	0.22338	0.02435	0.01845	0.02464	0.01598	0.02250	0.01224	0.00790	0.00901	0.00279	0.01214	0.00840	0.00403	0.01082
8	0.01094	0.00801	0.01049	0.01191	0.01296	0.00726	0.00807	0.01260	0.01640	0.02220	0.04440	0.64197	0.05284	0.02506	0.01050	0.00328	0.00504	0.02268	0.00767	0.06569
9	0.01801	0.15392	0.55520	0.02265	0.03434	0.02207	0.02864	0.02671	0.01785	0.02580	0.01470	0.01725	0.01080	0.00795	0.00765	0.00255	0.01200	0.00600	0.00360	0.01230
10	0.01486	0.01266	0.01765	0.05438	0.15742	0.01275	0.01414	0.02061	0.09033	0.02573	0.04635	0.16771	0.18408	0.01790	0.00993	0.00310	0.00702	0.12692	0.00696	0.00951
11	0.01037	0.00741	0.00987	0.01185	0.01234	0.00691	0.00790	0.01185	0.01629	0.02172	0.04690	0.69537	0.05629	0.02666	0.01086	0.00346	0.00494	0.02419	0.00790	0.00691
12	0.01780	0.01653	0.02522	0.15805	0.31434	0.01734	0.01974	0.02498	0.10365	0.02671	0.03326	0.03572	0.14826	0.01126	0.00882	0.00271	0.00865	0.01006	0.00553	0.01138
13	0.43432	0.19408	0.09636	0.01386	0.02058	0.02238	0.01340	0.02657	0.01632	0.07741	0.01384	0.01537	0.01070	0.00796	0.00589	0.00243	0.00797	0.00508	0.00505	0.01043
14	0.10407	0.01362	0.01725	0.01848	0.11244	0.01353	0.01237	0.02795	0.08360	0.18116	0.11682	0.03854	0.07902	0.01218	0.00829	0.00263	0.00645	0.03340	0.10719	0.01101

[dist]
# distance from previous block
# <min> <max>
9	96

[block]
# block no. 2 follows, 21 sequences, length 6
# corresponding to MSA columns:
# 217-222
name=unknown_C
#
# <colnr> <probs for GDERKNQSTAVLIFYWHMCP>
#	G	D	E	R	K	N	Q	S	T	A	V	L	I	F	Y	W	H	M	C	P
0	0.01888	0.16516	0.34058	0.02376	0.03257	0.02380	0.11220	0.02560	0.01730	0.02454	0.01419	0.01797	0.01119	0.00896	0.01126	0.00273	0.12733	0.00670	0.00373	0.01153
1	0.01763	0.12204	0.48658	0.12088	0.03822	0.02137	0.02818	0.02599	0.01774	0.02531	0.01482	0.01813	0.01088	0.00805	0.00782	0.00261	0.01196	0.00626	0.00363	0.01191
2	0.01838	0.01443	0.01508	0.01365	0.01706	0.06190	0.01045	0.07942	0.12837	0.07562	0.26029	0.11034	0.12848	0.01603	0.00946	0.00276	0.00619	0.01364	0.00854	0.00993
3	0.10798	0.01228	0.01368	0.01252	0.01586	0.01273	0.00994	0.11558	0.02247	0.03229	0.18717	0.05275	0.18998	0.02344	0.10730	0.00443	0.00837	0.05477	0.00752	0.00895
4	0.02840	0.12405	0.02703	0.01764	0.02465	0.02490	0.01489	0.42854	0.03280	0.04419	0.01824	0.01894	0.01362	0.00911	0.00768	0.00222	0.00880	0.00675	0.00719	0.14035
5	0.11373	0.40499	0.03048	0.01299	0.01867	0.02440	0.01201	0.02486	0.01728	0.06834	0.01682	0.01919	0.01399	0.01191	0.05103	0.00282	0.00872	0.00573	0.13183	0.01022

[dist]
# distance from previous block
# <min> <max>
2	31

[block]
# block no. 3 follows, 21 sequences, length 6
# corresponding to MSA columns:
# 272-277
name=unknown_D
#
# <colnr> <probs for GDERKNQSTAVLIFYWHMCP>
#	G	D	E	R	K	N	Q	S	T	A	V	L	I	F	Y	W	H	M	C	P
0	0.05166	0.01724	0.01789	0.05111	0.10461	0.10017	0.01334	0.10026	0.02248	0.02832	0.04784	0.05188	0.27960	0.01537	0.00917	0.00277	0.00799	0.06200	0.00670	0.00963
1	0.12507	0.05745	0.08434	0.01980	0.09171	0.01668	0.04440	0.02649	0.10118	0.07509	0.04435	0.10822	0.02291	0.04001	0.00944	0.00279	0.00791	0.00954	0.00613	0.10646
2	0.05186	0.09516	0.02968	0.13774	0.25683	0.02235	0.02069	0.02309	0.01687	0.02423	0.01750	0.02262	0.04413	0.01035	0.01320	0.00284	0.18813	0.00760	0.00418	0.01093
3	0.10499	0.17291	0.07814	0.10327	0.03285	0.05873	0.18156	0.02689	0.01876	0.08407	0.01775	0.05181	0.01444	0.00885	0.00793	0.00256	0.01077	0.00793	0.00491	0.01090
4	0.02260	0.44975	0.15009	0.02063	0.08347	0.10097	0.01885	0.02676	0.01837	0.02207	0.01298	0.01530	0.01114	0.00762	0.00645	0.00208	0.01051	0.00525	0.00377	0.01134
5	0.36371	0.02496	0.19404	0.01923	0.02727	0.01903	0.12323	0.02563	0.01669	0.03230	0.01401	0.01690	0.01059	0.00768	0.00697	0.00257	0.00956	0.00607	0.00462	0.07493

[dist]
# distance from previous block
# <min> <max>
0	1

[block]
# block no. 4 follows, 21 sequences, length 18
# corresponding to MSA columns:
# 279-296
name=unknown_E
#
# <colnr> <probs for GDERKNQSTAVLIFYWHMCP>
#	G	D	E	R	K	N	Q	S	T	A	V	L	I	F	Y	W	H	M	C	P
0	0.02788	0.04450	0.02141	0.04042	0.02287	0.11433	0.01397	0.16678	0.02475	0.19130	0.02254	0.02411	0.01664	0.01556	0.07472	0.00363	0.06433	0.00761	0.09101	0.01165
1	0.02333	0.01741	0.01909	0.01670	0.02165	0.01940	0.01311	0.07090	0.48284	0.11727	0.07485	0.03298	0.02843	0.01174	0.00873	0.00282	0.00675	0.00978	0.00895	0.01328
2	0.01374	0.00776	0.01124	0.01193	0.01232	0.00766	0.00844	0.01222	0.01340	0.01777	0.02573	0.16963	0.02819	0.02807	0.02556	0.49062	0.00697	0.09861	0.00516	0.00496
3	0.02884	0.02055	0.02270	0.01757	0.02403	0.02153	0.01432	0.43631	0.03354	0.09221	0.02249	0.06964	0.01770	0.01081	0.00833	0.00242	0.00839	0.00851	0.00806	0.13204
4	0.02348	0.01639	0.03991	0.02350	0.16554	0.04600	0.01561	0.02863	0.05706	0.21018	0.11989	0.04346	0.07285	0.01314	0.00920	0.00279	0.00786	0.08512	0.00775	0.01163
5	0.07258	0.00986	0.01157	0.01064	0.01358	0.00912	0.00816	0.01827	0.02214	0.09283	0.38800	0.06106	0.21642	0.01706	0.00952	0.00272	0.00461	0.01454	0.00878	0.00854
6	0.02905	0.02368	0.02268	0.01844	0.02408	0.12677	0.01478	0.36224	0.09596	0.07765	0.09438	0.02630	0.02317	0.01098	0.00857	0.00255	0.00932	0.00847	0.00807	0.01287
7	0.02421	0.01923	0.03088	0.09110	0.45837	0.01941	0.02305	0.07448	0.02158	0.12607	0.01900	0.02236	0.01457	0.00831	0.00846	0.00257	0.00970	0.00774	0.00549	0.01341
8	0.01859	0.22128	0.49290	0.02166	0.03282	0.02349	0.02692	0.02656	0.01779	0.02510	0.01435	0.01681	0.01082	0.00787	0.00738	0.00246	0.01165	0.00582	0.00361	0.01213
9	0.02418	0.01211	0.01490	0.01271	0.01686	0.01162	0.01004	0.03083	0.11156	0.26884	0.17999	0.03839	0.03629	0.01220	0.00832	0.00253	0.00562	0.01022	0.18152	0.01125
10	0.10617	0.06322	0.28234	0.03433	0.29764	0.02057	0.02571	0.02629	0.01813	0.02829	0.01502	0.01861	0.01177	0.00781	0.00777	0.00257	0.01064	0.00656	0.00406	0.01249
11	0.02975	0.02680	0.19943	0.01962	0.02797	0.02061	0.01938	0.29087	0.02944	0.21633	0.02272	0.02217	0.01531	0.00971	0.00841	0.00262	0.00966	0.00753	0.00772	0.01395
12	0.18752	0.01143	0.01232	0.01260	0.01494	0.01202	0.00917	0.08604	0.01865	0.02929	0.03565	0.45785	0.04044	0.02037	0.00929	0.00316	0.00584	0.01770	0.00736	0.00833
13	0.01412	0.01052	0.01160	0.01104	0.01386	0.03186	0.00845	0.01777	0.03978	0.07328	0.28005	0.08563	0.30423	0.01872	0.00992	0.00283	0.00507	0.04442	0.00853	0.00833
14	0.01752	0.01702	0.02531	0.08606	0.02641	0.05470	0.12543	0.02009	0.01512	0.02064	0.01698	0.02910	0.01660	0.17436	0.04621	0.04176	0.24496	0.00903	0.00423	0.00846
15	0.01477	0.01037	0.01260	0.01262	0.01417	0.01048	0.00884	0.11368	0.01990	0.02673	0.08205	0.39369	0.04449	0.12502	0.01681	0.05447	0.00627	0.01786	0.00742	0.00778
16	0.02813	0.11883	0.02483	0.01946	0.02402	0.51153	0.01504	0.03039	0.02272	0.02098	0.02154	0.02293	0.08511	0.01008	0.00768	0.00223	0.01329	0.00683	0.00470	0.00968
17	0.12242	0.05248	0.19898	0.03577	0.30363	0.02061	0.09392	0.02630	0.01833	0.02865	0.01522	0.01918	0.01201	0.00770	0.00797	0.00260	0.01073	0.00700	0.00418	0.01232

[dist]
# distance from previous block
# <min> <max>
4	20

[block]
# block no. 5 follows, 21 sequences, length 17
# corresponding to MSA columns:
# 319,322-327,332-341
name=unknown_F
#
# <colnr> <probs for GDERKNQSTAVLIFYWHMCP>
#	G	D	E	R	K	N	Q	S	T	A	V	L	I	F	Y	W	H	M	C	P
0	0.05706	0.01307	0.01620	0.07186	0.02090	0.01322	0.01181	0.11652	0.02436	0.14131	0.21969	0.07733	0.10593	0.01516	0.00934	0.00282	0.00657	0.05827	0.00840	0.01020
1	0.04844	0.01885	0.03025	0.18204	0.36925	0.01979	0.05028	0.05173	0.05492	0.02841	0.01693	0.02163	0.01354	0.00805	0.00830	0.00257	0.01001	0.00756	0.00465	0.05279
2	0.36682	0.19200	0.02260	0.01337	0.01909	0.02312	0.01158	0.11614	0.04993	0.03528	0.01555	0.01710	0.01228	0.00844	0.00603	0.00238	0.00744	0.00557	0.06473	0.01056
3	0.02090	0.02063	0.03225	0.08342	0.49011	0.05117	0.02439	0.02538	0.01851	0.02602	0.01510	0.02052	0.01289	0.00879	0.01132	0.00271	0.11186	0.00746	0.00412	0.01245
4	0.10666	0.01505	0.01758	0.01448	0.01952	0.01505	0.01179	0.16601	0.02636	0.24400	0.16581	0.03935	0.06371	0.01296	0.00877	0.00271	0.00684	0.04264	0.00895	0.01175
5	0.01980	0.01893	0.03226	0.21125	0.49870	0.01989	0.02549	0.02501	0.01878	0.02627	0.01578	0.02147	0.01294	0.00782	0.00845	0.00261	0.01042	0.00758	0.00410	0.01246
6	0.01999	0.01505	0.01853	0.06614	0.02342	0.01209	0.01146	0.02386	0.01840	0.10249	0.01734	0.01941	0.01352	0.00699	0.00675	0.00155	0.00682	0.00567	0.00560	0.60494
7	0.02053	0.01968	0.03359	0.11867	0.58553	0.02008	0.02585	0.02565	0.01913	0.02716	0.01591	0.02123	0.01325	0.00768	0.00843	0.00256	0.01024	0.00758	0.00417	0.01305
8	0.01238	0.00825	0.00928	0.00928	0.00928	0.00825	0.00516	0.01238	0.01238	0.01650	0.02681	0.05569	0.03094	0.70092	0.04331	0.00825	0.00825	0.01238	0.00516	0.00516
9	0.02663	0.01956	0.02146	0.01757	0.02273	0.02132	0.01402	0.46132	0.03384	0.04533	0.02732	0.19609	0.02535	0.01450	0.00912	0.00279	0.00821	0.01196	0.00835	0.01250
10	0.01215	0.00815	0.00935	0.00958	0.00963	0.00810	0.00547	0.01232	0.01282	0.01710	0.02912	0.12907	0.03385	0.62358	0.03959	0.00770	0.00787	0.01373	0.00547	0.00536
11	0.10949	0.01971	0.02843	0.25240	0.03857	0.07407	0.12707	0.02380	0.01677	0.02433	0.01388	0.01997	0.01129	0.00993	0.01353	0.00300	0.19244	0.00745	0.00409	0.00979
12	0.02071	0.01495	0.01635	0.01396	0.01712	0.01593	0.01028	0.27559	0.02514	0.03348	0.02938	0.10404	0.06119	0.29719	0.02318	0.00501	0.00819	0.01180	0.00704	0.00948
13	0.01896	0.01933	0.03455	0.09068	0.10485	0.02131	0.23594	0.02335	0.01690	0.02411	0.01470	0.02111	0.01234	0.01076	0.01625	0.03624	0.22843	0.00826	0.00408	0.05786
14	0.02430	0.01810	0.02080	0.05970	0.02478	0.01846	0.01368	0.22580	0.13636	0.08739	0.02373	0.06151	0.01876	0.01021	0.00805	0.00232	0.00773	0.00829	0.00737	0.22265
15	0.01843	0.01846	0.02652	0.10704	0.06908	0.05350	0.07669	0.02279	0.05214	0.02284	0.01826	0.09992	0.01768	0.01374	0.01830	0.00329	0.33715	0.00973	0.00464	0.00980
16	0.16599	0.06578	0.07951	0.10567	0.37173	0.02070	0.02220	0.02546	0.01792	0.02863	0.01476	0.01908	0.01203	0.00776	0.00759	0.00255	0.00968	0.00669	0.00429	0.01198

[dist]
# distance from previous block
# <min> <max>
2	15

[block]
# block no. 6 follows, 21 sequences, length 14
# corresponding to MSA columns:
# 357-370
name=unknown_G
#
# <colnr> <probs for GDERKNQSTAVLIFYWHMCP>
#	G	D	E	R	K	N	Q	S	T	A	V	L	I	F	Y	W	H	M	C	P
0	0.02783	0.02097	0.02290	0.01759	0.02421	0.02193	0.01435	0.45159	0.03368	0.04605	0.02072	0.05750	0.01639	0.01026	0.00815	0.00231	0.00843	0.00800	0.00770	0.17945
1	0.02273	0.01733	0.02087	0.01738	0.02189	0.01859	0.05658	0.29345	0.09743	0.03854	0.02913	0.19133	0.02730	0.04986	0.01087	0.00310	0.00796	0.01241	0.05187	0.01140
2	0.02463	0.02313	0.03150	0.04199	0.44821	0.08908	0.02295	0.15557	0.02435	0.03267	0.01667	0.02033	0.01343	0.00828	0.00837	0.00250	0.01050	0.00738	0.00516	0.01332
3	0.09484	0.04923	0.01422	0.01132	0.01488	0.01120	0.00897	0.02103	0.02189	0.13467	0.33800	0.05324	0.16341	0.01547	0.00904	0.00265	0.00516	0.01300	0.00854	0.00923
4	0.05627	0.12721	0.02384	0.01651	0.02044	0.01956	0.05989	0.13011	0.02100	0.02928	0.02963	0.15988	0.08763	0.01450	0.01130	0.00281	0.10827	0.01153	0.06043	0.00989
5	0.05769	0.20557	0.26912	0.01838	0.02770	0.02114	0.04280	0.02500	0.01761	0.02596	0.01424	0.01674	0.01131	0.00735	0.00685	0.00209	0.00974	0.00556	0.00411	0.21106
6	0.01396	0.01098	0.03629	0.01488	0.01735	0.00962	0.05488	0.01731	0.01937	0.06075	0.15924	0.32206	0.05261	0.02116	0.01063	0.00330	0.00651	0.15289	0.00791	0.00829
7	0.02470	0.01939	0.01920	0.01533	0.02136	0.12066	0.01205	0.09500	0.02238	0.14462	0.02214	0.09046	0.01867	0.01007	0.00768	0.00205	0.00817	0.00807	0.00665	0.33136
8	0.06617	0.03595	0.48469	0.02270	0.05724	0.01818	0.02632	0.02709	0.01883	0.07986	0.06826	0.02248	0.01736	0.00902	0.00812	0.00268	0.01095	0.00717	0.00477	0.01218
9	0.07769	0.02026	0.12687	0.18183	0.07286	0.03797	0.06984	0.02404	0.01854	0.09083	0.02835	0.06725	0.09808	0.01324	0.03338	0.00318	0.01021	0.00971	0.00546	0.01041
10	0.01394	0.01028	0.01278	0.01304	0.01413	0.01084	0.00924	0.07641	0.01780	0.02395	0.03665	0.38812	0.04218	0.18372	0.01961	0.00455	0.05612	0.05211	0.00700	0.00752
11	0.01891	0.20243	0.43694	0.02508	0.10279	0.02320	0.02673	0.02650	0.01796	0.02536	0.01452	0.01727	0.01112	0.00783	0.00749	0.00246	0.01145	0.00601	0.00368	0.01228
12	0.02147	0.06398	0.01854	0.01406	0.01905	0.01375	0.01145	0.02699	0.08940	0.16421	0.02774	0.03915	0.02423	0.08626	0.04590	0.00360	0.00807	0.10362	0.00701	0.21152
13	0.01902	0.05459	0.02271	0.05094	0.02366	0.01538	0.11068	0.09048	0.05484	0.08615	0.14593	0.04525	0.18983	0.01360	0.00918	0.00266	0.00759	0.01197	0.00734	0.03822

[dist]
# distance from previous block
# <min> <max>
23	60

[block]
# block no. 7 follows, 21 sequences, length 20
# corresponding to MSA columns:
# 432-451
name=unknown_H
#
# <colnr> <probs for GDERKNQSTAVLIFYWHMCP>
#	G	D	E	R	K	N	Q	S	T	A	V	L	I	F	Y	W	H	M	C	P
0	0.35546	0.15628	0.07285	0.10986	0.02540	0.05679	0.01440	0.02432	0.01598	0.02872	0.01287	0.01632	0.01047	0.00943	0.00808	0.05464	0.00879	0.00540	0.00444	0.00951
1	0.04449	0.04984	0.01380	0.01146	0.01448	0.05141	0.00879	0.01906	0.01689	0.02570	0.02713	0.09285	0.05100	0.06065	0.13074	0.00461	0.00920	0.00952	0.24845	0.10994
2	0.02210	0.06784	0.01993	0.01619	0.02066	0.13741	0.01281	0.06374	0.25318	0.06202	0.09104	0.03899	0.10627	0.01298	0.00869	0.00268	0.00814	0.03662	0.00754	0.01117
3	0.05291	0.08104	0.37893	0.03152	0.21003	0.02091	0.05442	0.02654	0.01826	0.02724	0.01517	0.01859	0.01159	0.00784	0.00796	0.00259	0.01143	0.00663	0.00388	0.01252
4	0.06939	0.19466	0.03271	0.02118	0.02440	0.02702	0.08661	0.02285	0.01504	0.02233	0.01209	0.01753	0.01118	0.01158	0.01859	0.00306	0.38910	0.00682	0.00387	0.00997
5	0.03370	0.02056	0.02337	0.01804	0.02468	0.02167	0.01486	0.40592	0.06309	0.24619	0.02534	0.02372	0.01714	0.01038	0.00853	0.00260	0.00856	0.00804	0.00917	0.01443
6	0.01275	0.00930	0.01236	0.01323	0.01531	0.00891	0.01101	0.01650	0.02106	0.02805	0.24776	0.08366	0.12702	0.02126	0.01099	0.00339	0.00617	0.33510	0.00835	0.00783
7	0.03240	0.01643	0.02034	0.01553	0.02226	0.01512	0.01273	0.13955	0.05372	0.39845	0.02774	0.02540	0.01849	0.00970	0.00812	0.00237	0.00741	0.00777	0.00903	0.15746
8	0.01957	0.09328	0.36522	0.02964	0.19258	0.02011	0.02641	0.02682	0.01873	0.06090	0.01801	0.02382	0.01443	0.00897	0.00819	0.00265	0.01104	0.04276	0.00440	0.01248
9	0.01133	0.00839	0.01103	0.01216	0.01266	0.00850	0.00829	0.01282	0.01610	0.02183	0.08425	0.51856	0.05150	0.11447	0.01629	0.00405	0.05265	0.02084	0.00735	0.00693
10	0.01115	0.00865	0.01310	0.01377	0.01491	0.00808	0.05663	0.01308	0.01660	0.02217	0.04453	0.64157	0.05282	0.02510	0.01080	0.00341	0.00569	0.02306	0.00761	0.00728
11	0.02090	0.49706	0.11671	0.01563	0.02271	0.06190	0.01586	0.02439	0.01780	0.02124	0.01928	0.06401	0.05314	0.00964	0.00656	0.00213	0.00930	0.00696	0.00422	0.01058
12	0.24624	0.07169	0.03801	0.01411	0.01906	0.01883	0.01205	0.09557	0.01915	0.03161	0.02775	0.02909	0.13377	0.01154	0.00994	0.00258	0.09978	0.00807	0.00576	0.10539
13	0.01310	0.01006	0.01227	0.01160	0.01428	0.00860	0.00808	0.01504	0.01598	0.02266	0.03281	0.35419	0.03734	0.14948	0.01562	0.00367	0.00601	0.01575	0.00645	0.24702
14	0.01934	0.01963	0.03668	0.07293	0.03629	0.01894	0.34982	0.06377	0.02011	0.02793	0.01899	0.07541	0.01623	0.00927	0.01015	0.00265	0.04582	0.00983	0.00494	0.14126
15	0.02113	0.49451	0.10674	0.06108	0.02598	0.03015	0.01754	0.02471	0.01676	0.02095	0.01233	0.01540	0.01097	0.00849	0.00902	0.00224	0.10223	0.00534	0.00366	0.01078
16	0.02314	0.02259	0.02793	0.16347	0.27227	0.12279	0.02117	0.10060	0.10610	0.02968	0.01847	0.02187	0.01449	0.00881	0.00837	0.00259	0.01063	0.00754	0.00528	0.01223
17	0.02403	0.02076	0.01846	0.01584	0.02061	0.14710	0.01243	0.17984	0.10889	0.08518	0.04319	0.04147	0.21890	0.01379	0.00887	0.00264	0.00840	0.01088	0.00768	0.01106
18	0.06012	0.01751	0.02084	0.22990	0.03261	0.05153	0.01603	0.18081	0.07263	0.03482	0.13569	0.03001	0.02653	0.01090	0.00848	0.00265	0.00871	0.00897	0.04050	0.01076
19	0.01302	0.01024	0.01445	0.05710	0.01830	0.00996	0.03767	0.03795	0.01899	0.02588	0.14866	0.34354	0.07565	0.02306	0.05392	0.00374	0.00714	0.03579	0.00734	0.05762

[dist]
# distance from previous block
# <min> <max>
13	22

[block]
# block no. 8 follows, 21 sequences, length 12
# corresponding to MSA columns:
# 474-482,486-488
name=unknown_I
#
# <colnr> <probs for GDERKNQSTAVLIFYWHMCP>
#	G	D	E	R	K	N	Q	S	T	A	V	L	I	F	Y	W	H	M	C	P
0	0.18456	0.01706	0.02550	0.32899	0.23820	0.01937	0.02120	0.02388	0.01721	0.02737	0.01467	0.02018	0.01155	0.00807	0.00776	0.00269	0.00988	0.00691	0.00425	0.01069
1	0.02970	0.02764	0.02379	0.07130	0.02770	0.23999	0.01611	0.33247	0.03127	0.03852	0.01809	0.01971	0.01357	0.00957	0.00805	0.00241	0.01114	0.00694	0.05995	0.01206
2	0.01680	0.01284	0.01455	0.01367	0.01682	0.01321	0.01052	0.15248	0.09027	0.03194	0.09509	0.23536	0.17778	0.01920	0.00992	0.00304	0.00615	0.06261	0.00823	0.00954
3	0.02187	0.01600	0.01773	0.01501	0.01919	0.01699	0.01163	0.27167	0.07467	0.03703	0.02716	0.14133	0.02516	0.09043	0.04237	0.00370	0.00813	0.01103	0.07992	0.06898
4	0.02269	0.02185	0.02197	0.01836	0.02338	0.16225	0.07255	0.11038	0.13584	0.03075	0.02416	0.10519	0.02112	0.01125	0.00825	0.00244	0.00927	0.00943	0.06641	0.12246
5	0.01342	0.01003	0.01192	0.01248	0.01405	0.01012	0.00870	0.06165	0.08497	0.02515	0.04435	0.44966	0.09337	0.10115	0.01412	0.00383	0.00580	0.01950	0.00771	0.00802
6	0.48504	0.01991	0.07076	0.06585	0.02731	0.01967	0.14808	0.02543	0.01618	0.03370	0.01355	0.01682	0.01032	0.00779	0.00678	0.00271	0.00912	0.00617	0.00482	0.00999
7	0.02307	0.52931	0.04284	0.02014	0.06898	0.08259	0.08111	0.02641	0.01830	0.02143	0.01282	0.01533	0.01132	0.00741	0.00635	0.00201	0.01025	0.00544	0.00381	0.01108
8	0.15425	0.01939	0.07355	0.33138	0.04012	0.02022	0.01930	0.15628	0.02188	0.03233	0.01859	0.02257	0.03702	0.00927	0.00795	0.00273	0.00986	0.00736	0.00526	0.01070
9	0.02190	0.15427	0.02535	0.02033	0.08949	0.12018	0.01469	0.05565	0.23783	0.02821	0.02894	0.07964	0.06509	0.01170	0.00813	0.00256	0.00867	0.00943	0.00643	0.01151
10	0.01525	0.01222	0.01383	0.01295	0.01652	0.01194	0.01017	0.06784	0.12466	0.02906	0.09224	0.12910	0.22884	0.01787	0.00963	0.00288	0.00592	0.10108	0.00786	0.09015
11	0.02496	0.43854	0.08255	0.01792	0.02537	0.07420	0.06156	0.08647	0.02084	0.07453	0.01514	0.01666	0.01222	0.00798	0.00670	0.00212	0.01006	0.00578	0.00477	0.01164

[dist]
# distance from previous block
# <min> <max>
4	5

[block]
# block no. 9 follows, 21 sequences, length 7
# corresponding to MSA columns:
# 494-500
name=unknown_J
#
# <colnr> <probs for GDERKNQSTAVLIFYWHMCP>
#	G	D	E	R	K	N	Q	S	T	A	V	L	I	F	Y	W	H	M	C	P
0	0.11240	0.12174	0.43370	0.02047	0.03085	0.02071	0.02460	0.02801	0.01810	0.09164	0.01628	0.01803	0.01166	0.00821	0.00745	0.00257	0.01084	0.00609	0.00452	0.01214
1	0.02069	0.01843	0.07207	0.01863	0.02383	0.01698	0.06733	0.07986	0.01975	0.09736	0.02214	0.09664	0.02004	0.01232	0.01258	0.00269	0.15076	0.04220	0.00599	0.19971
2	0.01202	0.00854	0.01137	0.01253	0.01378	0.00822	0.00948	0.01469	0.01871	0.02520	0.18076	0.29518	0.05685	0.09337	0.01432	0.00392	0.00598	0.19986	0.00793	0.00728
3	0.12864	0.28991	0.02874	0.01478	0.02096	0.02494	0.01311	0.18848	0.02404	0.06379	0.05432	0.02482	0.07102	0.01010	0.00706	0.00231	0.00805	0.00734	0.00622	0.01136
4	0.10385	0.02113	0.02289	0.01810	0.02392	0.02360	0.01486	0.38181	0.08387	0.04422	0.01924	0.02025	0.01438	0.01020	0.01006	0.00259	0.08161	0.00723	0.00732	0.08889
5	0.42532	0.15705	0.10840	0.01571	0.05087	0.02159	0.01419	0.02517	0.01597	0.03181	0.01274	0.01497	0.01021	0.00768	0.00591	0.00238	0.00805	0.00500	0.00465	0.06231
6	0.02758	0.02064	0.02256	0.01761	0.02386	0.02183	0.01429	0.45635	0.03380	0.04596	0.02243	0.09294	0.01869	0.01136	0.00841	0.00244	0.00839	0.00902	0.00788	0.13396

[dist]
# distance from previous block
# <min> <max>
4	30

[block]
# block no. 10 follows, 21 sequences, length 12
# corresponding to MSA columns:
# 533-544
name=unknown_K
#
# <colnr> <probs for GDERKNQSTAVLIFYWHMCP>
#	G	D	E	R	K	N	Q	S	T	A	V	L	I	F	Y	W	H	M	C	P
0	0.02777	0.04102	0.08538	0.01732	0.04701	0.08967	0.01455	0.03176	0.02193	0.29849	0.07141	0.02779	0.04120	0.00999	0.00808	0.00233	0.00840	0.00801	0.00754	0.14035
1	0.02479	0.12640	0.02432	0.06063	0.02436	0.21641	0.01433	0.16308	0.04786	0.02967	0.06657	0.02843	0.06317	0.06146	0.01059	0.00282	0.01035	0.00823	0.00601	0.01053
2	0.01552	0.11541	0.02067	0.01438	0.01809	0.01476	0.05496	0.01856	0.01626	0.02257	0.02742	0.03783	0.07993	0.10524	0.18173	0.00592	0.03848	0.04460	0.05417	0.11349
3	0.02113	0.10171	0.04689	0.06163	0.04133	0.02236	0.48919	0.02752	0.01984	0.05791	0.01732	0.02216	0.01302	0.00742	0.00936	0.00273	0.01324	0.00922	0.00452	0.01147
4	0.02302	0.02664	0.09531	0.02069	0.06449	0.20308	0.01667	0.13262	0.04532	0.02889	0.03167	0.03260	0.15278	0.01239	0.01042	0.00266	0.07492	0.00921	0.00589	0.01073
5	0.01504	0.01129	0.01330	0.01324	0.01555	0.01132	0.00961	0.11913	0.05845	0.02841	0.04425	0.45635	0.10195	0.02171	0.01009	0.00313	0.00580	0.01919	0.00795	0.03422
6	0.01957	0.02534	0.15350	0.07117	0.23949	0.11210	0.04472	0.02508	0.02067	0.02756	0.14863	0.02880	0.02660	0.00998	0.00866	0.00258	0.01032	0.00877	0.00518	0.01129
7	0.01465	0.01167	0.01438	0.01318	0.01624	0.01102	0.00983	0.05869	0.01875	0.02643	0.07426	0.34395	0.06282	0.01817	0.01060	0.00273	0.05566	0.01565	0.00694	0.21436
8	0.03101	0.05776	0.02128	0.01637	0.02217	0.20896	0.01307	0.03391	0.02277	0.31206	0.02806	0.02668	0.06244	0.01016	0.00798	0.00232	0.00944	0.00771	0.00750	0.09837
9	0.01461	0.01425	0.01318	0.01357	0.04726	0.10502	0.00951	0.01807	0.04246	0.02569	0.18650	0.06343	0.37958	0.01774	0.00957	0.00272	0.00625	0.01477	0.00753	0.00830
10	0.02278	0.01635	0.01899	0.01446	0.02106	0.01457	0.01158	0.16268	0.02353	0.10611	0.02155	0.08442	0.01820	0.00966	0.00752	0.00193	0.00700	0.00790	0.00677	0.42294
11	0.02294	0.07671	0.23934	0.02258	0.03037	0.17849	0.10514	0.02865	0.01985	0.08413	0.01743	0.02060	0.01334	0.01480	0.08488	0.00381	0.01396	0.00705	0.00467	0.01125

[dist]
# distance from previous block
# <min> <max>
0	4

[block]
# block no. 11 follows, 21 sequences, length 12
# corresponding to MSA columns:
# 549-560
name=unknown_L
#
# <colnr> <probs for GDERKNQSTAVLIFYWHMCP>
#	G	D	E	R	K	N	Q	S	T	A	V	L	I	F	Y	W	H	M	C	P
0	0.01926	0.02049	0.04081	0.14390	0.11272	0.01985	0.38538	0.02558	0.01923	0.02644	0.01650	0.02213	0.01268	0.00735	0.00920	0.00265	0.01250	0.00881	0.00428	0.09020
1	0.02132	0.01699	0.01812	0.01584	0.01990	0.01911	0.01201	0.15426	0.36217	0.03466	0.02986	0.03522	0.02483	0.17762	0.01699	0.00411	0.00764	0.00989	0.00778	0.01167
2	0.01233	0.00907	0.01186	0.01276	0.01475	0.00860	0.01038	0.01575	0.02049	0.02710	0.21776	0.14182	0.15704	0.02179	0.01091	0.00336	0.00592	0.28234	0.00828	0.00769
3	0.20786	0.01544	0.01755	0.01422	0.01985	0.01547	0.01160	0.09601	0.05534	0.33240	0.10251	0.02884	0.02510	0.01077	0.00795	0.00264	0.00688	0.00841	0.00881	0.01236
4	0.02233	0.65711	0.08984	0.01528	0.02295	0.03265	0.01581	0.02559	0.01734	0.02053	0.01209	0.01397	0.01091	0.00734	0.00565	0.00188	0.00936	0.00468	0.00364	0.01104
5	0.01724	0.01597	0.02830	0.30065	0.15193	0.01722	0.13434	0.02252	0.01808	0.02519	0.01996	0.07929	0.01711	0.00977	0.00865	0.00273	0.01021	0.00947	0.10119	0.01016
6	0.01207	0.00830	0.00920	0.00920	0.00957	0.00811	0.00533	0.01235	0.01329	0.01735	0.03455	0.05910	0.11079	0.61249	0.03899	0.00755	0.00774	0.01310	0.00551	0.00542
7	0.02116	0.13178	0.04201	0.02845	0.03466	0.07782	0.34416	0.02609	0.01847	0.02413	0.01474	0.01993	0.01206	0.00897	0.01293	0.00283	0.15667	0.00824	0.00408	0.01079
8	0.01717	0.06212	0.40501	0.10667	0.03408	0.01773	0.02472	0.02442	0.01786	0.05780	0.02139	0.13314	0.01907	0.01136	0.00852	0.00280	0.01070	0.00951	0.00471	0.01124
9	0.03315	0.01337	0.01814	0.01429	0.01999	0.01165	0.01165	0.03658	0.02431	0.53436	0.15105	0.03563	0.03248	0.01186	0.00884	0.00264	0.00662	0.00987	0.01031	0.01324
10	0.01062	0.00787	0.00996	0.01133	0.01249	0.00721	0.00794	0.01257	0.01771	0.02319	0.10376	0.49328	0.17154	0.02474	0.01068	0.00330	0.00489	0.05179	0.00802	0.00711
11	0.37049	0.10852	0.02364	0.02270	0.17079	0.05292	0.01488	0.05438	0.01832	0.07269	0.01471	0.01690	0.01156	0.00806	0.00653	0.00248	0.00836	0.00576	0.00525	0.01108

[dist]
# distance from previous block
# <min> <max>
12	19

[block]
# block no. 12 follows, 21 sequences, length 23
# corresponding to MSA columns:
# 583-605
name=unknown_M
#
# <colnr> <probs for GDERKNQSTAVLIFYWHMCP>
#	G	D	E	R	K	N	Q	S	T	A	V	L	I	F	Y	W	H	M	C	P
0	0.02016	0.01555	0.01595	0.01407	0.01750	0.05739	0.01054	0.13617	0.13282	0.06918	0.10735	0.07474	0.10379	0.16719	0.01671	0.00396	0.00748	0.01188	0.00764	0.00994
1	0.54071	0.01846	0.01699	0.01571	0.05737	0.02091	0.01192	0.16799	0.02092	0.04126	0.01417	0.01585	0.01074	0.00844	0.00624	0.00261	0.00747	0.00552	0.00598	0.01074
2	0.01037	0.00741	0.00987	0.01185	0.01234	0.00691	0.00790	0.01185	0.01629	0.02172	0.04690	0.69537	0.05629	0.02666	0.01086	0.00346	0.00494	0.02419	0.00790	0.00691
3	0.01694	0.01206	0.01409	0.01272	0.01465	0.01301	0.00902	0.15324	0.01907	0.02586	0.02437	0.04220	0.02481	0.38827	0.18526	0.00824	0.01200	0.01050	0.00579	0.00789
4	0.69876	0.01581	0.01241	0.01115	0.01615	0.01817	0.00912	0.02427	0.01528	0.03784	0.06435	0.01796	0.01513	0.00869	0.00566	0.00264	0.00637	0.00550	0.00561	0.00912
5	0.02032	0.01965	0.03407	0.13838	0.53656	0.02010	0.05488	0.02557	0.01909	0.02694	0.01594	0.02138	0.01316	0.00769	0.00852	0.00259	0.01049	0.00770	0.00416	0.01282
6	0.01037	0.00741	0.00987	0.01185	0.01234	0.00691	0.00790	0.01185	0.01629	0.02172	0.04690	0.69537	0.05629	0.02666	0.01086	0.00346	0.00494	0.02419	0.00790	0.00691
7	0.02009	0.02296	0.05022	0.03587	0.04448	0.02152	0.61693	0.02726	0.02009	0.02726	0.01722	0.02296	0.01291	0.00717	0.01004	0.00287	0.01435	0.01004	0.00430	0.01148
8	0.02033	0.02292	0.04402	0.05918	0.04061	0.05716	0.46679	0.02634	0.01908	0.02563	0.01597	0.02185	0.01247	0.00852	0.01265	0.00296	0.11907	0.00929	0.00420	0.01097
9	0.01137	0.00853	0.01054	0.01034	0.01238	0.00770	0.00764	0.01464	0.02205	0.02999	0.43947	0.14206	0.21309	0.01948	0.01014	0.00282	0.00419	0.01704	0.00884	0.00770
10	0.01285	0.00935	0.01258	0.01403	0.01597	0.00907	0.01180	0.01639	0.01981	0.02589	0.11846	0.14059	0.11655	0.02286	0.01130	0.00363	0.00678	0.41633	0.00802	0.00771
11	0.01951	0.02101	0.04309	0.03781	0.18685	0.01999	0.42426	0.02570	0.01960	0.02693	0.01939	0.07840	0.01665	0.00889	0.00972	0.00284	0.01255	0.01063	0.00458	0.01158
12	0.02430	0.02071	0.02868	0.04849	0.02932	0.05541	0.18533	0.26389	0.02779	0.03786	0.02331	0.02584	0.04524	0.00970	0.00854	0.00255	0.01003	0.00876	0.13253	0.01171
13	0.01707	0.04402	0.65683	0.02426	0.03683	0.01976	0.03144	0.02695	0.01797	0.02695	0.01527	0.01797	0.01078	0.00809	0.00809	0.00270	0.01258	0.00629	0.00359	0.01258
14	0.02073	0.01988	0.03395	0.09360	0.60904	0.02013	0.02595	0.02583	0.01922	0.02740	0.01595	0.02117	0.01334	0.00764	0.00843	0.00255	0.01019	0.00758	0.00418	0.01321
15	0.01841	0.20008	0.51251	0.02197	0.03330	0.02304	0.02746	0.02660	0.01781	0.02532	0.01446	0.01695	0.01081	0.00790	0.00747	0.00249	0.01176	0.00588	0.00360	0.01219
16	0.02004	0.01693	0.02226	0.29310	0.03748	0.01981	0.01816	0.12608	0.21132	0.03165	0.02538	0.03334	0.02060	0.01141	0.00892	0.00293	0.00920	0.07355	0.00652	0.01133
17	0.02111	0.51506	0.22121	0.01736	0.02617	0.02966	0.01943	0.02591	0.01749	0.02202	0.01282	0.01490	0.01088	0.00751	0.00622	0.00207	0.01010	0.00505	0.00363	0.01140
18	0.01744	0.01578	0.07025	0.01697	0.02127	0.01423	0.04314	0.02744	0.19399	0.06652	0.04164	0.08333	0.09384	0.01717	0.01010	0.00328	0.00775	0.23783	0.00772	0.01032
19	0.01816	0.14909	0.30243	0.01937	0.02696	0.08133	0.02109	0.02391	0.01747	0.02329	0.01952	0.04935	0.03834	0.01904	0.12063	0.00444	0.04317	0.00760	0.00418	0.01061
20	0.01182	0.00834	0.00912	0.00912	0.00981	0.00799	0.00547	0.01234	0.01406	0.01806	0.04109	0.06199	0.17841	0.53760	0.03532	0.00696	0.00730	0.01372	0.00582	0.00564
21	0.01274	0.00956	0.01214	0.01354	0.01501	0.00968	0.01006	0.01812	0.10825	0.02464	0.04466	0.45939	0.05012	0.02370	0.01074	0.00348	0.00587	0.15220	0.00800	0.00810
22	0.01926	0.02299	0.13790	0.14610	0.42208	0.01947	0.02608	0.02518	0.01877	0.02659	0.01703	0.02412	0.01425	0.00852	0.00853	0.00267	0.01063	0.03320	0.00420	0.01243

[dist]
# distance from previous block
# <min> <max>
0	1

[block]
# block no. 13 follows, 21 sequences, length 6
# corresponding to MSA columns:
# 607-612
name=unknown_N
#
# <colnr> <probs for GDERKNQSTAVLIFYWHMCP>
#	G	D	E	R	K	N	Q	S	T	A	V	L	I	F	Y	W	H	M	C	P
0	0.01473	0.01103	0.01272	0.01260	0.01496	0.01091	0.00921	0.13455	0.02186	0.02848	0.05144	0.40493	0.19571	0.02206	0.01019	0.00313	0.00567	0.01929	0.00802	0.00851
1	0.01944	0.02459	0.11353	0.08651	0.04479	0.02112	0.50614	0.02678	0.01961	0.02678	0.01684	0.02240	0.01256	0.00738	0.00971	0.00285	0.01391	0.00944	0.00419	0.01143
2	0.13917	0.02000	0.04324	0.01576	0.02053	0.11265	0.01283	0.05505	0.19742	0.10078	0.03075	0.07235	0.06358	0.01228	0.00818	0.00273	0.00803	0.03302	0.04059	0.01108
3	0.51643	0.01691	0.01815	0.01647	0.04969	0.01960	0.05931	0.02429	0.01518	0.03395	0.01339	0.01670	0.01079	0.00892	0.00898	0.00276	0.10115	0.00579	0.05201	0.00953
4	0.02608	0.12362	0.02113	0.01392	0.01952	0.01547	0.01178	0.05255	0.04889	0.29153	0.03971	0.04117	0.14325	0.01295	0.00847	0.00257	0.00701	0.05444	0.00821	0.05774
5	0.17089	0.02267	0.05154	0.01702	0.02298	0.09024	0.01423	0.28514	0.02796	0.12594	0.02007	0.02247	0.01512	0.06432	0.01054	0.00300	0.00925	0.00727	0.00722	0.01214

[dist]
# distance from previous block
# <min> <max>
0	28

[block]
# block no. 14 follows, 21 sequences, length 28
# corresponding to MSA columns:
# 641-668
name=unknown_O
#
# <colnr> <probs for GDERKNQSTAVLIFYWHMCP>
#	G	D	E	R	K	N	Q	S	T	A	V	L	I	F	Y	W	H	M	C	P
0	0.11663	0.06238	0.02452	0.05986	0.02649	0.09837	0.01568	0.34664	0.06901	0.04149	0.01824	0.01946	0.01363	0.00980	0.00874	0.00257	0.04013	0.00698	0.00687	0.01250
1	0.01480	0.00906	0.01066	0.01039	0.01204	0.00961	0.00759	0.04395	0.01649	0.02606	0.02580	0.03677	0.02325	0.17130	0.20409	0.00669	0.01053	0.00920	0.34416	0.00754
2	0.01200	0.01052	0.01035	0.01043	0.01282	0.04868	0.00770	0.01429	0.01958	0.02393	0.14622	0.14301	0.40364	0.05935	0.01195	0.00322	0.00541	0.04184	0.00772	0.00735
3	0.02164	0.45714	0.03449	0.01485	0.02069	0.09353	0.01350	0.02626	0.06865	0.02388	0.12684	0.02422	0.02455	0.00959	0.00677	0.00210	0.00865	0.00699	0.00515	0.01050
4	0.01186	0.00869	0.01111	0.01051	0.01260	0.00795	0.00788	0.01569	0.02364	0.03307	0.59056	0.06531	0.13374	0.01779	0.01004	0.00270	0.00404	0.01563	0.00923	0.00795
5	0.01970	0.02165	0.08862	0.17209	0.40180	0.04920	0.02484	0.02511	0.01901	0.02603	0.01757	0.02584	0.01505	0.00893	0.00860	0.00268	0.01068	0.04626	0.00432	0.01204
6	0.01016	0.00863	0.00877	0.00873	0.01156	0.00723	0.00655	0.01242	0.01965	0.02358	0.11574	0.08093	0.61448	0.02133	0.01006	0.00286	0.00429	0.01782	0.00798	0.00723
7	0.01133	0.00803	0.01055	0.01214	0.01320	0.00759	0.00882	0.01360	0.01774	0.02389	0.09557	0.47730	0.08362	0.02438	0.01071	0.00339	0.00532	0.12609	0.03949	0.00723
8	0.03277	0.02317	0.02513	0.01926	0.02606	0.02540	0.01591	0.57819	0.03889	0.09648	0.02137	0.02104	0.01494	0.01024	0.00852	0.00256	0.00921	0.00773	0.00866	0.01447
9	0.01760	0.01556	0.02415	0.51556	0.07569	0.01857	0.02118	0.08353	0.01970	0.02581	0.02067	0.02645	0.05177	0.00952	0.00850	0.00276	0.01035	0.00824	0.03446	0.00995
10	0.01786	0.01435	0.01938	0.01868	0.06005	0.01727	0.01384	0.10456	0.01777	0.02578	0.01894	0.02731	0.01719	0.06697	0.23712	0.04934	0.19818	0.00834	0.05795	0.00912
11	0.01047	0.00745	0.00984	0.01171	0.01218	0.00698	0.00775	0.01188	0.01609	0.02145	0.04584	0.66142	0.05494	0.06244	0.01258	0.00371	0.00511	0.02357	0.00775	0.00682
12	0.01964	0.34357	0.37980	0.01987	0.03005	0.02606	0.02380	0.02629	0.01766	0.02382	0.01372	0.01601	0.01084	0.00772	0.00690	0.00230	0.01100	0.00550	0.00361	0.01183
13	0.20508	0.01494	0.01808	0.01423	0.02051	0.01403	0.01175	0.03767	0.02208	0.51161	0.02856	0.02547	0.01833	0.00992	0.00780	0.00263	0.00709	0.00765	0.00932	0.01327
14	0.02106	0.02022	0.03454	0.05223	0.64784	0.02022	0.02612	0.02612	0.01938	0.02780	0.01601	0.02106	0.01348	0.00758	0.00842	0.00253	0.01011	0.00758	0.00421	0.01348
15	0.01061	0.00758	0.01015	0.01212	0.01272	0.00712	0.00831	0.01226	0.01653	0.02199	0.04677	0.65257	0.05576	0.02644	0.01093	0.00349	0.00514	0.06463	0.00790	0.00698
16	0.01801	0.01498	0.01611	0.01454	0.01858	0.01634	0.01127	0.06930	0.36370	0.03396	0.15415	0.04675	0.15776	0.01451	0.00918	0.00283	0.00593	0.01220	0.00863	0.01130
17	0.01191	0.00869	0.01119	0.01057	0.01263	0.00797	0.00793	0.01580	0.02378	0.03338	0.60618	0.06479	0.11793	0.01767	0.01004	0.00269	0.00403	0.01556	0.00927	0.00797
18	0.01586	0.00793	0.00793	0.00793	0.00991	0.00793	0.00595	0.01983	0.01785	0.03173	0.02776	0.03173	0.02181	0.00991	0.00595	0.00198	0.00397	0.00793	0.74817	0.00793
19	0.01871	0.01788	0.02641	0.09837	0.17076	0.05286	0.08404	0.05533	0.01823	0.02466	0.02131	0.07215	0.04025	0.08900	0.04672	0.00402	0.13460	0.00979	0.00484	0.01008
20	0.01562	0.00798	0.00815	0.00811	0.01009	0.00794	0.00608	0.01959	0.01824	0.03188	0.06705	0.03376	0.02555	0.01039	0.00621	0.00203	0.00397	0.00841	0.70101	0.00794
21	0.03057	0.02053	0.02284	0.01802	0.02404	0.02206	0.01466	0.46360	0.03492	0.13647	0.02548	0.10211	0.02041	0.01222	0.00880	0.00267	0.00853	0.00976	0.00873	0.01357
22	0.01286	0.00923	0.01102	0.01077	0.01221	0.00876	0.00722	0.03765	0.01760	0.02404	0.16788	0.20116	0.07512	0.29320	0.02329	0.00501	0.00630	0.01535	0.00696	0.05438
23	0.15909	0.01495	0.05678	0.03659	0.01838	0.01418	0.01149	0.08013	0.02080	0.03137	0.16518	0.07258	0.20917	0.01528	0.01004	0.00282	0.05287	0.01217	0.00704	0.00908
24	0.12954	0.18152	0.06722	0.02958	0.21540	0.07676	0.09277	0.06374	0.01988	0.02843	0.01460	0.01787	0.01192	0.00780	0.00741	0.00240	0.01040	0.00652	0.00449	0.01174
25	0.02252	0.16728	0.02485	0.01860	0.04764	0.26644	0.01409	0.02580	0.04822	0.02195	0.02554	0.15389	0.06445	0.01327	0.00923	0.00254	0.04858	0.01021	0.00531	0.00961
26	0.01938	0.02184	0.14700	0.05028	0.06184	0.01746	0.05746	0.15628	0.06245	0.03224	0.03241	0.09460	0.10599	0.01321	0.00907	0.00279	0.00895	0.05202	0.00645	0.04826
27	0.15181	0.03523	0.45478	0.02361	0.08420	0.01910	0.02580	0.02599	0.01776	0.02941	0.04606	0.01976	0.01420	0.00847	0.00770	0.00267	0.01085	0.00655	0.00424	0.01182

[dist]
# distance from previous block
# <min> <max>
8	22

[block]
# block no. 15 follows, 21 sequences, length 35
# corresponding to MSA columns:
# 694-728
name=unknown_P
#
# <colnr> <probs for GDERKNQSTAVLIFYWHMCP>
#	G	D	E	R	K	N	Q	S	T	A	V	L	I	F	Y	W	H	M	C	P
0	0.39880	0.06519	0.22117	0.08939	0.02792	0.02013	0.01820	0.02530	0.01604	0.03173	0.01330	0.01611	0.01005	0.00799	0.00653	0.00263	0.00917	0.00547	0.00447	0.01041
1	0.01806	0.01656	0.02501	0.35003	0.04202	0.01895	0.07702	0.02899	0.20378	0.02660	0.02123	0.02526	0.01614	0.00993	0.00947	0.03019	0.00978	0.00826	0.00539	0.05731
2	0.01849	0.02975	0.30908	0.03452	0.28810	0.01909	0.02632	0.02665	0.05789	0.02747	0.01917	0.07049	0.01626	0.00948	0.00847	0.00269	0.01061	0.00837	0.00450	0.01259
3	0.11170	0.01725	0.02049	0.06284	0.08515	0.06519	0.05245	0.02861	0.19970	0.02901	0.05497	0.09414	0.02507	0.04149	0.07121	0.00401	0.00972	0.01014	0.00633	0.01053
4	0.02116	0.01801	0.01896	0.01690	0.02171	0.02060	0.01319	0.07913	0.55592	0.03592	0.03706	0.03426	0.06497	0.01210	0.00874	0.00286	0.00674	0.01003	0.00860	0.01313
5	0.01078	0.00865	0.00962	0.00938	0.01194	0.00749	0.00703	0.01361	0.02110	0.02704	0.28884	0.07523	0.43923	0.02004	0.01005	0.00280	0.00420	0.01703	0.00844	0.00749
6	0.01050	0.00868	0.00928	0.00952	0.01216	0.00745	0.00728	0.01287	0.01947	0.02365	0.10497	0.11167	0.53599	0.02180	0.01025	0.00299	0.00466	0.07159	0.00796	0.00727
7	0.01238	0.00825	0.00928	0.00928	0.00928	0.00825	0.00516	0.01238	0.01238	0.01650	0.02681	0.05569	0.03094	0.70092	0.04331	0.00825	0.00825	0.01238	0.00516	0.00516
8	0.03128	0.03209	0.02484	0.02094	0.02612	0.35371	0.01645	0.28600	0.03035	0.03497	0.01618	0.01773	0.01249	0.00974	0.00919	0.00244	0.05101	0.00653	0.00613	0.01182
