[name]
unknown

[dist]
# distance from previous block
# <min> <max>
7	22

[block]
# block no. 0 follows, 30 sequences, length 17
# corresponding to MSA columns:
# 23-39
name=unknown_A
#
# <colnr> <probs for GDERKNQSTAVLIFYWHMCP>
#	G	D	E	R	K	N	Q	S	T	A	V	L	I	F	Y	W	H	M	C	P
0	0.01800	0.05174	0.01579	0.01239	0.01616	0.08693	0.00985	0.17215	0.09784	0.06525	0.26215	0.03129	0.05313	0.01039	0.00715	0.00203	0.00599	0.00852	0.00655	0.06670
1	0.06648	0.05221	0.02190	0.01593	0.02144	0.01746	0.10254	0.32285	0.04375	0.14704	0.01827	0.04559	0.01367	0.00815	0.00682	0.00207	0.00741	0.00680	0.00621	0.07341
2	0.04382	0.01933	0.08563	0.01448	0.01974	0.13116	0.01247	0.10974	0.16690	0.20386	0.02144	0.02061	0.03209	0.00821	0.00667	0.00204	0.00743	0.00637	0.00614	0.08188
3	0.10235	0.01638	0.02220	0.01727	0.04810	0.01607	0.14998	0.24218	0.02077	0.03064	0.01395	0.01590	0.01063	0.00656	0.00638	0.00182	0.00750	0.00574	0.00495	0.26064
4	0.09399	0.05477	0.02100	0.01687	0.07071	0.01894	0.04471	0.41628	0.02509	0.03533	0.01523	0.01738	0.01175	0.04548	0.00795	0.00222	0.00742	0.00601	0.00571	0.08315
5	0.15093	0.26906	0.02373	0.01366	0.01868	0.13677	0.01169	0.18117	0.08772	0.02677	0.01342	0.01424	0.01066	0.00717	0.00560	0.00188	0.00781	0.00488	0.00466	0.00948
6	0.00870	0.00709	0.00769	0.00754	0.00970	0.00608	0.00566	0.01088	0.01697	0.02137	0.24624	0.06301	0.53127	0.01673	0.00824	0.00231	0.00347	0.01415	0.00681	0.00608
7	0.01003	0.00671	0.00765	0.00777	0.00779	0.00669	0.00439	0.01012	0.01038	0.01384	0.02319	0.09724	0.02689	0.70111	0.03357	0.00648	0.00657	0.01086	0.00439	0.00433
8	0.01998	0.10010	0.02366	0.02506	0.27247	0.16326	0.01542	0.11380	0.10853	0.02441	0.01794	0.01948	0.05026	0.00774	0.00663	0.00201	0.00837	0.00629	0.00455	0.01004
9	0.01977	0.01586	0.01826	0.01787	0.10164	0.01769	0.01265	0.15536	0.45854	0.06697	0.02438	0.02315	0.01812	0.00883	0.00705	0.00227	0.00627	0.00735	0.00672	0.01124
10	0.00845	0.00627	0.00789	0.00919	0.00998	0.00571	0.00625	0.00978	0.01386	0.01802	0.04484	0.61502	0.17721	0.02103	0.00878	0.00274	0.00395	0.01883	0.00648	0.00571
11	0.01015	0.00677	0.00761	0.00761	0.00761	0.00677	0.00423	0.01015	0.01015	0.01353	0.02199	0.04567	0.02537	0.75476	0.03552	0.00677	0.00677	0.01015	0.00423	0.00423
12	0.63537	0.01424	0.01213	0.01030	0.01491	0.01604	0.00848	0.11444	0.01519	0.05550	0.01141	0.01264	0.00860	0.00676	0.00482	0.00210	0.00573	0.00425	0.00483	0.04224
13	0.21954	0.18182	0.13376	0.01322	0.01856	0.08828	0.01260	0.05625	0.04369	0.07212	0.01373	0.01628	0.01108	0.04691	0.04308	0.00268	0.00826	0.00510	0.00425	0.00880
14	0.04887	0.04490	0.09294	0.01131	0.01546	0.01081	0.01010	0.02144	0.09340	0.18353	0.16366	0.07316	0.17817	0.01201	0.00736	0.00224	0.00531	0.01002	0.00663	0.00867
15	0.05750	0.01340	0.01739	0.01342	0.01838	0.01258	0.08171	0.13545	0.05471	0.08425	0.12353	0.05271	0.02166	0.00847	0.00665	0.00183	0.00607	0.00732	0.00574	0.27725
16	0.01895	0.11478	0.23627	0.01830	0.07765	0.03848	0.05035	0.04419	0.12513	0.14144	0.05279	0.01992	0.01552	0.00772	0.00668	0.00212	0.00800	0.00636	0.00502	0.01032

[dist]
# distance from previous block
# <min> <max>
3	7

[block]
# block no. 1 follows, 30 sequences, length 17
# corresponding to MSA columns:
# 47-63
name=unknown_B
#
# <colnr> <probs for GDERKNQSTAVLIFYWHMCP>
#	G	D	E	R	K	N	Q	S	T	A	V	L	I	F	Y	W	H	M	C	P
0	0.01929	0.01178	0.01441	0.01183	0.01539	0.01168	0.03080	0.17443	0.04750	0.19561	0.14234	0.03578	0.11220	0.13102	0.01201	0.00293	0.00590	0.00933	0.00689	0.00889
1	0.05325	0.11106	0.01891	0.03727	0.01858	0.03976	0.01080	0.17237	0.02055	0.27271	0.04872	0.05259	0.01719	0.03503	0.00757	0.00217	0.00663	0.00691	0.00642	0.06150
2	0.02710	0.01862	0.02037	0.01562	0.02118	0.02027	0.01290	0.60914	0.03126	0.12499	0.01805	0.01760	0.01252	0.00841	0.00699	0.00210	0.00747	0.00637	0.00718	0.01187
3	0.00840	0.00646	0.00770	0.00868	0.00985	0.00576	0.00602	0.00983	0.01435	0.01822	0.05105	0.48348	0.30475	0.02023	0.00865	0.00265	0.00385	0.01784	0.00648	0.00576
4	0.01015	0.00677	0.00761	0.00761	0.00761	0.00677	0.00423	0.01015	0.01015	0.01353	0.02199	0.04567	0.02537	0.75476	0.03552	0.00677	0.00677	0.01015	0.00423	0.00423
5	0.02653	0.01955	0.02094	0.01606	0.02164	0.02164	0.01326	0.68796	0.03281	0.04398	0.01675	0.01675	0.01187	0.00838	0.00698	0.00209	0.00768	0.00628	0.00698	0.01187
6	0.01982	0.60400	0.07843	0.01281	0.01899	0.02522	0.01283	0.07287	0.01604	0.06695	0.01165	0.01271	0.00974	0.00638	0.00498	0.00163	0.00756	0.00424	0.00368	0.00947
7	0.04898	0.29374	0.12574	0.01564	0.02168	0.14955	0.03644	0.18603	0.01983	0.02483	0.01217	0.01357	0.00966	0.00689	0.00584	0.00185	0.00891	0.00485	0.00413	0.00967
8	0.02607	0.03326	0.01978	0.01798	0.02157	0.72674	0.01348	0.02787	0.01978	0.01708	0.01079	0.01258	0.00899	0.00719	0.00629	0.00180	0.01258	0.00449	0.00360	0.00809
9	0.01447	0.01240	0.01447	0.01034	0.01654	0.00930	0.00827	0.01757	0.01447	0.02274	0.01240	0.01447	0.01034	0.00517	0.00517	0.00103	0.00517	0.00413	0.00413	0.79742
10	0.01014	0.00680	0.00780	0.00780	0.00787	0.00687	0.00447	0.01027	0.01020	0.01367	0.02181	0.04470	0.02495	0.71766	0.07204	0.00700	0.00740	0.01001	0.00420	0.00433
11	0.01475	0.01400	0.02376	0.47172	0.30207	0.01592	0.02016	0.01920	0.01470	0.01973	0.01268	0.01809	0.00997	0.00669	0.00695	0.00223	0.00891	0.00621	0.00324	0.00902
12	0.01391	0.01280	0.02093	0.69837	0.04661	0.01584	0.01904	0.05460	0.01499	0.01926	0.01264	0.01850	0.00944	0.00705	0.00698	0.00231	0.00921	0.00621	0.00331	0.00798
13	0.01724	0.01658	0.02812	0.04033	0.63383	0.01668	0.05247	0.02248	0.06042	0.02319	0.01417	0.01792	0.01170	0.00641	0.00698	0.00211	0.00828	0.00642	0.00370	0.01097
14	0.01693	0.04655	0.01897	0.01552	0.06820	0.08603	0.04737	0.04857	0.01580	0.04267	0.01399	0.05344	0.01225	0.00724	0.00739	0.00162	0.06969	0.00569	0.00424	0.41783
15	0.01930	0.01755	0.03778	0.05072	0.02232	0.12818	0.12128	0.09309	0.06453	0.10856	0.04338	0.04377	0.07416	0.00888	0.00765	0.00208	0.03545	0.00751	0.00526	0.10855
16	0.01692	0.13431	0.35952	0.01941	0.04574	0.09020	0.09731	0.06508	0.01652	0.02211	0.01329	0.03963	0.01065	0.00708	0.00653	0.00205	0.00970	0.00581	0.00352	0.03462

[dist]
# distance from previous block
# <min> <max>
38	145

[block]
# block no. 2 follows, 30 sequences, length 26
# corresponding to MSA columns:
# 244-269
name=unknown_C
#
# <colnr> <probs for GDERKNQSTAVLIFYWHMCP>
#	G	D	E	R	K	N	Q	S	T	A	V	L	I	F	Y	W	H	M	C	P
0	0.07264	0.06782	0.15736	0.02309	0.23349	0.09595	0.01649	0.02166	0.01644	0.07508	0.09024	0.02321	0.04167	0.00824	0.00672	0.00210	0.00799	0.02591	0.00444	0.00946
1	0.04413	0.06778	0.07468	0.08007	0.25449	0.01557	0.04422	0.07814	0.04892	0.04544	0.06779	0.04665	0.04481	0.00896	0.00708	0.00221	0.00748	0.04734	0.00471	0.00954
2	0.09942	0.07260	0.08275	0.08569	0.39327	0.03779	0.01827	0.02219	0.06306	0.02301	0.01397	0.01800	0.01155	0.00688	0.00650	0.00211	0.00806	0.02109	0.00377	0.01002
3	0.06537	0.01542	0.02494	0.18609	0.48903	0.01634	0.01955	0.02147	0.05325	0.02263	0.01361	0.01767	0.01104	0.00658	0.00677	0.00215	0.00817	0.00616	0.00364	0.01014
4	0.07810	0.01602	0.02636	0.09289	0.60676	0.01643	0.02018	0.02107	0.01543	0.02308	0.01281	0.01691	0.01065	0.00630	0.00671	0.00210	0.00814	0.00603	0.00349	0.01053
5	0.01727	0.01658	0.02832	0.04283	0.71123	0.01658	0.02142	0.02142	0.01589	0.02280	0.01313	0.01727	0.01105	0.00622	0.00691	0.00207	0.00829	0.00622	0.00345	0.01105
6	0.01318	0.01240	0.02093	0.73798	0.04806	0.01550	0.01938	0.01783	0.01395	0.01783	0.01240	0.01860	0.00930	0.00698	0.00698	0.00233	0.00930	0.00620	0.00310	0.00775
7	0.01727	0.01658	0.02832	0.04283	0.71123	0.01658	0.02142	0.02142	0.01589	0.02280	0.01313	0.01727	0.01105	0.00622	0.00691	0.00207	0.00829	0.00622	0.00345	0.01105
8	0.01318	0.01240	0.02093	0.73798	0.04806	0.01550	0.01938	0.01783	0.01395	0.01783	0.01240	0.01860	0.00930	0.00698	0.00698	0.00233	0.00930	0.00620	0.00310	0.00775
9	0.07601	0.68120	0.03411	0.01194	0.01771	0.04943	0.01167	0.02109	0.01419	0.01752	0.00974	0.01125	0.00885	0.00605	0.00452	0.00155	0.00748	0.00376	0.00310	0.00883
10	0.01495	0.18332	0.57969	0.01827	0.02770	0.01853	0.02296	0.02185	0.01462	0.02094	0.01195	0.01401	0.00886	0.00650	0.00619	0.00206	0.00973	0.00487	0.00295	0.01004
11	0.00896	0.00687	0.00821	0.00836	0.00998	0.00612	0.00608	0.01121	0.01686	0.02226	0.31784	0.21709	0.30042	0.01727	0.00839	0.00240	0.00356	0.01505	0.00696	0.00612
12	0.01400	0.03610	0.71860	0.01989	0.03020	0.01621	0.02578	0.02210	0.01473	0.02210	0.01252	0.01473	0.00884	0.00663	0.00663	0.00221	0.01031	0.00516	0.00295	0.01031
13	0.02024	0.01659	0.05282	0.27194	0.16225	0.07682	0.01681	0.07354	0.04067	0.17501	0.01660	0.01890	0.01194	0.00739	0.00690	0.00217	0.00845	0.00625	0.00485	0.00985
14	0.01433	0.10043	0.60891	0.01900	0.02848	0.01691	0.04269	0.02164	0.01493	0.02182	0.03977	0.01600	0.01115	0.00685	0.00654	0.00215	0.00982	0.00541	0.00315	0.01002
15	0.01036	0.00722	0.01083	0.01083	0.01185	0.00824	0.00824	0.01185	0.01083	0.01546	0.01750	0.02629	0.01648	0.04725	0.60046	0.15341	0.01641	0.00722	0.00361	0.00565
16	0.01409	0.08515	0.63131	0.01871	0.02824	0.01647	0.02374	0.02152	0.01497	0.02203	0.05103	0.01657	0.01202	0.00701	0.00657	0.00216	0.00972	0.00547	0.00321	0.01001
17	0.02310	0.02038	0.24888	0.01510	0.02184	0.01332	0.01548	0.05549	0.09251	0.36037	0.04643	0.02174	0.01643	0.00825	0.00694	0.00220	0.00732	0.00667	0.00648	0.01108
18	0.01631	0.01574	0.02724	0.19928	0.53065	0.01639	0.05123	0.02065	0.01548	0.02166	0.01301	0.01764	0.01064	0.00637	0.00698	0.00214	0.00868	0.00631	0.00338	0.01023
19	0.01593	0.01548	0.02686	0.24207	0.43509	0.01657	0.07218	0.02024	0.01514	0.02105	0.01281	0.01769	0.01042	0.00668	0.00776	0.00221	0.04229	0.00636	0.00334	0.00981
20	0.00998	0.00743	0.01096	0.01096	0.01212	0.00859	0.00841	0.01230	0.01114	0.01601	0.01892	0.02869	0.01800	0.10157	0.67863	0.01090	0.01786	0.00766	0.00377	0.00609
21	0.74400	0.01337	0.01072	0.00943	0.01383	0.01524	0.00777	0.02156	0.01251	0.08452	0.01110	0.01230	0.00831	0.00665	0.00453	0.00216	0.00544	0.00403	0.00465	0.00789
22	0.01511	0.01306	0.07056	0.01222	0.01585	0.01170	0.01041	0.09760	0.16207	0.06908	0.25286	0.07997	0.06021	0.01219	0.00767	0.00229	0.00534	0.05580	0.00681	0.03920
23	0.01496	0.01092	0.01267	0.01247	0.05557	0.06421	0.00898	0.03740	0.01932	0.11461	0.40305	0.04382	0.08274	0.01260	0.00782	0.00219	0.00507	0.05466	0.00696	0.02997
24	0.01823	0.14932	0.38797	0.01599	0.02395	0.01607	0.01842	0.02374	0.01593	0.16581	0.04450	0.01758	0.01311	0.00718	0.00633	0.00201	0.00833	0.00556	0.00441	0.05557
25	0.10365	0.01599	0.12727	0.06918	0.14685	0.03338	0.01459	0.03997	0.01682	0.04809	0.17684	0.03360	0.02736	0.01036	0.00728	0.00232	0.00695	0.10581	0.00516	0.00855

[dist]
# distance from previous block
# <min> <max>
1	15

[block]
# block no. 3 follows, 30 sequences, length 12
# corresponding to MSA columns:
# 285-296
name=unknown_D
#
# <colnr> <probs for GDERKNQSTAVLIFYWHMCP>
#	G	D	E	R	K	N	Q	S	T	A	V	L	I	F	Y	W	H	M	C	P
0	0.05773	0.01235	0.01583	0.01872	0.18828	0.04519	0.01154	0.02047	0.09945	0.07037	0.29819	0.03559	0.05783	0.01081	0.00742	0.00220	0.00563	0.02756	0.00616	0.00868
1	0.05171	0.00741	0.00931	0.00885	0.01057	0.00701	0.00663	0.01336	0.01897	0.02757	0.63217	0.09019	0.06163	0.01429	0.00806	0.00223	0.00345	0.01257	0.00743	0.00658
2	0.80405	0.01350	0.01026	0.00918	0.01350	0.01565	0.00756	0.02051	0.01188	0.03131	0.00972	0.01134	0.00756	0.00648	0.00432	0.00216	0.00540	0.00378	0.00432	0.00756
3	0.07402	0.03041	0.42457	0.02208	0.10023	0.12738	0.08071	0.02284	0.01559	0.02208	0.01225	0.01478	0.00916	0.00660	0.00658	0.00214	0.01022	0.00534	0.00325	0.00976
4	0.01727	0.01658	0.02832	0.04283	0.71123	0.01658	0.02142	0.02142	0.01589	0.02280	0.01313	0.01727	0.01105	0.00622	0.00691	0.00207	0.00829	0.00622	0.00345	0.01105
5	0.01318	0.01240	0.02093	0.73798	0.04806	0.01550	0.01938	0.01783	0.01395	0.01783	0.01240	0.01860	0.00930	0.00698	0.00698	0.00233	0.00930	0.00620	0.00310	0.00775
6	0.01727	0.01658	0.02832	0.04283	0.71123	0.01658	0.02142	0.02142	0.01589	0.02280	0.01313	0.01727	0.01105	0.00622	0.00691	0.00207	0.00829	0.00622	0.00345	0.01105
7	0.01872	0.01623	0.07229	0.02679	0.32742	0.01504	0.01641	0.08148	0.11456	0.11490	0.05980	0.04975	0.01858	0.00864	0.00717	0.00221	0.00719	0.02691	0.00535	0.01058
8	0.01641	0.00922	0.01268	0.08024	0.01714	0.00872	0.00984	0.01921	0.01695	0.21650	0.12594	0.15963	0.07249	0.01412	0.00805	0.00248	0.00552	0.15483	0.00681	0.04321
9	0.01738	0.58161	0.12196	0.01317	0.01911	0.02464	0.01363	0.02039	0.01435	0.01780	0.04780	0.01410	0.01203	0.00687	0.00604	0.00171	0.05071	0.00454	0.00324	0.00892
10	0.02233	0.19688	0.10736	0.01855	0.07202	0.39806	0.01516	0.05635	0.01824	0.01921	0.01120	0.01306	0.00925	0.00683	0.00600	0.00181	0.01060	0.00461	0.00353	0.00895
11	0.07157	0.04479	0.03441	0.01021	0.01516	0.01007	0.00848	0.01744	0.01579	0.05180	0.17834	0.02504	0.04580	0.00803	0.00601	0.00153	0.00497	0.00657	0.00515	0.43884

[dist]
# distance from previous block
# <min> <max>
3	7

[block]
# block no. 4 follows, 30 sequences, length 51
# corresponding to MSA columns:
# 304-354
name=unknown_E
#
# <colnr> <probs for GDERKNQSTAVLIFYWHMCP>
#	G	D	E	R	K	N	Q	S	T	A	V	L	I	F	Y	W	H	M	C	P
0	0.01055	0.00794	0.01107	0.01284	0.04302	0.00798	0.00972	0.01301	0.01516	0.02017	0.08225	0.29977	0.06360	0.01890	0.00968	0.00293	0.03581	0.32293	0.00626	0.00641
1	0.01207	0.03544	0.04214	0.03980	0.01365	0.00838	0.00841	0.01555	0.01911	0.07737	0.57409	0.04559	0.05546	0.01293	0.00789	0.00217	0.00419	0.01131	0.00719	0.00727
2	0.05746	0.01747	0.01961	0.01673	0.07300	0.01854	0.01267	0.44682	0.06950	0.05964	0.01662	0.01704	0.01216	0.00773	0.00660	0.00196	0.00706	0.00598	0.00624	0.12719
3	0.05204	0.02068	0.10863	0.05644	0.37783	0.11811	0.01850	0.02308	0.06330	0.02252	0.01355	0.01649	0.01093	0.00660	0.00657	0.00201	0.00866	0.00571	0.00374	0.06464
4	0.01432	0.08637	0.67116	0.01934	0.02935	0.01700	0.02482	0.02202	0.01469	0.02170	0.01233	0.01449	0.00885	0.00658	0.00648	0.00216	0.01011	0.00506	0.00295	0.01022
5	0.80405	0.01350	0.01026	0.00918	0.01350	0.01565	0.00756	0.02051	0.01188	0.03131	0.00972	0.01134	0.00756	0.00648	0.00432	0.00216	0.00540	0.00378	0.00432	0.00756
6	0.01014	0.00682	0.00787	0.00787	0.00796	0.00691	0.00455	0.01032	0.01023	0.01372	0.02175	0.04434	0.02480	0.70389	0.08560	0.00709	0.00763	0.00995	0.00419	0.00437
7	0.01866	0.75896	0.03657	0.01194	0.01791	0.02761	0.01194	0.02090	0.01418	0.01642	0.00970	0.01119	0.00896	0.00597	0.00448	0.00149	0.00746	0.00373	0.00299	0.00896
8	0.01866	0.75896	0.03657	0.01194	0.01791	0.02761	0.01194	0.02090	0.01418	0.01642	0.00970	0.01119	0.00896	0.00597	0.00448	0.00149	0.00746	0.00373	0.00299	0.00896
9	0.01438	0.09535	0.66269	0.01924	0.02919	0.01714	0.02465	0.02200	0.01469	0.02163	0.01229	0.01444	0.00885	0.00658	0.00645	0.00215	0.01008	0.00504	0.00295	0.01020
10	0.08292	0.08367	0.07154	0.01553	0.02133	0.04428	0.01363	0.51208	0.02794	0.03824	0.01513	0.01560	0.01099	0.00787	0.00652	0.00205	0.00784	0.00574	0.00604	0.01106
11	0.01727	0.01658	0.02832	0.04283	0.71123	0.01658	0.02142	0.02142	0.01589	0.02280	0.01313	0.01727	0.01105	0.00622	0.00691	0.00207	0.00829	0.00622	0.00345	0.01105
12	0.00850	0.00607	0.00810	0.00972	0.01012	0.00567	0.00648	0.00972	0.01336	0.01781	0.03846	0.75020	0.04615	0.02186	0.00891	0.00283	0.00405	0.01984	0.00648	0.00567
13	0.00863	0.00616	0.00824	0.00986	0.01032	0.00577	0.00669	0.00993	0.01348	0.01795	0.03839	0.71996	0.04588	0.02175	0.00894	0.00285	0.00416	0.04886	0.00648	0.00570
14	0.01318	0.01240	0.02093	0.73798	0.04806	0.01550	0.01938	0.01783	0.01395	0.01783	0.01240	0.01860	0.00930	0.00698	0.00698	0.00233	0.00930	0.00620	0.00310	0.00775
15	0.01736	0.01499	0.01578	0.01420	0.01815	0.01736	0.01105	0.03708	0.69862	0.02919	0.02840	0.02604	0.02130	0.00947	0.00710	0.00237	0.00552	0.00789	0.00710	0.01105
16	0.00958	0.00712	0.00891	0.00847	0.01024	0.00646	0.00635	0.01259	0.01905	0.02631	0.59106	0.05488	0.18337	0.01489	0.00823	0.00222	0.00334	0.01301	0.00746	0.00646
17	0.01015	0.00677	0.00761	0.00761	0.00761	0.00677	0.00423	0.01015	0.01015	0.01353	0.02199	0.04567	0.02537	0.75476	0.03552	0.00677	0.00677	0.01015	0.00423	0.00423
18	0.00976	0.00713	0.00917	0.00866	0.01036	0.00654	0.00650	0.01295	0.01949	0.02735	0.66339	0.05317	0.11039	0.01450	0.00823	0.00221	0.00331	0.01277	0.00760	0.00654
19	0.80405	0.01350	0.01026	0.00918	0.01350	0.01565	0.00756	0.02051	0.01188	0.03131	0.00972	0.01134	0.00756	0.00648	0.00432	0.00216	0.00540	0.00378	0.00432	0.00756
20	0.02607	0.03326	0.01978	0.01798	0.02157	0.72674	0.01348	0.02787	0.01978	0.01708	0.01079	0.01258	0.00899	0.00719	0.00629	0.00180	0.01258	0.00449	0.00360	0.00809
21	0.00850	0.00607	0.00810	0.00972	0.01012	0.00567	0.00648	0.00972	0.01336	0.01781	0.03846	0.75020	0.04615	0.02186	0.00891	0.00283	0.00405	0.01984	0.00648	0.00567
22	0.01447	0.01240	0.01447	0.01034	0.01654	0.00930	0.00827	0.01757	0.01447	0.02274	0.01240	0.01447	0.01034	0.00517	0.00517	0.00103	0.00517	0.00413	0.00413	0.79742
23	0.00854	0.00623	0.00804	0.00938	0.01006	0.00573	0.00635	0.00991	0.01393	0.01839	0.07261	0.64275	0.12030	0.02105	0.00880	0.00275	0.00396	0.01894	0.00653	0.00573
24	0.01767	0.01734	0.02793	0.04170	0.67970	0.04904	0.02105	0.02171	0.01607	0.02254	0.01302	0.01706	0.01096	0.00626	0.00688	0.00206	0.00849	0.00614	0.00346	0.01092
25	0.01044	0.00735	0.00898	0.00857	0.01051	0.00662	0.00647	0.01310	0.01804	0.05532	0.42981	0.05611	0.24885	0.04918	0.00949	0.00249	0.00378	0.04123	0.00716	0.00650
26	0.01727	0.01658	0.02832	0.04283	0.71123	0.01658	0.02142	0.02142	0.01589	0.02280	0.01313	0.01727	0.01105	0.00622	0.00691	0.00207	0.00829	0.00622	0.00345	0.01105
27	0.01727	0.01658	0.02832	0.04283	0.71123	0.01658	0.02142	0.02142	0.01589	0.02280	0.01313	0.01727	0.01105	0.00622	0.00691	0.00207	0.00829	0.00622	0.00345	0.01105
28	0.01727	0.01658	0.02832	0.04283	0.71123	0.01658	0.02142	0.02142	0.01589	0.02280	0.01313	0.01727	0.01105	0.00622	0.00691	0.00207	0.00829	0.00622	0.00345	0.01105
29	0.01886	0.01149	0.04523	0.01151	0.01527	0.01016	0.00949	0.02488	0.14009	0.27206	0.23461	0.07794	0.07499	0.01171	0.00756	0.00226	0.00501	0.00999	0.00756	0.00934
30	0.00845	0.00626	0.00790	0.00922	0.00999	0.00571	0.00626	0.00977	0.01384	0.01801	0.04449	0.62237	0.17009	0.02108	0.00878	0.00274	0.00395	0.01888	0.00648	0.00571
31	0.01091	0.00788	0.00971	0.01027	0.01180	0.00767	0.00755	0.03848	0.06956	0.04184	0.09443	0.42031	0.13701	0.01851	0.00857	0.00267	0.00447	0.08497	0.00670	0.00669
32	0.01693	0.01624	0.02772	0.10004	0.65665	0.01649	0.02125	0.02112	0.01573	0.02239	0.01307	0.01738	0.01091	0.00628	0.00691	0.00209	0.00837	0.00622	0.00343	0.01078
33	0.01479	0.03499	0.68640	0.01955	0.02963	0.01593	0.02507	0.02265	0.01497	0.05391	0.01321	0.01515	0.00923	0.00672	0.00665	0.00221	0.01011	0.00524	0.00321	0.01038
34	0.01015	0.00677	0.00761	0.00761	0.00761	0.00677	0.00423	0.01015	0.01015	0.01353	0.02199	0.04567	0.02537	0.75476	0.03552	0.00677	0.00677	0.01015	0.00423	0.00423
35	0.16928	0.05185	0.02016	0.01832	0.12346	0.04518	0.01305	0.37993	0.02432	0.03513	0.01658	0.01750	0.03951	0.00793	0.00638	0.00208	0.00734	0.00597	0.00562	0.01042
36	0.01816	0.01684	0.02804	0.05851	0.37384	0.01704	0.15581	0.14539	0.01923	0.02653	0.03906	0.02024	0.03415	0.00720	0.00728	0.00216	0.00862	0.00712	0.00435	0.01044
37	0.01015	0.00677	0.00761	0.00761	0.00761	0.00677	0.00423	0.01015	0.01015	0.01353	0.02199	0.04567	0.02537	0.75476	0.03552	0.00677	0.00677	0.01015	0.00423	0.00423
38	0.80405	0.01350	0.01026	0.00918	0.01350	0.01565	0.00756	0.02051	0.01188	0.03131	0.00972	0.01134	0.00756	0.00648	0.00432	0.00216	0.00540	0.00378	0.00432	0.00756
39	0.01397	0.03454	0.67359	0.02029	0.05192	0.01592	0.02503	0.02180	0.01493	0.02231	0.03446	0.01600	0.01071	0.00686	0.00669	0.00220	0.01003	0.00543	0.00311	0.01022
40	0.00926	0.00711	0.00847	0.00813	0.01004	0.00632	0.00610	0.01197	0.01829	0.02451	0.46519	0.05785	0.31037	0.01556	0.00824	0.00226	0.00338	0.01342	0.00722	0.00632
41	0.01495	0.16997	0.56899	0.01873	0.02813	0.01838	0.04537	0.02188	0.01469	0.02105	0.01205	0.01421	0.00892	0.00648	0.00628	0.00208	0.00983	0.00499	0.00297	0.01003
42	0.02653	0.01955	0.02094	0.01606	0.02164	0.02164	0.01326	0.68796	0.03281	0.04398	0.01675	0.01675	0.01187	0.00838	0.00698	0.00209	0.00768	0.00628	0.00698	0.01187
43	0.00988	0.00713	0.00933	0.00878	0.01043	0.00658	0.00658	0.01317	0.01975	0.02798	0.70754	0.05213	0.06584	0.01427	0.00823	0.00219	0.00329	0.01262	0.00768	0.00658
44	0.01318	0.01240	0.02093	0.73798	0.04806	0.01550	0.01938	0.01783	0.01395	0.01783	0.01240	0.01860	0.00930	0.00698	0.00698	0.00233	0.00930	0.00620	0.00310	0.00775
45	0.00825	0.00707	0.00707	0.00707	0.00943	0.00589	0.00530	0.01001	0.01591	0.01885	0.07069	0.06716	0.70839	0.01767	0.00825	0.00236	0.00353	0.01473	0.00648	0.00589
46	0.01318	0.01240	0.02093	0.73798	0.04806	0.01550	0.01938	0.01783	0.01395	0.01783	0.01240	0.01860	0.00930	0.00698	0.00698	0.00233	0.00930	0.00620	0.00310	0.00775
47	0.02653	0.01955	0.02094	0.01606	0.02164	0.02164	0.01326	0.68796	0.03281	0.04398	0.01675	0.01675	0.01187	0.00838	0.00698	0.00209	0.00768	0.00628	0.00698	0.01187
48	0.00947	0.00712	0.00876	0.00835	0.01017	0.00641	0.00626	0.01237	0.01878	0.02568	0.54702	0.05592	0.22781	0.01512	0.00823	0.00224	0.00335	0.01315	0.00738	0.00641
49	0.01447	0.01240	0.01447	0.01034	0.01654	0.00930	0.00827	0.01757	0.01447	0.02274	0.01240	0.01447	0.01034	0.00517	0.00517	0.00103	0.00517	0.00413	0.00413	0.79742
50	0.00885	0.00704	0.00798	0.00838	0.01008	0.00631	0.00604	0.01126	0.04012	0.01996	0.13368	0.28292	0.39581	0.01832	0.00842	0.00249	0.00374	0.01587	0.00664	0.00609

[dist]
# distance from previous block
# <min> <max>
0	2

[block]
# block no. 5 follows, 30 sequences, length 67
# corresponding to MSA columns:
# 357-423
name=unknown_F
#
# <colnr> <probs for GDERKNQSTAVLIFYWHMCP>
#	G	D	E	R	K	N	Q	S	T	A	V	L	I	F	Y	W	H	M	C	P
0	0.01587	0.01157	0.04325	0.01364	0.03974	0.02921	0.06351	0.04326	0.01779	0.16171	0.17373	0.17380	0.10249	0.01366	0.00802	0.00240	0.00580	0.06578	0.00661	0.00816
1	0.01918	0.65932	0.06309	0.01285	0.01877	0.09440	0.01266	0.02162	0.01474	0.01672	0.00992	0.01147	0.00895	0.00611	0.00474	0.00155	0.00807	0.00386	0.00304	0.00893
2	0.06159	0.04393	0.01873	0.01475	0.01958	0.01969	0.01196	0.34774	0.31996	0.03593	0.02120	0.02031	0.01564	0.00867	0.00681	0.00219	0.00662	0.00676	0.00675	0.01119
3	0.01942	0.01586	0.02646	0.03817	0.60492	0.01561	0.01971	0.02335	0.01652	0.12908	0.01533	0.01826	0.01201	0.00659	0.00693	0.00209	0.00793	0.00634	0.00425	0.01118
4	0.01580	0.01379	0.02034	0.13654	0.30263	0.01462	0.01565	0.02327	0.17862	0.05115	0.02484	0.06237	0.09172	0.00926	0.00722	0.00226	0.00695	0.00827	0.00497	0.00974
5	0.01492	0.01280	0.01467	0.01093	0.01679	0.01055	0.00870	0.02058	0.12015	0.02374	0.01487	0.01626	0.01203	0.00583	0.00547	0.00124	0.00522	0.00471	0.00459	0.67595
6	0.01338	0.01261	0.02130	0.70353	0.08093	0.01556	0.01948	0.01801	0.01405	0.01808	0.01244	0.01854	0.00939	0.00694	0.00697	0.00231	0.00925	0.00620	0.00312	0.00792
7	0.01727	0.01658	0.02832	0.04283	0.71123	0.01658	0.02142	0.02142	0.01589	0.02280	0.01313	0.01727	0.01105	0.00622	0.00691	0.00207	0.00829	0.00622	0.00345	0.01105
8	0.57474	0.01259	0.01138	0.00980	0.01410	0.01373	0.00802	0.02260	0.01424	0.17062	0.07640	0.01755	0.01480	0.00762	0.00522	0.00216	0.00532	0.00524	0.00550	0.00835
9	0.03057	0.01222	0.01743	0.01326	0.01874	0.01062	0.04375	0.03343	0.01980	0.68167	0.02687	0.02351	0.01694	0.00850	0.00708	0.00217	0.00623	0.00708	0.00838	0.01175
10	0.00974	0.00732	0.00798	0.00768	0.01005	0.00625	0.00581	0.01185	0.01687	0.05592	0.19452	0.06199	0.54630	0.01654	0.00818	0.00231	0.00361	0.01392	0.00683	0.00633
11	0.00913	0.00705	0.00848	0.00937	0.01098	0.00641	0.00723	0.01113	0.01523	0.01911	0.05253	0.26239	0.34196	0.01928	0.00881	0.00272	0.00446	0.19129	0.00646	0.00597
12	0.01668	0.01371	0.01999	0.02338	0.24239	0.01432	0.04712	0.11217	0.09392	0.05882	0.02292	0.22164	0.02223	0.01161	0.00836	0.00239	0.04315	0.01032	0.00542	0.00946
13	0.08345	0.01798	0.02675	0.03701	0.55244	0.08177	0.05641	0.02199	0.01594	0.02296	0.01268	0.01643	0.01055	0.00631	0.00671	0.00207	0.00864	0.00597	0.00354	0.01040
14	0.01650	0.01813	0.06676	0.03407	0.34610	0.01698	0.29193	0.02138	0.01581	0.02222	0.01403	0.01956	0.01155	0.00680	0.00833	0.00228	0.04686	0.02715	0.00353	0.01003
15	0.00855	0.00672	0.00746	0.00797	0.00944	0.00592	0.00555	0.00994	0.01443	0.01790	0.05479	0.28168	0.41855	0.10473	0.01163	0.00302	0.00407	0.01582	0.00622	0.00563
16	0.02455	0.09339	0.02133	0.01749	0.02100	0.60952	0.01350	0.02637	0.01855	0.01700	0.01056	0.01269	0.00900	0.00750	0.00750	0.00187	0.07199	0.00456	0.00350	0.00813
17	0.04322	0.29773	0.38254	0.01719	0.05231	0.02008	0.01916	0.02217	0.01474	0.05462	0.01216	0.01387	0.00935	0.00647	0.00580	0.00194	0.00881	0.00472	0.00331	0.00983
18	0.02391	0.01892	0.02128	0.02398	0.24353	0.17864	0.01492	0.08265	0.01918	0.22838	0.01781	0.04046	0.01350	0.00802	0.00740	0.00209	0.03304	0.00648	0.00540	0.01040
19	0.06637	0.01140	0.01478	0.01168	0.01640	0.01028	0.00954	0.05375	0.01986	0.53463	0.12382	0.02841	0.04794	0.00963	0.00709	0.00217	0.00552	0.00789	0.00815	0.01070
20	0.01957	0.59778	0.07846	0.01309	0.01929	0.02595	0.01304	0.12401	0.01709	0.02104	0.01097	0.01228	0.00940	0.00638	0.00500	0.00163	0.00768	0.00422	0.00360	0.00949
21	0.02520	0.01933	0.02018	0.04178	0.02198	0.05553	0.01312	0.58329	0.05550	0.04052	0.01695	0.01729	0.01220	0.00830	0.00688	0.00208	0.00774	0.00626	0.03456	0.01131
22	0.01066	0.00771	0.00987	0.00912	0.01095	0.00729	0.00690	0.04478	0.02036	0.02873	0.67519	0.05047	0.06332	0.01399	0.00817	0.00219	0.00350	0.01232	0.00765	0.00683
23	0.01902	0.02152	0.02082	0.01820	0.01945	0.26652	0.01465	0.02064	0.01385	0.01689	0.00973	0.01433	0.00910	0.01047	0.01713	0.00262	0.48848	0.00555	0.00324	0.00779
24	0.08970	0.01200	0.01575	0.01217	0.01749	0.01066	0.01005	0.03299	0.01936	0.66431	0.02618	0.02281	0.01654	0.00847	0.00681	0.00216	0.00590	0.00677	0.00831	0.01155
25	0.00997	0.00748	0.01121	0.01121	0.01246	0.00872	0.00872	0.01246	0.01121	0.01620	0.01869	0.02741	0.01745	0.05234	0.72710	0.01121	0.01869	0.00748	0.00374	0.00623
26	0.00900	0.00710	0.00811	0.00786	0.00989	0.00621	0.00589	0.01147	0.01768	0.02306	0.36393	0.06024	0.41253	0.01610	0.00824	0.00228	0.00342	0.01376	0.00703	0.00621
27	0.00988	0.00713	0.00933	0.00878	0.01043	0.00658	0.00658	0.01317	0.01975	0.02798	0.70754	0.05213	0.06584	0.01427	0.00823	0.00219	0.00329	0.01262	0.00768	0.00658
28	0.01015	0.00677	0.00761	0.00761	0.00761	0.00677	0.00423	0.01015	0.01015	0.01353	0.02199	0.04567	0.02537	0.75476	0.03552	0.00677	0.00677	0.01015	0.00423	0.00423
29	0.01660	0.01942	0.13464	0.06797	0.57867	0.01648	0.02201	0.02137	0.01563	0.02249	0.01300	0.01693	0.01064	0.00631	0.00687	0.00210	0.00864	0.00605	0.00336	0.01080
30	0.01970	0.01728	0.05189	0.01499	0.01970	0.01847	0.01238	0.21444	0.48267	0.03289	0.02443	0.02294	0.01811	0.00903	0.00704	0.00228	0.00635	0.00731	0.00686	0.01123
31	0.01423	0.07178	0.68493	0.01950	0.02960	0.01677	0.02510	0.02204	0.01471	0.02182	0.01238	0.01456	0.00885	0.00660	0.00652	0.00217	0.01017	0.00509	0.00295	0.01025
32	0.01499	0.02931	0.45496	0.02405	0.05587	0.01673	0.25937	0.02217	0.01539	0.02221	0.01311	0.01627	0.00954	0.00635	0.00721	0.00226	0.01076	0.00628	0.00317	0.01002
33	0.02701	0.01878	0.02047	0.01569	0.02126	0.02050	0.01296	0.62247	0.03152	0.11128	0.01783	0.01745	0.01241	0.00840	0.00698	0.00210	0.00750	0.00636	0.00715	0.01187
34	0.03062	0.01203	0.01617	0.01250	0.01783	0.01061	0.01030	0.03416	0.05366	0.68197	0.02757	0.02387	0.01747	0.00868	0.00702	0.00217	0.00592	0.00706	0.00856	0.01183
35	0.01589	0.02394	0.27040	0.02554	0.06606	0.01642	0.38001	0.02217	0.01586	0.04577	0.01484	0.04344	0.01150	0.00682	0.00760	0.00230	0.01062	0.00745	0.00360	0.00975
36	0.03021	0.01209	0.01616	0.01249	0.01775	0.01072	0.01028	0.05548	0.03799	0.65710	0.04555	0.02434	0.01851	0.00880	0.00705	0.00216	0.00591	0.00717	0.00852	0.01171
37	0.02676	0.01917	0.02071	0.01588	0.02145	0.02108	0.01311	0.65550	0.03217	0.07734	0.01729	0.01710	0.01214	0.00839	0.00698	0.00210	0.00759	0.00632	0.00706	0.01187
38	0.00850	0.00607	0.00810	0.00972	0.01012	0.00567	0.00648	0.00972	0.01336	0.01781	0.03846	0.75020	0.04615	0.02186	0.00891	0.00283	0.00405	0.01984	0.00648	0.00567
39	0.02920	0.01468	0.01786	0.01376	0.01918	0.01449	0.01134	0.26536	0.04481	0.45785	0.02375	0.02135	0.01548	0.00857	0.00701	0.00214	0.00654	0.00678	0.00801	0.01185
40	0.01574	0.01618	0.01978	0.01727	0.01766	0.09220	0.01404	0.01720	0.01174	0.01672	0.01161	0.05770	0.01202	0.04909	0.02104	0.00310	0.58923	0.00691	0.00336	0.00740
41	0.02607	0.03326	0.01978	0.01798	0.02157	0.72674	0.01348	0.02787	0.01978	0.01708	0.01079	0.01258	0.00899	0.00719	0.00629	0.00180	0.01258	0.00449	0.00360	0.00809
42	0.01124	0.00803	0.01124	0.01285	0.01446	0.00803	0.01124	0.01446	0.01606	0.02088	0.03695	0.07871	0.04016	0.01928	0.00964	0.00321	0.00643	0.66426	0.00643	0.00643
43	0.02807	0.01444	0.01746	0.01368	0.01893	0.01440	0.01120	0.21697	0.11617	0.43472	0.02464	0.02211	0.01631	0.00868	0.00702	0.00217	0.00637	0.00693	0.00796	0.01176
44	0.00981	0.00799	0.03432	0.00957	0.01126	0.00681	0.00747	0.01285	0.01809	0.02535	0.51341	0.19428	0.05854	0.01579	0.00838	0.00238	0.00385	0.04613	0.00721	0.00652
45	0.00934	0.00708	0.00843	0.00811	0.00987	0.00636	0.00597	0.01187	0.01771	0.02377	0.43854	0.05674	0.28106	0.07225	0.01033	0.00260	0.00364	0.01315	0.00701	0.00617
46	0.36474	0.11277	0.22262	0.01313	0.01957	0.01654	0.01384	0.02293	0.01415	0.12352	0.01306	0.01407	0.00948	0.00676	0.00540	0.00209	0.00718	0.00464	0.00436	0.00915
47	0.72817	0.04516	0.05064	0.00988	0.01460	0.01617	0.00875	0.02062	0.01213	0.03019	0.00987	0.01152	0.00769	0.00647	0.00445	0.00213	0.00576	0.00385	0.00419	0.00777
48	0.02321	0.02859	0.02008	0.12839	0.02537	0.55983	0.01453	0.02542	0.01814	0.01717	0.01090	0.01373	0.00905	0.00757	0.00776	0.00198	0.07192	0.00489	0.00348	0.00800
49	0.01527	0.01527	0.02137	0.01832	0.01832	0.02137	0.01527	0.01679	0.01069	0.01679	0.00916	0.01527	0.00916	0.01221	0.02290	0.00305	0.74198	0.00611	0.00305	0.00763
50	0.00841	0.00708	0.00729	0.00724	0.00952	0.00596	0.00543	0.01033	0.01628	0.01975	0.13337	0.06568	0.64516	0.01734	0.00825	0.00234	0.00351	0.01452	0.00660	0.00596
51	0.01325	0.01251	0.02095	0.71203	0.04699	0.01572	0.01923	0.01779	0.01384	0.01779	0.01229	0.01848	0.00930	0.00717	0.00755	0.00235	0.03572	0.00620	0.00310	0.00775
52	0.00981	0.00708	0.00927	0.00883	0.01041	0.00654	0.00658	0.01300	0.01944	0.02748	0.67434	0.08677	0.06487	0.01464	0.00826	0.00223	0.00333	0.01298	0.00762	0.00654
53	0.01866	0.75896	0.03657	0.01194	0.01791	0.02761	0.01194	0.02090	0.01418	0.01642	0.00970	0.01119	0.00896	0.00597	0.00448	0.00149	0.00746	0.00373	0.00299	0.00896
54	0.01318	0.01240	0.02093	0.73798	0.04806	0.01550	0.01938	0.01783	0.01395	0.01783	0.01240	0.01860	0.00930	0.00698	0.00698	0.00233	0.00930	0.00620	0.00310	0.00775
55	0.03113	0.01216	0.01637	0.01255	0.01796	0.01068	0.01037	0.05823	0.02045	0.69117	0.02713	0.02349	0.01707	0.00863	0.00702	0.00216	0.00600	0.00699	0.00858	0.01188
56	0.01301	0.00650	0.00650	0.00650	0.00813	0.00650	0.00488	0.01626	0.01463	0.02602	0.02276	0.02602	0.01789	0.00813	0.00488	0.00163	0.00325	0.00650	0.79350	0.00650
57	0.01447	0.01240	0.01447	0.01034	0.01654	0.00930	0.00827	0.01757	0.01447	0.02274	0.01240	0.01447	0.01034	0.00517	0.00517	0.00103	0.00517	0.00413	0.00413	0.79742
58	0.01447	0.01240	0.01447	0.01034	0.01654	0.00930	0.00827	0.01757	0.01447	0.02274	0.01240	0.01447	0.01034	0.00517	0.00517	0.00103	0.00517	0.00413	0.00413	0.79742
59	0.01328	0.01254	0.02095	0.70427	0.04667	0.01578	0.01919	0.01778	0.01380	0.01778	0.01225	0.01845	0.00930	0.00722	0.00772	0.00236	0.04362	0.00620	0.00310	0.00775
60	0.01727	0.01658	0.02832	0.04283	0.71123	0.01658	0.02142	0.02142	0.01589	0.02280	0.01313	0.01727	0.01105	0.00622	0.00691	0.00207	0.00829	0.00622	0.00345	0.01105
61	0.01727	0.01658	0.02832	0.04283	0.71123	0.01658	0.02142	0.02142	0.01589	0.02280	0.01313	0.01727	0.01105	0.00622	0.00691	0.00207	0.00829	0.00622	0.00345	0.01105
62	0.01004	0.00808	0.01249	0.01256	0.01378	0.00798	0.07450	0.01204	0.01395	0.01868	0.03439	0.53914	0.03992	0.01942	0.00964	0.00286	0.04146	0.11682	0.00601	0.00625
63	0.01727	0.01658	0.02832	0.04283	0.71123	0.01658	0.02142	0.02142	0.01589	0.02280	0.01313	0.01727	0.01105	0.00622	0.00691	0.00207	0.00829	0.00622	0.00345	0.01105
64	0.70584	0.05085	0.01171	0.00939	0.01369	0.01569	0.00781	0.02056	0.01258	0.04926	0.04289	0.01358	0.01063	0.00688	0.00458	0.00213	0.00542	0.00428	0.00453	0.00770
65	0.05202	0.15901	0.49939	0.01856	0.02728	0.01843	0.06463	0.02165	0.01448	0.02138	0.01189	0.01424	0.00892	0.00665	0.00680	0.00212	0.03462	0.00507	0.00306	0.00980
66	0.04604	0.22606	0.02404	0.01594	0.04349	0.27588	0.01272	0.13098	0.06682	0.07511	0.01396	0.01475	0.01094	0.00726	0.00598	0.00185	0.00906	0.00503	0.00460	0.00950

[dist]
# distance from previous block
# <min> <max>
1	3

[block]
# block no. 6 follows, 30 sequences, length 89
# corresponding to MSA columns:
# 427-515
name=unknown_G
#
# <colnr> <probs for GDERKNQSTAVLIFYWHMCP>
#	G	D	E	R	K	N	Q	S	T	A	V	L	I	F	Y	W	H	M	C	P
0	0.04294	0.01350	0.01605	0.01257	0.01727	0.01307	0.01014	0.15618	0.01853	0.13870	0.01781	0.08649	0.01498	0.00874	0.00801	0.00185	0.08209	0.00673	0.00556	0.32880
1	0.00983	0.00682	0.00886	0.00977	0.01060	0.00653	0.00676	0.01120	0.01391	0.04835	0.06504	0.57289	0.10582	0.04956	0.01031	0.00290	0.03080	0.01764	0.00640	0.00601
2	0.00997	0.00748	0.01121	0.01121	0.01246	0.00872	0.00872	0.01246	0.01121	0.01620	0.01869	0.02741	0.01745	0.05234	0.72710	0.01121	0.01869	0.00748	0.00374	0.00623
3	0.01899	0.72804	0.03591	0.01211	0.01807	0.02736	0.01200	0.04879	0.01496	0.01757	0.01000	0.01143	0.00908	0.00607	0.00458	0.00152	0.00747	0.00384	0.00315	0.00908
4	0.02113	0.02378	0.01745	0.01528	0.01890	0.39669	0.01175	0.06330	0.06350	0.02074	0.01748	0.01894	0.06394	0.00839	0.00768	0.00189	0.06938	0.00577	0.03787	0.11616
5	0.01716	0.01633	0.02709	0.06056	0.63539	0.01661	0.02051	0.02259	0.07167	0.02318	0.01435	0.01803	0.01184	0.00651	0.00693	0.00210	0.00809	0.00635	0.00374	0.01096
6	0.01343	0.01266	0.02139	0.69460	0.08945	0.01557	0.01951	0.01805	0.01407	0.01814	0.01245	0.01852	0.00941	0.00693	0.00697	0.00231	0.00924	0.00620	0.00312	0.00796
7	0.01736	0.01499	0.01578	0.01420	0.01815	0.01736	0.01105	0.03708	0.69862	0.02919	0.02840	0.02604	0.02130	0.00947	0.00710	0.00237	0.00552	0.00789	0.00710	0.01105
8	0.00979	0.00706	0.00925	0.00884	0.01041	0.00652	0.00658	0.01294	0.01934	0.02732	0.66384	0.09773	0.06456	0.01476	0.00827	0.00224	0.00334	0.01309	0.00760	0.00652
9	0.01015	0.00677	0.00761	0.00761	0.00761	0.00677	0.00423	0.01015	0.01015	0.01353	0.02199	0.04567	0.02537	0.75476	0.03552	0.00677	0.00677	0.01015	0.00423	0.00423
10	0.00976	0.00722	0.00917	0.00893	0.01068	0.00662	0.00686	0.01280	0.01876	0.02580	0.53700	0.05727	0.16511	0.01533	0.00838	0.00233	0.00366	0.08051	0.00736	0.00646
11	0.80405	0.01350	0.01026	0.00918	0.01350	0.01565	0.00756	0.02051	0.01188	0.03131	0.00972	0.01134	0.00756	0.00648	0.00432	0.00216	0.00540	0.00378	0.00432	0.00756
12	0.02607	0.03326	0.01978	0.01798	0.02157	0.72674	0.01348	0.02787	0.01978	0.01708	0.01079	0.01258	0.00899	0.00719	0.00629	0.00180	0.01258	0.00449	0.00360	0.00809
13	0.00850	0.00607	0.00810	0.00972	0.01012	0.00567	0.00648	0.00972	0.01336	0.01781	0.03846	0.75020	0.04615	0.02186	0.00891	0.00283	0.00405	0.01984	0.00648	0.00567
14	0.01447	0.01240	0.01447	0.01034	0.01654	0.00930	0.00827	0.01757	0.01447	0.02274	0.01240	0.01447	0.01034	0.00517	0.00517	0.00103	0.00517	0.00413	0.00413	0.79742
15	0.01013	0.00682	0.00790	0.00790	0.00800	0.00692	0.00459	0.01033	0.01023	0.01375	0.02172	0.04419	0.02473	0.69810	0.09131	0.00712	0.00773	0.00993	0.00419	0.00439
16	0.01845	0.72763	0.06612	0.01228	0.01844	0.02712	0.01254	0.02095	0.01420	0.01666	0.00982	0.01135	0.00895	0.00600	0.00457	0.00152	0.00759	0.00379	0.00298	0.00901
17	0.00988	0.00713	0.00933	0.00878	0.01043	0.00658	0.00658	0.01317	0.01975	0.02798	0.70754	0.05213	0.06584	0.01427	0.00823	0.00219	0.00329	0.01262	0.00768	0.00658
18	0.01727	0.01658	0.02832	0.04283	0.71123	0.01658	0.02142	0.02142	0.01589	0.02280	0.01313	0.01727	0.01105	0.00622	0.00691	0.00207	0.00829	0.00622	0.00345	0.01105
19	0.01920	0.72709	0.03570	0.01196	0.01791	0.02687	0.01187	0.02145	0.01443	0.04626	0.01046	0.01173	0.00931	0.00608	0.00459	0.00152	0.00740	0.00387	0.00323	0.00908
20	0.01400	0.03610	0.71860	0.01989	0.03020	0.01621	0.02578	0.02210	0.01473	0.02210	0.01252	0.01473	0.00884	0.00663	0.00663	0.00221	0.01031	0.00516	0.00295	0.01031
21	0.01410	0.03541	0.69151	0.02027	0.03045	0.01626	0.05218	0.02211	0.01480	0.02211	0.01259	0.01490	0.00891	0.00660	0.00669	0.00222	0.01037	0.00528	0.00297	0.01028
22	0.00884	0.00671	0.00814	0.00858	0.00999	0.00602	0.00613	0.01086	0.01611	0.02123	0.25134	0.31952	0.26481	0.01822	0.00849	0.00249	0.00365	0.01601	0.00684	0.00602
23	0.00997	0.00748	0.01121	0.01121	0.01246	0.00872	0.00872	0.01246	0.01121	0.01620	0.01869	0.02741	0.01745	0.05234	0.72710	0.01121	0.01869	0.00748	0.00374	0.00623
24	0.01640	0.01845	0.03962	0.05567	0.08076	0.01750	0.61880	0.02213	0.01634	0.02222	0.01399	0.01871	0.01057	0.00594	0.00810	0.00233	0.01145	0.00803	0.00351	0.00946
25	0.00850	0.00607	0.00810	0.00972	0.01012	0.00567	0.00648	0.00972	0.01336	0.01781	0.03846	0.75020	0.04615	0.02186	0.00891	0.00283	0.00405	0.01984	0.00648	0.00567
26	0.01015	0.00677	0.00761	0.00761	0.00761	0.00677	0.00423	0.01015	0.01015	0.01353	0.02199	0.04567	0.02537	0.75476	0.03552	0.00677	0.00677	0.01015	0.00423	0.00423
27	0.01961	0.01357	0.01373	0.01159	0.01514	0.04569	0.00921	0.25182	0.11293	0.06158	0.02111	0.02213	0.01584	0.00837	0.00605	0.00192	0.00562	0.00654	0.34828	0.00926
28	0.71560	0.01467	0.01143	0.01003	0.01442	0.04160	0.00821	0.07278	0.01379	0.03179	0.01030	0.01180	0.00794	0.00665	0.00460	0.00214	0.00583	0.00400	0.00450	0.00791
29	0.01068	0.00894	0.01130	0.01346	0.10470	0.00846	0.00878	0.01415	0.06300	0.02043	0.07655	0.11153	0.36565	0.04909	0.00946	0.00267	0.00489	0.10328	0.00606	0.00695
30	0.02179	0.12639	0.02432	0.02295	0.21021	0.22687	0.01499	0.16450	0.02027	0.02472	0.01267	0.01471	0.01027	0.00684	0.00626	0.00183	0.00906	0.00521	0.00423	0.07189
31	0.05406	0.08400	0.12869	0.01748	0.02258	0.40624	0.04288	0.05500	0.08606	0.02095	0.01307	0.01453	0.01032	0.00721	0.00632	0.00195	0.01062	0.00508	0.00397	0.00898
32	0.00946	0.00702	0.01004	0.01096	0.01183	0.00669	0.03658	0.01113	0.01372	0.01822	0.03586	0.54619	0.04195	0.07765	0.01107	0.00318	0.00501	0.13143	0.00617	0.00585
33	0.18419	0.03025	0.50587	0.01854	0.05684	0.04632	0.02115	0.02197	0.01439	0.02389	0.01187	0.01403	0.00867	0.00660	0.00613	0.00218	0.00926	0.00488	0.00329	0.00966
34	0.02574	0.05441	0.02128	0.01605	0.02132	0.11613	0.01314	0.54296	0.05751	0.03853	0.01612	0.01633	0.01174	0.00815	0.00678	0.00204	0.00824	0.00599	0.00635	0.01120
35	0.08719	0.01930	0.01923	0.01516	0.02029	0.06879	0.01239	0.54169	0.04779	0.03991	0.01638	0.01671	0.01186	0.00816	0.00663	0.00207	0.00758	0.00602	0.04187	0.01100
36	0.00904	0.00707	0.00818	0.00797	0.00993	0.00622	0.00595	0.01152	0.01767	0.02319	0.37479	0.08059	0.38058	0.01617	0.00826	0.00229	0.00343	0.01387	0.00706	0.00622
37	0.01400	0.03610	0.71860	0.01989	0.03020	0.01621	0.02578	0.02210	0.01473	0.02210	0.01252	0.01473	0.00884	0.00663	0.00663	0.00221	0.01031	0.00516	0.00295	0.01031
38	0.03131	0.01188	0.01619	0.01242	0.01781	0.01026	0.01026	0.03401	0.01997	0.71606	0.02753	0.02375	0.01727	0.00864	0.00702	0.00216	0.00594	0.00702	0.00864	0.01188
39	0.00953	0.00712	0.00885	0.00842	0.01022	0.00644	0.00632	0.01251	0.01895	0.02607	0.57385	0.05528	0.20073	0.01498	0.00823	0.00223	0.00334	0.01306	0.00743	0.00644
40	0.01318	0.01240	0.02093	0.73798	0.04806	0.01550	0.01938	0.01783	0.01395	0.01783	0.01240	0.01860	0.00930	0.00698	0.00698	0.00233	0.00930	0.00620	0.00310	0.00775
41	0.00974	0.00713	0.00914	0.00864	0.01034	0.00653	0.00648	0.01291	0.01944	0.02724	0.65546	0.05336	0.11840	0.01454	0.00823	0.00221	0.00331	0.01279	0.00758	0.00653
42	0.00875	0.00709	0.00777	0.00760	0.00974	0.00611	0.00570	0.01100	0.01710	0.02169	0.26895	0.06248	0.50836	0.01661	0.00824	0.00231	0.00346	0.01407	0.00685	0.00611
43	0.01318	0.01240	0.02093	0.73798	0.04806	0.01550	0.01938	0.01783	0.01395	0.01783	0.01240	0.01860	0.00930	0.00698	0.00698	0.00233	0.00930	0.00620	0.00310	0.00775
