[name]
unknown

[dist]
# distance from previous block
# <min> <max>
5	42

[block]
# block no. 0 follows, 31 sequences, length 85
# corresponding to MSA columns:
# 43-127
name=unknown_A
#
# <colnr> <probs for GDERKNQSTAVLIFYWHMCP>
#	G	D	E	R	K	N	Q	S	T	A	V	L	I	F	Y	W	H	M	C	P
0	0.75097	0.06733	0.01191	0.00919	0.01354	0.01619	0.00772	0.02014	0.01181	0.02964	0.00953	0.01110	0.00751	0.00631	0.00425	0.00207	0.00544	0.00370	0.00414	0.00751
1	0.03049	0.01197	0.01608	0.01233	0.01763	0.01054	0.01018	0.06231	0.02013	0.69188	0.02653	0.02299	0.01670	0.00846	0.00688	0.00211	0.00590	0.00685	0.00840	0.01164
2	0.01436	0.10611	0.60820	0.01976	0.04862	0.01706	0.05081	0.02154	0.01449	0.02115	0.01208	0.01434	0.00881	0.00639	0.00636	0.00210	0.00983	0.00507	0.00293	0.00996
3	0.02825	0.01158	0.01541	0.01208	0.01702	0.01038	0.00988	0.03226	0.07392	0.62178	0.07141	0.02526	0.02033	0.00889	0.00696	0.00214	0.00562	0.00730	0.00829	0.01124
4	0.00902	0.00677	0.00835	0.00837	0.00992	0.00611	0.00612	0.01147	0.01718	0.02323	0.41884	0.19464	0.22232	0.01630	0.00820	0.00232	0.00343	0.01429	0.00700	0.00611
5	0.00944	0.00754	0.01038	0.01333	0.10456	0.00704	0.00807	0.01113	0.01396	0.01833	0.04105	0.51062	0.18185	0.01851	0.00833	0.00258	0.00442	0.01660	0.00595	0.00631
6	0.02388	0.05777	0.02014	0.04581	0.02153	0.54597	0.01343	0.04629	0.01839	0.04865	0.01133	0.01341	0.00929	0.00762	0.00791	0.00193	0.08995	0.00477	0.00375	0.00818
7	0.00873	0.00638	0.00825	0.00932	0.01023	0.00590	0.00660	0.01045	0.01457	0.01936	0.14521	0.51140	0.12700	0.01960	0.00861	0.00266	0.00398	0.06945	0.00653	0.00578
8	0.07847	0.01698	0.03164	0.02643	0.14007	0.01636	0.40340	0.06996	0.01696	0.06816	0.01427	0.01757	0.01071	0.00617	0.00724	0.00215	0.00951	0.00699	0.00410	0.05286
9	0.01565	0.01329	0.04632	0.01145	0.01729	0.01014	0.03109	0.05481	0.01566	0.07553	0.01680	0.04401	0.04045	0.00667	0.00571	0.00136	0.00558	0.00553	0.00464	0.57802
10	0.29479	0.04847	0.01657	0.01405	0.01808	0.35371	0.01099	0.08225	0.06190	0.02456	0.01179	0.01307	0.00935	0.00701	0.00555	0.00194	0.00888	0.00450	0.00426	0.00828
11	0.02478	0.01843	0.01983	0.01545	0.02066	0.02048	0.01269	0.62029	0.08459	0.04110	0.01739	0.01748	0.01254	0.00968	0.03009	0.00236	0.00771	0.00632	0.00675	0.01139
12	0.02504	0.01913	0.01986	0.01554	0.02070	0.05169	0.01270	0.61636	0.05672	0.04053	0.01733	0.04171	0.01301	0.00865	0.00688	0.00208	0.00754	0.00659	0.00669	0.01123
13	0.00883	0.00718	0.00786	0.00777	0.00985	0.00635	0.00579	0.01156	0.04269	0.02095	0.22028	0.10703	0.48667	0.01649	0.00808	0.00230	0.00352	0.01402	0.00666	0.00612
14	0.02231	0.01612	0.01790	0.01368	0.01904	0.01651	0.01115	0.41825	0.05138	0.08227	0.01628	0.01681	0.01196	0.00802	0.00713	0.03188	0.00662	0.00570	0.00607	0.22092
15	0.00846	0.00695	0.00745	0.00732	0.00947	0.00593	0.00549	0.01054	0.01648	0.02058	0.22026	0.06239	0.56184	0.01654	0.00808	0.00227	0.00341	0.01395	0.00663	0.00593
16	0.05355	0.01396	0.01834	0.01480	0.03831	0.01370	0.05494	0.14638	0.10915	0.42725	0.02344	0.02148	0.01561	0.00822	0.00687	0.00214	0.00648	0.00681	0.00739	0.01121
17	0.00978	0.00730	0.01086	0.01086	0.01203	0.00848	0.00838	0.01213	0.01096	0.01578	0.01845	0.02756	0.01740	0.07840	0.70577	0.01083	0.01788	0.00743	0.00368	0.00603
18	0.01510	0.04457	0.02154	0.01771	0.01795	0.02120	0.01484	0.01662	0.01061	0.01645	0.00900	0.01481	0.00897	0.01173	0.02174	0.00293	0.71780	0.00590	0.00299	0.00754
19	0.01650	0.01459	0.01732	0.04028	0.01947	0.04574	0.04689	0.11487	0.01691	0.02454	0.01264	0.01484	0.01021	0.00604	0.00643	0.00141	0.04165	0.00476	0.00431	0.54060
20	0.01209	0.03992	0.01225	0.01126	0.01269	0.06616	0.03471	0.03721	0.01435	0.01936	0.02843	0.44657	0.03176	0.03605	0.00926	0.00256	0.05054	0.01383	0.11458	0.00642
21	0.00994	0.00666	0.00762	0.00762	0.00767	0.00672	0.00434	0.01005	0.01000	0.01338	0.02141	0.04398	0.02453	0.72830	0.06562	0.00683	0.00715	0.00983	0.00412	0.00423
22	0.77816	0.01317	0.01028	0.00912	0.01339	0.01515	0.00751	0.02062	0.01195	0.05713	0.01019	0.01158	0.00777	0.00643	0.00434	0.00212	0.00531	0.00383	0.00440	0.00757
23	0.01500	0.01264	0.01462	0.01052	0.01656	0.00995	0.00844	0.06353	0.01542	0.02372	0.01245	0.01434	0.01024	0.00528	0.00519	0.00108	0.00524	0.00420	0.00424	0.74736
24	0.01531	0.01554	0.02090	0.01795	0.01806	0.04382	0.01491	0.01681	0.01076	0.01647	0.00903	0.01488	0.00898	0.01182	0.02193	0.00295	0.72342	0.00594	0.00301	0.00750
25	0.01829	0.61143	0.10386	0.01299	0.01904	0.07516	0.01316	0.02166	0.03913	0.01716	0.01052	0.01194	0.00920	0.00613	0.00482	0.00159	0.00789	0.00400	0.00311	0.00893
26	0.01855	0.73726	0.03526	0.01192	0.01769	0.05256	0.01176	0.02073	0.01410	0.01612	0.00955	0.01102	0.00878	0.00590	0.00445	0.00147	0.00750	0.00369	0.00295	0.00875
27	0.00843	0.00607	0.00802	0.00954	0.01006	0.00565	0.00648	0.00972	0.01330	0.01762	0.03890	0.70187	0.07147	0.02117	0.00873	0.00277	0.00404	0.04421	0.00635	0.00559
28	0.00890	0.00685	0.00825	0.00896	0.01051	0.00620	0.00681	0.01091	0.01530	0.01949	0.11852	0.26049	0.32642	0.01846	0.00854	0.00259	0.00415	0.14630	0.00646	0.00589
29	0.00832	0.00603	0.00786	0.00932	0.00987	0.00557	0.00626	0.00955	0.01330	0.01755	0.04021	0.70041	0.09832	0.02111	0.00868	0.00274	0.00393	0.01905	0.00635	0.00557
30	0.00834	0.00595	0.00794	0.00953	0.00992	0.00556	0.00635	0.00953	0.01310	0.01746	0.03771	0.75510	0.04525	0.02143	0.00873	0.00278	0.00397	0.01945	0.00635	0.00556
31	0.01372	0.03539	0.72412	0.01950	0.02961	0.01589	0.02528	0.02167	0.01444	0.02167	0.01228	0.01444	0.00867	0.00650	0.00650	0.00217	0.01011	0.00506	0.00289	0.01011
32	0.01228	0.00707	0.00933	0.00975	0.01120	0.00641	0.00692	0.01390	0.01482	0.13991	0.08513	0.53357	0.08626	0.01840	0.00832	0.00259	0.00420	0.01645	0.00680	0.00669
33	0.01829	0.76368	0.03585	0.01171	0.01756	0.02707	0.01171	0.02049	0.01390	0.01610	0.00951	0.01097	0.00878	0.00585	0.00439	0.00146	0.00732	0.00366	0.00293	0.00878
34	0.01533	0.19732	0.49942	0.01787	0.02633	0.04761	0.03871	0.02146	0.01443	0.02005	0.01152	0.01370	0.00875	0.00655	0.00660	0.00202	0.03496	0.00483	0.00294	0.00961
35	0.01789	0.01807	0.02684	0.03929	0.63963	0.09575	0.02013	0.02170	0.01600	0.02173	0.01261	0.01642	0.01061	0.00620	0.00671	0.00200	0.00860	0.00591	0.00340	0.01051
36	0.00833	0.00599	0.00790	0.00943	0.00990	0.00557	0.00631	0.00954	0.01319	0.01750	0.03892	0.72869	0.07088	0.02128	0.00871	0.00276	0.00395	0.01926	0.00635	0.00557
37	0.00862	0.00617	0.00819	0.00933	0.00999	0.00574	0.00637	0.01023	0.01440	0.01954	0.17844	0.60845	0.04927	0.01988	0.00859	0.00265	0.00381	0.01797	0.00660	0.00574
38	0.01675	0.04777	0.04274	0.01230	0.01842	0.01282	0.03385	0.15091	0.01779	0.02608	0.01295	0.01464	0.01033	0.00580	0.00554	0.00132	0.00606	0.00463	0.00449	0.55481
39	0.01766	0.66365	0.13038	0.01278	0.01921	0.02553	0.01357	0.02065	0.01398	0.01686	0.00989	0.01145	0.00876	0.00594	0.00468	0.00156	0.00770	0.00385	0.00292	0.00896
40	0.00905	0.00697	0.00827	0.00794	0.00983	0.00619	0.00596	0.01168	0.01787	0.02388	0.45780	0.05695	0.32224	0.01531	0.00808	0.00221	0.00332	0.01319	0.00706	0.00619
41	0.00860	0.00614	0.00778	0.00897	0.00945	0.00576	0.00588	0.00962	0.01274	0.01682	0.03728	0.58070	0.09185	0.14868	0.01319	0.00341	0.00439	0.01743	0.00597	0.00533
42	0.05242	0.04784	0.02017	0.01672	0.01874	0.22619	0.05206	0.01982	0.01379	0.01778	0.01121	0.01565	0.01006	0.01335	0.08339	0.00322	0.32937	0.00560	0.03502	0.00758
43	0.07634	0.02149	0.17687	0.02542	0.03278	0.01686	0.50420	0.02173	0.01546	0.02254	0.01319	0.01708	0.00980	0.00596	0.00746	0.00226	0.01077	0.00713	0.00340	0.00927
44	0.01292	0.01216	0.02052	0.74312	0.04712	0.01520	0.01900	0.01748	0.01368	0.01748	0.01216	0.01824	0.00912	0.00684	0.00684	0.00228	0.00912	0.00608	0.00304	0.00760
45	0.00960	0.00699	0.00904	0.00867	0.01029	0.00644	0.00654	0.01268	0.01884	0.02638	0.63192	0.07104	0.10347	0.01456	0.00814	0.00221	0.00337	0.03606	0.00738	0.00638
46	0.01731	0.01410	0.01516	0.01325	0.01693	0.01589	0.01033	0.14848	0.46299	0.03035	0.11744	0.02819	0.02528	0.04284	0.00832	0.00244	0.00555	0.00818	0.00689	0.01009
47	0.00836	0.00608	0.00789	0.00925	0.00987	0.00561	0.00625	0.00968	0.01356	0.01792	0.06492	0.66505	0.10881	0.02078	0.00865	0.00271	0.00390	0.01872	0.00639	0.00561
48	0.01292	0.01216	0.02052	0.74312	0.04712	0.01520	0.01900	0.01748	0.01368	0.01748	0.01216	0.01824	0.00912	0.00684	0.00684	0.00228	0.00912	0.00608	0.00304	0.00760
49	0.80789	0.01323	0.01006	0.00900	0.01323	0.01535	0.00741	0.02011	0.01164	0.03070	0.00953	0.01111	0.00741	0.00635	0.00423	0.00212	0.00529	0.00370	0.00423	0.00741
50	0.01465	0.01682	0.06121	0.02465	0.03026	0.01538	0.51703	0.01952	0.01530	0.02090	0.01769	0.14544	0.01628	0.00878	0.00876	0.00241	0.04264	0.00983	0.00392	0.00855
51	0.01521	0.01235	0.01445	0.01039	0.01642	0.00953	0.00834	0.03871	0.01496	0.05086	0.01288	0.01462	0.01045	0.00530	0.00519	0.00109	0.00517	0.00423	0.00432	0.74553
52	0.01804	0.66736	0.08987	0.01264	0.01863	0.04512	0.01291	0.02067	0.01401	0.01657	0.00975	0.01139	0.00878	0.00609	0.00505	0.00157	0.02596	0.00385	0.00294	0.00883
53	0.01372	0.03539	0.72412	0.01950	0.02961	0.01589	0.02528	0.02167	0.01444	0.02167	0.01228	0.01444	0.00867	0.00650	0.00650	0.00217	0.01011	0.00506	0.00289	0.01011
54	0.04497	0.64965	0.06078	0.01208	0.01779	0.05661	0.01198	0.02055	0.01428	0.01725	0.03493	0.01262	0.01073	0.00624	0.00468	0.00155	0.00743	0.00406	0.00316	0.00867
55	0.03070	0.01164	0.01588	0.01217	0.01746	0.01006	0.01006	0.03334	0.01958	0.72163	0.02699	0.02329	0.01694	0.00847	0.00688	0.00212	0.00582	0.00688	0.00847	0.01164
56	0.00968	0.00699	0.00914	0.00861	0.01022	0.00646	0.00646	0.01291	0.01937	0.02743	0.71328	0.05110	0.06455	0.01399	0.00807	0.00215	0.00323	0.01237	0.00753	0.00646
57	0.00851	0.00607	0.00785	0.00920	0.00962	0.00569	0.00606	0.00958	0.01283	0.01702	0.03701	0.64980	0.06694	0.10501	0.01167	0.00320	0.00425	0.01819	0.00610	0.00540
58	0.01275	0.00638	0.00638	0.00638	0.00797	0.00638	0.00478	0.01594	0.01435	0.02551	0.02232	0.02551	0.01754	0.00797	0.00478	0.00159	0.00319	0.00638	0.79755	0.00638
59	0.01779	0.01495	0.01576	0.01387	0.01788	0.01709	0.01088	0.11844	0.59162	0.03004	0.02808	0.02601	0.04779	0.00947	0.00699	0.00229	0.00560	0.00781	0.00692	0.01073
60	0.01592	0.01791	0.07516	0.09788	0.24851	0.01645	0.33223	0.02164	0.04280	0.02190	0.01379	0.01787	0.01071	0.00614	0.00733	0.00217	0.00974	0.00696	0.00352	0.03139
61	0.02572	0.01902	0.02037	0.01568	0.02111	0.02108	0.01293	0.67290	0.05382	0.04265	0.01679	0.01672	0.01193	0.00825	0.00685	0.00206	0.00746	0.00621	0.00685	0.01161
62	0.01693	0.01626	0.02777	0.04199	0.71689	0.01626	0.02100	0.02100	0.01558	0.02235	0.01287	0.01693	0.01084	0.00610	0.00677	0.00203	0.00813	0.00610	0.00339	0.01084
63	0.01702	0.01470	0.01547	0.01392	0.01779	0.01702	0.01083	0.03635	0.70453	0.02862	0.02785	0.02553	0.02088	0.00928	0.00696	0.00232	0.00541	0.00773	0.00696	0.01083
64	0.00979	0.00728	0.01076	0.01076	0.01190	0.00842	0.00826	0.01206	0.01092	0.01571	0.01854	0.02808	0.01763	0.09895	0.68553	0.01070	0.01754	0.00751	0.00370	0.00598
65	0.09202	0.01272	0.01600	0.01237	0.01760	0.01188	0.01022	0.11560	0.02054	0.58103	0.02427	0.02145	0.01551	0.00827	0.00666	0.00211	0.00599	0.00654	0.00793	0.01130
66	0.00895	0.00708	0.00814	0.00819	0.01019	0.00626	0.00635	0.01132	0.01673	0.02140	0.25568	0.06299	0.43119	0.01655	0.00826	0.00238	0.00377	0.10182	0.00669	0.00605
67	0.01693	0.01626	0.02777	0.04199	0.71689	0.01626	0.02100	0.02100	0.01558	0.02235	0.01287	0.01693	0.01084	0.00610	0.00677	0.00203	0.00813	0.00610	0.00339	0.01084
68	0.01088	0.00741	0.00841	0.00818	0.00858	0.00756	0.00493	0.05233	0.01148	0.01536	0.02173	0.06913	0.02454	0.65992	0.05710	0.00636	0.00701	0.00998	0.00438	0.00473
69	0.00968	0.00699	0.00914	0.00861	0.01022	0.00646	0.00646	0.01291	0.01937	0.02743	0.71328	0.05110	0.06455	0.01399	0.00807	0.00215	0.00323	0.01237	0.00753	0.00646
70	0.80789	0.01323	0.01006	0.00900	0.01323	0.01535	0.00741	0.02011	0.01164	0.03070	0.00953	0.01111	0.00741	0.00635	0.00423	0.00212	0.00529	0.00370	0.00423	0.00741
71	0.01905	0.01896	0.01640	0.01480	0.01859	0.18735	0.01140	0.03420	0.54133	0.02579	0.02373	0.02238	0.01801	0.00875	0.00677	0.00219	0.00706	0.00694	0.00614	0.01014
72	0.02601	0.01916	0.02053	0.01574	0.02122	0.02122	0.01300	0.69408	0.03217	0.04312	0.01643	0.01643	0.01163	0.00821	0.00684	0.00205	0.00753	0.00616	0.00684	0.01163
73	0.02556	0.03261	0.01939	0.01763	0.02115	0.73210	0.01322	0.02732	0.01939	0.01674	0.01058	0.01234	0.00881	0.00705	0.00617	0.00176	0.01234	0.00441	0.00353	0.00793
74	0.02601	0.01916	0.02053	0.01574	0.02122	0.02122	0.01300	0.69408	0.03217	0.04312	0.01643	0.01643	0.01163	0.00821	0.00684	0.00205	0.00753	0.00616	0.00684	0.01163
75	0.01099	0.00794	0.01021	0.00981	0.01165	0.00768	0.00769	0.05962	0.01941	0.02698	0.52686	0.07591	0.05596	0.01468	0.00825	0.00234	0.00408	0.12596	0.00723	0.00675
76	0.00948	0.00643	0.00760	0.00806	0.00818	0.00632	0.00479	0.00983	0.01087	0.01449	0.02627	0.25211	0.03082	0.54411	0.02721	0.00551	0.00586	0.01272	0.00479	0.00456
77	0.00834	0.00595	0.00794	0.00953	0.00992	0.00556	0.00635	0.00953	0.01310	0.01746	0.03771	0.75510	0.04525	0.02143	0.00873	0.00278	0.00397	0.01945	0.00635	0.00556
78	0.00841	0.00694	0.00738	0.00727	0.00944	0.00591	0.00545	0.01044	0.01636	0.02029	0.19972	0.06286	0.58257	0.01665	0.00808	0.00228	0.00342	0.01402	0.00659	0.00591
79	0.01419	0.01216	0.01419	0.01013	0.01621	0.00912	0.00811	0.01723	0.01419	0.02229	0.01216	0.01419	0.01013	0.00507	0.00507	0.00101	0.00507	0.00405	0.00405	0.80139
80	0.01481	0.01279	0.01562	0.01132	0.01717	0.01038	0.03211	0.04724	0.01491	0.02298	0.01229	0.01446	0.01016	0.00549	0.00590	0.00118	0.03334	0.00436	0.00412	0.70938
81	0.02564	0.01732	0.01915	0.01478	0.02008	0.01862	0.01216	0.53073	0.05518	0.14666	0.03726	0.01872	0.01420	0.00837	0.00684	0.00205	0.00700	0.00645	0.00705	0.03176
82	0.07479	0.34315	0.02454	0.01382	0.04514	0.20433	0.01134	0.06213	0.01653	0.01977	0.01687	0.01800	0.08089	0.00759	0.00547	0.00174	0.00797	0.00530	0.03230	0.00833
83	0.01522	0.04300	0.02435	0.04603	0.07511	0.03976	0.24134	0.06932	0.01575	0.02171	0.01798	0.12860	0.01681	0.03500	0.03680	0.00274	0.07282	0.00879	0.08072	0.00816
84	0.01883	0.01455	0.01545	0.01232	0.01635	0.03944	0.00962	0.33685	0.02252	0.03052	0.07599	0.02556	0.03446	0.15808	0.01220	0.00278	0.00661	0.00718	0.00572	0.15495

[dist]
# distance from previous block
# <min> <max>
2	18

[block]
# block no. 1 follows, 31 sequences, length 37
# corresponding to MSA columns:
# 147-183
name=unknown_B
#
# <colnr> <probs for GDERKNQSTAVLIFYWHMCP>
#	G	D	E	R	K	N	Q	S	T	A	V	L	I	F	Y	W	H	M	C	P
0	0.04477	0.00905	0.01098	0.01143	0.05595	0.03320	0.00782	0.01537	0.03589	0.06517	0.41490	0.13868	0.06326	0.05208	0.00914	0.00245	0.00443	0.01177	0.00667	0.00699
1	0.02593	0.01099	0.01461	0.01163	0.01615	0.00985	0.00944	0.02978	0.06475	0.54823	0.15325	0.02855	0.02595	0.00954	0.00710	0.00214	0.00532	0.00795	0.00820	0.01064
2	0.02317	0.01795	0.01898	0.01447	0.02002	0.04249	0.01184	0.50991	0.02744	0.03725	0.01521	0.01575	0.01118	0.00742	0.00640	0.00180	0.00710	0.00560	0.00607	0.19996
3	0.00960	0.00699	0.00903	0.00852	0.01017	0.00642	0.00639	0.01275	0.01917	0.02697	0.68001	0.05187	0.09811	0.01416	0.00807	0.00216	0.00324	0.01248	0.00747	0.00642
4	0.00814	0.00673	0.00713	0.00745	0.00938	0.00573	0.00543	0.00976	0.01509	0.01828	0.06296	0.20421	0.57984	0.01815	0.00822	0.00240	0.00357	0.01544	0.00635	0.00573
5	0.01693	0.01626	0.02777	0.04199	0.71689	0.01626	0.02100	0.02100	0.01558	0.02235	0.01287	0.01693	0.01084	0.00610	0.00677	0.00203	0.00813	0.00610	0.00339	0.01084
6	0.00992	0.00734	0.00910	0.00874	0.01047	0.00683	0.00650	0.03921	0.01853	0.02544	0.50227	0.13663	0.16303	0.01518	0.00810	0.00225	0.00353	0.01330	0.00718	0.00645
7	0.02469	0.01031	0.01395	0.01115	0.01540	0.00903	0.00903	0.02751	0.01952	0.52333	0.22303	0.03123	0.03054	0.01004	0.00722	0.00213	0.00508	0.00845	0.00820	0.01016
8	0.01642	0.01296	0.01485	0.01136	0.01666	0.01142	0.00903	0.12956	0.06871	0.05013	0.01670	0.07825	0.01438	0.00740	0.00587	0.00147	0.00543	0.00607	0.00508	0.51825
9	0.80789	0.01323	0.01006	0.00900	0.01323	0.01535	0.00741	0.02011	0.01164	0.03070	0.00953	0.01111	0.00741	0.00635	0.00423	0.00212	0.00529	0.00370	0.00423	0.00741
10	0.02359	0.02660	0.01850	0.01630	0.01993	0.48380	0.01252	0.14390	0.06099	0.02242	0.01538	0.01658	0.03989	0.00804	0.00702	0.00191	0.03976	0.00545	0.02881	0.00860
11	0.01069	0.00763	0.01064	0.01221	0.01364	0.00758	0.01044	0.01359	0.01542	0.02010	0.03641	0.16199	0.04011	0.01922	0.00936	0.00310	0.00601	0.58935	0.00631	0.00621
12	0.01372	0.03539	0.72412	0.01950	0.02961	0.01589	0.02528	0.02167	0.01444	0.02167	0.01228	0.01444	0.00867	0.00650	0.00650	0.00217	0.01011	0.00506	0.00289	0.01011
13	0.00834	0.00595	0.00794	0.00953	0.00992	0.00556	0.00635	0.00953	0.01310	0.01746	0.03771	0.75510	0.04525	0.02143	0.00873	0.00278	0.00397	0.01945	0.00635	0.00556
14	0.01061	0.00843	0.01009	0.00941	0.01117	0.02763	0.00714	0.01445	0.05413	0.02611	0.58350	0.04823	0.10419	0.01370	0.00856	0.00220	0.03482	0.01179	0.00712	0.00672
15	0.01372	0.03539	0.72412	0.01950	0.02961	0.01589	0.02528	0.02167	0.01444	0.02167	0.01228	0.01444	0.00867	0.00650	0.00650	0.00217	0.01011	0.00506	0.00289	0.01011
16	0.01119	0.00767	0.00955	0.00883	0.01092	0.00710	0.00671	0.01492	0.05206	0.07273	0.52977	0.05037	0.16418	0.01393	0.00794	0.00218	0.00355	0.01211	0.00738	0.00691
17	0.02851	0.01402	0.01726	0.01320	0.01859	0.01351	0.01090	0.23980	0.02329	0.47869	0.02304	0.02074	0.01498	0.00824	0.00679	0.00205	0.00632	0.00653	0.00777	0.04575
18	0.01419	0.01216	0.01419	0.01013	0.01621	0.00912	0.00811	0.01723	0.01419	0.02229	0.01216	0.01419	0.01013	0.00507	0.00507	0.00101	0.00507	0.00405	0.00405	0.80139
19	0.01368	0.01293	0.02188	0.61111	0.17322	0.01540	0.01938	0.01814	0.01404	0.01840	0.01229	0.01799	0.00944	0.00670	0.00683	0.00223	0.00893	0.00608	0.00311	0.00821
20	0.00837	0.00614	0.00786	0.00913	0.00985	0.00563	0.00620	0.00973	0.01374	0.01808	0.07434	0.62837	0.13642	0.02052	0.00861	0.00269	0.00387	0.01843	0.00641	0.00563
21	0.01829	0.76368	0.03585	0.01171	0.01756	0.02707	0.01171	0.02049	0.01390	0.01610	0.00951	0.01097	0.00878	0.00585	0.00439	0.00146	0.00732	0.00366	0.00293	0.00878
22	0.01693	0.01626	0.02777	0.04199	0.71689	0.01626	0.02100	0.02100	0.01558	0.02235	0.01287	0.01693	0.01084	0.00610	0.00677	0.00203	0.00813	0.00610	0.00339	0.01084
23	0.00834	0.00595	0.00794	0.00953	0.00992	0.00556	0.00635	0.00953	0.01310	0.01746	0.03771	0.75510	0.04525	0.02143	0.00873	0.00278	0.00397	0.01945	0.00635	0.00556
24	0.01657	0.01610	0.02646	0.14564	0.59796	0.03593	0.02048	0.02065	0.01540	0.02147	0.01270	0.01700	0.01053	0.00623	0.00677	0.00206	0.00839	0.00605	0.00334	0.01027
25	0.01287	0.01041	0.01550	0.01372	0.01608	0.01035	0.11974	0.13504	0.01690	0.02264	0.02926	0.47056	0.03260	0.04837	0.00941	0.00274	0.00596	0.01478	0.00587	0.00719
26	0.00838	0.00612	0.00778	0.00908	0.00971	0.00564	0.00609	0.00959	0.01328	0.01740	0.04115	0.62845	0.13367	0.05675	0.00991	0.00290	0.00403	0.01832	0.00624	0.00552
27	0.00833	0.00599	0.00790	0.00942	0.00989	0.00557	0.00630	0.00954	0.01320	0.01751	0.03901	0.72673	0.07278	0.02126	0.00871	0.00276	0.00395	0.01924	0.00635	0.00557
28	0.02052	0.01496	0.01644	0.01359	0.01746	0.01626	0.01076	0.47491	0.02599	0.03500	0.02228	0.20932	0.02095	0.03521	0.00815	0.00237	0.00645	0.00973	0.02997	0.00967
29	0.01541	0.02971	0.55223	0.01942	0.05625	0.01476	0.04295	0.02226	0.01523	0.09202	0.03105	0.01941	0.01239	0.00742	0.00678	0.00221	0.00930	0.03744	0.00376	0.01000
30	0.02402	0.03020	0.05003	0.02063	0.10697	0.58714	0.01467	0.05160	0.01920	0.01864	0.01115	0.01315	0.00916	0.00695	0.00628	0.00182	0.01154	0.00471	0.00361	0.00852
31	0.01402	0.01191	0.01376	0.01057	0.01579	0.00990	0.00831	0.01925	0.11196	0.02305	0.04170	0.06762	0.01603	0.00710	0.00569	0.00136	0.00497	0.00593	0.00475	0.60632
32	0.00974	0.00711	0.01005	0.01012	0.01103	0.00797	0.00744	0.01157	0.01086	0.01536	0.01999	0.06584	0.02022	0.21087	0.53920	0.00961	0.01498	0.00851	0.00390	0.00564
33	0.20203	0.01701	0.01919	0.13031	0.16082	0.07522	0.01411	0.21400	0.05546	0.02934	0.01360	0.01572	0.01037	0.00712	0.00618	0.00209	0.00765	0.00551	0.00472	0.00955
34	0.01696	0.01100	0.01263	0.01096	0.01352	0.01129	0.00808	0.18193	0.05854	0.11160	0.02304	0.09660	0.02224	0.31245	0.01833	0.00399	0.00637	0.03687	0.00580	0.03777
35	0.20005	0.31885	0.20071	0.01434	0.04894	0.01980	0.01438	0.02170	0.01402	0.07530	0.01169	0.01307	0.00915	0.00634	0.00517	0.00186	0.00747	0.00437	0.00366	0.00910
36	0.05528	0.14746	0.54419	0.01720	0.02593	0.01716	0.02130	0.02097	0.01445	0.02154	0.04576	0.01551	0.01133	0.00675	0.00613	0.00205	0.00909	0.00512	0.00319	0.00958

[dist]
# distance from previous block
# <min> <max>
4	19

[block]
# block no. 2 follows, 31 sequences, length 98
# corresponding to MSA columns:
# 203-300
name=unknown_C
#
# <colnr> <probs for GDERKNQSTAVLIFYWHMCP>
#	G	D	E	R	K	N	Q	S	T	A	V	L	I	F	Y	W	H	M	C	P
0	0.04113	0.19337	0.06093	0.05911	0.15163	0.20671	0.04808	0.02267	0.05448	0.01943	0.01362	0.01820	0.01178	0.00840	0.02529	0.00218	0.00931	0.04117	0.00367	0.00884
1	0.03797	0.01332	0.01613	0.11953	0.11497	0.04873	0.01217	0.07111	0.19794	0.04555	0.05030	0.13467	0.08709	0.01094	0.00720	0.00228	0.00634	0.00940	0.00558	0.00880
2	0.51698	0.03493	0.03284	0.08621	0.01754	0.03716	0.00945	0.02042	0.01316	0.08488	0.04216	0.01637	0.01181	0.04395	0.00652	0.00233	0.00613	0.00496	0.00450	0.00771
3	0.00858	0.00612	0.00814	0.00958	0.01009	0.00575	0.00654	0.00994	0.01346	0.01800	0.07042	0.66654	0.04535	0.04077	0.00944	0.00287	0.00412	0.05234	0.00635	0.00560
4	0.00978	0.00731	0.01088	0.01088	0.01207	0.00849	0.00841	0.01214	0.01096	0.01580	0.01843	0.02744	0.01735	0.07377	0.71033	0.01086	0.01795	0.00741	0.00368	0.00605
5	0.01943	0.01639	0.02060	0.18308	0.10540	0.05600	0.04458	0.19241	0.20108	0.06321	0.01817	0.01950	0.01347	0.00779	0.00689	0.00217	0.00775	0.00658	0.00538	0.01011
6	0.01165	0.00594	0.00885	0.00895	0.00898	0.00592	0.00597	0.00895	0.00919	0.01225	0.01357	0.06863	0.01406	0.02362	0.02556	0.74895	0.00581	0.00682	0.00319	0.00314
7	0.02058	0.35656	0.07289	0.03701	0.02069	0.17099	0.01347	0.14506	0.03626	0.02191	0.01171	0.01324	0.00963	0.00693	0.00619	0.00179	0.03740	0.00463	0.00387	0.00918
8	0.01829	0.76368	0.03585	0.01171	0.01756	0.02707	0.01171	0.02049	0.01390	0.01610	0.00951	0.01097	0.00878	0.00585	0.00439	0.00146	0.00732	0.00366	0.00293	0.00878
9	0.00834	0.00595	0.00794	0.00953	0.00992	0.00556	0.00635	0.00953	0.01310	0.01746	0.03771	0.75510	0.04525	0.02143	0.00873	0.00278	0.00397	0.01945	0.00635	0.00556
10	0.00995	0.00774	0.00914	0.00878	0.01075	0.00735	0.00657	0.01437	0.09214	0.02443	0.41655	0.09828	0.23857	0.01489	0.00800	0.00225	0.00358	0.01290	0.00707	0.00668
11	0.08213	0.22269	0.21663	0.01592	0.02181	0.27218	0.01573	0.02307	0.01571	0.01902	0.01063	0.01254	0.00866	0.00668	0.00614	0.00186	0.03228	0.00438	0.00323	0.00870
12	0.01619	0.01719	0.04945	0.16674	0.23952	0.11081	0.06762	0.02185	0.09287	0.02095	0.01877	0.02533	0.04410	0.00841	0.00712	0.00222	0.00854	0.06918	0.00413	0.00902
13	0.00950	0.00697	0.00844	0.00816	0.00996	0.00632	0.00618	0.01232	0.01788	0.02462	0.46772	0.05444	0.23620	0.01469	0.00791	0.00220	0.00341	0.03819	0.05863	0.00626
14	0.01615	0.01845	0.04037	0.02884	0.03576	0.01730	0.69204	0.02191	0.01615	0.02191	0.01384	0.01845	0.01038	0.00577	0.00807	0.00231	0.01153	0.00807	0.00346	0.00923
15	0.03070	0.01164	0.01588	0.01217	0.01746	0.01006	0.01006	0.03334	0.01958	0.72163	0.02699	0.02329	0.01694	0.00847	0.00688	0.00212	0.00582	0.00688	0.00847	0.01164
16	0.02601	0.01916	0.02053	0.01574	0.02122	0.02122	0.01300	0.69408	0.03217	0.04312	0.01643	0.01643	0.01163	0.00821	0.00684	0.00205	0.00753	0.00616	0.00684	0.01163
17	0.01849	0.62035	0.10597	0.01306	0.01915	0.09102	0.01326	0.02124	0.01446	0.01674	0.00990	0.01146	0.00877	0.00603	0.00477	0.00156	0.00807	0.00387	0.00298	0.00884
18	0.03893	0.29063	0.44006	0.01640	0.02464	0.04140	0.01962	0.02138	0.01432	0.01982	0.01117	0.01306	0.00867	0.00628	0.00568	0.00191	0.00905	0.00451	0.00296	0.00950
19	0.01372	0.03539	0.72412	0.01950	0.02961	0.01589	0.02528	0.02167	0.01444	0.02167	0.01228	0.01444	0.00867	0.00650	0.00650	0.00217	0.01011	0.00506	0.00289	0.01011
20	0.00834	0.00595	0.00794	0.00953	0.00992	0.00556	0.00635	0.00953	0.01310	0.01746	0.03771	0.75510	0.04525	0.02143	0.00873	0.00278	0.00397	0.01945	0.00635	0.00556
21	0.01382	0.01222	0.01977	0.48161	0.16367	0.01419	0.01710	0.03689	0.01460	0.01998	0.01462	0.05036	0.01198	0.00749	0.00668	0.00217	0.00802	0.00669	0.09005	0.00809
22	0.02149	0.01640	0.01725	0.06254	0.04984	0.09972	0.01183	0.21636	0.15542	0.14221	0.02209	0.05822	0.03615	0.04899	0.00841	0.00238	0.00719	0.00746	0.00616	0.00988
23	0.72327	0.01306	0.01069	0.00934	0.01369	0.01477	0.00770	0.02155	0.01251	0.10592	0.01143	0.01244	0.00845	0.00658	0.00452	0.00212	0.00535	0.00405	0.00469	0.00787
24	0.00834	0.00595	0.00794	0.00953	0.00992	0.00556	0.00635	0.00953	0.01310	0.01746	0.03771	0.75510	0.04525	0.02143	0.00873	0.00278	0.00397	0.01945	0.00635	0.00556
25	0.01525	0.01804	0.09402	0.23343	0.09846	0.04365	0.30521	0.02015	0.01493	0.01996	0.01277	0.01760	0.00984	0.00699	0.00845	0.02704	0.03550	0.00676	0.00325	0.00868
26	0.02834	0.01318	0.01659	0.01285	0.01798	0.01255	0.01057	0.17790	0.04198	0.52177	0.05504	0.02307	0.01799	0.00868	0.00693	0.00211	0.00607	0.00699	0.00803	0.01139
27	0.00842	0.00601	0.00796	0.00944	0.00986	0.00562	0.00629	0.00964	0.01320	0.01765	0.05805	0.71283	0.04525	0.04259	0.00947	0.00287	0.00402	0.01896	0.00632	0.00554
28	0.02627	0.01875	0.02027	0.01554	0.02101	0.02060	0.01284	0.65761	0.03147	0.08056	0.01701	0.01680	0.01193	0.00823	0.00685	0.00206	0.00743	0.00620	0.00693	0.01164
29	0.03070	0.01164	0.01588	0.01217	0.01746	0.01006	0.01006	0.03334	0.01958	0.72163	0.02699	0.02329	0.01694	0.00847	0.00688	0.00212	0.00582	0.00688	0.00847	0.01164
30	0.00928	0.00690	0.00863	0.00835	0.01001	0.00626	0.00621	0.01206	0.01817	0.02497	0.53932	0.10668	0.18751	0.01518	0.00812	0.00223	0.00333	0.01330	0.00722	0.00626
31	0.01372	0.03539	0.72412	0.01950	0.02961	0.01589	0.02528	0.02167	0.01444	0.02167	0.01228	0.01444	0.00867	0.00650	0.00650	0.00217	0.01011	0.00506	0.00289	0.01011
32	0.00814	0.00690	0.00702	0.00705	0.00929	0.00579	0.00527	0.00989	0.01561	0.01868	0.08512	0.08684	0.67643	0.01737	0.00811	0.00232	0.00347	0.01454	0.00638	0.00579
33	0.11728	0.44808	0.02742	0.01298	0.01786	0.21919	0.01150	0.02208	0.01505	0.01807	0.01006	0.01183	0.00886	0.00756	0.02596	0.00190	0.00877	0.00398	0.00327	0.00830
34	0.80789	0.01323	0.01006	0.00900	0.01323	0.01535	0.00741	0.02011	0.01164	0.03070	0.00953	0.01111	0.00741	0.00635	0.00423	0.00212	0.00529	0.00370	0.00423	0.00741
35	0.00978	0.00729	0.01080	0.01080	0.01195	0.00845	0.00831	0.01209	0.01094	0.01574	0.01850	0.02786	0.01753	0.09039	0.69396	0.01075	0.01768	0.00747	0.00369	0.00600
36	0.01188	0.00594	0.00891	0.00891	0.00891	0.00594	0.00594	0.00891	0.00891	0.01188	0.01188	0.02080	0.01188	0.02377	0.02674	0.80095	0.00594	0.00594	0.00297	0.00297
37	0.01292	0.01216	0.02052	0.74312	0.04712	0.01520	0.01900	0.01748	0.01368	0.01748	0.01216	0.01824	0.00912	0.00684	0.00684	0.00228	0.00912	0.00608	0.00304	0.00760
38	0.00976	0.00770	0.00864	0.00857	0.01056	0.00713	0.00633	0.04909	0.04305	0.02162	0.17424	0.21343	0.38127	0.01683	0.00812	0.00237	0.00383	0.01447	0.00662	0.00637
39	0.00911	0.00675	0.00850	0.00853	0.00999	0.00614	0.00622	0.01164	0.01734	0.02371	0.45465	0.21016	0.16957	0.01620	0.00822	0.00232	0.00343	0.01429	0.00707	0.00614
40	0.01807	0.72326	0.05464	0.01209	0.01791	0.02659	0.01217	0.02041	0.01382	0.01626	0.00957	0.01118	0.00878	0.00604	0.00493	0.00152	0.02727	0.00376	0.00293	0.00878
41	0.05903	0.12749	0.54688	0.01855	0.02756	0.01741	0.06918	0.02144	0.01434	0.02147	0.01187	0.01409	0.00873	0.00636	0.00621	0.00208	0.00958	0.00501	0.00301	0.00972
42	0.02099	0.02297	0.06894	0.04974	0.30385	0.23789	0.01729	0.15151	0.01979	0.02439	0.01278	0.01530	0.01017	0.00684	0.00658	0.00197	0.00947	0.00552	0.00405	0.00995
43	0.01006	0.00714	0.01003	0.01003	0.01109	0.00806	0.00753	0.01219	0.01113	0.01632	0.01919	0.02957	0.01836	0.15888	0.55862	0.00948	0.01515	0.00766	0.07370	0.00582
44	0.01067	0.00795	0.01118	0.01319	0.05848	0.00776	0.01000	0.01353	0.01589	0.02115	0.14270	0.17370	0.06866	0.01762	0.00889	0.00283	0.00546	0.39753	0.00631	0.00648
45	0.09802	0.63810	0.03161	0.01138	0.01677	0.02467	0.01106	0.01991	0.01348	0.01757	0.01009	0.01202	0.00918	0.00887	0.05180	0.00215	0.00783	0.00390	0.00311	0.00847
46	0.01643	0.01434	0.10562	0.06710	0.01995	0.01236	0.01311	0.08961	0.12362	0.11709	0.08174	0.04152	0.02666	0.01209	0.00778	0.00250	0.00667	0.22680	0.00616	0.00884
47	0.00847	0.00702	0.00746	0.00755	0.00974	0.00601	0.00580	0.01044	0.01591	0.01937	0.11811	0.06563	0.60417	0.01719	0.00820	0.00237	0.00369	0.07056	0.00644	0.00587
48	0.00834	0.00595	0.00794	0.00953	0.00992	0.00556	0.00635	0.00953	0.01310	0.01746	0.03771	0.75510	0.04525	0.02143	0.00873	0.00278	0.00397	0.01945	0.00635	0.00556
49	0.10587	0.02022	0.02015	0.27706	0.05730	0.26055	0.04974	0.06971	0.01710	0.04274	0.01221	0.01543	0.00938	0.00692	0.00639	0.00206	0.00967	0.00538	0.00381	0.00831
50	0.01091	0.00784	0.01087	0.01238	0.01399	0.00779	0.01080	0.01401	0.01574	0.02040	0.03749	0.07674	0.06525	0.01884	0.00940	0.00312	0.00619	0.64567	0.00630	0.00628
51	0.00832	0.00600	0.00789	0.00940	0.00989	0.00557	0.00629	0.00954	0.01322	0.01751	0.03926	0.72121	0.07814	0.02123	0.00870	0.00276	0.00394	0.01920	0.00635	0.00557
52	0.00842	0.00605	0.00791	0.00931	0.00982	0.00563	0.00623	0.00965	0.01328	0.01766	0.05832	0.67963	0.07469	0.04637	0.00958	0.00287	0.00402	0.01869	0.00631	0.00554
53	0.01615	0.01678	0.02231	0.02097	0.09527	0.08227	0.04144	0.01811	0.01203	0.01734	0.00973	0.01509	0.00922	0.01066	0.01877	0.00275	0.57410	0.00594	0.00310	0.00796
54	0.02503	0.08600	0.02059	0.01719	0.02089	0.68060	0.01311	0.02682	0.01899	0.01670	0.01050	0.01224	0.00881	0.00696	0.00604	0.00174	0.01197	0.00435	0.00348	0.00799
55	0.02344	0.01400	0.01665	0.05108	0.03881	0.01459	0.01110	0.31556	0.02381	0.22534	0.05740	0.02170	0.01671	0.00842	0.00660	0.00202	0.00625	0.00672	0.12949	0.01031
56	0.00943	0.00694	0.00883	0.00845	0.01009	0.00633	0.00630	0.01239	0.01864	0.02592	0.60618	0.08400	0.14159	0.01472	0.00810	0.00220	0.00329	0.01293	0.00734	0.00633
57	0.00834	0.00595	0.00794	0.00953	0.00992	0.00556	0.00635	0.00953	0.01310	0.01746	0.03771	0.75510	0.04525	0.02143	0.00873	0.00278	0.00397	0.01945	0.00635	0.00556
58	0.02459	0.03078	0.02033	0.02035	0.09904	0.65195	0.01409	0.02661	0.01896	0.01737	0.01083	0.01285	0.00904	0.00694	0.00624	0.00179	0.01187	0.00460	0.00351	0.00826
59	0.01862	0.73173	0.03519	0.01188	0.01772	0.02682	0.01176	0.04939	0.01468	0.01726	0.00981	0.01121	0.00890	0.00595	0.00450	0.00149	0.00733	0.00377	0.00309	0.00890
60	0.01188	0.00594	0.00891	0.00891	0.00891	0.00594	0.00594	0.00891	0.00891	0.01188	0.01188	0.02080	0.01188	0.02377	0.02674	0.80095	0.00594	0.00594	0.00297	0.00297
61	0.02307	0.01710	0.01864	0.01469	0.01962	0.01849	0.01201	0.56050	0.02861	0.03855	0.01868	0.08102	0.01544	0.00952	0.00698	0.00208	0.00700	0.03302	0.00658	0.06841
62	0.00874	0.00621	0.00779	0.00884	0.00930	0.00585	0.00575	0.00974	0.01269	0.01682	0.05569	0.52027	0.08453	0.19690	0.01489	0.00365	0.00455	0.01665	0.00586	0.00526
63	0.02165	0.41962	0.02838	0.01386	0.01903	0.15009	0.01230	0.17371	0.01909	0.04653	0.01184	0.01298	0.00971	0.00686	0.00585	0.00171	0.02882	0.00453	0.00411	0.00933
64	0.02515	0.10732	0.08585	0.01271	0.01811	0.01328	0.01150	0.07029	0.03621	0.44649	0.02275	0.04050	0.01590	0.03093	0.00736	0.00218	0.00641	0.00669	0.02978	0.01058
65	0.00834	0.00595	0.00794	0.00953	0.00992	0.00556	0.00635	0.00953	0.01310	0.01746	0.03771	0.75510	0.04525	0.02143	0.00873	0.00278	0.00397	0.01945	0.00635	0.00556
66	0.04611	0.25572	0.02295	0.01428	0.01856	0.39316	0.01167	0.02307	0.01697	0.01766	0.03356	0.01610	0.05045	0.00734	0.00566	0.00169	0.00944	0.00493	0.00366	0.04703
67	0.01394	0.03399	0.67076	0.02079	0.05931	0.01595	0.04798	0.02165	0.01455	0.02170	0.01236	0.01469	0.00882	0.00646	0.00657	0.00217	0.01007	0.00520	0.00293	0.01011
68	0.01849	0.65602	0.08537	0.01272	0.01871	0.07830	0.01282	0.02108	0.01435	0.01655	0.00979	0.01133	0.00877	0.00599	0.00468	0.00154	0.00789	0.00382	0.00297	0.00882
69	0.01388	0.07692	0.62646	0.01911	0.04739	0.01608	0.02338	0.02113	0.01470	0.02165	0.04818	0.01619	0.01161	0.00683	0.00646	0.00212	0.00953	0.00538	0.00314	0.00986
70	0.00960	0.00699	0.00903	0.00852	0.01017	0.00642	0.00639	0.01275	0.01917	0.02697	0.68017	0.05186	0.09795	0.01416	0.00807	0.00216	0.00324	0.01248	0.00747	0.00642
71	0.00975	0.00708	0.00918	0.00910	0.01053	0.00670	0.00674	0.01303	0.03853	0.02505	0.52482	0.17129	0.05762	0.03481	0.00892	0.00243	0.00367	0.04723	0.00716	0.00637
72	0.07527	0.05973	0.04989	0.07019	0.05659	0.20924	0.01297	0.14609	0.03831	0.02463	0.01349	0.01569	0.01066	0.00745	0.00709	0.00194	0.05873	0.00526	0.08422	0.05253
73	0.01400	0.00949	0.01170	0.01060	0.01311	0.00947	0.00833	0.09535	0.07839	0.08503	0.43053	0.06649	0.04775	0.01319	0.00789	0.00227	0.00445	0.07685	0.00732	0.00781
74	0.00847	0.00605	0.00810	0.00968	0.01014	0.00568	0.00659	0.00977	0.01323	0.01762	0.03763	0.72024	0.04495	0.02130	0.00877	0.00280	0.00409	0.05294	0.00635	0.00560
75	0.01315	0.02095	0.34312	0.01560	0.05600	0.01156	0.01617	0.01859	0.01689	0.06477	0.31132	0.03068	0.03303	0.00978	0.00720	0.00215	0.00683	0.00833	0.00521	0.00868
76	0.02679	0.01532	0.01843	0.01525	0.05006	0.01567	0.01203	0.35433	0.02535	0.32345	0.02168	0.02243	0.01523	0.00877	0.00699	0.00214	0.00678	0.04064	0.00734	0.01133
77	0.01829	0.76368	0.03585	0.01171	0.01756	0.02707	0.01171	0.02049	0.01390	0.01610	0.00951	0.01097	0.00878	0.00585	0.00439	0.00146	0.00732	0.00366	0.00293	0.00878
78	0.63316	0.01811	0.16716	0.01131	0.01683	0.01547	0.01134	0.02045	0.01226	0.02871	0.01013	0.01185	0.00769	0.00638	0.00473	0.00213	0.00635	0.00400	0.00394	0.00800
79	0.00995	0.00663	0.00746	0.00746	0.00746	0.00663	0.00415	0.00995	0.00995	0.01327	0.02156	0.04477	0.02487	0.75957	0.03482	0.00663	0.00663	0.00995	0.00415	0.00415
80	0.01482	0.01257	0.01452	0.01053	0.01649	0.00996	0.00843	0.04789	0.04145	0.02346	0.01295	0.01472	0.01061	0.00537	0.00522	0.00111	0.00519	0.00429	0.00429	0.73615
81	0.06086	0.01458	0.05552	0.23200	0.02797	0.01488	0.07660	0.11331	0.04625	0.06928	0.01698	0.03744	0.03216	0.00948	0.03251	0.00246	0.05175	0.00666	0.02700	0.07229
82	0.01519	0.01719	0.09593	0.02756	0.33576	0.06052	0.08118	0.01981	0.03809	0.02230	0.10642	0.02764	0.07944	0.00873	0.00722	0.00215	0.00776	0.03351	0.00435	0.00926
83	0.00834	0.00634	0.00769	0.00862	0.00972	0.00569	0.00598	0.00984	0.01433	0.01845	0.09208	0.48319	0.26586	0.01960	0.00848	0.00258	0.00376	0.01734	0.00643	0.00569
84	0.05013	0.01096	0.01433	0.01140	0.01580	0.00992	0.00926	0.06057	0.01990	0.50179	0.18860	0.02916	0.02766	0.00970	0.00708	0.00212	0.00527	0.00805	0.00803	0.01028
85	0.07035	0.01460	0.01949	0.30339	0.04980	0.06124	0.04962	0.09778	0.04967	0.02205	0.01475	0.06150	0.01254	0.01088	0.04784	0.00279	0.09260	0.00686	0.00405	0.00820
86	0.01497	0.01497	0.02095	0.01796	0.01796	0.02095	0.01497	0.01646	0.01048	0.01646	0.00898	0.01497	0.00898	0.01197	0.02245	0.00299	0.74704	0.00599	0.00299	0.00748
87	0.01275	0.00638	0.00638	0.00638	0.00797	0.00638	0.00478	0.01594	0.01435	0.02551	0.02232	0.02551	0.01754	0.00797	0.00478	0.00159	0.00319	0.00638	0.79755	0.00638
88	0.00838	0.00597	0.00792	0.00946	0.00985	0.00559	0.00628	0.00954	0.01300	0.01734	0.03721	0.73342	0.04463	0.04396	0.00953	0.00290	0.00405	0.01916	0.00628	0.00551
89	0.05935	0.03924	0.12448	0.23817	0.02976	0.05937	0.06422	0.06601	0.01464	0.02055	0.01168	0.01607	0.00938	0.00920	0.02990	0.00259	0.18786	0.00579	0.00341	0.00834
90	0.01218	0.00789	0.01017	0.00926	0.01137	0.00741	0.00706	0.01626	0.05782	0.09655	0.60657	0.04690	0.05737	0.01317	0.00789	0.00216	0.00361	0.01157	0.00759	0.00722
91	0.01016	0.00762	0.01060	0.01041	0.01119	0.00879	0.00767	0.01182	0.01065	0.01515	0.01867	0.03138	0.01887	0.25780	0.48028	0.00919	0.06235	0.00802	0.00376	0.00562
92	0.75695	0.01362	0.01074	0.00944	0.01375	0.01573	0.00777	0.06402	0.01298	0.03150	0.00998	0.01146	0.00768	0.00647	0.00440	0.00211	0.00544	0.00386	0.00440	0.00768
93	0.02279	0.10751	0.06792	0.01680	0.05792	0.05577	0.01384	0.42872	0.10303	0.03452	0.01615	0.01651	0.01197	0.00778	0.00651	0.00201	0.00770	0.00588	0.00579	0.01089
94	0.01732	0.01655	0.05695	0.09631	0.55029	0.01580	0.05597	0.02159	0.01566	0.06745	0.01376	0.01743	0.01097	0.00631	0.00684	0.00208	0.00833	0.00621	0.00367	0.01051
95	0.01001	0.00732	0.00948	0.00922	0.01084	0.00696	0.00699	0.01378	0.04890	0.02618	0.57880	0.10618	0.05920	0.01473	0.00818	0.00228	0.00362	0.06344	0.00732	0.00657
96	0.01979	0.34835	0.09165	0.01632	0.06662	0.27057	0.01379	0.02251	0.01618	0.01763	0.03083	0.01483	0.03084	0.00690	0.00557	0.00171	0.00916	0.00476	0.00339	0.00860
97	0.22422	0.16224	0.29969	0.01536	0.04814	0.05244	0.01606	0.02072	0.01421	0.02317	0.05664	0.01530	0.01209	0.00684	0.00561	0.00200	0.00791	0.00493	0.00360	0.00883

[dist]
# distance from previous block
# <min> <max>
0	5

[block]
# block no. 3 follows, 31 sequences, length 21
# corresponding to MSA columns:
# 306-326
name=unknown_D
#
# <colnr> <probs for GDERKNQSTAVLIFYWHMCP>
#	G	D	E	R	K	N	Q	S	T	A	V	L	I	F	Y	W	H	M	C	P
0	0.22800	0.04839	0.05131	0.06999	0.11832	0.01727	0.01296	0.18852	0.11528	0.02975	0.01718	0.01831	0.04158	0.00768	0.00609	0.00211	0.00678	0.00591	0.00503	0.00955
1	0.07553	0.07180	0.03757	0.05303	0.01657	0.05821	0.00991	0.18848	0.01859	0.02763	0.01692	0.01957	0.01328	0.01140	0.06966	0.00264	0.00722	0.00582	0.28794	0.00823
2	0.01234	0.00974	0.01335	0.08847	0.09215	0.01006	0.01022	0.01795	0.12193	0.04287	0.31868	0.12178	0.06010	0.01269	0.00774	0.00229	0.00499	0.03858	0.00634	0.00772
3	0.01188	0.00594	0.00891	0.00891	0.00891	0.00594	0.00594	0.00891	0.00891	0.01188	0.01188	0.02080	0.01188	0.02377	0.02674	0.80095	0.00594	0.00594	0.00297	0.00297
4	0.05272	0.01458	0.02422	0.30316	0.43274	0.01582	0.01961	0.01964	0.01468	0.02092	0.01245	0.01715	0.01003	0.00639	0.00668	0.00213	0.00837	0.00598	0.00330	0.00946
5	0.00847	0.00605	0.00809	0.00968	0.01013	0.00567	0.00658	0.00975	0.01323	0.01761	0.03764	0.72223	0.04496	0.02131	0.00877	0.00280	0.00408	0.05103	0.00635	0.00559
6	0.01776	0.50501	0.21497	0.01430	0.02105	0.08925	0.01541	0.02143	0.01455	0.01762	0.01034	0.01201	0.00875	0.00613	0.00511	0.00168	0.00851	0.00409	0.00297	0.00905
7	0.05737	0.02832	0.51205	0.01675	0.02536	0.01419	0.02021	0.02155	0.01479	0.07385	0.03476	0.01601	0.01113	0.00667	0.00625	0.00200	0.00862	0.00520	0.00368	0.12126
8	0.01405	0.01344	0.02317	0.53898	0.21222	0.01555	0.04852	0.01854	0.01426	0.01888	0.01241	0.01793	0.00960	0.00661	0.00688	0.00222	0.00898	0.00617	0.00314	0.00847
9	0.06882	0.01200	0.01837	0.39017	0.13985	0.01328	0.01539	0.01706	0.01381	0.01975	0.01568	0.12069	0.01447	0.00853	0.00670	0.00215	0.00748	0.00755	0.00377	0.10449
10	0.00962	0.00695	0.00909	0.00865	0.01021	0.00642	0.00645	0.01276	0.01910	0.02700	0.68413	0.08148	0.06372	0.01431	0.00810	0.00218	0.00326	0.01268	0.00748	0.00642
11	0.01275	0.00638	0.00638	0.00638	0.00797	0.00638	0.00478	0.01594	0.01435	0.02551	0.02232	0.02551	0.01754	0.00797	0.00478	0.00159	0.00319	0.00638	0.79755	0.00638
12	0.00934	0.00690	0.00875	0.00863	0.01020	0.00631	0.00644	0.01210	0.01792	0.02463	0.50933	0.13637	0.15910	0.01556	0.00821	0.00229	0.00348	0.04103	0.00716	0.00624
13	0.01511	0.01506	0.02143	0.01965	0.06699	0.02063	0.01539	0.01678	0.01084	0.01688	0.00925	0.01511	0.00911	0.01156	0.02135	0.00293	0.69521	0.00599	0.00302	0.00772
14	0.00983	0.00662	0.00767	0.00778	0.00787	0.00665	0.00452	0.01003	0.01022	0.01369	0.02253	0.09372	0.02592	0.67294	0.06731	0.00658	0.00702	0.01049	0.00428	0.00434
15	0.07225	0.01173	0.01557	0.01200	0.01724	0.01034	0.00991	0.03263	0.01916	0.68469	0.02606	0.02264	0.01643	0.00835	0.00674	0.00212	0.00579	0.00671	0.00824	0.01142
16	0.01323	0.01248	0.02109	0.68842	0.09937	0.01528	0.01916	0.01775	0.01383	0.01786	0.01222	0.01814	0.00925	0.00678	0.00683	0.00226	0.00904	0.00608	0.00307	0.00785
17	0.19617	0.07978	0.29484	0.01618	0.02293	0.01543	0.11100	0.02068	0.01482	0.05329	0.09766	0.01881	0.01578	0.00731	0.00625	0.00212	0.00798	0.00603	0.00408	0.00888
18	0.00860	0.00721	0.00751	0.00739	0.00966	0.00625	0.00555	0.01113	0.03999	0.01996	0.14915	0.06258	0.60805	0.01663	0.00804	0.00229	0.00350	0.01395	0.00652	0.00604
