[name]
unknown

[dist]
# distance from previous block
# <min> <max>
49	79

[block]
# block no. 0 follows, 30 sequences, length 25
# corresponding to MSA columns:
# 91-115
name=unknown_A
#
# <colnr> <probs for GDERKNQSTAVLIFYWHMCP>
#	G	D	E	R	K	N	Q	S	T	A	V	L	I	F	Y	W	H	M	C	P
0	0.01496	0.01156	0.01371	0.01279	0.04244	0.01181	0.00950	0.02468	0.28557	0.06668	0.26474	0.03503	0.03557	0.01076	0.00733	0.00214	0.00486	0.03081	0.00685	0.10821
1	0.05570	0.02116	0.01845	0.04042	0.02098	0.21129	0.01240	0.25023	0.18902	0.03009	0.01722	0.01756	0.01301	0.00796	0.00658	0.00202	0.00827	0.00593	0.00564	0.06609
2	0.01966	0.01780	0.01681	0.01456	0.01873	0.11945	0.01136	0.15890	0.38100	0.02916	0.02303	0.06428	0.01836	0.00935	0.00693	0.00216	0.00685	0.00752	0.00632	0.06779
3	0.01694	0.08662	0.01755	0.01494	0.06097	0.05820	0.01104	0.08825	0.34291	0.02591	0.02937	0.09641	0.09987	0.01082	0.00708	0.00225	0.00613	0.00897	0.00612	0.00963
4	0.01875	0.22084	0.02645	0.08638	0.02368	0.13367	0.08951	0.07042	0.09907	0.02092	0.01397	0.03235	0.01175	0.00810	0.00868	0.00212	0.11438	0.00599	0.00403	0.00895
5	0.01000	0.00729	0.01064	0.01080	0.01199	0.00830	0.00829	0.01241	0.01162	0.01692	0.02083	0.09709	0.02024	0.04687	0.61652	0.00986	0.01640	0.00861	0.04913	0.00619
6	0.01446	0.03319	0.61192	0.02267	0.09630	0.01633	0.06440	0.02205	0.01495	0.02218	0.01268	0.01522	0.00916	0.00655	0.00675	0.00221	0.01020	0.00544	0.00303	0.01033
7	0.01015	0.00677	0.00761	0.00761	0.00761	0.00677	0.00423	0.01015	0.01015	0.01353	0.02199	0.04567	0.02537	0.75476	0.03552	0.00677	0.00677	0.01015	0.00423	0.00423
8	0.02198	0.01685	0.01744	0.01432	0.01868	0.04778	0.01146	0.42067	0.14439	0.03617	0.02107	0.08560	0.01707	0.00972	0.00694	0.00215	0.00676	0.00774	0.08272	0.01049
9	0.01866	0.75896	0.03657	0.01194	0.01791	0.02761	0.01194	0.02090	0.01418	0.01642	0.00970	0.01119	0.00896	0.00597	0.00448	0.00149	0.00746	0.00373	0.00299	0.00896
10	0.58531	0.07387	0.01392	0.01051	0.01508	0.05930	0.00875	0.04553	0.01413	0.10272	0.01192	0.01291	0.00894	0.00678	0.00483	0.00208	0.00613	0.00425	0.00472	0.00831
11	0.13423	0.01755	0.01851	0.01458	0.01981	0.01933	0.01197	0.47095	0.09295	0.10386	0.01791	0.01755	0.01269	0.00824	0.00663	0.00214	0.00699	0.00616	0.00678	0.01119
12	0.02489	0.01793	0.02185	0.01974	0.11745	0.01919	0.03885	0.45505	0.06772	0.11852	0.01811	0.01828	0.01290	0.00808	0.00703	0.00212	0.00758	0.00653	0.00656	0.01162
13	0.01476	0.15429	0.60708	0.01859	0.02819	0.01807	0.02352	0.02190	0.01464	0.02117	0.01206	0.01415	0.00886	0.00652	0.00628	0.00209	0.00985	0.00492	0.00295	0.01009
14	0.01001	0.00728	0.00952	0.00936	0.01104	0.00679	0.00729	0.01320	0.01892	0.02628	0.55934	0.05742	0.09828	0.01530	0.00847	0.00237	0.00383	0.12139	0.00740	0.00652
15	0.01400	0.03610	0.71860	0.01989	0.03020	0.01621	0.02578	0.02210	0.01473	0.02210	0.01252	0.01473	0.00884	0.00663	0.00663	0.00221	0.01031	0.00516	0.00295	0.01031
16	0.00850	0.00607	0.00810	0.00972	0.01012	0.00567	0.00648	0.00972	0.01336	0.01781	0.03846	0.75020	0.04615	0.02186	0.00891	0.00283	0.00405	0.01984	0.00648	0.00567
17	0.01343	0.01266	0.02138	0.69588	0.08823	0.01557	0.01950	0.01805	0.01407	0.01813	0.01245	0.01852	0.00941	0.00693	0.00697	0.00231	0.00924	0.00620	0.00312	0.00795
18	0.00850	0.00607	0.00810	0.00972	0.01012	0.00567	0.00648	0.00972	0.01336	0.01781	0.03846	0.75020	0.04615	0.02186	0.00891	0.00283	0.00405	0.01984	0.00648	0.00567
19	0.01553	0.02036	0.15596	0.12181	0.07132	0.08157	0.23271	0.02021	0.01510	0.02005	0.01415	0.02066	0.01192	0.10631	0.01095	0.00276	0.00993	0.00690	0.00349	0.05830
20	0.00845	0.00627	0.00790	0.00920	0.00999	0.00571	0.00625	0.00977	0.01385	0.01801	0.04471	0.61773	0.17459	0.02105	0.00878	0.00274	0.00395	0.01885	0.00648	0.00571
21	0.61815	0.01368	0.01355	0.10772	0.09144	0.01573	0.01056	0.02026	0.01257	0.02866	0.01043	0.01291	0.00815	0.00652	0.00494	0.00217	0.00621	0.00435	0.00407	0.00795
22	0.32596	0.09690	0.02014	0.01508	0.04249	0.04618	0.08838	0.11813	0.11237	0.05128	0.01456	0.01565	0.01108	0.00713	0.00581	0.00211	0.00710	0.00543	0.00493	0.00930
23	0.24144	0.01347	0.07153	0.10644	0.02172	0.01271	0.09603	0.01745	0.01405	0.02320	0.02200	0.11595	0.04584	0.01262	0.03023	0.00279	0.00748	0.13290	0.00467	0.00749
24	0.04583	0.35774	0.19983	0.08475	0.02433	0.08613	0.01617	0.07443	0.01620	0.02073	0.01132	0.01336	0.00915	0.00655	0.00561	0.00185	0.00875	0.00460	0.00341	0.00928

[dist]
# distance from previous block
# <min> <max>
0	2

[block]
# block no. 1 follows, 30 sequences, length 20
# corresponding to MSA columns:
# 118-137
name=unknown_B
#
# <colnr> <probs for GDERKNQSTAVLIFYWHMCP>
#	G	D	E	R	K	N	Q	S	T	A	V	L	I	F	Y	W	H	M	C	P
0	0.01356	0.01333	0.04919	0.10580	0.02394	0.01247	0.18670	0.07324	0.04209	0.02345	0.12046	0.15363	0.10502	0.01161	0.00789	0.00234	0.00720	0.01089	0.00530	0.03188
1	0.09863	0.01778	0.01797	0.01461	0.01945	0.04498	0.01182	0.40608	0.19787	0.03697	0.02109	0.02056	0.04329	0.00882	0.00678	0.00217	0.00692	0.00674	0.00661	0.01085
2	0.05278	0.01541	0.01699	0.01297	0.01859	0.01514	0.01053	0.27595	0.09158	0.06851	0.01639	0.01688	0.01229	0.00707	0.00612	0.00168	0.00621	0.00547	0.00577	0.34367
3	0.01728	0.01505	0.02496	0.22291	0.45616	0.01584	0.01962	0.02204	0.04178	0.07524	0.01463	0.01846	0.01146	0.00673	0.00694	0.00216	0.00827	0.00634	0.00390	0.01025
4	0.01858	0.64480	0.06409	0.01384	0.01998	0.05294	0.06458	0.02132	0.01459	0.01713	0.01020	0.01198	0.00908	0.00604	0.00492	0.00160	0.00811	0.00417	0.00305	0.00901
5	0.00842	0.00708	0.00731	0.00725	0.00953	0.00596	0.00544	0.01034	0.01631	0.01981	0.13729	0.06559	0.64120	0.01732	0.00825	0.00234	0.00351	0.01451	0.00661	0.00596
6	0.01327	0.01015	0.01241	0.01128	0.01267	0.01146	0.00836	0.12383	0.01482	0.02022	0.02328	0.07546	0.07111	0.28603	0.17215	0.00588	0.10701	0.00930	0.00472	0.00658
7	0.00988	0.00713	0.00933	0.00878	0.01043	0.00658	0.00658	0.01317	0.01975	0.02798	0.70754	0.05213	0.06584	0.01427	0.00823	0.00219	0.00329	0.01262	0.00768	0.00658
8	0.01866	0.75896	0.03657	0.01194	0.01791	0.02761	0.01194	0.02090	0.01418	0.01642	0.00970	0.01119	0.00896	0.00597	0.00448	0.00149	0.00746	0.00373	0.00299	0.00896
9	0.08787	0.01195	0.01502	0.01194	0.01689	0.01105	0.00976	0.03149	0.08567	0.54412	0.02944	0.02623	0.06813	0.00922	0.00691	0.00219	0.00568	0.00742	0.00799	0.01102
10	0.02139	0.30112	0.06037	0.01637	0.04328	0.32945	0.01365	0.02511	0.06940	0.01820	0.01185	0.01346	0.00999	0.00702	0.00627	0.00180	0.03423	0.00462	0.00358	0.00883
11	0.27580	0.15424	0.32978	0.01488	0.02210	0.05538	0.01672	0.02167	0.01396	0.02388	0.01102	0.01288	0.00845	0.00649	0.00548	0.00205	0.00832	0.00442	0.00344	0.00905
12	0.05387	0.05049	0.01905	0.01679	0.07047	0.07355	0.01247	0.20372	0.36245	0.03117	0.02125	0.02065	0.01600	0.00848	0.00676	0.00218	0.00692	0.00673	0.00623	0.01079
13	0.02404	0.01750	0.01877	0.01467	0.01943	0.01926	0.01185	0.58031	0.02939	0.03964	0.01762	0.02055	0.01371	0.09662	0.01027	0.00263	0.00739	0.00675	0.03886	0.01074
14	0.00850	0.00607	0.00810	0.00972	0.01012	0.00567	0.00648	0.00972	0.01336	0.01781	0.03846	0.75020	0.04615	0.02186	0.00891	0.00283	0.00405	0.01984	0.00648	0.00567
15	0.02112	0.01247	0.01528	0.01388	0.05060	0.01268	0.01039	0.03067	0.28795	0.28428	0.12519	0.03014	0.05391	0.01002	0.00727	0.00225	0.00542	0.00843	0.00755	0.01051
16	0.00880	0.00709	0.00783	0.00765	0.00976	0.00613	0.00574	0.01108	0.01721	0.02194	0.28612	0.06207	0.49104	0.01652	0.00824	0.00230	0.00345	0.01401	0.00689	0.00613
17	0.05394	0.01458	0.02463	0.36777	0.32925	0.01608	0.05472	0.01973	0.01481	0.02085	0.01267	0.01769	0.01003	0.00657	0.00688	0.00221	0.00881	0.00620	0.00333	0.00924
18	0.01040	0.01039	0.07952	0.01024	0.01278	0.00809	0.00864	0.01484	0.06798	0.02461	0.39474	0.16973	0.13149	0.01489	0.00811	0.00234	0.00431	0.01304	0.00681	0.00704
19	0.01600	0.04519	0.05641	0.07875	0.33939	0.04488	0.17429	0.02021	0.01563	0.02124	0.01622	0.10870	0.01496	0.00819	0.00734	0.00222	0.00887	0.00818	0.00379	0.00955

[dist]
# distance from previous block
# <min> <max>
0	5

[block]
# block no. 2 follows, 30 sequences, length 11
# corresponding to MSA columns:
# 143-153
name=unknown_C
#
# <colnr> <probs for GDERKNQSTAVLIFYWHMCP>
#	G	D	E	R	K	N	Q	S	T	A	V	L	I	F	Y	W	H	M	C	P
0	0.01590	0.01598	0.02941	0.18985	0.03320	0.01736	0.32223	0.06946	0.01595	0.02194	0.01408	0.04022	0.01145	0.00797	0.01029	0.00244	0.13636	0.00754	0.02968	0.00869
1	0.02482	0.07224	0.02165	0.01576	0.02094	0.08415	0.03363	0.44481	0.02694	0.09404	0.01676	0.03613	0.01261	0.00842	0.00725	0.00205	0.02989	0.00635	0.00620	0.03535
2	0.73910	0.01535	0.06849	0.01006	0.01487	0.01570	0.00906	0.02064	0.01211	0.03055	0.00995	0.01162	0.00766	0.00649	0.00451	0.00216	0.00580	0.00389	0.00421	0.00778
3	0.08493	0.01454	0.01575	0.01303	0.01719	0.01570	0.01047	0.35365	0.06253	0.07615	0.02676	0.09131	0.10811	0.01404	0.06088	0.00290	0.00720	0.00865	0.00652	0.00969
4	0.01005	0.00757	0.00903	0.00871	0.01043	0.00671	0.00603	0.01171	0.01426	0.01949	0.15564	0.22939	0.13993	0.20157	0.01480	0.00336	0.00469	0.01289	0.00577	0.12799
5	0.01310	0.01022	0.01448	0.20256	0.09623	0.01052	0.01163	0.01685	0.04292	0.07785	0.12521	0.04176	0.24897	0.03044	0.00834	0.00241	0.00595	0.02732	0.00558	0.00769
6	0.01775	0.01440	0.01536	0.01373	0.01768	0.01634	0.01070	0.03551	0.62217	0.07084	0.03050	0.02799	0.05606	0.00983	0.00715	0.00235	0.00545	0.00818	0.00716	0.01083
7	0.01044	0.00690	0.00927	0.01030	0.01104	0.00670	0.00714	0.01177	0.01371	0.06766	0.03636	0.66527	0.04243	0.02048	0.00940	0.00280	0.03734	0.01830	0.00648	0.00620
8	0.00993	0.00737	0.00935	0.01032	0.01183	0.00698	0.00828	0.01224	0.01536	0.01969	0.07497	0.16756	0.21561	0.07391	0.01104	0.00315	0.00522	0.32483	0.00634	0.00602
9	0.01472	0.10334	0.57610	0.02021	0.02974	0.01746	0.09968	0.02201	0.01488	0.02158	0.01243	0.01486	0.00905	0.00648	0.00661	0.00216	0.01021	0.00537	0.00302	0.01008
10	0.01682	0.01433	0.01506	0.01348	0.01733	0.01627	0.01050	0.07094	0.58133	0.02883	0.03266	0.03029	0.10071	0.01036	0.00723	0.00235	0.00541	0.00859	0.00702	0.01049

[dist]
# distance from previous block
# <min> <max>
0	1

[block]
# block no. 3 follows, 30 sequences, length 100
# corresponding to MSA columns:
# 155-254
name=unknown_D
#
# <colnr> <probs for GDERKNQSTAVLIFYWHMCP>
#	G	D	E	R	K	N	Q	S	T	A	V	L	I	F	Y	W	H	M	C	P
0	0.01795	0.01733	0.05237	0.01981	0.04435	0.01703	0.21722	0.14928	0.16613	0.02747	0.01722	0.01922	0.01316	0.00870	0.02796	0.00239	0.04895	0.00690	0.00499	0.12157
1	0.00850	0.00607	0.00810	0.00972	0.01012	0.00567	0.00648	0.00972	0.01336	0.01781	0.03846	0.75020	0.04615	0.02186	0.00891	0.00283	0.00405	0.01984	0.00648	0.00567
2	0.01008	0.00705	0.00905	0.00905	0.00955	0.00755	0.00602	0.01107	0.01057	0.01460	0.02067	0.03838	0.02221	0.47439	0.31156	0.00854	0.01153	0.00908	0.00403	0.00503
3	0.09466	0.27423	0.42085	0.01617	0.02444	0.01994	0.01935	0.02154	0.01426	0.02113	0.01130	0.01322	0.00875	0.00640	0.00568	0.00197	0.00887	0.00454	0.00310	0.00959
4	0.01623	0.01540	0.02609	0.16553	0.56176	0.01596	0.02030	0.02028	0.01529	0.02150	0.01339	0.01876	0.01137	0.03927	0.00818	0.00232	0.00840	0.00639	0.00343	0.01016
5	0.00825	0.00707	0.00707	0.00707	0.00943	0.00589	0.00530	0.01001	0.01591	0.01885	0.07069	0.06716	0.70839	0.01767	0.00825	0.00236	0.00353	0.01473	0.00648	0.00589
6	0.01621	0.01508	0.02532	0.03756	0.58868	0.01508	0.01963	0.02019	0.01592	0.02246	0.01732	0.02808	0.01617	0.00851	0.00739	0.00227	0.00796	0.12195	0.00398	0.01024
7	0.01635	0.01352	0.01548	0.01123	0.01733	0.01123	0.00905	0.12218	0.01733	0.02605	0.01308	0.01483	0.01057	0.00567	0.00545	0.00120	0.00556	0.00447	0.00458	0.67484
8	0.02891	0.01507	0.01809	0.01394	0.01937	0.01508	0.01149	0.29762	0.04810	0.42202	0.02322	0.02101	0.01523	0.00856	0.00701	0.00214	0.00663	0.00675	0.00792	0.01184
9	0.01400	0.03610	0.71860	0.01989	0.03020	0.01621	0.02578	0.02210	0.01473	0.02210	0.01252	0.01473	0.00884	0.00663	0.00663	0.00221	0.01031	0.00516	0.00295	0.01031
10	0.01736	0.01499	0.01578	0.01420	0.01815	0.01736	0.01105	0.03708	0.69862	0.02919	0.02840	0.02604	0.02130	0.00947	0.00710	0.00237	0.00552	0.00789	0.00710	0.01105
11	0.00825	0.00707	0.00707	0.00707	0.00943	0.00589	0.00530	0.01001	0.01591	0.01885	0.07069	0.06716	0.70839	0.01767	0.00825	0.00236	0.00353	0.01473	0.00648	0.00589
12	0.01212	0.00606	0.00909	0.00909	0.00909	0.00606	0.00606	0.00909	0.00909	0.01212	0.01212	0.02121	0.01212	0.02424	0.02727	0.79697	0.00606	0.00606	0.00303	0.00303
13	0.00989	0.00740	0.01104	0.01113	0.01233	0.00855	0.00860	0.01231	0.01134	0.01629	0.01981	0.06815	0.01906	0.05062	0.68663	0.01074	0.01787	0.00817	0.00389	0.00620
14	0.00830	0.00686	0.00729	0.00763	0.00957	0.00584	0.00555	0.00995	0.01536	0.01863	0.06381	0.21298	0.56701	0.01857	0.00839	0.00246	0.00364	0.01582	0.00648	0.00584
15	0.01866	0.75896	0.03657	0.01194	0.01791	0.02761	0.01194	0.02090	0.01418	0.01642	0.00970	0.01119	0.00896	0.00597	0.00448	0.00149	0.00746	0.00373	0.00299	0.00896
16	0.01662	0.44313	0.33455	0.01541	0.02328	0.02263	0.01799	0.02142	0.01442	0.01890	0.01093	0.01274	0.00890	0.00626	0.00542	0.00181	0.00871	0.00435	0.00297	0.00955
17	0.01954	0.69518	0.03502	0.01213	0.01806	0.02660	0.01192	0.04937	0.01521	0.04834	0.01078	0.01198	0.00944	0.00619	0.00469	0.00155	0.00740	0.00398	0.00340	0.00921
18	0.01599	0.02216	0.17189	0.02757	0.03526	0.01737	0.55851	0.02230	0.01614	0.02230	0.01381	0.01803	0.01025	0.00603	0.00793	0.00233	0.01148	0.00764	0.00342	0.00959
19	0.00850	0.00607	0.00810	0.00972	0.01012	0.00567	0.00648	0.00972	0.01336	0.01781	0.03846	0.75020	0.04615	0.02186	0.00891	0.00283	0.00405	0.01984	0.00648	0.00567
20	0.00981	0.00713	0.00923	0.00871	0.01038	0.00655	0.00653	0.01303	0.01959	0.02759	0.68034	0.05277	0.09329	0.01441	0.00823	0.00220	0.00330	0.01271	0.00763	0.00655
21	0.00893	0.00710	0.00802	0.00779	0.00985	0.00618	0.00584	0.01134	0.01752	0.02269	0.33824	0.06084	0.43845	0.01624	0.00824	0.00229	0.00343	0.01384	0.00698	0.00618
22	0.02617	0.03006	0.02005	0.01753	0.02159	0.56232	0.01343	0.18179	0.02281	0.02335	0.01218	0.01356	0.00966	0.00747	0.00645	0.00187	0.01144	0.00491	0.00438	0.00897
23	0.00917	0.00640	0.00838	0.00977	0.01031	0.00610	0.00676	0.01056	0.01339	0.01800	0.03597	0.56772	0.04223	0.10028	0.01174	0.00326	0.00461	0.09722	0.03250	0.00563
24	0.01688	0.01618	0.02762	0.10912	0.64799	0.01648	0.02122	0.02107	0.01570	0.02232	0.01306	0.01740	0.01089	0.00629	0.00691	0.00210	0.00839	0.00622	0.00342	0.01074
25	0.01727	0.01658	0.02832	0.04283	0.71123	0.01658	0.02142	0.02142	0.01589	0.02280	0.01313	0.01727	0.01105	0.00622	0.00691	0.00207	0.00829	0.00622	0.00345	0.01105
26	0.01532	0.01658	0.03365	0.02478	0.03004	0.01651	0.49061	0.02020	0.01615	0.02242	0.11720	0.02331	0.01866	0.00802	0.01028	0.00243	0.11242	0.00859	0.00408	0.00874
27	0.01993	0.63403	0.03368	0.01298	0.01854	0.14796	0.01221	0.02210	0.01514	0.01653	0.00989	0.01143	0.00896	0.00618	0.00479	0.00155	0.00834	0.00386	0.00309	0.00881
28	0.13517	0.01428	0.01654	0.01245	0.01811	0.01328	0.04725	0.16292	0.01812	0.02844	0.01383	0.03721	0.01136	0.00661	0.00572	0.00156	0.00608	0.00526	0.00481	0.44100
29	0.01636	0.27474	0.45302	0.01700	0.02554	0.04151	0.02042	0.02219	0.01484	0.03826	0.01193	0.01373	0.00910	0.00648	0.00592	0.00196	0.00932	0.00471	0.00313	0.00984
30	0.00858	0.00613	0.00817	0.00966	0.01014	0.00572	0.00648	0.00991	0.01372	0.01839	0.07617	0.71086	0.04726	0.02143	0.00887	0.00280	0.00401	0.01943	0.00655	0.00572
31	0.01752	0.01783	0.04907	0.04116	0.66340	0.04440	0.02124	0.02169	0.01601	0.02255	0.01302	0.01701	0.01091	0.00627	0.00688	0.00207	0.00852	0.00612	0.00344	0.01091
32	0.01212	0.00606	0.00909	0.00909	0.00909	0.00606	0.00606	0.00909	0.00909	0.01212	0.01212	0.02121	0.01212	0.02424	0.02727	0.79697	0.00606	0.00606	0.00303	0.00303
33	0.01447	0.01240	0.01447	0.01034	0.01654	0.00930	0.00827	0.01757	0.01447	0.02274	0.01240	0.01447	0.01034	0.00517	0.00517	0.00103	0.00517	0.00413	0.00413	0.79742
34	0.01866	0.75896	0.03657	0.01194	0.01791	0.02761	0.01194	0.02090	0.01418	0.01642	0.00970	0.01119	0.00896	0.00597	0.00448	0.00149	0.00746	0.00373	0.00299	0.00896
35	0.00831	0.00707	0.00716	0.00714	0.00946	0.00592	0.00535	0.01014	0.01605	0.01920	0.09526	0.06658	0.68361	0.01754	0.00825	0.00235	0.00353	0.01465	0.00653	0.00592
36	0.01069	0.00783	0.01024	0.01024	0.01201	0.00760	0.00816	0.01488	0.05696	0.02603	0.47847	0.05822	0.05603	0.01542	0.00857	0.00249	0.00431	0.19776	0.00729	0.00679
37	0.01410	0.03536	0.68966	0.02030	0.03047	0.01627	0.05398	0.02211	0.01481	0.02211	0.01259	0.01491	0.00891	0.00660	0.00670	0.00222	0.01038	0.00529	0.00297	0.01027
38	0.02601	0.01929	0.02065	0.01595	0.02144	0.02140	0.01314	0.65128	0.07033	0.04315	0.01741	0.01728	0.01240	0.00844	0.00699	0.00211	0.00756	0.00637	0.00699	0.01182
39	0.01212	0.00606	0.00909	0.00909	0.00909	0.00606	0.00606	0.00909	0.00909	0.01212	0.01212	0.02121	0.01212	0.02424	0.02727	0.79697	0.00606	0.00606	0.00303	0.00303
40	0.01400	0.03610	0.71860	0.01989	0.03020	0.01621	0.02578	0.02210	0.01473	0.02210	0.01252	0.01473	0.00884	0.00663	0.00663	0.00221	0.01031	0.00516	0.00295	0.01031
41	0.02653	0.01955	0.02094	0.01606	0.02164	0.02164	0.01326	0.68796	0.03281	0.04398	0.01675	0.01675	0.01187	0.00838	0.00698	0.00209	0.00768	0.00628	0.00698	0.01187
42	0.00850	0.00607	0.00810	0.00972	0.01012	0.00567	0.00648	0.00972	0.01336	0.01781	0.03846	0.75020	0.04615	0.02186	0.00891	0.00283	0.00405	0.01984	0.00648	0.00567
43	0.02179	0.01691	0.01743	0.01472	0.01924	0.05759	0.01169	0.21068	0.40969	0.10571	0.02420	0.02255	0.01765	0.00896	0.00701	0.00224	0.00654	0.00718	0.00704	0.01119
44	0.02417	0.01079	0.01415	0.01160	0.01585	0.00976	0.00937	0.02821	0.07190	0.47001	0.14185	0.05225	0.06586	0.01083	0.00743	0.00224	0.00530	0.03005	0.00811	0.01027
45	0.80405	0.01350	0.01026	0.00918	0.01350	0.01565	0.00756	0.02051	0.01188	0.03131	0.00972	0.01134	0.00756	0.00648	0.00432	0.00216	0.00540	0.00378	0.00432	0.00756
46	0.01879	0.01333	0.01504	0.01270	0.01652	0.01393	0.01039	0.32942	0.02465	0.07164	0.13628	0.04056	0.14464	0.01253	0.00779	0.00233	0.00600	0.10723	0.00701	0.00921
47	0.01554	0.01182	0.01387	0.01318	0.01612	0.01267	0.01086	0.16840	0.16053	0.02787	0.07005	0.08978	0.06115	0.01462	0.00834	0.00267	0.00608	0.28112	0.00676	0.00853
48	0.01647	0.01882	0.04118	0.02941	0.03647	0.01765	0.68588	0.02235	0.01647	0.02235	0.01412	0.01882	0.01059	0.00588	0.00824	0.00235	0.01176	0.00824	0.00353	0.00941
49	0.00850	0.00607	0.00810	0.00972	0.01012	0.00567	0.00648	0.00972	0.01336	0.01781	0.03846	0.75020	0.04615	0.02186	0.00891	0.00283	0.00405	0.01984	0.00648	0.00567
50	0.00857	0.00610	0.00808	0.00962	0.01001	0.00572	0.00638	0.00974	0.01322	0.01763	0.03774	0.71922	0.04524	0.05409	0.01008	0.00301	0.00417	0.01941	0.00638	0.00560
51	0.01645	0.01616	0.02880	0.16229	0.50299	0.01654	0.11217	0.02092	0.01563	0.02187	0.01314	0.01772	0.01068	0.00630	0.00710	0.00216	0.00894	0.00649	0.00340	0.01025
52	0.77173	0.01343	0.01050	0.00931	0.01368	0.01543	0.00767	0.02108	0.01221	0.05994	0.01046	0.01186	0.00796	0.00657	0.00443	0.00216	0.00542	0.00391	0.00450	0.00774
53	0.02061	0.01427	0.01588	0.01379	0.01807	0.01570	0.01086	0.03637	0.54063	0.18909	0.02820	0.02550	0.02036	0.00927	0.00708	0.00232	0.00562	0.00769	0.00746	0.01124
54	0.02653	0.01955	0.02094	0.01606	0.02164	0.02164	0.01326	0.68796	0.03281	0.04398	0.01675	0.01675	0.01187	0.00838	0.00698	0.00209	0.00768	0.00628	0.00698	0.01187
55	0.00834	0.00707	0.00720	0.00717	0.00948	0.00593	0.00537	0.01019	0.01612	0.01937	0.10658	0.06631	0.67219	0.01748	0.00825	0.00235	0.00352	0.01461	0.00655	0.00593
56	0.01015	0.00737	0.01067	0.01067	0.01184	0.00845	0.00816	0.01249	0.01132	0.01654	0.01918	0.02876	0.01809	0.10461	0.63262	0.01033	0.01689	0.00763	0.04813	0.00609
57	0.00851	0.00650	0.00782	0.00872	0.00990	0.00581	0.00607	0.01006	0.01470	0.01888	0.09601	0.46207	0.28011	0.01987	0.00863	0.00262	0.00382	0.01754	0.00656	0.00581
58	0.00982	0.00713	0.00925	0.00872	0.01039	0.00656	0.00654	0.01306	0.01962	0.02767	0.68590	0.05264	0.08768	0.01438	0.00823	0.00220	0.00330	0.01269	0.00764	0.00656
59	0.80405	0.01350	0.01026	0.00918	0.01350	0.01565	0.00756	0.02051	0.01188	0.03131	0.00972	0.01134	0.00756	0.00648	0.00432	0.00216	0.00540	0.00378	0.00432	0.00756
60	0.01801	0.55302	0.19147	0.01410	0.02092	0.06427	0.01519	0.02156	0.01462	0.01775	0.01041	0.01208	0.00893	0.00619	0.00507	0.00167	0.00840	0.00410	0.00301	0.00922
61	0.02653	0.01955	0.02094	0.01606	0.02164	0.02164	0.01326	0.68796	0.03281	0.04398	0.01675	0.01675	0.01187	0.00838	0.00698	0.00209	0.00768	0.00628	0.00698	0.01187
62	0.01839	0.01550	0.01636	0.01441	0.01854	0.01784	0.01129	0.11032	0.62370	0.03086	0.02709	0.02499	0.02024	0.00934	0.00709	0.00234	0.00577	0.00771	0.00709	0.01114
63	0.01436	0.09245	0.66543	0.01927	0.02924	0.01710	0.02470	0.02201	0.01469	0.02166	0.01230	0.01446	0.00885	0.00658	0.00646	0.00215	0.01009	0.00505	0.00295	0.01021
64	0.00830	0.00707	0.00715	0.00713	0.00946	0.00591	0.00535	0.01012	0.01604	0.01916	0.09223	0.06665	0.68667	0.01756	0.00825	0.00235	0.00353	0.01466	0.00652	0.00591
65	0.02607	0.03326	0.01978	0.01798	0.02157	0.72674	0.01348	0.02787	0.01978	0.01708	0.01079	0.01258	0.00899	0.00719	0.00629	0.00180	0.01258	0.00449	0.00360	0.00809
66	0.01633	0.04029	0.06197	0.02748	0.03391	0.01826	0.57694	0.02174	0.01577	0.02162	0.01344	0.01811	0.01034	0.00655	0.00954	0.00239	0.08485	0.00779	0.00345	0.00925
67	0.01657	0.01586	0.02705	0.16250	0.59707	0.01640	0.02107	0.02080	0.01556	0.02194	0.01300	0.01750	0.01075	0.00635	0.00692	0.00212	0.00846	0.00621	0.00339	0.01049
68	0.00946	0.00712	0.00875	0.00834	0.01017	0.00641	0.00625	0.01236	0.01876	0.02563	0.54328	0.05600	0.23158	0.01514	0.00823	0.00224	0.00335	0.01316	0.00737	0.00641
69	0.02980	0.01295	0.01662	0.01280	0.01808	0.01202	0.01055	0.14282	0.02192	0.57691	0.02554	0.02267	0.01639	0.00857	0.00693	0.00213	0.00613	0.00687	0.03863	0.01167
70	0.01399	0.01541	0.07528	0.51062	0.06197	0.01631	0.11873	0.01885	0.01422	0.01889	0.01246	0.01809	0.00950	0.00713	0.00823	0.00236	0.06012	0.00642	0.00316	0.00827
71	0.01400	0.03610	0.71860	0.01989	0.03020	0.01621	0.02578	0.02210	0.01473	0.02210	0.01252	0.01473	0.00884	0.00663	0.00663	0.00221	0.01031	0.00516	0.00295	0.01031
72	0.00850	0.00607	0.00810	0.00972	0.01012	0.00567	0.00648	0.00972	0.01336	0.01781	0.03846	0.75020	0.04615	0.02186	0.00891	0.00283	0.00405	0.01984	0.00648	0.00567
73	0.03131	0.01188	0.01619	0.01242	0.01781	0.01026	0.01026	0.03401	0.01997	0.71606	0.02753	0.02375	0.01727	0.00864	0.00702	0.00216	0.00594	0.00702	0.00864	0.01188
74	0.05517	0.00834	0.01000	0.00933	0.01140	0.00823	0.00708	0.01606	0.09253	0.02800	0.57377	0.04752	0.07921	0.01342	0.00789	0.00222	0.00366	0.01168	0.00739	0.00710
75	0.75687	0.01340	0.01062	0.00937	0.01376	0.01532	0.00772	0.02134	0.01237	0.07312	0.01080	0.01209	0.00815	0.00661	0.00448	0.00216	0.00543	0.00398	0.00458	0.00782
76	0.00850	0.00607	0.00810	0.00972	0.01012	0.00567	0.00648	0.00972	0.01336	0.01781	0.03846	0.75020	0.04615	0.02186	0.00891	0.00283	0.00405	0.01984	0.00648	0.00567
77	0.80405	0.01350	0.01026	0.00918	0.01350	0.01565	0.00756	0.02051	0.01188	0.03131	0.00972	0.01134	0.00756	0.00648	0.00432	0.00216	0.00540	0.00378	0.00432	0.00756
78	0.00997	0.00748	0.01121	0.01121	0.01246	0.00872	0.00872	0.01246	0.01121	0.01620	0.01869	0.02741	0.01745	0.05234	0.72710	0.01121	0.01869	0.00748	0.00374	0.00623
79	0.01849	0.01540	0.01637	0.01443	0.01852	0.01763	0.01139	0.13360	0.57222	0.03108	0.02699	0.02671	0.02063	0.00969	0.00718	0.00236	0.00588	0.03337	0.00706	0.01099
80	0.01447	0.01240	0.01447	0.01034	0.01654	0.00930	0.00827	0.01757	0.01447	0.02274	0.01240	0.01447	0.01034	0.00517	0.00517	0.00103	0.00517	0.00413	0.00413	0.79742
81	0.00857	0.00610	0.00808	0.00963	0.01002	0.00571	0.00639	0.00973	0.01323	0.01765	0.03782	0.72259	0.04534	0.05059	0.00995	0.00299	0.00416	0.01946	0.00639	0.00561
82	0.05478	0.29415	0.04475	0.01364	0.01886	0.08188	0.01211	0.25362	0.04340	0.02822	0.03503	0.01599	0.01259	0.00745	0.00578	0.00183	0.00752	0.00530	0.05335	0.00972
83	0.01873	0.01567	0.01655	0.01448	0.01867	0.01800	0.01138	0.13449	0.59897	0.03140	0.02666	0.02465	0.01989	0.00930	0.00708	0.00233	0.00585	0.00765	0.00708	0.01117
84	0.01674	0.01784	0.08576	0.03694	0.54928	0.01631	0.03894	0.02255	0.07330	0.02319	0.01531	0.02021	0.01284	0.00702	0.00704	0.00216	0.00825	0.03171	0.00383	0.01077
85	0.01542	0.03415	0.65004	0.01936	0.02920	0.01626	0.02443	0.06000	0.01597	0.05235	0.01339	0.01522	0.00936	0.00681	0.00667	0.00220	0.00998	0.00530	0.00341	0.01047
86	0.00850	0.00607	0.00810	0.00972	0.01012	0.00567	0.00648	0.00972	0.01336	0.01781	0.03846	0.75020	0.04615	0.02186	0.00891	0.00283	0.00405	0.01984	0.00648	0.00567
87	0.00850	0.00607	0.00810	0.00972	0.01012	0.00567	0.00648	0.00972	0.01336	0.01781	0.03846	0.75020	0.04615	0.02186	0.00891	0.00283	0.00405	0.01984	0.00648	0.00567
88	0.01400	0.03610	0.71860	0.01989	0.03020	0.01621	0.02578	0.02210	0.01473	0.02210	0.01252	0.01473	0.00884	0.00663	0.00663	0.00221	0.01031	0.00516	0.00295	0.01031
89	0.02185	0.01494	0.01665	0.01400	0.01849	0.01631	0.01116	0.16028	0.40421	0.17870	0.04796	0.02461	0.02008	0.00924	0.00710	0.00226	0.00595	0.00755	0.00742	0.01124
90	0.01005	0.00714	0.00949	0.00948	0.01016	0.00775	0.00658	0.01142	0.01100	0.01535	0.04250	0.03662	0.02266	0.37477	0.38516	0.00887	0.01270	0.00887	0.00409	0.00532
91	0.02674	0.01488	0.01753	0.01391	0.01904	0.01528	0.01134	0.23144	0.17628	0.35957	0.02448	0.02216	0.01655	0.00875	0.00703	0.00219	0.00637	0.00699	0.00779	0.01169
92	0.01799	0.01815	0.02699	0.07919	0.59946	0.09325	0.02044	0.02191	0.01620	0.02190	0.01283	0.01684	0.01073	0.00637	0.00685	0.00206	0.00881	0.00603	0.00345	0.01055
93	0.01652	0.01870	0.04045	0.03017	0.07437	0.01759	0.64856	0.02230	0.01644	0.02238	0.01406	0.01874	0.01061	0.00590	0.00816	0.00234	0.01157	0.00812	0.00353	0.00950
94	0.01973	0.04716	0.01798	0.01431	0.01898	0.01832	0.01147	0.21592	0.42872	0.03224	0.02307	0.02189	0.01726	0.00867	0.00680	0.00215	0.00617	0.00696	0.00665	0.07556
95	0.00901	0.00714	0.00816	0.00819	0.01020	0.00628	0.00626	0.01135	0.01698	0.02172	0.25644	0.08750	0.43340	0.01695	0.00839	0.00240	0.00374	0.07292	0.00683	0.00614
96	0.01805	0.66536	0.12488	0.01297	0.01950	0.02614	0.01373	0.02105	0.01425	0.01715	0.01007	0.01165	0.00894	0.00606	0.00476	0.00159	0.00783	0.00392	0.00298	0.00913
97	0.02622	0.01940	0.02077	0.01599	0.02153	0.02150	0.01319	0.66645	0.05481	0.04349	0.01714	0.01706	0.01218	0.00841	0.00698	0.00210	0.00761	0.00634	0.00698	0.01184
98	0.01171	0.00611	0.00884	0.00900	0.00910	0.00607	0.00598	0.00945	0.00975	0.01322	0.01550	0.09399	0.01623	0.05465	0.02504	0.65757	0.00580	0.00760	0.03094	0.00346
99	0.00939	0.00693	0.00882	0.00903	0.01048	0.00636	0.00668	0.01195	0.01738	0.02367	0.40458	0.22539	0.15549	0.01696	0.00849	0.00244	0.00372	0.05887	0.00712	0.00625

[dist]
# distance from previous block
# <min> <max>
0	8

[block]
# block no. 4 follows, 30 sequences, length 60
# corresponding to MSA columns:
# 263-322
name=unknown_E
#
# <colnr> <probs for GDERKNQSTAVLIFYWHMCP>
#	G	D	E	R	K	N	Q	S	T	A	V	L	I	F	Y	W	H	M	C	P
0	0.03986	0.01206	0.01074	0.01118	0.01276	0.14168	0.00797	0.01519	0.05207	0.01944	0.07305	0.44184	0.10147	0.01708	0.00806	0.00251	0.00568	0.01486	0.00597	0.00655
1	0.02565	0.01719	0.17162	0.01399	0.02022	0.01179	0.01356	0.03051	0.05616	0.49046	0.05772	0.02327	0.01802	0.00851	0.00700	0.00218	0.00676	0.00693	0.00724	0.01122
2	0.01425	0.07507	0.68183	0.01946	0.02954	0.01682	0.02504	0.02203	0.01470	0.02179	0.01237	0.01454	0.00885	0.00659	0.00651	0.00217	0.01016	0.00508	0.00295	0.01024
3	0.80405	0.01350	0.01026	0.00918	0.01350	0.01565	0.00756	0.02051	0.01188	0.03131	0.00972	0.01134	0.00756	0.00648	0.00432	0.00216	0.00540	0.00378	0.00432	0.00756
4	0.02338	0.01828	0.03839	0.01510	0.02039	0.01916	0.01260	0.52350	0.02796	0.03807	0.01603	0.01777	0.01214	0.04481	0.00878	0.00223	0.03668	0.00616	0.00621	0.11235
5	0.01898	0.61538	0.09943	0.01332	0.01945	0.09889	0.01341	0.02173	0.01481	0.01702	0.01008	0.01167	0.00895	0.00616	0.00487	0.00159	0.00826	0.00395	0.00304	0.00899
6	0.02784	0.01606	0.01865	0.01435	0.01973	0.01659	0.01183	0.40450	0.02725	0.31031	0.04536	0.02078	0.01591	0.00869	0.00704	0.00212	0.00683	0.00680	0.00766	0.01168
7	0.00981	0.00713	0.00924	0.00871	0.01039	0.00656	0.00653	0.01304	0.01960	0.02762	0.68213	0.05273	0.09148	0.01440	0.00823	0.00220	0.00330	0.01270	0.00763	0.00656
8	0.03043	0.01168	0.01591	0.01227	0.01751	0.01011	0.01011	0.03316	0.01996	0.68798	0.05528	0.02491	0.01926	0.00887	0.00707	0.00216	0.00583	0.00725	0.00860	0.01166
9	0.01565	0.06016	0.57945	0.01993	0.02934	0.04168	0.07720	0.02287	0.01529	0.05589	0.01322	0.01530	0.00941	0.00666	0.00669	0.00218	0.01019	0.00542	0.00330	0.01019
10	0.10772	0.01204	0.01561	0.01210	0.01739	0.01079	0.00999	0.03267	0.01917	0.64835	0.02577	0.02252	0.01631	0.00842	0.00675	0.00216	0.00588	0.00670	0.00821	0.01145
11	0.01400	0.03610	0.71860	0.01989	0.03020	0.01621	0.02578	0.02210	0.01473	0.02210	0.01252	0.01473	0.00884	0.00663	0.00663	0.00221	0.01031	0.00516	0.00295	0.01031
12	0.17902	0.01796	0.03701	0.03542	0.01932	0.07357	0.01161	0.36036	0.04776	0.03525	0.01575	0.01677	0.01167	0.00782	0.00614	0.00205	0.00713	0.00569	0.09982	0.00987
13	0.02537	0.01238	0.01558	0.01238	0.01696	0.01182	0.01006	0.14493	0.05294	0.42316	0.16745	0.02854	0.02663	0.00980	0.00727	0.00216	0.00567	0.00810	0.00808	0.01073
14	0.00890	0.00701	0.00804	0.00797	0.00988	0.00614	0.00590	0.01121	0.01717	0.02230	0.31488	0.12220	0.40010	0.01672	0.00830	0.00234	0.00349	0.01437	0.00695	0.00614
15	0.00849	0.00612	0.00805	0.00960	0.01009	0.00568	0.00642	0.00973	0.01348	0.01786	0.03992	0.71925	0.07616	0.02167	0.00888	0.00281	0.00403	0.01961	0.00648	0.00568
16	0.01417	0.03490	0.67187	0.02055	0.03063	0.01631	0.07131	0.02212	0.01485	0.02212	0.01263	0.01502	0.00896	0.00658	0.00674	0.00222	0.01041	0.00537	0.00299	0.01025
17	0.02650	0.02029	0.02088	0.01616	0.02164	0.05966	0.01328	0.65237	0.03211	0.04253	0.01643	0.01653	0.01171	0.00831	0.00694	0.00208	0.00794	0.00619	0.00680	0.01166
18	0.00847	0.00620	0.00797	0.00939	0.01004	0.00570	0.00633	0.00975	0.01368	0.01794	0.04245	0.66564	0.12814	0.02134	0.00883	0.00277	0.00398	0.01921	0.00648	0.00570
19	0.02653	0.01955	0.02094	0.01606	0.02164	0.02164	0.01326	0.68796	0.03281	0.04398	0.01675	0.01675	0.01187	0.00838	0.00698	0.00209	0.00768	0.00628	0.00698	0.01187
20	0.02653	0.01955	0.02094	0.01606	0.02164	0.02164	0.01326	0.68796	0.03281	0.04398	0.01675	0.01675	0.01187	0.00838	0.00698	0.00209	0.00768	0.00628	0.00698	0.01187
21	0.01520	0.01534	0.02287	0.01911	0.01980	0.02061	0.07704	0.01716	0.01124	0.01729	0.00994	0.01600	0.00957	0.01296	0.04499	0.00326	0.65040	0.00635	0.00312	0.00775
22	0.01670	0.00866	0.01141	0.00985	0.01275	0.00773	0.00770	0.01972	0.01960	0.24971	0.45084	0.04384	0.08754	0.01265	0.00784	0.00219	0.00416	0.01093	0.00792	0.00825
23	0.01318	0.01240	0.02093	0.73798	0.04806	0.01550	0.01938	0.01783	0.01395	0.01783	0.01240	0.01860	0.00930	0.00698	0.00698	0.00233	0.00930	0.00620	0.00310	0.00775
24	0.02841	0.01291	0.01639	0.01296	0.01810	0.01225	0.01058	0.07263	0.14818	0.54796	0.02707	0.02377	0.01772	0.00878	0.00703	0.00219	0.00596	0.00714	0.00825	0.01172
25	0.00977	0.00713	0.00918	0.00867	0.01036	0.00654	0.00650	0.01297	0.01951	0.02739	0.66649	0.05310	0.10726	0.01449	0.00823	0.00221	0.00331	0.01276	0.00760	0.00654
26	0.00928	0.00711	0.00850	0.00815	0.01006	0.00633	0.00612	0.01202	0.01835	0.02464	0.47469	0.05762	0.30079	0.01551	0.00824	0.00225	0.00338	0.01339	0.00724	0.00633
27	0.03033	0.01345	0.01717	0.01316	0.01860	0.01259	0.01087	0.16829	0.02261	0.57805	0.02532	0.02231	0.01616	0.00858	0.00701	0.00215	0.00630	0.00687	0.00830	0.01187
28	0.01736	0.01499	0.01578	0.01420	0.01815	0.01736	0.01105	0.03708	0.69862	0.02919	0.02840	0.02604	0.02130	0.00947	0.00710	0.00237	0.00552	0.00789	0.00710	0.01105
29	0.00849	0.00613	0.00804	0.00956	0.01008	0.00568	0.00641	0.00973	0.01351	0.01787	0.04034	0.71046	0.08468	0.02162	0.00887	0.00281	0.00402	0.01954	0.00648	0.00568
30	0.80405	0.01350	0.01026	0.00918	0.01350	0.01565	0.00756	0.02051	0.01188	0.03131	0.00972	0.01134	0.00756	0.00648	0.00432	0.00216	0.00540	0.00378	0.00432	0.00756
31	0.75211	0.01369	0.01096	0.03078	0.01481	0.01587	0.00811	0.04513	0.01271	0.03138	0.01006	0.01175	0.00777	0.00656	0.00449	0.00216	0.00560	0.00394	0.00438	0.00772
32	0.01690	0.01701	0.05176	0.10676	0.36518	0.01656	0.17326	0.07973	0.01715	0.02377	0.01495	0.05716	0.01266	0.00727	0.00733	0.00221	0.00898	0.00739	0.00389	0.01009
33	0.01560	0.01672	0.04861	0.06618	0.10609	0.04600	0.10313	0.01842	0.01287	0.01854	0.01199	0.04936	0.01124	0.01040	0.01626	0.00271	0.42730	0.00693	0.00334	0.00831
34	0.80405	0.01350	0.01026	0.00918	0.01350	0.01565	0.00756	0.02051	0.01188	0.03131	0.00972	0.01134	0.00756	0.00648	0.00432	0.00216	0.00540	0.00378	0.00432	0.00756
35	0.03131	0.01188	0.01619	0.01242	0.01781	0.01026	0.01026	0.03401	0.01997	0.71606	0.02753	0.02375	0.01727	0.00864	0.00702	0.00216	0.00594	0.00702	0.00864	0.01188
36	0.03102	0.01234	0.01648	0.01264	0.01804	0.01094	0.01044	0.07352	0.02075	0.67545	0.02688	0.02333	0.01695	0.00862	0.00702	0.00216	0.00604	0.00697	0.00854	0.01188
37	0.53300	0.01314	0.01318	0.14552	0.02063	0.01501	0.01022	0.02227	0.03704	0.11423	0.01309	0.01475	0.00957	0.00694	0.00525	0.00220	0.00620	0.00478	0.00473	0.00825
38	0.01416	0.01302	0.02129	0.66176	0.07917	0.01591	0.01912	0.05699	0.01515	0.01960	0.01269	0.01843	0.00954	0.00702	0.00697	0.00230	0.00916	0.00621	0.00334	0.00815
39	0.07105	0.01237	0.01522	0.01215	0.01683	0.01182	0.00982	0.09071	0.08752	0.43089	0.08809	0.02576	0.02119	0.03747	0.00800	0.00231	0.00579	0.00739	0.00767	0.03795
40	0.04218	0.52750	0.03191	0.01408	0.01935	0.17734	0.03976	0.02231	0.01530	0.01723	0.01010	0.01194	0.00900	0.00644	0.00561	0.00166	0.03225	0.00416	0.00318	0.00871
41	0.01671	0.01673	0.03048	0.09882	0.44473	0.01680	0.19515	0.02206	0.04681	0.02254	0.01402	0.01819	0.01124	0.00634	0.00727	0.00218	0.00917	0.00682	0.00361	0.01033
42	0.01212	0.00606	0.00909	0.00909	0.00909	0.00606	0.00606	0.00909	0.00909	0.01212	0.01212	0.02121	0.01212	0.02424	0.02727	0.79697	0.00606	0.00606	0.00303	0.00303
43	0.01381	0.01358	0.02423	0.58781	0.04472	0.01614	0.12711	0.01851	0.01420	0.01851	0.01252	0.01848	0.00950	0.00706	0.00796	0.00237	0.04577	0.00653	0.00317	0.00801
44	0.01488	0.01470	0.02063	0.01780	0.01789	0.02045	0.01479	0.01648	0.01073	0.01675	0.00986	0.01616	0.00977	0.01516	0.07456	0.00365	0.68892	0.00621	0.00310	0.00753
45	0.00850	0.00607	0.00810	0.00972	0.01012	0.00567	0.00648	0.00972	0.01336	0.01781	0.03846	0.75020	0.04615	0.02186	0.00891	0.00283	0.00405	0.01984	0.00648	0.00567
46	0.01000	0.00734	0.01054	0.01054	0.01155	0.00836	0.00788	0.01203	0.01102	0.01570	0.01931	0.03083	0.01893	0.18381	0.59766	0.01038	0.01646	0.00798	0.00383	0.00586
47	0.03044	0.01326	0.01705	0.01307	0.01851	0.01232	0.01080	0.15227	0.02229	0.59451	0.02558	0.02249	0.01630	0.00859	0.00701	0.00215	0.00625	0.00688	0.00834	0.01187
48	0.80405	0.01350	0.01026	0.00918	0.01350	0.01565	0.00756	0.02051	0.01188	0.03131	0.00972	0.01134	0.00756	0.00648	0.00432	0.00216	0.00540	0.00378	0.00432	0.00756
49	0.01015	0.00677	0.00761	0.00761	0.00761	0.00677	0.00423	0.01015	0.01015	0.01353	0.02199	0.04567	0.02537	0.75476	0.03552	0.00677	0.00677	0.01015	0.00423	0.00423
50	0.01736	0.01483	0.01569	0.01405	0.01796	0.01708	0.01094	0.05646	0.65193	0.02961	0.05398	0.02674	0.02271	0.00962	0.00714	0.00235	0.00550	0.00802	0.00712	0.01090
51	0.00956	0.00712	0.00889	0.00845	0.01023	0.00645	0.00633	0.01255	0.01900	0.02621	0.58360	0.05505	0.19089	0.01493	0.00823	0.00223	0.00334	0.01303	0.00745	0.00645
52	0.01212	0.00606	0.00909	0.00909	0.00909	0.00606	0.00606	0.00909	0.00909	0.01212	0.01212	0.02121	0.01212	0.02424	0.02727	0.79697	0.00606	0.00606	0.00303	0.00303
53	0.00868	0.00621	0.00825	0.00960	0.01016	0.00578	0.00649	0.01015	0.01417	0.01910	0.12332	0.66167	0.04865	0.02090	0.00882	0.00275	0.00395	0.01892	0.00663	0.00578
54	0.02653	0.01955	0.02094	0.01606	0.02164	0.02164	0.01326	0.68796	0.03281	0.04398	0.01675	0.01675	0.01187	0.00838	0.00698	0.00209	0.00768	0.00628	0.00698	0.01187
55	0.01503	0.01622	0.03327	0.02463	0.03030	0.01539	0.51413	0.02097	0.06100	0.02199	0.02075	0.13214	0.04127	0.00896	0.00826	0.00243	0.00989	0.01020	0.00432	0.00883
56	0.02103	0.01682	0.01785	0.01494	0.01955	0.01907	0.01193	0.29810	0.43161	0.03512	0.02373	0.02231	0.01752	0.00903	0.00705	0.00226	0.00639	0.00725	0.00705	0.01138
57	0.01503	0.11435	0.51953	0.02185	0.08812	0.01766	0.08487	0.02193	0.01493	0.02154	0.01240	0.01493	0.00921	0.00645	0.00656	0.00213	0.00995	0.00537	0.00305	0.01014
58	0.03105	0.01229	0.01645	0.01261	0.01802	0.01087	0.01042	0.06927	0.02067	0.67982	0.02695	0.02337	0.01698	0.00862	0.00702	0.00216	0.00603	0.00698	0.00855	0.01188
59	0.01613	0.01352	0.01510	0.01472	0.05689	0.01495	0.01076	0.09374	0.42404	0.02770	0.03286	0.09401	0.10915	0.01162	0.00747	0.00239	0.00555	0.03283	0.00672	0.00985

[dist]
# distance from previous block
# <min> <max>
0	32

[block]
# block no. 5 follows, 30 sequences, length 15
# corresponding to MSA columns:
# 355-369
name=unknown_F
#
# <colnr> <probs for GDERKNQSTAVLIFYWHMCP>
#	G	D	E	R	K	N	Q	S	T	A	V	L	I	F	Y	W	H	M	C	P
0	0.01866	0.75896	0.03657	0.01194	0.01791	0.02761	0.01194	0.02090	0.01418	0.01642	0.00970	0.01119	0.00896	0.00597	0.00448	0.00149	0.00746	0.00373	0.00299	0.00896
1	0.01400	0.03610	0.71860	0.01989	0.03020	0.01621	0.02578	0.02210	0.01473	0.02210	0.01252	0.01473	0.00884	0.00663	0.00663	0.00221	0.01031	0.00516	0.00295	0.01031
2	0.05505	0.31173	0.25792	0.01419	0.02081	0.03935	0.01552	0.04604	0.01579	0.02144	0.08343	0.02003	0.05642	0.00786	0.00593	0.00192	0.00782	0.00587	0.00388	0.00901
3	0.02681	0.01830	0.02008	0.01548	0.02097	0.01990	0.01276	0.57138	0.05826	0.13584	0.01871	0.01810	0.01300	0.00846	0.00699	0.00211	0.00735	0.00645	0.00721	0.01183
4	0.02993	0.01218	0.01615	0.01259	0.01785	0.01096	0.01033	0.03431	0.08691	0.64831	0.02762	0.02398	0.01767	0.00872	0.00703	0.00218	0.00590	0.00710	0.00849	0.01179
5	0.01668	0.01597	0.02725	0.14407	0.61465	0.01642	0.02112	0.02089	0.01561	0.02207	0.01302	0.01747	0.01080	0.00633	0.00692	0.00211	0.00844	0.00622	0.00340	0.01057
6	0.01430	0.03414	0.64493	0.02149	0.05981	0.01632	0.06854	0.02209	0.01490	0.02215	0.01265	0.01511	0.00905	0.00656	0.00675	0.00221	0.01032	0.00540	0.00301	0.01029
7	0.01400	0.03610	0.71860	0.01989	0.03020	0.01621	0.02578	0.02210	0.01473	0.02210	0.01252	0.01473	0.00884	0.00663	0.00663	0.00221	0.01031	0.00516	0.00295	0.01031
8	0.02762	0.01213	0.01571	0.01251	0.01743	0.01126	0.01017	0.03329	0.13716	0.55627	0.06836	0.02584	0.02088	0.00912	0.00710	0.00220	0.00571	0.00750	0.00831	0.01142
9	0.01367	0.01300	0.02066	0.40293	0.15583	0.01556	0.01734	0.01735	0.01397	0.01865	0.01895	0.02361	0.09334	0.00903	0.00987	0.00241	0.13496	0.00721	0.00356	0.00809
10	0.01592	0.01310	0.02045	0.42454	0.14106	0.01497	0.01739	0.05523	0.05685	0.07334	0.01725	0.02506	0.01406	0.00842	0.00724	0.00235	0.00830	0.07128	0.00434	0.00885
11	0.02151	0.02562	0.07475	0.01899	0.02272	0.33059	0.07576	0.11104	0.01842	0.02140	0.01158	0.01457	0.00955	0.00851	0.01095	0.00225	0.20364	0.00554	0.00384	0.00875
12	0.01095	0.00896	0.01244	0.01512	0.13484	0.00850	0.00975	0.01388	0.01688	0.02255	0.24455	0.05402	0.24086	0.01649	0.04121	0.00282	0.00551	0.12737	0.00617	0.00712
13	0.01520	0.01923	0.14356	0.02793	0.18373	0.01550	0.31633	0.02049	0.01565	0.02182	0.01667	0.05622	0.01457	0.00990	0.03997	0.00275	0.01030	0.05702	0.00378	0.00939
14	0.09508	0.48466	0.17020	0.01558	0.07199	0.02332	0.01500	0.02114	0.01419	0.01951	0.01053	0.01237	0.00895	0.00617	0.00508	0.00175	0.00789	0.00421	0.00314	0.00925

[dist]
# distance from previous block
# <min> <max>
1	3

[block]
# block no. 6 follows, 30 sequences, length 71
# corresponding to MSA columns:
# 373-443
name=unknown_G
#
# <colnr> <probs for GDERKNQSTAVLIFYWHMCP>
#	G	D	E	R	K	N	Q	S	T	A	V	L	I	F	Y	W	H	M	C	P
0	0.01179	0.01138	0.04710	0.11999	0.05989	0.01056	0.08699	0.03759	0.03565	0.02130	0.10653	0.23996	0.15521	0.01392	0.00802	0.00244	0.00619	0.01259	0.00549	0.00741
1	0.49891	0.01366	0.01310	0.01084	0.01560	0.01473	0.00894	0.09470	0.01642	0.23048	0.01560	0.01549	0.01082	0.00730	0.00538	0.00215	0.00579	0.00498	0.00585	0.00926
2	0.00998	0.00745	0.01107	0.01107	0.01227	0.00864	0.00854	0.01237	0.01117	0.01609	0.01882	0.02814	0.01776	0.08033	0.69954	0.01104	0.01822	0.00758	0.00376	0.00615
