[name]
unknown

[dist]
# distance from previous block
# <min> <max>
0	12

[block]
# block no. 0 follows, 26 sequences, length 16
# corresponding to MSA columns:
# 12-27
name=unknown_A
#
# <colnr> <probs for GDERKNQSTAVLIFYWHMCP>
#	G	D	E	R	K	N	Q	S	T	A	V	L	I	F	Y	W	H	M	C	P
0	0.02106	0.01444	0.01716	0.01513	0.01932	0.01496	0.01278	0.27593	0.02500	0.09239	0.02859	0.04839	0.02686	0.01411	0.00873	0.00274	0.00739	0.28360	0.00726	0.06416
1	0.07943	0.04985	0.08159	0.01724	0.02253	0.10797	0.01506	0.28496	0.02459	0.11764	0.01648	0.01753	0.01209	0.00915	0.00958	0.00238	0.10856	0.00625	0.00599	0.01113
2	0.01466	0.03643	0.63304	0.02038	0.03082	0.01662	0.02604	0.02285	0.01613	0.02371	0.01924	0.02109	0.06954	0.00827	0.00736	0.00242	0.01055	0.00653	0.00354	0.01078
3	0.00896	0.00768	0.00768	0.00768	0.01025	0.00640	0.00576	0.01089	0.01729	0.02049	0.07684	0.07300	0.68304	0.01921	0.00896	0.00256	0.00384	0.01601	0.00704	0.00640
4	0.01110	0.00821	0.01041	0.00978	0.01174	0.00776	0.00736	0.01557	0.05650	0.03006	0.62066	0.05583	0.09545	0.01539	0.00888	0.00240	0.00372	0.01354	0.00826	0.00739
5	0.01205	0.00938	0.01168	0.01030	0.01342	0.00791	0.00773	0.01510	0.01820	0.02632	0.33533	0.17978	0.04766	0.01398	0.00802	0.00212	0.00441	0.01232	0.00683	0.25747
6	0.02551	0.07649	0.01771	0.01255	0.01727	0.01251	0.01035	0.07277	0.02206	0.38943	0.22156	0.03325	0.03328	0.01093	0.00777	0.00229	0.00588	0.00907	0.00841	0.01091
7	0.01798	0.42136	0.33627	0.01689	0.02552	0.02440	0.01980	0.02331	0.01568	0.02064	0.01193	0.01391	0.00968	0.00681	0.00593	0.00198	0.00952	0.00476	0.00323	0.01040
8	0.01670	0.06017	0.01806	0.01218	0.01846	0.01284	0.00997	0.05020	0.01641	0.02499	0.01330	0.01568	0.01114	0.00631	0.00686	0.00135	0.05004	0.00471	0.00449	0.64614
9	0.01168	0.00957	0.01002	0.00922	0.01221	0.00877	0.00696	0.06147	0.05877	0.02343	0.08275	0.06041	0.48503	0.06481	0.01056	0.00276	0.00465	0.01372	0.00684	0.05637
10	0.01389	0.16646	0.05960	0.01437	0.01813	0.01520	0.08967	0.01690	0.01526	0.02008	0.07388	0.06787	0.13077	0.08397	0.13867	0.00459	0.04830	0.00974	0.00476	0.00790
11	0.10725	0.11439	0.37688	0.01776	0.02573	0.01791	0.04275	0.02266	0.01615	0.04867	0.07348	0.02076	0.03373	0.00849	0.00774	0.00235	0.04256	0.00648	0.00419	0.01008
12	0.04325	0.08082	0.09369	0.01672	0.02279	0.01700	0.10162	0.12677	0.05529	0.07479	0.04707	0.02438	0.07313	0.00902	0.00805	0.00216	0.04131	0.00745	0.00550	0.14919
13	0.07096	0.11682	0.11328	0.05895	0.02339	0.07776	0.01480	0.12110	0.16071	0.02781	0.01782	0.01948	0.01392	0.01236	0.06749	0.00305	0.00947	0.00628	0.00517	0.05940
14	0.02241	0.01843	0.01919	0.01743	0.06236	0.08377	0.01289	0.20387	0.23424	0.07629	0.02484	0.02578	0.04846	0.05046	0.00982	0.00263	0.02962	0.00782	0.00670	0.04297
15	0.01988	0.08262	0.23737	0.06228	0.05437	0.06078	0.01885	0.16318	0.07647	0.02857	0.01557	0.01747	0.01179	0.00801	0.00785	0.00223	0.04273	0.00603	0.00474	0.07918

[dist]
# distance from previous block
# <min> <max>
1	36

[block]
# block no. 1 follows, 26 sequences, length 8
# corresponding to MSA columns:
# 64-71
name=unknown_B
#
# <colnr> <probs for GDERKNQSTAVLIFYWHMCP>
#	G	D	E	R	K	N	Q	S	T	A	V	L	I	F	Y	W	H	M	C	P
0	0.01882	0.05940	0.03438	0.01443	0.01906	0.01513	0.04387	0.10118	0.17356	0.09090	0.02375	0.09596	0.02047	0.05751	0.06780	0.00336	0.00798	0.00871	0.00619	0.13754
1	0.12640	0.01204	0.01377	0.10223	0.01914	0.05041	0.01010	0.02076	0.01576	0.17187	0.02642	0.13287	0.05606	0.13673	0.06914	0.00411	0.00809	0.00996	0.00594	0.00821
2	0.01876	0.01749	0.07765	0.01496	0.01998	0.01669	0.01290	0.17495	0.27818	0.03251	0.06760	0.03363	0.09009	0.01127	0.00786	0.00243	0.00669	0.04630	0.00699	0.06307
3	0.05995	0.01407	0.01752	0.16257	0.06450	0.01560	0.01348	0.15834	0.11341	0.02849	0.02827	0.06990	0.09159	0.06066	0.01006	0.00290	0.00741	0.06591	0.00599	0.00938
4	0.14650	0.02041	0.01943	0.01574	0.02113	0.09019	0.01271	0.35329	0.13034	0.03852	0.01803	0.01825	0.01335	0.00860	0.00694	0.00222	0.00794	0.00632	0.00656	0.06353
5	0.09502	0.01474	0.01427	0.05162	0.01773	0.09876	0.01030	0.10208	0.07893	0.02586	0.06357	0.11132	0.12716	0.05314	0.09831	0.00394	0.00873	0.01028	0.00591	0.00833
6	0.21874	0.01836	0.05815	0.01513	0.02013	0.01948	0.01286	0.18197	0.24497	0.05596	0.02013	0.02016	0.01500	0.00916	0.00804	0.00248	0.05526	0.00667	0.00639	0.01098
7	0.05371	0.14866	0.02067	0.04533	0.01895	0.08800	0.01155	0.14894	0.04632	0.02637	0.09494	0.04260	0.02206	0.11940	0.03919	0.00337	0.04781	0.00787	0.00536	0.00890

[dist]
# distance from previous block
# <min> <max>
1	2

[block]
# block no. 2 follows, 26 sequences, length 36
# corresponding to MSA columns:
# 74-109
name=unknown_C
#
# <colnr> <probs for GDERKNQSTAVLIFYWHMCP>
#	G	D	E	R	K	N	Q	S	T	A	V	L	I	F	Y	W	H	M	C	P
0	0.06297	0.28063	0.15652	0.04957	0.02501	0.06776	0.06314	0.02344	0.01568	0.05605	0.01261	0.01539	0.01028	0.00802	0.00918	0.00225	0.12248	0.00548	0.00375	0.00978
1	0.01491	0.07515	0.01876	0.01506	0.01679	0.04349	0.01227	0.01888	0.06825	0.02076	0.10496	0.02668	0.02216	0.02662	0.23803	0.00580	0.25079	0.00793	0.00461	0.00810
2	0.01865	0.01279	0.01593	0.01338	0.01698	0.03568	0.04392	0.12556	0.04984	0.13386	0.36307	0.04226	0.04549	0.01278	0.00846	0.00241	0.00587	0.03577	0.00791	0.00939
3	0.01868	0.01500	0.01844	0.01356	0.01998	0.01299	0.04427	0.13389	0.01948	0.05393	0.01531	0.01735	0.01214	0.00843	0.03355	0.00188	0.00709	0.00541	0.00518	0.54345
4	0.05599	0.03709	0.62889	0.02147	0.03218	0.01765	0.05540	0.02394	0.01594	0.02456	0.01353	0.01602	0.00962	0.00716	0.00715	0.00241	0.01100	0.00568	0.00331	0.01101
5	0.01623	0.01350	0.01576	0.01171	0.01790	0.01085	0.00942	0.06502	0.01757	0.02661	0.05292	0.02143	0.01626	0.00713	0.00617	0.00139	0.00576	0.03409	0.00505	0.64523
6	0.01103	0.00735	0.00827	0.00827	0.00827	0.00735	0.00460	0.01103	0.01103	0.01471	0.02390	0.04964	0.02758	0.73343	0.03861	0.00735	0.00735	0.01103	0.00460	0.00460
7	0.04921	0.54075	0.12870	0.01475	0.02157	0.09675	0.01508	0.02366	0.01603	0.01939	0.01110	0.01287	0.00966	0.00675	0.00539	0.00179	0.00903	0.00436	0.00336	0.00979
8	0.02883	0.02125	0.02276	0.01745	0.02352	0.02352	0.01442	0.66082	0.03566	0.04780	0.01821	0.01821	0.01290	0.00911	0.00759	0.00228	0.00835	0.00683	0.00759	0.01290
9	0.01521	0.03923	0.69413	0.02162	0.03283	0.01762	0.02802	0.02402	0.01601	0.02402	0.01361	0.01601	0.00961	0.00721	0.00721	0.00240	0.01121	0.00560	0.00320	0.01121
10	0.01615	0.01494	0.02456	0.52513	0.19334	0.01749	0.02119	0.05659	0.01680	0.02221	0.01393	0.01978	0.01070	0.00748	0.00757	0.00245	0.00976	0.00675	0.00370	0.00949
11	0.00936	0.00670	0.00891	0.01048	0.01103	0.00624	0.00705	0.01087	0.01509	0.02027	0.09453	0.67316	0.05193	0.02308	0.00962	0.00302	0.00433	0.02092	0.00715	0.00624
12	0.01573	0.01348	0.01573	0.01123	0.01798	0.01011	0.00899	0.01910	0.01573	0.02472	0.01348	0.01573	0.01123	0.00562	0.00562	0.00112	0.00562	0.00449	0.00449	0.77980
13	0.01929	0.01171	0.01476	0.03824	0.01758	0.01071	0.00977	0.02491	0.10018	0.20727	0.24880	0.03417	0.03534	0.01067	0.00763	0.00212	0.00536	0.00908	0.00749	0.18492
14	0.01787	0.01466	0.01573	0.01407	0.01779	0.01656	0.01084	0.07905	0.47774	0.03139	0.10949	0.03261	0.02858	0.06302	0.01001	0.00285	0.00589	0.00921	0.03185	0.01078
15	0.00946	0.00669	0.00874	0.01028	0.01067	0.00631	0.00674	0.01062	0.01409	0.01879	0.03960	0.64485	0.04738	0.11119	0.01324	0.00361	0.00476	0.02027	0.00674	0.00597
16	0.08932	0.01334	0.01636	0.03907	0.01917	0.01304	0.01091	0.10915	0.05910	0.36909	0.11941	0.03030	0.05713	0.01048	0.00763	0.00237	0.00622	0.00852	0.00820	0.01118
17	0.02677	0.02017	0.02230	0.07699	0.02567	0.02257	0.01479	0.55484	0.08634	0.04405	0.01885	0.01921	0.01351	0.00907	0.00760	0.00232	0.00830	0.00697	0.00724	0.01244
18	0.10256	0.11569	0.51993	0.02018	0.05159	0.01898	0.02392	0.02365	0.01564	0.02446	0.01294	0.01525	0.00955	0.00709	0.00667	0.00230	0.01018	0.00530	0.00339	0.01073
19	0.00896	0.00768	0.00768	0.00768	0.01025	0.00640	0.00576	0.01089	0.01729	0.02049	0.07684	0.07300	0.68304	0.01921	0.00896	0.00256	0.00384	0.01601	0.00704	0.00640
20	0.01737	0.01933	0.04051	0.11472	0.03976	0.01919	0.53418	0.02326	0.01711	0.02326	0.01473	0.02015	0.01123	0.00704	0.00994	0.00261	0.06350	0.00851	0.00374	0.00987
21	0.01690	0.01502	0.02333	0.55828	0.09355	0.01798	0.02019	0.11953	0.01851	0.02420	0.01427	0.01980	0.01068	0.00776	0.00758	0.00247	0.00976	0.00676	0.00405	0.00938
22	0.01103	0.00735	0.00827	0.00827	0.00827	0.00735	0.00460	0.01103	0.01103	0.01471	0.02390	0.04964	0.02758	0.73343	0.03861	0.00735	0.00735	0.01103	0.00460	0.00460
23	0.00924	0.00660	0.00880	0.01056	0.01100	0.00616	0.00704	0.01056	0.01452	0.01936	0.04181	0.72848	0.05017	0.02376	0.00968	0.00308	0.00440	0.02156	0.00704	0.00616
24	0.01396	0.01298	0.02174	0.66431	0.04926	0.01608	0.02005	0.01874	0.01512	0.01938	0.01553	0.07137	0.01300	0.00875	0.00773	0.00257	0.00970	0.00781	0.00364	0.00826
25	0.01042	0.00774	0.00970	0.00921	0.01114	0.00702	0.00691	0.01371	0.02073	0.02866	0.57501	0.05955	0.17977	0.01616	0.00895	0.00242	0.00363	0.01412	0.00812	0.00702
26	0.03403	0.01291	0.01760	0.01350	0.01936	0.01115	0.01115	0.03697	0.02171	0.69137	0.02992	0.02582	0.01878	0.00939	0.00763	0.00235	0.00645	0.00763	0.00939	0.01291
27	0.02833	0.03615	0.02149	0.01954	0.02345	0.70298	0.01466	0.03029	0.02149	0.01856	0.01172	0.01368	0.00977	0.00782	0.00684	0.00195	0.01368	0.00489	0.00391	0.00879
28	0.01203	0.00944	0.01382	0.07092	0.01779	0.00950	0.05398	0.06158	0.01670	0.02218	0.03572	0.50236	0.04075	0.01985	0.00938	0.00298	0.00601	0.08124	0.00655	0.00722
29	0.00943	0.00738	0.00854	0.00894	0.01070	0.00649	0.00644	0.01152	0.01736	0.02228	0.19608	0.26476	0.36351	0.01977	0.00917	0.00268	0.00395	0.01717	0.00732	0.00649
30	0.07006	0.06188	0.56607	0.02136	0.03163	0.01817	0.08002	0.02387	0.01593	0.02452	0.01343	0.01599	0.00968	0.00710	0.00709	0.00238	0.01085	0.00573	0.00336	0.01086
31	0.02095	0.01532	0.01842	0.07713	0.06814	0.01612	0.01258	0.29627	0.02406	0.05717	0.02392	0.02657	0.08664	0.03900	0.01092	0.08204	0.00735	0.00780	0.03623	0.07336
32	0.01677	0.10078	0.37523	0.02580	0.12305	0.01962	0.12758	0.02336	0.01608	0.02308	0.01338	0.01679	0.01030	0.00744	0.00876	0.00240	0.06918	0.00624	0.00340	0.01078
33	0.01815	0.09336	0.52446	0.02033	0.03021	0.04415	0.04475	0.02549	0.01682	0.09171	0.01501	0.01676	0.01063	0.00737	0.00710	0.00232	0.01061	0.00576	0.00389	0.01114
34	0.01573	0.01348	0.01573	0.01123	0.01798	0.01011	0.00899	0.01910	0.01573	0.02472	0.01348	0.01573	0.01123	0.00562	0.00562	0.00112	0.00562	0.00449	0.00449	0.77980
35	0.01432	0.01348	0.02275	0.71520	0.05224	0.01685	0.02107	0.01938	0.01517	0.01938	0.01348	0.02022	0.01011	0.00758	0.00758	0.00253	0.01011	0.00674	0.00337	0.00843

[dist]
# distance from previous block
# <min> <max>
0	5

[block]
# block no. 3 follows, 26 sequences, length 38
# corresponding to MSA columns:
# 115-152
name=unknown_D
#
# <colnr> <probs for GDERKNQSTAVLIFYWHMCP>
#	G	D	E	R	K	N	Q	S	T	A	V	L	I	F	Y	W	H	M	C	P
0	0.01432	0.01348	0.02275	0.71520	0.05224	0.01685	0.02107	0.01938	0.01517	0.01938	0.01348	0.02022	0.01011	0.00758	0.00758	0.00253	0.01011	0.00674	0.00337	0.00843
1	0.01098	0.00742	0.00860	0.00850	0.00881	0.00732	0.00505	0.01161	0.01288	0.01749	0.14045	0.05088	0.03537	0.60630	0.03335	0.00647	0.00669	0.01151	0.00526	0.00505
2	0.01678	0.01713	0.02623	0.02159	0.02266	0.02267	0.10610	0.01910	0.01249	0.01910	0.01071	0.01713	0.01017	0.01232	0.02267	0.00321	0.62101	0.00696	0.00339	0.00857
3	0.03403	0.01291	0.01760	0.01350	0.01936	0.01115	0.01115	0.03697	0.02171	0.69137	0.02992	0.02582	0.01878	0.00939	0.00763	0.00235	0.00645	0.00763	0.00939	0.01291
4	0.01103	0.00735	0.00827	0.00827	0.00827	0.00735	0.00460	0.01103	0.01103	0.01471	0.02390	0.04964	0.02758	0.73343	0.03861	0.00735	0.00735	0.01103	0.00460	0.00460
5	0.01431	0.03291	0.55664	0.01919	0.02851	0.01551	0.02383	0.02207	0.01711	0.02531	0.14798	0.02418	0.02206	0.00887	0.00756	0.00240	0.00968	0.00724	0.00424	0.01040
6	0.00991	0.00816	0.00952	0.05694	0.01369	0.00742	0.00750	0.01250	0.01806	0.02270	0.20149	0.06659	0.46595	0.01772	0.00896	0.00258	0.00440	0.05209	0.00707	0.00674
7	0.03403	0.01291	0.01760	0.01350	0.01936	0.01115	0.01115	0.03697	0.02171	0.69137	0.02992	0.02582	0.01878	0.00939	0.00763	0.00235	0.00645	0.00763	0.00939	0.01291
8	0.01659	0.01659	0.02323	0.01991	0.01991	0.02323	0.01659	0.01825	0.01162	0.01825	0.00996	0.01659	0.00996	0.01328	0.02489	0.00332	0.71955	0.00664	0.00332	0.00830
9	0.02434	0.05898	0.02174	0.05534	0.02348	0.49521	0.01468	0.02643	0.01917	0.01865	0.01542	0.01797	0.05029	0.00926	0.00964	0.00221	0.11877	0.00588	0.00395	0.00859
10	0.01154	0.00869	0.01252	0.01565	0.07928	0.00850	0.01100	0.01416	0.01614	0.02142	0.03836	0.36501	0.04345	0.02081	0.00983	0.00319	0.00603	0.30062	0.00669	0.00711
11	0.02028	0.73799	0.03975	0.01298	0.01947	0.03001	0.01298	0.02271	0.01541	0.01785	0.01055	0.01217	0.00973	0.00649	0.00487	0.00162	0.00811	0.00406	0.00324	0.00973
12	0.05316	0.01455	0.02334	0.51467	0.16602	0.01720	0.02030	0.02150	0.05496	0.02184	0.01453	0.02005	0.01116	0.00757	0.00744	0.00247	0.00945	0.00673	0.00377	0.00930
13	0.02686	0.03268	0.02109	0.01897	0.02272	0.58803	0.01440	0.07201	0.02152	0.02050	0.01262	0.01507	0.01054	0.01107	0.04947	0.00265	0.04145	0.00528	0.00415	0.00893
14	0.02883	0.02125	0.02276	0.01745	0.02352	0.02352	0.01442	0.66082	0.03566	0.04780	0.01821	0.01821	0.01290	0.00911	0.00759	0.00228	0.00835	0.00683	0.00759	0.01290
15	0.02324	0.02123	0.02028	0.04717	0.06807	0.16117	0.01404	0.19051	0.26055	0.05255	0.02359	0.02337	0.04134	0.00944	0.00753	0.00234	0.00849	0.00742	0.00647	0.01123
16	0.74726	0.01458	0.01149	0.01016	0.01492	0.01671	0.00837	0.02307	0.01337	0.06873	0.01158	0.01303	0.00877	0.00716	0.00485	0.00235	0.00590	0.00429	0.00494	0.00846
17	0.01432	0.01348	0.02275	0.71520	0.05224	0.01685	0.02107	0.01938	0.01517	0.01938	0.01348	0.02022	0.01011	0.00758	0.00758	0.00253	0.01011	0.00674	0.00337	0.00843
18	0.74520	0.01485	0.01222	0.01197	0.05121	0.01707	0.00903	0.02235	0.01315	0.03353	0.01076	0.01267	0.00842	0.00703	0.00485	0.00234	0.00604	0.00425	0.00464	0.00842
19	0.01074	0.00775	0.01014	0.00954	0.01133	0.00716	0.00716	0.01431	0.02147	0.03042	0.68211	0.05666	0.07157	0.01551	0.00895	0.00239	0.00358	0.01372	0.00835	0.00716
20	0.01432	0.01348	0.02275	0.71520	0.05224	0.01685	0.02107	0.01938	0.01517	0.01938	0.01348	0.02022	0.01011	0.00758	0.00758	0.00253	0.01011	0.00674	0.00337	0.00843
21	0.01790	0.02046	0.04476	0.03197	0.03964	0.01918	0.65857	0.02430	0.01790	0.02430	0.01535	0.02046	0.01151	0.00639	0.00895	0.00256	0.01279	0.00895	0.00384	0.01023
22	0.01095	0.00732	0.00830	0.00837	0.00839	0.00730	0.00470	0.01101	0.01118	0.01491	0.02467	0.07895	0.02855	0.70279	0.03736	0.00717	0.00723	0.01149	0.00470	0.00466
23	0.01877	0.01802	0.03079	0.04656	0.68612	0.01802	0.02328	0.02328	0.01727	0.02478	0.01427	0.01877	0.01201	0.00676	0.00751	0.00225	0.00901	0.00676	0.00375	0.01201
24	0.01887	0.01629	0.01715	0.01544	0.01972	0.01887	0.01201	0.04031	0.67241	0.03173	0.03087	0.02830	0.02315	0.01029	0.00772	0.00257	0.00600	0.00858	0.00772	0.01201
25	0.02777	0.01772	0.02003	0.01571	0.02118	0.01880	0.01284	0.42745	0.05572	0.19389	0.05862	0.05459	0.01954	0.01023	0.00777	0.00235	0.00738	0.00812	0.00803	0.01225
26	0.00924	0.00660	0.00880	0.01056	0.01100	0.00616	0.00704	0.01056	0.01452	0.01936	0.04181	0.72848	0.05017	0.02376	0.00968	0.00308	0.00440	0.02156	0.00704	0.00616
27	0.00924	0.00660	0.00880	0.01056	0.01100	0.00616	0.00704	0.01056	0.01452	0.01936	0.04181	0.72848	0.05017	0.02376	0.00968	0.00308	0.00440	0.02156	0.00704	0.00616
28	0.01732	0.02025	0.06971	0.08928	0.03812	0.01938	0.49973	0.02315	0.01685	0.02315	0.01448	0.01979	0.01112	0.00734	0.01062	0.00264	0.09515	0.00834	0.00371	0.00989
29	0.01432	0.01348	0.02275	0.71520	0.05224	0.01685	0.02107	0.01938	0.01517	0.01938	0.01348	0.02022	0.01011	0.00758	0.00758	0.00253	0.01011	0.00674	0.00337	0.00843
30	0.00924	0.00660	0.00880	0.01056	0.01100	0.00616	0.00704	0.01056	0.01452	0.01936	0.04181	0.72848	0.05017	0.02376	0.00968	0.00308	0.00440	0.02156	0.00704	0.00616
31	0.01521	0.03923	0.69413	0.02162	0.03283	0.01762	0.02802	0.02402	0.01601	0.02402	0.01361	0.01601	0.00961	0.00721	0.00721	0.00240	0.01121	0.00560	0.00320	0.01121
32	0.01713	0.01894	0.03944	0.09827	0.03818	0.01884	0.51657	0.02280	0.01697	0.02311	0.01562	0.04494	0.01259	0.00772	0.01022	0.00264	0.07345	0.00897	0.00386	0.00974
33	0.02028	0.73799	0.03975	0.01298	0.01947	0.03001	0.01298	0.02271	0.01541	0.01785	0.01055	0.01217	0.00973	0.00649	0.00487	0.00162	0.00811	0.00406	0.00324	0.00973
34	0.01501	0.03714	0.64741	0.02109	0.03166	0.01701	0.02694	0.02345	0.01611	0.02393	0.01543	0.02078	0.01194	0.00815	0.00743	0.00248	0.01092	0.04874	0.00346	0.01092
35	0.01588	0.10584	0.40854	0.01999	0.05876	0.04580	0.02169	0.02213	0.01625	0.02305	0.08082	0.02052	0.01652	0.01106	0.04523	0.00288	0.06460	0.00650	0.00384	0.01013
36	0.01576	0.01335	0.05982	0.01235	0.01606	0.01200	0.01009	0.02445	0.21681	0.07965	0.20213	0.03893	0.06422	0.12009	0.01252	0.00309	0.00582	0.01001	0.00693	0.07591
37	0.02009	0.01690	0.01784	0.01568	0.02019	0.01944	0.01230	0.11660	0.59413	0.03371	0.02932	0.02706	0.02189	0.01014	0.00770	0.00254	0.00629	0.00836	0.00770	0.01212

[dist]
# distance from previous block
# <min> <max>
0	2

[block]
# block no. 4 follows, 26 sequences, length 26
# corresponding to MSA columns:
# 155-180
name=unknown_E
#
# <colnr> <probs for GDERKNQSTAVLIFYWHMCP>
#	G	D	E	R	K	N	Q	S	T	A	V	L	I	F	Y	W	H	M	C	P
0	0.01746	0.01635	0.02579	0.17996	0.40960	0.01745	0.02014	0.02492	0.13092	0.02468	0.01953	0.02293	0.04073	0.00805	0.00762	0.00238	0.00851	0.00745	0.00450	0.01103
1	0.01466	0.01365	0.02291	0.59746	0.11740	0.01644	0.02072	0.01955	0.01554	0.02018	0.01533	0.02440	0.01254	0.00838	0.00777	0.00256	0.00979	0.04837	0.00365	0.00871
2	0.06810	0.01672	0.02805	0.11224	0.49239	0.01713	0.05870	0.02204	0.01662	0.02443	0.01579	0.06451	0.01400	0.00794	0.00756	0.00236	0.00885	0.00767	0.00399	0.01090
3	0.14778	0.03291	0.53097	0.01869	0.02820	0.01677	0.02314	0.02285	0.01556	0.02551	0.01728	0.01915	0.05399	0.00797	0.00689	0.00240	0.00980	0.00604	0.00371	0.01038
4	0.01732	0.01838	0.07388	0.08327	0.38587	0.01717	0.09964	0.02401	0.08697	0.02470	0.02078	0.02502	0.05766	0.00833	0.00786	0.00240	0.00900	0.02234	0.00441	0.01100
5	0.07730	0.02015	0.02125	0.01669	0.02243	0.02247	0.01369	0.53568	0.11954	0.04474	0.01941	0.01918	0.01397	0.00913	0.00742	0.00232	0.00787	0.00688	0.00742	0.01247
6	0.02028	0.73799	0.03975	0.01298	0.01947	0.03001	0.01298	0.02271	0.01541	0.01785	0.01055	0.01217	0.00973	0.00649	0.00487	0.00162	0.00811	0.00406	0.00324	0.00973
7	0.01236	0.00919	0.01043	0.01016	0.01257	0.00873	0.00755	0.05670	0.07072	0.05122	0.13880	0.23081	0.31599	0.01813	0.00890	0.00265	0.00452	0.01561	0.00740	0.00757
8	0.07617	0.01358	0.02182	0.65876	0.04923	0.01687	0.02004	0.01961	0.01499	0.02055	0.01325	0.01959	0.00996	0.00754	0.00735	0.00251	0.00977	0.00653	0.00348	0.00841
9	0.01521	0.03923	0.69413	0.02162	0.03283	0.01762	0.02802	0.02402	0.01601	0.02402	0.01361	0.01601	0.00961	0.00721	0.00721	0.00240	0.01121	0.00560	0.00320	0.01121
10	0.00930	0.00664	0.00885	0.01052	0.01101	0.00620	0.00705	0.01070	0.01477	0.01976	0.06484	0.70431	0.05094	0.02347	0.00965	0.00306	0.00437	0.02128	0.00709	0.00620
11	0.01630	0.01549	0.02631	0.41886	0.33318	0.01737	0.02205	0.02111	0.01610	0.02177	0.01383	0.01958	0.01095	0.00722	0.00755	0.00241	0.00962	0.00675	0.00354	0.01002
12	0.01584	0.01512	0.02268	0.64093	0.04918	0.05450	0.02037	0.05349	0.01658	0.02082	0.01363	0.01976	0.01024	0.00768	0.00754	0.00248	0.01021	0.00664	0.00362	0.00868
13	0.01309	0.00827	0.01089	0.00994	0.01214	0.00756	0.00756	0.01660	0.02149	0.09712	0.61630	0.05355	0.06624	0.01489	0.00881	0.00238	0.00387	0.01310	0.00845	0.00774
14	0.01131	0.00877	0.01288	0.01261	0.01379	0.01048	0.00981	0.01380	0.01209	0.01751	0.01967	0.02974	0.01867	0.08730	0.61576	0.01124	0.07563	0.00815	0.00403	0.00679
15	0.01679	0.10600	0.02514	0.28531	0.06595	0.07452	0.03997	0.02015	0.01493	0.01927	0.01403	0.06461	0.01279	0.00995	0.01192	0.00260	0.19642	0.00729	0.00366	0.00868
16	0.04880	0.01999	0.20517	0.01568	0.02191	0.01386	0.01570	0.04195	0.01867	0.31070	0.06712	0.02585	0.04528	0.01218	0.04380	0.00294	0.06527	0.00761	0.00655	0.01096
17	0.01304	0.01072	0.01342	0.01298	0.01478	0.05518	0.01011	0.05304	0.01419	0.01946	0.01964	0.02807	0.01801	0.05088	0.61702	0.01094	0.01918	0.00784	0.00426	0.00727
18	0.01790	0.01752	0.02797	0.24344	0.46743	0.04956	0.02222	0.02245	0.01684	0.02289	0.01392	0.01897	0.01135	0.00705	0.00750	0.00232	0.00955	0.00667	0.00365	0.01080
19	0.06513	0.45208	0.14310	0.06084	0.02452	0.07983	0.03853	0.02335	0.01592	0.02020	0.01150	0.01374	0.00971	0.00681	0.00572	0.00191	0.00923	0.00473	0.00341	0.00974
20	0.01164	0.00850	0.01167	0.01146	0.01304	0.00951	0.00880	0.03953	0.01372	0.01958	0.02527	0.03393	0.07244	0.09106	0.53194	0.01003	0.01659	0.00882	0.05559	0.00687
21	0.00989	0.00856	0.01066	0.00981	0.01242	0.00764	0.04933	0.01207	0.01637	0.02006	0.06326	0.06338	0.52469	0.06930	0.08494	0.00390	0.00642	0.01437	0.00635	0.00658
22	0.01605	0.07251	0.01563	0.01298	0.03783	0.09851	0.00974	0.08426	0.10592	0.02463	0.07202	0.04610	0.32209	0.03770	0.00900	0.00253	0.00642	0.01120	0.00636	0.00852
23	0.01664	0.01777	0.06367	0.30910	0.26856	0.01777	0.15228	0.02197	0.01650	0.02249	0.01414	0.01956	0.01103	0.00704	0.00782	0.00243	0.01033	0.00714	0.00359	0.01018
24	0.01696	0.01697	0.02033	0.07358	0.02141	0.10175	0.01486	0.04117	0.01414	0.01928	0.01407	0.05254	0.01369	0.04065	0.11279	0.00437	0.40199	0.00747	0.00386	0.00811
25	0.37889	0.15690	0.03416	0.01227	0.01761	0.01918	0.01073	0.09675	0.03963	0.11349	0.04584	0.01731	0.01383	0.00796	0.00577	0.00221	0.00668	0.00547	0.00556	0.00977

[dist]
# distance from previous block
# <min> <max>
0	1

[block]
# block no. 5 follows, 26 sequences, length 6
# corresponding to MSA columns:
# 182-187
name=unknown_F
#
# <colnr> <probs for GDERKNQSTAVLIFYWHMCP>
#	G	D	E	R	K	N	Q	S	T	A	V	L	I	F	Y	W	H	M	C	P
0	0.12766	0.08665	0.13885	0.01459	0.02079	0.01632	0.01392	0.07084	0.10125	0.24037	0.07578	0.02331	0.01938	0.00901	0.00701	0.00232	0.00721	0.00702	0.00666	0.01108
1	0.01472	0.07303	0.01383	0.01083	0.01289	0.01218	0.00794	0.08456	0.08101	0.02315	0.07761	0.07567	0.02700	0.27765	0.06985	0.03547	0.00746	0.00980	0.07805	0.00729
2	0.02273	0.36173	0.02988	0.01585	0.02093	0.20027	0.01371	0.08625	0.08734	0.02233	0.01365	0.01514	0.01146	0.00798	0.00741	0.00199	0.06192	0.00519	0.00430	0.00992
3	0.01026	0.00741	0.00924	0.01040	0.01100	0.00726	0.00685	0.01264	0.05753	0.01919	0.03725	0.53684	0.04354	0.17453	0.01573	0.00396	0.00514	0.01845	0.00656	0.00622
4	0.08141	0.15023	0.40449	0.01849	0.02706	0.08753	0.02119	0.02569	0.07310	0.02396	0.01416	0.01591	0.01070	0.00740	0.00662	0.00224	0.01005	0.00541	0.00379	0.01055
5	0.06755	0.12545	0.02468	0.01859	0.02263	0.39232	0.05220	0.02758	0.06574	0.02060	0.01286	0.01524	0.01077	0.00841	0.00903	0.00219	0.10550	0.00547	0.00406	0.00914

[dist]
# distance from previous block
# <min> <max>
0	2

[block]
# block no. 6 follows, 26 sequences, length 22
# corresponding to MSA columns:
# 190-211
name=unknown_G
#
# <colnr> <probs for GDERKNQSTAVLIFYWHMCP>
#	G	D	E	R	K	N	Q	S	T	A	V	L	I	F	Y	W	H	M	C	P
0	0.07990	0.01571	0.02428	0.49257	0.12534	0.04976	0.06504	0.02097	0.01573	0.02157	0.01338	0.01909	0.01027	0.00736	0.00740	0.00245	0.00998	0.00659	0.00359	0.00900
1	0.01687	0.10135	0.52948	0.02157	0.03170	0.01864	0.09532	0.02454	0.01643	0.05485	0.01428	0.01660	0.01026	0.00715	0.00720	0.00234	0.01087	0.00592	0.00357	0.01104
2	0.01873	0.01587	0.02645	0.19531	0.43246	0.01648	0.02089	0.02315	0.01721	0.08580	0.01730	0.02427	0.01434	0.00815	0.00774	0.00241	0.00889	0.04919	0.00441	0.01093
3	0.00966	0.00714	0.00984	0.06034	0.01393	0.00696	0.00804	0.01135	0.01486	0.01984	0.06718	0.64967	0.04825	0.02227	0.00950	0.00301	0.00477	0.02018	0.00684	0.00636
4	0.01183	0.01001	0.01052	0.01010	0.01297	0.00988	0.00765	0.01922	0.19793	0.02424	0.10575	0.09285	0.42525	0.01672	0.00866	0.00258	0.00445	0.01408	0.00732	0.00799
5	0.02435	0.16231	0.02740	0.02526	0.19550	0.36625	0.01658	0.05669	0.01992	0.02143	0.01247	0.01494	0.01050	0.00735	0.00668	0.00198	0.01117	0.00531	0.00392	0.01000
6	0.03266	0.01263	0.01728	0.01342	0.01902	0.01105	0.01105	0.03558	0.02115	0.65160	0.02936	0.02605	0.01879	0.01219	0.04870	0.00293	0.00727	0.00766	0.00907	0.01255
7	0.08852	0.01428	0.02132	0.47826	0.04118	0.01695	0.04547	0.09554	0.01756	0.02506	0.01478	0.01992	0.01110	0.00776	0.00718	0.00242	0.00908	0.00663	0.06808	0.00890
8	0.02154	0.05383	0.07511	0.28040	0.03263	0.06376	0.01630	0.02647	0.04873	0.22470	0.02325	0.02460	0.05806	0.00896	0.00747	0.00238	0.00863	0.00735	0.00567	0.01014
9	0.00955	0.00819	0.00824	0.00814	0.01080	0.00713	0.00613	0.01261	0.05570	0.02115	0.07414	0.07038	0.64434	0.01869	0.00889	0.00256	0.00397	0.01557	0.00708	0.00673
10	0.08543	0.01303	0.01716	0.01325	0.01904	0.01155	0.01095	0.03596	0.02111	0.64650	0.02860	0.02490	0.01806	0.00923	0.00743	0.00235	0.00641	0.00739	0.00907	0.01259
11	0.02863	0.01925	0.02135	0.01630	0.02239	0.02040	0.01344	0.50630	0.03175	0.15169	0.01975	0.01926	0.01373	0.00887	0.00743	0.00219	0.00781	0.00677	0.00763	0.07505
12	0.01074	0.00775	0.01014	0.00954	0.01133	0.00716	0.00716	0.01431	0.02147	0.03042	0.68211	0.05666	0.07157	0.01551	0.00895	0.00239	0.00358	0.01372	0.00835	0.00716
13	0.00924	0.00660	0.00880	0.01056	0.01100	0.00616	0.00704	0.01056	0.01452	0.01936	0.04181	0.72848	0.05017	0.02376	0.00968	0.00308	0.00440	0.02156	0.00704	0.00616
14	0.01154	0.04289	0.01306	0.05266	0.01468	0.01031	0.00901	0.01364	0.01220	0.01694	0.02042	0.03378	0.02034	0.23521	0.44870	0.00981	0.01562	0.00864	0.00413	0.00642
15	0.01521	0.03923	0.69413	0.02162	0.03283	0.01762	0.02802	0.02402	0.01601	0.02402	0.01361	0.01601	0.00961	0.00721	0.00721	0.00240	0.01121	0.00560	0.00320	0.01121
16	0.01074	0.00775	0.01014	0.00954	0.01133	0.00716	0.00716	0.01431	0.02147	0.03042	0.68211	0.05666	0.07157	0.01551	0.00895	0.00239	0.00358	0.01372	0.00835	0.00716
17	0.01108	0.00797	0.01011	0.01121	0.01217	0.00779	0.00773	0.07144	0.01650	0.02203	0.03960	0.66198	0.04668	0.02239	0.00949	0.00301	0.00477	0.02018	0.00709	0.00679
18	0.01940	0.11975	0.03128	0.03593	0.43105	0.08369	0.07173	0.02338	0.01708	0.02270	0.01374	0.01793	0.01169	0.00915	0.03792	0.00262	0.02988	0.00644	0.00371	0.01092
19	0.02023	0.01568	0.01766	0.07192	0.02232	0.01782	0.01264	0.03823	0.54486	0.10604	0.02935	0.02736	0.02160	0.00997	0.00770	0.00254	0.00639	0.00832	0.00756	0.01182
20	0.01053	0.00755	0.00978	0.00959	0.01103	0.00702	0.00693	0.01348	0.01957	0.02746	0.53128	0.15838	0.06475	0.07494	0.01146	0.00289	0.00401	0.01469	0.00785	0.00680
21	0.02040	0.01776	0.01776	0.01558	0.02002	0.05904	0.01220	0.13040	0.50633	0.03277	0.03021	0.02822	0.05441	0.01042	0.00771	0.00249	0.00669	0.00848	0.00744	0.01167

[dist]
# distance from previous block
# <min> <max>
0	2

[block]
# block no. 7 follows, 26 sequences, length 9
# corresponding to MSA columns:
# 214-222
name=unknown_H
#
# <colnr> <probs for GDERKNQSTAVLIFYWHMCP>
#	G	D	E	R	K	N	Q	S	T	A	V	L	I	F	Y	W	H	M	C	P
0	0.02704	0.05159	0.01816	0.01357	0.01897	0.01374	0.01109	0.03450	0.17878	0.41002	0.05749	0.02626	0.02114	0.00942	0.00740	0.00226	0.00623	0.00769	0.00820	0.07645
1	0.50886	0.08780	0.01538	0.01131	0.01608	0.07441	0.00940	0.02447	0.01512	0.10929	0.01386	0.01503	0.01046	0.00744	0.00528	0.00221	0.00667	0.00477	0.05327	0.00890
2	0.01846	0.01657	0.01781	0.01418	0.01898	0.07222	0.01134	0.10636	0.07606	0.02749	0.07625	0.02085	0.01772	0.00865	0.00917	0.00190	0.10666	0.00634	0.00532	0.36767
3	0.01790	0.02046	0.04476	0.03197	0.03964	0.01918	0.65857	0.02430	0.01790	0.02430	0.01535	0.02046	0.01151	0.00639	0.00895	0.00256	0.01279	0.00895	0.00384	0.01023
4	0.14446	0.01258	0.01581	0.01269	0.01787	0.01156	0.01032	0.03228	0.01971	0.52963	0.02814	0.08999	0.02015	0.01039	0.00738	0.00242	0.00617	0.00841	0.00846	0.01157
5	0.01165	0.01029	0.01122	0.01187	0.01287	0.06860	0.00848	0.01324	0.01552	0.01990	0.07441	0.49447	0.11001	0.02046	0.01075	0.00291	0.07248	0.01770	0.00649	0.00667
6	0.09767	0.01214	0.01489	0.01217	0.01688	0.01139	0.00986	0.05451	0.04157	0.40034	0.06895	0.03381	0.12823	0.01375	0.04644	0.00294	0.00666	0.00900	0.00809	0.01074
7	0.08918	0.33986	0.22387	0.01806	0.02576	0.05816	0.10362	0.02365	0.01600	0.02200	0.01213	0.01447	0.00980	0.00680	0.00617	0.00205	0.00970	0.00520	0.00348	0.01004
8	0.18377	0.01617	0.01907	0.35677	0.03477	0.07691	0.01587	0.06507	0.07250	0.02532	0.01488	0.01903	0.01146	0.01057	0.04571	0.00296	0.00961	0.00625	0.00439	0.00892

[dist]
# distance from previous block
# <min> <max>
0	11

[block]
# block no. 8 follows, 26 sequences, length 41
# corresponding to MSA columns:
# 234-274
name=unknown_I
#
# <colnr> <probs for GDERKNQSTAVLIFYWHMCP>
#	G	D	E	R	K	N	Q	S	T	A	V	L	I	F	Y	W	H	M	C	P
0	0.05040	0.00899	0.01083	0.01019	0.01215	0.00907	0.00754	0.01708	0.08980	0.02812	0.46179	0.04908	0.05495	0.10507	0.04923	0.00354	0.00531	0.01205	0.00741	0.00740
1	0.01869	0.05675	0.12178	0.01388	0.02081	0.01428	0.01293	0.09752	0.05523	0.07908	0.01931	0.02022	0.04588	0.00755	0.00649	0.00173	0.00693	0.00596	0.00528	0.38968
2	0.01089	0.00793	0.01119	0.01119	0.01219	0.00894	0.00823	0.01290	0.01189	0.01686	0.02124	0.03488	0.02117	0.23035	0.53293	0.01095	0.01699	0.00887	0.00420	0.00621
3	0.02833	0.03615	0.02149	0.01954	0.02345	0.70298	0.01466	0.03029	0.02149	0.01856	0.01172	0.01368	0.00977	0.00782	0.00684	0.00195	0.01368	0.00489	0.00391	0.00879
4	0.00896	0.00768	0.00768	0.00768	0.01025	0.00640	0.00576	0.01089	0.01729	0.02049	0.07684	0.07300	0.68304	0.01921	0.00896	0.00256	0.00384	0.01601	0.00704	0.00640
5	0.00924	0.00660	0.00880	0.01056	0.01100	0.00616	0.00704	0.01056	0.01452	0.01936	0.04181	0.72848	0.05017	0.02376	0.00968	0.00308	0.00440	0.02156	0.00704	0.00616
6	0.01573	0.01348	0.01573	0.01123	0.01798	0.01011	0.00899	0.01910	0.01573	0.02472	0.01348	0.01573	0.01123	0.00562	0.00562	0.00112	0.00562	0.00449	0.00449	0.77980
7	0.00924	0.00660	0.00880	0.01056	0.01100	0.00616	0.00704	0.01056	0.01452	0.01936	0.04181	0.72848	0.05017	0.02376	0.00968	0.00308	0.00440	0.02156	0.00704	0.00616
8	0.06246	0.62197	0.10906	0.01375	0.02065	0.02795	0.01434	0.02283	0.01534	0.01942	0.01088	0.01259	0.00964	0.00660	0.00511	0.00175	0.00832	0.00423	0.00332	0.00981
9	0.01757	0.01788	0.03190	0.06390	0.08299	0.01957	0.28401	0.05687	0.01644	0.02327	0.01383	0.01922	0.01141	0.01096	0.04468	0.00311	0.22537	0.00759	0.00390	0.04552
10	0.64828	0.05534	0.01580	0.04795	0.01869	0.01789	0.05679	0.02232	0.01353	0.03166	0.01106	0.01331	0.00864	0.00699	0.00516	0.00233	0.00672	0.00459	0.00448	0.00846
11	0.71239	0.04869	0.01308	0.01050	0.01535	0.01795	0.00875	0.05508	0.01419	0.03398	0.01095	0.01262	0.00853	0.00712	0.00485	0.00231	0.00610	0.00424	0.00478	0.00853
12	0.01332	0.01069	0.01094	0.01009	0.01275	0.05879	0.00768	0.04534	0.02046	0.05934	0.32527	0.05677	0.30844	0.01583	0.00867	0.00242	0.00479	0.01337	0.00751	0.00753
13	0.01736	0.01885	0.03579	0.02695	0.03143	0.02087	0.39122	0.02178	0.01528	0.02178	0.01310	0.01885	0.01086	0.00926	0.01559	0.00287	0.30712	0.00799	0.00362	0.00943
14	0.01760	0.01956	0.03972	0.02915	0.03503	0.02013	0.50847	0.02288	0.01643	0.02288	0.01409	0.01956	0.01115	0.00800	0.01268	0.00274	0.17804	0.00841	0.00372	0.00978
15	0.02929	0.01494	0.06682	0.01367	0.02009	0.01143	0.01199	0.03273	0.02019	0.51981	0.02570	0.02324	0.01672	0.00853	0.00723	0.00213	0.00665	0.00690	0.00803	0.15389
16	0.00896	0.00768	0.00768	0.00768	0.01025	0.00640	0.00576	0.01089	0.01729	0.02049	0.07684	0.07300	0.68304	0.01921	0.00896	0.00256	0.00384	0.01601	0.00704	0.00640
17	0.01222	0.00873	0.01222	0.01397	0.01572	0.00873	0.01222	0.01572	0.01746	0.02270	0.04016	0.08556	0.04365	0.02095	0.01048	0.00349	0.00698	0.63506	0.00698	0.00698
18	0.01691	0.01943	0.07049	0.07982	0.08635	0.01866	0.40751	0.02227	0.01652	0.02287	0.01579	0.05902	0.01329	0.00844	0.01083	0.00265	0.10662	0.00884	0.00387	0.00980
19	0.01037	0.00818	0.01264	0.01264	0.01382	0.00770	0.07738	0.01210	0.01452	0.01941	0.03707	0.58078	0.04362	0.09609	0.01263	0.00347	0.00562	0.01910	0.00644	0.00644
20	0.01642	0.01457	0.01604	0.01180	0.01829	0.03920	0.00938	0.02069	0.05094	0.02484	0.01434	0.01631	0.01181	0.00596	0.00578	0.00123	0.00597	0.00473	0.00464	0.70706
21	0.01521	0.03923	0.69413	0.02162	0.03283	0.01762	0.02802	0.02402	0.01601	0.02402	0.01361	0.01601	0.00961	0.00721	0.00721	0.00240	0.01121	0.00560	0.00320	0.01121
22	0.00896	0.00768	0.00768	0.00768	0.01025	0.00640	0.00576	0.01089	0.01729	0.02049	0.07684	0.07300	0.68304	0.01921	0.00896	0.00256	0.00384	0.01601	0.00704	0.00640
23	0.01877	0.01802	0.03079	0.04656	0.68612	0.01802	0.02328	0.02328	0.01727	0.02478	0.01427	0.01877	0.01201	0.00676	0.00751	0.00225	0.00901	0.00676	0.00375	0.01201
24	0.02771	0.01151	0.01559	0.01249	0.01716	0.01017	0.01006	0.03064	0.02083	0.51032	0.15295	0.03276	0.02914	0.04067	0.03954	0.00298	0.00655	0.00894	0.00877	0.01123
25	0.03315	0.01338	0.01778	0.01374	0.01954	0.01198	0.01131	0.06128	0.05161	0.63668	0.02951	0.02563	0.01875	0.00942	0.00763	0.00235	0.00651	0.00764	0.00924	0.01287
26	0.01008	0.00765	0.00929	0.00905	0.01097	0.00685	0.00672	0.01299	0.01968	0.02656	0.44937	0.11090	0.25773	0.01725	0.00901	0.00249	0.00372	0.01500	0.00785	0.00685
27	0.03120	0.01326	0.01842	0.01426	0.01991	0.01189	0.03900	0.03567	0.06921	0.58529	0.05792	0.02712	0.02109	0.00959	0.00775	0.00237	0.00657	0.00802	0.00898	0.01247
28	0.02313	0.01055	0.01377	0.01137	0.01552	0.00920	0.00909	0.02606	0.02086	0.38929	0.21850	0.04274	0.15161	0.01283	0.00823	0.00240	0.00519	0.01080	0.00868	0.01016
29	0.00995	0.00764	0.00910	0.00890	0.01089	0.00680	0.00661	0.01273	0.01936	0.02580	0.40326	0.11214	0.30432	0.01753	0.00901	0.00250	0.00374	0.01517	0.00775	0.00680
30	0.04896	0.01375	0.02155	0.59338	0.04609	0.01697	0.01930	0.05231	0.01603	0.02184	0.01399	0.02002	0.01059	0.00788	0.00793	0.00250	0.03319	0.00664	0.03849	0.00858
31	0.02702	0.09885	0.02324	0.01896	0.02291	0.60800	0.01460	0.02900	0.02045	0.01848	0.01153	0.01369	0.00978	0.00797	0.00756	0.00199	0.04840	0.00490	0.00382	0.00885
32	0.01156	0.00915	0.01057	0.00997	0.01240	0.00888	0.00755	0.01761	0.12833	0.02768	0.39406	0.05681	0.24527	0.01574	0.00875	0.00247	0.00406	0.01354	0.00786	0.00774
33	0.01507	0.01598	0.05844	0.64372	0.04978	0.05096	0.02112	0.02017	0.01553	0.01959	0.01340	0.01967	0.01007	0.00757	0.00753	0.00249	0.01035	0.00659	0.00339	0.00859
34	0.74962	0.01458	0.01147	0.01015	0.01490	0.01672	0.00836	0.02302	0.01335	0.06667	0.01152	0.01299	0.00874	0.00716	0.00484	0.00235	0.00590	0.00428	0.00493	0.00845
35	0.00920	0.00676	0.00863	0.01013	0.01089	0.00620	0.00685	0.01061	0.01494	0.01953	0.04705	0.63034	0.14493	0.02308	0.00957	0.00300	0.00432	0.02073	0.00704	0.00620
36	0.01573	0.01348	0.01573	0.01123	0.01798	0.01011	0.00899	0.01910	0.01573	0.02472	0.01348	0.01573	0.01123	0.00562	0.00562	0.00112	0.00562	0.00449	0.00449	0.77980
37	0.01930	0.01445	0.01604	0.01277	0.01698	0.01451	0.00980	0.27440	0.02284	0.03159	0.06731	0.02929	0.02094	0.21315	0.01596	0.00344	0.00705	0.00795	0.00605	0.19618
38	0.04701	0.01312	0.01514	0.01290	0.01736	0.04540	0.01039	0.05369	0.04773	0.28178	0.03243	0.09900	0.08407	0.01245	0.00790	0.00240	0.00639	0.08993	0.00742	0.11348
39	0.01740	0.06845	0.30771	0.02457	0.03325	0.05068	0.27983	0.02503	0.05068	0.02395	0.01493	0.01811	0.01114	0.00697	0.00774	0.00237	0.01134	0.00695	0.00377	0.03512
40	0.01925	0.48355	0.18996	0.01534	0.02250	0.07842	0.01634	0.02319	0.01633	0.01997	0.04470	0.01539	0.01278	0.00721	0.00577	0.00187	0.00905	0.00496	0.00354	0.00988

[dist]
# distance from previous block
# <min> <max>
0	3

[block]
# block no. 9 follows, 26 sequences, length 48
# corresponding to MSA columns:
# 278-325
name=unknown_J
#
# <colnr> <probs for GDERKNQSTAVLIFYWHMCP>
#	G	D	E	R	K	N	Q	S	T	A	V	L	I	F	Y	W	H	M	C	P
0	0.01134	0.00783	0.01010	0.00982	0.01050	0.00767	0.03825	0.01233	0.01265	0.01767	0.02735	0.18938	0.03065	0.46688	0.02733	0.00559	0.00658	0.01272	0.08989	0.00548
1	0.01779	0.01980	0.06755	0.10778	0.20211	0.03731	0.29474	0.02399	0.04864	0.02391	0.01518	0.01962	0.01184	0.00704	0.00850	0.00240	0.03052	0.00756	0.00394	0.04980
2	0.01850	0.01771	0.02738	0.24771	0.41925	0.05095	0.02163	0.06221	0.01798	0.02427	0.01415	0.01894	0.01138	0.00721	0.00750	0.00232	0.00953	0.00667	0.00388	0.01082
3	0.01813	0.01726	0.02399	0.14840	0.06110	0.05558	0.07291	0.08768	0.01661	0.02335	0.01327	0.01834	0.01112	0.00993	0.01458	0.00267	0.30276	0.00671	0.04709	0.04851
4	0.42721	0.01446	0.01792	0.01706	0.09180	0.01535	0.10595	0.02081	0.01561	0.03012	0.10837	0.02457	0.06509	0.00893	0.00652	0.00239	0.00678	0.00727	0.00513	0.00866
5	0.07048	0.07329	0.01875	0.01323	0.01908	0.03854	0.01084	0.07389	0.12171	0.18666	0.02001	0.01972	0.01467	0.00774	0.00649	0.00187	0.00657	0.00601	0.00629	0.28417
6	0.01459	0.04015	0.01308	0.01105	0.01244	0.05898	0.00772	0.01560	0.01327	0.05132	0.04430	0.03840	0.02362	0.44300	0.06235	0.00578	0.07591	0.00927	0.00472	0.05445
7	0.01088	0.00828	0.01026	0.03538	0.01317	0.00801	0.00796	0.01430	0.05167	0.02335	0.22982	0.17293	0.18774	0.09717	0.01243	0.00325	0.00499	0.09453	0.00704	0.00682
8	0.02028	0.73799	0.03975	0.01298	0.01947	0.03001	0.01298	0.02271	0.01541	0.01785	0.01055	0.01217	0.00973	0.00649	0.00487	0.00162	0.00811	0.00406	0.00324	0.00973
9	0.00947	0.00669	0.00864	0.01020	0.01084	0.00622	0.00687	0.01094	0.01477	0.01989	0.04312	0.65183	0.08810	0.02272	0.00941	0.00298	0.00432	0.02048	0.04626	0.00622
10	0.01094	0.00732	0.00830	0.00839	0.00841	0.00729	0.00472	0.01101	0.01121	0.01494	0.02480	0.08367	0.02871	0.69785	0.03716	0.00714	0.00721	0.01156	0.00472	0.00467
11	0.01958	0.44208	0.24256	0.01640	0.02409	0.10016	0.01787	0.02396	0.01627	0.01986	0.01163	0.01354	0.00970	0.00686	0.00582	0.00190	0.00969	0.00463	0.00330	0.01009
12	0.01187	0.00710	0.00872	0.00872	0.00881	0.00710	0.00526	0.01100	0.01091	0.01491	0.02054	0.04010	0.02259	0.47185	0.03406	0.25227	0.00692	0.00942	0.04354	0.00431
13	0.00924	0.00660	0.00880	0.01056	0.01100	0.00616	0.00704	0.01056	0.01452	0.01936	0.04181	0.72848	0.05017	0.02376	0.00968	0.00308	0.00440	0.02156	0.00704	0.00616
14	0.06585	0.01993	0.04173	0.03008	0.03723	0.01922	0.59031	0.02391	0.01732	0.02464	0.01481	0.01979	0.01124	0.00673	0.00937	0.00258	0.04281	0.00855	0.00387	0.01002
15	0.01284	0.00976	0.01159	0.01127	0.01222	0.04290	0.00823	0.01446	0.01287	0.01851	0.02123	0.06727	0.02120	0.21229	0.25568	0.04779	0.07889	0.00900	0.12572	0.00629
16	0.01943	0.01058	0.01185	0.01024	0.01332	0.01066	0.00801	0.13961	0.02002	0.12840	0.02654	0.02837	0.05899	0.01114	0.00842	0.06961	0.00515	0.00762	0.40338	0.00865
17	0.01103	0.00735	0.00827	0.00827	0.00827	0.00735	0.00460	0.01103	0.01103	0.01471	0.02390	0.04964	0.02758	0.73343	0.03861	0.00735	0.00735	0.01103	0.00460	0.00460
18	0.78701	0.01467	0.01115	0.00997	0.01467	0.01702	0.00821	0.02230	0.01291	0.03403	0.01056	0.01232	0.00821	0.00704	0.00469	0.00235	0.00587	0.00411	0.00469	0.00821
19	0.01103	0.00735	0.00827	0.00827	0.00827	0.00735	0.00460	0.01103	0.01103	0.01471	0.02390	0.04964	0.02758	0.73343	0.03861	0.00735	0.00735	0.01103	0.00460	0.00460
20	0.01790	0.02046	0.04476	0.03197	0.03964	0.01918	0.65857	0.02430	0.01790	0.02430	0.01535	0.02046	0.01151	0.00639	0.00895	0.00256	0.01279	0.00895	0.00384	0.01023
21	0.01831	0.02985	0.33961	0.06393	0.20633	0.09763	0.02340	0.04567	0.05854	0.02459	0.01479	0.01754	0.01125	0.00743	0.00731	0.00232	0.01043	0.00611	0.00386	0.01110
22	0.60871	0.05459	0.07219	0.01147	0.01693	0.01719	0.01045	0.02386	0.01414	0.09470	0.01266	0.01391	0.00942	0.00725	0.00520	0.00231	0.00650	0.00457	0.00493	0.00900
23	0.02833	0.03615	0.02149	0.01954	0.02345	0.70298	0.01466	0.03029	0.02149	0.01856	0.01172	0.01368	0.00977	0.00782	0.00684	0.00195	0.01368	0.00489	0.00391	0.00879
24	0.01065	0.00775	0.01002	0.00946	0.01128	0.00712	0.00709	0.01415	0.02127	0.02995	0.65367	0.05743	0.10031	0.01568	0.00895	0.00239	0.00359	0.01383	0.00829	0.00712
25	0.03303	0.01347	0.01782	0.01378	0.01958	0.01212	0.01134	0.06645	0.05499	0.62806	0.02942	0.02558	0.01872	0.00942	0.00763	0.00235	0.00652	0.00764	0.00922	0.01286
26	0.02833	0.03615	0.02149	0.01954	0.02345	0.70298	0.01466	0.03029	0.02149	0.01856	0.01172	0.01368	0.00977	0.00782	0.00684	0.00195	0.01368	0.00489	0.00391	0.00879
27	0.01790	0.02046	0.04476	0.03197	0.03964	0.01918	0.65857	0.02430	0.01790	0.02430	0.01535	0.02046	0.01151	0.00639	0.00895	0.00256	0.01279	0.00895	0.00384	0.01023
