[name]
unknown

[dist]
# distance from previous block
# <min> <max>
0	0

[block]
# block no. 0 follows, 25 sequences, length 17
# corresponding to MSA columns:
# 0-16
name=unknown_A
#
# <colnr> <probs for GDERKNQSTAVLIFYWHMCP>
#	G	D	E	R	K	N	Q	S	T	A	V	L	I	F	Y	W	H	M	C	P
0	0.01249	0.00892	0.01249	0.01428	0.01606	0.00892	0.01249	0.01606	0.01785	0.02320	0.04105	0.08746	0.04462	0.02142	0.01071	0.00357	0.00714	0.62695	0.00714	0.00714
1	0.02026	0.66925	0.09943	0.01407	0.02114	0.02953	0.01467	0.02334	0.01581	0.01882	0.01106	0.01280	0.00994	0.00670	0.00519	0.00173	0.00858	0.00429	0.00331	0.01009
2	0.01189	0.01151	0.07938	0.01259	0.01468	0.00910	0.01007	0.07061	0.01696	0.02292	0.03761	0.58655	0.04360	0.02121	0.00944	0.00300	0.00557	0.01901	0.00685	0.00745
3	0.00941	0.00689	0.00885	0.01041	0.01114	0.00633	0.00703	0.01084	0.01521	0.01994	0.04742	0.63768	0.13302	0.02368	0.00980	0.00308	0.00442	0.02130	0.00720	0.00633
4	0.01457	0.00904	0.01055	0.08316	0.01503	0.00954	0.00790	0.06511	0.01673	0.02617	0.02519	0.10161	0.02297	0.13334	0.01212	0.00304	0.00546	0.00937	0.42179	0.00730
5	0.05502	0.02698	0.02471	0.02928	0.26371	0.33778	0.01771	0.05240	0.07468	0.02421	0.01479	0.01727	0.01204	0.00782	0.00726	0.00219	0.01104	0.00606	0.00444	0.01061
6	0.02967	0.01421	0.01788	0.01407	0.01944	0.01356	0.01148	0.15128	0.05351	0.44105	0.12098	0.02956	0.02601	0.01048	0.00799	0.00240	0.00652	0.00858	0.00902	0.01231
7	0.01108	0.00831	0.01246	0.01246	0.01385	0.00969	0.00969	0.01385	0.01246	0.01800	0.02077	0.03046	0.01938	0.05815	0.69678	0.01246	0.02077	0.00831	0.00415	0.00692
8	0.18267	0.01772	0.01885	0.01491	0.02042	0.01911	0.01225	0.36532	0.02804	0.15334	0.07429	0.02202	0.01828	0.00948	0.00728	0.00236	0.00727	0.00714	0.00753	0.01172
9	0.15745	0.08628	0.02073	0.01665	0.02119	0.33723	0.01305	0.05758	0.16897	0.02604	0.01647	0.01726	0.01300	0.00838	0.00668	0.00220	0.01007	0.00574	0.00514	0.00990
10	0.02589	0.13130	0.02246	0.01507	0.02064	0.05686	0.01254	0.19211	0.14636	0.19597	0.02560	0.02429	0.05252	0.00956	0.00732	0.00226	0.00751	0.00740	0.00719	0.03715
11	0.02945	0.02057	0.02241	0.01731	0.02340	0.02249	0.01426	0.55669	0.06983	0.11269	0.02055	0.01998	0.01438	0.00940	0.00777	0.00235	0.00820	0.00716	0.00795	0.01314
12	0.01958	0.65829	0.03741	0.01302	0.01902	0.02820	0.01265	0.02195	0.01566	0.01840	0.01403	0.08475	0.01416	0.00843	0.00548	0.00181	0.00791	0.00597	0.00371	0.00958
13	0.01997	0.55679	0.17713	0.01542	0.02297	0.05527	0.01660	0.02382	0.01614	0.01961	0.01149	0.01334	0.00992	0.00684	0.00557	0.00184	0.00920	0.00452	0.00334	0.01023
14	0.01634	0.19668	0.47697	0.01919	0.02862	0.02017	0.02338	0.02327	0.01587	0.02250	0.01382	0.01674	0.01072	0.01181	0.06949	0.00318	0.01158	0.00560	0.00336	0.01070
15	0.01803	0.27317	0.19818	0.01836	0.05414	0.02090	0.07031	0.02358	0.04184	0.02287	0.01366	0.01593	0.01106	0.00677	0.00634	0.00189	0.00887	0.00538	0.00385	0.18486
16	0.01789	0.30966	0.37857	0.02078	0.08251	0.02301	0.02221	0.02397	0.01624	0.02214	0.01274	0.01507	0.01008	0.00704	0.00645	0.00213	0.01003	0.00521	0.00334	0.01094

[dist]
# distance from previous block
# <min> <max>
8	44

[block]
# block no. 1 follows, 25 sequences, length 10
# corresponding to MSA columns:
# 61-70
name=unknown_B
#
# <colnr> <probs for GDERKNQSTAVLIFYWHMCP>
#	G	D	E	R	K	N	Q	S	T	A	V	L	I	F	Y	W	H	M	C	P
0	0.01974	0.01535	0.01826	0.11086	0.02367	0.01635	0.01267	0.24988	0.08402	0.03193	0.02147	0.10563	0.01907	0.05106	0.03442	0.02727	0.00794	0.00881	0.00616	0.13542
1	0.01826	0.01710	0.02883	0.04296	0.58699	0.01710	0.02223	0.02272	0.01768	0.02504	0.01826	0.02868	0.01678	0.00892	0.00810	0.00248	0.00892	0.09308	0.00430	0.01157
2	0.01484	0.01378	0.02226	0.61196	0.04853	0.01627	0.01982	0.01977	0.01558	0.02057	0.01378	0.02003	0.01050	0.00747	0.00747	0.00238	0.00970	0.00657	0.00360	0.11510
3	0.01937	0.01402	0.01749	0.03285	0.01925	0.01371	0.01126	0.08083	0.01806	0.12257	0.03920	0.06856	0.01793	0.04421	0.01157	0.00234	0.12391	0.00751	0.00570	0.32965
4	0.01714	0.01775	0.07063	0.15141	0.44598	0.01706	0.02190	0.02189	0.01654	0.02341	0.01521	0.02072	0.01272	0.01376	0.09745	0.00368	0.01105	0.00701	0.00378	0.01092
5	0.01526	0.01257	0.01527	0.07709	0.01973	0.01083	0.00968	0.04547	0.01600	0.02364	0.01776	0.06902	0.01699	0.13398	0.01221	0.00258	0.00653	0.00723	0.00481	0.48334
6	0.01738	0.08875	0.37960	0.01979	0.02758	0.11222	0.05170	0.02346	0.01702	0.02286	0.06040	0.02060	0.01542	0.03336	0.03945	0.00298	0.04687	0.00659	0.00387	0.01009
7	0.02086	0.02227	0.01783	0.01578	0.01977	0.28704	0.01208	0.05660	0.08001	0.02284	0.01796	0.05725	0.01586	0.01896	0.14775	0.00410	0.01223	0.00696	0.00487	0.15896
8	0.01621	0.01633	0.10275	0.04055	0.01995	0.01302	0.01224	0.09915	0.05201	0.02541	0.01900	0.05558	0.01733	0.12891	0.07804	0.02705	0.00872	0.00761	0.00501	0.25514
9	0.01765	0.01832	0.10416	0.04127	0.06289	0.07068	0.01367	0.07993	0.04232	0.05187	0.02175	0.03079	0.05059	0.21347	0.04102	0.00420	0.07659	0.00835	0.00496	0.04554

[dist]
# distance from previous block
# <min> <max>
2	58

[block]
# block no. 2 follows, 25 sequences, length 27
# corresponding to MSA columns:
# 129-155
name=unknown_C
#
# <colnr> <probs for GDERKNQSTAVLIFYWHMCP>
#	G	D	E	R	K	N	Q	S	T	A	V	L	I	F	Y	W	H	M	C	P
0	0.01606	0.01252	0.04471	0.03833	0.06330	0.01094	0.01077	0.07415	0.01893	0.08980	0.13191	0.15834	0.09757	0.09074	0.01164	0.00295	0.00620	0.01186	0.00656	0.10272
1	0.01810	0.01501	0.02008	0.09732	0.05784	0.01468	0.04406	0.08337	0.06123	0.05620	0.01827	0.07265	0.01567	0.00892	0.00847	0.00204	0.06007	0.00736	0.00525	0.33342
2	0.01979	0.01728	0.09063	0.07112	0.02232	0.05424	0.01330	0.02793	0.16576	0.15647	0.12695	0.03207	0.07436	0.01064	0.00783	0.00235	0.00705	0.00883	0.00685	0.08425
3	0.01611	0.02571	0.29448	0.04965	0.06213	0.01580	0.13676	0.02247	0.01647	0.02431	0.01459	0.01817	0.01126	0.00938	0.04271	0.00264	0.01054	0.00629	0.00383	0.21669
4	0.02460	0.04788	0.01691	0.01248	0.01776	0.01218	0.01020	0.06540	0.04720	0.33874	0.06980	0.03413	0.13711	0.01104	0.00768	0.00223	0.00602	0.00900	0.00790	0.12173
5	0.02008	0.01524	0.01758	0.01414	0.01917	0.01499	0.01138	0.21682	0.04827	0.05644	0.02155	0.08155	0.01942	0.03987	0.00947	0.00234	0.03555	0.06055	0.00628	0.28932
6	0.05711	0.00816	0.00975	0.00981	0.01164	0.00763	0.00712	0.01403	0.01820	0.04753	0.29823	0.24492	0.17131	0.04665	0.01027	0.00287	0.00434	0.01582	0.00757	0.00704
7	0.02008	0.01622	0.01854	0.01381	0.02019	0.05350	0.03173	0.08403	0.01896	0.09126	0.01574	0.01739	0.01228	0.00687	0.00694	0.00155	0.02882	0.00538	0.00530	0.53140
8	0.78228	0.01499	0.01140	0.01020	0.01499	0.01739	0.00840	0.02279	0.01320	0.03479	0.01080	0.01260	0.00840	0.00720	0.00480	0.00240	0.00600	0.00420	0.00480	0.00840
9	0.01574	0.01437	0.02326	0.65754	0.05122	0.01773	0.02103	0.06687	0.01706	0.02197	0.01414	0.02052	0.01055	0.00787	0.00775	0.00256	0.01020	0.00690	0.00377	0.00895
10	0.01108	0.00831	0.01246	0.01246	0.01385	0.00969	0.00969	0.01385	0.01246	0.01800	0.02077	0.03046	0.01938	0.05815	0.69678	0.01246	0.02077	0.00831	0.00415	0.00692
11	0.00999	0.00793	0.00900	0.00886	0.01114	0.00694	0.00673	0.01266	0.01927	0.02483	0.29904	0.06899	0.42229	0.01831	0.00923	0.00260	0.00398	0.04366	0.00769	0.00686
12	0.02947	0.02172	0.02327	0.01784	0.02404	0.02404	0.01474	0.65329	0.03646	0.04887	0.01862	0.01862	0.01319	0.00931	0.00776	0.00233	0.00853	0.00698	0.00776	0.01319
13	0.01919	0.01842	0.03147	0.04759	0.67914	0.01842	0.02380	0.02380	0.01765	0.02533	0.01458	0.01919	0.01228	0.00691	0.00768	0.00230	0.00921	0.00691	0.00384	0.01228
14	0.01486	0.01421	0.02460	0.66842	0.05263	0.01737	0.05919	0.02011	0.01567	0.02011	0.01390	0.02069	0.01042	0.00768	0.00784	0.00259	0.01050	0.00703	0.00347	0.00872
15	0.01576	0.03868	0.63968	0.02289	0.03408	0.01813	0.07487	0.02458	0.01651	0.02458	0.01405	0.01671	0.00997	0.00730	0.00750	0.00247	0.01158	0.00598	0.00332	0.01138
16	0.01491	0.01406	0.02375	0.66935	0.09080	0.01730	0.02167	0.02005	0.01563	0.02014	0.01383	0.02058	0.01045	0.00770	0.00775	0.00257	0.01027	0.00689	0.00347	0.00883
17	0.03346	0.01533	0.01932	0.01481	0.02086	0.01457	0.01223	0.19202	0.02577	0.52523	0.02759	0.02444	0.01769	0.00952	0.00779	0.00238	0.00708	0.00759	0.00914	0.01319
18	0.01754	0.00881	0.01187	0.01175	0.01398	0.00793	0.00854	0.01941	0.01719	0.23203	0.03886	0.50020	0.04104	0.01960	0.00923	0.00291	0.00517	0.01749	0.00796	0.00850
19	0.01454	0.00920	0.01188	0.01239	0.01444	0.00889	0.00959	0.03807	0.04888	0.10472	0.04210	0.35479	0.08928	0.02017	0.00964	0.00308	0.00566	0.18724	0.00753	0.00792
20	0.26442	0.03588	0.01622	0.01252	0.01777	0.01461	0.01034	0.08705	0.02021	0.34005	0.05401	0.02262	0.01767	0.00901	0.00673	0.00234	0.00635	0.00677	0.04440	0.01103
21	0.02786	0.01824	0.02061	0.01575	0.02183	0.01875	0.01294	0.40789	0.02995	0.17573	0.04725	0.02146	0.01663	0.00912	0.00753	0.00217	0.00753	0.00709	0.00771	0.12398
22	0.08135	0.06689	0.01863	0.01387	0.01827	0.01495	0.03288	0.11679	0.05083	0.21475	0.15652	0.07765	0.05109	0.01183	0.00858	0.00246	0.03510	0.00968	0.00751	0.01039
23	0.02177	0.01809	0.08742	0.01476	0.02075	0.01552	0.01292	0.21081	0.07377	0.11686	0.02379	0.05987	0.04728	0.04426	0.00894	0.00239	0.00724	0.00792	0.00656	0.19907
24	0.02166	0.04635	0.02407	0.06909	0.17726	0.01809	0.03963	0.15078	0.12582	0.08401	0.01911	0.02056	0.01447	0.00800	0.00733	0.00216	0.00792	0.00684	0.00583	0.15101
25	0.02072	0.01406	0.01768	0.01394	0.01907	0.01328	0.04853	0.13249	0.07779	0.15634	0.13241	0.03359	0.10422	0.01083	0.00782	0.00219	0.00631	0.00917	0.00728	0.17228
26	0.02054	0.08325	0.01973	0.04190	0.02060	0.07114	0.01169	0.07793	0.10604	0.09894	0.04665	0.02393	0.05582	0.00896	0.00761	0.00198	0.03380	0.00693	0.00589	0.25667

[dist]
# distance from previous block
# <min> <max>
3	15

[block]
# block no. 3 follows, 25 sequences, length 23
# corresponding to MSA columns:
# 171-193
name=unknown_D
#
# <colnr> <probs for GDERKNQSTAVLIFYWHMCP>
#	G	D	E	R	K	N	Q	S	T	A	V	L	I	F	Y	W	H	M	C	P
0	0.01977	0.01645	0.01750	0.01541	0.05371	0.08606	0.01141	0.09467	0.05438	0.08488	0.04095	0.07430	0.07927	0.01023	0.00802	0.00203	0.03612	0.00819	0.00594	0.28071
1	0.02087	0.01451	0.01710	0.01428	0.01834	0.01532	0.01137	0.19038	0.09132	0.11178	0.06012	0.10851	0.02326	0.01429	0.04803	0.00295	0.06732	0.00925	0.05430	0.10670
2	0.01781	0.01259	0.01493	0.01239	0.01653	0.01191	0.00963	0.13450	0.04637	0.08499	0.18117	0.11488	0.03360	0.04475	0.02907	0.00268	0.00619	0.01024	0.00698	0.20877
3	0.06914	0.01870	0.01810	0.01527	0.01980	0.11298	0.01210	0.16010	0.15132	0.10237	0.02635	0.05653	0.07301	0.01078	0.00864	0.00238	0.05135	0.00823	0.00666	0.07620
4	0.02474	0.01857	0.02161	0.04106	0.06310	0.04696	0.04236	0.26620	0.17382	0.11274	0.02233	0.02235	0.01624	0.00907	0.00760	0.00233	0.00790	0.00740	0.04804	0.04557
5	0.02540	0.01894	0.02275	0.01721	0.02328	0.01959	0.06715	0.41705	0.02907	0.07607	0.01855	0.02076	0.01402	0.05212	0.00946	0.00247	0.00827	0.00706	0.00680	0.14399
6	0.02063	0.01756	0.02244	0.01722	0.02301	0.01787	0.08742	0.19689	0.13364	0.03233	0.01809	0.01964	0.01397	0.00830	0.00875	0.00209	0.06804	0.00669	0.00584	0.27958
7	0.04733	0.01159	0.06900	0.01104	0.01435	0.00909	0.00945	0.01791	0.02049	0.07669	0.47437	0.04649	0.05506	0.01343	0.00833	0.00234	0.00473	0.01160	0.05413	0.04257
8	0.01070	0.00803	0.01156	0.01220	0.01345	0.00758	0.04241	0.01263	0.01575	0.02082	0.07015	0.45137	0.09111	0.04654	0.01172	0.03312	0.00552	0.12196	0.00684	0.00656
9	0.78228	0.01499	0.01140	0.01020	0.01499	0.01739	0.00840	0.02279	0.01320	0.03479	0.01080	0.01260	0.00840	0.00720	0.00480	0.00240	0.00600	0.00420	0.00480	0.00840
10	0.02941	0.02352	0.02312	0.01809	0.02404	0.10371	0.01477	0.57954	0.03474	0.04532	0.01783	0.01807	0.01281	0.00915	0.00767	0.00229	0.00918	0.00675	0.00731	0.01269
11	0.00931	0.00767	0.00818	0.00845	0.01066	0.00655	0.00619	0.01126	0.01743	0.02129	0.10442	0.18233	0.53905	0.02021	0.00929	0.00270	0.00401	0.01719	0.00727	0.00655
12	0.02446	0.01797	0.01970	0.01608	0.02084	0.01960	0.01285	0.49239	0.03104	0.04159	0.02466	0.19487	0.02273	0.01306	0.00829	0.00253	0.00752	0.01075	0.00762	0.01146
13	0.02031	0.55614	0.09657	0.01422	0.02092	0.02729	0.01439	0.07670	0.01802	0.02236	0.05890	0.01656	0.01470	0.00758	0.00573	0.00184	0.00828	0.00524	0.00406	0.01018
14	0.02518	0.01785	0.01965	0.01602	0.02102	0.01945	0.01304	0.43270	0.08527	0.07748	0.02439	0.08530	0.02025	0.01155	0.00804	0.00249	0.00751	0.05249	0.04855	0.01177
15	0.01992	0.41301	0.04909	0.01453	0.01992	0.10756	0.03064	0.05615	0.01853	0.02237	0.11785	0.02155	0.02076	0.01130	0.04473	0.00251	0.00919	0.00639	0.00453	0.00947
16	0.00986	0.00723	0.00926	0.01012	0.01125	0.00663	0.00707	0.01197	0.01729	0.02327	0.23370	0.44572	0.13557	0.02122	0.00958	0.00287	0.00418	0.01897	0.00759	0.00663
17	0.01562	0.01378	0.01837	0.23421	0.02956	0.01254	0.01313	0.01962	0.01589	0.02352	0.01378	0.01755	0.01112	0.00638	0.00638	0.00161	0.00721	0.00533	0.00423	0.53018
18	0.01803	0.01809	0.02654	0.22999	0.06860	0.06824	0.10769	0.05939	0.01638	0.02199	0.01331	0.01958	0.01123	0.02963	0.01488	0.00293	0.25326	0.00717	0.00385	0.00922
19	0.02146	0.43734	0.03335	0.01601	0.02078	0.11301	0.01442	0.06223	0.01694	0.02033	0.01128	0.01405	0.01021	0.00855	0.01006	0.00214	0.16943	0.00503	0.00370	0.00969
20	0.00961	0.00787	0.00847	0.00832	0.01075	0.00674	0.00624	0.01199	0.01873	0.02345	0.22588	0.07049	0.52709	0.01870	0.00916	0.00257	0.00386	0.01579	0.00753	0.00674
21	0.01239	0.00982	0.01431	0.01468	0.03814	0.00964	0.06378	0.05376	0.04178	0.02274	0.03683	0.51182	0.04201	0.04340	0.01055	0.00317	0.00595	0.05095	0.00678	0.00751
22	0.02504	0.01858	0.02029	0.01641	0.02143	0.02045	0.01322	0.49165	0.07119	0.04218	0.02327	0.12994	0.02003	0.01349	0.03292	0.00284	0.00819	0.00950	0.00755	0.01182

[dist]
# distance from previous block
# <min> <max>
7	14

[block]
# block no. 4 follows, 25 sequences, length 188
# corresponding to MSA columns:
# 208-395
name=unknown_E
#
# <colnr> <probs for GDERKNQSTAVLIFYWHMCP>
#	G	D	E	R	K	N	Q	S	T	A	V	L	I	F	Y	W	H	M	C	P
0	0.04338	0.01967	0.12537	0.13299	0.12472	0.01776	0.14782	0.02223	0.01607	0.05948	0.01668	0.06536	0.01420	0.01114	0.03428	0.00302	0.12353	0.00816	0.00422	0.00995
1	0.01366	0.01184	0.01316	0.01396	0.04760	0.04820	0.01047	0.01926	0.11294	0.02392	0.06885	0.09470	0.23668	0.01698	0.00911	0.00280	0.00614	0.19677	0.00686	0.04610
2	0.01800	0.01492	0.01797	0.01310	0.01971	0.01254	0.03698	0.10966	0.01907	0.02876	0.01505	0.01720	0.01210	0.00643	0.00616	0.00141	0.00636	0.00524	0.03853	0.60080
3	0.07866	0.02833	0.34572	0.04573	0.10242	0.01802	0.04761	0.11689	0.01927	0.02916	0.01507	0.01767	0.01117	0.00757	0.00717	0.00233	0.00969	0.00613	0.04271	0.04868
4	0.03904	0.01625	0.02385	0.51223	0.12401	0.05167	0.02049	0.07825	0.01792	0.02349	0.01414	0.01975	0.01076	0.00779	0.00762	0.00249	0.01009	0.00673	0.00395	0.00948
5	0.01085	0.00808	0.01103	0.01340	0.04936	0.00773	0.00926	0.01293	0.01581	0.02083	0.04251	0.43703	0.09317	0.05751	0.01141	0.00339	0.00555	0.17649	0.00687	0.00679
6	0.02788	0.02087	0.02239	0.01734	0.02341	0.02295	0.01424	0.56565	0.09453	0.04620	0.01960	0.01946	0.01409	0.00925	0.00767	0.00230	0.00817	0.00703	0.00762	0.04933
7	0.01233	0.00893	0.01064	0.01011	0.01250	0.00840	0.00760	0.01710	0.08366	0.05953	0.36162	0.11369	0.23099	0.01677	0.00902	0.00256	0.00419	0.01452	0.00804	0.00779
8	0.09287	0.04420	0.01847	0.01420	0.01925	0.05030	0.01154	0.20270	0.06669	0.20226	0.13967	0.02727	0.02547	0.01014	0.00753	0.00230	0.00692	0.00802	0.00762	0.04256
9	0.00945	0.00675	0.00900	0.01080	0.01125	0.00630	0.00720	0.01080	0.01484	0.01979	0.04274	0.72245	0.05128	0.02429	0.00990	0.00315	0.00450	0.02204	0.00720	0.00630
10	0.01906	0.22755	0.02558	0.01863	0.10537	0.05163	0.01370	0.05181	0.16726	0.02470	0.02172	0.02334	0.05173	0.01164	0.04101	0.00273	0.06429	0.00705	0.06098	0.01024
11	0.56792	0.01505	0.01371	0.07134	0.01893	0.01757	0.01025	0.07657	0.01555	0.03363	0.01265	0.01506	0.00980	0.00782	0.00624	0.00241	0.03699	0.00498	0.05475	0.00876
12	0.01696	0.01696	0.02375	0.02036	0.02036	0.02375	0.01696	0.01866	0.01187	0.01866	0.01018	0.01696	0.01018	0.01357	0.02545	0.00339	0.71332	0.00679	0.00339	0.00848
13	0.01961	0.05141	0.02134	0.06492	0.10785	0.01808	0.03570	0.06216	0.34827	0.07263	0.05809	0.06159	0.02326	0.01038	0.00790	0.00252	0.00709	0.00896	0.00682	0.01142
14	0.01837	0.01758	0.02999	0.16715	0.56601	0.01821	0.02339	0.02308	0.01727	0.02433	0.01444	0.01946	0.01193	0.00706	0.00769	0.00235	0.00941	0.00691	0.00377	0.01162
15	0.03242	0.01552	0.01932	0.01477	0.02086	0.01474	0.01218	0.20231	0.02572	0.48059	0.02653	0.02378	0.01719	0.00933	0.00768	0.00232	0.00707	0.00742	0.00885	0.05140
16	0.01089	0.00792	0.01025	0.00967	0.01153	0.00728	0.00725	0.01448	0.02176	0.03065	0.64894	0.05865	0.09954	0.01602	0.00915	0.00245	0.00367	0.01412	0.00848	0.00728
17	0.02720	0.03326	0.02116	0.01921	0.02328	0.57309	0.01449	0.03283	0.13908	0.02143	0.01555	0.01670	0.01248	0.00845	0.00715	0.00211	0.01255	0.00568	0.00470	0.00959
18	0.03277	0.01469	0.01871	0.01453	0.02043	0.01384	0.01194	0.12573	0.07646	0.54100	0.02896	0.02549	0.01870	0.00963	0.00780	0.00241	0.00684	0.00776	0.00920	0.01312
19	0.01004	0.00777	0.00918	0.00931	0.01127	0.00691	0.00694	0.01261	0.01883	0.02463	0.29131	0.16644	0.32881	0.01903	0.00934	0.00268	0.00407	0.04632	0.00769	0.00682
20	0.01902	0.18406	0.03862	0.02491	0.03055	0.05232	0.33501	0.02335	0.01643	0.02169	0.01317	0.01778	0.01092	0.00820	0.01175	0.00254	0.16889	0.00729	0.00367	0.00983
21	0.01347	0.00673	0.01010	0.01010	0.01010	0.00673	0.00673	0.01010	0.01010	0.01347	0.01347	0.02357	0.01347	0.02694	0.03030	0.77441	0.00673	0.00673	0.00337	0.00337
22	0.02947	0.02172	0.02327	0.01784	0.02404	0.02404	0.01474	0.65329	0.03646	0.04887	0.01862	0.01862	0.01319	0.00931	0.00776	0.00233	0.00853	0.00698	0.00776	0.01319
23	0.01967	0.01774	0.04586	0.01464	0.02027	0.05335	0.01203	0.09055	0.26509	0.05242	0.05392	0.02350	0.01940	0.00872	0.00713	0.00203	0.00679	0.00705	0.00642	0.27343
24	0.02624	0.02079	0.02141	0.01728	0.02282	0.05197	0.01397	0.43326	0.23384	0.04238	0.02240	0.02166	0.01635	0.00963	0.00776	0.00241	0.00802	0.00746	0.00763	0.01271
25	0.01696	0.01696	0.02375	0.02036	0.02036	0.02375	0.01696	0.01866	0.01187	0.01866	0.01018	0.01696	0.01018	0.01357	0.02545	0.00339	0.71332	0.00679	0.00339	0.00848
26	0.06425	0.01225	0.01561	0.01250	0.01733	0.01116	0.01012	0.06081	0.02187	0.41994	0.16858	0.03199	0.02990	0.01067	0.00774	0.00233	0.00583	0.00880	0.05110	0.03724
27	0.01696	0.01696	0.02375	0.02036	0.02036	0.02375	0.01696	0.01866	0.01187	0.01866	0.01018	0.01696	0.01018	0.01357	0.02545	0.00339	0.71332	0.00679	0.00339	0.00848
28	0.00945	0.00675	0.00900	0.01080	0.01125	0.00630	0.00720	0.01080	0.01484	0.01979	0.04274	0.72245	0.05128	0.02429	0.00990	0.00315	0.00450	0.02204	0.00720	0.00630
29	0.00945	0.00675	0.00900	0.01080	0.01125	0.00630	0.00720	0.01080	0.01484	0.01979	0.04274	0.72245	0.05128	0.02429	0.00990	0.00315	0.00450	0.02204	0.00720	0.00630
30	0.03404	0.01303	0.01776	0.01367	0.01954	0.01127	0.01127	0.03706	0.02218	0.66409	0.05073	0.02738	0.02088	0.00979	0.00784	0.00240	0.00651	0.00799	0.00956	0.01301
31	0.02947	0.02172	0.02327	0.01784	0.02404	0.02404	0.01474	0.65329	0.03646	0.04887	0.01862	0.01862	0.01319	0.00931	0.00776	0.00233	0.00853	0.00698	0.00776	0.01319
32	0.03366	0.01286	0.01740	0.01343	0.01920	0.01116	0.01106	0.03669	0.02186	0.64812	0.03030	0.02653	0.01923	0.00957	0.00767	0.00237	0.00643	0.00777	0.05183	0.01286
33	0.60387	0.01604	0.01387	0.01175	0.01687	0.01815	0.00968	0.13241	0.01779	0.07953	0.01343	0.01453	0.00993	0.00772	0.00550	0.00239	0.00647	0.00491	0.00562	0.00953
34	0.01194	0.00853	0.01186	0.01365	0.01519	0.00845	0.01153	0.01511	0.01730	0.02258	0.04136	0.20308	0.04584	0.02194	0.01056	0.00349	0.00666	0.51681	0.00715	0.00699
35	0.02073	0.73217	0.04063	0.01327	0.01990	0.03068	0.01327	0.02322	0.01575	0.01824	0.01078	0.01244	0.00995	0.00663	0.00498	0.00166	0.00829	0.00415	0.00332	0.00995
36	0.12762	0.02005	0.02827	0.07584	0.02887	0.08789	0.20382	0.08357	0.01762	0.02580	0.01317	0.01767	0.01068	0.00917	0.01278	0.00272	0.21369	0.00697	0.00423	0.00957
37	0.02212	0.01571	0.01847	0.04689	0.04916	0.01724	0.01292	0.09687	0.37241	0.14985	0.05439	0.02794	0.02257	0.01257	0.04245	0.00303	0.00740	0.00845	0.00766	0.01190
38	0.01194	0.00829	0.00981	0.00921	0.01170	0.00728	0.00698	0.01479	0.02005	0.07531	0.35974	0.06305	0.33919	0.01708	0.00905	0.00252	0.00400	0.01461	0.00802	0.00741
39	0.01508	0.00985	0.01010	0.00972	0.01169	0.04689	0.00737	0.04869	0.01647	0.02621	0.02314	0.02886	0.01923	0.05081	0.16763	0.00456	0.00858	0.00751	0.48016	0.00744
40	0.00958	0.00787	0.00844	0.00829	0.01073	0.00672	0.00622	0.01194	0.01866	0.02330	0.21674	0.07075	0.53633	0.01876	0.00916	0.00258	0.00386	0.01582	0.00751	0.00672
41	0.01347	0.00673	0.01010	0.01010	0.01010	0.00673	0.00673	0.01010	0.01010	0.01347	0.01347	0.02357	0.01347	0.02694	0.03030	0.77441	0.00673	0.00673	0.00337	0.00337
42	0.02896	0.03695	0.02197	0.01998	0.02397	0.69638	0.01498	0.03096	0.02197	0.01898	0.01199	0.01398	0.00999	0.00799	0.00699	0.00200	0.01398	0.00499	0.00400	0.00899
43	0.01215	0.00842	0.01094	0.01000	0.01224	0.00762	0.00757	0.01578	0.02167	0.05622	0.61718	0.05462	0.06800	0.01511	0.00892	0.00237	0.00388	0.01331	0.00838	0.04561
44	0.01347	0.00673	0.01010	0.01010	0.01010	0.00673	0.00673	0.01010	0.01010	0.01347	0.01347	0.02357	0.01347	0.02694	0.03030	0.77441	0.00673	0.00673	0.00337	0.00337
45	0.02943	0.02307	0.02315	0.01803	0.02404	0.08385	0.01476	0.59793	0.03517	0.04621	0.01803	0.01820	0.01290	0.00919	0.00769	0.00230	0.00902	0.00680	0.00742	0.01281
46	0.02083	0.02201	0.05667	0.31129	0.09680	0.16718	0.01901	0.12183	0.06270	0.02567	0.01537	0.01908	0.01172	0.00813	0.00757	0.00239	0.01054	0.00655	0.00455	0.01012
47	0.18093	0.38428	0.06680	0.01476	0.02077	0.10931	0.04501	0.02384	0.01647	0.02312	0.04395	0.01554	0.01281	0.00741	0.00574	0.00199	0.00871	0.00509	0.00400	0.00948
48	0.01868	0.02279	0.09521	0.03284	0.13276	0.05342	0.44734	0.02470	0.01796	0.02433	0.01496	0.01976	0.01152	0.00703	0.00936	0.00256	0.04206	0.00822	0.00384	0.01065
49	0.01896	0.01819	0.03106	0.08039	0.64811	0.01836	0.02368	0.02360	0.01755	0.02506	0.01454	0.01926	0.01219	0.00695	0.00768	0.00232	0.00927	0.00691	0.00382	0.01210
50	0.01720	0.01602	0.02681	0.07279	0.51852	0.01609	0.02047	0.02140	0.01762	0.02496	0.07454	0.09879	0.02166	0.00960	0.00805	0.00242	0.00828	0.00916	0.00459	0.01103
51	0.02992	0.01235	0.01659	0.01313	0.01831	0.01092	0.01068	0.03369	0.04400	0.54337	0.14797	0.03222	0.02917	0.01077	0.00805	0.00241	0.00605	0.00896	0.00935	0.01209
52	0.01430	0.01332	0.02233	0.66340	0.05066	0.01651	0.02060	0.01922	0.01546	0.01981	0.01567	0.06638	0.01300	0.00883	0.00789	0.00262	0.00996	0.00788	0.00369	0.00846
53	0.01601	0.01247	0.06749	0.01394	0.05842	0.01003	0.01085	0.04105	0.02136	0.13059	0.40268	0.04739	0.10885	0.01375	0.00865	0.00244	0.00529	0.01191	0.00782	0.00901
54	0.01154	0.00806	0.00969	0.01024	0.01087	0.00798	0.00661	0.05285	0.01471	0.01962	0.03323	0.38545	0.03879	0.32813	0.02257	0.00499	0.00607	0.01639	0.00615	0.00605
55	0.02493	0.02445	0.02017	0.05025	0.02308	0.27810	0.01378	0.26772	0.02597	0.03074	0.02024	0.14509	0.01876	0.01146	0.00785	0.00236	0.00997	0.00896	0.00601	0.01011
56	0.01321	0.01029	0.01356	0.05914	0.01523	0.01228	0.00960	0.01492	0.01303	0.01912	0.05607	0.03602	0.02313	0.30398	0.10483	0.00581	0.17817	0.00922	0.09582	0.00658
57	0.01696	0.01696	0.02375	0.02036	0.02036	0.02375	0.01696	0.01866	0.01187	0.01866	0.01018	0.01696	0.01018	0.01357	0.02545	0.00339	0.71332	0.00679	0.00339	0.00848
58	0.02559	0.02962	0.02217	0.05408	0.04507	0.44108	0.01550	0.07789	0.08906	0.02290	0.01451	0.01675	0.01178	0.00896	0.00934	0.00229	0.09322	0.00590	0.00459	0.00968
59	0.05843	0.01325	0.01778	0.01368	0.01964	0.01159	0.01130	0.03731	0.02191	0.66396	0.02996	0.02595	0.01885	0.00952	0.00770	0.00240	0.00658	0.00768	0.00944	0.01304
60	0.03138	0.01330	0.01764	0.01337	0.01953	0.01120	0.01099	0.03446	0.02108	0.56447	0.02753	0.02451	0.01779	0.00889	0.00742	0.00217	0.00644	0.00721	0.00869	0.15189
61	0.01090	0.00792	0.01026	0.00968	0.01154	0.00728	0.00726	0.01449	0.02177	0.03068	0.65057	0.05860	0.09789	0.01601	0.00915	0.00245	0.00367	0.01412	0.00848	0.00728
62	0.01961	0.01922	0.03106	0.04640	0.65083	0.04771	0.02342	0.02411	0.01784	0.02506	0.01447	0.01897	0.01218	0.00696	0.00765	0.00229	0.00942	0.00683	0.00384	0.01214
63	0.02107	0.70339	0.03986	0.01354	0.02007	0.05824	0.01334	0.02354	0.01601	0.01827	0.01083	0.01250	0.00995	0.00669	0.00506	0.00167	0.00853	0.00418	0.00334	0.00991
64	0.01078	0.00792	0.01010	0.00955	0.01147	0.00723	0.00717	0.01426	0.02150	0.03003	0.61236	0.05967	0.13651	0.01625	0.00915	0.00246	0.00369	0.01427	0.00839	0.00723
65	0.01890	0.01835	0.03199	0.07979	0.60616	0.01844	0.06453	0.02366	0.01759	0.02502	0.01462	0.01938	0.01215	0.00693	0.00778	0.00234	0.00952	0.00705	0.00382	0.01198
66	0.01347	0.00673	0.01010	0.01010	0.01010	0.00673	0.00673	0.01010	0.01010	0.01347	0.01347	0.02357	0.01347	0.02694	0.03030	0.77441	0.00673	0.00673	0.00337	0.00337
67	0.02786	0.02033	0.02182	0.01698	0.02271	0.02242	0.01393	0.59304	0.03449	0.04663	0.01992	0.04657	0.01504	0.00988	0.00771	0.00233	0.00810	0.00758	0.05007	0.01259
68	0.04862	0.01994	0.10074	0.05988	0.17748	0.01677	0.24949	0.02272	0.01708	0.02495	0.01582	0.04955	0.01315	0.00743	0.00783	0.00228	0.00996	0.00775	0.00411	0.14445
69	0.01662	0.08341	0.03541	0.02626	0.06672	0.01795	0.38210	0.02149	0.01664	0.02257	0.01827	0.08587	0.01637	0.01626	0.11402	0.00408	0.03268	0.00955	0.00418	0.00953
70	0.74576	0.01494	0.01196	0.04343	0.01682	0.01739	0.00902	0.02265	0.01331	0.03408	0.01094	0.01298	0.00849	0.00722	0.00494	0.00241	0.00620	0.00433	0.00473	0.00841
71	0.01106	0.00806	0.01138	0.01192	0.01304	0.00770	0.03967	0.03495	0.01595	0.02169	0.06469	0.57461	0.04587	0.02196	0.01042	0.03566	0.00509	0.01923	0.04035	0.00671
72	0.02210	0.01618	0.01772	0.01442	0.01803	0.01782	0.01106	0.38509	0.02595	0.03487	0.02044	0.03062	0.01870	0.27945	0.02042	0.00432	0.03799	0.00859	0.00642	0.00980
73	0.01044	0.00758	0.00985	0.00996	0.01143	0.00698	0.00721	0.01335	0.01969	0.02734	0.46355	0.24959	0.09711	0.01846	0.00936	0.00265	0.00391	0.01644	0.00808	0.00698
74	0.00945	0.00675	0.00900	0.01080	0.01125	0.00630	0.00720	0.01080	0.01484	0.01979	0.04274	0.72245	0.05128	0.02429	0.00990	0.00315	0.00450	0.02204	0.00720	0.00630
75	0.02947	0.02172	0.02327	0.01784	0.02404	0.02404	0.01474	0.65329	0.03646	0.04887	0.01862	0.01862	0.01319	0.00931	0.00776	0.00233	0.00853	0.00698	0.00776	0.01319
76	0.01445	0.00723	0.00723	0.00723	0.00903	0.00723	0.00542	0.01807	0.01626	0.02891	0.02529	0.02891	0.01987	0.00903	0.00542	0.00181	0.00361	0.00723	0.77055	0.00723
77	0.78228	0.01499	0.01140	0.01020	0.01499	0.01739	0.00840	0.02279	0.01320	0.03479	0.01080	0.01260	0.00840	0.00720	0.00480	0.00240	0.00600	0.00420	0.00480	0.00840
78	0.01108	0.00831	0.01246	0.01246	0.01385	0.00969	0.00969	0.01385	0.01246	0.01800	0.02077	0.03046	0.01938	0.05815	0.69678	0.01246	0.02077	0.00831	0.00415	0.00692
79	0.02073	0.73217	0.04063	0.01327	0.01990	0.03068	0.01327	0.02322	0.01575	0.01824	0.01078	0.01244	0.00995	0.00663	0.00498	0.00166	0.00829	0.00415	0.00332	0.00995
80	0.05019	0.00963	0.00969	0.00886	0.01143	0.01006	0.00687	0.10854	0.01900	0.03200	0.02371	0.02673	0.01842	0.00899	0.00572	0.00191	0.00442	0.00706	0.62864	0.00812
81	0.02335	0.01758	0.01921	0.01619	0.02110	0.01965	0.01300	0.26134	0.33863	0.07985	0.02669	0.02748	0.02023	0.01262	0.03908	0.00299	0.00774	0.03332	0.00775	0.01221
82	0.02865	0.02110	0.02268	0.01755	0.02352	0.02331	0.01443	0.62668	0.03556	0.04766	0.01961	0.04776	0.01476	0.00993	0.00785	0.00236	0.00837	0.00760	0.00773	0.01290
83	0.01483	0.01397	0.02359	0.68174	0.07908	0.01728	0.02163	0.01997	0.01559	0.02004	0.01381	0.02061	0.01042	0.00772	0.00775	0.00257	0.01029	0.00689	0.00346	0.00876
84	0.00945	0.00675	0.00900	0.01080	0.01125	0.00630	0.00720	0.01080	0.01484	0.01979	0.04274	0.72245	0.05128	0.02429	0.00990	0.00315	0.00450	0.02204	0.00720	0.00630
85	0.01067	0.00818	0.00922	0.00895	0.01078	0.00757	0.00635	0.01359	0.04589	0.02331	0.25397	0.06177	0.30533	0.18203	0.01612	0.00370	0.00477	0.01411	0.00708	0.00661
86	0.02112	0.69910	0.03974	0.01359	0.02009	0.06235	0.01335	0.02359	0.01605	0.01828	0.01084	0.01251	0.00995	0.00670	0.00507	0.00167	0.00856	0.00419	0.00335	0.00990
87	0.01073	0.00792	0.01002	0.00950	0.01143	0.00721	0.00712	0.01415	0.02137	0.02971	0.59377	0.06019	0.15530	0.01637	0.00915	0.00246	0.00369	0.01434	0.00835	0.00721
88	0.01555	0.04011	0.68733	0.02210	0.03356	0.01801	0.02865	0.02455	0.01637	0.02455	0.01391	0.01637	0.00982	0.00737	0.00737	0.00246	0.01146	0.00573	0.00327	0.01146
89	0.01766	0.01686	0.02871	0.26999	0.46870	0.01802	0.02303	0.02246	0.01693	0.02347	0.01431	0.01969	0.01163	0.00719	0.00770	0.00240	0.00959	0.00690	0.00371	0.01105
90	0.75687	0.01493	0.01162	0.01032	0.01516	0.01719	0.00850	0.02330	0.01350	0.05688	0.01147	0.01306	0.00876	0.00728	0.00490	0.00240	0.00602	0.00432	0.00496	0.00856
91	0.01217	0.00962	0.01094	0.01071	0.01322	0.00936	0.00821	0.04824	0.09973	0.02597	0.18673	0.14436	0.29808	0.01794	0.00917	0.00272	0.00475	0.07272	0.00759	0.00778
92	0.01566	0.03936	0.66237	0.02251	0.03383	0.01807	0.05286	0.02457	0.01645	0.02457	0.01398	0.01655	0.00990	0.00733	0.00744	0.00246	0.01152	0.00586	0.00330	0.01142
93	0.01737	0.01461	0.01568	0.01415	0.01801	0.01634	0.01097	0.05603	0.47832	0.03176	0.14112	0.03746	0.09046	0.01218	0.00821	0.00259	0.00561	0.01025	0.00793	0.01097
94	0.06729	0.01908	0.03875	0.10053	0.03816	0.01894	0.48881	0.02337	0.01723	0.02447	0.01586	0.04527	0.01273	0.00769	0.00956	0.00265	0.04674	0.00894	0.00402	0.00988
95	0.01748	0.01312	0.01412	0.01245	0.01563	0.06257	0.00975	0.12445	0.04307	0.08383	0.36981	0.04743	0.09631	0.01408	0.00869	0.00246	0.00574	0.04209	0.00796	0.00897
96	0.01127	0.00755	0.00862	0.00862	0.00868	0.00761	0.00490	0.01138	0.01132	0.01516	0.02428	0.04991	0.02783	0.70004	0.06643	0.00772	0.00806	0.01115	0.00468	0.00479
97	0.02058	0.02093	0.02853	0.09130	0.42461	0.12195	0.04844	0.04404	0.07637	0.02521	0.01580	0.01944	0.01280	0.00751	0.00766	0.00232	0.00990	0.00688	0.00431	0.01144
98	0.01614	0.11847	0.61411	0.02110	0.03201	0.01944	0.02691	0.02440	0.01630	0.02384	0.01356	0.01592	0.00984	0.00728	0.00710	0.00237	0.01110	0.00555	0.00328	0.01129
99	0.02116	0.64664	0.06708	0.01419	0.02082	0.08340	0.01407	0.02389	0.01628	0.01857	0.01101	0.01273	0.00995	0.00677	0.00524	0.00172	0.00888	0.00428	0.00337	0.00994
100	0.01783	0.02092	0.06467	0.03140	0.03904	0.01898	0.60328	0.02422	0.01809	0.02461	0.01680	0.05108	0.01341	0.00733	0.00913	0.00263	0.01265	0.00960	0.00404	0.01031
101	0.06359	0.00915	0.01129	0.01015	0.01284	0.00846	0.00779	0.01739	0.02091	0.09156	0.51089	0.05085	0.09055	0.01441	0.00858	0.00238	0.00420	0.01247	0.00814	0.04441
102	0.01059	0.00791	0.00983	0.00935	0.01135	0.00715	0.00701	0.01388	0.02103	0.02892	0.54754	0.06149	0.20202	0.01666	0.00915	0.00248	0.00372	0.01452	0.00825	0.00715
103	0.52789	0.01606	0.01586	0.04298	0.01964	0.01805	0.04170	0.10572	0.04982	0.07766	0.01450	0.01584	0.01073	0.00778	0.00587	0.00242	0.00690	0.00538	0.00554	0.00963
104	0.01217	0.00819	0.01075	0.00996	0.01200	0.00752	0.00752	0.01579	0.02196	0.06387	0.64272	0.05634	0.07045	0.01554	0.00908	0.00244	0.00381	0.01371	0.00859	0.00761
105	0.01168	0.00813	0.01029	0.00963	0.01175	0.00737	0.00726	0.01505	0.02130	0.05658	0.55607	0.05920	0.16420	0.01618	0.00909	0.00246	0.00382	0.01413	0.00837	0.00744
106	0.01919	0.01842	0.03147	0.04759	0.67914	0.01842	0.02380	0.02380	0.01765	0.02533	0.01458	0.01919	0.01228	0.00691	0.00768	0.00230	0.00921	0.00691	0.00384	0.01228
107	0.01120	0.00749	0.00848	0.00855	0.00857	0.00747	0.00480	0.01126	0.01141	0.01522	0.02514	0.07687	0.02909	0.70015	0.03831	0.00735	0.00740	0.01169	0.00480	0.00476
108	0.01861	0.01892	0.02357	0.02020	0.02085	0.08167	0.01668	0.05086	0.01395	0.02017	0.01075	0.01679	0.01031	0.01288	0.02299	0.00322	0.61853	0.00664	0.00366	0.00876
109	0.01608	0.01378	0.01608	0.01148	0.01837	0.01034	0.00919	0.01952	0.01608	0.02527	0.01378	0.01608	0.01148	0.00574	0.00574	0.00115	0.00574	0.00459	0.00459	0.77491
110	0.02137	0.49416	0.09323	0.01577	0.02184	0.14231	0.01522	0.02428	0.01655	0.01896	0.01121	0.01342	0.00996	0.00750	0.00720	0.00193	0.06721	0.00465	0.00343	0.00980
111	0.02818	0.06103	0.02271	0.01975	0.02368	0.64503	0.01500	0.03018	0.02134	0.01894	0.01187	0.01405	0.00999	0.00817	0.00767	0.00204	0.04238	0.00504	0.00395	0.00900
112	0.02148	0.01542	0.01767	0.01449	0.01847	0.01682	0.01153	0.31788	0.02448	0.05626	0.01990	0.02553	0.01661	0.10772	0.13686	0.00475	0.04460	0.00764	0.06194	0.05994
113	0.02854	0.03549	0.02245	0.02114	0.05358	0.63825	0.01537	0.05609	0.02237	0.02049	0.01237	0.01441	0.01022	0.00800	0.00705	0.00202	0.01354	0.00516	0.00414	0.00931
114	0.00961	0.00693	0.00910	0.01054	0.01125	0.00643	0.00715	0.01125	0.01579	0.02114	0.11669	0.61570	0.08350	0.02311	0.00978	0.00304	0.00438	0.02086	0.00735	0.00643
115	0.01119	0.00753	0.00843	0.00843	0.00854	0.00748	0.00475	0.01127	0.01154	0.01528	0.02667	0.05173	0.05501	0.69820	0.03821	0.00731	0.00737	0.01149	0.00480	0.00477
116	0.00950	0.00685	0.00900	0.01062	0.01122	0.00635	0.00714	0.01097	0.01526	0.02031	0.07030	0.66591	0.08041	0.02373	0.00983	0.00310	0.00444	0.02146	0.00725	0.00635
117	0.02923	0.02109	0.02276	0.01756	0.02367	0.02325	0.01447	0.59636	0.06572	0.07681	0.01977	0.01946	0.01396	0.00938	0.00776	0.00234	0.00833	0.00710	0.00785	0.01314
118	0.78228	0.01499	0.01140	0.01020	0.01499	0.01739	0.00840	0.02279	0.01320	0.03479	0.01080	0.01260	0.00840	0.00720	0.00480	0.00240	0.00600	0.00420	0.00480	0.00840
119	0.78228	0.01499	0.01140	0.01020	0.01499	0.01739	0.00840	0.02279	0.01320	0.03479	0.01080	0.01260	0.00840	0.00720	0.00480	0.00240	0.00600	0.00420	0.00480	0.00840
120	0.02638	0.01831	0.02022	0.01614	0.02127	0.01979	0.01300	0.48433	0.03121	0.09819	0.02338	0.12369	0.01980	0.03575	0.00914	0.00263	0.00774	0.00941	0.00773	0.01189
121	0.01898	0.01821	0.03110	0.07747	0.65087	0.01837	0.02369	0.02362	0.01756	0.02508	0.01455	0.01926	0.01219	0.00695	0.00768	0.00232	0.00926	0.00691	0.00382	0.01212
122	0.78228	0.01499	0.01140	0.01020	0.01499	0.01739	0.00840	0.02279	0.01320	0.03479	0.01080	0.01260	0.00840	0.00720	0.00480	0.00240	0.00600	0.00420	0.00480	0.00840
123	0.07465	0.01610	0.02046	0.09852	0.02415	0.01846	0.04076	0.23473	0.02283	0.06066	0.08774	0.09254	0.02225	0.01181	0.01116	0.00266	0.13519	0.00910	0.00619	0.01004
124	0.00943	0.00681	0.00893	0.01063	0.01120	0.00631	0.00712	0.01081	0.01500	0.01986	0.04472	0.68649	0.08595	0.02403	0.00986	0.00312	0.00447	0.02173	0.00720	0.00631
125	0.01635	0.01552	0.02634	0.46102	0.28794	0.01767	0.02238	0.02130	0.01631	0.02188	0.01408	0.02012	0.01107	0.00744	0.00772	0.00248	0.00991	0.00690	0.00359	0.00999
126	0.00959	0.00709	0.00902	0.01049	0.01142	0.00651	0.00731	0.01120	0.01555	0.02022	0.04910	0.56396	0.16380	0.02326	0.00982	0.00308	0.00457	0.06042	0.00719	0.00640
127	0.01347	0.00673	0.01010	0.01010	0.01010	0.00673	0.00673	0.01010	0.01010	0.01347	0.01347	0.02357	0.01347	0.02694	0.03030	0.77441	0.00673	0.00673	0.00337	0.00337
128	0.02073	0.73217	0.04063	0.01327	0.01990	0.03068	0.01327	0.02322	0.01575	0.01824	0.01078	0.01244	0.00995	0.00663	0.00498	0.00166	0.00829	0.00415	0.00332	0.00995
129	0.01024	0.00832	0.00917	0.00916	0.01156	0.00746	0.00697	0.01359	0.05016	0.02358	0.18808	0.09832	0.45844	0.01877	0.00923	0.00267	0.00422	0.05555	0.00749	0.00700
130	0.01464	0.01378	0.02326	0.70887	0.05340	0.01723	0.02153	0.01981	0.01550	0.01981	0.01378	0.02067	0.01034	0.00775	0.00775	0.00258	0.01034	0.00689	0.00345	0.00861
131	0.02616	0.01660	0.01762	0.01468	0.01966	0.07363	0.01170	0.10381	0.21304	0.28721	0.03346	0.03076	0.09477	0.01086	0.00791	0.00245	0.00701	0.00874	0.00813	0.01179
132	0.60722	0.01929	0.01503	0.01309	0.01789	0.14114	0.04146	0.02438	0.01505	0.03142	0.01126	0.01326	0.00885	0.00731	0.00541	0.00234	0.00780	0.00459	0.00461	0.00861
133	0.01971	0.01944	0.03069	0.04405	0.59137	0.05613	0.04147	0.02508	0.04969	0.02531	0.01531	0.01943	0.01270	0.00713	0.00769	0.00231	0.00944	0.00696	0.00405	0.01204
134	0.01385	0.00860	0.01125	0.01041	0.01271	0.00788	0.00800	0.01724	0.02119	0.10769	0.51160	0.05653	0.08808	0.03836	0.01006	0.00268	0.00437	0.05321	0.00839	0.00789
135	0.01354	0.00878	0.01138	0.01038	0.01271	0.00820	0.00790	0.01791	0.04920	0.09178	0.58800	0.05377	0.06606	0.01505	0.00897	0.00244	0.00404	0.01322	0.00861	0.00807
136	0.01841	0.01938	0.02353	0.02031	0.02079	0.10489	0.01672	0.02014	0.01309	0.01870	0.01040	0.01660	0.01016	0.01290	0.02322	0.00322	0.62895	0.00657	0.00347	0.00854
137	0.01730	0.06391	0.39535	0.02658	0.07685	0.04056	0.22023	0.02474	0.01720	0.02423	0.01430	0.01771	0.01060	0.00707	0.00782	0.00244	0.01175	0.00677	0.00354	0.01106
138	0.01110	0.00822	0.01204	0.01204	0.01328	0.00946	0.00917	0.01358	0.01234	0.01769	0.02115	0.03258	0.02030	0.12815	0.62804	0.01194	0.01938	0.00862	0.00421	0.00669
139	0.01232	0.01051	0.01068	0.01006	0.01258	0.05275	0.00759	0.04947	0.02064	0.02644	0.31138	0.08129	0.33187	0.01692	0.00896	0.00251	0.00475	0.01433	0.00756	0.00738
140	0.01496	0.01425	0.02451	0.65711	0.07418	0.01737	0.04880	0.02016	0.01570	0.02022	0.01389	0.02063	0.01046	0.00767	0.00781	0.00258	0.01042	0.00699	0.00348	0.00882
141	0.24783	0.15149	0.02396	0.09695	0.05584	0.17660	0.04080	0.07937	0.01840	0.02677	0.01248	0.01501	0.01001	0.00748	0.00625	0.00219	0.00942	0.00526	0.00436	0.00953
142	0.01049	0.00805	0.01069	0.01166	0.01245	0.00804	0.00816	0.01199	0.01466	0.02002	0.03821	0.61975	0.04538	0.02227	0.01099	0.00305	0.06568	0.01969	0.00672	0.05205
143	0.64738	0.14203	0.01657	0.01074	0.01586	0.01975	0.00926	0.02287	0.01365	0.03186	0.01079	0.01257	0.00867	0.00710	0.00483	0.00227	0.00640	0.00419	0.00454	0.00867
144	0.01695	0.01430	0.01655	0.01190	0.01874	0.01123	0.00955	0.06080	0.01741	0.02680	0.01410	0.01624	0.01160	0.00597	0.00587	0.00123	0.00592	0.00475	0.00480	0.72529
145	0.00916	0.00785	0.00785	0.00785	0.01047	0.00655	0.00589	0.01113	0.01767	0.02095	0.07855	0.07462	0.67599	0.01964	0.00916	0.00262	0.00393	0.01636	0.00720	0.00655
146	0.00945	0.00675	0.00900	0.01080	0.01125	0.00630	0.00720	0.01080	0.01484	0.01979	0.04274	0.72245	0.05128	0.02429	0.00990	0.00315	0.00450	0.02204	0.00720	0.00630
147	0.02073	0.73217	0.04063	0.01327	0.01990	0.03068	0.01327	0.02322	0.01575	0.01824	0.01078	0.01244	0.00995	0.00663	0.00498	0.00166	0.00829	0.00415	0.00332	0.00995
148	0.01424	0.00857	0.01124	0.01039	0.01271	0.00778	0.00785	0.01748	0.02105	0.12541	0.48928	0.12536	0.08634	0.01599	0.00903	0.00252	0.00419	0.01406	0.00850	0.00804
149	0.01602	0.10331	0.62827	0.02129	0.03231	0.01916	0.02724	0.02443	0.01631	0.02398	0.01363	0.01601	0.00983	0.00730	0.00715	0.00238	0.01117	0.00558	0.00328	0.01132
150	0.01128	0.00752	0.00846	0.00846	0.00846	0.00752	0.00470	0.01128	0.01128	0.01503	0.02443	0.05074	0.02819	0.72751	0.03946	0.00752	0.00752	0.01128	0.00470	0.00470
151	0.01830	0.01397	0.01540	0.01402	0.01795	0.01510	0.01117	0.07932	0.34915	0.07932	0.04108	0.04514	0.15433	0.01368	0.00852	0.00272	0.00606	0.09645	0.00777	0.01056
152	0.01913	0.01649	0.01568	0.01478	0.04679	0.14964	0.01072	0.04431	0.06996	0.10094	0.17240	0.09865	0.10791	0.01272	0.00808	0.00231	0.00701	0.01059	0.00678	0.08511
153	0.16176	0.33984	0.02759	0.01459	0.01979	0.24331	0.01255	0.02540	0.01733	0.02202	0.01189	0.01378	0.01017	0.00730	0.00562	0.00191	0.00949	0.00458	0.04185	0.00922
154	0.48960	0.01504	0.01429	0.01197	0.01716	0.01632	0.00983	0.06892	0.05332	0.21054	0.01779	0.01761	0.01246	0.00817	0.00597	0.00241	0.00633	0.00560	0.00645	0.01022
155	0.02034	0.01979	0.03045	0.04432	0.60398	0.06286	0.02277	0.05548	0.01887	0.02608	0.01462	0.01882	0.01218	0.00710	0.00764	0.00228	0.00949	0.00679	0.00404	0.01211
156	0.01734	0.01894	0.03624	0.23185	0.04221	0.05151	0.40378	0.02301	0.01749	0.02283	0.01616	0.05220	0.01304	0.00777	0.00866	0.00260	0.01192	0.00886	0.00393	0.00965
157	0.01063	0.00753	0.00836	0.00851	0.00916	0.00719	0.00518	0.01120	0.01306	0.01681	0.03856	0.11210	0.18106	0.50414	0.02995	0.00601	0.00643	0.01336	0.00549	0.00526
158	0.00959	0.00787	0.00844	0.00830	0.01073	0.00673	0.00622	0.01195	0.01867	0.02332	0.21811	0.07071	0.53495	0.01875	0.00916	0.00258	0.00386	0.01582	0.00751	0.00673
159	0.02826	0.02078	0.02222	0.01723	0.02314	0.02301	0.01417	0.59303	0.06635	0.04711	0.01957	0.01961	0.01402	0.00935	0.00765	0.00232	0.00818	0.00708	0.04405	0.01286
