[name]
unknown

[dist]
# distance from previous block
# <min> <max>
19	63

[block]
# block no. 0 follows, 28 sequences, length 9
# corresponding to MSA columns:
# 80-88
name=unknown_A
#
# <colnr> <probs for GDERKNQSTAVLIFYWHMCP>
#	G	D	E	R	K	N	Q	S	T	A	V	L	I	F	Y	W	H	M	C	P
0	0.19278	0.02575	0.01830	0.01587	0.02029	0.38491	0.01236	0.13207	0.02104	0.09247	0.01370	0.01466	0.01037	0.00768	0.00630	0.00204	0.01000	0.00508	0.00499	0.00933
1	0.28801	0.02042	0.08308	0.01382	0.01916	0.13655	0.01206	0.13276	0.01909	0.09203	0.04402	0.01666	0.01286	0.00767	0.00606	0.00208	0.00775	0.00539	0.00524	0.07526
2	0.04947	0.07313	0.07738	0.01359	0.02004	0.01563	0.01210	0.20051	0.02089	0.11266	0.01578	0.01655	0.01174	0.00698	0.00618	0.00170	0.00684	0.00533	0.00550	0.32800
3	0.12336	0.32897	0.13495	0.01546	0.02174	0.14298	0.03845	0.07833	0.01727	0.02285	0.01155	0.01328	0.00944	0.00682	0.00568	0.00190	0.00906	0.00466	0.00377	0.00947
4	0.64101	0.05855	0.01558	0.01183	0.01675	0.01697	0.06928	0.02225	0.01336	0.06327	0.01144	0.01314	0.00874	0.00677	0.00502	0.00223	0.00639	0.00452	0.00456	0.00835
5	0.01701	0.01101	0.01259	0.01111	0.01328	0.01136	0.00790	0.19028	0.01839	0.09060	0.02469	0.14548	0.02523	0.36354	0.02183	0.00464	0.00677	0.01076	0.00598	0.00754
6	0.02509	0.01793	0.01980	0.01500	0.02095	0.01850	0.01232	0.46572	0.02853	0.09641	0.01733	0.01751	0.01246	0.00796	0.00683	0.00193	0.00723	0.00608	0.00672	0.19570
7	0.01263	0.00631	0.00947	0.00947	0.00947	0.00631	0.00631	0.00947	0.00947	0.01263	0.01263	0.02210	0.01263	0.02525	0.02841	0.78851	0.00631	0.00631	0.00316	0.00316
8	0.01543	0.04794	0.07994	0.01413	0.01769	0.01381	0.04059	0.15546	0.01900	0.02617	0.09760	0.24923	0.02943	0.03773	0.01021	0.00260	0.06755	0.01155	0.00583	0.05808

[dist]
# distance from previous block
# <min> <max>
0	7

[block]
# block no. 1 follows, 28 sequences, length 15
# corresponding to MSA columns:
# 96-110
name=unknown_B
#
# <colnr> <probs for GDERKNQSTAVLIFYWHMCP>
#	G	D	E	R	K	N	Q	S	T	A	V	L	I	F	Y	W	H	M	C	P
0	0.01374	0.01465	0.06924	0.60990	0.04636	0.01585	0.05365	0.01873	0.01470	0.01912	0.01426	0.05214	0.01149	0.00789	0.00740	0.00244	0.00964	0.00715	0.00340	0.00825
1	0.01229	0.01091	0.01733	0.44062	0.03475	0.01304	0.01533	0.01590	0.01468	0.01937	0.07557	0.21122	0.02457	0.01226	0.00883	0.00259	0.04806	0.01073	0.00454	0.00740
2	0.68102	0.01446	0.01201	0.01037	0.01506	0.01643	0.00855	0.07554	0.01472	0.07973	0.01199	0.01315	0.00893	0.00706	0.00492	0.00224	0.00585	0.00438	0.00503	0.00855
3	0.02739	0.01894	0.02075	0.01599	0.02160	0.02059	0.01318	0.57784	0.03216	0.11486	0.04871	0.01986	0.01545	0.00903	0.00733	0.00219	0.00760	0.00692	0.00749	0.01212
4	0.01505	0.10457	0.49312	0.08588	0.03183	0.01780	0.08313	0.02210	0.01533	0.02189	0.01374	0.03864	0.01066	0.00730	0.00694	0.00227	0.01028	0.00610	0.00326	0.01011
5	0.01392	0.01280	0.02123	0.57253	0.06518	0.01528	0.04021	0.03801	0.01575	0.02058	0.06980	0.05135	0.01623	0.00850	0.00750	0.00242	0.00896	0.00765	0.00391	0.00819
6	0.01029	0.00702	0.00782	0.00796	0.00845	0.00680	0.00480	0.01085	0.01199	0.01597	0.03197	0.10621	0.12849	0.53797	0.02880	0.00574	0.00612	0.01191	0.04591	0.00491
7	0.12945	0.00825	0.00970	0.00987	0.01103	0.00852	0.00686	0.04228	0.01316	0.02005	0.05086	0.27529	0.02804	0.09746	0.01727	0.24401	0.00552	0.01172	0.00513	0.00553
8	0.01765	0.07893	0.12266	0.01649	0.04748	0.09239	0.04365	0.15933	0.03163	0.02593	0.05729	0.18520	0.04231	0.03568	0.00851	0.00248	0.00789	0.01000	0.00541	0.00908
9	0.01953	0.02110	0.05374	0.03525	0.41970	0.12836	0.10829	0.04617	0.05296	0.02380	0.01436	0.01780	0.01161	0.00686	0.00728	0.00218	0.00974	0.00653	0.00393	0.01079
10	0.00984	0.00688	0.00809	0.00856	0.00903	0.00660	0.00532	0.01055	0.01262	0.01663	0.06088	0.25484	0.10801	0.42195	0.02454	0.00514	0.00569	0.01418	0.00550	0.00514
11	0.65373	0.01490	0.04152	0.04597	0.01669	0.01602	0.00940	0.04463	0.01363	0.03130	0.01399	0.01560	0.04432	0.00746	0.00506	0.00227	0.00603	0.00482	0.00459	0.00808
12	0.05789	0.33126	0.31326	0.01758	0.05144	0.02160	0.03838	0.02295	0.01530	0.05185	0.01245	0.01428	0.00973	0.00666	0.00592	0.00198	0.00899	0.00490	0.00347	0.01008
13	0.02435	0.01754	0.01926	0.01554	0.02043	0.01917	0.01265	0.49639	0.07517	0.07031	0.02232	0.09942	0.01867	0.01092	0.00764	0.00235	0.00729	0.04201	0.00727	0.01131
14	0.01018	0.00739	0.00963	0.00939	0.01103	0.00684	0.00707	0.01337	0.01966	0.02749	0.58052	0.11228	0.09044	0.01594	0.00871	0.00241	0.00369	0.04945	0.00778	0.00674

[dist]
# distance from previous block
# <min> <max>
0	1

[block]
# block no. 2 follows, 28 sequences, length 8
# corresponding to MSA columns:
# 112-119
name=unknown_C
#
# <colnr> <probs for GDERKNQSTAVLIFYWHMCP>
#	G	D	E	R	K	N	Q	S	T	A	V	L	I	F	Y	W	H	M	C	P
0	0.01741	0.01672	0.02827	0.12867	0.53430	0.01724	0.05441	0.02305	0.06411	0.02354	0.01477	0.01890	0.01202	0.00680	0.00729	0.00223	0.00875	0.00671	0.00383	0.01099
1	0.09401	0.03521	0.63610	0.01958	0.02969	0.01682	0.02493	0.02285	0.01504	0.02400	0.01275	0.01499	0.00907	0.00689	0.00666	0.00230	0.01022	0.00523	0.00321	0.01045
2	0.01603	0.01383	0.01447	0.01319	0.01694	0.01550	0.01021	0.03253	0.54128	0.02808	0.03911	0.03638	0.16795	0.01171	0.00765	0.00246	0.00530	0.00976	0.00726	0.01034
3	0.79588	0.01406	0.01068	0.00956	0.01406	0.01631	0.00787	0.02137	0.01237	0.03261	0.01012	0.01181	0.00787	0.00675	0.00450	0.00225	0.00562	0.00394	0.00450	0.00787
4	0.01051	0.00710	0.00830	0.00849	0.00872	0.00704	0.00517	0.01100	0.01175	0.01572	0.06241	0.09791	0.03124	0.60826	0.03180	0.00627	0.00663	0.05198	0.00491	0.00479
5	0.05216	0.55563	0.06845	0.01387	0.01963	0.11347	0.01337	0.02251	0.01525	0.01816	0.01037	0.01225	0.00928	0.00676	0.00597	0.00174	0.04455	0.00419	0.00325	0.00916
6	0.01387	0.01001	0.01162	0.01086	0.01273	0.01011	0.00768	0.15470	0.01777	0.02406	0.07016	0.29127	0.03308	0.23637	0.01696	0.00388	0.00590	0.01319	0.00610	0.04968
7	0.10950	0.16950	0.33872	0.02120	0.10193	0.04443	0.07380	0.02274	0.01535	0.02292	0.01227	0.01477	0.00949	0.00666	0.00634	0.00213	0.00953	0.00527	0.00338	0.01005

[dist]
# distance from previous block
# <min> <max>
20	37

[block]
# block no. 3 follows, 28 sequences, length 15
# corresponding to MSA columns:
# 157-171
name=unknown_D
#
# <colnr> <probs for GDERKNQSTAVLIFYWHMCP>
#	G	D	E	R	K	N	Q	S	T	A	V	L	I	F	Y	W	H	M	C	P
0	0.01216	0.00648	0.00912	0.00912	0.00912	0.00648	0.00588	0.00972	0.00972	0.01296	0.01495	0.02786	0.01575	0.18812	0.03035	0.61156	0.00648	0.00728	0.00344	0.00344
1	0.02489	0.03124	0.02565	0.02142	0.02599	0.55754	0.16321	0.02773	0.01982	0.01903	0.01202	0.01458	0.00974	0.00718	0.00701	0.00200	0.01292	0.00556	0.00373	0.00874
2	0.01538	0.06401	0.02519	0.47643	0.24035	0.01734	0.02029	0.01990	0.01515	0.02001	0.01295	0.01845	0.01021	0.00696	0.00707	0.00229	0.00925	0.00629	0.00333	0.00918
3	0.01291	0.00883	0.01262	0.03810	0.01311	0.01035	0.00886	0.01190	0.01076	0.01497	0.03601	0.06847	0.01707	0.08913	0.02560	0.43454	0.17043	0.00783	0.00366	0.00483
4	0.01660	0.18917	0.36059	0.02497	0.18027	0.01970	0.06634	0.02260	0.01561	0.02189	0.01265	0.01542	0.00988	0.00660	0.00659	0.00211	0.00971	0.00551	0.00324	0.01054
5	0.01642	0.02103	0.17769	0.32472	0.05292	0.05301	0.03772	0.08209	0.01649	0.02220	0.01286	0.01743	0.00988	0.00809	0.00963	0.00245	0.11636	0.00617	0.00361	0.00921
6	0.01242	0.00678	0.00998	0.01036	0.01074	0.00678	0.00754	0.01074	0.01111	0.01469	0.01848	0.03566	0.01924	0.02408	0.02425	0.61072	0.00640	0.15213	0.00396	0.00396
7	0.19409	0.01665	0.02585	0.03604	0.51386	0.01710	0.04875	0.02214	0.01563	0.02573	0.01292	0.01666	0.01067	0.00652	0.00665	0.00219	0.00812	0.00600	0.00381	0.01061
8	0.01850	0.49870	0.02914	0.01193	0.01653	0.07776	0.01069	0.02028	0.01449	0.04026	0.01374	0.02036	0.01350	0.17360	0.01223	0.00285	0.00798	0.00558	0.00366	0.00825
9	0.01128	0.00943	0.01290	0.01646	0.16583	0.00886	0.00947	0.01352	0.01577	0.02074	0.12574	0.13688	0.27377	0.13198	0.01290	0.00316	0.00538	0.01296	0.00582	0.00714
10	0.01803	0.01979	0.08352	0.08958	0.55274	0.06439	0.02197	0.02255	0.01658	0.02292	0.01340	0.01754	0.01105	0.00664	0.00713	0.00217	0.00919	0.00626	0.00354	0.01100
11	0.19832	0.05912	0.01950	0.01868	0.10158	0.33412	0.01304	0.04909	0.06138	0.02422	0.04697	0.01646	0.01319	0.00771	0.00626	0.00205	0.00947	0.00541	0.00444	0.00898
12	0.01263	0.00631	0.00947	0.00947	0.00947	0.00631	0.00631	0.00947	0.00947	0.01263	0.01263	0.02210	0.01263	0.02525	0.02841	0.78851	0.00631	0.00631	0.00316	0.00316
13	0.01572	0.18712	0.34635	0.18039	0.06661	0.01941	0.04528	0.02171	0.01516	0.02075	0.01246	0.01573	0.00953	0.00679	0.00657	0.00216	0.00980	0.00546	0.00316	0.00983
14	0.08654	0.01267	0.01427	0.01127	0.01612	0.01159	0.00895	0.10587	0.04358	0.04618	0.16956	0.04461	0.02544	0.00883	0.00651	0.00174	0.00531	0.00724	0.00586	0.36785

[dist]
# distance from previous block
# <min> <max>
0	8

[block]
# block no. 4 follows, 28 sequences, length 18
# corresponding to MSA columns:
# 180-197
name=unknown_E
#
# <colnr> <probs for GDERKNQSTAVLIFYWHMCP>
#	G	D	E	R	K	N	Q	S	T	A	V	L	I	F	Y	W	H	M	C	P
0	0.01084	0.00846	0.01255	0.01229	0.01348	0.01017	0.00965	0.01335	0.01164	0.01693	0.01865	0.02752	0.01746	0.05108	0.65881	0.01098	0.07803	0.00767	0.00384	0.00661
1	0.01459	0.00995	0.01161	0.01062	0.01352	0.00968	0.00826	0.07228	0.09738	0.10243	0.21527	0.10211	0.23852	0.01506	0.00833	0.00245	0.00470	0.04761	0.00744	0.00817
2	0.00990	0.00707	0.00800	0.00813	0.00889	0.00670	0.00512	0.01075	0.01314	0.01710	0.09184	0.12782	0.18754	0.43845	0.02509	0.00515	0.00566	0.01298	0.00550	0.00517
3	0.01424	0.00817	0.01063	0.00961	0.01194	0.00746	0.00735	0.01750	0.01997	0.14129	0.50907	0.06784	0.05542	0.01360	0.00810	0.00225	0.00391	0.01188	0.07205	0.00774
4	0.01519	0.01001	0.01235	0.01153	0.01426	0.01012	0.00901	0.02198	0.16683	0.12428	0.23485	0.09537	0.08938	0.01752	0.06651	0.00326	0.00607	0.07558	0.00736	0.00852
5	0.01141	0.00829	0.00979	0.00946	0.01172	0.00772	0.00718	0.01549	0.07472	0.05860	0.29807	0.12047	0.27950	0.01635	0.00855	0.00247	0.00407	0.04159	0.00739	0.00718
6	0.01036	0.00717	0.00842	0.00831	0.00918	0.00690	0.00543	0.01177	0.01439	0.01974	0.21978	0.07117	0.11046	0.38936	0.03907	0.00495	0.00569	0.01188	0.04047	0.00549
7	0.02779	0.01878	0.02059	0.01585	0.02149	0.02036	0.01307	0.56437	0.03167	0.13399	0.01920	0.01879	0.01335	0.00875	0.00720	0.00217	0.00758	0.00666	0.03618	0.01216
8	0.06551	0.00828	0.00821	0.00776	0.00986	0.00859	0.00588	0.06597	0.01624	0.02821	0.02232	0.02640	0.01785	0.04488	0.00679	0.00203	0.00406	0.00676	0.63728	0.00715
9	0.01563	0.01682	0.03458	0.22952	0.03967	0.01693	0.44171	0.02107	0.01619	0.02162	0.01585	0.06654	0.01306	0.00754	0.00825	0.00248	0.01099	0.00876	0.00375	0.00905
10	0.16022	0.01488	0.02198	0.35058	0.22968	0.01692	0.01811	0.06301	0.01600	0.02444	0.01292	0.01745	0.01006	0.00704	0.00674	0.00230	0.00852	0.00600	0.00383	0.00931
11	0.01201	0.00928	0.01042	0.00978	0.01237	0.00885	0.00761	0.10772	0.01992	0.02577	0.20708	0.09838	0.35942	0.01656	0.00855	0.00248	0.00452	0.06493	0.00712	0.00724
12	0.01022	0.00772	0.01114	0.01114	0.01249	0.00873	0.00858	0.01265	0.01210	0.01703	0.02471	0.03317	0.08246	0.07674	0.62380	0.01064	0.01752	0.00860	0.00418	0.00638
13	0.01299	0.00902	0.01209	0.01300	0.05755	0.00878	0.00938	0.01683	0.06732	0.06329	0.25841	0.08694	0.10230	0.01650	0.01057	0.07677	0.00519	0.15896	0.00679	0.00733
14	0.05001	0.01268	0.01838	0.01416	0.01946	0.01139	0.07270	0.03168	0.04022	0.52907	0.09753	0.02709	0.02254	0.00931	0.00749	0.00228	0.00644	0.00798	0.00821	0.01139
15	0.00949	0.00726	0.00835	0.00828	0.00997	0.00650	0.00592	0.01158	0.01691	0.02209	0.28182	0.11118	0.33143	0.12202	0.01273	0.00309	0.00412	0.01428	0.00685	0.00612
16	0.08891	0.01551	0.02827	0.38966	0.07526	0.01698	0.23967	0.02062	0.01532	0.02175	0.01330	0.01867	0.01006	0.00679	0.00745	0.00240	0.01012	0.00694	0.00352	0.00881
17	0.02971	0.01208	0.01617	0.01268	0.01785	0.01073	0.01037	0.03355	0.05735	0.60349	0.09164	0.02766	0.02300	0.00960	0.00743	0.00226	0.00590	0.00791	0.00881	0.01180

[dist]
# distance from previous block
# <min> <max>
0	5

[block]
# block no. 5 follows, 28 sequences, length 68
# corresponding to MSA columns:
# 203-270
name=unknown_F
#
# <colnr> <probs for GDERKNQSTAVLIFYWHMCP>
#	G	D	E	R	K	N	Q	S	T	A	V	L	I	F	Y	W	H	M	C	P
0	0.01516	0.02741	0.37280	0.08897	0.03455	0.01684	0.25725	0.02211	0.01586	0.02250	0.01488	0.05089	0.01171	0.00740	0.00765	0.00240	0.01089	0.00733	0.00347	0.00993
1	0.05097	0.01406	0.02345	0.47516	0.19555	0.01611	0.04975	0.01945	0.01510	0.02068	0.01552	0.02078	0.03803	0.00746	0.00724	0.00236	0.00913	0.00681	0.00354	0.00886
2	0.01657	0.01656	0.05410	0.25164	0.38097	0.01674	0.05096	0.05103	0.01662	0.02291	0.01471	0.04767	0.01236	0.00749	0.00736	0.00229	0.00901	0.00710	0.00376	0.01015
3	0.01473	0.03338	0.57520	0.02227	0.05831	0.01655	0.09553	0.02242	0.01552	0.02287	0.01450	0.04955	0.01130	0.00754	0.00721	0.00234	0.01052	0.00647	0.00333	0.01045
4	0.01103	0.00693	0.00926	0.01029	0.01126	0.00639	0.00710	0.01259	0.01501	0.07908	0.08748	0.62684	0.04697	0.02099	0.00905	0.00284	0.00433	0.01895	0.00704	0.00654
5	0.01839	0.01494	0.01605	0.01441	0.01834	0.01699	0.01125	0.06197	0.56991	0.05647	0.02917	0.03020	0.02276	0.04438	0.00889	0.00270	0.00597	0.03891	0.00728	0.01101
6	0.01458	0.03760	0.70688	0.02072	0.03146	0.01688	0.02686	0.02302	0.01535	0.02302	0.01304	0.01535	0.00921	0.00691	0.00691	0.00230	0.01074	0.00537	0.00307	0.01074
7	0.03196	0.01343	0.01752	0.01343	0.01908	0.01225	0.01110	0.11982	0.02257	0.61734	0.02720	0.02378	0.01725	0.00896	0.00730	0.00224	0.00642	0.00721	0.00877	0.01237
8	0.01041	0.00769	0.01119	0.01119	0.01231	0.00882	0.00847	0.01266	0.01154	0.01651	0.01992	0.03107	0.01926	0.14557	0.62617	0.01107	0.01783	0.00816	0.00396	0.00621
9	0.01171	0.00837	0.01171	0.01339	0.01506	0.00837	0.01171	0.01506	0.01673	0.02175	0.03849	0.08199	0.04183	0.02008	0.01004	0.00335	0.00669	0.65027	0.00669	0.00669
10	0.01502	0.10182	0.64650	0.01997	0.03031	0.01795	0.02556	0.02291	0.01529	0.02249	0.01278	0.01501	0.00922	0.00684	0.00670	0.00223	0.01047	0.00524	0.00307	0.01062
11	0.03078	0.01197	0.01628	0.01262	0.01793	0.01037	0.01037	0.03365	0.02079	0.64893	0.08329	0.02716	0.02214	0.00948	0.00741	0.00225	0.00596	0.00779	0.00892	0.01192
12	0.00897	0.00641	0.00854	0.01004	0.01057	0.00598	0.00676	0.01041	0.01445	0.01940	0.09244	0.68500	0.04972	0.02214	0.00922	0.00290	0.00415	0.02006	0.00685	0.00598
13	0.00873	0.00737	0.00755	0.00751	0.00990	0.00619	0.00563	0.01069	0.01689	0.02040	0.12333	0.06870	0.64607	0.01813	0.00859	0.00244	0.00366	0.01517	0.00685	0.00619
14	0.01507	0.01292	0.01507	0.01077	0.01723	0.00969	0.00861	0.01830	0.01507	0.02369	0.01292	0.01507	0.01077	0.00538	0.00538	0.00108	0.00538	0.00431	0.00431	0.78898
15	0.01518	0.03746	0.67408	0.02062	0.03103	0.05026	0.02624	0.02331	0.01560	0.02277	0.01296	0.01524	0.00922	0.00693	0.00689	0.00228	0.01086	0.00534	0.00310	0.01063
16	0.01507	0.01292	0.01507	0.01077	0.01723	0.00969	0.00861	0.01830	0.01507	0.02369	0.01292	0.01507	0.01077	0.00538	0.00538	0.00108	0.00538	0.00431	0.00431	0.78898
17	0.02432	0.01872	0.01995	0.01606	0.02128	0.02100	0.01302	0.45433	0.26020	0.04047	0.02166	0.02080	0.01577	0.00912	0.00731	0.00228	0.00722	0.00712	0.00731	0.01206
18	0.01507	0.01292	0.01507	0.01077	0.01723	0.00969	0.00861	0.01830	0.01507	0.02369	0.01292	0.01507	0.01077	0.00538	0.00538	0.00108	0.00538	0.00431	0.00431	0.78898
19	0.14942	0.04193	0.01650	0.01339	0.01766	0.06684	0.01072	0.20464	0.18979	0.03271	0.10901	0.02694	0.07060	0.00999	0.00696	0.00225	0.00650	0.00778	0.00650	0.00986
20	0.02715	0.03464	0.02060	0.01873	0.02247	0.71536	0.01404	0.02903	0.02060	0.01779	0.01124	0.01311	0.00936	0.00749	0.00655	0.00187	0.01311	0.00468	0.00375	0.00843
21	0.00927	0.00739	0.00831	0.00808	0.01024	0.00643	0.00606	0.01176	0.01818	0.02347	0.32411	0.06365	0.44338	0.01698	0.00858	0.00239	0.00358	0.01446	0.00725	0.00643
22	0.01466	0.04163	0.09007	0.52964	0.14602	0.01683	0.02089	0.01968	0.01493	0.01974	0.01295	0.01851	0.00991	0.00708	0.00713	0.00234	0.00956	0.00627	0.00327	0.00890
23	0.01615	0.01540	0.02619	0.33848	0.41967	0.01679	0.02140	0.02070	0.01568	0.02152	0.01335	0.01859	0.01073	0.00682	0.00723	0.00227	0.00909	0.00647	0.00344	0.01003
24	0.01039	0.00704	0.00830	0.00846	0.00862	0.00712	0.00504	0.01074	0.01099	0.01476	0.02424	0.11191	0.02777	0.61566	0.09344	0.00706	0.00786	0.01129	0.00458	0.00473
25	0.01799	0.01727	0.02950	0.04462	0.69919	0.01727	0.02231	0.02231	0.01655	0.02375	0.01367	0.01799	0.01151	0.00648	0.00720	0.00216	0.00864	0.00648	0.00360	0.01151
26	0.01737	0.01687	0.02947	0.13365	0.56507	0.01720	0.06971	0.02189	0.01633	0.02303	0.01365	0.01829	0.01124	0.00656	0.00731	0.00222	0.00904	0.00663	0.00356	0.01093
27	0.53727	0.01853	0.01423	0.01230	0.01690	0.13240	0.00991	0.13504	0.01747	0.03244	0.01157	0.01299	0.00889	0.00721	0.00531	0.00218	0.00726	0.00451	0.00485	0.00874
28	0.01015	0.00738	0.00982	0.01121	0.01246	0.00705	0.00880	0.01248	0.01574	0.02055	0.07230	0.34798	0.11615	0.02077	0.00951	0.00304	0.00521	0.29628	0.00678	0.00632
29	0.01263	0.00631	0.00947	0.00947	0.00947	0.00631	0.00631	0.00947	0.00947	0.01263	0.01263	0.02210	0.01263	0.02525	0.02841	0.78851	0.00631	0.00631	0.00316	0.00316
30	0.01404	0.01338	0.02300	0.67057	0.07519	0.01629	0.04796	0.01892	0.01473	0.01898	0.01303	0.01933	0.00982	0.00719	0.00732	0.00241	0.00976	0.00655	0.00326	0.00828
31	0.01801	0.01761	0.02852	0.09948	0.61892	0.04514	0.02180	0.02227	0.01655	0.02309	0.01351	0.01791	0.01128	0.00658	0.00718	0.00217	0.00890	0.00640	0.00357	0.01111
32	0.01897	0.01492	0.01615	0.01436	0.01843	0.01684	0.01119	0.06233	0.55952	0.08259	0.05113	0.05597	0.02401	0.01043	0.00750	0.00245	0.00574	0.00874	0.00751	0.01123
33	0.01593	0.01381	0.01453	0.01390	0.01720	0.04618	0.01111	0.02938	0.41797	0.02656	0.03526	0.04483	0.09095	0.01322	0.00816	0.00267	0.00613	0.17562	0.00699	0.00960
34	0.01507	0.01292	0.01507	0.01077	0.01723	0.00969	0.00861	0.01830	0.01507	0.02369	0.01292	0.01507	0.01077	0.00538	0.00538	0.00108	0.00538	0.00431	0.00431	0.78898
35	0.01799	0.01727	0.02950	0.04462	0.69919	0.01727	0.02231	0.02231	0.01655	0.02375	0.01367	0.01799	0.01151	0.00648	0.00720	0.00216	0.00864	0.00648	0.00360	0.01151
36	0.79588	0.01406	0.01068	0.00956	0.01406	0.01631	0.00787	0.02137	0.01237	0.03261	0.01012	0.01181	0.00787	0.00675	0.00450	0.00225	0.00562	0.00394	0.00450	0.00787
37	0.00899	0.00642	0.00858	0.01027	0.01075	0.00602	0.00697	0.01035	0.01405	0.01870	0.03999	0.70983	0.04779	0.02265	0.00931	0.00297	0.00433	0.04934	0.00675	0.00594
38	0.01779	0.01706	0.02914	0.07707	0.66833	0.01722	0.02221	0.02213	0.01646	0.02350	0.01364	0.01806	0.01143	0.00651	0.00720	0.00217	0.00869	0.00648	0.00358	0.01135
39	0.01028	0.00739	0.01003	0.01164	0.01277	0.00715	0.00918	0.01261	0.01543	0.02020	0.04064	0.38335	0.07127	0.02125	0.00963	0.00313	0.00543	0.33558	0.00672	0.00631
40	0.01799	0.01727	0.02950	0.04462	0.69919	0.01727	0.02231	0.02231	0.01655	0.02375	0.01367	0.01799	0.01151	0.00648	0.00720	0.00216	0.00864	0.00648	0.00360	0.01151
41	0.01743	0.01670	0.02849	0.13467	0.61354	0.01712	0.02203	0.02182	0.01629	0.02306	0.01357	0.01817	0.01127	0.00658	0.00721	0.00219	0.00877	0.00647	0.00355	0.01106
42	0.01038	0.00697	0.00798	0.00817	0.00822	0.00692	0.00467	0.01052	0.01094	0.01459	0.02482	0.12492	0.02885	0.66388	0.03390	0.00659	0.00673	0.01170	0.00467	0.00457
43	0.00900	0.00738	0.00794	0.00780	0.01007	0.00631	0.00585	0.01123	0.01754	0.02195	0.22477	0.06615	0.54367	0.01755	0.00859	0.00241	0.00362	0.01481	0.00705	0.00631
44	0.01454	0.03642	0.67419	0.05442	0.03235	0.01685	0.02654	0.02281	0.01531	0.02281	0.01304	0.01554	0.00923	0.00692	0.00692	0.00231	0.01069	0.00542	0.00308	0.01062
45	0.34244	0.01437	0.04750	0.18641	0.02500	0.01463	0.01259	0.02493	0.01554	0.22769	0.01644	0.01765	0.01138	0.00755	0.00612	0.00229	0.00702	0.00562	0.00545	0.00939
46	0.01787	0.01295	0.01540	0.01126	0.01750	0.01018	0.00905	0.02174	0.04319	0.12760	0.01600	0.01703	0.01233	0.00612	0.00576	0.00131	0.00552	0.00492	0.00515	0.63914
47	0.02111	0.59562	0.03441	0.01369	0.01948	0.14240	0.01277	0.05414	0.01666	0.01859	0.01064	0.01218	0.00948	0.00655	0.00510	0.00164	0.00867	0.00415	0.00341	0.00932
48	0.75854	0.01518	0.04396	0.01009	0.01489	0.01633	0.00878	0.02145	0.01251	0.03216	0.01026	0.01198	0.00794	0.00676	0.00461	0.00225	0.00587	0.00400	0.00443	0.00801
49	0.01817	0.01542	0.01642	0.01480	0.01885	0.01773	0.01163	0.06762	0.61626	0.03064	0.02952	0.02983	0.02286	0.01040	0.00754	0.00250	0.00591	0.04526	0.00735	0.01127
50	0.00891	0.00643	0.00845	0.00995	0.01052	0.00596	0.00670	0.01031	0.01436	0.01911	0.07289	0.67604	0.07910	0.02219	0.00921	0.00290	0.00415	0.02006	0.00681	0.00596
51	0.00993	0.00776	0.00893	0.00858	0.01065	0.00708	0.00638	0.01330	0.04922	0.02439	0.36440	0.05950	0.33592	0.05004	0.00985	0.00259	0.00381	0.01375	0.00727	0.00665
52	0.01581	0.01563	0.02343	0.07636	0.05012	0.02067	0.06472	0.01818	0.01223	0.01865	0.01093	0.01699	0.01011	0.01138	0.01999	0.00297	0.56254	0.00655	0.03454	0.00820
53	0.01943	0.74891	0.03809	0.01244	0.01866	0.02876	0.01244	0.02177	0.01477	0.01710	0.01011	0.01166	0.00933	0.00622	0.00466	0.00155	0.00777	0.00389	0.00311	0.00933
54	0.02467	0.01964	0.02042	0.01644	0.02146	0.05446	0.01334	0.45398	0.19718	0.03932	0.01987	0.01962	0.01458	0.00913	0.00801	0.00228	0.04002	0.00687	0.00695	0.01176
55	0.02702	0.01949	0.02103	0.01624	0.02182	0.02146	0.01333	0.60994	0.05236	0.07075	0.01843	0.01896	0.01331	0.03139	0.00819	0.00234	0.00783	0.00675	0.00726	0.01209
56	0.01040	0.00772	0.01134	0.01134	0.01252	0.00890	0.00866	0.01276	0.01158	0.01662	0.01978	0.03027	0.01892	0.11681	0.65446	0.01126	0.01835	0.00804	0.00394	0.00630
57	0.01016	0.00743	0.00954	0.00901	0.01078	0.00680	0.00676	0.01346	0.02027	0.02842	0.64741	0.05551	0.11700	0.01513	0.00857	0.00230	0.00345	0.01332	0.00791	0.00680
58	0.79588	0.01406	0.01068	0.00956	0.01406	0.01631	0.00787	0.02137	0.01237	0.03261	0.01012	0.01181	0.00787	0.00675	0.00450	0.00225	0.00562	0.00394	0.00450	0.00787
59	0.01458	0.03760	0.70688	0.02072	0.03146	0.01688	0.02686	0.02302	0.01535	0.02302	0.01304	0.01535	0.00921	0.00691	0.00691	0.00230	0.01074	0.00537	0.00307	0.01074
60	0.02125	0.58083	0.03397	0.01392	0.01955	0.19034	0.01282	0.02347	0.01614	0.01726	0.01037	0.01200	0.00934	0.00652	0.00511	0.00163	0.00903	0.00407	0.00326	0.00912
61	0.03261	0.01237	0.01687	0.01293	0.01856	0.01068	0.01068	0.03543	0.02081	0.70423	0.02868	0.02474	0.01799	0.00900	0.00731	0.00225	0.00619	0.00731	0.00900	0.01237
62	0.01263	0.00631	0.00947	0.00947	0.00947	0.00631	0.00631	0.00947	0.00947	0.01263	0.01263	0.02210	0.01263	0.02525	0.02841	0.78851	0.00631	0.00631	0.00316	0.00316
63	0.01853	0.42458	0.25564	0.01549	0.02295	0.05436	0.01711	0.04065	0.01606	0.03865	0.02889	0.01451	0.01108	0.00686	0.00573	0.00187	0.00884	0.00481	0.00352	0.00986
64	0.01944	0.67210	0.08108	0.01325	0.01966	0.05712	0.01345	0.02216	0.01505	0.01752	0.01035	0.01196	0.00932	0.00632	0.00489	0.00162	0.00819	0.00402	0.00313	0.00938
65	0.01920	0.71509	0.06989	0.01283	0.01927	0.02820	0.01312	0.02183	0.01480	0.01738	0.01025	0.01184	0.00932	0.00625	0.00477	0.00159	0.00791	0.00396	0.00311	0.00940
66	0.01708	0.07918	0.04868	0.01423	0.01957	0.01515	0.05679	0.11302	0.14674	0.02674	0.02022	0.11338	0.01793	0.00919	0.00677	0.00193	0.00657	0.00783	0.00543	0.27355
67	0.11558	0.05583	0.35775	0.01995	0.07481	0.01650	0.07196	0.05306	0.01656	0.07369	0.03736	0.04633	0.01362	0.00789	0.00686	0.00228	0.00899	0.00652	0.00426	0.01017

[dist]
# distance from previous block
# <min> <max>
2	8

[block]
# block no. 6 follows, 28 sequences, length 27
# corresponding to MSA columns:
# 279-305
name=unknown_G
#
# <colnr> <probs for GDERKNQSTAVLIFYWHMCP>
#	G	D	E	R	K	N	Q	S	T	A	V	L	I	F	Y	W	H	M	C	P
0	0.01067	0.01079	0.08996	0.01145	0.01388	0.00804	0.00997	0.01413	0.01765	0.02453	0.34021	0.22486	0.05202	0.01682	0.00881	0.00264	0.00503	0.12460	0.00690	0.00704
1	0.01805	0.01932	0.07834	0.04202	0.62826	0.04046	0.02236	0.02258	0.01660	0.02350	0.01355	0.01764	0.01128	0.00654	0.00715	0.00216	0.00894	0.00634	0.00356	0.01136
2	0.01758	0.02395	0.21064	0.02911	0.14418	0.01819	0.33792	0.08254	0.01814	0.02535	0.01436	0.01804	0.01076	0.00662	0.00780	0.00234	0.01088	0.00722	0.00383	0.01056
3	0.01013	0.00832	0.00896	0.00864	0.01104	0.00770	0.00648	0.01442	0.09433	0.02286	0.20736	0.06082	0.45694	0.03841	0.00930	0.00256	0.00396	0.01388	0.00704	0.00687
4	0.00977	0.00832	0.00853	0.00831	0.01092	0.00755	0.00628	0.01385	0.09382	0.02139	0.10220	0.06418	0.58473	0.01723	0.00845	0.00245	0.00391	0.01440	0.00689	0.00679
5	0.04450	0.44001	0.16088	0.01800	0.09958	0.02422	0.01627	0.08168	0.01678	0.02211	0.01174	0.01362	0.00979	0.00662	0.00561	0.00185	0.00838	0.00471	0.00358	0.01008
6	0.06203	0.09118	0.02263	0.11160	0.03917	0.09341	0.04097	0.20837	0.02007	0.02689	0.01398	0.01752	0.01134	0.01373	0.09071	0.00337	0.11290	0.00613	0.00460	0.00940
7	0.02114	0.52868	0.06982	0.01449	0.02032	0.20282	0.01363	0.02368	0.01628	0.01760	0.01055	0.01223	0.00933	0.00658	0.00527	0.00168	0.00929	0.00417	0.00327	0.00918
8	0.10971	0.01613	0.12071	0.01336	0.01847	0.01305	0.01230	0.05760	0.11975	0.22160	0.14796	0.03051	0.04628	0.01026	0.00730	0.00234	0.00628	0.02940	0.00692	0.01008
9	0.01595	0.01730	0.10194	0.37369	0.20939	0.01665	0.02024	0.07958	0.01703	0.02294	0.01632	0.02070	0.04176	0.00767	0.00727	0.00232	0.00911	0.00675	0.00384	0.00956
10	0.00911	0.00663	0.00851	0.00981	0.01057	0.00615	0.00674	0.01060	0.01455	0.01919	0.07827	0.56652	0.12011	0.05471	0.01046	0.00307	0.00436	0.04802	0.00671	0.00595
11	0.02317	0.02379	0.02444	0.11622	0.10104	0.26077	0.08900	0.20444	0.03965	0.02719	0.01429	0.01675	0.01098	0.00760	0.00716	0.00214	0.01048	0.00615	0.00472	0.01003
12	0.06541	0.01329	0.01735	0.01566	0.07180	0.01289	0.02896	0.08356	0.09467	0.31220	0.11333	0.02877	0.02405	0.00971	0.00737	0.00225	0.00623	0.03391	0.00739	0.05119
13	0.01625	0.10328	0.56293	0.01996	0.02967	0.04157	0.04445	0.05854	0.01655	0.02353	0.01300	0.01517	0.00945	0.00694	0.00675	0.00222	0.01044	0.00537	0.00334	0.01059
14	0.12890	0.25835	0.27118	0.01555	0.02297	0.01964	0.03853	0.02346	0.01558	0.09857	0.03618	0.01614	0.01207	0.00713	0.00600	0.00205	0.00836	0.00527	0.00413	0.00990
15	0.01760	0.01961	0.10745	0.04187	0.62236	0.01723	0.02283	0.02239	0.01641	0.02366	0.01360	0.01769	0.01125	0.00653	0.00716	0.00218	0.00888	0.00635	0.00354	0.01143
16	0.01753	0.10297	0.18537	0.08658	0.38417	0.05612	0.02166	0.02249	0.01614	0.02213	0.01295	0.01653	0.01049	0.00666	0.00682	0.00213	0.00935	0.00584	0.00340	0.01067
17	0.01823	0.02491	0.31546	0.02251	0.15369	0.01625	0.01989	0.09943	0.07684	0.08870	0.04707	0.02206	0.04580	0.00833	0.00723	0.00228	0.00855	0.00691	0.00494	0.01092
18	0.00894	0.00660	0.00838	0.00958	0.01045	0.00603	0.00656	0.01050	0.01496	0.01970	0.10533	0.56848	0.15518	0.02134	0.00910	0.00281	0.00406	0.01911	0.00686	0.00603
19	0.01841	0.01941	0.09085	0.09400	0.30092	0.01811	0.14189	0.10871	0.08558	0.02667	0.01582	0.01902	0.01223	0.00715	0.00746	0.00228	0.00923	0.00695	0.00439	0.01093
20	0.01760	0.02495	0.29410	0.12620	0.15535	0.01724	0.11247	0.08247	0.01771	0.06135	0.01462	0.01769	0.01071	0.00705	0.00730	0.00230	0.00992	0.00638	0.00398	0.01061
21	0.05457	0.38100	0.22292	0.01645	0.02360	0.11542	0.05209	0.02315	0.01572	0.01990	0.01133	0.01332	0.00932	0.00660	0.00575	0.00189	0.00946	0.00467	0.00328	0.00957
22	0.00883	0.00642	0.00834	0.00987	0.01048	0.00593	0.00664	0.01015	0.01416	0.01865	0.04313	0.67865	0.10724	0.02237	0.00922	0.00291	0.00417	0.02018	0.00675	0.00593
23	0.70598	0.01677	0.09079	0.01084	0.01606	0.01637	0.01006	0.02156	0.01271	0.03151	0.01046	0.01222	0.00803	0.00677	0.00478	0.00226	0.00621	0.00410	0.00433	0.00820
24	0.00896	0.00729	0.00793	0.00796	0.01009	0.00626	0.00590	0.01107	0.01715	0.02147	0.19674	0.12463	0.51306	0.01807	0.00865	0.00246	0.00368	0.01536	0.00700	0.00626
25	0.02729	0.01995	0.02273	0.01731	0.02320	0.02177	0.04949	0.61033	0.03264	0.07466	0.01782	0.01790	0.01255	0.00860	0.00734	0.00220	0.00815	0.00669	0.00716	0.01222
26	0.39067	0.17199	0.05598	0.01165	0.01715	0.01755	0.01060	0.02517	0.01522	0.20191	0.01506	0.01530	0.01087	0.00722	0.00539	0.00210	0.00651	0.00487	0.00528	0.00950

[dist]
# distance from previous block
# <min> <max>
0	5

[block]
# block no. 7 follows, 28 sequences, length 199
# corresponding to MSA columns:
# 311-509
name=unknown_H
#
# <colnr> <probs for GDERKNQSTAVLIFYWHMCP>
#	G	D	E	R	K	N	Q	S	T	A	V	L	I	F	Y	W	H	M	C	P
0	0.02205	0.05251	0.01888	0.04228	0.02055	0.16925	0.01257	0.25081	0.07151	0.05564	0.02151	0.08766	0.01942	0.03693	0.00856	0.00249	0.00842	0.08328	0.00602	0.00964
1	0.14718	0.01724	0.09655	0.05997	0.10633	0.01592	0.03703	0.12397	0.10550	0.05744	0.09951	0.02626	0.02092	0.00929	0.00714	0.00235	0.00725	0.04461	0.00566	0.00989
2	0.65136	0.01454	0.01326	0.05405	0.01768	0.01674	0.03263	0.05198	0.04367	0.03194	0.01166	0.01348	0.00894	0.00699	0.00507	0.00227	0.00622	0.00456	0.00465	0.00832
3	0.01918	0.01661	0.01703	0.01508	0.01932	0.04018	0.01178	0.09268	0.60965	0.03133	0.02798	0.02586	0.02095	0.00969	0.00736	0.00242	0.00617	0.00797	0.00727	0.01148
4	0.01263	0.00631	0.00947	0.00947	0.00947	0.00631	0.00631	0.00947	0.00947	0.01263	0.01263	0.02210	0.01263	0.02525	0.02841	0.78851	0.00631	0.00631	0.00316	0.00316
5	0.01403	0.01350	0.02364	0.66627	0.04901	0.01634	0.07715	0.01898	0.01476	0.01898	0.01308	0.01940	0.00981	0.00717	0.00738	0.00242	0.00991	0.00664	0.00327	0.00823
6	0.01622	0.11444	0.59098	0.01933	0.02926	0.01781	0.02428	0.02364	0.01562	0.06403	0.01368	0.01552	0.00976	0.00696	0.00668	0.00222	0.01014	0.00533	0.00344	0.01069
7	0.01373	0.01292	0.02180	0.72707	0.05006	0.01615	0.02019	0.01857	0.01453	0.01857	0.01292	0.01938	0.00969	0.00727	0.00727	0.00242	0.00969	0.00646	0.00323	0.00807
8	0.00886	0.00633	0.00843	0.01012	0.01054	0.00590	0.00675	0.01012	0.01392	0.01856	0.04006	0.73979	0.04808	0.02277	0.00928	0.00295	0.00422	0.02066	0.00675	0.00590
9	0.02010	0.01779	0.03049	0.04977	0.07689	0.04408	0.29147	0.05286	0.01709	0.13086	0.01558	0.01910	0.01178	0.00835	0.01165	0.00253	0.17776	0.00740	0.00455	0.00991
10	0.05694	0.01556	0.06028	0.01901	0.13688	0.01451	0.01351	0.03127	0.22858	0.26116	0.02728	0.02589	0.05802	0.00917	0.00724	0.00232	0.00658	0.00767	0.00686	0.01127
11	0.01263	0.00631	0.00947	0.00947	0.00947	0.00631	0.00631	0.00947	0.00947	0.01263	0.01263	0.02210	0.01263	0.02525	0.02841	0.78851	0.00631	0.00631	0.00316	0.00316
12	0.01771	0.01764	0.02601	0.14618	0.41685	0.07115	0.01996	0.02219	0.04312	0.02183	0.01341	0.01791	0.01121	0.00773	0.00961	0.00234	0.11492	0.00639	0.00364	0.01021
13	0.07889	0.14161	0.46519	0.02050	0.08876	0.01849	0.02221	0.02302	0.01530	0.04449	0.01291	0.01504	0.00961	0.00682	0.00641	0.00217	0.00954	0.00519	0.00343	0.01042
14	0.00904	0.00749	0.00799	0.00817	0.01050	0.00644	0.00633	0.01114	0.01677	0.02033	0.09790	0.07068	0.58896	0.01845	0.00876	0.00255	0.00403	0.09143	0.00680	0.00624
15	0.00896	0.00645	0.00853	0.01015	0.01070	0.00601	0.00690	0.01034	0.01414	0.01873	0.04133	0.68641	0.07345	0.02249	0.00928	0.00295	0.00430	0.04620	0.00675	0.00595
16	0.04837	0.01975	0.19099	0.42912	0.09273	0.01656	0.06059	0.02035	0.01495	0.02095	0.01299	0.01797	0.00971	0.00703	0.00713	0.00237	0.00984	0.00621	0.00330	0.00909
17	0.01777	0.01834	0.05058	0.12268	0.52460	0.06615	0.02123	0.02209	0.01656	0.02261	0.01433	0.02014	0.01221	0.00717	0.00726	0.00222	0.00908	0.03066	0.00366	0.01067
18	0.01533	0.14703	0.60399	0.01944	0.02949	0.01871	0.02464	0.02283	0.01526	0.02211	0.01259	0.01478	0.00923	0.00680	0.00656	0.00219	0.01029	0.00514	0.00308	0.01053
19	0.01732	0.01771	0.05584	0.12038	0.55962	0.01720	0.06140	0.02197	0.01631	0.02310	0.01363	0.01814	0.01119	0.00656	0.00728	0.00221	0.00906	0.00656	0.00354	0.01099
20	0.00999	0.00725	0.00918	0.01032	0.01126	0.00692	0.00730	0.03590	0.01505	0.01976	0.04124	0.51910	0.11053	0.07220	0.01117	0.00321	0.00479	0.09207	0.00660	0.00616
21	0.05774	0.01481	0.01800	0.01492	0.04436	0.01482	0.01169	0.22980	0.05460	0.36231	0.08014	0.02434	0.02007	0.00926	0.00729	0.00224	0.00656	0.00744	0.00793	0.01166
22	0.04413	0.03671	0.68054	0.02030	0.03080	0.01686	0.02614	0.02296	0.01523	0.02338	0.01293	0.01521	0.00916	0.00690	0.00682	0.00230	0.01055	0.00532	0.00312	0.01063
23	0.01716	0.08127	0.09569	0.02880	0.05801	0.01908	0.54423	0.02310	0.01679	0.02277	0.01416	0.01855	0.01076	0.00621	0.00807	0.00236	0.01164	0.00786	0.00358	0.00990
24	0.00973	0.00708	0.00899	0.01014	0.01103	0.00670	0.00696	0.03989	0.01531	0.02028	0.06786	0.62274	0.10321	0.02146	0.00910	0.00285	0.00431	0.01928	0.00682	0.00625
25	0.02114	0.49420	0.05720	0.01424	0.01994	0.16517	0.01321	0.07516	0.01772	0.02018	0.03533	0.01406	0.01167	0.00701	0.00547	0.00172	0.00882	0.00464	0.00374	0.00935
26	0.02750	0.01945	0.02117	0.01619	0.02202	0.02112	0.01337	0.59972	0.03238	0.09472	0.01812	0.01791	0.01272	0.00861	0.00720	0.00214	0.00775	0.00651	0.00728	0.04412
27	0.01702	0.01175	0.01453	0.01266	0.01580	0.01190	0.03275	0.19152	0.04714	0.09296	0.18174	0.23456	0.07591	0.01463	0.00827	0.00247	0.00554	0.01276	0.00730	0.00880
28	0.02500	0.02834	0.02053	0.11214	0.02563	0.49645	0.01464	0.05659	0.03881	0.06385	0.01331	0.01540	0.01047	0.00791	0.00750	0.00206	0.04290	0.00534	0.00425	0.00888
29	0.03181	0.01365	0.01766	0.01354	0.01920	0.01259	0.01119	0.13808	0.02295	0.59854	0.02688	0.02357	0.01709	0.00895	0.00730	0.00224	0.00648	0.00719	0.00872	0.01237
30	0.01719	0.01730	0.05230	0.15262	0.57197	0.01708	0.02213	0.02174	0.01619	0.02290	0.01353	0.01812	0.01114	0.00662	0.00720	0.00221	0.00888	0.00643	0.00352	0.01094
31	0.01039	0.00776	0.01153	0.01153	0.01278	0.00901	0.00890	0.01289	0.01164	0.01676	0.01961	0.02931	0.01850	0.08180	0.68890	0.01150	0.01898	0.00790	0.00391	0.00641
32	0.01387	0.00861	0.01105	0.00988	0.01231	0.00797	0.00759	0.04348	0.02099	0.11845	0.55276	0.04957	0.08682	0.01399	0.00835	0.00228	0.00399	0.01220	0.00805	0.00778
33	0.01029	0.00743	0.00972	0.00914	0.01086	0.00686	0.00686	0.01372	0.02058	0.02915	0.69536	0.05430	0.06859	0.01486	0.00857	0.00229	0.00343	0.01315	0.00800	0.00686
34	0.01477	0.06572	0.68043	0.02039	0.03095	0.01735	0.02629	0.02297	0.01532	0.02279	0.01293	0.01520	0.00921	0.00688	0.00682	0.00227	0.01063	0.00531	0.00307	0.01069
35	0.01057	0.00705	0.00793	0.00793	0.00793	0.00705	0.00440	0.01057	0.01057	0.01409	0.02290	0.04757	0.02643	0.74454	0.03700	0.00705	0.00705	0.01057	0.00440	0.00440
36	0.01975	0.71944	0.03737	0.01270	0.01881	0.05709	0.01250	0.02207	0.01501	0.01713	0.01015	0.01172	0.00933	0.00627	0.00474	0.00157	0.00799	0.00392	0.00314	0.00929
37	0.01171	0.00837	0.01171	0.01339	0.01506	0.00837	0.01171	0.01506	0.01673	0.02175	0.03849	0.08199	0.04183	0.02008	0.01004	0.00335	0.00669	0.65027	0.00669	0.00669
38	0.01799	0.01727	0.02950	0.04462	0.69919	0.01727	0.02231	0.02231	0.01655	0.02375	0.01367	0.01799	0.01151	0.00648	0.00720	0.00216	0.00864	0.00648	0.00360	0.01151
39	0.01458	0.03760	0.70688	0.02072	0.03146	0.01688	0.02686	0.02302	0.01535	0.02302	0.01304	0.01535	0.00921	0.00691	0.00691	0.00230	0.01074	0.00537	0.00307	0.01074
40	0.01029	0.00743	0.00972	0.00914	0.01086	0.00686	0.00686	0.01372	0.02058	0.02915	0.69536	0.05430	0.06859	0.01486	0.00857	0.00229	0.00343	0.01315	0.00800	0.00686
41	0.01458	0.03760	0.70688	0.02072	0.03146	0.01688	0.02686	0.02302	0.01535	0.02302	0.01304	0.01535	0.00921	0.00691	0.00691	0.00230	0.01074	0.00537	0.00307	0.01074
42	0.02295	0.02910	0.08271	0.02716	0.22878	0.41958	0.04093	0.02628	0.01880	0.02024	0.01225	0.01501	0.01006	0.00709	0.00685	0.00202	0.01152	0.00542	0.00364	0.00961
43	0.02763	0.02036	0.02182	0.01672	0.02254	0.02254	0.01382	0.67496	0.03418	0.04581	0.01745	0.01745	0.01236	0.00873	0.00727	0.00218	0.00800	0.00654	0.00727	0.01236
44	0.00896	0.00637	0.00840	0.00999	0.01039	0.00597	0.00661	0.01015	0.01372	0.01829	0.03903	0.69813	0.04677	0.06621	0.01095	0.00320	0.00439	0.02006	0.00661	0.00581
45	0.01384	0.01314	0.02251	0.70374	0.04966	0.01622	0.04204	0.01873	0.01462	0.01873	0.01298	0.01939	0.00973	0.00723	0.00731	0.00242	0.00978	0.00653	0.00324	0.00813
46	0.01749	0.01893	0.09103	0.07282	0.60931	0.01719	0.02263	0.02221	0.01635	0.02345	0.01358	0.01781	0.01122	0.00655	0.00717	0.00218	0.00887	0.00637	0.00353	0.01129
47	0.01914	0.70610	0.07834	0.01294	0.01943	0.02805	0.01331	0.02184	0.01480	0.01746	0.01028	0.01188	0.00932	0.00626	0.00480	0.00160	0.00795	0.00398	0.00311	0.00941
48	0.01082	0.05209	0.01140	0.00943	0.01145	0.00820	0.00733	0.01410	0.01989	0.02770	0.59966	0.05354	0.09272	0.01471	0.00840	0.00229	0.00383	0.03788	0.00760	0.00697
49	0.01431	0.00865	0.01097	0.00984	0.01243	0.00793	0.00757	0.01819	0.04975	0.14537	0.47325	0.04988	0.13505	0.01406	0.00830	0.00231	0.00404	0.01218	0.00799	0.00793
50	0.04221	0.09262	0.56193	0.02256	0.07130	0.01908	0.02518	0.02439	0.01689	0.02522	0.01548	0.01890	0.01198	0.00866	0.00782	0.00273	0.01092	0.00616	0.00413	0.01186
51	0.01876	0.01712	0.02775	0.10529	0.57653	0.03884	0.02115	0.02296	0.01675	0.06403	0.01443	0.01837	0.01167	0.00673	0.00719	0.00218	0.00873	0.00647	0.00389	0.01115
52	0.01690	0.01144	0.01476	0.01507	0.08695	0.01156	0.01037	0.02480	0.19732	0.14263	0.30846	0.06415	0.04087	0.01195	0.00793	0.00234	0.00509	0.01043	0.00750	0.00948
53	0.02011	0.01579	0.01871	0.15803	0.02588	0.01767	0.01353	0.18287	0.30696	0.07171	0.02207	0.02224	0.01625	0.00868	0.00718	0.00227	0.00707	0.00712	0.00639	0.06947
54	0.01749	0.23800	0.36761	0.01686	0.02511	0.04682	0.01930	0.02404	0.05597	0.05113	0.01379	0.01530	0.01052	0.00689	0.00619	0.00199	0.00911	0.00510	0.00371	0.06505
55	0.02156	0.01540	0.01696	0.01461	0.01914	0.01707	0.01154	0.09009	0.50907	0.15691	0.02842	0.02589	0.02061	0.00961	0.00737	0.00240	0.00602	0.00791	0.00768	0.01174
56	0.01673	0.02436	0.20687	0.05873	0.03632	0.04390	0.45793	0.02322	0.01672	0.02280	0.01408	0.01829	0.01045	0.00642	0.00803	0.00239	0.01180	0.00754	0.00351	0.00991
57	0.74132	0.06570	0.01261	0.00976	0.01438	0.01718	0.00819	0.02140	0.01254	0.03152	0.01012	0.01180	0.00797	0.00671	0.00451	0.00220	0.00577	0.00393	0.00440	0.00797
58	0.01921	0.01532	0.01650	0.01469	0.01888	0.01740	0.01154	0.06164	0.59215	0.07678	0.02938	0.02854	0.02223	0.01012	0.00748	0.00247	0.00590	0.03086	0.00748	0.01143
59	0.01373	0.01292	0.02180	0.72707	0.05006	0.01615	0.02019	0.01857	0.01453	0.01857	0.01292	0.01938	0.00969	0.00727	0.00727	0.00242	0.00969	0.00646	0.00323	0.00807
60	0.06703	0.01279	0.01680	0.01294	0.01852	0.01145	0.01069	0.06251	0.02100	0.64521	0.02735	0.02384	0.01729	0.00888	0.00718	0.00225	0.00624	0.00712	0.00872	0.01217
61	0.00923	0.00692	0.00997	0.01103	0.01177	0.00646	0.03640	0.01071	0.01406	0.01877	0.03894	0.70773	0.04643	0.02203	0.00925	0.00293	0.00458	0.02013	0.00661	0.00608
62	0.01263	0.00631	0.00947	0.00947	0.00947	0.00631	0.00631	0.00947	0.00947	0.01263	0.01263	0.02210	0.01263	0.02525	0.02841	0.78851	0.00631	0.00631	0.00316	0.00316
63	0.00867	0.00737	0.00747	0.00744	0.00987	0.00617	0.00558	0.01058	0.01675	0.02007	0.10185	0.06925	0.66777	0.01825	0.00859	0.00245	0.00367	0.01524	0.00681	0.00617
64	0.02888	0.01836	0.02057	0.01577	0.02154	0.01957	0.01303	0.51446	0.03082	0.21104	0.02027	0.01928	0.01378	0.00879	0.00728	0.00220	0.00754	0.00674	0.00770	0.01236
65	0.01799	0.01727	0.02950	0.04462	0.69919	0.01727	0.02231	0.02231	0.01655	0.02375	0.01367	0.01799	0.01151	0.00648	0.00720	0.00216	0.00864	0.00648	0.00360	0.01151
66	0.01373	0.01292	0.02180	0.72707	0.05006	0.01615	0.02019	0.01857	0.01453	0.01857	0.01292	0.01938	0.00969	0.00727	0.00727	0.00242	0.00969	0.00646	0.00323	0.00807
67	0.01263	0.00631	0.00947	0.00947	0.00947	0.00631	0.00631	0.00947	0.00947	0.01263	0.01263	0.02210	0.01263	0.02525	0.02841	0.78851	0.00631	0.00631	0.00316	0.00316
68	0.01263	0.00631	0.00947	0.00947	0.00947	0.00631	0.00631	0.00947	0.00947	0.01263	0.01263	0.02210	0.01263	0.02525	0.02841	0.78851	0.00631	0.00631	0.00316	0.00316
69	0.01332	0.01228	0.02030	0.60822	0.04403	0.01523	0.01852	0.01770	0.01432	0.01855	0.01541	0.06203	0.01321	0.01086	0.04018	0.00293	0.03456	0.02696	0.00356	0.00783
70	0.01038	0.00779	0.01168	0.01168	0.01298	0.00909	0.00909	0.01298	0.01168	0.01687	0.01947	0.02856	0.01817	0.05452	0.71573	0.01168	0.01947	0.00779	0.00389	0.00649
71	0.01373	0.01292	0.02180	0.72707	0.05006	0.01615	0.02019	0.01857	0.01453	0.01857	0.01292	0.01938	0.00969	0.00727	0.00727	0.00242	0.00969	0.00646	0.00323	0.00807
72	0.01487	0.01271	0.01486	0.01075	0.01701	0.00957	0.00855	0.01804	0.01504	0.02352	0.01380	0.03850	0.01197	0.00595	0.00551	0.00114	0.00535	0.00484	0.00439	0.76367
