[name]
unknown

[dist]
# distance from previous block
# <min> <max>
5	31

[block]
# block no. 0 follows, 30 sequences, length 13
# corresponding to MSA columns:
# 31-43
name=unknown_A
#
# <colnr> <probs for GDERKNQSTAVLIFYWHMCP>
#	G	D	E	R	K	N	Q	S	T	A	V	L	I	F	Y	W	H	M	C	P
0	0.06684	0.01799	0.10302	0.01917	0.13227	0.05728	0.04806	0.08335	0.09777	0.06832	0.01767	0.07601	0.01477	0.00811	0.00661	0.00200	0.00732	0.00688	0.00491	0.16163
1	0.02099	0.01850	0.02045	0.05008	0.19615	0.13942	0.01437	0.11348	0.15897	0.09471	0.01766	0.01861	0.01338	0.00750	0.00669	0.00200	0.00789	0.00614	0.00526	0.08776
2	0.08497	0.01484	0.01695	0.05406	0.01987	0.01553	0.01123	0.18934	0.14214	0.10850	0.01767	0.01820	0.01312	0.00777	0.00729	0.00195	0.05129	0.00588	0.00578	0.21362
3	0.13636	0.01803	0.01876	0.01467	0.02000	0.01989	0.01205	0.51724	0.07138	0.04015	0.01627	0.01646	0.01178	0.00801	0.00652	0.00207	0.00709	0.00592	0.00646	0.05089
4	0.00850	0.00607	0.00810	0.00972	0.01012	0.00567	0.00648	0.00972	0.01336	0.01781	0.03846	0.75020	0.04615	0.02186	0.00891	0.00283	0.00405	0.01984	0.00648	0.00567
5	0.01015	0.00677	0.00761	0.00761	0.00761	0.00677	0.00423	0.01015	0.01015	0.01353	0.02199	0.04567	0.02537	0.75476	0.03552	0.00677	0.00677	0.01015	0.00423	0.00423
6	0.01447	0.01240	0.01447	0.01034	0.01654	0.00930	0.00827	0.01757	0.01447	0.02274	0.01240	0.01447	0.01034	0.00517	0.00517	0.00103	0.00517	0.00413	0.00413	0.79742
7	0.01056	0.00707	0.00907	0.00911	0.01066	0.00643	0.00662	0.01294	0.01719	0.06636	0.36705	0.28215	0.13478	0.01683	0.00838	0.00242	0.00374	0.01491	0.00720	0.00653
8	0.01292	0.00865	0.01065	0.00982	0.01101	0.00870	0.02902	0.06378	0.03854	0.06029	0.02424	0.14052	0.02616	0.49613	0.02588	0.00526	0.00652	0.01089	0.00511	0.00590
9	0.11217	0.01334	0.01375	0.01091	0.01580	0.05630	0.00859	0.02098	0.07696	0.08398	0.06015	0.02098	0.03667	0.03649	0.00695	0.00177	0.00566	0.00579	0.00508	0.40770
10	0.02138	0.05628	0.02318	0.01681	0.02195	0.01475	0.18211	0.10541	0.10024	0.23571	0.12420	0.02549	0.02224	0.00870	0.00737	0.00219	0.00727	0.00800	0.00650	0.01019
11	0.02287	0.01760	0.01932	0.01528	0.02003	0.06307	0.03587	0.37569	0.07451	0.09157	0.05791	0.02119	0.03806	0.00898	0.00798	0.00211	0.05301	0.00689	0.00638	0.06168
12	0.05263	0.05396	0.02231	0.01618	0.02180	0.06549	0.13935	0.11868	0.07954	0.18928	0.01796	0.01841	0.01293	0.00719	0.00662	0.00194	0.00764	0.00622	0.00565	0.15623

[dist]
# distance from previous block
# <min> <max>
0	19

[block]
# block no. 1 follows, 30 sequences, length 18
# corresponding to MSA columns:
# 63-80
name=unknown_B
#
# <colnr> <probs for GDERKNQSTAVLIFYWHMCP>
#	G	D	E	R	K	N	Q	S	T	A	V	L	I	F	Y	W	H	M	C	P
0	0.02292	0.01698	0.01933	0.01550	0.02031	0.05880	0.05892	0.28292	0.19550	0.14106	0.07537	0.02288	0.01909	0.00891	0.00716	0.00218	0.00709	0.00733	0.00688	0.01085
1	0.01919	0.01495	0.01636	0.01387	0.01747	0.11663	0.05661	0.04646	0.13894	0.17084	0.06416	0.03046	0.12039	0.03732	0.06955	0.00313	0.04029	0.00839	0.00605	0.00894
2	0.02219	0.09624	0.02161	0.01601	0.04423	0.08279	0.05162	0.25848	0.09749	0.10190	0.06227	0.01979	0.01619	0.00807	0.00668	0.00198	0.00747	0.00646	0.00593	0.07262
3	0.04847	0.01827	0.01861	0.01522	0.01941	0.13781	0.03531	0.22080	0.08311	0.16600	0.01830	0.01875	0.01332	0.00855	0.00831	0.00215	0.08307	0.00626	0.06822	0.01007
4	0.01977	0.01216	0.01452	0.01278	0.03898	0.03067	0.00970	0.07180	0.13922	0.23681	0.23088	0.03240	0.05177	0.01039	0.00730	0.00213	0.00533	0.00876	0.00732	0.05732
5	0.11624	0.01254	0.01393	0.01019	0.01615	0.01012	0.00818	0.01795	0.01414	0.02384	0.01206	0.01407	0.00998	0.00534	0.00506	0.00118	0.00520	0.00409	0.00416	0.69561
6	0.04036	0.02165	0.14491	0.02566	0.07890	0.06310	0.39265	0.02198	0.01584	0.02206	0.01311	0.01697	0.01006	0.00635	0.00805	0.00221	0.04193	0.00684	0.00348	0.06387
7	0.01212	0.00606	0.00909	0.00909	0.00909	0.00606	0.00606	0.00909	0.00909	0.01212	0.01212	0.02121	0.01212	0.02424	0.02727	0.79697	0.00606	0.00606	0.00303	0.00303
8	0.00850	0.00607	0.00810	0.00972	0.01012	0.00567	0.00648	0.00972	0.01336	0.01781	0.03846	0.75020	0.04615	0.02186	0.00891	0.00283	0.00405	0.01984	0.00648	0.00567
9	0.01794	0.01266	0.01524	0.18808	0.02274	0.01417	0.01144	0.25959	0.02104	0.03052	0.01807	0.02086	0.01362	0.00794	0.00615	0.00197	0.00633	0.00635	0.31656	0.00875
10	0.02610	0.03236	0.01985	0.01785	0.02158	0.68077	0.01347	0.07091	0.02063	0.01883	0.01118	0.01286	0.00918	0.00727	0.00634	0.00182	0.01226	0.00461	0.00382	0.00834
11	0.02303	0.01654	0.01858	0.05722	0.02147	0.01797	0.01234	0.35461	0.20395	0.11448	0.02049	0.01995	0.01471	0.00838	0.00689	0.00211	0.00683	0.00663	0.00677	0.06704
12	0.02653	0.01955	0.02094	0.01606	0.02164	0.02164	0.01326	0.68796	0.03281	0.04398	0.01675	0.01675	0.01187	0.00838	0.00698	0.00209	0.00768	0.00628	0.00698	0.01187
13	0.01015	0.00677	0.00761	0.00761	0.00761	0.00677	0.00423	0.01015	0.01015	0.01353	0.02199	0.04567	0.02537	0.75476	0.03552	0.00677	0.00677	0.01015	0.00423	0.00423
14	0.01935	0.01661	0.01622	0.01445	0.01847	0.08917	0.01123	0.03590	0.57579	0.08218	0.02654	0.02448	0.01973	0.00917	0.00701	0.00229	0.00628	0.00747	0.00686	0.01081
15	0.02019	0.01334	0.01510	0.01295	0.01707	0.01422	0.01024	0.07479	0.38551	0.19985	0.08400	0.02981	0.07134	0.01014	0.00724	0.00228	0.00545	0.00842	0.00748	0.01059
16	0.05189	0.54753	0.03198	0.01354	0.01903	0.12002	0.04074	0.02300	0.06220	0.01826	0.01133	0.01274	0.00982	0.00639	0.00506	0.00166	0.00812	0.00432	0.00343	0.00895
17	0.00968	0.05884	0.01019	0.00902	0.01072	0.00759	0.00648	0.01115	0.01394	0.01801	0.04221	0.40427	0.22146	0.07630	0.01026	0.00279	0.00444	0.01546	0.00590	0.06130

[dist]
# distance from previous block
# <min> <max>
0	1

[block]
# block no. 2 follows, 30 sequences, length 13
# corresponding to MSA columns:
# 82-94
name=unknown_C
#
# <colnr> <probs for GDERKNQSTAVLIFYWHMCP>
#	G	D	E	R	K	N	Q	S	T	A	V	L	I	F	Y	W	H	M	C	P
0	0.01156	0.00808	0.01009	0.00957	0.01154	0.00776	0.00717	0.01619	0.08992	0.06383	0.47770	0.13742	0.09285	0.01462	0.00813	0.00230	0.00378	0.01286	0.00745	0.00718
1	0.00890	0.00764	0.00849	0.00932	0.05119	0.00658	0.00635	0.01092	0.01618	0.01974	0.11319	0.06311	0.62063	0.01675	0.00817	0.00233	0.00380	0.01407	0.00639	0.00625
2	0.02521	0.11757	0.02173	0.01728	0.02115	0.64552	0.01330	0.02706	0.01913	0.01700	0.01066	0.01242	0.00898	0.00705	0.00608	0.00176	0.01199	0.00441	0.00352	0.00819
3	0.02057	0.51391	0.06871	0.01330	0.01889	0.08192	0.01278	0.02311	0.01527	0.11337	0.01237	0.01347	0.01011	0.00683	0.00615	0.00174	0.04993	0.00446	0.00382	0.00929
4	0.05411	0.05342	0.01677	0.01221	0.01733	0.01162	0.01013	0.03198	0.05796	0.58174	0.05950	0.02417	0.01911	0.00874	0.00685	0.00214	0.00585	0.00705	0.00805	0.01126
5	0.01442	0.00828	0.01066	0.00943	0.01191	0.00741	0.00713	0.01713	0.01828	0.16838	0.41696	0.06711	0.08476	0.08029	0.01034	0.00258	0.00428	0.01121	0.00731	0.04216
6	0.02610	0.01717	0.01913	0.01490	0.02017	0.01836	0.01231	0.51268	0.02909	0.16741	0.02166	0.02250	0.04096	0.00922	0.00714	0.00216	0.00714	0.03321	0.00725	0.01142
7	0.02383	0.01785	0.01878	0.01633	0.05321	0.07670	0.01248	0.28672	0.24443	0.14237	0.02156	0.02055	0.01550	0.00857	0.00696	0.00217	0.00714	0.00677	0.00683	0.01125
8	0.02000	0.04454	0.01996	0.07038	0.02142	0.09976	0.10591	0.02272	0.01617	0.22493	0.02123	0.13352	0.01846	0.03939	0.04447	0.00291	0.07128	0.00873	0.00545	0.00876
9	0.01577	0.01199	0.01445	0.01214	0.01563	0.04515	0.02711	0.07837	0.01570	0.08999	0.02023	0.07954	0.03847	0.06672	0.19824	0.00460	0.03627	0.00761	0.00491	0.21712
10	0.10352	0.01944	0.05915	0.04939	0.08232	0.13584	0.03083	0.19681	0.02033	0.06921	0.03682	0.05230	0.01398	0.00841	0.00740	0.00210	0.04425	0.00646	0.00506	0.05637
11	0.01857	0.05421	0.01737	0.09256	0.03708	0.11180	0.01154	0.08695	0.07289	0.10708	0.06381	0.10576	0.02010	0.03688	0.00869	0.00227	0.04330	0.00799	0.00539	0.09577
12	0.01510	0.09696	0.09361	0.01400	0.03489	0.01514	0.01212	0.12005	0.05214	0.02384	0.09652	0.05850	0.07722	0.03397	0.09994	0.00345	0.09641	0.00808	0.00496	0.04309

[dist]
# distance from previous block
# <min> <max>
6	23

[block]
# block no. 3 follows, 30 sequences, length 19
# corresponding to MSA columns:
# 118-136
name=unknown_D
#
# <colnr> <probs for GDERKNQSTAVLIFYWHMCP>
#	G	D	E	R	K	N	Q	S	T	A	V	L	I	F	Y	W	H	M	C	P
0	0.10237	0.04109	0.19908	0.06516	0.06063	0.11829	0.08182	0.02101	0.03953	0.02167	0.01738	0.05694	0.04972	0.02953	0.00741	0.00223	0.00866	0.00674	0.00393	0.06680
1	0.01627	0.01997	0.21829	0.06503	0.14155	0.01382	0.11902	0.02131	0.01592	0.09925	0.05793	0.06406	0.01631	0.00792	0.00706	0.00212	0.00829	0.00731	0.00439	0.09418
2	0.01804	0.01566	0.07970	0.04618	0.12678	0.01407	0.05035	0.09165	0.04353	0.12356	0.05519	0.08003	0.01770	0.00905	0.00837	0.00213	0.07194	0.00755	0.00520	0.13333
3	0.09973	0.01894	0.02073	0.04992	0.22619	0.15041	0.01458	0.14289	0.01938	0.08506	0.01411	0.01599	0.01084	0.00693	0.00637	0.00193	0.00820	0.00550	0.00470	0.09759
4	0.01542	0.01881	0.15491	0.05901	0.05276	0.03723	0.22295	0.05510	0.01627	0.04374	0.01870	0.15958	0.01732	0.00939	0.00747	0.00224	0.00870	0.00906	0.00437	0.08697
5	0.14113	0.01416	0.01730	0.04782	0.05659	0.01416	0.03628	0.11958	0.03788	0.07406	0.01426	0.01629	0.01110	0.00836	0.03048	0.00211	0.05232	0.00530	0.00480	0.29601
6	0.01950	0.01622	0.06247	0.11541	0.09123	0.01560	0.01416	0.17200	0.08367	0.10705	0.01653	0.01804	0.01228	0.00753	0.00748	0.00199	0.04893	0.00596	0.00523	0.17872
7	0.01899	0.06223	0.02172	0.13271	0.02517	0.05354	0.08794	0.25744	0.02217	0.02954	0.11339	0.02153	0.01853	0.00814	0.00690	0.00200	0.00773	0.00690	0.00532	0.09809
8	0.00997	0.00748	0.01121	0.01121	0.01246	0.00872	0.00872	0.01246	0.01121	0.01620	0.01869	0.02741	0.01745	0.05234	0.72710	0.01121	0.01869	0.00748	0.00374	0.00623
9	0.01565	0.15062	0.45033	0.01797	0.02619	0.07632	0.05500	0.02171	0.01545	0.02115	0.05504	0.01650	0.01253	0.00696	0.00639	0.00203	0.00953	0.00546	0.00336	0.03179
10	0.00904	0.00673	0.00909	0.05751	0.01269	0.00660	0.00740	0.01059	0.01342	0.01771	0.03729	0.56146	0.08788	0.06121	0.03867	0.00333	0.00518	0.04239	0.00602	0.00579
11	0.00883	0.00643	0.00832	0.00924	0.01014	0.00592	0.00640	0.01063	0.01523	0.02052	0.21325	0.51107	0.10910	0.01954	0.00868	0.00263	0.00381	0.01754	0.00679	0.00592
12	0.01486	0.13371	0.50265	0.01840	0.02700	0.01776	0.04719	0.02128	0.01442	0.02099	0.01195	0.01441	0.00904	0.00680	0.00742	0.00210	0.06020	0.00507	0.00306	0.06168
13	0.02128	0.02464	0.26291	0.01700	0.02402	0.01895	0.01726	0.42048	0.02583	0.03552	0.05209	0.01794	0.01369	0.00808	0.00693	0.00214	0.00836	0.00623	0.00562	0.01105
14	0.02072	0.11926	0.25919	0.01657	0.02383	0.01999	0.01711	0.34607	0.02346	0.03206	0.01422	0.01525	0.01040	0.00733	0.00646	0.00201	0.00843	0.00548	0.00497	0.04720
15	0.14848	0.06348	0.31415	0.01532	0.02270	0.01573	0.01671	0.09284	0.01722	0.17575	0.01559	0.01614	0.01083	0.00713	0.00620	0.00209	0.00793	0.00533	0.00487	0.04150
16	0.08078	0.04822	0.16091	0.01619	0.02241	0.06643	0.01520	0.39782	0.06735	0.03501	0.01547	0.01606	0.01123	0.00779	0.00659	0.00210	0.00822	0.00577	0.00562	0.01084
17	0.06531	0.18903	0.23844	0.01467	0.02084	0.06139	0.01520	0.09569	0.01622	0.02253	0.01379	0.05468	0.01189	0.01081	0.04554	0.04481	0.00875	0.00574	0.00386	0.06080
18	0.09750	0.14094	0.19546	0.14554	0.02736	0.01813	0.05785	0.12081	0.01713	0.06030	0.01355	0.01611	0.01021	0.00900	0.03951	0.00251	0.00903	0.00553	0.00409	0.00942

[dist]
# distance from previous block
# <min> <max>
27	60

[block]
# block no. 4 follows, 30 sequences, length 18
# corresponding to MSA columns:
# 208-225
name=unknown_E
#
# <colnr> <probs for GDERKNQSTAVLIFYWHMCP>
#	G	D	E	R	K	N	Q	S	T	A	V	L	I	F	Y	W	H	M	C	P
0	0.01751	0.01827	0.06138	0.04061	0.64732	0.04839	0.02127	0.02174	0.01601	0.02251	0.01299	0.01694	0.01085	0.00628	0.00687	0.00207	0.00858	0.00609	0.00344	0.01088
1	0.01876	0.63352	0.10218	0.01317	0.01939	0.07905	0.01341	0.02154	0.01465	0.01702	0.01006	0.01165	0.00895	0.00613	0.00483	0.00159	0.00813	0.00393	0.00303	0.00902
2	0.00997	0.00748	0.01121	0.01121	0.01246	0.00872	0.00872	0.01246	0.01121	0.01620	0.01869	0.02741	0.01745	0.05234	0.72710	0.01121	0.01869	0.00748	0.00374	0.00623
3	0.00998	0.00743	0.01096	0.01096	0.01212	0.00859	0.00841	0.01230	0.01114	0.01601	0.01892	0.02868	0.01800	0.10122	0.67898	0.01091	0.01786	0.00766	0.00377	0.00609
4	0.00984	0.00663	0.00770	0.00801	0.00809	0.00656	0.00466	0.01007	0.01076	0.01435	0.02512	0.17964	0.02932	0.61539	0.03046	0.00602	0.00625	0.01199	0.00466	0.00450
5	0.01866	0.75896	0.03657	0.01194	0.01791	0.02761	0.01194	0.02090	0.01418	0.01642	0.00970	0.01119	0.00896	0.00597	0.00448	0.00149	0.00746	0.00373	0.00299	0.00896
6	0.02514	0.01886	0.02016	0.01577	0.02111	0.02099	0.01293	0.58924	0.13380	0.04174	0.01852	0.01816	0.01330	0.00854	0.00700	0.00214	0.00735	0.00653	0.00700	0.01174
7	0.01560	0.01642	0.02520	0.33521	0.03545	0.08311	0.15819	0.01944	0.01417	0.01844	0.01177	0.01723	0.00951	0.00813	0.01132	0.00247	0.20056	0.00645	0.00322	0.00810
8	0.46077	0.01168	0.01095	0.00942	0.01325	0.01221	0.00740	0.01745	0.01187	0.02535	0.01082	0.01412	0.00914	0.00993	0.00934	0.16936	0.00549	0.00434	0.00401	0.18310
9	0.01710	0.60075	0.03123	0.01213	0.01718	0.02349	0.01179	0.01954	0.01458	0.01736	0.01544	0.02542	0.01553	0.00877	0.00556	0.00185	0.00724	0.14289	0.00371	0.00842
10	0.01406	0.01123	0.01648	0.31744	0.02869	0.01209	0.01323	0.01728	0.01418	0.07431	0.01886	0.17201	0.01791	0.01023	0.00814	0.00219	0.05963	0.00868	0.00447	0.17887
11	0.01652	0.60034	0.03057	0.01147	0.01627	0.02299	0.01079	0.01854	0.01401	0.01671	0.01576	0.16689	0.01679	0.00932	0.00541	0.00178	0.00674	0.00712	0.00372	0.00826
12	0.02266	0.02775	0.01757	0.01604	0.01922	0.57502	0.01203	0.02477	0.01977	0.01938	0.15758	0.02092	0.02097	0.00868	0.00670	0.00188	0.01063	0.00621	0.00446	0.00777
13	0.01037	0.00795	0.00972	0.01066	0.01181	0.00813	0.00744	0.01548	0.15773	0.02021	0.03634	0.59763	0.04092	0.01925	0.00853	0.00274	0.00436	0.01732	0.00661	0.00680
14	0.02639	0.01263	0.01594	0.01252	0.01727	0.01198	0.01022	0.16798	0.02264	0.44892	0.14934	0.02745	0.02500	0.00961	0.00723	0.00215	0.00582	0.00788	0.00811	0.01091
15	0.01009	0.00700	0.00882	0.00882	0.00923	0.00742	0.00573	0.01092	0.01051	0.01442	0.02088	0.03956	0.02272	0.51961	0.26703	0.00825	0.01076	0.00925	0.00406	0.00490
16	0.59668	0.01206	0.00989	0.00890	0.01286	0.01332	0.00722	0.01899	0.01314	0.06387	0.02348	0.02373	0.15571	0.00895	0.00528	0.00220	0.00503	0.00625	0.00500	0.00743
17	0.03953	0.01292	0.01373	0.03438	0.01600	0.01382	0.00934	0.30155	0.05251	0.03217	0.02987	0.03011	0.16040	0.01022	0.00663	0.00205	0.00554	0.00812	0.21220	0.00892

[dist]
# distance from previous block
# <min> <max>
10	32

[block]
# block no. 5 follows, 30 sequences, length 45
# corresponding to MSA columns:
# 258-302
name=unknown_F
#
# <colnr> <probs for GDERKNQSTAVLIFYWHMCP>
#	G	D	E	R	K	N	Q	S	T	A	V	L	I	F	Y	W	H	M	C	P
0	0.05029	0.01588	0.01864	0.12929	0.04439	0.01769	0.01304	0.42409	0.02505	0.03404	0.01789	0.09048	0.01517	0.03726	0.00875	0.02723	0.00743	0.00765	0.00589	0.00986
1	0.03875	0.06955	0.01407	0.03874	0.01572	0.03128	0.00973	0.02085	0.18309	0.05791	0.07290	0.15495	0.10898	0.01403	0.00776	0.00249	0.00561	0.13936	0.00625	0.00799
2	0.04330	0.00743	0.00914	0.03603	0.01148	0.00762	0.00670	0.01238	0.05478	0.01761	0.02936	0.39360	0.03351	0.23461	0.04399	0.02731	0.00579	0.01423	0.00544	0.00568
3	0.01697	0.50366	0.23268	0.05938	0.02334	0.02356	0.01640	0.02105	0.01433	0.01815	0.01068	0.01268	0.00894	0.00622	0.00525	0.00175	0.00840	0.00430	0.00298	0.00927
4	0.18996	0.01349	0.01791	0.32919	0.07613	0.01551	0.01459	0.05209	0.09974	0.10264	0.01574	0.01834	0.01153	0.00737	0.00641	0.00225	0.00746	0.00598	0.00468	0.00898
5	0.01737	0.56010	0.22419	0.01413	0.02129	0.02447	0.01575	0.02123	0.01433	0.01798	0.01048	0.01217	0.00892	0.00615	0.00507	0.00169	0.00825	0.00412	0.00297	0.00933
6	0.17353	0.07761	0.04022	0.01108	0.01506	0.06193	0.00928	0.08804	0.01686	0.12132	0.02947	0.03069	0.18440	0.05894	0.05014	0.00293	0.00696	0.00790	0.00548	0.00817
7	0.01866	0.75896	0.03657	0.01194	0.01791	0.02761	0.01194	0.02090	0.01418	0.01642	0.00970	0.01119	0.00896	0.00597	0.00448	0.00149	0.00746	0.00373	0.00299	0.00896
8	0.01051	0.00738	0.00868	0.00827	0.01045	0.00647	0.00623	0.01295	0.01768	0.06994	0.33399	0.08892	0.36135	0.01582	0.00819	0.00230	0.00362	0.01355	0.00713	0.00658
9	0.01964	0.66225	0.03433	0.01274	0.01840	0.12078	0.01215	0.02182	0.01492	0.01651	0.00985	0.01138	0.00896	0.00613	0.00472	0.00153	0.00815	0.00383	0.00307	0.00884
10	0.07471	0.01457	0.05693	0.01305	0.01826	0.01310	0.01124	0.17914	0.02207	0.39814	0.10387	0.02423	0.02072	0.00900	0.00696	0.00215	0.00624	0.00721	0.00755	0.01089
11	0.00866	0.00619	0.00828	0.00990	0.01037	0.00581	0.00675	0.00999	0.01352	0.01799	0.03837	0.71117	0.04581	0.02171	0.00895	0.00286	0.00419	0.05730	0.00647	0.00571
12	0.05247	0.65811	0.09990	0.01257	0.01888	0.02601	0.01306	0.02099	0.01413	0.01760	0.00997	0.01153	0.00888	0.00605	0.00467	0.00159	0.00764	0.00387	0.00304	0.00902
13	0.18730	0.06851	0.01717	0.01318	0.01768	0.10856	0.01068	0.17409	0.13682	0.10992	0.04937	0.02049	0.04057	0.00847	0.00628	0.00210	0.00690	0.00630	0.00593	0.00968
14	0.01710	0.01664	0.02671	0.12694	0.58253	0.04294	0.02055	0.02169	0.03652	0.02216	0.01341	0.01753	0.01107	0.00645	0.00690	0.00210	0.00849	0.00620	0.00353	0.01053
15	0.01263	0.00733	0.00974	0.01011	0.01165	0.00669	0.00733	0.01449	0.01553	0.13622	0.12230	0.47548	0.07131	0.01837	0.00852	0.00264	0.00438	0.05143	0.00699	0.00687
16	0.01626	0.01549	0.02634	0.17638	0.56230	0.01608	0.02059	0.02048	0.01563	0.02199	0.03337	0.01855	0.01232	0.00660	0.00696	0.00213	0.00834	0.00640	0.00351	0.01028
17	0.02611	0.01934	0.02071	0.01597	0.02148	0.02145	0.01316	0.65840	0.06305	0.04331	0.01728	0.01718	0.01230	0.00843	0.00699	0.00211	0.00758	0.00636	0.00699	0.01183
18	0.32168	0.14083	0.03972	0.01200	0.01692	0.08696	0.01038	0.07347	0.01668	0.16788	0.04345	0.01620	0.01273	0.00738	0.00553	0.00201	0.00680	0.00511	0.00520	0.00909
19	0.67296	0.01508	0.01147	0.01029	0.01452	0.06765	0.00832	0.02262	0.07738	0.03007	0.01156	0.01282	0.00896	0.00681	0.00473	0.00215	0.00593	0.00422	0.00453	0.00793
20	0.01318	0.01240	0.02093	0.73798	0.04806	0.01550	0.01938	0.01783	0.01395	0.01783	0.01240	0.01860	0.00930	0.00698	0.00698	0.00233	0.00930	0.00620	0.00310	0.00775
21	0.00997	0.00748	0.01121	0.01121	0.01246	0.00872	0.00872	0.01246	0.01121	0.01620	0.01869	0.02741	0.01745	0.05234	0.72710	0.01121	0.01869	0.00748	0.00374	0.00623
22	0.01212	0.00606	0.00909	0.00909	0.00909	0.00606	0.00606	0.00909	0.00909	0.01212	0.01212	0.02121	0.01212	0.02424	0.02727	0.79697	0.00606	0.00606	0.00303	0.00303
23	0.02375	0.01753	0.01931	0.01525	0.02010	0.01948	0.01250	0.57485	0.02919	0.03933	0.01708	0.01854	0.01280	0.01574	0.12756	0.00362	0.00952	0.00648	0.00644	0.01092
24	0.14031	0.01246	0.01511	0.01181	0.01691	0.01161	0.00968	0.08022	0.01927	0.45662	0.06497	0.02230	0.01781	0.00833	0.00653	0.00205	0.00576	0.00657	0.00740	0.08428
25	0.01829	0.01714	0.02563	0.06619	0.53647	0.06337	0.01926	0.02385	0.08654	0.05266	0.01513	0.01820	0.01217	0.00675	0.00689	0.00210	0.00823	0.00631	0.00405	0.01075
26	0.01381	0.01342	0.01542	0.01427	0.01548	0.11395	0.01133	0.01592	0.01227	0.01650	0.01476	0.02174	0.01381	0.03412	0.41754	0.00748	0.23112	0.00665	0.00352	0.00691
27	0.02552	0.01298	0.01573	0.01296	0.01744	0.04155	0.01066	0.11756	0.04105	0.42377	0.08134	0.03234	0.02341	0.01050	0.00745	0.00229	0.00630	0.09887	0.00777	0.01051
28	0.02900	0.01137	0.01546	0.01202	0.01702	0.00986	0.00986	0.03177	0.01995	0.64203	0.10069	0.02680	0.02250	0.00924	0.00715	0.00216	0.00565	0.00762	0.00853	0.01131
29	0.00889	0.00658	0.00838	0.00959	0.01059	0.00607	0.00691	0.01057	0.01449	0.01886	0.07266	0.49677	0.17435	0.02038	0.00885	0.00277	0.00424	0.10668	0.00652	0.00585
30	0.01410	0.03537	0.69013	0.02029	0.03047	0.01627	0.05352	0.02211	0.01481	0.02211	0.01259	0.01490	0.00891	0.00660	0.00670	0.00222	0.01037	0.00529	0.00297	0.01028
31	0.01404	0.01329	0.02147	0.40505	0.09747	0.01642	0.04544	0.01772	0.01342	0.01857	0.01313	0.04473	0.01120	0.00877	0.01101	0.00247	0.19333	0.00678	0.03773	0.00796
32	0.01780	0.01955	0.02187	0.01873	0.01986	0.18317	0.04410	0.01958	0.01303	0.01710	0.00975	0.01481	0.00918	0.01078	0.01845	0.00273	0.54266	0.00583	0.00320	0.00782
33	0.01748	0.01729	0.02711	0.10332	0.60719	0.06261	0.02072	0.02151	0.01597	0.02198	0.01291	0.01709	0.01076	0.00635	0.00687	0.00208	0.00866	0.00610	0.00343	0.01057
34	0.02583	0.03023	0.02030	0.01855	0.04691	0.57635	0.01374	0.14401	0.02193	0.02203	0.01192	0.01349	0.00957	0.00736	0.00644	0.00186	0.01156	0.00487	0.00419	0.00886
35	0.00926	0.00639	0.00787	0.00875	0.00897	0.00617	0.00545	0.00991	0.01189	0.01585	0.03092	0.42785	0.03664	0.35719	0.02108	0.00463	0.00529	0.01540	0.00545	0.00501
36	0.01709	0.01640	0.02800	0.07332	0.68214	0.01653	0.02133	0.02126	0.01580	0.02258	0.01309	0.01733	0.01098	0.00625	0.00691	0.00208	0.00833	0.00622	0.00344	0.01091
37	0.01330	0.01257	0.02096	0.69615	0.04633	0.01585	0.01914	0.01777	0.01376	0.01777	0.01221	0.01841	0.00929	0.00728	0.00790	0.00237	0.05190	0.00620	0.00310	0.00775
38	0.00984	0.00713	0.00859	0.00905	0.01047	0.00656	0.00648	0.02945	0.01552	0.03629	0.13037	0.35091	0.24171	0.06444	0.01022	0.00284	0.00421	0.04327	0.00655	0.00611
39	0.01374	0.01313	0.02229	0.61811	0.09803	0.01599	0.04416	0.01822	0.01402	0.01833	0.01235	0.01833	0.00948	0.00716	0.00788	0.00235	0.04896	0.00627	0.00314	0.00807
40	0.00864	0.00678	0.00811	0.03602	0.01114	0.00619	0.00635	0.01017	0.01435	0.01807	0.05081	0.39195	0.33325	0.05280	0.00976	0.00278	0.00415	0.01665	0.00625	0.00578
41	0.03739	0.00966	0.01140	0.01084	0.01282	0.01009	0.00811	0.12588	0.04667	0.02504	0.17038	0.29578	0.09832	0.03828	0.03662	0.00293	0.03270	0.01338	0.00647	0.00725
42	0.02707	0.01154	0.01520	0.01209	0.01685	0.01032	0.00975	0.03099	0.07304	0.55656	0.04338	0.06716	0.02040	0.03281	0.00798	0.00232	0.00573	0.00795	0.00806	0.04081
43	0.01755	0.01403	0.01615	0.01209	0.01773	0.01273	0.00977	0.14653	0.06050	0.05045	0.01459	0.01597	0.01149	0.00648	0.00650	0.00145	0.03916	0.00496	0.00496	0.53690
44	0.04536	0.01762	0.12590	0.13973	0.22928	0.01556	0.03713	0.09709	0.03787	0.04953	0.01714	0.10441	0.01505	0.00886	0.00751	0.00228	0.02791	0.00773	0.00441	0.00963

[dist]
# distance from previous block
# <min> <max>
2	7

[block]
# block no. 6 follows, 30 sequences, length 11
# corresponding to MSA columns:
# 310-320
name=unknown_G
#
# <colnr> <probs for GDERKNQSTAVLIFYWHMCP>
#	G	D	E	R	K	N	Q	S	T	A	V	L	I	F	Y	W	H	M	C	P
0	0.05953	0.04010	0.01269	0.01099	0.01382	0.03542	0.00874	0.09815	0.05004	0.03942	0.11943	0.12400	0.12887	0.01610	0.05582	0.00291	0.00624	0.09436	0.04039	0.04298
1	0.10158	0.05327	0.01608	0.01184	0.01604	0.01236	0.05257	0.10400	0.01630	0.06492	0.04847	0.05997	0.01735	0.12098	0.01144	0.03679	0.00625	0.00698	0.00494	0.23785
2	0.12449	0.39503	0.07297	0.01232	0.01814	0.02051	0.01184	0.02487	0.04349	0.19442	0.01512	0.01520	0.01135	0.00689	0.00534	0.00183	0.00692	0.00483	0.00474	0.00968
3	0.01832	0.56115	0.09455	0.04513	0.02061	0.07637	0.01383	0.02111	0.01440	0.01706	0.01011	0.01220	0.00898	0.00657	0.00610	0.00172	0.05572	0.00418	0.00304	0.00888
4	0.01013	0.00684	0.00799	0.00799	0.00811	0.00697	0.00470	0.01039	0.01026	0.01381	0.02164	0.04377	0.02455	0.68177	0.10738	0.00723	0.00800	0.00987	0.00418	0.00444
5	0.00850	0.00702	0.00745	0.00746	0.00961	0.00598	0.00555	0.01046	0.01632	0.02012	0.16145	0.10261	0.57854	0.01741	0.00828	0.00236	0.00353	0.01470	0.00665	0.00598
6	0.01687	0.01299	0.01512	0.01116	0.01699	0.01075	0.00895	0.10181	0.01708	0.07256	0.01508	0.04655	0.01252	0.00651	0.00568	0.00132	0.00549	0.00526	0.00490	0.61242
7	0.00872	0.00617	0.00803	0.00943	0.00978	0.00582	0.00617	0.00977	0.01293	0.01724	0.03624	0.65515	0.04335	0.12074	0.01250	0.00336	0.00442	0.01853	0.00617	0.00547
8	0.01942	0.01780	0.12674	0.01455	0.01961	0.01529	0.01314	0.31141	0.04494	0.07392	0.02220	0.17570	0.02024	0.01121	0.00732	0.00226	0.00694	0.03191	0.00615	0.05926
9	0.07054	0.45774	0.24051	0.01418	0.02133	0.02261	0.01577	0.02180	0.01444	0.04930	0.01133	0.01282	0.00918	0.00632	0.00523	0.00178	0.00812	0.00431	0.00331	0.00940
10	0.07885	0.07429	0.24151	0.01420	0.02052	0.01499	0.01471	0.08711	0.08996	0.11039	0.05352	0.02434	0.09369	0.00882	0.00661	0.00212	0.00711	0.00695	0.00525	0.04506

[dist]
# distance from previous block
# <min> <max>
3	19

[block]
# block no. 7 follows, 30 sequences, length 151
# corresponding to MSA columns:
# 340-490
name=unknown_H
#
# <colnr> <probs for GDERKNQSTAVLIFYWHMCP>
#	G	D	E	R	K	N	Q	S	T	A	V	L	I	F	Y	W	H	M	C	P
0	0.02485	0.01636	0.01830	0.01433	0.01923	0.01748	0.01167	0.45879	0.05245	0.15997	0.08289	0.02276	0.01868	0.03933	0.00827	0.00231	0.00685	0.00721	0.00723	0.01104
1	0.01156	0.00933	0.01092	0.01109	0.03130	0.03519	0.00810	0.03578	0.06132	0.02426	0.31552	0.18415	0.11349	0.01524	0.00817	0.00238	0.00460	0.07535	0.00675	0.03550
2	0.00996	0.00747	0.00915	0.00907	0.01085	0.00692	0.00687	0.03470	0.01804	0.02424	0.37623	0.15212	0.22030	0.01639	0.00840	0.00241	0.00387	0.06949	0.00709	0.00645
3	0.12584	0.03157	0.58589	0.01787	0.02693	0.01569	0.02233	0.02147	0.01456	0.02367	0.04374	0.01595	0.01125	0.00696	0.00637	0.00220	0.00930	0.00530	0.00336	0.00975
4	0.01557	0.03342	0.63836	0.01909	0.02880	0.01573	0.02403	0.02355	0.03499	0.08147	0.01426	0.01583	0.00992	0.00688	0.00668	0.00221	0.00980	0.00539	0.00355	0.01047
5	0.02653	0.01955	0.02094	0.01606	0.02164	0.02164	0.01326	0.68796	0.03281	0.04398	0.01675	0.01675	0.01187	0.00838	0.00698	0.00209	0.00768	0.00628	0.00698	0.01187
6	0.01184	0.00606	0.00901	0.00914	0.00917	0.00603	0.00609	0.00914	0.00943	0.01257	0.01419	0.07856	0.01480	0.02406	0.02583	0.73450	0.00590	0.00714	0.00330	0.00324
7	0.01421	0.06864	0.68789	0.01953	0.02965	0.01672	0.02516	0.02205	0.01471	0.02184	0.01240	0.01457	0.00884	0.00660	0.00653	0.00218	0.01018	0.00509	0.00295	0.01025
8	0.01866	0.75896	0.03657	0.01194	0.01791	0.02761	0.01194	0.02090	0.01418	0.01642	0.00970	0.01119	0.00896	0.00597	0.00448	0.00149	0.00746	0.00373	0.00299	0.00896
9	0.01420	0.05518	0.60801	0.02049	0.05641	0.01620	0.05405	0.02165	0.01507	0.02223	0.04371	0.01659	0.01157	0.00690	0.00672	0.00219	0.00990	0.00563	0.00321	0.01009
10	0.00982	0.00713	0.00931	0.00918	0.01075	0.00662	0.00698	0.01286	0.01867	0.02600	0.55555	0.11456	0.09086	0.01556	0.00843	0.00236	0.00368	0.07781	0.00740	0.00646
11	0.00876	0.00620	0.00812	0.00948	0.00986	0.00589	0.00624	0.00985	0.01288	0.01721	0.03577	0.63830	0.04265	0.11866	0.03192	0.00358	0.00480	0.01823	0.00611	0.00549
12	0.01614	0.03957	0.02118	0.53602	0.04040	0.16575	0.01775	0.01999	0.01506	0.01759	0.01185	0.01698	0.00922	0.00720	0.00739	0.00222	0.03887	0.00576	0.00320	0.00785
13	0.01695	0.01626	0.02775	0.09689	0.65965	0.01650	0.02126	0.02114	0.01574	0.02241	0.01307	0.01737	0.01092	0.00628	0.00691	0.00209	0.00837	0.00622	0.00343	0.01080
14	0.01736	0.01499	0.01578	0.01420	0.01815	0.01736	0.01105	0.03708	0.69862	0.02919	0.02840	0.02604	0.02130	0.00947	0.00710	0.00237	0.00552	0.00789	0.00710	0.01105
15	0.01430	0.01355	0.02296	0.54687	0.23038	0.01580	0.01994	0.01882	0.01449	0.01920	0.01260	0.01824	0.00978	0.00677	0.00696	0.00226	0.00902	0.00621	0.00320	0.00866
16	0.01418	0.06496	0.69137	0.01957	0.02971	0.01666	0.02523	0.02205	0.01471	0.02187	0.01241	0.01459	0.00884	0.00660	0.00654	0.00218	0.01020	0.00510	0.00295	0.01026
17	0.01015	0.00677	0.00761	0.00761	0.00761	0.00677	0.00423	0.01015	0.01015	0.01353	0.02199	0.04567	0.02537	0.75476	0.03552	0.00677	0.00677	0.01015	0.00423	0.00423
18	0.02607	0.03326	0.01978	0.01798	0.02157	0.72674	0.01348	0.02787	0.01978	0.01708	0.01079	0.01258	0.00899	0.00719	0.00629	0.00180	0.01258	0.00449	0.00360	0.00809
19	0.01520	0.01453	0.02427	0.12298	0.48459	0.01467	0.04299	0.01907	0.01567	0.02149	0.02283	0.02595	0.12904	0.00824	0.00719	0.00216	0.00774	0.00773	0.00393	0.00971
20	0.01047	0.00815	0.01205	0.04164	0.01499	0.00807	0.05149	0.01358	0.04212	0.02006	0.07174	0.40091	0.04066	0.01854	0.00890	0.00285	0.00550	0.21559	0.00623	0.00649
21	0.01767	0.01514	0.01595	0.01426	0.01826	0.01750	0.01112	0.05896	0.67624	0.02969	0.02801	0.02572	0.02098	0.00943	0.00710	0.00236	0.00560	0.00784	0.00710	0.01107
22	0.01318	0.01240	0.02093	0.73798	0.04806	0.01550	0.01938	0.01783	0.01395	0.01783	0.01240	0.01860	0.00930	0.00698	0.00698	0.00233	0.00930	0.00620	0.00310	0.00775
23	0.01400	0.03610	0.71860	0.01989	0.03020	0.01621	0.02578	0.02210	0.01473	0.02210	0.01252	0.01473	0.00884	0.00663	0.00663	0.00221	0.01031	0.00516	0.00295	0.01031
24	0.01477	0.01474	0.02121	0.27056	0.02908	0.04731	0.03358	0.01756	0.01237	0.01728	0.01092	0.01696	0.00961	0.01181	0.04786	0.00310	0.40428	0.00619	0.00314	0.00768
25	0.01447	0.01240	0.01447	0.01034	0.01654	0.00930	0.00827	0.01757	0.01447	0.02274	0.01240	0.01447	0.01034	0.00517	0.00517	0.00103	0.00517	0.00413	0.00413	0.79742
26	0.01469	0.01449	0.02097	0.01793	0.01836	0.01974	0.04127	0.01651	0.01098	0.01695	0.01048	0.01684	0.01019	0.01668	0.10505	0.00398	0.62785	0.00635	0.00315	0.00754
27	0.02017	0.61049	0.03313	0.01318	0.01866	0.17065	0.01226	0.02232	0.01532	0.01655	0.00992	0.01148	0.00896	0.00622	0.00485	0.00155	0.00851	0.00389	0.00311	0.00878
28	0.04499	0.05860	0.49537	0.01717	0.02560	0.01520	0.02059	0.03972	0.01618	0.11564	0.07197	0.01882	0.01472	0.00754	0.00665	0.00217	0.00879	0.00594	0.00425	0.01010
29	0.01772	0.01761	0.02934	0.07014	0.51578	0.04888	0.12571	0.04830	0.01674	0.02309	0.01329	0.01735	0.01084	0.00633	0.00710	0.00212	0.00905	0.00646	0.00360	0.01054
30	0.08265	0.00932	0.01137	0.00981	0.01307	0.00851	0.00767	0.02054	0.01782	0.27749	0.22554	0.06858	0.16409	0.04179	0.00857	0.00242	0.00465	0.01043	0.00734	0.00834
31	0.01212	0.00606	0.00909	0.00909	0.00909	0.00606	0.00606	0.00909	0.00909	0.01212	0.01212	0.02121	0.01212	0.02424	0.02727	0.79697	0.00606	0.00606	0.00303	0.00303
32	0.00855	0.00611	0.00814	0.00969	0.01013	0.00570	0.00648	0.00983	0.01357	0.01815	0.06037	0.72735	0.04680	0.02161	0.00888	0.00281	0.00402	0.01960	0.00652	0.00570
33	0.02659	0.16405	0.10295	0.01332	0.01942	0.01480	0.01252	0.05197	0.01863	0.47233	0.02185	0.01995	0.01444	0.00786	0.00646	0.00203	0.00681	0.00612	0.00678	0.01111
34	0.01015	0.00677	0.00761	0.00761	0.00761	0.00677	0.00423	0.01015	0.01015	0.01353	0.02199	0.04567	0.02537	0.75476	0.03552	0.00677	0.00677	0.01015	0.00423	0.00423
35	0.03109	0.01222	0.01641	0.01258	0.01799	0.01077	0.01039	0.06375	0.02056	0.68549	0.02704	0.02343	0.01703	0.00863	0.00702	0.00216	0.00602	0.00698	0.00856	0.01188
36	0.01616	0.17750	0.42646	0.01967	0.02814	0.06837	0.12654	0.02230	0.01525	0.02065	0.01209	0.01452	0.00915	0.00642	0.00643	0.00206	0.01013	0.00531	0.00309	0.00974
37	0.01015	0.00677	0.00761	0.00761	0.00761	0.00677	0.00423	0.01015	0.01015	0.01353	0.02199	0.04567	0.02537	0.75476	0.03552	0.00677	0.00677	0.01015	0.00423	0.00423
38	0.01647	0.01882	0.04118	0.02941	0.03647	0.01765	0.68588	0.02235	0.01647	0.02235	0.01412	0.01882	0.01059	0.00588	0.00824	0.00235	0.01176	0.00824	0.00353	0.00941
39	0.01866	0.75896	0.03657	0.01194	0.01791	0.02761	0.01194	0.02090	0.01418	0.01642	0.00970	0.01119	0.00896	0.00597	0.00448	0.00149	0.00746	0.00373	0.00299	0.00896
40	0.01612	0.01533	0.02603	0.19093	0.54256	0.01598	0.02042	0.02034	0.01562	0.02192	0.03890	0.01886	0.01272	0.00668	0.00697	0.00213	0.00832	0.00645	0.00354	0.01018
41	0.00975	0.00713	0.00915	0.00864	0.01035	0.00653	0.00648	0.01292	0.01945	0.02726	0.65717	0.05332	0.11667	0.01454	0.00823	0.00221	0.00331	0.01279	0.00759	0.00653
42	0.05861	0.01429	0.04460	0.01325	0.01884	0.01276	0.01132	0.15171	0.02179	0.54110	0.02432	0.02166	0.01560	0.00843	0.00689	0.00215	0.00641	0.00669	0.00795	0.01165
43	0.10259	0.06650	0.02113	0.01689	0.07304	0.02023	0.01302	0.48036	0.02730	0.08758	0.01609	0.01640	0.01158	0.00789	0.00655	0.00206	0.00736	0.00592	0.00631	0.01119
44	0.01225	0.00989	0.01318	0.09060	0.04418	0.04174	0.01241	0.01551	0.01590	0.02035	0.03233	0.09189	0.03462	0.01704	0.00908	0.00300	0.00699	0.51643	0.00584	0.00679
45	0.01628	0.02012	0.09204	0.02870	0.03600	0.01754	0.63632	0.02233	0.01634	0.02233	0.01400	0.01852	0.01046	0.00594	0.00811	0.00234	0.01166	0.00800	0.00349	0.00948
46	0.01609	0.01349	0.01648	0.12763	0.02235	0.01216	0.01080	0.11921	0.01717	0.02517	0.01306	0.01548	0.01040	0.00594	0.00573	0.00140	0.00621	0.00479	0.00440	0.55201
47	0.01649	0.01843	0.03876	0.02879	0.06011	0.01774	0.60392	0.02276	0.04693	0.02246	0.01453	0.01895	0.01103	0.00631	0.00872	0.00237	0.04051	0.00806	0.00367	0.00948
48	0.01696	0.01626	0.02776	0.09627	0.66025	0.01650	0.02126	0.02114	0.01574	0.02242	0.01307	0.01737	0.01092	0.00628	0.00691	0.00209	0.00837	0.00622	0.00343	0.01080
49	0.77615	0.01344	0.01047	0.00929	0.01365	0.01546	0.00765	0.02100	0.01217	0.05603	0.01036	0.01178	0.00791	0.00656	0.00442	0.00216	0.00542	0.00390	0.00447	0.00771
50	0.02616	0.01074	0.01455	0.01154	0.01604	0.00937	0.00937	0.02900	0.01992	0.55079	0.19086	0.03057	0.02894	0.00999	0.00731	0.00217	0.00530	0.00836	0.00841	0.01060
51	0.01318	0.01240	0.02093	0.73798	0.04806	0.01550	0.01938	0.01783	0.01395	0.01783	0.01240	0.01860	0.00930	0.00698	0.00698	0.00233	0.00930	0.00620	0.00310	0.00775
52	0.00850	0.00607	0.00810	0.00972	0.01012	0.00567	0.00648	0.00972	0.01336	0.01781	0.03846	0.75020	0.04615	0.02186	0.00891	0.00283	0.00405	0.01984	0.00648	0.00567
53	0.01647	0.01882	0.04118	0.02941	0.03647	0.01765	0.68588	0.02235	0.01647	0.02235	0.01412	0.01882	0.01059	0.00588	0.00824	0.00235	0.01176	0.00824	0.00353	0.00941
54	0.01643	0.01412	0.01494	0.01360	0.01734	0.01613	0.01061	0.03417	0.62094	0.02809	0.03197	0.03114	0.07479	0.01046	0.00728	0.00240	0.00540	0.03268	0.00703	0.01048
55	0.00850	0.00607	0.00810	0.00972	0.01012	0.00567	0.00648	0.00972	0.01336	0.01781	0.03846	0.75020	0.04615	0.02186	0.00891	0.00283	0.00405	0.01984	0.00648	0.00567
56	0.01400	0.03610	0.71860	0.01989	0.03020	0.01621	0.02578	0.02210	0.01473	0.02210	0.01252	0.01473	0.00884	0.00663	0.00663	0.00221	0.01031	0.00516	0.00295	0.01031
57	0.01727	0.01658	0.02832	0.04283	0.71123	0.01658	0.02142	0.02142	0.01589	0.02280	0.01313	0.01727	0.01105	0.00622	0.00691	0.00207	0.00829	0.00622	0.00345	0.01105
58	0.01727	0.01658	0.02832	0.04283	0.71123	0.01658	0.02142	0.02142	0.01589	0.02280	0.01313	0.01727	0.01105	0.00622	0.00691	0.00207	0.00829	0.00622	0.00345	0.01105
59	0.00832	0.00707	0.00717	0.00715	0.00947	0.00592	0.00536	0.01016	0.01608	0.01926	0.09926	0.06648	0.67957	0.01752	0.00825	0.00235	0.00352	0.01463	0.00653	0.00592
60	0.05812	0.01930	0.02051	0.01578	0.02131	0.02140	0.01303	0.66084	0.03196	0.04346	0.01647	0.01653	0.01169	0.00830	0.00687	0.00210	0.00759	0.00618	0.00687	0.01169
61	0.00825	0.00707	0.00707	0.00707	0.00943	0.00589	0.00530	0.01001	0.01591	0.01885	0.07069	0.06716	0.70839	0.01767	0.00825	0.00236	0.00353	0.01473	0.00648	0.00589
62	0.00850	0.00607	0.00810	0.00972	0.01012	0.00567	0.00648	0.00972	0.01336	0.01781	0.03846	0.75020	0.04615	0.02186	0.00891	0.00283	0.00405	0.01984	0.00648	0.00567
63	0.01400	0.03610	0.71860	0.01989	0.03020	0.01621	0.02578	0.02210	0.01473	0.02210	0.01252	0.01473	0.00884	0.00663	0.00663	0.00221	0.01031	0.00516	0.00295	0.01031
64	0.01711	0.01642	0.02803	0.07031	0.68501	0.01654	0.02134	0.02127	0.01581	0.02260	0.01310	0.01732	0.01098	0.00625	0.00691	0.00208	0.00833	0.00622	0.00344	0.01092
65	0.03131	0.01188	0.01619	0.01242	0.01781	0.01026	0.01026	0.03401	0.01997	0.71606	0.02753	0.02375	0.01727	0.00864	0.00702	0.00216	0.00594	0.00702	0.00864	0.01188
66	0.01767	0.01096	0.01300	0.01132	0.01442	0.01120	0.00866	0.05127	0.21767	0.18427	0.22863	0.03568	0.03382	0.11635	0.01144	0.00288	0.00522	0.00935	0.00721	0.00898
67	0.01418	0.06477	0.69155	0.01957	0.02971	0.01666	0.02523	0.02205	0.01471	0.02187	0.01241	0.01459	0.00884	0.00660	0.00654	0.00218	0.01020	0.00510	0.00295	0.01026
68	0.00862	0.00616	0.00820	0.00964	0.01015	0.00575	0.00649	0.01001	0.01390	0.01867	0.09493	0.69129	0.04782	0.02122	0.00885	0.00278	0.00398	0.01923	0.00658	0.00575
69	0.02607	0.03326	0.01978	0.01798	0.02157	0.72674	0.01348	0.02787	0.01978	0.01708	0.01079	0.01258	0.00899	0.00719	0.00629	0.00180	0.01258	0.00449	0.00360	0.00809
70	0.01495	0.01269	0.01473	0.01056	0.01674	0.00979	0.00847	0.04405	0.01519	0.02358	0.01257	0.01456	0.01040	0.00529	0.00524	0.00108	0.00527	0.00422	0.00425	0.76639
71	0.05333	0.61843	0.13630	0.01299	0.01953	0.02539	0.01379	0.02106	0.01416	0.01793	0.01012	0.01172	0.00888	0.00609	0.00479	0.00163	0.00779	0.00394	0.00304	0.00909
72	0.02589	0.06160	0.02094	0.01705	0.02143	0.45531	0.01334	0.25189	0.02395	0.02619	0.01277	0.01394	0.00997	0.00754	0.00644	0.00188	0.01068	0.00507	0.00472	0.00941
73	0.01400	0.03610	0.71860	0.01989	0.03020	0.01621	0.02578	0.02210	0.01473	0.02210	0.01252	0.01473	0.00884	0.00663	0.00663	0.00221	0.01031	0.00516	0.00295	0.01031
74	0.01603	0.30845	0.38805	0.01788	0.02620	0.02069	0.09055	0.02167	0.01471	0.01997	0.01162	0.01382	0.00907	0.00630	0.00598	0.00195	0.00939	0.00494	0.00302	0.00970
75	0.00848	0.00617	0.00799	0.00945	0.01005	0.00569	0.00636	0.00975	0.01362	0.01792	0.04170	0.68150	0.11276	0.02144	0.00884	0.00279	0.00400	0.01932	0.00648	0.00569
76	0.00850	0.00607	0.00810	0.00972	0.01012	0.00567	0.00648	0.00972	0.01336	0.01781	0.03846	0.75020	0.04615	0.02186	0.00891	0.00283	0.00405	0.01984	0.00648	0.00567
77	0.00855	0.00617	0.00811	0.00956	0.01010	0.00572	0.00643	0.00988	0.01376	0.01832	0.06993	0.68813	0.07685	0.02133	0.00885	0.00278	0.00399	0.01928	0.00653	0.00572
78	0.02054	0.01086	0.01258	0.01051	0.01397	0.01100	0.00842	0.16916	0.01979	0.20919	0.02237	0.02348	0.01636	0.01162	0.05986	0.00259	0.00608	0.00666	0.35588	0.00907
79	0.00850	0.00607	0.00810	0.00972	0.01012	0.00567	0.00648	0.00972	0.01336	0.01781	0.03846	0.75020	0.04615	0.02186	0.00891	0.00283	0.00405	0.01984	0.00648	0.00567
80	0.00952	0.00680	0.00926	0.01088	0.01172	0.00654	0.00824	0.01147	0.01436	0.01895	0.03790	0.50204	0.04394	0.02091	0.00918	0.00297	0.00493	0.25800	0.00646	0.00595
81	0.01917	0.02078	0.04957	0.05873	0.49904	0.16959	0.01957	0.04083	0.01708	0.02196	0.01268	0.01620	0.01050	0.00652	0.00677	0.00203	0.00930	0.00581	0.00355	0.01030
82	0.02961	0.01190	0.01591	0.01240	0.01756	0.01058	0.01017	0.03344	0.06431	0.64575	0.05272	0.02495	0.01933	0.00890	0.00707	0.00217	0.00581	0.00728	0.00850	0.01163
83	0.00997	0.00748	0.01121	0.01121	0.01246	0.00872	0.00872	0.01246	0.01121	0.01620	0.01869	0.02741	0.01745	0.05234	0.72710	0.01121	0.01869	0.00748	0.00374	0.00623
84	0.01580	0.01736	0.03634	0.18137	0.06571	0.01715	0.51709	0.02135	0.01591	0.02140	0.01371	0.01872	0.01033	0.00613	0.00791	0.00234	0.01110	0.00772	0.00343	0.00912
85	0.02252	0.01909	0.02036	0.12683	0.06700	0.10973	0.01436	0.39516	0.04695	0.03348	0.03812	0.02018	0.01409	0.00850	0.00703	0.00214	0.00834	0.03004	0.00575	0.01032
86	0.01318	0.01240	0.02093	0.73798	0.04806	0.01550	0.01938	0.01783	0.01395	0.01783	0.01240	0.01860	0.00930	0.00698	0.00698	0.00233	0.00930	0.00620	0.00310	0.00775
87	0.01866	0.75896	0.03657	0.01194	0.01791	0.02761	0.01194	0.02090	0.01418	0.01642	0.00970	0.01119	0.00896	0.00597	0.00448	0.00149	0.00746	0.00373	0.00299	0.00896
88	0.05477	0.02303	0.01983	0.01623	0.02107	0.22855	0.01296	0.42273	0.07536	0.03454	0.01556	0.01598	0.01153	0.00803	0.00669	0.00203	0.00888	0.00578	0.00589	0.01054
89	0.02102	0.01476	0.01565	0.01304	0.01738	0.04287	0.01042	0.21718	0.20925	0.15941	0.03314	0.03111	0.16266	0.01064	0.00726	0.00223	0.00608	0.00858	0.00708	0.01023
90	0.01840	0.73658	0.03581	0.01192	0.01775	0.02705	0.01184	0.02064	0.01409	0.01641	0.00997	0.01168	0.00921	0.00735	0.02599	0.00178	0.00780	0.00384	0.00301	0.00887
91	0.01169	0.10786	0.01320	0.00951	0.01179	0.00952	0.00758	0.01473	0.01859	0.04660	0.53862	0.07820	0.05492	0.01351	0.00777	0.00217	0.00408	0.03567	0.00698	0.00702
92	0.00861	0.00614	0.00813	0.00961	0.01005	0.00574	0.00641	0.00986	0.01349	0.01805	0.06317	0.70017	0.04620	0.04621	0.00978	0.00294	0.00411	0.01924	0.00645	0.00565
93	0.00842	0.00707	0.00734	0.00745	0.00968	0.00599	0.00562	0.01027	0.01592	0.01915	0.08607	0.09494	0.63692	0.01781	0.00833	0.00241	0.00366	0.04053	0.00651	0.00592
94	0.24916	0.04551	0.01776	0.06919	0.02054	0.01839	0.01161	0.35000	0.02326	0.08226	0.03839	0.01680	0.01252	0.00784	0.00616	0.00211	0.00687	0.00572	0.00589	0.01001
95	0.01336	0.01259	0.02126	0.70668	0.07792	0.01555	0.01947	0.01799	0.01404	0.01805	0.01244	0.01854	0.00938	0.00694	0.00697	0.00231	0.00926	0.00620	0.00312	0.00790
