[name]
unknown

[dist]
# distance from previous block
# <min> <max>
43	114

[block]
# block no. 0 follows, 30 sequences, length 27
# corresponding to MSA columns:
# 166-192
name=unknown_A
#
# <colnr> <probs for GDERKNQSTAVLIFYWHMCP>
#	G	D	E	R	K	N	Q	S	T	A	V	L	I	F	Y	W	H	M	C	P
0	0.04947	0.06405	0.01725	0.04472	0.01842	0.04622	0.04375	0.15335	0.13093	0.09640	0.04495	0.07088	0.14460	0.03403	0.00802	0.00236	0.00645	0.00894	0.00611	0.00909
1	0.10883	0.04537	0.01615	0.01237	0.01669	0.01353	0.03213	0.13223	0.09507	0.20426	0.17975	0.02787	0.04032	0.00960	0.00689	0.00212	0.00569	0.00788	0.00688	0.03637
2	0.08082	0.07808	0.01877	0.01368	0.01849	0.04698	0.01125	0.30257	0.07383	0.17374	0.05869	0.05633	0.01775	0.00913	0.00673	0.00211	0.00676	0.00711	0.00667	0.01049
3	0.13693	0.01701	0.05024	0.04503	0.17831	0.01729	0.01431	0.26060	0.06746	0.08644	0.01852	0.01941	0.04202	0.00798	0.00662	0.00215	0.00719	0.00638	0.00559	0.01053
4	0.12586	0.05167	0.23999	0.01452	0.02083	0.01534	0.01495	0.15631	0.01951	0.13298	0.12087	0.02158	0.01922	0.00840	0.00660	0.00214	0.00727	0.00655	0.00552	0.00986
5	0.17763	0.04873	0.14168	0.01469	0.05315	0.01545	0.01301	0.14393	0.06898	0.08035	0.04678	0.05026	0.01547	0.00822	0.00621	0.00208	0.00670	0.00640	0.04605	0.05423
6	0.12976	0.04532	0.16595	0.03750	0.01930	0.01397	0.01282	0.12761	0.01786	0.05433	0.11553	0.02461	0.05490	0.03837	0.03777	0.00260	0.00725	0.00694	0.00508	0.08252
7	0.25289	0.05445	0.04349	0.01053	0.01467	0.01208	0.00894	0.03837	0.01564	0.09806	0.12701	0.08907	0.05352	0.01007	0.00629	0.00207	0.00533	0.03229	0.00557	0.11966
8	0.07141	0.03865	0.08583	0.01416	0.04626	0.03436	0.01156	0.14694	0.07779	0.06576	0.05287	0.20929	0.02336	0.01146	0.00707	0.00221	0.00630	0.00966	0.00577	0.07928
9	0.01654	0.01471	0.12855	0.05346	0.01909	0.01059	0.01185	0.05298	0.01719	0.15810	0.13598	0.13047	0.02600	0.01031	0.00702	0.00203	0.00604	0.00880	0.00583	0.18446
10	0.01043	0.00775	0.00949	0.00992	0.01130	0.00754	0.00707	0.06145	0.04587	0.02219	0.16180	0.46501	0.11662	0.01850	0.00849	0.00259	0.00419	0.01646	0.00676	0.00655
11	0.07629	0.05877	0.54220	0.04373	0.02970	0.01672	0.09387	0.02181	0.01465	0.02249	0.01236	0.01490	0.00895	0.00653	0.00655	0.00220	0.00994	0.00536	0.00312	0.00986
12	0.01120	0.00726	0.00945	0.00915	0.01077	0.00666	0.00670	0.01382	0.01788	0.07804	0.46337	0.19580	0.07799	0.04843	0.00949	0.00253	0.00382	0.01366	0.00731	0.00667
13	0.05377	0.02305	0.15315	0.10182	0.06012	0.17573	0.05072	0.13064	0.01956	0.11254	0.04207	0.01783	0.01287	0.00757	0.00676	0.00210	0.00922	0.00599	0.00478	0.00969
14	0.01554	0.09636	0.49420	0.05235	0.07993	0.01709	0.07452	0.02228	0.01509	0.05058	0.01306	0.01546	0.00952	0.00658	0.00661	0.00215	0.00979	0.00547	0.00328	0.01013
15	0.00830	0.00707	0.00715	0.00713	0.00946	0.00592	0.00535	0.01012	0.01604	0.01917	0.09281	0.06664	0.68608	0.01755	0.00825	0.00235	0.00353	0.01465	0.00652	0.00592
16	0.13485	0.04342	0.02551	0.12873	0.46215	0.01676	0.04823	0.02082	0.01499	0.02315	0.01243	0.01640	0.01020	0.00633	0.00650	0.00211	0.00811	0.00585	0.00352	0.00994
17	0.07331	0.15220	0.30285	0.02031	0.09304	0.01850	0.09667	0.02386	0.11151	0.02289	0.01432	0.01620	0.01095	0.00678	0.00637	0.00211	0.00876	0.00566	0.00376	0.00995
18	0.01667	0.01514	0.02255	0.27363	0.18834	0.04237	0.06769	0.13183	0.01823	0.02400	0.01796	0.03955	0.03624	0.00871	0.00735	0.00230	0.00856	0.06540	0.00436	0.00912
19	0.01591	0.00971	0.01035	0.00918	0.01166	0.01031	0.00713	0.17695	0.01856	0.02909	0.02100	0.02475	0.01674	0.04374	0.05786	0.00264	0.00556	0.00668	0.51452	0.00767
20	0.01718	0.01622	0.02175	0.16874	0.25725	0.09015	0.03723	0.10168	0.04120	0.02384	0.05593	0.07566	0.01781	0.00898	0.00725	0.00223	0.00821	0.03486	0.00454	0.00929
21	0.01705	0.01590	0.02495	0.03549	0.53454	0.01641	0.01878	0.02451	0.16271	0.02410	0.01736	0.02159	0.01441	0.00743	0.00706	0.00218	0.00762	0.03269	0.00436	0.01087
22	0.01212	0.00606	0.00909	0.00909	0.00909	0.00606	0.00606	0.00909	0.00909	0.01212	0.01212	0.02121	0.01212	0.02424	0.02727	0.79697	0.00606	0.00606	0.00303	0.00303
23	0.01611	0.01781	0.09497	0.02351	0.15006	0.07030	0.21073	0.02051	0.01700	0.05737	0.16785	0.04794	0.02396	0.00888	0.00827	0.00224	0.04035	0.00844	0.00470	0.00900
24	0.01212	0.00606	0.00909	0.00909	0.00909	0.00606	0.00606	0.00909	0.00909	0.01212	0.01212	0.02121	0.01212	0.02424	0.02727	0.79697	0.00606	0.00606	0.00303	0.00303
25	0.01665	0.01645	0.02644	0.21941	0.48161	0.05308	0.04393	0.02086	0.01561	0.02121	0.01285	0.01743	0.01048	0.00645	0.00694	0.00213	0.00889	0.00620	0.00337	0.01000
26	0.73800	0.03779	0.01270	0.01031	0.01483	0.01614	0.04279	0.02062	0.01219	0.03037	0.00994	0.01172	0.00776	0.00643	0.00453	0.00215	0.00579	0.00401	0.00423	0.00770

[dist]
# distance from previous block
# <min> <max>
0	1

[block]
# block no. 1 follows, 30 sequences, length 11
# corresponding to MSA columns:
# 194-204
name=unknown_B
#
# <colnr> <probs for GDERKNQSTAVLIFYWHMCP>
#	G	D	E	R	K	N	Q	S	T	A	V	L	I	F	Y	W	H	M	C	P
0	0.01181	0.00943	0.01339	0.01262	0.01394	0.01148	0.01002	0.05472	0.01246	0.01800	0.01709	0.02487	0.01582	0.04340	0.57351	0.00939	0.13024	0.00719	0.00383	0.00680
1	0.02498	0.02077	0.01924	0.01576	0.02058	0.16488	0.01260	0.36292	0.16443	0.09383	0.01883	0.01839	0.01366	0.00838	0.00687	0.00209	0.00810	0.00631	0.00645	0.01092
2	0.00847	0.00708	0.00738	0.00730	0.00956	0.00599	0.00548	0.01045	0.01643	0.02010	0.15804	0.06510	0.62026	0.01721	0.00825	0.00233	0.00350	0.01444	0.00664	0.00599
3	0.02611	0.03187	0.01989	0.01778	0.02158	0.65544	0.01346	0.09462	0.02109	0.01980	0.01139	0.01301	0.00928	0.00731	0.00636	0.00183	0.01209	0.00468	0.00394	0.00847
4	0.00999	0.00740	0.01085	0.01085	0.01197	0.00852	0.00827	0.01223	0.01111	0.01593	0.01903	0.02927	0.01825	0.12377	0.65677	0.01076	0.01748	0.00775	0.00379	0.00603
5	0.00944	0.00650	0.00792	0.00856	0.00883	0.00630	0.00531	0.01015	0.01207	0.01620	0.07054	0.34004	0.03650	0.40392	0.02275	0.00485	0.00542	0.01434	0.00538	0.00497
6	0.01264	0.00946	0.01221	0.01210	0.06008	0.00931	0.00851	0.10512	0.02126	0.02979	0.56629	0.04494	0.05477	0.01292	0.00797	0.00217	0.00423	0.01132	0.00730	0.00761
7	0.01714	0.01353	0.01835	0.01753	0.09899	0.01460	0.05322	0.25606	0.02068	0.02849	0.08673	0.02438	0.01917	0.02448	0.26791	0.00542	0.01155	0.00747	0.00525	0.00905
8	0.01821	0.12364	0.07390	0.01903	0.05980	0.01914	0.12448	0.13423	0.01724	0.04216	0.01272	0.01571	0.01028	0.00786	0.01032	0.00214	0.18194	0.00584	0.00410	0.11725
9	0.13322	0.09935	0.01840	0.01263	0.01788	0.03979	0.01050	0.19101	0.07071	0.12016	0.01614	0.01664	0.01207	0.00849	0.02715	0.00209	0.00686	0.00535	0.00553	0.18603
10	0.04309	0.04683	0.09089	0.11069	0.02457	0.03857	0.07932	0.13139	0.01754	0.02477	0.01503	0.07488	0.01298	0.00795	0.00718	0.00194	0.03826	0.00661	0.00438	0.22311

[dist]
# distance from previous block
# <min> <max>
1	12

[block]
# block no. 2 follows, 30 sequences, length 19
# corresponding to MSA columns:
# 217-235
name=unknown_C
#
# <colnr> <probs for GDERKNQSTAVLIFYWHMCP>
#	G	D	E	R	K	N	Q	S	T	A	V	L	I	F	Y	W	H	M	C	P
0	0.01980	0.04382	0.02130	0.24528	0.09060	0.10079	0.01562	0.21282	0.04224	0.04957	0.01511	0.04072	0.01198	0.00822	0.00780	0.00220	0.05148	0.00645	0.00472	0.00948
1	0.01698	0.01412	0.01952	0.01410	0.02033	0.01194	0.11802	0.08635	0.01695	0.06513	0.01399	0.01594	0.01093	0.00581	0.00595	0.00142	0.00653	0.00518	0.00458	0.54624
2	0.01806	0.01456	0.01625	0.01246	0.01795	0.01387	0.01002	0.20456	0.12991	0.02982	0.04473	0.01851	0.01480	0.00712	0.00610	0.00159	0.00584	0.00568	0.00554	0.42264
3	0.00886	0.00640	0.00838	0.00935	0.01017	0.00592	0.00645	0.01064	0.01517	0.02055	0.21716	0.53539	0.08031	0.01967	0.00870	0.00264	0.00383	0.01770	0.00680	0.00592
4	0.00850	0.00607	0.00810	0.00972	0.01012	0.00567	0.00648	0.00972	0.01336	0.01781	0.03846	0.75020	0.04615	0.02186	0.00891	0.00283	0.00405	0.01984	0.00648	0.00567
5	0.00850	0.00607	0.00810	0.00972	0.01012	0.00567	0.00648	0.00972	0.01336	0.01781	0.03846	0.75020	0.04615	0.02186	0.00891	0.00283	0.00405	0.01984	0.00648	0.00567
6	0.00988	0.00713	0.00933	0.00878	0.01043	0.00658	0.00658	0.01317	0.01975	0.02798	0.70754	0.05213	0.06584	0.01427	0.00823	0.00219	0.00329	0.01262	0.00768	0.00658
7	0.01527	0.01527	0.02137	0.01832	0.01832	0.02137	0.01527	0.01679	0.01069	0.01679	0.00916	0.01527	0.00916	0.01221	0.02290	0.00305	0.74198	0.00611	0.00305	0.00763
8	0.80405	0.01350	0.01026	0.00918	0.01350	0.01565	0.00756	0.02051	0.01188	0.03131	0.00972	0.01134	0.00756	0.00648	0.00432	0.00216	0.00540	0.00378	0.00432	0.00756
9	0.01015	0.00677	0.00761	0.00761	0.00761	0.00677	0.00423	0.01015	0.01015	0.01353	0.02199	0.04567	0.02537	0.75476	0.03552	0.00677	0.00677	0.01015	0.00423	0.00423
10	0.80405	0.01350	0.01026	0.00918	0.01350	0.01565	0.00756	0.02051	0.01188	0.03131	0.00972	0.01134	0.00756	0.00648	0.00432	0.00216	0.00540	0.00378	0.00432	0.00756
11	0.03131	0.01188	0.01619	0.01242	0.01781	0.01026	0.01026	0.03401	0.01997	0.71606	0.02753	0.02375	0.01727	0.00864	0.00702	0.00216	0.00594	0.00702	0.00864	0.01188
12	0.02653	0.01955	0.02094	0.01606	0.02164	0.02164	0.01326	0.68796	0.03281	0.04398	0.01675	0.01675	0.01187	0.00838	0.00698	0.00209	0.00768	0.00628	0.00698	0.01187
13	0.00860	0.00708	0.00756	0.00744	0.00964	0.00604	0.00558	0.01070	0.01674	0.02083	0.20849	0.06391	0.56936	0.01694	0.00824	0.00232	0.00348	0.01427	0.00674	0.00604
14	0.01978	0.01224	0.01501	0.01099	0.01694	0.00960	0.00890	0.02275	0.01620	0.24125	0.01717	0.01740	0.01252	0.00626	0.00575	0.00139	0.00541	0.00504	0.00555	0.54984
15	0.01527	0.01527	0.02137	0.01832	0.01832	0.02137	0.01527	0.01679	0.01069	0.01679	0.00916	0.01527	0.00916	0.01221	0.02290	0.00305	0.74198	0.00611	0.00305	0.00763
16	0.01212	0.00606	0.00909	0.00909	0.00909	0.00606	0.00606	0.00909	0.00909	0.01212	0.01212	0.02121	0.01212	0.02424	0.02727	0.79697	0.00606	0.00606	0.00303	0.00303
17	0.01318	0.01240	0.02093	0.73798	0.04806	0.01550	0.01938	0.01783	0.01395	0.01783	0.01240	0.01860	0.00930	0.00698	0.00698	0.00233	0.00930	0.00620	0.00310	0.00775
18	0.01426	0.01396	0.02147	0.63931	0.10071	0.05696	0.01920	0.01871	0.01445	0.01819	0.01237	0.01815	0.00943	0.00693	0.00693	0.00227	0.00941	0.00610	0.00316	0.00804

[dist]
# distance from previous block
# <min> <max>
0	14

[block]
# block no. 3 follows, 30 sequences, length 68
# corresponding to MSA columns:
# 250-317
name=unknown_D
#
# <colnr> <probs for GDERKNQSTAVLIFYWHMCP>
#	G	D	E	R	K	N	Q	S	T	A	V	L	I	F	Y	W	H	M	C	P
0	0.02607	0.03326	0.01978	0.01798	0.02157	0.72674	0.01348	0.02787	0.01978	0.01708	0.01079	0.01258	0.00899	0.00719	0.00629	0.00180	0.01258	0.00449	0.00360	0.00809
1	0.00825	0.00707	0.00707	0.00707	0.00943	0.00589	0.00530	0.01001	0.01591	0.01885	0.07069	0.06716	0.70839	0.01767	0.00825	0.00236	0.00353	0.01473	0.00648	0.00589
2	0.11451	0.03791	0.01857	0.04301	0.12598	0.12035	0.01265	0.08134	0.05466	0.19001	0.01784	0.02017	0.01356	0.00911	0.02735	0.00231	0.00785	0.03095	0.00545	0.06643
3	0.01787	0.01310	0.01438	0.01273	0.01657	0.01427	0.00996	0.03190	0.47460	0.13004	0.06783	0.03236	0.11246	0.01065	0.00729	0.00233	0.00521	0.00889	0.00728	0.01027
4	0.00849	0.00612	0.00805	0.00958	0.01009	0.00568	0.00642	0.00973	0.01349	0.01787	0.04008	0.71596	0.07935	0.02165	0.00887	0.00281	0.00402	0.01958	0.00648	0.00568
5	0.05875	0.01421	0.01738	0.01337	0.01879	0.01383	0.01105	0.22725	0.02347	0.49137	0.02367	0.02121	0.01531	0.00848	0.00691	0.00214	0.00643	0.00668	0.00799	0.01171
6	0.01645	0.01966	0.08969	0.03151	0.17756	0.01731	0.49658	0.02214	0.01622	0.02243	0.01379	0.01819	0.01055	0.00601	0.00784	0.00228	0.01093	0.00758	0.00347	0.00982
7	0.02264	0.17401	0.02229	0.01584	0.01980	0.43611	0.01263	0.06889	0.04409	0.01919	0.01400	0.01571	0.03432	0.00960	0.03810	0.00225	0.03303	0.00512	0.00392	0.00845
8	0.01339	0.01176	0.01628	0.07543	0.01860	0.03997	0.03737	0.06470	0.01346	0.01878	0.01562	0.02254	0.01409	0.03366	0.41591	0.00745	0.16306	0.00692	0.00377	0.00725
9	0.01848	0.05244	0.01738	0.03635	0.01930	0.01789	0.01149	0.08483	0.56897	0.05357	0.02606	0.02428	0.01946	0.00910	0.00695	0.00229	0.00591	0.00748	0.00682	0.01093
10	0.00988	0.00713	0.00933	0.00878	0.01043	0.00658	0.00658	0.01317	0.01975	0.02798	0.70754	0.05213	0.06584	0.01427	0.00823	0.00219	0.00329	0.01262	0.00768	0.00658
11	0.00997	0.00748	0.01121	0.01121	0.01246	0.00872	0.00872	0.01246	0.01121	0.01620	0.01869	0.02741	0.01745	0.05234	0.72710	0.01121	0.01869	0.00748	0.00374	0.00623
12	0.03131	0.01188	0.01619	0.01242	0.01781	0.01026	0.01026	0.03401	0.01997	0.71606	0.02753	0.02375	0.01727	0.00864	0.00702	0.00216	0.00594	0.00702	0.00864	0.01188
13	0.00839	0.00707	0.00726	0.00722	0.00951	0.00595	0.00541	0.01029	0.01624	0.01963	0.12528	0.06587	0.65332	0.01738	0.00825	0.00234	0.00351	0.01455	0.00658	0.00595
14	0.01866	0.75896	0.03657	0.01194	0.01791	0.02761	0.01194	0.02090	0.01418	0.01642	0.00970	0.01119	0.00896	0.00597	0.00448	0.00149	0.00746	0.00373	0.00299	0.00896
15	0.00850	0.00607	0.00810	0.00972	0.01012	0.00567	0.00648	0.00972	0.01336	0.01781	0.03846	0.75020	0.04615	0.02186	0.00891	0.00283	0.00405	0.01984	0.00648	0.00567
16	0.00848	0.00617	0.00799	0.00945	0.01005	0.00569	0.00636	0.00975	0.01362	0.01792	0.04175	0.68041	0.11382	0.02143	0.00884	0.00279	0.00400	0.01932	0.00648	0.00569
17	0.80405	0.01350	0.01026	0.00918	0.01350	0.01565	0.00756	0.02051	0.01188	0.03131	0.00972	0.01134	0.00756	0.00648	0.00432	0.00216	0.00540	0.00378	0.00432	0.00756
18	0.01015	0.00677	0.00761	0.00761	0.00761	0.00677	0.00423	0.01015	0.01015	0.01353	0.02199	0.04567	0.02537	0.75476	0.03552	0.00677	0.00677	0.01015	0.00423	0.00423
19	0.80405	0.01350	0.01026	0.00918	0.01350	0.01565	0.00756	0.02051	0.01188	0.03131	0.00972	0.01134	0.00756	0.00648	0.00432	0.00216	0.00540	0.00378	0.00432	0.00756
20	0.03001	0.07375	0.01812	0.01257	0.01803	0.01229	0.01056	0.06800	0.02018	0.62246	0.02549	0.02234	0.01630	0.00840	0.00681	0.00210	0.00616	0.00671	0.00808	0.01164
21	0.02653	0.01955	0.02094	0.01606	0.02164	0.02164	0.01326	0.68796	0.03281	0.04398	0.01675	0.01675	0.01187	0.00838	0.00698	0.00209	0.00768	0.00628	0.00698	0.01187
22	0.01786	0.63475	0.15376	0.01331	0.02002	0.02565	0.01432	0.02110	0.01427	0.01739	0.01019	0.01180	0.00894	0.00608	0.00485	0.00162	0.00795	0.00398	0.00298	0.00919
23	0.01727	0.01658	0.02832	0.04283	0.71123	0.01658	0.02142	0.02142	0.01589	0.02280	0.01313	0.01727	0.01105	0.00622	0.00691	0.00207	0.00829	0.00622	0.00345	0.01105
24	0.01447	0.01240	0.01447	0.01034	0.01654	0.00930	0.00827	0.01757	0.01447	0.02274	0.01240	0.01447	0.01034	0.00517	0.00517	0.00103	0.00517	0.00413	0.00413	0.79742
25	0.02037	0.01555	0.10164	0.01518	0.05762	0.01181	0.05288	0.06883	0.01806	0.25210	0.04684	0.02382	0.07253	0.00816	0.00672	0.00190	0.00658	0.00689	0.00591	0.20658
26	0.77253	0.01374	0.01069	0.00946	0.01383	0.01590	0.00779	0.04757	0.01272	0.03182	0.01000	0.01156	0.00773	0.00655	0.00443	0.00216	0.00549	0.00388	0.00443	0.00773
27	0.01013	0.00684	0.00800	0.00800	0.00814	0.00698	0.00471	0.01040	0.01026	0.01382	0.02163	0.04369	0.02451	0.67870	0.11040	0.00725	0.00806	0.00986	0.00418	0.00445
28	0.02264	0.01977	0.13039	0.04640	0.02441	0.03797	0.09099	0.27114	0.02289	0.17056	0.01857	0.02129	0.01362	0.00826	0.00714	0.00218	0.00827	0.04164	0.00591	0.03598
29	0.00997	0.00748	0.01121	0.01121	0.01246	0.00872	0.00872	0.01246	0.01121	0.01620	0.01869	0.02741	0.01745	0.05234	0.72710	0.01121	0.01869	0.00748	0.00374	0.00623
30	0.01947	0.01860	0.01680	0.01500	0.01897	0.14793	0.01162	0.07178	0.53667	0.02779	0.02451	0.02305	0.01851	0.00899	0.00695	0.00225	0.00694	0.00718	0.00645	0.01055
31	0.01124	0.00803	0.01124	0.01285	0.01446	0.00803	0.01124	0.01446	0.01606	0.02088	0.03695	0.07871	0.04016	0.01928	0.00964	0.00321	0.00643	0.66426	0.00643	0.00643
32	0.01400	0.03610	0.71860	0.01989	0.03020	0.01621	0.02578	0.02210	0.01473	0.02210	0.01252	0.01473	0.00884	0.00663	0.00663	0.00221	0.01031	0.00516	0.00295	0.01031
33	0.04383	0.01482	0.01780	0.01689	0.09981	0.01553	0.01207	0.18537	0.21478	0.21164	0.02620	0.02481	0.06640	0.00912	0.00704	0.00221	0.00632	0.00747	0.00693	0.01099
34	0.01212	0.00606	0.00909	0.00909	0.00909	0.00606	0.00606	0.00909	0.00909	0.01212	0.01212	0.02121	0.01212	0.02424	0.02727	0.79697	0.00606	0.00606	0.00303	0.00303
35	0.03131	0.01188	0.01619	0.01242	0.01781	0.01026	0.01026	0.03401	0.01997	0.71606	0.02753	0.02375	0.01727	0.00864	0.00702	0.00216	0.00594	0.00702	0.00864	0.01188
36	0.01515	0.02802	0.40173	0.02434	0.03313	0.01688	0.33455	0.02222	0.01555	0.02222	0.01327	0.01665	0.00966	0.00628	0.00738	0.00228	0.01099	0.00660	0.00322	0.00989
37	0.00850	0.00607	0.00810	0.00972	0.01012	0.00567	0.00648	0.00972	0.01336	0.01781	0.03846	0.75020	0.04615	0.02186	0.00891	0.00283	0.00405	0.01984	0.00648	0.00567
38	0.00833	0.00702	0.00722	0.00729	0.00951	0.00591	0.00542	0.01014	0.01594	0.01919	0.09681	0.10313	0.64478	0.01775	0.00828	0.00237	0.00355	0.01491	0.00653	0.00591
39	0.00849	0.00612	0.00805	0.00960	0.01009	0.00568	0.00643	0.00973	0.01347	0.01786	0.03987	0.72033	0.07511	0.02168	0.00888	0.00281	0.00403	0.01961	0.00648	0.00568
40	0.01976	0.65092	0.03407	0.01284	0.01846	0.13169	0.01217	0.02193	0.01501	0.01652	0.00986	0.01140	0.00896	0.00615	0.00475	0.00154	0.00823	0.00384	0.00308	0.00883
41	0.01015	0.00677	0.00761	0.00761	0.00761	0.00677	0.00423	0.01015	0.01015	0.01353	0.02199	0.04567	0.02537	0.75476	0.03552	0.00677	0.00677	0.01015	0.00423	0.00423
42	0.03486	0.00689	0.00893	0.00965	0.01076	0.00646	0.00676	0.01228	0.01514	0.06236	0.18677	0.52739	0.04764	0.01889	0.00850	0.00263	0.00403	0.01695	0.00681	0.00630
43	0.02001	0.28200	0.19625	0.01713	0.04318	0.27233	0.01624	0.02356	0.01625	0.01824	0.01086	0.01285	0.00901	0.00675	0.00624	0.00184	0.03055	0.00449	0.00321	0.00901
44	0.01457	0.06273	0.58645	0.02104	0.03067	0.01689	0.12705	0.02209	0.01498	0.02191	0.01265	0.01522	0.00911	0.00649	0.00679	0.00220	0.01042	0.00557	0.00304	0.01012
45	0.00951	0.00739	0.00868	0.00831	0.01031	0.00670	0.00625	0.01279	0.04223	0.02449	0.43697	0.05703	0.31308	0.01542	0.00820	0.00226	0.00346	0.01327	0.00720	0.00647
46	0.00930	0.00711	0.00853	0.00818	0.01007	0.00634	0.00613	0.01206	0.01840	0.02477	0.48333	0.05742	0.29206	0.01547	0.00824	0.00225	0.00338	0.01336	0.00726	0.00634
47	0.01645	0.01828	0.03867	0.05832	0.12760	0.01742	0.57109	0.02205	0.01630	0.02224	0.01392	0.01861	0.01060	0.00597	0.00801	0.00231	0.01120	0.00789	0.00350	0.00957
48	0.01561	0.01805	0.12175	0.24546	0.42056	0.01621	0.02142	0.02045	0.01516	0.02123	0.01283	0.01731	0.01023	0.00650	0.00689	0.00217	0.00887	0.00607	0.00328	0.00997
49	0.01447	0.01240	0.01447	0.01034	0.01654	0.00930	0.00827	0.01757	0.01447	0.02274	0.01240	0.01447	0.01034	0.00517	0.00517	0.00103	0.00517	0.00413	0.00413	0.79742
50	0.01811	0.01482	0.01580	0.01411	0.01813	0.01698	0.01100	0.03692	0.66223	0.06603	0.02836	0.02591	0.02109	0.00942	0.00710	0.00236	0.00554	0.00784	0.00718	0.01109
51	0.00968	0.00713	0.00906	0.00858	0.01031	0.00650	0.00643	0.01279	0.01930	0.02690	0.63203	0.05391	0.14203	0.01467	0.00823	0.00221	0.00332	0.01287	0.00754	0.00650
52	0.00850	0.00607	0.00810	0.00972	0.01012	0.00567	0.00648	0.00972	0.01336	0.01781	0.03846	0.75020	0.04615	0.02186	0.00891	0.00283	0.00405	0.01984	0.00648	0.00567
53	0.00874	0.00705	0.00778	0.00767	0.00975	0.00609	0.00572	0.01095	0.01697	0.02154	0.25950	0.08621	0.49396	0.01680	0.00827	0.00232	0.00348	0.01428	0.00684	0.00609
54	0.80405	0.01350	0.01026	0.00918	0.01350	0.01565	0.00756	0.02051	0.01188	0.03131	0.00972	0.01134	0.00756	0.00648	0.00432	0.00216	0.00540	0.00378	0.00432	0.00756
55	0.02607	0.03326	0.01978	0.01798	0.02157	0.72674	0.01348	0.02787	0.01978	0.01708	0.01079	0.01258	0.00899	0.00719	0.00629	0.00180	0.01258	0.00449	0.00360	0.00809
56	0.02653	0.01955	0.02094	0.01606	0.02164	0.02164	0.01326	0.68796	0.03281	0.04398	0.01675	0.01675	0.01187	0.00838	0.00698	0.00209	0.00768	0.00628	0.00698	0.01187
57	0.00981	0.00713	0.00923	0.00870	0.01038	0.00655	0.00653	0.01303	0.01959	0.02759	0.67978	0.05278	0.09386	0.01441	0.00823	0.00220	0.00330	0.01271	0.00763	0.00655
58	0.80405	0.01350	0.01026	0.00918	0.01350	0.01565	0.00756	0.02051	0.01188	0.03131	0.00972	0.01134	0.00756	0.00648	0.00432	0.00216	0.00540	0.00378	0.00432	0.00756
59	0.02653	0.01955	0.02094	0.01606	0.02164	0.02164	0.01326	0.68796	0.03281	0.04398	0.01675	0.01675	0.01187	0.00838	0.00698	0.00209	0.00768	0.00628	0.00698	0.01187
60	0.00850	0.00607	0.00810	0.00972	0.01012	0.00567	0.00648	0.00972	0.01336	0.01781	0.03846	0.75020	0.04615	0.02186	0.00891	0.00283	0.00405	0.01984	0.00648	0.00567
61	0.03131	0.01188	0.01619	0.01242	0.01781	0.01026	0.01026	0.03401	0.01997	0.71606	0.02753	0.02375	0.01727	0.00864	0.00702	0.00216	0.00594	0.00702	0.00864	0.01188
62	0.01301	0.00650	0.00650	0.00650	0.00813	0.00650	0.00488	0.01626	0.01463	0.02602	0.02276	0.02602	0.01789	0.00813	0.00488	0.00163	0.00325	0.00650	0.79350	0.00650
63	0.00974	0.00703	0.00920	0.00887	0.01039	0.00649	0.00657	0.01282	0.01911	0.02696	0.64041	0.12217	0.06387	0.01503	0.00830	0.00226	0.00337	0.01334	0.00756	0.00649
64	0.00864	0.00741	0.00745	0.00738	0.00981	0.00639	0.00555	0.01119	0.04567	0.01930	0.06885	0.06536	0.67844	0.01732	0.00820	0.00236	0.00362	0.01443	0.00651	0.00612
65	0.03017	0.01184	0.01583	0.01222	0.01742	0.01043	0.01007	0.05461	0.02011	0.65690	0.02692	0.02364	0.01713	0.00860	0.00690	0.00213	0.00585	0.00697	0.05067	0.01159
66	0.03131	0.01188	0.01619	0.01242	0.01781	0.01026	0.01026	0.03401	0.01997	0.71606	0.02753	0.02375	0.01727	0.00864	0.00702	0.00216	0.00594	0.00702	0.00864	0.01188
67	0.02813	0.01698	0.01935	0.01484	0.02036	0.01783	0.01226	0.46887	0.02851	0.26914	0.02036	0.01910	0.01368	0.00846	0.00699	0.00212	0.00710	0.00653	0.00754	0.01187

[dist]
# distance from previous block
# <min> <max>
0	12

[block]
# block no. 4 follows, 30 sequences, length 117
# corresponding to MSA columns:
# 330-446
name=unknown_E
#
# <colnr> <probs for GDERKNQSTAVLIFYWHMCP>
#	G	D	E	R	K	N	Q	S	T	A	V	L	I	F	Y	W	H	M	C	P
0	0.01690	0.30396	0.37708	0.01760	0.05442	0.02093	0.01940	0.07584	0.01605	0.02179	0.01184	0.01369	0.00923	0.00651	0.00587	0.00193	0.00895	0.00476	0.00331	0.00996
1	0.05370	0.01831	0.01931	0.04612	0.02155	0.04993	0.01241	0.48290	0.02730	0.03733	0.01524	0.01603	0.01119	0.00761	0.00652	0.00190	0.00742	0.00572	0.00605	0.15346
2	0.02198	0.01882	0.02327	0.09000	0.07099	0.07031	0.10137	0.36710	0.04841	0.03302	0.01536	0.01707	0.01139	0.00747	0.00695	0.00205	0.00849	0.00628	0.00545	0.07423
3	0.04103	0.01783	0.03438	0.12468	0.11471	0.04152	0.45237	0.02161	0.01597	0.02191	0.01346	0.01802	0.01031	0.00611	0.00762	0.00225	0.01064	0.00732	0.00351	0.03474
4	0.05017	0.13235	0.02055	0.01442	0.01920	0.13920	0.01178	0.17543	0.22394	0.08232	0.01855	0.01823	0.01396	0.00795	0.00635	0.00199	0.00751	0.00594	0.00574	0.04442
5	0.01265	0.00982	0.01360	0.04440	0.01589	0.00998	0.06219	0.13379	0.01705	0.02277	0.03092	0.50444	0.03483	0.04118	0.00928	0.00277	0.00564	0.01555	0.00611	0.00713
6	0.00952	0.00712	0.00883	0.00841	0.01021	0.00643	0.00630	0.01248	0.01891	0.02599	0.56850	0.05541	0.20613	0.01501	0.00823	0.00223	0.00335	0.01308	0.00742	0.00643
7	0.01473	0.01549	0.05356	0.36787	0.19796	0.01593	0.16663	0.01956	0.01497	0.02015	0.01383	0.04266	0.01121	0.00704	0.00729	0.00229	0.00947	0.00707	0.00338	0.00892
8	0.80405	0.01350	0.01026	0.00918	0.01350	0.01565	0.00756	0.02051	0.01188	0.03131	0.00972	0.01134	0.00756	0.00648	0.00432	0.00216	0.00540	0.00378	0.00432	0.00756
9	0.00847	0.00619	0.00797	0.00940	0.01004	0.00569	0.00634	0.00975	0.01367	0.01794	0.04235	0.66786	0.12599	0.02136	0.00883	0.00278	0.00399	0.01922	0.00648	0.00569
10	0.00988	0.00713	0.00933	0.00878	0.01043	0.00658	0.00658	0.01317	0.01975	0.02798	0.70754	0.05213	0.06584	0.01427	0.00823	0.00219	0.00329	0.01262	0.00768	0.00658
11	0.00850	0.00607	0.00810	0.00972	0.01012	0.00567	0.00648	0.00972	0.01336	0.01781	0.03846	0.75020	0.04615	0.02186	0.00891	0.00283	0.00405	0.01984	0.00648	0.00567
12	0.00857	0.00610	0.00808	0.00963	0.01002	0.00571	0.00639	0.00973	0.01323	0.01764	0.03779	0.72135	0.04530	0.05188	0.01000	0.00300	0.00416	0.01944	0.00639	0.00561
13	0.02607	0.03326	0.01978	0.01798	0.02157	0.72674	0.01348	0.02787	0.01978	0.01708	0.01079	0.01258	0.00899	0.00719	0.00629	0.00180	0.01258	0.00449	0.00360	0.00809
14	0.01301	0.00650	0.00650	0.00650	0.00813	0.00650	0.00488	0.01626	0.01463	0.02602	0.02276	0.02602	0.01789	0.00813	0.00488	0.00163	0.00325	0.00650	0.79350	0.00650
15	0.03043	0.01328	0.01706	0.01308	0.01852	0.01234	0.01081	0.15386	0.02233	0.59288	0.02556	0.02247	0.01628	0.00859	0.00701	0.00215	0.00626	0.00688	0.00833	0.01187
16	0.80405	0.01350	0.01026	0.00918	0.01350	0.01565	0.00756	0.02051	0.01188	0.03131	0.00972	0.01134	0.00756	0.00648	0.00432	0.00216	0.00540	0.00378	0.00432	0.00756
17	0.80405	0.01350	0.01026	0.00918	0.01350	0.01565	0.00756	0.02051	0.01188	0.03131	0.00972	0.01134	0.00756	0.00648	0.00432	0.00216	0.00540	0.00378	0.00432	0.00756
18	0.01124	0.00803	0.01124	0.01285	0.01446	0.00803	0.01124	0.01446	0.01606	0.02088	0.03695	0.07871	0.04016	0.01928	0.00964	0.00321	0.00643	0.66426	0.00643	0.00643
19	0.02607	0.03326	0.01978	0.01798	0.02157	0.72674	0.01348	0.02787	0.01978	0.01708	0.01079	0.01258	0.00899	0.00719	0.00629	0.00180	0.01258	0.00449	0.00360	0.00809
20	0.02607	0.03326	0.01978	0.01798	0.02157	0.72674	0.01348	0.02787	0.01978	0.01708	0.01079	0.01258	0.00899	0.00719	0.00629	0.00180	0.01258	0.00449	0.00360	0.00809
21	0.01727	0.01658	0.02832	0.04283	0.71123	0.01658	0.02142	0.02142	0.01589	0.02280	0.01313	0.01727	0.01105	0.00622	0.00691	0.00207	0.00829	0.00622	0.00345	0.01105
22	0.03131	0.01188	0.01619	0.01242	0.01781	0.01026	0.01026	0.03401	0.01997	0.71606	0.02753	0.02375	0.01727	0.00864	0.00702	0.00216	0.00594	0.00702	0.00864	0.01188
23	0.00867	0.00709	0.00766	0.00751	0.00969	0.00607	0.00563	0.01083	0.01690	0.02122	0.23608	0.06325	0.54153	0.01679	0.00824	0.00231	0.00347	0.01418	0.00679	0.00607
24	0.01025	0.00742	0.00935	0.00884	0.01033	0.00709	0.00642	0.01376	0.04815	0.02583	0.57293	0.04999	0.05770	0.12719	0.01235	0.00290	0.00392	0.01203	0.00713	0.00642
25	0.01866	0.75896	0.03657	0.01194	0.01791	0.02761	0.01194	0.02090	0.01418	0.01642	0.00970	0.01119	0.00896	0.00597	0.00448	0.00149	0.00746	0.00373	0.00299	0.00896
26	0.01866	0.75896	0.03657	0.01194	0.01791	0.02761	0.01194	0.02090	0.01418	0.01642	0.00970	0.01119	0.00896	0.00597	0.00448	0.00149	0.00746	0.00373	0.00299	0.00896
27	0.01212	0.00606	0.00909	0.00909	0.00909	0.00606	0.00606	0.00909	0.00909	0.01212	0.01212	0.02121	0.01212	0.02424	0.02727	0.79697	0.00606	0.00606	0.00303	0.00303
28	0.01318	0.01240	0.02093	0.73798	0.04806	0.01550	0.01938	0.01783	0.01395	0.01783	0.01240	0.01860	0.00930	0.00698	0.00698	0.00233	0.00930	0.00620	0.00310	0.00775
29	0.00825	0.00707	0.00707	0.00707	0.00943	0.00589	0.00530	0.01001	0.01591	0.01885	0.07069	0.06716	0.70839	0.01767	0.00825	0.00236	0.00353	0.01473	0.00648	0.00589
30	0.01727	0.01658	0.02832	0.04283	0.71123	0.01658	0.02142	0.02142	0.01589	0.02280	0.01313	0.01727	0.01105	0.00622	0.00691	0.00207	0.00829	0.00622	0.00345	0.01105
31	0.00850	0.00607	0.00810	0.00972	0.01012	0.00567	0.00648	0.00972	0.01336	0.01781	0.03846	0.75020	0.04615	0.02186	0.00891	0.00283	0.00405	0.01984	0.00648	0.00567
32	0.00856	0.00618	0.00800	0.00943	0.00996	0.00573	0.00629	0.00976	0.01341	0.01770	0.04013	0.66846	0.09444	0.05379	0.01003	0.00297	0.00413	0.01903	0.00638	0.00562
33	0.01029	0.00732	0.00933	0.01024	0.01113	0.00718	0.00730	0.05143	0.01474	0.01965	0.06108	0.47568	0.04100	0.12457	0.01266	0.00338	0.00499	0.11581	0.00623	0.00599
34	0.01447	0.01240	0.01447	0.01034	0.01654	0.00930	0.00827	0.01757	0.01447	0.02274	0.01240	0.01447	0.01034	0.00517	0.00517	0.00103	0.00517	0.00413	0.00413	0.79742
35	0.00860	0.00613	0.00812	0.00962	0.01005	0.00573	0.00641	0.00984	0.01346	0.01801	0.05956	0.70522	0.04613	0.04494	0.00973	0.00294	0.00411	0.01930	0.00645	0.00565
36	0.00850	0.00607	0.00810	0.00972	0.01012	0.00567	0.00648	0.00972	0.01336	0.01781	0.03846	0.75020	0.04615	0.02186	0.00891	0.00283	0.00405	0.01984	0.00648	0.00567
37	0.01107	0.00606	0.00880	0.00927	0.00939	0.00595	0.00618	0.00927	0.01033	0.01378	0.01979	0.23350	0.02203	0.02355	0.02192	0.56571	0.00547	0.01007	0.00403	0.00380
38	0.00873	0.00617	0.00803	0.00942	0.00977	0.00582	0.00616	0.00978	0.01291	0.01722	0.03616	0.65196	0.04326	0.12406	0.01262	0.00338	0.00443	0.01849	0.00616	0.00547
39	0.00904	0.00704	0.00785	0.00768	0.00946	0.00624	0.00554	0.01102	0.01624	0.02089	0.26140	0.05926	0.40613	0.12721	0.01233	0.00297	0.00394	0.01339	0.00652	0.00586
40	0.01866	0.75896	0.03657	0.01194	0.01791	0.02761	0.01194	0.02090	0.01418	0.01642	0.00970	0.01119	0.00896	0.00597	0.00448	0.00149	0.00746	0.00373	0.00299	0.00896
41	0.01015	0.00677	0.00761	0.00761	0.00761	0.00677	0.00423	0.01015	0.01015	0.01353	0.02199	0.04567	0.02537	0.75476	0.03552	0.00677	0.00677	0.01015	0.00423	0.00423
42	0.00849	0.00611	0.00806	0.00962	0.01010	0.00568	0.00644	0.00973	0.01345	0.01785	0.03958	0.72653	0.06911	0.02172	0.00888	0.00282	0.00403	0.01966	0.00648	0.00568
43	0.00850	0.00607	0.00810	0.00972	0.01012	0.00567	0.00648	0.00972	0.01336	0.01781	0.03846	0.75020	0.04615	0.02186	0.00891	0.00283	0.00405	0.01984	0.00648	0.00567
44	0.01980	0.02048	0.02641	0.03507	0.48880	0.17072	0.04289	0.07020	0.01795	0.02305	0.01291	0.01628	0.01065	0.00657	0.00683	0.00202	0.00930	0.00592	0.00374	0.01041
45	0.01647	0.01882	0.04118	0.02941	0.03647	0.01765	0.68588	0.02235	0.01647	0.02235	0.01412	0.01882	0.01059	0.00588	0.00824	0.00235	0.01176	0.00824	0.00353	0.00941
46	0.01423	0.01348	0.02284	0.55856	0.21923	0.01578	0.01991	0.01876	0.01445	0.01911	0.01259	0.01826	0.00975	0.00678	0.00696	0.00226	0.00904	0.00621	0.00319	0.00860
47	0.44344	0.01323	0.01270	0.03468	0.01594	0.01418	0.00877	0.10045	0.01569	0.08185	0.03672	0.01714	0.03511	0.00801	0.00616	0.03177	0.00571	0.00519	0.00503	0.10823
48	0.00835	0.00704	0.00723	0.00726	0.00951	0.00592	0.00542	0.01018	0.01604	0.01934	0.10594	0.08997	0.64875	0.01762	0.00827	0.00236	0.00354	0.01478	0.00655	0.00592
49	0.03131	0.01188	0.01619	0.01242	0.01781	0.01026	0.01026	0.03401	0.01997	0.71606	0.02753	0.02375	0.01727	0.00864	0.00702	0.00216	0.00594	0.00702	0.00864	0.01188
50	0.02590	0.01924	0.02059	0.01593	0.02140	0.02135	0.01311	0.64356	0.07823	0.04297	0.01755	0.01739	0.01251	0.00845	0.00699	0.00211	0.00753	0.00639	0.00699	0.01181
51	0.02531	0.01153	0.01485	0.01195	0.01623	0.01082	0.00953	0.07254	0.06782	0.46875	0.07199	0.02797	0.02141	0.09421	0.03978	0.00306	0.00646	0.00778	0.00766	0.01037
52	0.00849	0.00683	0.00748	0.00781	0.00958	0.00592	0.00562	0.01017	0.01537	0.01903	0.10491	0.22089	0.48741	0.04679	0.00945	0.00262	0.00376	0.01557	0.00647	0.00582
53	0.01015	0.00677	0.00761	0.00761	0.00761	0.00677	0.00423	0.01015	0.01015	0.01353	0.02199	0.04567	0.02537	0.75476	0.03552	0.00677	0.00677	0.01015	0.00423	0.00423
54	0.01843	0.06295	0.41278	0.01946	0.04964	0.22850	0.02051	0.04729	0.03839	0.02138	0.01256	0.01446	0.00946	0.00691	0.00648	0.00205	0.01056	0.00506	0.00343	0.00970
55	0.01369	0.01323	0.02088	0.70947	0.04701	0.04367	0.01915	0.01823	0.01418	0.01780	0.01234	0.01837	0.00929	0.00699	0.00695	0.00230	0.00943	0.00613	0.00312	0.00777
56	0.01227	0.00766	0.01009	0.00918	0.01125	0.00699	0.00699	0.01549	0.01978	0.10473	0.63169	0.04896	0.06043	0.01364	0.00810	0.00219	0.00359	0.01200	0.00779	0.00717
57	0.01664	0.01593	0.02718	0.15047	0.60854	0.01641	0.02110	0.02086	0.01559	0.02203	0.01301	0.01748	0.01078	0.00634	0.00692	0.00211	0.00845	0.00622	0.00340	0.01054
58	0.01658	0.13272	0.08605	0.05046	0.08328	0.01892	0.46600	0.02189	0.01587	0.02131	0.01320	0.01725	0.01021	0.00601	0.00741	0.00219	0.01067	0.00712	0.00339	0.00947
59	0.01360	0.01283	0.02169	0.66639	0.11637	0.01561	0.01959	0.01820	0.01415	0.01834	0.01248	0.01847	0.00948	0.00690	0.00697	0.00230	0.00920	0.00620	0.00314	0.00809
60	0.01562	0.28750	0.48140	0.01712	0.02593	0.02017	0.02097	0.02168	0.01454	0.02012	0.01154	0.01350	0.00888	0.00640	0.00588	0.00196	0.00932	0.00466	0.00296	0.00984
61	0.02468	0.02777	0.01931	0.01700	0.02101	0.48307	0.01303	0.14559	0.13651	0.02385	0.01481	0.01559	0.01157	0.00778	0.00655	0.00195	0.01053	0.00538	0.00478	0.00925
62	0.00849	0.00612	0.00805	0.00960	0.01009	0.00568	0.00643	0.00973	0.01347	0.01786	0.03988	0.72015	0.07529	0.02168	0.00888	0.00281	0.00403	0.01961	0.00648	0.00568
63	0.01512	0.01439	0.02445	0.40741	0.36342	0.01602	0.02035	0.01954	0.01487	0.02019	0.01275	0.01797	0.01014	0.00662	0.00694	0.00221	0.00882	0.00621	0.00327	0.00932
64	0.02607	0.03326	0.01978	0.01798	0.02157	0.72674	0.01348	0.02787	0.01978	0.01708	0.01079	0.01258	0.00899	0.00719	0.00629	0.00180	0.01258	0.00449	0.00360	0.00809
65	0.00848	0.00708	0.00739	0.00731	0.00957	0.00599	0.00548	0.01046	0.01645	0.02014	0.16060	0.06504	0.61768	0.01719	0.00825	0.00233	0.00350	0.01443	0.00665	0.00599
66	0.00850	0.00607	0.00810	0.00972	0.01012	0.00567	0.00648	0.00972	0.01336	0.01781	0.03846	0.75020	0.04615	0.02186	0.00891	0.00283	0.00405	0.01984	0.00648	0.00567
67	0.01405	0.01057	0.01226	0.01188	0.01403	0.01117	0.00876	0.17185	0.12258	0.02565	0.03187	0.46876	0.03437	0.01683	0.00818	0.00259	0.00512	0.01486	0.00669	0.00793
68	0.02646	0.02164	0.02076	0.01635	0.02163	0.12936	0.01330	0.58711	0.03082	0.03987	0.01584	0.01612	0.01143	0.00820	0.00688	0.00205	0.00843	0.00601	0.00646	0.01129
69	0.00977	0.00713	0.00918	0.00867	0.01036	0.00654	0.00650	0.01296	0.01950	0.02739	0.66602	0.05311	0.10774	0.01449	0.00823	0.00221	0.00331	0.01276	0.00760	0.00654
70	0.00997	0.00748	0.01121	0.01121	0.01246	0.00872	0.00872	0.01246	0.01121	0.01620	0.01869	0.02741	0.01745	0.05234	0.72710	0.01121	0.01869	0.00748	0.00374	0.00623
71	0.69333	0.01326	0.01111	0.00964	0.01411	0.01488	0.00794	0.02245	0.01304	0.12942	0.01227	0.01311	0.00895	0.00679	0.00471	0.00216	0.00548	0.00424	0.00494	0.00818
72	0.02609	0.03266	0.01983	0.01789	0.02158	0.69619	0.01347	0.05647	0.02034	0.01824	0.01105	0.01276	0.00911	0.00724	0.00632	0.00181	0.01237	0.00457	0.00374	0.00825
73	0.01727	0.01658	0.02832	0.04283	0.71123	0.01658	0.02142	0.02142	0.01589	0.02280	0.01313	0.01727	0.01105	0.00622	0.00691	0.00207	0.00829	0.00622	0.00345	0.01105
74	0.01489	0.17413	0.58836	0.01837	0.02786	0.01838	0.02314	0.02187	0.01463	0.02101	0.01198	0.01406	0.00886	0.00650	0.00622	0.00207	0.00977	0.00488	0.00295	0.01005
75	0.02595	0.02171	0.02032	0.01616	0.02120	0.15219	0.01303	0.54484	0.02970	0.03806	0.01580	0.01685	0.01174	0.03072	0.00772	0.00218	0.00856	0.00607	0.00627	0.01093
76	0.00988	0.00713	0.00933	0.00878	0.01043	0.00658	0.00658	0.01317	0.01975	0.02798	0.70754	0.05213	0.06584	0.01427	0.00823	0.00219	0.00329	0.01262	0.00768	0.00658
77	0.01866	0.75896	0.03657	0.01194	0.01791	0.02761	0.01194	0.02090	0.01418	0.01642	0.00970	0.01119	0.00896	0.00597	0.00448	0.00149	0.00746	0.00373	0.00299	0.00896
78	0.01605	0.35429	0.41837	0.01639	0.02479	0.02123	0.01969	0.02157	0.01449	0.01960	0.01128	0.01318	0.00889	0.00634	0.00568	0.00189	0.00906	0.00453	0.00296	0.00972
79	0.01610	0.26828	0.31137	0.01556	0.02274	0.01988	0.01721	0.02470	0.16955	0.02173	0.01711	0.01786	0.03479	0.00742	0.00608	0.00201	0.00807	0.00562	0.00402	0.00989
80	0.00850	0.00607	0.00810	0.00972	0.01012	0.00567	0.00648	0.00972	0.01336	0.01781	0.03846	0.75020	0.04615	0.02186	0.00891	0.00283	0.00405	0.01984	0.00648	0.00567
81	0.00971	0.00709	0.00912	0.00869	0.01034	0.00650	0.00649	0.01282	0.01925	0.02697	0.63810	0.07746	0.11179	0.01478	0.00826	0.00223	0.00334	0.01302	0.00755	0.00650
82	0.01484	0.12328	0.56125	0.01994	0.02937	0.01777	0.09553	0.02198	0.01485	0.02143	0.01235	0.01474	0.00904	0.00647	0.00654	0.00214	0.01012	0.00531	0.00301	0.01005
83	0.00825	0.00707	0.00707	0.00707	0.00943	0.00589	0.00530	0.01001	0.01591	0.01885	0.07069	0.06716	0.70839	0.01767	0.00825	0.00236	0.00353	0.01473	0.00648	0.00589
84	0.00825	0.00707	0.00707	0.00707	0.00943	0.00589	0.00530	0.01001	0.01591	0.01885	0.07069	0.06716	0.70839	0.01767	0.00825	0.00236	0.00353	0.01473	0.00648	0.00589
85	0.01790	0.01428	0.02035	0.27638	0.19424	0.06248	0.01646	0.04340	0.01681	0.12721	0.04152	0.02692	0.01661	0.00883	0.00728	0.00230	0.00817	0.08498	0.00475	0.00913
86	0.28493	0.02489	0.35896	0.01644	0.05085	0.01618	0.01750	0.02342	0.10036	0.02618	0.01360	0.01510	0.01007	0.00692	0.00591	0.00221	0.00794	0.00507	0.00396	0.00949
87	0.01447	0.01240	0.01447	0.01034	0.01654	0.00930	0.00827	0.01757	0.01447	0.02274	0.01240	0.01447	0.01034	0.00517	0.00517	0.00103	0.00517	0.00413	0.00413	0.79742
88	0.02870	0.01246	0.01612	0.01275	0.01788	0.01159	0.01040	0.03458	0.14697	0.58752	0.02769	0.02418	0.01803	0.00879	0.00703	0.00220	0.00586	0.00718	0.00835	0.01172
89	0.02073	0.26229	0.08159	0.01504	0.01962	0.35518	0.01307	0.02320	0.01683	0.01774	0.01331	0.07153	0.01231	0.00796	0.00589	0.00181	0.00967	0.00561	0.03833	0.00829
90	0.05063	0.42878	0.04923	0.01289	0.01859	0.02242	0.01201	0.10621	0.08924	0.12629	0.01528	0.01542	0.01180	0.00707	0.00550	0.00180	0.00707	0.00502	0.00480	0.00996
91	0.01506	0.08056	0.54865	0.01775	0.02702	0.01579	0.02184	0.02187	0.01487	0.04928	0.01291	0.01482	0.00939	0.00647	0.00630	0.00200	0.00924	0.00499	0.00334	0.11785
92	0.80405	0.01350	0.01026	0.00918	0.01350	0.01565	0.00756	0.02051	0.01188	0.03131	0.00972	0.01134	0.00756	0.00648	0.00432	0.00216	0.00540	0.00378	0.00432	0.00756
93	0.03131	0.01188	0.01619	0.01242	0.01781	0.01026	0.01026	0.03401	0.01997	0.71606	0.02753	0.02375	0.01727	0.00864	0.00702	0.00216	0.00594	0.00702	0.00864	0.01188
94	0.00850	0.00607	0.00810	0.00972	0.01012	0.00567	0.00648	0.00972	0.01336	0.01781	0.03846	0.75020	0.04615	0.02186	0.00891	0.00283	0.00405	0.01984	0.00648	0.00567
95	0.01845	0.72763	0.06612	0.01228	0.01844	0.02712	0.01254	0.02095	0.01420	0.01666	0.00982	0.01135	0.00895	0.00600	0.00457	0.00152	0.00759	0.00379	0.00298	0.00901
96	0.03131	0.01188	0.01619	0.01242	0.01781	0.01026	0.01026	0.03401	0.01997	0.71606	0.02753	0.02375	0.01727	0.00864	0.00702	0.00216	0.00594	0.00702	0.00864	0.01188
97	0.01015	0.00677	0.00761	0.00761	0.00761	0.00677	0.00423	0.01015	0.01015	0.01353	0.02199	0.04567	0.02537	0.75476	0.03552	0.00677	0.00677	0.01015	0.00423	0.00423
98	0.00977	0.00713	0.00918	0.00866	0.01036	0.00654	0.00650	0.01296	0.01950	0.02737	0.66498	0.05313	0.10878	0.01449	0.00823	0.00221	0.00331	0.01276	0.00760	0.00654
99	0.02671	0.01926	0.02076	0.01592	0.02150	0.02121	0.01315	0.66348	0.03233	0.06914	0.01716	0.01702	0.01207	0.00839	0.00698	0.00210	0.00761	0.00631	0.00704	0.01187
100	0.00862	0.00735	0.00744	0.00737	0.00976	0.00631	0.00554	0.01106	0.03992	0.01949	0.08845	0.06526	0.66493	0.01728	0.00821	0.00235	0.00360	0.01442	0.00654	0.00609
101	0.00949	0.00696	0.00889	0.00874	0.01027	0.00637	0.00643	0.01230	0.01836	0.02543	0.53580	0.16042	0.13298	0.01580	0.00834	0.00231	0.00343	0.01395	0.00737	0.00637
102	0.01736	0.01499	0.01578	0.01420	0.01815	0.01736	0.01105	0.03708	0.69862	0.02919	0.02840	0.02604	0.02130	0.00947	0.00710	0.00237	0.00552	0.00789	0.00710	0.01105
103	0.80405	0.01350	0.01026	0.00918	0.01350	0.01565	0.00756	0.02051	0.01188	0.03131	0.00972	0.01134	0.00756	0.00648	0.00432	0.00216	0.00540	0.00378	0.00432	0.00756
104	0.01447	0.01240	0.01447	0.01034	0.01654	0.00930	0.00827	0.01757	0.01447	0.02274	0.01240	0.01447	0.01034	0.00517	0.00517	0.00103	0.00517	0.00413	0.00413	0.79742
105	0.01447	0.01240	0.01447	0.01034	0.01654	0.00930	0.00827	0.01757	0.01447	0.02274	0.01240	0.01447	0.01034	0.00517	0.00517	0.00103	0.00517	0.00413	0.00413	0.79742
106	0.80405	0.01350	0.01026	0.00918	0.01350	0.01565	0.00756	0.02051	0.01188	0.03131	0.00972	0.01134	0.00756	0.00648	0.00432	0.00216	0.00540	0.00378	0.00432	0.00756
107	0.01447	0.01240	0.01447	0.01034	0.01654	0.00930	0.00827	0.01757	0.01447	0.02274	0.01240	0.01447	0.01034	0.00517	0.00517	0.00103	0.00517	0.00413	0.00413	0.79742
108	0.02616	0.03052	0.02001	0.01759	0.02159	0.58608	0.01344	0.15955	0.02238	0.02245	0.01198	0.01342	0.00956	0.00743	0.00643	0.00186	0.01161	0.00485	0.00427	0.00884
109	0.01447	0.01240	0.01447	0.01034	0.01654	0.00930	0.00827	0.01757	0.01447	0.02274	0.01240	0.01447	0.01034	0.00517	0.00517	0.00103	0.00517	0.00413	0.00413	0.79742
110	0.01031	0.00729	0.00913	0.00858	0.01049	0.00658	0.00647	0.01329	0.01902	0.05015	0.56139	0.05403	0.18777	0.01473	0.00819	0.00222	0.00343	0.01283	0.00748	0.00663
111	0.01750	0.01898	0.05817	0.03021	0.18866	0.04599	0.42415	0.04300	0.01711	0.04261	0.03407	0.01910	0.01238	0.00643	0.00772	0.00224	0.01042	0.00755	0.00386	0.00983
