[name]
unknown

[dist]
# distance from previous block
# <min> <max>
25	87

[block]
# block no. 0 follows, 27 sequences, length 145
# corresponding to MSA columns:
# 105-207,209-233,241-257
name=unknown_A
#
# <colnr> <probs for GDERKNQSTAVLIFYWHMCP>
#	G	D	E	R	K	N	Q	S	T	A	V	L	I	F	Y	W	H	M	C	P
0	0.23558	0.22651	0.06762	0.01355	0.04553	0.01931	0.01173	0.08266	0.04434	0.02807	0.09187	0.01981	0.01769	0.00814	0.00584	0.00206	0.00668	0.00593	0.05786	0.00921
1	0.16008	0.23612	0.24496	0.03977	0.02379	0.07476	0.01678	0.02344	0.01555	0.05020	0.01239	0.01425	0.00966	0.00689	0.00586	0.00203	0.00884	0.00479	0.00378	0.04606
2	0.38927	0.03877	0.01425	0.01139	0.01606	0.01509	0.00934	0.06188	0.07200	0.18794	0.06742	0.02259	0.04828	0.00893	0.00616	0.00230	0.00585	0.00654	0.00638	0.00957
3	0.06977	0.01270	0.01523	0.01253	0.01654	0.01264	0.03257	0.12248	0.08894	0.15506	0.15884	0.03426	0.07191	0.09250	0.01093	0.00280	0.00605	0.00914	0.00701	0.06811
4	0.00919	0.00748	0.00814	0.00810	0.01032	0.00643	0.00603	0.01142	0.01772	0.02226	0.21631	0.10536	0.50893	0.01821	0.00881	0.00250	0.00373	0.01545	0.00719	0.00643
5	0.02429	0.01846	0.01979	0.01611	0.02131	0.02067	0.01300	0.38075	0.30617	0.06308	0.02345	0.02225	0.01706	0.00941	0.00748	0.00235	0.00714	0.00743	0.00754	0.01226
6	0.01000	0.00825	0.03382	0.01042	0.01192	0.00691	0.00774	0.01237	0.01657	0.02291	0.25328	0.45407	0.05304	0.01927	0.00899	0.00269	0.00433	0.01731	0.00708	0.03906
7	0.01675	0.05291	0.25792	0.02729	0.03589	0.01867	0.43327	0.02363	0.01683	0.02346	0.01429	0.01830	0.01059	0.00652	0.00806	0.00242	0.01184	0.00751	0.00353	0.01031
8	0.01489	0.03840	0.70064	0.02116	0.03213	0.01724	0.02743	0.02351	0.01567	0.02351	0.01332	0.01567	0.00940	0.00705	0.00705	0.00235	0.01097	0.00549	0.00313	0.01097
9	0.01289	0.00645	0.00967	0.00967	0.00967	0.00645	0.00645	0.00967	0.00967	0.01289	0.01289	0.02257	0.01289	0.02579	0.02901	0.78401	0.00645	0.00645	0.00322	0.00322
10	0.01644	0.01792	0.03715	0.24433	0.04261	0.01807	0.46661	0.02229	0.01670	0.02229	0.01446	0.01995	0.01084	0.00662	0.00835	0.00249	0.01171	0.00809	0.00361	0.00947
11	0.55628	0.01455	0.01440	0.13140	0.04395	0.01675	0.01113	0.05834	0.01480	0.06250	0.01225	0.01452	0.00922	0.00719	0.00546	0.00232	0.00671	0.00485	0.00472	0.00867
12	0.01289	0.00645	0.00967	0.00967	0.00967	0.00645	0.00645	0.00967	0.00967	0.01289	0.01289	0.02257	0.01289	0.02579	0.02901	0.78401	0.00645	0.00645	0.00322	0.00322
13	0.76542	0.01430	0.01113	0.00988	0.01451	0.01646	0.00814	0.02232	0.01293	0.05620	0.01099	0.01251	0.00840	0.00697	0.00469	0.00230	0.00576	0.00414	0.00475	0.00820
14	0.01899	0.01436	0.01571	0.01331	0.01793	0.01506	0.01047	0.06245	0.38729	0.08394	0.02543	0.02453	0.01906	0.00886	0.00686	0.00211	0.00568	0.00726	0.09214	0.16856
15	0.01687	0.04746	0.03932	0.01283	0.01666	0.01398	0.01047	0.02832	0.31994	0.09454	0.23976	0.03719	0.06796	0.01174	0.00784	0.00239	0.00534	0.00994	0.00752	0.00994
16	0.02822	0.02079	0.02228	0.01708	0.02302	0.02302	0.01411	0.66804	0.03490	0.04679	0.01782	0.01782	0.01262	0.00891	0.00743	0.00223	0.00817	0.00668	0.00743	0.01262
17	0.01570	0.01347	0.01553	0.01140	0.01776	0.01074	0.00909	0.02075	0.08109	0.02487	0.01488	0.01661	0.01215	0.00595	0.00570	0.00124	0.00554	0.00479	0.00471	0.70803
18	0.00984	0.00715	0.00911	0.00946	0.01068	0.00660	0.00668	0.01217	0.01751	0.02397	0.35540	0.30273	0.11473	0.06606	0.01093	0.00292	0.00406	0.01624	0.00735	0.00642
19	0.01539	0.01319	0.01539	0.01100	0.01759	0.00990	0.00880	0.01869	0.01539	0.02419	0.01319	0.01539	0.01100	0.00550	0.00550	0.00110	0.00550	0.00440	0.00440	0.78449
20	0.02928	0.01599	0.04245	0.01470	0.02045	0.01515	0.01239	0.18899	0.11942	0.42041	0.02609	0.02348	0.01729	0.00917	0.00745	0.00231	0.00686	0.00734	0.00831	0.01245
21	0.01601	0.01041	0.01504	0.03978	0.04180	0.01020	0.04216	0.02031	0.05524	0.13623	0.06314	0.11764	0.06627	0.01632	0.00916	0.00294	0.00663	0.31540	0.00695	0.00837
22	0.01041	0.00758	0.00979	0.00924	0.01103	0.00696	0.00693	0.01382	0.02078	0.02922	0.65403	0.05636	0.10524	0.01538	0.00876	0.00234	0.00352	0.01355	0.00810	0.00696
23	0.02353	0.01961	0.02181	0.02159	0.13443	0.12256	0.04395	0.13032	0.24071	0.13010	0.02192	0.02174	0.01615	0.00864	0.00741	0.00230	0.00823	0.00716	0.00639	0.01146
24	0.01771	0.06456	0.18210	0.02890	0.10231	0.01866	0.40401	0.02395	0.01705	0.04626	0.01476	0.01864	0.01106	0.00657	0.00798	0.00238	0.01134	0.00752	0.00376	0.01046
25	0.01083	0.00784	0.00899	0.00854	0.01094	0.00681	0.00646	0.01338	0.01873	0.06225	0.30650	0.06273	0.41544	0.01687	0.00869	0.00243	0.00381	0.01435	0.00751	0.00691
26	0.01094	0.00777	0.00955	0.00899	0.01111	0.00696	0.00678	0.01397	0.01988	0.05401	0.49078	0.05870	0.24115	0.01595	0.00871	0.00238	0.00369	0.01381	0.00786	0.00703
27	0.01722	0.14368	0.31113	0.01916	0.02613	0.04336	0.08712	0.02253	0.01580	0.05990	0.03852	0.05168	0.01421	0.00887	0.00943	0.00238	0.10822	0.00683	0.00395	0.00988
28	0.01876	0.62175	0.11249	0.01362	0.02021	0.02686	0.01418	0.02187	0.01497	0.01814	0.01120	0.01332	0.01003	0.00923	0.04506	0.00226	0.00896	0.00437	0.00322	0.00953
29	0.00918	0.00656	0.00877	0.01049	0.01098	0.00615	0.00713	0.01057	0.01435	0.01910	0.04084	0.70377	0.04880	0.02313	0.00951	0.00303	0.00443	0.05024	0.00689	0.00607
30	0.01957	0.02029	0.02747	0.03912	0.54278	0.13896	0.02049	0.02342	0.01763	0.02298	0.01640	0.01998	0.04315	0.00737	0.00730	0.00217	0.00939	0.00672	0.00385	0.01095
31	0.06785	0.01012	0.01154	0.01128	0.01350	0.04801	0.00848	0.01778	0.01748	0.13323	0.20025	0.28899	0.04295	0.01787	0.03318	0.00295	0.00575	0.05394	0.00716	0.00771
32	0.00994	0.00713	0.00925	0.01065	0.01134	0.00683	0.00723	0.04116	0.01518	0.02026	0.03983	0.70068	0.04739	0.02259	0.00938	0.00298	0.00449	0.02043	0.00692	0.00634
33	0.01505	0.03731	0.66168	0.02176	0.03253	0.01733	0.06530	0.02353	0.01578	0.02353	0.01342	0.01593	0.00951	0.00701	0.00715	0.00236	0.01106	0.00568	0.00317	0.01091
34	0.01732	0.01803	0.07503	0.09196	0.28626	0.06326	0.03909	0.02390	0.10596	0.02424	0.01807	0.04576	0.01493	0.00833	0.00774	0.00227	0.03318	0.00726	0.10725	0.01013
35	0.02133	0.24812	0.16888	0.02172	0.13606	0.19273	0.01783	0.04413	0.01783	0.04880	0.01284	0.01487	0.01034	0.00706	0.00634	0.00198	0.01001	0.00515	0.00378	0.01019
36	0.01354	0.01030	0.01162	0.01095	0.01333	0.01044	0.00817	0.12080	0.08390	0.02596	0.12927	0.18703	0.19560	0.10397	0.01215	0.00315	0.00530	0.03991	0.00692	0.00770
37	0.01995	0.61876	0.05940	0.01343	0.01950	0.09000	0.01310	0.02256	0.01593	0.01833	0.04284	0.01425	0.01241	0.00692	0.00521	0.00168	0.00833	0.00455	0.00347	0.00937
38	0.03090	0.01413	0.01792	0.01383	0.01939	0.01333	0.01139	0.17275	0.02421	0.51795	0.06424	0.02536	0.02006	0.00947	0.00753	0.00228	0.00656	0.00763	0.00875	0.01231
39	0.01708	0.06042	0.02925	0.04977	0.02760	0.03806	0.25797	0.02217	0.05292	0.02254	0.01402	0.01788	0.01136	0.00752	0.01015	0.00218	0.13227	0.00670	0.00400	0.21612
40	0.01113	0.00823	0.01083	0.01215	0.01399	0.00793	0.01033	0.01411	0.01693	0.02160	0.04742	0.10817	0.18806	0.02024	0.00989	0.00320	0.00604	0.47624	0.00685	0.00667
41	0.01955	0.04401	0.11079	0.01773	0.07899	0.05632	0.01444	0.23406	0.09226	0.03223	0.13491	0.02922	0.08271	0.01035	0.00759	0.00228	0.00748	0.00842	0.00627	0.01040
42	0.01080	0.00720	0.00810	0.00810	0.00810	0.00720	0.00450	0.01080	0.01080	0.01439	0.02339	0.04858	0.02699	0.73910	0.03779	0.00720	0.00720	0.01080	0.00450	0.00450
43	0.76410	0.01432	0.01131	0.03487	0.01565	0.01665	0.00848	0.02172	0.01271	0.03280	0.01044	0.01233	0.00811	0.00691	0.00469	0.00230	0.00589	0.00411	0.00455	0.00805
44	0.75519	0.01466	0.01145	0.01011	0.01477	0.01696	0.00833	0.05259	0.01369	0.03395	0.01069	0.01233	0.00826	0.00699	0.00473	0.00229	0.00586	0.00415	0.00473	0.00826
45	0.02391	0.02780	0.02087	0.01918	0.04990	0.46055	0.05004	0.09126	0.02134	0.02220	0.04111	0.08084	0.03981	0.00968	0.00730	0.00212	0.01113	0.00739	0.00471	0.00886
46	0.60897	0.01480	0.01370	0.01205	0.01557	0.01809	0.00997	0.02089	0.01234	0.02967	0.01020	0.01304	0.00844	0.00833	0.00925	0.00252	0.17524	0.00460	0.00428	0.00806
47	0.76899	0.01559	0.01228	0.01108	0.01573	0.01753	0.00886	0.02294	0.01383	0.03459	0.01231	0.01479	0.00992	0.00816	0.00546	0.00264	0.00639	0.00468	0.00522	0.00901
48	0.01793	0.01718	0.02933	0.11464	0.62720	0.01752	0.02256	0.02239	0.01669	0.02371	0.01389	0.01852	0.01157	0.00670	0.00736	0.00223	0.00893	0.00661	0.00364	0.01140
49	0.00908	0.00654	0.00854	0.01011	0.01064	0.00608	0.00675	0.01037	0.01426	0.01887	0.04229	0.67548	0.08439	0.04551	0.01033	0.00312	0.00437	0.02047	0.00682	0.00599
50	0.02201	0.02066	0.03538	0.02991	0.13760	0.02039	0.35406	0.17729	0.06015	0.03127	0.01820	0.02216	0.01409	0.00845	0.00889	0.00273	0.01096	0.00842	0.00548	0.01191
51	0.79154	0.01436	0.01091	0.00976	0.01436	0.01665	0.00804	0.02182	0.01263	0.03331	0.01034	0.01206	0.00804	0.00689	0.00459	0.00230	0.00574	0.00402	0.00459	0.00804
52	0.04683	0.35198	0.16523	0.01484	0.02163	0.07374	0.01509	0.04488	0.03785	0.04547	0.01317	0.01486	0.01072	0.00838	0.02788	0.00214	0.00890	0.00486	0.00391	0.08763
53	0.01070	0.00716	0.00813	0.00822	0.00825	0.00713	0.00463	0.01077	0.01099	0.01465	0.02438	0.08709	0.02823	0.69890	0.03620	0.00696	0.00703	0.01137	0.00463	0.00458
54	0.17894	0.01640	0.02515	0.12240	0.47137	0.01729	0.01944	0.02211	0.01576	0.02548	0.01311	0.01723	0.01075	0.00677	0.00678	0.00226	0.00831	0.00607	0.00382	0.01055
55	0.01393	0.03294	0.01266	0.01046	0.01353	0.00900	0.03402	0.01764	0.05008	0.11631	0.29512	0.05306	0.28296	0.01480	0.00840	0.00238	0.00460	0.01271	0.00747	0.00792
56	0.01558	0.01752	0.07054	0.02527	0.05787	0.01600	0.39444	0.02172	0.05321	0.02256	0.01796	0.05457	0.01511	0.01796	0.15973	0.00454	0.01312	0.00885	0.00412	0.00933
57	0.01489	0.03840	0.70064	0.02116	0.03213	0.01724	0.02743	0.02351	0.01567	0.02351	0.01332	0.01567	0.00940	0.00705	0.00705	0.00235	0.01097	0.00549	0.00313	0.01097
58	0.01985	0.74357	0.03890	0.01270	0.01905	0.02937	0.01270	0.02223	0.01508	0.01747	0.01032	0.01191	0.00953	0.00635	0.00476	0.00159	0.00794	0.00397	0.00318	0.00953
59	0.01820	0.01746	0.02981	0.07327	0.66648	0.01759	0.02269	0.02263	0.01682	0.02404	0.01393	0.01843	0.01168	0.00665	0.00735	0.00222	0.00886	0.00661	0.00366	0.01162
60	0.01837	0.01764	0.03013	0.04557	0.69279	0.01764	0.02278	0.02278	0.01690	0.02425	0.01396	0.01837	0.01176	0.00661	0.00735	0.00220	0.00882	0.00661	0.00367	0.01176
61	0.01624	0.01624	0.02274	0.01949	0.01949	0.02274	0.01624	0.01787	0.01137	0.01787	0.00975	0.01624	0.00975	0.01299	0.02436	0.00325	0.72552	0.00650	0.00325	0.00812
62	0.01402	0.01319	0.02227	0.72126	0.05113	0.01649	0.02062	0.01897	0.01484	0.01897	0.01319	0.01979	0.00990	0.00742	0.00742	0.00247	0.00990	0.00660	0.00330	0.00825
63	0.03225	0.01299	0.01814	0.01549	0.06652	0.01139	0.01175	0.03523	0.02094	0.65038	0.02821	0.02478	0.01791	0.00901	0.00746	0.00229	0.00649	0.00741	0.00880	0.01257
64	0.01927	0.01637	0.02161	0.02596	0.26155	0.01774	0.01567	0.03327	0.40370	0.06648	0.02432	0.02421	0.01850	0.00878	0.00748	0.00239	0.00696	0.00770	0.00625	0.01180
65	0.01061	0.00795	0.01193	0.01193	0.01326	0.00928	0.00928	0.01326	0.01193	0.01723	0.01988	0.02916	0.01856	0.05568	0.70968	0.01193	0.01988	0.00795	0.00398	0.00663
66	0.01737	0.02162	0.14710	0.12870	0.06535	0.01777	0.41018	0.02359	0.01698	0.05516	0.01511	0.01946	0.01112	0.00671	0.00817	0.00245	0.01144	0.00776	0.00384	0.01011
67	0.02996	0.01462	0.01793	0.01400	0.01948	0.01428	0.01149	0.18973	0.07652	0.45421	0.02632	0.02376	0.01734	0.00917	0.00735	0.00227	0.00660	0.00732	0.04535	0.01229
68	0.00904	0.00646	0.00861	0.01034	0.01077	0.00603	0.00689	0.01034	0.01421	0.01895	0.04092	0.73426	0.04910	0.02326	0.00948	0.00301	0.00431	0.02110	0.00689	0.00603
69	0.34317	0.17284	0.05802	0.01246	0.01805	0.01919	0.01130	0.11418	0.01776	0.12557	0.01468	0.01540	0.01089	0.00745	0.00559	0.00212	0.00686	0.00504	0.02964	0.00978
70	0.02000	0.67780	0.06812	0.01339	0.01983	0.06120	0.01345	0.02264	0.01539	0.01777	0.01051	0.01215	0.00952	0.00644	0.00496	0.00164	0.00834	0.00408	0.00320	0.00955
71	0.02606	0.01952	0.02112	0.01606	0.02211	0.02082	0.01322	0.55893	0.03163	0.04299	0.01705	0.01742	0.01235	0.00834	0.00710	0.00204	0.00772	0.00630	0.00692	0.14233
72	0.01523	0.08659	0.65542	0.02058	0.03124	0.01807	0.02642	0.02342	0.01563	0.02310	0.01312	0.01542	0.00941	0.00701	0.00690	0.00230	0.01076	0.00538	0.00314	0.01087
73	0.01737	0.02015	0.11210	0.03514	0.35723	0.01743	0.19734	0.02371	0.05623	0.02432	0.01658	0.02277	0.01375	0.00756	0.00788	0.00239	0.00980	0.04330	0.00404	0.01091
74	0.01837	0.01764	0.03013	0.04557	0.69279	0.01764	0.02278	0.02278	0.01690	0.02425	0.01396	0.01837	0.01176	0.00661	0.00735	0.00220	0.00882	0.00661	0.00367	0.01176
75	0.00951	0.00672	0.00841	0.00957	0.01000	0.00636	0.00617	0.01048	0.01344	0.01777	0.03808	0.51059	0.07907	0.21765	0.01713	0.00412	0.00506	0.01800	0.00624	0.00563
76	0.01681	0.01903	0.06144	0.12161	0.06461	0.01814	0.47779	0.02259	0.01672	0.02301	0.01475	0.01987	0.01124	0.00686	0.00907	0.00249	0.04506	0.00810	0.03113	0.00968
77	0.01080	0.00720	0.00810	0.00810	0.00810	0.00720	0.00450	0.01080	0.01080	0.01439	0.02339	0.04858	0.02699	0.73910	0.03779	0.00720	0.00720	0.01080	0.00450	0.00450
78	0.01076	0.00733	0.00878	0.00878	0.00901	0.00757	0.00535	0.01123	0.01100	0.01490	0.02277	0.04513	0.02549	0.61764	0.15720	0.00804	0.00945	0.01029	0.00441	0.00488
79	0.02849	0.01944	0.02133	0.01645	0.02229	0.02113	0.01356	0.55149	0.06229	0.13674	0.01998	0.01931	0.01388	0.00900	0.00744	0.00225	0.00781	0.00687	0.00768	0.01259
80	0.03331	0.01263	0.01723	0.01321	0.01895	0.01091	0.01091	0.03618	0.02125	0.69794	0.02929	0.02527	0.01838	0.00919	0.00747	0.00230	0.00632	0.00747	0.00919	0.01263
81	0.01402	0.01319	0.02227	0.72126	0.05113	0.01649	0.02062	0.01897	0.01484	0.01897	0.01319	0.01979	0.00990	0.00742	0.00742	0.00247	0.00990	0.00660	0.00330	0.00825
82	0.01752	0.02003	0.04380	0.03129	0.03880	0.01877	0.66583	0.02378	0.01752	0.02378	0.01502	0.02003	0.01126	0.00626	0.00876	0.00250	0.01252	0.00876	0.00375	0.01001
83	0.00899	0.00753	0.00782	0.00775	0.01016	0.00636	0.00581	0.01107	0.01743	0.02127	0.15192	0.06945	0.61231	0.01835	0.00877	0.00249	0.00373	0.01539	0.00705	0.00636
84	0.03331	0.01263	0.01723	0.01321	0.01895	0.01091	0.01091	0.03618	0.02125	0.69794	0.02929	0.02527	0.01838	0.00919	0.00747	0.00230	0.00632	0.00747	0.00919	0.01263
85	0.01384	0.00692	0.00692	0.00692	0.00865	0.00692	0.00519	0.01730	0.01557	0.02768	0.02422	0.02768	0.01903	0.00865	0.00519	0.00173	0.00346	0.00692	0.78031	0.00692
86	0.01402	0.01319	0.02227	0.72126	0.05113	0.01649	0.02062	0.01897	0.01484	0.01897	0.01319	0.01979	0.00990	0.00742	0.00742	0.00247	0.00990	0.00660	0.00330	0.00825
87	0.00942	0.00684	0.00889	0.00988	0.01080	0.00631	0.00684	0.01135	0.01623	0.02194	0.21769	0.50646	0.09828	0.02078	0.00923	0.00280	0.00405	0.01867	0.00724	0.00631
88	0.00904	0.00646	0.00861	0.01034	0.01077	0.00603	0.00689	0.01034	0.01421	0.01895	0.04092	0.73426	0.04910	0.02326	0.00948	0.00301	0.00431	0.02110	0.00689	0.00603
89	0.79154	0.01436	0.01091	0.00976	0.01436	0.01665	0.00804	0.02182	0.01263	0.03331	0.01034	0.01206	0.00804	0.00689	0.00459	0.00230	0.00574	0.00402	0.00459	0.00804
90	0.02822	0.02079	0.02228	0.01708	0.02302	0.02302	0.01411	0.66804	0.03490	0.04679	0.01782	0.01782	0.01262	0.00891	0.00743	0.00223	0.00817	0.00668	0.00743	0.01262
91	0.01435	0.01368	0.02356	0.66265	0.07646	0.01664	0.05002	0.01934	0.01505	0.01940	0.01331	0.01975	0.01003	0.00734	0.00748	0.00246	0.00997	0.00670	0.00333	0.00847
92	0.71628	0.05619	0.01291	0.01032	0.01498	0.04631	0.00857	0.02217	0.01312	0.03179	0.01038	0.01211	0.00819	0.00689	0.00469	0.00224	0.00619	0.00405	0.00448	0.00815
93	0.01061	0.00795	0.01193	0.01193	0.01326	0.00928	0.00928	0.01326	0.01193	0.01723	0.01988	0.02916	0.01856	0.05568	0.70968	0.01193	0.01988	0.00795	0.00398	0.00663
94	0.00904	0.00646	0.00861	0.01034	0.01077	0.00603	0.00689	0.01034	0.01421	0.01895	0.04092	0.73426	0.04910	0.02326	0.00948	0.00301	0.00431	0.02110	0.00689	0.00603
95	0.01384	0.00692	0.00692	0.00692	0.00865	0.00692	0.00519	0.01730	0.01557	0.02768	0.02422	0.02768	0.01903	0.00865	0.00519	0.00173	0.00346	0.00692	0.78031	0.00692
96	0.01744	0.01977	0.04275	0.03053	0.03801	0.01844	0.64142	0.02359	0.01744	0.02379	0.01495	0.01985	0.01125	0.00623	0.00864	0.00245	0.01225	0.00860	0.00378	0.03879
97	0.01813	0.01739	0.02969	0.08394	0.65635	0.01757	0.02266	0.02257	0.01679	0.02395	0.01392	0.01845	0.01165	0.00666	0.00735	0.00222	0.00888	0.00661	0.00365	0.01156
98	0.01384	0.00692	0.00692	0.00692	0.00865	0.00692	0.00519	0.01730	0.01557	0.02768	0.02422	0.02768	0.01903	0.00865	0.00519	0.00173	0.00346	0.00692	0.78031	0.00692
99	0.01289	0.00645	0.00967	0.00967	0.00967	0.00645	0.00645	0.00967	0.00967	0.01289	0.01289	0.02257	0.01289	0.02579	0.02901	0.78401	0.00645	0.00645	0.00322	0.00322
100	0.00903	0.00651	0.00856	0.01021	0.01073	0.00604	0.00683	0.01035	0.01434	0.01900	0.04247	0.70414	0.07821	0.02306	0.00944	0.00299	0.00428	0.02086	0.00689	0.00604
101	0.02147	0.01305	0.01592	0.01176	0.01791	0.01053	0.00952	0.04450	0.01788	0.24028	0.01884	0.01902	0.01367	0.00689	0.00618	0.00154	0.00578	0.00553	0.03119	0.48856
102	0.01443	0.01068	0.01384	0.01502	0.05337	0.01096	0.01133	0.13678	0.01949	0.02589	0.03437	0.27849	0.03740	0.01844	0.00931	0.00300	0.00638	0.28611	0.00679	0.00794
103	0.06713	0.03597	0.63260	0.02014	0.03052	0.01700	0.02560	0.02381	0.01565	0.04604	0.01364	0.01574	0.00960	0.00711	0.00690	0.00235	0.01047	0.00545	0.00343	0.01083
104	0.01985	0.74357	0.03890	0.01270	0.01905	0.02937	0.01270	0.02223	0.01508	0.01747	0.01032	0.01191	0.00953	0.00635	0.00476	0.00159	0.00794	0.00397	0.00318	0.00953
105	0.01384	0.00692	0.00692	0.00692	0.00865	0.00692	0.00519	0.01730	0.01557	0.02768	0.02422	0.02768	0.01903	0.00865	0.00519	0.00173	0.00346	0.00692	0.78031	0.00692
106	0.01196	0.00854	0.01196	0.01367	0.01538	0.00854	0.01196	0.01538	0.01709	0.02222	0.03931	0.08374	0.04272	0.02051	0.01025	0.00342	0.00684	0.64283	0.00684	0.00684
107	0.01384	0.00692	0.00692	0.00692	0.00865	0.00692	0.00519	0.01730	0.01557	0.02768	0.02422	0.02768	0.01903	0.00865	0.00519	0.00173	0.00346	0.00692	0.78031	0.00692
108	0.02644	0.01897	0.02066	0.01622	0.02158	0.02076	0.01323	0.57396	0.03220	0.07060	0.02069	0.09239	0.01664	0.01041	0.00764	0.00231	0.00769	0.00821	0.00744	0.01194
109	0.01793	0.01927	0.07179	0.15512	0.34368	0.08418	0.04608	0.05216	0.01723	0.02301	0.01436	0.01908	0.01176	0.01190	0.07780	0.00322	0.01083	0.00658	0.00380	0.01024
110	0.00987	0.00736	0.00918	0.00915	0.01081	0.00667	0.00670	0.01262	0.01888	0.02571	0.43924	0.18631	0.19528	0.01745	0.00889	0.00250	0.00371	0.01534	0.00767	0.00667
111	0.01462	0.01315	0.01878	0.06352	0.26963	0.01341	0.01420	0.02128	0.13995	0.02441	0.09296	0.06687	0.19293	0.01185	0.00797	0.00240	0.00639	0.01045	0.00572	0.00951
112	0.01813	0.01487	0.01793	0.01470	0.04642	0.01419	0.03021	0.14880	0.08516	0.02949	0.04851	0.01999	0.01572	0.00767	0.00725	0.00174	0.03891	0.00613	0.04896	0.38521
113	0.01514	0.00869	0.00951	0.04825	0.01265	0.00915	0.00711	0.08166	0.01729	0.02865	0.02279	0.02632	0.01786	0.01053	0.03442	0.00224	0.00496	0.00692	0.62832	0.00755
114	0.15052	0.01611	0.01660	0.01322	0.01854	0.03747	0.01063	0.21628	0.07826	0.05682	0.04099	0.04732	0.01582	0.00840	0.00648	0.00195	0.00653	0.00648	0.00600	0.24558
115	0.01041	0.00681	0.00910	0.01050	0.01123	0.00630	0.00712	0.01179	0.01461	0.05708	0.04026	0.69444	0.04737	0.02247	0.00936	0.00297	0.00442	0.02034	0.00702	0.00640
116	0.01286	0.00684	0.01001	0.00990	0.00990	0.00707	0.00664	0.01004	0.00981	0.01318	0.01356	0.02426	0.01382	0.07780	0.02950	0.69974	0.03151	0.00677	0.00332	0.00349
117	0.01720	0.01874	0.06102	0.06259	0.13560	0.08648	0.03968	0.02036	0.01454	0.02047	0.01219	0.01708	0.01070	0.01132	0.04559	0.00289	0.28895	0.00613	0.00360	0.12487
118	0.42361	0.01406	0.01709	0.32093	0.03131	0.01666	0.03797	0.02065	0.01378	0.02670	0.01176	0.01573	0.00897	0.00710	0.00598	0.00238	0.00781	0.00532	0.00400	0.00820
119	0.01014	0.00785	0.00942	0.00983	0.01192	0.00713	0.00790	0.01285	0.01786	0.02284	0.19740	0.07179	0.35421	0.01854	0.00923	0.00275	0.00466	0.20992	0.00715	0.00660
120	0.01449	0.01368	0.02312	0.64782	0.12087	0.01662	0.02085	0.01938	0.01507	0.01954	0.01328	0.01964	0.01010	0.00733	0.00741	0.00244	0.00978	0.00660	0.00334	0.00863
121	0.01070	0.00721	0.00807	0.00807	0.00819	0.00715	0.00455	0.01079	0.01109	0.01466	0.02586	0.04967	0.05855	0.70480	0.03640	0.00697	0.00703	0.01103	0.00461	0.00458
122	0.01289	0.00645	0.00967	0.00967	0.00967	0.00645	0.00645	0.00967	0.00967	0.01289	0.01289	0.02257	0.01289	0.02579	0.02901	0.78401	0.00645	0.00645	0.00322	0.00322
123	0.00929	0.00665	0.00883	0.01017	0.01082	0.00619	0.00691	0.01095	0.01535	0.02076	0.14937	0.62064	0.05261	0.02191	0.00935	0.00290	0.00417	0.01982	0.00711	0.00619
124	0.01061	0.00795	0.01193	0.01193	0.01326	0.00928	0.00928	0.01326	0.01193	0.01723	0.01988	0.02916	0.01856	0.05568	0.70968	0.01193	0.01988	0.00795	0.00398	0.00663
125	0.01196	0.00854	0.01196	0.01367	0.01538	0.00854	0.01196	0.01538	0.01709	0.02222	0.03931	0.08374	0.04272	0.02051	0.01025	0.00342	0.00684	0.64283	0.00684	0.00684
126	0.01624	0.01624	0.02274	0.01949	0.01949	0.02274	0.01624	0.01787	0.01137	0.01787	0.00975	0.01624	0.00975	0.01299	0.02436	0.00325	0.72552	0.00650	0.00325	0.00812
127	0.01539	0.01319	0.01539	0.01100	0.01759	0.00990	0.00880	0.01869	0.01539	0.02419	0.01319	0.01539	0.01100	0.00550	0.00550	0.00110	0.00550	0.00440	0.00440	0.78449
128	0.01764	0.01689	0.02881	0.15911	0.58497	0.01745	0.02242	0.02214	0.01656	0.02336	0.01383	0.01861	0.01145	0.00675	0.00736	0.00225	0.00900	0.00661	0.00361	0.01117
129	0.01985	0.74357	0.03890	0.01270	0.01905	0.02937	0.01270	0.02223	0.01508	0.01747	0.01032	0.01191	0.00953	0.00635	0.00476	0.00159	0.00794	0.00397	0.00318	0.00953
130	0.01080	0.00720	0.00810	0.00810	0.00810	0.00720	0.00450	0.01080	0.01080	0.01439	0.02339	0.04858	0.02699	0.73910	0.03779	0.00720	0.00720	0.01080	0.00450	0.00450
131	0.00904	0.00646	0.00861	0.01034	0.01077	0.00603	0.00689	0.01034	0.01421	0.01895	0.04092	0.73426	0.04910	0.02326	0.00948	0.00301	0.00431	0.02110	0.00689	0.00603
132	0.01402	0.01319	0.02227	0.72126	0.05113	0.01649	0.02062	0.01897	0.01484	0.01897	0.01319	0.01979	0.00990	0.00742	0.00742	0.00247	0.00990	0.00660	0.00330	0.00825
133	0.01752	0.02003	0.04380	0.03129	0.03880	0.01877	0.66583	0.02378	0.01752	0.02378	0.01502	0.02003	0.01126	0.00626	0.00876	0.00250	0.01252	0.00876	0.00375	0.01001
134	0.02773	0.03538	0.02104	0.01913	0.02295	0.70930	0.01434	0.02964	0.02104	0.01817	0.01148	0.01339	0.00956	0.00765	0.00669	0.00191	0.01339	0.00478	0.00383	0.00861
135	0.02773	0.03538	0.02104	0.01913	0.02295	0.70930	0.01434	0.02964	0.02104	0.01817	0.01148	0.01339	0.00956	0.00765	0.00669	0.00191	0.01339	0.00478	0.00383	0.00861
136	0.01846	0.01595	0.01679	0.01511	0.01930	0.01846	0.01175	0.03945	0.67938	0.03105	0.03022	0.02770	0.02266	0.01007	0.00755	0.00252	0.00588	0.00839	0.00755	0.01175
137	0.79154	0.01436	0.01091	0.00976	0.01436	0.01665	0.00804	0.02182	0.01263	0.03331	0.01034	0.01206	0.00804	0.00689	0.00459	0.00230	0.00574	0.00402	0.00459	0.00804
138	0.01837	0.01764	0.03013	0.04557	0.69279	0.01764	0.02278	0.02278	0.01690	0.02425	0.01396	0.01837	0.01176	0.00661	0.00735	0.00220	0.00882	0.00661	0.00367	0.01176
139	0.00903	0.00653	0.00854	0.01015	0.01072	0.00605	0.00681	0.01036	0.01440	0.01903	0.04325	0.68921	0.09264	0.02295	0.00943	0.00298	0.00427	0.02073	0.00689	0.00605
140	0.00904	0.00646	0.00861	0.01034	0.01077	0.00603	0.00689	0.01034	0.01421	0.01895	0.04092	0.73426	0.04910	0.02326	0.00948	0.00301	0.00431	0.02110	0.00689	0.00603
141	0.01289	0.00645	0.00967	0.00967	0.00967	0.00645	0.00645	0.00967	0.00967	0.01289	0.01289	0.02257	0.01289	0.02579	0.02901	0.78401	0.00645	0.00645	0.00322	0.00322
142	0.01752	0.02003	0.04380	0.03129	0.03880	0.01877	0.66583	0.02378	0.01752	0.02378	0.01502	0.02003	0.01126	0.00626	0.00876	0.00250	0.01252	0.00876	0.00375	0.01001
143	0.01012	0.00753	0.00941	0.00904	0.01088	0.00682	0.00674	0.01322	0.01996	0.02748	0.54593	0.08684	0.18618	0.01620	0.00879	0.00240	0.00358	0.01417	0.00788	0.00682
144	0.01072	0.00716	0.00812	0.00820	0.00822	0.00714	0.00461	0.01077	0.01095	0.01460	0.02419	0.07974	0.02799	0.70658	0.03650	0.00701	0.00707	0.01126	0.00461	0.00457

[dist]
# distance from previous block
# <min> <max>
0	11

[block]
# block no. 1 follows, 27 sequences, length 29
# corresponding to MSA columns:
# 269-297
name=unknown_B
#
# <colnr> <probs for GDERKNQSTAVLIFYWHMCP>
#	G	D	E	R	K	N	Q	S	T	A	V	L	I	F	Y	W	H	M	C	P
0	0.00899	0.00748	0.00784	0.00785	0.01018	0.00634	0.00585	0.01103	0.01727	0.02113	0.14438	0.09842	0.59056	0.01858	0.00880	0.00251	0.00375	0.01565	0.00704	0.00634
1	0.02671	0.01315	0.01648	0.01292	0.01819	0.01207	0.01050	0.10148	0.06346	0.41923	0.08401	0.02819	0.05301	0.00975	0.00741	0.00218	0.00604	0.00798	0.00815	0.09908
2	0.01489	0.03840	0.70064	0.02116	0.03213	0.01724	0.02743	0.02351	0.01567	0.02351	0.01332	0.01567	0.00940	0.00705	0.00705	0.00235	0.01097	0.00549	0.00313	0.01097
3	0.01772	0.29244	0.03065	0.01791	0.02095	0.02492	0.06966	0.02002	0.01330	0.01821	0.01041	0.01492	0.00979	0.00991	0.01561	0.00256	0.39322	0.00573	0.00326	0.00881
4	0.01489	0.03840	0.70064	0.02116	0.03213	0.01724	0.02743	0.02351	0.01567	0.02351	0.01332	0.01567	0.00940	0.00705	0.00705	0.00235	0.01097	0.00549	0.00313	0.01097
5	0.01619	0.11870	0.56273	0.02054	0.03049	0.05158	0.05366	0.02367	0.01594	0.02257	0.01296	0.01533	0.00951	0.00696	0.00685	0.00225	0.01081	0.00542	0.00320	0.01065
6	0.00948	0.00769	0.00854	0.00899	0.01122	0.00675	0.00707	0.01166	0.01683	0.02047	0.06579	0.10545	0.51905	0.01938	0.00913	0.00273	0.00445	0.15205	0.00688	0.00638
7	0.01196	0.00854	0.01196	0.01367	0.01538	0.00854	0.01196	0.01538	0.01709	0.02222	0.03931	0.08374	0.04272	0.02051	0.01025	0.00342	0.00684	0.64283	0.00684	0.00684
8	0.01289	0.00645	0.00967	0.00967	0.00967	0.00645	0.00645	0.00967	0.00967	0.01289	0.01289	0.02257	0.01289	0.02579	0.02901	0.78401	0.00645	0.00645	0.00322	0.00322
9	0.02493	0.23581	0.02679	0.01879	0.06341	0.42597	0.01438	0.06987	0.02001	0.02026	0.01172	0.01357	0.00989	0.00730	0.00623	0.00186	0.01120	0.00479	0.00387	0.00933
10	0.02514	0.02231	0.24055	0.01644	0.02375	0.01515	0.01675	0.10385	0.09141	0.33308	0.02289	0.02156	0.01526	0.00856	0.00734	0.00233	0.00800	0.00683	0.00684	0.01200
11	0.01022	0.00695	0.00827	0.00884	0.00898	0.00681	0.00529	0.01064	0.01193	0.01590	0.02919	0.27553	0.03431	0.50216	0.02841	0.00581	0.00624	0.01421	0.00529	0.00501
12	0.01875	0.01998	0.08550	0.03638	0.47541	0.08195	0.02082	0.02313	0.01735	0.04570	0.01694	0.02501	0.01494	0.00835	0.00758	0.00233	0.00914	0.07568	0.00417	0.01088
13	0.01303	0.09654	0.01945	0.19751	0.05957	0.01378	0.04383	0.01596	0.01506	0.01996	0.06990	0.30291	0.02958	0.01432	0.00912	0.00261	0.05151	0.01258	0.00507	0.00770
14	0.03299	0.01314	0.01754	0.01345	0.01920	0.01166	0.01111	0.07540	0.02210	0.65752	0.02858	0.02481	0.01802	0.00917	0.00746	0.00229	0.00643	0.00742	0.00908	0.01263
15	0.79154	0.01436	0.01091	0.00976	0.01436	0.01665	0.00804	0.02182	0.01263	0.03331	0.01034	0.01206	0.00804	0.00689	0.00459	0.00230	0.00574	0.00402	0.00459	0.00804
16	0.01770	0.01695	0.02892	0.14981	0.59380	0.01746	0.02245	0.02219	0.01659	0.02344	0.01385	0.01859	0.01147	0.00674	0.00736	0.00225	0.00899	0.00661	0.00362	0.01122
17	0.05717	0.14647	0.02468	0.01860	0.07261	0.20967	0.01421	0.28348	0.02493	0.05871	0.01470	0.01573	0.01125	0.00789	0.00666	0.00204	0.00942	0.00562	0.00540	0.01075
18	0.02110	0.02362	0.02850	0.05996	0.32846	0.24654	0.11141	0.02486	0.01807	0.02173	0.01311	0.01694	0.01082	0.00717	0.00796	0.00220	0.03733	0.00631	0.00371	0.01020
19	0.01051	0.00759	0.00992	0.00934	0.01109	0.00700	0.00700	0.01401	0.02101	0.02977	0.68888	0.05545	0.07005	0.01518	0.00876	0.00233	0.00350	0.01343	0.00817	0.00700
20	0.01316	0.00747	0.01120	0.11197	0.01554	0.00795	0.00836	0.01182	0.01104	0.01534	0.01414	0.02271	0.01311	0.02132	0.02337	0.58836	0.00663	0.00652	0.08566	0.00434
21	0.01384	0.00692	0.00692	0.00692	0.00865	0.00692	0.00519	0.01730	0.01557	0.02768	0.02422	0.02768	0.01903	0.00865	0.00519	0.00173	0.00346	0.00692	0.78031	0.00692
22	0.00904	0.00646	0.00861	0.01034	0.01077	0.00603	0.00689	0.01034	0.01421	0.01895	0.04092	0.73426	0.04910	0.02326	0.00948	0.00301	0.00431	0.02110	0.00689	0.00603
23	0.01061	0.00795	0.01193	0.01193	0.01326	0.00928	0.00928	0.01326	0.01193	0.01723	0.01988	0.02916	0.01856	0.05568	0.70968	0.01193	0.01988	0.00795	0.00398	0.00663
24	0.01539	0.01319	0.01539	0.01100	0.01759	0.00990	0.00880	0.01869	0.01539	0.02419	0.01319	0.01539	0.01100	0.00550	0.00550	0.00110	0.00550	0.00440	0.00440	0.78449
25	0.02773	0.03538	0.02104	0.01913	0.02295	0.70930	0.01434	0.02964	0.02104	0.01817	0.01148	0.01339	0.00956	0.00765	0.00669	0.00191	0.01339	0.00478	0.00383	0.00861
26	0.01786	0.01761	0.03055	0.03882	0.48753	0.01803	0.11440	0.02216	0.01627	0.02344	0.01359	0.01822	0.01142	0.00726	0.00945	0.00232	0.09298	0.00681	0.00367	0.04762
27	0.02744	0.06626	0.02207	0.01850	0.02278	0.56824	0.01423	0.13086	0.02296	0.02269	0.01243	0.01402	0.01005	0.00779	0.00672	0.00195	0.01230	0.00505	0.00437	0.00929
28	0.07064	0.01492	0.01757	0.01374	0.01925	0.04209	0.01126	0.14758	0.02307	0.49073	0.02737	0.02463	0.04374	0.00935	0.00733	0.00228	0.00681	0.00737	0.00832	0.01197

[dist]
# distance from previous block
# <min> <max>
0	1

[block]
# block no. 2 follows, 27 sequences, length 16
# corresponding to MSA columns:
# 299-314
name=unknown_C
#
# <colnr> <probs for GDERKNQSTAVLIFYWHMCP>
#	G	D	E	R	K	N	Q	S	T	A	V	L	I	F	Y	W	H	M	C	P
0	0.01461	0.01177	0.06403	0.01117	0.01518	0.00877	0.00937	0.01783	0.01768	0.11174	0.21580	0.16028	0.09331	0.01311	0.00777	0.00216	0.00510	0.01135	0.00664	0.20233
1	0.01793	0.01345	0.01589	0.01501	0.05671	0.01383	0.01088	0.04484	0.31109	0.09989	0.08081	0.12186	0.02692	0.01124	0.00757	0.00231	0.00569	0.00965	0.00698	0.12744
2	0.01682	0.01954	0.12600	0.02913	0.32890	0.06677	0.01834	0.04036	0.03437	0.02349	0.04915	0.07794	0.01996	0.06810	0.01009	0.00275	0.00858	0.04529	0.00451	0.00992
3	0.02765	0.02051	0.02196	0.01697	0.02280	0.02276	0.01397	0.63135	0.07252	0.04587	0.01855	0.01840	0.01321	0.00898	0.00743	0.00224	0.00804	0.00678	0.00743	0.01257
4	0.01395	0.00944	0.01128	0.01024	0.01255	0.03943	0.00779	0.01731	0.02104	0.10716	0.58113	0.05002	0.06127	0.01414	0.00851	0.00231	0.00428	0.01234	0.00809	0.00773
5	0.01719	0.02211	0.15377	0.06724	0.26638	0.01800	0.29834	0.02316	0.01685	0.02367	0.01427	0.01867	0.01104	0.00658	0.00790	0.00237	0.01083	0.00733	0.00360	0.01071
6	0.02118	0.62423	0.03589	0.01378	0.01971	0.14395	0.01298	0.02348	0.01609	0.01758	0.01052	0.01216	0.00953	0.00657	0.00509	0.00164	0.00886	0.00411	0.00329	0.00937
7	0.02352	0.01432	0.01675	0.01374	0.01831	0.01483	0.01106	0.20946	0.14187	0.22996	0.09436	0.03037	0.07373	0.01381	0.05625	0.00300	0.00723	0.00866	0.00776	0.01102
8	0.01087	0.00741	0.00893	0.00928	0.00973	0.00735	0.00611	0.01180	0.01285	0.01716	0.07746	0.09526	0.03424	0.51932	0.02922	0.00594	0.00669	0.11991	0.00532	0.00518
9	0.34256	0.06349	0.01642	0.01239	0.01730	0.04085	0.01021	0.12991	0.01901	0.20189	0.01852	0.06632	0.01440	0.00893	0.00621	0.00227	0.00660	0.00653	0.00626	0.00993
10	0.10080	0.04278	0.08824	0.05305	0.04529	0.04438	0.16799	0.09782	0.03850	0.02643	0.01586	0.01964	0.01253	0.01273	0.08112	0.00332	0.05205	0.00680	0.08129	0.00938
11	0.06440	0.07315	0.20787	0.01737	0.02362	0.06419	0.06925	0.14974	0.04069	0.05963	0.01987	0.13981	0.01778	0.01031	0.00739	0.00237	0.00867	0.00861	0.00524	0.01004
12	0.02266	0.01862	0.07161	0.01638	0.02222	0.01765	0.04485	0.31609	0.09505	0.08891	0.02120	0.02597	0.01676	0.00954	0.00752	0.00226	0.00770	0.07312	0.00661	0.11528
13	0.02095	0.01651	0.01683	0.01381	0.01770	0.06827	0.01066	0.33968	0.02499	0.03312	0.08341	0.05879	0.02251	0.16986	0.01411	0.00326	0.00755	0.00855	0.00635	0.06308
14	0.05604	0.01866	0.13616	0.01699	0.04832	0.01504	0.04551	0.09292	0.13850	0.23220	0.02371	0.07544	0.01802	0.00953	0.00742	0.00235	0.00741	0.00801	0.00664	0.04112
15	0.05522	0.28305	0.02715	0.06895	0.02257	0.17813	0.01393	0.11936	0.01874	0.02284	0.01223	0.01486	0.01033	0.00975	0.03510	0.00243	0.08675	0.00518	0.00407	0.00936

[dist]
# distance from previous block
# <min> <max>
5	19

[block]
# block no. 3 follows, 27 sequences, length 35
# corresponding to MSA columns:
# 334-368
name=unknown_D
#
# <colnr> <probs for GDERKNQSTAVLIFYWHMCP>
#	G	D	E	R	K	N	Q	S	T	A	V	L	I	F	Y	W	H	M	C	P
0	0.04833	0.28844	0.02803	0.01915	0.09587	0.30146	0.01434	0.04948	0.05311	0.02080	0.01251	0.01427	0.01054	0.00721	0.00607	0.00188	0.01007	0.00492	0.00392	0.00958
1	0.25293	0.02117	0.21659	0.09224	0.08573	0.01640	0.01695	0.04712	0.01592	0.02744	0.08789	0.01981	0.01617	0.00830	0.00748	0.00237	0.04553	0.00625	0.00439	0.00933
2	0.08843	0.38565	0.12003	0.01415	0.02031	0.05875	0.01400	0.04961	0.03811	0.06651	0.01377	0.01554	0.01125	0.01094	0.06216	0.00271	0.00923	0.00503	0.00411	0.00971
3	0.06182	0.05292	0.08649	0.13354	0.18088	0.07673	0.01811	0.04691	0.09008	0.02343	0.01437	0.01790	0.01163	0.00854	0.01023	0.00245	0.14372	0.00627	0.00410	0.00991
4	0.01789	0.01470	0.01566	0.01347	0.01777	0.01585	0.01060	0.14944	0.35266	0.03128	0.05899	0.03432	0.15075	0.01136	0.00764	0.00234	0.00578	0.00934	0.00717	0.07297
5	0.01029	0.00808	0.01211	0.01261	0.01369	0.00791	0.05533	0.01221	0.01469	0.01965	0.03762	0.57576	0.04404	0.02129	0.01011	0.00304	0.03381	0.09474	0.00651	0.00650
6	0.02347	0.02829	0.02167	0.01926	0.02167	0.45494	0.01505	0.02528	0.01746	0.01806	0.01083	0.01444	0.00963	0.00963	0.01324	0.00241	0.27722	0.00542	0.00361	0.00843
7	0.01071	0.00721	0.00807	0.00807	0.00818	0.00716	0.00455	0.01079	0.01105	0.01463	0.02558	0.04955	0.05498	0.70869	0.03656	0.00700	0.00705	0.01100	0.00460	0.00457
8	0.00911	0.00753	0.00799	0.00787	0.01023	0.00641	0.00590	0.01130	0.01771	0.02193	0.19389	0.06835	0.56993	0.01810	0.00877	0.00247	0.00371	0.01523	0.00714	0.00641
9	0.00904	0.00646	0.00861	0.01034	0.01077	0.00603	0.00689	0.01034	0.01421	0.01895	0.04092	0.73426	0.04910	0.02326	0.00948	0.00301	0.00431	0.02110	0.00689	0.00603
10	0.00882	0.00735	0.00770	0.00797	0.01015	0.00623	0.00584	0.01060	0.01649	0.01988	0.06969	0.17806	0.58673	0.01952	0.00889	0.00259	0.00385	0.01654	0.00689	0.00623
11	0.01985	0.74357	0.03890	0.01270	0.01905	0.02937	0.01270	0.02223	0.01508	0.01747	0.01032	0.01191	0.00953	0.00635	0.00476	0.00159	0.00794	0.00397	0.00318	0.00953
12	0.79154	0.01436	0.01091	0.00976	0.01436	0.01665	0.00804	0.02182	0.01263	0.03331	0.01034	0.01206	0.00804	0.00689	0.00459	0.00230	0.00574	0.00402	0.00459	0.00804
13	0.01846	0.01595	0.01679	0.01511	0.01930	0.01846	0.01175	0.03945	0.67938	0.03105	0.03022	0.02770	0.02266	0.01007	0.00755	0.00252	0.00588	0.00839	0.00755	0.01175
14	0.01289	0.00645	0.00967	0.00967	0.00967	0.00645	0.00645	0.00967	0.00967	0.01289	0.01289	0.02257	0.01289	0.02579	0.02901	0.78401	0.00645	0.00645	0.00322	0.00322
15	0.02806	0.02553	0.02188	0.01774	0.02300	0.24573	0.01419	0.46087	0.03040	0.03750	0.01576	0.01638	0.01163	0.00850	0.00719	0.00213	0.00986	0.00607	0.00626	0.01132
16	0.02773	0.03538	0.02104	0.01913	0.02295	0.70930	0.01434	0.02964	0.02104	0.01817	0.01148	0.01339	0.00956	0.00765	0.00669	0.00191	0.01339	0.00478	0.00383	0.00861
17	0.02822	0.02079	0.02228	0.01708	0.02302	0.02302	0.01411	0.66804	0.03490	0.04679	0.01782	0.01782	0.01262	0.00891	0.00743	0.00223	0.00817	0.00668	0.00743	0.01262
18	0.23531	0.01339	0.01493	0.01210	0.01707	0.03640	0.00987	0.02989	0.01889	0.42891	0.08884	0.02428	0.02040	0.00911	0.00679	0.00229	0.00613	0.00703	0.00766	0.01070
19	0.03302	0.01309	0.01751	0.01343	0.01918	0.01159	0.01109	0.07184	0.02202	0.66118	0.02864	0.02485	0.01805	0.00917	0.00746	0.00229	0.00642	0.00742	0.00909	0.01263
20	0.01165	0.00844	0.01152	0.01306	0.01485	0.00832	0.01134	0.01491	0.01707	0.02200	0.04286	0.08252	0.10677	0.02034	0.01011	0.00333	0.00653	0.58075	0.00684	0.00678
21	0.01051	0.00708	0.00818	0.00846	0.00853	0.00701	0.00488	0.01072	0.01135	0.01513	0.02621	0.15887	0.03055	0.62396	0.03323	0.00652	0.00673	0.01245	0.00488	0.00474
22	0.01949	0.01724	0.02376	0.35844	0.16832	0.05122	0.01893	0.20147	0.02114	0.02774	0.01456	0.01866	0.01101	0.00769	0.00737	0.00233	0.00937	0.00654	0.00455	0.01018
23	0.01402	0.01319	0.02227	0.72126	0.05113	0.01649	0.02062	0.01897	0.01484	0.01897	0.01319	0.01979	0.00990	0.00742	0.00742	0.00247	0.00990	0.00660	0.00330	0.00825
24	0.00911	0.00651	0.00867	0.01029	0.01078	0.00607	0.00690	0.01051	0.01453	0.01945	0.07063	0.70313	0.05006	0.02289	0.00944	0.00298	0.00427	0.02075	0.00695	0.00607
25	0.01824	0.01801	0.03228	0.04332	0.58994	0.01782	0.12391	0.02294	0.01700	0.02418	0.01413	0.01863	0.01168	0.00656	0.00757	0.00225	0.00940	0.00695	0.00369	0.01148
26	0.01791	0.46728	0.29817	0.01602	0.02418	0.02462	0.01847	0.02273	0.01532	0.01983	0.01150	0.01338	0.00948	0.00663	0.00566	0.00189	0.00913	0.00456	0.00316	0.01009
27	0.01625	0.01685	0.03158	0.26077	0.11973	0.01851	0.26801	0.02111	0.01557	0.02128	0.01343	0.01914	0.01062	0.00777	0.01065	0.00258	0.12588	0.00741	0.00351	0.00933
28	0.02904	0.01175	0.01623	0.01297	0.01788	0.01060	0.01060	0.03187	0.01950	0.56998	0.02752	0.02600	0.01841	0.01793	0.13946	0.00411	0.00887	0.00756	0.00821	0.01151
29	0.01862	0.04963	0.08868	0.03897	0.53394	0.05434	0.02172	0.02413	0.05433	0.02398	0.01455	0.01814	0.01196	0.00689	0.00720	0.00220	0.00905	0.00641	0.00383	0.01143
30	0.01640	0.01220	0.01396	0.01290	0.01564	0.01289	0.00972	0.23689	0.07690	0.02984	0.05511	0.38698	0.05612	0.01686	0.00857	0.00267	0.00571	0.01470	0.00717	0.00879
31	0.04577	0.01010	0.04240	0.01110	0.01379	0.00879	0.00927	0.01723	0.04326	0.07688	0.36410	0.07868	0.10117	0.01539	0.00867	0.00258	0.00491	0.13079	0.00745	0.00770
32	0.01289	0.00645	0.00967	0.00967	0.00967	0.00645	0.00645	0.00967	0.00967	0.01289	0.01289	0.02257	0.01289	0.02579	0.02901	0.78401	0.00645	0.00645	0.00322	0.00322
33	0.71466	0.04892	0.01324	0.01178	0.05010	0.01731	0.00903	0.02189	0.01297	0.03209	0.01053	0.01238	0.00830	0.00685	0.00475	0.00226	0.00601	0.00415	0.00448	0.00830
34	0.04973	0.27037	0.42120	0.01898	0.05715	0.02126	0.02151	0.02298	0.01540	0.02196	0.01223	0.01439	0.00949	0.00679	0.00620	0.00209	0.00964	0.00497	0.00323	0.01040

[dist]
# distance from previous block
# <min> <max>
0	1

[block]
# block no. 4 follows, 27 sequences, length 89
# corresponding to MSA columns:
# 370-458
name=unknown_E
#
# <colnr> <probs for GDERKNQSTAVLIFYWHMCP>
#	G	D	E	R	K	N	Q	S	T	A	V	L	I	F	Y	W	H	M	C	P
0	0.01903	0.48776	0.18738	0.01518	0.02215	0.08687	0.01607	0.02281	0.01562	0.01890	0.01151	0.01363	0.00988	0.00871	0.03518	0.00223	0.00963	0.00456	0.00326	0.00965
1	0.00920	0.00681	0.00828	0.00937	0.01025	0.00624	0.00628	0.01047	0.01445	0.01865	0.04710	0.48562	0.20310	0.11240	0.01287	0.00342	0.00454	0.01847	0.00659	0.00589
2	0.05018	0.01393	0.01597	0.01166	0.01806	0.01149	0.00940	0.08157	0.01749	0.06735	0.01449	0.01608	0.01147	0.00610	0.00576	0.00133	0.00581	0.00478	0.00498	0.63210
3	0.01444	0.00750	0.00757	0.00735	0.00925	0.00760	0.00557	0.04473	0.01638	0.02848	0.02395	0.02726	0.01876	0.00866	0.00528	0.00175	0.00366	0.00691	0.74773	0.00716
4	0.00877	0.00752	0.00752	0.00752	0.01003	0.00627	0.00564	0.01065	0.01692	0.02005	0.07520	0.07144	0.68978	0.01880	0.00877	0.00251	0.00376	0.01567	0.00689	0.00627
5	0.02660	0.01956	0.02105	0.01656	0.02217	0.02169	0.01354	0.52551	0.15466	0.06982	0.02059	0.01996	0.01473	0.00914	0.00745	0.00228	0.00767	0.00703	0.00752	0.01246
6	0.00913	0.00653	0.00869	0.01028	0.01079	0.00609	0.00690	0.01056	0.01462	0.01960	0.07999	0.69332	0.05036	0.02277	0.00943	0.00297	0.00426	0.02064	0.00697	0.00609
7	0.02890	0.02107	0.01847	0.01557	0.02040	0.25415	0.01224	0.03446	0.13083	0.35129	0.02327	0.02156	0.01604	0.00880	0.00721	0.00220	0.00869	0.00669	0.00706	0.01109
8	0.01945	0.01502	0.01657	0.01443	0.01896	0.01628	0.01144	0.06149	0.46841	0.09200	0.02821	0.02939	0.02182	0.01011	0.00748	0.00238	0.00603	0.05056	0.00728	0.10269
9	0.79154	0.01436	0.01091	0.00976	0.01436	0.01665	0.00804	0.02182	0.01263	0.03331	0.01034	0.01206	0.00804	0.00689	0.00459	0.00230	0.00574	0.00402	0.00459	0.00804
10	0.03111	0.01215	0.01652	0.01284	0.01819	0.01053	0.01053	0.03404	0.02123	0.63358	0.09282	0.02818	0.02335	0.00977	0.00759	0.00230	0.00605	0.00804	0.00909	0.01209
11	0.02822	0.02079	0.02228	0.01708	0.02302	0.02302	0.01411	0.66804	0.03490	0.04679	0.01782	0.01782	0.01262	0.00891	0.00743	0.00223	0.00817	0.00668	0.00743	0.01262
