[name]
unknown

[dist]
# distance from previous block
# <min> <max>
3	191

[block]
# block no. 0 follows, 29 sequences, length 23
# corresponding to MSA columns:
# 192-214
name=unknown_A
#
# <colnr> <probs for GDERKNQSTAVLIFYWHMCP>
#	G	D	E	R	K	N	Q	S	T	A	V	L	I	F	Y	W	H	M	C	P
0	0.05864	0.24596	0.02122	0.01203	0.01641	0.03689	0.01015	0.09582	0.10096	0.06034	0.07487	0.07694	0.04365	0.05023	0.00794	0.00223	0.00640	0.00756	0.00534	0.06642
1	0.00925	0.04741	0.00986	0.01004	0.01077	0.00702	0.00692	0.01054	0.01368	0.01810	0.03763	0.70467	0.04500	0.02141	0.00884	0.00282	0.00432	0.01934	0.00641	0.00597
2	0.01482	0.01419	0.01898	0.22192	0.02612	0.05498	0.01486	0.04280	0.01383	0.01891	0.01678	0.08466	0.04343	0.01311	0.04182	0.00303	0.31821	0.00787	0.02199	0.00768
3	0.08734	0.18641	0.14222	0.06633	0.02334	0.04562	0.05153	0.14053	0.01796	0.02508	0.03057	0.06907	0.01381	0.00867	0.00765	0.00217	0.06149	0.00659	0.00434	0.00930
4	0.01423	0.04691	0.05773	0.16620	0.02582	0.05794	0.10120	0.01929	0.08541	0.02003	0.02196	0.23434	0.02205	0.01223	0.00931	0.00253	0.07945	0.01063	0.00469	0.00806
5	0.00900	0.00631	0.00806	0.00946	0.01012	0.00586	0.00640	0.01044	0.01393	0.01888	0.04058	0.63945	0.09530	0.02093	0.00873	0.00276	0.00403	0.01883	0.06506	0.00586
6	0.01088	0.00846	0.00978	0.01006	0.01184	0.00832	0.00726	0.05463	0.09703	0.02203	0.08025	0.39069	0.22507	0.01836	0.00853	0.00262	0.00435	0.01611	0.00678	0.00694
7	0.03376	0.01505	0.02943	0.20986	0.07422	0.01527	0.33988	0.01934	0.01546	0.02108	0.01795	0.14079	0.01651	0.00907	0.00801	0.00245	0.00966	0.00962	0.00401	0.00857
8	0.01019	0.00729	0.00923	0.01020	0.01101	0.00709	0.00695	0.05927	0.01506	0.02015	0.05822	0.61678	0.04361	0.07537	0.01095	0.00311	0.00458	0.01825	0.00652	0.00617
9	0.02457	0.01770	0.01922	0.03399	0.02090	0.01942	0.01248	0.53468	0.05598	0.06405	0.02112	0.02110	0.04895	0.00904	0.00705	0.00214	0.00719	0.00696	0.06220	0.01126
10	0.04815	0.14415	0.29173	0.04655	0.08019	0.07956	0.07367	0.06221	0.06618	0.02330	0.01367	0.01579	0.01046	0.00693	0.00652	0.00211	0.00947	0.00557	0.00377	0.01003
11	0.01683	0.01380	0.01700	0.06670	0.06841	0.01231	0.01097	0.07814	0.07481	0.05074	0.01507	0.01684	0.01188	0.00628	0.00593	0.00148	0.00609	0.00515	0.00477	0.51681
12	0.00855	0.00707	0.00750	0.00769	0.00978	0.00602	0.00565	0.01036	0.01610	0.01963	0.10429	0.16240	0.57355	0.01843	0.00851	0.00246	0.00367	0.01563	0.00668	0.00602
13	0.07179	0.01177	0.01529	0.15319	0.02205	0.01255	0.02940	0.12044	0.05525	0.10903	0.02841	0.24101	0.07452	0.01300	0.00766	0.00247	0.00634	0.01125	0.00608	0.00851
14	0.01732	0.16575	0.43982	0.02000	0.07753	0.05998	0.02150	0.05771	0.01645	0.04270	0.01287	0.01481	0.00964	0.00680	0.00639	0.00208	0.00970	0.00515	0.00348	0.01032
15	0.02202	0.01592	0.01749	0.01418	0.01858	0.01726	0.01139	0.45126	0.04927	0.06266	0.02519	0.09102	0.07860	0.03858	0.05014	0.00295	0.00760	0.00875	0.00681	0.01035
16	0.00866	0.00627	0.00819	0.00972	0.01028	0.00580	0.00653	0.00994	0.01382	0.01825	0.04157	0.69740	0.09330	0.02201	0.00904	0.00286	0.00409	0.01988	0.00661	0.00580
17	0.02415	0.01836	0.05636	0.12837	0.02594	0.01900	0.01461	0.45047	0.02741	0.11001	0.01812	0.04332	0.01334	0.00874	0.00718	0.00221	0.00792	0.00690	0.00645	0.01115
18	0.01762	0.01821	0.06039	0.09788	0.40002	0.06924	0.01868	0.02507	0.15111	0.02372	0.01651	0.01930	0.01313	0.00723	0.00697	0.00217	0.00828	0.00650	0.02740	0.01056
19	0.02022	0.01269	0.01465	0.01264	0.01669	0.01322	0.00997	0.03157	0.35340	0.23129	0.10703	0.03283	0.09072	0.01075	0.00746	0.00233	0.00532	0.00899	0.00772	0.01052
20	0.01766	0.01769	0.02164	0.05588	0.07115	0.14467	0.14112	0.03913	0.01678	0.02278	0.01411	0.01715	0.01129	0.00642	0.00633	0.00171	0.00828	0.00571	0.09662	0.28390
21	0.01194	0.06531	0.05037	0.01180	0.01412	0.01108	0.00995	0.04006	0.01297	0.01871	0.01829	0.02553	0.01651	0.04229	0.54882	0.00912	0.01615	0.00710	0.06287	0.00703
22	0.02020	0.01720	0.02073	0.02228	0.18417	0.07496	0.03987	0.05435	0.35590	0.09871	0.02270	0.02244	0.01701	0.00841	0.00716	0.00226	0.00727	0.00722	0.00608	0.01108

[dist]
# distance from previous block
# <min> <max>
4	8

[block]
# block no. 1 follows, 29 sequences, length 13
# corresponding to MSA columns:
# 223-235
name=unknown_B
#
# <colnr> <probs for GDERKNQSTAVLIFYWHMCP>
#	G	D	E	R	K	N	Q	S	T	A	V	L	I	F	Y	W	H	M	C	P
0	0.02571	0.01884	0.02021	0.01555	0.02104	0.02061	0.01280	0.61280	0.03155	0.04283	0.01726	0.01754	0.01240	0.00839	0.00691	0.00206	0.00746	0.00633	0.05278	0.04694
1	0.01160	0.00937	0.01059	0.01005	0.01248	0.00945	0.00759	0.01895	0.20179	0.02560	0.29876	0.09890	0.22790	0.01472	0.00814	0.00238	0.00410	0.01267	0.00725	0.00770
2	0.01762	0.01692	0.02890	0.04371	0.70533	0.01692	0.02185	0.02185	0.01621	0.02326	0.01339	0.01762	0.01128	0.00634	0.00705	0.00211	0.00846	0.00634	0.00352	0.01128
3	0.02605	0.10064	0.02182	0.01499	0.02062	0.02014	0.01257	0.43899	0.06710	0.15289	0.01870	0.01815	0.01322	0.00828	0.00679	0.00206	0.00730	0.00627	0.00687	0.03654
4	0.01277	0.00827	0.01008	0.01020	0.01207	0.00789	0.00771	0.01574	0.05864	0.09697	0.04134	0.17829	0.18789	0.15842	0.01399	0.00353	0.00540	0.15755	0.00645	0.00679
5	0.00864	0.00633	0.00813	0.00957	0.01024	0.00581	0.00646	0.00995	0.01396	0.01831	0.04342	0.65935	0.13016	0.02177	0.00900	0.00283	0.00406	0.01958	0.00661	0.00581
6	0.01274	0.02460	0.41816	0.01617	0.02289	0.01264	0.04264	0.01843	0.01480	0.02173	0.04163	0.15321	0.04499	0.04696	0.00866	0.00256	0.00816	0.00905	0.07128	0.00871
7	0.02402	0.01715	0.01891	0.01441	0.02008	0.01768	0.01182	0.45425	0.02758	0.09601	0.01952	0.01948	0.04278	0.00829	0.00679	0.00192	0.00695	0.00639	0.00662	0.17936
8	0.00878	0.00629	0.00848	0.01002	0.01049	0.00600	0.00677	0.01011	0.01348	0.01806	0.03787	0.69605	0.04509	0.02444	0.05782	0.00348	0.00515	0.01938	0.00642	0.00582
9	0.00866	0.00626	0.00820	0.00976	0.01029	0.00580	0.00654	0.00993	0.01378	0.01824	0.04113	0.70628	0.08470	0.02206	0.00905	0.00286	0.00410	0.01994	0.00661	0.00580
10	0.01801	0.01671	0.07689	0.01376	0.01987	0.01401	0.03296	0.20467	0.04720	0.02918	0.01613	0.05759	0.01339	0.00749	0.00632	0.00166	0.00661	0.00612	0.00517	0.40627
11	0.01634	0.11476	0.01927	0.13545	0.02215	0.09505	0.01208	0.03845	0.08999	0.02057	0.01745	0.02168	0.04002	0.06113	0.04557	0.00280	0.07737	0.00635	0.03568	0.12783
12	0.02059	0.01940	0.07105	0.02315	0.19228	0.09595	0.04813	0.13729	0.14700	0.08564	0.01924	0.04712	0.01538	0.03577	0.00824	0.00238	0.00821	0.00724	0.00541	0.01055

[dist]
# distance from previous block
# <min> <max>
0	18

[block]
# block no. 2 follows, 29 sequences, length 16
# corresponding to MSA columns:
# 254-269
name=unknown_C
#
# <colnr> <probs for GDERKNQSTAVLIFYWHMCP>
#	G	D	E	R	K	N	Q	S	T	A	V	L	I	F	Y	W	H	M	C	P
0	0.02279	0.01659	0.05289	0.01395	0.01905	0.04428	0.01171	0.23064	0.12295	0.17993	0.02190	0.06036	0.01661	0.00901	0.00687	0.00208	0.00669	0.00722	0.05662	0.09785
1	0.02206	0.02220	0.12376	0.02058	0.10414	0.07750	0.05316	0.35848	0.02503	0.03338	0.01652	0.05846	0.01321	0.00848	0.00714	0.00215	0.00867	0.00693	0.00550	0.03264
2	0.00891	0.00705	0.00778	0.00792	0.00968	0.00618	0.00567	0.01069	0.01587	0.01998	0.16096	0.15821	0.44092	0.09445	0.01141	0.00292	0.00399	0.01493	0.00656	0.00591
3	0.01620	0.01557	0.02633	0.26408	0.37083	0.01673	0.07507	0.02226	0.07969	0.02219	0.01472	0.01905	0.01165	0.00688	0.00720	0.00225	0.00882	0.00667	0.00377	0.01004
4	0.02215	0.46210	0.03057	0.01441	0.01979	0.21609	0.01279	0.10946	0.01851	0.02061	0.01114	0.01255	0.00954	0.00675	0.00541	0.00169	0.00907	0.00436	0.00375	0.00929
5	0.01171	0.00810	0.00930	0.00916	0.00985	0.00823	0.00581	0.08030	0.01353	0.01806	0.02577	0.20522	0.02936	0.50400	0.02692	0.00548	0.00636	0.01223	0.00514	0.00547
6	0.02504	0.01562	0.01777	0.01445	0.01944	0.01663	0.01167	0.22380	0.28332	0.25463	0.02524	0.02306	0.01761	0.00906	0.00718	0.00227	0.00641	0.00729	0.00772	0.01179
7	0.00876	0.00623	0.00824	0.00981	0.01020	0.00584	0.00650	0.00994	0.01347	0.01796	0.03842	0.71087	0.04606	0.05796	0.01042	0.00309	0.00427	0.01976	0.00650	0.00571
8	0.02553	0.01032	0.01350	0.01104	0.01520	0.00916	0.00886	0.02827	0.01851	0.49014	0.02802	0.09155	0.02050	0.00995	0.00684	0.00214	0.00526	0.00825	0.18669	0.01028
9	0.01226	0.00668	0.00705	0.00722	0.00880	0.00659	0.00534	0.01521	0.01476	0.02466	0.02881	0.10510	0.07836	0.01240	0.03479	0.00225	0.00407	0.00880	0.61037	0.00648
10	0.03195	0.01212	0.01652	0.01267	0.01818	0.01047	0.01047	0.03470	0.02038	0.71026	0.02809	0.02424	0.01763	0.00881	0.00716	0.00220	0.00606	0.00716	0.00881	0.01212
11	0.01565	0.00797	0.01074	0.01074	0.01268	0.00719	0.00777	0.01734	0.01566	0.22559	0.03590	0.52907	0.03826	0.01826	0.00851	0.00269	0.00471	0.01632	0.00727	0.00768
12	0.00871	0.00636	0.00820	0.00956	0.01026	0.00585	0.00648	0.01010	0.01421	0.01874	0.07129	0.63765	0.12344	0.02149	0.00898	0.00281	0.00404	0.01933	0.00666	0.00585
13	0.02287	0.01271	0.01505	0.01234	0.01652	0.01258	0.00988	0.22675	0.02277	0.27079	0.05928	0.11898	0.09328	0.01161	0.00743	0.00226	0.00581	0.00961	0.05939	0.01008
14	0.02644	0.01890	0.02047	0.01592	0.02143	0.02079	0.01308	0.56805	0.10131	0.09098	0.01912	0.01860	0.01351	0.00868	0.00714	0.00217	0.00748	0.00664	0.00726	0.01202
15	0.02778	0.01740	0.01962	0.01520	0.02072	0.01848	0.01250	0.45260	0.07671	0.23218	0.02106	0.01979	0.01436	0.00870	0.00714	0.00218	0.00718	0.00674	0.00761	0.01205

[dist]
# distance from previous block
# <min> <max>
0	3

[block]
# block no. 3 follows, 29 sequences, length 32
# corresponding to MSA columns:
# 273-304
name=unknown_D
#
# <colnr> <probs for GDERKNQSTAVLIFYWHMCP>
#	G	D	E	R	K	N	Q	S	T	A	V	L	I	F	Y	W	H	M	C	P
0	0.01829	0.01771	0.05221	0.20876	0.03266	0.06093	0.20003	0.09075	0.08047	0.06621	0.01595	0.01891	0.01182	0.00711	0.00725	0.00218	0.00928	0.00676	0.00454	0.08817
1	0.04318	0.04901	0.08831	0.01455	0.03762	0.04713	0.01232	0.25281	0.04948	0.03027	0.04952	0.02148	0.01595	0.06367	0.04441	0.00277	0.00784	0.00650	0.06015	0.10306
2	0.02571	0.07210	0.02256	0.01756	0.06471	0.02149	0.01373	0.53633	0.05840	0.07029	0.01733	0.01744	0.01250	0.00829	0.00694	0.00211	0.00769	0.00632	0.00668	0.01181
3	0.01883	0.01785	0.01735	0.01666	0.06521	0.13802	0.01211	0.03139	0.40271	0.04505	0.02420	0.02387	0.03904	0.01081	0.03505	0.00258	0.03205	0.00724	0.00596	0.05402
4	0.01742	0.01527	0.01969	0.01671	0.01833	0.01958	0.01371	0.16729	0.04621	0.02377	0.01362	0.01903	0.01214	0.04263	0.10515	0.00402	0.42581	0.00667	0.00433	0.00862
5	0.07464	0.16788	0.34168	0.01847	0.04433	0.09083	0.05610	0.06486	0.01670	0.04415	0.01270	0.01459	0.00959	0.00681	0.00628	0.00206	0.00956	0.00515	0.00367	0.00994
6	0.01359	0.01179	0.01766	0.01524	0.01763	0.01256	0.12055	0.10499	0.01670	0.02254	0.03063	0.34609	0.09390	0.01578	0.01086	0.00269	0.11986	0.01370	0.00564	0.00762
7	0.00891	0.00660	0.00869	0.01006	0.01059	0.00638	0.00686	0.01020	0.01370	0.01821	0.04023	0.67564	0.08718	0.02168	0.00957	0.00287	0.03087	0.01940	0.00648	0.00587
8	0.02355	0.01706	0.01855	0.01483	0.01946	0.01869	0.01189	0.50412	0.07009	0.05899	0.02061	0.08562	0.01719	0.07383	0.00982	0.00264	0.00723	0.00811	0.00689	0.01082
9	0.01237	0.00618	0.00928	0.00928	0.00928	0.00618	0.00618	0.00928	0.00928	0.01237	0.01237	0.02165	0.01237	0.02474	0.02783	0.79283	0.00618	0.00618	0.00309	0.00309
10	0.00877	0.00723	0.00770	0.00758	0.00983	0.00616	0.00569	0.01090	0.01706	0.02120	0.20451	0.06530	0.56884	0.01730	0.00841	0.00237	0.00355	0.01458	0.00687	0.00616
11	0.01621	0.01357	0.01552	0.01141	0.01751	0.01134	0.00915	0.08560	0.06545	0.02584	0.01428	0.01585	0.01151	0.00592	0.00560	0.00126	0.00556	0.00471	0.00473	0.65898
12	0.06088	0.04626	0.11658	0.04616	0.08565	0.31685	0.03239	0.11340	0.01948	0.02327	0.01332	0.04123	0.01111	0.00795	0.00726	0.00209	0.03689	0.00582	0.00412	0.00927
13	0.01969	0.14375	0.05286	0.01835	0.06354	0.09619	0.03657	0.13269	0.01764	0.05335	0.01429	0.06319	0.01275	0.00981	0.01173	0.00236	0.23095	0.00667	0.00436	0.00926
14	0.00875	0.00625	0.00833	0.00987	0.01034	0.00583	0.00662	0.01009	0.01396	0.01870	0.07240	0.71047	0.04810	0.02192	0.00905	0.00286	0.00409	0.01987	0.00667	0.00583
15	0.02685	0.01866	0.02083	0.05601	0.02315	0.02043	0.01354	0.57197	0.03093	0.11799	0.01808	0.01800	0.01258	0.00850	0.00713	0.00216	0.00773	0.00649	0.00709	0.01188
16	0.01550	0.01111	0.01220	0.01098	0.01379	0.03606	0.00837	0.12615	0.06280	0.09267	0.18866	0.15915	0.17719	0.04128	0.00906	0.00253	0.00516	0.01223	0.00703	0.00808
17	0.02355	0.01157	0.01475	0.01250	0.01657	0.01098	0.01006	0.09604	0.06469	0.38030	0.05552	0.14016	0.04724	0.01238	0.00779	0.00242	0.00580	0.06961	0.00789	0.01020
18	0.13060	0.01271	0.01598	0.01242	0.01780	0.01173	0.01026	0.06401	0.01995	0.59097	0.02522	0.02226	0.01608	0.00852	0.00680	0.00220	0.00607	0.00670	0.00816	0.01155
19	0.04840	0.09158	0.17618	0.01457	0.02030	0.07746	0.01407	0.05050	0.13506	0.15930	0.08778	0.02451	0.05195	0.00901	0.00685	0.00216	0.00742	0.00712	0.00579	0.01000
20	0.02509	0.01935	0.04881	0.01584	0.02139	0.02027	0.01339	0.56382	0.05908	0.06174	0.02028	0.04233	0.03662	0.00928	0.00722	0.00219	0.00754	0.00718	0.00698	0.01161
21	0.06197	0.01354	0.01691	0.01320	0.01857	0.01291	0.01085	0.12450	0.07714	0.53347	0.02588	0.02291	0.01678	0.00875	0.00705	0.00221	0.00625	0.00699	0.00827	0.01186
22	0.01026	0.00686	0.00779	0.00789	0.00791	0.00684	0.00444	0.01033	0.01054	0.01405	0.02338	0.08565	0.02707	0.70908	0.03472	0.00668	0.00675	0.01091	0.00444	0.00440
23	0.04473	0.01676	0.11110	0.19343	0.14450	0.01524	0.04846	0.12208	0.01756	0.02475	0.04074	0.06336	0.01524	0.01117	0.03850	0.04285	0.00870	0.00735	0.02445	0.00904
24	0.01797	0.23518	0.32281	0.01949	0.08951	0.01898	0.04724	0.02324	0.01571	0.09886	0.01470	0.01778	0.01145	0.00719	0.00639	0.00207	0.00891	0.02842	0.00388	0.01020
25	0.00898	0.00652	0.00797	0.00899	0.00967	0.00606	0.00592	0.01006	0.01342	0.01746	0.04165	0.47971	0.15988	0.17196	0.01458	0.00363	0.00461	0.01727	0.00614	0.00552
26	0.02743	0.01854	0.02061	0.01588	0.02134	0.02022	0.01312	0.55415	0.03057	0.15004	0.01857	0.01818	0.01289	0.00873	0.00772	0.00218	0.03413	0.00652	0.00725	0.01195
27	0.01556	0.01877	0.13844	0.23447	0.26474	0.05061	0.04153	0.02038	0.01557	0.02142	0.01624	0.02025	0.04066	0.00732	0.00695	0.00219	0.00886	0.00654	0.06009	0.00940
28	0.06174	0.07650	0.10902	0.01356	0.01908	0.01358	0.01251	0.09255	0.01937	0.36369	0.03798	0.08323	0.01921	0.00987	0.00706	0.00225	0.00673	0.03458	0.00690	0.01058
29	0.01059	0.00779	0.01091	0.03317	0.01286	0.00884	0.00832	0.01291	0.01200	0.01733	0.02273	0.03196	0.06161	0.12493	0.49450	0.00900	0.03342	0.00825	0.07268	0.00621
30	0.01783	0.04778	0.01319	0.01065	0.01350	0.03210	0.00816	0.10289	0.01750	0.16154	0.02819	0.11322	0.08220	0.13984	0.05715	0.00355	0.00668	0.00951	0.12650	0.00805
31	0.17812	0.14268	0.02011	0.07038	0.02054	0.01838	0.01174	0.16540	0.10639	0.14915	0.01817	0.01963	0.01363	0.00816	0.00625	0.00215	0.00683	0.02635	0.00585	0.01010

[dist]
# distance from previous block
# <min> <max>
6	28

[block]
# block no. 4 follows, 29 sequences, length 20
# corresponding to MSA columns:
# 334-353
name=unknown_E
#
# <colnr> <probs for GDERKNQSTAVLIFYWHMCP>
#	G	D	E	R	K	N	Q	S	T	A	V	L	I	F	Y	W	H	M	C	P
0	0.01522	0.00940	0.01294	0.01346	0.08388	0.00883	0.00906	0.01890	0.04307	0.15663	0.41280	0.08458	0.04759	0.04058	0.00907	0.00244	0.00466	0.01129	0.00735	0.00823
1	0.05593	0.00776	0.00905	0.00898	0.01106	0.00716	0.00684	0.01328	0.01717	0.05243	0.27342	0.14964	0.27821	0.01650	0.00833	0.00246	0.00404	0.06413	0.00699	0.00662
2	0.01508	0.13095	0.48445	0.01918	0.02746	0.01848	0.05849	0.02151	0.01476	0.02136	0.03418	0.01605	0.01104	0.00751	0.00844	0.00226	0.09015	0.00559	0.00321	0.00986
3	0.00894	0.00643	0.00852	0.01000	0.01063	0.00601	0.00692	0.01045	0.01426	0.01899	0.07621	0.64006	0.06829	0.02157	0.00908	0.00287	0.00424	0.06396	0.00667	0.00590
4	0.01032	0.00753	0.01004	0.01138	0.01282	0.00725	0.00928	0.01290	0.01583	0.02054	0.06859	0.24470	0.12914	0.01992	0.00941	0.00303	0.00544	0.38897	0.00663	0.00630
5	0.01493	0.01204	0.01424	0.01058	0.01633	0.00919	0.00836	0.01790	0.01490	0.05185	0.01576	0.08240	0.01421	0.00699	0.00570	0.00127	0.00520	0.00582	0.00463	0.68768
6	0.01441	0.12947	0.30043	0.04491	0.06226	0.01632	0.12636	0.01982	0.01560	0.02131	0.04987	0.04787	0.10356	0.00883	0.00710	0.00221	0.00879	0.00774	0.00393	0.00922
7	0.01092	0.00741	0.00949	0.00906	0.01090	0.00674	0.00676	0.01383	0.01899	0.06342	0.51870	0.13009	0.13574	0.01551	0.00841	0.00233	0.00362	0.01363	0.00761	0.00683
8	0.01110	0.00709	0.00956	0.01058	0.01171	0.00663	0.00773	0.01298	0.01519	0.07442	0.09585	0.51785	0.04550	0.02013	0.00900	0.00284	0.00462	0.12384	0.00688	0.00649
9	0.01494	0.01281	0.01484	0.01078	0.01697	0.00997	0.00860	0.01908	0.05405	0.02358	0.01360	0.01545	0.01120	0.00553	0.00539	0.00113	0.00529	0.00444	0.00439	0.74796
10	0.01177	0.03335	0.13492	0.01233	0.01528	0.00986	0.01099	0.06631	0.01616	0.02207	0.09754	0.40321	0.03738	0.04564	0.00944	0.00280	0.00582	0.05186	0.00595	0.00729
11	0.00866	0.00625	0.00821	0.00978	0.01029	0.00580	0.00655	0.00993	0.01376	0.01823	0.04091	0.71081	0.08032	0.02209	0.00905	0.00287	0.00410	0.01998	0.00661	0.00580
12	0.01762	0.01692	0.02890	0.04371	0.70533	0.01692	0.02185	0.02185	0.01621	0.02326	0.01339	0.01762	0.01128	0.00634	0.00705	0.00211	0.00846	0.00634	0.00352	0.01128
13	0.10987	0.30929	0.27222	0.01528	0.02249	0.07142	0.01672	0.02325	0.03924	0.04375	0.01228	0.01379	0.00966	0.00670	0.00565	0.00194	0.00866	0.00465	0.00357	0.00957
14	0.10504	0.01528	0.01952	0.21704	0.12535	0.01728	0.01497	0.17321	0.14796	0.02878	0.01959	0.02149	0.04761	0.00831	0.00690	0.00227	0.00749	0.00684	0.00521	0.00987
15	0.00850	0.00722	0.00733	0.00731	0.00967	0.00605	0.00548	0.01039	0.01644	0.01973	0.10522	0.06772	0.66905	0.01785	0.00841	0.00240	0.00359	0.01492	0.00668	0.00605
16	0.01735	0.02035	0.12297	0.03750	0.52596	0.05366	0.04805	0.02203	0.01612	0.02261	0.01342	0.01743	0.01106	0.00802	0.03107	0.00244	0.00947	0.00623	0.00347	0.01078
17	0.04753	0.03192	0.54088	0.02330	0.10037	0.01671	0.09543	0.02244	0.01523	0.02304	0.01290	0.01561	0.00939	0.00663	0.00687	0.00225	0.01026	0.00565	0.00318	0.01039
18	0.02643	0.07809	0.02263	0.01605	0.02178	0.02256	0.01343	0.62929	0.03197	0.04265	0.01653	0.01665	0.01187	0.00835	0.00692	0.00209	0.00782	0.00620	0.00680	0.01187
19	0.02582	0.07595	0.02077	0.01480	0.02017	0.01977	0.01234	0.47383	0.05079	0.13110	0.01884	0.01859	0.01337	0.00841	0.00678	0.00207	0.00719	0.00638	0.06156	0.01147

[dist]
# distance from previous block
# <min> <max>
0	8

[block]
# block no. 5 follows, 29 sequences, length 55
# corresponding to MSA columns:
# 362-416
name=unknown_F
#
# <colnr> <probs for GDERKNQSTAVLIFYWHMCP>
#	G	D	E	R	K	N	Q	S	T	A	V	L	I	F	Y	W	H	M	C	P
0	0.01848	0.51094	0.12436	0.01441	0.02026	0.02537	0.01461	0.06491	0.01534	0.01945	0.01069	0.01284	0.00935	0.00719	0.00754	0.00187	0.10523	0.00450	0.00332	0.00934
1	0.04370	0.15843	0.57197	0.01851	0.02806	0.01850	0.02322	0.02228	0.01483	0.02190	0.01218	0.01429	0.00899	0.00664	0.00630	0.00213	0.00984	0.00496	0.00306	0.01018
2	0.01173	0.00825	0.00979	0.00901	0.01107	0.00775	0.00668	0.05761	0.01876	0.05329	0.38066	0.05251	0.21333	0.11407	0.01203	0.00290	0.00431	0.01240	0.00705	0.00680
3	0.02548	0.01814	0.01971	0.01545	0.02062	0.01988	0.01258	0.54430	0.07858	0.08604	0.01957	0.04141	0.01479	0.03945	0.00839	0.00238	0.00741	0.00716	0.00711	0.01154
4	0.03081	0.01263	0.01668	0.01293	0.01835	0.01139	0.01064	0.05953	0.06565	0.63961	0.02773	0.02412	0.01769	0.00886	0.00716	0.00221	0.00610	0.00719	0.00864	0.01206
5	0.03066	0.01270	0.01673	0.01289	0.01827	0.01145	0.01062	0.09650	0.02164	0.62051	0.05209	0.02462	0.01894	0.00900	0.00720	0.00220	0.00613	0.00730	0.00861	0.01192
6	0.02441	0.01794	0.01968	0.01583	0.02083	0.01971	0.01318	0.56775	0.03056	0.04085	0.02061	0.02789	0.01704	0.01045	0.00759	0.00233	0.00762	0.11754	0.00703	0.01116
7	0.03137	0.01225	0.01651	0.01274	0.01819	0.01076	0.01050	0.03483	0.04778	0.68252	0.02813	0.02433	0.01779	0.00885	0.00716	0.00221	0.00604	0.00720	0.00875	0.01208
8	0.04434	0.01330	0.02125	0.63527	0.07305	0.01623	0.01904	0.05698	0.01536	0.02047	0.01284	0.01854	0.00965	0.00715	0.00701	0.00234	0.00920	0.00624	0.00346	0.00828
9	0.01666	0.01017	0.01342	0.01308	0.06374	0.00981	0.00929	0.02223	0.11148	0.18420	0.40617	0.04037	0.04562	0.01198	0.00786	0.00225	0.00466	0.01044	0.00767	0.00890
10	0.01477	0.01266	0.01477	0.01055	0.01687	0.00949	0.00844	0.01793	0.01477	0.02320	0.01266	0.01477	0.01055	0.00527	0.00527	0.00105	0.00527	0.00422	0.00422	0.79328
11	0.00998	0.00720	0.00943	0.00902	0.01062	0.00665	0.00671	0.01320	0.01971	0.02785	0.65637	0.10042	0.06582	0.01509	0.00845	0.00228	0.00341	0.01338	0.00775	0.00665
12	0.49387	0.01272	0.01232	0.01049	0.01500	0.01348	0.00855	0.02474	0.01495	0.25486	0.01787	0.06461	0.01361	0.00838	0.00563	0.00225	0.00560	0.00604	0.00601	0.00904
13	0.01101	0.00865	0.01112	0.05850	0.01379	0.03511	0.00823	0.01280	0.01168	0.01585	0.02019	0.05952	0.02064	0.27331	0.39855	0.00869	0.01370	0.00878	0.00403	0.00585
14	0.03049	0.01180	0.01606	0.01242	0.01768	0.01022	0.01022	0.03329	0.02037	0.66485	0.07296	0.02617	0.02093	0.00920	0.00724	0.00221	0.00588	0.00754	0.00875	0.01176
15	0.00859	0.00722	0.00746	0.00740	0.00973	0.00609	0.00555	0.01056	0.01665	0.02023	0.13958	0.06688	0.63438	0.01766	0.00841	0.00239	0.00358	0.01480	0.00674	0.00609
16	0.00988	0.00699	0.00890	0.00929	0.01068	0.00638	0.00671	0.01212	0.01680	0.04093	0.29743	0.33471	0.15685	0.01823	0.00869	0.00256	0.00388	0.03546	0.00714	0.00637
17	0.03178	0.01238	0.01669	0.01279	0.01831	0.01086	0.01057	0.05647	0.02082	0.68788	0.02772	0.02400	0.01744	0.00880	0.00716	0.00220	0.00612	0.00714	0.00876	0.01212
18	0.03161	0.01267	0.01686	0.01293	0.01845	0.01128	0.01068	0.08008	0.02130	0.66358	0.02732	0.02374	0.01724	0.00879	0.00716	0.00220	0.00618	0.00711	0.00869	0.01212
19	0.01182	0.00974	0.01376	0.01288	0.01365	0.01221	0.01010	0.01380	0.01128	0.01671	0.01688	0.02668	0.01641	0.12417	0.41871	0.00823	0.21889	0.00753	0.03002	0.00652
20	0.01681	0.01921	0.04202	0.03001	0.03721	0.01801	0.67947	0.02281	0.01681	0.02281	0.01441	0.01921	0.01080	0.00600	0.00840	0.00240	0.01200	0.00840	0.00360	0.00960
21	0.00987	0.00665	0.00790	0.00847	0.00867	0.00651	0.00513	0.01041	0.01164	0.01574	0.02825	0.28638	0.03293	0.47447	0.02585	0.00535	0.00583	0.01363	0.03143	0.00490
22	0.03737	0.01286	0.02132	0.68372	0.07376	0.01587	0.01949	0.01842	0.01425	0.01881	0.01260	0.01871	0.00951	0.00707	0.00703	0.00236	0.00933	0.00625	0.00322	0.00804
23	0.01237	0.00618	0.00928	0.00928	0.00928	0.00618	0.00618	0.00928	0.00928	0.01237	0.01237	0.02165	0.01237	0.02474	0.02783	0.79283	0.00618	0.00618	0.00309	0.00309
24	0.01017	0.00683	0.00782	0.00800	0.00805	0.00678	0.00457	0.01031	0.01072	0.01429	0.02428	0.12331	0.02822	0.66986	0.03326	0.00646	0.00660	0.01144	0.00457	0.00448
25	0.00967	0.00726	0.00896	0.00854	0.01039	0.00655	0.00640	0.01266	0.01920	0.02629	0.54891	0.05691	0.22126	0.01540	0.00840	0.00228	0.00342	0.01340	0.00754	0.00655
26	0.02068	0.01677	0.01777	0.01509	0.01965	0.01910	0.01199	0.24233	0.48314	0.03458	0.02521	0.02356	0.01868	0.00931	0.00721	0.00233	0.00633	0.00753	0.00721	0.01154
27	0.01681	0.01921	0.04202	0.03001	0.03721	0.01801	0.67947	0.02281	0.01681	0.02281	0.01441	0.01921	0.01080	0.00600	0.00840	0.00240	0.01200	0.00840	0.00360	0.00960
28	0.00985	0.00727	0.00920	0.00872	0.01050	0.00662	0.00654	0.01299	0.01961	0.02726	0.61427	0.05532	0.15530	0.01504	0.00840	0.00226	0.00339	0.01318	0.00767	0.00662
29	0.04630	0.43941	0.28384	0.01608	0.04510	0.02309	0.01751	0.02178	0.01465	0.01966	0.01107	0.01295	0.00911	0.00637	0.00545	0.00184	0.00863	0.00443	0.00310	0.00966
30	0.01427	0.01117	0.01674	0.01816	0.13274	0.01241	0.03213	0.06355	0.01450	0.04585	0.01766	0.02396	0.01543	0.03288	0.39829	0.00727	0.07134	0.00715	0.05645	0.00805
31	0.01578	0.01326	0.01531	0.01103	0.01730	0.01053	0.00886	0.07263	0.01631	0.02499	0.01302	0.01496	0.01068	0.00554	0.00543	0.00114	0.00548	0.00440	0.00446	0.72890
32	0.01786	0.04692	0.02112	0.04022	0.02026	0.16127	0.04003	0.06637	0.01509	0.01944	0.01331	0.06478	0.01273	0.01430	0.07004	0.00330	0.35411	0.00695	0.00382	0.00807
33	0.00957	0.00691	0.00892	0.01023	0.01099	0.00659	0.00706	0.03909	0.01470	0.01950	0.03942	0.66182	0.06919	0.02145	0.00901	0.00286	0.00437	0.04558	0.00663	0.00610
34	0.63365	0.01294	0.01107	0.00971	0.01397	0.01443	0.00793	0.02179	0.01386	0.10999	0.08000	0.01712	0.01470	0.00765	0.00512	0.00221	0.00536	0.00512	0.00525	0.00812
35	0.01747	0.01776	0.05530	0.04231	0.65493	0.01694	0.04648	0.02192	0.01619	0.02322	0.01341	0.01758	0.01118	0.00635	0.00709	0.00213	0.00867	0.00638	0.00351	0.01119
36	0.00966	0.00684	0.00890	0.00964	0.01049	0.00650	0.00680	0.01154	0.01532	0.02086	0.23038	0.35866	0.04892	0.13621	0.01331	0.00338	0.00461	0.08548	0.00660	0.00591
37	0.01474	0.00837	0.00862	0.00797	0.01017	0.00858	0.00614	0.10065	0.01750	0.02866	0.04589	0.02781	0.04544	0.00890	0.00549	0.00177	0.00390	0.00713	0.63497	0.00731
38	0.10039	0.02196	0.01826	0.01534	0.01966	0.27086	0.01214	0.17175	0.02142	0.14922	0.01762	0.01810	0.03802	0.00848	0.00768	0.00208	0.05740	0.00588	0.00552	0.03821
39	0.00893	0.00620	0.00833	0.00987	0.01026	0.00581	0.00658	0.00987	0.01333	0.01778	0.03740	0.69549	0.04471	0.02248	0.01037	0.05706	0.00427	0.01928	0.00637	0.00560
40	0.01089	0.00748	0.00964	0.00898	0.01088	0.00683	0.00678	0.01411	0.01986	0.05724	0.62395	0.05312	0.11408	0.01458	0.00835	0.00225	0.00349	0.01280	0.00779	0.00690
41	0.00884	0.00723	0.00780	0.00765	0.00988	0.00619	0.00574	0.01103	0.01722	0.02159	0.23111	0.06465	0.54200	0.01716	0.00841	0.00236	0.00354	0.01448	0.00692	0.00619
42	0.01477	0.01266	0.01477	0.01055	0.01687	0.00949	0.00844	0.01793	0.01477	0.02320	0.01266	0.01477	0.01055	0.00527	0.00527	0.00105	0.00527	0.00422	0.00422	0.79328
43	0.01327	0.00664	0.00664	0.00664	0.00830	0.00664	0.00498	0.01659	0.01493	0.02655	0.02323	0.02655	0.01825	0.00830	0.00498	0.00166	0.00332	0.00664	0.78928	0.00664
44	0.13175	0.01215	0.01540	0.01203	0.01726	0.01106	0.00992	0.03228	0.01911	0.59828	0.02555	0.02266	0.01635	0.00851	0.00673	0.00218	0.00589	0.00671	0.03482	0.01136
45	0.00868	0.00620	0.00826	0.00991	0.01033	0.00578	0.00661	0.00991	0.01363	0.01818	0.03925	0.74510	0.04710	0.02231	0.00909	0.00289	0.00413	0.02024	0.00661	0.00578
46	0.01771	0.01530	0.01610	0.01449	0.01852	0.01771	0.01127	0.03784	0.69247	0.02979	0.02898	0.02657	0.02174	0.00966	0.00725	0.00242	0.00564	0.00805	0.00725	0.01127
47	0.03063	0.01173	0.01583	0.01224	0.01748	0.01020	0.01008	0.03343	0.02000	0.66215	0.02775	0.02440	0.01767	0.00878	0.00701	0.00217	0.00587	0.00712	0.06374	0.01173
48	0.00881	0.00630	0.00838	0.00982	0.01036	0.00587	0.00662	0.01025	0.01426	0.01918	0.10313	0.67837	0.04903	0.02156	0.00902	0.00283	0.00406	0.01953	0.00673	0.00587
49	0.01904	0.75404	0.03731	0.01218	0.01828	0.02818	0.01218	0.02132	0.01447	0.01675	0.00990	0.01142	0.00914	0.00609	0.00457	0.00152	0.00761	0.00381	0.00305	0.00914
50	0.01558	0.01558	0.02181	0.01869	0.01869	0.02181	0.01558	0.01714	0.01091	0.01714	0.00935	0.01558	0.00935	0.01246	0.02337	0.00312	0.73672	0.00623	0.00312	0.00779
51	0.01237	0.00618	0.00928	0.00928	0.00928	0.00618	0.00618	0.00928	0.00928	0.01237	0.01237	0.02165	0.01237	0.02474	0.02783	0.79283	0.00618	0.00618	0.00309	0.00309
52	0.02707	0.01995	0.02137	0.01638	0.02208	0.02208	0.01353	0.68159	0.03348	0.04488	0.01710	0.01710	0.01211	0.00855	0.00712	0.00214	0.00784	0.00641	0.00712	0.01211
53	0.01989	0.01465	0.01679	0.01239	0.01846	0.01312	0.01006	0.20563	0.02056	0.09630	0.01541	0.01634	0.01168	0.00654	0.00598	0.00147	0.00607	0.00512	0.00548	0.49807
54	0.01470	0.06162	0.56757	0.01878	0.02797	0.01581	0.04379	0.02189	0.01562	0.04737	0.05727	0.01985	0.04134	0.00772	0.00691	0.00223	0.00957	0.00623	0.00368	0.01008

[dist]
# distance from previous block
# <min> <max>
0	2

[block]
# block no. 6 follows, 29 sequences, length 61
# corresponding to MSA columns:
# 419-479
name=unknown_G
#
# <colnr> <probs for GDERKNQSTAVLIFYWHMCP>
#	G	D	E	R	K	N	Q	S	T	A	V	L	I	F	Y	W	H	M	C	P
0	0.77326	0.01373	0.01084	0.03400	0.01497	0.01597	0.00812	0.02084	0.01219	0.03148	0.01001	0.01182	0.00777	0.00663	0.00450	0.00221	0.00564	0.00394	0.00436	0.00772
1	0.01685	0.01909	0.04133	0.03073	0.07226	0.01795	0.64498	0.02276	0.01678	0.02283	0.01435	0.01912	0.01083	0.00602	0.00833	0.00239	0.01182	0.00830	0.00360	0.00969
2	0.80005	0.01377	0.01047	0.00936	0.01377	0.01597	0.00771	0.02093	0.01212	0.03195	0.00991	0.01157	0.00771	0.00661	0.00441	0.00220	0.00551	0.00386	0.00441	0.00771
3	0.01147	0.00820	0.01147	0.01311	0.01475	0.00820	0.01147	0.01475	0.01639	0.02131	0.03770	0.08032	0.04098	0.01967	0.00984	0.00328	0.00656	0.65741	0.00656	0.00656
4	0.00941	0.00728	0.00799	0.00808	0.01024	0.00626	0.00605	0.01137	0.01642	0.04025	0.12454	0.14614	0.52033	0.01801	0.00851	0.00247	0.00383	0.03977	0.00679	0.00625
5	0.02655	0.01903	0.02059	0.01598	0.02152	0.02095	0.01314	0.58302	0.09122	0.08607	0.01886	0.01839	0.01332	0.00866	0.00714	0.00217	0.00753	0.00660	0.00724	0.01204
6	0.00976	0.00665	0.00794	0.00853	0.00868	0.00651	0.00513	0.01020	0.01152	0.01536	0.02840	0.29449	0.03341	0.49159	0.02661	0.00548	0.00592	0.01386	0.00513	0.00484
7	0.01103	0.00815	0.00886	0.00838	0.01102	0.00727	0.00639	0.01443	0.06475	0.07175	0.15907	0.06007	0.51051	0.01626	0.00824	0.00237	0.00389	0.01364	0.00700	0.00693
8	0.01511	0.01489	0.02091	0.01807	0.01818	0.02069	0.01500	0.01675	0.01095	0.01708	0.01019	0.01665	0.01008	0.01600	0.08373	0.00384	0.67467	0.00635	0.00318	0.00767
9	0.00868	0.00651	0.00806	0.00918	0.01016	0.00589	0.00631	0.01018	0.01464	0.01900	0.08287	0.53685	0.21417	0.02081	0.00888	0.00273	0.00396	0.01853	0.00668	0.00589
10	0.14588	0.01199	0.01509	0.01200	0.01701	0.01099	0.00981	0.03105	0.01871	0.56410	0.02607	0.06841	0.01802	0.00934	0.00687	0.00225	0.00585	0.00750	0.00801	0.01105
11	0.01714	0.01653	0.02850	0.11827	0.61278	0.01683	0.04240	0.02149	0.01602	0.02270	0.01335	0.01782	0.01107	0.00642	0.00710	0.00215	0.00868	0.00641	0.00349	0.01086
12	0.02621	0.03229	0.02032	0.01823	0.02189	0.64731	0.01381	0.07203	0.02072	0.01927	0.01135	0.01323	0.00938	0.00762	0.00712	0.00190	0.04017	0.00477	0.00388	0.00850
13	0.01003	0.00724	0.00948	0.00899	0.01063	0.00669	0.00672	0.01332	0.01994	0.02821	0.67944	0.07631	0.06652	0.01482	0.00842	0.00226	0.00339	0.01312	0.00780	0.00669
14	0.02291	0.23153	0.02538	0.01767	0.06220	0.34013	0.01366	0.10048	0.03661	0.02103	0.01216	0.01408	0.01019	0.00854	0.02561	0.00212	0.03769	0.00492	0.00396	0.00914
15	0.03053	0.01364	0.01738	0.01340	0.01889	0.01282	0.01105	0.15055	0.04845	0.56518	0.02616	0.02305	0.01680	0.00880	0.00716	0.00220	0.00636	0.00706	0.00845	0.01208
16	0.13559	0.01231	0.01483	0.01198	0.01683	0.01171	0.00981	0.05449	0.06665	0.43856	0.04672	0.02755	0.06204	0.00956	0.00693	0.00224	0.00578	0.02823	0.00766	0.03053
17	0.01503	0.15822	0.52264	0.01835	0.02706	0.01853	0.02240	0.02162	0.01485	0.02141	0.03838	0.01590	0.01129	0.00733	0.00757	0.00219	0.05869	0.00537	0.00321	0.00995
18	0.00892	0.00646	0.00810	0.00924	0.00990	0.00600	0.00615	0.01014	0.01376	0.01809	0.06447	0.53872	0.13009	0.11961	0.01264	0.00335	0.00441	0.01797	0.00634	0.00565
19	0.62335	0.05835	0.01358	0.01047	0.01518	0.01695	0.00875	0.08893	0.01498	0.07808	0.01187	0.01297	0.00891	0.00692	0.00488	0.00216	0.00591	0.00433	0.00490	0.00854
20	0.20033	0.00931	0.01055	0.00997	0.01195	0.00974	0.00735	0.05593	0.01382	0.06613	0.06727	0.14333	0.02151	0.01686	0.01454	0.29604	0.00550	0.00857	0.02517	0.00613
21	0.01038	0.00756	0.01112	0.01112	0.01242	0.00875	0.00864	0.01298	0.01168	0.01721	0.01935	0.02788	0.01783	0.05036	0.67324	0.01078	0.01801	0.00756	0.05676	0.00638
22	0.20899	0.07093	0.31014	0.01854	0.07163	0.01638	0.07984	0.02181	0.01509	0.04911	0.06285	0.01763	0.01357	0.00722	0.00635	0.00220	0.00842	0.00581	0.00400	0.00949
23	0.01947	0.64735	0.09181	0.01289	0.01931	0.02608	0.01324	0.02228	0.01489	0.06156	0.01130	0.01254	0.00967	0.00632	0.00492	0.00163	0.00776	0.00414	0.00341	0.00944
24	0.01333	0.00816	0.01070	0.00954	0.01193	0.00735	0.00731	0.01659	0.01998	0.12401	0.58069	0.04766	0.05806	0.01340	0.00811	0.00219	0.00381	0.01174	0.00784	0.03759
25	0.00877	0.00723	0.00771	0.00759	0.00984	0.00616	0.00569	0.01091	0.01707	0.02123	0.20658	0.06525	0.56676	0.01729	0.00841	0.00237	0.00355	0.01457	0.00687	0.00616
26	0.00868	0.00620	0.00826	0.00991	0.01033	0.00578	0.00661	0.00991	0.01363	0.01818	0.03925	0.74510	0.04710	0.02231	0.00909	0.00289	0.00413	0.02024	0.00661	0.00578
27	0.01904	0.75404	0.03731	0.01218	0.01828	0.02818	0.01218	0.02132	0.01447	0.01675	0.00990	0.01142	0.00914	0.00609	0.00457	0.00152	0.00761	0.00381	0.00305	0.00914
28	0.03148	0.01222	0.01651	0.01273	0.01819	0.01071	0.01049	0.03481	0.04262	0.68775	0.02812	0.02431	0.01776	0.00884	0.00716	0.00221	0.00605	0.00719	0.00876	0.01209
29	0.01327	0.00664	0.00664	0.00664	0.00830	0.00664	0.00498	0.01659	0.01493	0.02655	0.02323	0.02655	0.01825	0.00830	0.00498	0.00166	0.00332	0.00664	0.78928	0.00664
30	0.01329	0.00704	0.00763	0.05557	0.01104	0.00726	0.00598	0.01670	0.01489	0.02598	0.02252	0.02604	0.01766	0.00822	0.00512	0.00171	0.00373	0.00662	0.73629	0.00672
31	0.01714	0.01905	0.04015	0.02888	0.03565	0.01837	0.61857	0.04830	0.01715	0.02338	0.01425	0.01893	0.01078	0.00644	0.00914	0.00243	0.04986	0.00821	0.00371	0.00961
32	0.02660	0.03394	0.02018	0.01834	0.02201	0.72116	0.01376	0.02843	0.02018	0.01743	0.01101	0.01284	0.00917	0.00734	0.00642	0.00183	0.01284	0.00459	0.00367	0.00825
33	0.00932	0.00784	0.00818	0.00809	0.01053	0.00700	0.00616	0.01263	0.06582	0.02073	0.11132	0.06485	0.58394	0.01724	0.00838	0.00243	0.00385	0.03849	0.00674	0.00646
34	0.02773	0.01163	0.01556	0.01204	0.01720	0.00995	0.00984	0.03059	0.01978	0.56320	0.10183	0.02650	0.02244	0.00909	0.00710	0.00209	0.00568	0.00750	0.00823	0.09203
35	0.02650	0.01940	0.02076	0.01598	0.02151	0.02145	0.01318	0.65423	0.03272	0.04412	0.01735	0.01748	0.01236	0.00854	0.00703	0.00212	0.00765	0.00642	0.03931	0.01188
36	0.02352	0.37776	0.02835	0.01377	0.01959	0.02336	0.01239	0.25201	0.04229	0.12042	0.01542	0.01557	0.01169	0.00742	0.00588	0.00185	0.00742	0.00529	0.00536	0.01063
37	0.01904	0.75404	0.03731	0.01218	0.01828	0.02818	0.01218	0.02132	0.01447	0.01675	0.00990	0.01142	0.00914	0.00609	0.00457	0.00152	0.00761	0.00381	0.00305	0.00914
38	0.01508	0.12137	0.58586	0.02090	0.07478	0.01796	0.02432	0.02236	0.01505	0.02190	0.01248	0.01478	0.00919	0.00666	0.00652	0.00216	0.01004	0.00516	0.00305	0.01041
39	0.00937	0.00862	0.00789	0.00780	0.01027	0.04353	0.00585	0.01117	0.01644	0.01914	0.06893	0.06561	0.66608	0.01747	0.00831	0.00237	0.00409	0.01448	0.00646	0.00613
40	0.01237	0.00618	0.00928	0.00928	0.00928	0.00618	0.00618	0.00928	0.00928	0.01237	0.01237	0.02165	0.01237	0.02474	0.02783	0.79283	0.00618	0.00618	0.00309	0.00309
41	0.01437	0.04025	0.13795	0.01779	0.02113	0.01758	0.08555	0.01768	0.01325	0.01915	0.01976	0.02358	0.10727	0.01250	0.03895	0.00294	0.36023	0.00743	0.00371	0.03894
42	0.01248	0.01132	0.01584	0.08771	0.01867	0.03412	0.03375	0.01471	0.01279	0.01784	0.02094	0.23159	0.02236	0.02332	0.17237	0.00470	0.21349	0.01059	0.00437	0.03704
43	0.05299	0.00795	0.01004	0.00923	0.01131	0.00746	0.00702	0.01527	0.01975	0.07475	0.61983	0.04905	0.06072	0.01375	0.00811	0.00224	0.00365	0.01202	0.00772	0.00714
44	0.01000	0.00728	0.00942	0.00888	0.01059	0.00669	0.00666	0.01330	0.01998	0.02814	0.67372	0.05387	0.09530	0.01471	0.00840	0.00225	0.00337	0.01297	0.00778	0.00669
45	0.01461	0.03454	0.62569	0.02156	0.03165	0.01673	0.11118	0.02258	0.01526	0.02258	0.01299	0.01558	0.00925	0.00667	0.00698	0.00227	0.01072	0.00567	0.00308	0.01040
46	0.01331	0.00829	0.01140	0.01236	0.01426	0.00799	0.01036	0.01614	0.01639	0.10145	0.03778	0.18636	0.05746	0.01880	0.00936	0.00306	0.00601	0.45531	0.00683	0.00706
47	0.02707	0.01995	0.02137	0.01638	0.02208	0.02208	0.01353	0.68159	0.03348	0.04488	0.01710	0.01710	0.01211	0.00855	0.00712	0.00214	0.00784	0.00641	0.00712	0.01211
48	0.01026	0.00753	0.00964	0.00907	0.01085	0.00705	0.00682	0.01410	0.04163	0.02824	0.65631	0.05291	0.08958	0.01453	0.00836	0.00225	0.00344	0.01280	0.00777	0.00684
49	0.00877	0.00632	0.00831	0.00973	0.01032	0.00586	0.00656	0.01019	0.01422	0.01898	0.08900	0.66470	0.07757	0.02155	0.00901	0.00282	0.00405	0.01948	0.00670	0.00586
50	0.00929	0.00666	0.00879	0.01004	0.01081	0.00628	0.00712	0.01103	0.01477	0.01978	0.12615	0.51903	0.06535	0.05303	0.01028	0.00302	0.00445	0.10149	0.00666	0.00595
51	0.01177	0.00765	0.01010	0.00946	0.01139	0.00704	0.00721	0.01500	0.01978	0.08016	0.59733	0.07642	0.06152	0.01461	0.00839	0.00231	0.00373	0.04122	0.00781	0.00709
52	0.01964	0.01610	0.01667	0.01465	0.01889	0.04223	0.01148	0.08614	0.57596	0.07400	0.02739	0.02522	0.02030	0.00944	0.00720	0.00236	0.00608	0.00775	0.00721	0.01128
53	0.01410	0.01028	0.01337	0.06298	0.11131	0.01082	0.00987	0.08773	0.01623	0.02377	0.02540	0.13802	0.06479	0.10722	0.01125	0.00279	0.03309	0.00963	0.23980	0.00754
54	0.01446	0.01133	0.01224	0.01140	0.01456	0.01194	0.00871	0.02514	0.34397	0.06840	0.04457	0.12430	0.25226	0.01388	0.00785	0.00245	0.00481	0.01175	0.00706	0.00892
55	0.01647	0.01820	0.03642	0.02688	0.03209	0.01906	0.49569	0.02124	0.01517	0.02124	0.01301	0.01820	0.01040	0.00779	0.01255	0.00260	0.21263	0.00780	0.00347	0.00910
56	0.06188	0.01600	0.02605	0.25692	0.21933	0.04347	0.14725	0.02063	0.01545	0.02181	0.01298	0.01752	0.01024	0.00646	0.00696	0.00213	0.00913	0.00629	0.00356	0.09594
57	0.05012	0.09136	0.02150	0.01629	0.02104	0.27148	0.01315	0.32012	0.04645	0.03068	0.01521	0.01765	0.01208	0.00830	0.00666	0.00203	0.00941	0.03098	0.00541	0.01008
58	0.02609	0.08247	0.02133	0.01793	0.02176	0.67446	0.01365	0.02795	0.01979	0.01738	0.01093	0.01275	0.00917	0.00725	0.00630	0.00181	0.01249	0.00453	0.00363	0.00831
59	0.01467	0.01227	0.01425	0.01030	0.01633	0.00931	0.00822	0.01784	0.01478	0.02342	0.01333	0.01552	0.01104	0.00547	0.00525	0.00109	0.00515	0.00437	0.05440	0.74300
60	0.01345	0.01266	0.02136	0.73264	0.04904	0.01582	0.01978	0.01819	0.01424	0.01819	0.01266	0.01898	0.00949	0.00712	0.00712	0.00237	0.00949	0.00633	0.00316	0.00791

[dist]
# distance from previous block
# <min> <max>
1	32

[block]
# block no. 7 follows, 29 sequences, length 60
# corresponding to MSA columns:
# 512-571
name=unknown_H
#
# <colnr> <probs for GDERKNQSTAVLIFYWHMCP>
#	G	D	E	R	K	N	Q	S	T	A	V	L	I	F	Y	W	H	M	C	P
0	0.01849	0.01373	0.01547	0.01204	0.01714	0.01282	0.00964	0.22931	0.02123	0.07380	0.02525	0.07628	0.11023	0.00955	0.00670	0.00179	0.00583	0.00777	0.00595	0.32697
1	0.01218	0.00618	0.00922	0.00931	0.00933	0.00616	0.00621	0.00931	0.00950	0.01267	0.01375	0.05890	0.01416	0.02461	0.02686	0.75215	0.00608	0.00691	0.00327	0.00323
2	0.01012	0.00724	0.00930	0.00928	0.01004	0.00765	0.00637	0.01143	0.01162	0.01589	0.05027	0.04089	0.07603	0.38071	0.31394	0.00824	0.01151	0.00969	0.00442	0.00537
3	0.01459	0.08338	0.66902	0.01977	0.03000	0.01729	0.02539	0.02247	0.01500	0.02217	0.01259	0.01480	0.00903	0.00672	0.00662	0.00221	0.01033	0.00517	0.00301	0.01043
4	0.01564	0.01489	0.02531	0.37143	0.39314	0.01640	0.02086	0.02011	0.01527	0.02085	0.01304	0.01827	0.01043	0.00671	0.00708	0.00224	0.00895	0.00634	0.00335	0.00968
5	0.00997	0.00745	0.00953	0.01061	0.01218	0.00700	0.00853	0.01241	0.01596	0.02049	0.08509	0.22056	0.22016	0.01952	0.00921	0.00290	0.00506	0.31048	0.00666	0.00625
6	0.00957	0.00696	0.00916	0.01055	0.01137	0.00672	0.00756	0.01206	0.04430	0.01970	0.07311	0.57694	0.04610	0.02095	0.00908	0.00290	0.00452	0.11555	0.00669	0.00619
7	0.02624	0.03326	0.02053	0.01935	0.04921	0.69313	0.01408	0.02817	0.02002	0.01766	0.01110	0.01303	0.00926	0.00730	0.00645	0.00185	0.01267	0.00466	0.00366	0.00838
8	0.01428	0.03683	0.71286	0.02030	0.03082	0.01654	0.02631	0.02255	0.01503	0.02255	0.01278	0.01503	0.00902	0.00677	0.00677	0.00226	0.01052	0.00526	0.00301	0.01052
9	0.01143	0.00814	0.01133	0.01290	0.01447	0.00814	0.01119	0.01458	0.01615	0.02101	0.03709	0.07897	0.04038	0.04882	0.01089	0.00342	0.00657	0.63157	0.00647	0.00647
10	0.00865	0.00628	0.00818	0.00970	0.01027	0.00580	0.00651	0.00994	0.01384	0.01826	0.04187	0.69116	0.09934	0.02197	0.00904	0.00285	0.00409	0.01983	0.00661	0.00580
11	0.22118	0.01963	0.01853	0.01479	0.01999	0.08248	0.01209	0.45779	0.02694	0.03920	0.01475	0.01533	0.01074	0.00795	0.00638	0.00213	0.00769	0.00561	0.00613	0.01066
12	0.01558	0.01558	0.02181	0.01869	0.01869	0.02181	0.01558	0.01714	0.01091	0.01714	0.00935	0.01558	0.00935	0.01246	0.02337	0.00312	0.73672	0.00623	0.00312	0.00779
