[name]
unknown

[dist]
# distance from previous block
# <min> <max>
0	43

[block]
# block no. 0 follows, 29 sequences, length 9
# corresponding to MSA columns:
# 43-51
name=unknown_A
#
# <colnr> <probs for GDERKNQSTAVLIFYWHMCP>
#	G	D	E	R	K	N	Q	S	T	A	V	L	I	F	Y	W	H	M	C	P
0	0.01606	0.01474	0.01771	0.37256	0.03208	0.12339	0.01484	0.01950	0.01513	0.04822	0.01605	0.02382	0.01351	0.06178	0.00992	0.00260	0.05152	0.03647	0.10243	0.00765
1	0.05067	0.00954	0.01082	0.01011	0.01190	0.00972	0.00709	0.12230	0.01617	0.07167	0.02776	0.22391	0.05328	0.29710	0.01869	0.00417	0.00596	0.01186	0.03044	0.00683
2	0.01649	0.01432	0.06392	0.54136	0.08169	0.01513	0.01892	0.02113	0.01531	0.12150	0.01500	0.01944	0.01077	0.00730	0.00710	0.00233	0.00899	0.00639	0.00401	0.00889
3	0.02215	0.01644	0.01852	0.07278	0.02135	0.01826	0.01225	0.47525	0.02673	0.03583	0.01772	0.02271	0.01449	0.13014	0.05988	0.00355	0.00858	0.00712	0.00613	0.01013
4	0.33133	0.01269	0.01396	0.04268	0.06572	0.01339	0.00985	0.07414	0.01628	0.11731	0.10348	0.02086	0.01798	0.00953	0.00782	0.06845	0.00591	0.00616	0.00541	0.05706
5	0.01251	0.00899	0.01048	0.00998	0.01098	0.00956	0.00684	0.09399	0.01447	0.01975	0.02673	0.18812	0.05843	0.37705	0.02299	0.00470	0.05868	0.01167	0.04804	0.00604
6	0.01140	0.00751	0.01046	0.04907	0.01282	0.00764	0.03243	0.01272	0.01297	0.01876	0.05296	0.13392	0.06924	0.09972	0.10757	0.16650	0.00715	0.00989	0.17162	0.00564
7	0.01136	0.00784	0.00953	0.00929	0.01121	0.00717	0.00674	0.01428	0.04425	0.06260	0.23954	0.23619	0.16266	0.06846	0.01019	0.00270	0.00422	0.01389	0.02824	0.04963
8	0.00999	0.00682	0.00877	0.00941	0.01047	0.00629	0.00653	0.01179	0.01554	0.04647	0.20841	0.43934	0.10464	0.06804	0.01060	0.00293	0.00415	0.01679	0.00685	0.00618

[dist]
# distance from previous block
# <min> <max>
4	14

[block]
# block no. 1 follows, 29 sequences, length 7
# corresponding to MSA columns:
# 66-72
name=unknown_B
#
# <colnr> <probs for GDERKNQSTAVLIFYWHMCP>
#	G	D	E	R	K	N	Q	S	T	A	V	L	I	F	Y	W	H	M	C	P
0	0.10002	0.01014	0.01244	0.01128	0.01352	0.01081	0.03065	0.06252	0.05045	0.06143	0.07803	0.10553	0.07442	0.16772	0.14979	0.00504	0.03371	0.00987	0.00544	0.00719
1	0.27344	0.01460	0.01484	0.01221	0.01655	0.01591	0.00983	0.25464	0.04572	0.10342	0.10118	0.02271	0.01927	0.05607	0.00827	0.00249	0.00621	0.00677	0.00633	0.00950
2	0.10657	0.00961	0.01069	0.00962	0.01225	0.00960	0.00745	0.09628	0.02015	0.02935	0.42451	0.04642	0.16391	0.01347	0.00777	0.00225	0.00421	0.01137	0.00713	0.00738
3	0.06115	0.10390	0.01795	0.01294	0.01675	0.08353	0.01051	0.14743	0.10311	0.09691	0.09512	0.02387	0.02028	0.04050	0.00865	0.00229	0.04646	0.00698	0.09238	0.00928
4	0.12065	0.01557	0.01605	0.01326	0.01781	0.09776	0.01059	0.14190	0.02080	0.34367	0.02330	0.10911	0.01809	0.00999	0.00697	0.00223	0.00688	0.00794	0.00710	0.01034
5	0.02187	0.04778	0.14241	0.01883	0.02537	0.01533	0.19660	0.10460	0.01981	0.24096	0.07645	0.02238	0.01748	0.00804	0.00743	0.00223	0.00849	0.00744	0.00589	0.01059
6	0.02113	0.20221	0.02359	0.01579	0.01948	0.29841	0.01296	0.06653	0.05245	0.01977	0.01608	0.01788	0.05891	0.00888	0.00915	0.00207	0.13631	0.00572	0.00404	0.00864

[dist]
# distance from previous block
# <min> <max>
0	1

[block]
# block no. 2 follows, 29 sequences, length 47
# corresponding to MSA columns:
# 74-120
name=unknown_C
#
# <colnr> <probs for GDERKNQSTAVLIFYWHMCP>
#	G	D	E	R	K	N	Q	S	T	A	V	L	I	F	Y	W	H	M	C	P
0	0.01671	0.01476	0.02240	0.46162	0.03940	0.01715	0.06282	0.15815	0.01836	0.02439	0.01358	0.01821	0.01019	0.00745	0.00775	0.00228	0.03844	0.00636	0.00409	0.05589
1	0.01567	0.01438	0.02268	0.45021	0.20553	0.01664	0.01907	0.05852	0.08465	0.02212	0.01474	0.01931	0.01132	0.00727	0.00712	0.00230	0.00875	0.00651	0.00389	0.00932
2	0.01477	0.01266	0.01477	0.01055	0.01687	0.00949	0.00844	0.01793	0.01477	0.02320	0.01266	0.01477	0.01055	0.00527	0.00527	0.00105	0.00527	0.00422	0.00422	0.79328
3	0.01762	0.01692	0.02890	0.04371	0.70533	0.01692	0.02185	0.02185	0.01621	0.02326	0.01339	0.01762	0.01128	0.00634	0.00705	0.00211	0.00846	0.00634	0.00352	0.01128
4	0.02660	0.03394	0.02018	0.01834	0.02201	0.72116	0.01376	0.02843	0.02018	0.01743	0.01101	0.01284	0.00917	0.00734	0.00642	0.00183	0.01284	0.00459	0.00367	0.00825
5	0.01008	0.00728	0.00952	0.00896	0.01064	0.00672	0.00672	0.01344	0.02016	0.02855	0.70158	0.05319	0.06719	0.01456	0.00840	0.00224	0.00336	0.01288	0.00784	0.00672
6	0.01681	0.01921	0.04202	0.03001	0.03721	0.01801	0.67947	0.02281	0.01681	0.02281	0.01441	0.01921	0.01080	0.00600	0.00840	0.00240	0.01200	0.00840	0.00360	0.00960
7	0.01366	0.00906	0.01131	0.01023	0.01269	0.00885	0.00784	0.01958	0.12549	0.10311	0.52276	0.04586	0.05466	0.01316	0.00808	0.00226	0.00401	0.01150	0.00785	0.00802
8	0.03166	0.01259	0.01681	0.01289	0.01841	0.01116	0.01065	0.07340	0.02116	0.67046	0.02743	0.02381	0.01730	0.00880	0.00716	0.00220	0.00617	0.00712	0.00871	0.01212
9	0.00932	0.00682	0.00875	0.00917	0.01040	0.00626	0.00653	0.01163	0.01703	0.02326	0.35981	0.34134	0.12701	0.01814	0.00869	0.00253	0.00371	0.01616	0.00720	0.00626
10	0.01432	0.01368	0.02358	0.58221	0.16230	0.01611	0.04923	0.01903	0.01469	0.01928	0.01286	0.01876	0.00986	0.00694	0.00716	0.00233	0.00942	0.00642	0.00325	0.00857
11	0.03195	0.01212	0.01652	0.01267	0.01818	0.01047	0.01047	0.03470	0.02038	0.71026	0.02809	0.02424	0.01763	0.00881	0.00716	0.00220	0.00606	0.00716	0.00881	0.01212
12	0.01762	0.01692	0.02890	0.04371	0.70533	0.01692	0.02185	0.02185	0.01621	0.02326	0.01339	0.01762	0.01128	0.00634	0.00705	0.00211	0.00846	0.00634	0.00352	0.01128
13	0.01237	0.00618	0.00928	0.00928	0.00928	0.00618	0.00618	0.00928	0.00928	0.01237	0.01237	0.02165	0.01237	0.02474	0.02783	0.79283	0.00618	0.00618	0.00309	0.00309
14	0.02220	0.01986	0.09807	0.01758	0.02346	0.01855	0.10947	0.40373	0.02566	0.05502	0.01695	0.02030	0.01309	0.08311	0.01016	0.00263	0.00849	0.00692	0.00583	0.03894
15	0.76044	0.01369	0.01078	0.00953	0.01400	0.01569	0.00785	0.02164	0.01254	0.06693	0.01085	0.01222	0.00822	0.00672	0.00455	0.00220	0.00554	0.00403	0.00463	0.00794
16	0.01771	0.01530	0.01610	0.01449	0.01852	0.01771	0.01127	0.03784	0.69247	0.02979	0.02898	0.02657	0.02174	0.00966	0.00725	0.00242	0.00564	0.00805	0.00725	0.01127
17	0.01575	0.01324	0.01529	0.01101	0.01729	0.01050	0.00885	0.07112	0.01627	0.02494	0.01301	0.01495	0.01067	0.00554	0.00542	0.00114	0.00548	0.00439	0.00445	0.73067
18	0.00885	0.00647	0.00832	0.00947	0.01029	0.00594	0.00649	0.01045	0.01486	0.01978	0.13776	0.56877	0.12489	0.02071	0.00891	0.00274	0.00396	0.01859	0.00679	0.00594
19	0.00868	0.00620	0.00826	0.00991	0.01033	0.00578	0.00661	0.00991	0.01363	0.01818	0.03925	0.74510	0.04710	0.02231	0.00909	0.00289	0.00413	0.02024	0.00661	0.00578
20	0.00868	0.00620	0.00826	0.00991	0.01033	0.00578	0.00661	0.00991	0.01363	0.01818	0.03925	0.74510	0.04710	0.02231	0.00909	0.00289	0.00413	0.02024	0.00661	0.00578
21	0.01428	0.03683	0.71286	0.02030	0.03082	0.01654	0.02631	0.02255	0.01503	0.02255	0.01278	0.01503	0.00902	0.00677	0.00677	0.00226	0.01052	0.00526	0.00301	0.01052
22	0.03195	0.01212	0.01652	0.01267	0.01818	0.01047	0.01047	0.03470	0.02038	0.71026	0.02809	0.02424	0.01763	0.00881	0.00716	0.00220	0.00606	0.00716	0.00881	0.01212
23	0.80005	0.01377	0.01047	0.00936	0.01377	0.01597	0.00771	0.02093	0.01212	0.03195	0.00991	0.01157	0.00771	0.00661	0.00441	0.00220	0.00551	0.00386	0.00441	0.00771
24	0.01428	0.03683	0.71286	0.02030	0.03082	0.01654	0.02631	0.02255	0.01503	0.02255	0.01278	0.01503	0.00902	0.00677	0.00677	0.00226	0.01052	0.00526	0.00301	0.01052
25	0.00868	0.00620	0.00826	0.00991	0.01033	0.00578	0.00661	0.00991	0.01363	0.01818	0.03925	0.74510	0.04710	0.02231	0.00909	0.00289	0.00413	0.02024	0.00661	0.00578
26	0.00870	0.00640	0.00806	0.00936	0.01010	0.00587	0.00631	0.00999	0.01395	0.01818	0.04425	0.59865	0.15992	0.05183	0.01010	0.00297	0.00416	0.01893	0.00651	0.00576
27	0.02630	0.01817	0.01987	0.01541	0.02069	0.01978	0.01258	0.55111	0.05163	0.11440	0.01898	0.01993	0.01384	0.05295	0.00887	0.00244	0.00752	0.00678	0.00714	0.01162
28	0.01784	0.01656	0.02724	0.07597	0.59297	0.01688	0.02071	0.06945	0.01738	0.02450	0.01464	0.02026	0.01248	0.00710	0.00717	0.00218	0.00839	0.03344	0.00389	0.01097
29	0.01436	0.03563	0.67387	0.02021	0.03013	0.01683	0.02570	0.02224	0.01480	0.02224	0.01258	0.01506	0.00904	0.00709	0.00770	0.00230	0.05150	0.00532	0.00301	0.01037
30	0.01868	0.01748	0.09207	0.14195	0.02710	0.01689	0.10352	0.25088	0.02033	0.02749	0.01424	0.01827	0.01107	0.01102	0.01198	0.15076	0.04623	0.00649	0.00458	0.00897
31	0.01712	0.01645	0.02791	0.06647	0.57212	0.01618	0.05751	0.02137	0.01602	0.02303	0.01335	0.01748	0.01111	0.00625	0.00695	0.00203	0.00838	0.00624	0.00359	0.09043
32	0.05210	0.46212	0.03327	0.05868	0.02323	0.13234	0.10864	0.02243	0.01557	0.01845	0.01088	0.01322	0.00934	0.00635	0.00555	0.00178	0.00908	0.00474	0.00329	0.00894
33	0.01007	0.00821	0.00971	0.01082	0.01139	0.04368	0.00748	0.01136	0.01366	0.01790	0.03505	0.62539	0.04157	0.04311	0.03171	0.00322	0.04556	0.01800	0.00612	0.00600
34	0.01032	0.00705	0.00850	0.00850	0.00875	0.00730	0.00523	0.01083	0.01057	0.01435	0.02177	0.04288	0.02427	0.61084	0.17295	0.00781	0.00933	0.00981	0.00421	0.00472
35	0.01237	0.00618	0.00928	0.00928	0.00928	0.00618	0.00618	0.00928	0.00928	0.01237	0.01237	0.02165	0.01237	0.02474	0.02783	0.79283	0.00618	0.00618	0.00309	0.00309
36	0.01805	0.20924	0.39010	0.04009	0.02645	0.13039	0.02006	0.02352	0.01589	0.04705	0.01239	0.01429	0.00942	0.00678	0.00620	0.00201	0.00997	0.00491	0.00335	0.00981
37	0.01036	0.00690	0.00777	0.00777	0.00777	0.00690	0.00431	0.01036	0.01036	0.01381	0.02244	0.04660	0.02589	0.74975	0.03624	0.00690	0.00690	0.01036	0.00431	0.00431
38	0.01050	0.00921	0.00908	0.00875	0.01129	0.03057	0.00657	0.01496	0.11251	0.02117	0.10850	0.05891	0.51373	0.04147	0.00914	0.00253	0.00428	0.01339	0.00662	0.00682
39	0.01625	0.29049	0.37251	0.01820	0.05317	0.02125	0.01998	0.02153	0.01446	0.01996	0.01143	0.01390	0.00919	0.00709	0.00768	0.00207	0.08311	0.00488	0.00305	0.00978
40	0.01836	0.06094	0.01469	0.01194	0.03669	0.01084	0.00905	0.08230	0.01949	0.21826	0.21394	0.11820	0.10734	0.03498	0.00855	0.00240	0.00522	0.01083	0.00720	0.00880
41	0.01237	0.00618	0.00928	0.00928	0.00928	0.00618	0.00618	0.00928	0.00928	0.01237	0.01237	0.02165	0.01237	0.02474	0.02783	0.79283	0.00618	0.00618	0.00309	0.00309
42	0.00926	0.00699	0.00941	0.01066	0.01103	0.00714	0.00737	0.01053	0.01340	0.01809	0.03672	0.68346	0.04391	0.02148	0.01030	0.00291	0.06603	0.01906	0.00631	0.00595
43	0.10463	0.04086	0.02434	0.09295	0.02504	0.08413	0.14513	0.04059	0.01432	0.02094	0.01217	0.04047	0.01080	0.00952	0.01347	0.00259	0.29944	0.00665	0.00365	0.00830
44	0.02589	0.01896	0.04931	0.01516	0.02042	0.09160	0.01270	0.32503	0.07374	0.21054	0.06663	0.02153	0.01753	0.00890	0.00714	0.00215	0.00756	0.00692	0.00707	0.01121
45	0.04625	0.26457	0.28091	0.01679	0.05070	0.05903	0.01743	0.02452	0.01602	0.14054	0.01434	0.01532	0.01061	0.00691	0.00603	0.00198	0.00868	0.00508	0.00414	0.01016
46	0.18409	0.19686	0.06695	0.01945	0.14525	0.08889	0.01444	0.08263	0.01641	0.02435	0.01227	0.01585	0.01045	0.00756	0.00724	0.00209	0.06785	0.02409	0.00397	0.00932

[dist]
# distance from previous block
# <min> <max>
1	9

[block]
# block no. 3 follows, 29 sequences, length 59
# corresponding to MSA columns:
# 130-188
name=unknown_D
#
# <colnr> <probs for GDERKNQSTAVLIFYWHMCP>
#	G	D	E	R	K	N	Q	S	T	A	V	L	I	F	Y	W	H	M	C	P
0	0.04523	0.03460	0.01756	0.01366	0.01835	0.01614	0.01104	0.28992	0.11842	0.18533	0.07600	0.04504	0.02043	0.04150	0.00837	0.00238	0.00648	0.00769	0.00716	0.03470
1	0.01863	0.55925	0.05626	0.01576	0.05367	0.05053	0.04728	0.02130	0.01454	0.01762	0.01037	0.01270	0.00935	0.00680	0.00689	0.00179	0.08052	0.00448	0.00313	0.00915
2	0.02186	0.01509	0.01631	0.01294	0.01755	0.01594	0.01049	0.37487	0.05939	0.06599	0.01931	0.02012	0.01429	0.00820	0.00637	0.00191	0.00618	0.00635	0.21259	0.09424
3	0.01636	0.01452	0.02033	0.10918	0.11790	0.01754	0.01488	0.11513	0.01557	0.02217	0.01353	0.02007	0.01217	0.07294	0.07840	0.00369	0.28221	0.00665	0.00398	0.04278
4	0.02279	0.01874	0.01890	0.01565	0.02046	0.06515	0.01252	0.34708	0.33196	0.03625	0.02210	0.02112	0.01629	0.00898	0.00713	0.00224	0.00716	0.00704	0.00696	0.01148
5	0.03195	0.01212	0.01652	0.01267	0.01818	0.01047	0.01047	0.03470	0.02038	0.71026	0.02809	0.02424	0.01763	0.00881	0.00716	0.00220	0.00606	0.00716	0.00881	0.01212
6	0.01639	0.01566	0.02667	0.24743	0.51126	0.01659	0.02124	0.02077	0.01563	0.02176	0.01318	0.01803	0.01075	0.00657	0.00707	0.00219	0.00876	0.00634	0.00342	0.01028
7	0.13017	0.43589	0.07476	0.01274	0.01844	0.04437	0.01222	0.08713	0.01629	0.05220	0.01227	0.01463	0.01044	0.04426	0.00672	0.00204	0.00759	0.00467	0.00397	0.00918
8	0.01327	0.00664	0.00664	0.00664	0.00830	0.00664	0.00498	0.01659	0.01493	0.02655	0.02323	0.02655	0.01825	0.00830	0.00498	0.00166	0.00332	0.00664	0.78928	0.00664
9	0.01012	0.00669	0.00895	0.01010	0.01095	0.00622	0.00703	0.01173	0.01474	0.05439	0.10435	0.61048	0.04733	0.02074	0.00896	0.00281	0.00426	0.04708	0.00684	0.00623
10	0.01634	0.01618	0.02366	0.07784	0.39224	0.08450	0.05541	0.02028	0.03266	0.02168	0.03653	0.15286	0.01927	0.00972	0.00749	0.00227	0.00816	0.00907	0.00429	0.00952
11	0.01608	0.01668	0.06297	0.18258	0.44457	0.01621	0.05383	0.02107	0.03552	0.02214	0.01661	0.02062	0.04514	0.00718	0.00719	0.00221	0.00864	0.00687	0.00369	0.01019
12	0.00842	0.00721	0.00721	0.00721	0.00962	0.00601	0.00541	0.01022	0.01623	0.01924	0.07213	0.06853	0.70244	0.01803	0.00842	0.00240	0.00361	0.01503	0.00661	0.00601
13	0.01392	0.00989	0.01172	0.01093	0.01325	0.00990	0.00820	0.16379	0.02036	0.04890	0.21464	0.30147	0.11222	0.01624	0.00833	0.00247	0.00477	0.01418	0.00712	0.00769
14	0.05673	0.02070	0.09105	0.05038	0.39534	0.10553	0.06780	0.02301	0.04089	0.02265	0.01328	0.01685	0.01083	0.00696	0.00779	0.00219	0.04801	0.00611	0.00365	0.01026
15	0.01511	0.01426	0.02172	0.01804	0.01974	0.01778	0.10669	0.06171	0.01362	0.01991	0.03259	0.02075	0.01362	0.04287	0.16187	0.00473	0.39617	0.00715	0.00377	0.00791
16	0.53024	0.01397	0.01307	0.01089	0.01570	0.01520	0.00898	0.08996	0.01632	0.20375	0.01520	0.01530	0.01064	0.00736	0.00537	0.00220	0.00588	0.00494	0.00578	0.00926
17	0.01798	0.01660	0.02276	0.36771	0.10333	0.07352	0.05566	0.16505	0.01919	0.02474	0.01454	0.04347	0.01162	0.00797	0.00757	0.00229	0.02574	0.00682	0.00426	0.00921
18	0.02275	0.01740	0.01881	0.01472	0.02001	0.01860	0.01191	0.43562	0.13798	0.03743	0.01854	0.01954	0.01403	0.04026	0.00809	0.00221	0.00700	0.00649	0.00654	0.14206
19	0.00899	0.00665	0.00903	0.01011	0.01079	0.00620	0.02379	0.01030	0.01364	0.01805	0.03950	0.63196	0.08685	0.07446	0.01100	0.00314	0.00450	0.01888	0.00637	0.00579
20	0.00874	0.00631	0.00828	0.00973	0.01031	0.00585	0.00656	0.01013	0.01414	0.01883	0.07911	0.67180	0.08056	0.02165	0.00902	0.00283	0.00406	0.01956	0.00668	0.00585
21	0.06362	0.01872	0.01957	0.08662	0.02348	0.08502	0.01326	0.37337	0.08622	0.13108	0.01833	0.01846	0.01299	0.00833	0.00694	0.00217	0.00791	0.00636	0.00652	0.01104
22	0.06070	0.11983	0.46033	0.02083	0.07112	0.01833	0.07282	0.02201	0.01480	0.02218	0.01225	0.01490	0.00926	0.00687	0.00732	0.00221	0.04566	0.00536	0.00318	0.01003
23	0.01769	0.01483	0.01776	0.01337	0.01881	0.01409	0.02818	0.16416	0.03742	0.02745	0.01376	0.01582	0.01107	0.00694	0.00784	0.00160	0.08796	0.00514	0.00480	0.49130
24	0.00887	0.00635	0.00844	0.00978	0.01037	0.00591	0.00663	0.01041	0.01455	0.01963	0.13224	0.64796	0.04992	0.02122	0.00899	0.00280	0.00402	0.01921	0.00678	0.00591
25	0.06410	0.01205	0.01570	0.01222	0.01746	0.01070	0.01005	0.05034	0.02007	0.61040	0.03024	0.02676	0.06780	0.00939	0.00713	0.00222	0.00590	0.00758	0.00841	0.01147
26	0.02693	0.01883	0.02058	0.01574	0.02145	0.02034	0.01299	0.58633	0.03129	0.10815	0.01794	0.01767	0.01257	0.00841	0.00704	0.00209	0.00754	0.00638	0.00714	0.05062
27	0.00908	0.00665	0.00861	0.00987	0.01078	0.00617	0.00703	0.01081	0.01482	0.01953	0.09823	0.52610	0.13004	0.02082	0.00903	0.00282	0.00428	0.09265	0.00671	0.00598
28	0.01035	0.00694	0.00793	0.00793	0.00798	0.00699	0.00451	0.01046	0.01040	0.01393	0.02229	0.04579	0.02554	0.71938	0.06613	0.00710	0.00743	0.01024	0.00429	0.00440
29	0.01478	0.07539	0.57757	0.02002	0.02907	0.01781	0.04831	0.02193	0.01464	0.02166	0.01232	0.01503	0.00913	0.00729	0.00842	0.00231	0.08576	0.00539	0.00304	0.01013
30	0.01019	0.00683	0.00782	0.00798	0.00803	0.00679	0.00455	0.01031	0.01069	0.01425	0.02413	0.11716	0.02803	0.67627	0.03350	0.00650	0.00662	0.01135	0.00455	0.00446
31	0.02643	0.01963	0.02101	0.01626	0.02184	0.02179	0.01338	0.63800	0.07810	0.04385	0.01790	0.01774	0.01276	0.00862	0.00713	0.00216	0.00769	0.00652	0.00713	0.01205
32	0.00868	0.00620	0.00826	0.00991	0.01033	0.00578	0.00661	0.00991	0.01363	0.01818	0.03925	0.74510	0.04710	0.02231	0.00909	0.00289	0.00413	0.02024	0.00661	0.00578
33	0.01454	0.01228	0.01324	0.01243	0.01565	0.01350	0.00966	0.02793	0.43807	0.02633	0.06834	0.07596	0.16593	0.01300	0.00783	0.00250	0.00512	0.06127	0.00706	0.00935
34	0.00880	0.00628	0.00840	0.01005	0.01052	0.00589	0.00682	0.01012	0.01375	0.01831	0.03918	0.71634	0.04683	0.02219	0.00912	0.00291	0.00424	0.04782	0.00661	0.00582
35	0.01345	0.01266	0.02136	0.73264	0.04904	0.01582	0.01978	0.01819	0.01424	0.01819	0.01266	0.01898	0.00949	0.00712	0.00712	0.00237	0.00949	0.00633	0.00316	0.00791
36	0.02707	0.01995	0.02137	0.01638	0.02208	0.02208	0.01353	0.68159	0.03348	0.04488	0.01710	0.01710	0.01211	0.00855	0.00712	0.00214	0.00784	0.00641	0.00712	0.01211
37	0.03167	0.01257	0.01680	0.01288	0.01840	0.01114	0.01064	0.07205	0.02114	0.67185	0.02746	0.02382	0.01731	0.00880	0.00716	0.00220	0.00616	0.00712	0.00872	0.01212
38	0.02707	0.01995	0.02137	0.01638	0.02208	0.02208	0.01353	0.68159	0.03348	0.04488	0.01710	0.01710	0.01211	0.00855	0.00712	0.00214	0.00784	0.00641	0.00712	0.01211
39	0.01490	0.01277	0.01482	0.01072	0.01695	0.00986	0.00856	0.01881	0.04479	0.02349	0.01338	0.01529	0.01104	0.00547	0.00536	0.00111	0.00529	0.00439	0.00435	0.75863
40	0.03772	0.01322	0.02034	0.57918	0.04254	0.01599	0.01792	0.05136	0.07363	0.05765	0.01501	0.01962	0.01105	0.00748	0.00706	0.00235	0.00879	0.00645	0.00403	0.00861
41	0.00870	0.00636	0.00818	0.00955	0.01025	0.00585	0.00647	0.01008	0.01419	0.01869	0.06755	0.63681	0.12817	0.02150	0.00898	0.00281	0.00404	0.01933	0.00666	0.00585
42	0.01001	0.00722	0.00945	0.00901	0.01062	0.00667	0.00671	0.01326	0.01983	0.02803	0.66804	0.08822	0.06617	0.01495	0.00843	0.00227	0.00340	0.01325	0.00778	0.00667
43	0.00877	0.00627	0.00835	0.00985	0.01035	0.00585	0.00662	0.01015	0.01407	0.01888	0.08410	0.69825	0.04846	0.02178	0.00904	0.00285	0.00408	0.01974	0.00669	0.00585
44	0.01017	0.00763	0.01144	0.01144	0.01272	0.00890	0.00890	0.01272	0.01144	0.01653	0.01907	0.02797	0.01780	0.05340	0.72153	0.01144	0.01907	0.00763	0.00381	0.00636
45	0.01402	0.01376	0.02485	0.61385	0.04704	0.01619	0.13131	0.01897	0.01467	0.01897	0.01295	0.01902	0.00971	0.00693	0.00734	0.00238	0.00992	0.00668	0.00324	0.00820
46	0.01658	0.01876	0.04062	0.07759	0.03802	0.01786	0.63480	0.02250	0.01663	0.02250	0.01429	0.01919	0.01072	0.00608	0.00832	0.00240	0.01183	0.00826	0.00357	0.00949
47	0.00868	0.00620	0.00826	0.00991	0.01033	0.00578	0.00661	0.00991	0.01363	0.01818	0.03925	0.74510	0.04710	0.02231	0.00909	0.00289	0.00413	0.02024	0.00661	0.00578
48	0.03195	0.01212	0.01652	0.01267	0.01818	0.01047	0.01047	0.03470	0.02038	0.71026	0.02809	0.02424	0.01763	0.00881	0.00716	0.00220	0.00606	0.00716	0.00881	0.01212
49	0.01580	0.18447	0.40744	0.02030	0.05666	0.01971	0.08099	0.02172	0.01470	0.02081	0.01198	0.01481	0.00934	0.00713	0.00818	0.00220	0.08538	0.00538	0.00310	0.00989
50	0.01499	0.14433	0.61161	0.01908	0.02894	0.01828	0.02419	0.02237	0.01495	0.02168	0.01235	0.01449	0.00904	0.00666	0.00644	0.00215	0.01009	0.00504	0.00301	0.01032
51	0.02707	0.01995	0.02137	0.01638	0.02208	0.02208	0.01353	0.68159	0.03348	0.04488	0.01710	0.01710	0.01211	0.00855	0.00712	0.00214	0.00784	0.00641	0.00712	0.01211
52	0.00868	0.00620	0.00826	0.00991	0.01033	0.00578	0.00661	0.00991	0.01363	0.01818	0.03925	0.74510	0.04710	0.02231	0.00909	0.00289	0.00413	0.02024	0.00661	0.00578
53	0.02740	0.01942	0.02104	0.01613	0.02182	0.02130	0.01333	0.63779	0.03259	0.08993	0.01784	0.01758	0.01248	0.00857	0.00713	0.00214	0.00772	0.00646	0.00724	0.01211
54	0.02707	0.01995	0.02137	0.01638	0.02208	0.02208	0.01353	0.68159	0.03348	0.04488	0.01710	0.01710	0.01211	0.00855	0.00712	0.00214	0.00784	0.00641	0.00712	0.01211
55	0.01087	0.00776	0.00916	0.00885	0.00885	0.00838	0.00543	0.01103	0.01041	0.01414	0.02114	0.04352	0.02425	0.67657	0.03496	0.00653	0.07934	0.00995	0.00420	0.00466
56	0.01599	0.01338	0.01542	0.01113	0.01739	0.01074	0.00894	0.08380	0.01662	0.02535	0.01310	0.01500	0.01070	0.00560	0.00546	0.00116	0.00553	0.00444	0.00451	0.71575
57	0.01053	0.00846	0.01131	0.01151	0.01222	0.00924	0.00834	0.01193	0.01283	0.01787	0.02974	0.47474	0.03471	0.07555	0.05148	0.00358	0.14177	0.01526	0.00549	0.05343
58	0.15361	0.06352	0.01636	0.01231	0.01689	0.01477	0.01001	0.09890	0.15227	0.22985	0.06571	0.04495	0.01959	0.02747	0.00731	0.00228	0.00593	0.00719	0.00674	0.04434

[dist]
# distance from previous block
# <min> <max>
3	37

[block]
# block no. 4 follows, 29 sequences, length 29
# corresponding to MSA columns:
# 226-254
name=unknown_E
#
# <colnr> <probs for GDERKNQSTAVLIFYWHMCP>
#	G	D	E	R	K	N	Q	S	T	A	V	L	I	F	Y	W	H	M	C	P
0	0.01725	0.01424	0.01639	0.01206	0.01799	0.01254	0.00976	0.15025	0.01833	0.02726	0.01340	0.01527	0.01081	0.00624	0.00643	0.00136	0.03751	0.00474	0.00475	0.60342
1	0.39732	0.01932	0.11977	0.04668	0.01988	0.10032	0.01238	0.02470	0.01528	0.16340	0.01423	0.01512	0.01015	0.00718	0.00568	0.00217	0.00745	0.00493	0.00493	0.00909
2	0.61417	0.04047	0.01293	0.01074	0.01519	0.04450	0.00879	0.05204	0.09613	0.03116	0.01259	0.01368	0.00971	0.00708	0.00495	0.00219	0.00598	0.00450	0.00479	0.00841
3	0.04622	0.08323	0.04276	0.06234	0.42138	0.12487	0.01882	0.02227	0.01600	0.02142	0.01225	0.01599	0.01037	0.00700	0.00791	0.00212	0.06577	0.00574	0.00348	0.01008
4	0.01327	0.00664	0.00664	0.00664	0.00830	0.00664	0.00498	0.01659	0.01493	0.02655	0.02323	0.02655	0.01825	0.00830	0.00498	0.00166	0.00332	0.00664	0.78928	0.00664
5	0.01327	0.00664	0.00664	0.00664	0.00830	0.00664	0.00498	0.01659	0.01493	0.02655	0.02323	0.02655	0.01825	0.00830	0.00498	0.00166	0.00332	0.00664	0.78928	0.00664
6	0.01241	0.00621	0.00915	0.00915	0.00923	0.00621	0.00612	0.00964	0.00956	0.01307	0.01290	0.02189	0.01266	0.02393	0.02670	0.75379	0.00604	0.00621	0.04188	0.00327
7	0.01001	0.00728	0.00943	0.00889	0.01060	0.00669	0.00667	0.01331	0.02000	0.02819	0.67726	0.05378	0.09172	0.01469	0.00840	0.00225	0.00337	0.01296	0.00779	0.00669
8	0.01904	0.75404	0.03731	0.01218	0.01828	0.02818	0.01218	0.02132	0.01447	0.01675	0.00990	0.01142	0.00914	0.00609	0.00457	0.00152	0.00761	0.00381	0.00305	0.00914
9	0.01640	0.01400	0.01493	0.01351	0.01720	0.01591	0.01047	0.03375	0.58412	0.02913	0.10594	0.03161	0.06058	0.01062	0.00743	0.00240	0.00528	0.00893	0.00728	0.01050
10	0.80005	0.01377	0.01047	0.00936	0.01377	0.01597	0.00771	0.02093	0.01212	0.03195	0.00991	0.01157	0.00771	0.00661	0.00441	0.00220	0.00551	0.00386	0.00441	0.00771
11	0.44455	0.06009	0.09287	0.01253	0.01808	0.01776	0.01152	0.17072	0.01792	0.07659	0.01302	0.01400	0.00957	0.00718	0.00547	0.00216	0.00675	0.00480	0.00507	0.00938
12	0.02389	0.01783	0.08177	0.12460	0.02597	0.01723	0.03185	0.27226	0.06196	0.21083	0.01922	0.01961	0.01329	0.00840	0.00780	0.00226	0.03721	0.00663	0.00636	0.01105
13	0.00874	0.00625	0.00832	0.00987	0.01034	0.00583	0.00662	0.01008	0.01395	0.01867	0.07097	0.71196	0.04806	0.02194	0.00906	0.00286	0.00409	0.01989	0.00667	0.00583
14	0.01036	0.00690	0.00777	0.00777	0.00777	0.00690	0.00431	0.01036	0.01036	0.01381	0.02244	0.04660	0.02589	0.74975	0.03624	0.00690	0.00690	0.01036	0.00431	0.00431
15	0.01011	0.00696	0.00856	0.00877	0.00907	0.00716	0.00551	0.01077	0.01098	0.01489	0.02385	0.12957	0.02691	0.52060	0.16954	0.00731	0.00899	0.01104	0.00450	0.00490
16	0.01867	0.60902	0.11509	0.01366	0.01992	0.05661	0.01404	0.02161	0.01464	0.01748	0.01026	0.01207	0.00913	0.00648	0.00566	0.00169	0.03756	0.00411	0.00307	0.00921
17	0.05150	0.00798	0.00988	0.00909	0.01128	0.00741	0.00693	0.01516	0.01935	0.08166	0.54649	0.05043	0.12779	0.01407	0.00810	0.00225	0.00371	0.01220	0.00761	0.00712
18	0.02745	0.01277	0.01634	0.01258	0.01787	0.01152	0.01030	0.11422	0.02140	0.48653	0.08356	0.02475	0.02042	0.00887	0.00705	0.00207	0.00596	0.00723	0.00798	0.10113
19	0.01575	0.25882	0.50377	0.01778	0.02694	0.02014	0.02194	0.02217	0.01486	0.02076	0.01189	0.01392	0.00906	0.00656	0.00609	0.00203	0.00962	0.00481	0.00302	0.01009
20	0.00890	0.00636	0.00851	0.01009	0.01062	0.00597	0.00693	0.01035	0.01403	0.01873	0.06158	0.67890	0.04738	0.02188	0.00911	0.00289	0.00426	0.06099	0.00665	0.00587
21	0.01150	0.01040	0.01608	0.01633	0.07032	0.03874	0.12144	0.01381	0.01465	0.01933	0.03183	0.53458	0.03656	0.01767	0.00870	0.00270	0.00617	0.01649	0.00574	0.00697
22	0.01574	0.01374	0.05904	0.01302	0.01642	0.01314	0.01080	0.19769	0.08100	0.02867	0.12992	0.20961	0.06483	0.01374	0.00864	0.00242	0.04076	0.03148	0.00649	0.04284
23	0.01237	0.00618	0.00928	0.00928	0.00928	0.00618	0.00618	0.00928	0.00928	0.01237	0.01237	0.02165	0.01237	0.02474	0.02783	0.79283	0.00618	0.00618	0.00309	0.00309
24	0.00868	0.00620	0.00826	0.00991	0.01033	0.00578	0.00661	0.00991	0.01363	0.01818	0.03925	0.74510	0.04710	0.02231	0.00909	0.00289	0.00413	0.02024	0.00661	0.00578
25	0.01866	0.04548	0.07210	0.15137	0.05392	0.01618	0.23748	0.02306	0.01609	0.15805	0.01716	0.05321	0.01332	0.00824	0.00915	0.00240	0.08234	0.00766	0.00459	0.00953
26	0.05974	0.04325	0.01985	0.05049	0.05440	0.25365	0.01325	0.24583	0.08830	0.02892	0.01883	0.01959	0.05603	0.00853	0.00678	0.00208	0.00902	0.00631	0.00535	0.00982
27	0.01804	0.01350	0.01736	0.01283	0.01871	0.01150	0.05251	0.04611	0.04575	0.12504	0.01578	0.01708	0.01210	0.00644	0.00664	0.00149	0.03541	0.00525	0.00505	0.53340
28	0.01958	0.01747	0.04939	0.07720	0.18986	0.08981	0.01480	0.07493	0.03510	0.10666	0.01598	0.03852	0.01273	0.00746	0.00708	0.00192	0.02828	0.00614	0.00476	0.20233

[dist]
# distance from previous block
# <min> <max>
4	9

[block]
# block no. 5 follows, 29 sequences, length 308
# corresponding to MSA columns:
# 264-571
name=unknown_F
#
# <colnr> <probs for GDERKNQSTAVLIFYWHMCP>
#	G	D	E	R	K	N	Q	S	T	A	V	L	I	F	Y	W	H	M	C	P
0	0.01187	0.00840	0.00943	0.00900	0.01026	0.00850	0.00596	0.01557	0.11393	0.04048	0.11287	0.04623	0.10720	0.44258	0.02442	0.00500	0.00588	0.01076	0.00559	0.00608
1	0.01557	0.01693	0.03515	0.02573	0.03157	0.01610	0.52761	0.02051	0.01583	0.02165	0.01686	0.08670	0.01491	0.05042	0.01056	0.00268	0.04032	0.00935	0.00392	0.03764
2	0.19711	0.01772	0.06149	0.02079	0.02609	0.01769	0.29794	0.04595	0.01505	0.02474	0.01235	0.01618	0.00977	0.00740	0.00984	0.00237	0.14132	0.00643	0.00385	0.06593
3	0.01477	0.01266	0.01477	0.01055	0.01687	0.00949	0.00844	0.01793	0.01477	0.02320	0.01266	0.01477	0.01055	0.00527	0.00527	0.00105	0.00527	0.00422	0.00422	0.79328
4	0.01485	0.08844	0.58480	0.02005	0.02983	0.01726	0.07409	0.02230	0.01512	0.02216	0.01268	0.01507	0.00922	0.00660	0.00667	0.00217	0.01022	0.00535	0.00310	0.04002
5	0.00874	0.00645	0.00818	0.00939	0.01023	0.00589	0.00642	0.01024	0.01457	0.01915	0.09572	0.57941	0.15751	0.02100	0.00892	0.00276	0.00398	0.01881	0.00670	0.00589
6	0.01034	0.00698	0.00813	0.00813	0.00826	0.00710	0.00477	0.01059	0.01046	0.01408	0.02210	0.04474	0.02508	0.68014	0.10475	0.00736	0.00812	0.01008	0.00426	0.00452
7	0.01726	0.48630	0.28949	0.01521	0.02296	0.02383	0.01746	0.02178	0.01468	0.01892	0.01097	0.01277	0.00909	0.00634	0.00539	0.00180	0.00870	0.00435	0.00303	0.00966
8	0.01027	0.00687	0.00779	0.00787	0.00789	0.00685	0.00443	0.01033	0.01052	0.01402	0.02327	0.08114	0.02694	0.71378	0.03490	0.00671	0.00677	0.01084	0.00443	0.00439
9	0.01904	0.75404	0.03731	0.01218	0.01828	0.02818	0.01218	0.02132	0.01447	0.01675	0.00990	0.01142	0.00914	0.00609	0.00457	0.00152	0.00761	0.00381	0.00305	0.00914
10	0.01558	0.01558	0.02181	0.01869	0.01869	0.02181	0.01558	0.01714	0.01091	0.01714	0.00935	0.01558	0.00935	0.01246	0.02337	0.00312	0.73672	0.00623	0.00312	0.00779
11	0.00951	0.00726	0.00873	0.00836	0.01029	0.00648	0.00627	0.01233	0.01881	0.02535	0.48522	0.05846	0.28554	0.01575	0.00840	0.00230	0.00344	0.01362	0.00742	0.00648
12	0.01468	0.01425	0.02008	0.01749	0.01770	0.01966	0.01447	0.01640	0.01099	0.01704	0.01097	0.01764	0.01076	0.01928	0.13970	0.00450	0.61714	0.00646	0.00323	0.00755
13	0.01287	0.00884	0.01017	0.00902	0.01076	0.00826	0.00591	0.04601	0.01290	0.04689	0.02123	0.06660	0.02278	0.50947	0.02653	0.00519	0.00649	0.00925	0.00472	0.15609
14	0.10461	0.58274	0.08243	0.01231	0.01832	0.02491	0.01245	0.02098	0.01453	0.01944	0.04432	0.01377	0.01184	0.00662	0.00490	0.00169	0.00738	0.00437	0.00343	0.00896
15	0.02707	0.01995	0.02137	0.01638	0.02208	0.02208	0.01353	0.68159	0.03348	0.04488	0.01710	0.01710	0.01211	0.00855	0.00712	0.00214	0.00784	0.00641	0.00712	0.01211
16	0.02329	0.02253	0.02155	0.08374	0.06826	0.22807	0.03514	0.26751	0.10102	0.02953	0.01566	0.01714	0.01191	0.00811	0.00754	0.00214	0.03529	0.00610	0.00527	0.01021
17	0.01675	0.01052	0.01291	0.01192	0.04032	0.01025	0.00875	0.07835	0.09016	0.16200	0.27333	0.04193	0.13497	0.06389	0.00982	0.00259	0.00500	0.01056	0.00732	0.00864
18	0.51375	0.01565	0.04270	0.03959	0.01822	0.01668	0.03176	0.12699	0.04043	0.05221	0.01354	0.01626	0.01050	0.00752	0.00553	0.00225	0.00650	0.02610	0.00501	0.00881
19	0.05530	0.02042	0.02073	0.01618	0.02166	0.06401	0.01326	0.59747	0.05257	0.04226	0.01684	0.01693	0.01207	0.00844	0.00698	0.00213	0.00798	0.00626	0.00682	0.01169
20	0.01504	0.01288	0.01550	0.06894	0.01963	0.01039	0.00951	0.03836	0.01530	0.02347	0.01279	0.01518	0.01051	0.00552	0.00548	0.00119	0.00569	0.00446	0.00422	0.70595
21	0.01054	0.00792	0.00985	0.00933	0.01122	0.00756	0.00700	0.01513	0.07688	0.02753	0.56910	0.07854	0.11290	0.01471	0.00833	0.00229	0.00360	0.01292	0.00764	0.00701
22	0.03027	0.01217	0.01627	0.01267	0.01795	0.01083	0.01040	0.03422	0.06566	0.64209	0.05021	0.02534	0.01953	0.00906	0.00721	0.00222	0.00594	0.00741	0.00868	0.01188
23	0.00890	0.00723	0.00788	0.00772	0.00991	0.00622	0.00579	0.01115	0.01737	0.02193	0.25442	0.06409	0.51847	0.01703	0.00841	0.00236	0.00354	0.01441	0.00697	0.00622
24	0.00868	0.00620	0.00826	0.00991	0.01033	0.00578	0.00661	0.00991	0.01363	0.01818	0.03925	0.74510	0.04710	0.02231	0.00909	0.00289	0.00413	0.02024	0.00661	0.00578
25	0.01017	0.00763	0.01144	0.01144	0.01272	0.00890	0.00890	0.01272	0.01144	0.01653	0.01907	0.02797	0.01780	0.05340	0.72153	0.01144	0.01907	0.00763	0.00381	0.00636
26	0.80005	0.01377	0.01047	0.00936	0.01377	0.01597	0.00771	0.02093	0.01212	0.03195	0.00991	0.01157	0.00771	0.00661	0.00441	0.00220	0.00551	0.00386	0.00441	0.00771
27	0.03195	0.01212	0.01652	0.01267	0.01818	0.01047	0.01047	0.03470	0.02038	0.71026	0.02809	0.02424	0.01763	0.00881	0.00716	0.00220	0.00606	0.00716	0.00881	0.01212
28	0.00889	0.00636	0.00846	0.00977	0.01038	0.00593	0.00663	0.01046	0.01464	0.01978	0.14159	0.63819	0.05020	0.02111	0.00898	0.00279	0.00401	0.01910	0.00680	0.00593
29	0.80005	0.01377	0.01047	0.00936	0.01377	0.01597	0.00771	0.02093	0.01212	0.03195	0.00991	0.01157	0.00771	0.00661	0.00441	0.00220	0.00551	0.00386	0.00441	0.00771
30	0.01882	0.01585	0.01673	0.01472	0.01894	0.01823	0.01154	0.11431	0.61418	0.03158	0.02757	0.02544	0.02059	0.00953	0.00723	0.00238	0.00590	0.00786	0.00723	0.01137
31	0.09486	0.31304	0.07520	0.01424	0.01897	0.13368	0.03778	0.02090	0.01521	0.01990	0.06374	0.01722	0.01430	0.01194	0.07509	0.00282	0.05350	0.00542	0.00374	0.00844
32	0.01327	0.00664	0.00664	0.00664	0.00830	0.00664	0.00498	0.01659	0.01493	0.02655	0.02323	0.02655	0.01825	0.00830	0.00498	0.00166	0.00332	0.00664	0.78928	0.00664
33	0.01036	0.00690	0.00777	0.00777	0.00777	0.00690	0.00431	0.01036	0.01036	0.01381	0.02244	0.04660	0.02589	0.74975	0.03624	0.00690	0.00690	0.01036	0.00431	0.00431
34	0.05414	0.01749	0.10820	0.32527	0.29106	0.01641	0.04576	0.02041	0.01507	0.02148	0.01288	0.01764	0.01007	0.00672	0.00696	0.00225	0.00913	0.00616	0.00336	0.00955
35	0.01554	0.05741	0.43156	0.02578	0.13646	0.01737	0.17028	0.02245	0.01559	0.02250	0.01313	0.01622	0.00977	0.00650	0.00709	0.00224	0.01042	0.00607	0.00322	0.01038
36	0.01036	0.00690	0.00777	0.00777	0.00777	0.00690	0.00431	0.01036	0.01036	0.01381	0.02244	0.04660	0.02589	0.74975	0.03624	0.00690	0.00690	0.01036	0.00431	0.00431
37	0.01558	0.01558	0.02181	0.01869	0.01869	0.02181	0.01558	0.01714	0.01091	0.01714	0.00935	0.01558	0.00935	0.01246	0.02337	0.00312	0.73672	0.00623	0.00312	0.00779
38	0.08362	0.03823	0.01423	0.10366	0.04713	0.03849	0.01036	0.01707	0.06349	0.02353	0.23157	0.16618	0.06433	0.01309	0.00856	0.00240	0.04974	0.01103	0.00581	0.00748
39	0.01960	0.01539	0.01613	0.01390	0.01797	0.04601	0.01094	0.15321	0.37917	0.08315	0.11493	0.02895	0.04851	0.01022	0.00737	0.00230	0.00602	0.00840	0.00724	0.01059
40	0.00868	0.00620	0.00826	0.00991	0.01033	0.00578	0.00661	0.00991	0.01363	0.01818	0.03925	0.74510	0.04710	0.02231	0.00909	0.00289	0.00413	0.02024	0.00661	0.00578
41	0.01723	0.00991	0.01254	0.01077	0.01384	0.00947	0.00843	0.06975	0.06266	0.19897	0.44226	0.04169	0.04801	0.01238	0.00793	0.00223	0.00450	0.01068	0.00799	0.00874
42	0.10708	0.02537	0.24909	0.02453	0.14495	0.08467	0.15404	0.08299	0.01744	0.02534	0.01312	0.01591	0.00992	0.00674	0.00688	0.00220	0.00987	0.00597	0.00382	0.01007
43	0.03195	0.01212	0.01652	0.01267	0.01818	0.01047	0.01047	0.03470	0.02038	0.71026	0.02809	0.02424	0.01763	0.00881	0.00716	0.00220	0.00606	0.00716	0.00881	0.01212
44	0.03195	0.01212	0.01652	0.01267	0.01818	0.01047	0.01047	0.03470	0.02038	0.71026	0.02809	0.02424	0.01763	0.00881	0.00716	0.00220	0.00606	0.00716	0.00881	0.01212
45	0.01673	0.01595	0.02687	0.19033	0.54225	0.01671	0.02106	0.02159	0.03794	0.02239	0.01375	0.01821	0.01124	0.00662	0.00707	0.00218	0.00859	0.00640	0.00357	0.01056
46	0.01470	0.03181	0.54714	0.02297	0.08709	0.01632	0.09714	0.02214	0.01539	0.02258	0.01424	0.01894	0.01099	0.00728	0.00712	0.00231	0.01032	0.03795	0.00329	0.01029
47	0.77148	0.01452	0.01082	0.00970	0.01408	0.04203	0.00793	0.02121	0.01242	0.03141	0.00996	0.01161	0.00777	0.00664	0.00448	0.00219	0.00578	0.00388	0.00438	0.00773
48	0.01723	0.01654	0.02807	0.09678	0.63051	0.01700	0.02148	0.02141	0.01588	0.02266	0.01320	0.01766	0.01107	0.00661	0.00761	0.00217	0.03341	0.00634	0.00348	0.01090
49	0.01071	0.00747	0.00939	0.00880	0.01077	0.00675	0.00664	0.01375	0.01944	0.05598	0.55686	0.05478	0.18206	0.01495	0.00835	0.00227	0.00352	0.01303	0.00765	0.00682
50	0.01641	0.01565	0.02176	0.05597	0.36170	0.06839	0.01649	0.02255	0.12023	0.02239	0.01987	0.02497	0.04310	0.01500	0.11341	0.00360	0.00969	0.03466	0.00439	0.00977
51	0.01017	0.00763	0.01144	0.01144	0.01272	0.00890	0.00890	0.01272	0.01144	0.01653	0.01907	0.02797	0.01780	0.05340	0.72153	0.01144	0.01907	0.00763	0.00381	0.00636
52	0.01098	0.00751	0.00962	0.00896	0.01090	0.00683	0.00676	0.01415	0.01975	0.06127	0.60104	0.05340	0.13258	0.01464	0.00834	0.00226	0.00352	0.01282	0.00776	0.00691
53	0.01052	0.00723	0.00951	0.00926	0.01082	0.00666	0.00682	0.01345	0.01893	0.04850	0.55466	0.18312	0.06179	0.01584	0.00849	0.00236	0.00359	0.01409	0.00764	0.00672
54	0.01345	0.01266	0.02136	0.73264	0.04904	0.01582	0.01978	0.01819	0.01424	0.01819	0.01266	0.01898	0.00949	0.00712	0.00712	0.00237	0.00949	0.00633	0.00316	0.00791
55	0.01536	0.01318	0.01592	0.01142	0.01775	0.01030	0.03022	0.04646	0.01563	0.02412	0.01290	0.01501	0.01062	0.00544	0.00545	0.00114	0.00560	0.00445	0.00432	0.73470
56	0.01008	0.00728	0.00952	0.00896	0.01064	0.00672	0.00672	0.01344	0.02016	0.02855	0.70158	0.05319	0.06719	0.01456	0.00840	0.00224	0.00336	0.01288	0.00784	0.00672
57	0.00867	0.00624	0.00822	0.00981	0.01030	0.00579	0.00656	0.00993	0.01373	0.01822	0.04050	0.71929	0.07210	0.02215	0.00906	0.00287	0.00411	0.02004	0.00661	0.00579
58	0.01454	0.01242	0.01453	0.01052	0.01663	0.00936	0.00837	0.01763	0.01472	0.02302	0.01364	0.04175	0.01190	0.00590	0.00541	0.00112	0.00523	0.00481	0.00431	0.76419
59	0.05510	0.01720	0.01875	0.01493	0.01982	0.01870	0.01211	0.51357	0.02889	0.09028	0.02073	0.11921	0.01724	0.01042	0.00729	0.00225	0.00709	0.00830	0.00707	0.01105
60	0.77481	0.01372	0.01066	0.00947	0.01392	0.01579	0.00780	0.02138	0.01239	0.05424	0.01051	0.01198	0.00804	0.00668	0.00450	0.00220	0.00553	0.00396	0.00455	0.00786
61	0.01327	0.00664	0.00664	0.00664	0.00830	0.00664	0.00498	0.01659	0.01493	0.02655	0.02323	0.02655	0.01825	0.00830	0.00498	0.00166	0.00332	0.00664	0.78928	0.00664
62	0.01502	0.05907	0.66827	0.01978	0.03000	0.01671	0.02533	0.02291	0.01519	0.04496	0.01319	0.01522	0.00931	0.00681	0.00671	0.00223	0.01028	0.00528	0.00320	0.01053
63	0.14357	0.01591	0.04144	0.01363	0.01878	0.01599	0.01147	0.25029	0.09751	0.23343	0.06897	0.02187	0.01791	0.00882	0.00681	0.00221	0.00650	0.00684	0.00712	0.01091
64	0.01818	0.02143	0.11522	0.03676	0.51208	0.10035	0.02123	0.02254	0.01633	0.02225	0.01288	0.01665	0.01067	0.00675	0.00756	0.00214	0.03685	0.00599	0.00346	0.01069
65	0.01569	0.01232	0.01340	0.01171	0.01497	0.01310	0.00906	0.16905	0.20954	0.02949	0.17716	0.04037	0.17176	0.06831	0.00991	0.00265	0.00532	0.01034	0.00699	0.00887
66	0.40905	0.08463	0.01683	0.12304	0.02137	0.04486	0.01124	0.09603	0.08559	0.02906	0.01315	0.01491	0.01011	0.00720	0.00551	0.00217	0.00687	0.00498	0.00465	0.00875
67	0.01609	0.01499	0.01794	0.06199	0.02003	0.06936	0.03124	0.07149	0.01579	0.02229	0.04221	0.06528	0.01519	0.01097	0.03815	0.00241	0.18855	0.00672	0.00434	0.28497
68	0.01327	0.00664	0.00664	0.00664	0.00830	0.00664	0.00498	0.01659	0.01493	0.02655	0.02323	0.02655	0.01825	0.00830	0.00498	0.00166	0.00332	0.00664	0.78928	0.00664
69	0.80005	0.01377	0.01047	0.00936	0.01377	0.01597	0.00771	0.02093	0.01212	0.03195	0.00991	0.01157	0.00771	0.00661	0.00441	0.00220	0.00551	0.00386	0.00441	0.00771
70	0.03046	0.01313	0.01701	0.01310	0.01851	0.01209	0.01080	0.13143	0.02235	0.58648	0.04968	0.02416	0.01851	0.00897	0.00720	0.00219	0.00623	0.00725	0.00852	0.01193
71	0.00915	0.00703	0.00838	0.00850	0.01019	0.00625	0.00620	0.01148	0.01729	0.02284	0.32344	0.20526	0.30326	0.01751	0.00855	0.00244	0.00362	0.01525	0.00711	0.00625
72	0.80005	0.01377	0.01047	0.00936	0.01377	0.01597	0.00771	0.02093	0.01212	0.03195	0.00991	0.01157	0.00771	0.00661	0.00441	0.00220	0.00551	0.00386	0.00441	0.00771
73	0.02448	0.01363	0.01622	0.01347	0.01817	0.01399	0.01079	0.05537	0.32712	0.35364	0.05368	0.02617	0.02121	0.00941	0.00725	0.00230	0.00582	0.00776	0.00801	0.01153
74	0.01714	0.01690	0.07309	0.36050	0.22485	0.01731	0.01969	0.13987	0.01833	0.02475	0.01368	0.01798	0.01043	0.00714	0.00708	0.00225	0.00898	0.00627	0.00397	0.00979
75	0.04780	0.56956	0.18345	0.01384	0.02084	0.02517	0.01509	0.02157	0.01450	0.01860	0.01053	0.01221	0.00906	0.00626	0.00504	0.00171	0.00817	0.00413	0.00309	0.00939
76	0.02328	0.01927	0.01916	0.01508	0.02033	0.10369	0.01219	0.41872	0.02646	0.03507	0.01560	0.01691	0.01185	0.01104	0.05921	0.00257	0.00875	0.00584	0.00587	0.16911
77	0.00941	0.00693	0.00891	0.00942	0.01067	0.00629	0.00664	0.01153	0.01617	0.02214	0.27482	0.42193	0.09823	0.01854	0.00863	0.00255	0.00387	0.01659	0.00694	0.03979
78	0.02667	0.03178	0.02036	0.01804	0.02202	0.61315	0.01372	0.12935	0.02223	0.02167	0.01195	0.01350	0.00963	0.00752	0.00653	0.00188	0.01207	0.00487	0.00420	0.00885
79	0.00868	0.00620	0.00826	0.00991	0.01033	0.00578	0.00661	0.00991	0.01363	0.01818	0.03925	0.74510	0.04710	0.02231	0.00909	0.00289	0.00413	0.02024	0.00661	0.00578
80	0.68137	0.01352	0.01140	0.00987	0.01445	0.01512	0.00814	0.02306	0.01339	0.13676	0.01272	0.01352	0.00924	0.00695	0.00483	0.00220	0.00559	0.00437	0.00509	0.00839
81	0.80005	0.01377	0.01047	0.00936	0.01377	0.01597	0.00771	0.02093	0.01212	0.03195	0.00991	0.01157	0.00771	0.00661	0.00441	0.00220	0.00551	0.00386	0.00441	0.00771
82	0.01017	0.00763	0.01144	0.01144	0.01272	0.00890	0.00890	0.01272	0.01144	0.01653	0.01907	0.02797	0.01780	0.05340	0.72153	0.01144	0.01907	0.00763	0.00381	0.00636
83	0.80005	0.01377	0.01047	0.00936	0.01377	0.01597	0.00771	0.02093	0.01212	0.03195	0.00991	0.01157	0.00771	0.00661	0.00441	0.00220	0.00551	0.00386	0.00441	0.00771
84	0.01008	0.00728	0.00952	0.00896	0.01064	0.00672	0.00672	0.01344	0.02016	0.02855	0.70158	0.05319	0.06719	0.01456	0.00840	0.00224	0.00336	0.01288	0.00784	0.00672
