[name]
unknown

[dist]
# distance from previous block
# <min> <max>
0	49

[block]
# block no. 0 follows, 25 sequences, length 6
# corresponding to MSA columns:
# 51-56
name=unknown_A
#
# <colnr> <probs for GDERKNQSTAVLIFYWHMCP>
#	G	D	E	R	K	N	Q	S	T	A	V	L	I	F	Y	W	H	M	C	P
0	0.07484	0.01433	0.02126	0.50228	0.04317	0.01722	0.01880	0.09563	0.01808	0.02478	0.01690	0.02657	0.01400	0.00928	0.00783	0.00264	0.00946	0.06950	0.00444	0.00900
1	0.01190	0.00905	0.01266	0.01139	0.01283	0.00867	0.06232	0.01344	0.01404	0.01929	0.10962	0.12665	0.03398	0.41442	0.05753	0.00576	0.00764	0.01221	0.00540	0.05119
2	0.19406	0.01572	0.01696	0.22887	0.02802	0.08061	0.01346	0.06306	0.05039	0.05640	0.07794	0.02829	0.09618	0.01007	0.00729	0.00245	0.00787	0.00796	0.00546	0.00893
3	0.01643	0.01286	0.01733	0.31019	0.03165	0.04643	0.01475	0.02042	0.01708	0.08001	0.02601	0.03623	0.07121	0.01101	0.00786	0.00249	0.00801	0.10426	0.09698	0.06880
4	0.12500	0.05230	0.02058	0.14866	0.02550	0.01453	0.09367	0.04520	0.01624	0.08076	0.06553	0.02282	0.01669	0.01264	0.01260	0.18105	0.00800	0.00713	0.00482	0.04630
5	0.01629	0.01531	0.02543	0.38942	0.04072	0.01765	0.13089	0.05466	0.07329	0.02282	0.01671	0.02390	0.01354	0.07463	0.01191	0.00308	0.04851	0.00786	0.00426	0.00913

[dist]
# distance from previous block
# <min> <max>
5	38

[block]
# block no. 1 follows, 25 sequences, length 16
# corresponding to MSA columns:
# 100-115
name=unknown_B
#
# <colnr> <probs for GDERKNQSTAVLIFYWHMCP>
#	G	D	E	R	K	N	Q	S	T	A	V	L	I	F	Y	W	H	M	C	P
0	0.12592	0.04638	0.02298	0.15407	0.02841	0.16715	0.05535	0.07533	0.01850	0.08940	0.01442	0.01760	0.01114	0.00892	0.01022	0.00250	0.13115	0.00623	0.00471	0.00962
1	0.01658	0.01448	0.08620	0.01372	0.01722	0.01260	0.01167	0.05995	0.10606	0.10842	0.03690	0.22801	0.12709	0.05338	0.01168	0.00303	0.06411	0.01305	0.00677	0.00910
2	0.02542	0.02065	0.11664	0.07350	0.02581	0.01850	0.01592	0.29977	0.06636	0.17294	0.06755	0.02351	0.01863	0.00950	0.00782	0.00241	0.00821	0.00757	0.00720	0.01209
3	0.02459	0.02607	0.01868	0.01661	0.02042	0.38509	0.01258	0.10525	0.04819	0.06043	0.02323	0.02613	0.08505	0.07075	0.04063	0.00307	0.01126	0.00744	0.00535	0.00918
4	0.02251	0.01979	0.11559	0.09121	0.02614	0.01808	0.01581	0.12032	0.29664	0.15220	0.02514	0.02434	0.01797	0.00943	0.00776	0.00252	0.00777	0.00770	0.00704	0.01206
5	0.01533	0.00962	0.01133	0.01031	0.01322	0.00889	0.00790	0.06884	0.02061	0.12190	0.21766	0.12583	0.26355	0.01625	0.00872	0.00253	0.00466	0.01384	0.05075	0.00826
6	0.02604	0.01955	0.02128	0.01697	0.02239	0.02182	0.01384	0.49684	0.12387	0.04319	0.02070	0.02137	0.01535	0.01474	0.08194	0.00346	0.00951	0.00738	0.00739	0.01238
7	0.01425	0.00725	0.00730	0.00730	0.00900	0.00725	0.00537	0.01764	0.01595	0.02803	0.02524	0.03028	0.02040	0.05429	0.00756	0.00217	0.00386	0.00748	0.72231	0.00707
8	0.01345	0.00694	0.00878	0.00898	0.00978	0.00689	0.00624	0.01350	0.01318	0.02059	0.02155	0.10102	0.02021	0.01918	0.01772	0.36891	0.00519	0.00859	0.32400	0.00529
9	0.01109	0.00827	0.01225	0.01225	0.01356	0.00958	0.00942	0.01371	0.01240	0.01784	0.02096	0.03155	0.01986	0.09402	0.66156	0.01220	0.02006	0.00847	0.00418	0.00680
10	0.01552	0.00826	0.00837	0.00798	0.01010	0.00842	0.00608	0.06328	0.01770	0.03033	0.02482	0.02817	0.01940	0.00905	0.00559	0.00184	0.00396	0.00721	0.71626	0.00765
11	0.02073	0.73217	0.04063	0.01327	0.01990	0.03068	0.01327	0.02322	0.01575	0.01824	0.01078	0.01244	0.00995	0.00663	0.00498	0.00166	0.00829	0.00415	0.00332	0.00995
12	0.01130	0.00754	0.00965	0.01008	0.01092	0.00787	0.00699	0.01310	0.01332	0.01940	0.02778	0.20076	0.02953	0.22944	0.23474	0.00710	0.01034	0.01223	0.13172	0.00620
13	0.01919	0.01842	0.03147	0.04759	0.67914	0.01842	0.02380	0.02380	0.01765	0.02533	0.01458	0.01919	0.01228	0.00691	0.00768	0.00230	0.00921	0.00691	0.00384	0.01228
14	0.01395	0.01083	0.01132	0.01013	0.01310	0.01053	0.00763	0.15139	0.02072	0.02607	0.05653	0.05845	0.42442	0.13411	0.01385	0.00336	0.00552	0.01348	0.00691	0.00769
15	0.02262	0.01692	0.01933	0.04624	0.02173	0.01850	0.01285	0.35842	0.09794	0.03629	0.01919	0.02166	0.01490	0.01709	0.09758	0.08225	0.00949	0.00712	0.00642	0.07346

[dist]
# distance from previous block
# <min> <max>
0	2

[block]
# block no. 2 follows, 25 sequences, length 14
# corresponding to MSA columns:
# 118-131
name=unknown_C
#
# <colnr> <probs for GDERKNQSTAVLIFYWHMCP>
#	G	D	E	R	K	N	Q	S	T	A	V	L	I	F	Y	W	H	M	C	P
0	0.02319	0.01438	0.01654	0.05909	0.02028	0.05442	0.01159	0.13146	0.04912	0.24278	0.03420	0.12357	0.10753	0.01490	0.03487	0.00294	0.00754	0.03367	0.00755	0.01037
1	0.01067	0.00738	0.00915	0.00972	0.01004	0.00742	0.00614	0.01146	0.01256	0.01693	0.02974	0.26055	0.03434	0.41777	0.11587	0.00678	0.00829	0.01429	0.00542	0.00549
2	0.02903	0.03497	0.02214	0.01970	0.02398	0.60867	0.01495	0.11215	0.02386	0.02288	0.01285	0.01459	0.01040	0.00816	0.00709	0.00204	0.01327	0.00525	0.00449	0.00954
3	0.01713	0.10394	0.36243	0.02389	0.07881	0.01911	0.14600	0.05344	0.01796	0.02520	0.03742	0.02110	0.04294	0.00801	0.00764	0.00239	0.01055	0.00712	0.00400	0.01090
4	0.01704	0.01427	0.01776	0.01352	0.01946	0.01241	0.04051	0.02284	0.10084	0.05107	0.01810	0.05333	0.01529	0.00783	0.00739	0.00166	0.03916	0.00644	0.00526	0.53581
5	0.00937	0.00703	0.00870	0.01004	0.01105	0.00636	0.00686	0.01088	0.01558	0.02009	0.05200	0.55481	0.21293	0.02309	0.00971	0.00301	0.00435	0.02057	0.00720	0.00636
6	0.01549	0.01094	0.01244	0.01122	0.01286	0.01163	0.00773	0.16371	0.01752	0.02357	0.02336	0.06724	0.02455	0.45473	0.10437	0.00667	0.00912	0.01035	0.00546	0.00702
7	0.04559	0.01458	0.02336	0.46007	0.04184	0.01833	0.05043	0.01951	0.01470	0.02039	0.01427	0.05160	0.01217	0.00974	0.01180	0.00279	0.16905	0.00756	0.00368	0.00856
8	0.01035	0.00739	0.00846	0.00892	0.00961	0.00699	0.00560	0.01112	0.01357	0.01753	0.04084	0.22772	0.17444	0.39429	0.02534	0.00534	0.00597	0.01513	0.00588	0.00551
9	0.78228	0.01499	0.01140	0.01020	0.01499	0.01739	0.00840	0.02279	0.01320	0.03479	0.01080	0.01260	0.00840	0.00720	0.00480	0.00240	0.00600	0.00420	0.00480	0.00840
10	0.01540	0.01436	0.02254	0.57353	0.04691	0.01792	0.02003	0.02253	0.10002	0.02138	0.01587	0.02151	0.01207	0.00849	0.00892	0.00264	0.05565	0.00713	0.00402	0.00908
11	0.01695	0.01644	0.02442	0.53155	0.14543	0.06561	0.02114	0.04687	0.01714	0.02177	0.01397	0.01989	0.01072	0.00770	0.00769	0.00249	0.01035	0.00676	0.00372	0.00938
12	0.01421	0.01273	0.01773	0.01595	0.01637	0.01673	0.01268	0.01595	0.01195	0.01785	0.01581	0.02675	0.01601	0.14664	0.23340	0.00686	0.38315	0.00800	0.00384	0.00737
13	0.03190	0.01850	0.02077	0.01607	0.02208	0.05004	0.01321	0.33961	0.02918	0.34096	0.02383	0.02199	0.01581	0.00938	0.00774	0.00234	0.00790	0.00726	0.00843	0.01299

[dist]
# distance from previous block
# <min> <max>
0	25

[block]
# block no. 3 follows, 25 sequences, length 23
# corresponding to MSA columns:
# 157-179
name=unknown_D
#
# <colnr> <probs for GDERKNQSTAVLIFYWHMCP>
#	G	D	E	R	K	N	Q	S	T	A	V	L	I	F	Y	W	H	M	C	P
0	0.17167	0.01556	0.02095	0.35018	0.03611	0.05224	0.04622	0.02259	0.01591	0.08335	0.01560	0.02186	0.01229	0.00885	0.00880	0.00261	0.06796	0.03373	0.00448	0.00902
1	0.01572	0.01093	0.01178	0.01078	0.01277	0.04766	0.00769	0.06903	0.01733	0.07898	0.11520	0.04399	0.11052	0.26706	0.07147	0.04810	0.00772	0.01064	0.03548	0.00714
2	0.01023	0.00720	0.00936	0.01079	0.01133	0.00690	0.00740	0.01160	0.01452	0.01929	0.03880	0.50103	0.04571	0.16648	0.01600	0.00409	0.00546	0.10106	0.00668	0.00609
3	0.01712	0.01631	0.02773	0.34908	0.39386	0.01788	0.02276	0.02198	0.01667	0.02281	0.01422	0.01987	0.01139	0.00729	0.00771	0.00243	0.00972	0.00690	0.00366	0.01061
4	0.01516	0.00947	0.01178	0.01100	0.01370	0.00877	0.00826	0.01946	0.07402	0.13351	0.25220	0.21423	0.13289	0.01654	0.00886	0.00259	0.00468	0.01445	0.00798	0.04042
5	0.01347	0.00673	0.01010	0.01010	0.01010	0.00673	0.00673	0.01010	0.01010	0.01347	0.01347	0.02357	0.01347	0.02694	0.03030	0.77441	0.00673	0.00673	0.00337	0.00337
6	0.01128	0.00752	0.00846	0.00846	0.00846	0.00752	0.00470	0.01128	0.01128	0.01503	0.02443	0.05074	0.02819	0.72751	0.03946	0.00752	0.00752	0.01128	0.00470	0.00470
7	0.02891	0.02144	0.02295	0.01772	0.02383	0.02378	0.01460	0.61911	0.07156	0.04795	0.01934	0.01919	0.01377	0.00938	0.00776	0.00234	0.00840	0.00708	0.00776	0.01313
8	0.00980	0.00798	0.00873	0.00882	0.01123	0.00691	0.00680	0.01219	0.01837	0.02280	0.16973	0.07328	0.51484	0.01922	0.00932	0.00269	0.00422	0.07894	0.00741	0.00673
9	0.78228	0.01499	0.01140	0.01020	0.01499	0.01739	0.00840	0.02279	0.01320	0.03479	0.01080	0.01260	0.00840	0.00720	0.00480	0.00240	0.00600	0.00420	0.00480	0.00840
10	0.01115	0.00839	0.01041	0.01022	0.01208	0.00799	0.00753	0.01564	0.07085	0.02801	0.44283	0.18100	0.12980	0.01741	0.00919	0.00261	0.00404	0.01535	0.00809	0.00743
11	0.78228	0.01499	0.01140	0.01020	0.01499	0.01739	0.00840	0.02279	0.01320	0.03479	0.01080	0.01260	0.00840	0.00720	0.00480	0.00240	0.00600	0.00420	0.00480	0.00840
12	0.01128	0.00752	0.00846	0.00846	0.00846	0.00752	0.00470	0.01128	0.01128	0.01503	0.02443	0.05074	0.02819	0.72751	0.03946	0.00752	0.00752	0.01128	0.00470	0.00470
13	0.36519	0.01689	0.01665	0.01359	0.01899	0.01858	0.01116	0.22132	0.07192	0.14865	0.01814	0.01804	0.01287	0.00851	0.00645	0.00239	0.00689	0.00602	0.00676	0.01098
14	0.00981	0.00703	0.00933	0.01055	0.01133	0.00654	0.00723	0.01172	0.01655	0.02251	0.19460	0.56284	0.05654	0.02226	0.00972	0.00298	0.00430	0.02012	0.00752	0.00654
15	0.02774	0.01627	0.01890	0.01539	0.02081	0.01702	0.01242	0.16533	0.27218	0.30357	0.02851	0.02577	0.01968	0.00989	0.00782	0.00247	0.00682	0.00800	0.00856	0.01284
16	0.02586	0.01370	0.01686	0.01383	0.01843	0.01343	0.01104	0.17785	0.05059	0.31747	0.12621	0.12425	0.03042	0.01251	0.00828	0.00250	0.00631	0.01052	0.00860	0.01133
17	0.00982	0.00688	0.00910	0.01082	0.01140	0.00647	0.00739	0.01139	0.01506	0.02037	0.04188	0.65914	0.04956	0.02347	0.00974	0.00311	0.00460	0.05277	0.04062	0.00638
18	0.01316	0.00854	0.01029	0.01021	0.01192	0.00801	0.00716	0.04407	0.01713	0.08134	0.11434	0.28320	0.16890	0.16720	0.01555	0.00377	0.00530	0.01578	0.00707	0.00707
19	0.27475	0.01287	0.01388	0.01205	0.01622	0.01322	0.00954	0.08324	0.01909	0.22333	0.08098	0.15998	0.02600	0.01219	0.00733	0.00254	0.00592	0.00985	0.00727	0.00975
20	0.01073	0.00785	0.01006	0.00964	0.01146	0.00719	0.00718	0.01410	0.02117	0.02955	0.58600	0.09659	0.12619	0.01666	0.00919	0.00249	0.00373	0.01468	0.00834	0.00719
21	0.02254	0.01704	0.01840	0.01568	0.02053	0.01900	0.01244	0.17553	0.43401	0.09728	0.03080	0.02855	0.05163	0.01059	0.00791	0.00254	0.00661	0.00864	0.00799	0.01229
22	0.01130	0.00812	0.01060	0.01172	0.01296	0.00796	0.00886	0.01435	0.04955	0.02211	0.10389	0.33254	0.07309	0.06113	0.01249	0.03736	0.00554	0.20262	0.00704	0.00675

[dist]
# distance from previous block
# <min> <max>
19	46

[block]
# block no. 4 follows, 25 sequences, length 21
# corresponding to MSA columns:
# 287-307
name=unknown_E
#
# <colnr> <probs for GDERKNQSTAVLIFYWHMCP>
#	G	D	E	R	K	N	Q	S	T	A	V	L	I	F	Y	W	H	M	C	P
0	0.01298	0.00876	0.01059	0.01051	0.01258	0.00825	0.00777	0.01660	0.06424	0.07996	0.17885	0.20637	0.19785	0.08923	0.01225	0.00324	0.00498	0.06002	0.00748	0.00749
1	0.02707	0.02006	0.02163	0.01665	0.02248	0.02173	0.01357	0.55479	0.03298	0.04451	0.01860	0.02061	0.01408	0.05854	0.00977	0.00258	0.00822	0.00707	0.00727	0.07776
2	0.01011	0.00753	0.00960	0.01054	0.01185	0.00678	0.00738	0.01195	0.01597	0.02140	0.09989	0.52167	0.11989	0.02166	0.00949	0.00290	0.00454	0.04025	0.00713	0.05945
3	0.03085	0.01751	0.01933	0.01536	0.02091	0.07377	0.01242	0.19194	0.08258	0.38883	0.02588	0.02434	0.01756	0.03141	0.00869	0.00252	0.00770	0.00754	0.00835	0.01249
4	0.21441	0.54978	0.03320	0.01249	0.01865	0.02730	0.01203	0.02311	0.01510	0.02245	0.01078	0.01248	0.00956	0.00678	0.00493	0.00185	0.00771	0.00416	0.00369	0.00956
5	0.02258	0.01050	0.01358	0.01141	0.01535	0.00919	0.00897	0.02531	0.02044	0.35751	0.17587	0.07486	0.16049	0.04584	0.00987	0.00271	0.00541	0.01158	0.00858	0.00997
6	0.37403	0.01357	0.01391	0.01166	0.01638	0.01414	0.00949	0.06104	0.01881	0.23570	0.13396	0.02515	0.02337	0.00958	0.00665	0.00240	0.00591	0.00719	0.00710	0.00996
7	0.01124	0.00815	0.01191	0.01200	0.01337	0.00935	0.00926	0.01400	0.01285	0.01887	0.02218	0.06443	0.02099	0.05295	0.61325	0.01124	0.01873	0.00891	0.05940	0.00691
8	0.01129	0.00775	0.00960	0.00991	0.01164	0.00694	0.00713	0.01353	0.01796	0.06275	0.22284	0.32852	0.22159	0.01989	0.00937	0.00277	0.00424	0.01751	0.00770	0.00705
9	0.01144	0.00735	0.00836	0.00870	0.00970	0.00705	0.00579	0.01319	0.01495	0.02166	0.09020	0.19565	0.10532	0.25085	0.01834	0.00412	0.00513	0.01338	0.20270	0.00612
10	0.01229	0.00815	0.01019	0.01017	0.01224	0.00734	0.00764	0.01490	0.01890	0.08113	0.27078	0.21691	0.21892	0.01868	0.00932	0.00273	0.00443	0.06004	0.00786	0.00737
11	0.03031	0.02038	0.02244	0.01720	0.02338	0.02205	0.01421	0.55638	0.03421	0.14894	0.02050	0.01984	0.01413	0.00935	0.00776	0.00234	0.00823	0.00711	0.00805	0.01319
12	0.02070	0.01736	0.01833	0.01607	0.02070	0.01995	0.01262	0.12634	0.57769	0.03472	0.02976	0.02749	0.02221	0.01035	0.00787	0.00259	0.00647	0.00852	0.00787	0.01240
13	0.01014	0.00743	0.00938	0.01016	0.01136	0.00687	0.00723	0.01224	0.01706	0.02277	0.20865	0.35853	0.15107	0.07176	0.01178	0.00323	0.00460	0.06183	0.00736	0.00654
14	0.00959	0.00781	0.00840	0.00835	0.01065	0.00672	0.00618	0.01179	0.01817	0.02265	0.18974	0.09617	0.51469	0.04215	0.01018	0.00276	0.00402	0.01597	0.00737	0.00662
15	0.02759	0.02078	0.02221	0.01746	0.02333	0.02316	0.01428	0.53983	0.15298	0.04582	0.02101	0.02053	0.01513	0.00953	0.00778	0.00238	0.00809	0.00731	0.00778	0.01302
16	0.01087	0.00792	0.01022	0.00965	0.01152	0.00727	0.00724	0.01444	0.02171	0.03053	0.64189	0.05885	0.10667	0.01606	0.00915	0.00245	0.00367	0.01415	0.00846	0.00727
17	0.02699	0.01817	0.02018	0.01602	0.02124	0.01954	0.01291	0.45096	0.05210	0.13239	0.02324	0.08531	0.01869	0.05334	0.00984	0.00273	0.00776	0.00877	0.00779	0.01203
18	0.03949	0.00873	0.01114	0.01014	0.01242	0.00813	0.00764	0.01731	0.02095	0.10457	0.53453	0.05231	0.06174	0.06393	0.01094	0.00278	0.00434	0.01279	0.00827	0.00784
19	0.01696	0.01696	0.02375	0.02036	0.02036	0.02375	0.01696	0.01866	0.01187	0.01866	0.01018	0.01696	0.01018	0.01357	0.02545	0.00339	0.71332	0.00679	0.00339	0.00848
20	0.01555	0.04011	0.68733	0.02210	0.03356	0.01801	0.02865	0.02455	0.01637	0.02455	0.01391	0.01637	0.00982	0.00737	0.00737	0.00246	0.01146	0.00573	0.00327	0.01146

[dist]
# distance from previous block
# <min> <max>
6	6

[block]
# block no. 5 follows, 25 sequences, length 15
# corresponding to MSA columns:
# 399-413
name=unknown_F
#
# <colnr> <probs for GDERKNQSTAVLIFYWHMCP>
#	G	D	E	R	K	N	Q	S	T	A	V	L	I	F	Y	W	H	M	C	P
0	0.03259	0.01264	0.01722	0.01354	0.01905	0.01095	0.01103	0.03545	0.02156	0.62698	0.03164	0.08663	0.02197	0.01087	0.00798	0.00246	0.00642	0.00903	0.00939	0.01260
1	0.03255	0.01369	0.01793	0.01408	0.01985	0.01253	0.01152	0.03828	0.11480	0.59059	0.03073	0.02676	0.01984	0.00973	0.00781	0.00243	0.00653	0.00794	0.00935	0.01306
2	0.02761	0.01992	0.02128	0.01653	0.02219	0.02196	0.01358	0.57462	0.03395	0.04639	0.01944	0.01989	0.01401	0.00927	0.00747	0.00226	0.00792	0.00701	0.10223	0.01245
3	0.01555	0.04011	0.68733	0.02210	0.03356	0.01801	0.02865	0.02455	0.01637	0.02455	0.01391	0.01637	0.00982	0.00737	0.00737	0.00246	0.01146	0.00573	0.00327	0.01146
4	0.72582	0.01442	0.01109	0.00998	0.01456	0.01665	0.00818	0.02244	0.01342	0.03436	0.01186	0.01379	0.00924	0.00733	0.00484	0.00236	0.00582	0.00442	0.06110	0.00831
5	0.00973	0.00794	0.00864	0.00864	0.01105	0.00685	0.00660	0.01213	0.01852	0.02306	0.19200	0.07221	0.51783	0.01902	0.00926	0.00265	0.00408	0.05560	0.00746	0.00673
6	0.01815	0.02036	0.04360	0.07180	0.08079	0.01940	0.57659	0.02449	0.01810	0.02458	0.01551	0.02079	0.01172	0.00663	0.00898	0.00259	0.01268	0.00888	0.00389	0.01047
7	0.01305	0.00924	0.01175	0.01242	0.01454	0.00908	0.01002	0.01775	0.08036	0.05586	0.10548	0.18846	0.13622	0.01953	0.00978	0.00310	0.00575	0.28242	0.00748	0.00771
8	0.01555	0.04011	0.68733	0.02210	0.03356	0.01801	0.02865	0.02455	0.01637	0.02455	0.01391	0.01637	0.00982	0.00737	0.00737	0.00246	0.01146	0.00573	0.00327	0.01146
9	0.01108	0.00831	0.01246	0.01246	0.01385	0.00969	0.00969	0.01385	0.01246	0.01800	0.02077	0.03046	0.01938	0.05815	0.69678	0.01246	0.02077	0.00831	0.00415	0.00692
10	0.00960	0.00787	0.00846	0.00831	0.01074	0.00673	0.00623	0.01197	0.01870	0.02338	0.22186	0.07061	0.53116	0.01873	0.00916	0.00258	0.00386	0.01580	0.00752	0.00673
11	0.03444	0.01376	0.01834	0.01406	0.02007	0.01223	0.01162	0.07852	0.02314	0.64244	0.02980	0.02588	0.01880	0.00958	0.00779	0.00239	0.00673	0.00774	0.00947	0.01319
12	0.01039	0.00790	0.00956	0.00914	0.01123	0.00707	0.00686	0.01351	0.02057	0.02783	0.48331	0.06329	0.26693	0.01707	0.00915	0.00250	0.00374	0.01477	0.00811	0.00707
13	0.01128	0.00752	0.00846	0.00846	0.00846	0.00752	0.00470	0.01128	0.01128	0.01503	0.02443	0.05074	0.02819	0.72751	0.03946	0.00752	0.00752	0.01128	0.00470	0.00470
14	0.00982	0.00755	0.00874	0.00907	0.01073	0.00674	0.00642	0.01181	0.01728	0.02228	0.19227	0.23523	0.32705	0.08479	0.01212	0.00316	0.00434	0.01685	0.00726	0.00648

[dist]
# distance from previous block
# <min> <max>
0	1

[block]
# block no. 6 follows, 25 sequences, length 10
# corresponding to MSA columns:
# 415-424
name=unknown_G
#
# <colnr> <probs for GDERKNQSTAVLIFYWHMCP>
#	G	D	E	R	K	N	Q	S	T	A	V	L	I	F	Y	W	H	M	C	P
0	0.03479	0.01320	0.01799	0.01380	0.01979	0.01140	0.01140	0.03779	0.02219	0.68451	0.03059	0.02639	0.01919	0.00960	0.00780	0.00240	0.00660	0.00780	0.00960	0.01320
1	0.05050	0.00935	0.01168	0.01050	0.01333	0.00861	0.00801	0.02015	0.01978	0.18949	0.31042	0.11139	0.09344	0.04566	0.00977	0.00269	0.00475	0.01243	0.05952	0.00854
2	0.01118	0.00749	0.00944	0.01030	0.01168	0.00676	0.00721	0.01291	0.01637	0.06546	0.08764	0.49668	0.18443	0.02180	0.00955	0.00294	0.00447	0.01938	0.00744	0.00688
3	0.01128	0.00752	0.00846	0.00846	0.00846	0.00752	0.00470	0.01128	0.01128	0.01503	0.02443	0.05074	0.02819	0.72751	0.03946	0.00752	0.00752	0.01128	0.00470	0.00470
4	0.01608	0.01378	0.01608	0.01148	0.01837	0.01034	0.00919	0.01952	0.01608	0.02527	0.01378	0.01608	0.01148	0.00574	0.00574	0.00115	0.00574	0.00459	0.00459	0.77491
5	0.78228	0.01499	0.01140	0.01020	0.01499	0.01739	0.00840	0.02279	0.01320	0.03479	0.01080	0.01260	0.00840	0.00720	0.00480	0.00240	0.00600	0.00420	0.00480	0.00840
6	0.19511	0.01358	0.01658	0.01302	0.01876	0.01268	0.01075	0.03457	0.02026	0.54516	0.02634	0.02343	0.01688	0.00908	0.00715	0.00240	0.00647	0.00703	0.00857	0.01217
7	0.00945	0.00675	0.00900	0.01080	0.01125	0.00630	0.00720	0.01080	0.01484	0.01979	0.04274	0.72245	0.05128	0.02429	0.00990	0.00315	0.00450	0.02204	0.00720	0.00630
8	0.01232	0.00815	0.01072	0.01010	0.01207	0.00748	0.00756	0.01573	0.02131	0.07084	0.57698	0.11675	0.06779	0.01623	0.00913	0.00250	0.00392	0.01437	0.00848	0.00759
9	0.03479	0.01320	0.01799	0.01380	0.01979	0.01140	0.01140	0.03779	0.02219	0.68451	0.03059	0.02639	0.01919	0.00960	0.00780	0.00240	0.00660	0.00780	0.00960	0.01320

[dist]
# distance from previous block
# <min> <max>
0	2

[block]
# block no. 7 follows, 25 sequences, length 56
# corresponding to MSA columns:
# 427-452,560-589
name=unknown_H
#
# <colnr> <probs for GDERKNQSTAVLIFYWHMCP>
#	G	D	E	R	K	N	Q	S	T	A	V	L	I	F	Y	W	H	M	C	P
0	0.01634	0.06887	0.02149	0.01714	0.01905	0.06786	0.04751	0.04011	0.01428	0.01965	0.01522	0.02272	0.01426	0.05497	0.25816	0.00643	0.27651	0.00730	0.00393	0.00820
1	0.01779	0.33917	0.40787	0.01828	0.02766	0.02348	0.02200	0.02398	0.01610	0.02183	0.01256	0.01467	0.00988	0.00705	0.00633	0.00211	0.01009	0.00505	0.00329	0.01081
2	0.01219	0.00796	0.01040	0.01101	0.01234	0.00748	0.00777	0.03560	0.01769	0.06815	0.18423	0.50087	0.05276	0.02087	0.00951	0.00291	0.00459	0.01875	0.00768	0.00723
3	0.00965	0.00686	0.00908	0.01078	0.01125	0.00645	0.00723	0.01100	0.01475	0.01964	0.04168	0.66489	0.04980	0.06267	0.01154	0.00340	0.00475	0.04127	0.00706	0.00624
4	0.01787	0.02022	0.04396	0.03161	0.03910	0.01896	0.61959	0.02415	0.01813	0.02459	0.01701	0.05512	0.01369	0.00740	0.00919	0.00264	0.01265	0.00978	0.00408	0.01025
5	0.02846	0.06358	0.01985	0.01436	0.02006	0.01600	0.01188	0.17682	0.08850	0.35409	0.02968	0.02725	0.06775	0.01006	0.00764	0.00233	0.00688	0.00801	0.00822	0.03859
6	0.01204	0.00880	0.01125	0.04180	0.01436	0.00882	0.00853	0.08015	0.01773	0.02381	0.10112	0.52035	0.04658	0.05266	0.01083	0.00316	0.00524	0.01849	0.00711	0.00716
7	0.01993	0.01759	0.05193	0.01463	0.02159	0.01496	0.03694	0.19944	0.02195	0.03190	0.01523	0.01700	0.01190	0.00686	0.00653	0.00160	0.00710	0.00550	0.00540	0.49202
8	0.01839	0.01555	0.02283	0.19567	0.15229	0.01748	0.04459	0.13254	0.01930	0.02743	0.01640	0.02109	0.01308	0.01132	0.04709	0.00296	0.08831	0.00703	0.10762	0.03903
9	0.01187	0.00806	0.00963	0.00954	0.01022	0.00798	0.00610	0.03978	0.01481	0.02010	0.14685	0.14782	0.03845	0.42269	0.02762	0.04766	0.00636	0.01293	0.00584	0.00572
10	0.02691	0.02106	0.02006	0.01674	0.02189	0.13935	0.01330	0.21531	0.24669	0.15944	0.02416	0.02281	0.01736	0.00954	0.00767	0.00239	0.00831	0.00740	0.00749	0.01213
11	0.07423	0.01329	0.01739	0.01351	0.01923	0.01191	0.01112	0.05562	0.02215	0.59330	0.06376	0.02708	0.02131	0.00979	0.00770	0.00240	0.00647	0.00791	0.00922	0.01262
12	0.00945	0.00675	0.00900	0.01080	0.01125	0.00630	0.00720	0.01080	0.01484	0.01979	0.04274	0.72245	0.05128	0.02429	0.00990	0.00315	0.00450	0.02204	0.00720	0.00630
13	0.01464	0.01378	0.02326	0.70887	0.05340	0.01723	0.02153	0.01981	0.01550	0.01981	0.01378	0.02067	0.01034	0.00775	0.00775	0.00258	0.01034	0.00689	0.00345	0.00861
14	0.00997	0.00783	0.00901	0.00883	0.01100	0.00687	0.00658	0.01265	0.01941	0.02535	0.33898	0.09879	0.38065	0.01820	0.00919	0.00257	0.00384	0.01561	0.00779	0.00687
15	0.01108	0.00831	0.01246	0.01246	0.01385	0.00969	0.00969	0.01385	0.01246	0.01800	0.02077	0.03046	0.01938	0.05815	0.69678	0.01246	0.02077	0.00831	0.00415	0.00692
16	0.01717	0.00985	0.01013	0.00914	0.01175	0.01027	0.00710	0.13284	0.01991	0.03251	0.02409	0.02705	0.01867	0.00908	0.00584	0.00190	0.00450	0.00718	0.63272	0.00830
17	0.03479	0.01320	0.01799	0.01380	0.01979	0.01140	0.01140	0.03779	0.02219	0.68451	0.03059	0.02639	0.01919	0.00960	0.00780	0.00240	0.00660	0.00780	0.00960	0.01320
18	0.78228	0.01499	0.01140	0.01020	0.01499	0.01739	0.00840	0.02279	0.01320	0.03479	0.01080	0.01260	0.00840	0.00720	0.00480	0.00240	0.00600	0.00420	0.00480	0.00840
19	0.00944	0.00787	0.00824	0.00815	0.01064	0.00666	0.00611	0.01167	0.01833	0.02251	0.17024	0.07205	0.58333	0.01905	0.00916	0.00259	0.00389	0.01600	0.00741	0.00666
20	0.01347	0.00673	0.01010	0.01010	0.01010	0.00673	0.00673	0.01010	0.01010	0.01347	0.01347	0.02357	0.01347	0.02694	0.03030	0.77441	0.00673	0.00673	0.00337	0.00337
21	0.01696	0.01696	0.02375	0.02036	0.02036	0.02375	0.01696	0.01866	0.01187	0.01866	0.01018	0.01696	0.01018	0.01357	0.02545	0.00339	0.71332	0.00679	0.00339	0.00848
22	0.02896	0.03695	0.02197	0.01998	0.02397	0.69638	0.01498	0.03096	0.02197	0.01898	0.01199	0.01398	0.00999	0.00799	0.00699	0.00200	0.01398	0.00499	0.00400	0.00899
23	0.03374	0.01343	0.01796	0.01393	0.01982	0.01193	0.01146	0.03802	0.06552	0.64056	0.03065	0.02656	0.01949	0.00966	0.00780	0.00241	0.00657	0.00786	0.00948	0.01313
24	0.01684	0.00924	0.01216	0.01068	0.01359	0.00830	0.00827	0.02026	0.02182	0.19394	0.48724	0.05079	0.08670	0.01446	0.00881	0.00244	0.00440	0.01257	0.00874	0.00875
25	0.01188	0.00720	0.00805	0.00858	0.00970	0.00695	0.00584	0.01396	0.01498	0.02276	0.03492	0.24263	0.08791	0.15701	0.01383	0.00341	0.00468	0.01321	0.32612	0.00639
26	0.01547	0.00820	0.00831	0.00794	0.01005	0.00836	0.00605	0.06088	0.01762	0.03025	0.02484	0.02821	0.01942	0.00905	0.00558	0.00184	0.00394	0.00721	0.71914	0.00763
27	0.03390	0.01300	0.01771	0.01364	0.01949	0.01124	0.01124	0.03692	0.02218	0.66004	0.05472	0.02757	0.02121	0.00983	0.00785	0.00240	0.00649	0.00803	0.00956	0.01298
28	0.05255	0.00978	0.01261	0.01128	0.01441	0.00890	0.00866	0.02191	0.01996	0.25094	0.26690	0.18539	0.07447	0.01528	0.00865	0.00258	0.00495	0.01326	0.00839	0.00912
29	0.01547	0.00820	0.00831	0.00794	0.01005	0.00836	0.00605	0.06088	0.01762	0.03025	0.02484	0.02821	0.01942	0.00905	0.00558	0.00184	0.00394	0.00721	0.71914	0.00763
30	0.50930	0.01396	0.01323	0.01121	0.01613	0.01492	0.00919	0.02653	0.01644	0.22258	0.06528	0.01992	0.01628	0.00853	0.00599	0.00240	0.00600	0.00596	0.00646	0.00971
31	0.01045	0.00697	0.00927	0.01055	0.01094	0.00668	0.00706	0.01105	0.01382	0.01839	0.03583	0.49213	0.04220	0.12503	0.01709	0.11434	0.00539	0.05082	0.00629	0.00569
32	0.04934	0.01168	0.01491	0.01259	0.01685	0.01075	0.00994	0.04988	0.04966	0.38582	0.09468	0.15901	0.07396	0.01349	0.00830	0.00256	0.00579	0.01145	0.00860	0.01075
33	0.00957	0.00684	0.00914	0.01094	0.01145	0.00641	0.00742	0.01102	0.01497	0.01994	0.04266	0.69578	0.05100	0.02417	0.00993	0.00317	0.00461	0.04745	0.00720	0.00633
34	0.01078	0.00731	0.00860	0.00909	0.00921	0.00719	0.00538	0.01115	0.01224	0.01633	0.02940	0.23314	0.03446	0.53655	0.03144	0.00633	0.00670	0.01420	0.00538	0.00513
35	0.00990	0.00697	0.00895	0.01026	0.01068	0.00660	0.00668	0.01108	0.01445	0.01935	0.06974	0.54970	0.04752	0.17081	0.01604	0.00403	0.00509	0.01940	0.00674	0.00601
36	0.01146	0.00971	0.01632	0.01594	0.03693	0.00915	0.12107	0.01394	0.01570	0.02103	0.03704	0.54374	0.04280	0.02049	0.00974	0.00305	0.00629	0.05183	0.00652	0.00726
37	0.01608	0.01378	0.01608	0.01148	0.01837	0.01034	0.00919	0.01952	0.01608	0.02527	0.01378	0.01608	0.01148	0.00574	0.00574	0.00115	0.00574	0.00459	0.00459	0.77491
38	0.01052	0.00732	0.00951	0.01022	0.01104	0.00694	0.00702	0.01219	0.01621	0.02212	0.22071	0.35689	0.05168	0.14106	0.01565	0.03840	0.00499	0.04434	0.00698	0.00623
39	0.00996	0.00804	0.00900	0.00941	0.01173	0.00707	0.00740	0.01232	0.01781	0.02187	0.09834	0.10198	0.48927	0.02001	0.00952	0.00283	0.00461	0.14487	0.00725	0.00670
40	0.00952	0.00678	0.00897	0.01070	0.01113	0.00635	0.00709	0.01082	0.01470	0.01959	0.04197	0.69435	0.05032	0.05371	0.01113	0.00333	0.00462	0.02159	0.00709	0.00623
41	0.01706	0.01179	0.01338	0.01176	0.01397	0.01268	0.00853	0.20351	0.01935	0.02673	0.02178	0.03515	0.02108	0.32406	0.11623	0.04062	0.00923	0.00901	0.07635	0.00771
42	0.01676	0.01376	0.01615	0.01157	0.01843	0.01037	0.00927	0.02019	0.01630	0.04917	0.01439	0.01645	0.01176	0.00588	0.00582	0.00119	0.00577	0.00471	0.00478	0.74729
43	0.01114	0.00752	0.00877	0.00900	0.00920	0.00745	0.00540	0.01159	0.01236	0.01654	0.05428	0.11768	0.03305	0.59781	0.03404	0.00670	0.00705	0.04013	0.00521	0.00507
44	0.01108	0.00831	0.01246	0.01246	0.01385	0.00969	0.00969	0.01385	0.01246	0.01800	0.02077	0.03046	0.01938	0.05815	0.69678	0.01246	0.02077	0.00831	0.00415	0.00692
45	0.01467	0.01302	0.01594	0.01916	0.16647	0.03548	0.01191	0.07078	0.05483	0.02504	0.05108	0.05358	0.36077	0.01508	0.00868	0.00257	0.00624	0.05944	0.00640	0.00886
46	0.01877	0.01784	0.02486	0.02067	0.02195	0.02357	0.05073	0.10712	0.01563	0.02319	0.01165	0.01741	0.01068	0.01260	0.02211	0.00320	0.57781	0.00694	0.00403	0.00924
47	0.55192	0.11822	0.01624	0.01113	0.01607	0.04819	0.00941	0.02390	0.01468	0.07214	0.01287	0.01438	0.00998	0.00740	0.00514	0.00224	0.00659	0.00461	0.04601	0.00888
48	0.01681	0.06564	0.49137	0.02208	0.03113	0.05246	0.06763	0.02401	0.01612	0.02321	0.01328	0.01647	0.01002	0.00817	0.00987	0.00254	0.10901	0.00600	0.00337	0.01079
49	0.23803	0.02001	0.01928	0.05033	0.05161	0.08762	0.01323	0.30659	0.04749	0.03803	0.01609	0.01740	0.01200	0.00843	0.00675	0.00231	0.00818	0.00607	0.03966	0.01087
50	0.01460	0.01218	0.01439	0.01154	0.01669	0.00981	0.00886	0.01851	0.05066	0.02429	0.02195	0.19282	0.02206	0.01062	0.00689	0.00173	0.00545	0.00917	0.00542	0.54236
51	0.01309	0.00993	0.01345	0.01536	0.05174	0.01009	0.01191	0.01847	0.08790	0.02489	0.11376	0.14160	0.04468	0.01910	0.00997	0.00322	0.00645	0.38929	0.00721	0.00791
52	0.01091	0.00792	0.01027	0.00968	0.01154	0.00729	0.00726	0.01450	0.02179	0.03071	0.65237	0.05855	0.09608	0.01600	0.00915	0.00245	0.00367	0.01411	0.00848	0.00729
53	0.00981	0.00699	0.00921	0.01050	0.01117	0.00654	0.00710	0.01150	0.01593	0.02157	0.15409	0.57181	0.05404	0.05700	0.01120	0.00324	0.00450	0.02009	0.00731	0.00640
54	0.10097	0.50080	0.09861	0.01457	0.02124	0.08286	0.01447	0.05144	0.01697	0.02199	0.01153	0.01324	0.00992	0.00699	0.00548	0.00187	0.00884	0.00450	0.00372	0.01000
55	0.01083	0.00787	0.01019	0.00972	0.01152	0.00724	0.00725	0.01431	0.02145	0.03015	0.62126	0.08782	0.09850	0.01639	0.00918	0.00248	0.00371	0.01448	0.00842	0.00724

[dist]
# distance from previous block
# <min> <max>
0	2

[block]
# block no. 8 follows, 25 sequences, length 38
# corresponding to MSA columns:
# 592-629
name=unknown_I
#
# <colnr> <probs for GDERKNQSTAVLIFYWHMCP>
#	G	D	E	R	K	N	Q	S	T	A	V	L	I	F	Y	W	H	M	C	P
0	0.02270	0.01583	0.01857	0.01723	0.06180	0.01704	0.01287	0.12788	0.32801	0.15467	0.07486	0.03167	0.02526	0.01093	0.00809	0.00256	0.00666	0.04351	0.00793	0.01194
1	0.02947	0.02172	0.02327	0.01784	0.02404	0.02404	0.01474	0.65329	0.03646	0.04887	0.01862	0.01862	0.01319	0.00931	0.00776	0.00233	0.00853	0.00698	0.00776	0.01319
2	0.01608	0.01378	0.01608	0.01148	0.01837	0.01034	0.00919	0.01952	0.01608	0.02527	0.01378	0.01608	0.01148	0.00574	0.00574	0.00115	0.00574	0.00459	0.00459	0.77491
3	0.00954	0.00682	0.00908	0.01074	0.01127	0.00636	0.00720	0.01102	0.01526	0.02045	0.07956	0.68375	0.05256	0.02380	0.00985	0.00311	0.00445	0.02158	0.00728	0.00636
4	0.02343	0.01650	0.01818	0.01467	0.01881	0.01792	0.01144	0.40492	0.02722	0.06558	0.02093	0.02879	0.01808	0.21585	0.05889	0.00442	0.00891	0.00832	0.00675	0.01040
5	0.58520	0.01795	0.06929	0.01520	0.06787	0.01807	0.03080	0.06923	0.01564	0.03399	0.01205	0.01408	0.00926	0.00732	0.00557	0.00240	0.00708	0.00488	0.00479	0.00935
6	0.01154	0.00888	0.01285	0.01254	0.01374	0.01042	0.00967	0.01407	0.01303	0.01880	0.06946	0.03312	0.02343	0.10550	0.54040	0.01061	0.07172	0.00886	0.00447	0.00689
7	0.00943	0.00683	0.00891	0.01057	0.01119	0.00632	0.00710	0.01082	0.01506	0.01988	0.04543	0.67372	0.09827	0.02394	0.00984	0.00311	0.00446	0.02162	0.00720	0.00632
8	0.02883	0.02014	0.02203	0.01700	0.02292	0.02193	0.01400	0.56090	0.03433	0.10352	0.05916	0.02166	0.01732	0.00973	0.00784	0.00234	0.00807	0.00748	0.00796	0.01283
9	0.01673	0.01436	0.01695	0.01241	0.01877	0.01192	0.01000	0.04709	0.01666	0.02581	0.01373	0.01625	0.01146	0.00647	0.00727	0.00136	0.05766	0.00486	0.00464	0.68559
10	0.73546	0.01512	0.01215	0.01082	0.01532	0.01778	0.00892	0.02254	0.01311	0.03380	0.01076	0.01286	0.00851	0.00759	0.00606	0.00246	0.04927	0.00436	0.00471	0.00840
11	0.02045	0.67982	0.03939	0.01379	0.01993	0.03017	0.01354	0.02288	0.01547	0.01827	0.01074	0.01277	0.00997	0.00714	0.00647	0.00179	0.05990	0.00434	0.00332	0.00984
12	0.01377	0.00880	0.01117	0.01045	0.01271	0.00820	0.00793	0.01751	0.04332	0.09916	0.42320	0.07599	0.11263	0.06944	0.01135	0.00293	0.00462	0.05089	0.00810	0.00783
13	0.00941	0.00786	0.00819	0.00811	0.01062	0.00665	0.00608	0.01160	0.01824	0.02230	0.15815	0.07239	0.59555	0.01913	0.00916	0.00259	0.00389	0.01605	0.00738	0.00665
14	0.01168	0.00860	0.01196	0.01139	0.01350	0.00781	0.04606	0.01441	0.01852	0.05422	0.26586	0.26402	0.18549	0.01859	0.00937	0.00274	0.00478	0.03613	0.00757	0.00729
15	0.02947	0.02172	0.02327	0.01784	0.02404	0.02404	0.01474	0.65329	0.03646	0.04887	0.01862	0.01862	0.01319	0.00931	0.00776	0.00233	0.00853	0.00698	0.00776	0.01319
16	0.00971	0.00707	0.00916	0.01034	0.01124	0.00651	0.00711	0.01155	0.01644	0.02204	0.16617	0.53923	0.11021	0.02228	0.00969	0.00297	0.00429	0.02002	0.00745	0.00651
17	0.02073	0.73217	0.04063	0.01327	0.01990	0.03068	0.01327	0.02322	0.01575	0.01824	0.01078	0.01244	0.00995	0.00663	0.00498	0.00166	0.00829	0.00415	0.00332	0.00995
18	0.59082	0.15393	0.01764	0.01137	0.01648	0.06080	0.00973	0.02337	0.01421	0.03066	0.01086	0.01265	0.00879	0.00714	0.00496	0.00223	0.00692	0.00424	0.00447	0.00873
19	0.01326	0.00957	0.01201	0.03230	0.03551	0.00917	0.00907	0.05232	0.01990	0.05585	0.26280	0.06018	0.21756	0.07128	0.01149	0.00304	0.00534	0.10428	0.00738	0.00769
20	0.01765	0.01551	0.04162	0.27239	0.07159	0.01631	0.05216	0.02249	0.04582	0.07929	0.01571	0.02006	0.01219	0.00891	0.01056	0.02591	0.10553	0.00669	0.00444	0.15518
21	0.00956	0.00787	0.00841	0.00827	0.01072	0.00672	0.00621	0.01190	0.01862	0.02319	0.21051	0.07092	0.54263	0.01880	0.00916	0.00258	0.00387	0.01585	0.00750	0.00672
22	0.01790	0.01870	0.02302	0.15184	0.02693	0.11137	0.01732	0.02034	0.01393	0.01890	0.01149	0.01776	0.01051	0.01331	0.04360	0.00338	0.46106	0.00662	0.00351	0.00852
23	0.02671	0.10810	0.02572	0.02287	0.12051	0.38116	0.01604	0.15961	0.02368	0.02611	0.01363	0.01555	0.01099	0.00796	0.00703	0.00207	0.01150	0.00560	0.00469	0.01046
24	0.02319	0.01496	0.07870	0.01336	0.01904	0.01139	0.01174	0.05558	0.02077	0.30157	0.15828	0.04940	0.02848	0.01028	0.00766	0.00217	0.00630	0.00859	0.00759	0.17096
25	0.01953	0.07392	0.08868	0.02730	0.03475	0.02036	0.43476	0.11710	0.02050	0.02767	0.01683	0.05072	0.01345	0.00780	0.00854	0.00251	0.01155	0.00878	0.00454	0.01072
26	0.01700	0.15309	0.55171	0.02056	0.03089	0.05058	0.02552	0.02462	0.01652	0.02327	0.01332	0.01562	0.00985	0.00727	0.00696	0.00230	0.01105	0.00544	0.00331	0.01110
27	0.01347	0.00673	0.01010	0.01010	0.01010	0.00673	0.00673	0.01010	0.01010	0.01347	0.01347	0.02357	0.01347	0.02694	0.03030	0.77441	0.00673	0.00673	0.00337	0.00337
28	0.01472	0.01007	0.01254	0.01269	0.01503	0.00994	0.01011	0.09980	0.01982	0.06604	0.06546	0.25970	0.12486	0.01950	0.00964	0.00304	0.00596	0.22562	0.00745	0.00799
29	0.01826	0.10490	0.33848	0.02620	0.13670	0.06935	0.10695	0.02580	0.05622	0.02412	0.01485	0.01760	0.01134	0.00734	0.00741	0.00235	0.01084	0.00634	0.00379	0.01117
30	0.01036	0.00764	0.00989	0.01128	0.01256	0.00716	0.00856	0.01256	0.01648	0.02139	0.06890	0.39438	0.16207	0.02232	0.00998	0.00316	0.00516	0.20229	0.00722	0.00663
31	0.02315	0.01742	0.01733	0.01484	0.01947	0.08833	0.01170	0.12186	0.27548	0.15908	0.03512	0.03283	0.12639	0.01139	0.00797	0.00247	0.00704	0.00916	0.00768	0.01130
32	0.07368	0.07134	0.01933	0.01438	0.01958	0.06695	0.01173	0.07596	0.15457	0.31754	0.07358	0.02587	0.02164	0.00973	0.00745	0.00236	0.00707	0.00769	0.00784	0.01171
33	0.01076	0.01014	0.05934	0.01137	0.01345	0.00818	0.00914	0.01391	0.03617	0.02222	0.13063	0.32720	0.15740	0.05308	0.05077	0.00366	0.00612	0.06258	0.00682	0.00707
34	0.01082	0.00852	0.00994	0.01070	0.01235	0.00829	0.00758	0.01538	0.11178	0.02199	0.05117	0.43750	0.22311	0.02094	0.00939	0.00292	0.00458	0.01848	0.00730	0.00725
35	0.01950	0.29199	0.06619	0.01576	0.02048	0.06975	0.01423	0.07033	0.10300	0.02281	0.01577	0.01870	0.01343	0.01605	0.11092	0.00374	0.10694	0.00609	0.00443	0.00987
36	0.06550	0.07035	0.25244	0.03067	0.25702	0.07852	0.08875	0.02469	0.01728	0.02461	0.01379	0.01715	0.01082	0.00712	0.00733	0.00233	0.01054	0.00625	0.00370	0.01115
37	0.01544	0.01495	0.05942	0.12650	0.14652	0.01434	0.09481	0.01962	0.01726	0.05093	0.11345	0.10086	0.06568	0.01359	0.03186	0.00298	0.06002	0.03726	0.00530	0.00921

[dist]
# distance from previous block
# <min> <max>
0	1

[block]
# block no. 9 follows, 25 sequences, length 7
# corresponding to MSA columns:
# 631-637
name=unknown_J
#
# <colnr> <probs for GDERKNQSTAVLIFYWHMCP>
#	G	D	E	R	K	N	Q	S	T	A	V	L	I	F	Y	W	H	M	C	P
0	0.01485	0.01236	0.01386	0.04818	0.01671	0.06022	0.01001	0.09444	0.03707	0.02362	0.05827	0.29407	0.03268	0.10377	0.08826	0.00436	0.03659	0.01352	0.00608	0.03108
1	0.01991	0.04719	0.10901	0.07650	0.05961	0.07121	0.30315	0.02530	0.01797	0.08244	0.01581	0.01942	0.01184	0.00732	0.00867	0.00239	0.03716	0.00742	0.00434	0.07335
2	0.05403	0.06716	0.05512	0.01809	0.04309	0.28383	0.01431	0.10030	0.15385	0.02637	0.02231	0.02284	0.06860	0.00959	0.00775	0.00228	0.02785	0.00700	0.00542	0.01019
3	0.01906	0.01615	0.05580	0.07828	0.02194	0.01622	0.01292	0.24985	0.10344	0.03287	0.08716	0.15655	0.02805	0.07273	0.01093	0.00299	0.00727	0.01094	0.00683	0.01001
4	0.02497	0.03082	0.08546	0.02358	0.07399	0.37984	0.11173	0.09174	0.05921	0.02457	0.01469	0.01693	0.01151	0.00792	0.00752	0.00222	0.01228	0.00623	0.00451	0.01027
5	0.05184	0.16144	0.02519	0.05239	0.02260	0.12208	0.04336	0.08009	0.03633	0.08034	0.01845	0.06279	0.03641	0.01054	0.01103	0.00248	0.16059	0.00743	0.00496	0.00968
6	0.07955	0.02015	0.02208	0.01983	0.08061	0.05458	0.01480	0.38956	0.06533	0.03883	0.01850	0.05417	0.01485	0.01014	0.00940	0.00248	0.07939	0.00753	0.00655	0.01168

[dist]
# distance from previous block
# <min> <max>
3	9

[block]
# block no. 10 follows, 25 sequences, length 20
# corresponding to MSA columns:
# 647-666
name=unknown_K
#
# <colnr> <probs for GDERKNQSTAVLIFYWHMCP>
#	G	D	E	R	K	N	Q	S	T	A	V	L	I	F	Y	W	H	M	C	P
0	0.02191	0.10393	0.02310	0.05576	0.05399	0.18764	0.01449	0.10205	0.05066	0.05176	0.02000	0.02316	0.06433	0.04155	0.01225	0.00266	0.14905	0.00715	0.00493	0.00962
1	0.19109	0.01954	0.01957	0.04758	0.10432	0.13615	0.01398	0.12397	0.02003	0.02944	0.08323	0.02266	0.04363	0.00988	0.00948	0.00246	0.10110	0.00707	0.00525	0.00960
2	0.25276	0.05047	0.04800	0.32306	0.03344	0.04578	0.01584	0.02096	0.01537	0.02482	0.01717	0.02413	0.03920	0.00895	0.00692	0.00252	0.00862	0.04915	0.00428	0.00856
3	0.01888	0.01846	0.02978	0.15049	0.55349	0.04638	0.02307	0.02347	0.01750	0.02420	0.01435	0.01921	0.01188	0.00709	0.00766	0.00233	0.00959	0.00683	0.00378	0.01157
4	0.72278	0.01512	0.01187	0.01063	0.01540	0.01754	0.00870	0.02423	0.06404	0.03460	0.01242	0.01387	0.00959	0.00746	0.00504	0.00242	0.00601	0.00455	0.00504	0.00870
5	0.01108	0.00831	0.01246	0.01246	0.01385	0.00969	0.00969	0.01385	0.01246	0.01800	0.02077	0.03046	0.01938	0.05815	0.69678	0.01246	0.02077	0.00831	0.00415	0.00692
6	0.01445	0.00723	0.00723	0.00723	0.00903	0.00723	0.00542	0.01807	0.01626	0.02891	0.02529	0.02891	0.01987	0.00903	0.00542	0.00181	0.00361	0.00723	0.77055	0.00723
7	0.01082	0.00789	0.00996	0.00946	0.01123	0.00726	0.00697	0.01402	0.02068	0.02881	0.56416	0.05901	0.12948	0.07270	0.01155	0.00286	0.00399	0.01404	0.00810	0.00703
8	0.01677	0.01419	0.01645	0.01181	0.01867	0.01105	0.00948	0.05244	0.01714	0.02649	0.01403	0.01621	0.01157	0.00593	0.00585	0.00121	0.00589	0.00472	0.00476	0.73535
9	0.02347	0.02372	0.01934	0.05013	0.02243	0.27655	0.01335	0.19923	0.06706	0.02836	0.02480	0.02612	0.10029	0.01479	0.07280	0.00323	0.01109	0.00770	0.00571	0.00984
10	0.02112	0.01477	0.01660	0.01355	0.01756	0.01545	0.01057	0.30510	0.02538	0.07615	0.10371	0.03394	0.06250	0.15443	0.04993	0.00385	0.00783	0.00922	0.00698	0.05136
11	0.01091	0.00780	0.01066	0.01231	0.01345	0.00755	0.00960	0.01340	0.01662	0.02199	0.07866	0.39657	0.04954	0.02250	0.01022	0.00330	0.00564	0.29529	0.00725	0.00674
12	0.01103	0.00862	0.01068	0.04023	0.01434	0.00826	0.00881	0.01470	0.04926	0.02384	0.18065	0.16241	0.26464	0.01899	0.00949	0.00287	0.00505	0.15166	0.00733	0.00716
13	0.01584	0.03839	0.63528	0.02412	0.08479	0.01804	0.02826	0.02449	0.01647	0.02462	0.01397	0.01659	0.01002	0.00733	0.00739	0.00244	0.01128	0.00582	0.00332	0.01152
14	0.04154	0.11246	0.47469	0.05223	0.08186	0.01902	0.02460	0.02485	0.01660	0.06231	0.01448	0.01680	0.01055	0.00739	0.00708	0.00235	0.01043	0.00577	0.00374	0.01123
15	0.22705	0.01780	0.01782	0.01423	0.01961	0.01949	0.01166	0.37597	0.02688	0.04096	0.02082	0.02133	0.05813	0.00928	0.00684	0.00228	0.00714	0.00679	0.04811	0.04781
16	0.01745	0.02115	0.13730	0.03282	0.36898	0.06980	0.02021	0.02186	0.01670	0.02295	0.01746	0.07046	0.01618	0.06945	0.06074	0.00352	0.01036	0.00806	0.00408	0.01047
17	0.01718	0.01685	0.02666	0.06046	0.34641	0.04092	0.07889	0.02109	0.01704	0.02323	0.02419	0.03132	0.09883	0.01058	0.01057	0.00262	0.10191	0.05659	0.00446	0.01021
18	0.11290	0.01000	0.01061	0.01013	0.01296	0.00997	0.00785	0.01788	0.10090	0.02760	0.25284	0.05599	0.27766	0.01572	0.00851	0.00258	0.00457	0.04613	0.00740	0.00780
19	0.01858	0.01825	0.02784	0.05937	0.14093	0.07473	0.19412	0.09933	0.01971	0.02609	0.04685	0.14748	0.02133	0.01118	0.00969	0.00261	0.05651	0.01040	0.00511	0.00989

[dist]
# distance from previous block
# <min> <max>
5	6

[block]
# block no. 11 follows, 25 sequences, length 11
# corresponding to MSA columns:
# 673-683
name=unknown_L
#
# <colnr> <probs for GDERKNQSTAVLIFYWHMCP>
#	G	D	E	R	K	N	Q	S	T	A	V	L	I	F	Y	W	H	M	C	P
