[name]
unknown

[dist]
# distance from previous block
# <min> <max>
4	13

[block]
# block no. 0 follows, 28 sequences, length 8
# corresponding to MSA columns:
# 14-21
name=unknown_A
#
# <colnr> <probs for GDERKNQSTAVLIFYWHMCP>
#	G	D	E	R	K	N	Q	S	T	A	V	L	I	F	Y	W	H	M	C	P
0	0.01077	0.00772	0.00967	0.01060	0.01150	0.00757	0.00726	0.07356	0.01561	0.02084	0.03670	0.62206	0.04314	0.07235	0.01104	0.00317	0.00478	0.01861	0.00663	0.00641
1	0.01143	0.00871	0.01103	0.01101	0.01218	0.00895	0.00784	0.05143	0.01508	0.02077	0.09156	0.42031	0.03865	0.11960	0.01407	0.00331	0.07362	0.01527	0.00607	0.05909
2	0.01782	0.01773	0.02743	0.15592	0.42465	0.06425	0.07283	0.02374	0.07986	0.02305	0.01497	0.01889	0.01203	0.00697	0.00730	0.00224	0.00914	0.00669	0.00391	0.01058
3	0.01192	0.00889	0.01010	0.00976	0.01125	0.00888	0.00660	0.03944	0.10009	0.01998	0.06064	0.18470	0.08550	0.33997	0.02097	0.00450	0.00581	0.01230	0.00572	0.05298
4	0.01680	0.01727	0.02154	0.01838	0.01922	0.08052	0.01516	0.01855	0.01226	0.01802	0.00996	0.01560	0.00963	0.01168	0.02089	0.00290	0.61128	0.00605	0.00332	0.07099
5	0.01579	0.01143	0.01318	0.01203	0.01504	0.01166	0.00929	0.12346	0.13489	0.06599	0.06757	0.16705	0.09700	0.08310	0.01085	0.00292	0.00574	0.08509	0.00675	0.06119
6	0.01855	0.01880	0.03531	0.07059	0.08342	0.01920	0.41775	0.12587	0.01908	0.02606	0.01446	0.01878	0.01105	0.00726	0.00965	0.00245	0.07973	0.00776	0.00417	0.01006
7	0.01961	0.01473	0.01637	0.01382	0.01815	0.01579	0.01087	0.13921	0.32993	0.09450	0.02623	0.05959	0.03828	0.04203	0.00897	0.00246	0.02564	0.00820	0.00685	0.10874

[dist]
# distance from previous block
# <min> <max>
29	50

[block]
# block no. 1 follows, 28 sequences, length 8
# corresponding to MSA columns:
# 80-87
name=unknown_B
#
# <colnr> <probs for GDERKNQSTAVLIFYWHMCP>
#	G	D	E	R	K	N	Q	S	T	A	V	L	I	F	Y	W	H	M	C	P
0	0.01614	0.01298	0.01654	0.01795	0.14501	0.01299	0.01123	0.13416	0.07998	0.02541	0.02215	0.14975	0.02190	0.15869	0.01330	0.00314	0.00663	0.00959	0.00543	0.13703
1	0.01691	0.01197	0.01376	0.01224	0.01539	0.01221	0.00931	0.19682	0.08041	0.07354	0.06490	0.27729	0.07693	0.04342	0.00919	0.00263	0.00563	0.01263	0.00692	0.05791
2	0.01939	0.01544	0.01776	0.06900	0.02124	0.01571	0.01166	0.27633	0.05775	0.03164	0.02092	0.04617	0.06414	0.00890	0.00738	0.00193	0.03139	0.00702	0.00578	0.27047
3	0.01079	0.00756	0.00910	0.00925	0.01093	0.00670	0.00647	0.01241	0.01505	0.05470	0.08941	0.33948	0.20806	0.11474	0.01234	0.00315	0.00459	0.01556	0.00646	0.06324
4	0.01616	0.01662	0.02816	0.07120	0.02768	0.05793	0.29575	0.02013	0.01519	0.02127	0.01597	0.07163	0.01405	0.00944	0.01188	0.00255	0.19268	0.00831	0.09490	0.00850
5	0.02046	0.01240	0.01348	0.01119	0.01466	0.01302	0.00883	0.26109	0.02239	0.10335	0.02185	0.02514	0.01695	0.07483	0.00899	0.00241	0.00571	0.00709	0.34696	0.00921
6	0.02686	0.02094	0.02132	0.01671	0.02225	0.06839	0.01365	0.58243	0.08394	0.04275	0.01798	0.01791	0.01293	0.00873	0.00723	0.00218	0.00816	0.00655	0.00705	0.01203
7	0.00906	0.00644	0.00848	0.00992	0.01039	0.00604	0.00660	0.01037	0.01410	0.01891	0.07887	0.65248	0.04790	0.06977	0.01106	0.00318	0.00436	0.01954	0.00667	0.00586

[dist]
# distance from previous block
# <min> <max>
0	7

[block]
# block no. 2 follows, 28 sequences, length 30
# corresponding to MSA columns:
# 95-124
name=unknown_C
#
# <colnr> <probs for GDERKNQSTAVLIFYWHMCP>
#	G	D	E	R	K	N	Q	S	T	A	V	L	I	F	Y	W	H	M	C	P
0	0.02129	0.01935	0.01937	0.01858	0.08517	0.11398	0.01336	0.16805	0.39583	0.03125	0.02304	0.02233	0.01738	0.00898	0.00724	0.00230	0.00750	0.00722	0.00651	0.01126
1	0.01507	0.01292	0.01507	0.01077	0.01723	0.00969	0.00861	0.01830	0.01507	0.02369	0.01292	0.01507	0.01077	0.00538	0.00538	0.00108	0.00538	0.00431	0.00431	0.78898
2	0.01507	0.01292	0.01507	0.01077	0.01723	0.00969	0.00861	0.01830	0.01507	0.02369	0.01292	0.01507	0.01077	0.00538	0.00538	0.00108	0.00538	0.00431	0.00431	0.78898
3	0.01775	0.01468	0.01524	0.01420	0.04355	0.05262	0.01058	0.12435	0.28721	0.05940	0.03832	0.06620	0.20076	0.01222	0.00772	0.00239	0.00601	0.01010	0.00690	0.00983
4	0.02537	0.01924	0.02054	0.01627	0.02168	0.02149	0.01327	0.52453	0.18828	0.04217	0.02032	0.01974	0.01469	0.00899	0.00730	0.00225	0.00747	0.00694	0.00730	0.01216
5	0.01741	0.01668	0.02845	0.13790	0.61047	0.01712	0.02202	0.02180	0.01628	0.02304	0.01357	0.01818	0.01126	0.00658	0.00721	0.00219	0.00878	0.00647	0.00355	0.01104
6	0.01493	0.08921	0.65835	0.02012	0.03053	0.01774	0.02581	0.02293	0.01530	0.02259	0.01283	0.01508	0.00922	0.00686	0.00674	0.00225	0.01053	0.00526	0.00307	0.01064
7	0.01838	0.34332	0.35206	0.01640	0.02470	0.02144	0.01908	0.02365	0.01561	0.08477	0.01325	0.01464	0.01009	0.00681	0.00597	0.00197	0.00903	0.00491	0.00365	0.01028
8	0.03261	0.01237	0.01687	0.01293	0.01856	0.01068	0.01068	0.03543	0.02081	0.70423	0.02868	0.02474	0.01799	0.00900	0.00731	0.00225	0.00619	0.00731	0.00900	0.01237
9	0.00875	0.00737	0.00759	0.00754	0.00992	0.00621	0.00565	0.01075	0.01696	0.02056	0.13367	0.06844	0.63564	0.01807	0.00859	0.00244	0.00366	0.01513	0.00687	0.00621
10	0.01686	0.01389	0.01780	0.04412	0.05049	0.04334	0.07328	0.21772	0.02078	0.02746	0.02667	0.33548	0.02808	0.03736	0.00917	0.00269	0.00702	0.01297	0.00614	0.00866
11	0.01716	0.01961	0.04289	0.03064	0.03799	0.01838	0.67279	0.02328	0.01716	0.02328	0.01471	0.01961	0.01103	0.00613	0.00858	0.00245	0.01225	0.00858	0.00368	0.00980
12	0.03261	0.01237	0.01687	0.01293	0.01856	0.01068	0.01068	0.03543	0.02081	0.70423	0.02868	0.02474	0.01799	0.00900	0.00731	0.00225	0.00619	0.00731	0.00900	0.01237
13	0.01762	0.01689	0.02883	0.10399	0.64272	0.01717	0.02212	0.02198	0.01638	0.02330	0.01361	0.01811	0.01136	0.00655	0.00720	0.00218	0.00873	0.00648	0.00357	0.01121
14	0.01685	0.01465	0.01498	0.01377	0.01709	0.04362	0.01039	0.03273	0.52779	0.02704	0.02879	0.08051	0.02407	0.10126	0.01115	0.00304	0.00609	0.00927	0.00684	0.01010
15	0.01911	0.01214	0.01272	0.01071	0.01403	0.01300	0.00853	0.27686	0.02272	0.03449	0.02124	0.02329	0.01615	0.00857	0.00595	0.00189	0.00521	0.00668	0.47773	0.00898
16	0.00886	0.00633	0.00843	0.01012	0.01054	0.00590	0.00675	0.01012	0.01392	0.01856	0.04006	0.73979	0.04808	0.02277	0.00928	0.00295	0.00422	0.02066	0.00675	0.00590
17	0.02435	0.01804	0.01955	0.01565	0.02058	0.01985	0.01265	0.54252	0.06667	0.04096	0.02144	0.12424	0.01815	0.01085	0.00757	0.00231	0.00732	0.00871	0.00720	0.01137
18	0.02064	0.01688	0.01788	0.01531	0.01988	0.01927	0.01212	0.20893	0.51160	0.03453	0.02634	0.02453	0.01956	0.00956	0.00736	0.00239	0.00635	0.00777	0.00736	0.01173
19	0.01779	0.01313	0.01411	0.01269	0.01633	0.01456	0.00987	0.03244	0.46037	0.08376	0.05216	0.02950	0.04917	0.01004	0.00705	0.00230	0.00519	0.00832	0.15088	0.01034
20	0.00886	0.00633	0.00843	0.01012	0.01054	0.00590	0.00675	0.01012	0.01392	0.01856	0.04006	0.73979	0.04808	0.02277	0.00928	0.00295	0.00422	0.02066	0.00675	0.00590
21	0.01391	0.03299	0.59033	0.01939	0.02893	0.01556	0.04981	0.02141	0.01558	0.02259	0.02092	0.02255	0.09780	0.00836	0.00719	0.00233	0.00989	0.00678	0.00357	0.01011
22	0.01799	0.01727	0.02950	0.04462	0.69919	0.01727	0.02231	0.02231	0.01655	0.02375	0.01367	0.01799	0.01151	0.00648	0.00720	0.00216	0.00864	0.00648	0.00360	0.01151
23	0.01507	0.01292	0.01507	0.01077	0.01723	0.00969	0.00861	0.01830	0.01507	0.02369	0.01292	0.01507	0.01077	0.00538	0.00538	0.00108	0.00538	0.00431	0.00431	0.78898
24	0.00886	0.00633	0.00843	0.01012	0.01054	0.00590	0.00675	0.01012	0.01392	0.01856	0.04006	0.73979	0.04808	0.02277	0.00928	0.00295	0.00422	0.02066	0.00675	0.00590
25	0.02934	0.03553	0.02217	0.02026	0.02412	0.68419	0.01497	0.03034	0.02200	0.02041	0.01411	0.01710	0.01209	0.00934	0.00774	0.00240	0.01372	0.00562	0.00472	0.00984
26	0.02663	0.03377	0.02068	0.01874	0.02231	0.68315	0.01413	0.02849	0.02016	0.01778	0.01116	0.01324	0.00937	0.00773	0.00736	0.00193	0.04648	0.00476	0.00372	0.00840
27	0.01377	0.01164	0.01363	0.01043	0.01580	0.00893	0.00814	0.01664	0.01503	0.02271	0.02095	0.11593	0.06549	0.00865	0.00614	0.00143	0.00510	0.00729	0.00481	0.62751
28	0.01728	0.01654	0.02822	0.15856	0.59081	0.01708	0.02195	0.02168	0.01621	0.02288	0.01355	0.01822	0.01121	0.00661	0.00721	0.00220	0.00881	0.00647	0.00354	0.01094
29	0.00898	0.00638	0.00840	0.00996	0.01035	0.00599	0.00658	0.01015	0.01367	0.01823	0.03882	0.68957	0.04651	0.07514	0.01129	0.00325	0.00442	0.01993	0.00658	0.00580

[dist]
# distance from previous block
# <min> <max>
0	1

[block]
# block no. 3 follows, 28 sequences, length 20
# corresponding to MSA columns:
# 126-145
name=unknown_D
#
# <colnr> <probs for GDERKNQSTAVLIFYWHMCP>
#	G	D	E	R	K	N	Q	S	T	A	V	L	I	F	Y	W	H	M	C	P
0	0.07353	0.01267	0.01415	0.01193	0.01596	0.01294	0.00951	0.14914	0.12695	0.16872	0.14811	0.03716	0.16513	0.01186	0.00760	0.00232	0.00544	0.00972	0.00747	0.00970
1	0.55455	0.01526	0.01361	0.01290	0.06280	0.04408	0.00953	0.05382	0.01449	0.03071	0.01120	0.01306	0.00885	0.00665	0.00504	0.00205	0.00622	0.00433	0.00451	0.12634
2	0.01688	0.01612	0.02715	0.11506	0.58194	0.01638	0.02092	0.02109	0.01634	0.02291	0.01775	0.02174	0.05879	0.00739	0.00730	0.00221	0.00840	0.00709	0.00378	0.01077
3	0.00904	0.00666	0.00812	0.00918	0.01001	0.00612	0.00614	0.01026	0.01405	0.01817	0.04527	0.48929	0.19253	0.12402	0.01305	0.00342	0.00450	0.01802	0.00642	0.00574
4	0.01774	0.01702	0.02906	0.08445	0.66131	0.01721	0.02218	0.02209	0.01643	0.02345	0.01363	0.01807	0.01141	0.00652	0.00720	0.00217	0.00870	0.00648	0.00358	0.01131
5	0.01774	0.01702	0.02906	0.08445	0.66131	0.01721	0.02218	0.02209	0.01643	0.02345	0.01363	0.01807	0.01141	0.00652	0.00720	0.00217	0.00870	0.00648	0.00358	0.01131
6	0.01117	0.00772	0.01144	0.01163	0.01297	0.00715	0.05200	0.01302	0.01509	0.06717	0.08443	0.59257	0.04496	0.02013	0.00904	0.00282	0.00484	0.01839	0.00679	0.00668
7	0.01749	0.01676	0.02859	0.12543	0.62233	0.01714	0.02206	0.02187	0.01631	0.02313	0.01358	0.01816	0.01130	0.00657	0.00720	0.00219	0.00876	0.00647	0.00355	0.01111
8	0.01716	0.01961	0.04289	0.03064	0.03799	0.01838	0.67279	0.02328	0.01716	0.02328	0.01471	0.01961	0.01103	0.00613	0.00858	0.00245	0.01225	0.00858	0.00368	0.00980
9	0.01507	0.01292	0.01507	0.01077	0.01723	0.00969	0.00861	0.01830	0.01507	0.02369	0.01292	0.01507	0.01077	0.00538	0.00538	0.00108	0.00538	0.00431	0.00431	0.78898
10	0.01450	0.01371	0.02320	0.60320	0.16788	0.01635	0.02057	0.01925	0.01490	0.01951	0.01306	0.01913	0.01002	0.00712	0.00725	0.00237	0.00950	0.00646	0.00330	0.00870
11	0.01042	0.00704	0.00824	0.00837	0.00849	0.00710	0.00492	0.01071	0.01091	0.01464	0.02399	0.09986	0.02751	0.63919	0.08345	0.00706	0.00772	0.01115	0.00455	0.00467
12	0.01406	0.01357	0.02385	0.65953	0.04889	0.01637	0.08347	0.01903	0.01479	0.01903	0.01309	0.01940	0.00982	0.00716	0.00739	0.00243	0.00994	0.00667	0.00327	0.00824
13	0.00988	0.00722	0.00927	0.00916	0.01071	0.00662	0.00672	0.01277	0.01901	0.02638	0.52088	0.17943	0.12164	0.01661	0.00870	0.00242	0.00359	0.01470	0.00766	0.00662
14	0.01458	0.03760	0.70688	0.02072	0.03146	0.01688	0.02686	0.02302	0.01535	0.02302	0.01304	0.01535	0.00921	0.00691	0.00691	0.00230	0.01074	0.00537	0.00307	0.01074
15	0.00859	0.00736	0.00736	0.00736	0.00982	0.00614	0.00552	0.01043	0.01657	0.01964	0.07364	0.06996	0.69624	0.01841	0.00859	0.00245	0.00368	0.01534	0.00675	0.00614
16	0.01507	0.01292	0.01507	0.01077	0.01723	0.00969	0.00861	0.01830	0.01507	0.02369	0.01292	0.01507	0.01077	0.00538	0.00538	0.00108	0.00538	0.00431	0.00431	0.78898
17	0.00978	0.00727	0.00911	0.00895	0.01062	0.00660	0.00660	0.01262	0.01894	0.02596	0.49202	0.15003	0.18149	0.01659	0.00867	0.00241	0.00358	0.01457	0.00760	0.00660
18	0.01094	0.00827	0.00920	0.00914	0.01113	0.02907	0.00672	0.01318	0.01752	0.05627	0.24809	0.20844	0.31035	0.01749	0.00861	0.00248	0.00415	0.01512	0.00714	0.00668
19	0.01943	0.74891	0.03809	0.01244	0.01866	0.02876	0.01244	0.02177	0.01477	0.01710	0.01011	0.01166	0.00933	0.00622	0.00466	0.00155	0.00777	0.00389	0.00311	0.00933

[dist]
# distance from previous block
# <min> <max>
0	1

[block]
# block no. 4 follows, 28 sequences, length 24
# corresponding to MSA columns:
# 147-170
name=unknown_E
#
# <colnr> <probs for GDERKNQSTAVLIFYWHMCP>
#	G	D	E	R	K	N	Q	S	T	A	V	L	I	F	Y	W	H	M	C	P
0	0.01870	0.64187	0.13873	0.01368	0.02058	0.02697	0.01461	0.02195	0.01486	0.01799	0.01055	0.01222	0.00931	0.00632	0.00500	0.00167	0.00822	0.00411	0.00310	0.00954
1	0.02789	0.01995	0.02156	0.01653	0.02234	0.02193	0.01365	0.64195	0.03349	0.07979	0.01803	0.01783	0.01265	0.00874	0.00727	0.00218	0.00791	0.00658	0.00736	0.01236
2	0.01686	0.01417	0.01697	0.01228	0.01868	0.01175	0.03274	0.10810	0.01775	0.02669	0.01360	0.01556	0.01099	0.00587	0.00575	0.00128	0.00598	0.00476	0.00469	0.65550
3	0.07794	0.11062	0.11798	0.01677	0.02327	0.01994	0.06741	0.29909	0.04098	0.13069	0.01713	0.01752	0.01220	0.00789	0.00682	0.00216	0.00821	0.00619	0.00595	0.01123
4	0.02886	0.01839	0.02059	0.01579	0.02156	0.01961	0.01304	0.51699	0.03087	0.20844	0.02022	0.01925	0.01375	0.00879	0.00728	0.00220	0.00755	0.00673	0.00770	0.01236
5	0.00883	0.00641	0.00835	0.00990	0.01048	0.00592	0.00665	0.01015	0.01413	0.01864	0.04278	0.68562	0.10050	0.02242	0.00922	0.00291	0.00417	0.02023	0.00675	0.00592
6	0.02526	0.01748	0.01896	0.01486	0.02003	0.01891	0.01217	0.49557	0.05393	0.10036	0.02331	0.02289	0.06133	0.00944	0.00719	0.00218	0.00708	0.00730	0.07029	0.01145
7	0.01635	0.01968	0.08568	0.02899	0.06817	0.01722	0.54206	0.02216	0.01674	0.02291	0.01657	0.07704	0.01390	0.00754	0.00845	0.00247	0.01132	0.00922	0.00388	0.00964
8	0.00886	0.00633	0.00843	0.01012	0.01054	0.00590	0.00675	0.01012	0.01392	0.01856	0.04006	0.73979	0.04808	0.02277	0.00928	0.00295	0.00422	0.02066	0.00675	0.00590
9	0.03149	0.01212	0.01651	0.01274	0.01817	0.01049	0.01049	0.03433	0.02079	0.67013	0.06236	0.02623	0.02055	0.00929	0.00737	0.00225	0.00605	0.00760	0.00895	0.01209
10	0.01139	0.00803	0.00975	0.00980	0.01074	0.00809	0.00660	0.06655	0.01503	0.02038	0.11688	0.26947	0.03729	0.30388	0.06899	0.00500	0.00659	0.01366	0.00585	0.00603
11	0.01955	0.53674	0.08310	0.01541	0.02183	0.02613	0.07857	0.08438	0.01680	0.02088	0.01145	0.01338	0.00978	0.00669	0.00601	0.00180	0.02944	0.00478	0.00356	0.00972
12	0.00946	0.00729	0.00845	0.00833	0.01015	0.00649	0.00607	0.01177	0.01756	0.02304	0.32284	0.10916	0.34076	0.07333	0.01083	0.00278	0.00388	0.01445	0.00708	0.00628
13	0.01057	0.00705	0.00793	0.00793	0.00793	0.00705	0.00440	0.01057	0.01057	0.01409	0.02290	0.04757	0.02643	0.74454	0.03700	0.00705	0.00705	0.01057	0.00440	0.00440
14	0.37898	0.03458	0.05776	0.12526	0.10394	0.01723	0.02809	0.04356	0.03404	0.05085	0.01265	0.01540	0.00978	0.00738	0.00696	0.00232	0.05263	0.00529	0.00431	0.00900
15	0.08174	0.49383	0.17375	0.01435	0.02120	0.07120	0.01517	0.02248	0.01509	0.01963	0.01079	0.01254	0.00919	0.00649	0.00524	0.00179	0.00857	0.00425	0.00326	0.00944
16	0.01023	0.00750	0.00992	0.01121	0.01255	0.00706	0.00869	0.01245	0.01531	0.02013	0.04122	0.39017	0.10020	0.02060	0.00936	0.00299	0.00520	0.26970	0.00662	0.03887
17	0.01537	0.01308	0.01577	0.01163	0.01759	0.01056	0.03284	0.06592	0.01664	0.02483	0.01899	0.04020	0.06738	0.00720	0.00601	0.00137	0.00566	0.00598	0.00477	0.61823
18	0.00932	0.00802	0.00801	0.00811	0.01024	0.02652	0.00593	0.01110	0.01634	0.01971	0.09736	0.14213	0.54384	0.04867	0.00979	0.00268	0.00414	0.01533	0.00663	0.00614
19	0.01847	0.01711	0.02796	0.11336	0.56652	0.01766	0.02127	0.08436	0.01803	0.02532	0.01396	0.01808	0.01140	0.00677	0.00721	0.00219	0.00868	0.00648	0.00391	0.01124
20	0.01408	0.01314	0.02137	0.66989	0.04756	0.01630	0.01949	0.02018	0.06844	0.01952	0.01426	0.02000	0.01069	0.00748	0.00728	0.00243	0.00937	0.00660	0.00356	0.00835
21	0.01850	0.01725	0.02841	0.08510	0.60424	0.01762	0.02149	0.07446	0.01784	0.02519	0.01393	0.01803	0.01147	0.00671	0.00721	0.00218	0.00865	0.00648	0.00387	0.01137
22	0.68539	0.01446	0.01197	0.01035	0.01503	0.01645	0.00853	0.07473	0.01466	0.07664	0.01190	0.01309	0.00888	0.00705	0.00490	0.00224	0.00585	0.00436	0.00501	0.00852
23	0.02453	0.01852	0.02015	0.01525	0.02123	0.01937	0.01253	0.51277	0.02946	0.04035	0.01633	0.01686	0.01197	0.00790	0.00681	0.00191	0.00735	0.00599	0.00654	0.20418

[dist]
# distance from previous block
# <min> <max>
0	1

[block]
# block no. 5 follows, 28 sequences, length 14
# corresponding to MSA columns:
# 172-185
name=unknown_F
#
# <colnr> <probs for GDERKNQSTAVLIFYWHMCP>
#	G	D	E	R	K	N	Q	S	T	A	V	L	I	F	Y	W	H	M	C	P
0	0.01736	0.01588	0.01883	0.06649	0.17111	0.09301	0.01322	0.05842	0.04429	0.04101	0.01841	0.12809	0.01718	0.00913	0.00688	0.00194	0.00728	0.00785	0.00481	0.25880
1	0.01028	0.00794	0.00944	0.00897	0.01106	0.00736	0.00675	0.01433	0.06235	0.02635	0.46407	0.05728	0.25567	0.01561	0.00850	0.00235	0.00366	0.01349	0.00758	0.00694
2	0.01875	0.02039	0.06453	0.03950	0.54078	0.09332	0.07111	0.02315	0.01698	0.02303	0.01345	0.01745	0.01112	0.00658	0.00722	0.00216	0.00951	0.00638	0.00359	0.01101
3	0.00896	0.00727	0.00779	0.00810	0.01007	0.00631	0.00595	0.01067	0.01579	0.01920	0.06350	0.15368	0.52548	0.07427	0.01092	0.00292	0.00418	0.05237	0.00657	0.00601
4	0.00893	0.00638	0.00850	0.01007	0.01056	0.00595	0.00675	0.01031	0.01426	0.01910	0.07399	0.70431	0.04914	0.02236	0.00924	0.00292	0.00418	0.02028	0.00681	0.00595
5	0.00933	0.00705	0.00814	0.00847	0.00981	0.00638	0.00584	0.01094	0.01541	0.01989	0.16051	0.23078	0.29695	0.16059	0.01430	0.00345	0.00443	0.01537	0.00650	0.00586
6	0.00915	0.00659	0.00849	0.00964	0.01034	0.00613	0.00650	0.01064	0.01470	0.01965	0.12541	0.55377	0.09272	0.07634	0.01125	0.00314	0.00429	0.01857	0.00673	0.00593
7	0.01263	0.00631	0.00947	0.00947	0.00947	0.00631	0.00631	0.00947	0.00947	0.01263	0.01263	0.02210	0.01263	0.02525	0.02841	0.78851	0.00631	0.00631	0.00316	0.00316
8	0.01596	0.01345	0.01555	0.01119	0.01760	0.01060	0.00898	0.06490	0.01643	0.02526	0.01324	0.01524	0.01088	0.00562	0.00552	0.00116	0.00557	0.00447	0.00452	0.73387
9	0.02494	0.24067	0.02571	0.01682	0.02137	0.48631	0.01357	0.05527	0.01951	0.01882	0.01118	0.01288	0.00948	0.00718	0.00604	0.00179	0.01134	0.00453	0.00372	0.00886
10	0.01629	0.03229	0.02041	0.01704	0.07581	0.01208	0.12443	0.03527	0.03564	0.08570	0.12810	0.07458	0.05199	0.00937	0.00724	0.00196	0.00658	0.00861	0.00554	0.25107
11	0.02249	0.04651	0.02027	0.05255	0.02226	0.03602	0.04063	0.24024	0.24042	0.11381	0.02343	0.02589	0.01793	0.00962	0.00744	0.00236	0.00735	0.05278	0.00686	0.01113
12	0.01369	0.00989	0.01181	0.01155	0.01327	0.01026	0.00832	0.17034	0.01823	0.02445	0.03112	0.43285	0.03480	0.11041	0.05978	0.00386	0.00650	0.01516	0.00639	0.00731
13	0.01911	0.01444	0.02005	0.04620	0.24983	0.01495	0.01462	0.05448	0.20554	0.12979	0.02675	0.08924	0.06243	0.01015	0.00755	0.00236	0.00675	0.00893	0.00612	0.01073

[dist]
# distance from previous block
# <min> <max>
9	15

[block]
# block no. 6 follows, 28 sequences, length 8
# corresponding to MSA columns:
# 201-208
name=unknown_G
#
# <colnr> <probs for GDERKNQSTAVLIFYWHMCP>
#	G	D	E	R	K	N	Q	S	T	A	V	L	I	F	Y	W	H	M	C	P
0	0.01753	0.01740	0.02241	0.01804	0.02214	0.11173	0.17150	0.10816	0.05897	0.02432	0.02583	0.12098	0.10458	0.01131	0.00948	0.00239	0.08070	0.00974	0.00519	0.05760
1	0.01015	0.00799	0.00908	0.00871	0.01082	0.00740	0.00647	0.01395	0.06809	0.02414	0.33175	0.05865	0.33590	0.06247	0.01030	0.00268	0.00394	0.01357	0.00718	0.00674
2	0.01638	0.03474	0.53764	0.02097	0.02995	0.10361	0.06397	0.02342	0.01584	0.02204	0.01270	0.01537	0.00936	0.00730	0.00805	0.00231	0.05737	0.00555	0.00320	0.01022
3	0.01852	0.02039	0.02352	0.01991	0.02133	0.17714	0.06727	0.02053	0.01373	0.01802	0.01033	0.01557	0.00962	0.01103	0.01878	0.00283	0.51376	0.00616	0.00335	0.00820
4	0.01090	0.00864	0.00940	0.00915	0.01144	0.00812	0.00683	0.06201	0.05056	0.02250	0.11122	0.14153	0.41473	0.06598	0.01046	0.00282	0.00448	0.03564	0.00677	0.00680
5	0.02145	0.50399	0.08110	0.01331	0.01959	0.02370	0.01309	0.02568	0.06624	0.14752	0.01527	0.01554	0.01191	0.00706	0.00553	0.00181	0.00754	0.00496	0.00453	0.01017
6	0.00952	0.00741	0.00875	0.00916	0.01104	0.00664	0.00704	0.01187	0.01705	0.02181	0.19054	0.16217	0.36331	0.01858	0.00893	0.00264	0.00423	0.12595	0.00700	0.00635
7	0.02249	0.01670	0.01908	0.01639	0.06271	0.01766	0.01232	0.38451	0.07448	0.06275	0.03806	0.02194	0.01595	0.06536	0.03709	0.00281	0.00772	0.00695	0.00642	0.10861

[dist]
# distance from previous block
# <min> <max>
1	9

[block]
# block no. 7 follows, 28 sequences, length 46
# corresponding to MSA columns:
# 218-263
name=unknown_H
#
# <colnr> <probs for GDERKNQSTAVLIFYWHMCP>
#	G	D	E	R	K	N	Q	S	T	A	V	L	I	F	Y	W	H	M	C	P
0	0.05323	0.01374	0.02163	0.58075	0.09473	0.01661	0.01912	0.04949	0.04145	0.02134	0.01369	0.01912	0.01034	0.00735	0.00713	0.00238	0.00918	0.00641	0.00366	0.00865
1	0.01279	0.00865	0.00989	0.00937	0.01217	0.00781	0.00734	0.01634	0.06190	0.10909	0.13801	0.06059	0.42477	0.01637	0.00849	0.00249	0.00440	0.07487	0.00723	0.00743
2	0.01207	0.01095	0.08032	0.01125	0.01337	0.00867	0.00903	0.05944	0.01601	0.04578	0.11718	0.38346	0.03953	0.14230	0.01348	0.00342	0.00559	0.01496	0.00625	0.00694
3	0.09005	0.02382	0.01941	0.10696	0.02445	0.30178	0.01366	0.22853	0.02312	0.02807	0.01746	0.01894	0.05589	0.00851	0.00683	0.00211	0.00980	0.00614	0.00505	0.00942
4	0.02618	0.01940	0.02084	0.01609	0.02164	0.02131	0.01317	0.60374	0.05370	0.04323	0.01790	0.01889	0.01319	0.03821	0.00840	0.00235	0.00779	0.00668	0.00705	0.04023
5	0.13765	0.01413	0.01617	0.01290	0.01805	0.04634	0.01052	0.07550	0.04723	0.47469	0.05470	0.02331	0.01824	0.00889	0.00694	0.00224	0.00642	0.00696	0.00789	0.01126
6	0.01891	0.67153	0.11085	0.01334	0.02005	0.02747	0.01401	0.02190	0.01483	0.01775	0.01043	0.01206	0.00932	0.00629	0.00491	0.00164	0.00810	0.00405	0.00311	0.00948
7	0.01029	0.00743	0.00972	0.00914	0.01086	0.00686	0.00686	0.01372	0.02058	0.02915	0.69536	0.05430	0.06859	0.01486	0.00857	0.00229	0.00343	0.01315	0.00800	0.00686
8	0.02695	0.01153	0.01531	0.01231	0.01698	0.01037	0.00994	0.03103	0.06616	0.51792	0.14410	0.05470	0.02804	0.01054	0.00760	0.00229	0.00561	0.00884	0.00864	0.01114
9	0.00991	0.00742	0.00919	0.00875	0.01063	0.00670	0.00656	0.01298	0.01968	0.02702	0.55627	0.05780	0.20900	0.01565	0.00858	0.00232	0.00349	0.01364	0.00772	0.00670
10	0.01043	0.00701	0.00805	0.00814	0.00826	0.00696	0.00469	0.01069	0.01130	0.01516	0.05740	0.09727	0.03006	0.65696	0.03361	0.00652	0.00667	0.01142	0.00475	0.00463
11	0.00990	0.00708	0.00960	0.01111	0.01204	0.00678	0.00837	0.01201	0.01535	0.02042	0.09051	0.47257	0.04764	0.02128	0.00947	0.00303	0.00496	0.22483	0.00683	0.00624
12	0.06663	0.01244	0.01610	0.01265	0.01782	0.01135	0.01036	0.05561	0.04893	0.56094	0.08590	0.02655	0.02192	0.00943	0.00729	0.00226	0.00596	0.00767	0.00856	0.01163
13	0.01477	0.01260	0.01475	0.01074	0.01690	0.00951	0.00852	0.01791	0.01502	0.02344	0.01423	0.04998	0.01256	0.00622	0.00557	0.00117	0.00533	0.00509	0.00442	0.75126
14	0.05399	0.07690	0.60854	0.01962	0.02953	0.04373	0.02461	0.02309	0.01536	0.02296	0.01266	0.01488	0.00915	0.00688	0.00665	0.00224	0.01041	0.00519	0.00317	0.01043
15	0.05320	0.01571	0.01923	0.07965	0.07078	0.01626	0.01304	0.27270	0.04494	0.19297	0.06194	0.02158	0.01694	0.00854	0.00708	0.00213	0.00708	0.00688	0.00673	0.08262
16	0.02655	0.01982	0.02121	0.01651	0.02213	0.02204	0.01356	0.60313	0.10776	0.04407	0.01882	0.01854	0.01347	0.00885	0.00729	0.00221	0.00775	0.00673	0.00729	0.01227
17	0.01630	0.01809	0.03821	0.14252	0.03894	0.01758	0.54333	0.02206	0.01671	0.02239	0.01652	0.02137	0.03529	0.00675	0.00837	0.00245	0.01153	0.00848	0.00371	0.00939
18	0.00906	0.00654	0.00861	0.01006	0.01072	0.00608	0.00691	0.01059	0.01462	0.01946	0.08608	0.63326	0.08042	0.02191	0.00923	0.00290	0.00424	0.04647	0.00683	0.00601
19	0.04996	0.01976	0.15147	0.05072	0.04712	0.04950	0.01514	0.08578	0.11599	0.30618	0.02207	0.02115	0.01503	0.00837	0.00711	0.00227	0.00774	0.00669	0.00660	0.01135
20	0.01367	0.13095	0.01542	0.01077	0.01347	0.01177	0.00863	0.04650	0.05104	0.05306	0.35925	0.15923	0.04759	0.01419	0.00793	0.00232	0.00482	0.03468	0.00691	0.00779
21	0.01030	0.00775	0.00977	0.01039	0.01226	0.00722	0.00845	0.01312	0.01750	0.02276	0.20766	0.09799	0.24911	0.01842	0.00921	0.00280	0.00488	0.27685	0.00703	0.00653
22	0.01709	0.01870	0.09532	0.13292	0.54708	0.01708	0.02248	0.02188	0.01616	0.02299	0.01351	0.01791	0.01104	0.00662	0.00718	0.00221	0.00898	0.00637	0.00350	0.01098
23	0.01888	0.04732	0.12223	0.08255	0.05673	0.01652	0.01510	0.07948	0.26705	0.10609	0.02391	0.05278	0.01902	0.00981	0.00741	0.00241	0.00732	0.04865	0.00611	0.01064
24	0.01236	0.00798	0.00959	0.00894	0.01139	0.00700	0.00679	0.01495	0.01861	0.11083	0.31971	0.09094	0.32172	0.01598	0.00845	0.00238	0.00392	0.01368	0.00755	0.00722
25	0.02531	0.01569	0.01794	0.01456	0.01957	0.01662	0.01176	0.22976	0.24915	0.25014	0.05229	0.02452	0.01973	0.00944	0.00738	0.00230	0.00648	0.00762	0.00789	0.01186
26	0.01861	0.47941	0.23587	0.01541	0.02278	0.08063	0.01686	0.02273	0.01541	0.01892	0.01107	0.01288	0.00930	0.00653	0.00548	0.00180	0.00909	0.00439	0.00315	0.00968
27	0.09899	0.01502	0.01661	0.01362	0.01829	0.01591	0.01097	0.25766	0.13051	0.18845	0.05277	0.07479	0.05338	0.01049	0.00729	0.00232	0.00633	0.00842	0.00738	0.01081
28	0.01052	0.00740	0.00917	0.00988	0.01057	0.00725	0.00660	0.04547	0.01442	0.01930	0.06615	0.43930	0.04057	0.23575	0.01739	0.00411	0.00530	0.03883	0.00614	0.00587
29	0.01329	0.01006	0.01367	0.01275	0.01471	0.01169	0.01009	0.11651	0.01517	0.02142	0.01877	0.02634	0.01693	0.04576	0.57848	0.00987	0.04508	0.00754	0.00439	0.00746
30	0.01639	0.01380	0.01575	0.01169	0.01783	0.01164	0.00935	0.07144	0.09311	0.02617	0.01517	0.01663	0.01219	0.00615	0.00576	0.00132	0.00563	0.00493	0.00489	0.64017
31	0.01747	0.01659	0.02784	0.09019	0.60376	0.01690	0.02138	0.02240	0.04153	0.02356	0.01510	0.02072	0.01287	0.00715	0.00731	0.00223	0.00853	0.02954	0.00383	0.01110
32	0.01507	0.01292	0.01507	0.01077	0.01723	0.00969	0.00861	0.01830	0.01507	0.02369	0.01292	0.01507	0.01077	0.00538	0.00538	0.00108	0.00538	0.00431	0.00431	0.78898
33	0.01021	0.00740	0.00966	0.00941	0.01105	0.00685	0.00709	0.01343	0.01974	0.02765	0.58980	0.10700	0.08514	0.01586	0.00871	0.00240	0.00368	0.05039	0.00779	0.00676
34	0.01029	0.00743	0.00972	0.00914	0.01086	0.00686	0.00686	0.01372	0.02058	0.02915	0.69536	0.05430	0.06859	0.01486	0.00857	0.00229	0.00343	0.01315	0.00800	0.00686
35	0.00937	0.00741	0.00847	0.00902	0.01093	0.00660	0.00692	0.01142	0.01619	0.02009	0.08438	0.16604	0.43163	0.04151	0.00984	0.00283	0.00444	0.14001	0.00671	0.00619
36	0.01022	0.00703	0.00814	0.00848	0.00881	0.00687	0.00520	0.01071	0.01184	0.01556	0.03019	0.15327	0.08300	0.54533	0.02935	0.00590	0.00635	0.04383	0.00505	0.00487
37	0.02715	0.03464	0.02060	0.01873	0.02247	0.71536	0.01404	0.02903	0.02060	0.01779	0.01124	0.01311	0.00936	0.00749	0.00655	0.00187	0.01311	0.00468	0.00375	0.00843
38	0.01507	0.01292	0.01507	0.01077	0.01723	0.00969	0.00861	0.01830	0.01507	0.02369	0.01292	0.01507	0.01077	0.00538	0.00538	0.00108	0.00538	0.00431	0.00431	0.78898
39	0.04870	0.01681	0.02648	0.17969	0.49581	0.04114	0.02068	0.02225	0.03671	0.02305	0.01378	0.01814	0.01125	0.00679	0.00709	0.00222	0.00879	0.00636	0.00368	0.01056
40	0.01263	0.00631	0.00947	0.00947	0.00947	0.00631	0.00631	0.00947	0.00947	0.01263	0.01263	0.02210	0.01263	0.02525	0.02841	0.78851	0.00631	0.00631	0.00316	0.00316
41	0.35283	0.01253	0.01304	0.01115	0.01541	0.01301	0.00895	0.06653	0.01719	0.24651	0.06239	0.11183	0.02026	0.01014	0.00644	0.00234	0.00564	0.00789	0.00662	0.00929
42	0.01117	0.00760	0.00878	0.00859	0.00892	0.00780	0.00517	0.03493	0.01153	0.01550	0.02239	0.04474	0.02516	0.65482	0.09787	0.00729	0.00822	0.01017	0.00446	0.00488
43	0.01590	0.21252	0.51158	0.01912	0.02859	0.01988	0.05254	0.02272	0.01529	0.02157	0.01239	0.01463	0.00932	0.00670	0.00643	0.00212	0.01008	0.00515	0.00311	0.01035
44	0.01528	0.13991	0.61068	0.01953	0.02962	0.01859	0.02478	0.02284	0.01526	0.02217	0.01262	0.01482	0.00923	0.00681	0.00658	0.00219	0.01032	0.00516	0.00308	0.01054
45	0.01458	0.03760	0.70688	0.02072	0.03146	0.01688	0.02686	0.02302	0.01535	0.02302	0.01304	0.01535	0.00921	0.00691	0.00691	0.00230	0.01074	0.00537	0.00307	0.01074

[dist]
# distance from previous block
# <min> <max>
5	8

[block]
# block no. 8 follows, 28 sequences, length 48
# corresponding to MSA columns:
# 272-319
name=unknown_I
#
# <colnr> <probs for GDERKNQSTAVLIFYWHMCP>
#	G	D	E	R	K	N	Q	S	T	A	V	L	I	F	Y	W	H	M	C	P
0	0.70116	0.04235	0.01248	0.01013	0.01480	0.01685	0.00843	0.05192	0.01379	0.05886	0.01118	0.01257	0.00853	0.00691	0.00474	0.00222	0.00584	0.00419	0.00475	0.00831
1	0.01057	0.00705	0.00793	0.00793	0.00793	0.00705	0.00440	0.01057	0.01057	0.01409	0.02290	0.04757	0.02643	0.74454	0.03700	0.00705	0.00705	0.01057	0.00440	0.00440
2	0.01085	0.00758	0.00955	0.00903	0.01098	0.00685	0.00678	0.01390	0.01964	0.05470	0.53523	0.08199	0.17460	0.01554	0.00855	0.00234	0.00362	0.01358	0.00778	0.00692
3	0.68748	0.01495	0.01225	0.01057	0.01525	0.01719	0.00871	0.11360	0.01545	0.03448	0.01116	0.01260	0.00851	0.00703	0.00489	0.00224	0.00596	0.00430	0.00489	0.00851
4	0.02724	0.02016	0.02159	0.01665	0.02239	0.02236	0.01372	0.64869	0.06109	0.04518	0.01795	0.01785	0.01277	0.00877	0.00728	0.00219	0.00791	0.00661	0.00728	0.01233
5	0.01057	0.00705	0.00793	0.00793	0.00793	0.00705	0.00440	0.01057	0.01057	0.01409	0.02290	0.04757	0.02643	0.74454	0.03700	0.00705	0.00705	0.01057	0.00440	0.00440
6	0.01520	0.12781	0.62206	0.01967	0.02984	0.01839	0.02503	0.02286	0.01527	0.02227	0.01267	0.01488	0.00922	0.00682	0.00662	0.00221	0.01037	0.00518	0.00307	0.01056
7	0.01029	0.00743	0.00972	0.00914	0.01086	0.00686	0.00686	0.01372	0.02058	0.02915	0.69536	0.05430	0.06859	0.01486	0.00857	0.00229	0.00343	0.01315	0.00800	0.00686
8	0.00923	0.00739	0.00825	0.00803	0.01021	0.00641	0.00603	0.01167	0.01808	0.02322	0.30784	0.06406	0.45981	0.01707	0.00858	0.00239	0.00359	0.01451	0.00722	0.00641
9	0.01040	0.00774	0.01143	0.01143	0.01263	0.00895	0.00877	0.01282	0.01161	0.01668	0.01971	0.02986	0.01874	0.10179	0.66923	0.01136	0.01862	0.00798	0.00393	0.00635
10	0.02834	0.01923	0.02112	0.01619	0.02198	0.02087	0.01337	0.58451	0.03229	0.13893	0.01904	0.01848	0.01316	0.00876	0.00728	0.00219	0.00774	0.00665	0.00752	0.01236
11	0.01057	0.00705	0.00793	0.00793	0.00793	0.00705	0.00440	0.01057	0.01057	0.01409	0.02290	0.04757	0.02643	0.74454	0.03700	0.00705	0.00705	0.01057	0.00440	0.00440
12	0.01192	0.00878	0.01169	0.01296	0.01472	0.00894	0.01091	0.01667	0.08050	0.02250	0.06469	0.15371	0.04179	0.01921	0.00964	0.00317	0.00618	0.48813	0.00682	0.00707
13	0.79588	0.01406	0.01068	0.00956	0.01406	0.01631	0.00787	0.02137	0.01237	0.03261	0.01012	0.01181	0.00787	0.00675	0.00450	0.00225	0.00562	0.00394	0.00450	0.00787
14	0.00886	0.00633	0.00843	0.01012	0.01054	0.00590	0.00675	0.01012	0.01392	0.01856	0.04006	0.73979	0.04808	0.02277	0.00928	0.00295	0.00422	0.02066	0.00675	0.00590
15	0.01458	0.03760	0.70688	0.02072	0.03146	0.01688	0.02686	0.02302	0.01535	0.02302	0.01304	0.01535	0.00921	0.00691	0.00691	0.00230	0.01074	0.00537	0.00307	0.01074
16	0.01029	0.00743	0.00972	0.00914	0.01086	0.00686	0.00686	0.01372	0.02058	0.02915	0.69536	0.05430	0.06859	0.01486	0.00857	0.00229	0.00343	0.01315	0.00800	0.00686
17	0.01484	0.01453	0.02606	0.52738	0.13800	0.01664	0.11917	0.01980	0.01521	0.02000	0.01329	0.01922	0.01014	0.00699	0.00746	0.00239	0.00993	0.00678	0.00335	0.00881
18	0.79588	0.01406	0.01068	0.00956	0.01406	0.01631	0.00787	0.02137	0.01237	0.03261	0.01012	0.01181	0.00787	0.00675	0.00450	0.00225	0.00562	0.00394	0.00450	0.00787
19	0.00906	0.00716	0.00816	0.00838	0.01023	0.00626	0.00611	0.01117	0.01699	0.02174	0.21873	0.20647	0.40685	0.01846	0.00873	0.00252	0.00373	0.01592	0.00706	0.00626
20	0.00916	0.00651	0.00858	0.01005	0.01054	0.00613	0.00677	0.01049	0.01401	0.01871	0.06175	0.63416	0.04684	0.07902	0.01146	0.00327	0.00451	0.04560	0.00661	0.00585
21	0.02761	0.02100	0.02176	0.01681	0.02254	0.05357	0.01383	0.64603	0.03357	0.04456	0.01717	0.01726	0.01223	0.00867	0.00724	0.00217	0.00823	0.00646	0.00711	0.01219
22	0.01874	0.01881	0.02838	0.06521	0.61152	0.08500	0.02143	0.02283	0.01688	0.02299	0.01341	0.01756	0.01124	0.00660	0.00714	0.00214	0.00911	0.00630	0.00360	0.01110
23	0.01373	0.01292	0.02180	0.72707	0.05006	0.01615	0.02019	0.01857	0.01453	0.01857	0.01292	0.01938	0.00969	0.00727	0.00727	0.00242	0.00969	0.00646	0.00323	0.00807
24	0.02016	0.02163	0.02692	0.06405	0.44255	0.19827	0.04685	0.02459	0.04413	0.02224	0.01369	0.01721	0.01129	0.00689	0.00710	0.00212	0.00988	0.00617	0.00378	0.01050
25	0.79588	0.01406	0.01068	0.00956	0.01406	0.01631	0.00787	0.02137	0.01237	0.03261	0.01012	0.01181	0.00787	0.00675	0.00450	0.00225	0.00562	0.00394	0.00450	0.00787
26	0.01057	0.00761	0.01011	0.00998	0.01168	0.00715	0.00781	0.01398	0.01982	0.02770	0.56633	0.05974	0.06333	0.01589	0.00886	0.00249	0.00407	0.13829	0.00774	0.00683
27	0.00977	0.00755	0.00900	0.00904	0.01107	0.00678	0.00704	0.01249	0.01821	0.02380	0.31828	0.06556	0.33982	0.01725	0.00881	0.00253	0.00406	0.11518	0.00724	0.00652
28	0.01057	0.00705	0.00793	0.00793	0.00793	0.00705	0.00440	0.01057	0.01057	0.01409	0.02290	0.04757	0.02643	0.74454	0.03700	0.00705	0.00705	0.01057	0.00440	0.00440
29	0.01799	0.01727	0.02950	0.04462	0.69919	0.01727	0.02231	0.02231	0.01655	0.02375	0.01367	0.01799	0.01151	0.00648	0.00720	0.00216	0.00864	0.00648	0.00360	0.01151
30	0.01329	0.00686	0.00719	0.00719	0.00885	0.00697	0.00542	0.01661	0.01495	0.02624	0.02336	0.02722	0.01859	0.01232	0.06456	0.00253	0.00473	0.00686	0.71953	0.00675
31	0.01111	0.00761	0.00998	0.00928	0.01114	0.00700	0.00700	0.01452	0.02058	0.05406	0.67075	0.05321	0.06672	0.01464	0.00853	0.00228	0.00353	0.01293	0.00804	0.00706
32	0.01480	0.01395	0.02325	0.55399	0.18803	0.01646	0.02032	0.02013	0.04023	0.02013	0.01371	0.01937	0.01055	0.00720	0.00726	0.00237	0.00932	0.00653	0.00347	0.00894
33	0.02118	0.58745	0.03414	0.01386	0.01952	0.18397	0.01280	0.02341	0.01609	0.01726	0.01036	0.01199	0.00934	0.00651	0.00509	0.00163	0.00898	0.00407	0.00325	0.00912
34	0.79588	0.01406	0.01068	0.00956	0.01406	0.01631	0.00787	0.02137	0.01237	0.03261	0.01012	0.01181	0.00787	0.00675	0.00450	0.00225	0.00562	0.00394	0.00450	0.00787
35	0.01007	0.00742	0.00941	0.00891	0.01072	0.00676	0.00668	0.01329	0.02005	0.02791	0.61411	0.05634	0.15061	0.01532	0.00858	0.00231	0.00346	0.01343	0.00784	0.00676
36	0.04075	0.00787	0.00988	0.01011	0.01159	0.00757	0.00727	0.04270	0.01757	0.04554	0.29183	0.39169	0.05198	0.01804	0.00867	0.00261	0.00420	0.01607	0.00724	0.00684
37	0.02763	0.02036	0.02182	0.01672	0.02254	0.02254	0.01382	0.67496	0.03418	0.04581	0.01745	0.01745	0.01236	0.00873	0.00727	0.00218	0.00800	0.00654	0.00727	0.01236
38	0.79588	0.01406	0.01068	0.00956	0.01406	0.01631	0.00787	0.02137	0.01237	0.03261	0.01012	0.01181	0.00787	0.00675	0.00450	0.00225	0.00562	0.00394	0.00450	0.00787
39	0.01458	0.03760	0.70688	0.02072	0.03146	0.01688	0.02686	0.02302	0.01535	0.02302	0.01304	0.01535	0.00921	0.00691	0.00691	0.00230	0.01074	0.00537	0.00307	0.01074
40	0.01642	0.01619	0.02639	0.28371	0.35869	0.04792	0.06788	0.02081	0.01594	0.02137	0.01455	0.05071	0.01237	0.00751	0.00739	0.00230	0.00928	0.00718	0.00362	0.00978
41	0.01263	0.00631	0.00947	0.00947	0.00947	0.00631	0.00631	0.00947	0.00947	0.01263	0.01263	0.02210	0.01263	0.02525	0.02841	0.78851	0.00631	0.00631	0.00316	0.00316
42	0.02211	0.02018	0.01695	0.01514	0.01865	0.26566	0.01171	0.07584	0.11440	0.12144	0.01990	0.02391	0.01622	0.04693	0.15262	0.00428	0.01151	0.02796	0.00545	0.00913
43	0.01029	0.00743	0.00972	0.00914	0.01086	0.00686	0.00686	0.01372	0.02058	0.02915	0.69536	0.05430	0.06859	0.01486	0.00857	0.00229	0.00343	0.01315	0.00800	0.00686
44	0.00938	0.00655	0.00828	0.00945	0.00975	0.00625	0.00603	0.01026	0.01290	0.01719	0.03483	0.52859	0.04147	0.24299	0.01774	0.00420	0.00508	0.01758	0.00603	0.00545
45	0.01029	0.00743	0.00972	0.00914	0.01086	0.00686	0.00686	0.01372	0.02058	0.02915	0.69536	0.05430	0.06859	0.01486	0.00857	0.00229	0.00343	0.01315	0.00800	0.00686
46	0.01478	0.06734	0.67891	0.02037	0.03093	0.01738	0.02625	0.02297	0.01532	0.02277	0.01292	0.01519	0.00921	0.00688	0.00681	0.00227	0.01062	0.00531	0.00307	0.01068
47	0.01458	0.03760	0.70688	0.02072	0.03146	0.01688	0.02686	0.02302	0.01535	0.02302	0.01304	0.01535	0.00921	0.00691	0.00691	0.00230	0.01074	0.00537	0.00307	0.01074

[dist]
# distance from previous block
# <min> <max>
3	7

[block]
# block no. 9 follows, 28 sequences, length 48
# corresponding to MSA columns:
# 327-374
name=unknown_J
#
# <colnr> <probs for GDERKNQSTAVLIFYWHMCP>
#	G	D	E	R	K	N	Q	S	T	A	V	L	I	F	Y	W	H	M	C	P
0	0.00944	0.00672	0.00900	0.01061	0.01124	0.00639	0.00754	0.01102	0.01428	0.01894	0.03908	0.59387	0.04607	0.05192	0.01055	0.00319	0.00478	0.13272	0.00664	0.00598
1	0.01777	0.01705	0.02911	0.07939	0.66612	0.01721	0.02220	0.02212	0.01645	0.02348	0.01363	0.01806	0.01142	0.00652	0.00720	0.00217	0.00869	0.00648	0.00358	0.01134
2	0.01198	0.00904	0.04078	0.00998	0.01229	0.00752	0.00800	0.01546	0.01998	0.07622	0.58066	0.08959	0.06122	0.01455	0.00845	0.00232	0.00399	0.01282	0.00778	0.00737
3	0.01007	0.00742	0.00941	0.00891	0.01072	0.00677	0.00669	0.01329	0.02006	0.02792	0.61484	0.05633	0.14987	0.01532	0.00858	0.00231	0.00346	0.01343	0.00784	0.00677
4	0.02715	0.02012	0.02154	0.01663	0.02236	0.02231	0.01370	0.64253	0.06739	0.04503	0.01807	0.01794	0.01286	0.00878	0.00728	0.00220	0.00788	0.00663	0.00728	0.01232
5	0.01775	0.01512	0.02381	0.42498	0.06175	0.01724	0.09314	0.12077	0.06692	0.06336	0.01594	0.01994	0.01169	0.00762	0.00743	0.00237	0.00921	0.00689	0.00453	0.00953
6	0.01057	0.00705	0.00793	0.00793	0.00793	0.00705	0.00440	0.01057	0.01057	0.01409	0.02290	0.04757	0.02643	0.74454	0.03700	0.00705	0.00705	0.01057	0.00440	0.00440
7	0.01868	0.01851	0.02834	0.04154	0.62246	0.06980	0.02128	0.02343	0.04229	0.02355	0.01409	0.01797	0.01176	0.00668	0.00716	0.00215	0.00886	0.00641	0.00375	0.01128
8	0.02392	0.01520	0.01734	0.01428	0.01904	0.01617	0.01146	0.19525	0.27880	0.22427	0.08235	0.02631	0.02245	0.00975	0.00744	0.00232	0.00624	0.00796	0.00787	0.01157
9	0.04326	0.01296	0.02138	0.69998	0.04871	0.01616	0.01972	0.01868	0.01445	0.01910	0.01281	0.01909	0.00962	0.00725	0.00716	0.00242	0.00954	0.00636	0.00328	0.00807
10	0.01507	0.01292	0.01507	0.01077	0.01723	0.00969	0.00861	0.01830	0.01507	0.02369	0.01292	0.01507	0.01077	0.00538	0.00538	0.00108	0.00538	0.00431	0.00431	0.78898
11	0.06932	0.02010	0.02034	0.01594	0.02149	0.06724	0.01302	0.50967	0.06494	0.06073	0.01737	0.01745	0.01251	0.00843	0.00698	0.00213	0.00790	0.00627	0.00679	0.05138
12	0.00872	0.00740	0.00754	0.00761	0.01003	0.00623	0.00578	0.01062	0.01658	0.01972	0.07219	0.07045	0.66937	0.01848	0.00865	0.00249	0.00381	0.04142	0.00675	0.00616
13	0.27062	0.04319	0.14916	0.01340	0.01889	0.03523	0.01283	0.11748	0.05746	0.05473	0.11123	0.02299	0.04676	0.00894	0.00644	0.00224	0.00689	0.00673	0.00547	0.00931
14	0.01471	0.03665	0.67199	0.02124	0.03180	0.01696	0.06080	0.02303	0.01544	0.02303	0.01313	0.01557	0.00930	0.00687	0.00699	0.00231	0.01082	0.00554	0.00310	0.01069
15	0.01029	0.00743	0.00972	0.00914	0.01086	0.00686	0.00686	0.01372	0.02058	0.02915	0.69536	0.05430	0.06859	0.01486	0.00857	0.00229	0.00343	0.01315	0.00800	0.00686
16	0.01458	0.03760	0.70688	0.02072	0.03146	0.01688	0.02686	0.02302	0.01535	0.02302	0.01304	0.01535	0.00921	0.00691	0.00691	0.00230	0.01074	0.00537	0.00307	0.01074
17	0.02209	0.02601	0.01763	0.01637	0.01955	0.46506	0.01225	0.02661	0.11221	0.02009	0.04764	0.10129	0.01871	0.01258	0.04752	0.00266	0.01100	0.00756	0.00480	0.00839
18	0.01029	0.00743	0.00972	0.00914	0.01086	0.00686	0.00686	0.01372	0.02058	0.02915	0.69536	0.05430	0.06859	0.01486	0.00857	0.00229	0.00343	0.01315	0.00800	0.00686
19	0.00886	0.00633	0.00843	0.01012	0.01054	0.00590	0.00675	0.01012	0.01392	0.01856	0.04006	0.73979	0.04808	0.02277	0.00928	0.00295	0.00422	0.02066	0.00675	0.00590
20	0.01038	0.00779	0.01168	0.01168	0.01298	0.00909	0.00909	0.01298	0.01168	0.01687	0.01947	0.02856	0.01817	0.05452	0.71573	0.01168	0.01947	0.00779	0.00389	0.00649
21	0.02715	0.03464	0.02060	0.01873	0.02247	0.71536	0.01404	0.02903	0.02060	0.01779	0.01124	0.01311	0.00936	0.00749	0.00655	0.00187	0.01311	0.00468	0.00375	0.00843
22	0.00886	0.00633	0.00843	0.01012	0.01054	0.00590	0.00675	0.01012	0.01392	0.01856	0.04006	0.73979	0.04808	0.02277	0.00928	0.00295	0.00422	0.02066	0.00675	0.00590
23	0.01171	0.00837	0.01171	0.01339	0.01506	0.00837	0.01171	0.01506	0.01673	0.02175	0.03849	0.08199	0.04183	0.02008	0.01004	0.00335	0.00669	0.65027	0.00669	0.00669
