[name]
unknown

[dist]
# distance from previous block
# <min> <max>
6	53

[block]
# block no. 0 follows, 28 sequences, length 7
# corresponding to MSA columns:
# 61-67
name=unknown_A
#
# <colnr> <probs for GDERKNQSTAVLIFYWHMCP>
#	G	D	E	R	K	N	Q	S	T	A	V	L	I	F	Y	W	H	M	C	P
0	0.08399	0.02090	0.02251	0.06677	0.15154	0.21986	0.05984	0.02310	0.04051	0.02128	0.01444	0.02125	0.01285	0.00922	0.01034	0.00242	0.14939	0.05688	0.00400	0.00892
1	0.10917	0.01631	0.02771	0.18674	0.37246	0.01709	0.12270	0.02154	0.01571	0.02360	0.01325	0.01781	0.01061	0.00663	0.00711	0.00227	0.00908	0.00650	0.00364	0.01006
2	0.00883	0.00643	0.00833	0.00985	0.01047	0.00593	0.00663	0.01015	0.01418	0.01866	0.04337	0.67387	0.11187	0.02234	0.00921	0.00290	0.00416	0.02014	0.00675	0.00593
3	0.01456	0.03386	0.59915	0.02093	0.03068	0.01633	0.07694	0.02241	0.01560	0.02294	0.01519	0.02096	0.01193	0.00789	0.00729	0.00240	0.01054	0.05666	0.00340	0.01035
4	0.14076	0.08988	0.02066	0.01685	0.02072	0.51810	0.01309	0.02668	0.01840	0.01993	0.01089	0.01294	0.00915	0.00754	0.00699	0.00197	0.04870	0.00459	0.00378	0.00839
5	0.00859	0.00736	0.00736	0.00736	0.00982	0.00614	0.00552	0.01043	0.01657	0.01964	0.07364	0.06996	0.69624	0.01841	0.00859	0.00245	0.00368	0.01534	0.00675	0.00614
6	0.01969	0.49905	0.10734	0.01784	0.09936	0.11082	0.01534	0.02286	0.01576	0.01860	0.01098	0.01297	0.00957	0.00648	0.00543	0.00174	0.00885	0.00445	0.00324	0.00962

[dist]
# distance from previous block
# <min> <max>
0	1

[block]
# block no. 1 follows, 28 sequences, length 7
# corresponding to MSA columns:
# 69-75
name=unknown_B
#
# <colnr> <probs for GDERKNQSTAVLIFYWHMCP>
#	G	D	E	R	K	N	Q	S	T	A	V	L	I	F	Y	W	H	M	C	P
0	0.01458	0.03760	0.70688	0.02072	0.03146	0.01688	0.02686	0.02302	0.01535	0.02302	0.01304	0.01535	0.00921	0.00691	0.00691	0.00230	0.01074	0.00537	0.00307	0.01074
1	0.02102	0.18058	0.23204	0.05740	0.02595	0.32444	0.01794	0.02514	0.01748	0.01928	0.01165	0.01384	0.00933	0.00704	0.00631	0.00197	0.01111	0.00483	0.00338	0.00929
2	0.48046	0.01561	0.01364	0.03820	0.01719	0.07085	0.00967	0.09273	0.01698	0.10227	0.06830	0.01758	0.01449	0.00793	0.00568	0.00222	0.00650	0.00546	0.00544	0.00879
3	0.10409	0.01295	0.01491	0.01123	0.01697	0.01106	0.00906	0.05495	0.01718	0.15197	0.06144	0.01925	0.01574	0.00701	0.00595	0.00156	0.00556	0.00553	0.00559	0.46800
4	0.02720	0.01467	0.06286	0.01377	0.01939	0.01242	0.01195	0.06187	0.10731	0.46665	0.02684	0.02648	0.01851	0.00932	0.00732	0.00227	0.00650	0.04012	0.00792	0.05664
5	0.02239	0.09668	0.07572	0.05365	0.04149	0.23172	0.01460	0.16290	0.10143	0.04874	0.01758	0.04832	0.01453	0.00891	0.00695	0.00215	0.00933	0.02783	0.00517	0.00993
6	0.05166	0.00700	0.00928	0.00921	0.00987	0.00694	0.00630	0.01091	0.01206	0.01702	0.12513	0.06314	0.06351	0.07901	0.02276	0.48299	0.00564	0.00876	0.00445	0.00437

[dist]
# distance from previous block
# <min> <max>
0	7

[block]
# block no. 2 follows, 28 sequences, length 36
# corresponding to MSA columns:
# 83-118
name=unknown_C
#
# <colnr> <probs for GDERKNQSTAVLIFYWHMCP>
#	G	D	E	R	K	N	Q	S	T	A	V	L	I	F	Y	W	H	M	C	P
0	0.02437	0.01611	0.01793	0.01448	0.01949	0.01725	0.01170	0.28478	0.22580	0.17337	0.02366	0.02242	0.01684	0.00899	0.00710	0.00221	0.00655	0.00714	0.06029	0.03954
1	0.01901	0.00903	0.01033	0.00902	0.01194	0.00872	0.00709	0.06167	0.01802	0.19672	0.05370	0.02710	0.02026	0.00889	0.00592	0.00189	0.00437	0.00717	0.51065	0.00851
2	0.01553	0.06206	0.01495	0.01099	0.01553	0.01007	0.00872	0.01824	0.01584	0.09785	0.06324	0.17962	0.02446	0.01084	0.00679	0.00182	0.00532	0.03561	0.00560	0.39691
3	0.01524	0.01174	0.01399	0.01096	0.01612	0.00939	0.00852	0.01878	0.04317	0.07031	0.01987	0.15398	0.01884	0.00913	0.00634	0.00157	0.00523	0.00779	0.00523	0.55381
4	0.01507	0.01292	0.01507	0.01077	0.01723	0.00969	0.00861	0.01830	0.01507	0.02369	0.01292	0.01507	0.01077	0.00538	0.00538	0.00108	0.00538	0.00431	0.00431	0.78898
5	0.01508	0.09767	0.60492	0.01990	0.02956	0.01826	0.02490	0.02256	0.01503	0.02215	0.01256	0.01506	0.00924	0.00722	0.00781	0.00229	0.05696	0.00531	0.00308	0.01044
6	0.01808	0.01561	0.01644	0.01479	0.01890	0.01808	0.01151	0.03863	0.68606	0.03041	0.02959	0.02712	0.02219	0.00986	0.00740	0.00247	0.00575	0.00822	0.00740	0.01151
7	0.01507	0.01292	0.01507	0.01077	0.01723	0.00969	0.00861	0.01830	0.01507	0.02369	0.01292	0.01507	0.01077	0.00538	0.00538	0.00108	0.00538	0.00431	0.00431	0.78898
8	0.01630	0.01406	0.01473	0.01340	0.01720	0.01584	0.01038	0.03333	0.56030	0.02838	0.03786	0.03517	0.14881	0.01147	0.00762	0.00246	0.00536	0.00956	0.00728	0.01050
9	0.01471	0.03679	0.67998	0.02167	0.05797	0.01690	0.02668	0.02299	0.01539	0.02305	0.01307	0.01545	0.00930	0.00689	0.00692	0.00230	0.01066	0.00542	0.00309	0.01077
10	0.02488	0.01878	0.02023	0.01604	0.02142	0.02073	0.01315	0.51441	0.14579	0.04137	0.02026	0.02170	0.01522	0.00927	0.00734	0.00224	0.00746	0.03329	0.00717	0.03923
11	0.01171	0.00837	0.01171	0.01339	0.01506	0.00837	0.01171	0.01506	0.01673	0.02175	0.03849	0.08199	0.04183	0.02008	0.01004	0.00335	0.00669	0.65027	0.00669	0.00669
12	0.01458	0.03760	0.70688	0.02072	0.03146	0.01688	0.02686	0.02302	0.01535	0.02302	0.01304	0.01535	0.00921	0.00691	0.00691	0.00230	0.01074	0.00537	0.00307	0.01074
13	0.01056	0.00709	0.00816	0.00816	0.00824	0.00717	0.00469	0.01072	0.01064	0.01426	0.02269	0.04641	0.02592	0.70230	0.07854	0.00733	0.00781	0.01040	0.00437	0.00453
14	0.00886	0.00633	0.00843	0.01012	0.01054	0.00590	0.00675	0.01012	0.01392	0.01856	0.04006	0.73979	0.04808	0.02277	0.00928	0.00295	0.00422	0.02066	0.00675	0.00590
15	0.26661	0.01289	0.01497	0.01190	0.01718	0.01241	0.00982	0.03112	0.01822	0.49833	0.02299	0.02078	0.01489	0.00831	0.00645	0.00225	0.00601	0.00628	0.00762	0.01099
16	0.01373	0.01292	0.02180	0.72707	0.05006	0.01615	0.02019	0.01857	0.01453	0.01857	0.01292	0.01938	0.00969	0.00727	0.00727	0.00242	0.00969	0.00646	0.00323	0.00807
17	0.02763	0.02036	0.02182	0.01672	0.02254	0.02254	0.01382	0.67496	0.03418	0.04581	0.01745	0.01745	0.01236	0.00873	0.00727	0.00218	0.00800	0.00654	0.00727	0.01236
18	0.01263	0.00631	0.00947	0.00947	0.00947	0.00631	0.00631	0.00947	0.00947	0.01263	0.01263	0.02210	0.01263	0.02525	0.02841	0.78851	0.00631	0.00631	0.00316	0.00316
19	0.02763	0.02036	0.02182	0.01672	0.02254	0.02254	0.01382	0.67496	0.03418	0.04581	0.01745	0.01745	0.01236	0.00873	0.00727	0.00218	0.00800	0.00654	0.00727	0.01236
20	0.00907	0.00672	0.00848	0.00944	0.01047	0.00612	0.00655	0.01084	0.01563	0.02071	0.16757	0.49162	0.16911	0.02052	0.00902	0.00274	0.00397	0.01831	0.00698	0.00612
21	0.02763	0.02036	0.02182	0.01672	0.02254	0.02254	0.01382	0.67496	0.03418	0.04581	0.01745	0.01745	0.01236	0.00873	0.00727	0.00218	0.00800	0.00654	0.00727	0.01236
22	0.03229	0.01289	0.01719	0.01318	0.01881	0.01145	0.01089	0.07668	0.02167	0.66176	0.02795	0.02427	0.01763	0.00898	0.00731	0.00224	0.00630	0.00726	0.00889	0.01237
23	0.01254	0.00976	0.01405	0.01698	0.11745	0.00971	0.01194	0.01680	0.04682	0.02451	0.21905	0.06215	0.04392	0.01611	0.00908	0.00283	0.00603	0.34596	0.00662	0.00768
24	0.01458	0.03760	0.70688	0.02072	0.03146	0.01688	0.02686	0.02302	0.01535	0.02302	0.01304	0.01535	0.00921	0.00691	0.00691	0.00230	0.01074	0.00537	0.00307	0.01074
25	0.00894	0.00644	0.00848	0.00995	0.01054	0.00597	0.00671	0.01037	0.01445	0.01928	0.08364	0.66950	0.07464	0.02209	0.00921	0.00289	0.00415	0.01997	0.00683	0.00597
26	0.02616	0.01909	0.02059	0.01618	0.02168	0.02113	0.01324	0.52705	0.15139	0.07681	0.02022	0.01957	0.01443	0.00895	0.00730	0.00224	0.00750	0.00689	0.00738	0.01221
27	0.01724	0.01640	0.02735	0.16318	0.54343	0.01712	0.02128	0.02264	0.05681	0.02324	0.01451	0.01879	0.01184	0.00682	0.00722	0.00222	0.00865	0.00658	0.00376	0.01091
28	0.03261	0.01237	0.01687	0.01293	0.01856	0.01068	0.01068	0.03543	0.02081	0.70423	0.02868	0.02474	0.01799	0.00900	0.00731	0.00225	0.00619	0.00731	0.00900	0.01237
29	0.00917	0.00646	0.00834	0.00972	0.01007	0.00611	0.00632	0.01020	0.01331	0.01775	0.03696	0.61460	0.04416	0.15331	0.01429	0.00369	0.00473	0.01884	0.00632	0.00563
30	0.02321	0.01605	0.01834	0.01470	0.01858	0.01786	0.01176	0.37673	0.02484	0.11274	0.01892	0.02383	0.01539	0.14234	0.01471	0.00318	0.10007	0.00735	0.02918	0.01020
31	0.02143	0.02179	0.02089	0.01943	0.06474	0.23401	0.01458	0.06425	0.13540	0.05716	0.01531	0.01770	0.01245	0.00977	0.01272	0.00248	0.25553	0.00624	0.00466	0.00944
32	0.02155	0.05791	0.01903	0.01576	0.01989	0.18948	0.01238	0.05919	0.39678	0.06798	0.02280	0.02194	0.01727	0.00910	0.00766	0.00228	0.03525	0.00694	0.00621	0.01059
33	0.02017	0.06954	0.02256	0.01985	0.08860	0.14139	0.01471	0.13954	0.04327	0.02354	0.01335	0.01809	0.01177	0.05711	0.01508	0.00278	0.27887	0.00629	0.00429	0.00919
34	0.04316	0.07883	0.01712	0.01353	0.04195	0.04283	0.04407	0.03990	0.06958	0.11967	0.18538	0.07088	0.11172	0.01328	0.03560	0.00258	0.00647	0.00976	0.00637	0.04734
35	0.02483	0.05529	0.10584	0.01538	0.02124	0.03523	0.03841	0.07829	0.15007	0.32944	0.02452	0.02478	0.01738	0.00907	0.00728	0.00230	0.00734	0.03487	0.00706	0.01138

[dist]
# distance from previous block
# <min> <max>
21	49

[block]
# block no. 3 follows, 28 sequences, length 6
# corresponding to MSA columns:
# 174-179
name=unknown_D
#
# <colnr> <probs for GDERKNQSTAVLIFYWHMCP>
#	G	D	E	R	K	N	Q	S	T	A	V	L	I	F	Y	W	H	M	C	P
0	0.11192	0.21729	0.12980	0.01541	0.04117	0.04185	0.01410	0.06155	0.22255	0.02611	0.03918	0.01893	0.01523	0.00797	0.00623	0.00212	0.00742	0.00600	0.00500	0.01016
1	0.13871	0.01899	0.01933	0.01519	0.02067	0.06056	0.01246	0.43808	0.02805	0.15032	0.01788	0.01758	0.01246	0.00841	0.00684	0.00218	0.00766	0.00619	0.00695	0.01149
2	0.08463	0.27940	0.14186	0.07428	0.06679	0.02243	0.01607	0.18666	0.01966	0.02717	0.01291	0.01477	0.01012	0.00711	0.00605	0.00200	0.00836	0.00518	0.00431	0.01025
3	0.06395	0.20430	0.34345	0.02183	0.13627	0.06986	0.02058	0.02293	0.01560	0.02191	0.01213	0.01452	0.00955	0.00670	0.00624	0.00206	0.00954	0.00506	0.00330	0.01019
4	0.01562	0.13213	0.01838	0.01555	0.07626	0.01427	0.01178	0.02206	0.14912	0.05908	0.08336	0.07332	0.03053	0.04238	0.00916	0.00276	0.00647	0.22297	0.00611	0.00870
5	0.01905	0.01724	0.02729	0.12441	0.50789	0.01800	0.02065	0.12896	0.01919	0.02673	0.01420	0.01807	0.01143	0.00694	0.00722	0.00220	0.00866	0.00649	0.00416	0.01123

[dist]
# distance from previous block
# <min> <max>
0	23

[block]
# block no. 4 follows, 28 sequences, length 9
# corresponding to MSA columns:
# 203-211
name=unknown_E
#
# <colnr> <probs for GDERKNQSTAVLIFYWHMCP>
#	G	D	E	R	K	N	Q	S	T	A	V	L	I	F	Y	W	H	M	C	P
0	0.57920	0.01500	0.01631	0.01355	0.01766	0.01751	0.08667	0.02097	0.01273	0.02909	0.01056	0.01338	0.00851	0.00764	0.00810	0.00242	0.12354	0.00487	0.00419	0.00811
1	0.00881	0.00649	0.00826	0.00968	0.01043	0.00594	0.00655	0.01017	0.01434	0.01873	0.04544	0.63259	0.15181	0.02207	0.00917	0.00287	0.00413	0.01981	0.00675	0.00594
2	0.01096	0.00827	0.01209	0.01187	0.01311	0.00983	0.00929	0.01354	0.01187	0.01757	0.01907	0.02760	0.01761	0.04872	0.62307	0.01046	0.06684	0.00763	0.05398	0.00661
3	0.01583	0.01507	0.02561	0.38972	0.37094	0.01670	0.02124	0.02042	0.01553	0.02113	0.01329	0.01869	0.01059	0.00688	0.00723	0.00229	0.00917	0.00647	0.00341	0.00977
4	0.02616	0.02121	0.02088	0.01665	0.02199	0.09715	0.01350	0.51007	0.12973	0.04047	0.01858	0.01842	0.01350	0.00876	0.00721	0.00219	0.00822	0.00659	0.00691	0.01181
5	0.00947	0.00737	0.00871	0.00924	0.01108	0.00662	0.00709	0.01172	0.01672	0.02125	0.15362	0.19021	0.36491	0.01898	0.00898	0.00268	0.00430	0.13381	0.00693	0.00631
6	0.01012	0.00761	0.00962	0.01054	0.01224	0.00710	0.00845	0.01267	0.01663	0.02140	0.12322	0.18971	0.24135	0.01946	0.00931	0.00289	0.00500	0.27941	0.00687	0.00641
7	0.01524	0.01446	0.02453	0.48503	0.28029	0.01655	0.02094	0.01990	0.01525	0.02041	0.01319	0.01889	0.01034	0.00699	0.00724	0.00233	0.00932	0.00647	0.00336	0.00929
8	0.70522	0.01443	0.01288	0.01365	0.09391	0.01642	0.00955	0.02148	0.01286	0.03158	0.01054	0.01253	0.00830	0.00672	0.00481	0.00224	0.00597	0.00423	0.00439	0.00830

[dist]
# distance from previous block
# <min> <max>
0	1

[block]
# block no. 5 follows, 28 sequences, length 46
# corresponding to MSA columns:
# 213-258
name=unknown_F
#
# <colnr> <probs for GDERKNQSTAVLIFYWHMCP>
#	G	D	E	R	K	N	Q	S	T	A	V	L	I	F	Y	W	H	M	C	P
0	0.01586	0.01510	0.02565	0.38573	0.37473	0.01671	0.02125	0.02044	0.01554	0.02116	0.01330	0.01869	0.01060	0.00687	0.00723	0.00229	0.00916	0.00647	0.00341	0.00980
1	0.01872	0.01547	0.01646	0.01471	0.01889	0.01775	0.01147	0.03848	0.65676	0.06009	0.02955	0.02702	0.02200	0.00982	0.00739	0.00246	0.00577	0.00818	0.00747	0.01154
2	0.01170	0.00859	0.01143	0.01274	0.01451	0.00862	0.01083	0.01575	0.05544	0.02175	0.04004	0.10862	0.08585	0.03959	0.01050	0.00332	0.00632	0.52090	0.00668	0.00683
3	0.79588	0.01406	0.01068	0.00956	0.01406	0.01631	0.00787	0.02137	0.01237	0.03261	0.01012	0.01181	0.00787	0.00675	0.00450	0.00225	0.00562	0.00394	0.00450	0.00787
4	0.01409	0.01329	0.02246	0.66857	0.10571	0.01625	0.02037	0.01889	0.01471	0.01902	0.01298	0.01926	0.00985	0.00720	0.00726	0.00240	0.00960	0.00646	0.00326	0.00837
5	0.01285	0.00763	0.01193	0.15249	0.01756	0.00827	0.00908	0.01128	0.01048	0.01381	0.01268	0.02155	0.01204	0.02167	0.02420	0.63184	0.00699	0.00634	0.00317	0.00414
6	0.00916	0.00669	0.00869	0.01018	0.01099	0.00623	0.00719	0.01075	0.01457	0.01907	0.04395	0.58039	0.12592	0.02192	0.00929	0.00294	0.00445	0.09486	0.00674	0.00603
7	0.01799	0.01727	0.02950	0.04462	0.69919	0.01727	0.02231	0.02231	0.01655	0.02375	0.01367	0.01799	0.01151	0.00648	0.00720	0.00216	0.00864	0.00648	0.00360	0.01151
8	0.01943	0.74891	0.03809	0.01244	0.01866	0.02876	0.01244	0.02177	0.01477	0.01710	0.01011	0.01166	0.00933	0.00622	0.00466	0.00155	0.00777	0.00389	0.00311	0.00933
9	0.01716	0.01961	0.04289	0.03064	0.03799	0.01838	0.67279	0.02328	0.01716	0.02328	0.01471	0.01961	0.01103	0.00613	0.00858	0.00245	0.01225	0.00858	0.00368	0.00980
10	0.01799	0.01727	0.02950	0.04462	0.69919	0.01727	0.02231	0.02231	0.01655	0.02375	0.01367	0.01799	0.01151	0.00648	0.00720	0.00216	0.00864	0.00648	0.00360	0.01151
11	0.01478	0.06724	0.67901	0.02037	0.03093	0.01738	0.02626	0.02297	0.01532	0.02277	0.01292	0.01519	0.00921	0.00688	0.00681	0.00227	0.01062	0.00531	0.00307	0.01068
12	0.01516	0.01438	0.02439	0.49790	0.26804	0.01653	0.02090	0.01983	0.01521	0.02031	0.01317	0.01891	0.01030	0.00700	0.00724	0.00233	0.00934	0.00647	0.00335	0.00923
13	0.01766	0.01694	0.02891	0.09730	0.64908	0.01718	0.02214	0.02202	0.01640	0.02335	0.01361	0.01810	0.01137	0.00654	0.00720	0.00218	0.00872	0.00648	0.00357	0.01125
14	0.01799	0.01727	0.02950	0.04462	0.69919	0.01727	0.02231	0.02231	0.01655	0.02375	0.01367	0.01799	0.01151	0.00648	0.00720	0.00216	0.00864	0.00648	0.00360	0.01151
15	0.01691	0.01899	0.03995	0.05071	0.03625	0.01875	0.57958	0.02249	0.01641	0.02249	0.01408	0.01919	0.01082	0.00690	0.01024	0.00253	0.09229	0.00827	0.00361	0.00954
16	0.01458	0.03760	0.70688	0.02072	0.03146	0.01688	0.02686	0.02302	0.01535	0.02302	0.01304	0.01535	0.00921	0.00691	0.00691	0.00230	0.01074	0.00537	0.00307	0.01074
17	0.01135	0.00927	0.01011	0.01007	0.01246	0.00915	0.00754	0.03899	0.15245	0.02254	0.05348	0.22000	0.35745	0.01745	0.00852	0.00260	0.00449	0.03780	0.00690	0.00740
18	0.01373	0.01292	0.02180	0.72707	0.05006	0.01615	0.02019	0.01857	0.01453	0.01857	0.01292	0.01938	0.00969	0.00727	0.00727	0.00242	0.00969	0.00646	0.00323	0.00807
19	0.02068	0.01528	0.01670	0.01457	0.01898	0.01709	0.01146	0.06111	0.55938	0.13543	0.02901	0.02640	0.02118	0.00969	0.00738	0.00242	0.00590	0.00802	0.00764	0.01167
20	0.01585	0.01627	0.02554	0.13779	0.02756	0.03936	0.13918	0.01888	0.01311	0.01874	0.01155	0.01765	0.01022	0.01227	0.04810	0.00326	0.42626	0.00681	0.00333	0.00827
21	0.02724	0.03221	0.02081	0.01838	0.02248	0.59709	0.01401	0.13929	0.02292	0.02257	0.01230	0.01385	0.00988	0.00770	0.00668	0.00193	0.01224	0.00500	0.00435	0.00910
22	0.03261	0.01237	0.01687	0.01293	0.01856	0.01068	0.01068	0.03543	0.02081	0.70423	0.02868	0.02474	0.01799	0.00900	0.00731	0.00225	0.00619	0.00731	0.00900	0.01237
23	0.01665	0.02235	0.15121	0.02827	0.03573	0.01838	0.52495	0.02288	0.01648	0.02288	0.01411	0.01867	0.01064	0.00667	0.00926	0.00247	0.05711	0.00791	0.00355	0.00984
24	0.00906	0.00669	0.00848	0.00950	0.01048	0.00611	0.00656	0.01079	0.01549	0.02054	0.15747	0.51219	0.15858	0.02070	0.00904	0.00276	0.00399	0.01850	0.00696	0.00611
25	0.01590	0.01590	0.02226	0.01908	0.01908	0.02226	0.01590	0.01749	0.01113	0.01749	0.00954	0.01590	0.00954	0.01272	0.02385	0.00318	0.73123	0.00636	0.00318	0.00795
26	0.03261	0.01237	0.01687	0.01293	0.01856	0.01068	0.01068	0.03543	0.02081	0.70423	0.02868	0.02474	0.01799	0.00900	0.00731	0.00225	0.00619	0.00731	0.00900	0.01237
27	0.03261	0.01237	0.01687	0.01293	0.01856	0.01068	0.01068	0.03543	0.02081	0.70423	0.02868	0.02474	0.01799	0.00900	0.00731	0.00225	0.00619	0.00731	0.00900	0.01237
28	0.01029	0.00743	0.00972	0.00914	0.01086	0.00686	0.00686	0.01372	0.02058	0.02915	0.69536	0.05430	0.06859	0.01486	0.00857	0.00229	0.00343	0.01315	0.00800	0.00686
29	0.02721	0.02015	0.02158	0.01664	0.02238	0.02235	0.01371	0.64706	0.06276	0.04514	0.01798	0.01788	0.01279	0.00878	0.00728	0.00219	0.00790	0.00662	0.00728	0.01232
30	0.01029	0.00743	0.00972	0.00914	0.01086	0.00686	0.00686	0.01372	0.02058	0.02915	0.69536	0.05430	0.06859	0.01486	0.00857	0.00229	0.00343	0.01315	0.00800	0.00686
31	0.03044	0.01189	0.01617	0.01256	0.01781	0.01031	0.01031	0.03332	0.02078	0.63864	0.09345	0.02761	0.02291	0.00957	0.00743	0.00225	0.00592	0.00788	0.00890	0.01184
32	0.76427	0.01432	0.01114	0.00985	0.01441	0.01656	0.00812	0.04826	0.01327	0.03316	0.01042	0.01204	0.00806	0.00683	0.00461	0.00225	0.00572	0.00404	0.00461	0.00806
33	0.01024	0.00739	0.00967	0.00918	0.01085	0.00682	0.00685	0.01359	0.02033	0.02876	0.67156	0.07919	0.06784	0.01515	0.00860	0.00231	0.00346	0.01342	0.00796	0.00682
34	0.03261	0.01237	0.01687	0.01293	0.01856	0.01068	0.01068	0.03543	0.02081	0.70423	0.02868	0.02474	0.01799	0.00900	0.00731	0.00225	0.00619	0.00731	0.00900	0.01237
35	0.03232	0.01284	0.01716	0.01315	0.01879	0.01138	0.01087	0.07271	0.02158	0.66584	0.02802	0.02432	0.01767	0.00898	0.00731	0.00225	0.00629	0.00727	0.00890	0.01237
36	0.02940	0.01210	0.01615	0.01261	0.01772	0.01074	0.01032	0.06326	0.02142	0.58268	0.11693	0.02833	0.02446	0.00976	0.00748	0.00225	0.00591	0.00805	0.00878	0.01164
37	0.01005	0.00742	0.00939	0.00890	0.01072	0.00676	0.00667	0.01326	0.02002	0.02784	0.60962	0.05646	0.15514	0.01535	0.00858	0.00231	0.00346	0.01345	0.00783	0.00676
38	0.03131	0.01208	0.01645	0.01271	0.01811	0.01046	0.01046	0.03416	0.02079	0.66487	0.06755	0.02646	0.02094	0.00934	0.00738	0.00225	0.00602	0.00765	0.00894	0.01205
39	0.03177	0.01218	0.01660	0.01279	0.01826	0.01054	0.01054	0.03460	0.02080	0.67863	0.05396	0.02586	0.01991	0.00922	0.00736	0.00225	0.00608	0.00753	0.00896	0.01216
40	0.01083	0.00878	0.00979	0.01034	0.01181	0.03034	0.00729	0.01492	0.10455	0.02102	0.10087	0.40899	0.15910	0.05377	0.01009	0.00290	0.00468	0.01640	0.00674	0.00678
41	0.02834	0.01240	0.01604	0.01278	0.01786	0.01141	0.01040	0.03378	0.11998	0.54194	0.05934	0.02853	0.05336	0.00983	0.00744	0.00229	0.00588	0.00808	0.00861	0.01171
42	0.03013	0.01292	0.01680	0.01325	0.01862	0.01195	0.01082	0.03597	0.13437	0.58920	0.02883	0.02515	0.01871	0.00914	0.00732	0.00229	0.00611	0.00747	0.00872	0.01222
43	0.02699	0.01914	0.02081	0.01616	0.02171	0.02097	0.01327	0.58355	0.05639	0.09082	0.01947	0.04324	0.01435	0.00927	0.00735	0.00222	0.00766	0.00715	0.00738	0.01211
44	0.02266	0.02264	0.01819	0.01592	0.01993	0.27615	0.01230	0.20432	0.16155	0.02822	0.02299	0.08635	0.05640	0.01034	0.00729	0.00221	0.00883	0.00799	0.00591	0.00978
45	0.02477	0.01185	0.01519	0.01236	0.01673	0.01112	0.00993	0.08475	0.06900	0.40758	0.19270	0.05774	0.03139	0.01099	0.00770	0.00229	0.00556	0.00924	0.00841	0.01071

[dist]
# distance from previous block
# <min> <max>
9	19

[block]
# block no. 6 follows, 28 sequences, length 73
# corresponding to MSA columns:
# 283-355
name=unknown_G
#
# <colnr> <probs for GDERKNQSTAVLIFYWHMCP>
#	G	D	E	R	K	N	Q	S	T	A	V	L	I	F	Y	W	H	M	C	P
0	0.02051	0.01595	0.01913	0.09601	0.02291	0.01771	0.01316	0.30559	0.05277	0.05272	0.01866	0.09722	0.01601	0.01026	0.00947	0.00230	0.10386	0.00787	0.00588	0.11202
1	0.02309	0.01708	0.01853	0.01503	0.02002	0.01865	0.01210	0.35721	0.23529	0.07561	0.02264	0.04780	0.01717	0.00941	0.00721	0.00222	0.00677	0.00751	0.02882	0.05785
2	0.01731	0.01706	0.07381	0.07353	0.43596	0.01595	0.01939	0.02357	0.09511	0.05185	0.01870	0.06485	0.01623	0.00860	0.00745	0.00232	0.00806	0.03495	0.00453	0.01076
3	0.01620	0.01267	0.03889	0.01289	0.01639	0.01261	0.01059	0.02703	0.30563	0.09702	0.20326	0.04257	0.06103	0.01267	0.00808	0.00251	0.00543	0.09756	0.00744	0.00951
4	0.02691	0.01784	0.01989	0.01541	0.02106	0.01894	0.01264	0.44510	0.09248	0.17371	0.02055	0.01967	0.01432	0.00867	0.00717	0.00215	0.00726	0.00671	0.00744	0.06209
5	0.02444	0.01457	0.01648	0.01379	0.01841	0.04316	0.01099	0.06246	0.29268	0.31785	0.08166	0.02730	0.02319	0.00975	0.00741	0.00232	0.00615	0.00801	0.00797	0.01141
6	0.03261	0.01237	0.01687	0.01293	0.01856	0.01068	0.01068	0.03543	0.02081	0.70423	0.02868	0.02474	0.01799	0.00900	0.00731	0.00225	0.00619	0.00731	0.00900	0.01237
7	0.00953	0.00740	0.00877	0.00923	0.01109	0.00665	0.00710	0.01185	0.01695	0.02166	0.17956	0.17168	0.35835	0.01871	0.00896	0.00266	0.00427	0.13226	0.00698	0.00634
8	0.03240	0.01271	0.01708	0.01309	0.01873	0.01119	0.01082	0.06271	0.02138	0.67613	0.02820	0.02443	0.01775	0.00899	0.00731	0.00225	0.00626	0.00728	0.00892	0.01237
9	0.02741	0.01982	0.02137	0.01648	0.02221	0.02185	0.01358	0.62006	0.06266	0.07246	0.01846	0.01819	0.01303	0.00879	0.00728	0.00220	0.00782	0.00665	0.00735	0.01232
10	0.03261	0.01237	0.01687	0.01293	0.01856	0.01068	0.01068	0.03543	0.02081	0.70423	0.02868	0.02474	0.01799	0.00900	0.00731	0.00225	0.00619	0.00731	0.00900	0.01237
11	0.03261	0.01237	0.01687	0.01293	0.01856	0.01068	0.01068	0.03543	0.02081	0.70423	0.02868	0.02474	0.01799	0.00900	0.00731	0.00225	0.00619	0.00731	0.00900	0.01237
12	0.03261	0.01237	0.01687	0.01293	0.01856	0.01068	0.01068	0.03543	0.02081	0.70423	0.02868	0.02474	0.01799	0.00900	0.00731	0.00225	0.00619	0.00731	0.00900	0.01237
13	0.00886	0.00633	0.00843	0.01012	0.01054	0.00590	0.00675	0.01012	0.01392	0.01856	0.04006	0.73979	0.04808	0.02277	0.00928	0.00295	0.00422	0.02066	0.00675	0.00590
14	0.00995	0.00742	0.00925	0.00879	0.01065	0.00672	0.00659	0.01306	0.01978	0.02726	0.57186	0.05741	0.19326	0.01557	0.00858	0.00232	0.00348	0.01358	0.00775	0.00672
15	0.03261	0.01237	0.01687	0.01293	0.01856	0.01068	0.01068	0.03543	0.02081	0.70423	0.02868	0.02474	0.01799	0.00900	0.00731	0.00225	0.00619	0.00731	0.00900	0.01237
16	0.02763	0.02036	0.02182	0.01672	0.02254	0.02254	0.01382	0.67496	0.03418	0.04581	0.01745	0.01745	0.01236	0.00873	0.00727	0.00218	0.00800	0.00654	0.00727	0.01236
17	0.01575	0.01569	0.02223	0.07011	0.02132	0.02182	0.01621	0.01757	0.01138	0.01757	0.00979	0.01615	0.00955	0.01233	0.02266	0.00313	0.67923	0.00637	0.00318	0.00796
18	0.01355	0.00678	0.00678	0.00678	0.00847	0.00678	0.00508	0.01694	0.01524	0.02710	0.02371	0.02710	0.01863	0.00847	0.00508	0.00169	0.00339	0.00678	0.78489	0.00678
19	0.00860	0.00732	0.00741	0.00748	0.00985	0.00613	0.00558	0.01042	0.01645	0.01959	0.07218	0.09902	0.66812	0.01860	0.00862	0.00248	0.00371	0.01557	0.00675	0.00613
20	0.01486	0.07808	0.66882	0.02025	0.03073	0.01756	0.02604	0.02295	0.01531	0.02268	0.01288	0.01514	0.00921	0.00687	0.00678	0.00226	0.01057	0.00529	0.00307	0.01066
21	0.00911	0.00742	0.00816	0.00860	0.01073	0.00647	0.00663	0.01114	0.01632	0.01986	0.06462	0.14028	0.52598	0.01912	0.00889	0.00265	0.00422	0.11686	0.00674	0.00620
22	0.03261	0.01237	0.01687	0.01293	0.01856	0.01068	0.01068	0.03543	0.02081	0.70423	0.02868	0.02474	0.01799	0.00900	0.00731	0.00225	0.00619	0.00731	0.00900	0.01237
23	0.16977	0.03292	0.56859	0.01850	0.02800	0.01677	0.02309	0.02269	0.01476	0.02493	0.01246	0.01464	0.00894	0.00687	0.00643	0.00229	0.00973	0.00509	0.00335	0.01017
24	0.01748	0.38337	0.35238	0.01661	0.02485	0.05246	0.01930	0.02267	0.01529	0.01992	0.01154	0.01346	0.00927	0.00660	0.00580	0.00192	0.00940	0.00462	0.00312	0.00996
25	0.01086	0.00800	0.01058	0.01193	0.01365	0.00772	0.01008	0.01374	0.01647	0.02107	0.04560	0.13283	0.17233	0.01997	0.00969	0.00314	0.00589	0.47320	0.00671	0.00652
26	0.79588	0.01406	0.01068	0.00956	0.01406	0.01631	0.00787	0.02137	0.01237	0.03261	0.01012	0.01181	0.00787	0.00675	0.00450	0.00225	0.00562	0.00394	0.00450	0.00787
27	0.03261	0.01237	0.01687	0.01293	0.01856	0.01068	0.01068	0.03543	0.02081	0.70423	0.02868	0.02474	0.01799	0.00900	0.00731	0.00225	0.00619	0.00731	0.00900	0.01237
28	0.17295	0.34400	0.21896	0.01463	0.02165	0.05377	0.01570	0.04658	0.01544	0.02294	0.01126	0.01300	0.00912	0.00667	0.00544	0.00194	0.00843	0.00445	0.00356	0.00951
29	0.01550	0.01568	0.02353	0.01937	0.02135	0.04936	0.13227	0.01818	0.01289	0.01865	0.01264	0.01893	0.01156	0.01934	0.15709	0.00460	0.40197	0.00689	0.00348	0.03671
30	0.02058	0.45141	0.09122	0.01591	0.02177	0.18852	0.05176	0.02351	0.01620	0.01814	0.01087	0.01293	0.00943	0.00681	0.00622	0.00180	0.03586	0.00456	0.00329	0.00921
31	0.01725	0.01934	0.03749	0.02763	0.03322	0.04485	0.50250	0.02221	0.01594	0.02179	0.01343	0.01855	0.01064	0.00764	0.01190	0.00259	0.17219	0.00794	0.00357	0.00934
32	0.00859	0.00736	0.00736	0.00736	0.00982	0.00614	0.00552	0.01043	0.01657	0.01964	0.07364	0.06996	0.69624	0.01841	0.00859	0.00245	0.00368	0.01534	0.00675	0.00614
33	0.01263	0.01014	0.06644	0.01146	0.01363	0.00806	0.00906	0.01578	0.05320	0.10027	0.03737	0.52786	0.06757	0.01895	0.00872	0.00277	0.00504	0.01692	0.00675	0.00739
34	0.02243	0.01721	0.01852	0.01636	0.04493	0.04416	0.01258	0.21933	0.36398	0.10145	0.02500	0.02481	0.01864	0.00953	0.00739	0.00235	0.00685	0.02566	0.00723	0.01159
35	0.02024	0.00963	0.01290	0.01083	0.01429	0.00856	0.00856	0.02339	0.02068	0.33006	0.39819	0.04112	0.04604	0.01225	0.00801	0.00227	0.00466	0.01054	0.00845	0.00932
36	0.01029	0.00743	0.00972	0.00914	0.01086	0.00686	0.00686	0.01372	0.02058	0.02915	0.69536	0.05430	0.06859	0.01486	0.00857	0.00229	0.00343	0.01315	0.00800	0.00686
37	0.02691	0.02900	0.02082	0.01788	0.02234	0.45140	0.01385	0.24659	0.05480	0.02777	0.01414	0.01519	0.01094	0.00801	0.00683	0.00200	0.01106	0.00547	0.00509	0.00989
38	0.02763	0.02036	0.02182	0.01672	0.02254	0.02254	0.01382	0.67496	0.03418	0.04581	0.01745	0.01745	0.01236	0.00873	0.00727	0.00218	0.00800	0.00654	0.00727	0.01236
39	0.03261	0.01237	0.01687	0.01293	0.01856	0.01068	0.01068	0.03543	0.02081	0.70423	0.02868	0.02474	0.01799	0.00900	0.00731	0.00225	0.00619	0.00731	0.00900	0.01237
40	0.01132	0.00936	0.01016	0.00962	0.01227	0.00920	0.00731	0.01807	0.17840	0.02473	0.22695	0.05554	0.36892	0.01542	0.00830	0.00241	0.00411	0.01305	0.00724	0.00762
41	0.02641	0.03270	0.02012	0.01814	0.02195	0.64649	0.01368	0.06501	0.02120	0.01946	0.01418	0.01572	0.03805	0.00801	0.00668	0.00191	0.01243	0.00523	0.00407	0.00856
42	0.03233	0.01283	0.01715	0.01315	0.01878	0.01136	0.01086	0.07182	0.02157	0.66676	0.02804	0.02433	0.01767	0.00898	0.00731	0.00225	0.00629	0.00727	0.00890	0.01237
43	0.01514	0.01436	0.02435	0.50152	0.26460	0.01652	0.02089	0.01981	0.01520	0.02028	0.01317	0.01892	0.01029	0.00701	0.00724	0.00234	0.00934	0.00647	0.00335	0.00921
44	0.01926	0.01620	0.01710	0.01503	0.01935	0.01863	0.01179	0.11697	0.60580	0.03230	0.02809	0.02593	0.02098	0.00972	0.00738	0.00243	0.00603	0.00801	0.00738	0.01161
45	0.02726	0.03157	0.02086	0.01830	0.02249	0.56603	0.01400	0.16825	0.02353	0.02383	0.01258	0.01404	0.01001	0.00776	0.00671	0.00194	0.01201	0.00508	0.00451	0.00928
46	0.79588	0.01406	0.01068	0.00956	0.01406	0.01631	0.00787	0.02137	0.01237	0.03261	0.01012	0.01181	0.00787	0.00675	0.00450	0.00225	0.00562	0.00394	0.00450	0.00787
47	0.01943	0.74891	0.03809	0.01244	0.01866	0.02876	0.01244	0.02177	0.01477	0.01710	0.01011	0.01166	0.00933	0.00622	0.00466	0.00155	0.00777	0.00389	0.00311	0.00933
48	0.00887	0.00737	0.00775	0.00766	0.00999	0.00626	0.00574	0.01097	0.01723	0.02120	0.17609	0.06738	0.59281	0.01782	0.00859	0.00243	0.00364	0.01498	0.00696	0.00626
49	0.01171	0.00837	0.01171	0.01339	0.01506	0.00837	0.01171	0.01506	0.01673	0.02175	0.03849	0.08199	0.04183	0.02008	0.01004	0.00335	0.00669	0.65027	0.00669	0.00669
50	0.02242	0.01464	0.01657	0.01424	0.01880	0.01587	0.01126	0.03767	0.48720	0.23183	0.02931	0.02641	0.02094	0.00960	0.00737	0.00240	0.00588	0.00795	0.00787	0.01176
51	0.00886	0.00633	0.00843	0.01012	0.01054	0.00590	0.00675	0.01012	0.01392	0.01856	0.04006	0.73979	0.04808	0.02277	0.00928	0.00295	0.00422	0.02066	0.00675	0.00590
52	0.01808	0.01561	0.01644	0.01479	0.01890	0.01808	0.01151	0.03863	0.68606	0.03041	0.02959	0.02712	0.02219	0.00986	0.00740	0.00247	0.00575	0.00822	0.00740	0.01151
53	0.03261	0.01237	0.01687	0.01293	0.01856	0.01068	0.01068	0.03543	0.02081	0.70423	0.02868	0.02474	0.01799	0.00900	0.00731	0.00225	0.00619	0.00731	0.00900	0.01237
54	0.64328	0.01531	0.01289	0.01098	0.01574	0.01755	0.00905	0.15119	0.01670	0.03524	0.01158	0.01293	0.00876	0.00714	0.00505	0.00224	0.00609	0.00445	0.00505	0.00876
55	0.03261	0.01237	0.01687	0.01293	0.01856	0.01068	0.01068	0.03543	0.02081	0.70423	0.02868	0.02474	0.01799	0.00900	0.00731	0.00225	0.00619	0.00731	0.00900	0.01237
56	0.03261	0.01237	0.01687	0.01293	0.01856	0.01068	0.01068	0.03543	0.02081	0.70423	0.02868	0.02474	0.01799	0.00900	0.00731	0.00225	0.00619	0.00731	0.00900	0.01237
57	0.01808	0.01561	0.01644	0.01479	0.01890	0.01808	0.01151	0.03863	0.68606	0.03041	0.02959	0.02712	0.02219	0.00986	0.00740	0.00247	0.00575	0.00822	0.00740	0.01151
58	0.03261	0.01237	0.01687	0.01293	0.01856	0.01068	0.01068	0.03543	0.02081	0.70423	0.02868	0.02474	0.01799	0.00900	0.00731	0.00225	0.00619	0.00731	0.00900	0.01237
59	0.00886	0.00633	0.00843	0.01012	0.01054	0.00590	0.00675	0.01012	0.01392	0.01856	0.04006	0.73979	0.04808	0.02277	0.00928	0.00295	0.00422	0.02066	0.00675	0.00590
60	0.01373	0.01292	0.02180	0.72707	0.05006	0.01615	0.02019	0.01857	0.01453	0.01857	0.01292	0.01938	0.00969	0.00727	0.00727	0.00242	0.00969	0.00646	0.00323	0.00807
61	0.79588	0.01406	0.01068	0.00956	0.01406	0.01631	0.00787	0.02137	0.01237	0.03261	0.01012	0.01181	0.00787	0.00675	0.00450	0.00225	0.00562	0.00394	0.00450	0.00787
62	0.03261	0.01237	0.01687	0.01293	0.01856	0.01068	0.01068	0.03543	0.02081	0.70423	0.02868	0.02474	0.01799	0.00900	0.00731	0.00225	0.00619	0.00731	0.00900	0.01237
63	0.03219	0.01412	0.01716	0.01339	0.01886	0.06598	0.01095	0.03492	0.02079	0.65036	0.02731	0.02383	0.01732	0.00888	0.00725	0.00222	0.00673	0.00710	0.00858	0.01206
64	0.01740	0.01342	0.01443	0.01293	0.01682	0.01464	0.01007	0.03193	0.46770	0.09595	0.03945	0.03656	0.17404	0.01171	0.00766	0.00244	0.00533	0.00974	0.00741	0.01038
65	0.00886	0.00633	0.00843	0.01012	0.01054	0.00590	0.00675	0.01012	0.01392	0.01856	0.04006	0.73979	0.04808	0.02277	0.00928	0.00295	0.00422	0.02066	0.00675	0.00590
66	0.01508	0.01430	0.02424	0.51121	0.25538	0.01650	0.02086	0.01975	0.01517	0.02021	0.01316	0.01894	0.01027	0.00702	0.00724	0.00234	0.00936	0.00647	0.00335	0.00916
67	0.02913	0.01418	0.01752	0.01363	0.01900	0.01369	0.01119	0.19746	0.04872	0.46181	0.05073	0.02568	0.04373	0.00951	0.00740	0.00225	0.00644	0.00765	0.00838	0.01191
68	0.03861	0.01329	0.02146	0.67270	0.04770	0.01644	0.01952	0.04834	0.01536	0.02024	0.01304	0.01906	0.00975	0.00732	0.00718	0.00241	0.00949	0.00639	0.00345	0.00826
69	0.00950	0.00676	0.00906	0.01067	0.01132	0.00645	0.00763	0.01112	0.01433	0.01899	0.03897	0.57783	0.04586	0.05488	0.01068	0.00322	0.00484	0.14527	0.00663	0.00599
70	0.01626	0.02334	0.19804	0.02748	0.03537	0.01763	0.49175	0.02278	0.01649	0.02294	0.01452	0.01899	0.01091	0.00841	0.03887	0.00282	0.01221	0.00779	0.00354	0.00988
71	0.01714	0.01641	0.02797	0.18018	0.57025	0.01705	0.02189	0.02157	0.01615	0.02272	0.01352	0.01827	0.01115	0.00663	0.00721	0.00221	0.00885	0.00647	0.00353	0.01083
72	0.47272	0.02081	0.09388	0.04488	0.01962	0.15510	0.01203	0.02387	0.03363	0.04862	0.01192	0.01364	0.00912	0.00709	0.00548	0.00219	0.00790	0.00459	0.00435	0.00856

[dist]
# distance from previous block
# <min> <max>
0	3

[block]
# block no. 7 follows, 28 sequences, length 7
# corresponding to MSA columns:
# 359-365
name=unknown_H
#
# <colnr> <probs for GDERKNQSTAVLIFYWHMCP>
#	G	D	E	R	K	N	Q	S	T	A	V	L	I	F	Y	W	H	M	C	P
0	0.08645	0.01575	0.01909	0.01892	0.12605	0.01668	0.01311	0.14631	0.23826	0.20728	0.02313	0.02212	0.01653	0.00865	0.00709	0.00229	0.00670	0.00707	0.00696	0.01159
1	0.08325	0.01653	0.01887	0.01940	0.13901	0.08422	0.01310	0.03235	0.21663	0.26513	0.02316	0.02212	0.01647	0.00849	0.00703	0.00226	0.00713	0.00692	0.00671	0.01123
2	0.01384	0.00813	0.01022	0.01000	0.01201	0.00743	0.00747	0.01584	0.01634	0.14100	0.12494	0.18804	0.17340	0.13798	0.01341	0.00337	0.00515	0.09746	0.00691	0.00707
3	0.09123	0.01117	0.01377	0.01197	0.01589	0.01047	0.00971	0.06388	0.01870	0.25259	0.09856	0.11702	0.02893	0.01252	0.00767	0.00239	0.00573	0.12241	0.00717	0.09820
4	0.00964	0.00729	0.00938	0.01002	0.01143	0.00685	0.00726	0.01157	0.01466	0.01961	0.08244	0.39154	0.15678	0.02536	0.12002	0.00411	0.00666	0.04802	0.00624	0.05112
5	0.10909	0.01235	0.01420	0.01211	0.01598	0.04069	0.00966	0.07042	0.03842	0.28249	0.08861	0.05687	0.06113	0.01837	0.13245	0.00395	0.00840	0.00842	0.00689	0.00951
6	0.01900	0.13003	0.38199	0.01724	0.02540	0.01765	0.01955	0.02749	0.12171	0.14376	0.01799	0.01834	0.01282	0.00764	0.00674	0.00221	0.00873	0.00595	0.00480	0.01095

[dist]
# distance from previous block
# <min> <max>
8	14

[block]
# block no. 8 follows, 28 sequences, length 35
# corresponding to MSA columns:
# 380-414
name=unknown_I
#
# <colnr> <probs for GDERKNQSTAVLIFYWHMCP>
#	G	D	E	R	K	N	Q	S	T	A	V	L	I	F	Y	W	H	M	C	P
0	0.13539	0.01399	0.01507	0.01279	0.01718	0.04071	0.01016	0.08161	0.16507	0.24234	0.02652	0.08352	0.04774	0.01173	0.03108	0.00262	0.00657	0.00821	0.00701	0.04070
1	0.03204	0.01250	0.01685	0.01301	0.01857	0.01098	0.01072	0.03555	0.04712	0.67757	0.02871	0.02484	0.01816	0.00903	0.00731	0.00226	0.00617	0.00735	0.00893	0.01234
2	0.00940	0.00677	0.00903	0.01064	0.01139	0.00639	0.00766	0.01110	0.01458	0.01923	0.04122	0.58258	0.07516	0.02206	0.00940	0.00301	0.00468	0.14291	0.00674	0.00607
3	0.02447	0.16166	0.02336	0.01675	0.02126	0.40267	0.01335	0.10818	0.11798	0.02293	0.01446	0.01541	0.01159	0.00775	0.00642	0.00194	0.01043	0.00528	0.00459	0.00952
4	0.01064	0.00709	0.00828	0.00833	0.00856	0.00721	0.00500	0.01111	0.01102	0.01515	0.02315	0.06740	0.02592	0.61462	0.10432	0.00713	0.00806	0.01043	0.04182	0.00478
5	0.01154	0.00800	0.01023	0.00951	0.01141	0.00756	0.00712	0.01562	0.05277	0.05425	0.60503	0.05151	0.06236	0.04934	0.00983	0.00252	0.00382	0.01256	0.00784	0.00718
6	0.02413	0.01513	0.01723	0.01396	0.01836	0.01596	0.01113	0.31507	0.09088	0.19176	0.02326	0.02848	0.01853	0.13635	0.01256	0.00312	0.00712	0.03918	0.00717	0.01063
7	0.01601	0.01528	0.02570	0.35322	0.32146	0.01687	0.05249	0.02183	0.06393	0.02184	0.01453	0.01936	0.01143	0.00706	0.00731	0.00232	0.00909	0.00670	0.00371	0.00986
8	0.79588	0.01406	0.01068	0.00956	0.01406	0.01631	0.00787	0.02137	0.01237	0.03261	0.01012	0.01181	0.00787	0.00675	0.00450	0.00225	0.00562	0.00394	0.00450	0.00787
9	0.68224	0.01748	0.11195	0.01118	0.01659	0.01639	0.01063	0.02161	0.01280	0.03122	0.01055	0.01232	0.00807	0.00677	0.00485	0.00226	0.00637	0.00414	0.00429	0.00829
10	0.01458	0.03760	0.70688	0.02072	0.03146	0.01688	0.02686	0.02302	0.01535	0.02302	0.01304	0.01535	0.00921	0.00691	0.00691	0.00230	0.01074	0.00537	0.00307	0.01074
11	0.00886	0.00633	0.00843	0.01012	0.01054	0.00590	0.00675	0.01012	0.01392	0.01856	0.04006	0.73979	0.04808	0.02277	0.00928	0.00295	0.00422	0.02066	0.00675	0.00590
12	0.00886	0.00633	0.00843	0.01012	0.01054	0.00590	0.00675	0.01012	0.01392	0.01856	0.04006	0.73979	0.04808	0.02277	0.00928	0.00295	0.00422	0.02066	0.00675	0.00590
13	0.01799	0.01727	0.02950	0.04462	0.69919	0.01727	0.02231	0.02231	0.01655	0.02375	0.01367	0.01799	0.01151	0.00648	0.00720	0.00216	0.00864	0.00648	0.00360	0.01151
14	0.01341	0.01249	0.02093	0.68017	0.04748	0.01548	0.01931	0.01802	0.01449	0.01857	0.01470	0.06651	0.01220	0.00828	0.00740	0.00246	0.00933	0.00739	0.00346	0.00793
15	0.01808	0.01561	0.01644	0.01479	0.01890	0.01808	0.01151	0.03863	0.68606	0.03041	0.02959	0.02712	0.02219	0.00986	0.00740	0.00247	0.00575	0.00822	0.00740	0.01151
16	0.01373	0.01292	0.02180	0.72707	0.05006	0.01615	0.02019	0.01857	0.01453	0.01857	0.01292	0.01938	0.00969	0.00727	0.00727	0.00242	0.00969	0.00646	0.00323	0.00807
17	0.01799	0.01727	0.02950	0.04462	0.69919	0.01727	0.02231	0.02231	0.01655	0.02375	0.01367	0.01799	0.01151	0.00648	0.00720	0.00216	0.00864	0.00648	0.00360	0.01151
18	0.79588	0.01406	0.01068	0.00956	0.01406	0.01631	0.00787	0.02137	0.01237	0.03261	0.01012	0.01181	0.00787	0.00675	0.00450	0.00225	0.00562	0.00394	0.00450	0.00787
19	0.02171	0.50270	0.03025	0.01218	0.01787	0.02235	0.01144	0.02419	0.01659	0.18414	0.05020	0.01942	0.04426	0.00784	0.00566	0.00180	0.00700	0.00566	0.00493	0.00981
20	0.00886	0.00633	0.00843	0.01012	0.01054	0.00590	0.00675	0.01012	0.01392	0.01856	0.04006	0.73979	0.04808	0.02277	0.00928	0.00295	0.00422	0.02066	0.00675	0.00590
21	0.01590	0.01590	0.02226	0.01908	0.01908	0.02226	0.01590	0.01749	0.01113	0.01749	0.00954	0.01590	0.00954	0.01272	0.02385	0.00318	0.73123	0.00636	0.00318	0.00795
22	0.04360	0.00662	0.00952	0.00947	0.00965	0.00671	0.00637	0.00994	0.00958	0.01342	0.01253	0.02169	0.01244	0.02452	0.02746	0.75742	0.00629	0.00622	0.00321	0.00334
23	0.01799	0.01727	0.02950	0.04462	0.69919	0.01727	0.02231	0.02231	0.01655	0.02375	0.01367	0.01799	0.01151	0.00648	0.00720	0.00216	0.00864	0.00648	0.00360	0.01151
24	0.01701	0.01932	0.04197	0.06096	0.03852	0.01829	0.64438	0.02308	0.01704	0.02308	0.01463	0.01960	0.01097	0.00618	0.00852	0.00245	0.01214	0.00849	0.00366	0.00973
25	0.01029	0.00743	0.00972	0.00914	0.01086	0.00686	0.00686	0.01372	0.02058	0.02915	0.69536	0.05430	0.06859	0.01486	0.00857	0.00229	0.00343	0.01315	0.00800	0.00686
26	0.02763	0.02036	0.02182	0.01672	0.02254	0.02254	0.01382	0.67496	0.03418	0.04581	0.01745	0.01745	0.01236	0.00873	0.00727	0.00218	0.00800	0.00654	0.00727	0.01236
27	0.01057	0.00705	0.00793	0.00793	0.00793	0.00705	0.00440	0.01057	0.01057	0.01409	0.02290	0.04757	0.02643	0.74454	0.03700	0.00705	0.00705	0.01057	0.00440	0.00440
28	0.02476	0.02829	0.02092	0.02052	0.09238	0.47252	0.01444	0.11730	0.04303	0.02265	0.01354	0.01579	0.01106	0.01102	0.05788	0.00267	0.01215	0.00547	0.00435	0.00926
29	0.00913	0.00769	0.00796	0.00783	0.01028	0.00667	0.00589	0.01186	0.04268	0.02104	0.13671	0.06668	0.60500	0.01771	0.00854	0.00244	0.00374	0.01484	0.00691	0.00642
30	0.02684	0.06448	0.02139	0.01838	0.02231	0.65908	0.01397	0.05394	0.02088	0.01886	0.01143	0.01322	0.00948	0.00748	0.00650	0.00187	0.01268	0.00472	0.00386	0.00862
31	0.02701	0.02005	0.02146	0.01660	0.02230	0.02225	0.01367	0.63333	0.07682	0.04480	0.01825	0.01808	0.01300	0.00880	0.00728	0.00220	0.00785	0.00665	0.00728	0.01231
32	0.02401	0.14654	0.02310	0.01859	0.06525	0.47373	0.01374	0.02765	0.07125	0.01945	0.01318	0.01489	0.01090	0.00745	0.00629	0.00188	0.01096	0.00504	0.03716	0.00895
33	0.07649	0.00745	0.00973	0.00978	0.01043	0.00763	0.00670	0.03297	0.01142	0.01656	0.01817	0.15773	0.01946	0.05058	0.02246	0.51894	0.00595	0.00900	0.00413	0.00442
34	0.01716	0.01961	0.04289	0.03064	0.03799	0.01838	0.67279	0.02328	0.01716	0.02328	0.01471	0.01961	0.01103	0.00613	0.00858	0.00245	0.01225	0.00858	0.00368	0.00980

[dist]
# distance from previous block
# <min> <max>
0	1

[block]
# block no. 9 follows, 28 sequences, length 37
# corresponding to MSA columns:
# 416-434,463-480
name=unknown_J
#
# <colnr> <probs for GDERKNQSTAVLIFYWHMCP>
#	G	D	E	R	K	N	Q	S	T	A	V	L	I	F	Y	W	H	M	C	P
0	0.01020	0.00743	0.00960	0.00905	0.01081	0.00682	0.00679	0.01355	0.02037	0.02866	0.66330	0.05511	0.10095	0.01504	0.00857	0.00229	0.00344	0.01326	0.00794	0.00682
1	0.01058	0.00756	0.00943	0.00888	0.01086	0.00682	0.00669	0.01365	0.01974	0.04666	0.54546	0.05673	0.19900	0.01544	0.00854	0.00232	0.00356	0.01344	0.00777	0.00687
2	0.02388	0.01032	0.01394	0.01164	0.01557	0.00908	0.00921	0.02659	0.01969	0.44515	0.18140	0.14220	0.03411	0.01246	0.00790	0.00237	0.00526	0.01070	0.00842	0.01012
3	0.01842	0.01809	0.02908	0.04339	0.66718	0.05030	0.02192	0.02263	0.01674	0.02347	0.01356	0.01776	0.01141	0.00652	0.00717	0.00215	0.00885	0.00639	0.00361	0.01137
