[name]
unknown

[dist]
# distance from previous block
# <min> <max>
0	23

[block]
# block no. 0 follows, 28 sequences, length 178
# corresponding to MSA columns:
# 23-200
name=unknown_A
#
# <colnr> <probs for GDERKNQSTAVLIFYWHMCP>
#	G	D	E	R	K	N	Q	S	T	A	V	L	I	F	Y	W	H	M	C	P
0	0.01513	0.14392	0.55998	0.01898	0.02845	0.01814	0.02368	0.02231	0.01535	0.02204	0.01425	0.01911	0.01135	0.00766	0.00677	0.00226	0.01003	0.04702	0.00331	0.01026
1	0.02096	0.01660	0.06547	0.02439	0.24051	0.01573	0.01583	0.03082	0.25058	0.18228	0.02342	0.02462	0.01755	0.00870	0.00737	0.00233	0.00714	0.02799	0.00623	0.01150
2	0.08218	0.01248	0.01647	0.01271	0.01826	0.01105	0.01050	0.03451	0.02026	0.66061	0.02747	0.02390	0.01734	0.00885	0.00713	0.00225	0.00615	0.00709	0.00870	0.01208
3	0.00938	0.00685	0.00889	0.01029	0.01102	0.00652	0.00707	0.01161	0.04127	0.01969	0.07334	0.63652	0.06651	0.02165	0.00917	0.00290	0.00430	0.03997	0.00683	0.00621
4	0.04061	0.05864	0.63694	0.02100	0.05587	0.01725	0.02560	0.02290	0.01528	0.02318	0.01288	0.01521	0.00926	0.00686	0.00677	0.00227	0.01040	0.00532	0.00314	0.01063
5	0.01124	0.00697	0.00913	0.01008	0.01091	0.00649	0.00679	0.01247	0.01409	0.08004	0.03670	0.58102	0.04241	0.11956	0.01286	0.00344	0.00478	0.01808	0.00663	0.00629
6	0.01140	0.00768	0.01007	0.00933	0.01124	0.00705	0.00705	0.01480	0.02059	0.06292	0.66201	0.05282	0.06606	0.01457	0.00851	0.00228	0.00357	0.01285	0.00805	0.00713
7	0.01757	0.01685	0.02875	0.11142	0.63565	0.01716	0.02210	0.02194	0.01635	0.02324	0.01360	0.01813	0.01134	0.00655	0.00720	0.00218	0.00874	0.00648	0.00356	0.01118
8	0.01779	0.01807	0.02682	0.07711	0.10035	0.06548	0.14180	0.06754	0.01541	0.02144	0.01192	0.01703	0.01025	0.00974	0.01554	0.00272	0.36158	0.00671	0.00366	0.00906
9	0.74599	0.01447	0.01141	0.01002	0.01461	0.01671	0.00826	0.06381	0.01379	0.03347	0.01060	0.01217	0.00816	0.00688	0.00468	0.00224	0.00578	0.00411	0.00468	0.00816
10	0.02581	0.01232	0.01568	0.01268	0.01728	0.01165	0.01022	0.08849	0.08972	0.42980	0.15078	0.05285	0.02819	0.01058	0.00761	0.00229	0.00573	0.00884	0.00842	0.01106
11	0.01899	0.01572	0.01669	0.01482	0.01905	0.01804	0.01158	0.06724	0.63454	0.05348	0.02901	0.02660	0.02161	0.00978	0.00739	0.00245	0.00587	0.00811	0.00744	0.01157
12	0.00894	0.00645	0.00850	0.01011	0.01067	0.00600	0.00686	0.01031	0.01414	0.01872	0.04160	0.68517	0.07850	0.02247	0.00927	0.00294	0.00428	0.04238	0.00675	0.00594
13	0.00893	0.00638	0.00850	0.01007	0.01056	0.00595	0.00675	0.01030	0.01425	0.01909	0.07285	0.70550	0.04910	0.02238	0.00924	0.00292	0.00418	0.02029	0.00681	0.00595
14	0.00941	0.00656	0.00827	0.00942	0.00970	0.00627	0.00599	0.01027	0.01284	0.01712	0.03454	0.51701	0.04111	0.25507	0.01820	0.00427	0.00513	0.01742	0.00599	0.00542
15	0.00886	0.00633	0.00843	0.01012	0.01054	0.00590	0.00675	0.01012	0.01392	0.01856	0.04006	0.73979	0.04808	0.02277	0.00928	0.00295	0.00422	0.02066	0.00675	0.00590
16	0.01943	0.74891	0.03809	0.01244	0.01866	0.02876	0.01244	0.02177	0.01477	0.01710	0.01011	0.01166	0.00933	0.00622	0.00466	0.00155	0.00777	0.00389	0.00311	0.00933
17	0.01030	0.00742	0.00965	0.00910	0.01075	0.00687	0.00677	0.01360	0.02020	0.02858	0.66979	0.05404	0.06698	0.04261	0.00965	0.00247	0.00357	0.01305	0.00787	0.00677
18	0.01507	0.01292	0.01507	0.01077	0.01723	0.00969	0.00861	0.01830	0.01507	0.02369	0.01292	0.01507	0.01077	0.00538	0.00538	0.00108	0.00538	0.00431	0.00431	0.78898
19	0.01663	0.01873	0.04061	0.02926	0.03616	0.01763	0.62631	0.02247	0.01685	0.02289	0.01570	0.04292	0.01248	0.00850	0.03549	0.00282	0.01227	0.00893	0.00378	0.00955
20	0.01336	0.01181	0.01404	0.01322	0.01459	0.07597	0.01025	0.03856	0.01312	0.01781	0.01753	0.02676	0.01671	0.11002	0.45813	0.00875	0.12101	0.00752	0.00395	0.00689
21	0.01844	0.01580	0.01664	0.01487	0.01904	0.01825	0.01159	0.06282	0.66127	0.03099	0.02912	0.02675	0.02182	0.00982	0.00739	0.00245	0.00584	0.00815	0.00739	0.01154
22	0.00910	0.00648	0.00864	0.01027	0.01076	0.00610	0.00701	0.01046	0.01400	0.01863	0.03943	0.67467	0.04700	0.04470	0.01018	0.00310	0.00447	0.06240	0.00667	0.00591
23	0.00934	0.00724	0.00827	0.00828	0.01003	0.00643	0.00596	0.01143	0.01693	0.02192	0.25789	0.13673	0.36371	0.08963	0.01147	0.00291	0.00400	0.01477	0.00691	0.00616
24	0.72057	0.01389	0.01129	0.00989	0.01450	0.01575	0.00815	0.02275	0.01320	0.09888	0.01195	0.01308	0.00887	0.00697	0.00478	0.00225	0.00568	0.00427	0.00494	0.00832
25	0.00865	0.00737	0.00745	0.00743	0.00986	0.00616	0.00557	0.01055	0.01672	0.01999	0.09679	0.06937	0.67287	0.01828	0.00859	0.00245	0.00367	0.01526	0.00680	0.00616
26	0.01943	0.74891	0.03809	0.01244	0.01866	0.02876	0.01244	0.02177	0.01477	0.01710	0.01011	0.01166	0.00933	0.00622	0.00466	0.00155	0.00777	0.00389	0.00311	0.00933
27	0.01808	0.01561	0.01644	0.01479	0.01890	0.01808	0.01151	0.03863	0.68606	0.03041	0.02959	0.02712	0.02219	0.00986	0.00740	0.00247	0.00575	0.00822	0.00740	0.01151
28	0.01652	0.01854	0.03973	0.02878	0.03538	0.01763	0.60260	0.02215	0.01672	0.02275	0.01633	0.07059	0.01361	0.00754	0.00916	0.00251	0.03677	0.00936	0.00388	0.00946
29	0.01199	0.00825	0.01113	0.01196	0.01387	0.00795	0.01013	0.01520	0.01768	0.05076	0.17684	0.07290	0.10387	0.01841	0.00950	0.00300	0.00573	0.43686	0.00706	0.00691
30	0.01055	0.00709	0.00815	0.00812	0.00826	0.00711	0.00469	0.01081	0.01111	0.01495	0.05642	0.04722	0.02824	0.68334	0.05987	0.00697	0.00731	0.01060	0.00457	0.00460
31	0.02360	0.01690	0.01868	0.01498	0.01970	0.01855	0.01211	0.44685	0.08916	0.07825	0.02150	0.02332	0.03599	0.05590	0.08701	0.00354	0.00876	0.00738	0.00684	0.01100
32	0.01614	0.01012	0.01258	0.01088	0.01380	0.00984	0.00849	0.10277	0.04558	0.13276	0.48490	0.04418	0.05215	0.01302	0.00818	0.00227	0.00451	0.01125	0.00804	0.00856
33	0.79588	0.01406	0.01068	0.00956	0.01406	0.01631	0.00787	0.02137	0.01237	0.03261	0.01012	0.01181	0.00787	0.00675	0.00450	0.00225	0.00562	0.00394	0.00450	0.00787
34	0.01507	0.01292	0.01507	0.01077	0.01723	0.00969	0.00861	0.01830	0.01507	0.02369	0.01292	0.01507	0.01077	0.00538	0.00538	0.00108	0.00538	0.00431	0.00431	0.78898
35	0.02549	0.06459	0.04573	0.01408	0.01893	0.15995	0.01175	0.11961	0.02152	0.27960	0.07029	0.02405	0.04392	0.00913	0.00696	0.00209	0.00770	0.00705	0.05728	0.01030
36	0.01057	0.00705	0.00793	0.00793	0.00793	0.00705	0.00440	0.01057	0.01057	0.01409	0.02290	0.04757	0.02643	0.74454	0.03700	0.00705	0.00705	0.01057	0.00440	0.00440
37	0.01827	0.01795	0.02975	0.04318	0.64954	0.04089	0.04840	0.02258	0.01671	0.02353	0.01363	0.01789	0.01142	0.00650	0.00723	0.00216	0.00893	0.00650	0.00361	0.01134
38	0.79588	0.01406	0.01068	0.00956	0.01406	0.01631	0.00787	0.02137	0.01237	0.03261	0.01012	0.01181	0.00787	0.00675	0.00450	0.00225	0.00562	0.00394	0.00450	0.00787
39	0.00894	0.00734	0.00787	0.00782	0.01005	0.00627	0.00583	0.01107	0.01726	0.02147	0.19494	0.09227	0.54792	0.01788	0.00861	0.00244	0.00365	0.01511	0.00700	0.00627
40	0.01799	0.01727	0.02950	0.04462	0.69919	0.01727	0.02231	0.02231	0.01655	0.02375	0.01367	0.01799	0.01151	0.00648	0.00720	0.00216	0.00864	0.00648	0.00360	0.01151
41	0.01171	0.00837	0.01171	0.01339	0.01506	0.00837	0.01171	0.01506	0.01673	0.02175	0.03849	0.08199	0.04183	0.02008	0.01004	0.00335	0.00669	0.65027	0.00669	0.00669
42	0.00859	0.00736	0.00736	0.00736	0.00982	0.00614	0.00552	0.01043	0.01657	0.01964	0.07364	0.06996	0.69624	0.01841	0.00859	0.00245	0.00368	0.01534	0.00675	0.00614
43	0.01507	0.01292	0.01507	0.01077	0.01723	0.00969	0.00861	0.01830	0.01507	0.02369	0.01292	0.01507	0.01077	0.00538	0.00538	0.00108	0.00538	0.00431	0.00431	0.78898
44	0.01507	0.01292	0.01507	0.01077	0.01723	0.00969	0.00861	0.01830	0.01507	0.02369	0.01292	0.01507	0.01077	0.00538	0.00538	0.00108	0.00538	0.00431	0.00431	0.78898
45	0.79588	0.01406	0.01068	0.00956	0.01406	0.01631	0.00787	0.02137	0.01237	0.03261	0.01012	0.01181	0.00787	0.00675	0.00450	0.00225	0.00562	0.00394	0.00450	0.00787
46	0.01257	0.01037	0.01191	0.01004	0.01386	0.00913	0.00777	0.01781	0.10460	0.02533	0.23659	0.04077	0.18182	0.01174	0.00733	0.00193	0.00446	0.00996	0.00638	0.27563
47	0.01590	0.01590	0.02226	0.01908	0.01908	0.02226	0.01590	0.01749	0.01113	0.01749	0.00954	0.01590	0.00954	0.01272	0.02385	0.00318	0.73123	0.00636	0.00318	0.00795
48	0.01046	0.00700	0.00796	0.00807	0.00810	0.00697	0.00456	0.01054	0.01079	0.01438	0.02402	0.09252	0.02783	0.69767	0.03520	0.00678	0.00686	0.01123	0.00456	0.00450
49	0.00988	0.00734	0.00905	0.00874	0.01044	0.00668	0.00642	0.01266	0.01878	0.02569	0.49110	0.08953	0.19573	0.06336	0.01046	0.00266	0.00375	0.01379	0.00745	0.00650
50	0.01131	0.00818	0.01097	0.01071	0.01182	0.00910	0.00780	0.04531	0.01245	0.01742	0.02049	0.03418	0.02057	0.27666	0.45953	0.00970	0.01486	0.00863	0.00423	0.00611
51	0.01038	0.00779	0.01168	0.01168	0.01298	0.00909	0.00909	0.01298	0.01168	0.01687	0.01947	0.02856	0.01817	0.05452	0.71573	0.01168	0.01947	0.00779	0.00389	0.00649
52	0.02796	0.01984	0.02149	0.01648	0.02228	0.02177	0.01361	0.63343	0.03331	0.08857	0.01818	0.01793	0.01273	0.00874	0.00727	0.00219	0.00788	0.00659	0.00738	0.01236
53	0.02700	0.01959	0.02120	0.01620	0.02205	0.02128	0.01337	0.60932	0.03246	0.06805	0.01756	0.01756	0.01246	0.00852	0.00715	0.00211	0.00776	0.00643	0.00714	0.06280
54	0.02782	0.02006	0.02163	0.01658	0.02239	0.02209	0.01370	0.65064	0.03367	0.07085	0.01788	0.01773	0.01258	0.00874	0.00727	0.00218	0.00793	0.00657	0.00734	0.01236
55	0.02465	0.02228	0.01936	0.01640	0.02105	0.21523	0.01291	0.24020	0.24613	0.07557	0.02046	0.01992	0.01515	0.00877	0.00711	0.00219	0.00857	0.00663	0.00643	0.01097
56	0.01390	0.01309	0.02211	0.69980	0.07600	0.01619	0.02027	0.01872	0.01462	0.01878	0.01295	0.01932	0.00976	0.00724	0.00726	0.00241	0.00965	0.00646	0.00324	0.00821
57	0.05396	0.57537	0.14555	0.01380	0.02067	0.02605	0.01463	0.04364	0.01540	0.01972	0.01083	0.01246	0.00934	0.00644	0.00511	0.00173	0.00817	0.00422	0.00330	0.00959
58	0.79588	0.01406	0.01068	0.00956	0.01406	0.01631	0.00787	0.02137	0.01237	0.03261	0.01012	0.01181	0.00787	0.00675	0.00450	0.00225	0.00562	0.00394	0.00450	0.00787
59	0.02037	0.01890	0.02606	0.11590	0.44099	0.10605	0.01959	0.07455	0.01849	0.06830	0.01455	0.01793	0.01152	0.00704	0.00714	0.00216	0.00912	0.00631	0.00421	0.01085
60	0.01511	0.09294	0.56373	0.02109	0.05216	0.01763	0.06681	0.02260	0.01563	0.02278	0.03545	0.01669	0.01137	0.00705	0.00690	0.00225	0.01029	0.00575	0.00329	0.01046
61	0.01057	0.00705	0.00793	0.00793	0.00793	0.00705	0.00440	0.01057	0.01057	0.01409	0.02290	0.04757	0.02643	0.74454	0.03700	0.00705	0.00705	0.01057	0.00440	0.00440
62	0.02763	0.02036	0.02182	0.01672	0.02254	0.02254	0.01382	0.67496	0.03418	0.04581	0.01745	0.01745	0.01236	0.00873	0.00727	0.00218	0.00800	0.00654	0.00727	0.01236
63	0.01507	0.01292	0.01507	0.01077	0.01723	0.00969	0.00861	0.01830	0.01507	0.02369	0.01292	0.01507	0.01077	0.00538	0.00538	0.00108	0.00538	0.00431	0.00431	0.78898
64	0.01026	0.00862	0.00908	0.00887	0.01147	0.00804	0.00679	0.01503	0.11450	0.02212	0.11909	0.06291	0.51450	0.01693	0.00848	0.00248	0.00410	0.04277	0.00695	0.00701
65	0.01076	0.00873	0.00970	0.00923	0.01168	0.00834	0.00699	0.01622	0.12674	0.02489	0.29524	0.05724	0.35586	0.01572	0.00839	0.00239	0.00393	0.01338	0.00732	0.00727
66	0.74632	0.01395	0.01109	0.00978	0.01435	0.01594	0.00805	0.02228	0.01292	0.07623	0.01133	0.01265	0.00853	0.00689	0.00468	0.00225	0.00566	0.00416	0.00479	0.00816
67	0.01057	0.00705	0.00793	0.00793	0.00793	0.00705	0.00440	0.01057	0.01057	0.01409	0.02290	0.04757	0.02643	0.74454	0.03700	0.00705	0.00705	0.01057	0.00440	0.00440
68	0.01057	0.00705	0.00793	0.00793	0.00793	0.00705	0.00440	0.01057	0.01057	0.01409	0.02290	0.04757	0.02643	0.74454	0.03700	0.00705	0.00705	0.01057	0.00440	0.00440
69	0.00964	0.00742	0.00868	0.00848	0.01040	0.00662	0.00633	0.01217	0.01806	0.02382	0.36006	0.06166	0.33230	0.06397	0.01049	0.00271	0.00390	0.03974	0.00718	0.00638
70	0.01894	0.56902	0.09947	0.01367	0.01964	0.07407	0.01366	0.02169	0.01490	0.01758	0.01109	0.01405	0.01018	0.04353	0.00727	0.00198	0.03242	0.00450	0.00322	0.00911
71	0.02488	0.01179	0.01515	0.01238	0.01677	0.01105	0.00993	0.06195	0.09439	0.42052	0.17251	0.06329	0.03044	0.01097	0.00768	0.00231	0.00555	0.00923	0.00842	0.01079
72	0.45354	0.01567	0.01376	0.01156	0.01625	0.04790	0.00940	0.15499	0.03621	0.05527	0.01393	0.01513	0.01051	0.00737	0.00542	0.00211	0.00629	0.00495	0.06002	0.05970
73	0.01488	0.01274	0.01514	0.04006	0.01834	0.01034	0.00922	0.01916	0.05611	0.02353	0.01491	0.03667	0.01270	0.00779	0.02831	0.00161	0.00600	0.00520	0.00451	0.66279
74	0.02763	0.02036	0.02182	0.01672	0.02254	0.02254	0.01382	0.67496	0.03418	0.04581	0.01745	0.01745	0.01236	0.00873	0.00727	0.00218	0.00800	0.00654	0.00727	0.01236
75	0.01557	0.03090	0.46421	0.02524	0.07678	0.01736	0.21984	0.02305	0.01597	0.02315	0.01358	0.01679	0.00990	0.00665	0.00743	0.00234	0.01106	0.00640	0.00329	0.01051
76	0.01029	0.00743	0.00972	0.00914	0.01086	0.00686	0.00686	0.01372	0.02058	0.02915	0.69536	0.05430	0.06859	0.01486	0.00857	0.00229	0.00343	0.01315	0.00800	0.00686
77	0.00871	0.00737	0.00753	0.00749	0.00989	0.00619	0.00562	0.01067	0.01686	0.02033	0.11864	0.06882	0.65082	0.01815	0.00859	0.00244	0.00366	0.01518	0.00684	0.00619
78	0.01022	0.00743	0.00963	0.00908	0.01082	0.00683	0.00681	0.01359	0.02042	0.02879	0.67179	0.05489	0.09238	0.01500	0.00857	0.00229	0.00344	0.01323	0.00795	0.00683
79	0.01412	0.01332	0.02251	0.66395	0.11010	0.01625	0.02038	0.01892	0.01472	0.01905	0.01299	0.01925	0.00986	0.00719	0.00726	0.00240	0.00959	0.00646	0.00326	0.00839
80	0.01679	0.01607	0.02763	0.19870	0.50751	0.01677	0.04309	0.02126	0.01612	0.02249	0.01433	0.02040	0.01205	0.00708	0.00735	0.00227	0.00893	0.02704	0.00362	0.01052
81	0.01263	0.00631	0.00947	0.00947	0.00947	0.00631	0.00631	0.00947	0.00947	0.01263	0.01263	0.02210	0.01263	0.02525	0.02841	0.78851	0.00631	0.00631	0.00316	0.00316
82	0.04611	0.46614	0.03040	0.01416	0.01938	0.22718	0.01255	0.02425	0.04203	0.01868	0.03294	0.01403	0.01166	0.00702	0.00544	0.00173	0.00904	0.00458	0.00366	0.00902
83	0.01919	0.01700	0.03076	0.04517	0.02966	0.01639	0.35826	0.08345	0.04380	0.10339	0.01767	0.04836	0.01372	0.00770	0.00845	0.00228	0.03702	0.00805	0.00492	0.10476
84	0.01630	0.02074	0.13028	0.08613	0.12118	0.01735	0.42128	0.02222	0.01649	0.02274	0.01521	0.04757	0.01221	0.00704	0.00809	0.00241	0.01106	0.00818	0.00367	0.00986
85	0.01608	0.25690	0.50068	0.01817	0.02751	0.02054	0.02241	0.02263	0.01517	0.02120	0.01214	0.01421	0.00925	0.00669	0.00621	0.00207	0.00983	0.00491	0.00308	0.01031
86	0.01443	0.03655	0.68255	0.02031	0.03074	0.01653	0.02616	0.02270	0.01553	0.02323	0.03686	0.01671	0.01128	0.00718	0.00696	0.00230	0.01049	0.00564	0.00324	0.01061
87	0.01363	0.01142	0.01844	0.52105	0.03865	0.01395	0.01642	0.01703	0.01375	0.01857	0.01389	0.02047	0.01106	0.01021	0.01071	0.11694	0.03447	0.00647	0.08566	0.00722
88	0.00919	0.00646	0.00834	0.00970	0.01004	0.00612	0.00630	0.01021	0.01327	0.01770	0.03676	0.60667	0.04391	0.16158	0.01461	0.00374	0.00476	0.01872	0.00630	0.00562
89	0.03373	0.00824	0.01001	0.00931	0.01163	0.00761	0.00707	0.01573	0.04069	0.08473	0.43449	0.08094	0.19820	0.01507	0.00835	0.00235	0.00389	0.01302	0.00764	0.00731
90	0.01819	0.01721	0.02891	0.07083	0.64760	0.01743	0.02190	0.04690	0.01714	0.02438	0.01379	0.01803	0.01147	0.00659	0.00720	0.00217	0.00865	0.00648	0.00372	0.01141
91	0.00982	0.00712	0.00929	0.00953	0.01087	0.00659	0.00695	0.01250	0.01818	0.02514	0.43843	0.26941	0.08952	0.01768	0.00885	0.00254	0.00381	0.03974	0.00751	0.00652
92	0.02397	0.01800	0.01966	0.01527	0.02074	0.01921	0.01246	0.50270	0.04775	0.03973	0.01823	0.05187	0.01427	0.01042	0.03046	0.00237	0.00773	0.00695	0.00668	0.13152
93	0.01471	0.03670	0.67366	0.02121	0.03179	0.01696	0.05917	0.02303	0.01544	0.02303	0.01313	0.01556	0.00930	0.00687	0.00699	0.00231	0.01082	0.00553	0.00310	0.01070
94	0.01482	0.07318	0.67342	0.02030	0.03082	0.01748	0.02614	0.02296	0.01532	0.02272	0.01290	0.01516	0.00921	0.00687	0.00679	0.00226	0.01059	0.00530	0.00307	0.01067
95	0.01470	0.03687	0.68263	0.02157	0.05536	0.01690	0.02669	0.02299	0.01539	0.02305	0.01307	0.01544	0.00929	0.00689	0.00692	0.00230	0.01067	0.00541	0.00309	0.01077
96	0.05990	0.08642	0.59319	0.01920	0.02907	0.01747	0.02413	0.02331	0.01534	0.04897	0.01326	0.01524	0.00947	0.00693	0.00662	0.00224	0.01007	0.00526	0.00338	0.01054
97	0.01575	0.03596	0.66196	0.02021	0.03062	0.01648	0.02580	0.02383	0.01570	0.06737	0.01406	0.01596	0.00978	0.00704	0.00693	0.00230	0.01045	0.00550	0.00346	0.01085
98	0.01425	0.01320	0.02180	0.70061	0.04904	0.01639	0.01995	0.04302	0.01527	0.01959	0.01309	0.01931	0.00979	0.00732	0.00727	0.00241	0.00963	0.00646	0.00338	0.00823
99	0.01041	0.00770	0.01126	0.01126	0.01241	0.00886	0.00856	0.01271	0.01156	0.01656	0.01986	0.03069	0.01910	0.13197	0.63955	0.01116	0.01808	0.00810	0.00395	0.00626
100	0.02339	0.01450	0.01682	0.06958	0.02020	0.01541	0.01139	0.30483	0.04418	0.16770	0.04534	0.02284	0.01699	0.00886	0.00683	0.00211	0.00649	0.00703	0.18496	0.01053
101	0.01680	0.04577	0.07145	0.05655	0.03600	0.01801	0.55866	0.02271	0.01678	0.02305	0.01484	0.01949	0.01121	0.00633	0.00813	0.00237	0.01147	0.00808	0.04269	0.00961
102	0.06690	0.01271	0.01675	0.01291	0.01848	0.01133	0.01066	0.05586	0.02087	0.65222	0.02747	0.02392	0.01735	0.00889	0.00718	0.00225	0.00622	0.00713	0.00874	0.01217
103	0.01021	0.00743	0.00961	0.00906	0.01081	0.00682	0.00680	0.01356	0.02039	0.02870	0.66597	0.05504	0.09826	0.01503	0.00857	0.00229	0.00344	0.01325	0.00794	0.00682
104	0.01606	0.01512	0.02558	0.33246	0.40422	0.01649	0.02091	0.02057	0.01566	0.02165	0.01365	0.01884	0.01095	0.00687	0.00716	0.00226	0.00893	0.00648	0.02622	0.00992
105	0.02512	0.02372	0.02246	0.05458	0.11059	0.22932	0.01536	0.34012	0.02599	0.03216	0.01457	0.01625	0.01111	0.00816	0.00771	0.00214	0.03859	0.00597	0.00539	0.01069
106	0.00950	0.00661	0.00883	0.01031	0.01082	0.00629	0.00713	0.01069	0.01378	0.01831	0.03728	0.57857	0.04403	0.07441	0.01231	0.04259	0.00481	0.09160	0.00639	0.00575
107	0.01458	0.03760	0.70688	0.02072	0.03146	0.01688	0.02686	0.02302	0.01535	0.02302	0.01304	0.01535	0.00921	0.00691	0.00691	0.00230	0.01074	0.00537	0.00307	0.01074
108	0.01057	0.00705	0.00793	0.00793	0.00793	0.00705	0.00440	0.01057	0.01057	0.01409	0.02290	0.04757	0.02643	0.74454	0.03700	0.00705	0.00705	0.01057	0.00440	0.00440
109	0.01943	0.74891	0.03809	0.01244	0.01866	0.02876	0.01244	0.02177	0.01477	0.01710	0.01011	0.01166	0.00933	0.00622	0.00466	0.00155	0.00777	0.00389	0.00311	0.00933
110	0.01529	0.01451	0.02462	0.47702	0.28790	0.01656	0.02096	0.01994	0.01527	0.02047	0.01320	0.01887	0.01036	0.00698	0.00724	0.00233	0.00930	0.00647	0.00336	0.00934
111	0.01654	0.02009	0.09729	0.02355	0.02822	0.06300	0.31263	0.02084	0.01487	0.02047	0.01344	0.01950	0.01140	0.04734	0.04608	0.00326	0.22167	0.00743	0.00352	0.00885
112	0.00886	0.00633	0.00843	0.01012	0.01054	0.00590	0.00675	0.01012	0.01392	0.01856	0.04006	0.73979	0.04808	0.02277	0.00928	0.00295	0.00422	0.02066	0.00675	0.00590
113	0.79588	0.01406	0.01068	0.00956	0.01406	0.01631	0.00787	0.02137	0.01237	0.03261	0.01012	0.01181	0.00787	0.00675	0.00450	0.00225	0.00562	0.00394	0.00450	0.00787
114	0.01507	0.01292	0.01507	0.01077	0.01723	0.00969	0.00861	0.01830	0.01507	0.02369	0.01292	0.01507	0.01077	0.00538	0.00538	0.00108	0.00538	0.00431	0.00431	0.78898
115	0.01038	0.00779	0.01168	0.01168	0.01298	0.00909	0.00909	0.01298	0.01168	0.01687	0.01947	0.02856	0.01817	0.05452	0.71573	0.01168	0.01947	0.00779	0.00389	0.00649
116	0.02586	0.12533	0.02174	0.01610	0.02069	0.35785	0.01280	0.05644	0.11567	0.15264	0.01731	0.01733	0.01297	0.00799	0.00659	0.00200	0.00979	0.00566	0.00533	0.00991
117	0.00904	0.00663	0.00894	0.03909	0.01212	0.00633	0.00725	0.01047	0.01403	0.01859	0.04010	0.68797	0.06841	0.02200	0.00917	0.00291	0.00442	0.01991	0.00661	0.00600
118	0.06199	0.16229	0.02448	0.01677	0.04321	0.13050	0.01358	0.39741	0.02674	0.03462	0.01461	0.01542	0.01107	0.00789	0.00653	0.00202	0.00865	0.00562	0.00568	0.01093
119	0.01639	0.04704	0.03660	0.12096	0.03595	0.01851	0.46836	0.02156	0.01597	0.02164	0.01454	0.04180	0.01180	0.00751	0.00989	0.00250	0.08784	0.00826	0.00364	0.00923
120	0.01104	0.00868	0.01148	0.01141	0.01262	0.03510	0.00861	0.01324	0.01186	0.01651	0.01965	0.03068	0.01902	0.15073	0.59295	0.01066	0.01747	0.00807	0.00396	0.00627
121	0.58559	0.01641	0.08127	0.01330	0.06075	0.01582	0.01099	0.02311	0.01385	0.10385	0.01265	0.01396	0.00934	0.00699	0.00522	0.00225	0.00638	0.00461	0.00479	0.00888
122	0.01821	0.43672	0.26278	0.01525	0.02278	0.02294	0.01710	0.02265	0.01520	0.05890	0.01253	0.01431	0.01013	0.00845	0.03262	0.00223	0.00913	0.00474	0.00347	0.00988
123	0.01263	0.00631	0.00947	0.00947	0.00947	0.00631	0.00631	0.00947	0.00947	0.01263	0.01263	0.02210	0.01263	0.02525	0.02841	0.78851	0.00631	0.00631	0.00316	0.00316
124	0.01752	0.01677	0.02846	0.06530	0.65347	0.01683	0.02164	0.02176	0.01649	0.02343	0.01580	0.01990	0.03607	0.00693	0.00725	0.00218	0.00849	0.00679	0.00370	0.01121
125	0.01424	0.01369	0.02282	0.42348	0.03799	0.01675	0.08492	0.01835	0.01456	0.01965	0.05784	0.02374	0.01507	0.00940	0.01120	0.00262	0.16570	0.03615	0.00373	0.00808
126	0.00884	0.00637	0.00838	0.00999	0.01051	0.00592	0.00669	0.01014	0.01404	0.01861	0.04165	0.70813	0.07872	0.02257	0.00925	0.00293	0.00419	0.02041	0.00675	0.00592
127	0.02763	0.02036	0.02182	0.01672	0.02254	0.02254	0.01382	0.67496	0.03418	0.04581	0.01745	0.01745	0.01236	0.00873	0.00727	0.00218	0.00800	0.00654	0.00727	0.01236
128	0.02719	0.03351	0.02070	0.01857	0.02248	0.66050	0.01403	0.08017	0.02167	0.02001	0.01173	0.01345	0.00960	0.00759	0.00661	0.00190	0.01270	0.00483	0.00402	0.00874
129	0.01125	0.00844	0.01180	0.01148	0.01262	0.00976	0.00867	0.03454	0.01218	0.01733	0.01959	0.03123	0.01915	0.18293	0.52994	0.01008	0.05037	0.00821	0.00407	0.00635
130	0.00872	0.00733	0.00757	0.00758	0.00992	0.00618	0.00566	0.01066	0.01677	0.02029	0.11747	0.09107	0.62934	0.01830	0.00861	0.00246	0.00368	0.01536	0.00684	0.00618
131	0.01855	0.01625	0.01662	0.03735	0.01978	0.05070	0.01173	0.06037	0.58219	0.02988	0.02750	0.02585	0.02068	0.00957	0.00726	0.00239	0.00621	0.00788	0.03815	0.01109
132	0.01839	0.01757	0.03001	0.04239	0.62427	0.01759	0.06415	0.05323	0.01742	0.02476	0.01392	0.01807	0.01152	0.00656	0.00729	0.00218	0.00884	0.00662	0.00378	0.01144
133	0.02376	0.21055	0.02493	0.01554	0.02089	0.11596	0.01308	0.30748	0.14166	0.03191	0.01684	0.01706	0.01290	0.00811	0.00652	0.00203	0.00823	0.00590	0.00574	0.01090
134	0.01389	0.01153	0.01266	0.01166	0.01471	0.01236	0.00895	0.02563	0.35389	0.02806	0.24889	0.04348	0.15866	0.01299	0.00799	0.00241	0.00464	0.01107	0.00747	0.00906
135	0.00875	0.00737	0.00758	0.00753	0.00991	0.00620	0.00564	0.01073	0.01693	0.02050	0.13011	0.06853	0.63923	0.01809	0.00859	0.00244	0.00366	0.01514	0.00686	0.00620
136	0.06385	0.05736	0.56835	0.02001	0.02963	0.01697	0.06979	0.02255	0.01546	0.02367	0.03829	0.01675	0.01147	0.00711	0.00686	0.00228	0.01016	0.00575	0.00339	0.01030
137	0.01571	0.01481	0.02288	0.55703	0.14193	0.04174	0.01987	0.06128	0.01630	0.02103	0.01326	0.01883	0.01011	0.00725	0.00723	0.00235	0.00955	0.00640	0.00356	0.00886
138	0.00903	0.00700	0.00778	0.00827	0.00968	0.00624	0.00568	0.01037	0.01470	0.01831	0.05455	0.26147	0.38439	0.15256	0.01399	0.00344	0.00445	0.01602	0.00632	0.00575
139	0.01475	0.03643	0.66376	0.02136	0.03189	0.01698	0.06880	0.02304	0.01546	0.02304	0.01315	0.01562	0.00933	0.00686	0.00701	0.00231	0.01084	0.00558	0.00311	0.01068
140	0.01507	0.01292	0.01507	0.01077	0.01723	0.00969	0.00861	0.01830	0.01507	0.02369	0.01292	0.01507	0.01077	0.00538	0.00538	0.00108	0.00538	0.00431	0.00431	0.78898
141	0.00885	0.00734	0.00774	0.00770	0.00999	0.00624	0.00575	0.01090	0.01708	0.02100	0.16352	0.08617	0.58667	0.01801	0.00861	0.00244	0.00366	0.01517	0.00693	0.00624
142	0.79588	0.01406	0.01068	0.00956	0.01406	0.01631	0.00787	0.02137	0.01237	0.03261	0.01012	0.01181	0.00787	0.00675	0.00450	0.00225	0.00562	0.00394	0.00450	0.00787
143	0.76143	0.01398	0.01096	0.00971	0.01426	0.01605	0.00800	0.02200	0.01275	0.06293	0.01096	0.01239	0.00833	0.00685	0.00463	0.00225	0.00565	0.00409	0.00470	0.00808
144	0.01499	0.09820	0.64990	0.02001	0.03037	0.01789	0.02563	0.02291	0.01530	0.02252	0.01279	0.01503	0.00922	0.00685	0.00672	0.00224	0.01049	0.00524	0.00307	0.01062
145	0.00859	0.00736	0.00736	0.00736	0.00982	0.00614	0.00552	0.01043	0.01657	0.01964	0.07364	0.06996	0.69624	0.01841	0.00859	0.00245	0.00368	0.01534	0.00675	0.00614
146	0.01970	0.01642	0.01735	0.01512	0.01952	0.01884	0.01190	0.14672	0.57532	0.03302	0.02752	0.02548	0.02052	0.00967	0.00738	0.00242	0.00613	0.00793	0.00738	0.01165
147	0.00989	0.00741	0.00916	0.00873	0.01062	0.00669	0.00655	0.01295	0.01964	0.02692	0.54958	0.05797	0.21576	0.01569	0.00858	0.00233	0.00349	0.01366	0.00771	0.00669
148	0.02022	0.01479	0.10415	0.01282	0.01776	0.01166	0.01153	0.02719	0.15215	0.27283	0.11123	0.03602	0.15342	0.01137	0.00766	0.00234	0.00590	0.00944	0.00736	0.01016
149	0.01819	0.01229	0.01408	0.01210	0.01505	0.01372	0.00969	0.21915	0.04253	0.05011	0.02027	0.02346	0.01602	0.01712	0.13357	0.00378	0.06465	0.00692	0.29846	0.00885
150	0.01458	0.03760	0.70688	0.02072	0.03146	0.01688	0.02686	0.02302	0.01535	0.02302	0.01304	0.01535	0.00921	0.00691	0.00691	0.00230	0.01074	0.00537	0.00307	0.01074
151	0.02477	0.02018	0.02040	0.01584	0.02139	0.08839	0.01289	0.46250	0.02839	0.03784	0.01570	0.01651	0.01167	0.00808	0.00736	0.00197	0.03103	0.00592	0.00622	0.16296
152	0.21921	0.13007	0.22136	0.01437	0.02113	0.01722	0.01501	0.05108	0.03815	0.15931	0.03829	0.01749	0.01312	0.00760	0.00612	0.00217	0.00759	0.00556	0.00507	0.01008
153	0.01024	0.00777	0.00972	0.01069	0.01254	0.00726	0.00878	0.01284	0.01655	0.02093	0.07472	0.13571	0.28848	0.01951	0.00938	0.00294	0.00523	0.33353	0.00677	0.00642
154	0.01154	0.00868	0.01095	0.01066	0.01186	0.00906	0.00776	0.04464	0.03798	0.02341	0.27913	0.22366	0.04606	0.14624	0.01501	0.00341	0.06457	0.03216	0.00655	0.00667
155	0.16862	0.01811	0.09679	0.11870	0.27443	0.04191	0.04855	0.02182	0.01599	0.04936	0.06609	0.01963	0.01487	0.00744	0.00680	0.00224	0.00826	0.00644	0.00421	0.00975
156	0.13895	0.02860	0.01968	0.01798	0.04559	0.47127	0.01340	0.13684	0.02155	0.02490	0.01221	0.01383	0.00973	0.00755	0.00640	0.00199	0.01099	0.00495	0.00445	0.00912
157	0.13162	0.01520	0.01488	0.01296	0.01698	0.04736	0.01022	0.15618	0.26564	0.03150	0.09168	0.03127	0.12304	0.01082	0.00720	0.00233	0.00599	0.00863	0.00674	0.00977
158	0.01643	0.01391	0.01646	0.04136	0.01908	0.01298	0.01039	0.07630	0.08525	0.02559	0.01505	0.01715	0.01217	0.00698	0.00753	0.00158	0.07288	0.00526	0.02959	0.51407
159	0.01830	0.01737	0.02926	0.04372	0.67735	0.01744	0.02203	0.04338	0.01712	0.02446	0.01380	0.01797	0.01154	0.00655	0.00720	0.00216	0.00862	0.00648	0.00372	0.01154
160	0.01976	0.01641	0.01680	0.01467	0.01896	0.04592	0.01152	0.12932	0.49380	0.05698	0.02997	0.02791	0.06508	0.01014	0.00742	0.00239	0.00626	0.00827	0.00725	0.01118
161	0.02677	0.01438	0.03581	0.01368	0.01905	0.01329	0.01144	0.12624	0.11126	0.40661	0.05083	0.02604	0.01967	0.00935	0.00731	0.00223	0.00638	0.02804	0.00794	0.06368
162	0.01216	0.00924	0.01340	0.01645	0.09318	0.00916	0.01232	0.01550	0.01680	0.02215	0.06800	0.09460	0.06324	0.01830	0.00957	0.00312	0.00657	0.50263	0.00640	0.00721
163	0.01458	0.03760	0.70688	0.02072	0.03146	0.01688	0.02686	0.02302	0.01535	0.02302	0.01304	0.01535	0.00921	0.00691	0.00691	0.00230	0.01074	0.00537	0.00307	0.01074
164	0.01686	0.02083	0.15023	0.14476	0.42000	0.05159	0.02185	0.02181	0.01622	0.02237	0.01525	0.01916	0.03279	0.00711	0.00717	0.00222	0.00925	0.00647	0.00355	0.01051
165	0.02694	0.01159	0.01536	0.01229	0.01699	0.01044	0.00995	0.03118	0.06945	0.51550	0.16641	0.03102	0.02875	0.01027	0.00758	0.00227	0.00558	0.00858	0.00867	0.01117
166	0.00927	0.00677	0.00888	0.01016	0.01099	0.00616	0.00687	0.01067	0.01399	0.01890	0.03825	0.69140	0.04559	0.02161	0.00902	0.00283	0.00430	0.01957	0.00658	0.05819
167	0.02177	0.46155	0.13153	0.01395	0.02070	0.02306	0.01427	0.05421	0.01696	0.15895	0.01465	0.01512	0.01121	0.00700	0.00565	0.00183	0.00790	0.00492	0.00449	0.01029
168	0.01757	0.09155	0.46105	0.02163	0.09461	0.01731	0.04414	0.02476	0.03774	0.10015	0.01522	0.01688	0.01092	0.00711	0.00686	0.00223	0.00966	0.00577	0.00396	0.01088
169	0.01711	0.01946	0.04206	0.03017	0.03722	0.01854	0.64617	0.02305	0.01691	0.02305	0.01450	0.01946	0.01097	0.00639	0.00920	0.00248	0.04140	0.00849	0.00366	0.00973
170	0.00927	0.00662	0.00891	0.01060	0.01120	0.00626	0.00747	0.01084	0.01433	0.01902	0.03983	0.64392	0.04717	0.02238	0.00939	0.00301	0.00458	0.11243	0.00674	0.00602
171	0.01703	0.01784	0.07401	0.15586	0.47504	0.03891	0.02088	0.02159	0.01617	0.02284	0.01407	0.01848	0.01143	0.00680	0.00703	0.00217	0.00877	0.00636	0.05424	0.01047
172	0.02274	0.07698	0.02099	0.01917	0.11833	0.18920	0.01337	0.13271	0.08838	0.11460	0.08645	0.02351	0.04400	0.00901	0.00708	0.00211	0.00826	0.00711	0.00583	0.01017
173	0.12312	0.01867	0.01972	0.04238	0.02196	0.02081	0.01295	0.51845	0.05956	0.04161	0.01862	0.01886	0.03308	0.00877	0.00697	0.00222	0.00753	0.00656	0.00676	0.01140
174	0.01856	0.01817	0.02803	0.09817	0.57899	0.06396	0.02131	0.04327	0.01722	0.02363	0.01357	0.01776	0.01125	0.00668	0.00716	0.00216	0.00900	0.00636	0.00369	0.01105
175	0.01321	0.00907	0.01004	0.00937	0.01053	0.00933	0.00615	0.11497	0.01509	0.02048	0.02569	0.09510	0.05560	0.49461	0.02691	0.00542	0.00660	0.01068	0.05513	0.00599
176	0.02605	0.01876	0.04073	0.01840	0.06184	0.01955	0.04381	0.41318	0.06866	0.15530	0.01937	0.01932	0.01364	0.00870	0.00799	0.00226	0.03675	0.00683	0.00692	0.01193
177	0.02057	0.01572	0.04140	0.09623	0.18378	0.01597	0.01521	0.09265	0.20499	0.15219	0.06727	0.02423	0.01935	0.00876	0.00737	0.00230	0.00715	0.00754	0.00625	0.01105

[dist]
# distance from previous block
# <min> <max>
3	6

[block]
# block no. 1 follows, 28 sequences, length 33
# corresponding to MSA columns:
# 207-239
name=unknown_B
#
# <colnr> <probs for GDERKNQSTAVLIFYWHMCP>
#	G	D	E	R	K	N	Q	S	T	A	V	L	I	F	Y	W	H	M	C	P
0	0.01914	0.01963	0.06546	0.03622	0.45014	0.04652	0.10248	0.09531	0.04659	0.02612	0.01475	0.01818	0.01178	0.00689	0.00734	0.00221	0.00919	0.00669	0.00415	0.01123
1	0.02234	0.01647	0.01984	0.01541	0.02048	0.01716	0.05330	0.35438	0.05005	0.08601	0.07298	0.04627	0.01884	0.02893	0.00861	0.00225	0.03096	0.00758	0.00659	0.12155
2	0.01710	0.01967	0.08028	0.04887	0.14865	0.07400	0.23980	0.02171	0.01638	0.02253	0.04013	0.01875	0.01289	0.00720	0.00881	0.00217	0.07315	0.00686	0.00384	0.13720
3	0.11691	0.01713	0.05843	0.21966	0.20356	0.01768	0.01750	0.15910	0.04311	0.05663	0.01497	0.01795	0.01126	0.00745	0.00689	0.00227	0.00832	0.00621	0.00471	0.01028
4	0.01869	0.01981	0.02201	0.33215	0.14853	0.21406	0.01767	0.05272	0.01790	0.02118	0.05579	0.01948	0.01374	0.00774	0.00714	0.00220	0.01001	0.00638	0.00393	0.00888
5	0.54683	0.01416	0.01426	0.16796	0.02259	0.01688	0.01130	0.04448	0.01357	0.02906	0.01097	0.01394	0.00854	0.00731	0.00643	0.00234	0.05233	0.00474	0.00424	0.00809
6	0.01302	0.00682	0.00698	0.00698	0.00837	0.00682	0.00496	0.01580	0.01441	0.02478	0.02357	0.03076	0.02002	0.14001	0.01079	0.00265	0.00404	0.00745	0.64541	0.00635
7	0.01038	0.00779	0.01168	0.01168	0.01298	0.00909	0.00909	0.01298	0.01168	0.01687	0.01947	0.02856	0.01817	0.05452	0.71573	0.01168	0.01947	0.00779	0.00389	0.00649
8	0.01038	0.00779	0.01168	0.01168	0.01298	0.00909	0.00909	0.01298	0.01168	0.01687	0.01947	0.02856	0.01817	0.05452	0.71573	0.01168	0.01947	0.00779	0.00389	0.00649
9	0.01808	0.01561	0.01644	0.01479	0.01890	0.01808	0.01151	0.03863	0.68606	0.03041	0.02959	0.02712	0.02219	0.00986	0.00740	0.00247	0.00575	0.00822	0.00740	0.01151
10	0.02429	0.01803	0.02083	0.01858	0.09785	0.01914	0.01361	0.43486	0.07138	0.07020	0.01809	0.01859	0.01323	0.00819	0.00699	0.00206	0.00739	0.00645	0.03505	0.09518
11	0.00878	0.00737	0.00762	0.00756	0.00993	0.00622	0.00567	0.01079	0.01701	0.02068	0.14205	0.06823	0.62718	0.01802	0.00859	0.00244	0.00365	0.01510	0.00689	0.00622
12	0.01507	0.01292	0.01507	0.01077	0.01723	0.00969	0.00861	0.01830	0.01507	0.02369	0.01292	0.01507	0.01077	0.00538	0.00538	0.00108	0.00538	0.00431	0.00431	0.78898
13	0.01422	0.01360	0.02191	0.56660	0.04304	0.01754	0.01922	0.01833	0.01376	0.01833	0.01215	0.01859	0.00966	0.00850	0.01103	0.00259	0.17323	0.00644	0.00322	0.00805
14	0.00965	0.00733	0.00868	0.00845	0.01024	0.00658	0.00618	0.01215	0.01809	0.02414	0.39420	0.08638	0.28886	0.07400	0.01085	0.00275	0.00384	0.01402	0.00722	0.00637
15	0.00933	0.00762	0.00828	0.00818	0.01042	0.00671	0.00610	0.01216	0.04116	0.02211	0.21074	0.10052	0.49598	0.01754	0.00858	0.00244	0.00373	0.01487	0.00706	0.00648
16	0.01799	0.01727	0.02950	0.04462	0.69919	0.01727	0.02231	0.02231	0.01655	0.02375	0.01367	0.01799	0.01151	0.00648	0.00720	0.00216	0.00864	0.00648	0.00360	0.01151
17	0.01455	0.01366	0.02311	0.16194	0.02718	0.01578	0.17230	0.01805	0.01409	0.02040	0.01690	0.09041	0.01557	0.03905	0.01334	0.00278	0.21332	0.00852	0.11112	0.00792
18	0.01736	0.01663	0.02837	0.14481	0.60390	0.01711	0.02200	0.02176	0.01626	0.02299	0.01356	0.01819	0.01125	0.00659	0.00721	0.00220	0.00879	0.00647	0.00354	0.01101
19	0.79588	0.01406	0.01068	0.00956	0.01406	0.01631	0.00787	0.02137	0.01237	0.03261	0.01012	0.01181	0.00787	0.00675	0.00450	0.00225	0.00562	0.00394	0.00450	0.00787
20	0.01128	0.00796	0.00959	0.00985	0.01211	0.00717	0.00792	0.01379	0.01722	0.06544	0.12576	0.09636	0.36013	0.01810	0.00897	0.00271	0.00475	0.20709	0.00701	0.00678
21	0.05728	0.05009	0.09480	0.04464	0.02305	0.04165	0.06111	0.29660	0.02279	0.03183	0.01633	0.04614	0.01313	0.01068	0.03484	0.00264	0.08101	0.00687	0.05444	0.01011
22	0.59687	0.01403	0.01216	0.01049	0.01495	0.01577	0.00859	0.09068	0.01594	0.07602	0.07286	0.01699	0.01437	0.00782	0.00533	0.00225	0.00572	0.00524	0.00539	0.00854
23	0.04637	0.02294	0.15818	0.02556	0.03279	0.06152	0.41530	0.02422	0.01692	0.07425	0.01488	0.01839	0.01095	0.00684	0.00849	0.00239	0.03869	0.00740	0.00398	0.00994
24	0.01592	0.17675	0.47658	0.02052	0.02986	0.01947	0.11834	0.02281	0.01550	0.02188	0.01270	0.01523	0.00950	0.00666	0.00670	0.00217	0.01037	0.00554	0.00317	0.01032
25	0.00886	0.00633	0.00843	0.01012	0.01054	0.00590	0.00675	0.01012	0.01392	0.01856	0.04006	0.73979	0.04808	0.02277	0.00928	0.00295	0.00422	0.02066	0.00675	0.00590
26	0.01808	0.01561	0.01644	0.01479	0.01890	0.01808	0.01151	0.03863	0.68606	0.03041	0.02959	0.02712	0.02219	0.00986	0.00740	0.00247	0.00575	0.00822	0.00740	0.01151
27	0.02685	0.02170	0.02123	0.01678	0.02213	0.11252	0.01365	0.56295	0.03146	0.04094	0.01672	0.01735	0.01221	0.01047	0.03671	0.00254	0.00914	0.00635	0.00667	0.01160
28	0.00971	0.00694	0.00941	0.01100	0.01183	0.00663	0.00815	0.01165	0.01496	0.01986	0.06473	0.52856	0.04711	0.02171	0.00947	0.00304	0.00488	0.19742	0.00678	0.00616
29	0.02715	0.03464	0.02060	0.01873	0.02247	0.71536	0.01404	0.02903	0.02060	0.01779	0.01124	0.01311	0.00936	0.00749	0.00655	0.00187	0.01311	0.00468	0.00375	0.00843
30	0.00934	0.00692	0.00930	0.01073	0.01117	0.00687	0.00743	0.01071	0.01388	0.01862	0.03838	0.67556	0.04578	0.02213	0.01008	0.00298	0.04298	0.04454	0.00656	0.00604
31	0.01943	0.74891	0.03809	0.01244	0.01866	0.02876	0.01244	0.02177	0.01477	0.01710	0.01011	0.01166	0.00933	0.00622	0.00466	0.00155	0.00777	0.00389	0.00311	0.00933
32	0.01799	0.01727	0.02950	0.04462	0.69919	0.01727	0.02231	0.02231	0.01655	0.02375	0.01367	0.01799	0.01151	0.00648	0.00720	0.00216	0.00864	0.00648	0.00360	0.01151

[dist]
# distance from previous block
# <min> <max>
0	13

[block]
# block no. 2 follows, 28 sequences, length 31
# corresponding to MSA columns:
# 253-283
name=unknown_C
#
# <colnr> <probs for GDERKNQSTAVLIFYWHMCP>
#	G	D	E	R	K	N	Q	S	T	A	V	L	I	F	Y	W	H	M	C	P
0	0.01808	0.01561	0.01644	0.01479	0.01890	0.01808	0.01151	0.03863	0.68606	0.03041	0.02959	0.02712	0.02219	0.00986	0.00740	0.00247	0.00575	0.00822	0.00740	0.01151
1	0.01618	0.02054	0.14134	0.02430	0.03014	0.01786	0.35357	0.04935	0.01607	0.02260	0.01517	0.05448	0.01278	0.01110	0.05095	0.00309	0.13915	0.00814	0.00381	0.00936
2	0.00880	0.00653	0.00823	0.00959	0.01040	0.00595	0.00651	0.01018	0.01443	0.01876	0.04656	0.61027	0.17341	0.02193	0.00915	0.00286	0.00411	0.01964	0.00675	0.00595
3	0.00895	0.00640	0.00852	0.01005	0.01056	0.00597	0.00676	0.01037	0.01437	0.01928	0.08496	0.69283	0.04948	0.02223	0.00923	0.00291	0.00416	0.02015	0.00683	0.00597
4	0.01458	0.03760	0.70688	0.02072	0.03146	0.01688	0.02686	0.02302	0.01535	0.02302	0.01304	0.01535	0.00921	0.00691	0.00691	0.00230	0.01074	0.00537	0.00307	0.01074
5	0.02307	0.02095	0.04506	0.05135	0.02294	0.11610	0.01384	0.30746	0.25811	0.03439	0.02044	0.02024	0.01513	0.00881	0.00720	0.00225	0.00810	0.00682	0.00647	0.01125
6	0.00970	0.00749	0.00872	0.00894	0.01071	0.00678	0.00649	0.03330	0.01724	0.02234	0.20251	0.27386	0.32834	0.01864	0.00876	0.00256	0.00394	0.01621	0.00705	0.00644
7	0.00884	0.00640	0.00836	0.00993	0.01049	0.00592	0.00666	0.01014	0.01410	0.01863	0.04241	0.69297	0.09338	0.02247	0.00923	0.00292	0.00418	0.02029	0.00675	0.00592
8	0.01776	0.01241	0.01601	0.01514	0.05103	0.01265	0.03900	0.11643	0.12871	0.11858	0.08873	0.09183	0.09641	0.01361	0.00832	0.00259	0.00625	0.14817	0.00704	0.00933
9	0.01759	0.01960	0.10897	0.04039	0.58829	0.01726	0.02234	0.02316	0.04787	0.02397	0.01435	0.01811	0.01174	0.00669	0.00717	0.00219	0.00875	0.00643	0.00371	0.01142
10	0.01715	0.31551	0.28888	0.01826	0.02600	0.04935	0.10815	0.02230	0.01539	0.02020	0.01235	0.01504	0.00996	0.00892	0.04147	0.00248	0.01030	0.00531	0.00324	0.00975
11	0.01069	0.00810	0.01172	0.01156	0.01262	0.00949	0.00881	0.01289	0.01151	0.01653	0.01942	0.03045	0.01883	0.14457	0.58961	0.01063	0.05427	0.00809	0.00393	0.00629
12	0.64001	0.05605	0.01494	0.01477	0.11296	0.01715	0.01021	0.02153	0.01311	0.03046	0.01063	0.01269	0.00848	0.00668	0.00490	0.00220	0.00618	0.00430	0.00429	0.00848
13	0.68489	0.07570	0.01336	0.01000	0.01471	0.01702	0.00842	0.02224	0.01308	0.07158	0.01123	0.01257	0.00860	0.00684	0.00468	0.00219	0.00584	0.00413	0.00465	0.00826
14	0.02574	0.05458	0.02131	0.01580	0.02122	0.02091	0.01315	0.55319	0.03120	0.06672	0.05673	0.02233	0.01688	0.00945	0.00734	0.00221	0.00761	0.03484	0.00715	0.01166
15	0.01483	0.07404	0.67262	0.02029	0.03081	0.01749	0.02612	0.02296	0.01532	0.02272	0.01289	0.01516	0.00921	0.00687	0.00679	0.00226	0.01059	0.00530	0.00307	0.01067
16	0.01940	0.65361	0.09386	0.01345	0.01993	0.06147	0.01374	0.02223	0.01510	0.01764	0.01041	0.01204	0.00932	0.00634	0.00495	0.00163	0.00829	0.00405	0.00314	0.00940
17	0.01511	0.01068	0.01323	0.05273	0.01662	0.01113	0.00997	0.15864	0.04608	0.05927	0.04978	0.38880	0.03547	0.01714	0.00862	0.00273	0.00576	0.08335	0.00683	0.00809
18	0.00886	0.00633	0.00843	0.01012	0.01054	0.00590	0.00675	0.01012	0.01392	0.01856	0.04006	0.73979	0.04808	0.02277	0.00928	0.00295	0.00422	0.02066	0.00675	0.00590
19	0.00884	0.00640	0.00836	0.00993	0.01049	0.00592	0.00666	0.01014	0.01410	0.01863	0.04238	0.69357	0.09280	0.02247	0.00923	0.00292	0.00418	0.02030	0.00675	0.00592
20	0.74360	0.01394	0.01111	0.00979	0.01437	0.01592	0.00806	0.02233	0.01295	0.07862	0.01139	0.01269	0.00857	0.00690	0.00469	0.00225	0.00566	0.00417	0.00481	0.00818
21	0.01458	0.03760	0.70688	0.02072	0.03146	0.01688	0.02686	0.02302	0.01535	0.02302	0.01304	0.01535	0.00921	0.00691	0.00691	0.00230	0.01074	0.00537	0.00307	0.01074
22	0.00906	0.00645	0.00855	0.01016	0.01062	0.00607	0.00685	0.01036	0.01388	0.01849	0.03919	0.67863	0.04679	0.05657	0.01061	0.00316	0.00446	0.04760	0.00664	0.00587
23	0.01716	0.01961	0.04289	0.03064	0.03799	0.01838	0.67279	0.02328	0.01716	0.02328	0.01471	0.01961	0.01103	0.00613	0.00858	0.00245	0.01225	0.00858	0.00368	0.00980
24	0.01056	0.00708	0.00809	0.00809	0.00814	0.00713	0.00460	0.01067	0.01062	0.01421	0.02276	0.04676	0.02608	0.71532	0.06574	0.00724	0.00757	0.01045	0.00438	0.00449
25	0.03111	0.01402	0.01780	0.01373	0.01933	0.01323	0.01131	0.15767	0.04856	0.55297	0.02657	0.02344	0.01708	0.00898	0.00731	0.00224	0.00652	0.00720	0.00861	0.01234
26	0.01055	0.00713	0.00832	0.00832	0.00846	0.00726	0.00490	0.01083	0.01069	0.01439	0.02254	0.04556	0.02555	0.67161	0.10873	0.00754	0.00836	0.01028	0.00435	0.00462
27	0.00945	0.00740	0.00855	0.00826	0.01034	0.00650	0.00620	0.01209	0.01859	0.02443	0.38678	0.06207	0.38011	0.01662	0.00858	0.00237	0.00355	0.01424	0.00738	0.00650
28	0.03004	0.01180	0.01604	0.01250	0.01767	0.01024	0.01024	0.03292	0.02078	0.62643	0.10551	0.02815	0.02382	0.00967	0.00746	0.00225	0.00587	0.00798	0.00888	0.01174
