[name]
unknown

[dist]
# distance from previous block
# <min> <max>
1	22

[block]
# block no. 0 follows, 27 sequences, length 70
# corresponding to MSA columns:
# 22,26-94
name=unknown_A
#
# <colnr> <probs for GDERKNQSTAVLIFYWHMCP>
#	G	D	E	R	K	N	Q	S	T	A	V	L	I	F	Y	W	H	M	C	P
0	0.01968	0.55350	0.13603	0.01387	0.02069	0.02527	0.01456	0.02308	0.01587	0.06798	0.04061	0.01527	0.01269	0.00703	0.00547	0.00179	0.00809	0.00485	0.00381	0.00986
1	0.02725	0.10161	0.02300	0.01578	0.02148	0.02151	0.01322	0.48662	0.02984	0.12383	0.01820	0.01829	0.01301	0.00938	0.00806	0.03579	0.00784	0.00646	0.00698	0.01187
2	0.01646	0.01602	0.02559	0.43978	0.04173	0.04168	0.11829	0.07199	0.01660	0.02176	0.01332	0.01897	0.01029	0.00813	0.00990	0.00254	0.10749	0.00686	0.00371	0.00886
3	0.02708	0.02018	0.02228	0.07357	0.02528	0.02250	0.01463	0.61597	0.03329	0.04455	0.01745	0.01798	0.01241	0.00879	0.00743	0.00225	0.00831	0.00668	0.00710	0.01227
4	0.02775	0.03480	0.02109	0.01904	0.02295	0.68213	0.01433	0.05491	0.02159	0.01930	0.01173	0.01356	0.00968	0.00770	0.00672	0.00192	0.01318	0.00486	0.00397	0.00877
5	0.01598	0.01564	0.02212	0.52933	0.09448	0.07239	0.01923	0.02254	0.09418	0.02074	0.01513	0.02011	0.01152	0.00769	0.00737	0.00241	0.00962	0.00667	0.00387	0.00896
6	0.03019	0.01498	0.06763	0.01527	0.04767	0.01224	0.01267	0.03496	0.07210	0.56884	0.02756	0.02447	0.01778	0.00900	0.00744	0.00231	0.00673	0.00736	0.00839	0.01241
7	0.03309	0.01299	0.01745	0.01337	0.01913	0.01143	0.01105	0.06338	0.02184	0.66990	0.02879	0.02495	0.01813	0.00918	0.00746	0.00229	0.00640	0.00743	0.00911	0.01263
8	0.01051	0.00759	0.00992	0.00934	0.01109	0.00700	0.00700	0.01401	0.02101	0.02977	0.68888	0.05545	0.07005	0.01518	0.00876	0.00233	0.00350	0.01343	0.00817	0.00700
9	0.01752	0.02003	0.04380	0.03129	0.03880	0.01877	0.66583	0.02378	0.01752	0.02378	0.01502	0.02003	0.01126	0.00626	0.00876	0.00250	0.01252	0.00876	0.00375	0.01001
10	0.03331	0.01263	0.01723	0.01321	0.01895	0.01091	0.01091	0.03618	0.02125	0.69794	0.02929	0.02527	0.01838	0.00919	0.00747	0.00230	0.00632	0.00747	0.00919	0.01263
11	0.01846	0.01595	0.01679	0.01511	0.01930	0.01846	0.01175	0.03945	0.67938	0.03105	0.03022	0.02770	0.02266	0.01007	0.00755	0.00252	0.00588	0.00839	0.00755	0.01175
12	0.02773	0.03538	0.02104	0.01913	0.02295	0.70930	0.01434	0.02964	0.02104	0.01817	0.01148	0.01339	0.00956	0.00765	0.00669	0.00191	0.01339	0.00478	0.00383	0.00861
13	0.01985	0.74357	0.03890	0.01270	0.01905	0.02937	0.01270	0.02223	0.01508	0.01747	0.01032	0.01191	0.00953	0.00635	0.00476	0.00159	0.00794	0.00397	0.00318	0.00953
14	0.01985	0.74357	0.03890	0.01270	0.01905	0.02937	0.01270	0.02223	0.01508	0.01747	0.01032	0.01191	0.00953	0.00635	0.00476	0.00159	0.00794	0.00397	0.00318	0.00953
15	0.03331	0.01263	0.01723	0.01321	0.01895	0.01091	0.01091	0.03618	0.02125	0.69794	0.02929	0.02527	0.01838	0.00919	0.00747	0.00230	0.00632	0.00747	0.00919	0.01263
16	0.02839	0.02052	0.02211	0.01695	0.02288	0.02261	0.01400	0.64679	0.03444	0.06869	0.01821	0.01807	0.01282	0.00892	0.00743	0.00223	0.00811	0.00671	0.00749	0.01263
17	0.03331	0.01263	0.01723	0.01321	0.01895	0.01091	0.01091	0.03618	0.02125	0.69794	0.02929	0.02527	0.01838	0.00919	0.00747	0.00230	0.00632	0.00747	0.00919	0.01263
18	0.02822	0.02079	0.02228	0.01708	0.02302	0.02302	0.01411	0.66804	0.03490	0.04679	0.01782	0.01782	0.01262	0.00891	0.00743	0.00223	0.00817	0.00668	0.00743	0.01262
19	0.01837	0.01764	0.03013	0.04557	0.69279	0.01764	0.02278	0.02278	0.01690	0.02425	0.01396	0.01837	0.01176	0.00661	0.00735	0.00220	0.00882	0.00661	0.00367	0.01176
20	0.00904	0.00646	0.00861	0.01034	0.01077	0.00603	0.00689	0.01034	0.01421	0.01895	0.04092	0.73426	0.04910	0.02326	0.00948	0.00301	0.00431	0.02110	0.00689	0.00603
21	0.02822	0.02079	0.02228	0.01708	0.02302	0.02302	0.01411	0.66804	0.03490	0.04679	0.01782	0.01782	0.01262	0.00891	0.00743	0.00223	0.00817	0.00668	0.00743	0.01262
22	0.01384	0.00692	0.00692	0.00692	0.00865	0.00692	0.00519	0.01730	0.01557	0.02768	0.02422	0.02768	0.01903	0.00865	0.00519	0.00173	0.00346	0.00692	0.78031	0.00692
23	0.01039	0.00758	0.00976	0.00921	0.01102	0.00695	0.00691	0.01378	0.02073	0.02909	0.64616	0.05657	0.11319	0.01543	0.00876	0.00235	0.00352	0.01358	0.00808	0.00695
24	0.01815	0.01755	0.03038	0.07453	0.63655	0.01764	0.05037	0.02266	0.01684	0.02400	0.01398	0.01851	0.01166	0.00663	0.00741	0.00223	0.00903	0.00671	0.00366	0.01153
25	0.01837	0.01764	0.03013	0.04557	0.69279	0.01764	0.02278	0.02278	0.01690	0.02425	0.01396	0.01837	0.01176	0.00661	0.00735	0.00220	0.00882	0.00661	0.00367	0.01176
26	0.74454	0.01456	0.01208	0.01194	0.05560	0.01671	0.00894	0.02188	0.01289	0.03276	0.01056	0.01244	0.00827	0.00687	0.00476	0.00229	0.00593	0.00418	0.00454	0.00827
27	0.01061	0.00795	0.01193	0.01193	0.01326	0.00928	0.00928	0.01326	0.01193	0.01723	0.01988	0.02916	0.01856	0.05568	0.70968	0.01193	0.01988	0.00795	0.00398	0.00663
28	0.01163	0.00844	0.01150	0.01303	0.01482	0.00831	0.01131	0.01489	0.01707	0.02199	0.04303	0.08246	0.10989	0.02033	0.01010	0.00332	0.00652	0.57773	0.00684	0.00678
29	0.01814	0.01750	0.03020	0.07769	0.64044	0.01762	0.04372	0.02263	0.01682	0.02398	0.01396	0.01850	0.01165	0.00664	0.00740	0.00223	0.00899	0.00668	0.00366	0.01153
30	0.01985	0.74357	0.03890	0.01270	0.01905	0.02937	0.01270	0.02223	0.01508	0.01747	0.01032	0.01191	0.00953	0.00635	0.00476	0.00159	0.00794	0.00397	0.00318	0.00953
31	0.01985	0.74357	0.03890	0.01270	0.01905	0.02937	0.01270	0.02223	0.01508	0.01747	0.01032	0.01191	0.00953	0.00635	0.00476	0.00159	0.00794	0.00397	0.00318	0.00953
32	0.01061	0.00792	0.01175	0.01175	0.01301	0.00918	0.00905	0.01314	0.01188	0.01710	0.02005	0.03010	0.01897	0.08864	0.67727	0.01170	0.01927	0.00809	0.00400	0.00653
33	0.00978	0.00756	0.00891	0.00857	0.01064	0.00669	0.00643	0.01259	0.01929	0.02567	0.42980	0.06220	0.33168	0.01671	0.00876	0.00241	0.00361	0.01437	0.00763	0.00669
34	0.01669	0.01704	0.02344	0.01991	0.02031	0.04631	0.03975	0.01849	0.01193	0.01809	0.01000	0.01628	0.00979	0.01256	0.02319	0.00318	0.67504	0.00652	0.00329	0.00821
35	0.00904	0.00646	0.00861	0.01034	0.01077	0.00603	0.00689	0.01034	0.01421	0.01895	0.04092	0.73426	0.04910	0.02326	0.00948	0.00301	0.00431	0.02110	0.00689	0.00603
36	0.01080	0.00720	0.00810	0.00810	0.00810	0.00720	0.00450	0.01080	0.01080	0.01439	0.02339	0.04858	0.02699	0.73910	0.03779	0.00720	0.00720	0.01080	0.00450	0.00450
37	0.01051	0.00759	0.00992	0.00934	0.01109	0.00700	0.00700	0.01401	0.02101	0.02977	0.68888	0.05545	0.07005	0.01518	0.00876	0.00233	0.00350	0.01343	0.00817	0.00700
38	0.01557	0.01478	0.02508	0.47999	0.28025	0.01690	0.02139	0.02033	0.01558	0.02085	0.01347	0.01929	0.01056	0.00713	0.00740	0.00238	0.00951	0.00660	0.00343	0.00950
39	0.01495	0.01414	0.02395	0.57698	0.18814	0.01674	0.02108	0.01978	0.01528	0.02010	0.01336	0.01949	0.01029	0.00725	0.00741	0.00242	0.00967	0.00660	0.00338	0.00900
40	0.01561	0.01389	0.01831	0.01308	0.01977	0.01081	0.07613	0.01921	0.01561	0.02415	0.01338	0.01587	0.01102	0.00558	0.00583	0.00124	0.00622	0.00485	0.00433	0.70511
41	0.01015	0.00736	0.00957	0.00948	0.01099	0.00678	0.00693	0.01314	0.01948	0.02722	0.53485	0.19404	0.08829	0.01695	0.00890	0.00248	0.00368	0.01507	0.00787	0.00678
42	0.01421	0.01339	0.02261	0.69168	0.07922	0.01654	0.02071	0.01913	0.01493	0.01920	0.01323	0.01973	0.00998	0.00739	0.00742	0.00246	0.00985	0.00660	0.00332	0.00840
43	0.01402	0.01319	0.02227	0.72126	0.05113	0.01649	0.02062	0.01897	0.01484	0.01897	0.01319	0.01979	0.00990	0.00742	0.00742	0.00247	0.00990	0.00660	0.00330	0.00825
44	0.02874	0.01996	0.02176	0.01668	0.02260	0.02178	0.01378	0.60328	0.03350	0.11352	0.01900	0.01859	0.01321	0.00894	0.00743	0.00224	0.00798	0.00676	0.00761	0.01263
45	0.01539	0.01319	0.01539	0.01100	0.01759	0.00990	0.00880	0.01869	0.01539	0.02419	0.01319	0.01539	0.01100	0.00550	0.00550	0.00110	0.00550	0.00440	0.00440	0.78449
46	0.00877	0.00752	0.00752	0.00752	0.01003	0.00627	0.00564	0.01065	0.01692	0.02005	0.07520	0.07144	0.68978	0.01880	0.00877	0.00251	0.00376	0.01567	0.00689	0.00627
47	0.00877	0.00752	0.00752	0.00752	0.01003	0.00627	0.00564	0.01065	0.01692	0.02005	0.07520	0.07144	0.68978	0.01880	0.00877	0.00251	0.00376	0.01567	0.00689	0.00627
48	0.02773	0.03538	0.02104	0.01913	0.02295	0.70930	0.01434	0.02964	0.02104	0.01817	0.01148	0.01339	0.00956	0.00765	0.00669	0.00191	0.01339	0.00478	0.00383	0.00861
49	0.01402	0.01319	0.02227	0.72126	0.05113	0.01649	0.02062	0.01897	0.01484	0.01897	0.01319	0.01979	0.00990	0.00742	0.00742	0.00247	0.00990	0.00660	0.00330	0.00825
50	0.79154	0.01436	0.01091	0.00976	0.01436	0.01665	0.00804	0.02182	0.01263	0.03331	0.01034	0.01206	0.00804	0.00689	0.00459	0.00230	0.00574	0.00402	0.00459	0.00804
51	0.01061	0.00795	0.01193	0.01193	0.01326	0.00928	0.00928	0.01326	0.01193	0.01723	0.01988	0.02916	0.01856	0.05568	0.70968	0.01193	0.01988	0.00795	0.00398	0.00663
52	0.01079	0.00722	0.00824	0.00824	0.00828	0.00727	0.00467	0.01088	0.01084	0.01450	0.02326	0.04788	0.02668	0.71433	0.06214	0.00737	0.00766	0.01069	0.00448	0.00458
53	0.03228	0.01428	0.01825	0.01399	0.01977	0.01335	0.01156	0.16350	0.02400	0.56673	0.02698	0.02377	0.01722	0.00913	0.00746	0.00228	0.00669	0.00731	0.00883	0.01263
54	0.01402	0.01319	0.02227	0.72126	0.05113	0.01649	0.02062	0.01897	0.01484	0.01897	0.01319	0.01979	0.00990	0.00742	0.00742	0.00247	0.00990	0.00660	0.00330	0.00825
55	0.01270	0.00655	0.00969	0.00969	0.00974	0.00660	0.00647	0.00987	0.00982	0.01315	0.01369	0.02409	0.01381	0.06143	0.05745	0.71476	0.00704	0.00672	0.00332	0.00343
56	0.03300	0.01313	0.01754	0.01344	0.01920	0.01165	0.01111	0.07459	0.02208	0.65835	0.02859	0.02482	0.01803	0.00917	0.00746	0.00229	0.00643	0.00742	0.00908	0.01263
57	0.03241	0.01284	0.01720	0.01332	0.01897	0.01137	0.01096	0.03638	0.06125	0.65740	0.02934	0.02542	0.01864	0.00924	0.00747	0.00231	0.00629	0.00752	0.00909	0.01258
58	0.00971	0.00684	0.00832	0.00923	0.00966	0.00651	0.00585	0.01054	0.01309	0.01725	0.03678	0.41151	0.09180	0.30434	0.02055	0.00462	0.00540	0.01662	0.00595	0.00545
59	0.01402	0.01319	0.02227	0.72126	0.05113	0.01649	0.02062	0.01897	0.01484	0.01897	0.01319	0.01979	0.00990	0.00742	0.00742	0.00247	0.00990	0.00660	0.00330	0.00825
60	0.01819	0.01759	0.03045	0.06788	0.64289	0.01765	0.05037	0.02270	0.01686	0.02405	0.01398	0.01849	0.01167	0.00663	0.00741	0.00223	0.00901	0.00671	0.00367	0.01156
61	0.00943	0.00681	0.00901	0.01062	0.01135	0.00639	0.00751	0.01105	0.01477	0.01947	0.04278	0.60483	0.08717	0.02261	0.00954	0.00304	0.00462	0.10597	0.00688	0.00615
62	0.00937	0.00670	0.00899	0.01071	0.01129	0.00631	0.00746	0.01090	0.01454	0.01932	0.04074	0.66105	0.04838	0.02295	0.00956	0.00306	0.00459	0.09107	0.00688	0.00612
63	0.01619	0.01441	0.01435	0.01343	0.01564	0.14712	0.01026	0.06706	0.01572	0.04554	0.01877	0.02685	0.01712	0.10381	0.42984	0.00843	0.01603	0.00748	0.00446	0.00751
64	0.01747	0.02064	0.07001	0.03174	0.07828	0.01864	0.60047	0.02371	0.01741	0.02380	0.01488	0.01975	0.01122	0.00631	0.00860	0.00248	0.01223	0.00850	0.00372	0.01016
65	0.01080	0.00720	0.00810	0.00810	0.00810	0.00720	0.00450	0.01080	0.01080	0.01439	0.02339	0.04858	0.02699	0.73910	0.03779	0.00720	0.00720	0.01080	0.00450	0.00450
66	0.00904	0.00646	0.00861	0.01034	0.01077	0.00603	0.00689	0.01034	0.01421	0.01895	0.04092	0.73426	0.04910	0.02326	0.00948	0.00301	0.00431	0.02110	0.00689	0.00603
67	0.02103	0.53146	0.05926	0.01430	0.02012	0.15642	0.01341	0.04475	0.01686	0.01886	0.01203	0.03904	0.01108	0.00733	0.00548	0.00175	0.00896	0.00490	0.00357	0.00938
68	0.01488	0.00916	0.00964	0.00898	0.01136	0.00951	0.00688	0.06819	0.09820	0.02944	0.10364	0.03200	0.05304	0.01002	0.00621	0.00197	0.00412	0.00820	0.50664	0.00792
69	0.13586	0.11986	0.43367	0.01962	0.05611	0.01895	0.04508	0.04781	0.01599	0.02520	0.01275	0.01501	0.00950	0.00696	0.00648	0.00224	0.00965	0.00529	0.00357	0.01040

[dist]
# distance from previous block
# <min> <max>
2	10

[block]
# block no. 1 follows, 27 sequences, length 47
# corresponding to MSA columns:
# 105-151
name=unknown_B
#
# <colnr> <probs for GDERKNQSTAVLIFYWHMCP>
#	G	D	E	R	K	N	Q	S	T	A	V	L	I	F	Y	W	H	M	C	P
0	0.01681	0.01323	0.01398	0.01236	0.01617	0.03866	0.00956	0.06133	0.25689	0.08053	0.08042	0.09348	0.17401	0.01273	0.00781	0.00235	0.00553	0.01066	0.00706	0.08645
1	0.01755	0.01680	0.02865	0.17302	0.57176	0.01742	0.02237	0.02206	0.01652	0.02326	0.01382	0.01864	0.01141	0.00677	0.00736	0.00226	0.00902	0.00661	0.00360	0.01110
2	0.01821	0.01741	0.02934	0.06983	0.64348	0.01763	0.02229	0.02326	0.04161	0.02431	0.01454	0.01878	0.01210	0.00677	0.00736	0.00223	0.00875	0.00668	0.00381	0.01163
3	0.01752	0.02003	0.04380	0.03129	0.03880	0.01877	0.66583	0.02378	0.01752	0.02378	0.01502	0.02003	0.01126	0.00626	0.00876	0.00250	0.01252	0.00876	0.00375	0.01001
4	0.00893	0.00753	0.00774	0.00768	0.01012	0.00633	0.00576	0.01096	0.01729	0.02093	0.13056	0.07000	0.63388	0.01847	0.00877	0.00249	0.00374	0.01547	0.00701	0.00633
5	0.00904	0.00646	0.00861	0.01034	0.01077	0.00603	0.00689	0.01034	0.01421	0.01895	0.04092	0.73426	0.04910	0.02326	0.00948	0.00301	0.00431	0.02110	0.00689	0.00603
6	0.02822	0.02079	0.02228	0.01708	0.02302	0.02302	0.01411	0.66804	0.03490	0.04679	0.01782	0.01782	0.01262	0.00891	0.00743	0.00223	0.00817	0.00668	0.00743	0.01262
7	0.00903	0.00650	0.00857	0.01023	0.01074	0.00604	0.00684	0.01035	0.01432	0.01899	0.04226	0.70834	0.07416	0.02308	0.00945	0.00300	0.00429	0.02089	0.00689	0.00604
8	0.79154	0.01436	0.01091	0.00976	0.01436	0.01665	0.00804	0.02182	0.01263	0.03331	0.01034	0.01206	0.00804	0.00689	0.00459	0.00230	0.00574	0.00402	0.00459	0.00804
9	0.03331	0.01263	0.01723	0.01321	0.01895	0.01091	0.01091	0.03618	0.02125	0.69794	0.02929	0.02527	0.01838	0.00919	0.00747	0.00230	0.00632	0.00747	0.00919	0.01263
10	0.79154	0.01436	0.01091	0.00976	0.01436	0.01665	0.00804	0.02182	0.01263	0.03331	0.01034	0.01206	0.00804	0.00689	0.00459	0.00230	0.00574	0.00402	0.00459	0.00804
11	0.01080	0.00720	0.00810	0.00810	0.00810	0.00720	0.00450	0.01080	0.01080	0.01439	0.02339	0.04858	0.02699	0.73910	0.03779	0.00720	0.00720	0.01080	0.00450	0.00450
12	0.01985	0.74357	0.03890	0.01270	0.01905	0.02937	0.01270	0.02223	0.01508	0.01747	0.01032	0.01191	0.00953	0.00635	0.00476	0.00159	0.00794	0.00397	0.00318	0.00953
13	0.01846	0.01595	0.01679	0.01511	0.01930	0.01846	0.01175	0.03945	0.67938	0.03105	0.03022	0.02770	0.02266	0.01007	0.00755	0.00252	0.00588	0.00839	0.00755	0.01175
14	0.01665	0.01393	0.01540	0.01461	0.01810	0.01578	0.01161	0.03297	0.50613	0.02862	0.03265	0.06693	0.02815	0.01290	0.00823	0.00274	0.00603	0.15076	0.00737	0.01044
15	0.01065	0.00776	0.01094	0.01094	0.01192	0.00874	0.00805	0.01262	0.01164	0.01650	0.02079	0.03417	0.02073	0.23204	0.53630	0.01071	0.01661	0.00869	0.00411	0.00608
16	0.01080	0.00720	0.00810	0.00810	0.00810	0.00720	0.00450	0.01080	0.01080	0.01439	0.02339	0.04858	0.02699	0.73910	0.03779	0.00720	0.00720	0.01080	0.00450	0.00450
17	0.01814	0.02095	0.04243	0.03056	0.03784	0.06036	0.62660	0.02413	0.01773	0.02344	0.01481	0.01963	0.01116	0.00634	0.00864	0.00247	0.01257	0.00852	0.00376	0.00993
18	0.00904	0.00646	0.00861	0.01034	0.01077	0.00603	0.00689	0.01034	0.01421	0.01895	0.04092	0.73426	0.04910	0.02326	0.00948	0.00301	0.00431	0.02110	0.00689	0.00603
19	0.01635	0.01814	0.03892	0.02838	0.03491	0.01701	0.57443	0.02191	0.01706	0.02311	0.01861	0.11910	0.01651	0.00862	0.00886	0.00257	0.01138	0.01047	0.00419	0.00946
20	0.02032	0.65844	0.07117	0.01337	0.01985	0.05202	0.01345	0.02302	0.01553	0.04054	0.01115	0.01260	0.00982	0.00653	0.00504	0.00166	0.00823	0.00419	0.00340	0.00967
21	0.01519	0.08086	0.66079	0.02065	0.03134	0.01797	0.02654	0.02343	0.01564	0.02315	0.01314	0.01545	0.00941	0.00701	0.00692	0.00231	0.01079	0.00539	0.00314	0.01088
22	0.79154	0.01436	0.01091	0.00976	0.01436	0.01665	0.00804	0.02182	0.01263	0.03331	0.01034	0.01206	0.00804	0.00689	0.00459	0.00230	0.00574	0.00402	0.00459	0.00804
23	0.01868	0.01860	0.02753	0.06801	0.54980	0.07996	0.02078	0.02352	0.04639	0.02362	0.01678	0.02043	0.03805	0.00736	0.00736	0.00221	0.00895	0.00687	0.00397	0.01112
24	0.10890	0.01281	0.01660	0.01286	0.01849	0.01148	0.01062	0.03475	0.02039	0.63167	0.02740	0.02395	0.01735	0.00896	0.00718	0.00230	0.00626	0.00712	0.00873	0.01218
25	0.01539	0.01319	0.01539	0.01100	0.01759	0.00990	0.00880	0.01869	0.01539	0.02419	0.01319	0.01539	0.01100	0.00550	0.00550	0.00110	0.00550	0.00440	0.00440	0.78449
26	0.01696	0.08325	0.01996	0.01568	0.01771	0.08688	0.01279	0.08697	0.01535	0.02060	0.01464	0.02116	0.01354	0.05354	0.24104	0.00581	0.25519	0.00675	0.00403	0.00816
27	0.00921	0.00662	0.00878	0.01044	0.01102	0.00619	0.00715	0.01065	0.01448	0.01919	0.04205	0.67135	0.07166	0.02293	0.00950	0.00302	0.00444	0.05835	0.00689	0.00609
28	0.01061	0.00795	0.01193	0.01193	0.01326	0.00928	0.00928	0.01326	0.01193	0.01723	0.01988	0.02916	0.01856	0.05568	0.70968	0.01193	0.01988	0.00795	0.00398	0.00663
29	0.01051	0.00759	0.00992	0.00934	0.01109	0.00700	0.00700	0.01401	0.02101	0.02977	0.68888	0.05545	0.07005	0.01518	0.00876	0.00233	0.00350	0.01343	0.00817	0.00700
30	0.01489	0.03840	0.70064	0.02116	0.03213	0.01724	0.02743	0.02351	0.01567	0.02351	0.01332	0.01567	0.00940	0.00705	0.00705	0.00235	0.01097	0.00549	0.00313	0.01097
31	0.00919	0.00657	0.00875	0.01024	0.01080	0.00613	0.00690	0.01071	0.01490	0.02004	0.10639	0.66566	0.05122	0.02244	0.00940	0.00295	0.00423	0.02033	0.00702	0.00613
32	0.01985	0.74357	0.03890	0.01270	0.01905	0.02937	0.01270	0.02223	0.01508	0.01747	0.01032	0.01191	0.00953	0.00635	0.00476	0.00159	0.00794	0.00397	0.00318	0.00953
33	0.01080	0.00720	0.00810	0.00810	0.00810	0.00720	0.00450	0.01080	0.01080	0.01439	0.02339	0.04858	0.02699	0.73910	0.03779	0.00720	0.00720	0.01080	0.00450	0.00450
34	0.01646	0.01579	0.02642	0.03743	0.52651	0.01548	0.05212	0.02047	0.01694	0.02341	0.02595	0.02880	0.14386	0.00897	0.00770	0.00228	0.00802	0.00849	0.00431	0.01060
35	0.01489	0.03840	0.70064	0.02116	0.03213	0.01724	0.02743	0.02351	0.01567	0.02351	0.01332	0.01567	0.00940	0.00705	0.00705	0.00235	0.01097	0.00549	0.00313	0.01097
36	0.01051	0.00759	0.00992	0.00934	0.01109	0.00700	0.00700	0.01401	0.02101	0.02977	0.68888	0.05545	0.07005	0.01518	0.00876	0.00233	0.00350	0.01343	0.00817	0.00700
37	0.01846	0.01595	0.01679	0.01511	0.01930	0.01846	0.01175	0.03945	0.67938	0.03105	0.03022	0.02770	0.02266	0.01007	0.00755	0.00252	0.00588	0.00839	0.00755	0.01175
38	0.02629	0.01919	0.02084	0.04494	0.02283	0.02125	0.01354	0.58063	0.03227	0.04386	0.01823	0.01883	0.01311	0.00883	0.00722	0.00219	0.00780	0.00670	0.07954	0.01191
39	0.01837	0.01764	0.03013	0.04557	0.69279	0.01764	0.02278	0.02278	0.01690	0.02425	0.01396	0.01837	0.01176	0.00661	0.00735	0.00220	0.00882	0.00661	0.00367	0.01176
40	0.01837	0.01764	0.03013	0.04557	0.69279	0.01764	0.02278	0.02278	0.01690	0.02425	0.01396	0.01837	0.01176	0.00661	0.00735	0.00220	0.00882	0.00661	0.00367	0.01176
41	0.03217	0.01289	0.01719	0.01335	0.01898	0.01149	0.01098	0.03643	0.07180	0.64671	0.02936	0.02545	0.01871	0.00926	0.00747	0.00231	0.00628	0.00754	0.00906	0.01257
42	0.05982	0.01402	0.01745	0.01375	0.01925	0.01348	0.01125	0.10191	0.11665	0.50898	0.02750	0.02433	0.01799	0.00920	0.00736	0.00232	0.00642	0.00738	0.00859	0.01233
43	0.00917	0.00691	0.00849	0.00941	0.01060	0.00623	0.00656	0.01094	0.01592	0.02076	0.14044	0.45378	0.23210	0.02088	0.00918	0.00278	0.00404	0.01851	0.00707	0.00623
44	0.00877	0.00752	0.00752	0.00752	0.01003	0.00627	0.00564	0.01065	0.01692	0.02005	0.07520	0.07144	0.68978	0.01880	0.00877	0.00251	0.00376	0.01567	0.00689	0.00627
45	0.01504	0.03738	0.66410	0.02172	0.03250	0.01733	0.06294	0.02353	0.01578	0.02353	0.01342	0.01592	0.00951	0.00701	0.00715	0.00236	0.01106	0.00567	0.00317	0.01092
46	0.02259	0.01915	0.01879	0.01587	0.02046	0.08497	0.01251	0.27123	0.34302	0.03485	0.02348	0.02373	0.01790	0.04645	0.00896	0.00259	0.00751	0.00754	0.00700	0.01141

[dist]
# distance from previous block
# <min> <max>
0	1

[block]
# block no. 2 follows, 27 sequences, length 6
# corresponding to MSA columns:
# 153-158
name=unknown_C
#
# <colnr> <probs for GDERKNQSTAVLIFYWHMCP>
#	G	D	E	R	K	N	Q	S	T	A	V	L	I	F	Y	W	H	M	C	P
0	0.10196	0.07445	0.02165	0.01606	0.02147	0.13231	0.01316	0.39092	0.05479	0.07768	0.01673	0.01698	0.01222	0.00839	0.00685	0.00215	0.00855	0.00604	0.00637	0.01127
1	0.01706	0.02224	0.13211	0.02896	0.03635	0.01888	0.52678	0.02327	0.01678	0.02327	0.01437	0.01913	0.01089	0.00690	0.00977	0.00254	0.06894	0.00813	0.00363	0.00999
2	0.00932	0.00666	0.00893	0.01065	0.01121	0.00627	0.00737	0.01082	0.01449	0.01926	0.04076	0.67248	0.04849	0.02300	0.00955	0.00305	0.00455	0.08014	0.00689	0.00611
3	0.01481	0.01383	0.02326	0.52822	0.18642	0.01620	0.02049	0.01954	0.01544	0.02032	0.01513	0.02383	0.01252	0.00814	0.00760	0.00248	0.00946	0.04978	0.00362	0.00890
4	0.02173	0.44242	0.15426	0.01482	0.02172	0.07744	0.01522	0.02529	0.01665	0.12805	0.01401	0.01486	0.01093	0.00704	0.00577	0.00187	0.00866	0.00487	0.00419	0.01022
5	0.01767	0.01692	0.02887	0.15423	0.58960	0.01745	0.02243	0.02217	0.01657	0.02340	0.01384	0.01860	0.01146	0.00674	0.00736	0.00225	0.00899	0.00661	0.00361	0.01119

[dist]
# distance from previous block
# <min> <max>
0	1

[block]
# block no. 3 follows, 27 sequences, length 37
# corresponding to MSA columns:
# 160-196
name=unknown_D
#
# <colnr> <probs for GDERKNQSTAVLIFYWHMCP>
#	G	D	E	R	K	N	Q	S	T	A	V	L	I	F	Y	W	H	M	C	P
0	0.00965	0.00729	0.00891	0.00906	0.01070	0.00655	0.00658	0.01214	0.01816	0.02431	0.35250	0.22656	0.24413	0.01821	0.00894	0.00255	0.00377	0.01596	0.00749	0.00655
1	0.66068	0.01546	0.01286	0.01102	0.01584	0.01775	0.00908	0.13261	0.01645	0.03562	0.01162	0.01305	0.00883	0.00724	0.00508	0.00229	0.00616	0.00448	0.00508	0.00883
2	0.09666	0.02125	0.25015	0.01528	0.02224	0.01354	0.01593	0.02832	0.04515	0.30745	0.08977	0.02391	0.01979	0.00889	0.00719	0.00233	0.00755	0.00711	0.00650	0.01101
3	0.02233	0.01936	0.01851	0.01597	0.02054	0.10907	0.01255	0.16987	0.43144	0.06008	0.02514	0.02366	0.01867	0.00948	0.00741	0.00237	0.00735	0.00753	0.00711	0.01156
4	0.03080	0.01252	0.01663	0.01291	0.01833	0.01105	0.01061	0.06268	0.02162	0.60374	0.05838	0.02869	0.05694	0.00995	0.00759	0.00231	0.00615	0.00812	0.00894	0.01205
5	0.02674	0.01989	0.02143	0.01672	0.02233	0.02211	0.01373	0.59194	0.08480	0.04435	0.01888	0.01906	0.01366	0.01090	0.03589	0.00264	0.00846	0.00687	0.00730	0.01231
6	0.00887	0.00751	0.00755	0.00755	0.00994	0.00631	0.00559	0.01066	0.01663	0.01979	0.07279	0.07038	0.65883	0.05244	0.01013	0.00273	0.00392	0.01544	0.00678	0.00618
7	0.02668	0.01948	0.02092	0.01627	0.02177	0.02148	0.01335	0.60701	0.03304	0.04464	0.01911	0.04796	0.01447	0.00949	0.00739	0.00223	0.00776	0.00729	0.04759	0.01206
8	0.01502	0.01344	0.02138	0.36638	0.03574	0.01512	0.09245	0.08540	0.04703	0.02391	0.07907	0.10284	0.04981	0.01044	0.00798	0.00250	0.00842	0.00950	0.00493	0.00863
9	0.01597	0.06770	0.63973	0.02042	0.03094	0.01747	0.02601	0.02405	0.01591	0.05510	0.01395	0.01596	0.00983	0.00712	0.00697	0.00232	0.01062	0.00551	0.00342	0.01099
10	0.01877	0.02209	0.11618	0.06435	0.51108	0.09202	0.02240	0.02348	0.01711	0.02331	0.01358	0.01754	0.01115	0.00681	0.00724	0.00220	0.00963	0.00627	0.00361	0.01119
11	0.79154	0.01436	0.01091	0.00976	0.01436	0.01665	0.00804	0.02182	0.01263	0.03331	0.01034	0.01206	0.00804	0.00689	0.00459	0.00230	0.00574	0.00402	0.00459	0.00804
12	0.01523	0.03601	0.61511	0.02248	0.03300	0.01744	0.11056	0.02355	0.01591	0.02355	0.01354	0.01624	0.00965	0.00695	0.00728	0.00237	0.01117	0.00591	0.00322	0.01085
13	0.01032	0.00758	0.00966	0.00914	0.01097	0.00692	0.00685	0.01364	0.02056	0.02870	0.62130	0.05721	0.13829	0.01558	0.00876	0.00235	0.00353	0.01367	0.00803	0.00692
14	0.01051	0.00859	0.01113	0.01137	0.01219	0.00930	0.00833	0.01210	0.01459	0.01963	0.09061	0.40140	0.16196	0.04436	0.01303	0.00305	0.13870	0.01643	0.00623	0.00649
15	0.20384	0.01931	0.01966	0.01540	0.02103	0.02156	0.01271	0.51937	0.02978	0.04369	0.01610	0.01650	0.01157	0.00845	0.00677	0.00224	0.00761	0.00607	0.00677	0.01157
16	0.02103	0.60681	0.08584	0.01339	0.02002	0.02634	0.01360	0.02393	0.01584	0.09620	0.01273	0.01373	0.01054	0.00673	0.00525	0.00173	0.00798	0.00448	0.00386	0.00999
17	0.01722	0.01818	0.02462	0.02054	0.02190	0.08959	0.09863	0.01945	0.01324	0.01870	0.01201	0.04918	0.01172	0.01207	0.01994	0.00301	0.53088	0.00728	0.00354	0.00832
18	0.01061	0.00795	0.01193	0.01193	0.01326	0.00928	0.00928	0.01326	0.01193	0.01723	0.01988	0.02916	0.01856	0.05568	0.70968	0.01193	0.01988	0.00795	0.00398	0.00663
19	0.01821	0.01748	0.02984	0.07034	0.66927	0.01760	0.02270	0.02264	0.01683	0.02406	0.01394	0.01843	0.01169	0.00664	0.00735	0.00221	0.00886	0.00661	0.00366	0.01163
20	0.00904	0.00646	0.00861	0.01034	0.01077	0.00603	0.00689	0.01034	0.01421	0.01895	0.04092	0.73426	0.04910	0.02326	0.00948	0.00301	0.00431	0.02110	0.00689	0.00603
21	0.00920	0.00664	0.00872	0.01010	0.01077	0.00615	0.00685	0.01077	0.01511	0.02024	0.11697	0.62699	0.07971	0.02213	0.00936	0.00291	0.00419	0.01998	0.00704	0.00615
22	0.01604	0.01317	0.01546	0.01108	0.01764	0.00993	0.00887	0.01932	0.01561	0.04854	0.01378	0.01575	0.01126	0.00563	0.00557	0.00114	0.00553	0.00451	0.00457	0.75659
23	0.01292	0.00816	0.01047	0.00956	0.01187	0.00736	0.00729	0.01615	0.02054	0.10546	0.53865	0.05392	0.13919	0.01493	0.00861	0.00235	0.00386	0.01301	0.00813	0.00756
24	0.01985	0.74357	0.03890	0.01270	0.01905	0.02937	0.01270	0.02223	0.01508	0.01747	0.01032	0.01191	0.00953	0.00635	0.00476	0.00159	0.00794	0.00397	0.00318	0.00953
25	0.00904	0.00646	0.00861	0.01034	0.01077	0.00603	0.00689	0.01034	0.01421	0.01895	0.04092	0.73426	0.04910	0.02326	0.00948	0.00301	0.00431	0.02110	0.00689	0.00603
26	0.01402	0.01319	0.02227	0.72126	0.05113	0.01649	0.02062	0.01897	0.01484	0.01897	0.01319	0.01979	0.00990	0.00742	0.00742	0.00247	0.00990	0.00660	0.00330	0.00825
27	0.02061	0.56022	0.10188	0.01457	0.02098	0.13685	0.01443	0.02354	0.01609	0.01818	0.01080	0.01252	0.00952	0.00663	0.00530	0.00172	0.00911	0.00425	0.00328	0.00952
28	0.00913	0.00753	0.00802	0.00790	0.01025	0.00642	0.00592	0.01135	0.01777	0.02208	0.20293	0.06812	0.56079	0.01805	0.00877	0.00247	0.00371	0.01520	0.00716	0.00642
29	0.01742	0.08125	0.16818	0.02480	0.10482	0.05556	0.23926	0.02272	0.01648	0.02282	0.01348	0.01701	0.01061	0.00666	0.00784	0.00212	0.03644	0.00642	0.00367	0.14245
30	0.01941	0.02006	0.03051	0.06730	0.35439	0.10885	0.17139	0.05694	0.01844	0.02417	0.01524	0.02123	0.01277	0.00748	0.00774	0.00231	0.01021	0.03692	0.00404	0.01058
31	0.00904	0.00646	0.00861	0.01034	0.01077	0.00603	0.00689	0.01034	0.01421	0.01895	0.04092	0.73426	0.04910	0.02326	0.00948	0.00301	0.00431	0.02110	0.00689	0.00603
32	0.02192	0.30390	0.02750	0.10755	0.02457	0.30419	0.01415	0.02530	0.04856	0.01866	0.01398	0.01600	0.02995	0.00756	0.00614	0.00191	0.01020	0.00519	0.00377	0.00899
33	0.01904	0.56193	0.15004	0.01471	0.02142	0.04743	0.01545	0.02243	0.01516	0.01854	0.01083	0.01283	0.00952	0.00688	0.00630	0.00182	0.04842	0.00439	0.00319	0.00967
34	0.00963	0.00745	0.00878	0.00866	0.01061	0.00660	0.00642	0.01224	0.01863	0.02462	0.36668	0.12740	0.33058	0.01749	0.00883	0.00247	0.00369	0.01511	0.00751	0.00660
35	0.00880	0.00740	0.00764	0.00783	0.01011	0.00624	0.00578	0.01062	0.01662	0.01993	0.07143	0.14443	0.61923	0.01929	0.00885	0.00256	0.00382	0.01627	0.00689	0.00624
36	0.02735	0.01759	0.01989	0.01694	0.05789	0.05005	0.01299	0.31017	0.08909	0.24461	0.05873	0.02295	0.01831	0.00926	0.00748	0.00227	0.00740	0.00736	0.00765	0.01200

[dist]
# distance from previous block
# <min> <max>
0	1

[block]
# block no. 4 follows, 27 sequences, length 62
# corresponding to MSA columns:
# 198-259
name=unknown_E
#
# <colnr> <probs for GDERKNQSTAVLIFYWHMCP>
#	G	D	E	R	K	N	Q	S	T	A	V	L	I	F	Y	W	H	M	C	P
0	0.03201	0.01292	0.01719	0.01337	0.01898	0.01157	0.01098	0.03646	0.07884	0.63958	0.02937	0.02548	0.01875	0.00927	0.00747	0.00232	0.00628	0.00755	0.00905	0.01256
1	0.13628	0.17146	0.05538	0.01610	0.02088	0.35184	0.01352	0.02676	0.01797	0.07680	0.01257	0.01412	0.01007	0.00761	0.00686	0.00201	0.04161	0.00484	0.00419	0.00913
2	0.01094	0.00791	0.01073	0.01231	0.01374	0.00770	0.01013	0.01368	0.01631	0.02118	0.04248	0.25580	0.09389	0.02111	0.00993	0.00324	0.00593	0.42953	0.00686	0.00658
3	0.01985	0.74357	0.03890	0.01270	0.01905	0.02937	0.01270	0.02223	0.01508	0.01747	0.01032	0.01191	0.00953	0.00635	0.00476	0.00159	0.00794	0.00397	0.00318	0.00953
4	0.01509	0.01292	0.01537	0.03694	0.01854	0.00998	0.00915	0.01836	0.01533	0.02379	0.01432	0.04465	0.01250	0.00629	0.00573	0.00123	0.00561	0.00515	0.00446	0.72459
5	0.05784	0.02054	0.02184	0.01680	0.02269	0.02277	0.01387	0.64297	0.03404	0.04626	0.01753	0.01760	0.01245	0.00883	0.00732	0.00223	0.00807	0.00658	0.00732	0.01245
6	0.00919	0.00657	0.00878	0.01051	0.01100	0.00616	0.00715	0.01059	0.01436	0.01912	0.04083	0.70117	0.04878	0.02312	0.00951	0.00304	0.00444	0.05273	0.00689	0.00607
7	0.01539	0.01319	0.01539	0.01100	0.01759	0.00990	0.00880	0.01869	0.01539	0.02419	0.01319	0.01539	0.01100	0.00550	0.00550	0.00110	0.00550	0.00440	0.00440	0.78449
8	0.01846	0.01595	0.01679	0.01511	0.01930	0.01846	0.01175	0.03945	0.67938	0.03105	0.03022	0.02770	0.02266	0.01007	0.00755	0.00252	0.00588	0.00839	0.00755	0.01175
9	0.01080	0.00720	0.00810	0.00810	0.00810	0.00720	0.00450	0.01080	0.01080	0.01439	0.02339	0.04858	0.02699	0.73910	0.03779	0.00720	0.00720	0.01080	0.00450	0.00450
10	0.00877	0.00752	0.00752	0.00752	0.01003	0.00627	0.00564	0.01065	0.01692	0.02005	0.07520	0.07144	0.68978	0.01880	0.00877	0.00251	0.00376	0.01567	0.00689	0.00627
11	0.00877	0.00752	0.00752	0.00752	0.01003	0.00627	0.00564	0.01065	0.01692	0.02005	0.07520	0.07144	0.68978	0.01880	0.00877	0.00251	0.00376	0.01567	0.00689	0.00627
12	0.03289	0.01331	0.01765	0.01353	0.01929	0.01191	0.01118	0.08854	0.02238	0.64397	0.02834	0.02465	0.01790	0.00917	0.00746	0.00229	0.00647	0.00740	0.00904	0.01263
13	0.01489	0.03840	0.70064	0.02116	0.03213	0.01724	0.02743	0.02351	0.01567	0.02351	0.01332	0.01567	0.00940	0.00705	0.00705	0.00235	0.01097	0.00549	0.00313	0.01097
14	0.01384	0.00692	0.00692	0.00692	0.00865	0.00692	0.00519	0.01730	0.01557	0.02768	0.02422	0.02768	0.01903	0.00865	0.00519	0.00173	0.00346	0.00692	0.78031	0.00692
15	0.01051	0.00759	0.00992	0.00934	0.01109	0.00700	0.00700	0.01401	0.02101	0.02977	0.68888	0.05545	0.07005	0.01518	0.00876	0.00233	0.00350	0.01343	0.00817	0.00700
16	0.00904	0.00646	0.00861	0.01034	0.01077	0.00603	0.00689	0.01034	0.01421	0.01895	0.04092	0.73426	0.04910	0.02326	0.00948	0.00301	0.00431	0.02110	0.00689	0.00603
17	0.00877	0.00752	0.00752	0.00752	0.01003	0.00627	0.00564	0.01065	0.01692	0.02005	0.07520	0.07144	0.68978	0.01880	0.00877	0.00251	0.00376	0.01567	0.00689	0.00627
18	0.01061	0.00795	0.01193	0.01193	0.01326	0.00928	0.00928	0.01326	0.01193	0.01723	0.01988	0.02916	0.01856	0.05568	0.70968	0.01193	0.01988	0.00795	0.00398	0.00663
19	0.00903	0.00650	0.00857	0.01023	0.01074	0.00604	0.00684	0.01035	0.01432	0.01899	0.04223	0.70881	0.07370	0.02309	0.00945	0.00300	0.00429	0.02090	0.00689	0.00604
20	0.02046	0.71040	0.03792	0.01273	0.01905	0.02854	0.01262	0.02286	0.01536	0.04835	0.01118	0.01251	0.00993	0.00648	0.00489	0.00162	0.00787	0.00413	0.00345	0.00967
21	0.01539	0.01319	0.01539	0.01100	0.01759	0.00990	0.00880	0.01869	0.01539	0.02419	0.01319	0.01539	0.01100	0.00550	0.00550	0.00110	0.00550	0.00440	0.00440	0.78449
22	0.01882	0.59710	0.17635	0.01446	0.02177	0.02685	0.01576	0.02250	0.01521	0.01872	0.01094	0.01269	0.00950	0.00650	0.00524	0.00175	0.00857	0.00428	0.00317	0.00983
23	0.02822	0.02079	0.02228	0.01708	0.02302	0.02302	0.01411	0.66804	0.03490	0.04679	0.01782	0.01782	0.01262	0.00891	0.00743	0.00223	0.00817	0.00668	0.00743	0.01262
24	0.02745	0.02041	0.02184	0.01692	0.02273	0.02266	0.01392	0.61813	0.08607	0.04554	0.01881	0.01861	0.01342	0.00900	0.00744	0.00225	0.00799	0.00682	0.00744	0.01256
25	0.01440	0.01342	0.02336	0.58078	0.04602	0.01591	0.09221	0.01937	0.01521	0.02027	0.01437	0.02051	0.01085	0.00740	0.00738	0.00241	0.00963	0.00687	0.07131	0.00833
26	0.08065	0.03824	0.02014	0.07331	0.02305	0.01530	0.04352	0.15478	0.04293	0.39598	0.02319	0.02188	0.01537	0.00863	0.00724	0.00229	0.00727	0.00699	0.00754	0.01170
27	0.00893	0.00748	0.00777	0.00779	0.01015	0.00632	0.00581	0.01093	0.01717	0.02085	0.12698	0.09627	0.61079	0.01866	0.00880	0.00251	0.00376	0.01569	0.00700	0.00632
28	0.01051	0.00759	0.00992	0.00934	0.01109	0.00700	0.00700	0.01401	0.02101	0.02977	0.68888	0.05545	0.07005	0.01518	0.00876	0.00233	0.00350	0.01343	0.00817	0.00700
29	0.64528	0.01626	0.01403	0.01283	0.04076	0.06919	0.03790	0.02304	0.01394	0.05463	0.01142	0.01320	0.00879	0.00699	0.00514	0.00227	0.00675	0.00450	0.00463	0.00846
30	0.01289	0.00645	0.00967	0.00967	0.00967	0.00645	0.00645	0.00967	0.00967	0.01289	0.01289	0.02257	0.01289	0.02579	0.02901	0.78401	0.00645	0.00645	0.00322	0.00322
31	0.06515	0.01355	0.01708	0.01350	0.01896	0.01282	0.01104	0.06161	0.12256	0.53898	0.02811	0.02474	0.01833	0.00921	0.00735	0.00233	0.00630	0.00742	0.00866	0.01229
32	0.02811	0.01921	0.02097	0.01616	0.02187	0.02088	0.01332	0.56527	0.03243	0.11974	0.01943	0.01914	0.01358	0.00893	0.00732	0.00221	0.00773	0.00678	0.04456	0.01235
33	0.01734	0.01788	0.05470	0.16695	0.46558	0.01756	0.10657	0.02224	0.01656	0.02319	0.01394	0.01875	0.01127	0.00673	0.00754	0.00230	0.00958	0.00685	0.00360	0.01086
34	0.01922	0.01552	0.01774	0.01752	0.07689	0.01741	0.01265	0.03670	0.54572	0.07753	0.02917	0.02926	0.02233	0.01018	0.00765	0.00252	0.00620	0.03690	0.00730	0.01159
35	0.01080	0.00720	0.00810	0.00810	0.00810	0.00720	0.00450	0.01080	0.01080	0.01439	0.02339	0.04858	0.02699	0.73910	0.03779	0.00720	0.00720	0.01080	0.00450	0.00450
36	0.02848	0.02038	0.02202	0.01688	0.02281	0.02241	0.01395	0.63590	0.03421	0.07991	0.01841	0.01820	0.01292	0.00893	0.00743	0.00223	0.00807	0.00672	0.00752	0.01263
37	0.01846	0.01595	0.01679	0.01511	0.01930	0.01846	0.01175	0.03945	0.67938	0.03105	0.03022	0.02770	0.02266	0.01007	0.00755	0.00252	0.00588	0.00839	0.00755	0.01175
38	0.03197	0.01394	0.01794	0.01384	0.01955	0.01296	0.01140	0.12711	0.04999	0.57723	0.02768	0.02430	0.01772	0.00918	0.00746	0.00230	0.00657	0.00739	0.00887	0.01260
39	0.00922	0.00754	0.00815	0.00799	0.01030	0.00646	0.00600	0.01153	0.01799	0.02258	0.23475	0.06729	0.52866	0.01786	0.00877	0.00246	0.00369	0.01508	0.00723	0.00646
40	0.01080	0.00720	0.00810	0.00810	0.00810	0.00720	0.00450	0.01080	0.01080	0.01439	0.02339	0.04858	0.02699	0.73910	0.03779	0.00720	0.00720	0.01080	0.00450	0.00450
41	0.01080	0.00720	0.00810	0.00810	0.00810	0.00720	0.00450	0.01080	0.01080	0.01439	0.02339	0.04858	0.02699	0.73910	0.03779	0.00720	0.00720	0.01080	0.00450	0.00450
42	0.00904	0.00646	0.00861	0.01034	0.01077	0.00603	0.00689	0.01034	0.01421	0.01895	0.04092	0.73426	0.04910	0.02326	0.00948	0.00301	0.00431	0.02110	0.00689	0.00603
43	0.01061	0.00795	0.01193	0.01193	0.01326	0.00928	0.00928	0.01326	0.01193	0.01723	0.01988	0.02916	0.01856	0.05568	0.70968	0.01193	0.01988	0.00795	0.00398	0.00663
44	0.01489	0.03840	0.70064	0.02116	0.03213	0.01724	0.02743	0.02351	0.01567	0.02351	0.01332	0.01567	0.00940	0.00705	0.00705	0.00235	0.01097	0.00549	0.00313	0.01097
45	0.01752	0.02003	0.04380	0.03129	0.03880	0.01877	0.66583	0.02378	0.01752	0.02378	0.01502	0.02003	0.01126	0.00626	0.00876	0.00250	0.01252	0.00876	0.00375	0.01001
46	0.00877	0.00752	0.00752	0.00752	0.01003	0.00627	0.00564	0.01065	0.01692	0.02005	0.07520	0.07144	0.68978	0.01880	0.00877	0.00251	0.00376	0.01567	0.00689	0.00627
47	0.01533	0.01500	0.02095	0.01833	0.01839	0.02062	0.01506	0.01691	0.01173	0.01800	0.01369	0.10712	0.01473	0.01429	0.02248	0.00322	0.63423	0.00835	0.00371	0.00786
48	0.01539	0.01319	0.01539	0.01100	0.01759	0.00990	0.00880	0.01869	0.01539	0.02419	0.01319	0.01539	0.01100	0.00550	0.00550	0.00110	0.00550	0.00440	0.00440	0.78449
49	0.02028	0.65915	0.03687	0.01348	0.01936	0.07962	0.01298	0.02259	0.01536	0.01754	0.01038	0.01221	0.00954	0.00674	0.00576	0.00168	0.03970	0.00414	0.00323	0.00940
50	0.01985	0.74357	0.03890	0.01270	0.01905	0.02937	0.01270	0.02223	0.01508	0.01747	0.01032	0.01191	0.00953	0.00635	0.00476	0.00159	0.00794	0.00397	0.00318	0.00953
51	0.03331	0.01263	0.01723	0.01321	0.01895	0.01091	0.01091	0.03618	0.02125	0.69794	0.02929	0.02527	0.01838	0.00919	0.00747	0.00230	0.00632	0.00747	0.00919	0.01263
52	0.01080	0.00720	0.00810	0.00810	0.00810	0.00720	0.00450	0.01080	0.01080	0.01439	0.02339	0.04858	0.02699	0.73910	0.03779	0.00720	0.00720	0.01080	0.00450	0.00450
53	0.79154	0.01436	0.01091	0.00976	0.01436	0.01665	0.00804	0.02182	0.01263	0.03331	0.01034	0.01206	0.00804	0.00689	0.00459	0.00230	0.00574	0.00402	0.00459	0.00804
54	0.05621	0.01930	0.06409	0.02706	0.03311	0.01862	0.47874	0.02217	0.01612	0.02314	0.01509	0.05129	0.01251	0.00811	0.01086	0.00262	0.11903	0.00861	0.00384	0.00949
55	0.01752	0.02003	0.04380	0.03129	0.03880	0.01877	0.66583	0.02378	0.01752	0.02378	0.01502	0.02003	0.01126	0.00626	0.00876	0.00250	0.01252	0.00876	0.00375	0.01001
56	0.01196	0.00854	0.01196	0.01367	0.01538	0.00854	0.01196	0.01538	0.01709	0.02222	0.03931	0.08374	0.04272	0.02051	0.01025	0.00342	0.00684	0.64283	0.00684	0.00684
57	0.00877	0.00752	0.00752	0.00752	0.01003	0.00627	0.00564	0.01065	0.01692	0.02005	0.07520	0.07144	0.68978	0.01880	0.00877	0.00251	0.00376	0.01567	0.00689	0.00627
58	0.01415	0.01321	0.02205	0.60679	0.10635	0.01592	0.01994	0.01888	0.01519	0.01961	0.01650	0.02402	0.03548	0.00827	0.00758	0.00249	0.00946	0.03208	0.00360	0.00844
59	0.02773	0.03538	0.02104	0.01913	0.02295	0.70930	0.01434	0.02964	0.02104	0.01817	0.01148	0.01339	0.00956	0.00765	0.00669	0.00191	0.01339	0.00478	0.00383	0.00861
60	0.00904	0.00646	0.00861	0.01034	0.01077	0.00603	0.00689	0.01034	0.01421	0.01895	0.04092	0.73426	0.04910	0.02326	0.00948	0.00301	0.00431	0.02110	0.00689	0.00603
61	0.01489	0.03840	0.70064	0.02116	0.03213	0.01724	0.02743	0.02351	0.01567	0.02351	0.01332	0.01567	0.00940	0.00705	0.00705	0.00235	0.01097	0.00549	0.00313	0.01097

[dist]
# distance from previous block
# <min> <max>
0	42

[block]
# block no. 5 follows, 27 sequences, length 28
# corresponding to MSA columns:
# 302-329
name=unknown_F
#
# <colnr> <probs for GDERKNQSTAVLIFYWHMCP>
#	G	D	E	R	K	N	Q	S	T	A	V	L	I	F	Y	W	H	M	C	P
0	0.02639	0.01923	0.02073	0.01613	0.02157	0.02126	0.01327	0.59211	0.03248	0.04407	0.01836	0.01904	0.01335	0.01110	0.04047	0.00265	0.00840	0.00676	0.06069	0.01195
1	0.01402	0.01319	0.02227	0.72126	0.05113	0.01649	0.02062	0.01897	0.01484	0.01897	0.01319	0.01979	0.00990	0.00742	0.00742	0.00247	0.00990	0.00660	0.00330	0.00825
2	0.79154	0.01436	0.01091	0.00976	0.01436	0.01665	0.00804	0.02182	0.01263	0.03331	0.01034	0.01206	0.00804	0.00689	0.00459	0.00230	0.00574	0.00402	0.00459	0.00804
3	0.01384	0.00692	0.00692	0.00692	0.00865	0.00692	0.00519	0.01730	0.01557	0.02768	0.02422	0.02768	0.01903	0.00865	0.00519	0.00173	0.00346	0.00692	0.78031	0.00692
4	0.29115	0.01326	0.01494	0.01188	0.01729	0.01280	0.00978	0.03006	0.01790	0.42427	0.02170	0.02007	0.01433	0.00815	0.00635	0.00221	0.00606	0.00608	0.00729	0.06442
5	0.00904	0.00646	0.00861	0.01034	0.01077	0.00603	0.00689	0.01034	0.01421	0.01895	0.04092	0.73426	0.04910	0.02326	0.00948	0.00301	0.00431	0.02110	0.00689	0.00603
6	0.00904	0.00646	0.00861	0.01034	0.01077	0.00603	0.00689	0.01034	0.01421	0.01895	0.04092	0.73426	0.04910	0.02326	0.00948	0.00301	0.00431	0.02110	0.00689	0.00603
7	0.64652	0.01502	0.01273	0.01089	0.01573	0.01703	0.00897	0.10122	0.01593	0.08088	0.01256	0.01367	0.00931	0.00730	0.00514	0.00229	0.00608	0.00458	0.00526	0.00891
8	0.00877	0.00752	0.00752	0.00752	0.01003	0.00627	0.00564	0.01065	0.01692	0.02005	0.07520	0.07144	0.68978	0.01880	0.00877	0.00251	0.00376	0.01567	0.00689	0.00627
9	0.01533	0.12345	0.01907	0.01432	0.01653	0.11221	0.01167	0.01766	0.01358	0.01751	0.01557	0.02220	0.01446	0.03438	0.39037	0.00752	0.13620	0.00667	0.00371	0.00759
10	0.02936	0.19042	0.04832	0.01339	0.01947	0.01562	0.01197	0.03233	0.01955	0.50783	0.02410	0.02167	0.01590	0.00842	0.00680	0.00213	0.00689	0.00654	0.00750	0.01182
11	0.01965	0.01654	0.01745	0.01535	0.01976	0.01902	0.01204	0.11571	0.60119	0.03296	0.02871	0.02650	0.02144	0.00993	0.00754	0.00248	0.00615	0.00819	0.00754	0.01186
12	0.01539	0.01319	0.01539	0.01100	0.01759	0.00990	0.00880	0.01869	0.01539	0.02419	0.01319	0.01539	0.01100	0.00550	0.00550	0.00110	0.00550	0.00440	0.00440	0.78449
13	0.01899	0.01621	0.01708	0.01521	0.01950	0.01871	0.01188	0.07331	0.64466	0.03190	0.02955	0.02717	0.02212	0.01001	0.00755	0.00250	0.00600	0.00830	0.00755	0.01180
