[name]
unknown

[dist]
# distance from previous block
# <min> <max>
1	88

[block]
# block no. 0 follows, 26 sequences, length 20
# corresponding to MSA columns:
# 131-150
name=unknown_A
#
# <colnr> <probs for GDERKNQSTAVLIFYWHMCP>
#	G	D	E	R	K	N	Q	S	T	A	V	L	I	F	Y	W	H	M	C	P
0	0.13276	0.09743	0.13578	0.04226	0.02459	0.16179	0.07250	0.02681	0.04539	0.11920	0.01584	0.01761	0.01190	0.00968	0.03375	0.00264	0.02940	0.00596	0.00475	0.00996
1	0.16906	0.09434	0.12366	0.01511	0.03747	0.13077	0.01343	0.07132	0.01820	0.02694	0.09103	0.04280	0.01925	0.01124	0.03897	0.00264	0.00869	0.00681	0.06921	0.00906
2	0.04941	0.30873	0.22519	0.04516	0.02420	0.08090	0.01734	0.02237	0.01591	0.02069	0.01694	0.01891	0.06351	0.00833	0.00741	0.00213	0.05379	0.00581	0.00366	0.00961
3	0.02008	0.26222	0.06527	0.01391	0.01867	0.14601	0.01242	0.06830	0.01855	0.04681	0.07276	0.02115	0.01772	0.01266	0.06843	0.00283	0.00938	0.00623	0.10745	0.00915
4	0.01975	0.13732	0.14235	0.01496	0.02084	0.01819	0.01437	0.16871	0.06197	0.07584	0.09009	0.02674	0.07650	0.00996	0.00785	0.00223	0.03448	0.00771	0.02772	0.04242
5	0.01090	0.06872	0.01261	0.01129	0.01253	0.00968	0.00837	0.01258	0.01507	0.01987	0.06815	0.48830	0.11166	0.02053	0.01042	0.00291	0.06190	0.04128	0.00648	0.00673
6	0.02168	0.62082	0.03697	0.01371	0.02013	0.02895	0.01321	0.12703	0.01872	0.02274	0.01180	0.01316	0.01025	0.00692	0.00531	0.00173	0.00815	0.00451	0.00395	0.01025
7	0.01742	0.01615	0.02415	0.38331	0.03913	0.04700	0.09495	0.12445	0.01884	0.02451	0.01667	0.08166	0.01423	0.00948	0.00899	0.00256	0.05461	0.00824	0.00446	0.00918
8	0.00924	0.00660	0.00880	0.01056	0.01100	0.00616	0.00704	0.01056	0.01452	0.01936	0.04181	0.72848	0.05017	0.02376	0.00968	0.00308	0.00440	0.02156	0.00704	0.00616
9	0.01192	0.01003	0.01067	0.01152	0.01256	0.06571	0.00792	0.01482	0.06715	0.01962	0.03498	0.48945	0.04006	0.10878	0.05408	0.00400	0.00661	0.01706	0.00636	0.00670
10	0.01026	0.00799	0.01112	0.06769	0.01504	0.00844	0.00896	0.01191	0.01433	0.01927	0.03688	0.61240	0.04361	0.02159	0.01078	0.00306	0.06458	0.01913	0.00644	0.00652
11	0.01006	0.00747	0.00937	0.00944	0.01105	0.00678	0.00687	0.01280	0.01906	0.02598	0.41932	0.21793	0.17963	0.01814	0.00912	0.00258	0.00382	0.01599	0.00780	0.00678
12	0.01661	0.01720	0.02931	0.13468	0.03073	0.02105	0.20080	0.02016	0.01398	0.02016	0.01206	0.01828	0.01043	0.01040	0.01756	0.00297	0.40396	0.00732	0.00348	0.00887
13	0.02883	0.02125	0.02276	0.01745	0.02352	0.02352	0.01442	0.66082	0.03566	0.04780	0.01821	0.01821	0.01290	0.00911	0.00759	0.00228	0.00835	0.00683	0.00759	0.01290
14	0.02028	0.73799	0.03975	0.01298	0.01947	0.03001	0.01298	0.02271	0.01541	0.01785	0.01055	0.01217	0.00973	0.00649	0.00487	0.00162	0.00811	0.00406	0.00324	0.00973
15	0.00953	0.00694	0.00850	0.00961	0.01035	0.00643	0.00635	0.01071	0.01436	0.01869	0.04474	0.48293	0.15981	0.15633	0.01499	0.00379	0.00486	0.01858	0.00658	0.00591
16	0.02674	0.01990	0.02190	0.06851	0.02491	0.02219	0.01445	0.56009	0.06303	0.04421	0.01870	0.01921	0.01342	0.00904	0.00751	0.00229	0.00818	0.00691	0.03650	0.01231
17	0.05893	0.01963	0.02116	0.01646	0.02220	0.02153	0.01353	0.53710	0.06281	0.08902	0.04687	0.02055	0.01602	0.00936	0.00753	0.00230	0.00781	0.00714	0.00763	0.01243
18	0.00975	0.00713	0.00905	0.00978	0.01088	0.00655	0.00680	0.01177	0.01684	0.02268	0.24171	0.40827	0.13549	0.05366	0.01071	0.00300	0.00422	0.01797	0.00733	0.00642
19	0.01056	0.00828	0.00972	0.01034	0.01205	0.00795	0.00748	0.01475	0.09516	0.02219	0.10067	0.36602	0.24015	0.02000	0.00920	0.00283	0.00447	0.04392	0.00722	0.00705

[dist]
# distance from previous block
# <min> <max>
0	3

[block]
# block no. 1 follows, 26 sequences, length 7
# corresponding to MSA columns:
# 154-160
name=unknown_B
#
# <colnr> <probs for GDERKNQSTAVLIFYWHMCP>
#	G	D	E	R	K	N	Q	S	T	A	V	L	I	F	Y	W	H	M	C	P
0	0.01488	0.01453	0.02135	0.25001	0.03027	0.04805	0.05902	0.01799	0.01421	0.01922	0.01774	0.14589	0.01771	0.01453	0.04535	0.00330	0.24431	0.00949	0.00410	0.00804
1	0.01764	0.02227	0.10720	0.03097	0.03899	0.01903	0.59794	0.02427	0.01772	0.02427	0.01518	0.02003	0.01133	0.00647	0.00878	0.00254	0.01264	0.00863	0.00378	0.01032
2	0.00896	0.00768	0.00768	0.00768	0.01025	0.00640	0.00576	0.01089	0.01729	0.02049	0.07684	0.07300	0.68304	0.01921	0.00896	0.00256	0.00384	0.01601	0.00704	0.00640
3	0.02028	0.73799	0.03975	0.01298	0.01947	0.03001	0.01298	0.02271	0.01541	0.01785	0.01055	0.01217	0.00973	0.00649	0.00487	0.00162	0.00811	0.00406	0.00324	0.00973
4	0.01568	0.10393	0.63355	0.02082	0.03159	0.01876	0.02663	0.02390	0.01596	0.02345	0.01333	0.01566	0.00962	0.00714	0.00699	0.00233	0.01092	0.00546	0.00321	0.01107
5	0.00936	0.00678	0.00885	0.01027	0.01098	0.00627	0.00696	0.01093	0.01536	0.02046	0.10323	0.62062	0.09654	0.02268	0.00956	0.00298	0.00429	0.02045	0.00716	0.00627
6	0.01057	0.00775	0.00991	0.00937	0.01123	0.00709	0.00703	0.01399	0.02108	0.02949	0.62572	0.05818	0.12854	0.01585	0.00895	0.00240	0.00360	0.01393	0.00823	0.00709

[dist]
# distance from previous block
# <min> <max>
0	1

[block]
# block no. 2 follows, 26 sequences, length 6
# corresponding to MSA columns:
# 162-167
name=unknown_C
#
# <colnr> <probs for GDERKNQSTAVLIFYWHMCP>
#	G	D	E	R	K	N	Q	S	T	A	V	L	I	F	Y	W	H	M	C	P
0	0.01723	0.02061	0.10223	0.03335	0.21383	0.01774	0.37401	0.02297	0.01729	0.02403	0.01685	0.07227	0.01434	0.00787	0.00844	0.00250	0.01097	0.00896	0.00399	0.01051
1	0.02897	0.01302	0.01682	0.01336	0.01851	0.01208	0.01086	0.07506	0.08085	0.49455	0.12336	0.02999	0.02640	0.01033	0.00782	0.00237	0.00612	0.00854	0.00897	0.01200
2	0.01101	0.00820	0.00989	0.01071	0.01182	0.00817	0.00747	0.01468	0.09244	0.02024	0.03963	0.38684	0.09682	0.17174	0.01558	0.00392	0.00540	0.07224	0.00660	0.00662
3	0.01849	0.02405	0.17696	0.09682	0.42322	0.08199	0.02333	0.02376	0.01720	0.02356	0.01381	0.01781	0.01110	0.00703	0.00739	0.00228	0.01003	0.00632	0.00361	0.01122
4	0.01235	0.00950	0.01410	0.12619	0.01979	0.01011	0.03612	0.01511	0.01628	0.04677	0.16332	0.34375	0.04122	0.01690	0.01006	0.00277	0.05877	0.01490	0.03465	0.00733
5	0.09483	0.01920	0.05420	0.06902	0.48802	0.05393	0.02073	0.02446	0.05762	0.02552	0.01474	0.01841	0.01203	0.00712	0.00720	0.00228	0.00890	0.00646	0.00406	0.01127

[dist]
# distance from previous block
# <min> <max>
1	5

[block]
# block no. 3 follows, 26 sequences, length 20
# corresponding to MSA columns:
# 184-203
name=unknown_D
#
# <colnr> <probs for GDERKNQSTAVLIFYWHMCP>
#	G	D	E	R	K	N	Q	S	T	A	V	L	I	F	Y	W	H	M	C	P
0	0.01727	0.02039	0.09769	0.07414	0.16205	0.05835	0.23925	0.02328	0.05746	0.02326	0.01800	0.09333	0.01588	0.00920	0.00929	0.00255	0.05539	0.00893	0.00427	0.01004
1	0.48115	0.04966	0.10130	0.01357	0.01922	0.10031	0.01239	0.09697	0.01705	0.03186	0.01197	0.01362	0.00918	0.00737	0.00561	0.00227	0.00785	0.00470	0.00469	0.00926
2	0.11563	0.01502	0.02208	0.16827	0.19031	0.01635	0.06948	0.02412	0.14681	0.02533	0.02122	0.06768	0.04226	0.00982	0.00820	0.02648	0.00798	0.00826	0.00492	0.00977
3	0.01770	0.01859	0.04933	0.20793	0.36790	0.06162	0.09149	0.02242	0.01705	0.02279	0.01640	0.02098	0.03696	0.00748	0.00769	0.00235	0.00987	0.00719	0.00379	0.01047
4	0.01564	0.09763	0.63944	0.02090	0.03171	0.01865	0.02677	0.02391	0.01596	0.02351	0.01336	0.01569	0.00962	0.00715	0.00701	0.00234	0.01095	0.00548	0.00321	0.01109
5	0.00956	0.00771	0.00850	0.00830	0.01061	0.00665	0.00623	0.01203	0.01868	0.02380	0.27867	0.06755	0.47915	0.01798	0.00896	0.00250	0.00375	0.01524	0.00748	0.00665
6	0.01546	0.03775	0.64755	0.02337	0.07870	0.01764	0.02769	0.02397	0.01610	0.02407	0.01366	0.01621	0.00978	0.00717	0.00723	0.00239	0.01106	0.00569	0.00324	0.01127
7	0.02699	0.02019	0.02336	0.01804	0.02398	0.02209	0.05919	0.50906	0.11649	0.07142	0.02015	0.02000	0.01438	0.00908	0.00770	0.00234	0.00827	0.00724	0.00742	0.01260
8	0.01094	0.00731	0.00830	0.00839	0.00842	0.00729	0.00472	0.01101	0.01121	0.01495	0.02484	0.08521	0.02876	0.69625	0.03709	0.00713	0.00720	0.01158	0.00472	0.00468
9	0.02457	0.01486	0.01874	0.13830	0.02551	0.01584	0.01342	0.10657	0.22200	0.27492	0.04625	0.02567	0.01955	0.00950	0.00768	0.00244	0.00709	0.00786	0.00757	0.01166
10	0.02080	0.13083	0.02374	0.01715	0.02023	0.13889	0.01417	0.13915	0.04400	0.02434	0.01718	0.05586	0.04165	0.01122	0.01341	0.00256	0.26348	0.00723	0.00471	0.00940
11	0.01137	0.06857	0.01216	0.00979	0.01153	0.00896	0.00726	0.01403	0.01852	0.02561	0.44443	0.14314	0.05717	0.11908	0.01297	0.00313	0.00461	0.01359	0.00721	0.00687
12	0.00922	0.00667	0.00873	0.01038	0.01095	0.00618	0.00696	0.01058	0.01470	0.01944	0.04407	0.68617	0.09102	0.02347	0.00964	0.00305	0.00436	0.02120	0.00704	0.00618
13	0.02880	0.02223	0.02268	0.01759	0.02352	0.06835	0.01443	0.61923	0.03473	0.04587	0.01778	0.01791	0.01269	0.00902	0.00754	0.00226	0.00870	0.00670	0.00735	0.01263
14	0.06762	0.22389	0.34647	0.02041	0.08151	0.06641	0.02094	0.02368	0.01594	0.02247	0.01237	0.01483	0.00978	0.00725	0.00711	0.00218	0.03815	0.00518	0.00341	0.01041
15	0.01385	0.00924	0.01220	0.01296	0.01528	0.00901	0.01103	0.01791	0.04774	0.07906	0.07342	0.07497	0.12648	0.01902	0.00984	0.00318	0.00632	0.44356	0.00729	0.00764
16	0.01270	0.01199	0.02163	0.01815	0.02098	0.01186	0.21757	0.01576	0.01564	0.02121	0.05032	0.40132	0.05257	0.01690	0.01071	0.00290	0.06854	0.01583	0.00573	0.00769
17	0.02833	0.02125	0.02133	0.01695	0.02255	0.09594	0.01375	0.44163	0.10377	0.12573	0.02043	0.01983	0.01446	0.00913	0.00753	0.00228	0.00842	0.00691	0.00743	0.01235
18	0.02700	0.02008	0.02185	0.04868	0.02408	0.02235	0.01425	0.56729	0.07832	0.04475	0.01909	0.01934	0.01370	0.00911	0.00752	0.00229	0.00810	0.00695	0.03281	0.01244
19	0.00943	0.00673	0.00901	0.01077	0.01129	0.00632	0.00736	0.01088	0.01470	0.01957	0.04170	0.68861	0.04976	0.02359	0.00973	0.00311	0.00456	0.05961	0.00704	0.00621

[dist]
# distance from previous block
# <min> <max>
0	17

[block]
# block no. 4 follows, 26 sequences, length 16
# corresponding to MSA columns:
# 221-236
name=unknown_E
#
# <colnr> <probs for GDERKNQSTAVLIFYWHMCP>
#	G	D	E	R	K	N	Q	S	T	A	V	L	I	F	Y	W	H	M	C	P
0	0.01872	0.01817	0.03165	0.04565	0.64608	0.01809	0.06262	0.02334	0.01731	0.02475	0.01433	0.01888	0.01198	0.00674	0.00760	0.00227	0.00924	0.00689	0.00376	0.01190
1	0.01589	0.01368	0.01611	0.03929	0.01945	0.01099	0.00968	0.02060	0.06186	0.02500	0.01470	0.01679	0.01203	0.00602	0.00584	0.00128	0.00582	0.00487	0.00468	0.69543
2	0.01324	0.00662	0.00968	0.00968	0.00981	0.00662	0.00650	0.01043	0.01030	0.01424	0.01399	0.02342	0.01362	0.02512	0.02793	0.72467	0.00637	0.00662	0.05756	0.00356
3	0.01413	0.00864	0.01078	0.00971	0.01190	0.00784	0.00704	0.01657	0.01825	0.11629	0.34584	0.04986	0.09683	0.19693	0.01614	0.00359	0.00505	0.01192	0.00725	0.04545
4	0.01699	0.01411	0.01627	0.01193	0.01834	0.01151	0.00954	0.09341	0.01800	0.02719	0.01517	0.04470	0.01299	0.00675	0.00601	0.00134	0.00589	0.00545	0.00496	0.65946
5	0.01551	0.01469	0.02489	0.53704	0.22113	0.01716	0.02165	0.02042	0.01573	0.02082	0.01369	0.01984	0.01062	0.00736	0.00756	0.00245	0.00982	0.00675	0.00347	0.00938
6	0.01026	0.00703	0.00850	0.00926	0.00945	0.00684	0.00565	0.01083	0.01253	0.01671	0.03161	0.34202	0.03731	0.42777	0.02615	0.00551	0.00608	0.01557	0.00565	0.00527
7	0.01774	0.02187	0.09879	0.03219	0.08757	0.01896	0.55742	0.02420	0.01770	0.02431	0.01512	0.01996	0.01139	0.00649	0.00870	0.00252	0.01237	0.00850	0.00378	0.01045
8	0.01762	0.02183	0.17906	0.03575	0.43037	0.01671	0.04636	0.02289	0.01717	0.04821	0.02022	0.02323	0.07063	0.00803	0.00763	0.00233	0.00911	0.00742	0.00412	0.01130
9	0.02675	0.01239	0.01606	0.01313	0.01781	0.01152	0.01063	0.07416	0.06561	0.43466	0.13606	0.06733	0.02982	0.01161	0.00807	0.00245	0.00601	0.03584	0.00877	0.01133
10	0.00981	0.00705	0.00896	0.01026	0.01098	0.00664	0.00706	0.01120	0.01455	0.01908	0.04235	0.48792	0.11007	0.13558	0.01428	0.00375	0.00508	0.08271	0.00665	0.00602
11	0.02580	0.01892	0.02063	0.03913	0.02238	0.02088	0.01333	0.54512	0.03172	0.04273	0.01967	0.05081	0.01561	0.05810	0.00967	0.00264	0.00799	0.00774	0.03543	0.01170
12	0.04433	0.24087	0.02606	0.03409	0.02140	0.02337	0.01342	0.26453	0.11921	0.03193	0.01857	0.03983	0.01541	0.00945	0.00759	0.00224	0.03782	0.03313	0.00585	0.01091
13	0.01687	0.01407	0.01511	0.01250	0.01691	0.04571	0.00952	0.11443	0.07594	0.02643	0.02200	0.15388	0.02143	0.08524	0.01032	0.00247	0.00640	0.00909	0.00569	0.33598
14	0.02283	0.05419	0.05389	0.01853	0.02480	0.01887	0.13940	0.30581	0.02560	0.07898	0.04063	0.03989	0.03992	0.00895	0.00764	0.00222	0.00849	0.00778	0.00623	0.09536
15	0.04055	0.01500	0.07810	0.01511	0.04592	0.01353	0.01217	0.10956	0.15066	0.07313	0.09885	0.19582	0.06414	0.01413	0.00831	0.00262	0.00627	0.03953	0.00697	0.00963

[dist]
# distance from previous block
# <min> <max>
14	39

[block]
# block no. 5 follows, 26 sequences, length 14
# corresponding to MSA columns:
# 279-292
name=unknown_F
#
# <colnr> <probs for GDERKNQSTAVLIFYWHMCP>
#	G	D	E	R	K	N	Q	S	T	A	V	L	I	F	Y	W	H	M	C	P
0	0.03897	0.01165	0.08827	0.04336	0.01578	0.00921	0.01041	0.01499	0.01421	0.05448	0.04922	0.20843	0.03024	0.15285	0.01786	0.13320	0.00679	0.08802	0.00544	0.00662
1	0.04901	0.36073	0.19839	0.01681	0.02415	0.05468	0.05048	0.06875	0.06912	0.02353	0.01375	0.01532	0.01102	0.00722	0.00616	0.00203	0.00914	0.00529	0.00400	0.01043
2	0.02093	0.05393	0.01936	0.01552	0.04703	0.01733	0.01180	0.30259	0.07094	0.03355	0.02094	0.10461	0.01879	0.07311	0.01003	0.00258	0.00713	0.00847	0.00630	0.15506
3	0.00950	0.00679	0.00910	0.01086	0.01141	0.00638	0.00749	0.01101	0.01478	0.01965	0.04166	0.67249	0.04960	0.02352	0.00975	0.00312	0.00463	0.07500	0.00704	0.00623
4	0.01010	0.00773	0.00926	0.00887	0.01094	0.00689	0.00666	0.01308	0.01997	0.02685	0.46462	0.06253	0.29129	0.01684	0.00895	0.00245	0.00367	0.01454	0.00788	0.00689
5	0.02883	0.02125	0.02276	0.01745	0.02352	0.02352	0.01442	0.66082	0.03566	0.04780	0.01821	0.01821	0.01290	0.00911	0.00759	0.00228	0.00835	0.00683	0.00759	0.01290
6	0.01573	0.01348	0.01573	0.01123	0.01798	0.01011	0.00899	0.01910	0.01573	0.02472	0.01348	0.01573	0.01123	0.00562	0.00562	0.00112	0.00562	0.00449	0.00449	0.77980
7	0.02883	0.02125	0.02276	0.01745	0.02352	0.02352	0.01442	0.66082	0.03566	0.04780	0.01821	0.01821	0.01290	0.00911	0.00759	0.00228	0.00835	0.00683	0.00759	0.01290
8	0.01573	0.01348	0.01573	0.01123	0.01798	0.01011	0.00899	0.01910	0.01573	0.02472	0.01348	0.01573	0.01123	0.00562	0.00562	0.00112	0.00562	0.00449	0.00449	0.77980
9	0.00940	0.00667	0.00876	0.01036	0.01077	0.00626	0.00683	0.01060	0.01422	0.01896	0.04026	0.66976	0.04821	0.08515	0.01218	0.00345	0.00466	0.02065	0.00683	0.00603
10	0.01074	0.00775	0.01014	0.00954	0.01133	0.00716	0.00716	0.01431	0.02147	0.03042	0.68211	0.05666	0.07157	0.01551	0.00895	0.00239	0.00358	0.01372	0.00835	0.00716
11	0.02793	0.02008	0.02240	0.01740	0.02280	0.02250	0.01439	0.54171	0.03196	0.09600	0.01826	0.01864	0.01305	0.00958	0.00946	0.00239	0.08490	0.00687	0.00727	0.01240
12	0.01318	0.00659	0.00988	0.00988	0.00988	0.00659	0.00659	0.00988	0.00988	0.01318	0.01318	0.02306	0.01318	0.02635	0.02964	0.77931	0.00659	0.00659	0.00329	0.00329
13	0.01472	0.01402	0.02283	0.59450	0.04663	0.01796	0.02029	0.01918	0.01455	0.01918	0.01287	0.01959	0.01008	0.00857	0.01059	0.00267	0.13327	0.00672	0.00336	0.00840

[dist]
# distance from previous block
# <min> <max>
1	3

[block]
# block no. 6 follows, 26 sequences, length 8
# corresponding to MSA columns:
# 296-303
name=unknown_G
#
# <colnr> <probs for GDERKNQSTAVLIFYWHMCP>
#	G	D	E	R	K	N	Q	S	T	A	V	L	I	F	Y	W	H	M	C	P
0	0.23815	0.29059	0.10317	0.01465	0.02058	0.18045	0.01376	0.02450	0.01618	0.02330	0.01118	0.01301	0.00930	0.00703	0.00554	0.00199	0.00912	0.00444	0.00380	0.00926
1	0.01531	0.00985	0.01328	0.09641	0.01751	0.01092	0.04022	0.01889	0.01551	0.05412	0.02130	0.02560	0.01683	0.01147	0.04269	0.00261	0.08473	0.00715	0.48785	0.00776
2	0.02371	0.02451	0.01950	0.01725	0.02161	0.28162	0.01331	0.11200	0.34543	0.02864	0.02199	0.02147	0.01678	0.00920	0.00737	0.00230	0.00923	0.00695	0.00624	0.01088
3	0.01704	0.01338	0.01487	0.01277	0.01656	0.06426	0.03602	0.02400	0.15826	0.10734	0.21650	0.04156	0.15487	0.01251	0.00808	0.00232	0.00582	0.01063	0.00724	0.07595
4	0.01653	0.19637	0.50500	0.02031	0.03023	0.02052	0.06429	0.02374	0.01600	0.02264	0.01303	0.01542	0.00976	0.00699	0.00679	0.00224	0.01061	0.00546	0.00325	0.01081
5	0.12438	0.01562	0.02244	0.32882	0.17236	0.01761	0.01808	0.11114	0.01865	0.07815	0.01517	0.01899	0.01130	0.00769	0.00718	0.00240	0.00878	0.00647	0.00468	0.01011
6	0.60761	0.01804	0.01374	0.01200	0.01675	0.10127	0.00971	0.09658	0.01657	0.03373	0.01158	0.01316	0.00894	0.00737	0.00529	0.00229	0.00710	0.00451	0.00493	0.00882
7	0.01471	0.01387	0.02344	0.65746	0.10698	0.01695	0.02126	0.01972	0.01535	0.01985	0.01355	0.02010	0.01028	0.00751	0.00758	0.00250	0.01002	0.00674	0.00340	0.00874

[dist]
# distance from previous block
# <min> <max>
0	1

[block]
# block no. 7 follows, 26 sequences, length 18
# corresponding to MSA columns:
# 305-322
name=unknown_H
#
# <colnr> <probs for GDERKNQSTAVLIFYWHMCP>
#	G	D	E	R	K	N	Q	S	T	A	V	L	I	F	Y	W	H	M	C	P
0	0.00976	0.00696	0.00925	0.01068	0.01137	0.00656	0.00745	0.01147	0.01540	0.02067	0.10918	0.56803	0.05091	0.05164	0.01086	0.00322	0.00468	0.07857	0.00708	0.00628
1	0.01103	0.00735	0.00827	0.00827	0.00827	0.00735	0.00460	0.01103	0.01103	0.01471	0.02390	0.04964	0.02758	0.73343	0.03861	0.00735	0.00735	0.01103	0.00460	0.00460
2	0.01046	0.00767	0.01068	0.01305	0.04185	0.00737	0.00914	0.01250	0.01543	0.02049	0.04016	0.52568	0.04676	0.02227	0.00980	0.00315	0.00529	0.18475	0.00688	0.00664
3	0.00924	0.00660	0.00880	0.01056	0.01100	0.00616	0.00704	0.01056	0.01452	0.01936	0.04181	0.72848	0.05017	0.02376	0.00968	0.00308	0.00440	0.02156	0.00704	0.00616
4	0.01887	0.01629	0.01715	0.01544	0.01972	0.01887	0.01201	0.04031	0.67241	0.03173	0.03087	0.02830	0.02315	0.01029	0.00772	0.00257	0.00600	0.00858	0.00772	0.01201
5	0.01573	0.01348	0.01573	0.01123	0.01798	0.01011	0.00899	0.01910	0.01573	0.02472	0.01348	0.01573	0.01123	0.00562	0.00562	0.00112	0.00562	0.00449	0.00449	0.77980
6	0.00924	0.00660	0.00880	0.01056	0.01100	0.00616	0.00704	0.01056	0.01452	0.01936	0.04181	0.72848	0.05017	0.02376	0.00968	0.00308	0.00440	0.02156	0.00704	0.00616
7	0.01573	0.01348	0.01573	0.01123	0.01798	0.01011	0.00899	0.01910	0.01573	0.02472	0.01348	0.01573	0.01123	0.00562	0.00562	0.00112	0.00562	0.00449	0.00449	0.77980
8	0.01219	0.01040	0.01562	0.01792	0.11793	0.01038	0.04775	0.01488	0.01627	0.02179	0.08052	0.28416	0.14501	0.01774	0.01030	0.00287	0.05486	0.10558	0.00617	0.00767
9	0.18921	0.01753	0.01960	0.08209	0.06094	0.01904	0.01341	0.30418	0.02385	0.03626	0.01487	0.01671	0.01121	0.00796	0.00719	0.00216	0.02994	0.00585	0.00572	0.13226
10	0.02063	0.01745	0.02795	0.06834	0.51877	0.01771	0.02087	0.06409	0.05592	0.08865	0.01688	0.02000	0.01325	0.00738	0.00754	0.00229	0.00861	0.00695	0.00472	0.01200
11	0.02434	0.01423	0.01675	0.01357	0.01828	0.01435	0.01095	0.20926	0.09495	0.25359	0.14974	0.03393	0.08926	0.01144	0.00799	0.00238	0.00618	0.00939	0.00829	0.01115
12	0.01313	0.01251	0.09737	0.01223	0.01468	0.00968	0.01003	0.07413	0.01621	0.04663	0.03177	0.40118	0.03556	0.17057	0.01524	0.00380	0.00634	0.01540	0.00617	0.00735
13	0.02081	0.01567	0.01814	0.01710	0.08020	0.01689	0.01195	0.33504	0.06439	0.03361	0.02282	0.11357	0.02138	0.17617	0.01493	0.00355	0.00755	0.00970	0.00649	0.01004
14	0.02315	0.01715	0.01881	0.01555	0.02005	0.01875	0.01236	0.45346	0.07105	0.03944	0.02510	0.20189	0.02316	0.01296	0.00814	0.00250	0.00718	0.01074	0.00746	0.01111
15	0.01931	0.01790	0.02927	0.10629	0.56393	0.01844	0.02223	0.08347	0.01882	0.02646	0.01457	0.01886	0.01192	0.00706	0.00752	0.00228	0.00905	0.00676	0.00408	0.01176
16	0.08756	0.01268	0.01653	0.07868	0.08205	0.01434	0.01232	0.04431	0.01535	0.02472	0.01819	0.06545	0.01637	0.01295	0.04985	0.00293	0.15235	0.02717	0.17458	0.09160
17	0.01689	0.06301	0.03118	0.06566	0.09655	0.01628	0.28579	0.02171	0.01698	0.02389	0.03554	0.02164	0.01419	0.00704	0.00755	0.00208	0.00940	0.02787	0.00419	0.23253

[dist]
# distance from previous block
# <min> <max>
1	7

[block]
# block no. 8 follows, 26 sequences, length 8
# corresponding to MSA columns:
# 330-337
name=unknown_I
#
# <colnr> <probs for GDERKNQSTAVLIFYWHMCP>
#	G	D	E	R	K	N	Q	S	T	A	V	L	I	F	Y	W	H	M	C	P
0	0.01744	0.08217	0.03717	0.05123	0.10133	0.01394	0.01252	0.02392	0.12823	0.11814	0.19509	0.10489	0.03487	0.01226	0.00801	0.00244	0.00623	0.03367	0.00676	0.00968
1	0.01517	0.00971	0.01138	0.01078	0.01237	0.00983	0.00735	0.07848	0.06327	0.08799	0.02897	0.21382	0.03065	0.35965	0.02298	0.00494	0.00652	0.01276	0.00621	0.00716
2	0.04766	0.12262	0.28310	0.02696	0.20676	0.07084	0.05473	0.05775	0.01770	0.02465	0.01346	0.01629	0.01051	0.00709	0.00697	0.00222	0.01012	0.00584	0.00373	0.01098
3	0.10710	0.06885	0.08696	0.23145	0.11315	0.14616	0.01793	0.05569	0.01764	0.02357	0.01456	0.02075	0.01213	0.00823	0.00706	0.00234	0.00985	0.04309	0.00408	0.00941
4	0.01187	0.05576	0.01203	0.01015	0.01265	0.00974	0.00793	0.05973	0.01801	0.02303	0.12669	0.12181	0.32057	0.04992	0.07619	0.00369	0.00641	0.06004	0.00661	0.00716
5	0.01980	0.01389	0.01706	0.06680	0.06960	0.01496	0.01205	0.06547	0.28192	0.14009	0.04493	0.07126	0.02359	0.10992	0.01206	0.00317	0.00676	0.00930	0.00693	0.01045
6	0.02453	0.01919	0.02008	0.01547	0.02120	0.05118	0.01249	0.43640	0.02865	0.03878	0.01716	0.01949	0.01333	0.05605	0.00913	0.00232	0.00789	0.00646	0.00649	0.19369
7	0.10215	0.19309	0.02533	0.01871	0.08227	0.25494	0.01405	0.10722	0.04876	0.06608	0.01433	0.01560	0.01134	0.00769	0.00640	0.00203	0.00971	0.00536	0.00478	0.01016

[dist]
# distance from previous block
# <min> <max>
0	68

[block]
# block no. 9 follows, 26 sequences, length 14
# corresponding to MSA columns:
# 418-431
name=unknown_J
#
# <colnr> <probs for GDERKNQSTAVLIFYWHMCP>
#	G	D	E	R	K	N	Q	S	T	A	V	L	I	F	Y	W	H	M	C	P
0	0.05554	0.01050	0.01139	0.01182	0.01350	0.06040	0.00868	0.04206	0.01706	0.05358	0.10554	0.41090	0.04220	0.01929	0.00975	0.03142	0.00568	0.07672	0.00681	0.00715
1	0.01076	0.00846	0.01159	0.07374	0.01580	0.00857	0.00905	0.01274	0.01491	0.02039	0.07376	0.52322	0.04226	0.01972	0.01009	0.00285	0.05033	0.01747	0.00636	0.06792
2	0.17695	0.07431	0.21864	0.01585	0.04836	0.01504	0.03868	0.02039	0.01670	0.02732	0.18513	0.02670	0.02617	0.01099	0.03097	0.00264	0.00782	0.00758	0.04066	0.00908
3	0.38310	0.01851	0.04220	0.01551	0.06803	0.09486	0.01179	0.11309	0.01863	0.08451	0.05060	0.01847	0.01422	0.02863	0.00708	0.00243	0.00751	0.00583	0.00545	0.00955
4	0.01716	0.06813	0.15922	0.01519	0.01996	0.17090	0.01406	0.02323	0.09484	0.02455	0.21032	0.05086	0.05260	0.03596	0.00874	0.00246	0.00822	0.00898	0.00565	0.00897
5	0.02291	0.01878	0.14726	0.01531	0.02117	0.01451	0.01426	0.16157	0.06164	0.23079	0.05579	0.13063	0.02300	0.01131	0.00785	0.00243	0.00727	0.00943	0.00714	0.03693
6	0.01520	0.01216	0.06621	0.01243	0.01580	0.01021	0.01061	0.02113	0.11259	0.11570	0.18142	0.14164	0.12963	0.01570	0.00878	0.00269	0.00558	0.10638	0.00743	0.00869
7	0.01777	0.04311	0.10391	0.03657	0.46590	0.03783	0.02110	0.02212	0.01647	0.02314	0.01545	0.02269	0.01381	0.06522	0.01066	0.00273	0.03897	0.02787	0.00384	0.01084
8	0.02217	0.01788	0.02028	0.01570	0.02165	0.04851	0.04941	0.22832	0.14432	0.06928	0.01912	0.01957	0.01433	0.00794	0.00699	0.00195	0.00739	0.00644	0.00627	0.27250
9	0.02087	0.01400	0.01571	0.01345	0.01779	0.01470	0.01064	0.10600	0.29492	0.17039	0.08622	0.03664	0.14166	0.01193	0.00800	0.00247	0.00581	0.00987	0.00798	0.01094
10	0.20777	0.01317	0.01397	0.01086	0.01653	0.01148	0.00862	0.01914	0.01492	0.02657	0.01527	0.07820	0.01394	0.00758	0.00575	0.00160	0.00557	0.00591	0.00477	0.51838
11	0.01800	0.07349	0.09577	0.03392	0.01979	0.14359	0.01294	0.08141	0.06022	0.04947	0.02824	0.19735	0.08281	0.01589	0.04994	0.00303	0.00884	0.01077	0.00563	0.00890
12	0.18078	0.02203	0.11911	0.03210	0.35577	0.07867	0.05844	0.02386	0.01659	0.02604	0.01324	0.01668	0.01065	0.00695	0.00690	0.00229	0.00930	0.00601	0.00389	0.01071
13	0.01596	0.01533	0.01536	0.01389	0.04319	0.12783	0.01015	0.01896	0.01828	0.02473	0.22451	0.08488	0.03292	0.01093	0.00816	0.00196	0.03944	0.00899	0.00572	0.27882

[dist]
# distance from previous block
# <min> <max>
13	32

[block]
# block no. 10 follows, 26 sequences, length 22
# corresponding to MSA columns:
# 465-486
name=unknown_K
#
# <colnr> <probs for GDERKNQSTAVLIFYWHMCP>
#	G	D	E	R	K	N	Q	S	T	A	V	L	I	F	Y	W	H	M	C	P
0	0.01218	0.00795	0.01063	0.01085	0.01254	0.00742	0.00826	0.01507	0.01888	0.07163	0.35075	0.24601	0.05726	0.01830	0.00932	0.00276	0.00458	0.12054	0.00783	0.00725
1	0.01364	0.01008	0.01316	0.01412	0.01634	0.01044	0.01211	0.04772	0.08949	0.02511	0.06237	0.07519	0.04108	0.01905	0.00999	0.00330	0.00681	0.51504	0.00714	0.00781
2	0.01887	0.01629	0.01715	0.01544	0.01972	0.01887	0.01201	0.04031	0.67241	0.03173	0.03087	0.02830	0.02315	0.01029	0.00772	0.00257	0.00600	0.00858	0.00772	0.01201
3	0.01573	0.01348	0.01573	0.01123	0.01798	0.01011	0.00899	0.01910	0.01573	0.02472	0.01348	0.01573	0.01123	0.00562	0.00562	0.00112	0.00562	0.00449	0.00449	0.77980
4	0.04687	0.00797	0.00849	0.00826	0.01003	0.00853	0.00634	0.01758	0.01527	0.02717	0.02302	0.02711	0.01843	0.01271	0.06036	0.00268	0.04245	0.00700	0.64257	0.00716
5	0.01030	0.00757	0.01016	0.05923	0.01406	0.00750	0.00809	0.03108	0.01500	0.01995	0.03804	0.61666	0.04489	0.06533	0.01123	0.00328	0.00509	0.01945	0.00666	0.00643
6	0.01848	0.01963	0.07737	0.04397	0.60248	0.01806	0.06152	0.02339	0.01722	0.02470	0.01429	0.01868	0.01182	0.00677	0.00757	0.00228	0.00939	0.00681	0.00372	0.01185
7	0.01204	0.00899	0.01232	0.05488	0.01700	0.00913	0.01155	0.01603	0.04206	0.02296	0.08499	0.12958	0.08452	0.01950	0.00993	0.00323	0.00648	0.44075	0.00690	0.00717
8	0.02883	0.02125	0.02276	0.01745	0.02352	0.02352	0.01442	0.66082	0.03566	0.04780	0.01821	0.01821	0.01290	0.00911	0.00759	0.00228	0.00835	0.00683	0.00759	0.01290
9	0.01632	0.01366	0.01585	0.01165	0.01798	0.01087	0.00928	0.06594	0.01713	0.02611	0.01546	0.05689	0.01360	0.00692	0.00600	0.00132	0.00575	0.00565	0.00487	0.67875
10	0.01520	0.01292	0.01516	0.01118	0.01741	0.00979	0.00883	0.01840	0.01563	0.02428	0.01579	0.07385	0.01441	0.00710	0.00595	0.00128	0.00552	0.00589	0.00470	0.71671
11	0.01854	0.01778	0.03037	0.08159	0.65290	0.01796	0.02316	0.02307	0.01716	0.02450	0.01423	0.01885	0.01191	0.00680	0.00751	0.00227	0.00907	0.00676	0.00373	0.01183
12	0.02559	0.01955	0.02096	0.01656	0.02225	0.02153	0.01348	0.47062	0.18589	0.04245	0.02091	0.02045	0.01523	0.00916	0.00749	0.00227	0.00761	0.00709	0.00741	0.06350
13	0.01395	0.00756	0.00831	0.05938	0.01200	0.00781	0.00642	0.01736	0.01553	0.02672	0.02386	0.02910	0.01929	0.05675	0.00768	0.00219	0.00427	0.00731	0.66750	0.00701
14	0.01496	0.01102	0.01371	0.01379	0.06050	0.01111	0.00970	0.04462	0.15861	0.07323	0.34240	0.08608	0.10154	0.01397	0.00850	0.00247	0.00490	0.01216	0.00775	0.00898
15	0.00955	0.00682	0.00916	0.01092	0.01149	0.00643	0.00758	0.01110	0.01483	0.01971	0.04164	0.66171	0.04949	0.02347	0.00976	0.00312	0.00467	0.08527	0.00704	0.00625
16	0.00974	0.00681	0.00865	0.00993	0.01024	0.00649	0.00636	0.01069	0.01355	0.01807	0.03683	0.53994	0.04389	0.22087	0.01772	0.00427	0.00522	0.01864	0.00636	0.00573
17	0.01620	0.03334	0.50989	0.02855	0.21428	0.01773	0.02671	0.02381	0.01636	0.02423	0.01379	0.01678	0.01028	0.00708	0.00729	0.00236	0.01060	0.00593	0.00336	0.01143
18	0.01573	0.01348	0.01573	0.01123	0.01798	0.01011	0.00899	0.01910	0.01573	0.02472	0.01348	0.01573	0.01123	0.00562	0.00562	0.00112	0.00562	0.00449	0.00449	0.77980
19	0.01327	0.00963	0.01087	0.00993	0.01268	0.00908	0.00756	0.09774	0.02068	0.05712	0.23139	0.09754	0.33692	0.03946	0.00971	0.00265	0.00462	0.01397	0.00751	0.00768
20	0.02442	0.01880	0.02084	0.01588	0.02175	0.01978	0.01305	0.44214	0.02861	0.03953	0.01638	0.01742	0.01225	0.00840	0.00813	0.00202	0.05235	0.00617	0.00646	0.22561
21	0.01646	0.03491	0.55981	0.02435	0.09249	0.01752	0.07346	0.02447	0.01649	0.04959	0.01442	0.01697	0.01032	0.00719	0.00738	0.00240	0.01094	0.00603	0.00354	0.01128

[dist]
# distance from previous block
# <min> <max>
4	9

[block]
# block no. 11 follows, 26 sequences, length 11
# corresponding to MSA columns:
# 496-506
name=unknown_L
#
# <colnr> <probs for GDERKNQSTAVLIFYWHMCP>
#	G	D	E	R	K	N	Q	S	T	A	V	L	I	F	Y	W	H	M	C	P
0	0.44223	0.01620	0.04532	0.14751	0.06892	0.04238	0.01315	0.02295	0.01489	0.07492	0.01408	0.01836	0.01111	0.00788	0.00606	0.00241	0.00750	0.03049	0.00470	0.00894
1	0.17127	0.05783	0.01475	0.01119	0.01523	0.01202	0.00894	0.02449	0.01800	0.28247	0.13695	0.05891	0.06033	0.08294	0.01033	0.00284	0.00584	0.00903	0.00722	0.00941
2	0.01325	0.01061	0.01559	0.24263	0.02569	0.01261	0.01289	0.01694	0.01560	0.02276	0.14648	0.03005	0.02533	0.01853	0.12950	0.00412	0.09240	0.00839	0.14902	0.00762
3	0.01933	0.01745	0.02954	0.08760	0.60848	0.01757	0.02246	0.02379	0.01738	0.06141	0.01509	0.01926	0.01227	0.00696	0.00752	0.00228	0.00894	0.00681	0.00404	0.01183
4	0.02518	0.02050	0.01917	0.01611	0.02070	0.15133	0.01306	0.34830	0.02758	0.07114	0.02136	0.02835	0.01765	0.01053	0.00763	0.00234	0.00861	0.09609	0.08370	0.01067
5	0.02182	0.01563	0.01724	0.01506	0.01965	0.01736	0.01184	0.03966	0.54578	0.16010	0.03069	0.02782	0.02230	0.01012	0.00770	0.00253	0.00609	0.00839	0.00804	0.01218
6	0.01411	0.01115	0.01254	0.00976	0.01476	0.00882	0.00767	0.01723	0.01607	0.02456	0.02792	0.02922	0.14351	0.00887	0.00621	0.00152	0.00488	0.00722	0.14934	0.48462
7	0.01396	0.01002	0.01087	0.00988	0.01151	0.01020	0.00666	0.13265	0.01686	0.02203	0.03314	0.04830	0.15239	0.45883	0.02703	0.00547	0.00686	0.01121	0.00563	0.00650
8	0.16665	0.01725	0.10890	0.01254	0.01946	0.01254	0.01158	0.02127	0.01551	0.05890	0.01373	0.01560	0.01079	0.00630	0.00576	0.00160	0.00648	0.00473	0.00459	0.48583
9	0.16330	0.01050	0.01172	0.03596	0.01466	0.01100	0.00856	0.06168	0.05522	0.02957	0.30295	0.16885	0.06872	0.01452	0.00805	0.00252	0.00489	0.01238	0.00708	0.00786
10	0.62540	0.01505	0.01332	0.05993	0.01831	0.01723	0.00981	0.07775	0.01552	0.07147	0.01252	0.01414	0.00935	0.00739	0.00531	0.00235	0.00641	0.00472	0.00512	0.00890

[dist]
# distance from previous block
# <min> <max>
0	14

[block]
# block no. 12 follows, 26 sequences, length 24
# corresponding to MSA columns:
# 522-545
name=unknown_M
#
# <colnr> <probs for GDERKNQSTAVLIFYWHMCP>
#	G	D	E	R	K	N	Q	S	T	A	V	L	I	F	Y	W	H	M	C	P
0	0.02883	0.02125	0.02276	0.01745	0.02352	0.02352	0.01442	0.66082	0.03566	0.04780	0.01821	0.01821	0.01290	0.00911	0.00759	0.00228	0.00835	0.00683	0.00759	0.01290
1	0.07268	0.08588	0.02362	0.01661	0.02263	0.02373	0.01392	0.56535	0.03249	0.04428	0.01707	0.01732	0.01234	0.00875	0.00717	0.00222	0.00818	0.00642	0.00702	0.01234
2	0.35524	0.04264	0.01744	0.04533	0.02014	0.05971	0.01154	0.26179	0.02238	0.03636	0.01715	0.01818	0.04597	0.00851	0.00627	0.00229	0.00742	0.00592	0.00575	0.00997
3	0.08103	0.08914	0.05053	0.01468	0.01986	0.07911	0.01248	0.32250	0.02553	0.03395	0.02704	0.02790	0.13478	0.03821	0.00847	0.00244	0.00787	0.00797	0.00621	0.01029
4	0.08714	0.22755	0.32769	0.01927	0.02784	0.02094	0.11104	0.02413	0.01609	0.05349	0.01347	0.01569	0.01020	0.00698	0.00660	0.00220	0.00988	0.00561	0.00372	0.01047
5	0.13076	0.03683	0.04607	0.01693	0.08738	0.01524	0.01276	0.11416	0.06869	0.27252	0.09993	0.02523	0.02174	0.00937	0.00727	0.00233	0.00676	0.00755	0.00724	0.01126
6	0.02488	0.01708	0.01924	0.01521	0.02076	0.01785	0.01235	0.31088	0.14879	0.14492	0.02190	0.02159	0.01586	0.01138	0.04420	0.00269	0.00782	0.00700	0.00725	0.12835
7	0.09174	0.27849	0.28698	0.08987	0.02824	0.02170	0.04065	0.02330	0.01564	0.04182	0.01276	0.01518	0.00990	0.00701	0.00625	0.00214	0.00941	0.00521	0.00358	0.01013
8	0.20480	0.30486	0.02666	0.01472	0.01892	0.11077	0.01290	0.02252	0.01469	0.02193	0.01056	0.01344	0.00943	0.00839	0.00980	0.00224	0.17599	0.00478	0.00369	0.00891
9	0.01099	0.00791	0.01005	0.01118	0.01212	0.00771	0.00770	0.06864	0.01641	0.02190	0.03970	0.66504	0.04684	0.02245	0.00949	0.00301	0.00475	0.02025	0.00709	0.00676
10	0.08596	0.01291	0.01603	0.01532	0.07648	0.01287	0.01103	0.03038	0.14388	0.30165	0.02803	0.02712	0.04691	0.01142	0.03549	0.00271	0.00659	0.00775	0.11658	0.01092
11	0.01805	0.01290	0.01574	0.01558	0.06634	0.01343	0.01102	0.20884	0.04716	0.06390	0.08654	0.20290	0.03213	0.10247	0.01224	0.00322	0.00660	0.06489	0.00692	0.00915
12	0.01828	0.01752	0.02990	0.12047	0.61605	0.01789	0.02303	0.02285	0.01704	0.02418	0.01418	0.01893	0.01180	0.00685	0.00752	0.00228	0.00913	0.00676	0.00371	0.01162
13	0.01085	0.00809	0.01198	0.01198	0.01326	0.00937	0.00922	0.01341	0.01213	0.01745	0.02051	0.03086	0.01943	0.09325	0.66765	0.01193	0.01962	0.00828	0.00409	0.00666
14	0.01573	0.01348	0.01573	0.01123	0.01798	0.01011	0.00899	0.01910	0.01573	0.02472	0.01348	0.01573	0.01123	0.00562	0.00562	0.00112	0.00562	0.00449	0.00449	0.77980
15	0.01521	0.03923	0.69413	0.02162	0.03283	0.01762	0.02802	0.02402	0.01601	0.02402	0.01361	0.01601	0.00961	0.00721	0.00721	0.00240	0.01121	0.00560	0.00320	0.01121
16	0.00922	0.00670	0.00870	0.01030	0.01093	0.00618	0.00693	0.01059	0.01477	0.01946	0.04494	0.66993	0.10670	0.02336	0.00962	0.00303	0.00435	0.02107	0.00704	0.00618
17	0.01024	0.00720	0.00935	0.01062	0.01126	0.00693	0.00743	0.01175	0.01458	0.01941	0.06517	0.43414	0.04492	0.17993	0.01619	0.00407	0.00548	0.12877	0.00655	0.00601
18	0.74240	0.01456	0.01153	0.01018	0.01495	0.01667	0.00839	0.02317	0.01343	0.07298	0.01171	0.01312	0.00884	0.00718	0.00487	0.00235	0.00590	0.00432	0.00497	0.00849
19	0.00912	0.00762	0.00797	0.00822	0.01054	0.00647	0.00614	0.01104	0.01702	0.02046	0.07190	0.13904	0.59468	0.01973	0.00910	0.00265	0.00402	0.04083	0.00704	0.00640
20	0.01816	0.01926	0.03487	0.15207	0.26836	0.05513	0.29255	0.02343	0.01741	0.02333	0.01446	0.01946	0.01136	0.00680	0.00810	0.00241	0.01105	0.00759	0.00373	0.01048
21	0.01496	0.01374	0.02243	0.06913	0.02334	0.01559	0.15726	0.01934	0.07304	0.02132	0.02115	0.17047	0.02081	0.01405	0.01453	0.06456	0.19557	0.01051	0.05007	0.00815
22	0.06633	0.05473	0.07874	0.01451	0.02017	0.06097	0.01276	0.09437	0.08050	0.30481	0.09165	0.02510	0.02142	0.00940	0.00733	0.00227	0.00725	0.00744	0.00732	0.03292
23	0.01594	0.05322	0.02037	0.01544	0.01967	0.07491	0.10069	0.01915	0.01555	0.02173	0.01922	0.04195	0.04850	0.01755	0.13659	0.00384	0.07699	0.00725	0.06192	0.22950

[dist]
# distance from previous block
# <min> <max>
6	9

[block]
# block no. 13 follows, 26 sequences, length 25
# corresponding to MSA columns:
# 555-579
name=unknown_N
#
# <colnr> <probs for GDERKNQSTAVLIFYWHMCP>
#	G	D	E	R	K	N	Q	S	T	A	V	L	I	F	Y	W	H	M	C	P
0	0.01415	0.07432	0.01416	0.01238	0.04763	0.00991	0.00879	0.01676	0.01821	0.10004	0.27841	0.24145	0.08026	0.03727	0.00944	0.00266	0.00496	0.01409	0.00722	0.00789
1	0.01734	0.19714	0.51000	0.01923	0.02909	0.02011	0.02372	0.02439	0.01617	0.05712	0.01376	0.01564	0.01011	0.00716	0.00669	0.00222	0.01026	0.00536	0.00353	0.01096
2	0.02554	0.02137	0.18619	0.01652	0.02335	0.01617	0.01608	0.18843	0.06046	0.27899	0.02232	0.02191	0.01530	0.01221	0.05709	0.00306	0.00907	0.00702	0.00693	0.01200
3	0.02883	0.02125	0.02276	0.01745	0.02352	0.02352	0.01442	0.66082	0.03566	0.04780	0.01821	0.01821	0.01290	0.00911	0.00759	0.00228	0.00835	0.00683	0.00759	0.01290
4	0.01573	0.01348	0.01573	0.01123	0.01798	0.01011	0.00899	0.01910	0.01573	0.02472	0.01348	0.01573	0.01123	0.00562	0.00562	0.00112	0.00562	0.00449	0.00449	0.77980
5	0.06757	0.23321	0.06219	0.01321	0.01769	0.08396	0.01176	0.06620	0.03863	0.02594	0.21940	0.05830	0.03186	0.01091	0.00708	0.00217	0.00707	0.02828	0.00567	0.00891
6	0.01267	0.00666	0.00965	0.00979	0.00982	0.00662	0.00644	0.01004	0.01035	0.01380	0.01638	0.08055	0.01736	0.08985	0.02889	0.64914	0.00649	0.00816	0.00370	0.00364
7	0.01145	0.00739	0.00959	0.01085	0.03734	0.00720	0.00698	0.01230	0.01357	0.01916	0.03160	0.28035	0.07730	0.12894	0.04519	0.14767	0.00591	0.01336	0.12806	0.00582
8	0.01173	0.00834	0.01002	0.01029	0.01131	0.00840	0.00732	0.01446	0.05746	0.01968	0.09640	0.05909	0.06518	0.40174	0.02516	0.00535	0.00664	0.16953	0.00589	0.00602
9	0.02883	0.02125	0.02276	0.01745	0.02352	0.02352	0.01442	0.66082	0.03566	0.04780	0.01821	0.01821	0.01290	0.00911	0.00759	0.00228	0.00835	0.00683	0.00759	0.01290
10	0.01573	0.01348	0.01573	0.01123	0.01798	0.01011	0.00899	0.01910	0.01573	0.02472	0.01348	0.01573	0.01123	0.00562	0.00562	0.00112	0.00562	0.00449	0.00449	0.77980
11	0.01543	0.01316	0.01541	0.01120	0.01765	0.00993	0.00890	0.01870	0.01567	0.02447	0.01480	0.04901	0.01305	0.00646	0.00581	0.00121	0.00556	0.00529	0.00461	0.74368
12	0.01851	0.01775	0.03031	0.08652	0.64823	0.01795	0.02315	0.02305	0.01715	0.02446	0.01422	0.01886	0.01190	0.00681	0.00751	0.00227	0.00908	0.00676	0.00373	0.01180
13	0.02067	0.01719	0.01817	0.01580	0.02041	0.01971	0.01244	0.15284	0.55693	0.03464	0.02858	0.02647	0.02129	0.01008	0.00769	0.00252	0.00643	0.00826	0.00769	0.01217
14	0.01485	0.00775	0.00782	0.00757	0.00954	0.00786	0.00574	0.04860	0.01686	0.02922	0.02443	0.02779	0.01913	0.00885	0.00541	0.00179	0.00377	0.00706	0.73861	0.00735
15	0.01210	0.00811	0.01026	0.00951	0.01172	0.00731	0.00721	0.01535	0.02079	0.07584	0.53423	0.05720	0.17027	0.01569	0.00886	0.00241	0.00383	0.01367	0.00820	0.00744
16	0.00940	0.00678	0.00877	0.01018	0.01082	0.00630	0.00682	0.01081	0.01491	0.01979	0.07823	0.60841	0.09520	0.06141	0.01116	0.00324	0.00448	0.02017	0.00698	0.00615
17	0.01066	0.00762	0.01041	0.01204	0.01313	0.00737	0.00937	0.01308	0.01622	0.02146	0.07573	0.40363	0.04840	0.02206	0.01000	0.00323	0.00552	0.29642	0.00709	0.00658
18	0.06730	0.08871	0.52402	0.02143	0.06544	0.05950	0.02454	0.02414	0.01616	0.02393	0.01310	0.01549	0.00967	0.00715	0.00686	0.00231	0.01065	0.00541	0.00338	0.01080
19	0.01522	0.01291	0.01506	0.01144	0.01732	0.01025	0.00897	0.01955	0.05876	0.02459	0.01774	0.09489	0.01630	0.00792	0.00620	0.00143	0.00551	0.00664	0.00499	0.64430
20	0.01861	0.01480	0.01686	0.01275	0.01858	0.01337	0.01023	0.19530	0.02180	0.03152	0.08636	0.04320	0.01930	0.00820	0.00664	0.00164	0.00612	0.00665	0.00584	0.46224
21	0.02064	0.39321	0.06545	0.01427	0.01962	0.16741	0.01307	0.02354	0.01806	0.04916	0.12848	0.02101	0.02086	0.00850	0.00624	0.00190	0.00860	0.00615	0.00453	0.00930
22	0.05843	0.06651	0.52690	0.01960	0.02912	0.05071	0.02382	0.04957	0.01721	0.02538	0.05336	0.01805	0.01338	0.00777	0.00707	0.00234	0.01033	0.00595	0.00381	0.01069
23	0.01737	0.05574	0.21307	0.03551	0.42137	0.01819	0.02315	0.02275	0.01661	0.02382	0.01627	0.01981	0.03825	0.00764	0.00807	0.00232	0.03835	0.00669	0.00369	0.01131
24	0.02223	0.01809	0.02349	0.02345	0.17505	0.01871	0.04836	0.31345	0.06099	0.03524	0.01888	0.06927	0.01561	0.00906	0.00753	0.00220	0.00795	0.00775	0.00606	0.11663

[dist]
# distance from previous block
# <min> <max>
4	51

[block]
# block no. 14 follows, 26 sequences, length 16
# corresponding to MSA columns:
# 636-651
name=unknown_O
#
# <colnr> <probs for GDERKNQSTAVLIFYWHMCP>
#	G	D	E	R	K	N	Q	S	T	A	V	L	I	F	Y	W	H	M	C	P
0	0.01567	0.01109	0.01419	0.01522	0.07358	0.01121	0.01024	0.12473	0.04843	0.06875	0.07616	0.37426	0.03749	0.05128	0.01026	0.00297	0.00583	0.03311	0.00699	0.00852
1	0.09113	0.18365	0.02161	0.01330	0.01849	0.01724	0.01150	0.09048	0.05824	0.22754	0.05843	0.02881	0.02074	0.01000	0.00702	0.00226	0.00682	0.07823	0.00669	0.04782
2	0.01315	0.00904	0.01190	0.04483	0.01456	0.00921	0.00880	0.01535	0.01671	0.09154	0.17055	0.27154	0.15041	0.05163	0.01200	0.00298	0.07668	0.01488	0.00688	0.00736
3	0.01284	0.00881	0.01044	0.00980	0.01233	0.00813	0.00749	0.01685	0.06408	0.08547	0.30540	0.05883	0.27807	0.04597	0.01005	0.00272	0.00442	0.04297	0.00771	0.00762
4	0.04735	0.16620	0.52639	0.01988	0.02985	0.01992	0.04371	0.02372	0.01584	0.02330	0.01298	0.01529	0.00963	0.00704	0.00673	0.00226	0.01047	0.00536	0.00329	0.01079
5	0.02726	0.07251	0.02371	0.06106	0.02502	0.13901	0.01477	0.46982	0.03059	0.03900	0.01629	0.01715	0.01198	0.00861	0.00727	0.00219	0.00935	0.00630	0.00640	0.01170
6	0.01887	0.01629	0.01715	0.01544	0.01972	0.01887	0.01201	0.04031	0.67241	0.03173	0.03087	0.02830	0.02315	0.01029	0.00772	0.00257	0.00600	0.00858	0.00772	0.01201
7	0.01538	0.01311	0.01535	0.01120	0.01760	0.00990	0.00888	0.01863	0.01566	0.02442	0.01502	0.05454	0.01335	0.00661	0.00584	0.00123	0.00555	0.00542	0.00463	0.73768
8	0.01104	0.00797	0.01068	0.01203	0.01344	0.00771	0.00969	0.01374	0.01681	0.02205	0.09833	0.24415	0.09569	0.04773	0.01108	0.00337	0.00581	0.35499	0.00703	0.00666
