[name]
unknown

[dist]
# distance from previous block
# <min> <max>
0	9

[block]
# block no. 0 follows, 30 sequences, length 15
# corresponding to MSA columns:
# 9-23
name=unknown_A
#
# <colnr> <probs for GDERKNQSTAVLIFYWHMCP>
#	G	D	E	R	K	N	Q	S	T	A	V	L	I	F	Y	W	H	M	C	P
0	0.02337	0.01750	0.01914	0.01485	0.02025	0.01856	0.01227	0.52541	0.02848	0.03870	0.01748	0.02085	0.01365	0.00862	0.00687	0.00199	0.00716	0.05349	0.00646	0.14488
1	0.02487	0.01734	0.01908	0.01493	0.02008	0.01867	0.01218	0.52268	0.05252	0.10819	0.01967	0.07177	0.01521	0.00931	0.00706	0.00212	0.00706	0.00733	0.00700	0.04294
2	0.02398	0.02055	0.01963	0.03799	0.02160	0.14286	0.01272	0.43131	0.05786	0.03491	0.01552	0.01620	0.01151	0.00774	0.00662	0.00192	0.00815	0.00575	0.00589	0.11729
3	0.01684	0.01403	0.01673	0.01430	0.01746	0.07597	0.05923	0.21191	0.01882	0.02533	0.01731	0.02231	0.01460	0.02995	0.36513	0.00660	0.01366	0.00687	0.04467	0.00828
4	0.01739	0.01349	0.01559	0.01136	0.01741	0.01129	0.00917	0.12360	0.01768	0.06846	0.01401	0.01540	0.01100	0.00588	0.00557	0.00127	0.00561	0.00465	0.00486	0.62632
5	0.00841	0.00701	0.00734	0.00739	0.00956	0.00594	0.00549	0.01029	0.01610	0.01963	0.12743	0.10754	0.60867	0.01762	0.00829	0.00237	0.00354	0.01485	0.00659	0.00594
6	0.00891	0.00638	0.00860	0.00979	0.01030	0.00631	0.00666	0.01024	0.01269	0.01714	0.03347	0.55837	0.03920	0.09486	0.13735	0.00467	0.00687	0.01678	0.00579	0.00563
7	0.01394	0.00778	0.00802	0.00756	0.00935	0.00798	0.00560	0.07963	0.01580	0.02615	0.02209	0.02762	0.01826	0.10278	0.00896	0.00232	0.00412	0.00694	0.61835	0.00673
8	0.02724	0.01098	0.01489	0.01173	0.01641	0.00956	0.00956	0.03006	0.01993	0.58554	0.15652	0.02913	0.02649	0.00970	0.00725	0.00217	0.00544	0.00808	0.00846	0.01087
9	0.02653	0.01955	0.02094	0.01606	0.02164	0.02164	0.01326	0.68796	0.03281	0.04398	0.01675	0.01675	0.01187	0.00838	0.00698	0.00209	0.00768	0.00628	0.00698	0.01187
10	0.01015	0.00677	0.00761	0.00761	0.00761	0.00677	0.00423	0.01015	0.01015	0.01353	0.02199	0.04567	0.02537	0.75476	0.03552	0.00677	0.00677	0.01015	0.00423	0.00423
11	0.02607	0.03326	0.01978	0.01798	0.02157	0.72674	0.01348	0.02787	0.01978	0.01708	0.01079	0.01258	0.00899	0.00719	0.00629	0.00180	0.01258	0.00449	0.00360	0.00809
12	0.01647	0.01882	0.04118	0.02941	0.03647	0.01765	0.68588	0.02235	0.01647	0.02235	0.01412	0.01882	0.01059	0.00588	0.00824	0.00235	0.01176	0.00824	0.00353	0.00941
13	0.01836	0.71221	0.08067	0.01245	0.01871	0.02687	0.01284	0.02097	0.01421	0.01679	0.00988	0.01142	0.00895	0.00601	0.00462	0.00154	0.00765	0.00382	0.00298	0.00904
14	0.02384	0.02750	0.01865	0.01677	0.02003	0.52690	0.01271	0.05129	0.04984	0.05179	0.01412	0.04885	0.01230	0.03308	0.00866	0.00215	0.06317	0.00584	0.00424	0.00828

[dist]
# distance from previous block
# <min> <max>
0	3

[block]
# block no. 1 follows, 30 sequences, length 155
# corresponding to MSA columns:
# 27-181
name=unknown_B
#
# <colnr> <probs for GDERKNQSTAVLIFYWHMCP>
#	G	D	E	R	K	N	Q	S	T	A	V	L	I	F	Y	W	H	M	C	P
0	0.02624	0.01940	0.02078	0.01600	0.02153	0.02150	0.01319	0.66732	0.05392	0.04351	0.01712	0.01705	0.01217	0.00841	0.00698	0.00210	0.00761	0.00633	0.00698	0.01184
1	0.27935	0.00934	0.00919	0.00878	0.01114	0.01050	0.00689	0.01682	0.01292	0.02547	0.01774	0.04810	0.01506	0.01580	0.12902	0.00354	0.03435	0.00624	0.33294	0.00682
2	0.01010	0.00674	0.00763	0.00768	0.00769	0.00673	0.00430	0.01013	0.01025	0.01367	0.02251	0.06798	0.02603	0.73154	0.03468	0.00664	0.00668	0.01045	0.00430	0.00427
3	0.02901	0.01137	0.01546	0.01203	0.01702	0.00986	0.00986	0.03177	0.01995	0.64217	0.10055	0.02680	0.02249	0.00924	0.00715	0.00216	0.00565	0.00762	0.00853	0.01131
4	0.00857	0.00705	0.00754	0.00749	0.00964	0.00602	0.00559	0.01062	0.01656	0.02059	0.19302	0.08817	0.56064	0.01716	0.00827	0.00234	0.00351	0.01450	0.00671	0.00602
5	0.54167	0.01554	0.01386	0.01150	0.01624	0.01767	0.00948	0.24575	0.01894	0.03558	0.01209	0.01316	0.00901	0.00712	0.00522	0.00214	0.00617	0.00462	0.00522	0.00901
6	0.01834	0.01495	0.01602	0.01406	0.01793	0.01708	0.01097	0.13498	0.53897	0.03005	0.02526	0.02421	0.01909	0.01052	0.00875	0.06817	0.00590	0.00749	0.00674	0.01051
7	0.01541	0.01468	0.02496	0.35950	0.40913	0.01609	0.02049	0.01978	0.01501	0.02053	0.01280	0.01788	0.01026	0.00656	0.00694	0.00219	0.00875	0.00621	0.00329	0.00955
8	0.03590	0.57806	0.12640	0.01304	0.01906	0.02439	0.01353	0.02031	0.01404	0.01763	0.01163	0.05189	0.01093	0.00714	0.00561	0.00173	0.03175	0.00488	0.00320	0.00888
9	0.66156	0.01410	0.01166	0.01007	0.01447	0.01617	0.00828	0.11670	0.01500	0.03294	0.01123	0.01268	0.00857	0.00682	0.00472	0.00213	0.00565	0.00424	0.03489	0.00814
10	0.01009	0.00674	0.00763	0.00769	0.00771	0.00672	0.00431	0.01013	0.01027	0.01369	0.02262	0.07261	0.02616	0.72672	0.03450	0.00661	0.00666	0.01052	0.00431	0.00428
11	0.01602	0.01530	0.02606	0.25591	0.50795	0.01625	0.02079	0.02032	0.01530	0.02127	0.01290	0.01768	0.01052	0.00645	0.00693	0.00215	0.00860	0.00621	0.00335	0.01004
12	0.00843	0.00704	0.00735	0.00735	0.00956	0.00595	0.00548	0.01033	0.01621	0.01976	0.13576	0.09269	0.61518	0.01748	0.00827	0.00236	0.00353	0.01471	0.00661	0.00595
13	0.01004	0.00675	0.00761	0.00766	0.00775	0.00670	0.00433	0.01013	0.01043	0.01383	0.02404	0.06868	0.04753	0.70832	0.03382	0.00650	0.00658	0.01060	0.00437	0.00433
14	0.01818	0.68550	0.10587	0.01275	0.01916	0.02645	0.01335	0.02102	0.01424	0.01700	0.00999	0.01155	0.00894	0.00604	0.00470	0.00157	0.00775	0.00388	0.00298	0.00909
15	0.02164	0.01538	0.01653	0.01332	0.01784	0.01666	0.01076	0.37055	0.14796	0.06313	0.02026	0.02045	0.01492	0.00835	0.00648	0.00199	0.00618	0.00653	0.16591	0.05516
16	0.02386	0.10389	0.04481	0.01735	0.03734	0.48714	0.01355	0.05117	0.09771	0.03992	0.01352	0.01465	0.01079	0.00737	0.00627	0.00187	0.01070	0.00501	0.00418	0.00891
17	0.01832	0.01534	0.01618	0.01419	0.01831	0.01753	0.01114	0.12889	0.57754	0.03091	0.02836	0.02628	0.04624	0.00963	0.00713	0.00233	0.00575	0.00792	0.00706	0.01097
18	0.76090	0.01309	0.01014	0.00921	0.01331	0.01511	0.00750	0.01993	0.01196	0.03058	0.01128	0.05141	0.00965	0.00731	0.00457	0.00220	0.00532	0.00465	0.00444	0.00745
19	0.01399	0.01317	0.02197	0.59969	0.15562	0.01574	0.01943	0.01907	0.03743	0.01903	0.01306	0.01864	0.00999	0.00694	0.00697	0.00229	0.00901	0.00626	0.00329	0.00840
20	0.00850	0.00607	0.00810	0.00972	0.01012	0.00567	0.00648	0.00972	0.01336	0.01781	0.03846	0.75020	0.04615	0.02186	0.00891	0.00283	0.00405	0.01984	0.00648	0.00567
21	0.01161	0.00657	0.00749	0.03225	0.01010	0.00655	0.00587	0.01427	0.01421	0.02318	0.02731	0.25151	0.02641	0.01237	0.00620	0.00203	0.00371	0.01065	0.52143	0.00629
22	0.00997	0.00748	0.01121	0.01121	0.01246	0.00872	0.00872	0.01246	0.01121	0.01620	0.01869	0.02741	0.01745	0.05234	0.72710	0.01121	0.01869	0.00748	0.00374	0.00623
23	0.01433	0.05764	0.65237	0.02070	0.05246	0.01662	0.04666	0.02205	0.01481	0.02195	0.01251	0.01484	0.00897	0.00657	0.00662	0.00219	0.01020	0.00525	0.00298	0.01027
24	0.01340	0.01263	0.02133	0.70028	0.08403	0.01556	0.01949	0.01802	0.01406	0.01810	0.01244	0.01853	0.00940	0.00694	0.00697	0.00231	0.00925	0.00620	0.00312	0.00793
25	0.05159	0.05166	0.01598	0.01169	0.01646	0.01076	0.00966	0.02944	0.01937	0.54304	0.13803	0.02735	0.02452	0.00935	0.00699	0.00213	0.00557	0.00766	0.00804	0.01071
26	0.01573	0.00849	0.01064	0.00938	0.01231	0.00743	0.00728	0.01830	0.01840	0.23026	0.28474	0.07446	0.24697	0.01391	0.00790	0.00226	0.00418	0.01186	0.00755	0.00792
27	0.80405	0.01350	0.01026	0.00918	0.01350	0.01565	0.00756	0.02051	0.01188	0.03131	0.00972	0.01134	0.00756	0.00648	0.00432	0.00216	0.00540	0.00378	0.00432	0.00756
28	0.12071	0.01206	0.01551	0.01204	0.01731	0.01088	0.00994	0.03245	0.01904	0.63683	0.02547	0.02232	0.01615	0.00839	0.00671	0.00216	0.00588	0.00664	0.00814	0.01138
29	0.01014	0.00679	0.00773	0.00773	0.00777	0.00683	0.00437	0.01022	0.01018	0.01362	0.02188	0.04507	0.02511	0.73192	0.05800	0.00691	0.00715	0.01006	0.00421	0.00429
30	0.04013	0.01029	0.01059	0.00959	0.01233	0.03609	0.00739	0.10463	0.04554	0.02594	0.26194	0.04995	0.33089	0.01422	0.00782	0.00224	0.00450	0.01188	0.00677	0.00726
31	0.00835	0.00707	0.00722	0.00718	0.00949	0.00594	0.00539	0.01022	0.01616	0.01945	0.11213	0.06618	0.66659	0.01745	0.00825	0.00235	0.00352	0.01459	0.00656	0.00594
32	0.00988	0.00713	0.00933	0.00878	0.01043	0.00658	0.00658	0.01317	0.01975	0.02798	0.70754	0.05213	0.06584	0.01427	0.00823	0.00219	0.00329	0.01262	0.00768	0.00658
33	0.01400	0.03610	0.71860	0.01989	0.03020	0.01621	0.02578	0.02210	0.01473	0.02210	0.01252	0.01473	0.00884	0.00663	0.00663	0.00221	0.01031	0.00516	0.00295	0.01031
34	0.01124	0.00803	0.01124	0.01285	0.01446	0.00803	0.01124	0.01446	0.01606	0.02088	0.03695	0.07871	0.04016	0.01928	0.00964	0.00321	0.00643	0.66426	0.00643	0.00643
35	0.00876	0.00642	0.00879	0.04921	0.01218	0.00620	0.00718	0.01016	0.01339	0.01781	0.03705	0.71052	0.04416	0.02106	0.00880	0.00281	0.00433	0.01910	0.00629	0.00578
36	0.01027	0.00729	0.00922	0.00911	0.00950	0.00789	0.00602	0.01110	0.01050	0.01448	0.02051	0.03890	0.02233	0.50952	0.25093	0.00802	0.03624	0.00917	0.00403	0.00497
37	0.02470	0.01841	0.02005	0.05019	0.02218	0.02050	0.01310	0.58097	0.08532	0.04094	0.01769	0.01790	0.01271	0.00839	0.00692	0.00211	0.00744	0.00642	0.03265	0.01143
38	0.02584	0.01920	0.02055	0.01592	0.02138	0.02132	0.01310	0.63888	0.08301	0.04286	0.01763	0.01745	0.01258	0.00846	0.00699	0.00211	0.00752	0.00640	0.00699	0.01181
39	0.02506	0.15613	0.02377	0.01537	0.02095	0.04922	0.01303	0.54042	0.02889	0.03790	0.01523	0.01557	0.01122	0.00789	0.00649	0.00197	0.00782	0.00575	0.00612	0.01119
40	0.00865	0.00613	0.00805	0.00953	0.00990	0.00576	0.00628	0.00975	0.01308	0.01744	0.03702	0.68849	0.04433	0.08606	0.01124	0.00318	0.00429	0.01899	0.00628	0.00554
41	0.00854	0.00616	0.00809	0.00956	0.01010	0.00571	0.00643	0.00986	0.01372	0.01824	0.06512	0.69162	0.07827	0.02138	0.00885	0.00279	0.00400	0.01932	0.00652	0.00571
42	0.03131	0.01188	0.01619	0.01242	0.01781	0.01026	0.01026	0.03401	0.01997	0.71606	0.02753	0.02375	0.01727	0.00864	0.00702	0.00216	0.00594	0.00702	0.00864	0.01188
43	0.00855	0.00729	0.00739	0.00739	0.00973	0.00626	0.00553	0.01088	0.03801	0.01915	0.06826	0.08833	0.66424	0.01754	0.00823	0.00237	0.00362	0.01467	0.00650	0.00605
44	0.00988	0.00713	0.00933	0.00878	0.01043	0.00658	0.00658	0.01317	0.01975	0.02798	0.70754	0.05213	0.06584	0.01427	0.00823	0.00219	0.00329	0.01262	0.00768	0.00658
45	0.80405	0.01350	0.01026	0.00918	0.01350	0.01565	0.00756	0.02051	0.01188	0.03131	0.00972	0.01134	0.00756	0.00648	0.00432	0.00216	0.00540	0.00378	0.00432	0.00756
46	0.03131	0.01188	0.01619	0.01242	0.01781	0.01026	0.01026	0.03401	0.01997	0.71606	0.02753	0.02375	0.01727	0.00864	0.00702	0.00216	0.00594	0.00702	0.00864	0.01188
47	0.80405	0.01350	0.01026	0.00918	0.01350	0.01565	0.00756	0.02051	0.01188	0.03131	0.00972	0.01134	0.00756	0.00648	0.00432	0.00216	0.00540	0.00378	0.00432	0.00756
48	0.01459	0.12758	0.63228	0.01888	0.02865	0.01765	0.02403	0.02195	0.01466	0.02138	0.01217	0.01429	0.00885	0.00655	0.00636	0.00212	0.00995	0.00498	0.00295	0.01014
49	0.01632	0.01988	0.08260	0.02883	0.03609	0.01756	0.64552	0.02234	0.01636	0.02234	0.01402	0.01857	0.01048	0.00593	0.00814	0.00234	0.01168	0.00805	0.00349	0.00947
50	0.01745	0.01231	0.01478	0.01070	0.01676	0.00947	0.00862	0.02048	0.01544	0.14551	0.01508	0.01611	0.01156	0.00578	0.00550	0.00123	0.00530	0.00464	0.00493	0.65831
51	0.02679	0.01913	0.02068	0.01586	0.02143	0.02102	0.01310	0.65249	0.03211	0.08043	0.01734	0.01713	0.01216	0.00839	0.00698	0.00210	0.00758	0.00632	0.00707	0.01187
52	0.00850	0.00607	0.00810	0.00972	0.01012	0.00567	0.00648	0.00972	0.01336	0.01781	0.03846	0.75020	0.04615	0.02186	0.00891	0.00283	0.00405	0.01984	0.00648	0.00567
53	0.02653	0.01955	0.02094	0.01606	0.02164	0.02164	0.01326	0.68796	0.03281	0.04398	0.01675	0.01675	0.01187	0.00838	0.00698	0.00209	0.00768	0.00628	0.00698	0.01187
54	0.01447	0.01240	0.01447	0.01034	0.01654	0.00930	0.00827	0.01757	0.01447	0.02274	0.01240	0.01447	0.01034	0.00517	0.00517	0.00103	0.00517	0.00413	0.00413	0.79742
55	0.01318	0.01240	0.02093	0.73798	0.04806	0.01550	0.01938	0.01783	0.01395	0.01783	0.01240	0.01860	0.00930	0.00698	0.00698	0.00233	0.00930	0.00620	0.00310	0.00775
56	0.01318	0.01240	0.02093	0.73798	0.04806	0.01550	0.01938	0.01783	0.01395	0.01783	0.01240	0.01860	0.00930	0.00698	0.00698	0.00233	0.00930	0.00620	0.00310	0.00775
57	0.00850	0.00607	0.00810	0.00972	0.01012	0.00567	0.00648	0.00972	0.01336	0.01781	0.03846	0.75020	0.04615	0.02186	0.00891	0.00283	0.00405	0.01984	0.00648	0.00567
58	0.01353	0.00715	0.00729	0.00704	0.00886	0.00722	0.00534	0.04797	0.01569	0.02694	0.04792	0.02655	0.01938	0.00837	0.00510	0.00167	0.00346	0.00672	0.72703	0.00676
59	0.00864	0.00617	0.00826	0.00988	0.01035	0.00579	0.00672	0.00996	0.01350	0.01797	0.03838	0.71556	0.04584	0.02173	0.00894	0.00285	0.00417	0.05308	0.00648	0.00571
60	0.01015	0.00677	0.00761	0.00761	0.00761	0.00677	0.00423	0.01015	0.01015	0.01353	0.02199	0.04567	0.02537	0.75476	0.03552	0.00677	0.00677	0.01015	0.00423	0.00423
61	0.02509	0.03140	0.02073	0.02075	0.09840	0.64763	0.01437	0.02715	0.01934	0.01772	0.01105	0.01311	0.00922	0.00708	0.00636	0.00183	0.01211	0.00469	0.00358	0.00842
62	0.01701	0.01480	0.01631	0.01589	0.06524	0.01687	0.01154	0.03499	0.62631	0.02837	0.02894	0.02698	0.04636	0.00955	0.00713	0.00235	0.00564	0.00803	0.00683	0.01085
63	0.01635	0.01321	0.01508	0.01334	0.01701	0.01451	0.03213	0.05099	0.45594	0.06060	0.11183	0.03415	0.08812	0.01095	0.00746	0.00236	0.00541	0.03363	0.00704	0.00989
64	0.01918	0.01692	0.01716	0.01565	0.04169	0.06732	0.01185	0.12240	0.54037	0.03010	0.02512	0.02358	0.01885	0.00906	0.00702	0.00228	0.00639	0.00738	0.00672	0.01095
65	0.70305	0.01458	0.04182	0.01004	0.01472	0.01558	0.00868	0.04246	0.01310	0.06845	0.01103	0.01233	0.00828	0.00666	0.00465	0.00216	0.00571	0.00409	0.00458	0.00805
66	0.01976	0.01342	0.01490	0.01298	0.01675	0.04014	0.01024	0.08888	0.29248	0.18249	0.13212	0.06931	0.02804	0.01089	0.00741	0.00231	0.00569	0.03483	0.00733	0.01003
67	0.02594	0.01240	0.01590	0.01196	0.01761	0.01051	0.00979	0.06033	0.01891	0.47214	0.02239	0.02058	0.01490	0.00757	0.00645	0.00181	0.00579	0.00610	0.00718	0.25175
68	0.00936	0.00671	0.00871	0.01002	0.01067	0.00642	0.00680	0.04185	0.01428	0.01905	0.03743	0.71545	0.04453	0.02122	0.00882	0.00280	0.00422	0.01920	0.00650	0.00596
69	0.01396	0.01689	0.13049	0.50824	0.12153	0.01585	0.05675	0.01915	0.01443	0.01931	0.01260	0.01786	0.00950	0.00678	0.00698	0.00228	0.00947	0.00615	0.00314	0.00862
70	0.01420	0.06763	0.68885	0.01954	0.02967	0.01670	0.02518	0.02205	0.01471	0.02185	0.01240	0.01458	0.00884	0.00660	0.00654	0.00218	0.01019	0.00509	0.00295	0.01025
71	0.00868	0.00620	0.00830	0.00991	0.01040	0.00582	0.00678	0.01002	0.01353	0.01801	0.03837	0.70780	0.04578	0.02170	0.00895	0.00286	0.00420	0.06053	0.00647	0.00572
72	0.02552	0.03210	0.01952	0.01774	0.02136	0.68194	0.01333	0.02845	0.06264	0.01784	0.01190	0.01343	0.00977	0.00733	0.00634	0.00183	0.01214	0.00471	0.00382	0.00828
73	0.01015	0.00677	0.00761	0.00761	0.00761	0.00677	0.00423	0.01015	0.01015	0.01353	0.02199	0.04567	0.02537	0.75476	0.03552	0.00677	0.00677	0.01015	0.00423	0.00423
74	0.00850	0.00607	0.00810	0.00972	0.01012	0.00567	0.00648	0.00972	0.01336	0.01781	0.03846	0.75020	0.04615	0.02186	0.00891	0.00283	0.00405	0.01984	0.00648	0.00567
75	0.01736	0.01499	0.01578	0.01420	0.01815	0.01736	0.01105	0.03708	0.69862	0.02919	0.02840	0.02604	0.02130	0.00947	0.00710	0.00237	0.00552	0.00789	0.00710	0.01105
76	0.02653	0.01955	0.02094	0.01606	0.02164	0.02164	0.01326	0.68796	0.03281	0.04398	0.01675	0.01675	0.01187	0.00838	0.00698	0.00209	0.00768	0.00628	0.00698	0.01187
77	0.00836	0.00707	0.00723	0.00719	0.00950	0.00594	0.00539	0.01024	0.01618	0.01950	0.11590	0.06609	0.66278	0.01743	0.00825	0.00234	0.00352	0.01458	0.00657	0.00594
78	0.00861	0.00615	0.00819	0.00964	0.01014	0.00574	0.00649	0.00998	0.01385	0.01860	0.08986	0.69657	0.04767	0.02128	0.00885	0.00278	0.00399	0.01928	0.00657	0.00574
79	0.03096	0.01243	0.01654	0.01268	0.01809	0.01108	0.01047	0.08135	0.02090	0.66740	0.02675	0.02325	0.01688	0.00862	0.00701	0.00215	0.00606	0.00696	0.00852	0.01188
80	0.00966	0.00712	0.00903	0.00855	0.01029	0.00649	0.00642	0.01275	0.01925	0.02678	0.62368	0.05411	0.15046	0.01471	0.00823	0.00222	0.00332	0.01290	0.00752	0.00649
81	0.01325	0.01204	0.01978	0.65044	0.04366	0.01501	0.01805	0.01766	0.01388	0.01845	0.01311	0.01907	0.00999	0.00728	0.00744	0.00230	0.03788	0.00622	0.06685	0.00765
82	0.01015	0.00726	0.00996	0.01140	0.01258	0.00707	0.00916	0.01266	0.01539	0.02036	0.09158	0.31696	0.04438	0.01980	0.00926	0.00300	0.00532	0.38100	0.00655	0.00617
83	0.02607	0.03326	0.01978	0.01798	0.02157	0.72674	0.01348	0.02787	0.01978	0.01708	0.01079	0.01258	0.00899	0.00719	0.00629	0.00180	0.01258	0.00449	0.00360	0.00809
84	0.01552	0.01480	0.02516	0.33990	0.42783	0.01612	0.02055	0.01988	0.01506	0.02067	0.01282	0.01784	0.01031	0.00654	0.00694	0.00218	0.00872	0.00621	0.00330	0.00964
85	0.01649	0.01775	0.08627	0.03861	0.59141	0.01599	0.04460	0.02087	0.01567	0.02245	0.01448	0.05686	0.01275	0.00709	0.00704	0.00214	0.00836	0.00694	0.00358	0.01064
86	0.01318	0.01240	0.02093	0.73798	0.04806	0.01550	0.01938	0.01783	0.01395	0.01783	0.01240	0.01860	0.00930	0.00698	0.00698	0.00233	0.00930	0.00620	0.00310	0.00775
87	0.00849	0.00611	0.00806	0.00962	0.01009	0.00568	0.00643	0.00973	0.01346	0.01785	0.03969	0.72408	0.07148	0.02170	0.00888	0.00282	0.00403	0.01964	0.00648	0.00568
88	0.00921	0.00711	0.00840	0.00808	0.01002	0.00630	0.00606	0.01188	0.01818	0.02424	0.44649	0.05829	0.32923	0.01566	0.00824	0.00226	0.00339	0.01348	0.00719	0.00630
89	0.00982	0.00713	0.00925	0.00872	0.01039	0.00656	0.00654	0.01306	0.01962	0.02766	0.68524	0.05265	0.08835	0.01439	0.00823	0.00220	0.00330	0.01269	0.00764	0.00656
90	0.00916	0.00704	0.00839	0.00820	0.01002	0.00626	0.00609	0.01173	0.01785	0.02381	0.41955	0.10618	0.30829	0.01609	0.00828	0.00230	0.00344	0.01392	0.00714	0.00626
91	0.00850	0.00607	0.00810	0.00972	0.01012	0.00567	0.00648	0.00972	0.01336	0.01781	0.03846	0.75020	0.04615	0.02186	0.00891	0.00283	0.00405	0.01984	0.00648	0.00567
92	0.01525	0.01679	0.03573	0.05136	0.03308	0.01587	0.56447	0.02048	0.01614	0.02187	0.03962	0.10139	0.01633	0.00798	0.00827	0.00240	0.01054	0.00960	0.00398	0.00884
93	0.04151	0.29136	0.45387	0.01672	0.02530	0.02023	0.02028	0.02162	0.01444	0.02039	0.01143	0.01337	0.00884	0.00639	0.00579	0.00195	0.00914	0.00461	0.00301	0.00974
94	0.01762	0.01724	0.02799	0.04185	0.68387	0.04475	0.02110	0.02167	0.01604	0.02257	0.01303	0.01709	0.01097	0.00626	0.00688	0.00206	0.00846	0.00615	0.00346	0.01094
95	0.01912	0.01460	0.01583	0.01398	0.01810	0.01646	0.01095	0.03669	0.61273	0.11612	0.02829	0.02575	0.02079	0.00936	0.00709	0.00234	0.00558	0.00778	0.00730	0.01115
96	0.01004	0.00718	0.00971	0.00971	0.01044	0.00791	0.00685	0.01150	0.01077	0.01509	0.02007	0.03503	0.02075	0.34543	0.43853	0.00936	0.01372	0.00859	0.00394	0.00540
97	0.00885	0.00709	0.00790	0.00770	0.00980	0.00615	0.00578	0.01118	0.01733	0.02223	0.30604	0.06160	0.47094	0.01641	0.00824	0.00230	0.00345	0.01395	0.00692	0.00615
98	0.00997	0.00748	0.01121	0.01121	0.01246	0.00872	0.00872	0.01246	0.01121	0.01620	0.01869	0.02741	0.01745	0.05234	0.72710	0.01121	0.01869	0.00748	0.00374	0.00623
99	0.01807	0.66747	0.12289	0.01295	0.01947	0.02617	0.01369	0.02105	0.01425	0.01714	0.01006	0.01164	0.00894	0.00605	0.00475	0.00158	0.00782	0.00391	0.00298	0.00913
100	0.01307	0.00925	0.01043	0.00974	0.01238	0.00879	0.00749	0.11922	0.01857	0.07348	0.08176	0.18758	0.35826	0.01627	0.00815	0.00243	0.00459	0.04450	0.00677	0.00728
101	0.02546	0.03227	0.01983	0.05209	0.02283	0.69304	0.01376	0.02739	0.01950	0.01711	0.01086	0.01287	0.00900	0.00718	0.00632	0.00182	0.01243	0.00458	0.00357	0.00807
102	0.02390	0.01830	0.01994	0.01660	0.04663	0.02039	0.01302	0.50139	0.19746	0.03951	0.01951	0.01908	0.01418	0.00857	0.00701	0.00216	0.00717	0.00668	0.00688	0.01163
103	0.00860	0.00615	0.00819	0.00965	0.01014	0.00574	0.00649	0.00997	0.01384	0.01857	0.08841	0.69809	0.04762	0.02130	0.00886	0.00279	0.00399	0.01930	0.00657	0.00574
104	0.04270	0.01524	0.07357	0.01868	0.15067	0.01370	0.01331	0.15103	0.04644	0.19461	0.17833	0.02675	0.02548	0.00924	0.00717	0.00215	0.00643	0.00781	0.00647	0.01021
105	0.00877	0.00724	0.00780	0.00809	0.01031	0.00627	0.00635	0.01080	0.01593	0.01921	0.06476	0.06919	0.59090	0.01796	0.00849	0.00251	0.00404	0.12893	0.00647	0.00599
106	0.00904	0.00666	0.00917	0.01123	0.04375	0.00627	0.00720	0.01056	0.01401	0.01890	0.09274	0.65718	0.04610	0.02048	0.00875	0.00274	0.00419	0.01859	0.00643	0.00600
107	0.01864	0.65542	0.06106	0.04727	0.02003	0.02627	0.01290	0.05697	0.01520	0.01820	0.01032	0.01199	0.00913	0.00617	0.00482	0.00159	0.00767	0.00404	0.00321	0.00911
108	0.01707	0.01375	0.01467	0.01315	0.01698	0.01539	0.01024	0.03334	0.56512	0.07253	0.03388	0.03127	0.11096	0.01049	0.00725	0.00235	0.00529	0.00873	0.00712	0.01042
109	0.00839	0.00703	0.00719	0.00721	0.00940	0.00595	0.00533	0.01011	0.01571	0.01888	0.08794	0.08280	0.64171	0.04982	0.00945	0.00256	0.00368	0.01459	0.00642	0.00583
110	0.01866	0.75896	0.03657	0.01194	0.01791	0.02761	0.01194	0.02090	0.01418	0.01642	0.00970	0.01119	0.00896	0.00597	0.00448	0.00149	0.00746	0.00373	0.00299	0.00896
111	0.01736	0.01499	0.01578	0.01420	0.01815	0.01736	0.01105	0.03708	0.69862	0.02919	0.02840	0.02604	0.02130	0.00947	0.00710	0.00237	0.00552	0.00789	0.00710	0.01105
112	0.00983	0.00713	0.00926	0.00873	0.01040	0.00656	0.00655	0.01308	0.01964	0.02773	0.68953	0.05255	0.08402	0.01436	0.00823	0.00220	0.00330	0.01268	0.00765	0.00656
113	0.01487	0.01264	0.01468	0.01052	0.01671	0.00971	0.00843	0.03960	0.01507	0.02344	0.01255	0.01455	0.01039	0.00527	0.00523	0.00107	0.00525	0.00420	0.00423	0.77161
114	0.02607	0.03326	0.01978	0.01798	0.02157	0.72674	0.01348	0.02787	0.01978	0.01708	0.01079	0.01258	0.00899	0.00719	0.00629	0.00180	0.01258	0.00449	0.00360	0.00809
115	0.01502	0.01261	0.01371	0.01137	0.01522	0.04469	0.00875	0.11788	0.03425	0.02404	0.04496	0.14653	0.07482	0.06116	0.00926	0.00218	0.03382	0.00881	0.00527	0.31565
116	0.01685	0.01608	0.02736	0.04125	0.67762	0.01606	0.02070	0.02086	0.01577	0.02256	0.01434	0.05240	0.01274	0.00697	0.00700	0.00211	0.00809	0.00687	0.00360	0.01080
117	0.80405	0.01350	0.01026	0.00918	0.01350	0.01565	0.00756	0.02051	0.01188	0.03131	0.00972	0.01134	0.00756	0.00648	0.00432	0.00216	0.00540	0.00378	0.00432	0.00756
118	0.00882	0.00648	0.00831	0.00969	0.01037	0.00612	0.00656	0.01077	0.03928	0.01832	0.04043	0.67334	0.09337	0.02109	0.00879	0.00278	0.00407	0.01902	0.00650	0.00589
119	0.01505	0.00847	0.00869	0.00795	0.01017	0.00879	0.00614	0.11773	0.01738	0.02873	0.02186	0.02462	0.01698	0.00817	0.00520	0.00170	0.00392	0.00647	0.67468	0.00731
120	0.06028	0.01194	0.01597	0.01229	0.01765	0.01046	0.01016	0.03350	0.01967	0.69038	0.02686	0.02329	0.01691	0.00856	0.00692	0.00216	0.00592	0.00690	0.00848	0.01171
121	0.01015	0.00677	0.00761	0.00761	0.00761	0.00677	0.00423	0.01015	0.01015	0.01353	0.02199	0.04567	0.02537	0.75476	0.03552	0.00677	0.00677	0.01015	0.00423	0.00423
122	0.02653	0.01955	0.02094	0.01606	0.02164	0.02164	0.01326	0.68796	0.03281	0.04398	0.01675	0.01675	0.01187	0.00838	0.00698	0.00209	0.00768	0.00628	0.00698	0.01187
123	0.01532	0.01253	0.01493	0.01087	0.01670	0.01000	0.00874	0.01832	0.01453	0.05565	0.01295	0.01496	0.01060	0.00572	0.00622	0.00120	0.04517	0.00438	0.00429	0.71693
124	0.04887	0.01652	0.01746	0.01376	0.01845	0.01816	0.01126	0.52062	0.02819	0.03967	0.01783	0.01859	0.01303	0.00826	0.00644	0.00199	0.00664	0.00625	0.17743	0.01056
125	0.00848	0.00615	0.00802	0.00951	0.01007	0.00569	0.00639	0.00974	0.01355	0.01789	0.04093	0.69797	0.09679	0.02154	0.00886	0.00280	0.00401	0.01945	0.00648	0.00569
126	0.01774	0.55134	0.20788	0.01416	0.02114	0.04923	0.01548	0.02144	0.01451	0.01787	0.01045	0.01213	0.00893	0.00618	0.00508	0.00168	0.00836	0.00412	0.00300	0.00927
127	0.57758	0.01405	0.01217	0.01039	0.01494	0.04841	0.00850	0.02417	0.01424	0.19826	0.01413	0.01444	0.01000	0.00704	0.00507	0.00214	0.00587	0.00461	0.00534	0.00864
128	0.01516	0.00880	0.00911	0.00816	0.01062	0.00897	0.00633	0.11992	0.01743	0.02863	0.02134	0.02403	0.01660	0.00803	0.00522	0.00167	0.00403	0.00636	0.63435	0.04524
129	0.01009	0.00701	0.00883	0.00883	0.00925	0.00743	0.00575	0.01093	0.01051	0.01443	0.02088	0.03951	0.02270	0.51770	0.26892	0.00827	0.01079	0.00925	0.00406	0.00490
130	0.00862	0.00616	0.00823	0.00985	0.01031	0.00577	0.00669	0.00992	0.01348	0.01795	0.03840	0.72091	0.04589	0.02175	0.00894	0.00285	0.00415	0.04795	0.00648	0.00570
131	0.03131	0.01188	0.01619	0.01242	0.01781	0.01026	0.01026	0.03401	0.01997	0.71606	0.02753	0.02375	0.01727	0.00864	0.00702	0.00216	0.00594	0.00702	0.00864	0.01188
132	0.00873	0.00633	0.00825	0.00936	0.01013	0.00585	0.00641	0.01036	0.01469	0.01971	0.16075	0.57689	0.09632	0.02020	0.00874	0.00269	0.00388	0.01818	0.00669	0.00585
133	0.01447	0.01240	0.01447	0.01034	0.01654	0.00930	0.00827	0.01757	0.01447	0.02274	0.01240	0.01447	0.01034	0.00517	0.00517	0.00103	0.00517	0.00413	0.00413	0.79742
134	0.03131	0.01188	0.01619	0.01242	0.01781	0.01026	0.01026	0.03401	0.01997	0.71606	0.02753	0.02375	0.01727	0.00864	0.00702	0.00216	0.00594	0.00702	0.00864	0.01188
135	0.02651	0.02009	0.02090	0.01613	0.02164	0.04961	0.01327	0.66177	0.03229	0.04291	0.01652	0.01659	0.01175	0.00833	0.00695	0.00208	0.00787	0.00621	0.00685	0.01172
136	0.01805	0.01342	0.01463	0.01290	0.01680	0.01468	0.01010	0.05360	0.47429	0.11919	0.05336	0.03179	0.11533	0.01058	0.00727	0.00232	0.00531	0.00879	0.00723	0.01035
137	0.01728	0.01424	0.01508	0.01342	0.01732	0.01604	0.01048	0.07359	0.55609	0.05050	0.03265	0.03024	0.10157	0.01034	0.00723	0.00234	0.00543	0.00857	0.00707	0.01051
138	0.01713	0.01644	0.02807	0.06635	0.68879	0.01654	0.02135	0.02129	0.01582	0.02263	0.01310	0.01732	0.01099	0.00624	0.00691	0.00208	0.00832	0.00622	0.00344	0.01094
139	0.80405	0.01350	0.01026	0.00918	0.01350	0.01565	0.00756	0.02051	0.01188	0.03131	0.00972	0.01134	0.00756	0.00648	0.00432	0.00216	0.00540	0.00378	0.00432	0.00756
140	0.02649	0.01888	0.02044	0.01575	0.02126	0.02075	0.01299	0.62164	0.05672	0.08673	0.01788	0.01755	0.01257	0.00843	0.00699	0.00211	0.00749	0.00639	0.00709	0.01184
141	0.01201	0.00778	0.01016	0.00963	0.01153	0.00726	0.00731	0.03312	0.01909	0.08377	0.50760	0.14219	0.05634	0.01491	0.00826	0.00233	0.00390	0.04827	0.00751	0.00704
142	0.00850	0.00607	0.00810	0.00972	0.01012	0.00567	0.00648	0.00972	0.01336	0.01781	0.03846	0.75020	0.04615	0.02186	0.00891	0.00283	0.00405	0.01984	0.00648	0.00567
143	0.00938	0.00685	0.00882	0.00889	0.01027	0.00629	0.00645	0.01201	0.01776	0.02458	0.48051	0.23676	0.11235	0.01654	0.00841	0.00238	0.00351	0.01469	0.00727	0.00629
144	0.00997	0.00748	0.01121	0.01121	0.01246	0.00872	0.00872	0.01246	0.01121	0.01620	0.01869	0.02741	0.01745	0.05234	0.72710	0.01121	0.01869	0.00748	0.00374	0.00623
145	0.02607	0.03326	0.01978	0.01798	0.02157	0.72674	0.01348	0.02787	0.01978	0.01708	0.01079	0.01258	0.00899	0.00719	0.00629	0.00180	0.01258	0.00449	0.00360	0.00809
146	0.00988	0.00713	0.00933	0.00878	0.01043	0.00658	0.00658	0.01317	0.01975	0.02798	0.70754	0.05213	0.06584	0.01427	0.00823	0.00219	0.00329	0.01262	0.00768	0.00658
147	0.01361	0.01001	0.01310	0.01413	0.04110	0.01028	0.01153	0.11824	0.01852	0.02432	0.03412	0.09579	0.05685	0.01717	0.00905	0.00295	0.00649	0.48895	0.00640	0.00739
148	0.01731	0.39378	0.32294	0.01579	0.02340	0.08079	0.01791	0.02198	0.01488	0.01887	0.01098	0.01280	0.00891	0.00635	0.00554	0.00182	0.00909	0.00440	0.00302	0.00946
149	0.00909	0.00662	0.00909	0.06998	0.01318	0.00652	0.00748	0.01067	0.01347	0.01817	0.03562	0.65793	0.04186	0.02003	0.00857	0.00274	0.00445	0.01813	0.04053	0.00588
150	0.01600	0.01732	0.03076	0.13464	0.03178	0.04944	0.33843	0.02011	0.01437	0.01964	0.01212	0.01738	0.00986	0.00814	0.01267	0.00255	0.24588	0.00708	0.00331	0.00853
151	0.01843	0.01349	0.01517	0.01321	0.01647	0.01447	0.01022	0.38327	0.02407	0.03222	0.02651	0.34624	0.02727	0.01443	0.00785	0.00243	0.00605	0.01237	0.00675	0.00908
152	0.01490	0.01477	0.02065	0.01785	0.01788	0.02052	0.01479	0.01641	0.01083	0.01685	0.01075	0.05513	0.01117	0.01274	0.02214	0.00304	0.70196	0.00685	0.00324	0.00753
153	0.01496	0.00839	0.00859	0.00788	0.01008	0.00869	0.00609	0.11322	0.01726	0.02861	0.02190	0.02468	0.01702	0.00817	0.00518	0.00169	0.00389	0.00647	0.67996	0.00728
154	0.01400	0.03610	0.71860	0.01989	0.03020	0.01621	0.02578	0.02210	0.01473	0.02210	0.01252	0.01473	0.00884	0.00663	0.00663	0.00221	0.01031	0.00516	0.00295	0.01031

[dist]
# distance from previous block
# <min> <max>
0	1

[block]
# block no. 2 follows, 30 sequences, length 39
# corresponding to MSA columns:
# 183-221
name=unknown_C
#
# <colnr> <probs for GDERKNQSTAVLIFYWHMCP>
#	G	D	E	R	K	N	Q	S	T	A	V	L	I	F	Y	W	H	M	C	P
0	0.00825	0.00707	0.00707	0.00707	0.00943	0.00589	0.00530	0.01001	0.01591	0.01885	0.07069	0.06716	0.70839	0.01767	0.00825	0.00236	0.00353	0.01473	0.00648	0.00589
1	0.01821	0.67892	0.07705	0.01273	0.01867	0.02662	0.01294	0.02077	0.01404	0.01678	0.00985	0.01161	0.00896	0.00632	0.00551	0.00161	0.04353	0.00393	0.00299	0.00897
2	0.03131	0.01188	0.01619	0.01242	0.01781	0.01026	0.01026	0.03401	0.01997	0.71606	0.02753	0.02375	0.01727	0.00864	0.00702	0.00216	0.00594	0.00702	0.00864	0.01188
3	0.01527	0.01527	0.02137	0.01832	0.01832	0.02137	0.01527	0.01679	0.01069	0.01679	0.00916	0.01527	0.00916	0.01221	0.02290	0.00305	0.74198	0.00611	0.00305	0.00763
4	0.01348	0.01290	0.02020	0.62735	0.07026	0.04240	0.01825	0.01774	0.01421	0.01799	0.01435	0.07389	0.01216	0.00809	0.00709	0.00233	0.00899	0.00717	0.00339	0.00774
5	0.02832	0.01666	0.01916	0.01469	0.02020	0.01736	0.01213	0.44228	0.02799	0.29647	0.02080	0.01938	0.01390	0.00847	0.00699	0.00212	0.00702	0.00656	0.00760	0.01187
6	0.01441	0.01240	0.01479	0.04590	0.01808	0.00961	0.00881	0.01758	0.01445	0.02250	0.01240	0.01467	0.01029	0.00526	0.00526	0.00110	0.00537	0.00424	0.00408	0.75882
7	0.00850	0.00607	0.00810	0.00972	0.01012	0.00567	0.00648	0.00972	0.01336	0.01781	0.03846	0.75020	0.04615	0.02186	0.00891	0.00283	0.00405	0.01984	0.00648	0.00567
8	0.03081	0.01268	0.01669	0.01280	0.01822	0.01145	0.01057	0.10270	0.02132	0.64547	0.02640	0.02302	0.01671	0.00861	0.00701	0.00215	0.00612	0.00694	0.00846	0.01187
9	0.02657	0.01102	0.01481	0.01174	0.01634	0.00975	0.00955	0.02993	0.04143	0.55646	0.16378	0.02951	0.02713	0.00979	0.00726	0.00217	0.00539	0.00817	0.00840	0.01079
10	0.00939	0.00715	0.00881	0.00954	0.01117	0.00656	0.00745	0.01167	0.01594	0.02046	0.14069	0.21337	0.28652	0.01856	0.00879	0.00268	0.00445	0.20408	0.00663	0.00609
11	0.02026	0.01127	0.01392	0.01162	0.01534	0.01106	0.00924	0.09623	0.12036	0.27082	0.29627	0.03459	0.03655	0.01096	0.00751	0.00220	0.00501	0.00929	0.00786	0.00965
12	0.00889	0.00624	0.00798	0.00922	0.00952	0.00593	0.00594	0.00982	0.01260	0.01679	0.03454	0.58241	0.04120	0.19641	0.01524	0.00377	0.00470	0.01753	0.00594	0.00533
13	0.02605	0.01908	0.02043	0.01572	0.02116	0.02110	0.01296	0.66404	0.03216	0.04334	0.01697	0.01708	0.01208	0.00837	0.00691	0.00208	0.00752	0.00629	0.03499	0.01168
14	0.02604	0.01926	0.02068	0.01582	0.02143	0.02114	0.01306	0.66082	0.03207	0.04312	0.01658	0.01666	0.01181	0.00825	0.00691	0.00205	0.00758	0.00620	0.00687	0.04367
15	0.18052	0.02852	0.07073	0.01615	0.02042	0.49153	0.01310	0.02646	0.05494	0.02097	0.01167	0.01323	0.00936	0.00713	0.00597	0.00193	0.01059	0.00459	0.00388	0.00831
16	0.80405	0.01350	0.01026	0.00918	0.01350	0.01565	0.00756	0.02051	0.01188	0.03131	0.00972	0.01134	0.00756	0.00648	0.00432	0.00216	0.00540	0.00378	0.00432	0.00756
17	0.01340	0.01054	0.01323	0.01420	0.03674	0.01130	0.01149	0.02198	0.23661	0.02363	0.03347	0.05983	0.03319	0.01571	0.00874	0.00290	0.00619	0.43225	0.00655	0.00806
18	0.01089	0.00883	0.01298	0.01245	0.01348	0.01092	0.00986	0.01321	0.01112	0.01630	0.01704	0.02531	0.01601	0.04538	0.60505	0.00980	0.14406	0.00724	0.00362	0.00647
19	0.00827	0.00699	0.00715	0.00727	0.00948	0.00587	0.00539	0.00999	0.01571	0.01877	0.06824	0.11904	0.65809	0.01799	0.00830	0.00239	0.00357	0.01512	0.00648	0.00587
20	0.03131	0.01188	0.01619	0.01242	0.01781	0.01026	0.01026	0.03401	0.01997	0.71606	0.02753	0.02375	0.01727	0.00864	0.00702	0.00216	0.00594	0.00702	0.00864	0.01188
21	0.01736	0.01499	0.01578	0.01420	0.01815	0.01736	0.01105	0.03708	0.69862	0.02919	0.02840	0.02604	0.02130	0.00947	0.00710	0.00237	0.00552	0.00789	0.00710	0.01105
22	0.05849	0.01193	0.01599	0.01230	0.01766	0.01045	0.01016	0.03353	0.01969	0.69197	0.02690	0.02331	0.01693	0.00856	0.00692	0.00216	0.00592	0.00690	0.00849	0.01172
23	0.02653	0.01955	0.02094	0.01606	0.02164	0.02164	0.01326	0.68796	0.03281	0.04398	0.01675	0.01675	0.01187	0.00838	0.00698	0.00209	0.00768	0.00628	0.00698	0.01187
24	0.01400	0.03610	0.71860	0.01989	0.03020	0.01621	0.02578	0.02210	0.01473	0.02210	0.01252	0.01473	0.00884	0.00663	0.00663	0.00221	0.01031	0.00516	0.00295	0.01031
25	0.01640	0.01863	0.04009	0.02881	0.03548	0.01785	0.64921	0.02205	0.01615	0.02205	0.01385	0.01863	0.01051	0.00623	0.00904	0.00239	0.05170	0.00812	0.00350	0.00931
26	0.80405	0.01350	0.01026	0.00918	0.01350	0.01565	0.00756	0.02051	0.01188	0.03131	0.00972	0.01134	0.00756	0.00648	0.00432	0.00216	0.00540	0.00378	0.00432	0.00756
27	0.01736	0.01499	0.01578	0.01420	0.01815	0.01736	0.01105	0.03708	0.69862	0.02919	0.02840	0.02604	0.02130	0.00947	0.00710	0.00237	0.00552	0.00789	0.00710	0.01105
28	0.00922	0.00716	0.00857	0.00940	0.01112	0.00650	0.00738	0.01132	0.01543	0.01926	0.05361	0.21242	0.36521	0.01904	0.00881	0.00272	0.00453	0.21582	0.00646	0.00601
29	0.00848	0.00708	0.00740	0.00732	0.00957	0.00599	0.00549	0.01047	0.01646	0.02018	0.16321	0.06497	0.61505	0.01718	0.00824	0.00233	0.00350	0.01442	0.00665	0.00599
30	0.01318	0.01240	0.02093	0.73798	0.04806	0.01550	0.01938	0.01783	0.01395	0.01783	0.01240	0.01860	0.00930	0.00698	0.00698	0.00233	0.00930	0.00620	0.00310	0.00775
31	0.00976	0.00713	0.00917	0.00866	0.01035	0.00653	0.00649	0.01294	0.01948	0.02733	0.66216	0.05320	0.11163	0.01451	0.00823	0.00221	0.00331	0.01277	0.00760	0.00653
32	0.01509	0.01497	0.02089	0.01794	0.01794	0.02086	0.01488	0.01656	0.01067	0.01668	0.00961	0.01633	0.00973	0.03830	0.02334	0.00318	0.71616	0.00625	0.00309	0.00751
33	0.00988	0.00728	0.00919	0.01031	0.01118	0.00718	0.00709	0.03850	0.06618	0.01971	0.03684	0.66632	0.04292	0.02039	0.00869	0.00277	0.00430	0.01840	0.00654	0.00632
34	0.00967	0.00712	0.00904	0.00856	0.01030	0.00650	0.00642	0.01276	0.01926	0.02681	0.62592	0.05405	0.14820	0.01470	0.00823	0.00222	0.00332	0.01289	0.00753	0.00650
35	0.02515	0.01801	0.02030	0.01555	0.02105	0.01927	0.03172	0.54924	0.02942	0.09115	0.01779	0.03871	0.01313	0.00848	0.00694	0.00205	0.00737	0.00663	0.00677	0.07129
36	0.01574	0.30643	0.46354	0.01692	0.02561	0.02047	0.02061	0.02165	0.01453	0.01997	0.01147	0.01341	0.00888	0.00638	0.00582	0.00194	0.00925	0.00462	0.00296	0.00981
37	0.08986	0.01224	0.01589	0.01228	0.01760	0.01102	0.01014	0.05328	0.01976	0.64318	0.02584	0.02259	0.01637	0.00846	0.00681	0.00216	0.00595	0.00675	0.00826	0.01155
38	0.01786	0.01524	0.01606	0.01430	0.01834	0.01759	0.01117	0.07268	0.66221	0.03000	0.02777	0.02553	0.02079	0.00941	0.00709	0.00235	0.00564	0.00780	0.00709	0.01109

[dist]
# distance from previous block
# <min> <max>
0	10

[block]
# block no. 3 follows, 30 sequences, length 50
# corresponding to MSA columns:
# 232-281
name=unknown_D
#
# <colnr> <probs for GDERKNQSTAVLIFYWHMCP>
#	G	D	E	R	K	N	Q	S	T	A	V	L	I	F	Y	W	H	M	C	P
0	0.01717	0.01685	0.02987	0.04122	0.63001	0.01671	0.10140	0.02153	0.01596	0.02274	0.01325	0.01746	0.01100	0.00618	0.00707	0.00211	0.00871	0.00646	0.00346	0.01086
1	0.02583	0.01888	0.02020	0.01557	0.02095	0.02086	0.01283	0.65349	0.03188	0.04306	0.01706	0.01723	0.01218	0.00836	0.00687	0.00207	0.00745	0.00629	0.04734	0.01159
2	0.00999	0.00740	0.01073	0.01073	0.01201	0.00844	0.00828	0.01239	0.01154	0.01659	0.02160	0.02998	0.05316	0.07108	0.64401	0.01030	0.01702	0.00790	0.03071	0.00616
3	0.02653	0.01955	0.02094	0.01606	0.02164	0.02164	0.01326	0.68796	0.03281	0.04398	0.01675	0.01675	0.01187	0.00838	0.00698	0.00209	0.00768	0.00628	0.00698	0.01187
4	0.01015	0.00677	0.00761	0.00761	0.00761	0.00677	0.00423	0.01015	0.01015	0.01353	0.02199	0.04567	0.02537	0.75476	0.03552	0.00677	0.00677	0.01015	0.00423	0.00423
5	0.01318	0.01240	0.02093	0.73798	0.04806	0.01550	0.01938	0.01783	0.01395	0.01783	0.01240	0.01860	0.00930	0.00698	0.00698	0.00233	0.00930	0.00620	0.00310	0.00775
6	0.01318	0.01240	0.02093	0.73798	0.04806	0.01550	0.01938	0.01783	0.01395	0.01783	0.01240	0.01860	0.00930	0.00698	0.00698	0.00233	0.00930	0.00620	0.00310	0.00775
7	0.80405	0.01350	0.01026	0.00918	0.01350	0.01565	0.00756	0.02051	0.01188	0.03131	0.00972	0.01134	0.00756	0.00648	0.00432	0.00216	0.00540	0.00378	0.00432	0.00756
8	0.01993	0.01541	0.01685	0.03825	0.01969	0.01742	0.01163	0.14580	0.50729	0.08860	0.02584	0.02404	0.01898	0.00913	0.00707	0.00230	0.00605	0.00749	0.00708	0.01114
9	0.01008	0.00744	0.01104	0.01104	0.01230	0.00864	0.00858	0.01260	0.01134	0.01656	0.01884	0.02736	0.01746	0.05073	0.70090	0.01087	0.01813	0.00744	0.03239	0.00624
10	0.01638	0.01318	0.01520	0.01115	0.01714	0.01091	0.00896	0.07996	0.05523	0.05214	0.01430	0.01570	0.01137	0.00584	0.00551	0.00125	0.00545	0.00465	0.00474	0.65096
11	0.02653	0.01955	0.02094	0.01606	0.02164	0.02164	0.01326	0.68796	0.03281	0.04398	0.01675	0.01675	0.01187	0.00838	0.00698	0.00209	0.00768	0.00628	0.00698	0.01187
12	0.01889	0.01821	0.01648	0.01487	0.01875	0.14243	0.01148	0.03546	0.57893	0.02706	0.02530	0.02366	0.01913	0.00907	0.00696	0.00227	0.00677	0.00729	0.00648	0.01052
13	0.00825	0.00707	0.00707	0.00707	0.00943	0.00589	0.00530	0.01001	0.01591	0.01885	0.07069	0.06716	0.70839	0.01767	0.00825	0.00236	0.00353	0.01473	0.00648	0.00589
14	0.01012	0.00688	0.00822	0.00822	0.00843	0.00709	0.00498	0.01054	0.01033	0.01398	0.02143	0.04260	0.02404	0.63671	0.15174	0.00751	0.00877	0.00970	0.00415	0.00456
15	0.02653	0.01955	0.02094	0.01606	0.02164	0.02164	0.01326	0.68796	0.03281	0.04398	0.01675	0.01675	0.01187	0.00838	0.00698	0.00209	0.00768	0.00628	0.00698	0.01187
16	0.00850	0.00607	0.00810	0.00972	0.01012	0.00567	0.00648	0.00972	0.01336	0.01781	0.03846	0.75020	0.04615	0.02186	0.00891	0.00283	0.00405	0.01984	0.00648	0.00567
17	0.02615	0.01936	0.02073	0.01598	0.02150	0.02146	0.01317	0.66104	0.06034	0.04337	0.01724	0.01714	0.01226	0.00842	0.00699	0.00211	0.00759	0.00635	0.00699	0.01183
18	0.01015	0.00677	0.00761	0.00761	0.00761	0.00677	0.00423	0.01015	0.01015	0.01353	0.02199	0.04567	0.02537	0.75476	0.03552	0.00677	0.00677	0.01015	0.00423	0.00423
19	0.56365	0.01299	0.01210	0.01018	0.01484	0.01398	0.00840	0.02471	0.01439	0.24433	0.01526	0.01520	0.01058	0.00715	0.00516	0.00216	0.00557	0.00479	0.00566	0.00890
20	0.01457	0.01272	0.01577	0.01126	0.01751	0.00971	0.04122	0.01780	0.01457	0.02272	0.01249	0.01468	0.01035	0.00520	0.00532	0.00110	0.00549	0.00433	0.00410	0.75910
21	0.02633	0.01687	0.01874	0.01450	0.01970	0.01803	0.01193	0.49778	0.02865	0.17837	0.01945	0.01897	0.01348	0.00841	0.00681	0.00207	0.00695	0.00645	0.07512	0.01141
22	0.01729	0.01294	0.03882	0.01683	0.10819	0.01271	0.01202	0.05476	0.21711	0.13482	0.02969	0.13660	0.05329	0.01237	0.00774	0.00247	0.00606	0.11028	0.00650	0.00950
23	0.04837	0.05662	0.21823	0.02451	0.03180	0.01788	0.40704	0.02177	0.01533	0.02201	0.01298	0.01684	0.00983	0.00653	0.00846	0.00231	0.05981	0.00689	0.00335	0.00943
24	0.00884	0.00641	0.00851	0.03351	0.01117	0.00613	0.00669	0.01018	0.01348	0.01795	0.06721	0.61885	0.06251	0.08008	0.01094	0.00309	0.00439	0.01814	0.00624	0.00567
25	0.01457	0.01272	0.01577	0.01126	0.01751	0.00971	0.04122	0.01780	0.01457	0.02272	0.01249	0.01468	0.01035	0.00520	0.00532	0.00110	0.00549	0.00433	0.00410	0.75910
26	0.01845	0.72650	0.06719	0.01230	0.01846	0.02710	0.01256	0.02095	0.01420	0.01667	0.00983	0.01135	0.00895	0.00600	0.00457	0.00152	0.00759	0.00380	0.00298	0.00902
27	0.00854	0.00702	0.00739	0.00741	0.00948	0.00600	0.00544	0.01036	0.01592	0.01955	0.13754	0.09545	0.57178	0.05531	0.00967	0.00259	0.00370	0.01449	0.00650	0.00587
28	0.00850	0.00607	0.00810	0.00972	0.01012	0.00567	0.00648	0.00972	0.01336	0.01781	0.03846	0.75020	0.04615	0.02186	0.00891	0.00283	0.00405	0.01984	0.00648	0.00567
