[name]
unknown

[dist]
# distance from previous block
# <min> <max>
59	193

[block]
# block no. 0 follows, 30 sequences, length 60
# corresponding to MSA columns:
# 210-269
name=unknown_A
#
# <colnr> <probs for GDERKNQSTAVLIFYWHMCP>
#	G	D	E	R	K	N	Q	S	T	A	V	L	I	F	Y	W	H	M	C	P
0	0.14375	0.37919	0.11177	0.07183	0.04197	0.04350	0.01397	0.08405	0.01584	0.02241	0.01106	0.01298	0.00908	0.00648	0.00528	0.00184	0.00783	0.00445	0.00361	0.00911
1	0.14901	0.13294	0.05927	0.01359	0.01883	0.07975	0.01188	0.22331	0.04672	0.10383	0.05633	0.01767	0.01439	0.00780	0.00610	0.00198	0.00723	0.00570	0.00553	0.03812
2	0.01616	0.06980	0.10967	0.01249	0.01698	0.01389	0.01138	0.19947	0.04143	0.02927	0.19324	0.06537	0.06774	0.01050	0.00697	0.00206	0.00595	0.00865	0.06883	0.05018
3	0.06178	0.18930	0.34996	0.01859	0.09092	0.01831	0.01874	0.06883	0.01608	0.02320	0.04909	0.03852	0.01333	0.00742	0.00622	0.00204	0.00845	0.00578	0.00373	0.00970
4	0.22968	0.09067	0.01757	0.04323	0.01793	0.01577	0.04406	0.16872	0.01907	0.08477	0.13339	0.02193	0.02010	0.00903	0.00696	0.03058	0.00626	0.00659	0.02492	0.00875
5	0.01039	0.05188	0.01068	0.00977	0.01113	0.00803	0.00710	0.04131	0.01585	0.02128	0.19952	0.42007	0.07426	0.05532	0.00973	0.00275	0.00441	0.03373	0.00647	0.00632
6	0.05303	0.68303	0.07601	0.01229	0.01845	0.02641	0.01257	0.02095	0.01411	0.01741	0.00987	0.01141	0.00889	0.00603	0.00460	0.00156	0.00754	0.00382	0.00304	0.00897
7	0.01872	0.28785	0.23056	0.03822	0.06514	0.12902	0.04223	0.07415	0.01682	0.02096	0.01168	0.01372	0.00935	0.00657	0.00593	0.00188	0.00935	0.00485	0.00343	0.00955
8	0.07866	0.05163	0.02202	0.07884	0.02351	0.20640	0.10312	0.10838	0.01785	0.02296	0.03262	0.05271	0.01302	0.00861	0.00899	0.00218	0.11446	0.00650	0.00422	0.04332
9	0.01673	0.01603	0.02735	0.13446	0.62382	0.01644	0.02115	0.02094	0.01563	0.02214	0.01303	0.01745	0.01082	0.00632	0.00692	0.00211	0.00842	0.00622	0.00341	0.01062
10	0.01124	0.00803	0.01124	0.01285	0.01446	0.00803	0.01124	0.01446	0.01606	0.02088	0.03695	0.07871	0.04016	0.01928	0.00964	0.00321	0.00643	0.66426	0.00643	0.00643
11	0.01020	0.00865	0.00970	0.00922	0.01138	0.00861	0.00706	0.01436	0.09737	0.02160	0.17920	0.07613	0.43020	0.01575	0.00930	0.00240	0.06262	0.01299	0.00651	0.00677
12	0.04504	0.01358	0.02295	0.49795	0.15784	0.01553	0.06591	0.01983	0.01474	0.06108	0.01345	0.01842	0.01010	0.00685	0.00696	0.00227	0.00896	0.00631	0.00357	0.00867
13	0.00962	0.00712	0.00898	0.00851	0.01027	0.00648	0.00639	0.01268	0.01916	0.02657	0.60894	0.05445	0.16533	0.01479	0.00823	0.00222	0.00333	0.01295	0.00750	0.00648
14	0.01301	0.00650	0.00650	0.00650	0.00813	0.00650	0.00488	0.01626	0.01463	0.02602	0.02276	0.02602	0.01789	0.00813	0.00488	0.00163	0.00325	0.00650	0.79350	0.00650
15	0.01903	0.72222	0.03572	0.01225	0.01810	0.06300	0.01202	0.02125	0.01446	0.01645	0.00976	0.01126	0.00896	0.00603	0.00457	0.00151	0.00772	0.00377	0.00302	0.00891
16	0.01727	0.01658	0.02832	0.04283	0.71123	0.01658	0.02142	0.02142	0.01589	0.02280	0.01313	0.01727	0.01105	0.00622	0.00691	0.00207	0.00829	0.00622	0.00345	0.01105
17	0.00850	0.00607	0.00810	0.00972	0.01012	0.00567	0.00648	0.00972	0.01336	0.01781	0.03846	0.75020	0.04615	0.02186	0.00891	0.00283	0.00405	0.01984	0.00648	0.00567
18	0.00825	0.00707	0.00707	0.00707	0.00943	0.00589	0.00530	0.01001	0.01591	0.01885	0.07069	0.06716	0.70839	0.01767	0.00825	0.00236	0.00353	0.01473	0.00648	0.00589
19	0.21178	0.10162	0.47454	0.01643	0.02482	0.01719	0.01987	0.02158	0.01396	0.02384	0.01154	0.01354	0.00853	0.00653	0.00584	0.00213	0.00880	0.00467	0.00329	0.00949
20	0.00982	0.00713	0.00925	0.00872	0.01039	0.00656	0.00654	0.01306	0.01962	0.02767	0.68543	0.05265	0.08816	0.01438	0.00823	0.00220	0.00330	0.01269	0.00764	0.00656
21	0.01015	0.00677	0.00761	0.00761	0.00761	0.00677	0.00423	0.01015	0.01015	0.01353	0.02199	0.04567	0.02537	0.75476	0.03552	0.00677	0.00677	0.01015	0.00423	0.00423
22	0.01081	0.00785	0.01062	0.01207	0.01346	0.00786	0.00994	0.01431	0.04988	0.02047	0.03693	0.25890	0.04084	0.01948	0.00931	0.00307	0.00573	0.45555	0.00647	0.00645
23	0.00982	0.00713	0.00924	0.00872	0.01039	0.00656	0.00654	0.01305	0.01961	0.02764	0.68378	0.05269	0.08982	0.01439	0.00823	0.00220	0.00330	0.01270	0.00764	0.00656
24	0.01866	0.75896	0.03657	0.01194	0.01791	0.02761	0.01194	0.02090	0.01418	0.01642	0.00970	0.01119	0.00896	0.00597	0.00448	0.00149	0.00746	0.00373	0.00299	0.00896
25	0.01727	0.01658	0.02832	0.04283	0.71123	0.01658	0.02142	0.02142	0.01589	0.02280	0.01313	0.01727	0.01105	0.00622	0.00691	0.00207	0.00829	0.00622	0.00345	0.01105
26	0.01497	0.01329	0.01470	0.01066	0.01675	0.03991	0.00849	0.01801	0.01470	0.02250	0.01233	0.01439	0.01028	0.00525	0.00522	0.00107	0.00548	0.00415	0.00411	0.76374
27	0.01991	0.01735	0.01776	0.01697	0.07379	0.09080	0.01232	0.10467	0.47011	0.06205	0.02408	0.02284	0.01801	0.00882	0.00698	0.00225	0.00672	0.00719	0.00651	0.01087
28	0.01540	0.01246	0.01460	0.01057	0.01665	0.00961	0.00846	0.01903	0.03706	0.05755	0.01368	0.01531	0.01104	0.00548	0.00532	0.00113	0.00522	0.00440	0.00446	0.73256
29	0.01933	0.01568	0.01635	0.01415	0.01830	0.03840	0.01114	0.15513	0.47752	0.06052	0.05681	0.02610	0.03986	0.00960	0.00713	0.00228	0.00600	0.00785	0.00705	0.01081
30	0.01842	0.72153	0.07188	0.01235	0.01855	0.02702	0.01266	0.02096	0.01421	0.01671	0.00985	0.01138	0.00895	0.00600	0.00459	0.00153	0.00761	0.00381	0.00298	0.00903
31	0.01212	0.00606	0.00909	0.00909	0.00909	0.00606	0.00606	0.00909	0.00909	0.01212	0.01212	0.02121	0.01212	0.02424	0.02727	0.79697	0.00606	0.00606	0.00303	0.00303
32	0.01318	0.01240	0.02093	0.73798	0.04806	0.01550	0.01938	0.01783	0.01395	0.01783	0.01240	0.01860	0.00930	0.00698	0.00698	0.00233	0.00930	0.00620	0.00310	0.00775
33	0.01342	0.01265	0.02137	0.69660	0.08754	0.01557	0.01950	0.01804	0.01407	0.01813	0.01245	0.01853	0.00941	0.00693	0.00697	0.00231	0.00924	0.00620	0.00312	0.00795
34	0.00850	0.00607	0.00810	0.00972	0.01012	0.00567	0.00648	0.00972	0.01336	0.01781	0.03846	0.75020	0.04615	0.02186	0.00891	0.00283	0.00405	0.01984	0.00648	0.00567
35	0.00848	0.00615	0.00802	0.00952	0.01007	0.00568	0.00639	0.00974	0.01355	0.01789	0.04082	0.70023	0.09460	0.02156	0.00886	0.00280	0.00401	0.01946	0.00648	0.00568
36	0.02894	0.01197	0.01584	0.01243	0.01751	0.01080	0.01017	0.03337	0.08819	0.61586	0.05840	0.02527	0.01988	0.00898	0.00708	0.00218	0.00578	0.00736	0.00844	0.01155
37	0.01015	0.00677	0.00761	0.00761	0.00761	0.00677	0.00423	0.01015	0.01015	0.01353	0.02199	0.04567	0.02537	0.75476	0.03552	0.00677	0.00677	0.01015	0.00423	0.00423
38	0.02653	0.01955	0.02094	0.01606	0.02164	0.02164	0.01326	0.68796	0.03281	0.04398	0.01675	0.01675	0.01187	0.00838	0.00698	0.00209	0.00768	0.00628	0.00698	0.01187
39	0.01621	0.01549	0.02640	0.22374	0.53864	0.01630	0.02089	0.02048	0.01539	0.02150	0.01294	0.01762	0.01060	0.00642	0.00693	0.00214	0.00855	0.00621	0.00336	0.01019
40	0.01471	0.03593	0.67700	0.01978	0.02969	0.05851	0.02505	0.02244	0.01503	0.02180	0.01242	0.01461	0.00885	0.00666	0.00661	0.00219	0.01045	0.00512	0.00299	0.01018
41	0.01212	0.00606	0.00909	0.00909	0.00909	0.00606	0.00606	0.00909	0.00909	0.01212	0.01212	0.02121	0.01212	0.02424	0.02727	0.79697	0.00606	0.00606	0.00303	0.00303
42	0.02177	0.37317	0.07829	0.01503	0.02048	0.25614	0.01362	0.10873	0.01845	0.02058	0.01117	0.01262	0.00933	0.00673	0.00555	0.00172	0.00938	0.00441	0.00370	0.00914
43	0.02344	0.11688	0.02085	0.01586	0.02001	0.40101	0.01251	0.13147	0.10953	0.02326	0.01449	0.01550	0.01149	0.00757	0.00621	0.00187	0.00979	0.00523	0.04394	0.00910
44	0.00828	0.00694	0.00720	0.00740	0.00951	0.00586	0.00545	0.00998	0.01559	0.01872	0.06666	0.15254	0.62562	0.01820	0.00833	0.00242	0.00360	0.01537	0.00648	0.00586
45	0.01336	0.01259	0.02127	0.70651	0.07809	0.01555	0.01947	0.01799	0.01404	0.01805	0.01244	0.01854	0.00938	0.00694	0.00697	0.00231	0.00926	0.00620	0.00312	0.00790
46	0.01502	0.01273	0.01476	0.01059	0.01677	0.00986	0.00849	0.04792	0.01530	0.02370	0.01260	0.01457	0.01041	0.00531	0.00525	0.00108	0.00528	0.00423	0.00426	0.76186
47	0.01581	0.01624	0.02220	0.01881	0.01929	0.05314	0.04555	0.01755	0.01136	0.01706	0.00946	0.01531	0.00922	0.01170	0.02148	0.00296	0.67590	0.00613	0.00310	0.00773
48	0.01015	0.00677	0.00761	0.00761	0.00761	0.00677	0.00423	0.01015	0.01015	0.01353	0.02199	0.04567	0.02537	0.75476	0.03552	0.00677	0.00677	0.01015	0.00423	0.00423
49	0.01007	0.00709	0.00924	0.00924	0.00980	0.00765	0.00626	0.01119	0.01063	0.01474	0.02050	0.03742	0.02179	0.43756	0.34783	0.00877	0.01215	0.00894	0.00401	0.00513
50	0.02049	0.01935	0.05534	0.08651	0.31320	0.12902	0.06953	0.05304	0.04341	0.11911	0.01548	0.01785	0.01174	0.00698	0.00693	0.00210	0.00896	0.00623	0.00444	0.01030
51	0.01318	0.01240	0.02093	0.73798	0.04806	0.01550	0.01938	0.01783	0.01395	0.01783	0.01240	0.01860	0.00930	0.00698	0.00698	0.00233	0.00930	0.00620	0.00310	0.00775
52	0.01301	0.00650	0.00650	0.00650	0.00813	0.00650	0.00488	0.01626	0.01463	0.02602	0.02276	0.02602	0.01789	0.00813	0.00488	0.00163	0.00325	0.00650	0.79350	0.00650
53	0.01619	0.01820	0.03858	0.06937	0.03583	0.01779	0.59913	0.02169	0.01591	0.02169	0.01366	0.01855	0.01041	0.00640	0.00922	0.00240	0.06434	0.00796	0.00347	0.00919
54	0.01766	0.39800	0.30000	0.01570	0.02309	0.10005	0.01749	0.02213	0.01501	0.01870	0.01092	0.01272	0.00891	0.00636	0.00551	0.00181	0.00913	0.00437	0.00304	0.00939
55	0.01378	0.01302	0.02202	0.63517	0.14615	0.01566	0.01968	0.01836	0.01424	0.01856	0.01251	0.01841	0.00956	0.00686	0.00697	0.00229	0.00915	0.00620	0.00315	0.00824
56	0.03107	0.01226	0.01643	0.01260	0.01800	0.01082	0.01041	0.06665	0.02061	0.68251	0.02699	0.02340	0.01700	0.00862	0.00702	0.00216	0.00602	0.00698	0.00855	0.01188
57	0.05769	0.56888	0.05550	0.01175	0.01736	0.02328	0.01153	0.02099	0.01490	0.06855	0.05493	0.01678	0.03927	0.00715	0.00510	0.00167	0.00696	0.00497	0.00387	0.00889
58	0.06492	0.01819	0.01907	0.01601	0.05029	0.07556	0.01243	0.41387	0.04578	0.13999	0.05944	0.01961	0.01572	0.00851	0.00687	0.00210	0.00740	0.00655	0.00671	0.01097
59	0.01400	0.03610	0.71860	0.01989	0.03020	0.01621	0.02578	0.02210	0.01473	0.02210	0.01252	0.01473	0.00884	0.00663	0.00663	0.00221	0.01031	0.00516	0.00295	0.01031

[dist]
# distance from previous block
# <min> <max>
0	1

[block]
# block no. 1 follows, 30 sequences, length 35
# corresponding to MSA columns:
# 271-305
name=unknown_B
#
# <colnr> <probs for GDERKNQSTAVLIFYWHMCP>
#	G	D	E	R	K	N	Q	S	T	A	V	L	I	F	Y	W	H	M	C	P
0	0.06549	0.25592	0.07312	0.01387	0.01921	0.04642	0.01266	0.21778	0.04790	0.07921	0.06648	0.01787	0.01512	0.00796	0.00661	0.00196	0.03159	0.00577	0.00519	0.00987
1	0.02042	0.58591	0.03256	0.01338	0.01878	0.19432	0.01231	0.02256	0.01551	0.01658	0.00996	0.01153	0.00896	0.00626	0.00491	0.00157	0.00868	0.00391	0.00313	0.00875
2	0.01509	0.01277	0.01480	0.01063	0.01680	0.00994	0.00853	0.05213	0.01542	0.02383	0.01263	0.01459	0.01041	0.00533	0.00526	0.00109	0.00530	0.00425	0.00428	0.75692
3	0.50879	0.04538	0.13565	0.01149	0.01690	0.01513	0.01116	0.02191	0.01377	0.10471	0.04886	0.01544	0.01197	0.00713	0.00523	0.00214	0.00628	0.00484	0.00468	0.00852
4	0.01156	0.00867	0.01246	0.01514	0.07487	0.00861	0.01173	0.01472	0.01594	0.02086	0.03616	0.09856	0.06225	0.01818	0.00932	0.00307	0.00639	0.55856	0.00617	0.00678
5	0.01723	0.01670	0.02900	0.04213	0.67576	0.01664	0.05634	0.02147	0.01592	0.02277	0.01318	0.01735	0.01103	0.00620	0.00698	0.00209	0.00847	0.00632	0.00346	0.01097
6	0.01506	0.01867	0.13515	0.01858	0.02026	0.02053	0.01698	0.01766	0.01135	0.01766	0.00971	0.01518	0.00911	0.01130	0.02025	0.00292	0.62259	0.00595	0.00304	0.00807
7	0.01802	0.01767	0.02818	0.04001	0.62167	0.05465	0.04969	0.04440	0.01670	0.02319	0.01317	0.01707	0.01095	0.00633	0.00694	0.00207	0.00865	0.00622	0.00358	0.01085
8	0.00885	0.00631	0.00818	0.00930	0.00988	0.00591	0.00622	0.01022	0.01394	0.01873	0.12566	0.56482	0.06531	0.09794	0.01160	0.00315	0.00422	0.01772	0.00640	0.00564
9	0.00932	0.00708	0.00947	0.01050	0.01083	0.00739	0.00727	0.01049	0.01288	0.01745	0.03437	0.62992	0.04099	0.06536	0.01200	0.00310	0.08202	0.01780	0.00598	0.00579
10	0.01347	0.01271	0.02147	0.68764	0.09609	0.01558	0.01953	0.01809	0.01409	0.01819	0.01246	0.01851	0.00943	0.00692	0.00697	0.00231	0.00923	0.00620	0.00313	0.00799
11	0.00861	0.00612	0.00806	0.00957	0.00995	0.00574	0.00632	0.00975	0.01314	0.01752	0.03733	0.70200	0.04473	0.07201	0.01073	0.00310	0.00423	0.01918	0.00632	0.00557
12	0.24895	0.01410	0.01984	0.07544	0.02282	0.01425	0.13773	0.06144	0.01717	0.29432	0.01804	0.01845	0.01227	0.00734	0.00647	0.00221	0.00725	0.00621	0.00588	0.00983
13	0.01318	0.01240	0.02093	0.73798	0.04806	0.01550	0.01938	0.01783	0.01395	0.01783	0.01240	0.01860	0.00930	0.00698	0.00698	0.00233	0.00930	0.00620	0.00310	0.00775
14	0.01727	0.01658	0.02832	0.04283	0.71123	0.01658	0.02142	0.02142	0.01589	0.02280	0.01313	0.01727	0.01105	0.00622	0.00691	0.00207	0.00829	0.00622	0.00345	0.01105
15	0.00873	0.00624	0.00836	0.00998	0.01048	0.00586	0.00687	0.01011	0.01359	0.01807	0.03834	0.69438	0.04566	0.02165	0.00897	0.00287	0.00425	0.07341	0.00647	0.00573
16	0.01663	0.01593	0.02717	0.15096	0.60807	0.01641	0.02110	0.02086	0.01559	0.02203	0.01301	0.01748	0.01078	0.00634	0.00692	0.00211	0.00845	0.00622	0.00340	0.01054
17	0.01430	0.03396	0.63468	0.02107	0.03098	0.01638	0.10756	0.02213	0.01495	0.02213	0.01272	0.01524	0.00906	0.00654	0.00683	0.00223	0.01049	0.00554	0.00302	0.01020
18	0.00894	0.00710	0.00803	0.00780	0.00985	0.00619	0.00585	0.01136	0.01755	0.02276	0.34299	0.06073	0.43366	0.01622	0.00824	0.00229	0.00343	0.01383	0.00699	0.00619
19	0.01866	0.75896	0.03657	0.01194	0.01791	0.02761	0.01194	0.02090	0.01418	0.01642	0.00970	0.01119	0.00896	0.00597	0.00448	0.00149	0.00746	0.00373	0.00299	0.00896
20	0.01594	0.14842	0.55337	0.01826	0.02741	0.04874	0.02246	0.02263	0.01507	0.04842	0.01260	0.01444	0.00920	0.00663	0.00629	0.00208	0.00979	0.00498	0.00321	0.01006
21	0.01866	0.75896	0.03657	0.01194	0.01791	0.02761	0.01194	0.02090	0.01418	0.01642	0.00970	0.01119	0.00896	0.00597	0.00448	0.00149	0.00746	0.00373	0.00299	0.00896
22	0.00958	0.00712	0.00892	0.00847	0.01024	0.00646	0.00635	0.01259	0.01905	0.02631	0.59119	0.05487	0.18324	0.01489	0.00823	0.00222	0.00334	0.01301	0.00746	0.00646
23	0.01623	0.01794	0.03792	0.03004	0.12015	0.01694	0.56714	0.02176	0.01657	0.02270	0.04974	0.02034	0.01350	0.00636	0.00807	0.00231	0.01089	0.00821	0.00373	0.00947
24	0.01375	0.01271	0.02093	0.70680	0.04692	0.01577	0.01912	0.04677	0.01477	0.01896	0.01259	0.01852	0.00941	0.00704	0.00698	0.00232	0.00923	0.00621	0.00327	0.00793
25	0.01527	0.01527	0.02137	0.01832	0.01832	0.02137	0.01527	0.01679	0.01069	0.01679	0.00916	0.01527	0.00916	0.01221	0.02290	0.00305	0.74198	0.00611	0.00305	0.00763
26	0.02546	0.09276	0.02115	0.01748	0.02127	0.66942	0.01336	0.02729	0.01932	0.01702	0.01070	0.01247	0.00899	0.00709	0.00614	0.00177	0.01216	0.00443	0.00355	0.00816
27	0.01460	0.12907	0.63087	0.01887	0.02862	0.01767	0.02400	0.02194	0.01466	0.02137	0.01216	0.01428	0.00885	0.00654	0.00635	0.00212	0.00995	0.00497	0.00295	0.01014
28	0.00850	0.00607	0.00810	0.00972	0.01012	0.00567	0.00648	0.00972	0.01336	0.01781	0.03846	0.75020	0.04615	0.02186	0.00891	0.00283	0.00405	0.01984	0.00648	0.00567
29	0.00848	0.00618	0.00799	0.00944	0.01005	0.00569	0.00635	0.00975	0.01363	0.01792	0.04187	0.67794	0.11622	0.02142	0.00884	0.00278	0.00399	0.01930	0.00648	0.00569
30	0.01702	0.11812	0.37736	0.02167	0.10518	0.12992	0.05451	0.02252	0.01547	0.02045	0.01189	0.01450	0.00924	0.00684	0.00727	0.00209	0.04789	0.00521	0.00315	0.00970
31	0.01282	0.00799	0.01040	0.00941	0.01161	0.00740	0.00719	0.01658	0.04212	0.11453	0.59970	0.04770	0.05827	0.01340	0.00804	0.00220	0.00370	0.01176	0.00778	0.00740
32	0.00871	0.00709	0.00771	0.00755	0.00971	0.00609	0.00566	0.01091	0.01699	0.02144	0.25088	0.06290	0.52660	0.01671	0.00824	0.00231	0.00347	0.01413	0.00682	0.00609
33	0.01543	0.01542	0.05410	0.39322	0.31796	0.01622	0.02025	0.04632	0.01554	0.02110	0.01288	0.01782	0.01010	0.00671	0.00693	0.00221	0.00887	0.00617	0.00339	0.00938
34	0.14829	0.01747	0.06575	0.28469	0.10401	0.09789	0.05558	0.02247	0.05260	0.06699	0.01381	0.01706	0.01038	0.00700	0.00651	0.00220	0.00871	0.00580	0.00399	0.00882

[dist]
# distance from previous block
# <min> <max>
0	1

[block]
# block no. 2 follows, 30 sequences, length 119
# corresponding to MSA columns:
# 307-425
name=unknown_C
#
# <colnr> <probs for GDERKNQSTAVLIFYWHMCP>
#	G	D	E	R	K	N	Q	S	T	A	V	L	I	F	Y	W	H	M	C	P
0	0.02502	0.14088	0.04628	0.01362	0.01945	0.01719	0.01191	0.25421	0.02260	0.26443	0.01859	0.01787	0.01293	0.00764	0.00636	0.00190	0.00686	0.00582	0.00641	0.10005
1	0.01489	0.01265	0.01470	0.01053	0.01671	0.00973	0.00844	0.04086	0.01511	0.02348	0.01255	0.01455	0.01039	0.00528	0.00523	0.00107	0.00526	0.00421	0.00423	0.77013
2	0.02690	0.01881	0.04664	0.01556	0.02129	0.01941	0.01321	0.54654	0.02984	0.16246	0.01851	0.01792	0.01271	0.00836	0.00697	0.00211	0.00747	0.00637	0.00712	0.01181
3	0.01526	0.18243	0.50792	0.02019	0.07601	0.01862	0.04407	0.02181	0.01476	0.02099	0.01204	0.01432	0.00908	0.00644	0.00626	0.00206	0.00963	0.00504	0.00301	0.01006
4	0.00923	0.00718	0.00792	0.00781	0.01000	0.00619	0.00590	0.01137	0.01675	0.03719	0.20605	0.08811	0.51086	0.01692	0.00828	0.00236	0.00363	0.03128	0.00679	0.00619
5	0.33708	0.01732	0.01633	0.01326	0.01818	0.04257	0.01086	0.36107	0.06263	0.03715	0.01441	0.01499	0.01059	0.00764	0.00590	0.00213	0.00681	0.00531	0.00581	0.00997
6	0.01689	0.19994	0.42847	0.01831	0.02662	0.08810	0.06563	0.02273	0.01536	0.03959	0.01223	0.01424	0.00923	0.00654	0.00622	0.00201	0.00986	0.00502	0.00322	0.00977
7	0.00871	0.00696	0.00782	0.00799	0.00989	0.00607	0.00592	0.01076	0.01633	0.02065	0.19710	0.16668	0.45578	0.01764	0.00838	0.00242	0.00365	0.03451	0.00673	0.00602
8	0.00982	0.00713	0.00925	0.00872	0.01039	0.00656	0.00654	0.01305	0.01961	0.02765	0.68429	0.05267	0.08930	0.01439	0.00823	0.00220	0.00330	0.01270	0.00764	0.00656
9	0.02983	0.01425	0.01766	0.01354	0.01900	0.01377	0.01119	0.23606	0.02394	0.50841	0.02420	0.02159	0.01560	0.00856	0.00701	0.00214	0.00648	0.00679	0.00813	0.01187
10	0.01453	0.01358	0.02263	0.55614	0.19941	0.01594	0.01966	0.03938	0.01498	0.01978	0.01270	0.01824	0.00978	0.00685	0.00696	0.00226	0.00902	0.00621	0.00330	0.00864
11	0.01324	0.01249	0.02094	0.71549	0.04713	0.01569	0.01925	0.01780	0.01385	0.01780	0.01230	0.01850	0.00930	0.00714	0.00747	0.00235	0.03221	0.00620	0.00310	0.00775
12	0.01317	0.01220	0.02044	0.71310	0.04670	0.01520	0.01889	0.01778	0.01398	0.01811	0.01276	0.01886	0.00959	0.00702	0.00691	0.00230	0.00910	0.00621	0.02998	0.00771
13	0.01727	0.01658	0.02832	0.04283	0.71123	0.01658	0.02142	0.02142	0.01589	0.02280	0.01313	0.01727	0.01105	0.00622	0.00691	0.00207	0.00829	0.00622	0.00345	0.01105
14	0.01866	0.75896	0.03657	0.01194	0.01791	0.02761	0.01194	0.02090	0.01418	0.01642	0.00970	0.01119	0.00896	0.00597	0.00448	0.00149	0.00746	0.00373	0.00299	0.00896
15	0.01015	0.00677	0.00761	0.00761	0.00761	0.00677	0.00423	0.01015	0.01015	0.01353	0.02199	0.04567	0.02537	0.75476	0.03552	0.00677	0.00677	0.01015	0.00423	0.00423
16	0.01736	0.01499	0.01578	0.01420	0.01815	0.01736	0.01105	0.03708	0.69862	0.02919	0.02840	0.02604	0.02130	0.00947	0.00710	0.00237	0.00552	0.00789	0.00710	0.01105
17	0.01916	0.02223	0.07561	0.03417	0.44719	0.19229	0.06462	0.02312	0.01681	0.02130	0.01257	0.01604	0.01036	0.00646	0.00683	0.00203	0.00973	0.00585	0.00346	0.01016
18	0.01400	0.03610	0.71860	0.01989	0.03020	0.01621	0.02578	0.02210	0.01473	0.02210	0.01252	0.01473	0.00884	0.00663	0.00663	0.00221	0.01031	0.00516	0.00295	0.01031
19	0.01015	0.00677	0.00761	0.00761	0.00761	0.00677	0.00423	0.01015	0.01015	0.01353	0.02199	0.04567	0.02537	0.75476	0.03552	0.00677	0.00677	0.01015	0.00423	0.00423
20	0.01015	0.00677	0.00761	0.00761	0.00761	0.00677	0.00423	0.01015	0.01015	0.01353	0.02199	0.04567	0.02537	0.75476	0.03552	0.00677	0.00677	0.01015	0.00423	0.00423
21	0.01392	0.05959	0.16838	0.01184	0.01622	0.01042	0.01164	0.01797	0.01780	0.11227	0.33503	0.04028	0.11103	0.01189	0.00755	0.00220	0.00556	0.03196	0.00630	0.00815
22	0.01506	0.01497	0.02098	0.01805	0.01809	0.02088	0.01501	0.01663	0.01071	0.01677	0.00953	0.01574	0.00948	0.01377	0.05016	0.00337	0.71398	0.00616	0.00308	0.00758
23	0.00870	0.00624	0.00818	0.00946	0.01004	0.00581	0.00637	0.01010	0.01398	0.01875	0.10885	0.63001	0.06726	0.04867	0.00982	0.00290	0.00406	0.01856	0.00652	0.00572
24	0.01552	0.01568	0.02027	0.01751	0.01772	0.06122	0.01435	0.01695	0.01117	0.01657	0.01020	0.01735	0.01034	0.06663	0.02287	0.00325	0.64550	0.00631	0.00317	0.00741
25	0.01807	0.01450	0.01552	0.01383	0.01783	0.01645	0.01079	0.03594	0.62587	0.07923	0.02976	0.02725	0.04412	0.00968	0.00713	0.00235	0.00549	0.00806	0.00719	0.01093
26	0.00988	0.00713	0.00933	0.00878	0.01043	0.00658	0.00658	0.01317	0.01975	0.02798	0.70754	0.05213	0.06584	0.01427	0.00823	0.00219	0.00329	0.01262	0.00768	0.00658
27	0.03057	0.01230	0.01636	0.01263	0.01798	0.01098	0.01040	0.05945	0.04732	0.66286	0.02715	0.02357	0.01722	0.00866	0.00702	0.00216	0.00599	0.00702	0.00851	0.01184
28	0.01445	0.03305	0.60207	0.02205	0.05798	0.01641	0.11254	0.02211	0.01501	0.02216	0.01276	0.01537	0.00916	0.00652	0.00685	0.00222	0.01042	0.00560	0.00304	0.01022
29	0.02653	0.01955	0.02094	0.01606	0.02164	0.02164	0.01326	0.68796	0.03281	0.04398	0.01675	0.01675	0.01187	0.00838	0.00698	0.00209	0.00768	0.00628	0.00698	0.01187
30	0.00997	0.00748	0.01121	0.01121	0.01246	0.00872	0.00872	0.01246	0.01121	0.01620	0.01869	0.02741	0.01745	0.05234	0.72710	0.01121	0.01869	0.00748	0.00374	0.00623
31	0.01146	0.00974	0.01327	0.01268	0.01380	0.03669	0.01002	0.01376	0.01143	0.01633	0.01677	0.02479	0.01572	0.04381	0.58003	0.00947	0.14294	0.00713	0.00362	0.00654
32	0.04789	0.58662	0.05931	0.01313	0.01882	0.14001	0.01257	0.02206	0.01502	0.01728	0.00999	0.01156	0.00891	0.00621	0.00485	0.00159	0.00833	0.00391	0.00313	0.00882
33	0.02339	0.26874	0.02550	0.01678	0.04172	0.47741	0.01323	0.02540	0.01784	0.01704	0.01051	0.01228	0.00904	0.00676	0.00572	0.00171	0.01079	0.00430	0.00339	0.00846
34	0.01572	0.01282	0.03878	0.01305	0.06531	0.00979	0.00979	0.01890	0.01522	0.09022	0.04004	0.06838	0.01546	0.00712	0.00589	0.00142	0.00549	0.00599	0.00477	0.55584
35	0.04020	0.13077	0.18800	0.01469	0.02092	0.01682	0.01450	0.05159	0.21119	0.20962	0.02070	0.01981	0.01473	0.00793	0.00650	0.00213	0.00714	0.00622	0.00582	0.01072
36	0.01450	0.03106	0.55244	0.02410	0.16697	0.01592	0.02418	0.02162	0.01516	0.02246	0.03889	0.01666	0.01144	0.00683	0.00675	0.00218	0.00964	0.00565	0.00323	0.01032
37	0.01647	0.01882	0.04118	0.02941	0.03647	0.01765	0.68588	0.02235	0.01647	0.02235	0.01412	0.01882	0.01059	0.00588	0.00824	0.00235	0.01176	0.00824	0.00353	0.00941
38	0.02507	0.10154	0.02124	0.01728	0.02111	0.63650	0.01325	0.02751	0.04208	0.01742	0.01128	0.01290	0.00940	0.00715	0.00615	0.00179	0.01186	0.00454	0.00366	0.00827
39	0.05309	0.04121	0.13435	0.01345	0.01949	0.01187	0.01270	0.03029	0.01840	0.52921	0.02418	0.04594	0.01623	0.00858	0.00684	0.00217	0.00664	0.00692	0.00727	0.01116
40	0.00882	0.00647	0.00827	0.00914	0.01011	0.00593	0.00635	0.01063	0.01530	0.02051	0.21123	0.48602	0.13669	0.01941	0.00865	0.00261	0.00379	0.01736	0.00678	0.00593
41	0.02925	0.01142	0.01553	0.01207	0.01710	0.00990	0.00990	0.03201	0.01995	0.64996	0.09285	0.02648	0.02194	0.00918	0.00713	0.00216	0.00568	0.00756	0.00855	0.01137
42	0.01933	0.01724	0.02669	0.03689	0.55815	0.01770	0.01961	0.16938	0.01965	0.02750	0.01393	0.01716	0.01123	0.00670	0.00692	0.00208	0.00815	0.00623	0.00424	0.01123
43	0.00852	0.00622	0.00803	0.00939	0.01006	0.00572	0.00635	0.00987	0.01386	0.01827	0.06462	0.65144	0.11970	0.02114	0.00881	0.00276	0.00397	0.01903	0.00652	0.00572
44	0.80405	0.01350	0.01026	0.00918	0.01350	0.01565	0.00756	0.02051	0.01188	0.03131	0.00972	0.01134	0.00756	0.00648	0.00432	0.00216	0.00540	0.00378	0.00432	0.00756
45	0.02346	0.05907	0.06256	0.02242	0.14867	0.52734	0.01559	0.02607	0.01855	0.01839	0.01127	0.01352	0.00936	0.00693	0.00635	0.00186	0.01146	0.00482	0.00351	0.00880
46	0.01596	0.06653	0.01584	0.01451	0.05613	0.01326	0.01102	0.06878	0.20799	0.07783	0.02932	0.17030	0.02827	0.01369	0.00787	0.00255	0.00597	0.17894	0.00641	0.00883
47	0.01416	0.00762	0.00773	0.00732	0.00928	0.00779	0.00559	0.07348	0.01618	0.02755	0.02225	0.02523	0.01737	0.00815	0.00506	0.00167	0.00363	0.00649	0.72649	0.00696
48	0.00861	0.00634	0.00808	0.00922	0.01005	0.00580	0.00631	0.01013	0.01443	0.01906	0.11534	0.57273	0.14745	0.02042	0.00874	0.00269	0.00389	0.01830	0.00661	0.00580
49	0.02998	0.01240	0.03633	0.01249	0.01789	0.01029	0.01057	0.03286	0.01981	0.66941	0.05328	0.02458	0.01890	0.00880	0.00705	0.00216	0.00596	0.00718	0.00843	0.01163
50	0.03010	0.01183	0.01595	0.01236	0.01758	0.01038	0.01016	0.03342	0.04388	0.66885	0.05030	0.02478	0.01904	0.00885	0.00706	0.00217	0.00583	0.00724	0.00855	0.01167
51	0.00988	0.00713	0.00933	0.00878	0.01043	0.00658	0.00658	0.01317	0.01975	0.02798	0.70754	0.05213	0.06584	0.01427	0.00823	0.00219	0.00329	0.01262	0.00768	0.00658
52	0.01615	0.02109	0.13010	0.02816	0.03565	0.01746	0.59923	0.02232	0.01624	0.02232	0.01391	0.01829	0.01036	0.00598	0.00802	0.00233	0.01157	0.00783	0.00345	0.00953
53	0.02891	0.01247	0.01620	0.01267	0.01781	0.01150	0.01038	0.07610	0.08219	0.58363	0.05309	0.02459	0.01916	0.00891	0.00707	0.00218	0.00591	0.00726	0.00835	0.01160
54	0.00998	0.00744	0.01101	0.01101	0.01218	0.00861	0.00846	0.01233	0.01115	0.01604	0.01888	0.02847	0.01791	0.09309	0.68698	0.01096	0.01800	0.00763	0.00377	0.00611
55	0.01866	0.75896	0.03657	0.01194	0.01791	0.02761	0.01194	0.02090	0.01418	0.01642	0.00970	0.01119	0.00896	0.00597	0.00448	0.00149	0.00746	0.00373	0.00299	0.00896
56	0.09696	0.01518	0.01604	0.01379	0.01817	0.01706	0.01094	0.13010	0.46197	0.10493	0.02479	0.02300	0.01815	0.00893	0.00680	0.00228	0.00587	0.00716	0.00698	0.01091
57	0.02959	0.01325	0.01688	0.01309	0.01841	0.01247	0.01076	0.13217	0.07060	0.56611	0.02598	0.02287	0.01675	0.00866	0.00702	0.00216	0.00617	0.00697	0.00828	0.01181
58	0.01835	0.01463	0.01564	0.01379	0.01785	0.01651	0.01081	0.07814	0.57050	0.07480	0.03003	0.02766	0.06028	0.00982	0.00715	0.00233	0.00558	0.00812	0.00716	0.01086
59	0.01466	0.03516	0.69155	0.01960	0.02973	0.01598	0.02518	0.02256	0.01493	0.04882	0.01310	0.01508	0.00916	0.00671	0.00664	0.00221	0.01014	0.00523	0.00317	0.01037
60	0.02645	0.02170	0.02076	0.01636	0.02163	0.13231	0.01330	0.58435	0.03076	0.03976	0.01582	0.01610	0.01142	0.00819	0.00687	0.00205	0.00845	0.00600	0.00645	0.01127
61	0.00872	0.00721	0.00773	0.00794	0.01017	0.00621	0.00618	0.01074	0.01604	0.01941	0.08500	0.06834	0.59478	0.01780	0.00844	0.00247	0.00394	0.10639	0.00651	0.00599
62	0.01469	0.14435	0.61646	0.01870	0.02836	0.01791	0.02371	0.02192	0.01465	0.02125	0.01210	0.01420	0.00886	0.00653	0.00631	0.00210	0.00989	0.00494	0.00295	0.01011
63	0.02882	0.01304	0.02039	0.01527	0.02095	0.01150	0.12370	0.03205	0.01938	0.59958	0.02528	0.02292	0.01615	0.00817	0.00722	0.00219	0.00692	0.00722	0.00778	0.01146
64	0.00856	0.00630	0.00802	0.00923	0.01003	0.00577	0.00630	0.01001	0.01421	0.01869	0.09059	0.59345	0.15193	0.02067	0.00876	0.00271	0.00391	0.01852	0.00656	0.00577
65	0.02539	0.05907	0.02045	0.01777	0.02132	0.67459	0.01349	0.02719	0.01923	0.01704	0.01069	0.01263	0.00899	0.00734	0.00685	0.00183	0.03994	0.00453	0.00355	0.00810
66	0.03084	0.01198	0.01618	0.01248	0.01782	0.01049	0.01028	0.03411	0.04266	0.69310	0.02756	0.02383	0.01741	0.00866	0.00702	0.00217	0.00592	0.00705	0.00859	0.01185
67	0.03131	0.01188	0.01619	0.01242	0.01781	0.01026	0.01026	0.03401	0.01997	0.71606	0.02753	0.02375	0.01727	0.00864	0.00702	0.00216	0.00594	0.00702	0.00864	0.01188
68	0.01424	0.03441	0.65249	0.02082	0.03081	0.01635	0.09020	0.02212	0.01490	0.02212	0.01268	0.01513	0.00901	0.00656	0.00679	0.00222	0.01045	0.00546	0.00300	0.01023
69	0.00881	0.00629	0.00843	0.00997	0.01053	0.00592	0.00692	0.01028	0.01385	0.01848	0.06377	0.66206	0.04635	0.02134	0.00895	0.00284	0.00424	0.07867	0.00652	0.00577
70	0.01727	0.01658	0.02832	0.04283	0.71123	0.01658	0.02142	0.02142	0.01589	0.02280	0.01313	0.01727	0.01105	0.00622	0.00691	0.00207	0.00829	0.00622	0.00345	0.01105
71	0.00968	0.00657	0.00775	0.00820	0.00832	0.00646	0.00486	0.01003	0.01105	0.01474	0.02662	0.24397	0.03122	0.54848	0.02803	0.00566	0.00600	0.01288	0.00486	0.00463
72	0.01650	0.01875	0.04073	0.02988	0.05991	0.01761	0.66280	0.02232	0.01645	0.02237	0.01408	0.01877	0.01060	0.00589	0.00819	0.00234	0.01164	0.00817	0.00353	0.00947
73	0.01866	0.75896	0.03657	0.01194	0.01791	0.02761	0.01194	0.02090	0.01418	0.01642	0.00970	0.01119	0.00896	0.00597	0.00448	0.00149	0.00746	0.00373	0.00299	0.00896
74	0.00825	0.00707	0.00707	0.00707	0.00943	0.00589	0.00530	0.01001	0.01591	0.01885	0.07069	0.06716	0.70839	0.01767	0.00825	0.00236	0.00353	0.01473	0.00648	0.00589
75	0.00836	0.00702	0.00726	0.00732	0.00952	0.00592	0.00544	0.01018	0.01598	0.01932	0.10578	0.10569	0.63290	0.01772	0.00828	0.00237	0.00355	0.01490	0.00655	0.00592
76	0.02580	0.06083	0.02047	0.01767	0.02143	0.67300	0.01342	0.05257	0.02005	0.01807	0.01097	0.01269	0.00910	0.00719	0.00625	0.00180	0.01220	0.00453	0.00370	0.00827
77	0.02653	0.01955	0.02094	0.01606	0.02164	0.02164	0.01326	0.68796	0.03281	0.04398	0.01675	0.01675	0.01187	0.00838	0.00698	0.00209	0.00768	0.00628	0.00698	0.01187
78	0.01447	0.01240	0.01447	0.01034	0.01654	0.00930	0.00827	0.01757	0.01447	0.02274	0.01240	0.01447	0.01034	0.00517	0.00517	0.00103	0.00517	0.00413	0.00413	0.79742
79	0.02619	0.01938	0.02075	0.01599	0.02151	0.02148	0.01318	0.66419	0.05712	0.04344	0.01718	0.01709	0.01221	0.00842	0.00699	0.00210	0.00760	0.00634	0.00699	0.01184
80	0.00889	0.00642	0.00842	0.00934	0.01018	0.00594	0.00646	0.01073	0.01532	0.02081	0.23414	0.52135	0.07706	0.01950	0.00869	0.00263	0.00381	0.01755	0.00683	0.00594
81	0.01866	0.75896	0.03657	0.01194	0.01791	0.02761	0.01194	0.02090	0.01418	0.01642	0.00970	0.01119	0.00896	0.00597	0.00448	0.00149	0.00746	0.00373	0.00299	0.00896
82	0.02779	0.03785	0.01617	0.01205	0.01697	0.01080	0.00993	0.05543	0.02022	0.57326	0.11819	0.02687	0.02333	0.00929	0.00709	0.00214	0.00570	0.00763	0.00825	0.01106
83	0.03131	0.01188	0.01619	0.01242	0.01781	0.01026	0.01026	0.03401	0.01997	0.71606	0.02753	0.02375	0.01727	0.00864	0.00702	0.00216	0.00594	0.00702	0.00864	0.01188
84	0.01301	0.00650	0.00650	0.00650	0.00813	0.00650	0.00488	0.01626	0.01463	0.02602	0.02276	0.02602	0.01789	0.00813	0.00488	0.00163	0.00325	0.00650	0.79350	0.00650
85	0.01404	0.01337	0.02287	0.58694	0.17411	0.01577	0.03727	0.01863	0.01439	0.01889	0.01259	0.01836	0.00967	0.00680	0.00700	0.00228	0.00917	0.00626	0.00318	0.00842
86	0.01727	0.01658	0.02832	0.04283	0.71123	0.01658	0.02142	0.02142	0.01589	0.02280	0.01313	0.01727	0.01105	0.00622	0.00691	0.00207	0.00829	0.00622	0.00345	0.01105
87	0.00825	0.00707	0.00707	0.00707	0.00943	0.00589	0.00530	0.01001	0.01591	0.01885	0.07069	0.06716	0.70839	0.01767	0.00825	0.00236	0.00353	0.01473	0.00648	0.00589
88	0.01866	0.75896	0.03657	0.01194	0.01791	0.02761	0.01194	0.02090	0.01418	0.01642	0.00970	0.01119	0.00896	0.00597	0.00448	0.00149	0.00746	0.00373	0.00299	0.00896
89	0.02413	0.19599	0.02406	0.01602	0.02064	0.32952	0.01312	0.22459	0.02210	0.02501	0.01228	0.01361	0.00985	0.00743	0.00664	0.00186	0.03436	0.00491	0.00446	0.00941
90	0.00861	0.00615	0.00822	0.00984	0.01029	0.00576	0.00666	0.00990	0.01346	0.01793	0.03840	0.72434	0.04592	0.02176	0.00894	0.00285	0.00414	0.04465	0.00648	0.00570
91	0.03114	0.01215	0.01636	0.01254	0.01795	0.01066	0.01036	0.05705	0.02043	0.69238	0.02715	0.02351	0.01708	0.00863	0.00702	0.00216	0.00600	0.00699	0.00858	0.01188
92	0.06200	0.02910	0.47877	0.02037	0.02923	0.01587	0.15017	0.02322	0.01541	0.09030	0.01413	0.01620	0.00992	0.00667	0.00684	0.00223	0.00988	0.00585	0.00369	0.01013
93	0.01727	0.01658	0.02832	0.04283	0.71123	0.01658	0.02142	0.02142	0.01589	0.02280	0.01313	0.01727	0.01105	0.00622	0.00691	0.00207	0.00829	0.00622	0.00345	0.01105
94	0.02458	0.03008	0.02174	0.02158	0.11184	0.58392	0.03995	0.04893	0.01958	0.01892	0.01142	0.01357	0.00941	0.00705	0.00647	0.00186	0.01183	0.00492	0.00369	0.00865
95	0.01582	0.02336	0.21921	0.02691	0.03482	0.01727	0.51240	0.02229	0.01601	0.02229	0.01370	0.01775	0.01013	0.00608	0.00781	0.00232	0.01138	0.00743	0.00338	0.00965
96	0.00850	0.00607	0.00810	0.00972	0.01012	0.00567	0.00648	0.00972	0.01336	0.01781	0.03846	0.75020	0.04615	0.02186	0.00891	0.00283	0.00405	0.01984	0.00648	0.00567
97	0.01866	0.75896	0.03657	0.01194	0.01791	0.02761	0.01194	0.02090	0.01418	0.01642	0.00970	0.01119	0.00896	0.00597	0.00448	0.00149	0.00746	0.00373	0.00299	0.00896
98	0.02653	0.01955	0.02094	0.01606	0.02164	0.02164	0.01326	0.68796	0.03281	0.04398	0.01675	0.01675	0.01187	0.00838	0.00698	0.00209	0.00768	0.00628	0.00698	0.01187
99	0.02761	0.01319	0.01644	0.01311	0.01818	0.01280	0.01067	0.08293	0.18388	0.50161	0.02695	0.02378	0.01784	0.00882	0.00703	0.00220	0.00597	0.00717	0.00815	0.01168
100	0.00850	0.00607	0.00810	0.00972	0.01012	0.00567	0.00648	0.00972	0.01336	0.01781	0.03846	0.75020	0.04615	0.02186	0.00891	0.00283	0.00405	0.01984	0.00648	0.00567
101	0.00996	0.00718	0.00946	0.00919	0.01079	0.00669	0.00702	0.01317	0.01918	0.02696	0.62106	0.07922	0.06274	0.01500	0.00839	0.00231	0.00361	0.07400	0.00752	0.00654
102	0.00870	0.00621	0.00832	0.00994	0.01043	0.00584	0.00682	0.01006	0.01356	0.01804	0.03835	0.70171	0.04572	0.02168	0.00896	0.00286	0.00422	0.06638	0.00647	0.00572
103	0.01124	0.00803	0.01124	0.01285	0.01446	0.00803	0.01124	0.01446	0.01606	0.02088	0.03695	0.07871	0.04016	0.01928	0.00964	0.00321	0.00643	0.66426	0.00643	0.00643
104	0.00825	0.00707	0.00707	0.00707	0.00943	0.00589	0.00530	0.01001	0.01591	0.01885	0.07069	0.06716	0.70839	0.01767	0.00825	0.00236	0.00353	0.01473	0.00648	0.00589
105	0.01763	0.01513	0.01593	0.01426	0.01825	0.01749	0.01111	0.05656	0.67869	0.02963	0.02805	0.02576	0.02102	0.00943	0.00710	0.00236	0.00559	0.00784	0.00710	0.01107
106	0.01727	0.01658	0.02832	0.04283	0.71123	0.01658	0.02142	0.02142	0.01589	0.02280	0.01313	0.01727	0.01105	0.00622	0.00691	0.00207	0.00829	0.00622	0.00345	0.01105
107	0.03131	0.01188	0.01619	0.01242	0.01781	0.01026	0.01026	0.03401	0.01997	0.71606	0.02753	0.02375	0.01727	0.00864	0.00702	0.00216	0.00594	0.00702	0.00864	0.01188
108	0.01212	0.00606	0.00909	0.00909	0.00909	0.00606	0.00606	0.00909	0.00909	0.01212	0.01212	0.02121	0.01212	0.02424	0.02727	0.79697	0.00606	0.00606	0.00303	0.00303
109	0.02680	0.01910	0.02067	0.01584	0.02142	0.02098	0.01309	0.65001	0.03206	0.08297	0.01738	0.01716	0.01218	0.00839	0.00698	0.00210	0.00758	0.00633	0.00708	0.01187
110	0.06053	0.01220	0.01613	0.01242	0.01778	0.01086	0.01026	0.05621	0.02011	0.66667	0.02648	0.02304	0.01672	0.00855	0.00691	0.00216	0.00598	0.00687	0.00842	0.01171
111	0.03131	0.01188	0.01619	0.01242	0.01781	0.01026	0.01026	0.03401	0.01997	0.71606	0.02753	0.02375	0.01727	0.00864	0.00702	0.00216	0.00594	0.00702	0.00864	0.01188
112	0.01727	0.01658	0.02832	0.04283	0.71123	0.01658	0.02142	0.02142	0.01589	0.02280	0.01313	0.01727	0.01105	0.00622	0.00691	0.00207	0.00829	0.00622	0.00345	0.01105
113	0.01468	0.14228	0.61842	0.01872	0.02840	0.01788	0.02375	0.02192	0.01465	0.02126	0.01211	0.01421	0.00886	0.00653	0.00631	0.00210	0.00989	0.00495	0.00295	0.01011
114	0.02540	0.01897	0.02057	0.04114	0.02231	0.02112	0.01332	0.61794	0.07984	0.04201	0.01744	0.01748	0.01245	0.00841	0.00699	0.00212	0.00758	0.00639	0.00685	0.01166
115	0.02425	0.17205	0.04750	0.01674	0.02117	0.51644	0.01360	0.07399	0.01946	0.01907	0.01107	0.01269	0.00918	0.00702	0.00600	0.00177	0.01116	0.00450	0.00370	0.00861
116	0.01124	0.00803	0.01124	0.01285	0.01446	0.00803	0.01124	0.01446	0.01606	0.02088	0.03695	0.07871	0.04016	0.01928	0.00964	0.00321	0.00643	0.66426	0.00643	0.00643
117	0.01406	0.01130	0.01326	0.01324	0.01594	0.01241	0.01080	0.02520	0.34671	0.02507	0.05837	0.07564	0.03221	0.01443	0.00833	0.00275	0.00579	0.29905	0.00680	0.00864
118	0.01727	0.01652	0.02789	0.04183	0.68702	0.01661	0.02105	0.02196	0.03973	0.02302	0.01366	0.01758	0.01141	0.00633	0.00692	0.00208	0.00819	0.00628	0.00358	0.01105

[dist]
# distance from previous block
# <min> <max>
0	1

[block]
# block no. 3 follows, 30 sequences, length 117
# corresponding to MSA columns:
# 427-543
name=unknown_D
#
# <colnr> <probs for GDERKNQSTAVLIFYWHMCP>
#	G	D	E	R	K	N	Q	S	T	A	V	L	I	F	Y	W	H	M	C	P
0	0.01752	0.59743	0.12636	0.01282	0.01925	0.02442	0.01344	0.02063	0.01445	0.01789	0.03254	0.01316	0.01083	0.00628	0.00492	0.00159	0.00759	0.00423	0.00319	0.05146
1	0.01391	0.03520	0.69599	0.01966	0.02970	0.01594	0.02532	0.02186	0.01478	0.02206	0.01330	0.01678	0.00984	0.00703	0.00673	0.00224	0.01019	0.02623	0.00306	0.01019
2	0.01057	0.00729	0.00955	0.00890	0.01066	0.00670	0.00670	0.01384	0.01976	0.05011	0.68567	0.05121	0.06428	0.01409	0.00819	0.00219	0.00338	0.01244	0.00771	0.00675
3	0.01727	0.01658	0.02832	0.04283	0.71123	0.01658	0.02142	0.02142	0.01589	0.02280	0.01313	0.01727	0.01105	0.00622	0.00691	0.00207	0.00829	0.00622	0.00345	0.01105
4	0.01866	0.75896	0.03657	0.01194	0.01791	0.02761	0.01194	0.02090	0.01418	0.01642	0.00970	0.01119	0.00896	0.00597	0.00448	0.00149	0.00746	0.00373	0.00299	0.00896
5	0.00879	0.00709	0.00782	0.00764	0.00976	0.00612	0.00573	0.01107	0.01719	0.02190	0.28312	0.06214	0.49407	0.01654	0.00824	0.00230	0.00345	0.01402	0.00688	0.00612
6	0.00850	0.00607	0.00810	0.00972	0.01012	0.00567	0.00648	0.00972	0.01336	0.01781	0.03846	0.75020	0.04615	0.02186	0.00891	0.00283	0.00405	0.01984	0.00648	0.00567
7	0.01000	0.00737	0.01066	0.01066	0.01172	0.00842	0.00804	0.01211	0.01105	0.01579	0.01919	0.03020	0.01866	0.15955	0.62154	0.01054	0.01687	0.00788	0.00381	0.00592
8	0.01527	0.01527	0.02137	0.01832	0.01832	0.02137	0.01527	0.01679	0.01069	0.01679	0.00916	0.01527	0.00916	0.01221	0.02290	0.00305	0.74198	0.00611	0.00305	0.00763
9	0.00850	0.00607	0.00810	0.00972	0.01012	0.00567	0.00648	0.00972	0.01336	0.01781	0.03846	0.75020	0.04615	0.02186	0.00891	0.00283	0.00405	0.01984	0.00648	0.00567
10	0.00997	0.00748	0.01121	0.01121	0.01246	0.00872	0.00872	0.01246	0.01121	0.01620	0.01869	0.02741	0.01745	0.05234	0.72710	0.01121	0.01869	0.00748	0.00374	0.00623
11	0.01303	0.01094	0.01689	0.02019	0.19093	0.01087	0.04868	0.01768	0.06016	0.02410	0.23005	0.04867	0.03771	0.01313	0.00829	0.00252	0.00619	0.22594	0.00594	0.00810
12	0.01772	0.01517	0.01599	0.01428	0.01829	0.01753	0.01113	0.06309	0.67201	0.02978	0.02794	0.02566	0.02092	0.00942	0.00710	0.00236	0.00561	0.00783	0.00710	0.01108
13	0.02913	0.01328	0.01681	0.01311	0.01838	0.01260	0.01076	0.12501	0.09532	0.54842	0.02613	0.02303	0.01696	0.00869	0.00702	0.00217	0.00613	0.00701	0.00824	0.01178
14	0.01299	0.01155	0.01844	0.55346	0.03896	0.01383	0.01640	0.04306	0.01593	0.02103	0.16154	0.02572	0.02152	0.00859	0.00725	0.00229	0.00795	0.00758	0.00423	0.00766
15	0.73622	0.01335	0.01078	0.00946	0.01387	0.01518	0.00779	0.02170	0.01259	0.09141	0.01128	0.01243	0.00841	0.00667	0.00456	0.00216	0.00545	0.00406	0.00470	0.00794
16	0.02607	0.03326	0.01978	0.01798	0.02157	0.72674	0.01348	0.02787	0.01978	0.01708	0.01079	0.01258	0.00899	0.00719	0.00629	0.00180	0.01258	0.00449	0.00360	0.00809
17	0.00850	0.00607	0.00810	0.00972	0.01012	0.00567	0.00648	0.00972	0.01336	0.01781	0.03846	0.75020	0.04615	0.02186	0.00891	0.00283	0.00405	0.01984	0.00648	0.00567
18	0.01647	0.01882	0.04118	0.02941	0.03647	0.01765	0.68588	0.02235	0.01647	0.02235	0.01412	0.01882	0.01059	0.00588	0.00824	0.00235	0.01176	0.00824	0.00353	0.00941
19	0.01358	0.01281	0.02165	0.67022	0.11271	0.01561	0.01958	0.01818	0.01414	0.01831	0.01247	0.01847	0.00947	0.00690	0.00697	0.00230	0.00920	0.00620	0.00314	0.00807
20	0.00945	0.00753	0.00873	0.01016	0.01074	0.04444	0.00685	0.01069	0.01371	0.01777	0.03697	0.71054	0.04416	0.02107	0.00877	0.00278	0.00451	0.01901	0.00632	0.00580
21	0.01073	0.00774	0.01057	0.01181	0.01338	0.00758	0.01001	0.01375	0.01637	0.02151	0.12698	0.11751	0.07985	0.01870	0.00933	0.00301	0.00571	0.50253	0.00660	0.00637
22	0.01447	0.01240	0.01447	0.01034	0.01654	0.00930	0.00827	0.01757	0.01447	0.02274	0.01240	0.01447	0.01034	0.00517	0.00517	0.00103	0.00517	0.00413	0.00413	0.79742
23	0.01727	0.01658	0.02832	0.04283	0.71123	0.01658	0.02142	0.02142	0.01589	0.02280	0.01313	0.01727	0.01105	0.00622	0.00691	0.00207	0.00829	0.00622	0.00345	0.01105
24	0.01455	0.12141	0.63811	0.01895	0.02875	0.01755	0.02415	0.02196	0.01467	0.02143	0.01219	0.01432	0.00885	0.00655	0.00638	0.00213	0.00998	0.00499	0.00295	0.01015
