[name]
unknown

[dist]
# distance from previous block
# <min> <max>
0	45

[block]
# block no. 0 follows, 29 sequences, length 6
# corresponding to MSA columns:
# 45-50
name=unknown_A
#
# <colnr> <probs for GDERKNQSTAVLIFYWHMCP>
#	G	D	E	R	K	N	Q	S	T	A	V	L	I	F	Y	W	H	M	C	P
0	0.01171	0.00842	0.01048	0.01089	0.01236	0.00835	0.00803	0.10026	0.01716	0.02286	0.09623	0.44089	0.07911	0.01933	0.00957	0.03451	0.00489	0.09162	0.00664	0.00671
1	0.01719	0.01730	0.02759	0.08542	0.02811	0.04295	0.24773	0.06573	0.10609	0.02309	0.01480	0.01858	0.01177	0.00847	0.01177	0.00247	0.20285	0.00708	0.00419	0.05684
2	0.02195	0.01536	0.01716	0.01368	0.01818	0.01629	0.01094	0.37475	0.05757	0.08881	0.01909	0.02238	0.01508	0.09152	0.07399	0.00337	0.00807	0.00687	0.03566	0.08930
3	0.02349	0.01710	0.01872	0.01490	0.01990	0.01843	0.01205	0.46561	0.09620	0.07047	0.02087	0.09603	0.01697	0.00991	0.00721	0.00217	0.00695	0.00793	0.00695	0.06814
4	0.02275	0.01521	0.01859	0.09126	0.02268	0.06506	0.05222	0.12015	0.08851	0.24998	0.02315	0.06270	0.03555	0.00905	0.00713	0.00214	0.00723	0.00759	0.00645	0.09260
5	0.01668	0.01609	0.02877	0.08515	0.21661	0.01594	0.25300	0.09064	0.01770	0.02432	0.01751	0.11512	0.01580	0.00860	0.00774	0.00229	0.00902	0.00884	0.00435	0.04582

[dist]
# distance from previous block
# <min> <max>
16	32

[block]
# block no. 1 follows, 29 sequences, length 8
# corresponding to MSA columns:
# 91-98
name=unknown_B
#
# <colnr> <probs for GDERKNQSTAVLIFYWHMCP>
#	G	D	E	R	K	N	Q	S	T	A	V	L	I	F	Y	W	H	M	C	P
0	0.01293	0.00752	0.00783	0.00752	0.00944	0.00733	0.00556	0.04367	0.01545	0.02497	0.02880	0.06379	0.09830	0.06922	0.00816	0.00221	0.00395	0.00839	0.53595	0.03900
1	0.01777	0.01771	0.02711	0.13942	0.55590	0.07475	0.02089	0.02188	0.01626	0.02206	0.01309	0.01742	0.01085	0.00654	0.00701	0.00213	0.00897	0.00620	0.00349	0.01055
2	0.00924	0.00654	0.00799	0.00891	0.00936	0.00620	0.00569	0.01010	0.01272	0.01674	0.03636	0.43752	0.09983	0.27753	0.01857	0.00426	0.00506	0.01629	0.00580	0.00529
3	0.02707	0.01995	0.02137	0.01638	0.02208	0.02208	0.01353	0.68159	0.03348	0.04488	0.01710	0.01710	0.01211	0.00855	0.00712	0.00214	0.00784	0.00641	0.00712	0.01211
4	0.01345	0.01266	0.02136	0.73264	0.04904	0.01582	0.01978	0.01819	0.01424	0.01819	0.01266	0.01898	0.00949	0.00712	0.00712	0.00237	0.00949	0.00633	0.00316	0.00791
5	0.01345	0.01266	0.02136	0.73264	0.04904	0.01582	0.01978	0.01819	0.01424	0.01819	0.01266	0.01898	0.00949	0.00712	0.00712	0.00237	0.00949	0.00633	0.00316	0.00791
6	0.01744	0.10163	0.46206	0.01903	0.02707	0.16913	0.02169	0.02339	0.01585	0.02060	0.01194	0.01426	0.00908	0.00715	0.00743	0.00215	0.05215	0.00504	0.00316	0.00975
7	0.00882	0.00632	0.00815	0.00955	0.01005	0.00590	0.00632	0.00997	0.01349	0.01784	0.03971	0.63861	0.08543	0.08963	0.01157	0.00323	0.00436	0.01900	0.00640	0.00566

[dist]
# distance from previous block
# <min> <max>
0	3

[block]
# block no. 2 follows, 29 sequences, length 13
# corresponding to MSA columns:
# 102-114
name=unknown_C
#
# <colnr> <probs for GDERKNQSTAVLIFYWHMCP>
#	G	D	E	R	K	N	Q	S	T	A	V	L	I	F	Y	W	H	M	C	P
0	0.08044	0.01824	0.01842	0.01515	0.02003	0.05486	0.01219	0.34258	0.27386	0.05782	0.02099	0.02019	0.01536	0.00876	0.00693	0.00223	0.00705	0.00676	0.00685	0.01128
1	0.02498	0.02796	0.02207	0.02279	0.15218	0.45045	0.01526	0.15478	0.02202	0.02390	0.01265	0.01458	0.01015	0.00738	0.00668	0.00195	0.01103	0.00528	0.00432	0.00958
2	0.02707	0.01995	0.02137	0.01638	0.02208	0.02208	0.01353	0.68159	0.03348	0.04488	0.01710	0.01710	0.01211	0.00855	0.00712	0.00214	0.00784	0.00641	0.00712	0.01211
3	0.02141	0.01523	0.01655	0.01361	0.01767	0.01655	0.01086	0.44909	0.02679	0.03693	0.02223	0.15502	0.01965	0.01109	0.00715	0.00220	0.00642	0.00904	0.13246	0.01005
4	0.00870	0.00639	0.00817	0.00949	0.01024	0.00586	0.00644	0.01011	0.01429	0.01878	0.07282	0.61876	0.14111	0.02136	0.00896	0.00279	0.00402	0.01918	0.00666	0.00586
5	0.00868	0.00620	0.00826	0.00991	0.01033	0.00578	0.00661	0.00991	0.01363	0.01818	0.03925	0.74510	0.04710	0.02231	0.00909	0.00289	0.00413	0.02024	0.00661	0.00578
6	0.01045	0.00668	0.00893	0.01008	0.01092	0.00617	0.00690	0.01189	0.01441	0.06958	0.06735	0.66182	0.04580	0.02098	0.00892	0.00281	0.00424	0.01896	0.00683	0.00629
7	0.00877	0.00627	0.00835	0.00985	0.01035	0.00585	0.00662	0.01016	0.01408	0.01889	0.08462	0.69770	0.04847	0.02178	0.00904	0.00285	0.00408	0.01974	0.00669	0.00585
8	0.00980	0.00695	0.00893	0.01009	0.01072	0.00681	0.00680	0.01206	0.06594	0.01832	0.03514	0.58560	0.04088	0.06459	0.01216	0.07100	0.00459	0.01750	0.00622	0.00589
9	0.56058	0.01567	0.01312	0.01127	0.01585	0.05814	0.00917	0.10318	0.05381	0.08247	0.01325	0.01408	0.00984	0.00722	0.00522	0.00219	0.00627	0.00469	0.00517	0.00880
10	0.02441	0.05664	0.02261	0.01670	0.02222	0.02071	0.06477	0.44751	0.14931	0.07249	0.01921	0.01903	0.01387	0.00844	0.00711	0.00218	0.00766	0.00676	0.00675	0.01161
11	0.05703	0.01703	0.03500	0.02551	0.03160	0.01612	0.53163	0.02156	0.01604	0.04962	0.01660	0.05776	0.01392	0.06490	0.01035	0.00276	0.01064	0.00887	0.00406	0.00900
12	0.02278	0.01425	0.01776	0.01429	0.01889	0.03629	0.06248	0.14992	0.12302	0.26421	0.08657	0.05728	0.07892	0.01042	0.00753	0.00227	0.00650	0.00883	0.00734	0.01044

[dist]
# distance from previous block
# <min> <max>
17	124

[block]
# block no. 3 follows, 29 sequences, length 94
# corresponding to MSA columns:
# 245-338
name=unknown_D
#
# <colnr> <probs for GDERKNQSTAVLIFYWHMCP>
#	G	D	E	R	K	N	Q	S	T	A	V	L	I	F	Y	W	H	M	C	P
0	0.02207	0.01956	0.03675	0.01663	0.05668	0.16047	0.01260	0.25060	0.10355	0.07967	0.02293	0.12203	0.04376	0.01057	0.00731	0.00223	0.00789	0.00852	0.00616	0.01002
1	0.04302	0.06982	0.04626	0.13676	0.05063	0.09785	0.01345	0.07395	0.20605	0.05096	0.01824	0.02061	0.01434	0.04825	0.00822	0.00235	0.00777	0.00638	0.00507	0.08004
2	0.05222	0.06083	0.02175	0.02053	0.13633	0.19988	0.03965	0.09505	0.16145	0.06714	0.01700	0.01792	0.01309	0.00759	0.00664	0.00203	0.00856	0.00601	0.00509	0.06125
3	0.01802	0.05593	0.04362	0.01304	0.01759	0.06183	0.01079	0.14549	0.16427	0.05467	0.11481	0.04961	0.07797	0.00999	0.00699	0.00204	0.00627	0.00812	0.00618	0.13276
4	0.01683	0.15427	0.07643	0.01329	0.01873	0.01565	0.03723	0.06342	0.12590	0.05004	0.01822	0.07186	0.01586	0.04841	0.00786	0.00208	0.00666	0.00677	0.00491	0.24560
5	0.09444	0.04805	0.01778	0.01488	0.01866	0.24556	0.01169	0.18637	0.06956	0.02635	0.01658	0.05715	0.01420	0.01630	0.12746	0.00366	0.01078	0.00656	0.00502	0.00896
6	0.01327	0.00664	0.00664	0.00664	0.00830	0.00664	0.00498	0.01659	0.01493	0.02655	0.02323	0.02655	0.01825	0.00830	0.00498	0.00166	0.00332	0.00664	0.78928	0.00664
7	0.12618	0.01815	0.06024	0.01464	0.01969	0.04182	0.01237	0.24401	0.25836	0.07880	0.03962	0.02087	0.01650	0.00871	0.00679	0.00225	0.00685	0.00674	0.00656	0.01085
8	0.06482	0.28139	0.09827	0.01638	0.04636	0.25299	0.01427	0.06582	0.01791	0.06391	0.01229	0.01366	0.00986	0.00693	0.00581	0.00184	0.00948	0.00469	0.00396	0.00937
9	0.01620	0.01638	0.02832	0.29259	0.26111	0.04055	0.17050	0.02157	0.04206	0.02135	0.01388	0.01867	0.01085	0.00671	0.00737	0.00228	0.00969	0.00682	0.00356	0.00955
10	0.01732	0.04569	0.01747	0.05645	0.11463	0.18022	0.01209	0.04703	0.08544	0.04165	0.16248	0.06343	0.10528	0.01084	0.00736	0.00217	0.00736	0.00899	0.00555	0.00856
11	0.01559	0.01182	0.01374	0.01096	0.01561	0.01043	0.00863	0.06757	0.08836	0.07290	0.13818	0.05520	0.08085	0.00948	0.00668	0.00174	0.00505	0.00795	0.00596	0.37330
12	0.01771	0.01538	0.01680	0.01609	0.05599	0.01767	0.01185	0.03697	0.65557	0.02943	0.02813	0.02608	0.02117	0.00948	0.00723	0.00240	0.00579	0.00796	0.00704	0.01127
13	0.01746	0.01675	0.02861	0.07051	0.67980	0.01688	0.02177	0.02171	0.01614	0.02307	0.01337	0.01768	0.01121	0.00637	0.00705	0.00212	0.00850	0.00634	0.00351	0.01115
14	0.01536	0.01523	0.02770	0.38728	0.24340	0.01658	0.15080	0.02020	0.01534	0.02063	0.01322	0.01862	0.01029	0.00667	0.00735	0.00230	0.00968	0.00674	0.00336	0.00925
15	0.02717	0.01106	0.01499	0.01186	0.01653	0.00965	0.00965	0.03006	0.02033	0.56140	0.17516	0.03056	0.02845	0.01007	0.00743	0.00221	0.00547	0.00841	0.00860	0.01094
16	0.01036	0.00690	0.00777	0.00777	0.00777	0.00690	0.00431	0.01036	0.01036	0.01381	0.02244	0.04660	0.02589	0.74975	0.03624	0.00690	0.00690	0.01036	0.00431	0.00431
17	0.00885	0.00641	0.00807	0.00930	0.00992	0.00595	0.00617	0.01001	0.01356	0.01777	0.04135	0.57213	0.12795	0.11214	0.01238	0.00333	0.00441	0.01835	0.00633	0.00563
18	0.01823	0.63276	0.15154	0.01356	0.02040	0.02621	0.01457	0.02153	0.01456	0.01773	0.01039	0.01203	0.00912	0.00621	0.00494	0.00165	0.00811	0.00405	0.00304	0.00937
19	0.00911	0.00724	0.00818	0.00794	0.01004	0.00631	0.00596	0.01157	0.01787	0.02313	0.33543	0.06211	0.43672	0.01658	0.00841	0.00234	0.00350	0.01413	0.00713	0.00631
20	0.02739	0.01944	0.02105	0.01614	0.02183	0.02133	0.01333	0.63945	0.03263	0.08822	0.01781	0.01756	0.01247	0.00857	0.00713	0.00214	0.00772	0.00646	0.00723	0.01211
21	0.00885	0.00723	0.00781	0.00767	0.00988	0.00619	0.00575	0.01105	0.01725	0.02165	0.23550	0.06455	0.53757	0.01713	0.00841	0.00236	0.00354	0.01447	0.00693	0.00619
22	0.04561	0.68921	0.03555	0.01232	0.01833	0.02743	0.01211	0.05734	0.01543	0.01880	0.01029	0.01174	0.00925	0.00624	0.00470	0.00158	0.00756	0.00395	0.00331	0.00925
23	0.74139	0.01385	0.01157	0.03665	0.04194	0.01601	0.00869	0.02087	0.01235	0.03112	0.01015	0.01207	0.00791	0.00662	0.00461	0.00221	0.00577	0.00404	0.00433	0.00786
24	0.01463	0.06088	0.56753	0.02212	0.10878	0.01650	0.02417	0.02192	0.01543	0.02274	0.05024	0.01728	0.01246	0.00711	0.00680	0.00221	0.00978	0.00575	0.00333	0.01035
25	0.01524	0.01294	0.01502	0.01077	0.01708	0.00998	0.00864	0.04379	0.01549	0.02405	0.01283	0.01486	0.01061	0.00540	0.00535	0.00110	0.00537	0.00430	0.00433	0.76285
26	0.01507	0.00850	0.01040	0.00922	0.01218	0.00740	0.00716	0.01765	0.01863	0.20123	0.27395	0.05187	0.31003	0.01447	0.00809	0.00230	0.00416	0.01226	0.00760	0.00783
27	0.80005	0.01377	0.01047	0.00936	0.01377	0.01597	0.00771	0.02093	0.01212	0.03195	0.00991	0.01157	0.00771	0.00661	0.00441	0.00220	0.00551	0.00386	0.00441	0.00771
28	0.01345	0.01266	0.02136	0.73264	0.04904	0.01582	0.01978	0.01819	0.01424	0.01819	0.01266	0.01898	0.00949	0.00712	0.00712	0.00237	0.00949	0.00633	0.00316	0.00791
29	0.00866	0.00722	0.00755	0.00747	0.00977	0.00612	0.00560	0.01069	0.01681	0.02061	0.16480	0.06627	0.60892	0.01752	0.00841	0.00238	0.00357	0.01471	0.00679	0.00612
30	0.01065	0.00836	0.00977	0.00928	0.01146	0.00804	0.00700	0.01588	0.11336	0.02587	0.41517	0.07349	0.23474	0.01505	0.00826	0.00233	0.00377	0.01300	0.00738	0.00714
31	0.00861	0.00722	0.00748	0.00742	0.00974	0.00609	0.00556	0.01059	0.01669	0.02032	0.14524	0.06675	0.62867	0.01763	0.00841	0.00239	0.00358	0.01478	0.00675	0.00609
32	0.74530	0.01538	0.05940	0.01013	0.01496	0.01601	0.00901	0.02104	0.01232	0.03129	0.01011	0.01181	0.00780	0.00662	0.00457	0.00221	0.00586	0.00395	0.00431	0.00791
33	0.00868	0.00620	0.00826	0.00991	0.01033	0.00578	0.00661	0.00991	0.01363	0.01818	0.03925	0.74510	0.04710	0.02231	0.00909	0.00289	0.00413	0.02024	0.00661	0.00578
34	0.01116	0.00922	0.01318	0.01259	0.01409	0.03373	0.03216	0.01376	0.01190	0.01680	0.01827	0.02669	0.01695	0.04865	0.64613	0.01049	0.04638	0.00750	0.00378	0.00659
35	0.70029	0.05584	0.06301	0.01031	0.01526	0.01668	0.00931	0.02107	0.01246	0.03044	0.01012	0.01181	0.00788	0.00659	0.00459	0.00217	0.00599	0.00396	0.00423	0.00799
36	0.01989	0.59633	0.07859	0.01366	0.01967	0.13431	0.01335	0.02250	0.01539	0.01723	0.01026	0.01188	0.00914	0.00633	0.00500	0.00162	0.00861	0.00402	0.00314	0.00909
37	0.04569	0.37755	0.10138	0.01558	0.04208	0.08944	0.01432	0.19115	0.01991	0.02530	0.01226	0.01358	0.00991	0.00693	0.00570	0.00183	0.00843	0.00478	0.00420	0.00998
38	0.02050	0.01047	0.01347	0.01125	0.01487	0.00980	0.00892	0.06014	0.06409	0.31018	0.34391	0.03760	0.04087	0.01155	0.00775	0.00223	0.00486	0.00986	0.00816	0.00953
39	0.01477	0.01266	0.01477	0.01055	0.01687	0.00949	0.00844	0.01793	0.01477	0.02320	0.01266	0.01477	0.01055	0.00527	0.00527	0.00105	0.00527	0.00422	0.00422	0.79328
40	0.02281	0.01057	0.01366	0.01126	0.01516	0.00965	0.00888	0.02677	0.07229	0.40700	0.17861	0.03520	0.06698	0.07605	0.01008	0.00265	0.00537	0.00920	0.00796	0.00984
41	0.75736	0.01385	0.01077	0.00964	0.01403	0.01607	0.00791	0.02185	0.04924	0.03183	0.01096	0.01239	0.00848	0.00678	0.00456	0.00221	0.00552	0.00408	0.00456	0.00791
42	0.02225	0.01320	0.01563	0.01294	0.01721	0.01354	0.01035	0.14008	0.20523	0.25688	0.18049	0.03028	0.02914	0.01031	0.00746	0.00226	0.00563	0.00858	0.00788	0.01065
43	0.05706	0.06766	0.06693	0.01363	0.01945	0.01425	0.01204	0.12022	0.05146	0.46703	0.02361	0.02135	0.01550	0.00840	0.00685	0.00216	0.00668	0.00661	0.00754	0.01159
44	0.01341	0.01242	0.02091	0.70574	0.04756	0.01546	0.01927	0.01786	0.01405	0.01798	0.01265	0.01908	0.00960	0.00777	0.00789	0.03177	0.00937	0.00632	0.00316	0.00773
45	0.01036	0.00690	0.00777	0.00777	0.00777	0.00690	0.00431	0.01036	0.01036	0.01381	0.02244	0.04660	0.02589	0.74975	0.03624	0.00690	0.00690	0.01036	0.00431	0.00431
46	0.07811	0.01929	0.02064	0.04030	0.02245	0.02146	0.01336	0.61498	0.03140	0.04311	0.01647	0.01679	0.01173	0.00837	0.00694	0.00215	0.00774	0.00624	0.00681	0.01167
47	0.04489	0.05649	0.02337	0.02361	0.19691	0.23438	0.01552	0.26528	0.02356	0.02933	0.01377	0.01553	0.01075	0.00745	0.00670	0.00201	0.00945	0.00565	0.00489	0.01047
48	0.00879	0.00666	0.00800	0.00883	0.01000	0.00599	0.00611	0.01034	0.01492	0.01923	0.10702	0.42729	0.26689	0.05311	0.01003	0.00285	0.00401	0.01741	0.00661	0.00587
49	0.01077	0.00746	0.00958	0.00894	0.01084	0.00680	0.00674	0.01397	0.01981	0.05397	0.61870	0.05346	0.12274	0.01465	0.00835	0.00225	0.00349	0.01285	0.00777	0.00686
50	0.02707	0.01995	0.02137	0.01638	0.02208	0.02208	0.01353	0.68159	0.03348	0.04488	0.01710	0.01710	0.01211	0.00855	0.00712	0.00214	0.00784	0.00641	0.00712	0.01211
51	0.80005	0.01377	0.01047	0.00936	0.01377	0.01597	0.00771	0.02093	0.01212	0.03195	0.00991	0.01157	0.00771	0.00661	0.00441	0.00220	0.00551	0.00386	0.00441	0.00771
52	0.02825	0.01283	0.01823	0.01759	0.12843	0.01164	0.01218	0.03194	0.04589	0.54699	0.05171	0.02438	0.01867	0.00867	0.00719	0.00220	0.00632	0.00728	0.00786	0.01174
53	0.03195	0.01212	0.01652	0.01267	0.01818	0.01047	0.01047	0.03470	0.02038	0.71026	0.02809	0.02424	0.01763	0.00881	0.00716	0.00220	0.00606	0.00716	0.00881	0.01212
54	0.80005	0.01377	0.01047	0.00936	0.01377	0.01597	0.00771	0.02093	0.01212	0.03195	0.00991	0.01157	0.00771	0.00661	0.00441	0.00220	0.00551	0.00386	0.00441	0.00771
55	0.00924	0.00754	0.00821	0.00799	0.01025	0.00666	0.00601	0.01220	0.04349	0.02227	0.24808	0.06258	0.49687	0.01673	0.00837	0.00236	0.00362	0.01415	0.00698	0.00641
56	0.02605	0.01944	0.02080	0.01618	0.02170	0.02161	0.01329	0.61171	0.10502	0.04324	0.01839	0.01812	0.01315	0.00867	0.00714	0.00217	0.00760	0.00659	0.00714	0.01202
57	0.01017	0.00763	0.01144	0.01144	0.01272	0.00890	0.00890	0.01272	0.01144	0.01653	0.01907	0.02797	0.01780	0.05340	0.72153	0.01144	0.01907	0.00763	0.00381	0.00636
58	0.01345	0.01266	0.02136	0.73264	0.04904	0.01582	0.01978	0.01819	0.01424	0.01819	0.01266	0.01898	0.00949	0.00712	0.00712	0.00237	0.00949	0.00633	0.00316	0.00791
59	0.01345	0.01266	0.02136	0.73264	0.04904	0.01582	0.01978	0.01819	0.01424	0.01819	0.01266	0.01898	0.00949	0.00712	0.00712	0.00237	0.00949	0.00633	0.00316	0.00791
60	0.01762	0.01692	0.02890	0.04371	0.70533	0.01692	0.02185	0.02185	0.01621	0.02326	0.01339	0.01762	0.01128	0.00634	0.00705	0.00211	0.00846	0.00634	0.00352	0.01128
61	0.01509	0.15922	0.59758	0.01891	0.02868	0.01852	0.02390	0.02234	0.01494	0.02156	0.01229	0.01442	0.00904	0.00665	0.00639	0.00213	0.01003	0.00501	0.00301	0.01029
62	0.01036	0.00690	0.00777	0.00777	0.00777	0.00690	0.00431	0.01036	0.01036	0.01381	0.02244	0.04660	0.02589	0.74975	0.03624	0.00690	0.00690	0.01036	0.00431	0.00431
63	0.01164	0.00769	0.00963	0.00890	0.01108	0.00689	0.00676	0.01460	0.01931	0.08657	0.50347	0.05402	0.20287	0.01482	0.00829	0.00227	0.00365	0.01285	0.00765	0.00704
64	0.01675	0.01603	0.02733	0.18700	0.56883	0.01669	0.02142	0.02109	0.01580	0.02221	0.01324	0.01791	0.01091	0.00651	0.00706	0.00217	0.00867	0.00634	0.00345	0.01058
65	0.00842	0.00721	0.00721	0.00721	0.00962	0.00601	0.00541	0.01022	0.01623	0.01924	0.07213	0.06853	0.70244	0.01803	0.00842	0.00240	0.00361	0.01503	0.00661	0.00601
66	0.01230	0.00925	0.01199	0.01307	0.01501	0.00963	0.01101	0.01831	0.13296	0.02250	0.03633	0.12977	0.03820	0.01817	0.00932	0.00310	0.00618	0.48891	0.00668	0.00730
67	0.01550	0.01326	0.01598	0.01148	0.01780	0.01044	0.02977	0.05422	0.01585	0.02437	0.01295	0.01503	0.01064	0.00547	0.00547	0.00116	0.00562	0.00447	0.00436	0.72616
68	0.15108	0.02849	0.01880	0.01659	0.02070	0.49782	0.01275	0.12993	0.02097	0.02408	0.01179	0.01331	0.00940	0.00741	0.00621	0.00194	0.01087	0.00476	0.00433	0.00877
69	0.01017	0.00763	0.01144	0.01144	0.01272	0.00890	0.00890	0.01272	0.01144	0.01653	0.01907	0.02797	0.01780	0.05340	0.72153	0.01144	0.01907	0.00763	0.00381	0.00636
70	0.01000	0.00728	0.00941	0.00888	0.01059	0.00669	0.00666	0.01329	0.01998	0.02813	0.67310	0.05388	0.09593	0.01471	0.00840	0.00225	0.00337	0.01297	0.00778	0.00669
71	0.01681	0.01921	0.04202	0.03001	0.03721	0.01801	0.67947	0.02281	0.01681	0.02281	0.01441	0.01921	0.01080	0.00600	0.00840	0.00240	0.01200	0.00840	0.00360	0.00960
72	0.01558	0.01558	0.02181	0.01869	0.01869	0.02181	0.01558	0.01714	0.01091	0.01714	0.00935	0.01558	0.00935	0.01246	0.02337	0.00312	0.73672	0.00623	0.00312	0.00779
73	0.72818	0.01434	0.01148	0.01002	0.01454	0.01654	0.00825	0.08236	0.01410	0.03315	0.01058	0.01208	0.00812	0.00679	0.00466	0.00220	0.00572	0.00409	0.00466	0.00812
74	0.80005	0.01377	0.01047	0.00936	0.01377	0.01597	0.00771	0.02093	0.01212	0.03195	0.00991	0.01157	0.00771	0.00661	0.00441	0.00220	0.00551	0.00386	0.00441	0.00771
75	0.00925	0.00690	0.00863	0.00910	0.01046	0.00627	0.00658	0.01148	0.01672	0.02238	0.29186	0.31685	0.19548	0.01841	0.00872	0.00256	0.00383	0.04127	0.00706	0.00621
76	0.01345	0.01266	0.02136	0.73264	0.04904	0.01582	0.01978	0.01819	0.01424	0.01819	0.01266	0.01898	0.00949	0.00712	0.00712	0.00237	0.00949	0.00633	0.00316	0.00791
77	0.02707	0.01995	0.02137	0.01638	0.02208	0.02208	0.01353	0.68159	0.03348	0.04488	0.01710	0.01710	0.01211	0.00855	0.00712	0.00214	0.00784	0.00641	0.00712	0.01211
78	0.01020	0.00753	0.01094	0.01094	0.01204	0.00863	0.00827	0.01239	0.01129	0.01616	0.01953	0.03053	0.01891	0.14899	0.62746	0.01082	0.01740	0.00800	0.00388	0.00608
79	0.80005	0.01377	0.01047	0.00936	0.01377	0.01597	0.00771	0.02093	0.01212	0.03195	0.00991	0.01157	0.00771	0.00661	0.00441	0.00220	0.00551	0.00386	0.00441	0.00771
80	0.01163	0.00762	0.01002	0.00922	0.01117	0.00698	0.00698	0.01495	0.02017	0.07695	0.65376	0.05113	0.06367	0.01415	0.00831	0.00224	0.00355	0.01247	0.00791	0.00710
81	0.01904	0.75404	0.03731	0.01218	0.01828	0.02818	0.01218	0.02132	0.01447	0.01675	0.00990	0.01142	0.00914	0.00609	0.00457	0.00152	0.00761	0.00381	0.00305	0.00914
82	0.03077	0.01183	0.01605	0.01240	0.01761	0.01027	0.01013	0.03338	0.01983	0.67234	0.02778	0.02545	0.01808	0.04916	0.00874	0.00246	0.00611	0.00733	0.00857	0.01169
83	0.01446	0.06375	0.68750	0.01999	0.03035	0.01697	0.02578	0.02250	0.01501	0.02233	0.01267	0.01490	0.00902	0.00674	0.00668	0.00223	0.01041	0.00521	0.00301	0.01047
84	0.00973	0.00757	0.01078	0.15278	0.01779	0.00786	0.00901	0.01160	0.01362	0.01791	0.03407	0.52541	0.06374	0.07066	0.01060	0.00305	0.00537	0.01658	0.00577	0.00611
85	0.03160	0.01267	0.01687	0.01293	0.01845	0.01129	0.01068	0.08052	0.02131	0.66313	0.02731	0.02373	0.01724	0.00879	0.00716	0.00220	0.00618	0.00711	0.00869	0.01212
86	0.04228	0.01826	0.02383	0.05600	0.31104	0.09714	0.05291	0.09277	0.12723	0.05689	0.01742	0.02085	0.01390	0.00780	0.00712	0.00221	0.00842	0.02850	0.00486	0.01057
87	0.02063	0.01697	0.02231	0.27746	0.19957	0.09755	0.01734	0.10337	0.01873	0.13391	0.01567	0.01855	0.01152	0.00740	0.00703	0.00219	0.00887	0.00627	0.00470	0.00997
88	0.02111	0.01616	0.01714	0.01545	0.04038	0.05512	0.01176	0.07940	0.48250	0.13937	0.02658	0.02453	0.01942	0.00922	0.00717	0.00232	0.00633	0.00756	0.00718	0.01130
89	0.67454	0.01307	0.01081	0.00956	0.01380	0.01475	0.00782	0.02124	0.01343	0.07980	0.07335	0.01621	0.01376	0.00748	0.00496	0.00221	0.00535	0.00490	0.00503	0.00794
90	0.17840	0.01786	0.01915	0.14716	0.04641	0.05745	0.01370	0.34700	0.04991	0.03465	0.01486	0.01649	0.01094	0.00781	0.00654	0.00219	0.00788	0.00585	0.00556	0.01019
91	0.02334	0.05377	0.08497	0.01679	0.02185	0.25695	0.01423	0.24552	0.13732	0.02905	0.01642	0.01716	0.01250	0.00935	0.02724	0.00234	0.00972	0.00590	0.00534	0.01024
92	0.00922	0.00657	0.00878	0.01036	0.01096	0.00624	0.00733	0.01075	0.01395	0.01851	0.03822	0.60109	0.04510	0.05477	0.01044	0.00314	0.00467	0.12754	0.00650	0.00585
93	0.13373	0.01664	0.09529	0.01594	0.02175	0.01418	0.11942	0.08837	0.04550	0.28465	0.07535	0.02241	0.01786	0.00830	0.00703	0.00225	0.00735	0.00711	0.00642	0.01044

[dist]
# distance from previous block
# <min> <max>
0	2

[block]
# block no. 4 follows, 29 sequences, length 10
# corresponding to MSA columns:
# 344-352,354
name=unknown_E
#
# <colnr> <probs for GDERKNQSTAVLIFYWHMCP>
#	G	D	E	R	K	N	Q	S	T	A	V	L	I	F	Y	W	H	M	C	P
0	0.02328	0.02328	0.02168	0.11940	0.11716	0.26909	0.01547	0.23624	0.05759	0.02776	0.01443	0.01640	0.01109	0.00768	0.00687	0.00207	0.00982	0.00583	0.00487	0.01000
1	0.00903	0.00623	0.00814	0.00966	0.01017	0.00585	0.00648	0.01043	0.01373	0.01882	0.03802	0.68991	0.04488	0.02123	0.00877	0.00280	0.00407	0.01920	0.06673	0.00585
2	0.01184	0.00877	0.01149	0.05298	0.04935	0.00844	0.00873	0.01575	0.05098	0.05855	0.36624	0.05228	0.19780	0.01438	0.00826	0.00237	0.00453	0.06295	0.00699	0.00733
3	0.01775	0.29283	0.30701	0.01683	0.02449	0.02048	0.06026	0.05291	0.03934	0.06219	0.01427	0.03650	0.01138	0.00723	0.00620	0.00201	0.00882	0.00563	0.00384	0.01001
4	0.01428	0.03683	0.71286	0.02030	0.03082	0.01654	0.02631	0.02255	0.01503	0.02255	0.01278	0.01503	0.00902	0.00677	0.00677	0.00226	0.01052	0.00526	0.00301	0.01052
5	0.01207	0.00671	0.01016	0.06846	0.01264	0.00693	0.00734	0.01007	0.01014	0.01345	0.01520	0.09698	0.01576	0.02304	0.02418	0.64574	0.00624	0.00766	0.00347	0.00377
6	0.01499	0.06706	0.51675	0.02355	0.13472	0.01686	0.05327	0.02205	0.01546	0.02262	0.03885	0.01689	0.01166	0.00693	0.00684	0.00220	0.00985	0.00579	0.00330	0.01039
7	0.01744	0.01466	0.02355	0.38236	0.26825	0.01628	0.01924	0.07496	0.01697	0.07667	0.01449	0.01878	0.01096	0.00711	0.00710	0.00225	0.00873	0.00641	0.00406	0.00973
8	0.10392	0.02017	0.17024	0.01794	0.02371	0.06978	0.16395	0.05123	0.01704	0.09968	0.04126	0.10085	0.03483	0.00980	0.00741	0.00236	0.00859	0.04313	0.00498	0.00913
9	0.02050	0.02133	0.01855	0.06761	0.06496	0.29441	0.01328	0.13477	0.04077	0.02269	0.01505	0.01879	0.01254	0.01989	0.19831	0.00454	0.01291	0.00606	0.00437	0.00867

[dist]
# distance from previous block
# <min> <max>
0	1

[block]
# block no. 5 follows, 29 sequences, length 130
# corresponding to MSA columns:
# 356-485
name=unknown_F
#
# <colnr> <probs for GDERKNQSTAVLIFYWHMCP>
#	G	D	E	R	K	N	Q	S	T	A	V	L	I	F	Y	W	H	M	C	P
0	0.23842	0.01709	0.09720	0.08181	0.31944	0.01571	0.01721	0.02073	0.01478	0.02508	0.01454	0.02155	0.01264	0.00776	0.00653	0.00228	0.00775	0.06601	0.00397	0.00948
1	0.01348	0.01275	0.14953	0.00940	0.01285	0.00864	0.00929	0.01780	0.01495	0.02574	0.02111	0.02422	0.01638	0.00799	0.00534	0.00178	0.00478	0.00636	0.63019	0.00742
2	0.01575	0.01344	0.01896	0.07613	0.02214	0.01199	0.10906	0.08040	0.01710	0.04760	0.02168	0.04813	0.09228	0.00804	0.00663	0.00173	0.00667	0.00714	0.00483	0.39030
3	0.64086	0.01233	0.00969	0.00881	0.01266	0.01408	0.00716	0.02005	0.01269	0.03086	0.01261	0.01460	0.00984	0.00695	0.00452	0.00209	0.00507	0.00442	0.16321	0.00749
4	0.01819	0.01605	0.01633	0.01621	0.07690	0.09672	0.01150	0.03072	0.40043	0.07097	0.05780	0.03038	0.10628	0.01029	0.00732	0.00230	0.00640	0.00851	0.00656	0.01014
5	0.01665	0.01883	0.11695	0.03816	0.56741	0.01614	0.02135	0.02134	0.01634	0.02355	0.06257	0.01983	0.01499	0.00699	0.00711	0.00214	0.00836	0.00667	0.00377	0.01085
6	0.02510	0.03163	0.01917	0.01746	0.02099	0.65931	0.01310	0.02701	0.02002	0.01802	0.04589	0.01694	0.03930	0.00810	0.00659	0.00188	0.01203	0.00539	0.00398	0.00809
7	0.01203	0.00974	0.01434	0.04924	0.16665	0.00961	0.01085	0.03746	0.01735	0.02409	0.27802	0.26907	0.04376	0.01474	0.00822	0.00243	0.00517	0.01333	0.00625	0.00766
8	0.03099	0.01233	0.01650	0.01279	0.01820	0.01095	0.01052	0.03491	0.06545	0.66464	0.02815	0.02439	0.01790	0.00887	0.00717	0.00222	0.00603	0.00722	0.00871	0.01206
9	0.58201	0.01423	0.01344	0.09703	0.04316	0.01648	0.01023	0.06275	0.05664	0.03068	0.01201	0.01395	0.00920	0.00697	0.00517	0.00223	0.00624	0.00466	0.00458	0.00836
10	0.02372	0.01828	0.01949	0.01571	0.02081	0.02052	0.01273	0.45149	0.26902	0.03948	0.02134	0.02048	0.01555	0.00895	0.00717	0.00224	0.00705	0.00700	0.00717	0.01181
11	0.01002	0.00728	0.00944	0.00890	0.01060	0.00669	0.00667	0.01332	0.02002	0.02823	0.67954	0.05373	0.08943	0.01468	0.00840	0.00225	0.00337	0.01295	0.00780	0.00669
12	0.47087	0.01640	0.01511	0.01235	0.01731	0.01858	0.01019	0.30227	0.02121	0.03745	0.01297	0.01392	0.00958	0.00744	0.00556	0.00218	0.00650	0.00494	0.00556	0.00958
13	0.00843	0.00715	0.00728	0.00738	0.00966	0.00600	0.00549	0.01020	0.01607	0.01917	0.07007	0.11109	0.66122	0.01830	0.00846	0.00244	0.00364	0.01536	0.00661	0.00600
14	0.00888	0.00719	0.00788	0.00780	0.00992	0.00620	0.00582	0.01109	0.01720	0.02174	0.24273	0.09139	0.50275	0.01726	0.00844	0.00238	0.00356	0.01465	0.00695	0.00620
15	0.01008	0.00728	0.00952	0.00896	0.01064	0.00672	0.00672	0.01344	0.02016	0.02855	0.70158	0.05319	0.06719	0.01456	0.00840	0.00224	0.00336	0.01288	0.00784	0.00672
16	0.01359	0.01281	0.02162	0.70834	0.07219	0.01586	0.01985	0.01832	0.01431	0.01837	0.01268	0.01894	0.00956	0.00709	0.00712	0.00236	0.00946	0.00633	0.00318	0.00803
17	0.01954	0.70575	0.03616	0.01260	0.01853	0.07464	0.01229	0.02180	0.01485	0.01680	0.00997	0.01152	0.00914	0.00618	0.00469	0.00154	0.00797	0.00386	0.00309	0.00908
18	0.01477	0.01266	0.01477	0.01055	0.01687	0.00949	0.00844	0.01793	0.01477	0.02320	0.01266	0.01477	0.01055	0.00527	0.00527	0.00105	0.00527	0.00422	0.00422	0.79328
19	0.02158	0.01593	0.01751	0.01451	0.01866	0.01736	0.01151	0.47018	0.05204	0.03686	0.02373	0.22106	0.02225	0.01244	0.00768	0.00236	0.00672	0.01034	0.00698	0.01031
20	0.01733	0.01662	0.02837	0.09275	0.65861	0.01684	0.02171	0.02159	0.01607	0.02290	0.01334	0.01772	0.01115	0.00640	0.00705	0.00213	0.00853	0.00634	0.00350	0.01104
21	0.01477	0.01266	0.01477	0.01055	0.01687	0.00949	0.00844	0.01793	0.01477	0.02320	0.01266	0.01477	0.01055	0.00527	0.00527	0.00105	0.00527	0.00422	0.00422	0.79328
22	0.01477	0.01266	0.01477	0.01055	0.01687	0.00949	0.00844	0.01793	0.01477	0.02320	0.01266	0.01477	0.01055	0.00527	0.00527	0.00105	0.00527	0.00422	0.00422	0.79328
23	0.01477	0.01266	0.01477	0.01055	0.01687	0.00949	0.00844	0.01793	0.01477	0.02320	0.01266	0.01477	0.01055	0.00527	0.00527	0.00105	0.00527	0.00422	0.00422	0.79328
24	0.01762	0.01692	0.02890	0.04371	0.70533	0.01692	0.02185	0.02185	0.01621	0.02326	0.01339	0.01762	0.01128	0.00634	0.00705	0.00211	0.00846	0.00634	0.00352	0.01128
25	0.01192	0.00944	0.01200	0.01202	0.01408	0.00970	0.02994	0.01846	0.17263	0.02299	0.11676	0.23332	0.09186	0.03862	0.00950	0.00287	0.00528	0.17446	0.00673	0.00745
26	0.01762	0.01692	0.02890	0.04371	0.70533	0.01692	0.02185	0.02185	0.01621	0.02326	0.01339	0.01762	0.01128	0.00634	0.00705	0.00211	0.00846	0.00634	0.00352	0.01128
27	0.00868	0.00620	0.00826	0.00991	0.01033	0.00578	0.00661	0.00991	0.01363	0.01818	0.03925	0.74510	0.04710	0.02231	0.00909	0.00289	0.00413	0.02024	0.00661	0.00578
28	0.00998	0.00727	0.00938	0.00885	0.01057	0.00668	0.00664	0.01324	0.01991	0.02798	0.66269	0.05414	0.10644	0.01477	0.00840	0.00225	0.00337	0.01301	0.00776	0.00668
29	0.03195	0.01212	0.01652	0.01267	0.01818	0.01047	0.01047	0.03470	0.02038	0.71026	0.02809	0.02424	0.01763	0.00881	0.00716	0.00220	0.00606	0.00716	0.00881	0.01212
30	0.01407	0.01321	0.02188	0.62886	0.11431	0.01602	0.01959	0.01949	0.04632	0.01925	0.01350	0.01920	0.01025	0.00716	0.00712	0.00235	0.00921	0.00641	0.00339	0.00841
31	0.12059	0.02148	0.05688	0.02855	0.32638	0.20562	0.04475	0.02282	0.01655	0.02244	0.01396	0.06196	0.01241	0.00767	0.00671	0.00212	0.00923	0.00647	0.00385	0.00954
32	0.80005	0.01377	0.01047	0.00936	0.01377	0.01597	0.00771	0.02093	0.01212	0.03195	0.00991	0.01157	0.00771	0.00661	0.00441	0.00220	0.00551	0.00386	0.00441	0.00771
33	0.01762	0.01692	0.02890	0.04371	0.70533	0.01692	0.02185	0.02185	0.01621	0.02326	0.01339	0.01762	0.01128	0.00634	0.00705	0.00211	0.00846	0.00634	0.00352	0.01128
34	0.00875	0.00623	0.00824	0.00982	0.01021	0.00583	0.00651	0.00993	0.01349	0.01798	0.03850	0.71421	0.04616	0.05448	0.01029	0.00307	0.00425	0.01981	0.00651	0.00572
35	0.01346	0.03103	0.57484	0.01807	0.02686	0.01461	0.02246	0.02076	0.01604	0.02373	0.14794	0.02252	0.02043	0.00829	0.00709	0.00225	0.00912	0.00676	0.00395	0.00978
36	0.00892	0.00722	0.00785	0.00770	0.00984	0.00623	0.00573	0.01109	0.01712	0.02159	0.24045	0.06375	0.51119	0.03862	0.00923	0.00249	0.00364	0.01431	0.00688	0.00615
37	0.01819	0.60809	0.14246	0.01428	0.02111	0.02589	0.04575	0.02158	0.01467	0.01794	0.01056	0.01235	0.00920	0.00619	0.00509	0.00168	0.00827	0.00425	0.00307	0.00938
38	0.01596	0.02523	0.27350	0.02706	0.05505	0.01747	0.43397	0.02269	0.01618	0.02273	0.01381	0.01772	0.01020	0.00628	0.00780	0.00234	0.01139	0.00726	0.00339	0.00997
39	0.01428	0.03683	0.71286	0.02030	0.03082	0.01654	0.02631	0.02255	0.01503	0.02255	0.01278	0.01503	0.00902	0.00677	0.00677	0.00226	0.01052	0.00526	0.00301	0.01052
40	0.01414	0.05847	0.56195	0.01933	0.02845	0.01592	0.06709	0.02147	0.01572	0.02305	0.09254	0.01960	0.01588	0.00759	0.00698	0.00224	0.00969	0.00630	0.00361	0.00997
41	0.01020	0.00835	0.00921	0.00894	0.01081	0.03803	0.00664	0.01286	0.01847	0.02447	0.43135	0.11231	0.25041	0.01590	0.00837	0.00232	0.00391	0.01375	0.00719	0.00650
42	0.64464	0.01344	0.01169	0.01003	0.01466	0.01486	0.00827	0.02372	0.01379	0.16919	0.01359	0.01413	0.00972	0.00706	0.00496	0.00220	0.00562	0.00452	0.00530	0.00860
43	0.01481	0.01251	0.01744	0.04581	0.23626	0.01276	0.01293	0.02194	0.16833	0.05002	0.16739	0.03643	0.15168	0.01101	0.00762	0.00227	0.00585	0.00967	0.00598	0.00931
44	0.17712	0.44147	0.13944	0.01295	0.01938	0.02270	0.01345	0.02229	0.01446	0.06488	0.01152	0.01285	0.00937	0.00648	0.00505	0.00182	0.00756	0.00426	0.00368	0.00926
45	0.01395	0.01172	0.01385	0.01027	0.01579	0.00901	0.00814	0.01715	0.01571	0.02414	0.13280	0.02147	0.02043	0.00689	0.00582	0.00126	0.00494	0.00573	0.00485	0.65610
46	0.02660	0.03394	0.02018	0.01834	0.02201	0.72116	0.01376	0.02843	0.02018	0.01743	0.01101	0.01284	0.00917	0.00734	0.00642	0.00183	0.01284	0.00459	0.00367	0.00825
47	0.80005	0.01377	0.01047	0.00936	0.01377	0.01597	0.00771	0.02093	0.01212	0.03195	0.00991	0.01157	0.00771	0.00661	0.00441	0.00220	0.00551	0.00386	0.00441	0.00771
48	0.01771	0.01530	0.01610	0.01449	0.01852	0.01771	0.01127	0.03784	0.69247	0.02979	0.02898	0.02657	0.02174	0.00966	0.00725	0.00242	0.00564	0.00805	0.00725	0.01127
49	0.01428	0.03683	0.71286	0.02030	0.03082	0.01654	0.02631	0.02255	0.01503	0.02255	0.01278	0.01503	0.00902	0.00677	0.00677	0.00226	0.01052	0.00526	0.00301	0.01052
50	0.01036	0.00690	0.00777	0.00777	0.00777	0.00690	0.00431	0.01036	0.01036	0.01381	0.02244	0.04660	0.02589	0.74975	0.03624	0.00690	0.00690	0.01036	0.00431	0.00431
51	0.01161	0.00890	0.01084	0.01013	0.01226	0.00896	0.00766	0.01837	0.15880	0.02848	0.54181	0.06948	0.05717	0.01379	0.00818	0.00230	0.00385	0.01211	0.00768	0.00763
52	0.00852	0.00725	0.00736	0.00742	0.00980	0.00609	0.00562	0.01038	0.01624	0.01931	0.07093	0.06894	0.67929	0.01809	0.00847	0.00244	0.00371	0.03752	0.00661	0.00603
53	0.02533	0.01416	0.01672	0.01350	0.01830	0.01447	0.01092	0.18256	0.18222	0.32597	0.07075	0.02516	0.02067	0.00932	0.00718	0.00222	0.00609	0.00756	0.03552	0.01136
54	0.01823	0.01220	0.01395	0.01241	0.01599	0.01281	0.00963	0.05244	0.32279	0.16544	0.09291	0.11794	0.09797	0.01225	0.00767	0.00240	0.00521	0.01041	0.00747	0.00988
55	0.01638	0.01497	0.02449	0.05957	0.51492	0.01508	0.01857	0.04615	0.01748	0.02473	0.12653	0.02595	0.02154	0.00833	0.00739	0.00219	0.00756	0.03344	0.00448	0.01026
56	0.01904	0.75404	0.03731	0.01218	0.01828	0.02818	0.01218	0.02132	0.01447	0.01675	0.00990	0.01142	0.00914	0.00609	0.00457	0.00152	0.00761	0.00381	0.00305	0.00914
57	0.02628	0.01955	0.02093	0.01622	0.02178	0.02171	0.01334	0.62751	0.08884	0.04361	0.01809	0.01789	0.01292	0.00864	0.00713	0.00216	0.00765	0.00655	0.00713	0.01204
58	0.01477	0.01266	0.01477	0.01055	0.01687	0.00949	0.00844	0.01793	0.01477	0.02320	0.01266	0.01477	0.01055	0.00527	0.00527	0.00105	0.00527	0.00422	0.00422	0.79328
59	0.01458	0.08213	0.67019	0.01978	0.03003	0.01727	0.02542	0.02247	0.01500	0.02218	0.01260	0.01481	0.00903	0.00672	0.00663	0.00221	0.01034	0.00517	0.00301	0.01044
60	0.00868	0.00620	0.00826	0.00991	0.01033	0.00578	0.00661	0.00991	0.01363	0.01818	0.03925	0.74510	0.04710	0.02231	0.00909	0.00289	0.00413	0.02024	0.00661	0.00578
61	0.01808	0.60892	0.17400	0.01383	0.02081	0.02582	0.01504	0.02157	0.01458	0.01793	0.01048	0.01215	0.00911	0.00623	0.00501	0.00167	0.00820	0.00410	0.00304	0.00942
62	0.02616	0.15008	0.08052	0.01348	0.01933	0.01519	0.01226	0.03163	0.10851	0.43339	0.02357	0.02141	0.01588	0.00825	0.00666	0.00211	0.00667	0.00650	0.00705	0.01132
63	0.02707	0.01995	0.02137	0.01638	0.02208	0.02208	0.01353	0.68159	0.03348	0.04488	0.01710	0.01710	0.01211	0.00855	0.00712	0.00214	0.00784	0.00641	0.00712	0.01211
64	0.02470	0.01494	0.01626	0.01330	0.01773	0.08144	0.01064	0.14202	0.09131	0.32039	0.16089	0.02799	0.02630	0.00987	0.00734	0.00219	0.00644	0.00803	0.00766	0.01056
65	0.00868	0.00620	0.00826	0.00991	0.01033	0.00578	0.00661	0.00991	0.01363	0.01818	0.03925	0.74510	0.04710	0.02231	0.00909	0.00289	0.00413	0.02024	0.00661	0.00578
66	0.01008	0.00728	0.00952	0.00896	0.01064	0.00672	0.00672	0.01344	0.02016	0.02855	0.70158	0.05319	0.06719	0.01456	0.00840	0.00224	0.00336	0.01288	0.00784	0.00672
67	0.00895	0.00723	0.00796	0.00778	0.00995	0.00624	0.00583	0.01125	0.01749	0.02224	0.27473	0.06359	0.49798	0.01691	0.00841	0.00235	0.00353	0.01434	0.00701	0.00624
68	0.80005	0.01377	0.01047	0.00936	0.01377	0.01597	0.00771	0.02093	0.01212	0.03195	0.00991	0.01157	0.00771	0.00661	0.00441	0.00220	0.00551	0.00386	0.00441	0.00771
69	0.01501	0.01650	0.10174	0.40146	0.13771	0.01596	0.04558	0.06139	0.03941	0.02212	0.04109	0.02134	0.03473	0.00772	0.00721	0.00231	0.00891	0.00688	0.00389	0.00905
70	0.01013	0.00731	0.00958	0.00910	0.01078	0.00677	0.00688	0.01348	0.02003	0.02831	0.67895	0.05411	0.06629	0.01473	0.00845	0.00227	0.00347	0.03485	0.00779	0.00671
71	0.00875	0.00633	0.00827	0.00967	0.01030	0.00586	0.00654	0.01016	0.01422	0.01891	0.08376	0.65554	0.09232	0.02153	0.00900	0.00282	0.00405	0.01942	0.00669	0.00586
72	0.14684	0.12439	0.50878	0.01743	0.02636	0.01793	0.02139	0.02212	0.01447	0.02339	0.01193	0.01399	0.00882	0.00665	0.00609	0.00215	0.00931	0.00484	0.00325	0.00987
73	0.80005	0.01377	0.01047	0.00936	0.01377	0.01597	0.00771	0.02093	0.01212	0.03195	0.00991	0.01157	0.00771	0.00661	0.00441	0.00220	0.00551	0.00386	0.00441	0.00771
74	0.01193	0.00884	0.01276	0.01537	0.06566	0.00884	0.01224	0.01528	0.01638	0.02145	0.03591	0.07570	0.03879	0.01869	0.00963	0.00319	0.00670	0.60941	0.00633	0.00690
75	0.14321	0.15718	0.44721	0.01825	0.05887	0.01849	0.02060	0.02204	0.01452	0.02310	0.01184	0.01397	0.00894	0.00660	0.00601	0.00211	0.00910	0.00483	0.00327	0.00986
76	0.01008	0.00728	0.00952	0.00896	0.01064	0.00672	0.00672	0.01344	0.02016	0.02855	0.70158	0.05319	0.06719	0.01456	0.00840	0.00224	0.00336	0.01288	0.00784	0.00672
77	0.01162	0.00762	0.01001	0.00922	0.01117	0.00698	0.00698	0.01494	0.02017	0.07664	0.65407	0.05115	0.06369	0.01415	0.00831	0.00224	0.00355	0.01247	0.00791	0.00710
78	0.01509	0.06471	0.54437	0.02334	0.10070	0.01724	0.09128	0.02245	0.01531	0.02239	0.01288	0.01556	0.00944	0.00661	0.00686	0.00222	0.01033	0.00563	0.00312	0.01045
79	0.01555	0.01481	0.02516	0.38530	0.37993	0.01637	0.02082	0.02004	0.01523	0.02075	0.01303	0.01830	0.01039	0.00673	0.00708	0.00224	0.00897	0.00634	0.00335	0.00961
80	0.00902	0.00731	0.00812	0.00858	0.01066	0.00640	0.00667	0.01105	0.01602	0.01953	0.06257	0.13323	0.51653	0.01874	0.00875	0.00262	0.00421	0.13730	0.00660	0.00609
81	0.51340	0.01404	0.01431	0.18324	0.02315	0.01634	0.01124	0.08372	0.01493	0.05168	0.01184	0.01428	0.00888	0.00699	0.00540	0.00224	0.00670	0.00480	0.00451	0.00832
82	0.01668	0.02113	0.14105	0.02717	0.03456	0.01706	0.53162	0.02273	0.01655	0.04768	0.01558	0.04562	0.01213	0.00682	0.00814	0.00239	0.01127	0.00832	0.00381	0.00969
83	0.01008	0.00728	0.00952	0.00896	0.01064	0.00672	0.00672	0.01344	0.02016	0.02855	0.70158	0.05319	0.06719	0.01456	0.00840	0.00224	0.00336	0.01288	0.00784	0.00672
84	0.01759	0.01700	0.02937	0.04322	0.68169	0.01696	0.04512	0.02189	0.01623	0.02325	0.01343	0.01768	0.01126	0.00633	0.00710	0.00212	0.00858	0.00642	0.00353	0.01122
85	0.01771	0.01530	0.01610	0.01449	0.01852	0.01771	0.01127	0.03784	0.69247	0.02979	0.02898	0.02657	0.02174	0.00966	0.00725	0.00242	0.00564	0.00805	0.00725	0.01127
86	0.01008	0.00728	0.00952	0.00896	0.01064	0.00672	0.00672	0.01344	0.02016	0.02855	0.70158	0.05319	0.06719	0.01456	0.00840	0.00224	0.00336	0.01288	0.00784	0.00672
87	0.01678	0.01813	0.03406	0.17443	0.17685	0.05176	0.37759	0.02195	0.01633	0.02171	0.01368	0.01852	0.01056	0.00636	0.00777	0.00231	0.01081	0.00737	0.00350	0.00954
88	0.01540	0.20499	0.55447	0.01839	0.02788	0.01927	0.02300	0.02226	0.01490	0.02119	0.01210	0.01419	0.00905	0.00661	0.00625	0.00208	0.00984	0.00492	0.00302	0.01020
89	0.02660	0.03394	0.02018	0.01834	0.02201	0.72116	0.01376	0.02843	0.02018	0.01743	0.01101	0.01284	0.00917	0.00734	0.00642	0.00183	0.01284	0.00459	0.00367	0.00825
90	0.01771	0.01530	0.01610	0.01449	0.01852	0.01771	0.01127	0.03784	0.69247	0.02979	0.02898	0.02657	0.02174	0.00966	0.00725	0.00242	0.00564	0.00805	0.00725	0.01127
91	0.18736	0.01771	0.01819	0.01451	0.01971	0.01975	0.01189	0.43071	0.11766	0.06674	0.01764	0.01751	0.01271	0.00830	0.00657	0.00219	0.00698	0.00613	0.00664	0.01108
92	0.02707	0.01995	0.02137	0.01638	0.02208	0.02208	0.01353	0.68159	0.03348	0.04488	0.01710	0.01710	0.01211	0.00855	0.00712	0.00214	0.00784	0.00641	0.00712	0.01211
93	0.01477	0.01266	0.01477	0.01055	0.01687	0.00949	0.00844	0.01793	0.01477	0.02320	0.01266	0.01477	0.01055	0.00527	0.00527	0.00105	0.00527	0.00422	0.00422	0.79328
94	0.01017	0.00763	0.01144	0.01144	0.01272	0.00890	0.00890	0.01272	0.01144	0.01653	0.01907	0.02797	0.01780	0.05340	0.72153	0.01144	0.01907	0.00763	0.00381	0.00636
95	0.01036	0.00690	0.00777	0.00777	0.00777	0.00690	0.00431	0.01036	0.01036	0.01381	0.02244	0.04660	0.02589	0.74975	0.03624	0.00690	0.00690	0.01036	0.00431	0.00431
96	0.01391	0.01313	0.02219	0.65624	0.12182	0.01594	0.02001	0.01860	0.01446	0.01876	0.01274	0.01883	0.00969	0.00703	0.00711	0.00234	0.00938	0.00633	0.00320	0.00828
97	0.01238	0.00801	0.01040	0.00950	0.01162	0.00745	0.00723	0.01627	0.04389	0.09194	0.61527	0.04956	0.06098	0.01385	0.00824	0.00224	0.00369	0.01218	0.00791	0.00738
98	0.03195	0.01212	0.01652	0.01267	0.01818	0.01047	0.01047	0.03470	0.02038	0.71026	0.02809	0.02424	0.01763	0.00881	0.00716	0.00220	0.00606	0.00716	0.00881	0.01212
99	0.01762	0.01692	0.02890	0.04371	0.70533	0.01692	0.02185	0.02185	0.01621	0.02326	0.01339	0.01762	0.01128	0.00634	0.00705	0.00211	0.00846	0.00634	0.00352	0.01128
100	0.00896	0.00642	0.00852	0.00972	0.01039	0.00597	0.00663	0.01063	0.01495	0.02028	0.17326	0.60511	0.05116	0.02074	0.00895	0.00276	0.00398	0.01875	0.00686	0.00597
101	0.00848	0.00722	0.00730	0.00728	0.00966	0.00604	0.00546	0.01034	0.01638	0.01958	0.09542	0.06796	0.67894	0.01791	0.00842	0.00240	0.00360	0.01495	0.00666	0.00604
102	0.80005	0.01377	0.01047	0.00936	0.01377	0.01597	0.00771	0.02093	0.01212	0.03195	0.00991	0.01157	0.00771	0.00661	0.00441	0.00220	0.00551	0.00386	0.00441	0.00771
103	0.01904	0.75404	0.03731	0.01218	0.01828	0.02818	0.01218	0.02132	0.01447	0.01675	0.00990	0.01142	0.00914	0.00609	0.00457	0.00152	0.00761	0.00381	0.00305	0.00914
104	0.01762	0.01692	0.02890	0.04371	0.70533	0.01692	0.02185	0.02185	0.01621	0.02326	0.01339	0.01762	0.01128	0.00634	0.00705	0.00211	0.00846	0.00634	0.00352	0.01128
