[name]
unknown

[dist]
# distance from previous block
# <min> <max>
0	20

[block]
# block no. 0 follows, 28 sequences, length 43
# corresponding to MSA columns:
# 20-62
name=unknown_A
#
# <colnr> <probs for GDERKNQSTAVLIFYWHMCP>
#	G	D	E	R	K	N	Q	S	T	A	V	L	I	F	Y	W	H	M	C	P
0	0.00920	0.00722	0.00818	0.00864	0.01037	0.00641	0.00634	0.01102	0.01585	0.01982	0.10107	0.20618	0.40998	0.07472	0.01103	0.00298	0.00431	0.07397	0.00665	0.00606
1	0.02012	0.04899	0.05677	0.01591	0.01941	0.34259	0.01289	0.07198	0.01790	0.01987	0.01476	0.01912	0.01278	0.02458	0.26400	0.00547	0.01471	0.00596	0.00401	0.00819
2	0.03573	0.01488	0.02341	0.37229	0.03708	0.03749	0.12855	0.05802	0.05475	0.04623	0.01641	0.05298	0.01314	0.00834	0.00809	0.00242	0.03841	0.00750	0.03546	0.00881
3	0.00886	0.00633	0.00843	0.01012	0.01054	0.00590	0.00675	0.01012	0.01392	0.01856	0.04006	0.73979	0.04808	0.02277	0.00928	0.00295	0.00422	0.02066	0.00675	0.00590
4	0.01651	0.01336	0.01556	0.01121	0.01760	0.01052	0.00901	0.05933	0.01646	0.05076	0.01379	0.01558	0.01114	0.00573	0.00557	0.00119	0.00557	0.00456	0.00467	0.71187
5	0.01622	0.01972	0.10456	0.08829	0.03438	0.01702	0.41654	0.02180	0.01610	0.02256	0.01383	0.01830	0.01060	0.00658	0.00871	0.00228	0.05198	0.00733	0.00363	0.11957
6	0.01943	0.74891	0.03809	0.01244	0.01866	0.02876	0.01244	0.02177	0.01477	0.01710	0.01011	0.01166	0.00933	0.00622	0.00466	0.00155	0.00777	0.00389	0.00311	0.00933
7	0.02011	0.01576	0.01686	0.01451	0.01893	0.01766	0.01147	0.16547	0.46504	0.07071	0.03044	0.02830	0.07148	0.01024	0.00746	0.00239	0.00607	0.00837	0.00741	0.01132
8	0.00881	0.00650	0.00825	0.00966	0.01042	0.00594	0.00654	0.01017	0.01436	0.01874	0.04573	0.62673	0.15748	0.02204	0.00916	0.00287	0.00413	0.01977	0.00675	0.00594
9	0.01598	0.01613	0.02353	0.01979	0.02025	0.02203	0.05630	0.01785	0.01150	0.01785	0.00986	0.01613	0.00963	0.01232	0.02292	0.00314	0.68702	0.00650	0.00321	0.00807
10	0.01654	0.01831	0.03834	0.02805	0.03421	0.01796	0.55496	0.02198	0.01636	0.02242	0.01547	0.02245	0.01256	0.00914	0.03535	0.00289	0.08193	0.03795	0.00378	0.00936
11	0.00859	0.00736	0.00736	0.00736	0.00982	0.00614	0.00552	0.01043	0.01657	0.01964	0.07364	0.06996	0.69624	0.01841	0.00859	0.00245	0.00368	0.01534	0.00675	0.00614
12	0.01057	0.00705	0.00793	0.00793	0.00793	0.00705	0.00440	0.01057	0.01057	0.01409	0.02290	0.04757	0.02643	0.74454	0.03700	0.00705	0.00705	0.01057	0.00440	0.00440
13	0.02633	0.01900	0.02052	0.01593	0.02141	0.02079	0.01308	0.59806	0.03219	0.06883	0.02122	0.04387	0.04532	0.00964	0.00740	0.00222	0.00761	0.00744	0.00730	0.01186
14	0.02122	0.01643	0.02028	0.11233	0.05524	0.01883	0.01433	0.33392	0.04766	0.05830	0.01902	0.10329	0.01632	0.01073	0.00997	0.00246	0.11513	0.00826	0.00596	0.01030
15	0.00884	0.00641	0.00835	0.00991	0.01049	0.00592	0.00665	0.01015	0.01412	0.01864	0.04263	0.68860	0.09762	0.02244	0.00923	0.00291	0.00418	0.02026	0.00675	0.00592
16	0.01802	0.01480	0.01662	0.01255	0.01853	0.01349	0.01008	0.15195	0.11858	0.02909	0.01630	0.01734	0.01278	0.00671	0.00606	0.00150	0.00596	0.00533	0.00536	0.51896
17	0.00885	0.00637	0.00839	0.01001	0.01051	0.00591	0.00670	0.01013	0.01402	0.01860	0.04141	0.71299	0.07401	0.02260	0.00925	0.00293	0.00420	0.02045	0.00675	0.00591
18	0.01399	0.01343	0.02341	0.67384	0.04914	0.01632	0.07007	0.01893	0.01474	0.01893	0.01306	0.01940	0.00979	0.00718	0.00737	0.00242	0.00989	0.00662	0.00326	0.00821
19	0.01663	0.08980	0.18074	0.06676	0.03554	0.01889	0.43925	0.02282	0.01641	0.02239	0.01383	0.01797	0.01041	0.00636	0.00779	0.00234	0.01138	0.00735	0.00347	0.00986
20	0.00878	0.00737	0.00763	0.00756	0.00993	0.00622	0.00567	0.01080	0.01702	0.02070	0.14293	0.06821	0.62629	0.01801	0.00859	0.00244	0.00365	0.01510	0.00689	0.00622
21	0.01109	0.00798	0.00947	0.00976	0.01209	0.00717	0.00792	0.01357	0.01711	0.06010	0.09783	0.07033	0.40533	0.01820	0.00899	0.00272	0.00479	0.22187	0.00694	0.00672
22	0.01079	0.00787	0.00897	0.00871	0.01100	0.00701	0.00651	0.01374	0.04287	0.06157	0.22588	0.13091	0.40352	0.01709	0.00854	0.00245	0.00389	0.01460	0.00722	0.00686
23	0.01760	0.00995	0.01051	0.00922	0.01200	0.01031	0.00724	0.15624	0.01954	0.06980	0.02268	0.02494	0.01728	0.00855	0.00567	0.00183	0.00452	0.00676	0.57710	0.00827
24	0.01487	0.01408	0.02386	0.54462	0.22360	0.01645	0.02075	0.01957	0.01507	0.01996	0.01312	0.01901	0.01018	0.00706	0.00725	0.00235	0.00941	0.00646	0.00333	0.00899
25	0.02394	0.01680	0.01787	0.01412	0.01885	0.01841	0.01153	0.50240	0.02921	0.04090	0.01909	0.01998	0.01401	0.00866	0.00670	0.00205	0.00679	0.00660	0.21119	0.01090
26	0.00992	0.00720	0.00935	0.00926	0.01075	0.00663	0.00677	0.01284	0.01905	0.02658	0.53478	0.19298	0.09343	0.01662	0.00872	0.00243	0.00360	0.01476	0.00769	0.00663
27	0.01977	0.01278	0.01342	0.01117	0.01469	0.01374	0.00894	0.30760	0.02361	0.03537	0.02095	0.02284	0.01586	0.00858	0.00605	0.00191	0.00542	0.00667	0.44139	0.00924
28	0.01799	0.01727	0.02950	0.04462	0.69919	0.01727	0.02231	0.02231	0.01655	0.02375	0.01367	0.01799	0.01151	0.00648	0.00720	0.00216	0.00864	0.00648	0.00360	0.01151
29	0.01372	0.00968	0.01094	0.01011	0.01152	0.01026	0.00707	0.12267	0.01595	0.02207	0.02725	0.12222	0.07597	0.35248	0.02207	0.00455	0.04702	0.01078	0.09716	0.00652
30	0.00999	0.00680	0.00810	0.00867	0.00881	0.00666	0.00520	0.01042	0.01170	0.01561	0.02872	0.28200	0.03376	0.50010	0.02761	0.00566	0.00609	0.01399	0.00520	0.00491
31	0.02266	0.02744	0.01907	0.01747	0.02020	0.50080	0.01327	0.02449	0.01801	0.01776	0.01431	0.08380	0.01368	0.01291	0.05785	0.00283	0.11483	0.00666	0.00396	0.00799
32	0.02012	0.02000	0.02944	0.04211	0.02834	0.10095	0.27700	0.11972	0.08974	0.04660	0.01576	0.01883	0.01213	0.00833	0.01061	0.00247	0.13598	0.00730	0.00467	0.00990
33	0.01388	0.01045	0.01203	0.01188	0.01429	0.01101	0.00882	0.02288	0.27548	0.06289	0.05725	0.32305	0.09865	0.01627	0.00837	0.00267	0.00491	0.02954	0.00716	0.00852
34	0.00886	0.00633	0.00843	0.01012	0.01054	0.00590	0.00675	0.01012	0.01392	0.01856	0.04006	0.73979	0.04808	0.02277	0.00928	0.00295	0.00422	0.02066	0.00675	0.00590
35	0.02191	0.01752	0.01859	0.01557	0.02036	0.01987	0.01243	0.29373	0.42472	0.03658	0.02472	0.02324	0.01825	0.00941	0.00735	0.00235	0.00665	0.00755	0.00735	0.01185
36	0.02771	0.01943	0.02114	0.01629	0.02202	0.02126	0.01343	0.58984	0.05934	0.10629	0.01899	0.01852	0.01328	0.00880	0.00728	0.00220	0.00774	0.00668	0.00744	0.01233
37	0.01650	0.01484	0.02080	0.01514	0.02130	0.01298	0.12251	0.07224	0.01673	0.02503	0.01338	0.01609	0.01087	0.00623	0.00722	0.00153	0.05140	0.00534	0.00437	0.54550
38	0.02528	0.01656	0.01830	0.01427	0.01945	0.01750	0.01168	0.42082	0.04802	0.14224	0.02016	0.02010	0.01433	0.00855	0.00685	0.00206	0.00682	0.00660	0.11941	0.06102
39	0.01057	0.00705	0.00793	0.00793	0.00793	0.00705	0.00440	0.01057	0.01057	0.01409	0.02290	0.04757	0.02643	0.74454	0.03700	0.00705	0.00705	0.01057	0.00440	0.00440
40	0.01022	0.00794	0.00948	0.01025	0.01177	0.00771	0.00742	0.01429	0.09967	0.02097	0.07324	0.41295	0.20099	0.01958	0.00890	0.00277	0.00443	0.06376	0.00688	0.00676
41	0.01650	0.08240	0.14414	0.04517	0.02250	0.02088	0.01714	0.05600	0.01386	0.02046	0.01099	0.01561	0.00970	0.01025	0.01651	0.00267	0.42904	0.00586	0.00346	0.05685
42	0.01038	0.00794	0.01002	0.01074	0.01172	0.00804	0.00762	0.04818	0.01524	0.02017	0.04136	0.55320	0.13478	0.02065	0.01010	0.00285	0.05593	0.01810	0.00652	0.00645

[dist]
# distance from previous block
# <min> <max>
8	14

[block]
# block no. 1 follows, 28 sequences, length 6
# corresponding to MSA columns:
# 77-82
name=unknown_B
#
# <colnr> <probs for GDERKNQSTAVLIFYWHMCP>
#	G	D	E	R	K	N	Q	S	T	A	V	L	I	F	Y	W	H	M	C	P
0	0.01936	0.01201	0.01439	0.01468	0.01657	0.01052	0.01010	0.01912	0.01872	0.14243	0.04132	0.55353	0.04483	0.02280	0.01118	0.00384	0.00671	0.01878	0.00889	0.01024
1	0.01627	0.01267	0.01939	0.43203	0.06899	0.01454	0.01643	0.08320	0.01705	0.08731	0.01960	0.14406	0.01747	0.01022	0.00762	0.00246	0.00819	0.00900	0.00480	0.00870
2	0.01546	0.01342	0.01738	0.13632	0.02302	0.01365	0.01210	0.07355	0.01584	0.02316	0.01535	0.08573	0.01409	0.00889	0.00934	0.00194	0.12779	0.00678	0.00442	0.38178
3	0.01814	0.01531	0.01930	0.15259	0.02526	0.01631	0.01340	0.18504	0.01916	0.02728	0.01351	0.01665	0.01076	0.00783	0.00932	0.00197	0.12843	0.00564	0.00466	0.30945
4	0.01672	0.01670	0.01954	0.01609	0.01876	0.08657	0.01312	0.01893	0.01348	0.01973	0.01091	0.01533	0.00996	0.00959	0.01556	0.00230	0.40148	0.00546	0.00364	0.28614
5	0.01610	0.01509	0.02015	0.18796	0.02608	0.04402	0.01519	0.07389	0.01480	0.02079	0.01317	0.04272	0.01186	0.01335	0.06267	0.00323	0.32367	0.00673	0.00385	0.08470

[dist]
# distance from previous block
# <min> <max>
4	25

[block]
# block no. 2 follows, 28 sequences, length 10
# corresponding to MSA columns:
# 108-117
name=unknown_C
#
# <colnr> <probs for GDERKNQSTAVLIFYWHMCP>
#	G	D	E	R	K	N	Q	S	T	A	V	L	I	F	Y	W	H	M	C	P
0	0.01970	0.01781	0.02089	0.10515	0.02430	0.10036	0.04556	0.07088	0.04338	0.05350	0.01751	0.06404	0.01575	0.04688	0.01371	0.00292	0.20084	0.00772	0.00509	0.12399
1	0.02026	0.01613	0.01729	0.01392	0.01875	0.05498	0.01093	0.11768	0.06754	0.05862	0.01829	0.02075	0.01469	0.00877	0.00831	0.00206	0.06893	0.00619	0.10584	0.35006
2	0.02202	0.01406	0.01597	0.01395	0.01733	0.04188	0.01075	0.13075	0.07176	0.18736	0.05533	0.10787	0.02414	0.04419	0.09245	0.00391	0.04113	0.00951	0.08540	0.01024
3	0.00879	0.00658	0.00817	0.00944	0.01036	0.00596	0.00644	0.01020	0.01457	0.01882	0.04836	0.57428	0.20824	0.02169	0.00911	0.00283	0.00408	0.01935	0.00675	0.00596
4	0.01729	0.01721	0.02143	0.01842	0.01922	0.07705	0.01518	0.06469	0.01356	0.01948	0.01086	0.01659	0.01027	0.01465	0.06483	0.00354	0.57763	0.00633	0.00356	0.00821
5	0.01416	0.00810	0.01077	0.01009	0.01224	0.00736	0.00755	0.01697	0.01906	0.15400	0.41663	0.20877	0.05426	0.01560	0.00850	0.00243	0.00413	0.01380	0.00790	0.00768
6	0.01051	0.00729	0.00918	0.00918	0.00961	0.00773	0.00596	0.01137	0.01094	0.01502	0.02176	0.04123	0.02368	0.51458	0.26320	0.00859	0.01119	0.00964	0.00423	0.00510
7	0.01943	0.74891	0.03809	0.01244	0.01866	0.02876	0.01244	0.02177	0.01477	0.01710	0.01011	0.01166	0.00933	0.00622	0.00466	0.00155	0.00777	0.00389	0.00311	0.00933
8	0.01556	0.01336	0.01529	0.01142	0.01750	0.01105	0.00908	0.02159	0.12356	0.02477	0.01561	0.01702	0.01261	0.00611	0.00571	0.00130	0.00544	0.00494	0.00481	0.66328
9	0.01874	0.21424	0.12571	0.05986	0.02219	0.13624	0.01462	0.06285	0.04714	0.04781	0.06222	0.05962	0.01933	0.00973	0.00686	0.00217	0.00854	0.06827	0.00473	0.00912

[dist]
# distance from previous block
# <min> <max>
0	1

[block]
# block no. 3 follows, 28 sequences, length 21
# corresponding to MSA columns:
# 119-130,145-153
name=unknown_D
#
# <colnr> <probs for GDERKNQSTAVLIFYWHMCP>
#	G	D	E	R	K	N	Q	S	T	A	V	L	I	F	Y	W	H	M	C	P
0	0.01683	0.11055	0.10636	0.03851	0.02401	0.01638	0.17183	0.08310	0.01723	0.06720	0.02129	0.20472	0.02065	0.01144	0.00879	0.00246	0.05434	0.01025	0.00498	0.00909
1	0.02577	0.05632	0.02147	0.01838	0.02200	0.56468	0.01416	0.07976	0.02052	0.02000	0.01153	0.01370	0.00962	0.00808	0.00832	0.00202	0.08601	0.00498	0.00395	0.00873
2	0.01601	0.01640	0.02890	0.11116	0.14617	0.04336	0.26707	0.02156	0.05832	0.02169	0.01642	0.04361	0.01378	0.01462	0.11386	0.00380	0.04213	0.00796	0.00396	0.00925
3	0.01263	0.00631	0.00947	0.00947	0.00947	0.00631	0.00631	0.00947	0.00947	0.01263	0.01263	0.02210	0.01263	0.02525	0.02841	0.78851	0.00631	0.00631	0.00316	0.00316
4	0.00946	0.00671	0.00837	0.00924	0.00983	0.00633	0.00605	0.01066	0.01391	0.01858	0.10922	0.43470	0.08663	0.21622	0.01663	0.00395	0.00486	0.01678	0.00625	0.00562
5	0.01469	0.01406	0.02286	0.50115	0.12540	0.01750	0.01960	0.01883	0.01411	0.01901	0.01235	0.01852	0.00989	0.00825	0.01054	0.00254	0.15251	0.00644	0.00327	0.00848
6	0.01056	0.00706	0.00801	0.00798	0.00806	0.00704	0.00452	0.01072	0.01103	0.01479	0.05395	0.04788	0.02837	0.71085	0.03569	0.00683	0.00688	0.01069	0.00457	0.00452
7	0.02151	0.04519	0.01891	0.01456	0.01999	0.22726	0.01153	0.15512	0.04088	0.02636	0.01374	0.01521	0.01096	0.00686	0.00616	0.00160	0.00835	0.00498	0.00479	0.34604
8	0.00886	0.00633	0.00843	0.01012	0.01054	0.00590	0.00675	0.01012	0.01392	0.01856	0.04006	0.73979	0.04808	0.02277	0.00928	0.00295	0.00422	0.02066	0.00675	0.00590
9	0.02322	0.35853	0.02893	0.01479	0.02052	0.08132	0.01306	0.28169	0.06352	0.02932	0.01428	0.01500	0.01131	0.00753	0.00601	0.00188	0.00817	0.00526	0.00507	0.01059
10	0.01057	0.00705	0.00793	0.00793	0.00793	0.00705	0.00440	0.01057	0.01057	0.01409	0.02290	0.04757	0.02643	0.74454	0.03700	0.00705	0.00705	0.01057	0.00440	0.00440
11	0.00886	0.00633	0.00843	0.01012	0.01054	0.00590	0.00675	0.01012	0.01392	0.01856	0.04006	0.73979	0.04808	0.02277	0.00928	0.00295	0.00422	0.02066	0.00675	0.00590
12	0.01507	0.01292	0.01507	0.01077	0.01723	0.00969	0.00861	0.01830	0.01507	0.02369	0.01292	0.01507	0.01077	0.00538	0.00538	0.00108	0.00538	0.00431	0.00431	0.78898
13	0.01045	0.00699	0.00796	0.00809	0.00812	0.00696	0.00458	0.01054	0.01081	0.01442	0.02415	0.09798	0.02800	0.69198	0.03498	0.00675	0.00684	0.01131	0.00458	0.00451
14	0.01652	0.01554	0.02265	0.42601	0.03866	0.04684	0.06525	0.08863	0.05735	0.02260	0.01415	0.01885	0.01085	0.00791	0.00877	0.00238	0.07599	0.00653	0.00401	0.05050
15	0.02757	0.01870	0.02060	0.01594	0.02152	0.02025	0.01310	0.56038	0.03153	0.13549	0.01990	0.04716	0.01456	0.00932	0.00736	0.00222	0.00760	0.00721	0.00749	0.01211
16	0.01501	0.01230	0.01550	0.01260	0.01644	0.01181	0.00998	0.01748	0.01429	0.05763	0.01817	0.15351	0.01797	0.01051	0.01032	0.00196	0.16600	0.00803	0.00477	0.42571
17	0.01503	0.01411	0.02147	0.01808	0.01991	0.01723	0.10939	0.05714	0.03849	0.02059	0.01740	0.12363	0.01725	0.01908	0.12079	0.00422	0.34475	0.00905	0.00428	0.00811
18	0.01507	0.01292	0.01507	0.01077	0.01723	0.00969	0.00861	0.01830	0.01507	0.02369	0.01292	0.01507	0.01077	0.00538	0.00538	0.00108	0.00538	0.00431	0.00431	0.78898
19	0.00983	0.00741	0.00909	0.00867	0.01058	0.00667	0.00650	0.01284	0.01951	0.02661	0.52932	0.05848	0.23621	0.01581	0.00858	0.00233	0.00350	0.01373	0.00767	0.00667
20	0.02863	0.01326	0.01675	0.01344	0.01865	0.01271	0.01091	0.03630	0.20323	0.51945	0.02893	0.02539	0.01914	0.00923	0.00733	0.00231	0.00607	0.00756	0.00856	0.01213

[dist]
# distance from previous block
# <min> <max>
0	2

[block]
# block no. 4 follows, 28 sequences, length 13
# corresponding to MSA columns:
# 156-168
name=unknown_E
#
# <colnr> <probs for GDERKNQSTAVLIFYWHMCP>
#	G	D	E	R	K	N	Q	S	T	A	V	L	I	F	Y	W	H	M	C	P
0	0.02763	0.02036	0.02182	0.01672	0.02254	0.02254	0.01382	0.67496	0.03418	0.04581	0.01745	0.01745	0.01236	0.00873	0.00727	0.00218	0.00800	0.00654	0.00727	0.01236
1	0.02712	0.01831	0.02002	0.01547	0.02094	0.01984	0.01274	0.54457	0.03104	0.12475	0.01932	0.01911	0.01355	0.00874	0.00710	0.00215	0.00741	0.00666	0.06925	0.01192
2	0.08220	0.07259	0.01804	0.01433	0.01679	0.04606	0.01150	0.12670	0.01679	0.02412	0.02001	0.22399	0.02102	0.01333	0.01203	0.00258	0.21394	0.00994	0.00508	0.04897
3	0.79588	0.01406	0.01068	0.00956	0.01406	0.01631	0.00787	0.02137	0.01237	0.03261	0.01012	0.01181	0.00787	0.00675	0.00450	0.00225	0.00562	0.00394	0.00450	0.00787
4	0.00935	0.00701	0.01009	0.01101	0.01175	0.00657	0.03919	0.01079	0.01390	0.01856	0.03793	0.66869	0.04514	0.05938	0.01068	0.00314	0.00476	0.01955	0.00648	0.00602
5	0.00916	0.00703	0.00839	0.00880	0.01036	0.00626	0.00631	0.01126	0.01682	0.02198	0.23908	0.29099	0.29962	0.01887	0.00882	0.00257	0.00379	0.01651	0.00711	0.00626
6	0.01038	0.00779	0.01168	0.01168	0.01298	0.00909	0.00909	0.01298	0.01168	0.01687	0.01947	0.02856	0.01817	0.05452	0.71573	0.01168	0.01947	0.00779	0.00389	0.00649
7	0.00900	0.00639	0.00839	0.00994	0.01032	0.00600	0.00655	0.01016	0.01364	0.01818	0.03862	0.68153	0.04625	0.08353	0.01161	0.00330	0.00446	0.01981	0.00655	0.00578
8	0.01263	0.00631	0.00947	0.00947	0.00947	0.00631	0.00631	0.00947	0.00947	0.01263	0.01263	0.02210	0.01263	0.02525	0.02841	0.78851	0.00631	0.00631	0.00316	0.00316
9	0.38089	0.01314	0.01405	0.01139	0.01650	0.01325	0.00940	0.02901	0.01696	0.39777	0.02021	0.01884	0.01338	0.00797	0.00603	0.00225	0.00593	0.00577	0.00694	0.01032
10	0.01873	0.44839	0.18873	0.01669	0.02403	0.02442	0.08973	0.07410	0.01671	0.02141	0.01187	0.01384	0.00973	0.00656	0.00582	0.00187	0.00897	0.00496	0.00349	0.00994
11	0.13095	0.01765	0.01858	0.01451	0.01996	0.01891	0.01185	0.45259	0.02727	0.03929	0.01695	0.05401	0.01337	0.00869	0.00671	0.00207	0.00709	0.00659	0.00642	0.12656
12	0.01481	0.01313	0.01572	0.01398	0.06560	0.03857	0.03008	0.04004	0.04076	0.02368	0.05171	0.10120	0.09012	0.00949	0.00669	0.00171	0.00585	0.00812	0.00510	0.42364

[dist]
# distance from previous block
# <min> <max>
1	21

[block]
# block no. 5 follows, 28 sequences, length 36
# corresponding to MSA columns:
# 190-225
name=unknown_F
#
# <colnr> <probs for GDERKNQSTAVLIFYWHMCP>
#	G	D	E	R	K	N	Q	S	T	A	V	L	I	F	Y	W	H	M	C	P
0	0.02774	0.02200	0.02072	0.01645	0.02185	0.16095	0.01329	0.44171	0.02910	0.12204	0.01745	0.01741	0.01241	0.00840	0.00707	0.00209	0.00872	0.00619	0.00667	0.03774
1	0.02437	0.02190	0.02106	0.01731	0.02225	0.17931	0.05262	0.27961	0.21572	0.06084	0.01979	0.01965	0.01463	0.00862	0.00722	0.00221	0.00871	0.00675	0.00635	0.01106
2	0.01770	0.01698	0.02899	0.09055	0.65551	0.01720	0.02217	0.02206	0.01642	0.02340	0.01362	0.01808	0.01139	0.00653	0.00720	0.00218	0.00871	0.00648	0.00357	0.01128
3	0.02636	0.01910	0.02063	0.01618	0.02170	0.02110	0.01325	0.53177	0.14075	0.08278	0.02012	0.01948	0.01432	0.00893	0.00729	0.00223	0.00752	0.00687	0.00740	0.01222
4	0.00886	0.00633	0.00843	0.01012	0.01054	0.00590	0.00675	0.01012	0.01392	0.01856	0.04006	0.73979	0.04808	0.02277	0.00928	0.00295	0.00422	0.02066	0.00675	0.00590
5	0.00943	0.00724	0.00863	0.00861	0.01042	0.00644	0.00633	0.01193	0.01805	0.02394	0.36060	0.16275	0.30457	0.01740	0.00869	0.00245	0.00364	0.01511	0.00734	0.00644
6	0.01925	0.00938	0.01255	0.01072	0.01396	0.00836	0.00840	0.02234	0.02038	0.30153	0.39757	0.07201	0.04725	0.01283	0.00809	0.00230	0.00458	0.01111	0.00835	0.00905
7	0.01355	0.00678	0.00678	0.00678	0.00847	0.00678	0.00508	0.01694	0.01524	0.02710	0.02371	0.02710	0.01863	0.00847	0.00508	0.00169	0.00339	0.00678	0.78489	0.00678
8	0.02715	0.03464	0.02060	0.01873	0.02247	0.71536	0.01404	0.02903	0.02060	0.01779	0.01124	0.01311	0.00936	0.00749	0.00655	0.00187	0.01311	0.00468	0.00375	0.00843
9	0.01507	0.01292	0.01507	0.01077	0.01723	0.00969	0.00861	0.01830	0.01507	0.02369	0.01292	0.01507	0.01077	0.00538	0.00538	0.00108	0.00538	0.00431	0.00431	0.78898
10	0.00886	0.00633	0.00843	0.01012	0.01054	0.00590	0.00675	0.01012	0.01392	0.01856	0.04006	0.73979	0.04808	0.02277	0.00928	0.00295	0.00422	0.02066	0.00675	0.00590
11	0.01808	0.01561	0.01644	0.01479	0.01890	0.01808	0.01151	0.03863	0.68606	0.03041	0.02959	0.02712	0.02219	0.00986	0.00740	0.00247	0.00575	0.00822	0.00740	0.01151
12	0.09005	0.01303	0.02072	0.65706	0.04655	0.01617	0.01899	0.01885	0.01432	0.01994	0.01265	0.01864	0.00951	0.00722	0.00700	0.00241	0.00929	0.00621	0.00335	0.00806
13	0.01829	0.01734	0.03239	0.11159	0.05883	0.01754	0.37431	0.06997	0.07425	0.07036	0.01751	0.04477	0.01359	0.00779	0.00869	0.00245	0.03744	0.00831	0.00463	0.00995
14	0.01052	0.00725	0.00893	0.00893	0.00928	0.00759	0.00566	0.01122	0.01087	0.01484	0.02198	0.04247	0.02421	0.55961	0.21891	0.00829	0.01038	0.00983	0.00427	0.00496
15	0.01692	0.01631	0.02608	0.32827	0.35067	0.04343	0.04309	0.04799	0.01661	0.02225	0.01346	0.01842	0.01069	0.00693	0.00725	0.00227	0.00934	0.00648	0.00360	0.00993
16	0.01160	0.00820	0.01025	0.00985	0.01179	0.00783	0.00733	0.01608	0.07942	0.05602	0.45240	0.16463	0.10518	0.01572	0.00853	0.00242	0.00391	0.01385	0.00769	0.00731
17	0.00886	0.00633	0.00843	0.01012	0.01054	0.00590	0.00675	0.01012	0.01392	0.01856	0.04006	0.73979	0.04808	0.02277	0.00928	0.00295	0.00422	0.02066	0.00675	0.00590
18	0.01507	0.01292	0.01507	0.01077	0.01723	0.00969	0.00861	0.01830	0.01507	0.02369	0.01292	0.01507	0.01077	0.00538	0.00538	0.00108	0.00538	0.00431	0.00431	0.78898
19	0.01678	0.01845	0.03709	0.02710	0.03299	0.01854	0.50298	0.02185	0.01587	0.02221	0.01360	0.01860	0.01073	0.00733	0.01127	0.00250	0.14873	0.00787	0.00362	0.06189
20	0.00886	0.00633	0.00843	0.01012	0.01054	0.00590	0.00675	0.01012	0.01392	0.01856	0.04006	0.73979	0.04808	0.02277	0.00928	0.00295	0.00422	0.02066	0.00675	0.00590
21	0.79588	0.01406	0.01068	0.00956	0.01406	0.01631	0.00787	0.02137	0.01237	0.03261	0.01012	0.01181	0.00787	0.00675	0.00450	0.00225	0.00562	0.00394	0.00450	0.00787
22	0.02763	0.02036	0.02182	0.01672	0.02254	0.02254	0.01382	0.67496	0.03418	0.04581	0.01745	0.01745	0.01236	0.00873	0.00727	0.00218	0.00800	0.00654	0.00727	0.01236
23	0.03261	0.01237	0.01687	0.01293	0.01856	0.01068	0.01068	0.03543	0.02081	0.70423	0.02868	0.02474	0.01799	0.00900	0.00731	0.00225	0.00619	0.00731	0.00900	0.01237
24	0.01263	0.00631	0.00947	0.00947	0.00947	0.00631	0.00631	0.00947	0.00947	0.01263	0.01263	0.02210	0.01263	0.02525	0.02841	0.78851	0.00631	0.00631	0.00316	0.00316
25	0.02432	0.01717	0.01828	0.01439	0.01924	0.01884	0.01176	0.52036	0.02973	0.04142	0.01892	0.01972	0.01383	0.00867	0.00676	0.00207	0.00692	0.00660	0.18996	0.01105
26	0.01486	0.01408	0.02385	0.54544	0.22282	0.01645	0.02075	0.01957	0.01507	0.01995	0.01312	0.01901	0.01018	0.00706	0.00725	0.00235	0.00941	0.00646	0.00333	0.00899
27	0.01590	0.01590	0.02226	0.01908	0.01908	0.02226	0.01590	0.01749	0.01113	0.01749	0.00954	0.01590	0.00954	0.01272	0.02385	0.00318	0.73123	0.00636	0.00318	0.00795
28	0.79588	0.01406	0.01068	0.00956	0.01406	0.01631	0.00787	0.02137	0.01237	0.03261	0.01012	0.01181	0.00787	0.00675	0.00450	0.00225	0.00562	0.00394	0.00450	0.00787
29	0.02661	0.01858	0.02029	0.01593	0.02144	0.02034	0.01304	0.48849	0.14379	0.12336	0.02089	0.01999	0.01472	0.00895	0.00730	0.00224	0.00739	0.00692	0.00750	0.01222
30	0.01029	0.00743	0.00972	0.00914	0.01086	0.00686	0.00686	0.01372	0.02058	0.02915	0.69536	0.05430	0.06859	0.01486	0.00857	0.00229	0.00343	0.01315	0.00800	0.00686
31	0.00886	0.00633	0.00843	0.01012	0.01054	0.00590	0.00675	0.01012	0.01392	0.01856	0.04006	0.73979	0.04808	0.02277	0.00928	0.00295	0.00422	0.02066	0.00675	0.00590
32	0.01280	0.00860	0.01096	0.00988	0.01211	0.00814	0.00756	0.05952	0.02151	0.07078	0.60973	0.05004	0.06177	0.01410	0.00841	0.00228	0.00390	0.01235	0.00801	0.00756
33	0.30082	0.48260	0.02816	0.01139	0.01699	0.02425	0.01078	0.02162	0.01390	0.02272	0.01011	0.01171	0.00880	0.00641	0.00460	0.00181	0.00699	0.00390	0.00361	0.00880
34	0.02805	0.01969	0.02140	0.01641	0.02221	0.02154	0.01355	0.62110	0.03305	0.10125	0.01840	0.01807	0.01284	0.00875	0.00727	0.00219	0.00785	0.00661	0.00742	0.01236
35	0.06896	0.07483	0.06098	0.05362	0.01828	0.01210	0.01063	0.02066	0.04209	0.12381	0.16203	0.09320	0.02749	0.01009	0.00687	0.00201	0.00581	0.00843	0.00589	0.19222

[dist]
# distance from previous block
# <min> <max>
0	1

[block]
# block no. 6 follows, 28 sequences, length 16
# corresponding to MSA columns:
# 227-242
name=unknown_G
#
# <colnr> <probs for GDERKNQSTAVLIFYWHMCP>
#	G	D	E	R	K	N	Q	S	T	A	V	L	I	F	Y	W	H	M	C	P
0	0.10391	0.02921	0.01969	0.01754	0.02121	0.50846	0.01348	0.07621	0.04251	0.02181	0.01207	0.01402	0.00989	0.00804	0.00793	0.00207	0.07405	0.00501	0.00416	0.00873
1	0.01428	0.01382	0.02463	0.52019	0.09001	0.01587	0.11846	0.01918	0.01553	0.02044	0.06463	0.02195	0.01445	0.00761	0.00756	0.00240	0.00954	0.00729	0.00368	0.00848
2	0.01029	0.00743	0.00972	0.00914	0.01086	0.00686	0.00686	0.01372	0.02058	0.02915	0.69536	0.05430	0.06859	0.01486	0.00857	0.00229	0.00343	0.01315	0.00800	0.00686
3	0.01052	0.00759	0.01030	0.01187	0.01315	0.00737	0.00959	0.01305	0.01575	0.02051	0.04130	0.30950	0.08617	0.02091	0.00968	0.00315	0.00564	0.39086	0.00672	0.00638
4	0.01029	0.00743	0.00972	0.00914	0.01086	0.00686	0.00686	0.01372	0.02058	0.02915	0.69536	0.05430	0.06859	0.01486	0.00857	0.00229	0.00343	0.01315	0.00800	0.00686
5	0.00886	0.00633	0.00843	0.01012	0.01054	0.00590	0.00675	0.01012	0.01392	0.01856	0.04006	0.73979	0.04808	0.02277	0.00928	0.00295	0.00422	0.02066	0.00675	0.00590
6	0.01831	0.01644	0.01644	0.01497	0.01892	0.06247	0.01168	0.03669	0.60591	0.02911	0.02890	0.02927	0.02246	0.01028	0.00749	0.00248	0.00628	0.04375	0.00712	0.01104
7	0.01458	0.03760	0.70688	0.02072	0.03146	0.01688	0.02686	0.02302	0.01535	0.02302	0.01304	0.01535	0.00921	0.00691	0.00691	0.00230	0.01074	0.00537	0.00307	0.01074
8	0.00886	0.00633	0.00843	0.01012	0.01054	0.00590	0.00675	0.01012	0.01392	0.01856	0.04006	0.73979	0.04808	0.02277	0.00928	0.00295	0.00422	0.02066	0.00675	0.00590
9	0.03261	0.01237	0.01687	0.01293	0.01856	0.01068	0.01068	0.03543	0.02081	0.70423	0.02868	0.02474	0.01799	0.00900	0.00731	0.00225	0.00619	0.00731	0.00900	0.01237
10	0.02940	0.01231	0.01611	0.01269	0.01793	0.01106	0.01037	0.03385	0.08484	0.58750	0.03215	0.02838	0.06947	0.00979	0.00741	0.00229	0.00595	0.00800	0.00867	0.01182
11	0.00882	0.00648	0.00827	0.00970	0.01043	0.00594	0.00656	0.01017	0.01432	0.01872	0.04516	0.63804	0.14653	0.02211	0.00917	0.00288	0.00414	0.01986	0.00675	0.00594
12	0.01040	0.00774	0.01142	0.01142	0.01263	0.00895	0.00876	0.01281	0.01161	0.01668	0.01971	0.02987	0.01874	0.10207	0.66896	0.01136	0.01861	0.00798	0.00393	0.00635
13	0.01081	0.00715	0.00905	0.00915	0.00970	0.00751	0.00609	0.01173	0.01142	0.01619	0.02227	0.07715	0.02366	0.39243	0.23078	0.05776	0.01016	0.00972	0.07206	0.00522
14	0.02507	0.04756	0.02135	0.01606	0.02106	0.02160	0.01331	0.52851	0.05231	0.04050	0.01729	0.01804	0.01273	0.00900	0.00847	0.00222	0.07040	0.00650	0.05656	0.01147
15	0.37420	0.10293	0.01738	0.07453	0.01968	0.19393	0.01095	0.02306	0.01514	0.05003	0.01202	0.01516	0.00994	0.04618	0.00711	0.00234	0.00821	0.00482	0.00420	0.00818

[dist]
# distance from previous block
# <min> <max>
1	14

[block]
# block no. 7 follows, 28 sequences, length 21
# corresponding to MSA columns:
# 257-277
name=unknown_H
#
# <colnr> <probs for GDERKNQSTAVLIFYWHMCP>
#	G	D	E	R	K	N	Q	S	T	A	V	L	I	F	Y	W	H	M	C	P
0	0.02296	0.12953	0.02477	0.05241	0.05294	0.39387	0.06752	0.04805	0.04610	0.02033	0.01262	0.01480	0.01033	0.00712	0.00648	0.00189	0.01088	0.00522	0.00393	0.06825
1	0.02025	0.02125	0.02910	0.08196	0.08092	0.16565	0.26065	0.10976	0.04657	0.02498	0.01493	0.01832	0.01153	0.00739	0.00815	0.00226	0.03866	0.00697	0.04100	0.00969
2	0.01263	0.00631	0.00947	0.00947	0.00947	0.00631	0.00631	0.00947	0.00947	0.01263	0.01263	0.02210	0.01263	0.02525	0.02841	0.78851	0.00631	0.00631	0.00316	0.00316
3	0.00979	0.00763	0.01165	0.01201	0.01309	0.00717	0.06672	0.01153	0.01419	0.01894	0.03703	0.62003	0.04362	0.05006	0.01036	0.00309	0.00516	0.04533	0.00638	0.00623
4	0.01800	0.01718	0.02876	0.04291	0.66030	0.01732	0.02169	0.02324	0.05483	0.02413	0.01458	0.01851	0.01212	0.00667	0.00721	0.00218	0.00847	0.00658	0.00382	0.01151
5	0.01057	0.00705	0.00793	0.00793	0.00793	0.00705	0.00440	0.01057	0.01057	0.01409	0.02290	0.04757	0.02643	0.74454	0.03700	0.00705	0.00705	0.01057	0.00440	0.00440
6	0.02763	0.02036	0.02182	0.01672	0.02254	0.02254	0.01382	0.67496	0.03418	0.04581	0.01745	0.01745	0.01236	0.00873	0.00727	0.00218	0.00800	0.00654	0.00727	0.01236
7	0.02763	0.02036	0.02182	0.01672	0.02254	0.02254	0.01382	0.67496	0.03418	0.04581	0.01745	0.01745	0.01236	0.00873	0.00727	0.00218	0.00800	0.00654	0.00727	0.01236
8	0.02715	0.03464	0.02060	0.01873	0.02247	0.71536	0.01404	0.02903	0.02060	0.01779	0.01124	0.01311	0.00936	0.00749	0.00655	0.00187	0.01311	0.00468	0.00375	0.00843
9	0.00886	0.00633	0.00843	0.01012	0.01054	0.00590	0.00675	0.01012	0.01392	0.01856	0.04006	0.73979	0.04808	0.02277	0.00928	0.00295	0.00422	0.02066	0.00675	0.00590
10	0.01507	0.01292	0.01507	0.01077	0.01723	0.00969	0.00861	0.01830	0.01507	0.02369	0.01292	0.01507	0.01077	0.00538	0.00538	0.00108	0.00538	0.00431	0.00431	0.78898
11	0.02801	0.01975	0.02144	0.01644	0.02224	0.02164	0.01358	0.62612	0.03316	0.09609	0.01831	0.01801	0.01279	0.00875	0.00727	0.00219	0.00786	0.00660	0.00740	0.01236
12	0.01799	0.01727	0.02950	0.04462	0.69919	0.01727	0.02231	0.02231	0.01655	0.02375	0.01367	0.01799	0.01151	0.00648	0.00720	0.00216	0.00864	0.00648	0.00360	0.01151
13	0.01507	0.01292	0.01507	0.01077	0.01723	0.00969	0.00861	0.01830	0.01507	0.02369	0.01292	0.01507	0.01077	0.00538	0.00538	0.00108	0.00538	0.00431	0.00431	0.78898
14	0.01373	0.01292	0.02180	0.72707	0.05006	0.01615	0.02019	0.01857	0.01453	0.01857	0.01292	0.01938	0.00969	0.00727	0.00727	0.00242	0.00969	0.00646	0.00323	0.00807
15	0.02763	0.02036	0.02182	0.01672	0.02254	0.02254	0.01382	0.67496	0.03418	0.04581	0.01745	0.01745	0.01236	0.00873	0.00727	0.00218	0.00800	0.00654	0.00727	0.01236
16	0.01507	0.01292	0.01507	0.01077	0.01723	0.00969	0.00861	0.01830	0.01507	0.02369	0.01292	0.01507	0.01077	0.00538	0.00538	0.00108	0.00538	0.00431	0.00431	0.78898
17	0.00916	0.00726	0.00824	0.00825	0.01023	0.00634	0.00609	0.01144	0.01754	0.02254	0.26785	0.14284	0.42088	0.01779	0.00867	0.00246	0.00366	0.01526	0.00715	0.00634
18	0.00897	0.00642	0.00854	0.01004	0.01057	0.00598	0.00676	0.01041	0.01446	0.01942	0.09336	0.68404	0.04975	0.02213	0.00922	0.00290	0.00415	0.02005	0.00685	0.00598
19	0.01176	0.00799	0.00982	0.00962	0.01192	0.00720	0.00762	0.01453	0.01837	0.07928	0.28413	0.06303	0.29125	0.01670	0.00876	0.00255	0.00438	0.13671	0.00737	0.00701
20	0.02367	0.02108	0.08200	0.01847	0.07693	0.09333	0.01457	0.38173	0.02606	0.06193	0.01732	0.04647	0.01378	0.03388	0.00942	0.04730	0.00850	0.00693	0.00594	0.01069

[dist]
# distance from previous block
# <min> <max>
0	1

[block]
# block no. 8 follows, 28 sequences, length 28
# corresponding to MSA columns:
# 279-306
name=unknown_I
#
# <colnr> <probs for GDERKNQSTAVLIFYWHMCP>
#	G	D	E	R	K	N	Q	S	T	A	V	L	I	F	Y	W	H	M	C	P
0	0.02109	0.41732	0.07493	0.01504	0.02063	0.11644	0.01403	0.12430	0.03944	0.02248	0.01216	0.01380	0.01022	0.00743	0.00700	0.00189	0.06326	0.00482	0.00398	0.00974
1	0.02432	0.01754	0.01901	0.01519	0.02005	0.01931	0.01218	0.44362	0.15433	0.08085	0.02103	0.02294	0.01607	0.08719	0.01046	0.00276	0.00736	0.00734	0.00710	0.01135
2	0.01274	0.00803	0.00986	0.00914	0.01156	0.00710	0.00694	0.01543	0.01890	0.11889	0.36053	0.09542	0.26654	0.01568	0.00845	0.00238	0.00394	0.01350	0.00766	0.00733
3	0.00984	0.00705	0.00901	0.00950	0.01018	0.00716	0.00641	0.01105	0.01238	0.01662	0.03155	0.24900	0.08970	0.28781	0.20297	0.00664	0.00915	0.01325	0.00517	0.00554
4	0.03107	0.01272	0.01682	0.01313	0.01859	0.01147	0.01077	0.03577	0.09154	0.63259	0.02877	0.02499	0.01844	0.00909	0.00732	0.00227	0.00614	0.00741	0.00883	0.01228
5	0.00886	0.00633	0.00843	0.01012	0.01054	0.00590	0.00675	0.01012	0.01392	0.01856	0.04006	0.73979	0.04808	0.02277	0.00928	0.00295	0.00422	0.02066	0.00675	0.00590
6	0.01355	0.00678	0.00678	0.00678	0.00847	0.00678	0.00508	0.01694	0.01524	0.02710	0.02371	0.02710	0.01863	0.00847	0.00508	0.00169	0.00339	0.00678	0.78489	0.00678
7	0.01943	0.74891	0.03809	0.01244	0.01866	0.02876	0.01244	0.02177	0.01477	0.01710	0.01011	0.01166	0.00933	0.00622	0.00466	0.00155	0.00777	0.00389	0.00311	0.00933
8	0.01018	0.00743	0.00957	0.00903	0.01079	0.00681	0.00677	0.01351	0.02032	0.02855	0.65633	0.05528	0.10799	0.01508	0.00857	0.00230	0.00345	0.01328	0.00792	0.00681
9	0.79588	0.01406	0.01068	0.00956	0.01406	0.01631	0.00787	0.02137	0.01237	0.03261	0.01012	0.01181	0.00787	0.00675	0.00450	0.00225	0.00562	0.00394	0.00450	0.00787
10	0.02763	0.02036	0.02182	0.01672	0.02254	0.02254	0.01382	0.67496	0.03418	0.04581	0.01745	0.01745	0.01236	0.00873	0.00727	0.00218	0.00800	0.00654	0.00727	0.01236
11	0.01507	0.01292	0.01507	0.01077	0.01723	0.00969	0.00861	0.01830	0.01507	0.02369	0.01292	0.01507	0.01077	0.00538	0.00538	0.00108	0.00538	0.00431	0.00431	0.78898
12	0.01263	0.00631	0.00947	0.00947	0.00947	0.00631	0.00631	0.00947	0.00947	0.01263	0.01263	0.02210	0.01263	0.02525	0.02841	0.78851	0.00631	0.00631	0.00316	0.00316
13	0.01373	0.01292	0.02180	0.72707	0.05006	0.01615	0.02019	0.01857	0.01453	0.01857	0.01292	0.01938	0.00969	0.00727	0.00727	0.00242	0.00969	0.00646	0.00323	0.00807
14	0.02791	0.01991	0.02154	0.01651	0.02232	0.02187	0.01364	0.63893	0.03342	0.08290	0.01808	0.01786	0.01268	0.00874	0.00727	0.00219	0.00790	0.00659	0.00737	0.01236
15	0.01668	0.01851	0.03907	0.02996	0.08294	0.01773	0.56010	0.02221	0.01667	0.02280	0.01590	0.06144	0.01317	0.00740	0.00915	0.00249	0.04128	0.00904	0.00383	0.00962
16	0.01263	0.00631	0.00947	0.00947	0.00947	0.00631	0.00631	0.00947	0.00947	0.01263	0.01263	0.02210	0.01263	0.02525	0.02841	0.78851	0.00631	0.00631	0.00316	0.00316
17	0.01955	0.01675	0.02816	0.04125	0.62683	0.01657	0.02107	0.02370	0.01700	0.09610	0.01527	0.01871	0.01220	0.00674	0.00721	0.00217	0.00838	0.00657	0.00417	0.01161
18	0.00916	0.00654	0.00878	0.01047	0.01102	0.00617	0.00728	0.01065	0.01422	0.01890	0.03990	0.66986	0.04741	0.02249	0.00936	0.00299	0.00448	0.08760	0.00674	0.00599
19	0.01057	0.00705	0.00793	0.00793	0.00793	0.00705	0.00440	0.01057	0.01057	0.01409	0.02290	0.04757	0.02643	0.74454	0.03700	0.00705	0.00705	0.01057	0.00440	0.00440
20	0.02272	0.01688	0.02076	0.11395	0.09660	0.01871	0.01466	0.30362	0.14116	0.09817	0.01957	0.02041	0.01427	0.00864	0.00775	0.00228	0.03090	0.00689	0.03081	0.01123
21	0.01609	0.01000	0.01033	0.00931	0.01199	0.01056	0.00724	0.12798	0.08978	0.03013	0.02611	0.02792	0.05614	0.00922	0.00589	0.00190	0.00442	0.00737	0.52946	0.00817
22	0.02025	0.01800	0.02201	0.09219	0.24393	0.09192	0.01620	0.07011	0.24496	0.07498	0.02004	0.02114	0.01524	0.00813	0.00722	0.00226	0.00802	0.00694	0.00548	0.01097
23	0.00928	0.00695	0.00861	0.00913	0.01048	0.00628	0.00649	0.01142	0.01681	0.02241	0.27047	0.34628	0.21075	0.01904	0.00887	0.00261	0.00382	0.01683	0.00717	0.00628
24	0.04890	0.01743	0.02231	0.06571	0.13599	0.06523	0.07226	0.14197	0.13010	0.15195	0.01938	0.02013	0.01412	0.00792	0.00715	0.00219	0.00801	0.00677	0.00591	0.05656
25	0.02459	0.12228	0.06327	0.01832	0.06345	0.25080	0.01458	0.16862	0.06372	0.09699	0.01562	0.01647	0.01185	0.00795	0.00717	0.00206	0.03115	0.00568	0.00514	0.01032
26	0.01314	0.01096	0.01124	0.01179	0.01328	0.08335	0.00838	0.01721	0.10786	0.04450	0.03408	0.47172	0.03779	0.06095	0.01031	0.00300	0.00571	0.04114	0.00646	0.00712
27	0.01838	0.01683	0.06488	0.08893	0.10827	0.03478	0.18059	0.02491	0.10256	0.11711	0.02054	0.07397	0.01687	0.00884	0.00767	0.00232	0.00856	0.02994	0.00517	0.06888

[dist]
# distance from previous block
# <min> <max>
0	21

[block]
# block no. 9 follows, 28 sequences, length 28
# corresponding to MSA columns:
# 328-355
name=unknown_J
#
# <colnr> <probs for GDERKNQSTAVLIFYWHMCP>
#	G	D	E	R	K	N	Q	S	T	A	V	L	I	F	Y	W	H	M	C	P
0	0.02363	0.01995	0.02283	0.01893	0.04853	0.09816	0.07607	0.33643	0.05999	0.05954	0.01664	0.01823	0.01252	0.00886	0.00948	0.00230	0.10729	0.00663	0.04326	0.01073
1	0.01813	0.01901	0.02625	0.02079	0.02567	0.13551	0.25500	0.04917	0.10906	0.02357	0.01988	0.06485	0.01763	0.00960	0.00854	0.00238	0.03749	0.07834	0.00487	0.07428
2	0.06266	0.02180	0.02330	0.01865	0.02348	0.23134	0.16102	0.07912	0.08423	0.02407	0.01677	0.01958	0.03328	0.03384	0.00870	0.00226	0.03761	0.00658	0.00459	0.10711
3	0.01263	0.00631	0.00947	0.00947	0.00947	0.00631	0.00631	0.00947	0.00947	0.01263	0.01263	0.02210	0.01263	0.02525	0.02841	0.78851	0.00631	0.00631	0.00316	0.00316
4	0.01923	0.01705	0.07301	0.01429	0.01865	0.04828	0.01208	0.15358	0.23787	0.08498	0.08185	0.03042	0.08465	0.05394	0.00982	0.00263	0.03236	0.00855	0.00664	0.01011
5	0.01386	0.01070	0.01582	0.41895	0.03274	0.01266	0.01402	0.01889	0.04617	0.02238	0.01782	0.02269	0.01369	0.00785	0.00644	0.00215	0.00710	0.00666	0.30169	0.00774
6	0.00893	0.00639	0.00850	0.01007	0.01056	0.00596	0.00675	0.01032	0.01428	0.01913	0.07564	0.70258	0.04919	0.02234	0.00924	0.00292	0.00417	0.02026	0.00682	0.00596
7	0.01506	0.10846	0.64025	0.01989	0.03019	0.01807	0.02542	0.02290	0.01529	0.02243	0.01275	0.01498	0.00922	0.00684	0.00668	0.00223	0.01045	0.00522	0.00307	0.01060
8	0.01594	0.01518	0.02580	0.37326	0.38660	0.01673	0.02129	0.02051	0.01558	0.02126	0.01331	0.01866	0.01064	0.00686	0.00723	0.00229	0.00914	0.00647	0.00342	0.00986
9	0.01595	0.01538	0.02263	0.08109	0.02281	0.01987	0.06655	0.05340	0.01365	0.02017	0.03761	0.01863	0.01253	0.01334	0.05150	0.00331	0.49055	0.00682	0.00370	0.03051
10	0.01437	0.03615	0.67339	0.02016	0.03047	0.01640	0.02590	0.02257	0.01560	0.02331	0.04582	0.01722	0.01206	0.00729	0.00699	0.00230	0.01039	0.00574	0.00331	0.01056
11	0.01263	0.00631	0.00947	0.00947	0.00947	0.00631	0.00631	0.00947	0.00947	0.01263	0.01263	0.02210	0.01263	0.02525	0.02841	0.78851	0.00631	0.00631	0.00316	0.00316
12	0.75077	0.01396	0.01105	0.00976	0.01432	0.01597	0.00804	0.02220	0.01287	0.07231	0.01122	0.01257	0.00847	0.00688	0.00466	0.00225	0.00566	0.00414	0.00476	0.00814
13	0.01943	0.74891	0.03809	0.01244	0.01866	0.02876	0.01244	0.02177	0.01477	0.01710	0.01011	0.01166	0.00933	0.00622	0.00466	0.00155	0.00777	0.00389	0.00311	0.00933
14	0.00952	0.00734	0.00869	0.00848	0.01042	0.00651	0.00631	0.01218	0.01856	0.02468	0.40538	0.10114	0.32102	0.01676	0.00862	0.00239	0.00358	0.01448	0.00742	0.00651
15	0.01057	0.00705	0.00793	0.00793	0.00793	0.00705	0.00440	0.01057	0.01057	0.01409	0.02290	0.04757	0.02643	0.74454	0.03700	0.00705	0.00705	0.01057	0.00440	0.00440
16	0.01943	0.74891	0.03809	0.01244	0.01866	0.02876	0.01244	0.02177	0.01477	0.01710	0.01011	0.01166	0.00933	0.00622	0.00466	0.00155	0.00777	0.00389	0.00311	0.00933
17	0.00873	0.00737	0.00756	0.00751	0.00991	0.00620	0.00563	0.01071	0.01690	0.02043	0.12551	0.06865	0.64388	0.01811	0.00859	0.00244	0.00366	0.01516	0.00685	0.00620
18	0.00927	0.00686	0.00876	0.01012	0.01114	0.00635	0.00732	0.01099	0.01490	0.01929	0.04637	0.50123	0.17382	0.02148	0.00927	0.00292	0.00452	0.12257	0.00674	0.00608
19	0.01777	0.01704	0.02910	0.08054	0.66502	0.01721	0.02220	0.02211	0.01645	0.02348	0.01363	0.01806	0.01142	0.00652	0.00720	0.00217	0.00869	0.00648	0.00358	0.01133
20	0.01373	0.01292	0.02180	0.72707	0.05006	0.01615	0.02019	0.01857	0.01453	0.01857	0.01292	0.01938	0.00969	0.00727	0.00727	0.00242	0.00969	0.00646	0.00323	0.00807
21	0.01507	0.01292	0.01507	0.01077	0.01723	0.00969	0.00861	0.01830	0.01507	0.02369	0.01292	0.01507	0.01077	0.00538	0.00538	0.00108	0.00538	0.00431	0.00431	0.78898
22	0.01373	0.01292	0.02180	0.72707	0.05006	0.01615	0.02019	0.01857	0.01453	0.01857	0.01292	0.01938	0.00969	0.00727	0.00727	0.00242	0.00969	0.00646	0.00323	0.00807
23	0.00886	0.00633	0.00843	0.01012	0.01054	0.00590	0.00675	0.01012	0.01392	0.01856	0.04006	0.73979	0.04808	0.02277	0.00928	0.00295	0.00422	0.02066	0.00675	0.00590
24	0.00970	0.00708	0.00912	0.00931	0.01067	0.00650	0.00671	0.01231	0.01814	0.02502	0.43708	0.27210	0.11391	0.01765	0.00880	0.00251	0.00370	0.01570	0.00750	0.00650
25	0.01761	0.01395	0.02265	0.36035	0.24513	0.01512	0.01849	0.02189	0.01605	0.11171	0.01568	0.01979	0.01177	0.00722	0.00708	0.00223	0.00846	0.00650	0.03601	0.04229
26	0.75585	0.01397	0.01101	0.00974	0.01429	0.01601	0.00802	0.02210	0.01281	0.06784	0.01109	0.01249	0.00840	0.00687	0.00465	0.00225	0.00565	0.00411	0.00473	0.00811
27	0.05912	0.07790	0.03875	0.05376	0.07456	0.19761	0.01303	0.05270	0.04352	0.02265	0.11562	0.06264	0.02262	0.04451	0.00987	0.00248	0.06870	0.02668	0.00484	0.00843

[dist]
# distance from previous block
# <min> <max>
2	3

[block]
# block no. 10 follows, 28 sequences, length 49
# corresponding to MSA columns:
# 359-407
name=unknown_K
#
# <colnr> <probs for GDERKNQSTAVLIFYWHMCP>
#	G	D	E	R	K	N	Q	S	T	A	V	L	I	F	Y	W	H	M	C	P
0	0.01701	0.01658	0.02718	0.19990	0.46669	0.04124	0.04846	0.02140	0.01626	0.02223	0.01456	0.02105	0.01234	0.00728	0.00737	0.00227	0.00910	0.03508	0.00366	0.01032
1	0.00905	0.00720	0.00812	0.00827	0.01019	0.00627	0.00606	0.01117	0.01708	0.02175	0.21808	0.18100	0.43349	0.01830	0.00870	0.00250	0.00371	0.01572	0.00705	0.00627
2	0.00896	0.00642	0.00865	0.01022	0.01070	0.00611	0.00690	0.01031	0.01377	0.01844	0.03870	0.69272	0.04610	0.02487	0.05603	0.00353	0.00523	0.01981	0.00656	0.00594
3	0.01171	0.00837	0.01171	0.01339	0.01506	0.00837	0.01171	0.01506	0.01673	0.02175	0.03849	0.08199	0.04183	0.02008	0.01004	0.00335	0.00669	0.65027	0.00669	0.00669
4	0.00919	0.00739	0.00820	0.00799	0.01019	0.00639	0.00599	0.01159	0.01798	0.02300	0.29332	0.06442	0.47447	0.01716	0.00858	0.00240	0.00359	0.01457	0.00719	0.00639
5	0.79588	0.01406	0.01068	0.00956	0.01406	0.01631	0.00787	0.02137	0.01237	0.03261	0.01012	0.01181	0.00787	0.00675	0.00450	0.00225	0.00562	0.00394	0.00450	0.00787
