[name]
unknown

[dist]
# distance from previous block
# <min> <max>
0	63

[block]
# block no. 0 follows, 28 sequences, length 80
# corresponding to MSA columns:
# 63-142
name=unknown_A
#
# <colnr> <probs for GDERKNQSTAVLIFYWHMCP>
#	G	D	E	R	K	N	Q	S	T	A	V	L	I	F	Y	W	H	M	C	P
0	0.01147	0.00819	0.01143	0.01311	0.01467	0.00816	0.01129	0.01464	0.01649	0.02148	0.03862	0.13851	0.04237	0.02031	0.00997	0.00331	0.00648	0.59617	0.00670	0.00663
1	0.03217	0.01308	0.01731	0.01327	0.01891	0.01173	0.01096	0.09189	0.02199	0.64609	0.02769	0.02410	0.01750	0.00897	0.00731	0.00224	0.00635	0.00724	0.00884	0.01237
2	0.09329	0.01965	0.02066	0.01604	0.02168	0.02184	0.01322	0.59549	0.05618	0.04411	0.01727	0.01732	0.01234	0.00860	0.00704	0.00220	0.00771	0.00638	0.00704	0.01194
3	0.01799	0.01727	0.02950	0.04462	0.69919	0.01727	0.02231	0.02231	0.01655	0.02375	0.01367	0.01799	0.01151	0.00648	0.00720	0.00216	0.00864	0.00648	0.00360	0.01151
4	0.01035	0.00696	0.00799	0.00820	0.00826	0.00690	0.00470	0.01051	0.01099	0.01466	0.02507	0.13477	0.02915	0.65362	0.03351	0.00653	0.00669	0.01184	0.00470	0.00459
5	0.75763	0.01437	0.01124	0.00992	0.01448	0.01662	0.00817	0.05391	0.01346	0.03327	0.01049	0.01209	0.00810	0.00685	0.00464	0.00225	0.00574	0.00407	0.00464	0.00810
6	0.00930	0.00674	0.00903	0.01049	0.01123	0.00647	0.00745	0.01095	0.01418	0.01883	0.03979	0.57036	0.07707	0.02498	0.07003	0.00372	0.00578	0.09105	0.00650	0.00606
7	0.03261	0.01237	0.01687	0.01293	0.01856	0.01068	0.01068	0.03543	0.02081	0.70423	0.02868	0.02474	0.01799	0.00900	0.00731	0.00225	0.00619	0.00731	0.00900	0.01237
8	0.75684	0.01438	0.01125	0.00992	0.01449	0.01662	0.00817	0.05459	0.01348	0.03328	0.01049	0.01210	0.00810	0.00685	0.00464	0.00225	0.00574	0.00407	0.00464	0.00810
9	0.79588	0.01406	0.01068	0.00956	0.01406	0.01631	0.00787	0.02137	0.01237	0.03261	0.01012	0.01181	0.00787	0.00675	0.00450	0.00225	0.00562	0.00394	0.00450	0.00787
10	0.00886	0.00745	0.00774	0.00788	0.01027	0.00633	0.00605	0.01083	0.01658	0.01982	0.07062	0.07099	0.64002	0.01855	0.00872	0.00253	0.00394	0.06990	0.00675	0.00618
11	0.01507	0.01292	0.01507	0.01077	0.01723	0.00969	0.00861	0.01830	0.01507	0.02369	0.01292	0.01507	0.01077	0.00538	0.00538	0.00108	0.00538	0.00431	0.00431	0.78898
12	0.01458	0.03760	0.70688	0.02072	0.03146	0.01688	0.02686	0.02302	0.01535	0.02302	0.01304	0.01535	0.00921	0.00691	0.00691	0.00230	0.01074	0.00537	0.00307	0.01074
13	0.01373	0.01292	0.02180	0.72707	0.05006	0.01615	0.02019	0.01857	0.01453	0.01857	0.01292	0.01938	0.00969	0.00727	0.00727	0.00242	0.00969	0.00646	0.00323	0.00807
14	0.01461	0.01382	0.02340	0.58545	0.18477	0.01638	0.02063	0.01935	0.01495	0.01965	0.01308	0.01909	0.01007	0.00710	0.00725	0.00237	0.00947	0.00646	0.00331	0.00879
15	0.01023	0.00743	0.00963	0.00908	0.01082	0.00683	0.00681	0.01360	0.02043	0.02880	0.67237	0.05488	0.09179	0.01499	0.00857	0.00229	0.00344	0.01323	0.00796	0.00683
16	0.01373	0.01292	0.02180	0.72707	0.05006	0.01615	0.02019	0.01857	0.01453	0.01857	0.01292	0.01938	0.00969	0.00727	0.00727	0.00242	0.00969	0.00646	0.00323	0.00807
17	0.01516	0.01319	0.01620	0.01157	0.01807	0.01004	0.03555	0.01851	0.01516	0.02367	0.01299	0.01526	0.01078	0.00541	0.00551	0.00113	0.00566	0.00448	0.00428	0.75737
18	0.00885	0.00737	0.00773	0.00764	0.00998	0.00625	0.00573	0.01094	0.01719	0.02110	0.16932	0.06755	0.59965	0.01786	0.00859	0.00243	0.00364	0.01500	0.00694	0.00625
19	0.01263	0.00631	0.00947	0.00947	0.00947	0.00631	0.00631	0.00947	0.00947	0.01263	0.01263	0.02210	0.01263	0.02525	0.02841	0.78851	0.00631	0.00631	0.00316	0.00316
20	0.01924	0.72006	0.06522	0.01277	0.01918	0.02828	0.01302	0.02182	0.01479	0.01734	0.01022	0.01181	0.00932	0.00625	0.00476	0.00159	0.00789	0.00395	0.00311	0.00939
21	0.03261	0.01237	0.01687	0.01293	0.01856	0.01068	0.01068	0.03543	0.02081	0.70423	0.02868	0.02474	0.01799	0.00900	0.00731	0.00225	0.00619	0.00731	0.00900	0.01237
22	0.00867	0.00737	0.00748	0.00745	0.00987	0.00617	0.00559	0.01059	0.01676	0.02010	0.10381	0.06920	0.66578	0.01824	0.00859	0.00245	0.00367	0.01523	0.00681	0.00617
23	0.01943	0.74891	0.03809	0.01244	0.01866	0.02876	0.01244	0.02177	0.01477	0.01710	0.01011	0.01166	0.00933	0.00622	0.00466	0.00155	0.00777	0.00389	0.00311	0.00933
24	0.02681	0.01995	0.02135	0.01656	0.02223	0.02216	0.01362	0.62028	0.09019	0.04449	0.01849	0.01828	0.01321	0.00882	0.00728	0.00221	0.00781	0.00669	0.00728	0.01229
25	0.01373	0.01292	0.02180	0.72707	0.05006	0.01615	0.02019	0.01857	0.01453	0.01857	0.01292	0.01938	0.00969	0.00727	0.00727	0.00242	0.00969	0.00646	0.00323	0.00807
26	0.01716	0.01961	0.04289	0.03064	0.03799	0.01838	0.67279	0.02328	0.01716	0.02328	0.01471	0.01961	0.01103	0.00613	0.00858	0.00245	0.01225	0.00858	0.00368	0.00980
27	0.01049	0.00708	0.00827	0.00833	0.00846	0.00718	0.00489	0.01076	0.01079	0.01450	0.02324	0.07153	0.02652	0.65856	0.09429	0.00729	0.00801	0.01070	0.00445	0.00464
28	0.01799	0.01727	0.02950	0.04462	0.69919	0.01727	0.02231	0.02231	0.01655	0.02375	0.01367	0.01799	0.01151	0.00648	0.00720	0.00216	0.00864	0.00648	0.00360	0.01151
29	0.02679	0.03389	0.02043	0.01857	0.02233	0.68761	0.01394	0.02941	0.04708	0.01829	0.01197	0.01367	0.00987	0.00758	0.00659	0.00190	0.01282	0.00482	0.00389	0.00855
30	0.03261	0.01237	0.01687	0.01293	0.01856	0.01068	0.01068	0.03543	0.02081	0.70423	0.02868	0.02474	0.01799	0.00900	0.00731	0.00225	0.00619	0.00731	0.00900	0.01237
31	0.00886	0.00633	0.00843	0.01012	0.01054	0.00590	0.00675	0.01012	0.01392	0.01856	0.04006	0.73979	0.04808	0.02277	0.00928	0.00295	0.00422	0.02066	0.00675	0.00590
32	0.01799	0.01727	0.02950	0.04462	0.69919	0.01727	0.02231	0.02231	0.01655	0.02375	0.01367	0.01799	0.01151	0.00648	0.00720	0.00216	0.00864	0.00648	0.00360	0.01151
33	0.01131	0.00978	0.01397	0.01357	0.01421	0.01135	0.03636	0.01289	0.01329	0.01846	0.03086	0.47191	0.05472	0.01894	0.01363	0.00299	0.22386	0.01570	0.00555	0.00669
34	0.01835	0.01159	0.01338	0.01140	0.01470	0.01188	0.00898	0.18504	0.06227	0.11190	0.25270	0.05619	0.03516	0.01131	0.00736	0.00217	0.00506	0.00948	0.16197	0.00912
35	0.02185	0.01634	0.01771	0.01503	0.01969	0.01829	0.01194	0.18333	0.46464	0.10768	0.02672	0.02466	0.01949	0.00951	0.00736	0.00238	0.00631	0.00774	0.00754	0.01180
36	0.02382	0.01643	0.01826	0.01478	0.01984	0.01764	0.01192	0.28329	0.25580	0.15200	0.05084	0.02342	0.01893	0.00924	0.00727	0.00224	0.00659	0.00740	0.00749	0.05280
37	0.00886	0.00633	0.00843	0.01012	0.01054	0.00590	0.00675	0.01012	0.01392	0.01856	0.04006	0.73979	0.04808	0.02277	0.00928	0.00295	0.00422	0.02066	0.00675	0.00590
38	0.00886	0.00633	0.00843	0.01012	0.01054	0.00590	0.00675	0.01012	0.01392	0.01856	0.04006	0.73979	0.04808	0.02277	0.00928	0.00295	0.00422	0.02066	0.00675	0.00590
39	0.05819	0.01778	0.01964	0.01537	0.02089	0.01914	0.01261	0.43219	0.10683	0.18976	0.02108	0.01998	0.01459	0.00884	0.00718	0.00223	0.00724	0.00681	0.00756	0.01208
40	0.01799	0.01727	0.02950	0.04462	0.69919	0.01727	0.02231	0.02231	0.01655	0.02375	0.01367	0.01799	0.01151	0.00648	0.00720	0.00216	0.00864	0.00648	0.00360	0.01151
41	0.01138	0.00915	0.01316	0.01260	0.01353	0.01121	0.00980	0.01353	0.01147	0.01669	0.01807	0.02831	0.01751	0.11937	0.52215	0.00969	0.14420	0.00783	0.00382	0.00653
42	0.01507	0.01292	0.01507	0.01077	0.01723	0.00969	0.00861	0.01830	0.01507	0.02369	0.01292	0.01507	0.01077	0.00538	0.00538	0.00108	0.00538	0.00431	0.00431	0.78898
43	0.02390	0.02813	0.02327	0.02605	0.21468	0.45353	0.01650	0.04713	0.01932	0.02036	0.01203	0.01480	0.01008	0.00755	0.00779	0.00204	0.05430	0.00535	0.00378	0.00940
44	0.02673	0.02030	0.02363	0.01792	0.02387	0.02218	0.07044	0.61896	0.03271	0.04388	0.01722	0.01764	0.01225	0.00850	0.00738	0.00220	0.00836	0.00672	0.00696	0.01214
45	0.01553	0.01319	0.01532	0.01098	0.01742	0.01016	0.00880	0.04231	0.01577	0.02450	0.01309	0.01516	0.01082	0.00551	0.00545	0.00112	0.00548	0.00439	0.00442	0.76059
46	0.01038	0.00779	0.01168	0.01168	0.01298	0.00909	0.00909	0.01298	0.01168	0.01687	0.01947	0.02856	0.01817	0.05452	0.71573	0.01168	0.01947	0.00779	0.00389	0.00649
47	0.02900	0.01181	0.01567	0.01235	0.01735	0.01052	0.01008	0.03278	0.05355	0.57691	0.07838	0.02723	0.02204	0.00945	0.00727	0.00223	0.00578	0.00776	0.05831	0.01156
48	0.00910	0.00650	0.00872	0.01040	0.01093	0.00612	0.00717	0.01055	0.01416	0.01883	0.03993	0.68327	0.04754	0.02254	0.00934	0.00299	0.00443	0.07476	0.00674	0.00597
49	0.03170	0.01319	0.01730	0.01333	0.01892	0.01198	0.01099	0.09282	0.04317	0.62381	0.02770	0.02416	0.01762	0.00900	0.00731	0.00225	0.00633	0.00727	0.00879	0.01234
50	0.00886	0.00633	0.00843	0.01012	0.01054	0.00590	0.00675	0.01012	0.01392	0.01856	0.04006	0.73979	0.04808	0.02277	0.00928	0.00295	0.00422	0.02066	0.00675	0.00590
51	0.01799	0.01727	0.02950	0.04462	0.69919	0.01727	0.02231	0.02231	0.01655	0.02375	0.01367	0.01799	0.01151	0.00648	0.00720	0.00216	0.00864	0.00648	0.00360	0.01151
52	0.07141	0.01246	0.01655	0.01276	0.01833	0.01097	0.01054	0.03471	0.02038	0.67009	0.02773	0.02408	0.01748	0.00888	0.00717	0.00225	0.00616	0.00714	0.00877	0.01214
53	0.00886	0.00633	0.00843	0.01012	0.01054	0.00590	0.00675	0.01012	0.01392	0.01856	0.04006	0.73979	0.04808	0.02277	0.00928	0.00295	0.00422	0.02066	0.00675	0.00590
54	0.00970	0.00779	0.00871	0.00841	0.01066	0.00699	0.00632	0.01306	0.05060	0.02380	0.30963	0.06188	0.42313	0.01664	0.00853	0.00239	0.00369	0.01415	0.00726	0.00667
55	0.00996	0.00783	0.01050	0.01129	0.01179	0.00837	0.00806	0.01140	0.01393	0.01897	0.06941	0.57429	0.06716	0.02074	0.01137	0.00293	0.11145	0.01798	0.00628	0.00626
56	0.01458	0.03760	0.70688	0.02072	0.03146	0.01688	0.02686	0.02302	0.01535	0.02302	0.01304	0.01535	0.00921	0.00691	0.00691	0.00230	0.01074	0.00537	0.00307	0.01074
57	0.01373	0.01292	0.02180	0.72707	0.05006	0.01615	0.02019	0.01857	0.01453	0.01857	0.01292	0.01938	0.00969	0.00727	0.00727	0.00242	0.00969	0.00646	0.00323	0.00807
58	0.01171	0.00837	0.01171	0.01339	0.01506	0.00837	0.01171	0.01506	0.01673	0.02175	0.03849	0.08199	0.04183	0.02008	0.01004	0.00335	0.00669	0.65027	0.00669	0.00669
59	0.79588	0.01406	0.01068	0.00956	0.01406	0.01631	0.00787	0.02137	0.01237	0.03261	0.01012	0.01181	0.00787	0.00675	0.00450	0.00225	0.00562	0.00394	0.00450	0.00787
60	0.01778	0.01706	0.02913	0.07774	0.66769	0.01722	0.02221	0.02213	0.01645	0.02350	0.01364	0.01806	0.01143	0.00652	0.00720	0.00217	0.00869	0.00648	0.00358	0.01135
61	0.01953	0.01471	0.01638	0.07428	0.02020	0.04785	0.01096	0.18362	0.07893	0.08901	0.02043	0.08356	0.01746	0.06872	0.00931	0.00240	0.00683	0.00770	0.03734	0.19079
62	0.01719	0.42074	0.34664	0.01626	0.02456	0.02328	0.01909	0.02234	0.01504	0.01983	0.01146	0.01336	0.00927	0.00654	0.00570	0.00190	0.00914	0.00457	0.00309	0.00998
63	0.01458	0.03760	0.70688	0.02072	0.03146	0.01688	0.02686	0.02302	0.01535	0.02302	0.01304	0.01535	0.00921	0.00691	0.00691	0.00230	0.01074	0.00537	0.00307	0.01074
64	0.03241	0.01269	0.01707	0.01309	0.01872	0.01116	0.01081	0.06124	0.02134	0.67765	0.02822	0.02445	0.01777	0.00899	0.00731	0.00225	0.00626	0.00728	0.00893	0.01237
65	0.00937	0.00654	0.00828	0.00946	0.00975	0.00625	0.00604	0.01026	0.01291	0.01721	0.03489	0.53095	0.04155	0.24052	0.01764	0.00419	0.00507	0.01762	0.00604	0.00545
66	0.02763	0.01973	0.02135	0.01644	0.02219	0.02169	0.01355	0.61637	0.05397	0.08494	0.01851	0.01820	0.01301	0.00878	0.00728	0.00219	0.00782	0.00664	0.00738	0.01234
67	0.00992	0.00738	0.00923	0.00884	0.01065	0.00669	0.00661	0.01298	0.01960	0.02702	0.55720	0.08018	0.18522	0.01579	0.00860	0.00234	0.00350	0.01381	0.00773	0.00669
68	0.01711	0.00910	0.00969	0.00866	0.01125	0.00925	0.00675	0.10780	0.01829	0.08816	0.02329	0.02559	0.01773	0.00855	0.00557	0.00181	0.00425	0.00679	0.61234	0.00802
69	0.00952	0.00687	0.00889	0.01018	0.01092	0.00649	0.00693	0.03162	0.01499	0.02000	0.07319	0.65803	0.07165	0.02177	0.00915	0.00288	0.00428	0.01964	0.00683	0.00617
70	0.02415	0.13644	0.08303	0.01793	0.02314	0.37913	0.04133	0.13148	0.05515	0.02350	0.01330	0.01476	0.01055	0.00752	0.00655	0.00197	0.01089	0.00526	0.00434	0.00960
71	0.03261	0.01237	0.01687	0.01293	0.01856	0.01068	0.01068	0.03543	0.02081	0.70423	0.02868	0.02474	0.01799	0.00900	0.00731	0.00225	0.00619	0.00731	0.00900	0.01237
72	0.01878	0.01876	0.02874	0.04239	0.64105	0.07725	0.02160	0.02289	0.01690	0.02324	0.01346	0.01757	0.01133	0.00656	0.00714	0.00213	0.00902	0.00632	0.00361	0.01125
73	0.01564	0.19260	0.56114	0.01891	0.02867	0.01947	0.02371	0.02275	0.01522	0.02173	0.01240	0.01454	0.00923	0.00676	0.00642	0.00214	0.01010	0.00505	0.00308	0.01043
74	0.00996	0.00785	0.00946	0.01067	0.01138	0.03160	0.00744	0.01142	0.01444	0.01891	0.05890	0.58417	0.07658	0.04130	0.01042	0.00301	0.02903	0.05086	0.00649	0.00610
75	0.00886	0.00633	0.00843	0.01012	0.01054	0.00590	0.00675	0.01012	0.01392	0.01856	0.04006	0.73979	0.04808	0.02277	0.00928	0.00295	0.00422	0.02066	0.00675	0.00590
76	0.01160	0.00921	0.01313	0.01252	0.01348	0.01130	0.00978	0.01382	0.01166	0.01725	0.01809	0.02772	0.01727	0.10370	0.49179	0.00919	0.15248	0.00771	0.04171	0.00660
77	0.02118	0.01858	0.02337	0.02703	0.27734	0.09694	0.04262	0.10651	0.17030	0.08621	0.04275	0.02135	0.01632	0.00812	0.00729	0.00222	0.00817	0.00706	0.00554	0.01110
78	0.02606	0.13864	0.02330	0.01760	0.02192	0.54519	0.01379	0.09213	0.02109	0.02047	0.01169	0.01333	0.00966	0.00743	0.00635	0.00186	0.01181	0.00475	0.00400	0.00895
79	0.01868	0.55435	0.12241	0.01327	0.01966	0.02440	0.01376	0.02193	0.01565	0.05384	0.07031	0.01647	0.01484	0.00719	0.00543	0.00175	0.00771	0.00505	0.00382	0.00946

[dist]
# distance from previous block
# <min> <max>
0	1

[block]
# block no. 1 follows, 28 sequences, length 70
# corresponding to MSA columns:
# 144-213
name=unknown_B
#
# <colnr> <probs for GDERKNQSTAVLIFYWHMCP>
#	G	D	E	R	K	N	Q	S	T	A	V	L	I	F	Y	W	H	M	C	P
0	0.02456	0.01832	0.01909	0.01552	0.02035	0.06054	0.01245	0.42438	0.11561	0.09151	0.02220	0.10296	0.01807	0.01045	0.00748	0.00230	0.00743	0.00835	0.00715	0.01126
1	0.01434	0.00896	0.01127	0.01086	0.01306	0.00859	0.00822	0.05583	0.04548	0.11939	0.21229	0.25586	0.09049	0.04203	0.00961	0.00275	0.00485	0.07106	0.00737	0.00771
2	0.00991	0.00708	0.00909	0.01033	0.01100	0.00682	0.00697	0.04398	0.01475	0.01968	0.03789	0.66161	0.04496	0.06525	0.01083	0.00316	0.00458	0.01934	0.00663	0.00614
3	0.01065	0.00796	0.01022	0.01114	0.01304	0.00754	0.00934	0.01358	0.01718	0.02210	0.13216	0.07505	0.23104	0.01894	0.00944	0.00296	0.00542	0.38882	0.00688	0.00656
4	0.01943	0.74891	0.03809	0.01244	0.01866	0.02876	0.01244	0.02177	0.01477	0.01710	0.01011	0.01166	0.00933	0.00622	0.00466	0.00155	0.00777	0.00389	0.00311	0.00933
5	0.01923	0.71909	0.06613	0.01278	0.01919	0.02826	0.01304	0.02182	0.01479	0.01735	0.01023	0.01181	0.00932	0.00625	0.00476	0.00159	0.00790	0.00395	0.00311	0.00939
6	0.00886	0.00633	0.00843	0.01012	0.01054	0.00590	0.00675	0.01012	0.01392	0.01856	0.04006	0.73979	0.04808	0.02277	0.00928	0.00295	0.00422	0.02066	0.00675	0.00590
7	0.01808	0.01561	0.01644	0.01479	0.01890	0.01808	0.01151	0.03863	0.68606	0.03041	0.02959	0.02712	0.02219	0.00986	0.00740	0.00247	0.00575	0.00822	0.00740	0.01151
8	0.00886	0.00633	0.00843	0.01012	0.01054	0.00590	0.00675	0.01012	0.01392	0.01856	0.04006	0.73979	0.04808	0.02277	0.00928	0.00295	0.00422	0.02066	0.00675	0.00590
9	0.02763	0.02036	0.02182	0.01672	0.02254	0.02254	0.01382	0.67496	0.03418	0.04581	0.01745	0.01745	0.01236	0.00873	0.00727	0.00218	0.00800	0.00654	0.00727	0.01236
10	0.01808	0.01561	0.01644	0.01479	0.01890	0.01808	0.01151	0.03863	0.68606	0.03041	0.02959	0.02712	0.02219	0.00986	0.00740	0.00247	0.00575	0.00822	0.00740	0.01151
11	0.00886	0.00633	0.00843	0.01012	0.01054	0.00590	0.00675	0.01012	0.01392	0.01856	0.04006	0.73979	0.04808	0.02277	0.00928	0.00295	0.00422	0.02066	0.00675	0.00590
12	0.01716	0.01961	0.04289	0.03064	0.03799	0.01838	0.67279	0.02328	0.01716	0.02328	0.01471	0.01961	0.01103	0.00613	0.00858	0.00245	0.01225	0.00858	0.00368	0.00980
13	0.00880	0.00743	0.00766	0.00777	0.01017	0.00629	0.00594	0.01074	0.01658	0.01978	0.07126	0.07077	0.65202	0.01852	0.00869	0.00251	0.00389	0.05825	0.00675	0.00617
14	0.01029	0.00743	0.00972	0.00914	0.01086	0.00686	0.00686	0.01372	0.02058	0.02915	0.69536	0.05430	0.06859	0.01486	0.00857	0.00229	0.00343	0.01315	0.00800	0.00686
15	0.01037	0.00696	0.00799	0.00819	0.00824	0.00691	0.00468	0.01052	0.01096	0.01462	0.02492	0.12884	0.02897	0.65979	0.03374	0.00657	0.00671	0.01176	0.00468	0.00458
16	0.01716	0.01961	0.04289	0.03064	0.03799	0.01838	0.67279	0.02328	0.01716	0.02328	0.01471	0.01961	0.01103	0.00613	0.00858	0.00245	0.01225	0.00858	0.00368	0.00980
17	0.01373	0.01292	0.02180	0.72707	0.05006	0.01615	0.02019	0.01857	0.01453	0.01857	0.01292	0.01938	0.00969	0.00727	0.00727	0.00242	0.00969	0.00646	0.00323	0.00807
18	0.00884	0.00638	0.00838	0.00998	0.01051	0.00592	0.00669	0.01014	0.01405	0.01861	0.04177	0.70571	0.08106	0.02255	0.00924	0.00293	0.00419	0.02039	0.00675	0.00592
19	0.05980	0.68634	0.03607	0.01251	0.01855	0.05178	0.01226	0.02200	0.01485	0.01793	0.01015	0.01172	0.00925	0.00629	0.00472	0.00160	0.00785	0.00392	0.00320	0.00922
20	0.01556	0.01543	0.02219	0.13171	0.02401	0.02129	0.01658	0.01767	0.01167	0.01767	0.01008	0.01646	0.00957	0.01185	0.02122	0.00306	0.61645	0.00638	0.00319	0.00797
21	0.00983	0.00705	0.00913	0.01046	0.01116	0.00676	0.00711	0.04446	0.01496	0.01996	0.03890	0.70249	0.04623	0.02205	0.00917	0.00291	0.00441	0.01994	0.00677	0.00624
22	0.06507	0.58329	0.15083	0.01368	0.02057	0.02599	0.01463	0.02196	0.01472	0.01904	0.01061	0.01230	0.00922	0.00637	0.00504	0.00172	0.00815	0.00414	0.00319	0.00948
23	0.00974	0.00700	0.00940	0.01094	0.01184	0.00666	0.00815	0.01171	0.01509	0.01996	0.06829	0.49994	0.06701	0.02153	0.00945	0.00302	0.00488	0.20240	0.00678	0.00618
24	0.03261	0.01237	0.01687	0.01293	0.01856	0.01068	0.01068	0.03543	0.02081	0.70423	0.02868	0.02474	0.01799	0.00900	0.00731	0.00225	0.00619	0.00731	0.00900	0.01237
25	0.01793	0.01552	0.01662	0.03965	0.01999	0.01801	0.01181	0.03793	0.66262	0.02999	0.02900	0.02685	0.02175	0.00977	0.00739	0.00246	0.00589	0.00816	0.00725	0.01139
26	0.11803	0.02201	0.07689	0.01634	0.02226	0.06866	0.01420	0.49923	0.02910	0.04045	0.01579	0.01631	0.01136	0.00826	0.00686	0.00218	0.00829	0.00601	0.00635	0.01142
27	0.01323	0.00674	0.00689	0.00700	0.00861	0.00672	0.00519	0.01648	0.01515	0.02652	0.02482	0.07526	0.02062	0.00944	0.00536	0.00178	0.00344	0.00771	0.73231	0.00672
28	0.01038	0.00779	0.01168	0.01168	0.01298	0.00909	0.00909	0.01298	0.01168	0.01687	0.01947	0.02856	0.01817	0.05452	0.71573	0.01168	0.01947	0.00779	0.00389	0.00649
29	0.01771	0.10254	0.54056	0.01877	0.02832	0.01711	0.02308	0.02473	0.01610	0.12291	0.01507	0.01638	0.01052	0.00715	0.00675	0.00222	0.00978	0.00551	0.00395	0.01085
30	0.01273	0.01124	0.01618	0.01483	0.01557	0.01468	0.01198	0.01490	0.01145	0.01714	0.01525	0.02318	0.01451	0.03676	0.42180	0.00807	0.32185	0.00718	0.00359	0.00711
31	0.03232	0.01285	0.01717	0.01316	0.01879	0.01139	0.01087	0.07370	0.02161	0.66483	0.02801	0.02431	0.01766	0.00898	0.00731	0.00225	0.00629	0.00726	0.00889	0.01237
32	0.01474	0.00754	0.00808	0.00772	0.00972	0.00760	0.00590	0.03723	0.01585	0.06193	0.02349	0.02679	0.01838	0.01165	0.05380	0.00242	0.00477	0.00687	0.66830	0.00721
33	0.58481	0.01409	0.01270	0.01073	0.01555	0.01549	0.00884	0.06483	0.01553	0.17733	0.01455	0.01493	0.01032	0.00735	0.00527	0.00225	0.00589	0.00482	0.00563	0.00911
34	0.01744	0.01670	0.02850	0.13351	0.61464	0.01713	0.02203	0.02182	0.01629	0.02307	0.01357	0.01817	0.01128	0.00658	0.00721	0.00219	0.00877	0.00647	0.00355	0.01107
35	0.01041	0.00717	0.00838	0.00838	0.00872	0.00725	0.00509	0.01088	0.01112	0.01483	0.02588	0.04660	0.07061	0.60528	0.12379	0.00734	0.00844	0.01053	0.00450	0.00479
36	0.01538	0.01263	0.01485	0.01081	0.01699	0.00956	0.00860	0.01852	0.01521	0.04567	0.01457	0.04577	0.01257	0.00623	0.00561	0.00119	0.00536	0.00509	0.00456	0.73081
37	0.07403	0.03081	0.01974	0.01770	0.02167	0.56638	0.01344	0.07536	0.07483	0.02172	0.01309	0.01447	0.01052	0.00772	0.00655	0.00197	0.01169	0.00505	0.00434	0.00892
38	0.02669	0.03376	0.02105	0.02004	0.05691	0.67983	0.01447	0.02868	0.02039	0.01809	0.01136	0.01336	0.00947	0.00744	0.00659	0.00189	0.01288	0.00477	0.00374	0.00858
39	0.00926	0.00662	0.00888	0.01047	0.01110	0.00624	0.00735	0.01087	0.01454	0.01939	0.06753	0.63164	0.04819	0.02211	0.00934	0.00297	0.00448	0.09618	0.00679	0.00604
40	0.01614	0.26695	0.49124	0.01805	0.02733	0.02071	0.02221	0.02262	0.01516	0.02111	0.01210	0.01416	0.00925	0.00668	0.00618	0.00206	0.00979	0.00489	0.00308	0.01029
41	0.00913	0.00676	0.00895	0.01037	0.01086	0.00658	0.00707	0.01043	0.01392	0.01856	0.04023	0.68231	0.07368	0.02218	0.00984	0.00294	0.03373	0.01986	0.00660	0.00600
42	0.01171	0.00837	0.01171	0.01339	0.01506	0.00837	0.01171	0.01506	0.01673	0.02175	0.03849	0.08199	0.04183	0.02008	0.01004	0.00335	0.00669	0.65027	0.00669	0.00669
43	0.01153	0.00831	0.01145	0.01303	0.01475	0.00823	0.01134	0.01478	0.01672	0.02163	0.04059	0.08127	0.08100	0.01998	0.00995	0.00329	0.00651	0.61227	0.00670	0.00666
44	0.79588	0.01406	0.01068	0.00956	0.01406	0.01631	0.00787	0.02137	0.01237	0.03261	0.01012	0.01181	0.00787	0.00675	0.00450	0.00225	0.00562	0.00394	0.00450	0.00787
45	0.00886	0.00633	0.00843	0.01012	0.01054	0.00590	0.00675	0.01012	0.01392	0.01856	0.04006	0.73979	0.04808	0.02277	0.00928	0.00295	0.00422	0.02066	0.00675	0.00590
46	0.01057	0.00705	0.00793	0.00793	0.00793	0.00705	0.00440	0.01057	0.01057	0.01409	0.02290	0.04757	0.02643	0.74454	0.03700	0.00705	0.00705	0.01057	0.00440	0.00440
47	0.02715	0.03464	0.02060	0.01873	0.02247	0.71536	0.01404	0.02903	0.02060	0.01779	0.01124	0.01311	0.00936	0.00749	0.00655	0.00187	0.01311	0.00468	0.00375	0.00843
48	0.01355	0.00678	0.00678	0.00678	0.00847	0.00678	0.00508	0.01694	0.01524	0.02710	0.02371	0.02710	0.01863	0.00847	0.00508	0.00169	0.00339	0.00678	0.78489	0.00678
49	0.01038	0.00779	0.01168	0.01168	0.01298	0.00909	0.00909	0.01298	0.01168	0.01687	0.01947	0.02856	0.01817	0.05452	0.71573	0.01168	0.01947	0.00779	0.00389	0.00649
50	0.01029	0.00743	0.00972	0.00914	0.01086	0.00686	0.00686	0.01372	0.02058	0.02915	0.69536	0.05430	0.06859	0.01486	0.00857	0.00229	0.00343	0.01315	0.00800	0.00686
51	0.01373	0.01292	0.02180	0.72707	0.05006	0.01615	0.02019	0.01857	0.01453	0.01857	0.01292	0.01938	0.00969	0.00727	0.00727	0.00242	0.00969	0.00646	0.00323	0.00807
52	0.01467	0.03694	0.68245	0.02108	0.03170	0.01694	0.05062	0.02303	0.01541	0.02303	0.01311	0.01550	0.00928	0.00688	0.00697	0.00231	0.01080	0.00549	0.00309	0.01071
53	0.01128	0.00844	0.01221	0.01194	0.01347	0.00978	0.00933	0.04717	0.01284	0.01837	0.01937	0.02798	0.01787	0.05215	0.67914	0.01119	0.01888	0.00772	0.00407	0.00679
54	0.02797	0.01982	0.02148	0.01647	0.02227	0.02174	0.01360	0.63174	0.03327	0.09030	0.01821	0.01794	0.01274	0.00874	0.00727	0.00219	0.00788	0.00660	0.00739	0.01236
55	0.01056	0.00710	0.00818	0.00818	0.00827	0.00719	0.00472	0.01073	0.01065	0.01428	0.02267	0.04628	0.02587	0.69791	0.08286	0.00736	0.00789	0.01038	0.00437	0.00455
56	0.01029	0.00743	0.00972	0.00914	0.01086	0.00686	0.00686	0.01372	0.02058	0.02915	0.69536	0.05430	0.06859	0.01486	0.00857	0.00229	0.00343	0.01315	0.00800	0.00686
57	0.01799	0.01727	0.02950	0.04462	0.69919	0.01727	0.02231	0.02231	0.01655	0.02375	0.01367	0.01799	0.01151	0.00648	0.00720	0.00216	0.00864	0.00648	0.00360	0.01151
58	0.01716	0.01961	0.04289	0.03064	0.03799	0.01838	0.67279	0.02328	0.01716	0.02328	0.01471	0.01961	0.01103	0.00613	0.00858	0.00245	0.01225	0.00858	0.00368	0.00980
59	0.01716	0.01961	0.04289	0.03064	0.03799	0.01838	0.67279	0.02328	0.01716	0.02328	0.01471	0.01961	0.01103	0.00613	0.00858	0.00245	0.01225	0.00858	0.00368	0.00980
60	0.01716	0.01961	0.04289	0.03064	0.03799	0.01838	0.67279	0.02328	0.01716	0.02328	0.01471	0.01961	0.01103	0.00613	0.00858	0.00245	0.01225	0.00858	0.00368	0.00980
61	0.01530	0.01320	0.01378	0.01262	0.01624	0.01458	0.00975	0.03037	0.48999	0.02725	0.04249	0.03967	0.21960	0.01237	0.00775	0.00246	0.00515	0.01030	0.00721	0.00993
62	0.03261	0.01237	0.01687	0.01293	0.01856	0.01068	0.01068	0.03543	0.02081	0.70423	0.02868	0.02474	0.01799	0.00900	0.00731	0.00225	0.00619	0.00731	0.00900	0.01237
63	0.00872	0.00741	0.00755	0.00762	0.01004	0.00623	0.00578	0.01063	0.01658	0.01973	0.07215	0.07046	0.66862	0.01848	0.00865	0.00249	0.00381	0.04214	0.00675	0.00616
64	0.01783	0.01711	0.02922	0.06973	0.67531	0.01723	0.02223	0.02217	0.01648	0.02356	0.01365	0.01804	0.01145	0.00651	0.00720	0.00217	0.00867	0.00648	0.00358	0.01139
65	0.01171	0.00837	0.01171	0.01339	0.01506	0.00837	0.01171	0.01506	0.01673	0.02175	0.03849	0.08199	0.04183	0.02008	0.01004	0.00335	0.00669	0.65027	0.00669	0.00669
66	0.01038	0.00779	0.01168	0.01168	0.01298	0.00909	0.00909	0.01298	0.01168	0.01687	0.01947	0.02856	0.01817	0.05452	0.71573	0.01168	0.01947	0.00779	0.00389	0.00649
67	0.01799	0.01727	0.02950	0.04462	0.69919	0.01727	0.02231	0.02231	0.01655	0.02375	0.01367	0.01799	0.01151	0.00648	0.00720	0.00216	0.00864	0.00648	0.00360	0.01151
68	0.00961	0.00761	0.00913	0.00986	0.01115	0.00737	0.00700	0.01223	0.05489	0.01958	0.04916	0.44897	0.25665	0.02017	0.00953	0.00277	0.03367	0.01760	0.00664	0.00640
69	0.02363	0.01131	0.01469	0.01233	0.01618	0.00992	0.00961	0.02615	0.02157	0.37783	0.33428	0.04038	0.04254	0.01278	0.00861	0.00258	0.00551	0.01048	0.00900	0.01062

[dist]
# distance from previous block
# <min> <max>
0	4

[block]
# block no. 2 follows, 28 sequences, length 12
# corresponding to MSA columns:
# 218-229
name=unknown_C
#
# <colnr> <probs for GDERKNQSTAVLIFYWHMCP>
#	G	D	E	R	K	N	Q	S	T	A	V	L	I	F	Y	W	H	M	C	P
0	0.01252	0.00854	0.00963	0.00955	0.00984	0.00835	0.00566	0.01219	0.01189	0.01615	0.02420	0.04777	0.02711	0.67302	0.08605	0.00757	0.00854	0.01081	0.00499	0.00561
1	0.00886	0.00633	0.00843	0.01012	0.01054	0.00590	0.00675	0.01012	0.01392	0.01856	0.04006	0.73979	0.04808	0.02277	0.00928	0.00295	0.00422	0.02066	0.00675	0.00590
2	0.00886	0.00633	0.00843	0.01012	0.01054	0.00590	0.00675	0.01012	0.01392	0.01856	0.04006	0.73979	0.04808	0.02277	0.00928	0.00295	0.00422	0.02066	0.00675	0.00590
3	0.01263	0.00631	0.00947	0.00947	0.00947	0.00631	0.00631	0.00947	0.00947	0.01263	0.01263	0.02210	0.01263	0.02525	0.02841	0.78851	0.00631	0.00631	0.00316	0.00316
4	0.03261	0.01237	0.01687	0.01293	0.01856	0.01068	0.01068	0.03543	0.02081	0.70423	0.02868	0.02474	0.01799	0.00900	0.00731	0.00225	0.00619	0.00731	0.00900	0.01237
5	0.01029	0.00743	0.00972	0.00914	0.01086	0.00686	0.00686	0.01372	0.02058	0.02915	0.69536	0.05430	0.06859	0.01486	0.00857	0.00229	0.00343	0.01315	0.00800	0.00686
6	0.01355	0.00678	0.00678	0.00678	0.00847	0.00678	0.00508	0.01694	0.01524	0.02710	0.02371	0.02710	0.01863	0.00847	0.00508	0.00169	0.00339	0.00678	0.78489	0.00678
7	0.02763	0.02036	0.02182	0.01672	0.02254	0.02254	0.01382	0.67496	0.03418	0.04581	0.01745	0.01745	0.01236	0.00873	0.00727	0.00218	0.00800	0.00654	0.00727	0.01236
8	0.00881	0.00735	0.00754	0.00750	0.00977	0.00623	0.00554	0.01063	0.01645	0.01987	0.10741	0.06771	0.61951	0.06114	0.01027	0.00272	0.00387	0.01493	0.00669	0.00608
9	0.01716	0.01961	0.04289	0.03064	0.03799	0.01838	0.67279	0.02328	0.01716	0.02328	0.01471	0.01961	0.01103	0.00613	0.00858	0.00245	0.01225	0.00858	0.00368	0.00980
10	0.00886	0.00633	0.00843	0.01012	0.01054	0.00590	0.00675	0.01012	0.01392	0.01856	0.04006	0.73979	0.04808	0.02277	0.00928	0.00295	0.00422	0.02066	0.00675	0.00590
11	0.01716	0.01961	0.04289	0.03064	0.03799	0.01838	0.67279	0.02328	0.01716	0.02328	0.01471	0.01961	0.01103	0.00613	0.00858	0.00245	0.01225	0.00858	0.00368	0.00980

[dist]
# distance from previous block
# <min> <max>
0	15

[block]
# block no. 3 follows, 28 sequences, length 121
# corresponding to MSA columns:
# 245-315,391-440
name=unknown_D
#
# <colnr> <probs for GDERKNQSTAVLIFYWHMCP>
#	G	D	E	R	K	N	Q	S	T	A	V	L	I	F	Y	W	H	M	C	P
0	0.01029	0.00743	0.00972	0.00914	0.01086	0.00686	0.00686	0.01372	0.02058	0.02915	0.69536	0.05430	0.06859	0.01486	0.00857	0.00229	0.00343	0.01315	0.00800	0.00686
1	0.01053	0.00731	0.00898	0.00980	0.01047	0.00715	0.00649	0.04754	0.01428	0.01935	0.03384	0.49702	0.03944	0.19953	0.01582	0.00386	0.00509	0.01677	0.04079	0.00593
2	0.01355	0.00678	0.00678	0.00678	0.00847	0.00678	0.00508	0.01694	0.01524	0.02710	0.02371	0.02710	0.01863	0.00847	0.00508	0.00169	0.00339	0.00678	0.78489	0.00678
3	0.60104	0.13339	0.01612	0.01067	0.01557	0.01888	0.00915	0.08044	0.01473	0.03130	0.01078	0.01229	0.00851	0.00684	0.00478	0.00213	0.00619	0.00416	0.00452	0.00851
4	0.06282	0.05141	0.02346	0.02273	0.13217	0.44285	0.05167	0.08720	0.02043	0.02238	0.01231	0.01455	0.01001	0.00729	0.00668	0.00199	0.01132	0.00530	0.00406	0.00937
5	0.67172	0.01508	0.01248	0.01072	0.01543	0.01731	0.00883	0.12700	0.01589	0.03475	0.01131	0.01272	0.00860	0.00707	0.00495	0.00224	0.00601	0.00436	0.00495	0.00860
6	0.68457	0.01741	0.10988	0.01115	0.01654	0.01639	0.01058	0.02160	0.01279	0.03125	0.01054	0.01231	0.00806	0.00677	0.00484	0.00226	0.00635	0.00414	0.00429	0.00828
7	0.01620	0.18381	0.53543	0.01892	0.02838	0.05376	0.02326	0.02306	0.01549	0.02154	0.01235	0.01448	0.00924	0.00679	0.00643	0.00213	0.01025	0.00503	0.00311	0.01034
8	0.01799	0.01727	0.02950	0.04462	0.69919	0.01727	0.02231	0.02231	0.01655	0.02375	0.01367	0.01799	0.01151	0.00648	0.00720	0.00216	0.00864	0.00648	0.00360	0.01151
9	0.00886	0.00633	0.00843	0.01012	0.01054	0.00590	0.00675	0.01012	0.01392	0.01856	0.04006	0.73979	0.04808	0.02277	0.00928	0.00295	0.00422	0.02066	0.00675	0.00590
10	0.00893	0.00636	0.00841	0.01002	0.01043	0.00596	0.00664	0.01014	0.01377	0.01836	0.03930	0.70902	0.04711	0.05486	0.01051	0.00313	0.00434	0.02022	0.00664	0.00584
11	0.05407	0.00863	0.01237	0.01212	0.01336	0.00877	0.06211	0.01262	0.01408	0.02001	0.07863	0.48257	0.03974	0.08290	0.01232	0.00320	0.05372	0.01637	0.00601	0.00641
12	0.00886	0.00633	0.00843	0.01012	0.01054	0.00590	0.00675	0.01012	0.01392	0.01856	0.04006	0.73979	0.04808	0.02277	0.00928	0.00295	0.00422	0.02066	0.00675	0.00590
13	0.03261	0.01237	0.01687	0.01293	0.01856	0.01068	0.01068	0.03543	0.02081	0.70423	0.02868	0.02474	0.01799	0.00900	0.00731	0.00225	0.00619	0.00731	0.00900	0.01237
14	0.01458	0.03760	0.70688	0.02072	0.03146	0.01688	0.02686	0.02302	0.01535	0.02302	0.01304	0.01535	0.00921	0.00691	0.00691	0.00230	0.01074	0.00537	0.00307	0.01074
15	0.76930	0.01428	0.01107	0.00981	0.01435	0.01652	0.00808	0.04399	0.01313	0.03307	0.01038	0.01200	0.00803	0.00682	0.00459	0.00225	0.00571	0.00403	0.00459	0.00803
16	0.00892	0.00635	0.00842	0.01004	0.01045	0.00594	0.00667	0.01014	0.01380	0.01840	0.03946	0.71543	0.04732	0.04817	0.01025	0.00310	0.00432	0.02031	0.00667	0.00585
17	0.00887	0.00649	0.00835	0.00976	0.01047	0.00596	0.00660	0.01028	0.01445	0.01904	0.06574	0.63704	0.12626	0.02199	0.00917	0.00287	0.00413	0.01978	0.00679	0.00596
18	0.01799	0.01727	0.02950	0.04462	0.69919	0.01727	0.02231	0.02231	0.01655	0.02375	0.01367	0.01799	0.01151	0.00648	0.00720	0.00216	0.00864	0.00648	0.00360	0.01151
19	0.01799	0.01727	0.02950	0.04462	0.69919	0.01727	0.02231	0.02231	0.01655	0.02375	0.01367	0.01799	0.01151	0.00648	0.00720	0.00216	0.00864	0.00648	0.00360	0.01151
20	0.01590	0.01590	0.02226	0.01908	0.01908	0.02226	0.01590	0.01749	0.01113	0.01749	0.00954	0.01590	0.00954	0.01272	0.02385	0.00318	0.73123	0.00636	0.00318	0.00795
21	0.01022	0.00758	0.00871	0.00832	0.01059	0.00661	0.00628	0.01276	0.01841	0.04978	0.33236	0.06167	0.40741	0.01656	0.00853	0.00238	0.00367	0.01411	0.00736	0.00668
22	0.03197	0.01251	0.01685	0.01302	0.01857	0.01101	0.01072	0.03557	0.05038	0.67427	0.02872	0.02485	0.01818	0.00904	0.00731	0.00226	0.00617	0.00735	0.00893	0.01233
23	0.06963	0.01923	0.02047	0.01599	0.02156	0.02130	0.01314	0.55086	0.09728	0.06870	0.01868	0.01838	0.01330	0.00874	0.00713	0.00222	0.00757	0.00660	0.00720	0.01203
24	0.01590	0.01590	0.02226	0.01908	0.01908	0.02226	0.01590	0.01749	0.01113	0.01749	0.00954	0.01590	0.00954	0.01272	0.02385	0.00318	0.73123	0.00636	0.00318	0.00795
25	0.09297	0.02060	0.02080	0.01622	0.02182	0.05966	0.01332	0.58425	0.03158	0.04317	0.01649	0.01674	0.01182	0.00849	0.00700	0.00217	0.00807	0.00622	0.00684	0.01177
26	0.00932	0.00666	0.00896	0.01065	0.01127	0.00630	0.00755	0.01092	0.01437	0.01907	0.03981	0.63348	0.04707	0.02234	0.00940	0.00302	0.00462	0.12242	0.00674	0.00603
27	0.01595	0.01605	0.02307	0.01953	0.01982	0.02211	0.04142	0.01772	0.01137	0.01772	0.00974	0.01605	0.00960	0.01247	0.02326	0.00315	0.70331	0.00645	0.00320	0.00802
28	0.01482	0.07267	0.67390	0.02031	0.03083	0.01747	0.02615	0.02296	0.01532	0.02273	0.01290	0.01517	0.00921	0.00687	0.00680	0.00227	0.01060	0.00530	0.00307	0.01067
29	0.01507	0.01292	0.01507	0.01077	0.01723	0.00969	0.00861	0.01830	0.01507	0.02369	0.01292	0.01507	0.01077	0.00538	0.00538	0.00108	0.00538	0.00431	0.00431	0.78898
30	0.01458	0.03760	0.70688	0.02072	0.03146	0.01688	0.02686	0.02302	0.01535	0.02302	0.01304	0.01535	0.00921	0.00691	0.00691	0.00230	0.01074	0.00537	0.00307	0.01074
31	0.03261	0.01237	0.01687	0.01293	0.01856	0.01068	0.01068	0.03543	0.02081	0.70423	0.02868	0.02474	0.01799	0.00900	0.00731	0.00225	0.00619	0.00731	0.00900	0.01237
32	0.00896	0.00640	0.00853	0.01005	0.01057	0.00597	0.00676	0.01038	0.01439	0.01931	0.08664	0.69107	0.04953	0.02221	0.00923	0.00290	0.00416	0.02013	0.00684	0.00597
33	0.01273	0.00982	0.01132	0.01115	0.01382	0.00967	0.00915	0.10416	0.04515	0.02467	0.06985	0.06498	0.32315	0.01725	0.00888	0.00273	0.00543	0.24180	0.00686	0.00742
34	0.01014	0.00742	0.00951	0.00899	0.01077	0.00680	0.00674	0.01343	0.02022	0.02831	0.64056	0.05568	0.12391	0.01517	0.00857	0.00230	0.00345	0.01334	0.00789	0.00680
35	0.01038	0.00779	0.01168	0.01168	0.01298	0.00909	0.00909	0.01298	0.01168	0.01687	0.01947	0.02856	0.01817	0.05452	0.71573	0.01168	0.01947	0.00779	0.00389	0.00649
36	0.00882	0.00736	0.00760	0.00755	0.00983	0.00624	0.00560	0.01073	0.01668	0.02026	0.12704	0.06765	0.61304	0.04759	0.00974	0.00263	0.00380	0.01495	0.00677	0.00613
37	0.02763	0.02036	0.02182	0.01672	0.02254	0.02254	0.01382	0.67496	0.03418	0.04581	0.01745	0.01745	0.01236	0.00873	0.00727	0.00218	0.00800	0.00654	0.00727	0.01236
38	0.00892	0.00685	0.00818	0.00895	0.01030	0.00611	0.00629	0.01066	0.01571	0.02022	0.13018	0.40340	0.29775	0.02018	0.00893	0.00268	0.00392	0.01775	0.00690	0.00611
39	0.00886	0.00633	0.00843	0.01012	0.01054	0.00590	0.00675	0.01012	0.01392	0.01856	0.04006	0.73979	0.04808	0.02277	0.00928	0.00295	0.00422	0.02066	0.00675	0.00590
40	0.01458	0.03760	0.70688	0.02072	0.03146	0.01688	0.02686	0.02302	0.01535	0.02302	0.01304	0.01535	0.00921	0.00691	0.00691	0.00230	0.01074	0.00537	0.00307	0.01074
41	0.01649	0.01838	0.03934	0.09099	0.03770	0.01768	0.57921	0.02231	0.01663	0.02252	0.01481	0.02007	0.01130	0.00886	0.04689	0.00295	0.01242	0.00835	0.00365	0.00947
42	0.01707	0.02024	0.06626	0.03029	0.03776	0.01833	0.65006	0.02328	0.01709	0.02328	0.01465	0.01946	0.01097	0.00615	0.00852	0.00245	0.01220	0.00847	0.00366	0.00984
43	0.14390	0.04932	0.01905	0.01405	0.01962	0.01749	0.01170	0.31050	0.02508	0.28688	0.02019	0.01905	0.01364	0.00842	0.00675	0.00219	0.00696	0.00632	0.00731	0.01156
44	0.01799	0.01727	0.02950	0.04462	0.69919	0.01727	0.02231	0.02231	0.01655	0.02375	0.01367	0.01799	0.01151	0.00648	0.00720	0.00216	0.00864	0.00648	0.00360	0.01151
45	0.01044	0.00758	0.01064	0.01064	0.01158	0.00852	0.00779	0.01231	0.01137	0.01610	0.02042	0.03384	0.02046	0.24615	0.52723	0.01039	0.01602	0.00856	0.00404	0.00591
46	0.56849	0.01904	0.05216	0.01318	0.04050	0.12785	0.01068	0.05220	0.01497	0.03001	0.01092	0.01268	0.00851	0.00695	0.00518	0.00219	0.00731	0.00434	0.00439	0.00845
47	0.01877	0.67459	0.03591	0.01270	0.01836	0.02737	0.01241	0.02108	0.01443	0.01711	0.01060	0.01279	0.00983	0.00920	0.04511	0.00219	0.04106	0.00422	0.00316	0.00911
48	0.03261	0.01237	0.01687	0.01293	0.01856	0.01068	0.01068	0.03543	0.02081	0.70423	0.02868	0.02474	0.01799	0.00900	0.00731	0.00225	0.00619	0.00731	0.00900	0.01237
49	0.00935	0.00678	0.00890	0.01046	0.01108	0.00649	0.00717	0.01145	0.03956	0.01916	0.03959	0.68032	0.04679	0.02215	0.00924	0.00295	0.00440	0.05123	0.00677	0.00616
50	0.01493	0.08934	0.65823	0.02012	0.03053	0.01775	0.02581	0.02293	0.01530	0.02259	0.01283	0.01508	0.00922	0.00686	0.00674	0.00225	0.01053	0.00526	0.00307	0.01064
51	0.00917	0.00722	0.00828	0.00837	0.01026	0.00633	0.00614	0.01143	0.01743	0.02250	0.26678	0.17018	0.39412	0.01796	0.00869	0.00248	0.00369	0.01548	0.00715	0.00633
52	0.00886	0.00633	0.00843	0.01012	0.01054	0.00590	0.00675	0.01012	0.01392	0.01856	0.04006	0.73979	0.04808	0.02277	0.00928	0.00295	0.00422	0.02066	0.00675	0.00590
53	0.05671	0.01904	0.02016	0.01600	0.02138	0.02129	0.01306	0.50616	0.17902	0.04183	0.01987	0.01938	0.01438	0.00890	0.00719	0.00225	0.00740	0.00681	0.00719	0.01199
54	0.79588	0.01406	0.01068	0.00956	0.01406	0.01631	0.00787	0.02137	0.01237	0.03261	0.01012	0.01181	0.00787	0.00675	0.00450	0.00225	0.00562	0.00394	0.00450	0.00787
55	0.01996	0.11377	0.06612	0.03269	0.41246	0.11155	0.01922	0.07530	0.03793	0.02402	0.01363	0.01662	0.01121	0.00688	0.00679	0.00206	0.00910	0.00591	0.00393	0.01085
56	0.00913	0.00644	0.00835	0.00978	0.01013	0.00608	0.00638	0.01019	0.01339	0.01786	0.03737	0.63105	0.04468	0.13615	0.01363	0.00360	0.00466	0.01908	0.00638	0.00567
57	0.79588	0.01406	0.01068	0.00956	0.01406	0.01631	0.00787	0.02137	0.01237	0.03261	0.01012	0.01181	0.00787	0.00675	0.00450	0.00225	0.00562	0.00394	0.00450	0.00787
58	0.02763	0.02036	0.02182	0.01672	0.02254	0.02254	0.01382	0.67496	0.03418	0.04581	0.01745	0.01745	0.01236	0.00873	0.00727	0.00218	0.00800	0.00654	0.00727	0.01236
59	0.00886	0.00633	0.00843	0.01012	0.01054	0.00590	0.00675	0.01012	0.01392	0.01856	0.04006	0.73979	0.04808	0.02277	0.00928	0.00295	0.00422	0.02066	0.00675	0.00590
60	0.00906	0.00686	0.00833	0.00940	0.01059	0.00622	0.00668	0.01065	0.01493	0.01905	0.05063	0.44047	0.26347	0.04313	0.00996	0.00294	0.00433	0.07063	0.00667	0.00600
61	0.01140	0.00857	0.01267	0.01310	0.01496	0.00834	0.04694	0.01469	0.01725	0.02304	0.17522	0.14483	0.04642	0.01850	0.00957	0.00303	0.00605	0.41179	0.00681	0.00681
62	0.01075	0.00856	0.00906	0.00867	0.01135	0.00785	0.00658	0.01512	0.10032	0.04452	0.13505	0.06143	0.52120	0.01665	0.00840	0.00243	0.00399	0.01395	0.00704	0.00709
63	0.01458	0.03760	0.70688	0.02072	0.03146	0.01688	0.02686	0.02302	0.01535	0.02302	0.01304	0.01535	0.00921	0.00691	0.00691	0.00230	0.01074	0.00537	0.00307	0.01074
64	0.01184	0.00777	0.01021	0.00941	0.01139	0.00712	0.00712	0.01522	0.02059	0.07599	0.64910	0.05225	0.06508	0.01445	0.00849	0.00228	0.00362	0.01274	0.00807	0.00724
65	0.01943	0.74891	0.03809	0.01244	0.01866	0.02876	0.01244	0.02177	0.01477	0.01710	0.01011	0.01166	0.00933	0.00622	0.00466	0.00155	0.00777	0.00389	0.00311	0.00933
66	0.01682	0.01607	0.02739	0.23234	0.52064	0.01696	0.02173	0.02128	0.01600	0.02232	0.01347	0.01837	0.01101	0.00669	0.00722	0.00223	0.00893	0.00647	0.00350	0.01057
67	0.00886	0.00633	0.00843	0.01012	0.01054	0.00590	0.00675	0.01012	0.01392	0.01856	0.04006	0.73979	0.04808	0.02277	0.00928	0.00295	0.00422	0.02066	0.00675	0.00590
68	0.01373	0.01292	0.02180	0.72707	0.05006	0.01615	0.02019	0.01857	0.01453	0.01857	0.01292	0.01938	0.00969	0.00727	0.00727	0.00242	0.00969	0.00646	0.00323	0.00807
69	0.00915	0.00725	0.00832	0.00901	0.01082	0.00642	0.00680	0.01107	0.01591	0.01969	0.05952	0.24412	0.42755	0.01979	0.00899	0.00272	0.00429	0.11565	0.00674	0.00616
70	0.01716	0.01961	0.04289	0.03064	0.03799	0.01838	0.67279	0.02328	0.01716	0.02328	0.01471	0.01961	0.01103	0.00613	0.00858	0.00245	0.01225	0.00858	0.00368	0.00980
71	0.79588	0.01406	0.01068	0.00956	0.01406	0.01631	0.00787	0.02137	0.01237	0.03261	0.01012	0.01181	0.00787	0.00675	0.00450	0.00225	0.00562	0.00394	0.00450	0.00787
72	0.01404	0.01324	0.02236	0.67760	0.09711	0.01623	0.02034	0.01884	0.01468	0.01895	0.01297	0.01928	0.00982	0.00721	0.00726	0.00240	0.00961	0.00646	0.00326	0.00832
73	0.00886	0.00633	0.00843	0.01012	0.01054	0.00590	0.00675	0.01012	0.01392	0.01856	0.04006	0.73979	0.04808	0.02277	0.00928	0.00295	0.00422	0.02066	0.00675	0.00590
74	0.00885	0.00636	0.00840	0.01003	0.01052	0.00591	0.00671	0.01013	0.01400	0.01859	0.04113	0.71850	0.06868	0.02263	0.00926	0.00294	0.00420	0.02050	0.00675	0.00591
75	0.03261	0.01237	0.01687	0.01293	0.01856	0.01068	0.01068	0.03543	0.02081	0.70423	0.02868	0.02474	0.01799	0.00900	0.00731	0.00225	0.00619	0.00731	0.00900	0.01237
76	0.01450	0.01413	0.02478	0.56601	0.08336	0.01682	0.09814	0.01929	0.01477	0.01937	0.01299	0.01914	0.00994	0.00739	0.00834	0.00245	0.05010	0.00671	0.00330	0.00847
