[name]
unknown

[dist]
# distance from previous block
# <min> <max>
0	477

[block]
# block no. 0 follows, 29 sequences, length 42
# corresponding to MSA columns:
# 484-525
name=unknown_A
#
# <colnr> <probs for GDERKNQSTAVLIFYWHMCP>
#	G	D	E	R	K	N	Q	S	T	A	V	L	I	F	Y	W	H	M	C	P
0	0.01230	0.00835	0.01168	0.01310	0.01489	0.00829	0.01143	0.01556	0.01655	0.04910	0.03731	0.07806	0.04004	0.01923	0.00973	0.00324	0.00654	0.63118	0.00665	0.00678
1	0.02038	0.17278	0.35196	0.01627	0.02423	0.01720	0.01838	0.02636	0.04376	0.21657	0.01719	0.01738	0.01200	0.00733	0.00646	0.00210	0.00848	0.00562	0.00483	0.01073
2	0.01739	0.01668	0.02848	0.08261	0.66827	0.01686	0.02174	0.02165	0.01610	0.02298	0.01335	0.01770	0.01118	0.00639	0.00705	0.00213	0.00852	0.00634	0.00350	0.01109
3	0.02416	0.01837	0.09585	0.01638	0.05972	0.01600	0.01373	0.28996	0.02382	0.20525	0.01839	0.01828	0.01283	0.00771	0.00676	0.00197	0.00726	0.00608	0.00637	0.15107
4	0.00947	0.00707	0.00894	0.00987	0.01124	0.00654	0.00748	0.01162	0.01582	0.02061	0.13827	0.32602	0.20987	0.01956	0.00900	0.00277	0.00447	0.16845	0.00677	0.00615
5	0.02085	0.00953	0.01253	0.01084	0.01432	0.00835	0.00844	0.02319	0.01823	0.37799	0.11203	0.19585	0.12975	0.01383	0.00791	0.00239	0.00497	0.01188	0.00789	0.00920
6	0.01899	0.01675	0.01829	0.01840	0.10184	0.06078	0.01289	0.06223	0.50453	0.04760	0.02494	0.02388	0.01885	0.00912	0.00759	0.00234	0.02591	0.00749	0.00651	0.01105
7	0.00876	0.00623	0.00824	0.00980	0.01019	0.00584	0.00649	0.00994	0.01346	0.01795	0.03836	0.70829	0.04598	0.06065	0.01052	0.00310	0.00428	0.01972	0.00649	0.00571
8	0.01763	0.54134	0.23766	0.01459	0.02200	0.02472	0.01637	0.02169	0.01464	0.01847	0.01075	0.01249	0.00910	0.00629	0.00522	0.00174	0.00848	0.00424	0.00303	0.00955
9	0.01988	0.02188	0.10762	0.09050	0.32276	0.11792	0.01919	0.14415	0.04163	0.02609	0.01410	0.01694	0.01105	0.00712	0.00695	0.00213	0.00921	0.00603	0.00423	0.01062
10	0.74797	0.01366	0.01088	0.00959	0.01407	0.01560	0.00790	0.02187	0.01268	0.07794	0.01115	0.01243	0.00838	0.00676	0.00459	0.00220	0.00555	0.00408	0.00471	0.00801
11	0.01896	0.01502	0.01614	0.01433	0.01849	0.01708	0.01120	0.03756	0.63371	0.08928	0.02890	0.02636	0.02138	0.00959	0.00724	0.00240	0.00567	0.00797	0.00738	0.01134
12	0.01514	0.01291	0.01406	0.03706	0.01720	0.01445	0.01011	0.02976	0.48190	0.02721	0.09288	0.07230	0.12114	0.01183	0.00760	0.00242	0.00521	0.01002	0.00704	0.00975
13	0.01398	0.00732	0.00740	0.00714	0.00901	0.00743	0.00542	0.05084	0.01589	0.02749	0.02291	0.02606	0.01793	0.00831	0.00509	0.00168	0.00355	0.00663	0.74900	0.00692
14	0.02448	0.01866	0.01991	0.01586	0.02110	0.02087	0.01291	0.50369	0.21559	0.04071	0.02038	0.01971	0.01477	0.00886	0.00716	0.00221	0.00723	0.00686	0.00716	0.01188
15	0.02934	0.01630	0.01912	0.01466	0.02027	0.01668	0.01211	0.38069	0.02739	0.35438	0.02221	0.02042	0.01468	0.00867	0.00714	0.00217	0.00701	0.00676	0.00791	0.01211
16	0.01237	0.00618	0.00928	0.00928	0.00928	0.00618	0.00618	0.00928	0.00928	0.01237	0.01237	0.02165	0.01237	0.02474	0.02783	0.79283	0.00618	0.00618	0.00309	0.00309
17	0.02660	0.03394	0.02018	0.01834	0.02201	0.72116	0.01376	0.02843	0.02018	0.01743	0.01101	0.01284	0.00917	0.00734	0.00642	0.00183	0.01284	0.00459	0.00367	0.00825
18	0.01106	0.00908	0.01402	0.01315	0.01450	0.01073	0.04282	0.01357	0.01179	0.01703	0.01901	0.07464	0.01840	0.04392	0.55212	0.00939	0.10584	0.00835	0.00391	0.00666
19	0.02283	0.01631	0.01682	0.01346	0.01786	0.03949	0.01092	0.45712	0.02737	0.03839	0.01878	0.01986	0.01390	0.00843	0.00644	0.00198	0.00661	0.00642	0.24670	0.01031
20	0.66122	0.01444	0.01215	0.01042	0.01505	0.01642	0.00859	0.10329	0.01522	0.07185	0.01183	0.01297	0.00881	0.00697	0.00490	0.00220	0.00583	0.00436	0.00499	0.00850
21	0.01711	0.07650	0.07404	0.04758	0.02928	0.01956	0.32653	0.05780	0.09087	0.02299	0.01466	0.01833	0.01151	0.00789	0.01067	0.00245	0.15147	0.00721	0.00400	0.00953
22	0.01345	0.01266	0.02136	0.73264	0.04904	0.01582	0.01978	0.01819	0.01424	0.01819	0.01266	0.01898	0.00949	0.00712	0.00712	0.00237	0.00949	0.00633	0.00316	0.00791
23	0.00876	0.00623	0.00824	0.00980	0.01020	0.00584	0.00649	0.00994	0.01346	0.01795	0.03838	0.70913	0.04600	0.05978	0.01049	0.00310	0.00427	0.01973	0.00649	0.00571
24	0.03089	0.01234	0.01652	0.01272	0.01810	0.01093	0.01049	0.06728	0.02105	0.65093	0.05224	0.02493	0.01916	0.00901	0.00720	0.00220	0.00605	0.00733	0.00869	0.01192
25	0.02612	0.01399	0.01678	0.01368	0.01864	0.01421	0.01103	0.09100	0.27711	0.39477	0.02749	0.02451	0.01872	0.00911	0.00719	0.00228	0.00605	0.00744	0.00807	0.01180
26	0.66411	0.01348	0.01154	0.00995	0.01455	0.01500	0.00820	0.02337	0.01358	0.15200	0.01313	0.01381	0.00947	0.00700	0.00489	0.00220	0.00561	0.00444	0.00519	0.00849
27	0.02529	0.01853	0.02004	0.01575	0.02095	0.02042	0.01298	0.60749	0.03145	0.04229	0.01906	0.04523	0.01494	0.00958	0.00727	0.00221	0.00753	0.04046	0.02705	0.01147
28	0.03771	0.00995	0.01158	0.01060	0.01332	0.00990	0.00809	0.07761	0.10680	0.09629	0.25000	0.15921	0.15176	0.01442	0.00801	0.00238	0.00456	0.01240	0.00729	0.00810
29	0.02051	0.61414	0.03398	0.01338	0.01900	0.16280	0.01249	0.02270	0.01558	0.01688	0.01011	0.01170	0.00914	0.00633	0.00493	0.00158	0.00863	0.00396	0.00317	0.00897
30	0.80005	0.01377	0.01047	0.00936	0.01377	0.01597	0.00771	0.02093	0.01212	0.03195	0.00991	0.01157	0.00771	0.00661	0.00441	0.00220	0.00551	0.00386	0.00441	0.00771
31	0.01913	0.01619	0.01731	0.01595	0.05257	0.05312	0.01196	0.18639	0.35786	0.03041	0.02475	0.02483	0.04207	0.01487	0.09639	0.00343	0.00827	0.00759	0.00640	0.01052
32	0.00879	0.00630	0.00817	0.00961	0.01009	0.00588	0.00637	0.00996	0.01351	0.01789	0.03964	0.65628	0.07926	0.07825	0.01115	0.00318	0.00432	0.01921	0.00643	0.00568
33	0.02560	0.01658	0.01855	0.01457	0.01961	0.01770	0.01187	0.42888	0.07740	0.17684	0.05661	0.02225	0.01741	0.02974	0.00796	0.00230	0.00692	0.00714	0.03067	0.01138
34	0.00885	0.00720	0.00784	0.00774	0.00990	0.00619	0.00578	0.01104	0.01716	0.02160	0.23288	0.08506	0.51938	0.01727	0.00843	0.00238	0.00356	0.01463	0.00693	0.00619
35	0.01020	0.00705	0.00879	0.00890	0.00926	0.00737	0.00570	0.01096	0.01086	0.01482	0.02263	0.08719	0.02510	0.51500	0.21876	0.00786	0.01000	0.01027	0.00433	0.00496
36	0.01880	0.71847	0.07082	0.01259	0.01890	0.02760	0.01288	0.02138	0.01450	0.01704	0.01004	0.01160	0.00913	0.00613	0.00468	0.00156	0.00776	0.00388	0.00304	0.00921
37	0.02486	0.01807	0.01948	0.01522	0.02041	0.01978	0.01240	0.53713	0.08327	0.06075	0.01867	0.01958	0.01380	0.04023	0.00824	0.00231	0.00732	0.00667	0.03487	0.03692
38	0.01653	0.01398	0.01805	0.19177	0.02585	0.01498	0.03247	0.12675	0.13971	0.02657	0.05389	0.02250	0.03756	0.00834	0.00750	0.00205	0.03807	0.00685	0.02848	0.18809
39	0.01915	0.54228	0.03203	0.01359	0.01863	0.02526	0.01243	0.02295	0.08830	0.02035	0.06587	0.01849	0.01622	0.00855	0.00729	0.00206	0.06685	0.00562	0.00434	0.00973
40	0.01660	0.01374	0.01575	0.01142	0.01765	0.01137	0.00920	0.11690	0.01756	0.02644	0.01332	0.01511	0.01078	0.00576	0.00555	0.00122	0.00566	0.00455	0.00465	0.67679
41	0.05311	0.01560	0.01819	0.01409	0.01950	0.01580	0.01157	0.33121	0.02568	0.32690	0.02217	0.04597	0.01551	0.00895	0.00704	0.00215	0.00676	0.00705	0.00761	0.04516

[dist]
# distance from previous block
# <min> <max>
1	4

[block]
# block no. 1 follows, 29 sequences, length 14
# corresponding to MSA columns:
# 530-543
name=unknown_B
#
# <colnr> <probs for GDERKNQSTAVLIFYWHMCP>
#	G	D	E	R	K	N	Q	S	T	A	V	L	I	F	Y	W	H	M	C	P
0	0.02619	0.01951	0.02087	0.01621	0.02175	0.02167	0.01332	0.62103	0.09547	0.04346	0.01821	0.01799	0.01302	0.00865	0.00713	0.00216	0.00763	0.00657	0.00713	0.01203
1	0.02409	0.01798	0.01943	0.01533	0.02038	0.01984	0.01251	0.53325	0.10610	0.04132	0.09621	0.02226	0.01945	0.00936	0.00728	0.00218	0.00708	0.00733	0.00722	0.01140
2	0.01002	0.00676	0.00787	0.00820	0.00828	0.00668	0.00478	0.01027	0.01101	0.01469	0.02582	0.18714	0.03015	0.60339	0.03078	0.00610	0.00635	0.01234	0.00478	0.00461
3	0.02019	0.01723	0.01792	0.07192	0.02160	0.07759	0.01256	0.17862	0.34252	0.05406	0.02459	0.02409	0.05004	0.00953	0.00798	0.00233	0.04281	0.00747	0.00641	0.01054
4	0.04016	0.01077	0.01268	0.13474	0.01878	0.01154	0.00953	0.14029	0.01810	0.02805	0.01986	0.05560	0.01607	0.00853	0.00594	0.00190	0.00547	0.00692	0.39263	0.06243
5	0.02201	0.01856	0.01845	0.01552	0.02016	0.07515	0.01234	0.28406	0.38636	0.03460	0.02300	0.02185	0.01705	0.00905	0.00713	0.00226	0.00705	0.00715	0.00692	0.01135
6	0.02268	0.01657	0.01794	0.01436	0.01864	0.01813	0.01137	0.51060	0.02785	0.03731	0.01979	0.07998	0.01730	0.13966	0.01239	0.00303	0.00738	0.00820	0.00659	0.01024
7	0.01869	0.01829	0.02677	0.11124	0.52525	0.08341	0.02030	0.06785	0.01758	0.02368	0.01335	0.01728	0.01095	0.00667	0.00700	0.00212	0.00894	0.00618	0.00375	0.01070
8	0.01461	0.01075	0.01194	0.01073	0.01282	0.01134	0.00768	0.16259	0.09529	0.02485	0.10185	0.09995	0.06793	0.31395	0.01942	0.00421	0.00614	0.01062	0.00600	0.00733
9	0.01639	0.01603	0.02840	0.22931	0.44788	0.01675	0.09914	0.02097	0.01575	0.02183	0.01331	0.01818	0.01074	0.00651	0.00723	0.00222	0.00916	0.00658	0.00344	0.01017
10	0.01320	0.00797	0.01052	0.00949	0.01172	0.00725	0.00725	0.01648	0.02019	0.12601	0.60530	0.04905	0.06010	0.01374	0.00822	0.00223	0.00375	0.01206	0.00798	0.00749
11	0.01690	0.01539	0.02098	0.01769	0.01912	0.01980	0.04152	0.13693	0.01548	0.02245	0.01380	0.07440	0.01331	0.01428	0.05291	0.00330	0.48162	0.00753	0.00417	0.00842
12	0.01695	0.08937	0.53158	0.01887	0.02778	0.06602	0.02269	0.02362	0.01562	0.07606	0.01352	0.01535	0.00973	0.00713	0.00722	0.00220	0.03718	0.00529	0.00352	0.01028
13	0.28433	0.05271	0.01707	0.01280	0.01796	0.01719	0.01064	0.23342	0.05271	0.20860	0.01771	0.01724	0.01236	0.00790	0.00611	0.00216	0.00649	0.00570	0.00645	0.01046

[dist]
# distance from previous block
# <min> <max>
0	1

[block]
# block no. 2 follows, 29 sequences, length 33
# corresponding to MSA columns:
# 545-577
name=unknown_C
#
# <colnr> <probs for GDERKNQSTAVLIFYWHMCP>
#	G	D	E	R	K	N	Q	S	T	A	V	L	I	F	Y	W	H	M	C	P
0	0.20751	0.01798	0.01796	0.01513	0.04481	0.06038	0.01185	0.38175	0.02515	0.09008	0.01605	0.01657	0.01159	0.00795	0.00634	0.00212	0.00726	0.00577	0.04317	0.01056
1	0.00902	0.00742	0.00796	0.00785	0.01009	0.00647	0.00587	0.01162	0.03577	0.02137	0.19617	0.08487	0.53614	0.01723	0.00840	0.00239	0.00363	0.01456	0.00688	0.00629
2	0.01204	0.00794	0.01027	0.00958	0.01157	0.00744	0.00721	0.01594	0.05042	0.08153	0.56262	0.10716	0.05953	0.01452	0.00831	0.00230	0.00374	0.01282	0.00779	0.00728
3	0.01762	0.01692	0.02890	0.04371	0.70533	0.01692	0.02185	0.02185	0.01621	0.02326	0.01339	0.01762	0.01128	0.00634	0.00705	0.00211	0.00846	0.00634	0.00352	0.01128
4	0.00931	0.00725	0.00845	0.00815	0.01016	0.00639	0.00611	0.01194	0.01833	0.02423	0.40929	0.06031	0.36217	0.01617	0.00841	0.00232	0.00347	0.01388	0.00727	0.00639
5	0.01156	0.00758	0.00989	0.00921	0.01114	0.00693	0.00694	0.01472	0.01973	0.07781	0.59855	0.08282	0.08658	0.01462	0.00834	0.00227	0.00360	0.01287	0.00781	0.00705
6	0.01237	0.00618	0.00928	0.00928	0.00928	0.00618	0.00618	0.00928	0.00928	0.01237	0.01237	0.02165	0.01237	0.02474	0.02783	0.79283	0.00618	0.00618	0.00309	0.00309
7	0.01319	0.00788	0.01022	0.00951	0.01169	0.00711	0.00717	0.01598	0.01884	0.13463	0.43339	0.15201	0.12035	0.01513	0.00830	0.00235	0.00393	0.01327	0.00769	0.00737
8	0.01524	0.01294	0.01502	0.01077	0.01708	0.00998	0.00864	0.04373	0.01549	0.02405	0.01283	0.01486	0.01061	0.00540	0.00535	0.00110	0.00537	0.00430	0.00433	0.76291
9	0.01593	0.01324	0.01527	0.01118	0.01723	0.01077	0.00894	0.09186	0.01682	0.02545	0.01409	0.04089	0.01202	0.00624	0.00562	0.00124	0.00552	0.00503	0.00463	0.67803
10	0.01453	0.03509	0.64667	0.02125	0.03145	0.01668	0.09075	0.02258	0.01521	0.02258	0.01294	0.01545	0.00920	0.00669	0.00693	0.00227	0.01067	0.00557	0.00307	0.01043
11	0.01053	0.00803	0.01163	0.01144	0.01248	0.00945	0.00875	0.01270	0.01128	0.01623	0.01888	0.02949	0.01827	0.13612	0.59446	0.01037	0.06197	0.00788	0.00383	0.00620
12	0.80005	0.01377	0.01047	0.00936	0.01377	0.01597	0.00771	0.02093	0.01212	0.03195	0.00991	0.01157	0.00771	0.00661	0.00441	0.00220	0.00551	0.00386	0.00441	0.00771
13	0.01845	0.68390	0.03527	0.01234	0.01794	0.02686	0.01209	0.02075	0.01457	0.01733	0.04250	0.01359	0.01189	0.00679	0.00564	0.00163	0.04188	0.00435	0.00328	0.00896
14	0.03041	0.01219	0.01633	0.01262	0.01790	0.01077	0.01038	0.06305	0.02097	0.63893	0.06796	0.02565	0.02034	0.00915	0.00723	0.00220	0.00598	0.00747	0.00868	0.01179
15	0.00993	0.00727	0.00931	0.00880	0.01055	0.00666	0.00660	0.01315	0.01981	0.02773	0.64585	0.05455	0.12343	0.01487	0.00840	0.00225	0.00338	0.01307	0.00773	0.00666
16	0.05374	0.01198	0.01608	0.01243	0.01776	0.01049	0.01024	0.03350	0.02013	0.66461	0.05293	0.02495	0.01920	0.00896	0.00713	0.00220	0.00594	0.00728	0.00865	0.01179
17	0.01327	0.00664	0.00664	0.00664	0.00830	0.00664	0.00498	0.01659	0.01493	0.02655	0.02323	0.02655	0.01825	0.00830	0.00498	0.00166	0.00332	0.00664	0.78928	0.00664
18	0.00872	0.00718	0.00766	0.00763	0.00983	0.00613	0.00569	0.01077	0.01681	0.02083	0.18135	0.09375	0.56381	0.01760	0.00844	0.00240	0.00358	0.01487	0.00683	0.00613
19	0.01591	0.00886	0.00939	0.00854	0.01087	0.00908	0.00655	0.11561	0.01773	0.06074	0.02318	0.05537	0.01876	0.03435	0.00664	0.00199	0.00427	0.00732	0.57724	0.00759
20	0.02479	0.05152	0.21936	0.01565	0.02261	0.01551	0.01574	0.15734	0.04812	0.32561	0.02080	0.01975	0.01388	0.00809	0.00694	0.00219	0.00774	0.00636	0.00651	0.01150
21	0.01925	0.69389	0.03596	0.01271	0.01846	0.05916	0.01238	0.02149	0.01459	0.01680	0.00993	0.01164	0.00915	0.00639	0.00536	0.00160	0.03520	0.00393	0.00308	0.00905
22	0.80005	0.01377	0.01047	0.00936	0.01377	0.01597	0.00771	0.02093	0.01212	0.03195	0.00991	0.01157	0.00771	0.00661	0.00441	0.00220	0.00551	0.00386	0.00441	0.00771
23	0.04845	0.01632	0.01764	0.03928	0.02015	0.01806	0.01186	0.32591	0.24645	0.07026	0.02651	0.02544	0.08225	0.00973	0.00720	0.00227	0.00659	0.00773	0.00697	0.01095
24	0.00981	0.00702	0.00901	0.00995	0.01076	0.00672	0.00681	0.04118	0.01524	0.02057	0.12803	0.57585	0.04700	0.06340	0.01050	0.00300	0.00436	0.01802	0.00667	0.00612
25	0.02288	0.01672	0.01833	0.01485	0.01929	0.01828	0.01190	0.52414	0.02868	0.03842	0.02138	0.16330	0.01914	0.01186	0.00822	0.02898	0.00704	0.00918	0.00688	0.01054
26	0.00890	0.00677	0.00824	0.00934	0.01041	0.00623	0.00644	0.01091	0.03654	0.01884	0.04770	0.54074	0.22144	0.02075	0.00885	0.00275	0.00404	0.01845	0.00663	0.00602
27	0.01216	0.00620	0.00910	0.00921	0.00931	0.00618	0.00616	0.00961	0.00979	0.01332	0.01458	0.06951	0.01489	0.02392	0.02568	0.70904	0.00593	0.00713	0.03486	0.00341
28	0.01428	0.03683	0.71286	0.02030	0.03082	0.01654	0.02631	0.02255	0.01503	0.02255	0.01278	0.01503	0.00902	0.00677	0.00677	0.00226	0.01052	0.00526	0.00301	0.01052
29	0.01428	0.03683	0.71286	0.02030	0.03082	0.01654	0.02631	0.02255	0.01503	0.02255	0.01278	0.01503	0.00902	0.00677	0.00677	0.00226	0.01052	0.00526	0.00301	0.01052
30	0.01064	0.00757	0.00962	0.00940	0.01109	0.00711	0.00693	0.01425	0.05038	0.04433	0.47816	0.19137	0.10019	0.01595	0.00845	0.00239	0.00371	0.01411	0.00751	0.00685
31	0.04483	0.01078	0.01344	0.01216	0.04185	0.01047	0.00909	0.11677	0.02153	0.17518	0.37380	0.03964	0.07690	0.01203	0.00776	0.00222	0.00488	0.01025	0.00759	0.00884
32	0.01456	0.03504	0.64854	0.02192	0.06577	0.01662	0.05448	0.02253	0.01517	0.02260	0.01288	0.01535	0.00921	0.00671	0.00685	0.00225	0.01048	0.00545	0.00306	0.01052

[dist]
# distance from previous block
# <min> <max>
1	3

[block]
# block no. 3 follows, 29 sequences, length 14
# corresponding to MSA columns:
# 581-594
name=unknown_D
#
# <colnr> <probs for GDERKNQSTAVLIFYWHMCP>
#	G	D	E	R	K	N	Q	S	T	A	V	L	I	F	Y	W	H	M	C	P
0	0.01682	0.02350	0.22582	0.02319	0.06067	0.04321	0.22571	0.07914	0.01695	0.02376	0.04696	0.01854	0.01289	0.00810	0.01039	0.00242	0.14150	0.00692	0.00386	0.00965
1	0.08960	0.01337	0.01736	0.01353	0.01837	0.01267	0.06827	0.08958	0.01724	0.12869	0.03373	0.09913	0.01683	0.00895	0.00770	0.00194	0.05671	0.00735	0.00545	0.29353
2	0.00962	0.00732	0.00959	0.01025	0.01122	0.00711	0.00723	0.01131	0.01454	0.01989	0.12983	0.53842	0.06938	0.01952	0.00962	0.00269	0.04868	0.01727	0.00644	0.05007
3	0.01607	0.02361	0.21695	0.02677	0.03441	0.01785	0.46752	0.02240	0.01598	0.02240	0.01367	0.01789	0.01025	0.00660	0.00888	0.00241	0.05575	0.00745	0.00342	0.00973
4	0.01237	0.00618	0.00928	0.00928	0.00928	0.00618	0.00618	0.00928	0.00928	0.01237	0.01237	0.02165	0.01237	0.02474	0.02783	0.79283	0.00618	0.00618	0.00309	0.00309
5	0.01710	0.01625	0.02756	0.04130	0.65727	0.01621	0.02081	0.02127	0.01649	0.02363	0.06101	0.02008	0.01515	0.00691	0.00714	0.00212	0.00811	0.00680	0.00382	0.01096
6	0.01026	0.00774	0.01075	0.01139	0.01260	0.00743	0.03755	0.04416	0.01519	0.02011	0.03827	0.56936	0.07112	0.02041	0.00902	0.00286	0.00493	0.09398	0.00649	0.00637
7	0.01448	0.00780	0.00793	0.00749	0.00950	0.00799	0.00573	0.07487	0.01656	0.02815	0.02269	0.02572	0.01771	0.00832	0.00517	0.00170	0.00371	0.00662	0.72073	0.00712
8	0.01710	0.01733	0.06042	0.09943	0.53231	0.01690	0.02062	0.02348	0.09698	0.02357	0.01517	0.01869	0.01226	0.00683	0.00707	0.00218	0.00831	0.00649	0.00391	0.01095
9	0.02308	0.01735	0.01970	0.07329	0.05499	0.01924	0.01333	0.46827	0.08677	0.03817	0.01872	0.03895	0.01417	0.00879	0.00701	0.00216	0.00733	0.00694	0.07068	0.01104
10	0.01019	0.00697	0.00796	0.00813	0.00843	0.00686	0.00492	0.01058	0.01131	0.01486	0.02792	0.08185	0.07996	0.61793	0.03133	0.00616	0.00650	0.04877	0.00473	0.00464
11	0.10925	0.14583	0.10567	0.05787	0.27955	0.01841	0.10741	0.02138	0.01530	0.02272	0.01352	0.01866	0.01144	0.00697	0.00659	0.00214	0.00863	0.03522	0.00362	0.00982
12	0.11181	0.04518	0.02009	0.13945	0.02543	0.16461	0.01381	0.29498	0.06506	0.03125	0.01475	0.01631	0.01105	0.00782	0.00659	0.00212	0.00875	0.00574	0.00529	0.00994
13	0.08742	0.03935	0.02203	0.02352	0.21538	0.17981	0.04727	0.14531	0.03655	0.02620	0.02014	0.02173	0.08811	0.00837	0.00685	0.00210	0.00864	0.00679	0.00473	0.00970

[dist]
# distance from previous block
# <min> <max>
0	3

[block]
# block no. 4 follows, 29 sequences, length 73
# corresponding to MSA columns:
# 598-670
name=unknown_E
#
# <colnr> <probs for GDERKNQSTAVLIFYWHMCP>
#	G	D	E	R	K	N	Q	S	T	A	V	L	I	F	Y	W	H	M	C	P
0	0.02639	0.06399	0.02024	0.01490	0.02021	0.06683	0.01228	0.36984	0.07488	0.19978	0.02166	0.02065	0.03789	0.00879	0.00698	0.00212	0.00743	0.00672	0.00703	0.01139
1	0.01655	0.01737	0.03431	0.06645	0.29339	0.01687	0.36214	0.02158	0.01630	0.02254	0.01520	0.05542	0.01277	0.00701	0.00786	0.00231	0.01013	0.00812	0.00370	0.00998
2	0.01000	0.00728	0.00944	0.00908	0.01075	0.00671	0.00685	0.01321	0.01958	0.02742	0.61933	0.07923	0.09716	0.01521	0.00848	0.00231	0.00353	0.04010	0.00768	0.00664
3	0.00868	0.00620	0.00826	0.00991	0.01033	0.00578	0.00661	0.00991	0.01363	0.01818	0.03925	0.74510	0.04710	0.02231	0.00909	0.00289	0.00413	0.02024	0.00661	0.00578
4	0.01904	0.75404	0.03731	0.01218	0.01828	0.02818	0.01218	0.02132	0.01447	0.01675	0.00990	0.01142	0.00914	0.00609	0.00457	0.00152	0.00761	0.00381	0.00305	0.00914
5	0.01144	0.00780	0.00985	0.00922	0.01125	0.00721	0.00695	0.01506	0.04284	0.06947	0.52875	0.08686	0.13647	0.01483	0.00832	0.00230	0.00367	0.01297	0.00767	0.00708
6	0.01660	0.02067	0.09750	0.02921	0.03669	0.01789	0.62545	0.02279	0.01666	0.02279	0.01427	0.01886	0.01066	0.00607	0.00827	0.00239	0.01188	0.00814	0.00355	0.00968
7	0.01036	0.00690	0.00777	0.00777	0.00777	0.00690	0.00431	0.01036	0.01036	0.01381	0.02244	0.04660	0.02589	0.74975	0.03624	0.00690	0.00690	0.01036	0.00431	0.00431
8	0.76860	0.01402	0.01091	0.00965	0.01411	0.01622	0.00795	0.04781	0.01299	0.03247	0.01021	0.01179	0.00789	0.00669	0.00452	0.00220	0.00560	0.00396	0.00452	0.00789
9	0.08256	0.01154	0.01122	0.01024	0.01274	0.08849	0.00778	0.04396	0.01917	0.05389	0.40415	0.04404	0.12967	0.03951	0.00873	0.00237	0.00507	0.01084	0.00680	0.00724
10	0.02465	0.01864	0.01955	0.01545	0.02036	0.04218	0.01246	0.55619	0.05729	0.03993	0.01869	0.04878	0.01487	0.06615	0.00943	0.00254	0.00768	0.00728	0.00678	0.01110
11	0.01782	0.01575	0.02387	0.14069	0.06070	0.01683	0.14880	0.19542	0.01966	0.02694	0.01667	0.09324	0.01456	0.00914	0.00897	0.00228	0.07993	0.00798	0.00480	0.09592
12	0.02058	0.01715	0.01939	0.04414	0.11212	0.04716	0.01358	0.18361	0.37477	0.05530	0.02281	0.02227	0.01702	0.00875	0.00715	0.00228	0.00697	0.00721	0.00649	0.01125
13	0.09032	0.01754	0.01864	0.04000	0.02067	0.01941	0.01222	0.51949	0.02874	0.04030	0.01885	0.01938	0.03706	0.00865	0.00675	0.00212	0.00715	0.00652	0.07529	0.01089
14	0.00868	0.00620	0.00826	0.00991	0.01033	0.00578	0.00661	0.00991	0.01363	0.01818	0.03925	0.74510	0.04710	0.02231	0.00909	0.00289	0.00413	0.02024	0.00661	0.00578
15	0.01748	0.01677	0.02864	0.06780	0.68238	0.01688	0.02178	0.02173	0.01614	0.02309	0.01337	0.01767	0.01122	0.00637	0.00705	0.00212	0.00850	0.00634	0.00351	0.01116
16	0.01073	0.00777	0.01052	0.01203	0.01333	0.00772	0.00974	0.01396	0.04250	0.02054	0.03790	0.31446	0.04238	0.02021	0.00947	0.00311	0.00566	0.40491	0.00660	0.00647
17	0.01040	0.00777	0.00972	0.00914	0.01104	0.00734	0.00688	0.01467	0.06170	0.02778	0.60236	0.05293	0.12219	0.01457	0.00833	0.00227	0.00352	0.01277	0.00769	0.00694
18	0.02615	0.01187	0.01536	0.01233	0.01698	0.01102	0.00998	0.05237	0.09980	0.48501	0.14983	0.02952	0.02691	0.00994	0.00739	0.00223	0.00558	0.00828	0.00840	0.01104
19	0.03116	0.01194	0.01627	0.01254	0.01791	0.01033	0.01033	0.03394	0.02037	0.68578	0.05228	0.02528	0.01941	0.00902	0.00721	0.00220	0.00596	0.00737	0.00878	0.01192
20	0.01090	0.00812	0.01168	0.01147	0.01287	0.00936	0.00887	0.04117	0.01233	0.01760	0.01916	0.02844	0.01796	0.08631	0.65675	0.01082	0.01798	0.00771	0.00398	0.00650
21	0.02737	0.01946	0.02107	0.01615	0.02184	0.02136	0.01334	0.64127	0.03266	0.08635	0.01778	0.01754	0.01245	0.00856	0.00713	0.00214	0.00772	0.00646	0.00723	0.01211
22	0.01983	0.67840	0.03551	0.01283	0.01867	0.10096	0.01235	0.02207	0.01507	0.01682	0.01002	0.01157	0.00914	0.00622	0.00476	0.00156	0.00816	0.00389	0.00311	0.00905
23	0.80005	0.01377	0.01047	0.00936	0.01377	0.01597	0.00771	0.02093	0.01212	0.03195	0.00991	0.01157	0.00771	0.00661	0.00441	0.00220	0.00551	0.00386	0.00441	0.00771
24	0.01471	0.01436	0.01977	0.01660	0.01891	0.07877	0.12749	0.04436	0.01424	0.01900	0.01953	0.05541	0.05817	0.09581	0.18813	0.00519	0.18972	0.00835	0.00407	0.00744
25	0.00955	0.00702	0.00895	0.00897	0.01044	0.00642	0.00654	0.01224	0.01818	0.02504	0.47306	0.21533	0.13828	0.01677	0.00856	0.00241	0.00357	0.01484	0.00741	0.00642
26	0.01654	0.01581	0.02695	0.22220	0.53530	0.01663	0.02131	0.02091	0.01570	0.02195	0.01320	0.01798	0.01082	0.00655	0.00707	0.00218	0.00873	0.00634	0.00343	0.01041
27	0.00977	0.00727	0.00909	0.00863	0.01045	0.00659	0.00648	0.01284	0.01943	0.02683	0.58479	0.05604	0.18506	0.01520	0.00840	0.00227	0.00341	0.01328	0.00761	0.00659
28	0.01027	0.00723	0.00942	0.00942	0.00999	0.00780	0.00637	0.01141	0.01084	0.01503	0.02093	0.03824	0.02226	0.43708	0.34395	0.00894	0.01237	0.00913	0.00409	0.00523
29	0.01428	0.03683	0.71286	0.02030	0.03082	0.01654	0.02631	0.02255	0.01503	0.02255	0.01278	0.01503	0.00902	0.00677	0.00677	0.00226	0.01052	0.00526	0.00301	0.01052
30	0.00866	0.00626	0.00820	0.00975	0.01028	0.00580	0.00654	0.00993	0.01379	0.01824	0.04130	0.70294	0.08794	0.02204	0.00905	0.00286	0.00410	0.01992	0.00661	0.00580
31	0.00956	0.00724	0.01037	0.01116	0.01224	0.00672	0.03796	0.01128	0.01408	0.01889	0.03687	0.62024	0.04337	0.02062	0.00897	0.00283	0.00476	0.07812	0.00637	0.03835
32	0.02113	0.55444	0.03256	0.01389	0.01931	0.22026	0.01262	0.02329	0.01605	0.01694	0.01021	0.01182	0.00915	0.00644	0.00508	0.00161	0.00906	0.00402	0.00322	0.00889
33	0.01484	0.01256	0.01454	0.01057	0.01664	0.00974	0.00843	0.01872	0.04313	0.02360	0.01371	0.01567	0.01129	0.00556	0.00535	0.00113	0.00522	0.00446	0.03192	0.73293
34	0.00919	0.00650	0.00853	0.00997	0.01045	0.00619	0.00682	0.01048	0.01349	0.01793	0.03685	0.58254	0.04364	0.11861	0.01277	0.00347	0.00475	0.08585	0.00630	0.00567
35	0.01516	0.19667	0.53908	0.01806	0.02734	0.01881	0.02248	0.02188	0.01494	0.02115	0.01401	0.01592	0.03100	0.00697	0.00633	0.00210	0.00965	0.00525	0.00313	0.01007
36	0.00868	0.00620	0.00826	0.00991	0.01033	0.00578	0.00661	0.00991	0.01363	0.01818	0.03925	0.74510	0.04710	0.02231	0.00909	0.00289	0.00413	0.02024	0.00661	0.00578
37	0.01783	0.01874	0.05613	0.10322	0.56233	0.07370	0.02120	0.02208	0.01631	0.02230	0.01311	0.01725	0.01085	0.00651	0.00699	0.00212	0.00899	0.00616	0.00348	0.01070
38	0.02587	0.03072	0.02050	0.01900	0.05045	0.57687	0.01396	0.10576	0.05239	0.02148	0.01265	0.01417	0.01018	0.00755	0.00657	0.00191	0.01174	0.00503	0.00423	0.00898
39	0.01237	0.00618	0.00928	0.00928	0.00928	0.00618	0.00618	0.00928	0.00928	0.01237	0.01237	0.02165	0.01237	0.02474	0.02783	0.79283	0.00618	0.00618	0.00309	0.00309
40	0.01681	0.01921	0.04202	0.03001	0.03721	0.01801	0.67947	0.02281	0.01681	0.02281	0.01441	0.01921	0.01080	0.00600	0.00840	0.00240	0.01200	0.00840	0.00360	0.00960
41	0.00868	0.00620	0.00826	0.00991	0.01033	0.00578	0.00661	0.00991	0.01363	0.01818	0.03925	0.74510	0.04710	0.02231	0.00909	0.00289	0.00413	0.02024	0.00661	0.00578
42	0.01681	0.01921	0.04202	0.03001	0.03721	0.01801	0.67947	0.02281	0.01681	0.02281	0.01441	0.01921	0.01080	0.00600	0.00840	0.00240	0.01200	0.00840	0.00360	0.00960
43	0.03195	0.01212	0.01652	0.01267	0.01818	0.01047	0.01047	0.03470	0.02038	0.71026	0.02809	0.02424	0.01763	0.00881	0.00716	0.00220	0.00606	0.00716	0.00881	0.01212
44	0.01428	0.03683	0.71286	0.02030	0.03082	0.01654	0.02631	0.02255	0.01503	0.02255	0.01278	0.01503	0.00902	0.00677	0.00677	0.00226	0.01052	0.00526	0.00301	0.01052
45	0.01016	0.00690	0.00789	0.00799	0.00816	0.00686	0.00465	0.01040	0.01084	0.01439	0.02545	0.09046	0.05514	0.65192	0.05505	0.00661	0.00698	0.01108	0.00454	0.00454
46	0.01681	0.01921	0.04202	0.03001	0.03721	0.01801	0.67947	0.02281	0.01681	0.02281	0.01441	0.01921	0.01080	0.00600	0.00840	0.00240	0.01200	0.00840	0.00360	0.00960
47	0.02660	0.03394	0.02018	0.01834	0.02201	0.72116	0.01376	0.02843	0.02018	0.01743	0.01101	0.01284	0.00917	0.00734	0.00642	0.00183	0.01284	0.00459	0.00367	0.00825
48	0.01297	0.00792	0.01045	0.00945	0.01164	0.00721	0.00721	0.01625	0.02019	0.11877	0.61245	0.04936	0.06063	0.01380	0.00823	0.00223	0.00372	0.01212	0.00797	0.00743
49	0.00960	0.00813	0.00823	0.00797	0.01058	0.00727	0.00604	0.03389	0.05894	0.02073	0.06765	0.06423	0.63745	0.01720	0.00830	0.00240	0.00387	0.01431	0.00667	0.00654
50	0.01781	0.56852	0.21206	0.01428	0.02152	0.02516	0.01584	0.02164	0.01461	0.01825	0.01064	0.01236	0.00911	0.00627	0.00514	0.00171	0.00837	0.00418	0.00304	0.00950
51	0.02551	0.01878	0.02026	0.01584	0.02109	0.02070	0.01295	0.62480	0.03180	0.04262	0.01897	0.07865	0.01507	0.00971	0.00729	0.00220	0.00752	0.00758	0.00708	0.01157
52	0.00968	0.00709	0.00908	0.00895	0.01049	0.00649	0.00657	0.01253	0.01868	0.02591	0.52916	0.17177	0.12466	0.01620	0.00852	0.00237	0.00351	0.01433	0.00751	0.00649
53	0.02542	0.01854	0.01998	0.01567	0.02094	0.02048	0.01278	0.54477	0.12088	0.06906	0.01934	0.01970	0.01412	0.03474	0.00816	0.00234	0.00743	0.00680	0.00711	0.01172
54	0.01836	0.01487	0.01979	0.02332	0.24035	0.01563	0.01436	0.05194	0.29833	0.08467	0.02499	0.02739	0.04597	0.00920	0.00728	0.00228	0.00662	0.04438	0.00598	0.04429
55	0.01133	0.00783	0.00907	0.00892	0.00959	0.00787	0.00565	0.06270	0.01361	0.01832	0.08655	0.16714	0.03227	0.49820	0.02670	0.00541	0.00617	0.01201	0.00525	0.00540
56	0.61847	0.01404	0.01265	0.06922	0.01763	0.01603	0.00935	0.07315	0.01457	0.08232	0.01205	0.01355	0.00894	0.00697	0.00504	0.00221	0.00606	0.00450	0.00484	0.00840
57	0.01887	0.01957	0.02681	0.09171	0.53607	0.13980	0.02028	0.02272	0.01676	0.02186	0.01292	0.01689	0.01078	0.00658	0.00694	0.00209	0.00930	0.00604	0.00352	0.01049
58	0.02369	0.01132	0.01470	0.01160	0.01623	0.00994	0.00937	0.05925	0.02023	0.40715	0.20157	0.03019	0.02936	0.00983	0.00723	0.00206	0.00534	0.00823	0.00786	0.11486
59	0.02179	0.01662	0.01762	0.01443	0.01872	0.04541	0.01161	0.45478	0.02796	0.03715	0.10288	0.10571	0.04826	0.01146	0.00760	0.00227	0.00690	0.03165	0.00697	0.01021
60	0.01540	0.00882	0.00905	0.00828	0.01059	0.00920	0.00640	0.11361	0.03755	0.02930	0.02251	0.02518	0.01746	0.00837	0.00536	0.00175	0.00404	0.00665	0.65290	0.00757
61	0.01177	0.00932	0.01339	0.06514	0.04077	0.00937	0.05310	0.07427	0.01595	0.02132	0.06280	0.44451	0.05749	0.07315	0.01066	0.00298	0.00570	0.01541	0.00598	0.00691
62	0.02613	0.01931	0.02168	0.01668	0.02232	0.02119	0.04101	0.58504	0.07996	0.06608	0.01823	0.01812	0.01294	0.00853	0.00719	0.00217	0.00779	0.00664	0.00704	0.01194
63	0.03195	0.01212	0.01652	0.01267	0.01818	0.01047	0.01047	0.03470	0.02038	0.71026	0.02809	0.02424	0.01763	0.00881	0.00716	0.00220	0.00606	0.00716	0.00881	0.01212
64	0.02607	0.01898	0.02030	0.01568	0.02109	0.02097	0.01292	0.63352	0.03214	0.04355	0.01754	0.01778	0.01255	0.00853	0.00697	0.00210	0.00751	0.00643	0.06366	0.01171
65	0.00869	0.00722	0.00760	0.00750	0.00979	0.00613	0.00563	0.01075	0.01688	0.02078	0.17664	0.06598	0.59698	0.01746	0.00841	0.00238	0.00357	0.01467	0.00682	0.00613
66	0.02772	0.01891	0.02073	0.01589	0.02156	0.02054	0.01313	0.59570	0.03174	0.13322	0.01856	0.01804	0.01284	0.00858	0.00713	0.00215	0.00760	0.00651	0.00735	0.01211
67	0.01224	0.00618	0.00924	0.00930	0.00931	0.00617	0.00620	0.00930	0.00943	0.01257	0.01332	0.04730	0.01360	0.02465	0.02716	0.76482	0.00611	0.00668	0.00322	0.00319
68	0.02577	0.03271	0.01958	0.01783	0.02145	0.68840	0.01338	0.02760	0.02000	0.01751	0.01381	0.01539	0.04093	0.00783	0.00651	0.00186	0.01242	0.00506	0.00380	0.00815
69	0.01443	0.01230	0.01441	0.01051	0.01651	0.00929	0.00834	0.01749	0.01470	0.02293	0.01413	0.05517	0.01257	0.00622	0.00548	0.00116	0.00521	0.00511	0.00435	0.74972
70	0.01435	0.01474	0.02925	0.08090	0.02933	0.01456	0.38500	0.01879	0.01568	0.02119	0.03987	0.12867	0.02100	0.03708	0.01029	0.00275	0.04594	0.07793	0.00442	0.00825
71	0.07569	0.01484	0.02257	0.39151	0.26077	0.04459	0.01896	0.01989	0.01506	0.02102	0.01363	0.02017	0.01119	0.00734	0.00697	0.00229	0.00886	0.03216	0.00354	0.00897
72	0.64699	0.01471	0.01245	0.01062	0.01528	0.01677	0.00876	0.12859	0.01588	0.05849	0.01173	0.01292	0.00878	0.00700	0.00495	0.00219	0.00591	0.00439	0.00501	0.00858

[dist]
# distance from previous block
# <min> <max>
1	3

[block]
# block no. 5 follows, 29 sequences, length 141
# corresponding to MSA columns:
# 674-814
name=unknown_F
#
# <colnr> <probs for GDERKNQSTAVLIFYWHMCP>
#	G	D	E	R	K	N	Q	S	T	A	V	L	I	F	Y	W	H	M	C	P
0	0.08160	0.05119	0.35264	0.02213	0.03058	0.01705	0.26019	0.02223	0.01540	0.02328	0.01303	0.01612	0.00964	0.00638	0.00701	0.00222	0.01028	0.00618	0.00340	0.04946
1	0.02290	0.01662	0.01835	0.01447	0.01955	0.01748	0.01170	0.44439	0.05302	0.07147	0.02016	0.10638	0.01680	0.00980	0.00710	0.00208	0.00683	0.00788	0.00672	0.12629
2	0.02707	0.01995	0.02137	0.01638	0.02208	0.02208	0.01353	0.68159	0.03348	0.04488	0.01710	0.01710	0.01211	0.00855	0.00712	0.00214	0.00784	0.00641	0.00712	0.01211
3	0.01036	0.00690	0.00777	0.00777	0.00777	0.00690	0.00431	0.01036	0.01036	0.01381	0.02244	0.04660	0.02589	0.74975	0.03624	0.00690	0.00690	0.01036	0.00431	0.00431
4	0.01077	0.00739	0.00939	0.00899	0.01083	0.00670	0.00670	0.01364	0.01887	0.06011	0.50240	0.12928	0.15687	0.01563	0.00841	0.00233	0.00361	0.01371	0.00757	0.00678
5	0.00873	0.00634	0.00825	0.00965	0.01029	0.00585	0.00652	0.01013	0.01420	0.01883	0.07814	0.65275	0.10097	0.02154	0.00900	0.00282	0.00405	0.01942	0.00668	0.00585
6	0.65430	0.01346	0.01162	0.00999	0.01461	0.01493	0.00823	0.02354	0.01369	0.16066	0.01336	0.01397	0.00959	0.00703	0.00493	0.00220	0.00561	0.00448	0.00524	0.00855
7	0.01027	0.00687	0.00779	0.00787	0.00790	0.00685	0.00443	0.01033	0.01052	0.01403	0.02329	0.08189	0.02696	0.71299	0.03487	0.00670	0.00676	0.01085	0.00443	0.00439
8	0.02575	0.08938	0.02176	0.01760	0.02163	0.55315	0.01365	0.11435	0.02123	0.02101	0.01168	0.01337	0.00956	0.00754	0.00684	0.00189	0.03191	0.00481	0.00406	0.00883
9	0.02707	0.01995	0.02137	0.01638	0.02208	0.02208	0.01353	0.68159	0.03348	0.04488	0.01710	0.01710	0.01211	0.00855	0.00712	0.00214	0.00784	0.00641	0.00712	0.01211
10	0.02078	0.58766	0.03335	0.01361	0.01914	0.18828	0.01255	0.02297	0.01579	0.01691	0.01016	0.01175	0.00915	0.00638	0.00500	0.00159	0.00882	0.00399	0.00319	0.00893
11	0.01762	0.01437	0.01540	0.01362	0.01751	0.01597	0.01081	0.15840	0.40242	0.03066	0.05188	0.03510	0.11533	0.01145	0.00760	0.00242	0.00580	0.05631	0.00710	0.01025
12	0.01647	0.01408	0.01769	0.01278	0.01909	0.01173	0.06066	0.10170	0.01727	0.02590	0.01335	0.01540	0.01076	0.00574	0.00575	0.00129	0.00611	0.00482	0.00454	0.63488
13	0.01611	0.02048	0.12377	0.02421	0.02991	0.04458	0.37336	0.02101	0.01528	0.02122	0.01422	0.05378	0.01202	0.00823	0.01100	0.00247	0.15587	0.00783	0.00360	0.04105
14	0.00888	0.00634	0.00850	0.01015	0.01065	0.00596	0.00697	0.01027	0.01383	0.01841	0.03913	0.69648	0.04665	0.02212	0.00914	0.00292	0.00431	0.06685	0.00661	0.00584
15	0.02616	0.03301	0.01998	0.01815	0.02184	0.68627	0.01363	0.02890	0.05352	0.01804	0.01190	0.01352	0.00980	0.00745	0.00646	0.00186	0.01248	0.00476	0.00385	0.00840
16	0.02707	0.01995	0.02137	0.01638	0.02208	0.02208	0.01353	0.68159	0.03348	0.04488	0.01710	0.01710	0.01211	0.00855	0.00712	0.00214	0.00784	0.00641	0.00712	0.01211
17	0.02453	0.01773	0.01947	0.01488	0.02061	0.01857	0.01220	0.47347	0.06181	0.08671	0.01759	0.01761	0.01267	0.00798	0.00677	0.00194	0.00710	0.00611	0.00668	0.16556
18	0.01762	0.01692	0.02890	0.04371	0.70533	0.01692	0.02185	0.02185	0.01621	0.02326	0.01339	0.01762	0.01128	0.00634	0.00705	0.00211	0.00846	0.00634	0.00352	0.01128
19	0.00978	0.00727	0.00910	0.00864	0.01045	0.00659	0.00648	0.01286	0.01945	0.02687	0.58793	0.05596	0.18188	0.01518	0.00840	0.00227	0.00340	0.01327	0.00762	0.00659
20	0.01237	0.00618	0.00928	0.00928	0.00928	0.00618	0.00618	0.00928	0.00928	0.01237	0.01237	0.02165	0.01237	0.02474	0.02783	0.79283	0.00618	0.00618	0.00309	0.00309
21	0.01428	0.03683	0.71286	0.02030	0.03082	0.01654	0.02631	0.02255	0.01503	0.02255	0.01278	0.01503	0.00902	0.00677	0.00677	0.00226	0.01052	0.00526	0.00301	0.01052
22	0.01035	0.00694	0.00795	0.00795	0.00801	0.00700	0.00454	0.01047	0.01041	0.01394	0.02227	0.04567	0.02549	0.71521	0.07023	0.00713	0.00751	0.01022	0.00429	0.00442
23	0.01935	0.72441	0.03661	0.01244	0.01843	0.05669	0.01225	0.02161	0.01470	0.01678	0.00995	0.01148	0.00914	0.00614	0.00465	0.00154	0.00783	0.00384	0.00307	0.00910
24	0.01514	0.02015	0.15715	0.02383	0.03071	0.01538	0.41107	0.02068	0.01589	0.02223	0.01702	0.10807	0.01496	0.00809	0.00788	0.00230	0.01010	0.00889	0.00393	0.08652
25	0.02633	0.23119	0.02234	0.01262	0.01795	0.03553	0.01091	0.02951	0.04408	0.42728	0.02283	0.05485	0.01646	0.00865	0.00647	0.00203	0.00660	0.00676	0.00680	0.01080
26	0.01558	0.01558	0.02181	0.01869	0.01869	0.02181	0.01558	0.01714	0.01091	0.01714	0.00935	0.01558	0.00935	0.01246	0.02337	0.00312	0.73672	0.00623	0.00312	0.00779
27	0.01859	0.02189	0.03805	0.02789	0.03445	0.14589	0.55840	0.02383	0.01742	0.02183	0.01379	0.01805	0.01051	0.00625	0.00804	0.00230	0.01216	0.00771	0.00361	0.00936
28	0.01345	0.01266	0.02136	0.73264	0.04904	0.01582	0.01978	0.01819	0.01424	0.01819	0.01266	0.01898	0.00949	0.00712	0.00712	0.00237	0.00949	0.00633	0.00316	0.00791
29	0.01237	0.00618	0.00928	0.00928	0.00928	0.00618	0.00618	0.00928	0.00928	0.01237	0.01237	0.02165	0.01237	0.02474	0.02783	0.79283	0.00618	0.00618	0.00309	0.00309
30	0.00868	0.00620	0.00826	0.00991	0.01033	0.00578	0.00661	0.00991	0.01363	0.01818	0.03925	0.74510	0.04710	0.02231	0.00909	0.00289	0.00413	0.02024	0.00661	0.00578
31	0.01789	0.01293	0.01534	0.01114	0.01732	0.01024	0.00898	0.05227	0.01649	0.12538	0.01514	0.01627	0.01166	0.00595	0.00564	0.00128	0.00551	0.00476	0.00503	0.64078
32	0.01008	0.00728	0.00952	0.00896	0.01064	0.00672	0.00672	0.01344	0.02016	0.02855	0.70158	0.05319	0.06719	0.01456	0.00840	0.00224	0.00336	0.01288	0.00784	0.00672
33	0.03195	0.01212	0.01652	0.01267	0.01818	0.01047	0.01047	0.03470	0.02038	0.71026	0.02809	0.02424	0.01763	0.00881	0.00716	0.00220	0.00606	0.00716	0.00881	0.01212
34	0.01428	0.03683	0.71286	0.02030	0.03082	0.01654	0.02631	0.02255	0.01503	0.02255	0.01278	0.01503	0.00902	0.00677	0.00677	0.00226	0.01052	0.00526	0.00301	0.01052
35	0.00868	0.00620	0.00826	0.00991	0.01033	0.00578	0.00661	0.00991	0.01363	0.01818	0.03925	0.74510	0.04710	0.02231	0.00909	0.00289	0.00413	0.02024	0.00661	0.00578
36	0.03175	0.01244	0.01672	0.01282	0.01834	0.01094	0.01059	0.06106	0.02091	0.68315	0.02764	0.02395	0.01740	0.00880	0.00716	0.00220	0.00613	0.00713	0.00874	0.01212
37	0.01180	0.04591	0.01157	0.01093	0.01236	0.00921	0.00790	0.10062	0.01632	0.02164	0.03422	0.56833	0.03964	0.04235	0.00947	0.00286	0.00496	0.03672	0.00643	0.00678
38	0.01581	0.01297	0.01546	0.01146	0.01715	0.01086	0.00922	0.01955	0.04358	0.05735	0.01386	0.01580	0.01128	0.00620	0.00687	0.00133	0.06266	0.00469	0.00449	0.65940
39	0.14087	0.12547	0.28537	0.01504	0.02202	0.05136	0.01626	0.02423	0.01620	0.16195	0.06370	0.01844	0.01469	0.00764	0.00627	0.00211	0.00805	0.00573	0.00477	0.00983
40	0.01931	0.63370	0.09060	0.01337	0.01962	0.08708	0.01347	0.02204	0.01501	0.01728	0.01023	0.01184	0.00913	0.00625	0.00491	0.00161	0.00830	0.00399	0.00310	0.00917
41	0.01855	0.01809	0.02768	0.06453	0.60276	0.06557	0.02082	0.05386	0.01725	0.02372	0.01338	0.01732	0.01111	0.00655	0.00701	0.00211	0.00877	0.00623	0.00369	0.01099
42	0.62822	0.01530	0.01259	0.01081	0.01541	0.04521	0.00886	0.10745	0.01564	0.06861	0.01184	0.01300	0.00886	0.00701	0.00498	0.00218	0.00614	0.00439	0.00496	0.00853
43	0.01869	0.72527	0.03624	0.01206	0.01798	0.02735	0.01197	0.02102	0.01469	0.01721	0.03654	0.01303	0.01137	0.00642	0.00472	0.00155	0.00745	0.00416	0.00323	0.00904
44	0.01545	0.01706	0.08054	0.04742	0.02768	0.01383	0.30285	0.02000	0.01538	0.02225	0.01341	0.01723	0.01059	0.00674	0.00794	0.04106	0.00882	0.00630	0.00376	0.32168
45	0.00995	0.00727	0.00934	0.00882	0.01056	0.00666	0.00662	0.01319	0.01985	0.02783	0.65235	0.05439	0.11686	0.01483	0.00840	0.00225	0.00338	0.01305	0.00774	0.00666
46	0.01343	0.00992	0.01300	0.01204	0.01404	0.01124	0.00936	0.14077	0.01557	0.02171	0.01901	0.02765	0.01747	0.11063	0.51974	0.00923	0.01577	0.00765	0.00450	0.00727
47	0.09586	0.01356	0.01624	0.01307	0.01815	0.01346	0.01063	0.08071	0.17602	0.44543	0.02591	0.02315	0.01731	0.00880	0.00694	0.00225	0.00604	0.00702	0.00794	0.01153
48	0.00995	0.00718	0.00941	0.00904	0.01061	0.00663	0.00671	0.01312	0.01957	0.02762	0.64188	0.11555	0.06538	0.01526	0.00846	0.00230	0.00343	0.01354	0.00773	0.00663
49	0.03099	0.01366	0.01748	0.01340	0.01895	0.01276	0.01107	0.16225	0.02296	0.57906	0.02592	0.02283	0.01654	0.00876	0.00715	0.00219	0.00641	0.00701	0.00848	0.01212
50	0.01237	0.00618	0.00928	0.00928	0.00928	0.00618	0.00618	0.00928	0.00928	0.01237	0.01237	0.02165	0.01237	0.02474	0.02783	0.79283	0.00618	0.00618	0.00309	0.00309
51	0.03195	0.01212	0.01652	0.01267	0.01818	0.01047	0.01047	0.03470	0.02038	0.71026	0.02809	0.02424	0.01763	0.00881	0.00716	0.00220	0.00606	0.00716	0.00881	0.01212
52	0.01505	0.01295	0.01592	0.01155	0.01769	0.01015	0.03710	0.03999	0.01544	0.02373	0.01380	0.04035	0.01188	0.00600	0.00560	0.00121	0.00561	0.00503	0.00437	0.70658
53	0.02660	0.03394	0.02018	0.01834	0.02201	0.72116	0.01376	0.02843	0.02018	0.01743	0.01101	0.01284	0.00917	0.00734	0.00642	0.00183	0.01284	0.00459	0.00367	0.00825
54	0.00916	0.00831	0.00775	0.00767	0.01013	0.03544	0.00575	0.01097	0.01639	0.01916	0.06962	0.06624	0.67392	0.01759	0.00833	0.00238	0.00399	0.01460	0.00649	0.00610
55	0.76227	0.01343	0.01028	0.00923	0.01351	0.01553	0.00758	0.02072	0.01225	0.03169	0.01055	0.01229	0.00822	0.00669	0.00443	0.00218	0.00540	0.00399	0.04210	0.00766
56	0.01345	0.01266	0.02136	0.73264	0.04904	0.01582	0.01978	0.01819	0.01424	0.01819	0.01266	0.01898	0.00949	0.00712	0.00712	0.00237	0.00949	0.00633	0.00316	0.00791
57	0.01471	0.01266	0.01504	0.04026	0.01820	0.00975	0.00890	0.01794	0.01474	0.02300	0.01266	0.01494	0.01050	0.00535	0.00535	0.00111	0.00545	0.00431	0.00418	0.76097
58	0.01017	0.00763	0.01144	0.01144	0.01272	0.00890	0.00890	0.01272	0.01144	0.01653	0.01907	0.02797	0.01780	0.05340	0.72153	0.01144	0.01907	0.00763	0.00381	0.00636
59	0.01428	0.03683	0.71286	0.02030	0.03082	0.01654	0.02631	0.02255	0.01503	0.02255	0.01278	0.01503	0.00902	0.00677	0.00677	0.00226	0.01052	0.00526	0.00301	0.01052
