[name]
unknown

[dist]
# distance from previous block
# <min> <max>
34	103

[block]
# block no. 0 follows, 27 sequences, length 37
# corresponding to MSA columns:
# 127-163
name=unknown_A
#
# <colnr> <probs for GDERKNQSTAVLIFYWHMCP>
#	G	D	E	R	K	N	Q	S	T	A	V	L	I	F	Y	W	H	M	C	P
0	0.12837	0.02168	0.10639	0.03871	0.07184	0.11726	0.01508	0.16225	0.06050	0.07712	0.01820	0.02091	0.03100	0.00881	0.00770	0.00229	0.04009	0.02830	0.00537	0.03812
1	0.16710	0.02240	0.22189	0.02317	0.18171	0.01667	0.03903	0.09352	0.01827	0.04949	0.08265	0.02033	0.01656	0.00799	0.00693	0.00229	0.00829	0.00658	0.00474	0.01039
2	0.07650	0.02259	0.16761	0.10738	0.12064	0.08735	0.07785	0.07438	0.04223	0.10814	0.01634	0.01854	0.01195	0.00757	0.00713	0.00228	0.00939	0.00638	0.02527	0.01046
3	0.07390	0.05212	0.34224	0.02540	0.21439	0.01650	0.02149	0.02277	0.01634	0.05723	0.04645	0.02071	0.04303	0.00787	0.00704	0.00228	0.00899	0.00654	0.00408	0.01062
4	0.01629	0.04615	0.04126	0.05801	0.24219	0.01411	0.01488	0.06752	0.04688	0.04884	0.06339	0.19521	0.02569	0.01195	0.00782	0.00239	0.00697	0.02937	0.00545	0.05564
5	0.13121	0.01541	0.09298	0.01293	0.01663	0.01416	0.01115	0.15135	0.04980	0.02770	0.05223	0.06985	0.02068	0.15907	0.08562	0.00431	0.03039	0.00838	0.03771	0.00844
6	0.01146	0.00784	0.00904	0.00886	0.00938	0.00784	0.00545	0.04276	0.01343	0.01813	0.10302	0.10281	0.03315	0.56127	0.03063	0.00605	0.00658	0.01173	0.00526	0.00531
7	0.01507	0.05015	0.30897	0.04833	0.04401	0.01447	0.01809	0.02160	0.06509	0.06373	0.07154	0.15340	0.02394	0.01161	0.00833	0.00252	0.03301	0.03156	0.00504	0.00954
8	0.00924	0.00752	0.00806	0.00793	0.01016	0.00647	0.00587	0.01137	0.01750	0.02184	0.20264	0.06697	0.52698	0.05239	0.01015	0.00269	0.00387	0.01496	0.00705	0.00634
9	0.01505	0.03729	0.66103	0.02177	0.03253	0.01733	0.06593	0.02353	0.01578	0.02353	0.01342	0.01594	0.00952	0.00701	0.00716	0.00236	0.01106	0.00568	0.00317	0.01091
10	0.03331	0.01263	0.01723	0.01321	0.01895	0.01091	0.01091	0.03618	0.02125	0.69794	0.02929	0.02527	0.01838	0.00919	0.00747	0.00230	0.00632	0.00747	0.00919	0.01263
11	0.06837	0.59037	0.05725	0.01303	0.01937	0.02655	0.01284	0.05061	0.01625	0.07019	0.01214	0.01328	0.01022	0.00673	0.00514	0.00174	0.00780	0.00440	0.00389	0.00985
12	0.13604	0.01157	0.01442	0.01171	0.01624	0.01072	0.00948	0.02834	0.01995	0.42858	0.19844	0.03124	0.03036	0.01042	0.00739	0.00231	0.00550	0.00852	0.00827	0.01051
13	0.03331	0.01263	0.01723	0.01321	0.01895	0.01091	0.01091	0.03618	0.02125	0.69794	0.02929	0.02527	0.01838	0.00919	0.00747	0.00230	0.00632	0.00747	0.00919	0.01263
14	0.01489	0.03840	0.70064	0.02116	0.03213	0.01724	0.02743	0.02351	0.01567	0.02351	0.01332	0.01567	0.00940	0.00705	0.00705	0.00235	0.01097	0.00549	0.00313	0.01097
15	0.01985	0.74357	0.03890	0.01270	0.01905	0.02937	0.01270	0.02223	0.01508	0.01747	0.01032	0.01191	0.00953	0.00635	0.00476	0.00159	0.00794	0.00397	0.00318	0.00953
16	0.01837	0.01764	0.03013	0.04557	0.69279	0.01764	0.02278	0.02278	0.01690	0.02425	0.01396	0.01837	0.01176	0.00661	0.00735	0.00220	0.00882	0.00661	0.00367	0.01176
17	0.79154	0.01436	0.01091	0.00976	0.01436	0.01665	0.00804	0.02182	0.01263	0.03331	0.01034	0.01206	0.00804	0.00689	0.00459	0.00230	0.00574	0.00402	0.00459	0.00804
18	0.02584	0.01711	0.01919	0.01536	0.02039	0.01831	0.01241	0.43591	0.06104	0.15196	0.02369	0.12282	0.01934	0.01108	0.00773	0.00237	0.00719	0.00898	0.00765	0.01163
19	0.01402	0.01319	0.02227	0.72126	0.05113	0.01649	0.02062	0.01897	0.01484	0.01897	0.01319	0.01979	0.00990	0.00742	0.00742	0.00247	0.00990	0.00660	0.00330	0.00825
20	0.01596	0.01608	0.02424	0.02026	0.02112	0.02131	0.08781	0.01808	0.01222	0.01859	0.01218	0.05930	0.01225	0.01286	0.02175	0.00315	0.60352	0.00762	0.00352	0.00821
21	0.02225	0.01648	0.01792	0.01525	0.01999	0.01840	0.01211	0.16219	0.46996	0.11840	0.02767	0.02546	0.02015	0.00973	0.00752	0.00243	0.00638	0.00794	0.00774	0.01203
22	0.01196	0.00854	0.01196	0.01367	0.01538	0.00854	0.01196	0.01538	0.01709	0.02222	0.03931	0.08374	0.04272	0.02051	0.01025	0.00342	0.00684	0.64283	0.00684	0.00684
23	0.01489	0.03840	0.70064	0.02116	0.03213	0.01724	0.02743	0.02351	0.01567	0.02351	0.01332	0.01567	0.00940	0.00705	0.00705	0.00235	0.01097	0.00549	0.00313	0.01097
24	0.01985	0.74357	0.03890	0.01270	0.01905	0.02937	0.01270	0.02223	0.01508	0.01747	0.01032	0.01191	0.00953	0.00635	0.00476	0.00159	0.00794	0.00397	0.00318	0.00953
25	0.02708	0.01416	0.07173	0.01515	0.05932	0.01117	0.01230	0.03061	0.02050	0.49025	0.13845	0.02918	0.02598	0.00987	0.00764	0.00230	0.00637	0.00826	0.00820	0.01150
26	0.01590	0.00973	0.01240	0.01132	0.01270	0.01031	0.00814	0.13901	0.04267	0.02048	0.01545	0.02366	0.01430	0.06592	0.04821	0.52573	0.00727	0.00689	0.00432	0.00560
27	0.01035	0.00753	0.00975	0.00930	0.01102	0.00692	0.00693	0.01367	0.02049	0.02879	0.62845	0.08860	0.09887	0.01574	0.00879	0.00238	0.00355	0.01390	0.00805	0.00692
28	0.01010	0.00738	0.00949	0.00938	0.01095	0.00677	0.00687	0.01306	0.01943	0.02700	0.52045	0.18171	0.11581	0.01695	0.00889	0.00247	0.00367	0.01502	0.00783	0.00677
29	0.00941	0.00668	0.00884	0.01044	0.01094	0.00632	0.00712	0.01077	0.01419	0.01888	0.03949	0.63149	0.04695	0.07596	0.01163	0.00336	0.00472	0.07012	0.00671	0.00598
30	0.01374	0.01120	0.01386	0.01267	0.04812	0.00944	0.00900	0.04704	0.01624	0.02371	0.05280	0.26634	0.02691	0.01229	0.00720	0.00193	0.00529	0.01080	0.00554	0.40589
31	0.07709	0.62810	0.03537	0.01305	0.01890	0.05812	0.01258	0.02234	0.01501	0.01868	0.01035	0.01217	0.00943	0.00673	0.00565	0.00172	0.03796	0.00411	0.00331	0.00932
32	0.03331	0.01263	0.01723	0.01321	0.01895	0.01091	0.01091	0.03618	0.02125	0.69794	0.02929	0.02527	0.01838	0.00919	0.00747	0.00230	0.00632	0.00747	0.00919	0.01263
33	0.08365	0.04102	0.02022	0.01581	0.02111	0.07150	0.01286	0.36529	0.17104	0.09172	0.02019	0.01964	0.01461	0.00887	0.00711	0.00226	0.00772	0.00670	0.00699	0.01170
34	0.01280	0.00804	0.01064	0.03671	0.01358	0.00773	0.00807	0.04246	0.01580	0.09461	0.03701	0.57503	0.04193	0.04539	0.01007	0.00303	0.00500	0.01809	0.00695	0.00707
35	0.11041	0.37201	0.15198	0.01527	0.02166	0.09352	0.04199	0.02258	0.01538	0.02076	0.01189	0.01438	0.01007	0.01032	0.05764	0.00265	0.00986	0.00483	0.00349	0.00932
36	0.01653	0.06568	0.01491	0.01145	0.01379	0.01367	0.00840	0.20358	0.01826	0.02436	0.02044	0.03489	0.02064	0.40127	0.09600	0.00582	0.00885	0.00880	0.00520	0.00746

[dist]
# distance from previous block
# <min> <max>
0	1

[block]
# block no. 1 follows, 27 sequences, length 67
# corresponding to MSA columns:
# 165-231
name=unknown_B
#
# <colnr> <probs for GDERKNQSTAVLIFYWHMCP>
#	G	D	E	R	K	N	Q	S	T	A	V	L	I	F	Y	W	H	M	C	P
0	0.01626	0.01384	0.01649	0.01300	0.05028	0.01101	0.00977	0.05571	0.01657	0.02547	0.01349	0.01567	0.01112	0.00574	0.00570	0.00122	0.00581	0.00463	0.00454	0.70366
1	0.71629	0.01421	0.01146	0.01001	0.01475	0.01605	0.00823	0.02251	0.01324	0.07062	0.01153	0.01295	0.00875	0.00696	0.00479	0.00225	0.00577	0.00423	0.00485	0.04057
2	0.01943	0.01928	0.02648	0.03659	0.48481	0.09478	0.01966	0.02685	0.14862	0.02492	0.01691	0.01967	0.01367	0.00741	0.00732	0.00223	0.00874	0.00676	0.00446	0.01141
3	0.00904	0.00646	0.00861	0.01034	0.01077	0.00603	0.00689	0.01034	0.01421	0.01895	0.04092	0.73426	0.04910	0.02326	0.00948	0.00301	0.00431	0.02110	0.00689	0.00603
4	0.01402	0.01319	0.02227	0.72126	0.05113	0.01649	0.02062	0.01897	0.01484	0.01897	0.01319	0.01979	0.00990	0.00742	0.00742	0.00247	0.00990	0.00660	0.00330	0.00825
5	0.01384	0.00692	0.00692	0.00692	0.00865	0.00692	0.00519	0.01730	0.01557	0.02768	0.02422	0.02768	0.01903	0.00865	0.00519	0.00173	0.00346	0.00692	0.78031	0.00692
6	0.11587	0.01316	0.01774	0.01365	0.01935	0.01190	0.04031	0.03404	0.02013	0.59435	0.02656	0.02358	0.01692	0.00880	0.00721	0.00231	0.00654	0.00715	0.00844	0.01201
7	0.01624	0.01624	0.02274	0.01949	0.01949	0.02274	0.01624	0.01787	0.01137	0.01787	0.00975	0.01624	0.00975	0.01299	0.02436	0.00325	0.72552	0.00650	0.00325	0.00812
8	0.01078	0.00725	0.00835	0.00835	0.00844	0.00733	0.00481	0.01096	0.01087	0.01458	0.02316	0.04730	0.02643	0.69405	0.08208	0.00751	0.00803	0.01061	0.00446	0.00464
9	0.03331	0.01263	0.01723	0.01321	0.01895	0.01091	0.01091	0.03618	0.02125	0.69794	0.02929	0.02527	0.01838	0.00919	0.00747	0.00230	0.00632	0.00747	0.00919	0.01263
10	0.00897	0.00753	0.00779	0.00773	0.01015	0.00635	0.00580	0.01104	0.01739	0.02116	0.14509	0.06962	0.61921	0.01839	0.00877	0.00249	0.00373	0.01541	0.00704	0.00635
11	0.01061	0.00795	0.01193	0.01193	0.01326	0.00928	0.00928	0.01326	0.01193	0.01723	0.01988	0.02916	0.01856	0.05568	0.70968	0.01193	0.01988	0.00795	0.00398	0.00663
12	0.01985	0.74357	0.03890	0.01270	0.01905	0.02937	0.01270	0.02223	0.01508	0.01747	0.01032	0.01191	0.00953	0.00635	0.00476	0.00159	0.00794	0.00397	0.00318	0.00953
13	0.79154	0.01436	0.01091	0.00976	0.01436	0.01665	0.00804	0.02182	0.01263	0.03331	0.01034	0.01206	0.00804	0.00689	0.00459	0.00230	0.00574	0.00402	0.00459	0.00804
14	0.01624	0.01624	0.02274	0.01949	0.01949	0.02274	0.01624	0.01787	0.01137	0.01787	0.00975	0.01624	0.00975	0.01299	0.02436	0.00325	0.72552	0.00650	0.00325	0.00812
15	0.79154	0.01436	0.01091	0.00976	0.01436	0.01665	0.00804	0.02182	0.01263	0.03331	0.01034	0.01206	0.00804	0.00689	0.00459	0.00230	0.00574	0.00402	0.00459	0.00804
16	0.79154	0.01436	0.01091	0.00976	0.01436	0.01665	0.00804	0.02182	0.01263	0.03331	0.01034	0.01206	0.00804	0.00689	0.00459	0.00230	0.00574	0.00402	0.00459	0.00804
17	0.01425	0.01365	0.02369	0.67577	0.05032	0.01664	0.06315	0.01928	0.01502	0.01928	0.01332	0.01981	0.00999	0.00735	0.00751	0.00248	0.01007	0.00674	0.00333	0.00836
18	0.00904	0.00646	0.00861	0.01034	0.01077	0.00603	0.00689	0.01034	0.01421	0.01895	0.04092	0.73426	0.04910	0.02326	0.00948	0.00301	0.00431	0.02110	0.00689	0.00603
19	0.03331	0.01263	0.01723	0.01321	0.01895	0.01091	0.01091	0.03618	0.02125	0.69794	0.02929	0.02527	0.01838	0.00919	0.00747	0.00230	0.00632	0.00747	0.00919	0.01263
20	0.03331	0.01263	0.01723	0.01321	0.01895	0.01091	0.01091	0.03618	0.02125	0.69794	0.02929	0.02527	0.01838	0.00919	0.00747	0.00230	0.00632	0.00747	0.00919	0.01263
21	0.01499	0.03772	0.67647	0.02153	0.03238	0.01730	0.05092	0.02352	0.01574	0.02352	0.01338	0.01583	0.00947	0.00702	0.00712	0.00236	0.01103	0.00561	0.00316	0.01094
22	0.01085	0.00814	0.01170	0.01157	0.01263	0.00943	0.00874	0.01302	0.01172	0.01678	0.02009	0.03191	0.01963	0.16771	0.57245	0.01082	0.04406	0.00837	0.00404	0.00633
23	0.03201	0.01235	0.01681	0.01299	0.01851	0.01069	0.01069	0.03492	0.02123	0.66004	0.06669	0.02698	0.02131	0.00953	0.00754	0.00230	0.00616	0.00780	0.00913	0.01231
24	0.01715	0.01850	0.03779	0.14033	0.16961	0.01820	0.43974	0.02284	0.01699	0.02313	0.01453	0.01966	0.01115	0.00651	0.00828	0.00244	0.01138	0.00800	0.00367	0.01008
25	0.01878	0.01881	0.02847	0.11386	0.56394	0.08121	0.02178	0.02302	0.01707	0.02314	0.01365	0.01806	0.01136	0.00679	0.00730	0.00221	0.00935	0.00644	0.00365	0.01110
26	0.01656	0.01681	0.02266	0.04864	0.02093	0.04731	0.01635	0.01834	0.01186	0.01792	0.00995	0.01629	0.00974	0.01257	0.02302	0.00317	0.67002	0.00644	0.00327	0.00814
27	0.00904	0.00646	0.00861	0.01034	0.01077	0.00603	0.00689	0.01034	0.01421	0.01895	0.04092	0.73426	0.04910	0.02326	0.00948	0.00301	0.00431	0.02110	0.00689	0.00603
28	0.01624	0.01624	0.02274	0.01949	0.01949	0.02274	0.01624	0.01787	0.01137	0.01787	0.00975	0.01624	0.00975	0.01299	0.02436	0.00325	0.72552	0.00650	0.00325	0.00812
29	0.07765	0.03663	0.01780	0.09769	0.06710	0.01316	0.01225	0.06345	0.04152	0.33155	0.02574	0.14034	0.02085	0.01091	0.00750	0.00241	0.00667	0.00921	0.00707	0.01051
30	0.02773	0.03538	0.02104	0.01913	0.02295	0.70930	0.01434	0.02964	0.02104	0.01817	0.01148	0.01339	0.00956	0.00765	0.00669	0.00191	0.01339	0.00478	0.00383	0.00861
31	0.01039	0.00758	0.00976	0.00922	0.01102	0.00696	0.00691	0.01379	0.02074	0.02913	0.64842	0.05651	0.11090	0.01542	0.00876	0.00235	0.00352	0.01357	0.00809	0.00696
32	0.00938	0.00676	0.00893	0.01034	0.01107	0.00631	0.00719	0.01107	0.01523	0.02035	0.11019	0.59264	0.07750	0.02204	0.00942	0.00295	0.00437	0.06106	0.00702	0.00620
33	0.02891	0.01969	0.02159	0.01656	0.02247	0.02138	0.01368	0.58232	0.03305	0.13512	0.01938	0.01883	0.01341	0.00895	0.00743	0.00224	0.00792	0.00679	0.00767	0.01263
34	0.03276	0.01352	0.01778	0.01363	0.01939	0.01222	0.01126	0.10463	0.02273	0.62740	0.02805	0.02446	0.01775	0.00916	0.00746	0.00229	0.00652	0.00738	0.00900	0.01263
35	0.79154	0.01436	0.01091	0.00976	0.01436	0.01665	0.00804	0.02182	0.01263	0.03331	0.01034	0.01206	0.00804	0.00689	0.00459	0.00230	0.00574	0.00402	0.00459	0.00804
36	0.00904	0.00646	0.00861	0.01034	0.01077	0.00603	0.00689	0.01034	0.01421	0.01895	0.04092	0.73426	0.04910	0.02326	0.00948	0.00301	0.00431	0.02110	0.00689	0.00603
37	0.01539	0.01319	0.01539	0.01100	0.01759	0.00990	0.00880	0.01869	0.01539	0.02419	0.01319	0.01539	0.01100	0.00550	0.00550	0.00110	0.00550	0.00440	0.00440	0.78449
38	0.01402	0.01319	0.02227	0.72126	0.05113	0.01649	0.02062	0.01897	0.01484	0.01897	0.01319	0.01979	0.00990	0.00742	0.00742	0.00247	0.00990	0.00660	0.00330	0.00825
39	0.01489	0.03840	0.70064	0.02116	0.03213	0.01724	0.02743	0.02351	0.01567	0.02351	0.01332	0.01567	0.00940	0.00705	0.00705	0.00235	0.01097	0.00549	0.00313	0.01097
40	0.00904	0.00646	0.00861	0.01034	0.01077	0.00603	0.00689	0.01034	0.01421	0.01895	0.04092	0.73426	0.04910	0.02326	0.00948	0.00301	0.00431	0.02110	0.00689	0.00603
41	0.00939	0.00674	0.00914	0.01071	0.01131	0.00649	0.00746	0.01095	0.01422	0.01904	0.03899	0.62688	0.04602	0.02585	0.06973	0.00381	0.00583	0.06466	0.00664	0.00614
42	0.02023	0.70961	0.03804	0.01301	0.01924	0.06198	0.01278	0.02258	0.01537	0.01750	0.01038	0.01198	0.00953	0.00641	0.00486	0.00160	0.00820	0.00401	0.00321	0.00948
43	0.01235	0.00802	0.01039	0.00955	0.01169	0.00729	0.00725	0.01569	0.02075	0.08655	0.59013	0.05395	0.10806	0.01491	0.00865	0.00234	0.00376	0.01307	0.00817	0.00744
44	0.01837	0.01764	0.03013	0.04557	0.69279	0.01764	0.02278	0.02278	0.01690	0.02425	0.01396	0.01837	0.01176	0.00661	0.00735	0.00220	0.00882	0.00661	0.00367	0.01176
45	0.02755	0.01223	0.01595	0.01282	0.01769	0.01126	0.01037	0.03293	0.10855	0.49835	0.13907	0.03061	0.02754	0.01030	0.00769	0.00233	0.00579	0.00858	0.00880	0.01158
46	0.03148	0.01304	0.01717	0.01344	0.01899	0.01184	0.01101	0.03658	0.10235	0.61576	0.02940	0.02557	0.01890	0.00930	0.00748	0.00232	0.00626	0.00758	0.00899	0.01253
47	0.01837	0.01764	0.03013	0.04557	0.69279	0.01764	0.02278	0.02278	0.01690	0.02425	0.01396	0.01837	0.01176	0.00661	0.00735	0.00220	0.00882	0.00661	0.00367	0.01176
48	0.01710	0.01634	0.02783	0.24328	0.50503	0.01730	0.02215	0.02167	0.01630	0.02271	0.01374	0.01879	0.01121	0.00685	0.00737	0.00228	0.00913	0.00661	0.00356	0.01073
49	0.03252	0.01390	0.01801	0.01381	0.01958	0.01280	0.01141	0.13457	0.02337	0.59654	0.02750	0.02411	0.01748	0.00915	0.00746	0.00229	0.00661	0.00734	0.00891	0.01263
50	0.00877	0.00752	0.00752	0.00752	0.01003	0.00627	0.00564	0.01065	0.01692	0.02005	0.07520	0.07144	0.68978	0.01880	0.00877	0.00251	0.00376	0.01567	0.00689	0.00627
51	0.00915	0.00654	0.00854	0.01010	0.01057	0.00611	0.00669	0.01038	0.01408	0.01869	0.04087	0.66770	0.06829	0.07031	0.01132	0.00327	0.00448	0.02025	0.00673	0.00594
52	0.01884	0.44238	0.26287	0.01614	0.02384	0.08370	0.01786	0.02330	0.01580	0.01959	0.01144	0.01332	0.00949	0.00670	0.00571	0.00188	0.00944	0.00456	0.00322	0.00994
53	0.79154	0.01436	0.01091	0.00976	0.01436	0.01665	0.00804	0.02182	0.01263	0.03331	0.01034	0.01206	0.00804	0.00689	0.00459	0.00230	0.00574	0.00402	0.00459	0.00804
54	0.01080	0.00720	0.00810	0.00810	0.00810	0.00720	0.00450	0.01080	0.01080	0.01439	0.02339	0.04858	0.02699	0.73910	0.03779	0.00720	0.00720	0.01080	0.00450	0.00450
55	0.01375	0.01277	0.02137	0.63596	0.07062	0.01563	0.01951	0.01836	0.01486	0.01916	0.01561	0.08117	0.01333	0.00875	0.00760	0.00251	0.00938	0.00785	0.00362	0.00818
56	0.01755	0.01670	0.02788	0.17242	0.53249	0.01747	0.02175	0.02300	0.05408	0.02363	0.01474	0.01917	0.01202	0.00696	0.00737	0.00227	0.00886	0.00671	0.00382	0.01109
57	0.01846	0.01595	0.01679	0.01511	0.01930	0.01846	0.01175	0.03945	0.67938	0.03105	0.03022	0.02770	0.02266	0.01007	0.00755	0.00252	0.00588	0.00839	0.00755	0.01175
58	0.01985	0.74357	0.03890	0.01270	0.01905	0.02937	0.01270	0.02223	0.01508	0.01747	0.01032	0.01191	0.00953	0.00635	0.00476	0.00159	0.00794	0.00397	0.00318	0.00953
59	0.01489	0.03840	0.70064	0.02116	0.03213	0.01724	0.02743	0.02351	0.01567	0.02351	0.01332	0.01567	0.00940	0.00705	0.00705	0.00235	0.01097	0.00549	0.00313	0.01097
60	0.02542	0.04528	0.01994	0.01525	0.02026	0.01875	0.01241	0.44518	0.02878	0.13221	0.02298	0.13775	0.01937	0.01124	0.00767	0.00234	0.00726	0.00909	0.00742	0.01141
61	0.00908	0.00655	0.00861	0.01017	0.01074	0.00607	0.00684	0.01048	0.01458	0.01937	0.06473	0.67925	0.08054	0.02277	0.00942	0.00297	0.00425	0.02058	0.00694	0.00607
62	0.00904	0.00646	0.00861	0.01034	0.01077	0.00603	0.00689	0.01034	0.01421	0.01895	0.04092	0.73426	0.04910	0.02326	0.00948	0.00301	0.00431	0.02110	0.00689	0.00603
63	0.01679	0.01932	0.06304	0.07553	0.06255	0.01798	0.51771	0.02268	0.01726	0.02363	0.05285	0.02168	0.01441	0.00709	0.00904	0.00250	0.03363	0.00861	0.00393	0.00977
64	0.01502	0.03761	0.67523	0.02208	0.05716	0.01726	0.02725	0.02348	0.01572	0.02354	0.01335	0.01578	0.00949	0.00704	0.00706	0.00235	0.01089	0.00553	0.00316	0.01100
65	0.02822	0.02079	0.02228	0.01708	0.02302	0.02302	0.01411	0.66804	0.03490	0.04679	0.01782	0.01782	0.01262	0.00891	0.00743	0.00223	0.00817	0.00668	0.00743	0.01262
66	0.02473	0.01278	0.01581	0.01297	0.01749	0.01243	0.01039	0.10139	0.12550	0.35673	0.14559	0.05770	0.05054	0.01118	0.00782	0.00236	0.00580	0.00934	0.00840	0.01106

[dist]
# distance from previous block
# <min> <max>
0	4

[block]
# block no. 2 follows, 27 sequences, length 8
# corresponding to MSA columns:
# 236-243
name=unknown_C
#
# <colnr> <probs for GDERKNQSTAVLIFYWHMCP>
#	G	D	E	R	K	N	Q	S	T	A	V	L	I	F	Y	W	H	M	C	P
0	0.02371	0.02409	0.26574	0.01985	0.08595	0.01646	0.01860	0.15248	0.04882	0.23998	0.01996	0.01984	0.01361	0.00817	0.00730	0.00230	0.00856	0.00656	0.00610	0.01192
1	0.48882	0.02096	0.21266	0.01324	0.01961	0.01607	0.01379	0.02264	0.01436	0.06302	0.04558	0.01590	0.01200	0.00746	0.00566	0.00231	0.00719	0.00508	0.00457	0.00907
2	0.56341	0.01249	0.01121	0.01040	0.01404	0.01450	0.00840	0.01932	0.01243	0.02861	0.01313	0.01706	0.01111	0.02114	0.21057	0.00511	0.00987	0.00517	0.00441	0.00763
3	0.01177	0.00645	0.00936	0.00987	0.00999	0.00633	0.00658	0.00987	0.01100	0.01466	0.02108	0.23047	0.02347	0.02505	0.02331	0.55586	0.00582	0.01073	0.00430	0.00404
4	0.01439	0.01486	0.03029	0.02332	0.02815	0.01395	0.40927	0.01884	0.01640	0.02209	0.02502	0.25989	0.02563	0.01272	0.00909	0.00273	0.00947	0.05041	0.00497	0.00851
5	0.01917	0.53220	0.04033	0.01813	0.02482	0.02628	0.20350	0.02268	0.01580	0.01931	0.01169	0.01428	0.01003	0.00632	0.00593	0.00186	0.00928	0.00537	0.00334	0.00967
6	0.79154	0.01436	0.01091	0.00976	0.01436	0.01665	0.00804	0.02182	0.01263	0.03331	0.01034	0.01206	0.00804	0.00689	0.00459	0.00230	0.00574	0.00402	0.00459	0.00804
7	0.02584	0.01162	0.01469	0.01178	0.01659	0.01027	0.00956	0.06621	0.02079	0.46128	0.04202	0.03832	0.21417	0.01198	0.00785	0.00235	0.00568	0.00982	0.00841	0.01077

[dist]
# distance from previous block
# <min> <max>
0	12

[block]
# block no. 3 follows, 27 sequences, length 12
# corresponding to MSA columns:
# 256-267
name=unknown_D
#
# <colnr> <probs for GDERKNQSTAVLIFYWHMCP>
#	G	D	E	R	K	N	Q	S	T	A	V	L	I	F	Y	W	H	M	C	P
0	0.02064	0.01546	0.01685	0.01483	0.01925	0.01736	0.01163	0.03897	0.58276	0.12896	0.03008	0.02734	0.02203	0.00994	0.00754	0.00249	0.00594	0.00826	0.00779	0.01188
1	0.02710	0.01126	0.01524	0.01215	0.01681	0.00985	0.00985	0.03014	0.02118	0.51589	0.20899	0.03349	0.03245	0.01082	0.00782	0.00231	0.00555	0.00909	0.00891	0.01110
2	0.01011	0.00728	0.00957	0.00961	0.01100	0.00674	0.00697	0.01301	0.01916	0.02682	0.51234	0.24040	0.06434	0.01738	0.00895	0.00252	0.00372	0.01552	0.00782	0.00674
3	0.01484	0.01049	0.01697	0.01356	0.01686	0.01015	0.18518	0.01906	0.01610	0.02662	0.02171	0.02559	0.01691	0.00800	0.00616	0.00194	0.00593	0.00742	0.56874	0.00776
4	0.01099	0.00746	0.00972	0.00974	0.01129	0.00684	0.00708	0.01368	0.01867	0.05613	0.42287	0.26923	0.09295	0.01764	0.00893	0.00256	0.00390	0.01570	0.00775	0.00691
5	0.01227	0.00686	0.01029	0.01029	0.01065	0.00722	0.00722	0.01065	0.01029	0.01408	0.01480	0.02436	0.01444	0.03393	0.21446	0.57365	0.01011	0.00686	0.00343	0.00415
6	0.00995	0.00752	0.00918	0.00887	0.01077	0.00675	0.00661	0.01289	0.01953	0.02651	0.48453	0.09203	0.24452	0.01658	0.00879	0.00242	0.00361	0.01442	0.00775	0.00675
7	0.01433	0.01056	0.01229	0.01178	0.01404	0.01075	0.00872	0.18980	0.02060	0.02735	0.07967	0.41818	0.11581	0.01831	0.00879	0.00270	0.00524	0.01605	0.00712	0.00792
8	0.56744	0.13479	0.10416	0.01170	0.01740	0.01878	0.01128	0.02210	0.01342	0.02950	0.01072	0.01250	0.00845	0.00683	0.00494	0.00219	0.00677	0.00420	0.00418	0.00866
9	0.01723	0.04460	0.02886	0.06054	0.11539	0.01696	0.24788	0.11506	0.01824	0.02494	0.01634	0.02164	0.01338	0.02022	0.19912	0.00495	0.01308	0.00765	0.00430	0.00959
10	0.01678	0.01333	0.01955	0.06750	0.24941	0.01410	0.01462	0.02315	0.17858	0.04251	0.01926	0.02513	0.01627	0.01346	0.01344	0.21536	0.00735	0.03637	0.00480	0.00901
11	0.01305	0.20811	0.01782	0.01026	0.01326	0.01310	0.00856	0.01625	0.01940	0.02642	0.50400	0.04359	0.05356	0.01277	0.00767	0.00213	0.00471	0.01085	0.00681	0.00769

[dist]
# distance from previous block
# <min> <max>
0	17

[block]
# block no. 4 follows, 27 sequences, length 16
# corresponding to MSA columns:
# 285-300
name=unknown_E
#
# <colnr> <probs for GDERKNQSTAVLIFYWHMCP>
#	G	D	E	R	K	N	Q	S	T	A	V	L	I	F	Y	W	H	M	C	P
0	0.01313	0.00776	0.00904	0.00863	0.00922	0.00758	0.00516	0.01343	0.01188	0.08534	0.02400	0.04616	0.02610	0.66334	0.03464	0.00669	0.00711	0.01045	0.00499	0.00534
1	0.14443	0.00869	0.00950	0.00905	0.01140	0.00846	0.00687	0.01444	0.01835	0.02772	0.40558	0.08247	0.19683	0.01493	0.00808	0.00240	0.00398	0.01266	0.00721	0.00697
2	0.02938	0.01177	0.01597	0.01254	0.01760	0.01024	0.01024	0.03236	0.02121	0.58298	0.14277	0.03046	0.02727	0.01022	0.00769	0.00230	0.00583	0.00849	0.00901	0.01167
3	0.02328	0.02860	0.01889	0.01717	0.02037	0.51709	0.01304	0.02515	0.01933	0.01846	0.02226	0.02367	0.12661	0.01012	0.00889	0.00215	0.08564	0.00683	0.00429	0.00815
4	0.01238	0.00981	0.01042	0.00944	0.01242	0.00926	0.00730	0.12425	0.02062	0.02610	0.15648	0.05984	0.48123	0.01656	0.00854	0.00243	0.00448	0.01379	0.00718	0.00747
5	0.65777	0.01416	0.01286	0.13217	0.02068	0.01663	0.01020	0.02133	0.01301	0.03084	0.01083	0.01339	0.00836	0.00698	0.00508	0.00233	0.00646	0.00446	0.00437	0.00808
6	0.01985	0.74357	0.03890	0.01270	0.01905	0.02937	0.01270	0.02223	0.01508	0.01747	0.01032	0.01191	0.00953	0.00635	0.00476	0.00159	0.00794	0.00397	0.00318	0.00953
7	0.03331	0.01263	0.01723	0.01321	0.01895	0.01091	0.01091	0.03618	0.02125	0.69794	0.02929	0.02527	0.01838	0.00919	0.00747	0.00230	0.00632	0.00747	0.00919	0.01263
8	0.01837	0.01764	0.03013	0.04557	0.69279	0.01764	0.02278	0.02278	0.01690	0.02425	0.01396	0.01837	0.01176	0.00661	0.00735	0.00220	0.00882	0.00661	0.00367	0.01176
9	0.03331	0.01263	0.01723	0.01321	0.01895	0.01091	0.01091	0.03618	0.02125	0.69794	0.02929	0.02527	0.01838	0.00919	0.00747	0.00230	0.00632	0.00747	0.00919	0.01263
10	0.01025	0.00758	0.00956	0.00907	0.01093	0.00689	0.00680	0.01350	0.02040	0.02831	0.59663	0.05786	0.16321	0.01572	0.00876	0.00236	0.00354	0.01376	0.00798	0.00689
11	0.00953	0.00684	0.00905	0.01000	0.01088	0.00636	0.00693	0.01156	0.01648	0.02256	0.25707	0.50781	0.05609	0.02056	0.00924	0.00279	0.00404	0.01854	0.00732	0.00636
12	0.03331	0.01263	0.01723	0.01321	0.01895	0.01091	0.01091	0.03618	0.02125	0.69794	0.02929	0.02527	0.01838	0.00919	0.00747	0.00230	0.00632	0.00747	0.00919	0.01263
13	0.01402	0.01319	0.02227	0.72126	0.05113	0.01649	0.02062	0.01897	0.01484	0.01897	0.01319	0.01979	0.00990	0.00742	0.00742	0.00247	0.00990	0.00660	0.00330	0.00825
14	0.02910	0.01939	0.02141	0.01641	0.02232	0.02094	0.01356	0.55933	0.03255	0.15881	0.01980	0.01910	0.01361	0.00896	0.00743	0.00224	0.00785	0.00682	0.00773	0.01263
15	0.02388	0.01845	0.01925	0.01577	0.02074	0.04483	0.01266	0.37704	0.23049	0.06246	0.02492	0.05212	0.04286	0.01019	0.00757	0.00235	0.00726	0.00809	0.00736	0.01170

[dist]
# distance from previous block
# <min> <max>
2	11

[block]
# block no. 5 follows, 27 sequences, length 56
# corresponding to MSA columns:
# 312-367
name=unknown_F
#
# <colnr> <probs for GDERKNQSTAVLIFYWHMCP>
#	G	D	E	R	K	N	Q	S	T	A	V	L	I	F	Y	W	H	M	C	P
0	0.01998	0.47862	0.15044	0.01513	0.02172	0.13941	0.01536	0.02341	0.01637	0.01904	0.03347	0.01425	0.01151	0.00698	0.00562	0.00180	0.00923	0.00468	0.00344	0.00954
1	0.40512	0.08409	0.13738	0.01490	0.06021	0.01723	0.01331	0.02484	0.03883	0.12158	0.01442	0.01546	0.01060	0.00729	0.00572	0.00225	0.00713	0.00507	0.00490	0.00969
2	0.09463	0.04208	0.04033	0.01181	0.01558	0.01329	0.00974	0.14269	0.05803	0.10424	0.17720	0.05899	0.02969	0.05274	0.00887	0.00251	0.00574	0.00887	0.11387	0.00911
3	0.02223	0.02021	0.02145	0.06915	0.02444	0.13618	0.07357	0.24961	0.12714	0.03167	0.02005	0.02113	0.03785	0.00860	0.00724	0.00216	0.00865	0.00696	0.03982	0.07188
4	0.02010	0.01381	0.01720	0.01317	0.01871	0.01233	0.02986	0.08894	0.04481	0.16304	0.01957	0.07138	0.01589	0.00844	0.00740	0.00179	0.03765	0.00687	0.00592	0.40311
5	0.00906	0.00667	0.00850	0.00986	0.01066	0.00611	0.00670	0.01053	0.01491	0.01955	0.07207	0.60363	0.15007	0.02224	0.00934	0.00291	0.00419	0.01995	0.00694	0.00611
6	0.01812	0.01738	0.02968	0.08453	0.65580	0.01757	0.02266	0.02256	0.01678	0.02395	0.01392	0.01846	0.01165	0.00666	0.00735	0.00222	0.00888	0.00661	0.00365	0.01156
7	0.03331	0.01263	0.01723	0.01321	0.01895	0.01091	0.01091	0.03618	0.02125	0.69794	0.02929	0.02527	0.01838	0.00919	0.00747	0.00230	0.00632	0.00747	0.00919	0.01263
8	0.00879	0.00746	0.00758	0.00768	0.01007	0.00625	0.00571	0.01064	0.01677	0.01999	0.07326	0.10895	0.65353	0.01905	0.00881	0.00254	0.00379	0.01598	0.00689	0.00625
9	0.01045	0.00754	0.00987	0.00938	0.01108	0.00697	0.00700	0.01386	0.02075	0.02934	0.66330	0.08225	0.06922	0.01550	0.00878	0.00236	0.00353	0.01373	0.00812	0.00697
10	0.00910	0.00651	0.00867	0.01030	0.01078	0.00607	0.00690	0.01048	0.01449	0.01939	0.06693	0.70701	0.04994	0.02293	0.00945	0.00299	0.00427	0.02080	0.00694	0.00607
11	0.01846	0.01595	0.01679	0.01511	0.01930	0.01846	0.01175	0.03945	0.67938	0.03105	0.03022	0.02770	0.02266	0.01007	0.00755	0.00252	0.00588	0.00839	0.00755	0.01175
12	0.01402	0.01319	0.02227	0.72126	0.05113	0.01649	0.02062	0.01897	0.01484	0.01897	0.01319	0.01979	0.00990	0.00742	0.00742	0.00247	0.00990	0.00660	0.00330	0.00825
13	0.01489	0.03840	0.70064	0.02116	0.03213	0.01724	0.02743	0.02351	0.01567	0.02351	0.01332	0.01567	0.00940	0.00705	0.00705	0.00235	0.01097	0.00549	0.00313	0.01097
14	0.01624	0.01624	0.02274	0.01949	0.01949	0.02274	0.01624	0.01787	0.01137	0.01787	0.00975	0.01624	0.00975	0.01299	0.02436	0.00325	0.72552	0.00650	0.00325	0.00812
15	0.01837	0.01764	0.03013	0.04557	0.69279	0.01764	0.02278	0.02278	0.01690	0.02425	0.01396	0.01837	0.01176	0.00661	0.00735	0.00220	0.00882	0.00661	0.00367	0.01176
16	0.03023	0.01273	0.01691	0.01283	0.01872	0.01074	0.01055	0.03317	0.02024	0.58211	0.02652	0.02357	0.01711	0.00855	0.00713	0.00209	0.00618	0.00694	0.00836	0.14532
17	0.00877	0.00752	0.00752	0.00752	0.01003	0.00627	0.00564	0.01065	0.01692	0.02005	0.07520	0.07144	0.68978	0.01880	0.00877	0.00251	0.00376	0.01567	0.00689	0.00627
18	0.01064	0.00782	0.01127	0.01127	0.01237	0.00892	0.00846	0.01283	0.01174	0.01675	0.02049	0.03250	0.02001	0.17316	0.59418	0.01112	0.01770	0.00844	0.00407	0.00626
19	0.01682	0.01315	0.01554	0.01117	0.01770	0.00998	0.00897	0.02009	0.01586	0.07790	0.01448	0.01618	0.01158	0.00579	0.00565	0.00120	0.00556	0.00464	0.00478	0.72295
20	0.01574	0.01710	0.03613	0.02662	0.03264	0.01602	0.52068	0.02103	0.01718	0.02333	0.05738	0.13895	0.02078	0.00955	0.00888	0.00258	0.01066	0.01105	0.00452	0.00919
21	0.01489	0.03840	0.70064	0.02116	0.03213	0.01724	0.02743	0.02351	0.01567	0.02351	0.01332	0.01567	0.00940	0.00705	0.00705	0.00235	0.01097	0.00549	0.00313	0.01097
22	0.01402	0.01319	0.02227	0.72126	0.05113	0.01649	0.02062	0.01897	0.01484	0.01897	0.01319	0.01979	0.00990	0.00742	0.00742	0.00247	0.00990	0.00660	0.00330	0.00825
23	0.03035	0.01452	0.01805	0.01415	0.01971	0.01408	0.01159	0.14688	0.11522	0.49152	0.02742	0.02431	0.01797	0.00926	0.00747	0.00232	0.00658	0.00746	0.00865	0.01251
24	0.01402	0.01319	0.02227	0.72126	0.05113	0.01649	0.02062	0.01897	0.01484	0.01897	0.01319	0.01979	0.00990	0.00742	0.00742	0.00247	0.00990	0.00660	0.00330	0.00825
25	0.00877	0.00752	0.00752	0.00752	0.01003	0.00627	0.00564	0.01065	0.01692	0.02005	0.07520	0.07144	0.68978	0.01880	0.00877	0.00251	0.00376	0.01567	0.00689	0.00627
26	0.01752	0.02003	0.04380	0.03129	0.03880	0.01877	0.66583	0.02378	0.01752	0.02378	0.01502	0.02003	0.01126	0.00626	0.00876	0.00250	0.01252	0.00876	0.00375	0.01001
27	0.01837	0.01764	0.03013	0.04557	0.69279	0.01764	0.02278	0.02278	0.01690	0.02425	0.01396	0.01837	0.01176	0.00661	0.00735	0.00220	0.00882	0.00661	0.00367	0.01176
28	0.03174	0.01514	0.01878	0.01440	0.02020	0.01463	0.01189	0.23038	0.02544	0.49781	0.02576	0.02298	0.01661	0.00910	0.00745	0.00228	0.00689	0.00723	0.00865	0.01263
29	0.79154	0.01436	0.01091	0.00976	0.01436	0.01665	0.00804	0.02182	0.01263	0.03331	0.01034	0.01206	0.00804	0.00689	0.00459	0.00230	0.00574	0.00402	0.00459	0.00804
30	0.79154	0.01436	0.01091	0.00976	0.01436	0.01665	0.00804	0.02182	0.01263	0.03331	0.01034	0.01206	0.00804	0.00689	0.00459	0.00230	0.00574	0.00402	0.00459	0.00804
31	0.01946	0.01524	0.01606	0.01348	0.01722	0.04582	0.01055	0.28354	0.11273	0.03447	0.20887	0.03474	0.06257	0.07891	0.01066	0.00276	0.00650	0.00950	0.00720	0.00972
32	0.01011	0.00757	0.00937	0.00892	0.01085	0.00684	0.00669	0.01324	0.02007	0.02754	0.54784	0.05913	0.21247	0.01601	0.00876	0.00237	0.00356	0.01394	0.00788	0.00684
33	0.13312	0.01972	0.02050	0.01600	0.02169	0.02197	0.01318	0.55506	0.05629	0.04433	0.01726	0.01740	0.01237	0.00868	0.00704	0.00225	0.00775	0.00638	0.00704	0.01196
34	0.02749	0.01942	0.02118	0.01633	0.02218	0.02105	0.01343	0.54426	0.06991	0.10254	0.01933	0.01894	0.01363	0.00884	0.00734	0.00220	0.00774	0.00674	0.00744	0.05001
35	0.02647	0.09992	0.02245	0.01830	0.02238	0.60642	0.01404	0.02952	0.05845	0.01885	0.01245	0.01408	0.01031	0.00767	0.00656	0.00192	0.01245	0.00491	0.00398	0.00887
36	0.79154	0.01436	0.01091	0.00976	0.01436	0.01665	0.00804	0.02182	0.01263	0.03331	0.01034	0.01206	0.00804	0.00689	0.00459	0.00230	0.00574	0.00402	0.00459	0.00804
37	0.01402	0.01319	0.02227	0.72126	0.05113	0.01649	0.02062	0.01897	0.01484	0.01897	0.01319	0.01979	0.00990	0.00742	0.00742	0.00247	0.00990	0.00660	0.00330	0.00825
38	0.00904	0.00646	0.00861	0.01034	0.01077	0.00603	0.00689	0.01034	0.01421	0.01895	0.04092	0.73426	0.04910	0.02326	0.00948	0.00301	0.00431	0.02110	0.00689	0.00603
39	0.01674	0.01877	0.04054	0.02935	0.03620	0.01759	0.60474	0.02253	0.01722	0.02333	0.01742	0.08625	0.01477	0.00783	0.00883	0.00255	0.01175	0.00991	0.00405	0.00964
40	0.71997	0.01419	0.01151	0.01009	0.01479	0.01611	0.00831	0.02318	0.01345	0.09604	0.01213	0.01331	0.00902	0.00711	0.00487	0.00230	0.00580	0.00435	0.00503	0.00847
41	0.01402	0.01319	0.02227	0.72126	0.05113	0.01649	0.02062	0.01897	0.01484	0.01897	0.01319	0.01979	0.00990	0.00742	0.00742	0.00247	0.00990	0.00660	0.00330	0.00825
42	0.00904	0.00646	0.00861	0.01034	0.01077	0.00603	0.00689	0.01034	0.01421	0.01895	0.04092	0.73426	0.04910	0.02326	0.00948	0.00301	0.00431	0.02110	0.00689	0.00603
43	0.01489	0.03840	0.70064	0.02116	0.03213	0.01724	0.02743	0.02351	0.01567	0.02351	0.01332	0.01567	0.00940	0.00705	0.00705	0.00235	0.01097	0.00549	0.00313	0.01097
44	0.01051	0.00759	0.00992	0.00934	0.01109	0.00700	0.00700	0.01401	0.02101	0.02977	0.68888	0.05545	0.07005	0.01518	0.00876	0.00233	0.00350	0.01343	0.00817	0.00700
45	0.02740	0.02020	0.02180	0.01684	0.02257	0.02238	0.01389	0.63762	0.03384	0.04541	0.01792	0.01835	0.01290	0.01108	0.04005	0.00268	0.00871	0.00674	0.00727	0.01235
46	0.01402	0.01319	0.02227	0.72126	0.05113	0.01649	0.02062	0.01897	0.01484	0.01897	0.01319	0.01979	0.00990	0.00742	0.00742	0.00247	0.00990	0.00660	0.00330	0.00825
47	0.03331	0.01263	0.01723	0.01321	0.01895	0.01091	0.01091	0.03618	0.02125	0.69794	0.02929	0.02527	0.01838	0.00919	0.00747	0.00230	0.00632	0.00747	0.00919	0.01263
48	0.01070	0.00716	0.00813	0.00822	0.00825	0.00713	0.00463	0.01077	0.01099	0.01465	0.02438	0.08738	0.02824	0.69860	0.03618	0.00696	0.00703	0.01138	0.00463	0.00458
49	0.79154	0.01436	0.01091	0.00976	0.01436	0.01665	0.00804	0.02182	0.01263	0.03331	0.01034	0.01206	0.00804	0.00689	0.00459	0.00230	0.00574	0.00402	0.00459	0.00804
50	0.01985	0.74357	0.03890	0.01270	0.01905	0.02937	0.01270	0.02223	0.01508	0.01747	0.01032	0.01191	0.00953	0.00635	0.00476	0.00159	0.00794	0.00397	0.00318	0.00953
51	0.01395	0.01281	0.02154	0.68023	0.04874	0.01591	0.01980	0.01843	0.01455	0.01862	0.01318	0.01995	0.01007	0.00848	0.00867	0.04754	0.00970	0.00659	0.00329	0.00796
52	0.01742	0.01972	0.04212	0.03034	0.03725	0.01909	0.61383	0.02331	0.01703	0.02331	0.01460	0.01972	0.01114	0.00680	0.01001	0.00256	0.06960	0.00858	0.00371	0.00986
53	0.01080	0.00720	0.00810	0.00810	0.00810	0.00720	0.00450	0.01080	0.01080	0.01439	0.02339	0.04858	0.02699	0.73910	0.03779	0.00720	0.00720	0.01080	0.00450	0.00450
54	0.01837	0.01764	0.03013	0.04557	0.69279	0.01764	0.02278	0.02278	0.01690	0.02425	0.01396	0.01837	0.01176	0.00661	0.00735	0.00220	0.00882	0.00661	0.00367	0.01176
55	0.01837	0.01764	0.03013	0.04557	0.69279	0.01764	0.02278	0.02278	0.01690	0.02425	0.01396	0.01837	0.01176	0.00661	0.00735	0.00220	0.00882	0.00661	0.00367	0.01176

[dist]
# distance from previous block
# <min> <max>
0	3

[block]
# block no. 6 follows, 27 sequences, length 81
# corresponding to MSA columns:
# 388-468
name=unknown_G
#
# <colnr> <probs for GDERKNQSTAVLIFYWHMCP>
#	G	D	E	R	K	N	Q	S	T	A	V	L	I	F	Y	W	H	M	C	P
0	0.01051	0.00747	0.00955	0.00920	0.01052	0.00708	0.00655	0.01317	0.01831	0.02571	0.50206	0.07931	0.05850	0.16901	0.03786	0.00370	0.00485	0.01299	0.00721	0.00643
1	0.79154	0.01436	0.01091	0.00976	0.01436	0.01665	0.00804	0.02182	0.01263	0.03331	0.01034	0.01206	0.00804	0.00689	0.00459	0.00230	0.00574	0.00402	0.00459	0.00804
2	0.01030	0.00743	0.00974	0.00948	0.01104	0.00687	0.00699	0.01348	0.02004	0.02822	0.59618	0.15256	0.06705	0.01633	0.00886	0.00243	0.00362	0.01452	0.00799	0.00687
3	0.01191	0.00927	0.01066	0.00985	0.01236	0.00897	0.00751	0.05748	0.08796	0.02792	0.38435	0.05526	0.25756	0.01540	0.00855	0.00240	0.00413	0.01319	0.00766	0.00762
4	0.03331	0.01263	0.01723	0.01321	0.01895	0.01091	0.01091	0.03618	0.02125	0.69794	0.02929	0.02527	0.01838	0.00919	0.00747	0.00230	0.00632	0.00747	0.00919	0.01263
5	0.01928	0.01635	0.01725	0.01527	0.01962	0.01885	0.01195	0.09218	0.62532	0.03237	0.02918	0.02687	0.02182	0.00997	0.00754	0.00249	0.00607	0.00825	0.00754	0.01182
6	0.01539	0.01319	0.01539	0.01100	0.01759	0.00990	0.00880	0.01869	0.01539	0.02419	0.01319	0.01539	0.01100	0.00550	0.00550	0.00110	0.00550	0.00440	0.00440	0.78449
7	0.01958	0.68988	0.03771	0.01320	0.01909	0.02888	0.01296	0.02191	0.01481	0.01750	0.01028	0.01223	0.00954	0.00684	0.00621	0.00171	0.06091	0.00416	0.00318	0.00942
8	0.00935	0.00753	0.00824	0.00807	0.01026	0.00652	0.00599	0.01163	0.01787	0.02265	0.25107	0.06592	0.48438	0.04575	0.00990	0.00264	0.00382	0.01483	0.00717	0.00641
9	0.01586	0.01583	0.02339	0.01973	0.02039	0.02132	0.06361	0.01792	0.01187	0.01825	0.01098	0.01761	0.01060	0.01608	0.08070	0.00392	0.61369	0.00679	0.00335	0.00814
10	0.02823	0.01906	0.02099	0.01628	0.02205	0.02066	0.01339	0.51223	0.08674	0.15169	0.02073	0.01987	0.01441	0.00905	0.00744	0.00226	0.00767	0.00695	0.00772	0.01255
11	0.01080	0.00720	0.00810	0.00810	0.00810	0.00720	0.00450	0.01080	0.01080	0.01439	0.02339	0.04858	0.02699	0.73910	0.03779	0.00720	0.00720	0.01080	0.00450	0.00450
12	0.01840	0.45830	0.27695	0.01603	0.02394	0.05454	0.01809	0.02301	0.01556	0.01968	0.01145	0.01333	0.00948	0.00666	0.00567	0.00188	0.00927	0.00455	0.00319	0.01001
13	0.00921	0.00662	0.00873	0.01013	0.01078	0.00615	0.00687	0.01078	0.01509	0.02025	0.11784	0.63464	0.07100	0.02218	0.00937	0.00292	0.00420	0.02004	0.00704	0.00615
14	0.01846	0.01595	0.01679	0.01511	0.01930	0.01846	0.01175	0.03945	0.67938	0.03105	0.03022	0.02770	0.02266	0.01007	0.00755	0.00252	0.00588	0.00839	0.00755	0.01175
15	0.08121	0.19531	0.36387	0.01860	0.02696	0.07792	0.06793	0.02405	0.01607	0.04584	0.01292	0.01498	0.00978	0.00694	0.00644	0.00214	0.01001	0.00527	0.00358	0.01019
16	0.01471	0.01375	0.02239	0.61215	0.09582	0.01674	0.02003	0.02097	0.07074	0.02037	0.01468	0.02035	0.01110	0.00758	0.00743	0.00246	0.00948	0.00675	0.00368	0.00880
17	0.01643	0.25758	0.49496	0.01853	0.02807	0.02101	0.02285	0.02311	0.01549	0.02163	0.01239	0.01450	0.00944	0.00683	0.00634	0.00211	0.01003	0.00501	0.00315	0.01052
18	0.01861	0.02016	0.02362	0.02105	0.05023	0.15499	0.04352	0.02060	0.01374	0.01845	0.01048	0.01594	0.00986	0.01140	0.01955	0.00291	0.52676	0.00627	0.00340	0.00845
19	0.01080	0.00720	0.00810	0.00810	0.00810	0.00720	0.00450	0.01080	0.01080	0.01439	0.02339	0.04858	0.02699	0.73910	0.03779	0.00720	0.00720	0.01080	0.00450	0.00450
20	0.00937	0.00765	0.00838	0.00871	0.01097	0.00666	0.00678	0.01154	0.01699	0.02073	0.09130	0.10075	0.53362	0.01913	0.00904	0.00267	0.00428	0.11812	0.00693	0.00638
21	0.00877	0.00752	0.00752	0.00752	0.01003	0.00627	0.00564	0.01065	0.01692	0.02005	0.07520	0.07144	0.68978	0.01880	0.00877	0.00251	0.00376	0.01567	0.00689	0.00627
22	0.00904	0.00646	0.00861	0.01034	0.01077	0.00603	0.00689	0.01034	0.01421	0.01895	0.04092	0.73426	0.04910	0.02326	0.00948	0.00301	0.00431	0.02110	0.00689	0.00603
23	0.79154	0.01436	0.01091	0.00976	0.01436	0.01665	0.00804	0.02182	0.01263	0.03331	0.01034	0.01206	0.00804	0.00689	0.00459	0.00230	0.00574	0.00402	0.00459	0.00804
24	0.01384	0.00692	0.00692	0.00692	0.00865	0.00692	0.00519	0.01730	0.01557	0.02768	0.02422	0.02768	0.01903	0.00865	0.00519	0.00173	0.00346	0.00692	0.78031	0.00692
25	0.01985	0.74357	0.03890	0.01270	0.01905	0.02937	0.01270	0.02223	0.01508	0.01747	0.01032	0.01191	0.00953	0.00635	0.00476	0.00159	0.00794	0.00397	0.00318	0.00953
26	0.79154	0.01436	0.01091	0.00976	0.01436	0.01665	0.00804	0.02182	0.01263	0.03331	0.01034	0.01206	0.00804	0.00689	0.00459	0.00230	0.00574	0.00402	0.00459	0.00804
27	0.00904	0.00646	0.00861	0.01034	0.01077	0.00603	0.00689	0.01034	0.01421	0.01895	0.04092	0.73426	0.04910	0.02326	0.00948	0.00301	0.00431	0.02110	0.00689	0.00603
28	0.01289	0.00645	0.00967	0.00967	0.00967	0.00645	0.00645	0.00967	0.00967	0.01289	0.01289	0.02257	0.01289	0.02579	0.02901	0.78401	0.00645	0.00645	0.00322	0.00322
29	0.66485	0.01828	0.12343	0.01162	0.01726	0.01675	0.01120	0.02210	0.01313	0.03171	0.01082	0.01265	0.00826	0.00692	0.00500	0.00231	0.00660	0.00426	0.00436	0.00852
30	0.01051	0.00759	0.00992	0.00934	0.01109	0.00700	0.00700	0.01401	0.02101	0.02977	0.68888	0.05545	0.07005	0.01518	0.00876	0.00233	0.00350	0.01343	0.00817	0.00700
31	0.01049	0.00717	0.00809	0.00821	0.00846	0.00703	0.00477	0.01075	0.01158	0.01522	0.02915	0.10116	0.08576	0.62417	0.03319	0.00648	0.00669	0.01198	0.00488	0.00476
32	0.79154	0.01436	0.01091	0.00976	0.01436	0.01665	0.00804	0.02182	0.01263	0.03331	0.01034	0.01206	0.00804	0.00689	0.00459	0.00230	0.00574	0.00402	0.00459	0.00804
33	0.01694	0.01337	0.01563	0.01147	0.01782	0.01063	0.00918	0.02156	0.06681	0.07396	0.01568	0.01706	0.01243	0.00612	0.00580	0.00130	0.00559	0.00493	0.00499	0.66874
34	0.05789	0.02054	0.02184	0.01680	0.02268	0.02277	0.01387	0.64292	0.03404	0.04626	0.01753	0.01760	0.01245	0.00883	0.00732	0.00223	0.00807	0.00658	0.00732	0.01245
35	0.01985	0.74357	0.03890	0.01270	0.01905	0.02937	0.01270	0.02223	0.01508	0.01747	0.01032	0.01191	0.00953	0.00635	0.00476	0.00159	0.00794	0.00397	0.00318	0.00953
36	0.03331	0.01263	0.01723	0.01321	0.01895	0.01091	0.01091	0.03618	0.02125	0.69794	0.02929	0.02527	0.01838	0.00919	0.00747	0.00230	0.00632	0.00747	0.00919	0.01263
37	0.01051	0.00759	0.00992	0.00934	0.01109	0.00700	0.00700	0.01401	0.02101	0.02977	0.68888	0.05545	0.07005	0.01518	0.00876	0.00233	0.00350	0.01343	0.00817	0.00700
