[name]
unknown

[dist]
# distance from previous block
# <min> <max>
0	0

[block]
# block no. 0 follows, 29 sequences, length 14
# corresponding to MSA columns:
# 0-13
name=unknown_A
#
# <colnr> <probs for GDERKNQSTAVLIFYWHMCP>
#	G	D	E	R	K	N	Q	S	T	A	V	L	I	F	Y	W	H	M	C	P
0	0.01147	0.00820	0.01147	0.01311	0.01475	0.00820	0.01147	0.01475	0.01639	0.02131	0.03770	0.08032	0.04098	0.01967	0.00984	0.00328	0.00656	0.65741	0.00656	0.00656
1	0.01462	0.08782	0.66483	0.01972	0.02993	0.01736	0.02530	0.02246	0.01499	0.02214	0.01257	0.01478	0.00903	0.00672	0.00661	0.00220	0.01032	0.00516	0.00301	0.01043
2	0.01852	0.01894	0.02701	0.10103	0.55106	0.11603	0.02053	0.02246	0.01660	0.02199	0.01299	0.01707	0.01082	0.00655	0.00697	0.00210	0.00917	0.00610	0.00351	0.01056
3	0.00885	0.00633	0.00842	0.00980	0.01037	0.00590	0.00662	0.01035	0.01445	0.01947	0.12178	0.65888	0.04960	0.02134	0.00900	0.00281	0.00404	0.01933	0.00676	0.00590
4	0.01465	0.01388	0.02353	0.53410	0.23817	0.01614	0.02037	0.01925	0.01481	0.01965	0.01287	0.01859	0.01001	0.00690	0.00710	0.00230	0.00919	0.00633	0.00327	0.00888
5	0.01677	0.01557	0.02586	0.23543	0.38199	0.01655	0.05982	0.07598	0.01735	0.02390	0.05085	0.01999	0.01384	0.00718	0.00723	0.00221	0.00864	0.00682	0.00396	0.01004
6	0.01854	0.01059	0.01331	0.01193	0.01517	0.01033	0.00956	0.07956	0.08656	0.22077	0.18669	0.11316	0.05877	0.01367	0.00813	0.00248	0.00536	0.11877	0.00762	0.00902
7	0.01008	0.00728	0.00952	0.00896	0.01064	0.00672	0.00672	0.01344	0.02016	0.02855	0.70158	0.05319	0.06719	0.01456	0.00840	0.00224	0.00336	0.01288	0.00784	0.00672
8	0.02291	0.02503	0.02139	0.02324	0.18790	0.36560	0.01497	0.13878	0.02118	0.02378	0.01795	0.01958	0.07029	0.00823	0.00687	0.00200	0.01010	0.00624	0.00449	0.00947
9	0.01533	0.06385	0.47813	0.02405	0.09009	0.01742	0.16625	0.02249	0.01549	0.02240	0.01305	0.01600	0.00961	0.00653	0.00704	0.00224	0.01053	0.00597	0.00318	0.01033
10	0.00842	0.00721	0.00721	0.00721	0.00962	0.00601	0.00541	0.01022	0.01623	0.01924	0.07213	0.06853	0.70244	0.01803	0.00842	0.00240	0.00361	0.01503	0.00661	0.00601
11	0.03195	0.01212	0.01652	0.01267	0.01818	0.01047	0.01047	0.03470	0.02038	0.71026	0.02809	0.02424	0.01763	0.00881	0.00716	0.00220	0.00606	0.00716	0.00881	0.01212
12	0.01017	0.00763	0.01144	0.01144	0.01272	0.00890	0.00890	0.01272	0.01144	0.01653	0.01907	0.02797	0.01780	0.05340	0.72153	0.01144	0.01907	0.00763	0.00381	0.00636
13	0.02373	0.01442	0.01678	0.01395	0.01859	0.01529	0.01119	0.13464	0.31158	0.27188	0.02623	0.02437	0.01856	0.01186	0.05073	0.00285	0.00694	0.00746	0.00757	0.01140

[dist]
# distance from previous block
# <min> <max>
0	6

[block]
# block no. 1 follows, 29 sequences, length 40
# corresponding to MSA columns:
# 20-59
name=unknown_B
#
# <colnr> <probs for GDERKNQSTAVLIFYWHMCP>
#	G	D	E	R	K	N	Q	S	T	A	V	L	I	F	Y	W	H	M	C	P
0	0.05113	0.05768	0.08111	0.24798	0.05943	0.03957	0.21508	0.02049	0.01475	0.02045	0.01241	0.01728	0.00978	0.00743	0.00953	0.00240	0.11481	0.00655	0.00335	0.00879
1	0.05273	0.30622	0.02496	0.12261	0.02207	0.10621	0.01272	0.02097	0.05429	0.01958	0.08459	0.01881	0.01614	0.00884	0.00826	0.03576	0.06722	0.00579	0.00396	0.00828
2	0.01247	0.01140	0.01708	0.05543	0.01781	0.01380	0.06491	0.01433	0.01259	0.01781	0.02260	0.30355	0.02545	0.06992	0.01662	0.00321	0.29731	0.01219	0.00461	0.00690
3	0.02394	0.01600	0.01889	0.08112	0.02253	0.01758	0.01289	0.29099	0.17024	0.18598	0.02147	0.02116	0.01524	0.01012	0.02761	0.00253	0.03665	0.00695	0.00691	0.01121
4	0.01867	0.05351	0.02513	0.03133	0.40281	0.07395	0.01776	0.05082	0.16386	0.02438	0.01633	0.01875	0.01320	0.00757	0.00787	0.00219	0.05021	0.00645	0.00444	0.01076
5	0.01127	0.00811	0.01003	0.01070	0.01181	0.00806	0.00745	0.10166	0.01619	0.02162	0.03544	0.61318	0.04133	0.05428	0.01008	0.00298	0.00477	0.01789	0.00657	0.00658
6	0.02379	0.01811	0.01958	0.01513	0.02074	0.01935	0.01237	0.48772	0.10988	0.03926	0.01776	0.01783	0.01300	0.00811	0.00681	0.00198	0.00712	0.00623	0.00663	0.14860
7	0.04709	0.01335	0.01658	0.01420	0.04934	0.01311	0.01084	0.07315	0.08095	0.21573	0.02186	0.05450	0.04133	0.00908	0.00849	0.00204	0.08738	0.00702	0.00605	0.22794
8	0.00915	0.00669	0.00843	0.00968	0.01035	0.00636	0.00648	0.01104	0.03920	0.01830	0.03994	0.59991	0.09646	0.08821	0.01146	0.00320	0.00440	0.01846	0.00642	0.00587
9	0.01651	0.01769	0.02887	0.02267	0.02538	0.05195	0.24984	0.01965	0.01341	0.01915	0.01121	0.01674	0.00985	0.00995	0.01732	0.00281	0.44832	0.00692	0.00331	0.00845
10	0.01193	0.00992	0.01511	0.36733	0.02967	0.01140	0.01318	0.03757	0.01449	0.01918	0.02385	0.29726	0.02510	0.05301	0.00936	0.00278	0.00703	0.01186	0.03296	0.00701
11	0.02654	0.01944	0.02081	0.01601	0.02155	0.02149	0.01321	0.65612	0.03277	0.04417	0.01733	0.01746	0.01234	0.00854	0.00704	0.00212	0.00766	0.00642	0.03708	0.01190
12	0.00874	0.00628	0.00819	0.00968	0.01017	0.00585	0.00644	0.00995	0.01360	0.01802	0.04004	0.67838	0.07807	0.05719	0.01037	0.00306	0.00424	0.01951	0.00650	0.00572
13	0.03563	0.00728	0.00792	0.00806	0.01006	0.00644	0.00593	0.01112	0.01637	0.02119	0.17948	0.17748	0.45271	0.01773	0.00839	0.00245	0.00371	0.01513	0.00676	0.00616
14	0.01477	0.01266	0.01477	0.01055	0.01687	0.00949	0.00844	0.01793	0.01477	0.02320	0.01266	0.01477	0.01055	0.00527	0.00527	0.00105	0.00527	0.00422	0.00422	0.79328
15	0.00935	0.00671	0.00803	0.00863	0.00935	0.00630	0.00562	0.01045	0.01353	0.01780	0.10043	0.32423	0.15149	0.27407	0.01836	0.00415	0.00494	0.01524	0.00593	0.00540
16	0.00868	0.00620	0.00826	0.00991	0.01033	0.00578	0.00661	0.00991	0.01363	0.01818	0.03925	0.74510	0.04710	0.02231	0.00909	0.00289	0.00413	0.02024	0.00661	0.00578
17	0.02216	0.01661	0.01824	0.01529	0.03769	0.01837	0.01184	0.43273	0.13025	0.03635	0.01974	0.02290	0.01567	0.09956	0.04502	0.00319	0.00782	0.00720	0.02878	0.01059
18	0.00920	0.00666	0.00820	0.00913	0.00988	0.00622	0.00616	0.01045	0.01376	0.01801	0.07056	0.42224	0.14733	0.17949	0.01490	0.00368	0.00473	0.04766	0.00616	0.00558
19	0.03032	0.01384	0.01748	0.01350	0.01898	0.01313	0.01112	0.16517	0.05331	0.54554	0.02592	0.02290	0.01670	0.00880	0.00716	0.00220	0.00640	0.00705	0.00840	0.01208
20	0.02707	0.01995	0.02137	0.01638	0.02208	0.02208	0.01353	0.68159	0.03348	0.04488	0.01710	0.01710	0.01211	0.00855	0.00712	0.00214	0.00784	0.00641	0.00712	0.01211
21	0.02367	0.01789	0.01925	0.01540	0.02032	0.01996	0.01246	0.48775	0.17322	0.03916	0.01997	0.02087	0.01501	0.04385	0.03547	0.00276	0.00775	0.00699	0.00690	0.01136
22	0.00876	0.00630	0.00823	0.00969	0.01021	0.00586	0.00648	0.01005	0.01382	0.01837	0.05940	0.66868	0.07713	0.04806	0.01001	0.00299	0.00418	0.01943	0.00656	0.00577
23	0.01017	0.00763	0.01144	0.01144	0.01272	0.00890	0.00890	0.01272	0.01144	0.01653	0.01907	0.02797	0.01780	0.05340	0.72153	0.01144	0.01907	0.00763	0.00381	0.00636
24	0.32792	0.01617	0.01821	0.05280	0.20018	0.04927	0.01335	0.08681	0.09230	0.05831	0.01461	0.01631	0.01122	0.00722	0.00602	0.00219	0.00707	0.00551	0.00485	0.00970
25	0.03482	0.00742	0.00905	0.00914	0.01055	0.00693	0.00638	0.01318	0.01529	0.07657	0.18640	0.28678	0.12814	0.16017	0.01384	0.00339	0.00463	0.01444	0.00655	0.00631
26	0.02666	0.01255	0.01585	0.01267	0.01747	0.01185	0.01027	0.11126	0.07714	0.46599	0.07121	0.06089	0.05261	0.01025	0.00739	0.00226	0.00588	0.00846	0.00821	0.01114
27	0.00867	0.00624	0.00822	0.00981	0.01030	0.00579	0.00656	0.00993	0.01374	0.01822	0.04056	0.71798	0.07337	0.02214	0.00906	0.00287	0.00411	0.02003	0.00661	0.00579
28	0.02117	0.01664	0.02026	0.01586	0.02058	0.01785	0.06764	0.38513	0.05584	0.03402	0.01789	0.05081	0.01475	0.05768	0.04306	0.00287	0.04660	0.00729	0.00594	0.09812
29	0.00940	0.00689	0.00832	0.00929	0.01025	0.00652	0.00632	0.01158	0.04515	0.01885	0.04253	0.49183	0.16270	0.08865	0.01125	0.00310	0.00433	0.01722	0.03983	0.00598
30	0.01345	0.01266	0.02136	0.73264	0.04904	0.01582	0.01978	0.01819	0.01424	0.01819	0.01266	0.01898	0.00949	0.00712	0.00712	0.00237	0.00949	0.00633	0.00316	0.00791
31	0.01475	0.01436	0.02212	0.29139	0.03082	0.01888	0.04775	0.01779	0.01257	0.01809	0.01127	0.01738	0.00974	0.01000	0.01591	0.00275	0.40306	0.00638	0.02709	0.00788
32	0.01873	0.01409	0.01749	0.13955	0.02292	0.01613	0.01269	0.26628	0.05397	0.05296	0.01854	0.05241	0.01535	0.04267	0.11733	0.00385	0.06320	0.00742	0.05517	0.00925
33	0.00888	0.00628	0.00820	0.00965	0.01001	0.00592	0.00633	0.00997	0.01323	0.01764	0.03718	0.65918	0.04449	0.11179	0.01243	0.00339	0.00447	0.01903	0.00633	0.00560
34	0.01044	0.00802	0.01195	0.01180	0.01301	0.00953	0.00923	0.01293	0.01142	0.01656	0.01860	0.02737	0.01739	0.05141	0.68745	0.01104	0.05411	0.00756	0.00378	0.00643
35	0.01409	0.01330	0.02219	0.35646	0.05868	0.01592	0.10093	0.01784	0.01378	0.01906	0.01461	0.05502	0.01281	0.04310	0.01196	0.00271	0.15987	0.00745	0.05235	0.00788
36	0.01508	0.01150	0.01393	0.01263	0.01443	0.01295	0.00953	0.19295	0.01777	0.02425	0.02380	0.23928	0.02530	0.15873	0.09011	0.00437	0.10892	0.01136	0.00554	0.00755
37	0.47183	0.01625	0.01497	0.13273	0.02180	0.07263	0.01123	0.13659	0.01685	0.03075	0.01172	0.01388	0.00889	0.00709	0.00550	0.00219	0.00716	0.00478	0.00461	0.00856
38	0.00982	0.00759	0.00837	0.00910	0.00982	0.03206	0.00595	0.01077	0.01324	0.01692	0.03808	0.38811	0.14301	0.25339	0.01756	0.00406	0.00525	0.01569	0.00577	0.00544
39	0.00953	0.00660	0.00797	0.00871	0.00898	0.00637	0.00538	0.01015	0.01203	0.01595	0.03170	0.36035	0.05902	0.39824	0.02310	0.00495	0.00555	0.01495	0.00542	0.00503

[dist]
# distance from previous block
# <min> <max>
3	19

[block]
# block no. 2 follows, 29 sequences, length 32
# corresponding to MSA columns:
# 79-110
name=unknown_C
#
# <colnr> <probs for GDERKNQSTAVLIFYWHMCP>
#	G	D	E	R	K	N	Q	S	T	A	V	L	I	F	Y	W	H	M	C	P
0	0.01344	0.01234	0.02060	0.69507	0.04693	0.01535	0.01901	0.01811	0.01427	0.01863	0.01320	0.01938	0.00995	0.00718	0.00701	0.00234	0.00917	0.00634	0.04384	0.00784
1	0.00868	0.00620	0.00826	0.00991	0.01033	0.00578	0.00661	0.00991	0.01363	0.01818	0.03925	0.74510	0.04710	0.02231	0.00909	0.00289	0.00413	0.02024	0.00661	0.00578
2	0.01598	0.01262	0.01489	0.01070	0.01697	0.00956	0.00858	0.01911	0.01516	0.07165	0.01374	0.01543	0.01105	0.00552	0.00541	0.00114	0.00533	0.00443	0.00454	0.73820
3	0.01008	0.00728	0.00952	0.00896	0.01064	0.00672	0.00672	0.01344	0.02016	0.02855	0.70158	0.05319	0.06719	0.01456	0.00840	0.00224	0.00336	0.01288	0.00784	0.00672
4	0.01444	0.01245	0.01526	0.08691	0.02004	0.01005	0.00957	0.01778	0.01492	0.02288	0.03932	0.01670	0.01263	0.00583	0.00559	0.00124	0.00565	0.00478	0.00425	0.67971
5	0.01015	0.00733	0.00962	0.00918	0.01086	0.00680	0.00698	0.01351	0.01995	0.02816	0.66566	0.05466	0.06577	0.01483	0.00848	0.00230	0.00353	0.04775	0.00777	0.00671
6	0.00842	0.00721	0.00721	0.00721	0.00962	0.00601	0.00541	0.01022	0.01623	0.01924	0.07213	0.06853	0.70244	0.01803	0.00842	0.00240	0.00361	0.01503	0.00661	0.00601
7	0.02707	0.01995	0.02137	0.01638	0.02208	0.02208	0.01353	0.68159	0.03348	0.04488	0.01710	0.01710	0.01211	0.00855	0.00712	0.00214	0.00784	0.00641	0.00712	0.01211
8	0.01008	0.00728	0.00952	0.00896	0.01064	0.00672	0.00672	0.01344	0.02016	0.02855	0.70158	0.05319	0.06719	0.01456	0.00840	0.00224	0.00336	0.01288	0.00784	0.00672
9	0.80005	0.01377	0.01047	0.00936	0.01377	0.01597	0.00771	0.02093	0.01212	0.03195	0.00991	0.01157	0.00771	0.00661	0.00441	0.00220	0.00551	0.00386	0.00441	0.00771
10	0.02660	0.03394	0.02018	0.01834	0.02201	0.72116	0.01376	0.02843	0.02018	0.01743	0.01101	0.01284	0.00917	0.00734	0.00642	0.00183	0.01284	0.00459	0.00367	0.00825
11	0.00882	0.00630	0.00842	0.01007	0.01055	0.00590	0.00685	0.01016	0.01377	0.01833	0.03917	0.71187	0.04679	0.02218	0.00913	0.00291	0.00425	0.05210	0.00661	0.00582
12	0.02069	0.01678	0.01778	0.01509	0.01965	0.01910	0.01199	0.24279	0.48266	0.03459	0.02520	0.02355	0.01867	0.00931	0.00721	0.00233	0.00634	0.00753	0.00721	0.01154
13	0.01237	0.00618	0.00928	0.00928	0.00928	0.00618	0.00618	0.00928	0.00928	0.01237	0.01237	0.02165	0.01237	0.02474	0.02783	0.79283	0.00618	0.00618	0.00309	0.00309
14	0.80005	0.01377	0.01047	0.00936	0.01377	0.01597	0.00771	0.02093	0.01212	0.03195	0.00991	0.01157	0.00771	0.00661	0.00441	0.00220	0.00551	0.00386	0.00441	0.00771
15	0.80005	0.01377	0.01047	0.00936	0.01377	0.01597	0.00771	0.02093	0.01212	0.03195	0.00991	0.01157	0.00771	0.00661	0.00441	0.00220	0.00551	0.00386	0.00441	0.00771
16	0.02660	0.03394	0.02018	0.01834	0.02201	0.72116	0.01376	0.02843	0.02018	0.01743	0.01101	0.01284	0.00917	0.00734	0.00642	0.00183	0.01284	0.00459	0.00367	0.00825
17	0.80005	0.01377	0.01047	0.00936	0.01377	0.01597	0.00771	0.02093	0.01212	0.03195	0.00991	0.01157	0.00771	0.00661	0.00441	0.00220	0.00551	0.00386	0.00441	0.00771
18	0.01762	0.01692	0.02890	0.04371	0.70533	0.01692	0.02185	0.02185	0.01621	0.02326	0.01339	0.01762	0.01128	0.00634	0.00705	0.00211	0.00846	0.00634	0.00352	0.01128
19	0.01771	0.01530	0.01610	0.01449	0.01852	0.01771	0.01127	0.03784	0.69247	0.02979	0.02898	0.02657	0.02174	0.00966	0.00725	0.00242	0.00564	0.00805	0.00725	0.01127
20	0.01477	0.01266	0.01477	0.01055	0.01687	0.00949	0.00844	0.01793	0.01477	0.02320	0.01266	0.01477	0.01055	0.00527	0.00527	0.00105	0.00527	0.00422	0.00422	0.79328
21	0.01147	0.00820	0.01147	0.01311	0.01475	0.00820	0.01147	0.01475	0.01639	0.02131	0.03770	0.08032	0.04098	0.01967	0.00984	0.00328	0.00656	0.65741	0.00656	0.00656
22	0.01167	0.00763	0.01003	0.00923	0.01119	0.00699	0.00699	0.01498	0.02017	0.07814	0.65259	0.05108	0.06358	0.01414	0.00831	0.00224	0.00356	0.01246	0.00791	0.00711
23	0.01428	0.03683	0.71286	0.02030	0.03082	0.01654	0.02631	0.02255	0.01503	0.02255	0.01278	0.01503	0.00902	0.00677	0.00677	0.00226	0.01052	0.00526	0.00301	0.01052
24	0.01031	0.00707	0.00863	0.00863	0.00893	0.00737	0.00540	0.01091	0.01061	0.01445	0.02164	0.04221	0.02398	0.58553	0.19786	0.00797	0.00977	0.00971	0.00420	0.00480
25	0.00871	0.00696	0.00783	0.00839	0.01013	0.00608	0.00613	0.01047	0.01559	0.01936	0.08362	0.27415	0.44681	0.01929	0.00869	0.00259	0.00390	0.04865	0.00665	0.00600
26	0.03017	0.01346	0.01717	0.01333	0.01875	0.01265	0.01096	0.12604	0.07353	0.56461	0.02661	0.02341	0.01716	0.00884	0.00716	0.00221	0.00628	0.00712	0.00846	0.01205
27	0.01460	0.01345	0.02152	0.11427	0.09279	0.05316	0.17064	0.01805	0.01576	0.04629	0.07913	0.20119	0.02530	0.03722	0.00938	0.00258	0.02937	0.01088	0.03639	0.00802
28	0.01221	0.00715	0.00934	0.03644	0.01119	0.00736	0.00670	0.03358	0.01248	0.01827	0.02050	0.13151	0.02046	0.09515	0.06332	0.30395	0.00628	0.00888	0.19010	0.00513
29	0.00915	0.00640	0.00812	0.00931	0.00960	0.00610	0.00596	0.01004	0.01270	0.01694	0.03448	0.54693	0.04108	0.22870	0.01679	0.00403	0.00492	0.01744	0.00596	0.00537
30	0.02615	0.01321	0.01591	0.01281	0.01737	0.04011	0.01031	0.13938	0.02204	0.42388	0.11710	0.08261	0.02532	0.01053	0.00744	0.00224	0.00612	0.00872	0.00802	0.01074
31	0.02116	0.40400	0.02892	0.11468	0.02321	0.10579	0.01338	0.05140	0.01661	0.11449	0.01323	0.01482	0.01050	0.00709	0.00628	0.00186	0.03420	0.00492	0.00411	0.00935

[dist]
# distance from previous block
# <min> <max>
0	1

[block]
# block no. 3 follows, 29 sequences, length 9
# corresponding to MSA columns:
# 112-120
name=unknown_D
#
# <colnr> <probs for GDERKNQSTAVLIFYWHMCP>
#	G	D	E	R	K	N	Q	S	T	A	V	L	I	F	Y	W	H	M	C	P
0	0.02409	0.04144	0.01920	0.01460	0.01920	0.01848	0.01199	0.43581	0.02657	0.11337	0.01844	0.02013	0.01381	0.04204	0.04598	0.00282	0.04915	0.00664	0.06549	0.01073
1	0.74321	0.01544	0.06128	0.01015	0.01500	0.01601	0.00906	0.02105	0.01233	0.03127	0.01012	0.01182	0.00781	0.00662	0.00458	0.00221	0.00587	0.00396	0.00431	0.00791
2	0.00988	0.00803	0.00849	0.00821	0.01063	0.00717	0.00618	0.05694	0.01761	0.02182	0.12610	0.11158	0.54747	0.01735	0.00837	0.00240	0.00391	0.01460	0.00676	0.00648
3	0.02549	0.01916	0.02048	0.01606	0.02148	0.02134	0.01315	0.57272	0.14492	0.04232	0.01911	0.01870	0.01374	0.00874	0.00714	0.00218	0.00746	0.00669	0.00714	0.01197
4	0.01505	0.01292	0.01490	0.01093	0.01704	0.01030	0.00872	0.01988	0.08122	0.02385	0.01426	0.01592	0.01164	0.00570	0.00547	0.00119	0.00531	0.00459	0.00452	0.71660
5	0.00868	0.00620	0.00826	0.00991	0.01033	0.00578	0.00661	0.00991	0.01363	0.01818	0.03925	0.74510	0.04710	0.02231	0.00909	0.00289	0.00413	0.02024	0.00661	0.00578
6	0.00860	0.00714	0.00752	0.00759	0.00977	0.00606	0.00563	0.01051	0.01642	0.02007	0.13157	0.11791	0.59067	0.01801	0.00846	0.00242	0.00362	0.01521	0.00673	0.00606
7	0.00868	0.00620	0.00826	0.00991	0.01033	0.00578	0.00661	0.00991	0.01363	0.01818	0.03925	0.74510	0.04710	0.02231	0.00909	0.00289	0.00413	0.02024	0.00661	0.00578
8	0.02028	0.01734	0.01750	0.01512	0.01950	0.05681	0.01191	0.18069	0.50928	0.03248	0.02536	0.02371	0.01891	0.00929	0.00717	0.00232	0.00652	0.00750	0.00702	0.01129

[dist]
# distance from previous block
# <min> <max>
1	18

[block]
# block no. 4 follows, 29 sequences, length 42
# corresponding to MSA columns:
# 139-180
name=unknown_E
#
# <colnr> <probs for GDERKNQSTAVLIFYWHMCP>
#	G	D	E	R	K	N	Q	S	T	A	V	L	I	F	Y	W	H	M	C	P
0	0.80005	0.01377	0.01047	0.00936	0.01377	0.01597	0.00771	0.02093	0.01212	0.03195	0.00991	0.01157	0.00771	0.00661	0.00441	0.00220	0.00551	0.00386	0.00441	0.00771
1	0.01017	0.00763	0.01144	0.01144	0.01272	0.00890	0.00890	0.01272	0.01144	0.01653	0.01907	0.02797	0.01780	0.05340	0.72153	0.01144	0.01907	0.00763	0.00381	0.00636
2	0.33567	0.01302	0.01428	0.01148	0.01656	0.01301	0.00947	0.04982	0.01753	0.42075	0.02055	0.01900	0.01353	0.00793	0.00607	0.00220	0.00590	0.00583	0.00702	0.01037
3	0.74240	0.01325	0.01019	0.00916	0.01337	0.01529	0.00751	0.02061	0.01232	0.03155	0.01089	0.01267	0.00848	0.00673	0.00445	0.00216	0.00535	0.00406	0.06192	0.00763
4	0.55752	0.01325	0.01238	0.01041	0.01516	0.01423	0.00858	0.02528	0.01473	0.24613	0.01565	0.01557	0.01084	0.00731	0.00528	0.00220	0.00568	0.00490	0.00580	0.00910
5	0.01904	0.75404	0.03731	0.01218	0.01828	0.02818	0.01218	0.02132	0.01447	0.01675	0.00990	0.01142	0.00914	0.00609	0.00457	0.00152	0.00761	0.00381	0.00305	0.00914
6	0.01428	0.03683	0.71286	0.02030	0.03082	0.01654	0.02631	0.02255	0.01503	0.02255	0.01278	0.01503	0.00902	0.00677	0.00677	0.00226	0.01052	0.00526	0.00301	0.01052
7	0.02768	0.01117	0.01516	0.01194	0.01671	0.00973	0.00973	0.03055	0.02034	0.57715	0.15960	0.02989	0.02730	0.00993	0.00740	0.00221	0.00553	0.00828	0.00862	0.01106
8	0.01791	0.01809	0.02664	0.15824	0.51722	0.09537	0.02060	0.02196	0.01632	0.02175	0.01300	0.01732	0.01074	0.00659	0.00699	0.00213	0.00912	0.00615	0.00348	0.01037
9	0.01147	0.00820	0.01147	0.01311	0.01475	0.00820	0.01147	0.01475	0.01639	0.02131	0.03770	0.08032	0.04098	0.01967	0.00984	0.00328	0.00656	0.65741	0.00656	0.00656
10	0.00868	0.00620	0.00826	0.00991	0.01033	0.00578	0.00661	0.00991	0.01363	0.01818	0.03925	0.74510	0.04710	0.02231	0.00909	0.00289	0.00413	0.02024	0.00661	0.00578
11	0.01595	0.02063	0.16787	0.10747	0.05347	0.01666	0.34053	0.02239	0.04539	0.04252	0.03680	0.02002	0.01297	0.00854	0.03123	0.00266	0.03401	0.00747	0.00387	0.00953
12	0.01345	0.01266	0.02136	0.73264	0.04904	0.01582	0.01978	0.01819	0.01424	0.01819	0.01266	0.01898	0.00949	0.00712	0.00712	0.00237	0.00949	0.00633	0.00316	0.00791
13	0.01556	0.01564	0.02272	0.04392	0.02059	0.02143	0.04607	0.01743	0.01129	0.01743	0.00969	0.01586	0.00942	0.01198	0.02212	0.00306	0.67843	0.00633	0.00314	0.00788
14	0.00892	0.00630	0.00819	0.00960	0.00995	0.00595	0.00628	0.00998	0.01315	0.01754	0.03679	0.64318	0.04400	0.12846	0.01305	0.00348	0.00454	0.01880	0.00628	0.00557
15	0.01433	0.01224	0.01568	0.06668	0.01853	0.09048	0.08482	0.01673	0.01509	0.07025	0.02714	0.34042	0.02891	0.03890	0.05099	0.00322	0.03325	0.03242	0.03267	0.00724
16	0.68708	0.01486	0.05509	0.03504	0.01582	0.01558	0.00918	0.02074	0.01250	0.03063	0.01080	0.01273	0.00834	0.00671	0.00468	0.00219	0.00586	0.00416	0.04015	0.00785
17	0.19888	0.01497	0.01691	0.10731	0.08610	0.01720	0.01263	0.05955	0.35474	0.02890	0.02048	0.02085	0.01550	0.00827	0.00655	0.00232	0.00646	0.00662	0.00571	0.01006
18	0.01863	0.01494	0.01684	0.01238	0.01851	0.01344	0.01004	0.22621	0.02064	0.03000	0.01405	0.01550	0.01104	0.00630	0.00585	0.00139	0.00608	0.00491	0.00513	0.54812
19	0.01882	0.01073	0.01334	0.01140	0.01483	0.01049	0.00897	0.05333	0.14077	0.23646	0.34730	0.03808	0.04163	0.01168	0.00776	0.00226	0.00478	0.01000	0.00800	0.00940
20	0.01759	0.01712	0.02809	0.09343	0.63675	0.03796	0.02146	0.02178	0.01619	0.02272	0.01327	0.01758	0.01109	0.00643	0.00704	0.00213	0.00867	0.00629	0.00350	0.01094
21	0.00885	0.00720	0.00765	0.00755	0.00965	0.00620	0.00555	0.01078	0.01645	0.02041	0.17581	0.06424	0.54254	0.07309	0.01053	0.00272	0.00382	0.01431	0.00665	0.00600
22	0.80005	0.01377	0.01047	0.00936	0.01377	0.01597	0.00771	0.02093	0.01212	0.03195	0.00991	0.01157	0.00771	0.00661	0.00441	0.00220	0.00551	0.00386	0.00441	0.00771
23	0.00985	0.00727	0.00920	0.00872	0.01050	0.00662	0.00654	0.01300	0.01962	0.02729	0.61597	0.05528	0.15359	0.01503	0.00840	0.00226	0.00339	0.01317	0.00767	0.00662
24	0.80005	0.01377	0.01047	0.00936	0.01377	0.01597	0.00771	0.02093	0.01212	0.03195	0.00991	0.01157	0.00771	0.00661	0.00441	0.00220	0.00551	0.00386	0.00441	0.00771
25	0.03123	0.01214	0.01645	0.01258	0.01812	0.01042	0.01038	0.03400	0.02015	0.68150	0.02745	0.02384	0.01733	0.00867	0.00708	0.00216	0.00603	0.00704	0.00862	0.04482
26	0.02568	0.06599	0.02153	0.01969	0.06570	0.64406	0.01421	0.02768	0.01966	0.01777	0.01111	0.01308	0.00931	0.00722	0.00638	0.00184	0.01232	0.00466	0.00363	0.00849
27	0.01345	0.01266	0.02136	0.73264	0.04904	0.01582	0.01978	0.01819	0.01424	0.01819	0.01266	0.01898	0.00949	0.00712	0.00712	0.00237	0.00949	0.00633	0.00316	0.00791
28	0.02883	0.01166	0.01607	0.04554	0.01893	0.01036	0.01064	0.03174	0.01996	0.60636	0.07836	0.02786	0.02169	0.00949	0.00733	0.00225	0.00603	0.02713	0.00841	0.01135
29	0.02976	0.01444	0.01678	0.01324	0.01835	0.07850	0.01076	0.07785	0.02126	0.55653	0.06684	0.02443	0.01947	0.00901	0.00716	0.00217	0.00666	0.00721	0.00815	0.01142
30	0.01524	0.01276	0.01394	0.01268	0.01599	0.01421	0.00979	0.03001	0.47979	0.02907	0.21952	0.03552	0.05840	0.01133	0.00761	0.00237	0.00492	0.00965	0.00739	0.00981
31	0.03195	0.01212	0.01652	0.01267	0.01818	0.01047	0.01047	0.03470	0.02038	0.71026	0.02809	0.02424	0.01763	0.00881	0.00716	0.00220	0.00606	0.00716	0.00881	0.01212
32	0.02983	0.01441	0.01741	0.03912	0.01994	0.05461	0.01135	0.10264	0.05079	0.54393	0.02539	0.02271	0.01642	0.00867	0.00711	0.00219	0.00676	0.00694	0.00806	0.01170
33	0.01808	0.01341	0.01667	0.03784	0.04879	0.01492	0.01146	0.21535	0.01924	0.05092	0.01853	0.11459	0.01685	0.01231	0.01204	0.08303	0.13662	0.00807	0.08520	0.06609
34	0.01040	0.00688	0.00786	0.00793	0.00806	0.00691	0.00459	0.01067	0.01073	0.01462	0.02310	0.07576	0.02624	0.66463	0.05561	0.00665	0.00702	0.01055	0.03726	0.00454
35	0.00923	0.00663	0.00790	0.00867	0.00928	0.00623	0.00558	0.01013	0.01291	0.01679	0.03895	0.37623	0.15390	0.28270	0.01872	0.00425	0.00503	0.01578	0.00579	0.00530
36	0.01670	0.06529	0.26318	0.05570	0.32441	0.05003	0.05094	0.02209	0.01564	0.02194	0.01273	0.01621	0.01013	0.00678	0.00751	0.00218	0.03898	0.00584	0.00330	0.01043
37	0.01593	0.01547	0.02715	0.30978	0.39109	0.01659	0.07972	0.02052	0.01550	0.02126	0.01320	0.01829	0.01054	0.00661	0.00720	0.00224	0.00918	0.00652	0.00339	0.00982
38	0.01079	0.00853	0.01262	0.01227	0.01340	0.01037	0.00966	0.01322	0.01138	0.01660	0.01797	0.02656	0.01684	0.04875	0.64213	0.01050	0.10069	0.00747	0.00374	0.00652
39	0.74272	0.01400	0.01182	0.01188	0.06444	0.01604	0.00875	0.02100	0.01242	0.03131	0.01017	0.01201	0.00797	0.00659	0.00460	0.00220	0.00572	0.00404	0.00434	0.00797
40	0.01170	0.00907	0.01297	0.06460	0.01549	0.01103	0.01001	0.01426	0.01201	0.01804	0.01780	0.02593	0.01626	0.06546	0.43182	0.00792	0.12794	0.00729	0.11375	0.00665
41	0.01095	0.00767	0.00949	0.03400	0.01222	0.00697	0.00711	0.01351	0.01767	0.06892	0.30725	0.13730	0.28577	0.01624	0.00841	0.00241	0.00404	0.03620	0.00711	0.00675

[dist]
# distance from previous block
# <min> <max>
11	32

[block]
# block no. 5 follows, 29 sequences, length 13
# corresponding to MSA columns:
# 215-227
name=unknown_F
#
# <colnr> <probs for GDERKNQSTAVLIFYWHMCP>
#	G	D	E	R	K	N	Q	S	T	A	V	L	I	F	Y	W	H	M	C	P
0	0.02511	0.01803	0.01948	0.01526	0.02034	0.01979	0.01243	0.56270	0.05337	0.06442	0.01908	0.04419	0.01461	0.03836	0.00827	0.00235	0.00737	0.00713	0.03638	0.01135
1	0.12577	0.19141	0.28944	0.01824	0.04644	0.01993	0.08280	0.07961	0.01618	0.02435	0.01216	0.01443	0.00939	0.00687	0.00675	0.00211	0.03548	0.00522	0.00365	0.00979
2	0.01712	0.01937	0.10566	0.03619	0.45528	0.01713	0.13490	0.02350	0.07545	0.02368	0.01487	0.01839	0.01186	0.00662	0.00727	0.00221	0.00905	0.00673	0.00381	0.01091
3	0.00851	0.00722	0.00735	0.00732	0.00968	0.00605	0.00549	0.01041	0.01646	0.01978	0.10917	0.06763	0.66507	0.01783	0.00841	0.00239	0.00359	0.01490	0.00668	0.00605
4	0.73141	0.01425	0.01323	0.01117	0.01583	0.01615	0.06658	0.02110	0.01253	0.03115	0.01031	0.01224	0.00798	0.00656	0.00476	0.00222	0.00608	0.00425	0.00434	0.00788
5	0.02139	0.01081	0.01367	0.01118	0.01518	0.00991	0.00894	0.07198	0.04200	0.32751	0.23829	0.03501	0.07261	0.01095	0.00744	0.00215	0.00505	0.00921	0.03816	0.04856
6	0.01736	0.00893	0.01163	0.01001	0.01309	0.00791	0.00784	0.02032	0.01975	0.26095	0.39276	0.04517	0.12902	0.01302	0.00798	0.00225	0.00431	0.01119	0.00802	0.00848
7	0.00885	0.00723	0.00782	0.00767	0.00989	0.00620	0.00575	0.01107	0.01726	0.02169	0.23791	0.06449	0.53513	0.01712	0.00841	0.00236	0.00354	0.01446	0.00694	0.00620
8	0.00868	0.00620	0.00826	0.00991	0.01033	0.00578	0.00661	0.00991	0.01363	0.01818	0.03925	0.74510	0.04710	0.02231	0.00909	0.00289	0.00413	0.02024	0.00661	0.00578
9	0.01904	0.75404	0.03731	0.01218	0.01828	0.02818	0.01218	0.02132	0.01447	0.01675	0.00990	0.01142	0.00914	0.00609	0.00457	0.00152	0.00761	0.00381	0.00305	0.00914
10	0.01904	0.75404	0.03731	0.01218	0.01828	0.02818	0.01218	0.02132	0.01447	0.01675	0.00990	0.01142	0.00914	0.00609	0.00457	0.00152	0.00761	0.00381	0.00305	0.00914
11	0.71382	0.01359	0.01115	0.00974	0.01427	0.01536	0.00802	0.02248	0.01305	0.10810	0.01196	0.01299	0.00882	0.00686	0.00472	0.00220	0.00557	0.00423	0.00490	0.00821
12	0.01147	0.00820	0.01147	0.01311	0.01475	0.00820	0.01147	0.01475	0.01639	0.02131	0.03770	0.08032	0.04098	0.01967	0.00984	0.00328	0.00656	0.65741	0.00656	0.00656

[dist]
# distance from previous block
# <min> <max>
1	2

[block]
# block no. 6 follows, 29 sequences, length 67
# corresponding to MSA columns:
# 230-235,249-266,269-311
name=unknown_G
#
# <colnr> <probs for GDERKNQSTAVLIFYWHMCP>
#	G	D	E	R	K	N	Q	S	T	A	V	L	I	F	Y	W	H	M	C	P
0	0.01558	0.01558	0.02181	0.01869	0.01869	0.02181	0.01558	0.01714	0.01091	0.01714	0.00935	0.01558	0.00935	0.01246	0.02337	0.00312	0.73672	0.00623	0.00312	0.00779
1	0.01170	0.00706	0.00970	0.03335	0.01129	0.00698	0.00687	0.03067	0.01266	0.01673	0.09321	0.11248	0.10921	0.02150	0.01995	0.47245	0.00550	0.00959	0.00454	0.00457
2	0.05124	0.01883	0.02190	0.08645	0.02494	0.02108	0.04260	0.54091	0.02930	0.03984	0.01601	0.01712	0.01154	0.00838	0.00771	0.00221	0.03593	0.00639	0.00634	0.01128
3	0.00886	0.00637	0.00837	0.00989	0.01045	0.00596	0.00674	0.01020	0.01381	0.01826	0.04025	0.65579	0.07792	0.04413	0.00992	0.00301	0.00432	0.05344	0.00654	0.00579
4	0.01526	0.03371	0.04953	0.03074	0.01631	0.01264	0.05400	0.10660	0.01536	0.02219	0.01726	0.08646	0.01581	0.01442	0.01479	0.22236	0.10259	0.00763	0.15537	0.00697
5	0.01366	0.01295	0.02140	0.66081	0.04599	0.01642	0.01935	0.01809	0.01390	0.01809	0.01232	0.01864	0.00948	0.00766	0.00875	0.00245	0.08265	0.00632	0.00316	0.00790
6	0.01917	0.70357	0.05872	0.01268	0.01883	0.05383	0.01270	0.02163	0.01470	0.01697	0.01004	0.01159	0.00914	0.00616	0.00471	0.00156	0.00791	0.00388	0.00307	0.00915
7	0.00880	0.00640	0.00829	0.00957	0.01029	0.00590	0.00651	0.01030	0.01454	0.01934	0.11022	0.61135	0.10999	0.02112	0.00896	0.00278	0.00400	0.01900	0.00674	0.00590
8	0.01532	0.19297	0.56578	0.01853	0.02809	0.01907	0.02323	0.02228	0.01491	0.02129	0.01215	0.01425	0.00905	0.00662	0.00629	0.00210	0.00989	0.00495	0.00302	0.01022
9	0.00856	0.00722	0.00742	0.00737	0.00971	0.00607	0.00553	0.01050	0.01658	0.02006	0.12792	0.06717	0.64614	0.01773	0.00841	0.00239	0.00358	0.01484	0.00672	0.00607
10	0.00997	0.00723	0.00940	0.00894	0.01059	0.00666	0.00667	0.01320	0.01977	0.02785	0.65556	0.08129	0.08613	0.01497	0.00843	0.00227	0.00340	0.01324	0.00775	0.00666
11	0.01147	0.00820	0.01147	0.01311	0.01475	0.00820	0.01147	0.01475	0.01639	0.02131	0.03770	0.08032	0.04098	0.01967	0.00984	0.00328	0.00656	0.65741	0.00656	0.00656
12	0.00969	0.00709	0.00894	0.00881	0.01029	0.00651	0.00639	0.01234	0.01813	0.02500	0.48626	0.15405	0.14078	0.06147	0.01022	0.00264	0.00372	0.01405	0.00729	0.00635
13	0.02660	0.03394	0.02018	0.01834	0.02201	0.72116	0.01376	0.02843	0.02018	0.01743	0.01101	0.01284	0.00917	0.00734	0.00642	0.00183	0.01284	0.00459	0.00367	0.00825
14	0.54865	0.01323	0.01245	0.01045	0.01521	0.01417	0.00861	0.02544	0.01482	0.25397	0.01586	0.01571	0.01096	0.00733	0.00531	0.00220	0.00569	0.00494	0.00585	0.00915
15	0.00920	0.00668	0.00880	0.01030	0.01113	0.00628	0.00745	0.01089	0.01440	0.01888	0.04189	0.55458	0.10464	0.02141	0.00917	0.00292	0.00456	0.14426	0.00660	0.00596
16	0.01681	0.05483	0.01548	0.01328	0.01659	0.10099	0.01076	0.09784	0.19728	0.02574	0.05770	0.04209	0.10842	0.01262	0.00770	0.00243	0.00667	0.16413	0.03991	0.00872
17	0.01315	0.01112	0.01405	0.01115	0.01587	0.00880	0.03472	0.01590	0.01453	0.02179	0.02012	0.21793	0.02072	0.01004	0.00646	0.00162	0.00522	0.00884	0.00486	0.54312
18	0.01542	0.00870	0.01160	0.01156	0.01192	0.00819	0.00769	0.01186	0.01174	0.01600	0.01724	0.07038	0.01746	0.02579	0.02690	0.70279	0.00712	0.00804	0.00445	0.00515
19	0.80005	0.01377	0.01047	0.00936	0.01377	0.01597	0.00771	0.02093	0.01212	0.03195	0.00991	0.01157	0.00771	0.00661	0.00441	0.00220	0.00551	0.00386	0.00441	0.00771
20	0.02662	0.03339	0.02023	0.01827	0.02202	0.69397	0.01375	0.05384	0.02070	0.01849	0.01124	0.01301	0.00929	0.00738	0.00645	0.00185	0.01265	0.00466	0.00380	0.00840
21	0.20125	0.01229	0.01356	0.11667	0.01850	0.04798	0.01050	0.01804	0.01345	0.02354	0.01597	0.05883	0.01387	0.01076	0.03288	0.00258	0.14822	0.00654	0.22725	0.00732
22	0.01721	0.01886	0.03098	0.07109	0.08409	0.08711	0.30486	0.02114	0.01501	0.02019	0.01224	0.01727	0.01013	0.00833	0.01287	0.00255	0.24670	0.00703	0.00342	0.00891
23	0.00868	0.00620	0.00826	0.00991	0.01033	0.00578	0.00661	0.00991	0.01363	0.01818	0.03925	0.74510	0.04710	0.02231	0.00909	0.00289	0.00413	0.02024	0.00661	0.00578
24	0.00891	0.00678	0.00825	0.00910	0.01039	0.00611	0.00651	0.01070	0.01540	0.01989	0.12499	0.40290	0.26650	0.01986	0.00883	0.00268	0.00401	0.05545	0.00675	0.00601
25	0.01477	0.01266	0.01477	0.01055	0.01687	0.00949	0.00844	0.01793	0.01477	0.02320	0.01266	0.01477	0.01055	0.00527	0.00527	0.00105	0.00527	0.00422	0.00422	0.79328
26	0.00963	0.00734	0.01021	0.09742	0.01501	0.00760	0.00824	0.01118	0.01329	0.01770	0.03341	0.56398	0.03924	0.09413	0.01205	0.00324	0.02740	0.01713	0.00585	0.00595
27	0.80005	0.01377	0.01047	0.00936	0.01377	0.01597	0.00771	0.02093	0.01212	0.03195	0.00991	0.01157	0.00771	0.00661	0.00441	0.00220	0.00551	0.00386	0.00441	0.00771
28	0.01477	0.01266	0.01477	0.01055	0.01687	0.00949	0.00844	0.01793	0.01477	0.02320	0.01266	0.01477	0.01055	0.00527	0.00527	0.00105	0.00527	0.00422	0.00422	0.79328
29	0.00868	0.00620	0.00826	0.00991	0.01033	0.00578	0.00661	0.00991	0.01363	0.01818	0.03925	0.74510	0.04710	0.02231	0.00909	0.00289	0.00413	0.02024	0.00661	0.00578
30	0.01345	0.01266	0.02136	0.73264	0.04904	0.01582	0.01978	0.01819	0.01424	0.01819	0.01266	0.01898	0.00949	0.00712	0.00712	0.00237	0.00949	0.00633	0.00316	0.00791
31	0.01428	0.03683	0.71286	0.02030	0.03082	0.01654	0.02631	0.02255	0.01503	0.02255	0.01278	0.01503	0.00902	0.00677	0.00677	0.00226	0.01052	0.00526	0.00301	0.01052
32	0.01495	0.01282	0.01485	0.01079	0.01698	0.01000	0.00861	0.01916	0.05658	0.02361	0.01366	0.01549	0.01124	0.00554	0.00540	0.00114	0.00530	0.00446	0.00441	0.74503
33	0.00897	0.00629	0.00837	0.00988	0.01030	0.00592	0.00663	0.01005	0.01340	0.01785	0.03744	0.66651	0.04467	0.05760	0.01108	0.03076	0.00441	0.03784	0.00637	0.00564
34	0.01814	0.06064	0.01673	0.01370	0.01763	0.06221	0.01090	0.06218	0.39259	0.06515	0.06435	0.05192	0.04540	0.01061	0.00728	0.00231	0.00617	0.04999	0.00668	0.03541
35	0.03169	0.01253	0.01678	0.01287	0.01838	0.01108	0.01063	0.06896	0.02107	0.67502	0.02751	0.02386	0.01733	0.00880	0.00716	0.00220	0.00615	0.00712	0.00872	0.01212
36	0.00881	0.00629	0.00819	0.00964	0.01008	0.00589	0.00637	0.00996	0.01343	0.01783	0.03882	0.66194	0.06626	0.08617	0.01146	0.00323	0.00436	0.01921	0.00641	0.00566
37	0.05160	0.04190	0.09909	0.25271	0.18027	0.05085	0.01806	0.05844	0.07942	0.07680	0.01550	0.01840	0.01164	0.00731	0.00685	0.00222	0.00860	0.00617	0.00433	0.00985
38	0.01345	0.01266	0.02136	0.73264	0.04904	0.01582	0.01978	0.01819	0.01424	0.01819	0.01266	0.01898	0.00949	0.00712	0.00712	0.00237	0.00949	0.00633	0.00316	0.00791
39	0.03195	0.01212	0.01652	0.01267	0.01818	0.01047	0.01047	0.03470	0.02038	0.71026	0.02809	0.02424	0.01763	0.00881	0.00716	0.00220	0.00606	0.00716	0.00881	0.01212
40	0.02055	0.60982	0.03388	0.01342	0.01902	0.16696	0.01250	0.02275	0.01561	0.01689	0.01012	0.01171	0.00914	0.00634	0.00494	0.00159	0.00866	0.00396	0.00317	0.00896
41	0.01161	0.00777	0.00911	0.00848	0.01094	0.00677	0.00646	0.01411	0.01820	0.09762	0.31072	0.05781	0.38274	0.01569	0.00827	0.00232	0.00378	0.01335	0.00732	0.00695
42	0.02092	0.00969	0.01291	0.01073	0.01435	0.00856	0.00853	0.02390	0.02008	0.36861	0.33465	0.03947	0.07325	0.01186	0.00778	0.00223	0.00472	0.01013	0.00827	0.00938
43	0.00992	0.00727	0.00930	0.00879	0.01054	0.00665	0.00659	0.01313	0.01978	0.02767	0.64178	0.05465	0.12753	0.01489	0.00840	0.00226	0.00338	0.01308	0.00772	0.00665
44	0.00898	0.00714	0.00807	0.00804	0.01002	0.00622	0.00595	0.01124	0.01726	0.02217	0.27427	0.12905	0.43177	0.01731	0.00848	0.00240	0.00358	0.01483	0.00701	0.00622
45	0.01558	0.01558	0.02181	0.01869	0.01869	0.02181	0.01558	0.01714	0.01091	0.01714	0.00935	0.01558	0.00935	0.01246	0.02337	0.00312	0.73672	0.00623	0.00312	0.00779
46	0.01605	0.01637	0.02174	0.01868	0.01884	0.05183	0.01550	0.01762	0.01130	0.01715	0.00942	0.01546	0.00934	0.01224	0.02264	0.00306	0.70565	0.00616	0.00314	0.00781
47	0.02855	0.01184	0.01578	0.01233	0.01730	0.01054	0.01009	0.06591	0.02104	0.57713	0.12422	0.02802	0.02445	0.00962	0.00734	0.00221	0.00577	0.00794	0.00858	0.01134
48	0.02018	0.64510	0.03472	0.01312	0.01884	0.13301	0.01242	0.02240	0.01533	0.01685	0.01007	0.01164	0.00914	0.00628	0.00485	0.00157	0.00841	0.00393	0.00314	0.00900
49	0.00896	0.00640	0.00859	0.01024	0.01078	0.00603	0.00710	0.01040	0.01391	0.01849	0.03909	0.67780	0.04648	0.02204	0.00916	0.00293	0.00438	0.08475	0.00660	0.00586
50	0.00981	0.00734	0.00914	0.00888	0.01073	0.00667	0.00679	0.01280	0.01897	0.02586	0.50589	0.05881	0.21030	0.01575	0.00851	0.00236	0.00367	0.06372	0.00746	0.00654
51	0.02190	0.01691	0.01942	0.01548	0.02039	0.01817	0.04422	0.41876	0.12245	0.03651	0.02112	0.11098	0.01774	0.01007	0.00730	0.00220	0.00705	0.00832	0.00667	0.07435
52	0.01637	0.09132	0.43772	0.02389	0.17654	0.01691	0.02247	0.02273	0.01575	0.06485	0.03711	0.01716	0.01204	0.00701	0.00672	0.00216	0.00930	0.00575	0.00365	0.01054
53	0.01676	0.04290	0.06067	0.02985	0.14839	0.01790	0.45321	0.02204	0.01614	0.02239	0.01366	0.01812	0.01068	0.00641	0.00866	0.00229	0.05092	0.00747	0.00355	0.04797
54	0.05237	0.17346	0.04914	0.01653	0.05804	0.21357	0.01318	0.16011	0.06747	0.04528	0.03945	0.01904	0.04660	0.00819	0.00639	0.00197	0.00866	0.00599	0.00492	0.00963
55	0.00886	0.00652	0.00830	0.00936	0.01027	0.00596	0.00645	0.01051	0.01504	0.01997	0.14824	0.53594	0.14751	0.02046	0.00888	0.00272	0.00393	0.01831	0.00680	0.00596
56	0.01658	0.02335	0.28426	0.12953	0.25712	0.01619	0.02180	0.05674	0.01659	0.05280	0.01507	0.02015	0.01193	0.00749	0.00710	0.00227	0.00916	0.03768	0.00384	0.01036
57	0.02106	0.41004	0.05333	0.01275	0.01815	0.05486	0.01187	0.05174	0.01720	0.16193	0.07753	0.01897	0.01665	0.00950	0.03436	0.00219	0.00774	0.00568	0.00490	0.00956
58	0.00976	0.00761	0.00809	0.00802	0.01039	0.00663	0.00599	0.01229	0.04167	0.04672	0.08655	0.13049	0.56538	0.01766	0.00839	0.00244	0.00382	0.01490	0.00676	0.00645
59	0.01756	0.07562	0.42410	0.02099	0.11698	0.01579	0.02108	0.02372	0.01631	0.13073	0.05758	0.01894	0.01427	0.00747	0.00682	0.00218	0.00891	0.00608	0.00429	0.01055
60	0.01963	0.01602	0.01701	0.05014	0.04150	0.07553	0.01178	0.31895	0.06520	0.03112	0.02403	0.24917	0.02344	0.01275	0.00769	0.00238	0.00705	0.01075	0.00636	0.00949
61	0.01462	0.01590	0.14171	0.09494	0.04521	0.01301	0.01508	0.02279	0.16924	0.05315	0.06423	0.04352	0.02681	0.01248	0.00810	0.00265	0.00726	0.23463	0.00576	0.00890
62	0.00913	0.00725	0.00829	0.00869	0.01063	0.00641	0.00667	0.01127	0.01639	0.02054	0.13778	0.15478	0.43969	0.01842	0.00872	0.00258	0.00410	0.11576	0.00675	0.00615
63	0.01415	0.01394	0.02586	0.36679	0.07552	0.01528	0.20658	0.01847	0.01474	0.01956	0.01596	0.09753	0.01413	0.00919	0.00895	0.03013	0.03295	0.00842	0.00368	0.00818
64	0.15460	0.07748	0.25620	0.06326	0.20312	0.04556	0.03795	0.02244	0.03488	0.02374	0.01267	0.01542	0.00984	0.00668	0.00633	0.00215	0.00882	0.00539	0.00357	0.00988
65	0.01246	0.00870	0.00959	0.00893	0.01098	0.03419	0.00651	0.01459	0.01713	0.09165	0.28392	0.05226	0.25033	0.15191	0.01340	0.00314	0.00473	0.01218	0.00674	0.00666
66	0.01926	0.02129	0.06034	0.03750	0.53607	0.15763	0.02045	0.02320	0.01695	0.02206	0.01289	0.01654	0.01075	0.00656	0.00691	0.00207	0.00944	0.00594	0.00353	0.01064

[dist]
# distance from previous block
# <min> <max>
0	1

[block]
# block no. 7 follows, 29 sequences, length 106
# corresponding to MSA columns:
# 313-334,353-369,372-438
name=unknown_H
#
# <colnr> <probs for GDERKNQSTAVLIFYWHMCP>
#	G	D	E	R	K	N	Q	S	T	A	V	L	I	F	Y	W	H	M	C	P
0	0.02638	0.01963	0.02034	0.01585	0.02112	0.05919	0.01290	0.57821	0.03087	0.07375	0.01758	0.01880	0.01296	0.04852	0.00866	0.00238	0.00798	0.00656	0.00686	0.01148
1	0.00890	0.00660	0.00831	0.00922	0.01026	0.00601	0.00641	0.01066	0.01540	0.02042	0.17560	0.48182	0.17435	0.01998	0.00883	0.00267	0.00388	0.01781	0.00685	0.00601
2	0.01635	0.01347	0.01573	0.01258	0.04259	0.01157	0.00956	0.10524	0.04905	0.02626	0.01532	0.04292	0.01287	0.00666	0.00580	0.00138	0.00564	0.00542	0.02796	0.57360
3	0.00886	0.00723	0.00783	0.00768	0.00989	0.00620	0.00576	0.01108	0.01728	0.02174	0.24098	0.06441	0.53204	0.01710	0.00841	0.00236	0.00354	0.01445	0.00694	0.00620
4	0.01032	0.00702	0.00834	0.00832	0.00857	0.00716	0.00505	0.01082	0.01096	0.01487	0.05388	0.04439	0.02674	0.62128	0.12739	0.00730	0.00838	0.01011	0.00441	0.00470
5	0.00997	0.00705	0.00899	0.00932	0.00993	0.00729	0.00630	0.01110	0.01172	0.01584	0.02735	0.15810	0.06257	0.36979	0.22350	0.00717	0.00971	0.03426	0.00475	0.00530
6	0.02290	0.01709	0.01845	0.01518	0.02006	0.01908	0.01220	0.32013	0.35197	0.08833	0.02370	0.02223	0.01720	0.00911	0.00719	0.00228	0.00663	0.00726	0.00731	0.01170
7	0.03551	0.01659	0.05650	0.31813	0.32863	0.04236	0.02000	0.02149	0.05193	0.02153	0.01373	0.01821	0.01085	0.00690	0.00699	0.00223	0.00891	0.00625	0.00358	0.00968
8	0.01099	0.00785	0.01092	0.01256	0.01399	0.00778	0.01063	0.01391	0.01591	0.02077	0.03797	0.19565	0.04204	0.02013	0.00971	0.00321	0.00614	0.54687	0.00657	0.00642
9	0.01977	0.11936	0.01719	0.01182	0.01588	0.01390	0.00970	0.04509	0.18038	0.21368	0.18917	0.03094	0.04623	0.01021	0.00703	0.00214	0.00539	0.00842	0.04391	0.00977
10	0.01551	0.01309	0.01516	0.01090	0.01719	0.01025	0.00874	0.05788	0.01589	0.02451	0.01292	0.01491	0.01064	0.00547	0.00538	0.00112	0.00543	0.00435	0.00439	0.74626
11	0.01973	0.01498	0.01736	0.01721	0.10414	0.03296	0.01195	0.26848	0.11442	0.06346	0.02587	0.14841	0.05796	0.01130	0.00739	0.00228	0.00649	0.00950	0.05608	0.01002
12	0.01262	0.01093	0.01486	0.01376	0.01469	0.03153	0.01103	0.01487	0.01171	0.01741	0.01585	0.02330	0.01475	0.03546	0.42079	0.00775	0.26038	0.00701	0.05439	0.00691
13	0.00973	0.00664	0.00795	0.00857	0.00872	0.00649	0.00517	0.01019	0.01158	0.01543	0.02870	0.30682	0.03379	0.47875	0.02613	0.00541	0.00587	0.01404	0.00517	0.00486
14	0.00995	0.00677	0.00785	0.00818	0.00835	0.00665	0.00482	0.01026	0.01123	0.01489	0.02765	0.18805	0.05502	0.57639	0.02975	0.00593	0.00622	0.01252	0.00486	0.00467
