[name]
unknown

[dist]
# distance from previous block
# <min> <max>
0	44

[block]
# block no. 0 follows, 29 sequences, length 10
# corresponding to MSA columns:
# 44-53
name=unknown_A
#
# <colnr> <probs for GDERKNQSTAVLIFYWHMCP>
#	G	D	E	R	K	N	Q	S	T	A	V	L	I	F	Y	W	H	M	C	P
0	0.02149	0.02159	0.18865	0.01682	0.04678	0.04668	0.01561	0.20920	0.06774	0.13829	0.01858	0.02077	0.01384	0.00820	0.00691	0.00210	0.00793	0.03542	0.00573	0.10767
1	0.01788	0.07889	0.15935	0.03190	0.39910	0.01726	0.04844	0.04573	0.01659	0.05439	0.01380	0.01682	0.01093	0.00652	0.00676	0.00205	0.00863	0.00594	0.00380	0.05522
2	0.01517	0.01293	0.04765	0.01566	0.07979	0.01156	0.06374	0.11326	0.01719	0.05336	0.02635	0.17710	0.07914	0.13906	0.01250	0.00302	0.00666	0.01052	0.00539	0.10995
3	0.08272	0.08981	0.02860	0.02351	0.12545	0.01840	0.23523	0.07025	0.07869	0.02439	0.01635	0.07230	0.01414	0.00848	0.00878	0.00234	0.07888	0.00777	0.00437	0.00952
4	0.01915	0.01788	0.11956	0.03447	0.02114	0.01625	0.01385	0.09026	0.38041	0.11127	0.02567	0.02779	0.01969	0.00976	0.00736	0.00241	0.00678	0.05880	0.00663	0.01087
5	0.01617	0.02054	0.12412	0.07873	0.06094	0.05720	0.34748	0.02129	0.01544	0.02100	0.01355	0.01840	0.01073	0.01051	0.06170	0.00308	0.09933	0.00720	0.00345	0.00914
6	0.00870	0.00711	0.00750	0.00760	0.00960	0.00611	0.00551	0.01041	0.01580	0.01932	0.10645	0.12233	0.55203	0.07680	0.01070	0.00279	0.00390	0.01495	0.00651	0.00590
7	0.01771	0.37503	0.24254	0.01606	0.02340	0.07806	0.05414	0.02209	0.01526	0.01945	0.01135	0.01335	0.00931	0.00633	0.00567	0.00179	0.00899	0.00461	0.00321	0.07166
8	0.01202	0.07280	0.12454	0.01115	0.01515	0.01092	0.01051	0.06678	0.01735	0.02234	0.09576	0.10740	0.33877	0.01471	0.00788	0.00237	0.00558	0.05057	0.00588	0.00754
9	0.01760	0.01707	0.02231	0.03030	0.41489	0.11497	0.01646	0.02091	0.01691	0.05135	0.02526	0.02717	0.14767	0.00886	0.00717	0.00210	0.00791	0.00776	0.00441	0.03893

[dist]
# distance from previous block
# <min> <max>
3	31

[block]
# block no. 1 follows, 29 sequences, length 12
# corresponding to MSA columns:
# 87-98
name=unknown_B
#
# <colnr> <probs for GDERKNQSTAVLIFYWHMCP>
#	G	D	E	R	K	N	Q	S	T	A	V	L	I	F	Y	W	H	M	C	P
0	0.06664	0.09442	0.01895	0.06033	0.01947	0.01402	0.08049	0.09595	0.04866	0.08272	0.07652	0.14128	0.07761	0.01109	0.00715	0.00221	0.00639	0.00958	0.03221	0.05429
1	0.01729	0.06444	0.12992	0.04967	0.07420	0.07542	0.04126	0.09127	0.03747	0.05468	0.01899	0.15236	0.01772	0.01002	0.00764	0.00216	0.03489	0.00837	0.00480	0.10744
2	0.01565	0.14744	0.26876	0.06474	0.08952	0.01637	0.01740	0.04105	0.01494	0.02112	0.01241	0.01564	0.01001	0.00831	0.00840	0.08464	0.00830	0.00514	0.00343	0.14674
3	0.04976	0.12073	0.14862	0.02052	0.05074	0.03780	0.24120	0.02302	0.03963	0.08080	0.01682	0.05856	0.01358	0.00765	0.00699	0.00218	0.00904	0.00728	0.05556	0.00951
4	0.01709	0.09690	0.02724	0.29239	0.29157	0.01743	0.06910	0.02133	0.01560	0.06451	0.01375	0.01798	0.01075	0.00674	0.00691	0.00217	0.00886	0.00627	0.00368	0.00972
5	0.01123	0.00837	0.00987	0.00928	0.01174	0.00751	0.00699	0.01456	0.05290	0.04828	0.23257	0.12990	0.24606	0.05030	0.00942	0.00251	0.00428	0.04363	0.00670	0.09389
6	0.01638	0.01367	0.01619	0.06606	0.02004	0.01173	0.01001	0.11059	0.01734	0.02585	0.01328	0.01541	0.01069	0.00587	0.00567	0.00131	0.00595	0.00468	0.00454	0.62474
7	0.01001	0.00679	0.00798	0.00826	0.00845	0.00667	0.00492	0.01047	0.01164	0.01562	0.07012	0.18325	0.03272	0.55982	0.02913	0.00582	0.00613	0.01245	0.00499	0.00476
8	0.01186	0.00906	0.01181	0.01301	0.08761	0.00859	0.00795	0.01335	0.01251	0.01746	0.02200	0.08456	0.02392	0.39710	0.06419	0.00512	0.00732	0.06385	0.00452	0.13423
9	0.06301	0.01391	0.02067	0.22582	0.24786	0.01506	0.01604	0.09278	0.01674	0.06516	0.01633	0.04634	0.01414	0.10369	0.01077	0.00285	0.00802	0.00724	0.00440	0.00917
10	0.02272	0.01877	0.01908	0.01551	0.01927	0.09705	0.01233	0.40869	0.02514	0.03297	0.01623	0.02123	0.01365	0.12990	0.01402	0.00302	0.10803	0.00683	0.00573	0.00982
11	0.07484	0.01299	0.02019	0.51677	0.08906	0.01532	0.01773	0.04081	0.01536	0.06485	0.01510	0.02220	0.01194	0.00791	0.00707	0.00238	0.00867	0.04439	0.00397	0.00846

[dist]
# distance from previous block
# <min> <max>
0	7

[block]
# block no. 2 follows, 29 sequences, length 28
# corresponding to MSA columns:
# 106-133
name=unknown_C
#
# <colnr> <probs for GDERKNQSTAVLIFYWHMCP>
#	G	D	E	R	K	N	Q	S	T	A	V	L	I	F	Y	W	H	M	C	P
0	0.01433	0.01391	0.01991	0.36966	0.15968	0.05637	0.01652	0.01811	0.01522	0.01957	0.02245	0.02619	0.12479	0.00885	0.00768	0.00223	0.03195	0.00752	0.00390	0.06114
1	0.09540	0.01450	0.02160	0.32826	0.17891	0.01628	0.03601	0.05935	0.08478	0.07354	0.01561	0.01900	0.01171	0.00733	0.00689	0.00228	0.00821	0.00638	0.00442	0.00954
2	0.18906	0.01878	0.14557	0.17999	0.02744	0.01649	0.01556	0.15237	0.03793	0.12791	0.01566	0.01726	0.01106	0.00754	0.00648	0.00225	0.00789	0.00578	0.00511	0.00988
3	0.02018	0.59357	0.03328	0.01332	0.01889	0.13944	0.01238	0.02346	0.05596	0.01764	0.01122	0.01256	0.00990	0.00651	0.00503	0.00163	0.00834	0.00419	0.00340	0.00912
4	0.01816	0.01552	0.01635	0.01458	0.01869	0.01792	0.01138	0.06862	0.66096	0.03051	0.02841	0.02611	0.02128	0.00961	0.00724	0.00240	0.00574	0.00797	0.00724	0.01131
5	0.01243	0.00621	0.00910	0.00910	0.00921	0.00621	0.00610	0.00977	0.00966	0.01332	0.01310	0.02198	0.01276	0.02363	0.02629	0.73953	0.00599	0.00621	0.05605	0.00333
6	0.00917	0.00691	0.00848	0.00879	0.01026	0.00622	0.00632	0.01142	0.01697	0.02265	0.31509	0.28045	0.23529	0.01801	0.00863	0.00250	0.00368	0.01584	0.00711	0.00622
7	0.00891	0.00723	0.00791	0.00774	0.00992	0.00622	0.00580	0.01119	0.01741	0.02203	0.26117	0.06392	0.51167	0.01699	0.00841	0.00235	0.00353	0.01438	0.00698	0.00622
8	0.02591	0.01908	0.02056	0.01588	0.02130	0.02103	0.01307	0.63586	0.03257	0.04376	0.06394	0.01957	0.01588	0.00896	0.00721	0.00214	0.00753	0.00685	0.00717	0.01174
9	0.00939	0.00680	0.00873	0.00931	0.01037	0.00631	0.00657	0.01146	0.01617	0.02198	0.28957	0.36107	0.10486	0.06796	0.01063	0.00289	0.00407	0.03884	0.00692	0.00608
10	0.01013	0.00681	0.00783	0.00805	0.00811	0.00676	0.00462	0.01030	0.01079	0.01439	0.02466	0.13916	0.02870	0.65335	0.03264	0.00637	0.00654	0.01167	0.00462	0.00451
11	0.01008	0.00728	0.00952	0.00896	0.01064	0.00672	0.00672	0.01344	0.02016	0.02855	0.70158	0.05319	0.06719	0.01456	0.00840	0.00224	0.00336	0.01288	0.00784	0.00672
12	0.00870	0.00685	0.00771	0.00825	0.00980	0.00602	0.00581	0.01028	0.01518	0.01900	0.08809	0.29621	0.40907	0.06310	0.01031	0.00283	0.00397	0.01642	0.00653	0.00587
13	0.00883	0.00644	0.00816	0.00936	0.01009	0.00594	0.00631	0.01019	0.01418	0.01868	0.08235	0.56878	0.13658	0.06547	0.01061	0.00303	0.00418	0.01849	0.00654	0.00578
14	0.01541	0.01562	0.02438	0.02004	0.02129	0.02031	0.12300	0.01776	0.01190	0.01802	0.01083	0.01702	0.01016	0.01422	0.06872	0.00357	0.56984	0.00668	0.00324	0.00799
15	0.00873	0.00681	0.00793	0.00853	0.01003	0.00601	0.00606	0.01050	0.01566	0.01996	0.13709	0.34269	0.35593	0.01935	0.00869	0.00258	0.00379	0.01689	0.00676	0.00601
16	0.21120	0.00914	0.00993	0.00925	0.01176	0.00920	0.00705	0.01618	0.01698	0.07408	0.36097	0.10228	0.08279	0.03932	0.00836	0.00246	0.00430	0.01089	0.00673	0.00713
17	0.02630	0.01079	0.01448	0.01168	0.01605	0.00944	0.00933	0.02879	0.01909	0.53699	0.08342	0.08627	0.04692	0.05519	0.00920	0.00255	0.00566	0.00910	0.00822	0.01052
18	0.01036	0.00690	0.00777	0.00777	0.00777	0.00690	0.00431	0.01036	0.01036	0.01381	0.02244	0.04660	0.02589	0.74975	0.03624	0.00690	0.00690	0.01036	0.00431	0.00431
19	0.01562	0.00894	0.01051	0.00940	0.01244	0.00798	0.00725	0.01856	0.04953	0.20703	0.09736	0.05191	0.35866	0.07893	0.01050	0.00276	0.00473	0.03294	0.00712	0.00784
20	0.02250	0.01083	0.01413	0.01182	0.01574	0.01021	0.00941	0.02756	0.10542	0.38552	0.19362	0.05543	0.03132	0.01383	0.05643	0.00289	0.00617	0.00914	0.00796	0.01008
21	0.01729	0.01482	0.01579	0.01440	0.01826	0.01707	0.01128	0.03628	0.64693	0.02922	0.02957	0.03019	0.02303	0.01033	0.00742	0.00247	0.00570	0.05179	0.00720	0.01095
22	0.01193	0.00871	0.01181	0.01321	0.01503	0.00888	0.01146	0.01642	0.06534	0.02192	0.03707	0.07643	0.03959	0.01895	0.00965	0.00322	0.00649	0.61040	0.00661	0.00690
23	0.12052	0.00827	0.00916	0.00909	0.01120	0.00789	0.00664	0.01431	0.01522	0.08816	0.10898	0.26167	0.22286	0.07172	0.01004	0.00283	0.00449	0.01376	0.00647	0.00671
24	0.01011	0.00723	0.00929	0.00881	0.01027	0.00674	0.00641	0.01304	0.01890	0.02667	0.61475	0.05235	0.06191	0.10855	0.01196	0.00284	0.00381	0.01256	0.00739	0.00641
25	0.02660	0.03394	0.02018	0.01834	0.02201	0.72116	0.01376	0.02843	0.02018	0.01743	0.01101	0.01284	0.00917	0.00734	0.00642	0.00183	0.01284	0.00459	0.00367	0.00825
26	0.01914	0.54050	0.03120	0.01310	0.01818	0.13938	0.01202	0.02139	0.01502	0.01684	0.01125	0.01377	0.01025	0.01234	0.09653	0.00284	0.00994	0.00442	0.00325	0.00864
27	0.01290	0.00667	0.00678	0.00678	0.00823	0.00667	0.00489	0.01579	0.01435	0.02492	0.02313	0.02911	0.01923	0.10309	0.00897	0.00233	0.00378	0.00711	0.68893	0.00634

[dist]
# distance from previous block
# <min> <max>
4	15

[block]
# block no. 3 follows, 29 sequences, length 32
# corresponding to MSA columns:
# 149-180
name=unknown_D
#
# <colnr> <probs for GDERKNQSTAVLIFYWHMCP>
#	G	D	E	R	K	N	Q	S	T	A	V	L	I	F	Y	W	H	M	C	P
0	0.01090	0.00711	0.00863	0.00893	0.00964	0.00682	0.00587	0.01187	0.01300	0.04902	0.07420	0.21825	0.07365	0.39963	0.02311	0.00491	0.00575	0.05768	0.00559	0.00544
1	0.02468	0.01811	0.01951	0.01529	0.02022	0.01993	0.01237	0.58881	0.03044	0.04079	0.01862	0.05365	0.01500	0.07715	0.00988	0.00261	0.00758	0.00742	0.00684	0.01110
2	0.01036	0.00690	0.00777	0.00777	0.00777	0.00690	0.00431	0.01036	0.01036	0.01381	0.02244	0.04660	0.02589	0.74975	0.03624	0.00690	0.00690	0.01036	0.00431	0.00431
3	0.01681	0.01921	0.04202	0.03001	0.03721	0.01801	0.67947	0.02281	0.01681	0.02281	0.01441	0.01921	0.01080	0.00600	0.00840	0.00240	0.01200	0.00840	0.00360	0.00960
4	0.01594	0.01344	0.01564	0.01139	0.01743	0.01111	0.00917	0.07972	0.01637	0.02500	0.01295	0.01501	0.01065	0.00584	0.00610	0.00123	0.03208	0.00450	0.00445	0.69199
5	0.00874	0.00625	0.00832	0.00987	0.01034	0.00583	0.00661	0.01008	0.01393	0.01866	0.06975	0.71324	0.04802	0.02195	0.00906	0.00286	0.00410	0.01990	0.00667	0.00583
6	0.02383	0.01702	0.01910	0.03815	0.02094	0.01846	0.01244	0.47409	0.05473	0.08079	0.01855	0.04221	0.01414	0.01190	0.04855	0.02797	0.00801	0.00691	0.00661	0.05560
7	0.01428	0.03683	0.71286	0.02030	0.03082	0.01654	0.02631	0.02255	0.01503	0.02255	0.01278	0.01503	0.00902	0.00677	0.00677	0.00226	0.01052	0.00526	0.00301	0.01052
8	0.02660	0.03394	0.02018	0.01834	0.02201	0.72116	0.01376	0.02843	0.02018	0.01743	0.01101	0.01284	0.00917	0.00734	0.00642	0.00183	0.01284	0.00459	0.00367	0.00825
9	0.01477	0.01266	0.01477	0.01055	0.01687	0.00949	0.00844	0.01793	0.01477	0.02320	0.01266	0.01477	0.01055	0.00527	0.00527	0.00105	0.00527	0.00422	0.00422	0.79328
10	0.00955	0.00697	0.00935	0.01071	0.01130	0.00692	0.00770	0.01109	0.01382	0.01844	0.03680	0.55742	0.04326	0.06374	0.01137	0.00320	0.03412	0.13201	0.00633	0.00592
11	0.00868	0.00620	0.00826	0.00991	0.01033	0.00578	0.00661	0.00991	0.01363	0.01818	0.03925	0.74510	0.04710	0.02231	0.00909	0.00289	0.00413	0.02024	0.00661	0.00578
12	0.80005	0.01377	0.01047	0.00936	0.01377	0.01597	0.00771	0.02093	0.01212	0.03195	0.00991	0.01157	0.00771	0.00661	0.00441	0.00220	0.00551	0.00386	0.00441	0.00771
13	0.01477	0.01266	0.01477	0.01055	0.01687	0.00949	0.00844	0.01793	0.01477	0.02320	0.01266	0.01477	0.01055	0.00527	0.00527	0.00105	0.00527	0.00422	0.00422	0.79328
14	0.02707	0.01995	0.02137	0.01638	0.02208	0.02208	0.01353	0.68159	0.03348	0.04488	0.01710	0.01710	0.01211	0.00855	0.00712	0.00214	0.00784	0.00641	0.00712	0.01211
15	0.02829	0.01344	0.01854	0.01432	0.01975	0.01239	0.05673	0.12056	0.02147	0.50249	0.02574	0.02627	0.01769	0.00917	0.00735	0.00224	0.00671	0.04986	0.00791	0.03908
16	0.02707	0.01995	0.02137	0.01638	0.02208	0.02208	0.01353	0.68159	0.03348	0.04488	0.01710	0.01710	0.01211	0.00855	0.00712	0.00214	0.00784	0.00641	0.00712	0.01211
17	0.06554	0.01490	0.01756	0.01782	0.11048	0.01630	0.01235	0.03419	0.45075	0.14171	0.02563	0.02411	0.01884	0.00890	0.00704	0.00233	0.00608	0.00743	0.00684	0.01121
18	0.00881	0.00626	0.00822	0.00974	0.01012	0.00588	0.00642	0.00995	0.01336	0.01781	0.03785	0.68717	0.04534	0.08264	0.01134	0.00322	0.00436	0.01942	0.00642	0.00566
19	0.01757	0.53245	0.24603	0.01469	0.02215	0.02458	0.01655	0.02170	0.01464	0.01854	0.01079	0.01254	0.00910	0.00630	0.00525	0.00175	0.00851	0.00426	0.00303	0.00957
20	0.01610	0.02566	0.33729	0.02535	0.17430	0.01755	0.07346	0.02252	0.04653	0.04173	0.01363	0.01682	0.01055	0.00782	0.00993	0.00239	0.13851	0.00610	0.00355	0.01021
21	0.01100	0.00813	0.01066	0.01148	0.01332	0.00794	0.00963	0.01474	0.04268	0.02293	0.18676	0.07081	0.13367	0.01796	0.00924	0.00290	0.00543	0.40716	0.00687	0.00670
22	0.80005	0.01377	0.01047	0.00936	0.01377	0.01597	0.00771	0.02093	0.01212	0.03195	0.00991	0.01157	0.00771	0.00661	0.00441	0.00220	0.00551	0.00386	0.00441	0.00771
23	0.19402	0.01247	0.01525	0.01197	0.01725	0.01163	0.00988	0.03180	0.01864	0.56714	0.02426	0.02156	0.01553	0.00835	0.00658	0.00220	0.00594	0.00646	0.00788	0.01119
24	0.00868	0.00620	0.00826	0.00991	0.01033	0.00578	0.00661	0.00991	0.01363	0.01818	0.03925	0.74510	0.04710	0.02231	0.00909	0.00289	0.00413	0.02024	0.00661	0.00578
25	0.01513	0.01418	0.02443	0.46739	0.04096	0.01618	0.14745	0.08107	0.01628	0.02136	0.01409	0.02037	0.01102	0.03975	0.03821	0.00292	0.01012	0.00696	0.00370	0.00842
26	0.01394	0.01276	0.04304	0.32954	0.14418	0.01336	0.06788	0.01672	0.01354	0.01810	0.01409	0.05326	0.01234	0.01193	0.01238	0.19659	0.00849	0.00707	0.00340	0.00740
27	0.04932	0.04195	0.01775	0.04970	0.06682	0.16241	0.01215	0.05504	0.26741	0.07973	0.02657	0.02603	0.09585	0.00947	0.00699	0.00221	0.00745	0.00752	0.00586	0.00977
28	0.01388	0.04326	0.01194	0.01050	0.01211	0.00963	0.00753	0.03830	0.05434	0.10017	0.04464	0.27566	0.03076	0.23869	0.05039	0.00429	0.02859	0.01257	0.00586	0.00689
29	0.00934	0.00669	0.00874	0.01009	0.01073	0.00636	0.00684	0.03228	0.01453	0.01945	0.06301	0.69541	0.04668	0.02157	0.00900	0.00284	0.00423	0.01951	0.00667	0.00603
30	0.01734	0.01310	0.01506	0.01431	0.04820	0.01424	0.01055	0.03077	0.43004	0.10201	0.13994	0.05710	0.05430	0.01097	0.00752	0.00237	0.00531	0.00935	0.00729	0.01023
31	0.01731	0.03156	0.42470	0.02193	0.06060	0.13322	0.09684	0.04805	0.01659	0.02230	0.01266	0.01538	0.00949	0.00715	0.00789	0.00224	0.05310	0.00566	0.00337	0.00998

[dist]
# distance from previous block
# <min> <max>
0	1

[block]
# block no. 4 follows, 29 sequences, length 95
# corresponding to MSA columns:
# 182-276
name=unknown_E
#
# <colnr> <probs for GDERKNQSTAVLIFYWHMCP>
#	G	D	E	R	K	N	Q	S	T	A	V	L	I	F	Y	W	H	M	C	P
0	0.04717	0.01580	0.02230	0.05150	0.02099	0.02114	0.04773	0.05616	0.01270	0.01966	0.01022	0.01584	0.00952	0.01144	0.02020	0.00295	0.59686	0.00626	0.00343	0.00813
1	0.06128	0.02115	0.16215	0.05228	0.06019	0.01713	0.41065	0.02166	0.01570	0.02270	0.01457	0.04850	0.01174	0.00720	0.00842	0.00240	0.04141	0.00780	0.00362	0.00943
2	0.01398	0.01210	0.01239	0.01181	0.01460	0.04198	0.00886	0.04141	0.32083	0.02424	0.04024	0.19300	0.18842	0.03223	0.00859	0.00259	0.00522	0.01224	0.00673	0.00855
3	0.01240	0.00636	0.00960	0.02876	0.01035	0.00644	0.00655	0.00952	0.00941	0.01253	0.01238	0.02157	0.01229	0.02426	0.02727	0.77154	0.00627	0.00619	0.00309	0.00322
4	0.01353	0.01277	0.02137	0.70557	0.04789	0.01605	0.01962	0.01815	0.01411	0.01815	0.01253	0.01886	0.00949	0.00732	0.00774	0.00240	0.03706	0.00632	0.00316	0.00791
5	0.00888	0.00661	0.00807	0.00897	0.00996	0.00602	0.00613	0.01035	0.01462	0.01904	0.10698	0.45262	0.21296	0.08074	0.01110	0.00304	0.00416	0.01743	0.00653	0.00581
6	0.01009	0.00679	0.00785	0.00811	0.00818	0.00672	0.00468	0.01028	0.01088	0.01451	0.02513	0.15856	0.02929	0.63315	0.03189	0.00626	0.00646	0.01194	0.00468	0.00455
7	0.01791	0.01489	0.01594	0.01406	0.01800	0.01692	0.01100	0.11129	0.53436	0.03143	0.10755	0.02861	0.02600	0.01011	0.00737	0.00236	0.00563	0.00843	0.00730	0.01083
8	0.01956	0.01278	0.01384	0.01147	0.01469	0.01362	0.00883	0.30489	0.02217	0.06815	0.02063	0.02719	0.01741	0.18870	0.01363	0.00317	0.00630	0.00747	0.21678	0.00874
9	0.01455	0.01242	0.01453	0.01052	0.01664	0.00936	0.00837	0.01764	0.01472	0.02302	0.01361	0.04108	0.01186	0.00589	0.00541	0.00112	0.00523	0.00480	0.00430	0.76491
10	0.01185	0.00637	0.00856	0.00870	0.00897	0.00633	0.00574	0.01057	0.01065	0.01516	0.01793	0.08887	0.01846	0.14295	0.02432	0.47958	0.00571	0.00816	0.11711	0.00404
11	0.00880	0.00629	0.00841	0.01006	0.01053	0.00589	0.00683	0.01014	0.01376	0.01832	0.03918	0.71460	0.04682	0.02219	0.00912	0.00291	0.00424	0.04948	0.00661	0.00582
12	0.01558	0.01558	0.02181	0.01869	0.01869	0.02181	0.01558	0.01714	0.01091	0.01714	0.00935	0.01558	0.00935	0.01246	0.02337	0.00312	0.73672	0.00623	0.00312	0.00779
13	0.08185	0.01348	0.01690	0.01305	0.01851	0.01269	0.01078	0.13748	0.02194	0.55885	0.02513	0.02226	0.01609	0.00863	0.00697	0.00219	0.00631	0.00682	0.00825	0.01183
14	0.80005	0.01377	0.01047	0.00936	0.01377	0.01597	0.00771	0.02093	0.01212	0.03195	0.00991	0.01157	0.00771	0.00661	0.00441	0.00220	0.00551	0.00386	0.00441	0.00771
15	0.01305	0.00752	0.00978	0.00993	0.01159	0.00681	0.00710	0.01484	0.01580	0.14274	0.12672	0.43126	0.10656	0.04922	0.00974	0.00281	0.00444	0.01603	0.00707	0.00699
16	0.00961	0.00704	0.00763	0.00760	0.00858	0.00656	0.00482	0.01043	0.01296	0.01644	0.06802	0.05514	0.28316	0.44425	0.02463	0.00502	0.00552	0.01222	0.00532	0.00505
17	0.01558	0.01558	0.02181	0.01869	0.01869	0.02181	0.01558	0.01714	0.01091	0.01714	0.00935	0.01558	0.00935	0.01246	0.02337	0.00312	0.73672	0.00623	0.00312	0.00779
18	0.00881	0.00625	0.00822	0.00974	0.01012	0.00587	0.00643	0.00995	0.01337	0.01783	0.03791	0.68961	0.04541	0.08010	0.01125	0.00321	0.00435	0.01946	0.00643	0.00567
19	0.01105	0.00738	0.00864	0.00851	0.01018	0.00665	0.00599	0.01271	0.01552	0.07438	0.16176	0.16574	0.28235	0.18001	0.01461	0.00344	0.00458	0.01383	0.00649	0.00621
20	0.00892	0.00737	0.00793	0.00793	0.01022	0.00626	0.00596	0.01092	0.01630	0.02014	0.11771	0.11996	0.54664	0.01769	0.00841	0.00242	0.00381	0.04023	0.00662	0.03456
21	0.02637	0.05738	0.02083	0.01802	0.02189	0.65727	0.01369	0.06608	0.02076	0.01900	0.01132	0.01304	0.00934	0.00737	0.00640	0.00184	0.01237	0.00467	0.00385	0.00851
22	0.00865	0.00631	0.00814	0.00960	0.01025	0.00581	0.00647	0.00995	0.01393	0.01830	0.04305	0.66681	0.12293	0.02181	0.00901	0.00284	0.00407	0.01964	0.00661	0.00581
23	0.24479	0.01391	0.01377	0.01144	0.01562	0.01508	0.00927	0.26245	0.02161	0.05995	0.06003	0.02547	0.10311	0.00951	0.00631	0.00214	0.00576	0.00718	0.10353	0.00909
24	0.07950	0.01700	0.01734	0.01383	0.01845	0.04339	0.01122	0.45377	0.02709	0.05481	0.01791	0.01929	0.01334	0.02922	0.00733	0.00218	0.00695	0.00633	0.15063	0.01043
25	0.00994	0.00747	0.00928	0.00922	0.01092	0.00697	0.00687	0.01340	0.04668	0.02501	0.42888	0.16680	0.17194	0.01642	0.00852	0.00242	0.00376	0.04153	0.00735	0.00663
26	0.00885	0.00713	0.00788	0.00791	0.00994	0.00616	0.00585	0.01098	0.01695	0.02143	0.22421	0.13069	0.48185	0.01759	0.00848	0.00241	0.00360	0.01501	0.00691	0.00616
27	0.01025	0.00700	0.00845	0.00852	0.00876	0.00722	0.00524	0.01076	0.01069	0.01448	0.02254	0.07277	0.02533	0.59372	0.15839	0.00755	0.00898	0.01028	0.00432	0.00474
28	0.01047	0.00733	0.00917	0.00887	0.01070	0.00661	0.00659	0.01321	0.01852	0.05409	0.45676	0.14193	0.19715	0.01602	0.00844	0.00235	0.00362	0.01401	0.00747	0.00668
29	0.80005	0.01377	0.01047	0.00936	0.01377	0.01597	0.00771	0.02093	0.01212	0.03195	0.00991	0.01157	0.00771	0.00661	0.00441	0.00220	0.00551	0.00386	0.00441	0.00771
30	0.00863	0.00707	0.00761	0.00780	0.00983	0.00605	0.00573	0.01051	0.01626	0.02006	0.13369	0.16753	0.53791	0.01830	0.00851	0.00246	0.00366	0.01558	0.00674	0.00605
31	0.01474	0.01449	0.01955	0.04395	0.01891	0.05833	0.04395	0.01672	0.01191	0.01709	0.01268	0.02041	0.01228	0.07270	0.16140	0.00491	0.43838	0.00681	0.00340	0.00737
32	0.00923	0.00659	0.00889	0.01054	0.01120	0.00626	0.00757	0.01087	0.01418	0.01879	0.03894	0.61443	0.04589	0.02179	0.00924	0.00297	0.00461	0.14549	0.00660	0.00594
33	0.01428	0.03683	0.71286	0.02030	0.03082	0.01654	0.02631	0.02255	0.01503	0.02255	0.01278	0.01503	0.00902	0.00677	0.00677	0.00226	0.01052	0.00526	0.00301	0.01052
34	0.01630	0.01785	0.03685	0.13841	0.09279	0.01776	0.49404	0.02176	0.01609	0.02188	0.01382	0.01888	0.01057	0.00650	0.00878	0.00241	0.04458	0.00782	0.00351	0.00940
35	0.01504	0.08941	0.51067	0.06726	0.07073	0.01758	0.08766	0.02216	0.01518	0.02188	0.01274	0.01555	0.00936	0.00664	0.00679	0.00221	0.01025	0.00558	0.00311	0.01020
36	0.01030	0.00706	0.00856	0.00853	0.00887	0.00727	0.00532	0.01098	0.01113	0.01518	0.06120	0.04346	0.02676	0.57553	0.16411	0.00749	0.00900	0.00999	0.00442	0.00484
37	0.80005	0.01377	0.01047	0.00936	0.01377	0.01597	0.00771	0.02093	0.01212	0.03195	0.00991	0.01157	0.00771	0.00661	0.00441	0.00220	0.00551	0.00386	0.00441	0.00771
38	0.01707	0.01406	0.01599	0.01174	0.01787	0.01206	0.00946	0.13676	0.04549	0.02732	0.01411	0.01566	0.01128	0.00603	0.00568	0.00130	0.00574	0.00476	0.00486	0.62274
39	0.00957	0.00679	0.00860	0.00949	0.01030	0.00640	0.00645	0.02651	0.01444	0.01916	0.09761	0.49690	0.11284	0.08019	0.01221	0.04891	0.00444	0.01709	0.00634	0.00577
40	0.01318	0.01230	0.02048	0.68127	0.04640	0.01519	0.01894	0.01777	0.01438	0.01833	0.01583	0.02287	0.03847	0.00794	0.00725	0.00240	0.00916	0.02662	0.00341	0.00779
41	0.01284	0.00961	0.01039	0.00951	0.01251	0.00924	0.00734	0.05304	0.13174	0.07253	0.12869	0.05385	0.43154	0.01507	0.00806	0.00236	0.00432	0.01259	0.00704	0.00774
42	0.67693	0.01351	0.01144	0.00989	0.01448	0.01509	0.00815	0.02314	0.01344	0.14067	0.01283	0.01360	0.00930	0.00696	0.00485	0.00220	0.00560	0.00439	0.00511	0.00842
43	0.00938	0.00717	0.00859	0.00876	0.01049	0.00645	0.00656	0.01174	0.01712	0.02246	0.28894	0.15856	0.30388	0.03816	0.00942	0.00262	0.00395	0.07252	0.00698	0.00623
44	0.00853	0.00722	0.00737	0.00733	0.00969	0.00606	0.00550	0.01044	0.01650	0.01987	0.11470	0.06749	0.65949	0.01780	0.00841	0.00239	0.00359	0.01488	0.00670	0.00606
45	0.01017	0.00763	0.01144	0.01144	0.01272	0.00890	0.00890	0.01272	0.01144	0.01653	0.01907	0.02797	0.01780	0.05340	0.72153	0.01144	0.01907	0.00763	0.00381	0.00636
46	0.01097	0.00773	0.00879	0.00880	0.01077	0.00703	0.00635	0.01358	0.05183	0.07053	0.07911	0.22852	0.36231	0.08733	0.01107	0.00293	0.00433	0.01484	0.00664	0.00656
47	0.00895	0.00631	0.00818	0.00956	0.00990	0.00597	0.00623	0.00999	0.01309	0.01745	0.03645	0.62889	0.04357	0.14334	0.01361	0.00356	0.00459	0.01860	0.00623	0.00554
48	0.02707	0.01995	0.02137	0.01638	0.02208	0.02208	0.01353	0.68159	0.03348	0.04488	0.01710	0.01710	0.01211	0.00855	0.00712	0.00214	0.00784	0.00641	0.00712	0.01211
49	0.15489	0.01267	0.01573	0.01227	0.01761	0.01177	0.01014	0.05590	0.01953	0.57746	0.02478	0.02195	0.01584	0.00845	0.00672	0.00220	0.00604	0.00660	0.00805	0.01141
50	0.01032	0.00737	0.00830	0.00828	0.00909	0.00720	0.00526	0.03228	0.01273	0.01651	0.03446	0.10964	0.17536	0.47053	0.05830	0.00562	0.00653	0.01198	0.00508	0.00516
51	0.01309	0.01066	0.01165	0.01098	0.01310	0.03890	0.00817	0.02059	0.21195	0.02524	0.31013	0.04439	0.04233	0.15071	0.01329	0.00321	0.00527	0.05198	0.00676	0.00763
52	0.80005	0.01377	0.01047	0.00936	0.01377	0.01597	0.00771	0.02093	0.01212	0.03195	0.00991	0.01157	0.00771	0.00661	0.00441	0.00220	0.00551	0.00386	0.00441	0.00771
53	0.05429	0.01809	0.01936	0.01542	0.02065	0.02006	0.01257	0.45852	0.19391	0.08161	0.02042	0.01966	0.01465	0.00876	0.00705	0.00221	0.00710	0.00676	0.00715	0.01174
54	0.00934	0.00670	0.00874	0.01015	0.01075	0.00637	0.00686	0.03428	0.01435	0.01915	0.03844	0.71869	0.04583	0.02181	0.00902	0.00286	0.00427	0.01974	0.00663	0.00601
55	0.01235	0.00773	0.00999	0.00925	0.01104	0.00716	0.00684	0.01511	0.01851	0.09436	0.50735	0.04996	0.05489	0.13196	0.01278	0.00301	0.00428	0.02921	0.00734	0.00687
56	0.02862	0.01246	0.01595	0.01259	0.01764	0.01159	0.01028	0.06837	0.09529	0.54462	0.02721	0.02430	0.01784	0.00885	0.00699	0.00218	0.00589	0.00718	0.07055	0.01159
57	0.02484	0.01382	0.01657	0.01323	0.01790	0.01391	0.01073	0.22577	0.08749	0.31174	0.15725	0.02799	0.02609	0.00994	0.00740	0.00221	0.00602	0.00814	0.00796	0.01097
58	0.00920	0.00676	0.00868	0.01002	0.01075	0.00646	0.00682	0.01154	0.05042	0.01917	0.06091	0.65794	0.07223	0.02122	0.00894	0.00283	0.00417	0.01915	0.00668	0.00612
59	0.01036	0.00690	0.00777	0.00777	0.00777	0.00690	0.00431	0.01036	0.01036	0.01381	0.02244	0.04660	0.02589	0.74975	0.03624	0.00690	0.00690	0.01036	0.00431	0.00431
60	0.01071	0.00732	0.00943	0.00913	0.01084	0.00668	0.00676	0.01356	0.01877	0.05734	0.50819	0.16544	0.11721	0.01586	0.00846	0.00236	0.00363	0.01400	0.00758	0.00675
61	0.01532	0.01791	0.08166	0.30235	0.04136	0.01705	0.37671	0.02100	0.01568	0.02100	0.01361	0.01882	0.01017	0.00649	0.00779	0.00238	0.01092	0.00737	0.00339	0.00901
62	0.02330	0.25520	0.02642	0.01915	0.09403	0.43107	0.01414	0.02553	0.01799	0.01784	0.01092	0.01291	0.00939	0.00685	0.00591	0.00177	0.01075	0.00453	0.00346	0.00885
63	0.01848	0.01540	0.01792	0.22002	0.02691	0.04616	0.01344	0.27318	0.07248	0.02949	0.02814	0.02909	0.15863	0.01018	0.00738	0.00227	0.00746	0.00826	0.00574	0.00938
64	0.01561	0.01316	0.01522	0.01095	0.01723	0.01036	0.00879	0.06371	0.01606	0.02470	0.01296	0.01493	0.01065	0.00550	0.00540	0.00113	0.00545	0.00437	0.00442	0.73939
65	0.02372	0.01671	0.05915	0.01510	0.02042	0.01602	0.04806	0.30275	0.07076	0.20369	0.09975	0.02554	0.04629	0.00949	0.00738	0.00222	0.00696	0.00781	0.00718	0.01099
66	0.00981	0.00727	0.00915	0.00868	0.01047	0.00661	0.00651	0.01292	0.01953	0.02706	0.60068	0.05565	0.16901	0.01511	0.00840	0.00227	0.00340	0.01322	0.00764	0.00661
67	0.28154	0.01455	0.01432	0.01187	0.01627	0.01606	0.00965	0.24258	0.07441	0.08649	0.01758	0.01824	0.01293	0.00797	0.00585	0.00210	0.00594	0.00579	0.14626	0.00960
68	0.02776	0.01884	0.02068	0.01586	0.02153	0.02044	0.01310	0.59000	0.03162	0.13908	0.01865	0.01811	0.01289	0.00859	0.00713	0.00215	0.00758	0.00652	0.00736	0.01211
69	0.15097	0.01896	0.01962	0.01526	0.02075	0.02110	0.01260	0.57569	0.03006	0.04280	0.01594	0.01621	0.01140	0.00824	0.00669	0.00215	0.00746	0.00600	0.00669	0.01140
70	0.56214	0.04078	0.01311	0.01037	0.01514	0.01493	0.00863	0.02469	0.01445	0.21591	0.01486	0.01501	0.01046	0.00719	0.00516	0.00218	0.00574	0.00475	0.00555	0.00896
71	0.03109	0.01247	0.01666	0.01275	0.01829	0.01092	0.01052	0.06141	0.02072	0.65617	0.02704	0.02358	0.01713	0.00867	0.00709	0.00216	0.00610	0.00702	0.00857	0.04164
72	0.00953	0.00724	0.01060	0.01101	0.01184	0.00684	0.05441	0.01091	0.01333	0.01781	0.03477	0.58117	0.04110	0.13774	0.01339	0.00350	0.00514	0.01781	0.00603	0.00582
73	0.01027	0.00699	0.00850	0.00855	0.00901	0.00707	0.00544	0.01122	0.01206	0.01668	0.10469	0.09413	0.03098	0.48765	0.12678	0.00653	0.00789	0.01086	0.02962	0.00507
74	0.80005	0.01377	0.01047	0.00936	0.01377	0.01597	0.00771	0.02093	0.01212	0.03195	0.00991	0.01157	0.00771	0.00661	0.00441	0.00220	0.00551	0.00386	0.00441	0.00771
75	0.00868	0.00620	0.00826	0.00991	0.01033	0.00578	0.00661	0.00991	0.01363	0.01818	0.03925	0.74510	0.04710	0.02231	0.00909	0.00289	0.00413	0.02024	0.00661	0.00578
76	0.00862	0.00642	0.00803	0.00933	0.01017	0.00583	0.00635	0.00998	0.01420	0.01841	0.04643	0.59741	0.19016	0.02138	0.00894	0.00279	0.00402	0.01910	0.00661	0.00583
77	0.80005	0.01377	0.01047	0.00936	0.01377	0.01597	0.00771	0.02093	0.01212	0.03195	0.00991	0.01157	0.00771	0.00661	0.00441	0.00220	0.00551	0.00386	0.00441	0.00771
78	0.02726	0.01341	0.01657	0.01338	0.01843	0.01318	0.01083	0.05900	0.23372	0.47077	0.02798	0.02472	0.01873	0.00907	0.00719	0.00227	0.00599	0.00742	0.00826	0.01185
79	0.01257	0.00939	0.01190	0.01270	0.01461	0.00976	0.01035	0.05552	0.11314	0.02310	0.03565	0.23529	0.03809	0.01826	0.00912	0.00299	0.00589	0.36762	0.00670	0.00736
80	0.00878	0.00641	0.00819	0.00946	0.01017	0.00590	0.00639	0.01017	0.01421	0.01876	0.08105	0.60020	0.12624	0.04585	0.00988	0.00293	0.00412	0.01886	0.00660	0.00582
81	0.02733	0.01952	0.02111	0.01618	0.02187	0.02146	0.01337	0.64683	0.03278	0.08063	0.01769	0.01748	0.01241	0.00856	0.00713	0.00214	0.00774	0.00645	0.00721	0.01211
82	0.29729	0.01724	0.14234	0.01290	0.01862	0.01380	0.01239	0.05626	0.01696	0.25491	0.05484	0.02107	0.01569	0.00830	0.00627	0.00225	0.00664	0.02646	0.00599	0.00981
83	0.00872	0.00633	0.00823	0.00965	0.01028	0.00585	0.00652	0.01011	0.01416	0.01875	0.07312	0.65643	0.10242	0.02159	0.00900	0.00282	0.00405	0.01946	0.00667	0.00585
84	0.01252	0.00801	0.00916	0.00843	0.01119	0.00687	0.00648	0.01478	0.01767	0.13184	0.18956	0.05840	0.46704	0.01587	0.00821	0.00234	0.00395	0.01334	0.00721	0.00713
85	0.01404	0.01252	0.02188	0.44471	0.10325	0.01427	0.09015	0.01755	0.01393	0.01855	0.01326	0.01958	0.01059	0.00983	0.01054	0.13074	0.00891	0.00655	0.03156	0.00759
86	0.02528	0.07430	0.02070	0.01762	0.02130	0.64269	0.01341	0.02718	0.01938	0.01734	0.01138	0.01357	0.00963	0.00974	0.04474	0.00233	0.01287	0.00470	0.00364	0.00820
87	0.01237	0.00618	0.00928	0.00928	0.00928	0.00618	0.00618	0.00928	0.00928	0.01237	0.01237	0.02165	0.01237	0.02474	0.02783	0.79283	0.00618	0.00618	0.00309	0.00309
88	0.01867	0.07442	0.06757	0.09886	0.43921	0.13731	0.01984	0.02264	0.01651	0.02129	0.01263	0.01633	0.01047	0.00659	0.00675	0.00206	0.00936	0.00580	0.00345	0.01026
89	0.01232	0.00914	0.01104	0.01061	0.01210	0.00949	0.00773	0.10560	0.01698	0.02293	0.14917	0.24932	0.08915	0.16775	0.03223	0.00369	0.04484	0.03304	0.00617	0.00670
90	0.01106	0.00882	0.01269	0.01219	0.01312	0.01074	0.00946	0.01316	0.01124	0.01632	0.01789	0.02807	0.01735	0.12467	0.53335	0.00961	0.13243	0.00771	0.00376	0.00636
91	0.01963	0.01782	0.01708	0.01511	0.01926	0.09583	0.01177	0.10141	0.55209	0.02994	0.02580	0.02410	0.01938	0.00929	0.00714	0.00232	0.00665	0.00750	0.00684	0.01102
92	0.07392	0.15723	0.06286	0.01713	0.04556	0.36130	0.01388	0.09448	0.01907	0.02195	0.01189	0.01380	0.00974	0.00736	0.00670	0.00191	0.03888	0.00483	0.02857	0.00896
93	0.01743	0.01672	0.02856	0.07532	0.67522	0.01687	0.02176	0.02169	0.01612	0.02303	0.01336	0.01769	0.01120	0.00638	0.00705	0.00213	0.00851	0.00634	0.00351	0.01112
94	0.04407	0.00780	0.00853	0.00832	0.00963	0.00761	0.00561	0.03985	0.01450	0.02004	0.12243	0.09914	0.18486	0.33266	0.02008	0.00430	0.00528	0.01182	0.04776	0.00572

[dist]
# distance from previous block
# <min> <max>
0	29

[block]
# block no. 5 follows, 29 sequences, length 49
# corresponding to MSA columns:
# 306-354
name=unknown_F
#
# <colnr> <probs for GDERKNQSTAVLIFYWHMCP>
#	G	D	E	R	K	N	Q	S	T	A	V	L	I	F	Y	W	H	M	C	P
0	0.02574	0.01349	0.01644	0.01331	0.01797	0.01338	0.01071	0.18972	0.09285	0.37020	0.05261	0.10726	0.02201	0.01062	0.00743	0.00229	0.00612	0.00880	0.00794	0.01109
1	0.16512	0.01395	0.05901	0.01257	0.01820	0.01181	0.01097	0.03153	0.01860	0.54868	0.02396	0.02145	0.01536	0.00830	0.00665	0.00221	0.00624	0.00646	0.00768	0.01125
2	0.00882	0.00657	0.00821	0.00919	0.01022	0.00597	0.00637	0.01048	0.01512	0.01987	0.13995	0.50081	0.19187	0.02029	0.00885	0.00269	0.00391	0.01807	0.00678	0.00597
3	0.06440	0.00992	0.01248	0.01125	0.01431	0.00954	0.00898	0.04816	0.04711	0.21992	0.25842	0.10702	0.03991	0.01345	0.00798	0.00244	0.00506	0.10349	0.00756	0.00860
4	0.01861	0.01200	0.01370	0.01170	0.01523	0.01216	0.00911	0.17233	0.10853	0.15542	0.10526	0.08985	0.16169	0.06945	0.00993	0.00267	0.00556	0.01049	0.00717	0.00915
5	0.01051	0.00830	0.01009	0.01036	0.01183	0.00844	0.00752	0.01495	0.11155	0.02196	0.17007	0.36712	0.14991	0.01787	0.00925	0.00263	0.03839	0.01560	0.00678	0.00687
6	0.01002	0.00708	0.00882	0.00934	0.01020	0.00680	0.00658	0.01162	0.01438	0.01923	0.16265	0.19999	0.08725	0.27979	0.01874	0.00423	0.00536	0.12633	0.00602	0.00559
7	0.01536	0.01060	0.01202	0.01117	0.01358	0.01116	0.00822	0.05169	0.22831	0.09052	0.05220	0.13141	0.06103	0.19951	0.01491	0.00357	0.00565	0.03188	0.03905	0.00814
8	0.00927	0.00720	0.00843	0.00822	0.01017	0.00636	0.00613	0.01185	0.01812	0.02394	0.39135	0.08965	0.35083	0.01645	0.00844	0.00234	0.00350	0.01416	0.00724	0.00636
9	0.01473	0.00958	0.01112	0.01031	0.01191	0.00974	0.00710	0.13820	0.01631	0.07442	0.02615	0.21722	0.02806	0.36819	0.02162	0.00462	0.00631	0.01189	0.00577	0.00675
10	0.01888	0.01108	0.01360	0.01218	0.01570	0.01105	0.00982	0.02649	0.20220	0.23280	0.15263	0.04308	0.08221	0.01264	0.00796	0.00247	0.00537	0.12267	0.00766	0.00951
11	0.07037	0.00948	0.00979	0.00924	0.01189	0.00962	0.00706	0.04520	0.13351	0.02539	0.11953	0.07886	0.27684	0.01341	0.00728	0.00225	0.00422	0.01114	0.14744	0.00748
12	0.02609	0.03235	0.01998	0.01805	0.02181	0.65554	0.01360	0.05110	0.06074	0.01909	0.01229	0.01380	0.01002	0.00752	0.00649	0.00188	0.01224	0.00485	0.00400	0.00857
13	0.01121	0.00733	0.00880	0.00880	0.00928	0.00731	0.00554	0.01183	0.01208	0.04976	0.05849	0.17510	0.04836	0.50140	0.02734	0.00547	0.02936	0.01214	0.00515	0.00524
14	0.06146	0.00847	0.01066	0.01022	0.01254	0.00789	0.00778	0.01724	0.01696	0.17103	0.20172	0.23961	0.09575	0.03938	0.00911	0.00266	0.00469	0.06812	0.00718	0.00753
15	0.00870	0.00640	0.00824	0.00958	0.01032	0.00595	0.00653	0.01008	0.01392	0.01826	0.04320	0.61661	0.14146	0.02298	0.03862	0.00318	0.00468	0.01896	0.00649	0.00584
16	0.80005	0.01377	0.01047	0.00936	0.01377	0.01597	0.00771	0.02093	0.01212	0.03195	0.00991	0.01157	0.00771	0.00661	0.00441	0.00220	0.00551	0.00386	0.00441	0.00771
17	0.00910	0.00637	0.00814	0.00938	0.00969	0.00606	0.00603	0.01003	0.01281	0.01708	0.03503	0.56988	0.04178	0.20479	0.01590	0.00390	0.00483	0.01776	0.00603	0.00542
18	0.00882	0.00647	0.00831	0.00966	0.01045	0.00597	0.00668	0.01031	0.01435	0.01882	0.06560	0.59367	0.14049	0.02132	0.00901	0.00282	0.00415	0.05055	0.00665	0.00588
19	0.01477	0.01266	0.01477	0.01055	0.01687	0.00949	0.00844	0.01793	0.01477	0.02320	0.01266	0.01477	0.01055	0.00527	0.00527	0.00105	0.00527	0.00422	0.00422	0.79328
20	0.01049	0.00802	0.01176	0.01159	0.01270	0.00948	0.00895	0.01280	0.01134	0.01637	0.01877	0.02860	0.01790	0.10071	0.63352	0.01065	0.05850	0.00774	0.00381	0.00629
21	0.01034	0.00748	0.00879	0.00834	0.01053	0.00657	0.00630	0.01296	0.01838	0.05620	0.38280	0.05883	0.35478	0.01588	0.00835	0.00231	0.00360	0.01359	0.00732	0.00665
22	0.02097	0.56961	0.03292	0.01376	0.01923	0.20566	0.01259	0.02314	0.01593	0.01693	0.01018	0.01179	0.00915	0.00641	0.00504	0.00160	0.00895	0.00401	0.00321	0.00891
23	0.02660	0.03394	0.02018	0.01834	0.02201	0.72116	0.01376	0.02843	0.02018	0.01743	0.01101	0.01284	0.00917	0.00734	0.00642	0.00183	0.01284	0.00459	0.00367	0.00825
24	0.01034	0.00697	0.00808	0.00808	0.00819	0.00707	0.00471	0.01056	0.01045	0.01404	0.02215	0.04501	0.02520	0.69046	0.09459	0.00729	0.00794	0.01012	0.00427	0.00449
25	0.02953	0.01600	0.01893	0.01451	0.02011	0.01622	0.01199	0.35533	0.02687	0.38046	0.02264	0.02070	0.01489	0.00868	0.00714	0.00217	0.00694	0.00679	0.00798	0.01211
26	0.02670	0.03087	0.02044	0.01791	0.02203	0.56774	0.01371	0.17178	0.02310	0.02345	0.01234	0.01377	0.00982	0.00760	0.00657	0.00190	0.01174	0.00499	0.00443	0.00910
27	0.00901	0.00742	0.00779	0.00776	0.00990	0.00651	0.00569	0.01140	0.03780	0.02001	0.12396	0.09197	0.54785	0.06876	0.01035	0.00272	0.00390	0.01449	0.00659	0.00612
28	0.75692	0.01368	0.01081	0.00955	0.01402	0.01566	0.00787	0.02170	0.01258	0.07003	0.01094	0.01228	0.00827	0.00673	0.00456	0.00220	0.00554	0.00404	0.00465	0.00796
29	0.75524	0.01367	0.01082	0.00956	0.01403	0.01565	0.00787	0.02173	0.01260	0.07152	0.01098	0.01231	0.00829	0.00674	0.00457	0.00220	0.00554	0.00405	0.00466	0.00797
30	0.01011	0.00680	0.00784	0.00808	0.00814	0.00674	0.00465	0.01029	0.01083	0.01444	0.02487	0.14769	0.02896	0.64448	0.03231	0.00632	0.00650	0.01179	0.00465	0.00453
31	0.01086	0.00801	0.00904	0.00889	0.01136	0.00719	0.00697	0.01393	0.04708	0.06232	0.14095	0.06374	0.46145	0.01691	0.00848	0.00249	0.00422	0.10243	0.00692	0.00677
32	0.02707	0.01995	0.02137	0.01638	0.02208	0.02208	0.01353	0.68159	0.03348	0.04488	0.01710	0.01710	0.01211	0.00855	0.00712	0.00214	0.00784	0.00641	0.00712	0.01211
33	0.80005	0.01377	0.01047	0.00936	0.01377	0.01597	0.00771	0.02093	0.01212	0.03195	0.00991	0.01157	0.00771	0.00661	0.00441	0.00220	0.00551	0.00386	0.00441	0.00771
34	0.01020	0.00689	0.00798	0.00804	0.00824	0.00680	0.00473	0.01063	0.01158	0.01561	0.09197	0.09860	0.03160	0.62235	0.03145	0.00614	0.00634	0.01134	0.00484	0.00466
35	0.00868	0.00620	0.00826	0.00991	0.01033	0.00578	0.00661	0.00991	0.01363	0.01818	0.03925	0.74510	0.04710	0.02231	0.00909	0.00289	0.00413	0.02024	0.00661	0.00578
36	0.00982	0.00649	0.00867	0.01005	0.01071	0.00601	0.00680	0.01113	0.01396	0.05217	0.03870	0.70970	0.04565	0.02165	0.00899	0.00286	0.00423	0.01960	0.00672	0.00609
37	0.80005	0.01377	0.01047	0.00936	0.01377	0.01597	0.00771	0.02093	0.01212	0.03195	0.00991	0.01157	0.00771	0.00661	0.00441	0.00220	0.00551	0.00386	0.00441	0.00771
38	0.01337	0.00931	0.01025	0.00949	0.01069	0.00976	0.00625	0.11148	0.05682	0.02029	0.02282	0.06974	0.02407	0.52133	0.02721	0.00545	0.00664	0.00984	0.04908	0.00609
39	0.01284	0.00846	0.01078	0.00981	0.01207	0.00807	0.00749	0.01766	0.08123	0.09308	0.57686	0.04804	0.05838	0.01357	0.00818	0.00225	0.00382	0.01190	0.00788	0.00764
40	0.00971	0.00697	0.00871	0.00974	0.01045	0.00668	0.00653	0.03989	0.01421	0.01882	0.03788	0.57519	0.08163	0.12267	0.01274	0.00339	0.00465	0.01794	0.00631	0.00587
41	0.00879	0.00631	0.00817	0.00960	0.01010	0.00588	0.00637	0.00997	0.01353	0.01791	0.03983	0.65446	0.08229	0.07691	0.01110	0.00317	0.00431	0.01920	0.00644	0.00569
42	0.01195	0.00829	0.00961	0.00925	0.01001	0.00859	0.00596	0.08218	0.01327	0.01783	0.02331	0.11470	0.02589	0.53107	0.09287	0.00639	0.00782	0.01072	0.00481	0.00549
43	0.04879	0.01808	0.02082	0.06883	0.17515	0.07155	0.01486	0.20341	0.24564	0.03074	0.01921	0.01997	0.01457	0.00817	0.00700	0.00222	0.00765	0.00671	0.00574	0.01092
44	0.01440	0.01227	0.01438	0.01051	0.01648	0.00927	0.00833	0.01745	0.01470	0.02290	0.01424	0.05828	0.01272	0.00629	0.00550	0.00116	0.00521	0.00517	0.00436	0.74637
45	0.01654	0.01944	0.06846	0.05841	0.06188	0.01798	0.57007	0.02232	0.01634	0.02237	0.01400	0.01880	0.01063	0.00638	0.00890	0.00241	0.04396	0.00801	0.00353	0.00956
46	0.01097	0.00919	0.01412	0.01283	0.01471	0.00908	0.10257	0.01393	0.03633	0.02109	0.13844	0.35406	0.09943	0.03887	0.01026	0.00274	0.04882	0.01482	0.04095	0.00678
47	0.05319	0.04165	0.12217	0.39750	0.06462	0.01648	0.10907	0.02045	0.03683	0.02084	0.01325	0.01786	0.01002	0.00684	0.00695	0.00226	0.00939	0.00623	0.00345	0.04097
48	0.01602	0.05074	0.08170	0.05842	0.24007	0.01632	0.26680	0.02085	0.01596	0.02216	0.01659	0.05491	0.03406	0.00734	0.00744	0.00219	0.00935	0.00772	0.00378	0.06757

[dist]
# distance from previous block
# <min> <max>
0	3

[block]
# block no. 6 follows, 29 sequences, length 13
# corresponding to MSA columns:
# 358-370
name=unknown_G
#
# <colnr> <probs for GDERKNQSTAVLIFYWHMCP>
#	G	D	E	R	K	N	Q	S	T	A	V	L	I	F	Y	W	H	M	C	P
0	0.02310	0.01228	0.01534	0.01186	0.01708	0.01076	0.00962	0.07543	0.03608	0.34750	0.05606	0.02489	0.05480	0.01024	0.03386	0.00223	0.00619	0.00698	0.00695	0.23872
1	0.01821	0.01651	0.04827	0.06920	0.06576	0.01530	0.20762	0.08321	0.05475	0.08336	0.01569	0.01823	0.01185	0.00688	0.00769	0.00200	0.04008	0.00649	0.00466	0.22421
2	0.05773	0.04760	0.01964	0.01785	0.06267	0.28777	0.01319	0.08523	0.09005	0.04860	0.01634	0.07812	0.01442	0.00966	0.00927	0.00225	0.11904	0.00685	0.00473	0.00899
3	0.01745	0.01680	0.02830	0.04158	0.64683	0.01734	0.02132	0.02145	0.01576	0.02274	0.01305	0.01745	0.01111	0.00687	0.00844	0.00220	0.07051	0.00633	0.00349	0.01098
4	0.54362	0.01387	0.01345	0.01313	0.07361	0.01524	0.00958	0.06479	0.01532	0.11716	0.05103	0.01632	0.01282	0.00743	0.00537	0.00219	0.00586	0.00514	0.00525	0.00880
5	0.53765	0.08958	0.01608	0.01500	0.11849	0.01679	0.01040	0.02044	0.01292	0.02783	0.01118	0.01380	0.00922	0.01033	0.06323	0.00287	0.00727	0.00453	0.00409	0.00829
6	0.01089	0.00848	0.01148	0.05019	0.01442	0.00835	0.03991	0.06576	0.01562	0.02046	0.03859	0.47008	0.13501	0.06312	0.01034	0.00295	0.00519	0.01643	0.00618	0.00654
7	0.00992	0.00700	0.00851	0.00879	0.00939	0.00699	0.00576	0.01087	0.01207	0.01606	0.04840	0.14833	0.09870	0.42043	0.13023	0.00629	0.00788	0.03429	0.00498	0.00515
