[name]
unknown

[dist]
# distance from previous block
# <min> <max>
11	88

[block]
# block no. 0 follows, 25 sequences, length 13
# corresponding to MSA columns:
# 88-100
name=unknown_A
#
# <colnr> <probs for GDERKNQSTAVLIFYWHMCP>
#	G	D	E	R	K	N	Q	S	T	A	V	L	I	F	Y	W	H	M	C	P
0	0.02008	0.01851	0.02759	0.03820	0.48945	0.03904	0.02038	0.11021	0.04431	0.02827	0.02096	0.02388	0.06747	0.00845	0.00780	0.00233	0.00871	0.00771	0.00481	0.01183
1	0.01366	0.07041	0.01834	0.18019	0.02475	0.01390	0.01306	0.01703	0.01394	0.01948	0.01687	0.02409	0.01496	0.03274	0.35133	0.00727	0.04370	0.00705	0.00394	0.11329
2	0.19733	0.10920	0.01415	0.00993	0.01328	0.01274	0.00806	0.01684	0.01778	0.02750	0.26555	0.06440	0.18934	0.01364	0.00755	0.00238	0.00495	0.01109	0.00657	0.00773
3	0.02180	0.01648	0.01744	0.01407	0.01891	0.01743	0.01139	0.41052	0.02935	0.03831	0.04127	0.03979	0.26375	0.01321	0.00829	0.00244	0.00679	0.01053	0.00755	0.01068
4	0.53250	0.01622	0.01854	0.02183	0.20657	0.01778	0.03875	0.02316	0.01468	0.03167	0.01208	0.01482	0.00965	0.00709	0.00580	0.00238	0.00721	0.00518	0.00449	0.00959
5	0.00958	0.00718	0.00900	0.01008	0.01121	0.00660	0.00701	0.01133	0.01600	0.02092	0.10246	0.47984	0.20184	0.02404	0.04146	0.00339	0.00505	0.01938	0.00717	0.00647
6	0.21124	0.01893	0.01969	0.01545	0.02128	0.02071	0.01275	0.41700	0.02890	0.13292	0.01838	0.01824	0.01286	0.00884	0.00705	0.00235	0.00766	0.00642	0.00730	0.01204
7	0.01937	0.01398	0.01528	0.01355	0.01777	0.01494	0.01060	0.03341	0.40484	0.13575	0.04270	0.03950	0.17981	0.01256	0.00818	0.00259	0.00568	0.01044	0.00800	0.01105
8	0.19545	0.00940	0.00938	0.00956	0.01213	0.00929	0.00726	0.01436	0.01624	0.02477	0.08829	0.20198	0.30406	0.01755	0.00837	0.00273	0.00473	0.05075	0.00670	0.00702
9	0.00974	0.00727	0.00914	0.01051	0.01164	0.00667	0.00752	0.01151	0.01589	0.02048	0.05115	0.49050	0.20071	0.02283	0.00982	0.00307	0.00468	0.09323	0.00719	0.00646
10	0.01649	0.00903	0.01201	0.01087	0.01351	0.00816	0.00828	0.01967	0.02103	0.18667	0.43309	0.14175	0.05717	0.01551	0.00892	0.00253	0.00448	0.01363	0.00861	0.00859
11	0.03104	0.01445	0.02123	0.02192	0.17835	0.01309	0.01438	0.03442	0.02110	0.52599	0.02674	0.02466	0.01753	0.00895	0.00777	0.00238	0.00723	0.00758	0.00821	0.01298
12	0.02243	0.01822	0.01930	0.01642	0.02136	0.02076	0.01303	0.23019	0.47102	0.03751	0.02756	0.02574	0.02043	0.01015	0.00785	0.00254	0.00688	0.00821	0.00785	0.01255

[dist]
# distance from previous block
# <min> <max>
0	7

[block]
# block no. 1 follows, 25 sequences, length 27
# corresponding to MSA columns:
# 108-134
name=unknown_B
#
# <colnr> <probs for GDERKNQSTAVLIFYWHMCP>
#	G	D	E	R	K	N	Q	S	T	A	V	L	I	F	Y	W	H	M	C	P
0	0.00968	0.00822	0.00905	0.05084	0.01321	0.00728	0.00699	0.01202	0.01798	0.02191	0.13558	0.06962	0.57372	0.01852	0.00908	0.00260	0.00429	0.01555	0.00711	0.00675
1	0.01898	0.02096	0.04438	0.03177	0.03952	0.01988	0.61214	0.06320	0.01941	0.02630	0.01587	0.02077	0.01185	0.00671	0.00907	0.00260	0.01279	0.00902	0.00416	0.01062
2	0.01555	0.04011	0.68733	0.02210	0.03356	0.01801	0.02865	0.02455	0.01637	0.02455	0.01391	0.01637	0.00982	0.00737	0.00737	0.00246	0.01146	0.00573	0.00327	0.01146
3	0.03127	0.01336	0.01748	0.01383	0.01936	0.01224	0.01128	0.03690	0.11030	0.55679	0.06854	0.02859	0.02297	0.01009	0.00789	0.00243	0.00636	0.00830	0.00930	0.01272
4	0.01919	0.01842	0.03147	0.04759	0.67914	0.01842	0.02380	0.02380	0.01765	0.02533	0.01458	0.01919	0.01228	0.00691	0.00768	0.00230	0.00921	0.00691	0.00384	0.01228
5	0.02073	0.73217	0.04063	0.01327	0.01990	0.03068	0.01327	0.02322	0.01575	0.01824	0.01078	0.01244	0.00995	0.00663	0.00498	0.00166	0.00829	0.00415	0.00332	0.00995
6	0.01488	0.01403	0.02369	0.67406	0.08635	0.01729	0.02165	0.02002	0.01562	0.02010	0.01382	0.02059	0.01044	0.00771	0.00775	0.00257	0.01028	0.00689	0.00347	0.00881
7	0.00945	0.00787	0.00825	0.00815	0.01065	0.00667	0.00611	0.01167	0.01834	0.02252	0.17135	0.07202	0.58221	0.01905	0.00916	0.00259	0.00389	0.01600	0.00741	0.00667
8	0.02753	0.02027	0.02189	0.01716	0.02280	0.02233	0.01401	0.59104	0.03436	0.04605	0.02095	0.08681	0.01688	0.01076	0.00796	0.00241	0.00814	0.00844	0.00770	0.01252
9	0.01802	0.02288	0.11135	0.03160	0.03981	0.01944	0.58735	0.02481	0.01810	0.02481	0.01551	0.02045	0.01157	0.00662	0.00897	0.00260	0.01291	0.00880	0.00386	0.01056
10	0.00942	0.00786	0.00821	0.00813	0.01063	0.00666	0.00610	0.01163	0.01829	0.02240	0.16413	0.07222	0.58950	0.01909	0.00916	0.00259	0.00389	0.01603	0.00739	0.00666
11	0.01555	0.04011	0.68733	0.02210	0.03356	0.01801	0.02865	0.02455	0.01637	0.02455	0.01391	0.01637	0.00982	0.00737	0.00737	0.00246	0.01146	0.00573	0.00327	0.01146
12	0.01228	0.05439	0.01537	0.01332	0.01489	0.01244	0.01066	0.01492	0.01261	0.01808	0.01906	0.02796	0.01785	0.05038	0.58495	0.01086	0.09080	0.00789	0.00402	0.00727
13	0.00996	0.00798	0.00897	0.00899	0.01133	0.00698	0.00693	0.01252	0.01878	0.02376	0.22632	0.07169	0.45823	0.01886	0.00932	0.00267	0.00419	0.07820	0.00753	0.00680
14	0.01128	0.00752	0.00846	0.00846	0.00846	0.00752	0.00470	0.01128	0.01128	0.01503	0.02443	0.05074	0.02819	0.72751	0.03946	0.00752	0.00752	0.01128	0.00470	0.00470
15	0.01397	0.00718	0.00740	0.00757	0.00925	0.00714	0.00559	0.01736	0.01612	0.02802	0.02698	0.09610	0.02292	0.01051	0.00585	0.00194	0.00370	0.00866	0.69659	0.00714
16	0.02912	0.02175	0.02218	0.01746	0.02331	0.07826	0.01423	0.49215	0.08505	0.10663	0.02028	0.01982	0.01436	0.00932	0.00771	0.00233	0.00860	0.00704	0.00763	0.01276
17	0.01830	0.02092	0.04575	0.03268	0.04052	0.01961	0.65098	0.02484	0.01830	0.02484	0.01569	0.02092	0.01176	0.00654	0.00915	0.00261	0.01307	0.00915	0.00392	0.01046
18	0.00943	0.00679	0.00895	0.01067	0.01121	0.00631	0.00714	0.01081	0.01496	0.01984	0.04423	0.69544	0.07733	0.02410	0.00987	0.00313	0.00447	0.02181	0.00720	0.00631
19	0.01117	0.00794	0.01062	0.01062	0.01137	0.00869	0.00740	0.01267	0.01192	0.01664	0.02245	0.03976	0.02342	0.36515	0.39531	0.01019	0.01469	0.00967	0.00440	0.00590
20	0.01732	0.01452	0.01674	0.01207	0.01890	0.01161	0.00970	0.07826	0.01797	0.02745	0.01423	0.01631	0.01164	0.00607	0.00593	0.00126	0.00600	0.00481	0.00489	0.70431
21	0.02452	0.10068	0.02227	0.01774	0.02151	0.41285	0.01382	0.09034	0.02099	0.02197	0.01596	0.08411	0.01490	0.01294	0.05029	0.00283	0.05154	0.00707	0.00460	0.00910
22	0.01086	0.00757	0.00892	0.00907	0.00958	0.00752	0.00565	0.01158	0.01271	0.01688	0.05116	0.11635	0.09563	0.49842	0.09985	0.00695	0.00810	0.01261	0.00525	0.00535
23	0.01775	0.02003	0.04346	0.03131	0.03869	0.01878	0.61079	0.02396	0.01808	0.02452	0.01738	0.06472	0.01423	0.00764	0.00920	0.00265	0.01254	0.00996	0.00413	0.01020
24	0.02651	0.01862	0.02119	0.01818	0.06026	0.02012	0.01390	0.43401	0.07431	0.10769	0.02232	0.04430	0.01753	0.05040	0.00971	0.00271	0.00799	0.03055	0.00751	0.01218
25	0.02116	0.02170	0.02962	0.08148	0.45163	0.13691	0.05674	0.06180	0.01941	0.02523	0.01438	0.01844	0.01178	0.00727	0.00765	0.00229	0.01029	0.00670	0.00408	0.01143
26	0.02648	0.01924	0.02063	0.01615	0.02137	0.02116	0.01303	0.54218	0.03235	0.04372	0.01967	0.02304	0.01535	0.09618	0.01147	0.00293	0.00815	0.00751	0.04755	0.01185

[dist]
# distance from previous block
# <min> <max>
12	20

[block]
# block no. 2 follows, 25 sequences, length 25
# corresponding to MSA columns:
# 155-179
name=unknown_C
#
# <colnr> <probs for GDERKNQSTAVLIFYWHMCP>
#	G	D	E	R	K	N	Q	S	T	A	V	L	I	F	Y	W	H	M	C	P
0	0.01762	0.01682	0.02864	0.27540	0.46357	0.01801	0.02302	0.02242	0.01691	0.02343	0.01431	0.01970	0.01161	0.00720	0.00770	0.00240	0.00960	0.00690	0.00370	0.01102
1	0.01576	0.03863	0.63813	0.02291	0.03409	0.01813	0.07637	0.02458	0.01652	0.02458	0.01405	0.01672	0.00997	0.00730	0.00750	0.00247	0.01158	0.00599	0.00332	0.01138
2	0.02315	0.02224	0.02697	0.06281	0.37258	0.15617	0.01967	0.12390	0.04296	0.05196	0.01580	0.01870	0.01251	0.00775	0.00756	0.00227	0.00992	0.00663	0.00481	0.01164
3	0.02283	0.31844	0.18423	0.01728	0.02433	0.18921	0.01726	0.06541	0.01905	0.05735	0.01335	0.01486	0.01062	0.00746	0.00635	0.00201	0.01035	0.00509	0.00408	0.01044
4	0.00979	0.00694	0.00913	0.01075	0.01123	0.00656	0.00723	0.01113	0.01465	0.01950	0.04082	0.62173	0.04863	0.09411	0.01288	0.00361	0.00494	0.05325	0.00695	0.00618
5	0.01301	0.01303	0.06470	0.01445	0.04034	0.05146	0.03219	0.04862	0.01720	0.02262	0.07684	0.44171	0.06507	0.04811	0.01044	0.00304	0.00635	0.01676	0.00648	0.00760
6	0.01395	0.05495	0.01421	0.06082	0.01656	0.01161	0.00955	0.11741	0.01827	0.02407	0.03441	0.43045	0.05987	0.08239	0.01171	0.00325	0.00605	0.01623	0.00656	0.00768
7	0.01736	0.02168	0.10581	0.05429	0.03850	0.01855	0.52799	0.02377	0.01780	0.02432	0.01710	0.06344	0.01394	0.00775	0.00897	0.00263	0.01229	0.00952	0.00404	0.01024
8	0.01052	0.00838	0.00965	0.01027	0.01250	0.00768	0.00813	0.01365	0.04241	0.02191	0.06253	0.14208	0.40951	0.02026	0.00962	0.00294	0.00498	0.18885	0.00721	0.00691
9	0.01713	0.09058	0.52355	0.02428	0.10729	0.05733	0.02613	0.02473	0.01679	0.02385	0.01364	0.01626	0.01013	0.00729	0.00720	0.00235	0.01110	0.00570	0.00338	0.01130
10	0.01878	0.02539	0.21911	0.03185	0.27418	0.04261	0.10637	0.06424	0.06893	0.02652	0.01630	0.02007	0.01283	0.02846	0.00871	0.00256	0.01021	0.00708	0.00428	0.01152
11	0.00966	0.00711	0.00911	0.01063	0.01154	0.00656	0.00744	0.01130	0.01555	0.02027	0.04830	0.56462	0.15037	0.02330	0.00985	0.00310	0.00463	0.07304	0.00719	0.00641
12	0.01707	0.02029	0.12339	0.05979	0.23856	0.01713	0.22040	0.02251	0.01708	0.02448	0.01753	0.07122	0.01504	0.00854	0.00870	0.00249	0.03392	0.00858	0.06280	0.01049
13	0.01279	0.00824	0.01075	0.03393	0.01348	0.00793	0.00800	0.03580	0.01691	0.07401	0.12698	0.44924	0.04630	0.08099	0.01190	0.00328	0.00511	0.01743	0.02975	0.00718
14	0.01579	0.03846	0.63221	0.02301	0.03416	0.01814	0.08212	0.02458	0.01654	0.02458	0.01407	0.01676	0.00999	0.00730	0.00752	0.00247	0.01160	0.00602	0.00333	0.01137
15	0.02215	0.02428	0.02782	0.07895	0.42357	0.24314	0.02073	0.02593	0.01895	0.02289	0.01367	0.01755	0.01140	0.00732	0.00745	0.00222	0.01086	0.00627	0.00387	0.01097
16	0.01725	0.02229	0.13336	0.03071	0.10060	0.01816	0.44561	0.02354	0.01778	0.02447	0.01891	0.05416	0.03825	0.00799	0.00878	0.00259	0.01172	0.00930	0.00409	0.01045
17	0.05380	0.02061	0.07602	0.03180	0.19868	0.04163	0.29715	0.02410	0.01737	0.04921	0.01602	0.04525	0.01316	0.00814	0.00977	0.00257	0.07168	0.00821	0.00419	0.01062
18	0.01570	0.00954	0.01160	0.01056	0.01353	0.00875	0.00809	0.01997	0.07029	0.15694	0.27438	0.10729	0.23094	0.01596	0.00885	0.00255	0.00458	0.01369	0.00820	0.00856
19	0.01241	0.00977	0.01378	0.01719	0.13192	0.00948	0.01026	0.03874	0.01744	0.02385	0.16334	0.35744	0.07035	0.07332	0.01153	0.00314	0.00555	0.01607	0.00669	0.00773
20	0.03818	0.08321	0.32314	0.02494	0.11262	0.01967	0.11634	0.10481	0.01955	0.06276	0.01543	0.01783	0.01132	0.00749	0.00750	0.00238	0.01041	0.00650	0.00439	0.01154
21	0.01587	0.08318	0.64709	0.02155	0.03271	0.01880	0.02769	0.02447	0.01633	0.02416	0.01372	0.01613	0.00983	0.00732	0.00722	0.00241	0.01126	0.00563	0.00328	0.01137
22	0.02648	0.03140	0.02225	0.02283	0.11591	0.51902	0.01549	0.05504	0.02153	0.02189	0.01365	0.01606	0.01121	0.00797	0.00700	0.00204	0.01228	0.00552	0.06292	0.00950
23	0.01647	0.01963	0.10389	0.17449	0.12388	0.01765	0.27879	0.02210	0.01705	0.02343	0.03744	0.06822	0.01586	0.00869	0.00914	0.00261	0.03770	0.00893	0.00409	0.00996
24	0.05076	0.01917	0.06480	0.01938	0.09270	0.01876	0.01485	0.31902	0.06303	0.14689	0.02088	0.02220	0.01532	0.03906	0.02834	0.00284	0.00839	0.00725	0.03431	0.01204

[dist]
# distance from previous block
# <min> <max>
7	77

[block]
# block no. 3 follows, 25 sequences, length 21
# corresponding to MSA columns:
# 257-277
name=unknown_D
#
# <colnr> <probs for GDERKNQSTAVLIFYWHMCP>
#	G	D	E	R	K	N	Q	S	T	A	V	L	I	F	Y	W	H	M	C	P
0	0.01487	0.01380	0.05685	0.04771	0.02160	0.01247	0.13876	0.09543	0.01890	0.02614	0.05434	0.28786	0.06622	0.01495	0.00869	0.00267	0.00722	0.01377	0.08921	0.00853
1	0.01560	0.02604	0.29755	0.05838	0.03367	0.01672	0.26589	0.02223	0.01683	0.02367	0.01920	0.13122	0.01723	0.00977	0.00848	0.00263	0.01092	0.00972	0.00416	0.01011
2	0.04738	0.21989	0.02006	0.01297	0.03637	0.03370	0.01006	0.01912	0.07060	0.02269	0.08629	0.27226	0.05335	0.01464	0.00762	0.00244	0.00607	0.01241	0.04374	0.00836
3	0.01583	0.04913	0.15942	0.15532	0.17949	0.01676	0.01952	0.02283	0.08609	0.02296	0.01737	0.02219	0.01414	0.01902	0.16184	0.00467	0.01210	0.00706	0.00414	0.01012
4	0.04155	0.01390	0.08427	0.01122	0.01518	0.03816	0.00989	0.05132	0.01961	0.06258	0.16851	0.05470	0.36894	0.01555	0.00856	0.00251	0.00559	0.01287	0.00696	0.00813
5	0.14427	0.21622	0.11737	0.01504	0.02153	0.10560	0.01431	0.02875	0.01819	0.22441	0.01740	0.01745	0.01251	0.00790	0.00640	0.00215	0.00859	0.00559	0.00554	0.01078
6	0.01542	0.04634	0.39696	0.14721	0.05444	0.01809	0.02383	0.02210	0.01570	0.02276	0.03501	0.01926	0.01256	0.01095	0.04427	0.00307	0.09181	0.00646	0.00355	0.01022
7	0.01051	0.00802	0.01144	0.01479	0.08382	0.00762	0.00900	0.01221	0.01515	0.02039	0.03968	0.64603	0.04704	0.02240	0.00966	0.00306	0.00501	0.02040	0.00683	0.00695
8	0.01827	0.02561	0.23394	0.06209	0.27082	0.01884	0.17061	0.05963	0.01839	0.02608	0.01483	0.01876	0.01138	0.00713	0.00793	0.00243	0.01080	0.00707	0.00389	0.01151
9	0.06190	0.05296	0.03020	0.16376	0.10820	0.01743	0.24656	0.04963	0.01748	0.02439	0.01925	0.13574	0.01785	0.00993	0.00829	0.00259	0.00979	0.00993	0.00455	0.00958
10	0.01721	0.10410	0.29930	0.02957	0.24741	0.01878	0.05899	0.02340	0.01698	0.02402	0.01637	0.02363	0.01395	0.00837	0.00762	0.00243	0.01006	0.06283	0.00386	0.01112
11	0.01133	0.00817	0.01067	0.01162	0.01251	0.00819	0.00821	0.04930	0.01630	0.02194	0.07486	0.55440	0.04657	0.02254	0.01137	0.04196	0.03147	0.04489	0.00697	0.00673
12	0.01772	0.05687	0.05986	0.10188	0.30945	0.01829	0.04722	0.05373	0.01756	0.02435	0.01825	0.04978	0.01693	0.01021	0.00997	0.00262	0.08561	0.08482	0.00442	0.01045
13	0.01964	0.02076	0.08118	0.05430	0.09616	0.08204	0.13141	0.12818	0.09036	0.02741	0.01918	0.06331	0.01640	0.04749	0.04586	0.00328	0.04915	0.00842	0.00512	0.01034
14	0.02037	0.02098	0.02756	0.18943	0.39285	0.14583	0.02131	0.04634	0.01864	0.02373	0.01406	0.01852	0.01145	0.00738	0.00757	0.00231	0.01034	0.00655	0.00392	0.01087
15	0.02622	0.01979	0.02188	0.01726	0.02234	0.02239	0.01418	0.50322	0.06085	0.04328	0.05212	0.02125	0.01662	0.01015	0.00968	0.00245	0.08459	0.00741	0.03218	0.01214
16	0.01793	0.01857	0.05988	0.07560	0.45643	0.05636	0.02078	0.02242	0.01811	0.02486	0.07549	0.02780	0.03784	0.00904	0.00797	0.00240	0.00891	0.04418	0.00450	0.01094
17	0.01603	0.05485	0.50694	0.02462	0.10236	0.01782	0.06303	0.02379	0.01672	0.02436	0.01609	0.02232	0.01289	0.00833	0.00769	0.00251	0.01088	0.05397	0.00367	0.01111
18	0.01204	0.00821	0.01044	0.00972	0.01188	0.00744	0.00735	0.01543	0.02138	0.06568	0.55797	0.05847	0.15265	0.01602	0.00907	0.00246	0.00386	0.01400	0.00841	0.00753
19	0.09149	0.53874	0.06892	0.01497	0.02163	0.05288	0.05121	0.04567	0.01665	0.02157	0.01154	0.01342	0.01002	0.00686	0.00550	0.00186	0.00874	0.00465	0.00367	0.00999
20	0.15025	0.16362	0.30172	0.09276	0.02862	0.05477	0.02005	0.02345	0.01563	0.02398	0.01244	0.01535	0.00968	0.00764	0.00755	0.00234	0.05120	0.00531	0.00361	0.01003

[dist]
# distance from previous block
# <min> <max>
0	2

[block]
# block no. 4 follows, 25 sequences, length 20
# corresponding to MSA columns:
# 280-299
name=unknown_E
#
# <colnr> <probs for GDERKNQSTAVLIFYWHMCP>
#	G	D	E	R	K	N	Q	S	T	A	V	L	I	F	Y	W	H	M	C	P
0	0.51717	0.01766	0.08321	0.01250	0.01813	0.01689	0.01135	0.07813	0.01695	0.11297	0.04137	0.01702	0.01290	0.00804	0.00586	0.00240	0.00676	0.00543	0.00562	0.00966
1	0.01207	0.00958	0.01367	0.09840	0.06628	0.00967	0.01214	0.01525	0.01715	0.02231	0.07006	0.18796	0.14174	0.01873	0.00967	0.00308	0.00652	0.27174	0.00654	0.00744
2	0.01602	0.12819	0.57339	0.02040	0.03081	0.01917	0.02570	0.02394	0.01654	0.02403	0.04309	0.01772	0.01267	0.00765	0.00714	0.00235	0.01070	0.00590	0.00351	0.01108
3	0.00998	0.00713	0.00961	0.01141	0.01209	0.00676	0.00813	0.01172	0.01537	0.02039	0.04244	0.61096	0.05011	0.02379	0.01004	0.00322	0.00496	0.12825	0.00719	0.00645
4	0.09629	0.01755	0.03004	0.02341	0.02707	0.02027	0.26176	0.02107	0.01456	0.02267	0.01330	0.01921	0.01140	0.01402	0.07488	0.00377	0.30824	0.00757	0.00381	0.00911
5	0.02412	0.02383	0.02458	0.02423	0.13898	0.24728	0.07763	0.12791	0.04854	0.07003	0.01696	0.01974	0.01338	0.01412	0.09055	0.00348	0.01218	0.00680	0.00512	0.01055
6	0.10587	0.01872	0.09425	0.19213	0.35670	0.01750	0.02142	0.02244	0.01652	0.02496	0.01523	0.02193	0.01276	0.00792	0.00748	0.00246	0.00923	0.03787	0.00397	0.01064
7	0.00945	0.00675	0.00900	0.01080	0.01125	0.00630	0.00720	0.01080	0.01484	0.01979	0.04274	0.72245	0.05128	0.02429	0.00990	0.00315	0.00450	0.02204	0.00720	0.00630
8	0.01005	0.00737	0.00944	0.01002	0.01130	0.00675	0.00710	0.01244	0.01814	0.02465	0.31095	0.37012	0.13255	0.02023	0.00950	0.00279	0.00408	0.01804	0.00776	0.00675
9	0.01776	0.06920	0.10971	0.02813	0.03524	0.02014	0.45294	0.02368	0.01740	0.02396	0.03937	0.02085	0.01358	0.00771	0.01037	0.00261	0.08480	0.00839	0.00393	0.01021
10	0.01022	0.00877	0.04375	0.01132	0.01261	0.00724	0.00852	0.01242	0.01614	0.02193	0.14414	0.52398	0.05173	0.04239	0.01055	0.00315	0.00494	0.05233	0.00714	0.00672
11	0.01564	0.00986	0.01164	0.01087	0.01341	0.03598	0.00817	0.01839	0.01991	0.15066	0.30786	0.18917	0.14469	0.01664	0.00896	0.00259	0.00485	0.01447	0.00808	0.00818
12	0.01781	0.02239	0.11362	0.06851	0.07221	0.01936	0.49815	0.02430	0.01772	0.02438	0.01517	0.02020	0.01145	0.00692	0.00928	0.00260	0.03314	0.00847	0.00380	0.01050
13	0.02298	0.01700	0.01931	0.01659	0.04860	0.01835	0.01274	0.36446	0.10350	0.05923	0.19869	0.03073	0.03082	0.01113	0.00815	0.00239	0.00691	0.00912	0.00787	0.01145
14	0.02063	0.02115	0.03007	0.04353	0.58271	0.11820	0.02250	0.02485	0.01829	0.02440	0.01420	0.01842	0.01194	0.00707	0.00758	0.00226	0.00991	0.00663	0.00386	0.01180
15	0.17984	0.07820	0.01820	0.01352	0.01846	0.01730	0.01108	0.08885	0.20213	0.18214	0.09073	0.02559	0.02246	0.00972	0.00709	0.00240	0.00637	0.00758	0.00730	0.01105
16	0.02392	0.01743	0.01915	0.01571	0.02048	0.01903	0.01284	0.43860	0.05912	0.04135	0.06677	0.06596	0.02334	0.01181	0.00810	0.00248	0.00740	0.07257	0.06259	0.01134
17	0.04974	0.13213	0.06673	0.01345	0.01775	0.01542	0.01175	0.09581	0.06293	0.09900	0.14464	0.16912	0.03362	0.01352	0.00799	0.00250	0.00647	0.04109	0.00679	0.00954
18	0.01415	0.01371	0.11955	0.01161	0.01578	0.00917	0.01071	0.01758	0.01843	0.11750	0.14539	0.12703	0.31715	0.01618	0.00876	0.00259	0.00555	0.01370	0.00710	0.00837
19	0.01751	0.01003	0.01430	0.06055	0.06463	0.00952	0.01074	0.02023	0.01820	0.19589	0.12691	0.31284	0.04017	0.01673	0.00898	0.00277	0.00580	0.04781	0.00752	0.00888

[dist]
# distance from previous block
# <min> <max>
0	8

[block]
# block no. 5 follows, 25 sequences, length 15
# corresponding to MSA columns:
# 308-322
name=unknown_F
#
# <colnr> <probs for GDERKNQSTAVLIFYWHMCP>
#	G	D	E	R	K	N	Q	S	T	A	V	L	I	F	Y	W	H	M	C	P
0	0.05799	0.01662	0.02233	0.03661	0.02225	0.04428	0.08162	0.14381	0.01809	0.02597	0.01539	0.02099	0.01325	0.02294	0.19337	0.00534	0.23804	0.00727	0.00460	0.00923
1	0.01608	0.06886	0.59736	0.02335	0.06101	0.01867	0.05994	0.02448	0.01650	0.02432	0.01390	0.01655	0.01003	0.00727	0.00737	0.00242	0.01131	0.00589	0.00333	0.01138
2	0.01735	0.22986	0.42385	0.02103	0.03067	0.02174	0.10569	0.02422	0.01645	0.02284	0.01328	0.01587	0.01011	0.00705	0.00694	0.00225	0.01079	0.00574	0.00337	0.01091
3	0.09484	0.01993	0.09197	0.08648	0.39667	0.01823	0.06923	0.05370	0.01807	0.05621	0.01507	0.01880	0.01183	0.00725	0.00749	0.00238	0.00934	0.00674	0.00430	0.01149
4	0.04876	0.01340	0.01577	0.07348	0.06127	0.01449	0.01178	0.07272	0.23674	0.02909	0.11898	0.04287	0.17149	0.01307	0.00831	0.00259	0.00611	0.04235	0.00701	0.00972
5	0.02345	0.12668	0.04467	0.05332	0.16143	0.24361	0.01655	0.09474	0.06341	0.04346	0.01795	0.01972	0.04135	0.00841	0.00715	0.00217	0.01018	0.00642	0.00478	0.01055
6	0.06368	0.01384	0.08141	0.01752	0.10312	0.01153	0.01323	0.02037	0.04441	0.08372	0.22574	0.09730	0.04088	0.01430	0.00871	0.00271	0.00642	0.13523	0.00685	0.00903
7	0.00951	0.00694	0.00896	0.01042	0.01119	0.00639	0.00707	0.01107	0.01559	0.02063	0.08650	0.61188	0.11878	0.02327	0.00977	0.00305	0.00438	0.02093	0.00728	0.00639
8	0.01073	0.00859	0.01256	0.06458	0.01620	0.00826	0.05036	0.01312	0.01652	0.02197	0.14970	0.39592	0.12817	0.05282	0.01085	0.00309	0.00543	0.01745	0.00681	0.00688
9	0.07908	0.01604	0.01854	0.01462	0.02024	0.01627	0.01198	0.24150	0.07487	0.32986	0.02890	0.02665	0.06553	0.01016	0.00769	0.00241	0.00697	0.00800	0.00836	0.01231
10	0.01763	0.06654	0.32755	0.03426	0.35276	0.01889	0.02542	0.02411	0.01697	0.02460	0.01408	0.01756	0.01105	0.00710	0.00739	0.00234	0.01017	0.00623	0.00356	0.01179
11	0.01181	0.00894	0.01203	0.01171	0.01352	0.00855	0.03543	0.06039	0.01919	0.02607	0.25627	0.37238	0.09524	0.01925	0.00940	0.00279	0.00484	0.01728	0.00755	0.00735
12	0.07123	0.02649	0.18951	0.05671	0.17205	0.12867	0.06003	0.07979	0.06860	0.05049	0.01598	0.01833	0.01211	0.00780	0.00742	0.00236	0.01024	0.00645	0.00462	0.01112
13	0.02575	0.08471	0.07301	0.04254	0.02493	0.14494	0.01561	0.33841	0.11200	0.03589	0.01793	0.01851	0.01335	0.00880	0.00737	0.00227	0.00947	0.00652	0.00623	0.01174
14	0.01125	0.00866	0.01091	0.01196	0.01310	0.00890	0.00859	0.01550	0.10005	0.02171	0.04144	0.52711	0.07309	0.02164	0.01028	0.00310	0.03294	0.06539	0.00713	0.00724

[dist]
# distance from previous block
# <min> <max>
2	9

[block]
# block no. 6 follows, 25 sequences, length 6
# corresponding to MSA columns:
# 332-337
name=unknown_G
#
# <colnr> <probs for GDERKNQSTAVLIFYWHMCP>
#	G	D	E	R	K	N	Q	S	T	A	V	L	I	F	Y	W	H	M	C	P
0	0.01701	0.08470	0.43561	0.02841	0.19125	0.01915	0.06816	0.02429	0.01677	0.02430	0.01397	0.01708	0.01056	0.00714	0.00739	0.00237	0.01078	0.00613	0.00346	0.01148
1	0.00972	0.00708	0.00917	0.01032	0.01124	0.00652	0.00710	0.01159	0.01651	0.02214	0.17157	0.53212	0.11186	0.02220	0.00968	0.00296	0.00428	0.01994	0.00746	0.00652
2	0.14352	0.02025	0.08534	0.21399	0.15927	0.05531	0.06675	0.11654	0.01929	0.02839	0.01423	0.01803	0.01086	0.00762	0.00729	0.00242	0.00965	0.00643	0.00443	0.01039
3	0.08859	0.05155	0.26803	0.11564	0.14896	0.01801	0.02138	0.06847	0.01827	0.10632	0.01596	0.01834	0.01158	0.00770	0.00723	0.00239	0.00950	0.00624	0.00461	0.01123
4	0.01881	0.02071	0.10075	0.04490	0.61095	0.01838	0.02431	0.02388	0.01752	0.02525	0.01451	0.01889	0.01202	0.00696	0.00764	0.00232	0.00945	0.00678	0.00378	0.01219
5	0.01960	0.01740	0.01732	0.01571	0.01986	0.06926	0.01235	0.07878	0.48183	0.03113	0.03238	0.03471	0.05617	0.01169	0.00813	0.00265	0.00688	0.06532	0.00748	0.01133

[dist]
# distance from previous block
# <min> <max>
0	7

[block]
# block no. 7 follows, 25 sequences, length 9
# corresponding to MSA columns:
# 345-353
name=unknown_H
#
# <colnr> <probs for GDERKNQSTAVLIFYWHMCP>
#	G	D	E	R	K	N	Q	S	T	A	V	L	I	F	Y	W	H	M	C	P
0	0.01640	0.10180	0.34970	0.02604	0.15832	0.01825	0.08650	0.02275	0.01659	0.02355	0.01713	0.09599	0.01516	0.00901	0.00764	0.00244	0.01007	0.00797	0.00389	0.01079
1	0.01219	0.00889	0.01116	0.01181	0.01342	0.00872	0.00887	0.07709	0.01862	0.02473	0.11366	0.40447	0.09944	0.02091	0.00969	0.00302	0.00526	0.13337	0.00739	0.00729
2	0.01981	0.01989	0.12077	0.02242	0.05460	0.01680	0.21302	0.04609	0.14981	0.12071	0.02333	0.02521	0.03682	0.01362	0.07775	0.00354	0.01071	0.00839	0.00568	0.01103
3	0.05833	0.03040	0.39951	0.02711	0.15329	0.01784	0.10898	0.02522	0.01708	0.06821	0.01520	0.01796	0.01108	0.00731	0.00756	0.00244	0.01065	0.00646	0.00396	0.01143
4	0.09705	0.08885	0.09177	0.01796	0.02277	0.43643	0.01512	0.02715	0.01908	0.02092	0.01286	0.01564	0.01076	0.01280	0.07628	0.00311	0.01318	0.00526	0.00396	0.00906
5	0.01099	0.00790	0.01010	0.01134	0.01223	0.00767	0.00778	0.06039	0.01651	0.02204	0.04087	0.66811	0.04834	0.02313	0.00973	0.00309	0.00481	0.02088	0.00724	0.00683
6	0.01101	0.00865	0.01335	0.01314	0.01448	0.00838	0.07537	0.01299	0.01464	0.01966	0.03491	0.43954	0.04014	0.13164	0.07997	0.00467	0.00759	0.05709	0.00618	0.00661
7	0.02003	0.01815	0.02847	0.13891	0.46348	0.01910	0.02165	0.11567	0.04799	0.02826	0.01579	0.01974	0.01262	0.00754	0.00771	0.00236	0.00914	0.00700	0.00453	0.01187
8	0.01920	0.01961	0.03057	0.16391	0.43506	0.08311	0.08876	0.02386	0.01774	0.02367	0.01431	0.01914	0.01165	0.00713	0.00778	0.00236	0.01028	0.00696	0.00379	0.01111

[dist]
# distance from previous block
# <min> <max>
0	5

[block]
# block no. 8 follows, 25 sequences, length 8
# corresponding to MSA columns:
# 359-366
name=unknown_I
#
# <colnr> <probs for GDERKNQSTAVLIFYWHMCP>
#	G	D	E	R	K	N	Q	S	T	A	V	L	I	F	Y	W	H	M	C	P
0	0.02342	0.01570	0.01832	0.06524	0.02184	0.01690	0.01244	0.26737	0.12722	0.14316	0.02620	0.12490	0.02223	0.06591	0.01049	0.00292	0.00731	0.00987	0.00746	0.01108
1	0.01697	0.12033	0.43207	0.02538	0.14550	0.02016	0.02485	0.02374	0.01613	0.02339	0.01332	0.01643	0.01031	0.00774	0.00871	0.00241	0.07220	0.00583	0.00339	0.01116
2	0.01389	0.00864	0.01050	0.01021	0.01282	0.00764	0.00787	0.01634	0.01860	0.12771	0.15167	0.16955	0.31571	0.01840	0.00922	0.00274	0.00473	0.07825	0.00778	0.00774
3	0.02125	0.01295	0.01640	0.01567	0.04178	0.01313	0.01241	0.13634	0.07035	0.18145	0.03220	0.07927	0.02985	0.05073	0.01060	0.00314	0.00717	0.24764	0.00764	0.01003
4	0.02173	0.18377	0.05511	0.02272	0.15153	0.11363	0.01637	0.09008	0.06804	0.05319	0.04959	0.01955	0.01549	0.00894	0.00927	0.00229	0.09665	0.00651	0.00486	0.01067
5	0.07590	0.02576	0.02201	0.01920	0.04690	0.30072	0.04593	0.20288	0.02454	0.07890	0.01782	0.01924	0.03165	0.01110	0.04097	0.00272	0.01120	0.00648	0.00561	0.01046
6	0.07333	0.06140	0.48811	0.02124	0.03118	0.01805	0.08895	0.02556	0.01682	0.08294	0.01521	0.01729	0.01074	0.00744	0.00731	0.00243	0.01068	0.00609	0.00401	0.01123
7	0.01731	0.09815	0.18768	0.11497	0.07082	0.05405	0.21919	0.02281	0.01664	0.02214	0.01515	0.02153	0.01255	0.08102	0.01102	0.00293	0.01109	0.00740	0.00372	0.00983

[dist]
# distance from previous block
# <min> <max>
0	14

[block]
# block no. 9 follows, 25 sequences, length 22
# corresponding to MSA columns:
# 381-402
name=unknown_J
#
# <colnr> <probs for GDERKNQSTAVLIFYWHMCP>
#	G	D	E	R	K	N	Q	S	T	A	V	L	I	F	Y	W	H	M	C	P
0	0.01945	0.01991	0.02983	0.16235	0.44838	0.09711	0.06364	0.02398	0.01781	0.02357	0.01421	0.01896	0.01163	0.00716	0.00771	0.00234	0.01022	0.00683	0.00379	0.01112
1	0.01389	0.00960	0.01151	0.01138	0.01318	0.00955	0.00811	0.09159	0.04709	0.05563	0.10184	0.37015	0.08400	0.11895	0.01349	0.00350	0.00546	0.01627	0.00719	0.00761
2	0.01749	0.02775	0.30880	0.03440	0.32012	0.01856	0.08796	0.02403	0.01697	0.02472	0.01425	0.01809	0.01112	0.00730	0.00833	0.00244	0.03583	0.00663	0.00359	0.01162
3	0.02006	0.01886	0.01980	0.04836	0.12185	0.15448	0.01416	0.11797	0.02098	0.02773	0.12183	0.04787	0.02353	0.01066	0.00990	0.00238	0.10045	0.00818	0.10147	0.00948
4	0.01002	0.00707	0.00922	0.01064	0.01117	0.00672	0.00720	0.01140	0.01475	0.01968	0.06191	0.54457	0.04787	0.13613	0.01465	0.00385	0.00515	0.06501	0.00684	0.00614
5	0.01705	0.03247	0.47595	0.02612	0.14959	0.01728	0.04980	0.02460	0.01725	0.05806	0.04790	0.01963	0.01397	0.00779	0.00760	0.00243	0.01048	0.00659	0.00398	0.01145
6	0.05734	0.08493	0.33264	0.01986	0.06911	0.01814	0.02028	0.05836	0.09778	0.09237	0.06053	0.02139	0.01683	0.00852	0.00731	0.00239	0.00900	0.00678	0.00515	0.01133
7	0.02540	0.14468	0.02531	0.02074	0.09408	0.34776	0.01502	0.11818	0.05446	0.02501	0.01467	0.01646	0.01187	0.00802	0.00681	0.00204	0.01083	0.00565	0.04282	0.01019
8	0.01364	0.00885	0.01153	0.01078	0.01304	0.00850	0.00818	0.01779	0.05222	0.09523	0.42737	0.10019	0.08412	0.02066	0.08895	0.00367	0.00615	0.01316	0.00794	0.00801
9	0.14852	0.20444	0.05673	0.01582	0.05036	0.09066	0.01316	0.11537	0.04759	0.02745	0.01540	0.01796	0.01263	0.01394	0.09084	0.00336	0.00989	0.00576	0.05029	0.00982
10	0.12338	0.13022	0.27264	0.15799	0.08312	0.01977	0.06370	0.02313	0.01589	0.02419	0.01316	0.01664	0.01006	0.00722	0.00688	0.00235	0.00995	0.00583	0.00361	0.01024
11	0.00997	0.00727	0.00945	0.01106	0.01172	0.00698	0.00747	0.01240	0.04920	0.02046	0.04214	0.68581	0.04982	0.02356	0.00979	0.00312	0.00458	0.02134	0.00723	0.00661
12	0.01736	0.02387	0.18024	0.08065	0.09973	0.01945	0.33356	0.02358	0.01686	0.02373	0.01441	0.01928	0.01110	0.00766	0.01041	0.00264	0.09356	0.00774	0.00368	0.01049
13	0.01767	0.02491	0.22760	0.05805	0.28670	0.06741	0.02186	0.02448	0.06061	0.02554	0.09206	0.02314	0.01911	0.00844	0.00772	0.00238	0.00945	0.00735	0.00447	0.01106
14	0.01633	0.05361	0.44091	0.01947	0.02800	0.04612	0.04780	0.02315	0.01735	0.05511	0.06517	0.06677	0.03637	0.01006	0.00785	0.00251	0.00994	0.03855	0.00452	0.01040
15	0.00997	0.00746	0.01002	0.01146	0.01188	0.00751	0.00787	0.01134	0.01464	0.01971	0.04048	0.67354	0.04843	0.02355	0.01097	0.00317	0.05364	0.02098	0.00693	0.00645
16	0.12247	0.01401	0.04423	0.29154	0.03309	0.01473	0.08286	0.01944	0.03152	0.02320	0.02350	0.09442	0.05391	0.03896	0.00929	0.00291	0.00862	0.07818	0.00479	0.00834
17	0.01969	0.02039	0.02894	0.09693	0.28600	0.11764	0.13612	0.04914	0.06255	0.02484	0.02038	0.02364	0.06180	0.00836	0.00798	0.00239	0.01011	0.00787	0.00451	0.01072
18	0.01860	0.01782	0.03040	0.13405	0.59732	0.01827	0.02350	0.02327	0.01737	0.02461	0.01448	0.01938	0.01203	0.00702	0.00769	0.00234	0.00936	0.00691	0.00379	0.01180
19	0.02198	0.02277	0.05374	0.02130	0.11812	0.20169	0.01517	0.06928	0.21830	0.05611	0.02593	0.02805	0.06616	0.01019	0.00780	0.00241	0.00904	0.03519	0.00599	0.01078
20	0.02144	0.17866	0.23696	0.02220	0.10463	0.02175	0.04802	0.14878	0.02070	0.07694	0.01543	0.01727	0.01160	0.00789	0.00774	0.00228	0.03530	0.00612	0.00474	0.01155
21	0.01579	0.03858	0.64384	0.02169	0.03269	0.01809	0.02758	0.02564	0.05850	0.02507	0.01506	0.01719	0.01072	0.00757	0.00740	0.00247	0.01111	0.00593	0.00357	0.01151

[dist]
# distance from previous block
# <min> <max>
12	40

[block]
# block no. 10 follows, 25 sequences, length 6
# corresponding to MSA columns:
# 443-448
name=unknown_K
#
# <colnr> <probs for GDERKNQSTAVLIFYWHMCP>
#	G	D	E	R	K	N	Q	S	T	A	V	L	I	F	Y	W	H	M	C	P
0	0.14165	0.08297	0.11471	0.07550	0.02331	0.01668	0.01425	0.09316	0.04524	0.19627	0.06823	0.02278	0.01813	0.00891	0.00699	0.00233	0.00750	0.00692	0.04373	0.01073
1	0.01872	0.01779	0.02947	0.11492	0.55961	0.01837	0.02262	0.02478	0.06988	0.02532	0.01587	0.02014	0.01300	0.00729	0.00770	0.00236	0.00908	0.00706	0.00412	0.01189
2	0.01469	0.00938	0.01344	0.01228	0.01490	0.00857	0.04941	0.01777	0.01945	0.12580	0.28596	0.19890	0.11059	0.01698	0.00924	0.00271	0.00522	0.06873	0.00786	0.00810
3	0.02250	0.02215	0.02539	0.14164	0.29498	0.20272	0.01912	0.02756	0.06427	0.08128	0.01635	0.01933	0.01275	0.00783	0.00753	0.00230	0.01025	0.00659	0.00461	0.01087
4	0.20266	0.13421	0.06361	0.01387	0.01844	0.05100	0.01231	0.04480	0.01733	0.11734	0.10808	0.02297	0.02048	0.01271	0.05268	0.00301	0.08268	0.00684	0.00551	0.00947
5	0.01434	0.07852	0.01462	0.01220	0.01428	0.01198	0.00903	0.13132	0.01874	0.02477	0.03416	0.48546	0.03895	0.06045	0.01074	0.00311	0.00578	0.01692	0.00679	0.00783

[dist]
# distance from previous block
# <min> <max>
1	9

[block]
# block no. 11 follows, 25 sequences, length 6
# corresponding to MSA columns:
# 458-463
name=unknown_L
#
# <colnr> <probs for GDERKNQSTAVLIFYWHMCP>
#	G	D	E	R	K	N	Q	S	T	A	V	L	I	F	Y	W	H	M	C	P
0	0.07416	0.09377	0.10679	0.02240	0.09924	0.22023	0.08197	0.04512	0.01877	0.06498	0.01452	0.01710	0.01141	0.00801	0.00823	0.00227	0.05729	0.00605	0.03755	0.01015
1	0.05907	0.00957	0.01216	0.01314	0.05447	0.00929	0.00884	0.01508	0.01595	0.05579	0.08906	0.34509	0.11621	0.05865	0.01133	0.00301	0.03876	0.01536	0.00656	0.06262
2	0.01701	0.01517	0.02109	0.39892	0.09047	0.05373	0.01771	0.10044	0.01867	0.02444	0.01876	0.11093	0.01667	0.01010	0.00785	0.00252	0.00908	0.00877	0.04852	0.00914
3	0.11086	0.16369	0.15088	0.06364	0.04533	0.02064	0.04409	0.09917	0.01814	0.02677	0.06114	0.01974	0.01537	0.01123	0.04360	0.00289	0.08186	0.00648	0.00451	0.00996
4	0.15917	0.01619	0.02225	0.24709	0.20093	0.01815	0.01756	0.13111	0.01932	0.02957	0.01497	0.01895	0.01155	0.00778	0.00705	0.00239	0.00853	0.00644	0.05078	0.01023
5	0.09936	0.02018	0.02014	0.01601	0.02147	0.06924	0.01304	0.44517	0.03055	0.07337	0.05283	0.02371	0.06036	0.01003	0.00758	0.00234	0.00805	0.00758	0.00729	0.01170

[dist]
# distance from previous block
# <min> <max>
1	10

[block]
# block no. 12 follows, 25 sequences, length 55
# corresponding to MSA columns:
# 474-528
name=unknown_M
#
# <colnr> <probs for GDERKNQSTAVLIFYWHMCP>
#	G	D	E	R	K	N	Q	S	T	A	V	L	I	F	Y	W	H	M	C	P
0	0.07778	0.01344	0.05076	0.22297	0.05611	0.03919	0.01467	0.01758	0.01610	0.02221	0.02901	0.20411	0.06153	0.01484	0.00860	0.00285	0.00778	0.12711	0.00538	0.00798
1	0.09157	0.30270	0.19424	0.01619	0.03944	0.02135	0.01649	0.02704	0.01728	0.18222	0.01644	0.01697	0.01207	0.00759	0.00631	0.00212	0.00849	0.00550	0.00497	0.01103
2	0.01996	0.12020	0.08595	0.01498	0.02002	0.01804	0.01318	0.26130	0.02332	0.03132	0.02295	0.20580	0.02248	0.01321	0.00866	0.03324	0.00745	0.01031	0.00614	0.06147
3	0.05603	0.01539	0.07997	0.06171	0.01983	0.04448	0.01346	0.01834	0.04429	0.02111	0.02138	0.16180	0.02160	0.05236	0.13941	0.00483	0.17677	0.01008	0.02910	0.00805
4	0.16631	0.06195	0.43381	0.01998	0.04932	0.01796	0.04744	0.02342	0.01558	0.02588	0.01372	0.01668	0.01035	0.01066	0.05314	0.00308	0.01086	0.00571	0.00368	0.01047
5	0.02230	0.06562	0.02563	0.03042	0.33649	0.07351	0.01766	0.05033	0.01947	0.14765	0.05520	0.02510	0.01829	0.01105	0.03975	0.00279	0.00918	0.03279	0.00545	0.01132
6	0.00975	0.00709	0.00960	0.04143	0.01299	0.00683	0.00773	0.01121	0.01473	0.01960	0.04073	0.66470	0.04856	0.05167	0.01098	0.00330	0.00488	0.02094	0.00693	0.00634
7	0.01336	0.01018	0.01509	0.20771	0.02456	0.01147	0.01248	0.01593	0.01522	0.06432	0.03051	0.40772	0.03350	0.01758	0.01072	0.00296	0.07781	0.01530	0.00592	0.00763
8	0.01733	0.01775	0.05723	0.05788	0.16453	0.01713	0.28145	0.02246	0.01695	0.02493	0.01669	0.02158	0.01319	0.00787	0.00953	0.00246	0.07709	0.00785	0.15613	0.00996
9	0.01642	0.01997	0.09661	0.06563	0.03588	0.01718	0.45586	0.02227	0.01741	0.02372	0.01979	0.13379	0.01789	0.00955	0.00903	0.00268	0.01139	0.01080	0.00437	0.00977
10	0.01432	0.01205	0.01190	0.01068	0.01392	0.04812	0.00826	0.13213	0.02208	0.02762	0.15766	0.05822	0.42100	0.01648	0.00878	0.00250	0.00530	0.01362	0.00734	0.00804
11	0.01767	0.12178	0.43938	0.02353	0.06066	0.01960	0.13093	0.02498	0.01693	0.05290	0.01458	0.01721	0.01069	0.00721	0.00740	0.00237	0.01102	0.00625	0.00369	0.01121
12	0.01941	0.01915	0.16064	0.01983	0.07938	0.01417	0.08610	0.09066	0.01982	0.14155	0.05821	0.17454	0.02490	0.01200	0.00826	0.00256	0.00804	0.01072	0.03967	0.01039
13	0.01817	0.01722	0.02900	0.07123	0.58613	0.01730	0.02225	0.02262	0.01758	0.02478	0.01897	0.02554	0.04486	0.00832	0.00791	0.00240	0.00890	0.04106	0.00416	0.01158
14	0.02355	0.11649	0.13111	0.01720	0.02366	0.05850	0.01593	0.27476	0.14650	0.05576	0.04638	0.02100	0.01668	0.00908	0.00737	0.00231	0.00856	0.00695	0.00636	0.01184
15	0.02394	0.01607	0.01795	0.01462	0.01900	0.01714	0.01152	0.35686	0.05573	0.11325	0.06000	0.08771	0.02324	0.11137	0.01239	0.00314	0.00731	0.00945	0.02845	0.01088
16	0.01718	0.12364	0.50969	0.02191	0.03202	0.05661	0.08569	0.02476	0.01678	0.02350	0.01359	0.01619	0.01003	0.00723	0.00722	0.00235	0.01136	0.00582	0.00338	0.01104
17	0.00945	0.00675	0.00900	0.01080	0.01125	0.00630	0.00720	0.01080	0.01484	0.01979	0.04274	0.72245	0.05128	0.02429	0.00990	0.00315	0.00450	0.02204	0.00720	0.00630
18	0.01848	0.01032	0.01557	0.01409	0.01713	0.00943	0.06738	0.02115	0.01801	0.22601	0.05649	0.34596	0.03770	0.01754	0.00926	0.00290	0.00622	0.08975	0.00768	0.00894
19	0.04576	0.01498	0.01767	0.01488	0.01979	0.04198	0.01231	0.13284	0.07388	0.34860	0.02967	0.03726	0.02325	0.01197	0.00830	0.00263	0.00728	0.13708	0.00830	0.01157
20	0.01531	0.03844	0.65221	0.02146	0.03242	0.01745	0.02754	0.02404	0.01666	0.02489	0.04822	0.01853	0.01311	0.00781	0.00746	0.00245	0.01105	0.00616	0.00355	0.01124
21	0.01601	0.01502	0.02466	0.24289	0.36180	0.01587	0.01982	0.02039	0.01724	0.02338	0.05939	0.02913	0.10301	0.00935	0.00798	0.00244	0.00855	0.00855	0.00442	0.01012
22	0.01987	0.02020	0.03106	0.07775	0.53888	0.08600	0.06492	0.02438	0.01802	0.02438	0.01436	0.01886	0.01192	0.00703	0.00771	0.00231	0.01000	0.00687	0.00384	0.01164
23	0.01988	0.01793	0.02970	0.11070	0.55689	0.01832	0.02261	0.05661	0.01859	0.05183	0.01534	0.01959	0.01241	0.00722	0.00769	0.00234	0.00919	0.00695	0.00423	0.01200
24	0.04126	0.01559	0.02257	0.29787	0.19647	0.05583	0.01849	0.02122	0.04440	0.02194	0.01703	0.06794	0.01498	0.01416	0.07820	0.00355	0.04707	0.00793	0.00414	0.00937
25	0.05375	0.01757	0.02630	0.22922	0.37687	0.05531	0.02095	0.02371	0.05229	0.02417	0.01582	0.02177	0.01310	0.00789	0.00764	0.00243	0.00941	0.02699	0.00411	0.01071
26	0.04945	0.42626	0.25136	0.01654	0.02450	0.07353	0.01827	0.02419	0.01630	0.02102	0.01190	0.01385	0.00985	0.00699	0.00590	0.00197	0.00965	0.00473	0.00341	0.01032
27	0.01311	0.00835	0.01094	0.01131	0.01308	0.00793	0.00840	0.01604	0.03801	0.09334	0.15139	0.35449	0.09585	0.02247	0.05563	0.00355	0.00593	0.07512	0.00750	0.00754
28	0.01316	0.01055	0.01243	0.01284	0.04880	0.01064	0.00889	0.05470	0.12706	0.02547	0.14266	0.14589	0.22717	0.08069	0.04080	0.00348	0.00592	0.01369	0.00702	0.00814
29	0.03791	0.26457	0.02491	0.05363	0.02051	0.02016	0.01217	0.08746	0.11400	0.11611	0.11289	0.02742	0.05777	0.00991	0.00701	0.00219	0.00697	0.00777	0.00624	0.01039
30	0.03119	0.01578	0.01987	0.01668	0.05502	0.01548	0.01290	0.17965	0.08987	0.43787	0.02709	0.02448	0.01790	0.00948	0.00779	0.00240	0.00713	0.00766	0.00870	0.01305
31	0.01143	0.00815	0.01171	0.01171	0.01306	0.00932	0.00899	0.01413	0.01278	0.01893	0.02143	0.03143	0.01992	0.09028	0.59090	0.01112	0.01831	0.00836	0.08121	0.00683
32	0.01894	0.01817	0.03103	0.08354	0.64512	0.01836	0.02367	0.02358	0.01754	0.02503	0.01454	0.01927	0.01218	0.00695	0.00768	0.00232	0.00927	0.00691	0.00382	0.01208
33	0.01905	0.01709	0.02681	0.30950	0.31906	0.01886	0.02139	0.12561	0.01988	0.02697	0.01492	0.01969	0.01165	0.00764	0.00772	0.00242	0.00955	0.00691	0.00432	0.01095
34	0.00968	0.00675	0.00906	0.01076	0.01118	0.00632	0.00717	0.01076	0.01457	0.01943	0.04104	0.68193	0.04909	0.02444	0.01108	0.04786	0.00463	0.02115	0.00698	0.00613
35	0.01883	0.01792	0.03046	0.04581	0.64377	0.01792	0.02319	0.02338	0.01767	0.02522	0.01600	0.02283	0.01401	0.00768	0.00784	0.00237	0.00910	0.03998	0.00401	0.01201
36	0.02947	0.02172	0.02327	0.01784	0.02404	0.02404	0.01474	0.65329	0.03646	0.04887	0.01862	0.01862	0.01319	0.00931	0.00776	0.00233	0.00853	0.00698	0.00776	0.01319
37	0.01816	0.02190	0.07866	0.03214	0.04017	0.01953	0.61906	0.02482	0.01820	0.02482	0.01560	0.02068	0.01167	0.00658	0.00906	0.00261	0.01299	0.00897	0.00389	0.01051
38	0.01241	0.01026	0.01501	0.01425	0.01532	0.01287	0.01134	0.01493	0.01233	0.01815	0.01837	0.02741	0.01730	0.04807	0.54503	0.01041	0.17732	0.00796	0.00398	0.00728
39	0.02616	0.03034	0.02082	0.01960	0.05125	0.48481	0.01432	0.06448	0.11676	0.02350	0.01623	0.01766	0.01294	0.00845	0.00709	0.00211	0.01163	0.00589	0.05624	0.00972
40	0.01120	0.00783	0.01006	0.01006	0.01062	0.00839	0.00670	0.01231	0.01175	0.01622	0.02296	0.04261	0.02466	0.45909	0.30305	0.00950	0.01283	0.01009	0.00448	0.00559
41	0.00943	0.00680	0.00895	0.01067	0.01121	0.00631	0.00714	0.01081	0.01497	0.01984	0.04431	0.69400	0.07871	0.02409	0.00986	0.00313	0.00447	0.02179	0.00720	0.00631
42	0.01429	0.00904	0.01136	0.14859	0.01886	0.00975	0.00930	0.04264	0.01669	0.02643	0.02551	0.13763	0.02271	0.01123	0.00669	0.00220	0.00530	0.00952	0.46467	0.00759
43	0.02368	0.01878	0.05183	0.06858	0.28586	0.05241	0.01819	0.07544	0.11381	0.18102	0.02085	0.02193	0.01527	0.00836	0.00770	0.00238	0.00851	0.00724	0.00601	0.01214
44	0.01739	0.01658	0.02821	0.30995	0.43089	0.01795	0.02290	0.02221	0.01680	0.02314	0.01427	0.01978	0.01151	0.00724	0.00771	0.00241	0.00966	0.00690	0.00368	0.01083
45	0.01530	0.01263	0.01349	0.01254	0.01421	0.06965	0.00911	0.10202	0.01652	0.02157	0.02454	0.09352	0.04873	0.27622	0.19107	0.00678	0.04948	0.01027	0.00516	0.00719
46	0.70027	0.01618	0.01235	0.01095	0.01576	0.05645	0.00893	0.02403	0.01417	0.06719	0.01188	0.01338	0.00904	0.00737	0.00508	0.00238	0.00649	0.00443	0.00500	0.00868
