[name]
unknown

[dist]
# distance from previous block
# <min> <max>
0	37

[block]
# block no. 0 follows, 30 sequences, length 14
# corresponding to MSA columns:
# 37-50
name=unknown_A
#
# <colnr> <probs for GDERKNQSTAVLIFYWHMCP>
#	G	D	E	R	K	N	Q	S	T	A	V	L	I	F	Y	W	H	M	C	P
0	0.04534	0.01165	0.01389	0.01350	0.01646	0.01249	0.01138	0.13377	0.15023	0.04959	0.03055	0.05376	0.02977	0.01471	0.00841	0.00279	0.00641	0.38020	0.00664	0.00846
1	0.02296	0.01735	0.01847	0.01493	0.01948	0.03676	0.01209	0.44181	0.14825	0.05499	0.02001	0.05275	0.01544	0.00931	0.00759	0.00218	0.03617	0.00717	0.05142	0.01087
2	0.10380	0.06391	0.01954	0.01545	0.04067	0.15030	0.01213	0.28002	0.07667	0.10544	0.01624	0.01647	0.01194	0.00770	0.00635	0.00198	0.00788	0.00563	0.00577	0.05211
3	0.01830	0.01259	0.01323	0.01124	0.01474	0.04044	0.00877	0.18022	0.09068	0.08260	0.02208	0.08658	0.01837	0.03543	0.00730	0.00209	0.00552	0.00761	0.25004	0.09218
4	0.01340	0.03865	0.02070	0.60209	0.06723	0.01509	0.01780	0.01778	0.01441	0.01885	0.05377	0.02006	0.01278	0.00725	0.00686	0.00221	0.00861	0.00638	0.00344	0.05266
5	0.00993	0.00682	0.00799	0.00807	0.00836	0.00686	0.00489	0.01036	0.01076	0.01435	0.02532	0.08232	0.06503	0.59893	0.10584	0.00677	0.00770	0.01064	0.00443	0.00461
6	0.00857	0.00619	0.00812	0.00953	0.01010	0.00573	0.00642	0.00993	0.01386	0.01845	0.07871	0.67494	0.08122	0.02121	0.00883	0.00277	0.00398	0.01916	0.00655	0.00573
7	0.00986	0.00680	0.00841	0.00866	0.00897	0.00699	0.00547	0.01055	0.01085	0.01472	0.02381	0.14837	0.02691	0.50252	0.17088	0.00707	0.00876	0.01107	0.00447	0.00485
8	0.01925	0.01617	0.02171	0.08637	0.13765	0.01809	0.05273	0.26158	0.09479	0.03039	0.08154	0.02130	0.01723	0.00890	0.00914	0.00228	0.09822	0.00713	0.00544	0.01011
9	0.02531	0.03181	0.02052	0.02013	0.08129	0.66524	0.01417	0.02731	0.01944	0.01757	0.01099	0.01299	0.00917	0.00711	0.00635	0.00182	0.01221	0.00464	0.00358	0.00835
10	0.76238	0.05305	0.01165	0.00932	0.01373	0.01629	0.00779	0.02053	0.01200	0.03052	0.00972	0.01133	0.00763	0.00645	0.00433	0.00212	0.00551	0.00378	0.00425	0.00763
11	0.01118	0.00795	0.00967	0.00909	0.01100	0.00755	0.00674	0.03341	0.05318	0.04949	0.43700	0.09095	0.15558	0.07381	0.01032	0.00263	0.00398	0.01255	0.00713	0.00680
12	0.01047	0.00718	0.00893	0.00878	0.01056	0.00644	0.00647	0.01292	0.01748	0.06465	0.37172	0.20176	0.21388	0.01636	0.00831	0.00237	0.00367	0.01432	0.00719	0.00654
13	0.01911	0.01431	0.01601	0.01320	0.01733	0.01479	0.01039	0.37271	0.02392	0.03259	0.02255	0.23679	0.02192	0.01190	0.00726	0.00214	0.00617	0.01000	0.00636	0.14057

[dist]
# distance from previous block
# <min> <max>
1	5

[block]
# block no. 1 follows, 30 sequences, length 58
# corresponding to MSA columns:
# 56-113
name=unknown_B
#
# <colnr> <probs for GDERKNQSTAVLIFYWHMCP>
#	G	D	E	R	K	N	Q	S	T	A	V	L	I	F	Y	W	H	M	C	P
0	0.02069	0.01366	0.01503	0.01297	0.01692	0.05192	0.01021	0.03140	0.33757	0.23408	0.12959	0.02860	0.02606	0.01094	0.02600	0.00248	0.00604	0.00815	0.00737	0.01033
1	0.01477	0.01205	0.01420	0.01038	0.01625	0.00915	0.00825	0.01776	0.01461	0.04785	0.01432	0.05328	0.01246	0.00617	0.00543	0.00117	0.00514	0.00506	0.00442	0.72727
2	0.01773	0.01387	0.01557	0.01205	0.01720	0.01303	0.00962	0.22673	0.04987	0.02934	0.01738	0.08491	0.01499	0.00805	0.00615	0.00162	0.00577	0.00655	0.04265	0.40690
3	0.01158	0.00758	0.00948	0.00874	0.01091	0.00678	0.00665	0.01447	0.01890	0.09255	0.49695	0.05279	0.20717	0.01450	0.00812	0.00223	0.00360	0.01256	0.00750	0.00694
4	0.02212	0.01535	0.01837	0.04413	0.08704	0.01661	0.01266	0.17254	0.32026	0.17809	0.02366	0.02245	0.01699	0.00865	0.00703	0.00223	0.00648	0.00714	0.00690	0.01127
5	0.01875	0.01586	0.01602	0.01414	0.01810	0.06260	0.01104	0.08677	0.52428	0.05974	0.07351	0.02613	0.02267	0.00953	0.00711	0.00229	0.00602	0.00783	0.00697	0.01065
6	0.00976	0.00661	0.00777	0.00813	0.00827	0.00650	0.00481	0.01012	0.01114	0.01489	0.04298	0.21031	0.03123	0.56514	0.02862	0.00573	0.00604	0.01247	0.00484	0.00462
7	0.00850	0.00607	0.00810	0.00972	0.01012	0.00567	0.00648	0.00972	0.01336	0.01781	0.03846	0.75020	0.04615	0.02186	0.00891	0.00283	0.00405	0.01984	0.00648	0.00567
8	0.01535	0.07204	0.57035	0.02021	0.02968	0.01671	0.10051	0.02263	0.01515	0.05459	0.01326	0.01544	0.00945	0.00660	0.00672	0.00219	0.01012	0.00552	0.00328	0.01021
9	0.02404	0.01680	0.04257	0.01472	0.01986	0.01736	0.01225	0.29046	0.25786	0.19292	0.02309	0.02148	0.01625	0.00875	0.00702	0.00221	0.00663	0.00696	0.00726	0.01153
10	0.01488	0.01497	0.01994	0.04266	0.01887	0.05706	0.03088	0.01660	0.01180	0.01712	0.01351	0.11622	0.01427	0.01292	0.01916	0.00291	0.55726	0.00796	0.00357	0.00744
11	0.01551	0.01418	0.02041	0.04027	0.02197	0.01236	0.14531	0.04331	0.07831	0.02381	0.01437	0.01663	0.01141	0.00588	0.00609	0.00150	0.00676	0.00545	0.00435	0.51214
12	0.80405	0.01350	0.01026	0.00918	0.01350	0.01565	0.00756	0.02051	0.01188	0.03131	0.00972	0.01134	0.00756	0.00648	0.00432	0.00216	0.00540	0.00378	0.00432	0.00756
13	0.03113	0.01216	0.01637	0.01255	0.01796	0.01068	0.01037	0.05826	0.02045	0.69113	0.02713	0.02349	0.01707	0.00863	0.00702	0.00216	0.00600	0.00699	0.00858	0.01188
14	0.00997	0.00748	0.01121	0.01121	0.01246	0.00872	0.00872	0.01246	0.01121	0.01620	0.01869	0.02741	0.01745	0.05234	0.72710	0.01121	0.01869	0.00748	0.00374	0.00623
15	0.01736	0.01499	0.01578	0.01420	0.01815	0.01736	0.01105	0.03708	0.69862	0.02919	0.02840	0.02604	0.02130	0.00947	0.00710	0.00237	0.00552	0.00789	0.00710	0.01105
16	0.01736	0.01499	0.01578	0.01420	0.01815	0.01736	0.01105	0.03708	0.69862	0.02919	0.02840	0.02604	0.02130	0.00947	0.00710	0.00237	0.00552	0.00789	0.00710	0.01105
17	0.01986	0.01603	0.01701	0.01448	0.01876	0.01821	0.01143	0.23590	0.46397	0.03305	0.02454	0.02404	0.01858	0.04168	0.00830	0.00248	0.00624	0.00749	0.00694	0.01100
18	0.01318	0.01240	0.02093	0.73798	0.04806	0.01550	0.01938	0.01783	0.01395	0.01783	0.01240	0.01860	0.00930	0.00698	0.00698	0.00233	0.00930	0.00620	0.00310	0.00775
19	0.01776	0.01519	0.01601	0.01428	0.01830	0.01755	0.01114	0.06580	0.66924	0.02984	0.02789	0.02563	0.02089	0.00942	0.00710	0.00235	0.00562	0.00782	0.00710	0.01108
20	0.01358	0.01310	0.01801	0.01587	0.01626	0.01753	0.01299	0.01517	0.01155	0.01708	0.01933	0.07693	0.09627	0.01619	0.06573	0.00348	0.55171	0.00825	0.00376	0.00719
21	0.02448	0.08100	0.06716	0.01851	0.04707	0.57138	0.01447	0.06021	0.01959	0.01894	0.01122	0.01301	0.00920	0.00710	0.00625	0.00183	0.01169	0.00464	0.00368	0.00859
22	0.12556	0.10522	0.02021	0.01597	0.02002	0.49982	0.01246	0.06016	0.04367	0.02066	0.01148	0.01298	0.00940	0.00711	0.00591	0.00185	0.01061	0.00454	0.00393	0.00841
23	0.50140	0.01297	0.01256	0.01050	0.01520	0.01379	0.00864	0.02590	0.03831	0.27553	0.01671	0.01627	0.01149	0.00735	0.00538	0.00217	0.00559	0.00508	0.00595	0.00922
24	0.02324	0.01891	0.05583	0.01561	0.02088	0.01980	0.01318	0.49271	0.16483	0.03872	0.01982	0.05054	0.01510	0.00909	0.00707	0.00219	0.00722	0.00714	0.00677	0.01135
25	0.01587	0.01364	0.07638	0.01372	0.03706	0.01236	0.05971	0.16359	0.06313	0.02705	0.03963	0.11832	0.02015	0.03818	0.00913	0.05379	0.00618	0.00856	0.21529	0.00824
26	0.00884	0.00634	0.00801	0.00908	0.00967	0.00593	0.00601	0.01004	0.01347	0.01786	0.08191	0.52992	0.10207	0.14087	0.01316	0.00339	0.00440	0.01734	0.00619	0.00551
27	0.00861	0.00615	0.00822	0.00984	0.01029	0.00576	0.00666	0.00990	0.01347	0.01793	0.03840	0.72383	0.04592	0.02176	0.00894	0.00285	0.00414	0.04515	0.00648	0.00570
28	0.01014	0.00680	0.00778	0.00778	0.00784	0.00686	0.00444	0.01026	0.01020	0.01366	0.02183	0.04480	0.02500	0.72159	0.06818	0.00698	0.00733	0.01002	0.00421	0.00432
29	0.01201	0.00613	0.00920	0.00920	0.00927	0.00620	0.00620	0.00927	0.00920	0.01233	0.01246	0.02154	0.01240	0.02571	0.06387	0.75588	0.00672	0.00613	0.00307	0.00320
30	0.04897	0.10271	0.55195	0.01859	0.02785	0.01698	0.05388	0.02168	0.01462	0.02200	0.01220	0.01442	0.00896	0.00645	0.00632	0.00208	0.00961	0.00505	0.00310	0.05258
31	0.01330	0.01262	0.02174	0.67807	0.04643	0.01540	0.05517	0.01797	0.01415	0.01817	0.01323	0.02041	0.01029	0.00728	0.00712	0.00235	0.00935	0.02591	0.00322	0.00780
32	0.01527	0.01527	0.02137	0.01832	0.01832	0.02137	0.01527	0.01679	0.01069	0.01679	0.00916	0.01527	0.00916	0.01221	0.02290	0.00305	0.74198	0.00611	0.00305	0.00763
33	0.00962	0.00697	0.00931	0.01071	0.01180	0.00666	0.00828	0.01175	0.01488	0.01949	0.06502	0.40091	0.09957	0.02021	0.00912	0.00292	0.00492	0.27533	0.00650	0.00602
34	0.01927	0.05142	0.02744	0.08682	0.33746	0.09379	0.10852	0.12489	0.03826	0.02489	0.01380	0.01699	0.01096	0.00675	0.00694	0.00209	0.00909	0.00625	0.00408	0.01029
35	0.01318	0.01240	0.02093	0.73798	0.04806	0.01550	0.01938	0.01783	0.01395	0.01783	0.01240	0.01860	0.00930	0.00698	0.00698	0.00233	0.00930	0.00620	0.00310	0.00775
36	0.00850	0.00607	0.00810	0.00972	0.01012	0.00567	0.00648	0.00972	0.01336	0.01781	0.03846	0.75020	0.04615	0.02186	0.00891	0.00283	0.00405	0.01984	0.00648	0.00567
37	0.02546	0.01662	0.01855	0.01451	0.01965	0.01772	0.01189	0.45039	0.07710	0.18135	0.04741	0.02237	0.04596	0.00913	0.00710	0.00214	0.00682	0.00715	0.00734	0.01136
38	0.02174	0.09484	0.16548	0.01761	0.02335	0.28778	0.04526	0.14866	0.08563	0.02441	0.01398	0.01524	0.01074	0.00734	0.00649	0.00199	0.01003	0.00538	0.00437	0.00966
39	0.02653	0.01955	0.02094	0.01606	0.02164	0.02164	0.01326	0.68796	0.03281	0.04398	0.01675	0.01675	0.01187	0.00838	0.00698	0.00209	0.00768	0.00628	0.00698	0.01187
40	0.01432	0.00907	0.01074	0.01005	0.01262	0.00871	0.00754	0.01931	0.13184	0.14768	0.13364	0.19013	0.21300	0.04749	0.00916	0.00259	0.00452	0.01274	0.00704	0.00782
41	0.01589	0.01529	0.02537	0.39903	0.14664	0.04704	0.14304	0.02131	0.05222	0.04553	0.01418	0.01876	0.01074	0.00686	0.00718	0.00226	0.00942	0.00663	0.00368	0.00893
42	0.00832	0.00703	0.00720	0.00725	0.00949	0.00591	0.00540	0.01012	0.01594	0.01915	0.09316	0.09666	0.65515	0.01773	0.00828	0.00237	0.00355	0.01487	0.00653	0.00591
43	0.00850	0.00607	0.00810	0.00972	0.01012	0.00567	0.00648	0.00972	0.01336	0.01781	0.03846	0.75020	0.04615	0.02186	0.00891	0.00283	0.00405	0.01984	0.00648	0.00567
44	0.01280	0.00928	0.01130	0.01104	0.01270	0.00966	0.00804	0.15616	0.01730	0.02338	0.06580	0.39296	0.03408	0.09009	0.10723	0.00413	0.00700	0.01398	0.00608	0.00699
45	0.02449	0.05136	0.01967	0.01771	0.03677	0.63355	0.01313	0.02684	0.03787	0.01762	0.01442	0.01588	0.04594	0.00774	0.00638	0.00184	0.01167	0.00514	0.00382	0.00815
46	0.02344	0.01710	0.01889	0.01504	0.01962	0.01888	0.01222	0.53545	0.02871	0.05810	0.04517	0.10385	0.01793	0.01035	0.00795	0.00223	0.03936	0.00812	0.00682	0.01076
47	0.02427	0.02437	0.05068	0.02108	0.14913	0.35382	0.01455	0.07925	0.01967	0.14035	0.01516	0.01638	0.01140	0.00737	0.00654	0.00194	0.00975	0.00550	0.03916	0.00962
48	0.01447	0.01240	0.01447	0.01034	0.01654	0.00930	0.00827	0.01757	0.01447	0.02274	0.01240	0.01447	0.01034	0.00517	0.00517	0.00103	0.00517	0.00413	0.00413	0.79742
49	0.04268	0.04153	0.24610	0.05329	0.09766	0.07211	0.14426	0.02034	0.01460	0.02045	0.01336	0.04848	0.01128	0.00885	0.00987	0.05378	0.08253	0.00656	0.00339	0.00886
50	0.00872	0.00616	0.00803	0.00944	0.00979	0.00581	0.00618	0.00977	0.01294	0.01725	0.03629	0.65729	0.04341	0.11851	0.01242	0.00335	0.00441	0.01856	0.00618	0.00548
51	0.00875	0.00631	0.00817	0.00947	0.01011	0.00588	0.00645	0.01012	0.01381	0.01831	0.07494	0.59893	0.09603	0.06068	0.01029	0.00299	0.00421	0.04245	0.00642	0.00568
52	0.01286	0.00888	0.00982	0.00901	0.00993	0.00923	0.00572	0.12240	0.01390	0.01857	0.02112	0.04088	0.02313	0.63115	0.03079	0.00599	0.00692	0.00951	0.00468	0.00549
53	0.14606	0.02008	0.07194	0.05732	0.27601	0.10884	0.04114	0.15008	0.01885	0.02721	0.01294	0.01555	0.01013	0.00685	0.00646	0.00209	0.00858	0.00561	0.00424	0.01001
54	0.02306	0.01786	0.01864	0.01441	0.01986	0.05594	0.01173	0.42985	0.05634	0.06133	0.01780	0.01803	0.03058	0.00789	0.00657	0.00186	0.00711	0.00602	0.00621	0.18889
55	0.16867	0.05167	0.10492	0.01577	0.04048	0.23695	0.04785	0.05137	0.03602	0.02272	0.01566	0.01825	0.04801	0.04267	0.00746	0.00218	0.00880	0.00562	0.00410	0.07085
56	0.05255	0.01649	0.03707	0.10355	0.13506	0.09083	0.01372	0.13224	0.07999	0.04138	0.02077	0.02387	0.08046	0.04858	0.01031	0.03705	0.05528	0.00710	0.00479	0.00890
57	0.01860	0.01396	0.01553	0.01402	0.06191	0.04408	0.01024	0.17224	0.09372	0.07626	0.02013	0.08589	0.01678	0.00874	0.00638	0.00185	0.00596	0.00718	0.12697	0.19955

[dist]
# distance from previous block
# <min> <max>
1	12

[block]
# block no. 2 follows, 30 sequences, length 24
# corresponding to MSA columns:
# 126-149
name=unknown_C
#
# <colnr> <probs for GDERKNQSTAVLIFYWHMCP>
#	G	D	E	R	K	N	Q	S	T	A	V	L	I	F	Y	W	H	M	C	P
0	0.05381	0.01147	0.01274	0.01172	0.01498	0.03477	0.00931	0.06261	0.12009	0.06699	0.06750	0.14579	0.07672	0.01314	0.00755	0.00233	0.00556	0.14278	0.00622	0.13396
1	0.02125	0.12958	0.02369	0.04608	0.18642	0.18543	0.01465	0.12694	0.07725	0.05325	0.01446	0.01608	0.01141	0.00708	0.00633	0.00190	0.00859	0.00550	0.00452	0.05959
2	0.01818	0.01445	0.02011	0.01596	0.02015	0.01475	0.13369	0.26223	0.02114	0.05207	0.02152	0.19662	0.02058	0.04783	0.00942	0.00248	0.03021	0.00994	0.00576	0.08290
3	0.04122	0.01274	0.01447	0.01212	0.01624	0.01256	0.00967	0.18970	0.08374	0.02891	0.10074	0.11265	0.02517	0.01081	0.00701	0.00202	0.00563	0.07195	0.00605	0.23661
4	0.01389	0.01328	0.04867	0.01479	0.08695	0.09836	0.01076	0.01700	0.01754	0.05064	0.25372	0.09724	0.09312	0.01318	0.00786	0.00230	0.00606	0.10941	0.00601	0.03922
5	0.01219	0.00734	0.01024	0.00971	0.01063	0.00710	0.00679	0.01068	0.01038	0.01443	0.01487	0.09833	0.01540	0.02079	0.02197	0.56635	0.03530	0.00727	0.00356	0.11667
6	0.04332	0.23867	0.23718	0.04166	0.02611	0.07342	0.14607	0.02150	0.01487	0.01987	0.01181	0.01475	0.00947	0.00798	0.02856	0.00231	0.04471	0.00539	0.00320	0.00915
7	0.02410	0.01732	0.01909	0.01446	0.02017	0.01793	0.01188	0.48380	0.02761	0.08983	0.01656	0.01676	0.01192	0.00766	0.00657	0.00185	0.00697	0.00584	0.00645	0.19323
8	0.05155	0.01346	0.04589	0.07874	0.04114	0.03385	0.01157	0.12322	0.06292	0.16366	0.09554	0.12974	0.02457	0.01422	0.06169	0.00297	0.00734	0.02264	0.00622	0.00907
9	0.00922	0.00710	0.00847	0.00854	0.01037	0.00636	0.00649	0.01169	0.01726	0.02266	0.32256	0.11956	0.32855	0.01680	0.00843	0.00241	0.00376	0.07660	0.00696	0.00620
10	0.04043	0.04934	0.02446	0.16339	0.15506	0.03780	0.14233	0.01898	0.01430	0.02008	0.01331	0.01833	0.01111	0.01367	0.11700	0.00350	0.06584	0.00634	0.00349	0.08125
11	0.02059	0.20741	0.05352	0.06875	0.02148	0.01982	0.01308	0.27715	0.06866	0.06515	0.03809	0.04670	0.01610	0.00892	0.00659	0.00208	0.00730	0.04308	0.00555	0.01001
12	0.00910	0.00680	0.00948	0.08919	0.01414	0.00680	0.00777	0.01062	0.01326	0.01760	0.03479	0.63493	0.04108	0.05699	0.01003	0.00298	0.00476	0.01786	0.00600	0.00582
13	0.00980	0.00713	0.00922	0.00870	0.01038	0.00655	0.00652	0.01302	0.01957	0.02755	0.67733	0.05284	0.09633	0.01443	0.00823	0.00220	0.00330	0.01272	0.00762	0.00655
14	0.02468	0.13599	0.02227	0.01706	0.02095	0.58023	0.01331	0.04938	0.01914	0.01791	0.01079	0.01261	0.00909	0.00722	0.00658	0.00180	0.03456	0.00450	0.00361	0.00833
15	0.20143	0.41069	0.08836	0.04439	0.01969	0.09869	0.01264	0.02153	0.01429	0.02052	0.01019	0.01201	0.00864	0.00632	0.00494	0.00178	0.00787	0.00406	0.00336	0.00860
16	0.02438	0.01794	0.01943	0.01519	0.02023	0.01972	0.01242	0.60355	0.03086	0.04148	0.06999	0.05560	0.01763	0.00949	0.00717	0.00214	0.00717	0.00743	0.00701	0.01116
17	0.01093	0.00796	0.01073	0.01205	0.01361	0.00793	0.01010	0.01449	0.04448	0.02104	0.06924	0.17436	0.06498	0.01896	0.00931	0.00304	0.00579	0.48798	0.00652	0.00650
18	0.05442	0.01988	0.05917	0.18354	0.14184	0.16487	0.01585	0.14415	0.05326	0.02522	0.01434	0.01710	0.01105	0.00731	0.00656	0.00207	0.00882	0.00580	0.05540	0.00934
19	0.01594	0.01830	0.11752	0.06531	0.46634	0.01578	0.05852	0.02132	0.04936	0.02248	0.01817	0.02128	0.06382	0.00731	0.00706	0.00215	0.00831	0.00692	0.00378	0.01033
20	0.02173	0.00977	0.01303	0.01071	0.01449	0.00859	0.00856	0.02461	0.01966	0.41101	0.29298	0.03715	0.07460	0.01132	0.00756	0.00218	0.00478	0.00961	0.00815	0.00950
21	0.00889	0.00642	0.00835	0.00974	0.01042	0.00602	0.00680	0.01031	0.01370	0.01801	0.04000	0.57859	0.09829	0.06210	0.01042	0.00306	0.00443	0.09244	0.00635	0.00569
22	0.01597	0.01369	0.01702	0.01561	0.11599	0.01171	0.01067	0.07287	0.04802	0.02475	0.01360	0.01559	0.01107	0.00578	0.00565	0.00133	0.00583	0.00478	0.00440	0.58566
23	0.01414	0.01022	0.01189	0.04076	0.01441	0.01029	0.00829	0.14666	0.04716	0.06106	0.21318	0.10044	0.21585	0.06236	0.00967	0.00258	0.00498	0.01161	0.00673	0.00770

[dist]
# distance from previous block
# <min> <max>
0	3

[block]
# block no. 3 follows, 30 sequences, length 17
# corresponding to MSA columns:
# 153-169
name=unknown_D
#
# <colnr> <probs for GDERKNQSTAVLIFYWHMCP>
#	G	D	E	R	K	N	Q	S	T	A	V	L	I	F	Y	W	H	M	C	P
0	0.02413	0.01147	0.01641	0.01616	0.12094	0.01035	0.01108	0.02719	0.01930	0.44887	0.18579	0.02947	0.02779	0.00960	0.00729	0.00215	0.00567	0.00822	0.00763	0.01050
1	0.01048	0.06676	0.11807	0.01158	0.01414	0.00920	0.01022	0.01322	0.01459	0.01979	0.10904	0.44674	0.03950	0.01729	0.00822	0.00260	0.00537	0.07060	0.00582	0.00678
2	0.01914	0.06445	0.11123	0.13322	0.27202	0.17515	0.01861	0.08383	0.01778	0.02230	0.01256	0.01572	0.01002	0.00678	0.00662	0.00204	0.00954	0.00557	0.00367	0.00977
3	0.08151	0.12741	0.44444	0.02092	0.09233	0.01784	0.07855	0.02176	0.01468	0.02220	0.01210	0.01457	0.00911	0.00643	0.00631	0.00211	0.00945	0.00521	0.00317	0.00989
4	0.01369	0.01280	0.02154	0.59820	0.14492	0.01529	0.01927	0.01819	0.01435	0.01872	0.01375	0.02143	0.01112	0.00748	0.00710	0.00233	0.00901	0.03931	0.00332	0.00818
5	0.01653	0.01519	0.05680	0.17845	0.12840	0.02970	0.01441	0.18894	0.04000	0.02603	0.04639	0.06817	0.09449	0.05516	0.00897	0.00251	0.00743	0.00839	0.00507	0.00897
6	0.04145	0.13277	0.07449	0.01333	0.01749	0.04788	0.01180	0.16485	0.01826	0.04680	0.05109	0.02400	0.01683	0.06204	0.09538	0.00344	0.05339	0.04250	0.02983	0.05238
7	0.67727	0.01446	0.03793	0.01005	0.01454	0.01573	0.00859	0.04417	0.05462	0.03111	0.01157	0.01296	0.00888	0.00678	0.00468	0.00216	0.00561	0.00424	0.02666	0.00799
8	0.03761	0.03269	0.59969	0.02051	0.05092	0.01635	0.06067	0.02288	0.05270	0.02280	0.01343	0.01557	0.00966	0.00673	0.00669	0.00222	0.00992	0.00547	0.00327	0.01025
9	0.01400	0.03610	0.71860	0.01989	0.03020	0.01621	0.02578	0.02210	0.01473	0.02210	0.01252	0.01473	0.00884	0.00663	0.00663	0.00221	0.01031	0.00516	0.00295	0.01031
10	0.00868	0.00620	0.00830	0.00992	0.01040	0.00582	0.00678	0.01002	0.01353	0.01801	0.03836	0.70694	0.04577	0.02170	0.00895	0.00286	0.00420	0.06135	0.00647	0.00572
11	0.02926	0.01262	0.01628	0.01258	0.01782	0.01153	0.01036	0.12073	0.02146	0.58294	0.02871	0.02545	0.05866	0.00915	0.00709	0.00216	0.00603	0.00739	0.00828	0.01151
12	0.00886	0.00707	0.00781	0.00764	0.00964	0.00616	0.00565	0.01101	0.01680	0.02142	0.26804	0.06124	0.46869	0.05747	0.00975	0.00255	0.00364	0.01381	0.00673	0.00602
13	0.01804	0.01533	0.01616	0.01434	0.01841	0.01767	0.01121	0.08537	0.64922	0.03029	0.02754	0.02535	0.02060	0.00939	0.00709	0.00235	0.00568	0.00777	0.00709	0.01111
14	0.01865	0.01040	0.01259	0.01088	0.01423	0.01032	0.00855	0.02577	0.18499	0.23665	0.23802	0.03343	0.03341	0.01051	0.00711	0.00215	0.00463	0.00890	0.11954	0.00927
15	0.00849	0.00613	0.00804	0.00956	0.01008	0.00568	0.00641	0.00973	0.01351	0.01787	0.04031	0.71099	0.08417	0.02162	0.00887	0.00281	0.00402	0.01954	0.00648	0.00568
16	0.00959	0.00700	0.00901	0.00876	0.01031	0.00642	0.00648	0.01252	0.01870	0.02609	0.58032	0.13668	0.11116	0.01543	0.00831	0.00228	0.00340	0.01364	0.00745	0.00642

[dist]
# distance from previous block
# <min> <max>
0	1

[block]
# block no. 4 follows, 30 sequences, length 10
# corresponding to MSA columns:
# 171-180
name=unknown_E
#
# <colnr> <probs for GDERKNQSTAVLIFYWHMCP>
#	G	D	E	R	K	N	Q	S	T	A	V	L	I	F	Y	W	H	M	C	P
0	0.06002	0.01707	0.01737	0.01394	0.01854	0.04523	0.01132	0.45512	0.08580	0.03787	0.01827	0.01879	0.01344	0.00829	0.00646	0.00203	0.00678	0.00627	0.14688	0.01049
1	0.71657	0.01349	0.01081	0.00955	0.01379	0.01550	0.00783	0.05810	0.01350	0.03185	0.04810	0.01386	0.01098	0.00701	0.00468	0.00216	0.00541	0.00440	0.00465	0.00775
2	0.02405	0.18896	0.02359	0.01651	0.02065	0.48293	0.01320	0.08467	0.01934	0.01932	0.01101	0.01276	0.00924	0.00724	0.00665	0.00181	0.04117	0.00455	0.00374	0.00860
3	0.01425	0.00933	0.01151	0.01087	0.01299	0.00934	0.00822	0.12286	0.01814	0.08851	0.15203	0.24659	0.06126	0.08941	0.05490	0.00344	0.00601	0.06638	0.00659	0.00738
4	0.17480	0.14703	0.42732	0.01604	0.02417	0.01761	0.01903	0.02224	0.01435	0.06099	0.01232	0.01397	0.00906	0.00660	0.00584	0.00208	0.00862	0.00475	0.00354	0.00962
5	0.01883	0.02115	0.10057	0.15188	0.27681	0.12862	0.05986	0.11497	0.01844	0.02390	0.01314	0.01651	0.01027	0.00683	0.00688	0.00211	0.00949	0.00596	0.00386	0.00995
6	0.00887	0.00613	0.00811	0.00949	0.00984	0.00579	0.00625	0.00972	0.01282	0.01709	0.03540	0.64342	0.04225	0.08726	0.01239	0.05118	0.00441	0.01814	0.00607	0.00538
7	0.08605	0.05591	0.13858	0.08071	0.09242	0.23706	0.01598	0.14147	0.01934	0.02457	0.01437	0.01632	0.03286	0.00743	0.00642	0.00203	0.00950	0.00549	0.00416	0.00932
8	0.21682	0.05967	0.20038	0.13117	0.06296	0.01530	0.01556	0.03788	0.01489	0.08478	0.03192	0.04720	0.01261	0.00760	0.00613	0.00215	0.00757	0.00592	0.00426	0.03524
9	0.01432	0.01269	0.01147	0.01116	0.01295	0.13722	0.00811	0.07941	0.01673	0.02110	0.08104	0.21967	0.07187	0.15087	0.01280	0.00316	0.00644	0.05629	0.06607	0.00664

[dist]
# distance from previous block
# <min> <max>
3	12

[block]
# block no. 5 follows, 30 sequences, length 14
# corresponding to MSA columns:
# 193-206
name=unknown_F
#
# <colnr> <probs for GDERKNQSTAVLIFYWHMCP>
#	G	D	E	R	K	N	Q	S	T	A	V	L	I	F	Y	W	H	M	C	P
0	0.04602	0.00961	0.00993	0.00976	0.01153	0.05658	0.00729	0.01467	0.04893	0.02180	0.24525	0.05150	0.15225	0.17154	0.01387	0.00332	0.00537	0.10836	0.00611	0.00631
1	0.04916	0.05612	0.01723	0.04600	0.05074	0.04661	0.01124	0.23119	0.01987	0.02696	0.04401	0.12879	0.06610	0.05050	0.01073	0.02465	0.08128	0.00888	0.02145	0.00849
2	0.10094	0.19211	0.19739	0.08253	0.10556	0.04466	0.05096	0.02260	0.07657	0.02207	0.01339	0.01569	0.01052	0.00673	0.00601	0.00202	0.00831	0.00532	0.02723	0.00939
3	0.05383	0.00861	0.01065	0.00941	0.01195	0.00802	0.00710	0.01829	0.01706	0.20550	0.28005	0.04139	0.09876	0.13705	0.03401	0.00322	0.00516	0.01015	0.03225	0.00755
4	0.00913	0.00644	0.00781	0.00863	0.00906	0.00612	0.00548	0.00992	0.01234	0.01622	0.03509	0.40608	0.10212	0.31059	0.01934	0.00434	0.00507	0.01552	0.00559	0.00512
5	0.05678	0.67745	0.03434	0.01206	0.01793	0.02667	0.01181	0.06218	0.01522	0.01884	0.01014	0.01155	0.00907	0.00614	0.00462	0.00156	0.00738	0.00389	0.00330	0.00907
6	0.00968	0.00698	0.00915	0.00891	0.01038	0.00645	0.00657	0.01268	0.01885	0.02654	0.61274	0.15104	0.06305	0.01534	0.00833	0.00229	0.00340	0.01364	0.00751	0.00645
7	0.01430	0.01116	0.01503	0.03976	0.01568	0.01369	0.01080	0.09917	0.01376	0.01990	0.01471	0.02153	0.01337	0.04299	0.22320	0.13401	0.22567	0.00665	0.05777	0.00686
8	0.00900	0.00666	0.00840	0.00890	0.01012	0.00606	0.00632	0.01112	0.01629	0.02197	0.30563	0.36108	0.16641	0.01818	0.00853	0.00250	0.00367	0.01615	0.00695	0.00606
9	0.01492	0.01429	0.02000	0.04865	0.01898	0.01946	0.01450	0.04283	0.01177	0.01784	0.01086	0.01707	0.01037	0.01712	0.11434	0.00406	0.58573	0.00630	0.00330	0.00762
10	0.00931	0.00706	0.00847	0.00820	0.00997	0.00633	0.00606	0.01189	0.01786	0.02402	0.44612	0.08173	0.27336	0.04741	0.00943	0.00247	0.00355	0.01346	0.00710	0.00622
11	0.57944	0.04854	0.09031	0.01139	0.01661	0.01703	0.01051	0.11059	0.01511	0.03137	0.01097	0.01243	0.00834	0.00673	0.00494	0.00213	0.00633	0.00426	0.00447	0.00850
12	0.09325	0.01408	0.01567	0.04957	0.06528	0.04902	0.01112	0.15036	0.12316	0.09202	0.02325	0.10002	0.04583	0.01210	0.04037	0.00262	0.00698	0.02538	0.03708	0.04285
13	0.01110	0.00857	0.01236	0.01193	0.01329	0.01019	0.00938	0.04418	0.01218	0.01753	0.01795	0.02609	0.01662	0.04755	0.64551	0.01023	0.06759	0.00733	0.00384	0.00659

[dist]
# distance from previous block
# <min> <max>
0	4

[block]
# block no. 6 follows, 30 sequences, length 30
# corresponding to MSA columns:
# 211-240
name=unknown_G
#
# <colnr> <probs for GDERKNQSTAVLIFYWHMCP>
#	G	D	E	R	K	N	Q	S	T	A	V	L	I	F	Y	W	H	M	C	P
0	0.03471	0.01276	0.09214	0.01225	0.01600	0.01005	0.04316	0.04262	0.05889	0.04452	0.27648	0.14148	0.03806	0.01228	0.00756	0.00220	0.00540	0.03547	0.00614	0.10782
1	0.00988	0.00665	0.00769	0.00796	0.00802	0.00658	0.00460	0.01008	0.01068	0.01424	0.02470	0.16171	0.02879	0.63404	0.03113	0.00612	0.00632	0.01174	0.00460	0.00447
2	0.74877	0.03956	0.01155	0.00952	0.01394	0.01629	0.00792	0.04460	0.01271	0.03125	0.00997	0.01153	0.00776	0.00653	0.00442	0.00213	0.00555	0.00387	0.00437	0.00776
3	0.01054	0.00799	0.00904	0.00874	0.01070	0.02850	0.00651	0.01304	0.01783	0.05062	0.38005	0.12662	0.27257	0.01574	0.00820	0.00230	0.00384	0.01359	0.00707	0.00651
4	0.12333	0.01734	0.15029	0.31185	0.05798	0.01578	0.01728	0.04201	0.01393	0.02128	0.01188	0.01646	0.00932	0.00841	0.00938	0.05070	0.08444	0.00560	0.00341	0.02935
5	0.27325	0.02595	0.39169	0.04200	0.02533	0.01614	0.06266	0.02199	0.03866	0.02524	0.01228	0.01444	0.00900	0.00665	0.00601	0.00221	0.00859	0.00504	0.00359	0.00929
6	0.02525	0.05741	0.02068	0.01846	0.04758	0.60342	0.01364	0.07512	0.03974	0.01955	0.01177	0.01340	0.00962	0.00726	0.00632	0.00183	0.01168	0.00476	0.00391	0.00859
7	0.49603	0.01296	0.01249	0.01051	0.01488	0.01411	0.00865	0.04480	0.01488	0.22172	0.01551	0.01583	0.01096	0.00744	0.00589	0.00217	0.03359	0.00498	0.04376	0.00885
8	0.02915	0.01278	0.05030	0.01256	0.01797	0.01033	0.01080	0.03215	0.01970	0.64005	0.06820	0.02504	0.01982	0.00888	0.00707	0.00216	0.00599	0.00727	0.00830	0.01148
9	0.01762	0.01655	0.02208	0.24537	0.06269	0.06502	0.03988	0.14734	0.01701	0.02285	0.01211	0.01665	0.00986	0.00899	0.01247	0.00249	0.26224	0.00615	0.00389	0.00874
10	0.00850	0.00607	0.00810	0.00972	0.01012	0.00567	0.00648	0.00972	0.01336	0.01781	0.03846	0.75020	0.04615	0.02186	0.00891	0.00283	0.00405	0.01984	0.00648	0.00567
11	0.03131	0.01188	0.01619	0.01242	0.01781	0.01026	0.01026	0.03401	0.01997	0.71606	0.02753	0.02375	0.01727	0.00864	0.00702	0.00216	0.00594	0.00702	0.00864	0.01188
12	0.01041	0.00693	0.00917	0.00936	0.01068	0.00639	0.00673	0.01280	0.01707	0.05948	0.39021	0.34484	0.05502	0.01717	0.00845	0.00246	0.00375	0.01537	0.00722	0.00647
13	0.07551	0.00766	0.00940	0.00881	0.01068	0.00733	0.00666	0.01378	0.01910	0.02826	0.64987	0.04876	0.06103	0.01362	0.00791	0.00219	0.00347	0.01189	0.00740	0.00666
14	0.75004	0.01342	0.01099	0.05895	0.01586	0.01564	0.00836	0.02033	0.01202	0.03039	0.00990	0.01183	0.00768	0.00651	0.00450	0.00217	0.00566	0.00394	0.00424	0.00757
15	0.01364	0.01187	0.01812	0.37322	0.03174	0.01392	0.03326	0.04240	0.01414	0.01989	0.01419	0.01977	0.01151	0.01395	0.11156	0.00347	0.08161	0.00626	0.07859	0.08689
16	0.75004	0.01342	0.01099	0.05895	0.01586	0.01564	0.00836	0.02033	0.01202	0.03039	0.00990	0.01183	0.00768	0.00651	0.00450	0.00217	0.00566	0.00394	0.00424	0.00757
17	0.01318	0.01240	0.02093	0.73798	0.04806	0.01550	0.01938	0.01783	0.01395	0.01783	0.01240	0.01860	0.00930	0.00698	0.00698	0.00233	0.00930	0.00620	0.00310	0.00775
18	0.02035	0.42967	0.02909	0.12133	0.02329	0.16956	0.01333	0.04878	0.01634	0.05423	0.01153	0.01346	0.00956	0.00661	0.00546	0.00174	0.00873	0.00453	0.00358	0.00886
19	0.01200	0.02847	0.01047	0.00916	0.01117	0.00801	0.00683	0.01555	0.05870	0.07668	0.41491	0.07089	0.12287	0.11001	0.01153	0.00281	0.00424	0.01181	0.00697	0.00691
20	0.03131	0.01188	0.01619	0.01242	0.01781	0.01026	0.01026	0.03401	0.01997	0.71606	0.02753	0.02375	0.01727	0.00864	0.00702	0.00216	0.00594	0.00702	0.00864	0.01188
21	0.06357	0.04687	0.11257	0.01531	0.02057	0.24612	0.01356	0.06818	0.01921	0.26341	0.01839	0.02011	0.01346	0.00820	0.00664	0.00207	0.00885	0.03745	0.00562	0.00986
22	0.03131	0.01188	0.01619	0.01242	0.01781	0.01026	0.01026	0.03401	0.01997	0.71606	0.02753	0.02375	0.01727	0.00864	0.00702	0.00216	0.00594	0.00702	0.00864	0.01188
23	0.01727	0.01658	0.02832	0.04283	0.71123	0.01658	0.02142	0.02142	0.01589	0.02280	0.01313	0.01727	0.01105	0.00622	0.00691	0.00207	0.00829	0.00622	0.00345	0.01105
24	0.00997	0.00748	0.01121	0.01121	0.01246	0.00872	0.00872	0.01246	0.01121	0.01620	0.01869	0.02741	0.01745	0.05234	0.72710	0.01121	0.01869	0.00748	0.00374	0.00623
25	0.02653	0.01955	0.02094	0.01606	0.02164	0.02164	0.01326	0.68796	0.03281	0.04398	0.01675	0.01675	0.01187	0.00838	0.00698	0.00209	0.00768	0.00628	0.00698	0.01187
26	0.01881	0.69785	0.07139	0.01237	0.01855	0.02647	0.01261	0.02137	0.01439	0.03874	0.01041	0.01177	0.00921	0.00609	0.00467	0.00155	0.00756	0.00391	0.00316	0.00912
27	0.01212	0.00606	0.00909	0.00909	0.00909	0.00606	0.00606	0.00909	0.00909	0.01212	0.01212	0.02121	0.01212	0.02424	0.02727	0.79697	0.00606	0.00606	0.00303	0.00303
28	0.01127	0.00741	0.00974	0.00907	0.01092	0.00679	0.00683	0.01442	0.01946	0.07448	0.62872	0.08398	0.06157	0.01425	0.00818	0.00222	0.00351	0.01259	0.00769	0.00690
29	0.01318	0.01240	0.02093	0.73798	0.04806	0.01550	0.01938	0.01783	0.01395	0.01783	0.01240	0.01860	0.00930	0.00698	0.00698	0.00233	0.00930	0.00620	0.00310	0.00775

[dist]
# distance from previous block
# <min> <max>
0	6

[block]
# block no. 7 follows, 30 sequences, length 41
# corresponding to MSA columns:
# 247-287
name=unknown_H
#
# <colnr> <probs for GDERKNQSTAVLIFYWHMCP>
#	G	D	E	R	K	N	Q	S	T	A	V	L	I	F	Y	W	H	M	C	P
0	0.01016	0.00885	0.01425	0.03881	0.01606	0.00827	0.12498	0.01260	0.01490	0.01948	0.07765	0.39300	0.18009	0.01716	0.00856	0.00261	0.00550	0.03464	0.00591	0.00651
1	0.01318	0.01240	0.02093	0.73798	0.04806	0.01550	0.01938	0.01783	0.01395	0.01783	0.01240	0.01860	0.00930	0.00698	0.00698	0.00233	0.00930	0.00620	0.00310	0.00775
2	0.01701	0.01615	0.02716	0.04056	0.65747	0.01623	0.02062	0.02164	0.03899	0.02293	0.01468	0.02024	0.01267	0.00690	0.00703	0.00213	0.00812	0.03491	0.00371	0.01085
3	0.01662	0.01574	0.02038	0.01509	0.02086	0.06479	0.12725	0.06964	0.01638	0.02353	0.01273	0.01531	0.01033	0.00608	0.00692	0.00151	0.04841	0.00515	0.00414	0.49915
4	0.00862	0.00615	0.00823	0.00985	0.01030	0.00577	0.00667	0.00991	0.01347	0.01794	0.03840	0.72245	0.04591	0.02176	0.00894	0.00285	0.00415	0.04648	0.00648	0.00570
5	0.01420	0.06755	0.68892	0.01954	0.02967	0.01670	0.02518	0.02205	0.01471	0.02185	0.01240	0.01458	0.00884	0.00660	0.00654	0.00218	0.01019	0.00509	0.00295	0.01025
6	0.01659	0.01587	0.02733	0.09199	0.59364	0.01605	0.04847	0.02079	0.01578	0.02230	0.01449	0.02099	0.01259	0.00701	0.00713	0.00217	0.00840	0.04434	0.00360	0.01047
7	0.00878	0.00619	0.00802	0.00937	0.00970	0.00585	0.00610	0.00979	0.01283	0.01710	0.03572	0.63311	0.04270	0.14367	0.01333	0.00349	0.00450	0.01823	0.00610	0.00543
8	0.01318	0.01240	0.02093	0.73798	0.04806	0.01550	0.01938	0.01783	0.01395	0.01783	0.01240	0.01860	0.00930	0.00698	0.00698	0.00233	0.00930	0.00620	0.00310	0.00775
9	0.01491	0.01266	0.01471	0.01054	0.01672	0.00975	0.00845	0.04191	0.01514	0.02351	0.01256	0.01455	0.01039	0.00528	0.00523	0.00107	0.00526	0.00421	0.00424	0.76890
10	0.01443	0.03623	0.01521	0.01066	0.01643	0.01020	0.00858	0.01738	0.01429	0.02215	0.01309	0.03953	0.01147	0.00602	0.00592	0.00118	0.03188	0.00473	0.00414	0.71650
11	0.02441	0.01820	0.01921	0.01528	0.02017	0.04719	0.01240	0.54143	0.05121	0.06380	0.01913	0.07766	0.01524	0.01079	0.02848	0.00243	0.00777	0.00744	0.00677	0.01102
12	0.07168	0.00931	0.01098	0.00996	0.01253	0.00934	0.00767	0.01936	0.13189	0.08684	0.46433	0.04284	0.07084	0.01252	0.00765	0.00222	0.00405	0.01077	0.00738	0.00783
13	0.01920	0.01833	0.01666	0.01492	0.01887	0.14087	0.01155	0.05889	0.55663	0.02762	0.02492	0.02336	0.01882	0.00903	0.00696	0.00226	0.00683	0.00724	0.00649	0.01056
14	0.01400	0.03610	0.71860	0.01989	0.03020	0.01621	0.02578	0.02210	0.01473	0.02210	0.01252	0.01473	0.00884	0.00663	0.00663	0.00221	0.01031	0.00516	0.00295	0.01031
15	0.00849	0.00612	0.00805	0.00959	0.01009	0.00568	0.00642	0.00973	0.01348	0.01786	0.03995	0.71876	0.07664	0.02167	0.00888	0.00281	0.00402	0.01960	0.00648	0.00568
16	0.00849	0.00613	0.00804	0.00957	0.01008	0.00568	0.00641	0.00973	0.01350	0.01787	0.04027	0.71185	0.08333	0.02163	0.00887	0.00281	0.00402	0.01955	0.00648	0.00568
17	0.00866	0.00619	0.00828	0.00990	0.01037	0.00580	0.00675	0.00999	0.01352	0.01799	0.03837	0.71139	0.04581	0.02171	0.00895	0.00286	0.00419	0.05709	0.00647	0.00571
18	0.02653	0.01955	0.02094	0.01606	0.02164	0.02164	0.01326	0.68796	0.03281	0.04398	0.01675	0.01675	0.01187	0.00838	0.00698	0.00209	0.00768	0.00628	0.00698	0.01187
19	0.02397	0.12131	0.02123	0.01674	0.02045	0.58763	0.01294	0.02588	0.01846	0.01693	0.01123	0.01350	0.00960	0.01034	0.05874	0.00245	0.01240	0.00462	0.00353	0.00806
20	0.02092	0.53778	0.03145	0.01378	0.01903	0.24069	0.01241	0.02302	0.01588	0.01662	0.01003	0.01162	0.00897	0.00634	0.00503	0.00159	0.00902	0.00396	0.00317	0.00869
21	0.77600	0.04012	0.01120	0.00928	0.01365	0.01608	0.00771	0.02053	0.01196	0.03078	0.00972	0.01133	0.00761	0.00646	0.00432	0.00214	0.00547	0.00378	0.00427	0.00761
22	0.01848	0.73157	0.06241	0.01224	0.01838	0.02718	0.01246	0.02094	0.01420	0.01663	0.00981	0.01133	0.00895	0.00600	0.00456	0.00152	0.00757	0.00379	0.00298	0.00901
23	0.01521	0.01577	0.02896	0.18631	0.03227	0.01792	0.29535	0.01933	0.01399	0.01970	0.01248	0.01792	0.01012	0.00823	0.01248	0.00254	0.24283	0.00703	0.03321	0.00836
24	0.00846	0.00694	0.00750	0.00789	0.00984	0.00597	0.00586	0.01021	0.01544	0.01877	0.06274	0.19628	0.54632	0.01855	0.00845	0.00249	0.00379	0.05216	0.00648	0.00588
25	0.00850	0.00607	0.00810	0.00972	0.01012	0.00567	0.00648	0.00972	0.01336	0.01781	0.03846	0.75020	0.04615	0.02186	0.00891	0.00283	0.00405	0.01984	0.00648	0.00567
26	0.01400	0.03610	0.71860	0.01989	0.03020	0.01621	0.02578	0.02210	0.01473	0.02210	0.01252	0.01473	0.00884	0.00663	0.00663	0.00221	0.01031	0.00516	0.00295	0.01031
27	0.80405	0.01350	0.01026	0.00918	0.01350	0.01565	0.00756	0.02051	0.01188	0.03131	0.00972	0.01134	0.00756	0.00648	0.00432	0.00216	0.00540	0.00378	0.00432	0.00756
28	0.01548	0.00949	0.00979	0.00890	0.01139	0.01011	0.00690	0.11218	0.11225	0.02895	0.02272	0.02474	0.01753	0.00835	0.00548	0.00179	0.00418	0.00667	0.57523	0.00788
29	0.00983	0.00701	0.00841	0.00857	0.01029	0.00621	0.00623	0.01189	0.01639	0.05313	0.23272	0.26399	0.30468	0.01757	0.00838	0.00245	0.00373	0.01532	0.00691	0.00629
30	0.01804	0.01533	0.01616	0.01434	0.01840	0.01767	0.01121	0.08526	0.64934	0.03029	0.02754	0.02535	0.02060	0.00939	0.00709	0.00235	0.00568	0.00777	0.00709	0.01111
31	0.02607	0.03326	0.01978	0.01798	0.02157	0.72674	0.01348	0.02787	0.01978	0.01708	0.01079	0.01258	0.00899	0.00719	0.00629	0.00180	0.01258	0.00449	0.00360	0.00809
32	0.00990	0.00666	0.00768	0.00793	0.00799	0.00660	0.00457	0.01008	0.01063	0.01417	0.02446	0.15139	0.02849	0.64478	0.03152	0.00618	0.00636	0.01160	0.00457	0.00444
33	0.01015	0.00677	0.00761	0.00761	0.00761	0.00677	0.00423	0.01015	0.01015	0.01353	0.02199	0.04567	0.02537	0.75476	0.03552	0.00677	0.00677	0.01015	0.00423	0.00423
34	0.00981	0.00713	0.00923	0.00871	0.01038	0.00656	0.00653	0.01304	0.01959	0.02760	0.68091	0.05275	0.09272	0.01441	0.00823	0.00220	0.00330	0.01271	0.00763	0.00656
35	0.00971	0.00713	0.00910	0.00861	0.01032	0.00651	0.00646	0.01285	0.01937	0.02707	0.64356	0.05364	0.13040	0.01461	0.00823	0.00221	0.00332	0.01283	0.00756	0.00651
36	0.01284	0.00686	0.00741	0.04885	0.01041	0.00704	0.00568	0.01597	0.01432	0.02477	0.02212	0.02680	0.01785	0.05425	0.00689	0.00198	0.00382	0.00671	0.69898	0.00644
37	0.01293	0.01153	0.01874	0.53130	0.03811	0.01402	0.03478	0.01686	0.01366	0.01838	0.01522	0.06173	0.01310	0.05139	0.00943	0.00259	0.04759	0.00727	0.07402	0.00736
38	0.01647	0.01681	0.04818	0.22168	0.48859	0.04564	0.02070	0.02077	0.01551	0.02125	0.01282	0.01734	0.01044	0.00647	0.00689	0.00213	0.00880	0.00611	0.00335	0.01005
39	0.01637	0.46555	0.14499	0.01492	0.06729	0.02155	0.01404	0.01989	0.01529	0.01967	0.12295	0.01881	0.01826	0.00744	0.00561	0.00177	0.00732	0.00558	0.00377	0.00895
40	0.06230	0.05759	0.02088	0.07307	0.16262	0.12797	0.05229	0.12362	0.01904	0.02527	0.13426	0.03960	0.02079	0.00926	0.00774	0.03494	0.00788	0.00723	0.00482	0.00883

[dist]
# distance from previous block
# <min> <max>
0	16

[block]
# block no. 8 follows, 30 sequences, length 24
# corresponding to MSA columns:
# 319-342
name=unknown_I
#
# <colnr> <probs for GDERKNQSTAVLIFYWHMCP>
#	G	D	E	R	K	N	Q	S	T	A	V	L	I	F	Y	W	H	M	C	P
0	0.01636	0.07709	0.01690	0.09808	0.01929	0.10363	0.01117	0.11521	0.04254	0.02428	0.14517	0.04888	0.02350	0.01433	0.08426	0.00307	0.05682	0.00765	0.08374	0.00803
1	0.02188	0.01950	0.12288	0.01573	0.04085	0.01731	0.01390	0.40022	0.02545	0.06848	0.04122	0.01849	0.01385	0.00794	0.00665	0.00198	0.00729	0.00618	0.06078	0.08942
2	0.00963	0.00687	0.00798	0.00802	0.00879	0.00664	0.00516	0.01060	0.01267	0.01671	0.11212	0.09373	0.16522	0.42938	0.07268	0.00542	0.00637	0.01176	0.00518	0.00506
3	0.01432	0.03415	0.64973	0.02218	0.09814	0.01624	0.02535	0.02203	0.01485	0.02217	0.01258	0.01499	0.00906	0.00659	0.00666	0.00220	0.01011	0.00526	0.00300	0.01039
4	0.00942	0.00683	0.00889	0.00898	0.01030	0.00630	0.00650	0.01206	0.01778	0.02472	0.49152	0.25212	0.08535	0.01657	0.00842	0.00238	0.00352	0.01476	0.00729	0.00630
5	0.01647	0.01882	0.04118	0.02941	0.03647	0.01765	0.68588	0.02235	0.01647	0.02235	0.01412	0.01882	0.01059	0.00588	0.00824	0.00235	0.01176	0.00824	0.00353	0.00941
6	0.01736	0.01499	0.01578	0.01420	0.01815	0.01736	0.01105	0.03708	0.69862	0.02919	0.02840	0.02604	0.02130	0.00947	0.00710	0.00237	0.00552	0.00789	0.00710	0.01105
7	0.03131	0.01188	0.01619	0.01242	0.01781	0.01026	0.01026	0.03401	0.01997	0.71606	0.02753	0.02375	0.01727	0.00864	0.00702	0.00216	0.00594	0.00702	0.00864	0.01188
8	0.01447	0.01240	0.01447	0.01034	0.01654	0.00930	0.00827	0.01757	0.01447	0.02274	0.01240	0.01447	0.01034	0.00517	0.00517	0.00103	0.00517	0.00413	0.00413	0.79742
9	0.00849	0.00691	0.00751	0.00771	0.00966	0.00594	0.00565	0.01035	0.01596	0.01980	0.14320	0.17667	0.52198	0.01794	0.00835	0.00241	0.00359	0.01530	0.00663	0.00594
10	0.01989	0.01715	0.02031	0.15094	0.02575	0.05993	0.04620	0.27449	0.14834	0.02992	0.01927	0.02078	0.04367	0.00893	0.00867	0.00229	0.08114	0.00691	0.00550	0.00992
11	0.01975	0.65805	0.05941	0.01228	0.01835	0.02546	0.01228	0.02225	0.01478	0.08642	0.01158	0.01258	0.00978	0.00626	0.00481	0.00159	0.00741	0.00411	0.00355	0.00930
12	0.73677	0.01351	0.01100	0.00972	0.01389	0.01568	0.00801	0.02091	0.01216	0.05913	0.01043	0.01203	0.00803	0.00682	0.00526	0.00220	0.03824	0.00402	0.00444	0.00774
13	0.00971	0.00713	0.00910	0.00861	0.01033	0.00652	0.00646	0.01285	0.01937	0.02707	0.64401	0.05363	0.12995	0.01461	0.00823	0.00221	0.00332	0.01283	0.00756	0.00652
14	0.00850	0.00607	0.00810	0.00972	0.01012	0.00567	0.00648	0.00972	0.01336	0.01781	0.03846	0.75020	0.04615	0.02186	0.00891	0.00283	0.00405	0.01984	0.00648	0.00567
15	0.01566	0.01246	0.01463	0.01061	0.01668	0.00965	0.00850	0.01932	0.03892	0.06779	0.01394	0.01548	0.01117	0.00554	0.00536	0.00115	0.00523	0.00445	0.00453	0.71894
16	0.80405	0.01350	0.01026	0.00918	0.01350	0.01565	0.00756	0.02051	0.01188	0.03131	0.00972	0.01134	0.00756	0.00648	0.00432	0.00216	0.00540	0.00378	0.00432	0.00756
17	0.00984	0.00758	0.00904	0.00859	0.01059	0.00702	0.00647	0.01365	0.05899	0.02534	0.47786	0.05504	0.25418	0.01499	0.00817	0.00225	0.00350	0.01297	0.00729	0.00664
18	0.00874	0.00701	0.00786	0.00822	0.01013	0.00613	0.00620	0.01070	0.01588	0.01973	0.12089	0.17441	0.47835	0.01818	0.00849	0.00250	0.00388	0.08014	0.00658	0.00597
19	0.01318	0.01240	0.02093	0.73798	0.04806	0.01550	0.01938	0.01783	0.01395	0.01783	0.01240	0.01860	0.00930	0.00698	0.00698	0.00233	0.00930	0.00620	0.00310	0.00775
20	0.01644	0.08845	0.10281	0.02693	0.03419	0.01843	0.56345	0.02220	0.01610	0.02178	0.01357	0.01775	0.01028	0.00596	0.00774	0.00226	0.01124	0.00754	0.00343	0.00945
21	0.00885	0.00657	0.00825	0.00893	0.01007	0.00597	0.00628	0.01076	0.01569	0.02093	0.23656	0.41555	0.18230	0.01886	0.00858	0.00256	0.00373	0.01676	0.00682	0.00597
22	0.00939	0.00711	0.00866	0.00827	0.01013	0.00638	0.00620	0.01224	0.01861	0.02528	0.51914	0.05657	0.25593	0.01527	0.00824	0.00224	0.00336	0.01324	0.00733	0.00638
