[name]
unknown

[dist]
# distance from previous block
# <min> <max>
10	121

[block]
# block no. 0 follows, 31 sequences, length 45
# corresponding to MSA columns:
# 130-174
name=unknown_A
#
# <colnr> <probs for GDERKNQSTAVLIFYWHMCP>
#	G	D	E	R	K	N	Q	S	T	A	V	L	I	F	Y	W	H	M	C	P
0	0.10160	0.07586	0.18905	0.01756	0.02438	0.01650	0.16421	0.12780	0.01780	0.10169	0.01437	0.01597	0.01043	0.00661	0.00641	0.00200	0.00834	0.00575	0.00450	0.08919
1	0.02297	0.01544	0.01796	0.01421	0.01903	0.01621	0.03152	0.34520	0.12278	0.16375	0.04145	0.02300	0.01680	0.04029	0.00809	0.00228	0.00667	0.02677	0.00678	0.05879
2	0.05309	0.01954	0.14036	0.03714	0.02149	0.05332	0.01395	0.18977	0.19864	0.17158	0.02011	0.01947	0.01421	0.00807	0.00668	0.00215	0.00729	0.00633	0.00613	0.01068
3	0.25524	0.06449	0.01561	0.01159	0.01628	0.01480	0.00956	0.12368	0.08558	0.21763	0.03916	0.04148	0.01510	0.00808	0.00592	0.00204	0.00580	0.00610	0.00610	0.05577
4	0.01627	0.44223	0.33963	0.01515	0.02288	0.02214	0.01770	0.02101	0.01414	0.01855	0.01073	0.01251	0.00873	0.00614	0.00532	0.00177	0.00855	0.00427	0.00291	0.00937
5	0.03070	0.01164	0.01588	0.01217	0.01746	0.01006	0.01006	0.03334	0.01958	0.72163	0.02699	0.02329	0.01694	0.00847	0.00688	0.00212	0.00582	0.00688	0.00847	0.01164
6	0.01419	0.01216	0.01419	0.01013	0.01621	0.00912	0.00811	0.01723	0.01419	0.02229	0.01216	0.01419	0.01013	0.00507	0.00507	0.00101	0.00507	0.00405	0.00405	0.80139
7	0.01419	0.01216	0.01419	0.01013	0.01621	0.00912	0.00811	0.01723	0.01419	0.02229	0.01216	0.01419	0.01013	0.00507	0.00507	0.00101	0.00507	0.00405	0.00405	0.80139
8	0.01693	0.01626	0.02777	0.04199	0.71689	0.01626	0.02100	0.02100	0.01558	0.02235	0.01287	0.01693	0.01084	0.00610	0.00677	0.00203	0.00813	0.00610	0.00339	0.01084
9	0.01615	0.01845	0.04037	0.02884	0.03576	0.01730	0.69204	0.02191	0.01615	0.02191	0.01384	0.01845	0.01038	0.00577	0.00807	0.00231	0.01153	0.00807	0.00346	0.00923
10	0.00968	0.00699	0.00914	0.00861	0.01022	0.00646	0.00646	0.01291	0.01937	0.02743	0.71328	0.05110	0.06455	0.01399	0.00807	0.00215	0.00323	0.01237	0.00753	0.00646
11	0.03070	0.01164	0.01588	0.01217	0.01746	0.01006	0.01006	0.03334	0.01958	0.72163	0.02699	0.02329	0.01694	0.00847	0.00688	0.00212	0.00582	0.00688	0.00847	0.01164
12	0.01125	0.01006	0.01794	0.01572	0.01836	0.00951	0.20302	0.01427	0.01476	0.01955	0.03185	0.34068	0.06196	0.01614	0.00870	0.00272	0.00671	0.18448	0.00551	0.00680
13	0.03070	0.01164	0.01588	0.01217	0.01746	0.01006	0.01006	0.03334	0.01958	0.72163	0.02699	0.02329	0.01694	0.00847	0.00688	0.00212	0.00582	0.00688	0.00847	0.01164
14	0.01038	0.00742	0.01029	0.01187	0.01316	0.00732	0.00991	0.01307	0.01512	0.01976	0.03658	0.23856	0.04077	0.01950	0.00928	0.00306	0.00574	0.51577	0.00631	0.00612
15	0.01633	0.45187	0.33053	0.01504	0.02272	0.02228	0.01752	0.02099	0.01413	0.01848	0.01070	0.01246	0.00873	0.00613	0.00529	0.00176	0.00851	0.00426	0.00291	0.00935
16	0.01367	0.01307	0.02256	0.60401	0.14652	0.01546	0.05179	0.01822	0.01408	0.01842	0.01235	0.01806	0.00944	0.00668	0.00689	0.00224	0.00909	0.00618	0.00311	0.00816
17	0.00834	0.00595	0.00794	0.00953	0.00992	0.00556	0.00635	0.00953	0.01310	0.01746	0.03771	0.75510	0.04525	0.02143	0.00873	0.00278	0.00397	0.01945	0.00635	0.00556
18	0.44669	0.01772	0.01391	0.01200	0.01633	0.16638	0.00960	0.08713	0.03728	0.11667	0.01317	0.01386	0.00972	0.00703	0.00531	0.00204	0.00706	0.00461	0.00495	0.00856
19	0.01606	0.04273	0.03762	0.02681	0.03277	0.01812	0.57869	0.02114	0.01531	0.02099	0.01305	0.01774	0.01014	0.00660	0.00988	0.00237	0.10999	0.00765	0.00338	0.00898
20	0.03070	0.01164	0.01588	0.01217	0.01746	0.01006	0.01006	0.03334	0.01958	0.72163	0.02699	0.02329	0.01694	0.00847	0.00688	0.00212	0.00582	0.00688	0.00847	0.01164
21	0.15988	0.01695	0.12149	0.01343	0.01930	0.01404	0.01246	0.16010	0.01995	0.36498	0.01972	0.01853	0.01303	0.00776	0.00636	0.00211	0.00671	0.00592	0.00659	0.01069
22	0.01292	0.01216	0.02052	0.74312	0.04712	0.01520	0.01900	0.01748	0.01368	0.01748	0.01216	0.01824	0.00912	0.00684	0.00684	0.00228	0.00912	0.00608	0.00304	0.00760
23	0.00976	0.00655	0.00839	0.00919	0.01030	0.00596	0.00641	0.01135	0.01458	0.05979	0.12013	0.52799	0.14565	0.01920	0.00845	0.00260	0.00392	0.01715	0.00661	0.00605
24	0.00809	0.00693	0.00693	0.00693	0.00924	0.00578	0.00520	0.00982	0.01559	0.01848	0.06931	0.06584	0.71411	0.01733	0.00809	0.00231	0.00347	0.01444	0.00635	0.00578
25	0.03070	0.01164	0.01588	0.01217	0.01746	0.01006	0.01006	0.03334	0.01958	0.72163	0.02699	0.02329	0.01694	0.00847	0.00688	0.00212	0.00582	0.00688	0.00847	0.01164
26	0.01829	0.76368	0.03585	0.01171	0.01756	0.02707	0.01171	0.02049	0.01390	0.01610	0.00951	0.01097	0.00878	0.00585	0.00439	0.00146	0.00732	0.00366	0.00293	0.00878
27	0.00843	0.00694	0.00741	0.00730	0.00945	0.00592	0.00547	0.01049	0.01642	0.02044	0.20982	0.06263	0.57238	0.01660	0.00808	0.00228	0.00341	0.01399	0.00661	0.00592
28	0.01292	0.01216	0.02052	0.74312	0.04712	0.01520	0.01900	0.01748	0.01368	0.01748	0.01216	0.01824	0.00912	0.00684	0.00684	0.00228	0.00912	0.00608	0.00304	0.00760
29	0.00827	0.00619	0.00769	0.00889	0.00976	0.00561	0.00607	0.00960	0.01371	0.01771	0.04544	0.58637	0.20899	0.02043	0.00857	0.00266	0.00385	0.01822	0.00635	0.00561
30	0.80789	0.01323	0.01006	0.00900	0.01323	0.01535	0.00741	0.02011	0.01164	0.03070	0.00953	0.01111	0.00741	0.00635	0.00423	0.00212	0.00529	0.00370	0.00423	0.00741
31	0.06153	0.01171	0.01565	0.01205	0.01730	0.01027	0.00995	0.03282	0.01927	0.69422	0.02630	0.02280	0.01656	0.00838	0.00677	0.00212	0.00580	0.00675	0.00830	0.01148
32	0.01829	0.76368	0.03585	0.01171	0.01756	0.02707	0.01171	0.02049	0.01390	0.01610	0.00951	0.01097	0.00878	0.00585	0.00439	0.00146	0.00732	0.00366	0.00293	0.00878
33	0.01292	0.01216	0.02052	0.74312	0.04712	0.01520	0.01900	0.01748	0.01368	0.01748	0.01216	0.01824	0.00912	0.00684	0.00684	0.00228	0.00912	0.00608	0.00304	0.00760
34	0.00828	0.00619	0.00770	0.00890	0.00976	0.00561	0.00607	0.00960	0.01370	0.01771	0.04533	0.58884	0.20659	0.02044	0.00858	0.00267	0.00385	0.01824	0.00635	0.00561
35	0.00843	0.00599	0.00791	0.00941	0.00978	0.00562	0.00622	0.00955	0.01291	0.01722	0.03677	0.71372	0.04406	0.06443	0.01025	0.00300	0.00412	0.01890	0.00622	0.00547
36	0.01372	0.03539	0.72412	0.01950	0.02961	0.01589	0.02528	0.02167	0.01444	0.02167	0.01228	0.01444	0.00867	0.00650	0.00650	0.00217	0.01011	0.00506	0.00289	0.01011
37	0.03049	0.01198	0.01608	0.01233	0.01763	0.01055	0.01019	0.06272	0.02014	0.69145	0.02652	0.02298	0.01670	0.00846	0.00688	0.00211	0.00590	0.00685	0.00840	0.01164
38	0.00889	0.00636	0.00856	0.01002	0.01070	0.00602	0.00719	0.01055	0.01393	0.01858	0.07680	0.59357	0.04533	0.02055	0.00882	0.00281	0.00434	0.13484	0.00641	0.00574
39	0.01006	0.00662	0.00742	0.00742	0.00748	0.00662	0.00417	0.01018	0.01012	0.01373	0.02158	0.04404	0.02460	0.73115	0.03369	0.00644	0.00650	0.00981	0.03415	0.00423
40	0.00959	0.00700	0.00896	0.00885	0.01039	0.00649	0.00669	0.01237	0.01776	0.02447	0.49946	0.09616	0.12831	0.05130	0.00955	0.00253	0.00379	0.08310	0.00704	0.00620
41	0.02663	0.01301	0.01618	0.01271	0.01770	0.01249	0.01038	0.13667	0.10765	0.46868	0.05803	0.02350	0.01865	0.00868	0.00688	0.00209	0.00589	0.00704	0.00782	0.03931
42	0.08482	0.01351	0.01655	0.01278	0.01804	0.01304	0.01056	0.18695	0.02196	0.51383	0.02328	0.02082	0.01502	0.00826	0.00668	0.00210	0.00618	0.00649	0.00779	0.01134
43	0.05075	0.05410	0.05898	0.02424	0.03032	0.01769	0.47296	0.05188	0.01621	0.06628	0.01390	0.01754	0.01046	0.00666	0.00884	0.00229	0.07656	0.00722	0.00387	0.00926
44	0.05004	0.01371	0.01797	0.05808	0.05374	0.03775	0.08128	0.01813	0.01423	0.02162	0.01242	0.01592	0.01045	0.03244	0.00723	0.00162	0.03203	0.00497	0.00385	0.51255

[dist]
# distance from previous block
# <min> <max>
1	4

[block]
# block no. 1 follows, 31 sequences, length 40
# corresponding to MSA columns:
# 179-218
name=unknown_B
#
# <colnr> <probs for GDERKNQSTAVLIFYWHMCP>
#	G	D	E	R	K	N	Q	S	T	A	V	L	I	F	Y	W	H	M	C	P
0	0.08195	0.01668	0.02915	0.02218	0.02633	0.01851	0.34257	0.04939	0.05206	0.02209	0.01273	0.01698	0.01029	0.00819	0.01245	0.00251	0.25663	0.00691	0.00370	0.00868
1	0.07077	0.01797	0.01815	0.05761	0.02110	0.07777	0.01220	0.35247	0.19809	0.03381	0.01791	0.01804	0.01325	0.00801	0.00656	0.00206	0.00721	0.00614	0.00606	0.05483
2	0.05686	0.13554	0.02135	0.01567	0.03847	0.23100	0.01239	0.22266	0.11293	0.06588	0.01535	0.01576	0.01169	0.00753	0.00617	0.00192	0.00846	0.00540	0.00516	0.00979
3	0.01636	0.01535	0.02545	0.03757	0.60973	0.01547	0.01946	0.02116	0.05312	0.02251	0.01598	0.02332	0.01419	0.00753	0.00705	0.00216	0.00780	0.07153	0.00387	0.01039
4	0.01491	0.01236	0.01417	0.01044	0.01612	0.01007	0.00834	0.05509	0.05381	0.02396	0.01383	0.01557	0.01123	0.00564	0.00525	0.00118	0.00512	0.00450	0.04848	0.66993
5	0.00864	0.00644	0.00843	0.00961	0.01020	0.00623	0.00660	0.00997	0.01347	0.01793	0.06799	0.63829	0.10015	0.02040	0.00920	0.00272	0.03358	0.01819	0.00627	0.00569
6	0.01640	0.01795	0.02801	0.05159	0.04902	0.09810	0.27227	0.01975	0.01399	0.01883	0.01204	0.03624	0.01054	0.00892	0.01366	0.00253	0.31159	0.00698	0.00334	0.00826
7	0.00946	0.00678	0.00863	0.00947	0.01030	0.00649	0.00654	0.03755	0.01462	0.01964	0.13223	0.51718	0.06532	0.08824	0.01099	0.00302	0.00431	0.03708	0.00633	0.00583
8	0.00944	0.00674	0.00755	0.00772	0.00842	0.00642	0.00492	0.01013	0.01189	0.01523	0.03549	0.09066	0.20342	0.48797	0.02514	0.00512	0.00566	0.04836	0.00495	0.00476
9	0.01036	0.00815	0.01067	0.04606	0.01345	0.00818	0.02553	0.01364	0.06773	0.03619	0.11919	0.35007	0.19674	0.01682	0.00884	0.00252	0.03843	0.01469	0.00619	0.00654
10	0.01661	0.01685	0.02855	0.14547	0.45465	0.05220	0.14346	0.02094	0.01558	0.02125	0.01282	0.01718	0.01039	0.00620	0.00699	0.00211	0.00912	0.00637	0.00335	0.00990
11	0.01372	0.03539	0.72412	0.01950	0.02961	0.01589	0.02528	0.02167	0.01444	0.02167	0.01228	0.01444	0.00867	0.00650	0.00650	0.00217	0.01011	0.00506	0.00289	0.01011
12	0.05046	0.47346	0.21880	0.01421	0.02065	0.02305	0.01545	0.02045	0.01367	0.01825	0.01021	0.01225	0.00871	0.00656	0.00645	0.00181	0.06940	0.00423	0.00298	0.00897
13	0.02699	0.03503	0.09234	0.01363	0.01940	0.01337	0.01225	0.14125	0.06137	0.47594	0.02328	0.02103	0.01520	0.00820	0.00677	0.00211	0.00657	0.00653	0.00737	0.01136
14	0.02299	0.01475	0.01628	0.01298	0.01735	0.01573	0.01054	0.42372	0.02568	0.13454	0.02031	0.06032	0.01546	0.00893	0.00653	0.00201	0.00620	0.00704	0.16839	0.01023
15	0.01102	0.00787	0.01102	0.01260	0.01417	0.00787	0.01102	0.01417	0.01575	0.02047	0.03622	0.07717	0.03937	0.01890	0.00945	0.00315	0.00630	0.67084	0.00630	0.00630
16	0.01331	0.01292	0.02290	0.65741	0.04576	0.01545	0.09976	0.01801	0.01398	0.01801	0.01236	0.01827	0.00927	0.00671	0.00699	0.00228	0.00941	0.00632	0.00309	0.00780
17	0.01606	0.01794	0.03746	0.02840	0.07395	0.01765	0.57692	0.02125	0.01548	0.02133	0.01324	0.01798	0.01025	0.00648	0.00960	0.00237	0.09339	0.00772	0.00340	0.00913
18	0.01465	0.01455	0.01941	0.01687	0.01713	0.04548	0.01388	0.01621	0.01084	0.01631	0.01043	0.01710	0.01035	0.04050	0.09659	0.00391	0.61924	0.00620	0.00312	0.00725
19	0.00860	0.00607	0.00786	0.00919	0.00952	0.00573	0.00599	0.00960	0.01258	0.01678	0.03506	0.63873	0.04191	0.14236	0.01301	0.00341	0.00441	0.01789	0.00599	0.00533
20	0.01568	0.01763	0.03766	0.02726	0.03347	0.01690	0.62019	0.02099	0.01568	0.02139	0.01479	0.05584	0.01208	0.00690	0.00889	0.00237	0.05121	0.00854	0.00358	0.00895
21	0.01841	0.67802	0.07748	0.01252	0.01850	0.06557	0.01263	0.02094	0.01424	0.01648	0.00974	0.01126	0.00877	0.00596	0.00462	0.00152	0.00777	0.00379	0.00296	0.00881
22	0.00834	0.00595	0.00794	0.00953	0.00992	0.00556	0.00635	0.00953	0.01310	0.01746	0.03771	0.75510	0.04525	0.02143	0.00873	0.00278	0.00397	0.01945	0.00635	0.00556
23	0.01292	0.01216	0.02052	0.74312	0.04712	0.01520	0.01900	0.01748	0.01368	0.01748	0.01216	0.01824	0.00912	0.00684	0.00684	0.00228	0.00912	0.00608	0.00304	0.00760
24	0.02375	0.05754	0.01866	0.01399	0.01877	0.01732	0.01145	0.38415	0.10251	0.17183	0.02151	0.09112	0.01687	0.00955	0.00691	0.00213	0.00659	0.00765	0.00691	0.01079
25	0.00877	0.00676	0.00801	0.00813	0.00977	0.00600	0.00593	0.01098	0.01658	0.02182	0.31823	0.20064	0.32004	0.01684	0.00821	0.00234	0.00347	0.01464	0.00682	0.00600
26	0.80789	0.01323	0.01006	0.00900	0.01323	0.01535	0.00741	0.02011	0.01164	0.03070	0.00953	0.01111	0.00741	0.00635	0.00423	0.00212	0.00529	0.00370	0.00423	0.00741
27	0.01523	0.01452	0.02470	0.33920	0.43297	0.01581	0.02015	0.01951	0.01477	0.02029	0.01257	0.01749	0.01011	0.00641	0.00680	0.00214	0.00855	0.00609	0.00324	0.00946
28	0.01546	0.02107	0.17667	0.02817	0.13753	0.01638	0.42607	0.02123	0.01559	0.02175	0.01433	0.04683	0.01149	0.00659	0.00758	0.00226	0.01042	0.00761	0.00345	0.00951
29	0.00834	0.00595	0.00794	0.00953	0.00992	0.00556	0.00635	0.00953	0.01310	0.01746	0.03771	0.75510	0.04525	0.02143	0.00873	0.00278	0.00397	0.01945	0.00635	0.00556
30	0.01372	0.03539	0.72412	0.01950	0.02961	0.01589	0.02528	0.02167	0.01444	0.02167	0.01228	0.01444	0.00867	0.00650	0.00650	0.00217	0.01011	0.00506	0.00289	0.01011
31	0.01542	0.19563	0.53245	0.01756	0.02647	0.01866	0.02159	0.05904	0.01532	0.02163	0.01190	0.01379	0.00886	0.00645	0.00605	0.00200	0.00935	0.00481	0.00312	0.00990
32	0.02635	0.01794	0.01969	0.01517	0.02056	0.01948	0.01251	0.57669	0.05446	0.13895	0.01833	0.01773	0.01272	0.00829	0.00685	0.00207	0.00721	0.00632	0.00708	0.01161
33	0.74337	0.01310	0.01054	0.00926	0.01358	0.01491	0.00763	0.02121	0.01230	0.08806	0.01098	0.01212	0.00820	0.00653	0.00445	0.00212	0.00534	0.00397	0.00459	0.00776
34	0.00968	0.00699	0.00914	0.00861	0.01022	0.00646	0.00646	0.01291	0.01937	0.02743	0.71328	0.05110	0.06455	0.01399	0.00807	0.00215	0.00323	0.01237	0.00753	0.00646
35	0.00834	0.00595	0.00794	0.00953	0.00992	0.00556	0.00635	0.00953	0.01310	0.01746	0.03771	0.75510	0.04525	0.02143	0.00873	0.00278	0.00397	0.01945	0.00635	0.00556
36	0.02436	0.02677	0.01905	0.01663	0.02065	0.45914	0.01280	0.18225	0.12700	0.02463	0.01456	0.01529	0.01131	0.00766	0.00645	0.00191	0.01017	0.00532	0.00481	0.00923
37	0.01515	0.26269	0.50931	0.01707	0.02585	0.01938	0.02104	0.02130	0.01427	0.01993	0.01141	0.01336	0.00870	0.00630	0.00584	0.00195	0.00924	0.00462	0.00290	0.00970
38	0.02597	0.01830	0.01993	0.01525	0.02073	0.01987	0.01259	0.61607	0.03050	0.09759	0.01713	0.01690	0.01201	0.00812	0.00678	0.00202	0.00730	0.00614	0.00688	0.03992
39	0.01027	0.00649	0.00867	0.00969	0.01057	0.00598	0.00666	0.01170	0.01401	0.07651	0.07667	0.65282	0.04404	0.01992	0.00854	0.00269	0.00408	0.01799	0.00660	0.00612

[dist]
# distance from previous block
# <min> <max>
0	1

[block]
# block no. 2 follows, 31 sequences, length 57
# corresponding to MSA columns:
# 220-276
name=unknown_C
#
# <colnr> <probs for GDERKNQSTAVLIFYWHMCP>
#	G	D	E	R	K	N	Q	S	T	A	V	L	I	F	Y	W	H	M	C	P
0	0.01290	0.01209	0.02034	0.69516	0.06827	0.01491	0.01864	0.01733	0.01372	0.01764	0.01304	0.04283	0.01039	0.00730	0.00690	0.00229	0.00891	0.00653	0.00316	0.00764
1	0.02475	0.01810	0.01956	0.01521	0.02026	0.01997	0.01245	0.63894	0.03044	0.04079	0.01695	0.04201	0.01280	0.00938	0.00783	0.03893	0.00733	0.00661	0.00665	0.01103
2	0.01292	0.01216	0.02052	0.74312	0.04712	0.01520	0.01900	0.01748	0.01368	0.01748	0.01216	0.01824	0.00912	0.00684	0.00684	0.00228	0.00912	0.00608	0.00304	0.00760
3	0.02448	0.01867	0.02175	0.02015	0.13816	0.02038	0.01435	0.58093	0.02938	0.03963	0.01583	0.01651	0.01150	0.00786	0.00683	0.00205	0.00763	0.00615	0.00626	0.01150
4	0.02433	0.15550	0.02215	0.01663	0.02055	0.61358	0.01296	0.02617	0.01847	0.01663	0.01040	0.01211	0.00881	0.00685	0.00587	0.00171	0.01149	0.00428	0.00342	0.00807
5	0.02268	0.01649	0.01780	0.01400	0.01849	0.01807	0.01130	0.54800	0.02827	0.03827	0.06574	0.02205	0.01690	0.08257	0.00959	0.00249	0.00694	0.00698	0.04310	0.01029
6	0.01188	0.00594	0.00891	0.00891	0.00891	0.00594	0.00594	0.00891	0.00891	0.01188	0.01188	0.02080	0.01188	0.02377	0.02674	0.80095	0.00594	0.00594	0.00297	0.00297
7	0.80789	0.01323	0.01006	0.00900	0.01323	0.01535	0.00741	0.02011	0.01164	0.03070	0.00953	0.01111	0.00741	0.00635	0.00423	0.00212	0.00529	0.00370	0.00423	0.00741
8	0.00834	0.00595	0.00794	0.00953	0.00992	0.00556	0.00635	0.00953	0.01310	0.01746	0.03771	0.75510	0.04525	0.02143	0.00873	0.00278	0.00397	0.01945	0.00635	0.00556
9	0.01571	0.01620	0.02085	0.01794	0.01818	0.07049	0.01485	0.01722	0.01110	0.01648	0.00909	0.01478	0.00897	0.01163	0.02132	0.00291	0.69587	0.00588	0.00303	0.00752
10	0.01102	0.00787	0.01102	0.01260	0.01417	0.00787	0.01102	0.01417	0.01575	0.02047	0.03622	0.07717	0.03937	0.01890	0.00945	0.00315	0.00630	0.67084	0.00630	0.00630
11	0.01419	0.01216	0.01419	0.01013	0.01621	0.00912	0.00811	0.01723	0.01419	0.02229	0.01216	0.01419	0.01013	0.00507	0.00507	0.00101	0.00507	0.00405	0.00405	0.80139
12	0.00834	0.00595	0.00794	0.00953	0.00992	0.00556	0.00635	0.00953	0.01310	0.01746	0.03771	0.75510	0.04525	0.02143	0.00873	0.00278	0.00397	0.01945	0.00635	0.00556
13	0.00968	0.00699	0.00914	0.00861	0.01022	0.00646	0.00646	0.01291	0.01937	0.02743	0.71328	0.05110	0.06455	0.01399	0.00807	0.00215	0.00323	0.01237	0.00753	0.00646
14	0.01275	0.00638	0.00638	0.00638	0.00797	0.00638	0.00478	0.01594	0.01435	0.02551	0.02232	0.02551	0.01754	0.00797	0.00478	0.00159	0.00319	0.00638	0.79755	0.00638
15	0.01419	0.01216	0.01419	0.01013	0.01621	0.00912	0.00811	0.01723	0.01419	0.02229	0.01216	0.01419	0.01013	0.00507	0.00507	0.00101	0.00507	0.00405	0.00405	0.80139
16	0.01829	0.76368	0.03585	0.01171	0.01756	0.02707	0.01171	0.02049	0.01390	0.01610	0.00951	0.01097	0.00878	0.00585	0.00439	0.00146	0.00732	0.00366	0.00293	0.00878
17	0.80789	0.01323	0.01006	0.00900	0.01323	0.01535	0.00741	0.02011	0.01164	0.03070	0.00953	0.01111	0.00741	0.00635	0.00423	0.00212	0.00529	0.00370	0.00423	0.00741
18	0.03070	0.01164	0.01588	0.01217	0.01746	0.01006	0.01006	0.03334	0.01958	0.72163	0.02699	0.02329	0.01694	0.00847	0.00688	0.00212	0.00582	0.00688	0.00847	0.01164
19	0.00968	0.00699	0.00914	0.00861	0.01022	0.00646	0.00646	0.01291	0.01937	0.02743	0.71328	0.05110	0.06455	0.01399	0.00807	0.00215	0.00323	0.01237	0.00753	0.00646
20	0.00968	0.00699	0.00914	0.00861	0.01022	0.00646	0.00646	0.01291	0.01937	0.02743	0.71328	0.05110	0.06455	0.01399	0.00807	0.00215	0.00323	0.01237	0.00753	0.00646
21	0.03070	0.01164	0.01588	0.01217	0.01746	0.01006	0.01006	0.03334	0.01958	0.72163	0.02699	0.02329	0.01694	0.00847	0.00688	0.00212	0.00582	0.00688	0.00847	0.01164
22	0.00977	0.00733	0.01100	0.01100	0.01222	0.00855	0.00855	0.01222	0.01100	0.01588	0.01833	0.02688	0.01710	0.05131	0.73245	0.01100	0.01833	0.00733	0.00367	0.00611
23	0.03070	0.01164	0.01588	0.01217	0.01746	0.01006	0.01006	0.03334	0.01958	0.72163	0.02699	0.02329	0.01694	0.00847	0.00688	0.00212	0.00582	0.00688	0.00847	0.01164
24	0.01188	0.00594	0.00891	0.00891	0.00891	0.00594	0.00594	0.00891	0.00891	0.01188	0.01188	0.02080	0.01188	0.02377	0.02674	0.80095	0.00594	0.00594	0.00297	0.00297
25	0.01693	0.01626	0.02777	0.04199	0.71689	0.01626	0.02100	0.02100	0.01558	0.02235	0.01287	0.01693	0.01084	0.00610	0.00677	0.00203	0.00813	0.00610	0.00339	0.01084
26	0.01292	0.01216	0.02052	0.74312	0.04712	0.01520	0.01900	0.01748	0.01368	0.01748	0.01216	0.01824	0.00912	0.00684	0.00684	0.00228	0.00912	0.00608	0.00304	0.00760
27	0.01615	0.01845	0.04037	0.02884	0.03576	0.01730	0.69204	0.02191	0.01615	0.02191	0.01384	0.01845	0.01038	0.00577	0.00807	0.00231	0.01153	0.00807	0.00346	0.00923
28	0.00834	0.00595	0.00794	0.00953	0.00992	0.00556	0.00635	0.00953	0.01310	0.01746	0.03771	0.75510	0.04525	0.02143	0.00873	0.00278	0.00397	0.01945	0.00635	0.00556
29	0.03070	0.01164	0.01588	0.01217	0.01746	0.01006	0.01006	0.03334	0.01958	0.72163	0.02699	0.02329	0.01694	0.00847	0.00688	0.00212	0.00582	0.00688	0.00847	0.01164
30	0.75375	0.01312	0.01046	0.00922	0.01353	0.01498	0.00759	0.02103	0.01220	0.07882	0.01074	0.01196	0.00807	0.00650	0.00442	0.00212	0.00533	0.00393	0.00453	0.00770
31	0.01615	0.01845	0.04037	0.02884	0.03576	0.01730	0.69204	0.02191	0.01615	0.02191	0.01384	0.01845	0.01038	0.00577	0.00807	0.00231	0.01153	0.00807	0.00346	0.00923
32	0.03070	0.01164	0.01588	0.01217	0.01746	0.01006	0.01006	0.03334	0.01958	0.72163	0.02699	0.02329	0.01694	0.00847	0.00688	0.00212	0.00582	0.00688	0.00847	0.01164
33	0.80789	0.01323	0.01006	0.00900	0.01323	0.01535	0.00741	0.02011	0.01164	0.03070	0.00953	0.01111	0.00741	0.00635	0.00423	0.00212	0.00529	0.00370	0.00423	0.00741
34	0.03070	0.01164	0.01588	0.01217	0.01746	0.01006	0.01006	0.03334	0.01958	0.72163	0.02699	0.02329	0.01694	0.00847	0.00688	0.00212	0.00582	0.00688	0.00847	0.01164
35	0.02601	0.01916	0.02053	0.01574	0.02122	0.02122	0.01300	0.69408	0.03217	0.04312	0.01643	0.01643	0.01163	0.00821	0.00684	0.00205	0.00753	0.00616	0.00684	0.01163
36	0.03070	0.01164	0.01588	0.01217	0.01746	0.01006	0.01006	0.03334	0.01958	0.72163	0.02699	0.02329	0.01694	0.00847	0.00688	0.00212	0.00582	0.00688	0.00847	0.01164
37	0.01019	0.00753	0.00959	0.00898	0.01075	0.00719	0.00676	0.01454	0.06709	0.02752	0.66553	0.04932	0.06151	0.01366	0.00799	0.00216	0.00338	0.01205	0.00749	0.00676
38	0.01829	0.76368	0.03585	0.01171	0.01756	0.02707	0.01171	0.02049	0.01390	0.01610	0.00951	0.01097	0.00878	0.00585	0.00439	0.00146	0.00732	0.00366	0.00293	0.00878
39	0.01292	0.01216	0.02052	0.74312	0.04712	0.01520	0.01900	0.01748	0.01368	0.01748	0.01216	0.01824	0.00912	0.00684	0.00684	0.00228	0.00912	0.00608	0.00304	0.00760
40	0.01764	0.01501	0.01582	0.01405	0.01803	0.01731	0.01098	0.08217	0.65769	0.02963	0.02705	0.02489	0.02024	0.00921	0.00695	0.00230	0.00556	0.00763	0.00695	0.01088
41	0.01292	0.01216	0.02052	0.74312	0.04712	0.01520	0.01900	0.01748	0.01368	0.01748	0.01216	0.01824	0.00912	0.00684	0.00684	0.00228	0.00912	0.00608	0.00304	0.00760
42	0.00834	0.00595	0.00794	0.00953	0.00992	0.00556	0.00635	0.00953	0.01310	0.01746	0.03771	0.75510	0.04525	0.02143	0.00873	0.00278	0.00397	0.01945	0.00635	0.00556
43	0.03070	0.01164	0.01588	0.01217	0.01746	0.01006	0.01006	0.03334	0.01958	0.72163	0.02699	0.02329	0.01694	0.00847	0.00688	0.00212	0.00582	0.00688	0.00847	0.01164
44	0.00834	0.00595	0.00794	0.00953	0.00992	0.00556	0.00635	0.00953	0.01310	0.01746	0.03771	0.75510	0.04525	0.02143	0.00873	0.00278	0.00397	0.01945	0.00635	0.00556
45	0.01716	0.01680	0.02717	0.06507	0.66471	0.04622	0.02060	0.02114	0.01567	0.02195	0.01275	0.01678	0.01069	0.00616	0.00675	0.00203	0.00834	0.00602	0.00338	0.01060
46	0.03050	0.01196	0.01607	0.01232	0.01762	0.01052	0.01018	0.06103	0.02011	0.69319	0.02655	0.02300	0.01671	0.00846	0.00688	0.00211	0.00589	0.00685	0.00840	0.01164
47	0.00995	0.00663	0.00746	0.00746	0.00746	0.00663	0.00415	0.00995	0.00995	0.01327	0.02156	0.04477	0.02487	0.75957	0.03482	0.00663	0.00663	0.00995	0.00415	0.00415
48	0.01871	0.01777	0.01628	0.01459	0.01845	0.13376	0.01129	0.05685	0.57035	0.02717	0.02465	0.02307	0.01861	0.00888	0.00683	0.00222	0.00661	0.00714	0.00640	0.01038
49	0.07010	0.71444	0.03416	0.01153	0.01728	0.02630	0.01142	0.02046	0.01375	0.01705	0.00951	0.01098	0.00869	0.00589	0.00438	0.00151	0.00718	0.00366	0.00301	0.00869
50	0.01615	0.01845	0.04037	0.02884	0.03576	0.01730	0.69204	0.02191	0.01615	0.02191	0.01384	0.01845	0.01038	0.00577	0.00807	0.00231	0.01153	0.00807	0.00346	0.00923
51	0.01693	0.01626	0.02777	0.04199	0.71689	0.01626	0.02100	0.02100	0.01558	0.02235	0.01287	0.01693	0.01084	0.00610	0.00677	0.00203	0.00813	0.00610	0.00339	0.01084
52	0.01318	0.01242	0.02098	0.69843	0.08981	0.01527	0.01913	0.01770	0.01380	0.01779	0.01221	0.01816	0.00923	0.00679	0.00684	0.00226	0.00906	0.00608	0.00306	0.00781
53	0.01292	0.01216	0.02052	0.74312	0.04712	0.01520	0.01900	0.01748	0.01368	0.01748	0.01216	0.01824	0.00912	0.00684	0.00684	0.00228	0.00912	0.00608	0.00304	0.00760
54	0.00995	0.00663	0.00746	0.00746	0.00746	0.00663	0.00415	0.00995	0.00995	0.01327	0.02156	0.04477	0.02487	0.75957	0.03482	0.00663	0.00663	0.00995	0.00415	0.00415
55	0.00995	0.00663	0.00746	0.00746	0.00746	0.00663	0.00415	0.00995	0.00995	0.01327	0.02156	0.04477	0.02487	0.75957	0.03482	0.00663	0.00663	0.00995	0.00415	0.00415
56	0.05080	0.01221	0.01400	0.01008	0.01608	0.00941	0.00807	0.01736	0.01407	0.02268	0.01204	0.01404	0.01001	0.00513	0.00503	0.00106	0.00508	0.00404	0.00406	0.76476

[dist]
# distance from previous block
# <min> <max>
6	15

[block]
# block no. 3 follows, 31 sequences, length 10
# corresponding to MSA columns:
# 292-301
name=unknown_D
#
# <colnr> <probs for GDERKNQSTAVLIFYWHMCP>
#	G	D	E	R	K	N	Q	S	T	A	V	L	I	F	Y	W	H	M	C	P
0	0.02043	0.03954	0.07037	0.03681	0.03902	0.01210	0.01145	0.12131	0.01955	0.26046	0.12731	0.04832	0.04280	0.00980	0.00701	0.00209	0.00609	0.04465	0.00654	0.07434
1	0.02095	0.01526	0.01688	0.01370	0.01821	0.01622	0.01095	0.37876	0.12677	0.07465	0.02157	0.13179	0.01834	0.01009	0.00696	0.00210	0.00630	0.00826	0.00658	0.09567
2	0.01693	0.01626	0.02777	0.04199	0.71689	0.01626	0.02100	0.02100	0.01558	0.02235	0.01287	0.01693	0.01084	0.00610	0.00677	0.00203	0.00813	0.00610	0.00339	0.01084
3	0.01631	0.01562	0.02664	0.15103	0.61273	0.01609	0.02069	0.02045	0.01528	0.02159	0.01276	0.01714	0.01057	0.00621	0.00678	0.00207	0.00828	0.00609	0.00333	0.01033
4	0.01408	0.01317	0.01968	0.10070	0.02152	0.01580	0.08327	0.03670	0.01305	0.01916	0.01503	0.11860	0.01477	0.01098	0.01403	0.00250	0.34318	0.00789	0.04088	0.09503
5	0.01290	0.00816	0.01041	0.17989	0.01765	0.00916	0.00862	0.01633	0.01400	0.02318	0.01928	0.02328	0.01514	0.00790	0.00613	0.00182	0.04111	0.00629	0.57202	0.00672
6	0.26557	0.07481	0.01534	0.01128	0.01551	0.04511	0.00925	0.13352	0.01832	0.18111	0.11437	0.02170	0.01914	0.03850	0.00711	0.00222	0.00601	0.00631	0.00592	0.00890
7	0.02125	0.01634	0.01873	0.01614	0.07603	0.01689	0.01204	0.43403	0.02530	0.03477	0.01677	0.07169	0.01377	0.00832	0.00658	0.00187	0.00675	0.00668	0.00589	0.19015
8	0.05847	0.01836	0.16455	0.05598	0.02400	0.01512	0.13834	0.01853	0.01353	0.02071	0.01313	0.05880	0.01148	0.00817	0.01009	0.00216	0.17484	0.00642	0.00356	0.18377
9	0.09411	0.01617	0.11575	0.01292	0.01775	0.01383	0.01167	0.19584	0.07619	0.10326	0.11906	0.06366	0.04307	0.03092	0.00756	0.00223	0.00623	0.00780	0.00603	0.05592

[dist]
# distance from previous block
# <min> <max>
6	13

[block]
# block no. 4 follows, 31 sequences, length 14
# corresponding to MSA columns:
# 316-329
name=unknown_E
#
# <colnr> <probs for GDERKNQSTAVLIFYWHMCP>
#	G	D	E	R	K	N	Q	S	T	A	V	L	I	F	Y	W	H	M	C	P
0	0.01840	0.01205	0.01396	0.05494	0.01667	0.01266	0.00956	0.26655	0.02175	0.10269	0.09875	0.10338	0.05702	0.03657	0.00785	0.00225	0.00564	0.00887	0.14168	0.00875
1	0.01614	0.39109	0.20760	0.05507	0.02123	0.06222	0.01471	0.01964	0.01383	0.01728	0.01202	0.01680	0.01088	0.10506	0.00917	0.00239	0.00834	0.00503	0.00312	0.00840
2	0.01158	0.00866	0.01050	0.01041	0.01196	0.03143	0.00784	0.04618	0.01371	0.01955	0.02414	0.21454	0.02491	0.06447	0.24927	0.00538	0.02651	0.04776	0.12081	0.05036
3	0.01672	0.01618	0.05140	0.21889	0.41935	0.01651	0.01944	0.09083	0.04168	0.02345	0.01357	0.01743	0.01076	0.00664	0.00679	0.00211	0.00830	0.00612	0.00377	0.01005
4	0.01811	0.01518	0.01610	0.01398	0.01818	0.01719	0.01099	0.12575	0.57710	0.03029	0.02548	0.02370	0.01907	0.00892	0.00685	0.00222	0.00569	0.00733	0.00680	0.05108
5	0.00967	0.00646	0.00859	0.00942	0.01034	0.00598	0.00654	0.01142	0.01491	0.05167	0.20081	0.55159	0.04864	0.01904	0.00849	0.00260	0.00387	0.01717	0.00673	0.00605
6	0.02151	0.01662	0.01809	0.01395	0.01937	0.01731	0.01136	0.41664	0.12116	0.03538	0.01685	0.01708	0.01252	0.00750	0.00637	0.00181	0.00656	0.00580	0.00610	0.22804
7	0.01782	0.49174	0.21912	0.01442	0.02117	0.09755	0.01551	0.02152	0.01462	0.01766	0.01037	0.01205	0.00875	0.00615	0.00514	0.00168	0.00859	0.00411	0.00298	0.00905
8	0.00999	0.00778	0.00917	0.00868	0.01073	0.00736	0.00655	0.01446	0.08970	0.02498	0.45627	0.05268	0.24718	0.01446	0.00796	0.00221	0.00352	0.01248	0.00713	0.00672
9	0.00945	0.00774	0.01257	0.01229	0.01362	0.00724	0.10435	0.01130	0.01353	0.01810	0.03430	0.64981	0.04027	0.01919	0.00864	0.00271	0.00505	0.01782	0.00594	0.00608
10	0.01720	0.01432	0.01935	0.01906	0.12209	0.01517	0.08308	0.14545	0.23721	0.04628	0.02601	0.08066	0.06069	0.01047	0.00745	0.00233	0.00671	0.07079	0.00595	0.00973
11	0.01702	0.01437	0.01918	0.16000	0.02375	0.03348	0.05186	0.17587	0.01727	0.02446	0.01382	0.01792	0.01112	0.00941	0.01194	0.03064	0.22794	0.00619	0.12551	0.00826
12	0.00867	0.00620	0.00828	0.00959	0.01021	0.00581	0.00664	0.01024	0.01407	0.01894	0.12570	0.62352	0.04742	0.02031	0.00869	0.00272	0.00401	0.05676	0.00650	0.00572
13	0.01435	0.03167	0.58881	0.02387	0.16316	0.01596	0.02445	0.02154	0.01466	0.02180	0.01239	0.01493	0.00909	0.00642	0.00655	0.00214	0.00973	0.00526	0.00299	0.01025

[dist]
# distance from previous block
# <min> <max>
0	1

[block]
# block no. 5 follows, 31 sequences, length 24
# corresponding to MSA columns:
# 331-354
name=unknown_F
#
# <colnr> <probs for GDERKNQSTAVLIFYWHMCP>
#	G	D	E	R	K	N	Q	S	T	A	V	L	I	F	Y	W	H	M	C	P
0	0.01403	0.14773	0.39499	0.01807	0.05362	0.01666	0.05149	0.01933	0.01401	0.01982	0.01539	0.12196	0.01420	0.00890	0.00768	0.00220	0.06025	0.00717	0.00345	0.00903
1	0.00972	0.00707	0.00906	0.00886	0.01042	0.00658	0.00673	0.01258	0.01794	0.02481	0.52592	0.05511	0.11681	0.06699	0.01011	0.00260	0.00386	0.09160	0.00704	0.00621
2	0.01492	0.01288	0.01599	0.01148	0.01757	0.01022	0.04676	0.05308	0.01524	0.02337	0.01248	0.01454	0.01023	0.00527	0.00533	0.00114	0.00556	0.00439	0.00417	0.71539
3	0.02300	0.12044	0.08368	0.01642	0.02101	0.46587	0.01377	0.10791	0.01971	0.02043	0.01355	0.01489	0.03589	0.00739	0.00613	0.00182	0.01059	0.00497	0.00391	0.00861
4	0.00937	0.00673	0.00883	0.00896	0.01020	0.00627	0.00652	0.01195	0.01727	0.02408	0.48663	0.24289	0.05730	0.03756	0.00906	0.00248	0.00363	0.03704	0.00707	0.00614
5	0.01604	0.01555	0.02425	0.05484	0.51536	0.04301	0.03882	0.02075	0.05789	0.02210	0.03784	0.02326	0.08470	0.00770	0.00697	0.00209	0.00766	0.00721	0.00401	0.00995
6	0.01197	0.00941	0.01049	0.00982	0.01245	0.00948	0.00756	0.01938	0.21934	0.04591	0.24053	0.04878	0.27945	0.01377	0.00776	0.00229	0.00413	0.03288	0.00694	0.00766
7	0.01472	0.01070	0.01266	0.01100	0.01294	0.01121	0.03398	0.21205	0.01714	0.02294	0.02181	0.12627	0.02301	0.41409	0.02219	0.00462	0.00675	0.00997	0.00520	0.00673
8	0.01998	0.01548	0.01663	0.01421	0.01853	0.01747	0.01126	0.18265	0.50689	0.08029	0.02524	0.02334	0.01855	0.00899	0.00693	0.00225	0.00591	0.00732	0.00704	0.01107
9	0.00998	0.00749	0.01081	0.01070	0.01170	0.00870	0.00811	0.01202	0.01082	0.01550	0.01849	0.02918	0.01800	0.15778	0.60105	0.01005	0.04237	0.00768	0.00371	0.00586
10	0.15810	0.02496	0.34800	0.05851	0.02945	0.01619	0.22644	0.02124	0.01442	0.02316	0.01225	0.01527	0.00899	0.00627	0.00659	0.00221	0.00962	0.00579	0.00332	0.00922
11	0.01292	0.01216	0.02052	0.74312	0.04712	0.01520	0.01900	0.01748	0.01368	0.01748	0.01216	0.01824	0.00912	0.00684	0.00684	0.00228	0.00912	0.00608	0.00304	0.00760
12	0.00834	0.00595	0.00794	0.00953	0.00992	0.00556	0.00635	0.00953	0.01310	0.01746	0.03771	0.75510	0.04525	0.02143	0.00873	0.00278	0.00397	0.01945	0.00635	0.00556
13	0.01912	0.58607	0.06002	0.01446	0.05782	0.08784	0.01297	0.05978	0.01555	0.01827	0.01030	0.01188	0.00906	0.00613	0.00490	0.00158	0.00793	0.00406	0.00323	0.00904
14	0.01188	0.00594	0.00891	0.00891	0.00891	0.00594	0.00594	0.00891	0.00891	0.01188	0.01188	0.02080	0.01188	0.02377	0.02674	0.80095	0.00594	0.00594	0.00297	0.00297
15	0.00930	0.00664	0.00851	0.00968	0.01029	0.00639	0.00652	0.04252	0.01380	0.01841	0.03555	0.66988	0.04221	0.07239	0.01046	0.00301	0.00433	0.01815	0.00622	0.00575
16	0.01602	0.01518	0.02572	0.08841	0.61188	0.01537	0.01979	0.01994	0.01532	0.02170	0.01482	0.05764	0.01338	0.00734	0.00696	0.00212	0.00792	0.02668	0.00361	0.01020
17	0.01320	0.01251	0.02114	0.68697	0.04557	0.01535	0.04606	0.01836	0.03946	0.01807	0.01281	0.01852	0.00961	0.00689	0.00689	0.00228	0.00908	0.00622	0.00320	0.00779
18	0.03041	0.01210	0.01616	0.01239	0.01769	0.01074	0.01024	0.07372	0.02035	0.68016	0.02634	0.02287	0.01661	0.00845	0.00688	0.00211	0.00593	0.00684	0.00837	0.01164
19	0.02399	0.01947	0.01878	0.01529	0.02002	0.12275	0.01226	0.41531	0.15659	0.07388	0.01895	0.03942	0.01425	0.00865	0.00682	0.00209	0.00763	0.00663	0.00646	0.01077
20	0.02220	0.01625	0.01780	0.01445	0.01895	0.01791	0.01165	0.45892	0.14013	0.06451	0.02104	0.09568	0.01711	0.01155	0.03685	0.00254	0.00718	0.00788	0.00675	0.01064
21	0.00834	0.00595	0.00794	0.00953	0.00992	0.00556	0.00635	0.00953	0.01310	0.01746	0.03771	0.75510	0.04525	0.02143	0.00873	0.00278	0.00397	0.01945	0.00635	0.00556
22	0.01543	0.01220	0.01429	0.01056	0.01626	0.00973	0.00842	0.04097	0.04124	0.06495	0.01483	0.04565	0.01244	0.00621	0.00546	0.00124	0.00516	0.00506	0.00461	0.66528
23	0.09291	0.01831	0.03370	0.01417	0.01876	0.12141	0.01170	0.34025	0.02427	0.11712	0.05741	0.02186	0.01622	0.00879	0.00666	0.00208	0.00742	0.04343	0.03364	0.00991

[dist]
# distance from previous block
# <min> <max>
6	11

[block]
# block no. 6 follows, 31 sequences, length 6
# corresponding to MSA columns:
# 366-371
name=unknown_G
#
# <colnr> <probs for GDERKNQSTAVLIFYWHMCP>
#	G	D	E	R	K	N	Q	S	T	A	V	L	I	F	Y	W	H	M	C	P
0	0.01723	0.01711	0.07173	0.02748	0.35054	0.05544	0.01669	0.13072	0.01819	0.02480	0.01773	0.08642	0.01649	0.00909	0.00709	0.00216	0.00773	0.07302	0.00451	0.04582
1	0.04381	0.09634	0.31594	0.02194	0.17010	0.07947	0.01911	0.02385	0.05451	0.09105	0.01424	0.01585	0.01062	0.00675	0.00632	0.00204	0.00877	0.00537	0.00388	0.01005
2	0.01574	0.01591	0.02124	0.08137	0.02205	0.07849	0.08112	0.04095	0.01338	0.01873	0.01204	0.05530	0.01129	0.01010	0.01506	0.00249	0.39862	0.00659	0.00352	0.09601
3	0.04122	0.03815	0.01694	0.01412	0.01786	0.22728	0.01106	0.15077	0.13212	0.09453	0.05874	0.02366	0.06861	0.03625	0.00832	0.00223	0.03653	0.00693	0.00563	0.00908
4	0.00975	0.00676	0.00848	0.00863	0.00901	0.00706	0.00557	0.01054	0.01054	0.01439	0.02220	0.10737	0.02466	0.49362	0.22517	0.00747	0.00961	0.01013	0.00422	0.00482
5	0.01459	0.01479	0.02491	0.07139	0.02440	0.01729	0.20671	0.01775	0.01269	0.01854	0.01176	0.01726	0.01026	0.01297	0.08323	0.00333	0.35062	0.00655	0.00329	0.07766

[dist]
# distance from previous block
# <min> <max>
0	4

[block]
# block no. 7 follows, 31 sequences, length 6
# corresponding to MSA columns:
# 376-381
name=unknown_H
#
# <colnr> <probs for GDERKNQSTAVLIFYWHMCP>
#	G	D	E	R	K	N	Q	S	T	A	V	L	I	F	Y	W	H	M	C	P
0	0.00950	0.00676	0.00917	0.04129	0.01214	0.00645	0.00742	0.01069	0.01313	0.01744	0.03401	0.49112	0.07247	0.01986	0.01062	0.09455	0.00471	0.09354	0.00572	0.03940
1	0.17368	0.01320	0.01843	0.50996	0.03726	0.01594	0.01597	0.09813	0.01546	0.02316	0.01214	0.01660	0.00908	0.00690	0.00632	0.00222	0.00816	0.00561	0.00373	0.00804
2	0.01614	0.01378	0.01984	0.01534	0.01988	0.01344	0.13377	0.10485	0.04352	0.05231	0.01729	0.11597	0.01566	0.00893	0.00856	0.00195	0.09533	0.00762	0.00478	0.29104
3	0.51087	0.01587	0.05393	0.01153	0.01642	0.01658	0.01000	0.17781	0.04832	0.06348	0.01289	0.01373	0.00949	0.00702	0.00521	0.00211	0.00612	0.00467	0.00507	0.00889
4	0.01980	0.01356	0.01560	0.01317	0.01717	0.01407	0.01059	0.29616	0.08098	0.11309	0.02440	0.15885	0.02221	0.01168	0.00734	0.00225	0.00614	0.08509	0.00664	0.08122
5	0.05468	0.09820	0.03914	0.01423	0.01779	0.01260	0.13062	0.06083	0.01571	0.02182	0.06781	0.21915	0.02728	0.03851	0.00845	0.00249	0.00662	0.10601	0.00513	0.05295

[dist]
# distance from previous block
# <min> <max>
1	6

[block]
# block no. 8 follows, 31 sequences, length 74
# corresponding to MSA columns:
# 388-461
name=unknown_I
#
# <colnr> <probs for GDERKNQSTAVLIFYWHMCP>
#	G	D	E	R	K	N	Q	S	T	A	V	L	I	F	Y	W	H	M	C	P
0	0.02123	0.01383	0.05643	0.01259	0.01764	0.01205	0.01077	0.09824	0.12090	0.27557	0.07472	0.02565	0.01997	0.00877	0.00674	0.00198	0.00587	0.04338	0.00668	0.16698
1	0.04466	0.56517	0.19789	0.01346	0.02026	0.02402	0.01477	0.02075	0.01395	0.01792	0.01017	0.01180	0.00871	0.00602	0.00488	0.00165	0.00791	0.00399	0.00296	0.00905
2	0.01676	0.01625	0.02826	0.06276	0.65764	0.01628	0.05906	0.02094	0.01555	0.02218	0.01290	0.01706	0.01076	0.00610	0.00685	0.00206	0.00835	0.00621	0.00338	0.01065
3	0.01220	0.00760	0.00965	0.00879	0.01101	0.00682	0.00671	0.01509	0.01873	0.11838	0.50878	0.04998	0.17222	0.01384	0.00791	0.00217	0.00362	0.01200	0.00745	0.00703
4	0.07158	0.01231	0.01593	0.01228	0.01753	0.01119	0.01014	0.08348	0.02013	0.63276	0.02525	0.02211	0.01602	0.00834	0.00674	0.00211	0.00592	0.00666	0.00812	0.01142
5	0.00958	0.00704	0.00901	0.00865	0.01034	0.00646	0.00658	0.01264	0.01875	0.02605	0.60394	0.05421	0.13447	0.01463	0.00815	0.00223	0.00343	0.05014	0.00733	0.00637
6	0.00809	0.00693	0.00693	0.00693	0.00924	0.00578	0.00520	0.00982	0.01559	0.01848	0.06931	0.06584	0.71411	0.01733	0.00809	0.00231	0.00347	0.01444	0.00635	0.00578
7	0.01372	0.03539	0.72412	0.01950	0.02961	0.01589	0.02528	0.02167	0.01444	0.02167	0.01228	0.01444	0.00867	0.00650	0.00650	0.00217	0.01011	0.00506	0.00289	0.01011
8	0.00857	0.00612	0.00819	0.00965	0.01019	0.00574	0.00663	0.00999	0.01361	0.01821	0.07601	0.67564	0.04600	0.02086	0.00874	0.00276	0.00406	0.05696	0.00641	0.00565
9	0.01029	0.00745	0.00922	0.00989	0.01090	0.00734	0.00685	0.07908	0.01483	0.01972	0.03526	0.56100	0.07473	0.08269	0.03363	0.00326	0.00498	0.01666	0.00613	0.00608
10	0.00984	0.00707	0.00807	0.00802	0.00897	0.00677	0.00525	0.03237	0.01360	0.01788	0.13403	0.13092	0.17971	0.38361	0.02132	0.00447	0.00518	0.01223	0.00545	0.00523
11	0.01419	0.01216	0.01419	0.01013	0.01621	0.00912	0.00811	0.01723	0.01419	0.02229	0.01216	0.01419	0.01013	0.00507	0.00507	0.00101	0.00507	0.00405	0.00405	0.80139
12	0.02601	0.01916	0.02053	0.01574	0.02122	0.02122	0.01300	0.69408	0.03217	0.04312	0.01643	0.01643	0.01163	0.00821	0.00684	0.00205	0.00753	0.00616	0.00684	0.01163
13	0.00913	0.00687	0.00844	0.00826	0.00993	0.00619	0.00611	0.01176	0.01775	0.02408	0.47626	0.12508	0.23387	0.01561	0.00814	0.00226	0.00336	0.01362	0.00710	0.00619
14	0.00988	0.00661	0.00748	0.00754	0.00756	0.00659	0.00423	0.00993	0.01007	0.01343	0.02220	0.07303	0.02568	0.73020	0.03378	0.00648	0.00653	0.01033	0.00423	0.00420
15	0.01292	0.01216	0.02052	0.74312	0.04712	0.01520	0.01900	0.01748	0.01368	0.01748	0.01216	0.01824	0.00912	0.00684	0.00684	0.00228	0.00912	0.00608	0.00304	0.00760
16	0.03070	0.01164	0.01588	0.01217	0.01746	0.01006	0.01006	0.03334	0.01958	0.72163	0.02699	0.02329	0.01694	0.00847	0.00688	0.00212	0.00582	0.00688	0.00847	0.01164
17	0.00911	0.00690	0.00839	0.00816	0.00990	0.00619	0.00607	0.01174	0.01779	0.02404	0.47159	0.10301	0.26114	0.01551	0.00812	0.00224	0.00335	0.01348	0.00709	0.00619
18	0.00985	0.00708	0.00875	0.00833	0.01018	0.00636	0.00625	0.01263	0.01823	0.04505	0.51177	0.07839	0.22195	0.01490	0.00806	0.00221	0.00339	0.01297	0.00723	0.00641
19	0.02601	0.01916	0.02053	0.01574	0.02122	0.02122	0.01300	0.69408	0.03217	0.04312	0.01643	0.01643	0.01163	0.00821	0.00684	0.00205	0.00753	0.00616	0.00684	0.01163
20	0.00855	0.00612	0.00813	0.00938	0.00997	0.00570	0.00637	0.01007	0.01410	0.01906	0.14609	0.64215	0.04835	0.02024	0.00863	0.00268	0.00385	0.01831	0.00654	0.00570
21	0.01816	0.01767	0.02071	0.01752	0.01891	0.09856	0.01441	0.14265	0.01545	0.02141	0.01053	0.01495	0.00945	0.01074	0.01780	0.00269	0.53049	0.00585	0.00376	0.00830
22	0.01435	0.01231	0.01426	0.01035	0.01630	0.00958	0.00826	0.01834	0.05431	0.02266	0.01307	0.01485	0.01076	0.00531	0.00518	0.00109	0.00509	0.00427	0.00422	0.75544
23	0.02560	0.01098	0.01447	0.01148	0.01608	0.00974	0.00933	0.02923	0.05812	0.53784	0.11708	0.02901	0.06010	0.00961	0.00705	0.00211	0.00532	0.00796	0.00804	0.03085
24	0.80789	0.01323	0.01006	0.00900	0.01323	0.01535	0.00741	0.02011	0.01164	0.03070	0.00953	0.01111	0.00741	0.00635	0.00423	0.00212	0.00529	0.00370	0.00423	0.00741
25	0.02563	0.01897	0.02032	0.01566	0.02107	0.02104	0.01291	0.66634	0.06052	0.04251	0.01691	0.01681	0.01202	0.00826	0.00685	0.00206	0.00744	0.00623	0.00685	0.01160
26	0.01085	0.00861	0.00999	0.00985	0.01187	0.00867	0.00735	0.01714	0.17938	0.02353	0.25393	0.20175	0.18016	0.01531	0.00800	0.00239	0.00405	0.03315	0.00687	0.00715
27	0.01749	0.57404	0.11966	0.01288	0.01880	0.06426	0.01318	0.02043	0.01440	0.01728	0.03822	0.01364	0.01128	0.00791	0.03022	0.00193	0.00817	0.00435	0.00316	0.00871
28	0.01419	0.01216	0.01419	0.01013	0.01621	0.00912	0.00811	0.01723	0.01419	0.02229	0.01216	0.01419	0.01013	0.00507	0.00507	0.00101	0.00507	0.00405	0.00405	0.80139
