[name]
unknown

[dist]
# distance from previous block
# <min> <max>
0	77

[block]
# block no. 0 follows, 31 sequences, length 13
# corresponding to MSA columns:
# 77-89
name=unknown_A
#
# <colnr> <probs for GDERKNQSTAVLIFYWHMCP>
#	G	D	E	R	K	N	Q	S	T	A	V	L	I	F	Y	W	H	M	C	P
0	0.01062	0.00781	0.01038	0.01157	0.01320	0.00771	0.00974	0.01405	0.04135	0.02064	0.07370	0.13523	0.11168	0.01836	0.00908	0.00295	0.00560	0.48361	0.00640	0.00635
1	0.00841	0.00634	0.00756	0.00846	0.00945	0.00574	0.00575	0.00966	0.01361	0.01738	0.04656	0.45618	0.26464	0.09359	0.01112	0.00301	0.00407	0.01684	0.00613	0.00549
2	0.01292	0.01216	0.02052	0.74312	0.04712	0.01520	0.01900	0.01748	0.01368	0.01748	0.01216	0.01824	0.00912	0.00684	0.00684	0.00228	0.00912	0.00608	0.00304	0.00760
3	0.01292	0.01216	0.02052	0.74312	0.04712	0.01520	0.01900	0.01748	0.01368	0.01748	0.01216	0.01824	0.00912	0.00684	0.00684	0.00228	0.00912	0.00608	0.00304	0.00760
4	0.00996	0.00651	0.00743	0.00767	0.00788	0.00645	0.00454	0.01044	0.01083	0.01503	0.02407	0.15063	0.02728	0.57844	0.02810	0.00558	0.00591	0.01106	0.07761	0.00456
5	0.01173	0.00727	0.00827	0.03397	0.01027	0.00732	0.00580	0.04595	0.01361	0.02027	0.02702	0.09229	0.09831	0.20688	0.01540	0.07396	0.00485	0.00919	0.30199	0.00566
6	0.01437	0.00831	0.00854	0.00792	0.01003	0.00869	0.00604	0.09093	0.06042	0.02720	0.02200	0.02519	0.01736	0.03434	0.00620	0.00187	0.00392	0.00656	0.63295	0.00716
7	0.01134	0.00787	0.00939	0.00902	0.00987	0.00828	0.00613	0.05898	0.01332	0.01875	0.09543	0.10537	0.02801	0.39268	0.08884	0.00526	0.03783	0.01010	0.07794	0.00557
8	0.02171	0.02194	0.02258	0.01959	0.06181	0.26759	0.12796	0.09693	0.15415	0.07554	0.01640	0.01759	0.01247	0.00769	0.00760	0.00210	0.04573	0.00622	0.00487	0.00952
9	0.04975	0.01432	0.01576	0.01302	0.01734	0.04788	0.01041	0.17675	0.17446	0.25846	0.09863	0.05105	0.02215	0.00953	0.00696	0.00216	0.00605	0.00774	0.00721	0.01035
10	0.01984	0.01367	0.01728	0.01365	0.01841	0.01355	0.06813	0.15596	0.16470	0.17342	0.07109	0.02647	0.08261	0.00905	0.00692	0.00203	0.00606	0.00768	0.00652	0.12295
11	0.02474	0.01522	0.01750	0.01365	0.01880	0.01561	0.01115	0.32315	0.10713	0.25060	0.04441	0.02064	0.01606	0.00833	0.00675	0.00201	0.00637	0.00659	0.00713	0.08416
12	0.05170	0.01552	0.01699	0.01350	0.01822	0.01657	0.01091	0.37112	0.12463	0.12005	0.04413	0.02097	0.01601	0.03975	0.00780	0.00221	0.00643	0.00663	0.03260	0.06426

[dist]
# distance from previous block
# <min> <max>
1	21

[block]
# block no. 1 follows, 31 sequences, length 82
# corresponding to MSA columns:
# 111-192
name=unknown_B
#
# <colnr> <probs for GDERKNQSTAVLIFYWHMCP>
#	G	D	E	R	K	N	Q	S	T	A	V	L	I	F	Y	W	H	M	C	P
0	0.02008	0.01557	0.01733	0.01361	0.01857	0.04670	0.03518	0.26488	0.10752	0.08066	0.01936	0.04810	0.03104	0.03040	0.00733	0.00198	0.00658	0.00666	0.00585	0.22260
1	0.02113	0.01839	0.01723	0.01433	0.01873	0.13961	0.01128	0.25085	0.22523	0.05070	0.03830	0.02046	0.01588	0.03740	0.00770	0.00216	0.00727	0.00645	0.00599	0.09092
2	0.02015	0.01563	0.01732	0.03701	0.05018	0.04753	0.01140	0.26151	0.12568	0.07987	0.01899	0.07317	0.01536	0.00848	0.00657	0.00191	0.00655	0.00689	0.00589	0.18992
3	0.01799	0.01848	0.02559	0.07712	0.48963	0.12570	0.04524	0.02299	0.06977	0.02168	0.01368	0.01704	0.01119	0.00652	0.00675	0.00204	0.00875	0.00604	0.00367	0.01014
4	0.01669	0.01600	0.02732	0.08521	0.67560	0.01619	0.02087	0.02078	0.01546	0.02205	0.01283	0.01701	0.01073	0.00614	0.00678	0.00205	0.00819	0.00609	0.00337	0.01064
5	0.01675	0.01606	0.02743	0.07456	0.68577	0.01621	0.02090	0.02083	0.01549	0.02212	0.01284	0.01699	0.01076	0.00613	0.00678	0.00204	0.00817	0.00609	0.00337	0.01069
6	0.01573	0.01367	0.01856	0.15326	0.05378	0.01270	0.05741	0.10566	0.01662	0.02406	0.01286	0.01565	0.01018	0.00590	0.00591	0.00152	0.00672	0.00507	0.00415	0.46058
7	0.00842	0.00607	0.00798	0.00934	0.00991	0.00563	0.00631	0.00979	0.01367	0.01824	0.08854	0.67252	0.07684	0.02070	0.00865	0.00271	0.00389	0.01871	0.00644	0.00563
8	0.00944	0.00698	0.00881	0.00835	0.01007	0.00635	0.00627	0.01244	0.01880	0.02608	0.61604	0.05333	0.16264	0.01449	0.00807	0.00218	0.00326	0.01268	0.00735	0.00635
9	0.00980	0.00657	0.00750	0.00765	0.00768	0.00654	0.00434	0.00991	0.01023	0.01364	0.02300	0.10841	0.02670	0.69343	0.03248	0.00629	0.00639	0.01080	0.00434	0.00427
10	0.00845	0.00604	0.00807	0.00966	0.01010	0.00566	0.00655	0.00972	0.01321	0.01759	0.03764	0.72636	0.04500	0.02133	0.00876	0.00279	0.00407	0.04706	0.00635	0.00559
11	0.80789	0.01323	0.01006	0.00900	0.01323	0.01535	0.00741	0.02011	0.01164	0.03070	0.00953	0.01111	0.00741	0.00635	0.00423	0.00212	0.00529	0.00370	0.00423	0.00741
12	0.02676	0.01796	0.01979	0.01517	0.02062	0.01943	0.01253	0.58842	0.03015	0.15161	0.01811	0.01752	0.01248	0.00825	0.00685	0.00206	0.00726	0.00627	0.00710	0.01164
13	0.01419	0.01216	0.01419	0.01013	0.01621	0.00912	0.00811	0.01723	0.01419	0.02229	0.01216	0.01419	0.01013	0.00507	0.00507	0.00101	0.00507	0.00405	0.00405	0.80139
14	0.01630	0.01807	0.03844	0.02763	0.03427	0.01707	0.64029	0.05000	0.01672	0.02266	0.01475	0.04304	0.01160	0.00640	0.00804	0.00231	0.01111	0.00837	0.00370	0.00921
15	0.00968	0.00699	0.00914	0.00861	0.01022	0.00646	0.00646	0.01291	0.01937	0.02743	0.71328	0.05110	0.06455	0.01399	0.00807	0.00215	0.00323	0.01237	0.00753	0.00646
16	0.02601	0.01916	0.02053	0.01574	0.02122	0.02122	0.01300	0.69408	0.03217	0.04312	0.01643	0.01643	0.01163	0.00821	0.00684	0.00205	0.00753	0.00616	0.00684	0.01163
17	0.02208	0.01147	0.01427	0.01182	0.01586	0.01118	0.00944	0.05368	0.17853	0.36170	0.19891	0.03052	0.02959	0.01003	0.00720	0.00217	0.00514	0.00843	0.00782	0.01015
18	0.01946	0.01514	0.01632	0.01463	0.04999	0.03588	0.01106	0.22677	0.29520	0.07912	0.02984	0.02834	0.12790	0.00998	0.00707	0.00220	0.00608	0.00811	0.00667	0.01024
19	0.00968	0.00699	0.00914	0.00861	0.01022	0.00646	0.00646	0.01291	0.01937	0.02743	0.71328	0.05110	0.06455	0.01399	0.00807	0.00215	0.00323	0.01237	0.00753	0.00646
20	0.00834	0.00595	0.00794	0.00953	0.00992	0.00556	0.00635	0.00953	0.01310	0.01746	0.03771	0.75510	0.04525	0.02143	0.00873	0.00278	0.00397	0.01945	0.00635	0.00556
21	0.01741	0.62283	0.16896	0.01321	0.01989	0.02491	0.01433	0.02071	0.01401	0.01717	0.01005	0.01165	0.00876	0.00598	0.00480	0.00160	0.00786	0.00393	0.00292	0.00904
22	0.02820	0.03568	0.01662	0.01254	0.01766	0.01200	0.01033	0.05930	0.11619	0.57570	0.02615	0.02295	0.01703	0.00849	0.00681	0.00212	0.00588	0.00687	0.00802	0.01144
23	0.00834	0.00595	0.00794	0.00953	0.00992	0.00556	0.00635	0.00953	0.01310	0.01746	0.03771	0.75510	0.04525	0.02143	0.00873	0.00278	0.00397	0.01945	0.00635	0.00556
24	0.00937	0.00639	0.00763	0.00821	0.00835	0.00624	0.00494	0.00980	0.01109	0.01478	0.02740	0.30158	0.03224	0.49270	0.02539	0.00524	0.00567	0.01338	0.00494	0.00466
25	0.02332	0.18126	0.02252	0.01594	0.02011	0.47397	0.01268	0.07200	0.08050	0.01946	0.01230	0.01351	0.01008	0.00708	0.00592	0.00177	0.01035	0.00467	0.00393	0.00862
26	0.03070	0.01164	0.01588	0.01217	0.01746	0.01006	0.01006	0.03334	0.01958	0.72163	0.02699	0.02329	0.01694	0.00847	0.00688	0.00212	0.00582	0.00688	0.00847	0.01164
27	0.02601	0.01916	0.02053	0.01574	0.02122	0.02122	0.01300	0.69408	0.03217	0.04312	0.01643	0.01643	0.01163	0.00821	0.00684	0.00205	0.00753	0.00616	0.00684	0.01163
28	0.05022	0.01510	0.01813	0.01422	0.01928	0.03506	0.04264	0.24179	0.08746	0.34513	0.02244	0.04323	0.01568	0.00864	0.00689	0.00214	0.00670	0.00701	0.00724	0.01103
29	0.02721	0.01385	0.01721	0.01410	0.04003	0.01362	0.01112	0.22253	0.05777	0.43705	0.02403	0.05424	0.01670	0.00895	0.00695	0.00214	0.00628	0.00726	0.00767	0.01130
30	0.01665	0.01275	0.01602	0.01158	0.01759	0.01021	0.04386	0.05068	0.01572	0.10013	0.01408	0.01551	0.01096	0.00562	0.00550	0.00125	0.00560	0.00467	0.00464	0.63697
31	0.01976	0.44459	0.02905	0.01422	0.01860	0.18124	0.01263	0.05589	0.01550	0.01768	0.01002	0.01219	0.00897	0.00722	0.00780	0.00180	0.12672	0.00432	0.00327	0.00853
32	0.02619	0.01887	0.02035	0.01560	0.02107	0.02078	0.01289	0.66838	0.03168	0.06950	0.01684	0.01669	0.01184	0.00822	0.00685	0.00206	0.00746	0.00619	0.00691	0.01163
33	0.01617	0.01156	0.01325	0.01177	0.01475	0.01188	0.00909	0.26834	0.02125	0.05543	0.07170	0.29515	0.09647	0.01451	0.00775	0.00235	0.00539	0.03275	0.00661	0.03382
34	0.00995	0.00663	0.00746	0.00746	0.00746	0.00663	0.00415	0.00995	0.00995	0.01327	0.02156	0.04477	0.02487	0.75957	0.03482	0.00663	0.00663	0.00995	0.00415	0.00415
35	0.01399	0.03363	0.65559	0.02087	0.05316	0.01599	0.06909	0.02166	0.01459	0.02171	0.01240	0.01479	0.00885	0.00644	0.00661	0.00217	0.01014	0.00529	0.00294	0.01008
36	0.00938	0.00698	0.00873	0.00829	0.01004	0.00633	0.00622	0.01233	0.01866	0.02575	0.59235	0.05387	0.18653	0.01461	0.00807	0.00218	0.00327	0.01276	0.00731	0.00633
37	0.02830	0.01218	0.01581	0.01248	0.01752	0.01128	0.01019	0.03387	0.13964	0.60015	0.02714	0.02368	0.01763	0.00861	0.00689	0.00215	0.00575	0.00703	0.00820	0.01150
38	0.14806	0.01188	0.01500	0.01169	0.01683	0.01085	0.00966	0.03134	0.01838	0.61729	0.02435	0.02145	0.01550	0.00815	0.00648	0.00212	0.00574	0.00640	0.00783	0.01100
39	0.00820	0.00693	0.00709	0.00705	0.00931	0.00582	0.00529	0.01003	0.01586	0.01911	0.11439	0.06481	0.66864	0.01709	0.00808	0.00230	0.00345	0.01429	0.00644	0.00582
40	0.00968	0.00699	0.00914	0.00861	0.01022	0.00646	0.00646	0.01291	0.01937	0.02743	0.71328	0.05110	0.06455	0.01399	0.00807	0.00215	0.00323	0.01237	0.00753	0.00646
41	0.01702	0.01470	0.01547	0.01392	0.01779	0.01702	0.01083	0.03635	0.70453	0.02862	0.02785	0.02553	0.02088	0.00928	0.00696	0.00232	0.00541	0.00773	0.00696	0.01083
42	0.01615	0.01845	0.04037	0.02884	0.03576	0.01730	0.69204	0.02191	0.01615	0.02191	0.01384	0.01845	0.01038	0.00577	0.00807	0.00231	0.01153	0.00807	0.00346	0.00923
43	0.01419	0.01216	0.01419	0.01013	0.01621	0.00912	0.00811	0.01723	0.01419	0.02229	0.01216	0.01419	0.01013	0.00507	0.00507	0.00101	0.00507	0.00405	0.00405	0.80139
44	0.01628	0.01209	0.01440	0.01039	0.01637	0.00924	0.00835	0.01927	0.01487	0.11116	0.01404	0.01534	0.01100	0.00550	0.00530	0.00115	0.00516	0.00441	0.00461	0.70103
45	0.02706	0.01649	0.01876	0.01449	0.01982	0.01738	0.01194	0.44592	0.06280	0.26233	0.02044	0.01912	0.01383	0.00835	0.00686	0.00209	0.00687	0.00647	0.00738	0.01160
46	0.21086	0.01272	0.01884	0.52729	0.03816	0.01533	0.04738	0.01834	0.01329	0.02097	0.01158	0.01648	0.00875	0.00667	0.00625	0.00224	0.00828	0.00558	0.00336	0.00763
47	0.01363	0.01288	0.02180	0.61955	0.16516	0.01539	0.01935	0.01810	0.01401	0.01834	0.01228	0.01801	0.00942	0.00671	0.00683	0.00224	0.00895	0.00608	0.00310	0.00817
48	0.10097	0.51664	0.04876	0.01279	0.01818	0.14853	0.01194	0.04165	0.01518	0.01867	0.00998	0.01148	0.00873	0.00620	0.00482	0.00162	0.00807	0.00391	0.00328	0.00861
49	0.01292	0.01216	0.02052	0.74312	0.04712	0.01520	0.01900	0.01748	0.01368	0.01748	0.01216	0.01824	0.00912	0.00684	0.00684	0.00228	0.00912	0.00608	0.00304	0.00760
50	0.80789	0.01323	0.01006	0.00900	0.01323	0.01535	0.00741	0.02011	0.01164	0.03070	0.00953	0.01111	0.00741	0.00635	0.00423	0.00212	0.00529	0.00370	0.00423	0.00741
51	0.01459	0.01386	0.02353	0.45182	0.32539	0.01564	0.01983	0.01894	0.01447	0.01950	0.01245	0.01770	0.00983	0.00653	0.00681	0.00218	0.00871	0.00609	0.00318	0.00894
52	0.01694	0.01619	0.02726	0.04083	0.68794	0.01629	0.02058	0.02163	0.04410	0.02261	0.01349	0.01729	0.01125	0.00623	0.00678	0.00204	0.00802	0.00616	0.00353	0.01084
53	0.00913	0.00660	0.00865	0.00903	0.01018	0.00612	0.00650	0.01151	0.01666	0.02301	0.40659	0.33090	0.07715	0.01718	0.00837	0.00243	0.00361	0.03332	0.00699	0.00607
54	0.01213	0.00816	0.01084	0.01178	0.01346	0.00813	0.00956	0.01605	0.07439	0.06958	0.03529	0.26910	0.03794	0.01809	0.00884	0.00290	0.00550	0.37489	0.00652	0.00685
55	0.01325	0.01117	0.01319	0.01004	0.01521	0.00855	0.00783	0.01600	0.01401	0.02152	0.01624	0.13266	0.01575	0.00768	0.00565	0.00130	0.00489	0.00652	0.00442	0.67413
56	0.02601	0.01916	0.02053	0.01574	0.02122	0.02122	0.01300	0.69408	0.03217	0.04312	0.01643	0.01643	0.01163	0.00821	0.00684	0.00205	0.00753	0.00616	0.00684	0.01163
57	0.01471	0.01188	0.01401	0.01020	0.01601	0.00902	0.00812	0.01766	0.01439	0.05458	0.01391	0.04529	0.01190	0.00590	0.00530	0.00114	0.00506	0.00482	0.00435	0.73175
58	0.00994	0.00687	0.00903	0.00894	0.01035	0.00633	0.00653	0.01264	0.01781	0.04444	0.52589	0.22552	0.05841	0.01568	0.00820	0.00231	0.00349	0.01398	0.00726	0.00638
59	0.03070	0.01164	0.01588	0.01217	0.01746	0.01006	0.01006	0.03334	0.01958	0.72163	0.02699	0.02329	0.01694	0.00847	0.00688	0.00212	0.00582	0.00688	0.00847	0.01164
60	0.01697	0.02003	0.05964	0.02647	0.03298	0.08127	0.56100	0.02341	0.06478	0.02191	0.01448	0.01827	0.01092	0.00615	0.00777	0.00225	0.01113	0.00762	0.00369	0.00925
61	0.01217	0.01087	0.01573	0.04279	0.01610	0.01425	0.01177	0.01428	0.01087	0.01620	0.01399	0.02132	0.01323	0.03233	0.39281	0.00715	0.33732	0.00669	0.00335	0.00677
62	0.03070	0.01164	0.01588	0.01217	0.01746	0.01006	0.01006	0.03334	0.01958	0.72163	0.02699	0.02329	0.01694	0.00847	0.00688	0.00212	0.00582	0.00688	0.00847	0.01164
63	0.00832	0.00599	0.00790	0.00942	0.00989	0.00557	0.00630	0.00954	0.01320	0.01751	0.03902	0.72656	0.07294	0.02126	0.00871	0.00276	0.00395	0.01924	0.00635	0.00557
64	0.01794	0.70842	0.08807	0.01230	0.01847	0.02622	0.01274	0.02058	0.01394	0.01652	0.00972	0.01124	0.00877	0.00590	0.00455	0.00152	0.00753	0.00376	0.00292	0.00888
65	0.01356	0.01275	0.02152	0.58124	0.17293	0.01514	0.01897	0.01794	0.01393	0.01834	0.01254	0.01833	0.00976	0.00844	0.03531	0.00257	0.00929	0.00613	0.00313	0.00816
66	0.77920	0.04050	0.01099	0.00910	0.01339	0.01577	0.00757	0.02012	0.01173	0.03016	0.00953	0.01111	0.00746	0.00633	0.00424	0.00209	0.00537	0.00370	0.00419	0.00746
67	0.00971	0.00653	0.00753	0.00777	0.00783	0.00647	0.00448	0.00989	0.01042	0.01390	0.02400	0.15203	0.02795	0.64810	0.03088	0.00605	0.00623	0.01138	0.00448	0.00436
68	0.01781	0.01430	0.01613	0.01185	0.01774	0.01282	0.00961	0.22443	0.01969	0.02867	0.01347	0.01487	0.01059	0.00603	0.00561	0.00133	0.00582	0.00470	0.00491	0.55962
69	0.02471	0.01839	0.01939	0.01489	0.02035	0.04914	0.01221	0.54005	0.02856	0.07764	0.01622	0.01635	0.01162	0.00777	0.00659	0.00191	0.00731	0.00585	0.00643	0.11463
70	0.01835	0.62275	0.05556	0.01293	0.01823	0.07475	0.01254	0.02063	0.01399	0.01635	0.00963	0.01154	0.00880	0.00650	0.00620	0.00164	0.07403	0.00396	0.00297	0.00865
71	0.00841	0.00601	0.00803	0.00962	0.01005	0.00563	0.00649	0.00966	0.01318	0.01755	0.03766	0.73504	0.04507	0.02136	0.00875	0.00279	0.00404	0.03873	0.00635	0.00558
72	0.00809	0.00693	0.00693	0.00693	0.00924	0.00578	0.00520	0.00982	0.01559	0.01848	0.06931	0.06584	0.71411	0.01733	0.00809	0.00231	0.00347	0.01444	0.00635	0.00578
73	0.00979	0.00657	0.00751	0.00766	0.00770	0.00653	0.00436	0.00991	0.01025	0.01367	0.02312	0.11336	0.02684	0.68829	0.03230	0.00626	0.00638	0.01087	0.00436	0.00428
74	0.01837	0.01537	0.01623	0.01420	0.01831	0.01765	0.01116	0.13567	0.60300	0.03081	0.02612	0.02415	0.01949	0.00912	0.00694	0.00228	0.00573	0.00750	0.00694	0.01095
75	0.01419	0.01216	0.01419	0.01013	0.01621	0.00912	0.00811	0.01723	0.01419	0.02229	0.01216	0.01419	0.01013	0.00507	0.00507	0.00101	0.00507	0.00405	0.00405	0.80139
76	0.01400	0.04758	0.34919	0.01780	0.02444	0.01424	0.12807	0.02009	0.03663	0.04767	0.13302	0.06977	0.02142	0.00895	0.00772	0.00224	0.03602	0.00785	0.00432	0.00899
77	0.01501	0.01430	0.02430	0.37731	0.39657	0.01575	0.02004	0.01931	0.01467	0.02002	0.01253	0.01756	0.01002	0.00645	0.00681	0.00215	0.00860	0.00609	0.00322	0.00929
78	0.03070	0.01164	0.01588	0.01217	0.01746	0.01006	0.01006	0.03334	0.01958	0.72163	0.02699	0.02329	0.01694	0.00847	0.00688	0.00212	0.00582	0.00688	0.00847	0.01164
79	0.73838	0.01495	0.01088	0.00976	0.01393	0.07903	0.00793	0.02075	0.01233	0.02946	0.00962	0.01122	0.00753	0.00641	0.00441	0.00209	0.00592	0.00377	0.00417	0.00746
80	0.01514	0.26182	0.51013	0.01708	0.02586	0.01937	0.02106	0.02130	0.01428	0.01993	0.01142	0.01337	0.00870	0.00630	0.00584	0.00195	0.00924	0.00462	0.00290	0.00970
81	0.04212	0.31246	0.40956	0.01611	0.02400	0.02035	0.01909	0.02096	0.01399	0.01964	0.01100	0.01303	0.00868	0.00646	0.00624	0.00193	0.03754	0.00451	0.00295	0.00941

[dist]
# distance from previous block
# <min> <max>
0	29

[block]
# block no. 2 follows, 31 sequences, length 33
# corresponding to MSA columns:
# 222-254
name=unknown_C
#
# <colnr> <probs for GDERKNQSTAVLIFYWHMCP>
#	G	D	E	R	K	N	Q	S	T	A	V	L	I	F	Y	W	H	M	C	P
0	0.02159	0.01258	0.03601	0.01234	0.01656	0.01183	0.01022	0.11920	0.12407	0.30942	0.09376	0.07156	0.07170	0.01093	0.00732	0.00225	0.00565	0.04570	0.00737	0.00995
1	0.00995	0.00663	0.00746	0.00746	0.00746	0.00663	0.00415	0.00995	0.00995	0.01327	0.02156	0.04477	0.02487	0.75957	0.03482	0.00663	0.00663	0.00995	0.00415	0.00415
2	0.00831	0.00603	0.00786	0.00931	0.00987	0.00557	0.00626	0.00955	0.01330	0.01755	0.04030	0.69865	0.10003	0.02110	0.00868	0.00274	0.00393	0.01904	0.00635	0.00557
3	0.02290	0.01557	0.01719	0.01362	0.01801	0.01689	0.01100	0.47461	0.02626	0.09919	0.01844	0.02092	0.01410	0.07570	0.05600	0.00299	0.00763	0.00665	0.07213	0.01020
4	0.02329	0.07101	0.01914	0.01537	0.01949	0.34173	0.01207	0.15822	0.14832	0.06423	0.01632	0.01672	0.01246	0.00774	0.00631	0.00192	0.00901	0.00555	0.04174	0.00938
5	0.00873	0.00612	0.00782	0.00903	0.00933	0.00582	0.00582	0.00963	0.01233	0.01645	0.03379	0.58273	0.04030	0.20055	0.01506	0.00371	0.00462	0.01714	0.00582	0.00521
6	0.01482	0.01416	0.02406	0.40433	0.30742	0.01579	0.05053	0.01987	0.04431	0.02007	0.01319	0.01805	0.01036	0.00660	0.00688	0.00219	0.00868	0.00625	0.00336	0.00908
7	0.02489	0.10006	0.12413	0.01380	0.01975	0.01480	0.01293	0.10743	0.08717	0.39145	0.02171	0.02002	0.01457	0.00793	0.00655	0.00206	0.00679	0.00625	0.00668	0.01101
8	0.00834	0.00595	0.00794	0.00953	0.00992	0.00556	0.00635	0.00953	0.01310	0.01746	0.03771	0.75510	0.04525	0.02143	0.00873	0.00278	0.00397	0.01945	0.00635	0.00556
9	0.01588	0.02547	0.28515	0.02475	0.03260	0.06300	0.40813	0.02217	0.01574	0.02149	0.01307	0.01662	0.00966	0.00611	0.00738	0.00222	0.01107	0.00675	0.00326	0.00946
10	0.01419	0.01216	0.01419	0.01013	0.01621	0.00912	0.00811	0.01723	0.01419	0.02229	0.01216	0.01419	0.01013	0.00507	0.00507	0.00101	0.00507	0.00405	0.00405	0.80139
11	0.01432	0.07964	0.57265	0.01976	0.02867	0.01706	0.08531	0.02129	0.01432	0.02100	0.01204	0.01462	0.00885	0.00673	0.00750	0.00219	0.05602	0.00530	0.00295	0.00978
12	0.00832	0.00602	0.00787	0.00936	0.00988	0.00557	0.00628	0.00954	0.01326	0.01753	0.03975	0.71054	0.08849	0.02117	0.00869	0.00275	0.00394	0.01913	0.00635	0.00557
13	0.01275	0.00638	0.00638	0.00638	0.00797	0.00638	0.00478	0.01594	0.01435	0.02551	0.02232	0.02551	0.01754	0.00797	0.00478	0.00159	0.00319	0.00638	0.79755	0.00638
14	0.00861	0.00695	0.00765	0.00748	0.00956	0.00600	0.00561	0.01082	0.01682	0.02139	0.27879	0.06105	0.50282	0.01624	0.00808	0.00226	0.00339	0.01377	0.00674	0.00600
15	0.01702	0.01470	0.01547	0.01392	0.01779	0.01702	0.01083	0.03635	0.70453	0.02862	0.02785	0.02553	0.02088	0.00928	0.00696	0.00232	0.00541	0.00773	0.00696	0.01083
16	0.03070	0.01164	0.01588	0.01217	0.01746	0.01006	0.01006	0.03334	0.01958	0.72163	0.02699	0.02329	0.01694	0.00847	0.00688	0.00212	0.00582	0.00688	0.00847	0.01164
17	0.03070	0.01164	0.01588	0.01217	0.01746	0.01006	0.01006	0.03334	0.01958	0.72163	0.02699	0.02329	0.01694	0.00847	0.00688	0.00212	0.00582	0.00688	0.00847	0.01164
18	0.00977	0.00733	0.01100	0.01100	0.01222	0.00855	0.00855	0.01222	0.01100	0.01588	0.01833	0.02688	0.01710	0.05131	0.73245	0.01100	0.01833	0.00733	0.00367	0.00611
19	0.80789	0.01323	0.01006	0.00900	0.01323	0.01535	0.00741	0.02011	0.01164	0.03070	0.00953	0.01111	0.00741	0.00635	0.00423	0.00212	0.00529	0.00370	0.00423	0.00741
20	0.02556	0.03261	0.01939	0.01763	0.02115	0.73210	0.01322	0.02732	0.01939	0.01674	0.01058	0.01234	0.00881	0.00705	0.00617	0.00176	0.01234	0.00441	0.00353	0.00793
21	0.00809	0.00693	0.00693	0.00693	0.00924	0.00578	0.00520	0.00982	0.01559	0.01848	0.06931	0.06584	0.71411	0.01733	0.00809	0.00231	0.00347	0.01444	0.00635	0.00578
22	0.00834	0.00595	0.00794	0.00953	0.00992	0.00556	0.00635	0.00953	0.01310	0.01746	0.03771	0.75510	0.04525	0.02143	0.00873	0.00278	0.00397	0.01945	0.00635	0.00556
23	0.01484	0.01255	0.01454	0.01044	0.01649	0.00979	0.00838	0.05478	0.01518	0.02345	0.01240	0.01431	0.01022	0.00524	0.00517	0.00107	0.00520	0.00417	0.00421	0.75757
24	0.01946	0.01589	0.01716	0.04543	0.02003	0.01816	0.01181	0.22715	0.47932	0.03237	0.02385	0.02256	0.01769	0.00887	0.00692	0.00224	0.00619	0.00721	0.00676	0.01093
25	0.01664	0.01680	0.05361	0.07137	0.66221	0.01620	0.02107	0.02087	0.01545	0.02212	0.01282	0.01690	0.01068	0.00614	0.00677	0.00205	0.00824	0.00606	0.00335	0.01067
26	0.00995	0.00663	0.00746	0.00746	0.00746	0.00663	0.00415	0.00995	0.00995	0.01327	0.02156	0.04477	0.02487	0.75957	0.03482	0.00663	0.00663	0.00995	0.00415	0.00415
27	0.00834	0.00595	0.00794	0.00953	0.00992	0.00556	0.00635	0.00953	0.01310	0.01746	0.03771	0.75510	0.04525	0.02143	0.00873	0.00278	0.00397	0.01945	0.00635	0.00556
28	0.02167	0.12037	0.05381	0.02393	0.22020	0.40773	0.01577	0.02441	0.01739	0.01848	0.01117	0.01357	0.00938	0.00660	0.00613	0.00182	0.01040	0.00482	0.00338	0.00896
29	0.00809	0.00693	0.00693	0.00693	0.00924	0.00578	0.00520	0.00982	0.01559	0.01848	0.06931	0.06584	0.71411	0.01733	0.00809	0.00231	0.00347	0.01444	0.00635	0.00578
30	0.01419	0.01216	0.01419	0.01013	0.01621	0.00912	0.00811	0.01723	0.01419	0.02229	0.01216	0.01419	0.01013	0.00507	0.00507	0.00101	0.00507	0.00405	0.00405	0.80139
31	0.01887	0.01447	0.01744	0.01479	0.05677	0.01441	0.03327	0.27881	0.06102	0.05695	0.07612	0.08122	0.01911	0.00884	0.00668	0.00187	0.00620	0.00741	0.00588	0.21988
32	0.01343	0.01094	0.01634	0.01805	0.13275	0.01164	0.04919	0.05387	0.01487	0.04327	0.02537	0.26224	0.02736	0.06238	0.01189	0.00290	0.10896	0.12188	0.00517	0.00750

[dist]
# distance from previous block
# <min> <max>
0	1

[block]
# block no. 3 follows, 31 sequences, length 104
# corresponding to MSA columns:
# 256-359
name=unknown_D
#
# <colnr> <probs for GDERKNQSTAVLIFYWHMCP>
#	G	D	E	R	K	N	Q	S	T	A	V	L	I	F	Y	W	H	M	C	P
0	0.80789	0.01323	0.01006	0.00900	0.01323	0.01535	0.00741	0.02011	0.01164	0.03070	0.00953	0.01111	0.00741	0.00635	0.00423	0.00212	0.00529	0.00370	0.00423	0.00741
1	0.01673	0.01444	0.01519	0.01370	0.01751	0.01665	0.01065	0.03549	0.68212	0.02829	0.02919	0.02684	0.04343	0.00954	0.00700	0.00232	0.00535	0.00795	0.00694	0.01066
2	0.00968	0.00699	0.00914	0.00861	0.01022	0.00646	0.00646	0.01291	0.01937	0.02743	0.71328	0.05110	0.06455	0.01399	0.00807	0.00215	0.00323	0.01237	0.00753	0.00646
3	0.02556	0.03261	0.01939	0.01763	0.02115	0.73210	0.01322	0.02732	0.01939	0.01674	0.01058	0.01234	0.00881	0.00705	0.00617	0.00176	0.01234	0.00441	0.00353	0.00793
4	0.00809	0.00693	0.00693	0.00693	0.00924	0.00578	0.00520	0.00982	0.01559	0.01848	0.06931	0.06584	0.71411	0.01733	0.00809	0.00231	0.00347	0.01444	0.00635	0.00578
5	0.01497	0.01497	0.02095	0.01796	0.01796	0.02095	0.01497	0.01646	0.01048	0.01646	0.00898	0.01497	0.00898	0.01197	0.02245	0.00299	0.74704	0.00599	0.00299	0.00748
6	0.01419	0.01216	0.01419	0.01013	0.01621	0.00912	0.00811	0.01723	0.01419	0.02229	0.01216	0.01419	0.01013	0.00507	0.00507	0.00101	0.00507	0.00405	0.00405	0.80139
7	0.02601	0.01916	0.02053	0.01574	0.02122	0.02122	0.01300	0.69408	0.03217	0.04312	0.01643	0.01643	0.01163	0.00821	0.00684	0.00205	0.00753	0.00616	0.00684	0.01163
8	0.00842	0.00601	0.00803	0.00962	0.01005	0.00563	0.00650	0.00967	0.01318	0.01756	0.03766	0.73416	0.04507	0.02136	0.00875	0.00279	0.00404	0.03957	0.00635	0.00558
9	0.00834	0.00595	0.00794	0.00953	0.00992	0.00556	0.00635	0.00953	0.01310	0.01746	0.03771	0.75510	0.04525	0.02143	0.00873	0.00278	0.00397	0.01945	0.00635	0.00556
10	0.01419	0.01216	0.01419	0.01013	0.01621	0.00912	0.00811	0.01723	0.01419	0.02229	0.01216	0.01419	0.01013	0.00507	0.00507	0.00101	0.00507	0.00405	0.00405	0.80139
11	0.00851	0.00618	0.00825	0.02994	0.01087	0.00587	0.00660	0.00977	0.01309	0.01737	0.03743	0.69222	0.06344	0.04356	0.00946	0.00287	0.00418	0.01863	0.00619	0.00558
12	0.00977	0.00733	0.01100	0.01100	0.01222	0.00855	0.00855	0.01222	0.01100	0.01588	0.01833	0.02688	0.01710	0.05131	0.73245	0.01100	0.01833	0.00733	0.00367	0.00611
13	0.01292	0.01216	0.02052	0.74312	0.04712	0.01520	0.01900	0.01748	0.01368	0.01748	0.01216	0.01824	0.00912	0.00684	0.00684	0.00228	0.00912	0.00608	0.00304	0.00760
14	0.80789	0.01323	0.01006	0.00900	0.01323	0.01535	0.00741	0.02011	0.01164	0.03070	0.00953	0.01111	0.00741	0.00635	0.00423	0.00212	0.00529	0.00370	0.00423	0.00741
15	0.03070	0.01164	0.01588	0.01217	0.01746	0.01006	0.01006	0.03334	0.01958	0.72163	0.02699	0.02329	0.01694	0.00847	0.00688	0.00212	0.00582	0.00688	0.00847	0.01164
16	0.03070	0.01164	0.01588	0.01217	0.01746	0.01006	0.01006	0.03334	0.01958	0.72163	0.02699	0.02329	0.01694	0.00847	0.00688	0.00212	0.00582	0.00688	0.00847	0.01164
17	0.01419	0.01216	0.01419	0.01013	0.01621	0.00912	0.00811	0.01723	0.01419	0.02229	0.01216	0.01419	0.01013	0.00507	0.00507	0.00101	0.00507	0.00405	0.00405	0.80139
18	0.00968	0.00699	0.00914	0.00861	0.01022	0.00646	0.00646	0.01291	0.01937	0.02743	0.71328	0.05110	0.06455	0.01399	0.00807	0.00215	0.00323	0.01237	0.00753	0.00646
19	0.01615	0.01845	0.04037	0.02884	0.03576	0.01730	0.69204	0.02191	0.01615	0.02191	0.01384	0.01845	0.01038	0.00577	0.00807	0.00231	0.01153	0.00807	0.00346	0.00923
20	0.01292	0.01216	0.02052	0.74312	0.04712	0.01520	0.01900	0.01748	0.01368	0.01748	0.01216	0.01824	0.00912	0.00684	0.00684	0.00228	0.00912	0.00608	0.00304	0.00760
21	0.03070	0.01164	0.01588	0.01217	0.01746	0.01006	0.01006	0.03334	0.01958	0.72163	0.02699	0.02329	0.01694	0.00847	0.00688	0.00212	0.00582	0.00688	0.00847	0.01164
22	0.00832	0.00600	0.00789	0.00941	0.00989	0.00557	0.00630	0.00954	0.01321	0.01751	0.03915	0.72364	0.07577	0.02125	0.00870	0.00276	0.00395	0.01922	0.00635	0.00557
23	0.01583	0.01854	0.05873	0.02796	0.03476	0.01689	0.65140	0.02151	0.01600	0.02177	0.01455	0.04169	0.01144	0.00628	0.00805	0.00232	0.01125	0.00835	0.00354	0.00914
24	0.04395	0.73930	0.03501	0.01162	0.01742	0.02669	0.01157	0.02047	0.01383	0.01657	0.00951	0.01098	0.00874	0.00587	0.00438	0.00148	0.00725	0.00366	0.00297	0.00874
25	0.80789	0.01323	0.01006	0.00900	0.01323	0.01535	0.00741	0.02011	0.01164	0.03070	0.00953	0.01111	0.00741	0.00635	0.00423	0.00212	0.00529	0.00370	0.00423	0.00741
26	0.01164	0.00743	0.00977	0.00894	0.01090	0.00679	0.00679	0.01481	0.01939	0.09211	0.64934	0.04851	0.06012	0.01347	0.00796	0.00215	0.00347	0.01186	0.00762	0.00694
27	0.01652	0.01670	0.05021	0.10573	0.48966	0.04216	0.01886	0.02174	0.06667	0.02209	0.01375	0.01722	0.01120	0.00637	0.00662	0.00199	0.00800	0.00595	0.00366	0.07488
28	0.03732	0.03371	0.66178	0.01975	0.02950	0.01596	0.06498	0.02164	0.01446	0.02195	0.01229	0.01459	0.00873	0.00645	0.00653	0.00217	0.01005	0.00520	0.00296	0.00998
29	0.01743	0.01490	0.01570	0.01401	0.01795	0.01721	0.01093	0.06637	0.67384	0.02928	0.02732	0.02511	0.02046	0.00923	0.00696	0.00231	0.00551	0.00766	0.00696	0.01087
30	0.80789	0.01323	0.01006	0.00900	0.01323	0.01535	0.00741	0.02011	0.01164	0.03070	0.00953	0.01111	0.00741	0.00635	0.00423	0.00212	0.00529	0.00370	0.00423	0.00741
31	0.00963	0.00699	0.00907	0.00855	0.01019	0.00643	0.00641	0.01281	0.01924	0.02714	0.69195	0.05159	0.08607	0.01410	0.00807	0.00216	0.00324	0.01244	0.00749	0.00643
32	0.02601	0.01916	0.02053	0.01574	0.02122	0.02122	0.01300	0.69408	0.03217	0.04312	0.01643	0.01643	0.01163	0.00821	0.00684	0.00205	0.00753	0.00616	0.00684	0.01163
33	0.00838	0.00599	0.00798	0.00949	0.00993	0.00559	0.00635	0.00965	0.01333	0.01783	0.06245	0.72932	0.04596	0.02116	0.00871	0.00276	0.00394	0.01919	0.00639	0.00559
34	0.03070	0.01164	0.01588	0.01217	0.01746	0.01006	0.01006	0.03334	0.01958	0.72163	0.02699	0.02329	0.01694	0.00847	0.00688	0.00212	0.00582	0.00688	0.00847	0.01164
35	0.00992	0.00676	0.00812	0.00812	0.00835	0.00699	0.00497	0.01037	0.01014	0.01375	0.02095	0.04143	0.02342	0.62736	0.16505	0.00745	0.00882	0.00946	0.00406	0.00451
36	0.01730	0.01484	0.01563	0.01398	0.01790	0.01715	0.01090	0.05706	0.68336	0.02908	0.02749	0.02524	0.02059	0.00925	0.00696	0.00231	0.00548	0.00769	0.00696	0.01085
37	0.00962	0.00699	0.00905	0.00854	0.01018	0.00643	0.00640	0.01278	0.01921	0.02706	0.68628	0.05172	0.09179	0.01413	0.00807	0.00216	0.00324	0.01246	0.00748	0.00643
38	0.01292	0.01216	0.02052	0.74312	0.04712	0.01520	0.01900	0.01748	0.01368	0.01748	0.01216	0.01824	0.00912	0.00684	0.00684	0.00228	0.00912	0.00608	0.00304	0.00760
39	0.02536	0.01418	0.04669	0.02206	0.22869	0.01242	0.04087	0.02875	0.01805	0.45799	0.02168	0.02086	0.01454	0.00758	0.00688	0.00210	0.00690	0.00662	0.00654	0.01125
40	0.00834	0.00595	0.00794	0.00953	0.00992	0.00556	0.00635	0.00953	0.01310	0.01746	0.03771	0.75510	0.04525	0.02143	0.00873	0.00278	0.00397	0.01945	0.00635	0.00556
41	0.01829	0.76368	0.03585	0.01171	0.01756	0.02707	0.01171	0.02049	0.01390	0.01610	0.00951	0.01097	0.00878	0.00585	0.00439	0.00146	0.00732	0.00366	0.00293	0.00878
42	0.03070	0.01164	0.01588	0.01217	0.01746	0.01006	0.01006	0.03334	0.01958	0.72163	0.02699	0.02329	0.01694	0.00847	0.00688	0.00212	0.00582	0.00688	0.00847	0.01164
43	0.80789	0.01323	0.01006	0.00900	0.01323	0.01535	0.00741	0.02011	0.01164	0.03070	0.00953	0.01111	0.00741	0.00635	0.00423	0.00212	0.00529	0.00370	0.00423	0.00741
44	0.01479	0.01214	0.01425	0.01021	0.01626	0.00915	0.00818	0.01782	0.01438	0.04791	0.01270	0.01452	0.01038	0.00519	0.00513	0.00105	0.00509	0.00416	0.00421	0.77246
45	0.00932	0.00698	0.00864	0.00822	0.01000	0.00630	0.00617	0.01220	0.01850	0.02539	0.56596	0.05448	0.21315	0.01475	0.00807	0.00219	0.00328	0.01285	0.00726	0.00630
46	0.00809	0.00693	0.00693	0.00693	0.00924	0.00578	0.00520	0.00982	0.01559	0.01848	0.06931	0.06584	0.71411	0.01733	0.00809	0.00231	0.00347	0.01444	0.00635	0.00578
47	0.02903	0.01212	0.01593	0.01237	0.01748	0.01099	0.01016	0.07504	0.05377	0.62148	0.04909	0.02388	0.01837	0.00867	0.00692	0.00212	0.00582	0.00706	0.00826	0.01143
48	0.01729	0.01284	0.01528	0.12751	0.02032	0.01467	0.01117	0.22715	0.10414	0.02884	0.01894	0.04000	0.01495	0.01046	0.03778	0.00245	0.05523	0.00679	0.22544	0.00878
49	0.03737	0.02975	0.51306	0.02376	0.13352	0.01610	0.10752	0.02155	0.01475	0.02206	0.01248	0.01522	0.00917	0.00634	0.00667	0.00216	0.00985	0.00555	0.00307	0.01003
50	0.01523	0.01387	0.02153	0.44586	0.19201	0.01608	0.01803	0.06738	0.10030	0.02171	0.01454	0.01872	0.01113	0.00707	0.00684	0.00221	0.00833	0.00629	0.00386	0.00900
51	0.00964	0.00694	0.00863	0.00893	0.01020	0.00652	0.00663	0.01150	0.01516	0.02010	0.23341	0.12056	0.18104	0.15098	0.01407	0.03970	0.00467	0.13957	0.00613	0.00563
52	0.05408	0.07333	0.31579	0.02066	0.05613	0.01717	0.18335	0.02429	0.14355	0.02313	0.01527	0.01721	0.01140	0.00677	0.00673	0.00218	0.00908	0.00618	0.00388	0.00984
53	0.00928	0.00698	0.00858	0.00818	0.00997	0.00628	0.00614	0.01212	0.01841	0.02516	0.54957	0.05485	0.22968	0.01484	0.00807	0.00219	0.00329	0.01290	0.00723	0.00628
54	0.01816	0.74275	0.05563	0.01193	0.01791	0.02675	0.01210	0.02052	0.01392	0.01626	0.00959	0.01107	0.00878	0.00587	0.00445	0.00148	0.00740	0.00370	0.00293	0.00882
55	0.01868	0.68462	0.05792	0.01241	0.01823	0.07916	0.01228	0.02103	0.01433	0.01633	0.00968	0.01119	0.00878	0.00596	0.00459	0.00151	0.00778	0.00376	0.00297	0.00876
56	0.01511	0.05331	0.05518	0.05637	0.02938	0.01736	0.41151	0.01949	0.01455	0.01998	0.01561	0.05826	0.03467	0.00830	0.01070	0.00242	0.15767	0.00807	0.00355	0.00850
57	0.00896	0.00753	0.00759	0.00736	0.00982	0.00653	0.00558	0.04317	0.01640	0.01968	0.06673	0.06343	0.67987	0.01688	0.00803	0.00230	0.00366	0.01404	0.00638	0.00606
58	0.01693	0.01626	0.02777	0.04199	0.71689	0.01626	0.02100	0.02100	0.01558	0.02235	0.01287	0.01693	0.01084	0.00610	0.00677	0.00203	0.00813	0.00610	0.00339	0.01084
59	0.03070	0.01164	0.01588	0.01217	0.01746	0.01006	0.01006	0.03334	0.01958	0.72163	0.02699	0.02329	0.01694	0.00847	0.00688	0.00212	0.00582	0.00688	0.00847	0.01164
60	0.01427	0.01223	0.01422	0.01024	0.01626	0.00934	0.00818	0.01776	0.03350	0.02247	0.01260	0.01450	0.01043	0.00518	0.00512	0.00105	0.00508	0.00416	0.00413	0.77927
61	0.01697	0.55391	0.23409	0.01395	0.02103	0.02385	0.01561	0.02083	0.01406	0.01770	0.01031	0.01197	0.00875	0.00604	0.00500	0.00167	0.00812	0.00406	0.00292	0.00916
62	0.00834	0.00595	0.00794	0.00953	0.00992	0.00556	0.00635	0.00953	0.01310	0.01746	0.03771	0.75510	0.04525	0.02143	0.00873	0.00278	0.00397	0.01945	0.00635	0.00556
63	0.00834	0.00595	0.00794	0.00953	0.00992	0.00556	0.00635	0.00953	0.01310	0.01746	0.03771	0.75510	0.04525	0.02143	0.00873	0.00278	0.00397	0.01945	0.00635	0.00556
64	0.02080	0.30617	0.15790	0.01445	0.02084	0.01954	0.04084	0.12473	0.01819	0.16753	0.03701	0.01655	0.01269	0.00712	0.00593	0.00187	0.00760	0.00541	0.00482	0.01000
65	0.00894	0.00646	0.00825	0.00950	0.01003	0.00624	0.00632	0.01088	0.04644	0.01753	0.03538	0.63847	0.04174	0.10508	0.01162	0.00320	0.00434	0.01779	0.00613	0.00565
66	0.00834	0.00595	0.00794	0.00953	0.00992	0.00556	0.00635	0.00953	0.01310	0.01746	0.03771	0.75510	0.04525	0.02143	0.00873	0.00278	0.00397	0.01945	0.00635	0.00556
67	0.00995	0.00663	0.00746	0.00746	0.00746	0.00663	0.00415	0.00995	0.00995	0.01327	0.02156	0.04477	0.02487	0.75957	0.03482	0.00663	0.00663	0.00995	0.00415	0.00415
68	0.05431	0.07335	0.01999	0.03789	0.02011	0.08737	0.01241	0.35792	0.02363	0.10451	0.01615	0.04137	0.01251	0.00986	0.02884	0.00237	0.07541	0.00625	0.00572	0.01003
69	0.01326	0.02233	0.32765	0.04732	0.13077	0.01369	0.11501	0.01859	0.01452	0.02067	0.01857	0.18989	0.01787	0.00986	0.00730	0.00231	0.00853	0.00907	0.00387	0.00893
70	0.80789	0.01323	0.01006	0.00900	0.01323	0.01535	0.00741	0.02011	0.01164	0.03070	0.00953	0.01111	0.00741	0.00635	0.00423	0.00212	0.00529	0.00370	0.00423	0.00741
71	0.02565	0.01899	0.02033	0.01567	0.02108	0.02105	0.01292	0.66807	0.05875	0.04254	0.01688	0.01679	0.01200	0.00825	0.00685	0.00206	0.00744	0.00622	0.00685	0.01160
72	0.01669	0.04264	0.11394	0.06037	0.56840	0.03636	0.02095	0.02112	0.01543	0.02175	0.01260	0.01635	0.01039	0.00619	0.00665	0.00203	0.00850	0.00584	0.00330	0.01050
73	0.00834	0.00595	0.00794	0.00953	0.00992	0.00556	0.00635	0.00953	0.01310	0.01746	0.03771	0.75510	0.04525	0.02143	0.00873	0.00278	0.00397	0.01945	0.00635	0.00556
74	0.00834	0.00595	0.00794	0.00953	0.00992	0.00556	0.00635	0.00953	0.01310	0.01746	0.03771	0.75510	0.04525	0.02143	0.00873	0.00278	0.00397	0.01945	0.00635	0.00556
75	0.00817	0.00684	0.00710	0.00723	0.00934	0.00578	0.00535	0.00991	0.01551	0.01872	0.09030	0.12779	0.62940	0.01758	0.00814	0.00235	0.00350	0.01482	0.00640	0.00578
76	0.01516	0.01336	0.02090	0.49111	0.03777	0.01635	0.04537	0.08362	0.01529	0.04109	0.01288	0.01793	0.00986	0.00778	0.00920	0.00234	0.12042	0.00619	0.02525	0.00813
77	0.01397	0.03381	0.66484	0.02105	0.06883	0.01595	0.04426	0.02164	0.01456	0.02171	0.01236	0.01470	0.00884	0.00646	0.00656	0.00216	0.01004	0.00520	0.00293	0.01013
78	0.00834	0.00595	0.00794	0.00953	0.00992	0.00556	0.00635	0.00953	0.01310	0.01746	0.03771	0.75510	0.04525	0.02143	0.00873	0.00278	0.00397	0.01945	0.00635	0.00556
79	0.01419	0.01216	0.01419	0.01013	0.01621	0.00912	0.00811	0.01723	0.01419	0.02229	0.01216	0.01419	0.01013	0.00507	0.00507	0.00101	0.00507	0.00405	0.00405	0.80139
80	0.02383	0.01751	0.01897	0.01482	0.01962	0.01936	0.01205	0.60196	0.02923	0.03924	0.01694	0.01926	0.01299	0.07029	0.04926	0.00291	0.00806	0.00653	0.00645	0.01073
81	0.00821	0.00692	0.00713	0.00726	0.00945	0.00584	0.00547	0.00997	0.01549	0.01851	0.06664	0.09772	0.65859	0.01757	0.00817	0.00236	0.00359	0.03899	0.00635	0.00578
82	0.00954	0.00646	0.00758	0.00799	0.00809	0.00636	0.00471	0.00984	0.01075	0.01434	0.02568	0.22621	0.03008	0.57103	0.02816	0.00565	0.00595	0.01238	0.00471	0.00451
83	0.01860	0.73303	0.03516	0.01195	0.01771	0.05663	0.01177	0.02077	0.01413	0.01612	0.00956	0.01103	0.00878	0.00590	0.00446	0.00148	0.00753	0.00369	0.00295	0.00874
84	0.77843	0.01405	0.03654	0.00939	0.01384	0.01537	0.00807	0.02017	0.01175	0.03036	0.00963	0.01124	0.00746	0.00636	0.00432	0.00212	0.00547	0.00375	0.00418	0.00751
85	0.02557	0.01895	0.02029	0.01565	0.02105	0.02101	0.01290	0.66201	0.06494	0.04241	0.01698	0.01687	0.01209	0.00826	0.00685	0.00207	0.00743	0.00624	0.00685	0.01160
86	0.03070	0.01164	0.01588	0.01217	0.01746	0.01006	0.01006	0.03334	0.01958	0.72163	0.02699	0.02329	0.01694	0.00847	0.00688	0.00212	0.00582	0.00688	0.00847	0.01164
87	0.01662	0.01791	0.08836	0.26355	0.21062	0.07428	0.04890	0.10335	0.01725	0.02259	0.01544	0.02039	0.03270	0.00750	0.00692	0.00217	0.00886	0.02956	0.00386	0.00917
88	0.16478	0.01436	0.05837	0.01289	0.03937	0.04780	0.01031	0.14741	0.04764	0.08298	0.14703	0.13312	0.04455	0.01094	0.00684	0.00221	0.00589	0.00899	0.00600	0.00851
89	0.01719	0.01710	0.02461	0.10630	0.49576	0.09057	0.01870	0.04244	0.01617	0.02157	0.01560	0.01915	0.04833	0.00712	0.00725	0.00207	0.03021	0.00637	0.00363	0.00986
90	0.03070	0.01164	0.01588	0.01217	0.01746	0.01006	0.01006	0.03334	0.01958	0.72163	0.02699	0.02329	0.01694	0.00847	0.00688	0.00212	0.00582	0.00688	0.00847	0.01164
91	0.01529	0.01952	0.18095	0.02396	0.10191	0.01459	0.32282	0.02061	0.01599	0.05962	0.08378	0.07394	0.01818	0.00803	0.00758	0.00226	0.00920	0.00838	0.00420	0.00919
92	0.01363	0.01537	0.12689	0.01256	0.04045	0.01008	0.01107	0.01736	0.01439	0.02205	0.03997	0.06692	0.01437	0.00679	0.00571	0.00139	0.00582	0.00565	0.00413	0.56536
93	0.01615	0.01845	0.04037	0.02884	0.03576	0.01730	0.69204	0.02191	0.01615	0.02191	0.01384	0.01845	0.01038	0.00577	0.00807	0.00231	0.01153	0.00807	0.00346	0.00923
94	0.01829	0.76368	0.03585	0.01171	0.01756	0.02707	0.01171	0.02049	0.01390	0.01610	0.00951	0.01097	0.00878	0.00585	0.00439	0.00146	0.00732	0.00366	0.00293	0.00878
95	0.01805	0.62352	0.14121	0.01292	0.01941	0.02472	0.01374	0.02114	0.01420	0.04312	0.01059	0.01197	0.00906	0.00605	0.00481	0.00160	0.00769	0.00399	0.00313	0.00909
96	0.02495	0.01834	0.01961	0.01520	0.02041	0.02030	0.01250	0.63100	0.06198	0.04160	0.01723	0.01728	0.01234	0.00825	0.00675	0.00204	0.00722	0.00624	0.04539	0.01134
97	0.01711	0.01578	0.02680	0.09464	0.64103	0.01596	0.02046	0.02116	0.01557	0.04654	0.01331	0.01726	0.01092	0.00624	0.00678	0.00205	0.00812	0.00612	0.00354	0.01062
98	0.02818	0.01133	0.01523	0.01191	0.01680	0.00999	0.00975	0.03154	0.04664	0.62890	0.09160	0.02599	0.02157	0.00902	0.00700	0.00213	0.00556	0.00743	0.00832	0.01112
99	0.01735	0.01486	0.01566	0.01399	0.01792	0.01717	0.01091	0.06072	0.67962	0.02916	0.02742	0.02519	0.02054	0.00924	0.00696	0.00231	0.00549	0.00768	0.00696	0.01086
100	0.00863	0.00630	0.00861	0.01063	0.03385	0.00592	0.00685	0.00991	0.01318	0.01763	0.03687	0.73011	0.04408	0.02091	0.00867	0.00275	0.00411	0.01900	0.00625	0.00574
101	0.03070	0.01164	0.01588	0.01217	0.01746	0.01006	0.01006	0.03334	0.01958	0.72163	0.02699	0.02329	0.01694	0.00847	0.00688	0.00212	0.00582	0.00688	0.00847	0.01164
102	0.01425	0.01236	0.01504	0.01074	0.01685	0.00939	0.03036	0.01738	0.01425	0.02228	0.01221	0.01433	0.01014	0.00509	0.00516	0.00106	0.00528	0.00418	0.00403	0.77562
103	0.01693	0.01626	0.02777	0.04199	0.71689	0.01626	0.02100	0.02100	0.01558	0.02235	0.01287	0.01693	0.01084	0.00610	0.00677	0.00203	0.00813	0.00610	0.00339	0.01084

[dist]
# distance from previous block
# <min> <max>
0	6

[block]
# block no. 4 follows, 31 sequences, length 15
# corresponding to MSA columns:
# 366-380
name=unknown_E
#
# <colnr> <probs for GDERKNQSTAVLIFYWHMCP>
#	G	D	E	R	K	N	Q	S	T	A	V	L	I	F	Y	W	H	M	C	P
0	0.00832	0.00698	0.00726	0.00730	0.00954	0.00592	0.00555	0.01022	0.01584	0.01913	0.10765	0.06547	0.64167	0.01719	0.00815	0.00234	0.00359	0.04561	0.00642	0.00584
1	0.08071	0.01482	0.01528	0.01299	0.01729	0.06878	0.01031	0.07311	0.30841	0.23813	0.02676	0.02470	0.06016	0.00908	0.00674	0.00218	0.00607	0.00724	0.00691	0.01034
2	0.01577	0.01309	0.01649	0.01197	0.01797	0.01072	0.05587	0.06040	0.03817	0.05033	0.01361	0.01534	0.01085	0.00558	0.00551	0.00125	0.00571	0.00469	0.00445	0.64222
3	0.01526	0.28116	0.49185	0.01687	0.02554	0.01966	0.02070	0.02127	0.01426	0.01979	0.01134	0.01327	0.00870	0.00628	0.00579	0.00193	0.00917	0.00458	0.00290	0.00966
4	0.01372	0.03539	0.72412	0.01950	0.02961	0.01589	0.02528	0.02167	0.01444	0.02167	0.01228	0.01444	0.00867	0.00650	0.00650	0.00217	0.01011	0.00506	0.00289	0.01011
