[name]
unknown

[dist]
# distance from previous block
# <min> <max>
3	78

[block]
# block no. 0 follows, 29 sequences, length 9
# corresponding to MSA columns:
# 86-94
name=unknown_A
#
# <colnr> <probs for GDERKNQSTAVLIFYWHMCP>
#	G	D	E	R	K	N	Q	S	T	A	V	L	I	F	Y	W	H	M	C	P
0	0.01882	0.27303	0.10312	0.01801	0.02385	0.05974	0.15450	0.06241	0.07441	0.04967	0.01479	0.03647	0.01215	0.00769	0.00768	0.00210	0.06156	0.00626	0.00413	0.00962
1	0.02082	0.01917	0.11436	0.01759	0.06160	0.04508	0.05266	0.18623	0.17718	0.11495	0.02058	0.02300	0.01582	0.08649	0.01022	0.00273	0.00785	0.00718	0.00595	0.01053
2	0.01066	0.00965	0.00913	0.00949	0.01111	0.08150	0.00672	0.01223	0.01554	0.01883	0.08720	0.30208	0.31111	0.06892	0.01037	0.00282	0.00498	0.01534	0.00621	0.00609
3	0.01387	0.01255	0.02099	0.51032	0.03968	0.01511	0.07375	0.01827	0.01430	0.01974	0.01411	0.01986	0.01089	0.00761	0.00816	0.00233	0.06468	0.00654	0.11938	0.00786
4	0.02326	0.01791	0.02137	0.21655	0.02962	0.02033	0.01528	0.49619	0.02810	0.03742	0.01586	0.01762	0.01138	0.00815	0.00712	0.00220	0.00830	0.00639	0.00602	0.01094
5	0.09813	0.01925	0.13928	0.37467	0.08778	0.06690	0.07476	0.02061	0.01494	0.02109	0.01247	0.01701	0.00944	0.00687	0.00683	0.00228	0.00962	0.00594	0.00337	0.00875
6	0.00914	0.00725	0.00828	0.00850	0.01049	0.00639	0.00649	0.01138	0.01683	0.02131	0.19521	0.12743	0.43548	0.01789	0.00864	0.00252	0.00395	0.08977	0.00686	0.00620
7	0.02049	0.02011	0.09790	0.12193	0.22037	0.08222	0.10346	0.11080	0.01907	0.11137	0.01548	0.01806	0.01146	0.00714	0.00717	0.00219	0.00929	0.00644	0.00459	0.01047
8	0.01526	0.14145	0.53999	0.02014	0.02965	0.01842	0.09484	0.02240	0.01514	0.02172	0.01253	0.01495	0.00923	0.00658	0.00662	0.00216	0.01025	0.00539	0.00308	0.01022

[dist]
# distance from previous block
# <min> <max>
10	19

[block]
# block no. 1 follows, 29 sequences, length 27
# corresponding to MSA columns:
# 114-140
name=unknown_B
#
# <colnr> <probs for GDERKNQSTAVLIFYWHMCP>
#	G	D	E	R	K	N	Q	S	T	A	V	L	I	F	Y	W	H	M	C	P
0	0.07883	0.33729	0.17450	0.01395	0.01982	0.04240	0.01431	0.05827	0.01582	0.02175	0.06138	0.05274	0.01548	0.00988	0.03424	0.00233	0.02811	0.00597	0.00395	0.00899
1	0.02011	0.02148	0.17908	0.01567	0.02110	0.06584	0.01467	0.30544	0.02301	0.05446	0.02001	0.13691	0.01799	0.06009	0.00927	0.00259	0.00809	0.00856	0.00571	0.00992
2	0.01628	0.14422	0.30514	0.05364	0.11369	0.04141	0.03988	0.05966	0.04267	0.02249	0.01576	0.08470	0.01369	0.00830	0.00676	0.00217	0.00891	0.00688	0.00387	0.00984
3	0.01875	0.18657	0.11466	0.02452	0.22246	0.06185	0.07620	0.05308	0.03196	0.06701	0.01576	0.06743	0.01354	0.00783	0.00669	0.00207	0.00856	0.00678	0.00418	0.01007
4	0.01151	0.00856	0.01048	0.01103	0.01243	0.00869	0.00789	0.07484	0.08883	0.02265	0.08000	0.53585	0.04232	0.01910	0.00869	0.00274	0.00465	0.03589	0.00681	0.00704
5	0.01126	0.00759	0.00972	0.00976	0.01148	0.00676	0.00694	0.01323	0.01555	0.06728	0.17781	0.41153	0.07025	0.05128	0.00963	0.00267	0.00433	0.01541	0.00666	0.09088
6	0.01828	0.02447	0.15828	0.10933	0.17866	0.17648	0.15538	0.02303	0.01654	0.02085	0.01268	0.01644	0.00998	0.00694	0.00787	0.00221	0.04344	0.00616	0.00341	0.00956
7	0.01724	0.34716	0.14379	0.07716	0.02450	0.05046	0.06278	0.02081	0.01423	0.01836	0.01086	0.01408	0.00931	0.00759	0.00921	0.00210	0.15315	0.00509	0.00313	0.00899
8	0.01367	0.00811	0.00883	0.00831	0.01002	0.00839	0.00609	0.08035	0.01590	0.02529	0.05807	0.03090	0.02163	0.15111	0.06721	0.00348	0.00567	0.00772	0.46253	0.00672
9	0.10953	0.01264	0.01500	0.01224	0.01672	0.01256	0.00989	0.10044	0.10765	0.34462	0.15397	0.02791	0.02596	0.00975	0.00710	0.00223	0.00562	0.00793	0.00776	0.01049
10	0.00991	0.00928	0.05890	0.01112	0.01215	0.00811	0.00847	0.01150	0.01304	0.01779	0.03242	0.53262	0.03815	0.12120	0.01395	0.00342	0.06958	0.01658	0.00573	0.00609
11	0.01630	0.05141	0.16065	0.02185	0.02673	0.01871	0.23509	0.02068	0.01429	0.04949	0.01366	0.04551	0.01159	0.00921	0.01323	0.00260	0.26904	0.00725	0.00363	0.00907
12	0.00920	0.00652	0.00811	0.00907	0.00956	0.00616	0.00588	0.01022	0.01317	0.01747	0.06647	0.46796	0.08665	0.22980	0.01678	0.00398	0.00485	0.01673	0.00601	0.00542
13	0.04123	0.03180	0.52937	0.02267	0.05255	0.01683	0.16058	0.02253	0.01534	0.02294	0.01304	0.01586	0.00942	0.00659	0.00703	0.00228	0.01060	0.00590	0.00319	0.01026
14	0.10492	0.01957	0.01903	0.03431	0.02116	0.09499	0.01252	0.40264	0.11201	0.03663	0.01682	0.01718	0.01240	0.00812	0.00667	0.00209	0.00774	0.00602	0.00620	0.05898
15	0.04460	0.01664	0.02481	0.14065	0.44890	0.04674	0.01909	0.02398	0.11895	0.02355	0.01543	0.01878	0.01239	0.00702	0.00697	0.00219	0.00827	0.00644	0.00407	0.01052
16	0.00962	0.00704	0.00903	0.00899	0.01047	0.00645	0.00657	0.01239	0.01840	0.02547	0.50140	0.20071	0.12388	0.01653	0.00855	0.00239	0.00355	0.01464	0.00746	0.00645
17	0.01847	0.07674	0.18119	0.02767	0.22494	0.15496	0.12867	0.02314	0.01639	0.02109	0.01248	0.01583	0.01003	0.00691	0.00785	0.00215	0.05228	0.00592	0.00339	0.00990
18	0.01554	0.02441	0.27737	0.02423	0.03147	0.01727	0.33961	0.02139	0.01514	0.02156	0.01317	0.01746	0.01009	0.00796	0.01045	0.04427	0.08896	0.00693	0.00331	0.00939
19	0.00850	0.00718	0.00735	0.00737	0.00968	0.00603	0.00550	0.01035	0.01632	0.01960	0.09815	0.08924	0.65445	0.01802	0.00844	0.00241	0.00361	0.01510	0.00666	0.00603
20	0.00959	0.00702	0.00894	0.00943	0.01073	0.00651	0.00693	0.01189	0.01662	0.02240	0.29413	0.27220	0.14522	0.05697	0.01026	0.00283	0.00420	0.09099	0.00695	0.00618
21	0.02027	0.01976	0.16552	0.01494	0.02055	0.01644	0.01421	0.31764	0.05222	0.06269	0.06614	0.02169	0.01706	0.01101	0.04499	0.00262	0.00794	0.00681	0.10714	0.01034
22	0.01628	0.32792	0.35536	0.01646	0.02439	0.02068	0.04913	0.02164	0.01488	0.02047	0.01241	0.01455	0.00980	0.00656	0.00581	0.00192	0.00889	0.00491	0.05830	0.00964
23	0.01448	0.00840	0.01126	0.01050	0.01224	0.00897	0.00796	0.01667	0.01324	0.13046	0.02141	0.03003	0.01897	0.16490	0.33432	0.00717	0.04265	0.00783	0.13151	0.00703
24	0.05524	0.01772	0.01907	0.01469	0.02013	0.01899	0.01207	0.51383	0.02887	0.06886	0.01720	0.01755	0.01240	0.00812	0.00668	0.00199	0.00710	0.00612	0.05793	0.09543
25	0.02004	0.44580	0.14283	0.01469	0.02110	0.05447	0.01485	0.12780	0.01786	0.03759	0.01195	0.01341	0.00979	0.00694	0.00615	0.00183	0.03458	0.00466	0.00385	0.00982
26	0.01156	0.01013	0.01005	0.00960	0.01142	0.08558	0.00702	0.01405	0.01820	0.02372	0.41404	0.08202	0.17257	0.08592	0.01091	0.00271	0.00483	0.01244	0.00676	0.00648

[dist]
# distance from previous block
# <min> <max>
0	6

[block]
# block no. 2 follows, 29 sequences, length 52
# corresponding to MSA columns:
# 147-198
name=unknown_C
#
# <colnr> <probs for GDERKNQSTAVLIFYWHMCP>
#	G	D	E	R	K	N	Q	S	T	A	V	L	I	F	Y	W	H	M	C	P
0	0.10539	0.09275	0.33497	0.02104	0.02923	0.01774	0.22570	0.02282	0.01542	0.05083	0.01332	0.01598	0.00978	0.00653	0.00682	0.00223	0.00997	0.00603	0.00359	0.00986
1	0.01723	0.56830	0.13788	0.01292	0.01932	0.02414	0.01366	0.02038	0.01473	0.01789	0.01665	0.01777	0.07942	0.00741	0.00530	0.00172	0.00765	0.00517	0.00340	0.00903
2	0.01169	0.00916	0.01302	0.01228	0.01403	0.00895	0.07528	0.08521	0.01593	0.02117	0.03429	0.47777	0.07364	0.09809	0.01172	0.00317	0.00561	0.01615	0.00611	0.00672
3	0.01862	0.69123	0.09647	0.01289	0.01937	0.02716	0.01342	0.02143	0.01452	0.01726	0.01015	0.01174	0.00913	0.00615	0.00476	0.00159	0.00787	0.00393	0.00304	0.00926
4	0.02607	0.01852	0.19178	0.01541	0.04006	0.01240	0.01471	0.05169	0.01934	0.46924	0.05057	0.02267	0.01710	0.00845	0.00711	0.00221	0.00720	0.00687	0.00711	0.01148
5	0.01034	0.00732	0.00989	0.00989	0.01069	0.00807	0.00703	0.01195	0.01114	0.01582	0.02049	0.03501	0.02089	0.31673	0.43740	0.00940	0.01393	0.00863	0.02980	0.00559
6	0.00997	0.00710	0.00939	0.01065	0.03749	0.00667	0.00713	0.01119	0.01446	0.01920	0.13655	0.32839	0.14199	0.06792	0.01314	0.10865	0.00471	0.05361	0.00605	0.00576
7	0.19299	0.10597	0.29510	0.01845	0.08410	0.03745	0.01795	0.02220	0.01441	0.05731	0.01223	0.01454	0.00940	0.00731	0.00771	0.00222	0.08237	0.00506	0.00369	0.00954
8	0.01417	0.01536	0.06416	0.10102	0.02195	0.07280	0.04582	0.01707	0.01292	0.01778	0.01488	0.05679	0.01394	0.02394	0.23434	0.00541	0.24922	0.00729	0.00358	0.00756
9	0.00887	0.00631	0.00835	0.00990	0.01033	0.00593	0.00665	0.01011	0.01354	0.01803	0.03822	0.68144	0.04565	0.06447	0.01069	0.00314	0.00438	0.04181	0.00647	0.00573
10	0.01634	0.01937	0.13024	0.15611	0.42599	0.01679	0.08884	0.02143	0.01576	0.02225	0.01328	0.01763	0.01059	0.00650	0.00716	0.00221	0.00930	0.00639	0.00339	0.01042
11	0.08100	0.07197	0.25978	0.02427	0.17782	0.18477	0.05794	0.02360	0.01636	0.02191	0.01219	0.01484	0.00957	0.00671	0.00652	0.00208	0.01012	0.00533	0.00343	0.00979
12	0.01457	0.07997	0.67223	0.01981	0.03006	0.01724	0.02546	0.02248	0.01500	0.02220	0.01261	0.01482	0.00903	0.00672	0.00663	0.00221	0.01035	0.00517	0.00301	0.01044
13	0.00877	0.00627	0.00835	0.00985	0.01035	0.00585	0.00662	0.01015	0.01406	0.01886	0.08283	0.69957	0.04842	0.02180	0.00904	0.00285	0.00408	0.01976	0.00669	0.00585
14	0.07233	0.05547	0.02138	0.09521	0.06434	0.19216	0.04156	0.17128	0.01999	0.02600	0.03708	0.01724	0.01243	0.00829	0.00863	0.00217	0.09806	0.00595	0.04128	0.00915
15	0.02164	0.01787	0.06494	0.01730	0.05568	0.05025	0.04621	0.18988	0.22740	0.13145	0.02332	0.04178	0.01811	0.00956	0.00739	0.00233	0.00739	0.05004	0.00657	0.01089
16	0.01325	0.01241	0.10488	0.01148	0.01488	0.00941	0.01029	0.01872	0.07980	0.08541	0.46063	0.04450	0.04988	0.01283	0.00804	0.00230	0.00490	0.04113	0.00716	0.00809
17	0.01471	0.03124	0.52842	0.02065	0.02926	0.01701	0.08856	0.02239	0.04141	0.02227	0.01397	0.01790	0.01068	0.00777	0.00872	0.00239	0.08400	0.02523	0.00335	0.01007
18	0.07791	0.01160	0.01491	0.01203	0.01662	0.01063	0.00972	0.06358	0.01983	0.49890	0.08807	0.09873	0.02413	0.01054	0.00728	0.00227	0.00568	0.00874	0.00812	0.01070
19	0.01521	0.03280	0.55313	0.02379	0.10488	0.03407	0.09174	0.02265	0.01547	0.02253	0.01297	0.01569	0.00945	0.00666	0.00695	0.00224	0.01051	0.00568	0.00314	0.01046
20	0.02530	0.02447	0.02002	0.01681	0.02145	0.28702	0.01323	0.32377	0.14061	0.03188	0.01681	0.01709	0.01263	0.00828	0.00688	0.00207	0.00936	0.00600	0.00583	0.01050
21	0.02971	0.01420	0.01708	0.01347	0.01874	0.04623	0.01098	0.09184	0.09469	0.54436	0.02640	0.02332	0.01718	0.00881	0.00713	0.00220	0.00649	0.00707	0.00825	0.01184
22	0.06982	0.05559	0.06078	0.03482	0.46206	0.01800	0.08655	0.08325	0.01747	0.02543	0.01341	0.01690	0.01086	0.00654	0.00688	0.00213	0.00862	0.00622	0.00388	0.01081
23	0.00905	0.00717	0.00817	0.00828	0.01024	0.00629	0.00621	0.01129	0.01701	0.02172	0.23458	0.13746	0.42744	0.01765	0.00856	0.00246	0.00376	0.04952	0.00694	0.00620
24	0.02792	0.06595	0.03870	0.01491	0.02069	0.01827	0.01270	0.39456	0.02716	0.27537	0.02036	0.01917	0.01376	0.00843	0.00696	0.00212	0.00727	0.00647	0.00734	0.01188
25	0.02204	0.21388	0.13994	0.01629	0.02218	0.21442	0.03444	0.06333	0.08702	0.09909	0.01521	0.01595	0.01158	0.00735	0.00627	0.00196	0.00931	0.00536	0.00453	0.00986
26	0.06034	0.05825	0.58091	0.02037	0.03005	0.01705	0.09098	0.02244	0.01502	0.02292	0.01268	0.01513	0.00913	0.00666	0.00672	0.00224	0.01028	0.00545	0.00315	0.01022
27	0.00856	0.00722	0.00741	0.00737	0.00971	0.00607	0.00552	0.01050	0.01657	0.02005	0.12690	0.06719	0.64718	0.01773	0.00841	0.00239	0.00359	0.01484	0.00672	0.00607
28	0.05719	0.09669	0.54133	0.02007	0.02951	0.01769	0.09652	0.02238	0.01502	0.02257	0.01255	0.01499	0.00916	0.00661	0.00663	0.00220	0.01016	0.00541	0.00315	0.01015
29	0.15700	0.16592	0.01946	0.11013	0.02044	0.04961	0.01141	0.06006	0.03003	0.08648	0.05883	0.12655	0.01932	0.01011	0.00728	0.00222	0.04382	0.00787	0.00502	0.00846
30	0.00872	0.00627	0.00820	0.00971	0.01021	0.00583	0.00647	0.00994	0.01364	0.01808	0.04024	0.68888	0.07768	0.04700	0.00999	0.00301	0.00420	0.01966	0.00653	0.00574
31	0.02108	0.01626	0.01999	0.06055	0.06828	0.03781	0.05673	0.26336	0.13852	0.09204	0.05813	0.02728	0.05810	0.00970	0.00747	0.00229	0.00734	0.03814	0.00646	0.01049
32	0.01497	0.01406	0.02369	0.48188	0.23441	0.01610	0.03520	0.03442	0.01537	0.02045	0.01376	0.02040	0.01104	0.00728	0.00721	0.00232	0.00913	0.02588	0.00347	0.00897
33	0.05500	0.01932	0.10971	0.08372	0.02271	0.08989	0.01386	0.11150	0.25316	0.04726	0.02386	0.06635	0.05362	0.00969	0.00711	0.00231	0.00750	0.00783	0.00574	0.00989
34	0.01544	0.01466	0.01899	0.01629	0.01786	0.06932	0.06002	0.04829	0.01382	0.01975	0.01637	0.02163	0.04513	0.01907	0.15022	0.00433	0.35516	0.00700	0.07896	0.00769
35	0.06025	0.01131	0.01214	0.01233	0.04814	0.08059	0.00881	0.01745	0.01770	0.09918	0.27170	0.12248	0.09673	0.04831	0.00926	0.00257	0.00552	0.06145	0.00660	0.00747
36	0.01611	0.14300	0.50861	0.01968	0.02896	0.01817	0.08979	0.02297	0.01538	0.05455	0.01324	0.01535	0.00963	0.00668	0.00662	0.00216	0.01002	0.00545	0.00335	0.01030
37	0.19395	0.52397	0.06393	0.01220	0.01804	0.05274	0.01194	0.02158	0.01420	0.02047	0.01009	0.01169	0.00881	0.00629	0.00472	0.00172	0.00750	0.00392	0.00337	0.00885
38	0.02027	0.01481	0.01653	0.01365	0.01744	0.01641	0.01085	0.38725	0.06480	0.03349	0.01922	0.02384	0.01581	0.10174	0.15528	0.00455	0.00958	0.00722	0.05761	0.00965
39	0.02155	0.08225	0.01832	0.01385	0.01808	0.16067	0.01112	0.22311	0.09998	0.06586	0.05577	0.02483	0.08324	0.00942	0.00676	0.00204	0.00745	0.00721	0.07889	0.00961
40	0.01508	0.01427	0.04381	0.24349	0.23413	0.01424	0.09404	0.01924	0.01572	0.05365	0.02319	0.06340	0.09873	0.00929	0.00757	0.00234	0.00826	0.02625	0.00428	0.00901
41	0.00893	0.00636	0.00845	0.01004	0.01052	0.00599	0.00684	0.01025	0.01369	0.01821	0.03849	0.67396	0.04586	0.05067	0.01020	0.00307	0.00440	0.06178	0.00652	0.00578
42	0.05976	0.04602	0.49185	0.01945	0.05072	0.01557	0.06780	0.02120	0.01570	0.02381	0.10482	0.02024	0.01693	0.00772	0.00692	0.00224	0.00924	0.00642	0.00379	0.00978
43	0.07874	0.03999	0.01920	0.07303	0.02236	0.16584	0.01288	0.24159	0.08932	0.13423	0.01832	0.02003	0.01368	0.00851	0.00683	0.00216	0.00832	0.02866	0.00603	0.01030
44	0.06233	0.36319	0.14903	0.05418	0.09202	0.13202	0.01601	0.02252	0.01549	0.01944	0.01107	0.01329	0.00928	0.00651	0.00561	0.00184	0.00900	0.00457	0.00327	0.00932
45	0.00939	0.00739	0.00864	0.00975	0.01075	0.02443	0.00672	0.01138	0.03479	0.01899	0.06254	0.56213	0.16572	0.02055	0.00882	0.00274	0.00428	0.01832	0.00659	0.00608
46	0.01541	0.03469	0.64543	0.02024	0.03034	0.01624	0.05166	0.02327	0.01542	0.06251	0.01373	0.01574	0.00959	0.00685	0.00685	0.00226	0.01032	0.00550	0.00337	0.01058
47	0.37382	0.01766	0.13590	0.04432	0.06516	0.01528	0.05170	0.05986	0.01543	0.02847	0.07572	0.03815	0.01608	0.00823	0.00614	0.00227	0.00705	0.02551	0.00460	0.00864
48	0.00868	0.00620	0.00826	0.00991	0.01033	0.00578	0.00661	0.00991	0.01363	0.01818	0.03925	0.74510	0.04710	0.02231	0.00909	0.00289	0.00413	0.02024	0.00661	0.00578
49	0.01742	0.06163	0.19269	0.11239	0.16730	0.08225	0.01830	0.10681	0.04105	0.02402	0.01660	0.09668	0.01459	0.00878	0.00704	0.00222	0.00881	0.00737	0.00427	0.00977
50	0.01278	0.03693	0.01000	0.00890	0.01046	0.00886	0.00664	0.04572	0.01437	0.02254	0.02317	0.11097	0.02165	0.11432	0.12657	0.00413	0.02374	0.00872	0.38296	0.00657
51	0.02501	0.01735	0.01918	0.01496	0.02021	0.01859	0.01223	0.48780	0.06060	0.11469	0.06042	0.04051	0.01737	0.00921	0.00717	0.00213	0.00704	0.00723	0.00720	0.05110

[dist]
# distance from previous block
# <min> <max>
27	46

[block]
# block no. 3 follows, 29 sequences, length 65
# corresponding to MSA columns:
# 246-310
name=unknown_D
#
# <colnr> <probs for GDERKNQSTAVLIFYWHMCP>
#	G	D	E	R	K	N	Q	S	T	A	V	L	I	F	Y	W	H	M	C	P
0	0.02016	0.05856	0.06803	0.08553	0.25299	0.18041	0.04049	0.02382	0.01707	0.09561	0.01548	0.02004	0.01262	0.00963	0.03961	0.00254	0.00993	0.03355	0.00419	0.00974
1	0.00999	0.00679	0.00803	0.00837	0.00851	0.00675	0.00499	0.01036	0.01109	0.01484	0.02583	0.19256	0.03000	0.56746	0.05954	0.00625	0.00684	0.01232	0.00478	0.00471
2	0.01530	0.02801	0.42315	0.02864	0.28618	0.01624	0.02373	0.02176	0.01553	0.02268	0.01552	0.01828	0.03922	0.00708	0.00694	0.00221	0.00945	0.00609	0.00336	0.01062
3	0.01208	0.00868	0.01228	0.01141	0.01392	0.00787	0.06569	0.01466	0.01665	0.08482	0.12520	0.19117	0.26679	0.01683	0.00866	0.00261	0.00513	0.12184	0.00669	0.00702
4	0.01019	0.00747	0.01010	0.01050	0.01130	0.00724	0.03483	0.03452	0.01366	0.01822	0.03287	0.48576	0.03850	0.21584	0.01628	0.00393	0.00540	0.03173	0.00588	0.00579
5	0.01516	0.08999	0.55593	0.02322	0.13240	0.01751	0.02452	0.02235	0.01517	0.02220	0.01265	0.01514	0.00937	0.00665	0.00664	0.00218	0.00998	0.00531	0.00309	0.01053
6	0.00868	0.00620	0.00826	0.00991	0.01033	0.00578	0.00661	0.00991	0.01363	0.01818	0.03925	0.74510	0.04710	0.02231	0.00909	0.00289	0.00413	0.02024	0.00661	0.00578
7	0.12237	0.10774	0.41355	0.01793	0.02614	0.07073	0.04807	0.07318	0.01645	0.02454	0.01236	0.01436	0.00918	0.00682	0.00629	0.00214	0.00957	0.00509	0.00359	0.00991
8	0.02326	0.08586	0.02102	0.04599	0.02160	0.32707	0.01327	0.21143	0.02205	0.02521	0.01519	0.01721	0.03285	0.01154	0.06004	0.00270	0.04410	0.00575	0.00466	0.00918
9	0.01690	0.01893	0.04045	0.03165	0.11689	0.01788	0.60104	0.02270	0.01674	0.02286	0.01429	0.01902	0.01086	0.00604	0.00824	0.00237	0.01158	0.00816	0.00359	0.00980
10	0.00909	0.00736	0.00815	0.00846	0.01045	0.00654	0.00632	0.01160	0.03733	0.02027	0.11305	0.18632	0.46956	0.01836	0.00859	0.00254	0.00394	0.05911	0.00673	0.00623
11	0.01555	0.12094	0.58653	0.01936	0.02908	0.01776	0.04457	0.02284	0.01521	0.04626	0.01303	0.01506	0.00940	0.00673	0.00657	0.00217	0.01006	0.00525	0.00324	0.01039
12	0.01582	0.02411	0.29723	0.06523	0.34723	0.01635	0.02260	0.02229	0.04366	0.02292	0.01487	0.01990	0.01209	0.00729	0.00708	0.00225	0.00912	0.03576	0.00360	0.01060
13	0.02252	0.02340	0.02170	0.02401	0.20175	0.30171	0.01558	0.16363	0.02150	0.02526	0.01611	0.02306	0.01415	0.00880	0.00714	0.00214	0.00987	0.08329	0.00471	0.00967
14	0.01768	0.02059	0.10847	0.12983	0.42999	0.09646	0.02075	0.02285	0.04425	0.02210	0.01360	0.01733	0.01096	0.00675	0.00696	0.00215	0.00923	0.00608	0.00358	0.01039
15	0.04787	0.01029	0.01303	0.03103	0.06093	0.01044	0.01032	0.08775	0.04582	0.05765	0.07726	0.19278	0.11673	0.01579	0.00840	0.00267	0.00572	0.19123	0.00648	0.00780
16	0.01356	0.04909	0.01239	0.01086	0.01361	0.13501	0.00835	0.01757	0.09663	0.01992	0.04709	0.08263	0.35881	0.04590	0.00905	0.00254	0.00605	0.05793	0.00589	0.00714
17	0.00868	0.00620	0.00826	0.00991	0.01033	0.00578	0.00661	0.00991	0.01363	0.01818	0.03925	0.74510	0.04710	0.02231	0.00909	0.00289	0.00413	0.02024	0.00661	0.00578
18	0.01790	0.01822	0.04866	0.04195	0.65675	0.04653	0.02164	0.02215	0.01635	0.02300	0.01328	0.01735	0.01112	0.00640	0.00701	0.00211	0.00870	0.00624	0.00352	0.01113
19	0.02620	0.01951	0.02088	0.01621	0.02175	0.02168	0.01332	0.62176	0.09473	0.04347	0.01820	0.01798	0.01300	0.00865	0.00713	0.00216	0.00763	0.00656	0.00713	0.01203
20	0.00882	0.00630	0.00843	0.01008	0.01056	0.00591	0.00686	0.01016	0.01378	0.01834	0.03917	0.71084	0.04678	0.02217	0.00913	0.00291	0.00426	0.05308	0.00661	0.00582
21	0.01586	0.02585	0.29489	0.02635	0.03480	0.01745	0.43326	0.02271	0.01614	0.02271	0.01379	0.01763	0.01013	0.00629	0.00779	0.00235	0.01145	0.00722	0.00338	0.00995
22	0.01830	0.55305	0.11453	0.01378	0.01972	0.06650	0.01395	0.02125	0.01455	0.01749	0.01075	0.01298	0.00958	0.00898	0.04277	0.00221	0.04309	0.00434	0.00312	0.00904
23	0.00882	0.00634	0.00828	0.00965	0.01022	0.00590	0.00648	0.01018	0.01407	0.01876	0.08440	0.64239	0.07845	0.04739	0.00997	0.00297	0.00415	0.01916	0.00661	0.00580
24	0.01780	0.52040	0.17539	0.01596	0.02309	0.02459	0.09464	0.02175	0.01486	0.01866	0.01102	0.01309	0.00931	0.00622	0.00547	0.00178	0.00873	0.00465	0.00310	0.00948
25	0.01949	0.01534	0.06208	0.01341	0.01720	0.01524	0.01122	0.31254	0.02222	0.05923	0.01963	0.05695	0.01689	0.12536	0.06541	0.00359	0.04322	0.00771	0.10409	0.00920
26	0.01520	0.01394	0.01550	0.01502	0.05208	0.07513	0.04177	0.02512	0.29267	0.02542	0.14617	0.08570	0.09531	0.01233	0.00784	0.00241	0.00610	0.05686	0.00652	0.00894
27	0.01024	0.00737	0.00964	0.08235	0.01326	0.00757	0.00704	0.01166	0.01297	0.01764	0.10686	0.23322	0.03434	0.33710	0.05502	0.00489	0.00649	0.01271	0.02409	0.00552
28	0.01893	0.02071	0.04935	0.11715	0.46182	0.16604	0.02005	0.02285	0.01679	0.02142	0.01278	0.01668	0.01055	0.00666	0.00691	0.00209	0.00958	0.00593	0.00350	0.01022
29	0.01434	0.01208	0.01936	0.51173	0.07031	0.01441	0.01681	0.06090	0.01465	0.01908	0.01293	0.01931	0.01031	0.01061	0.01115	0.15616	0.00869	0.00631	0.00343	0.00741
30	0.01038	0.04188	0.00932	0.00842	0.00919	0.00758	0.00547	0.01131	0.01270	0.01707	0.08808	0.18836	0.08293	0.41656	0.02339	0.00487	0.00566	0.01246	0.03909	0.00528
31	0.01711	0.46279	0.31164	0.01548	0.02337	0.02345	0.01792	0.02182	0.01470	0.01911	0.01107	0.01289	0.00909	0.00637	0.00546	0.00182	0.00880	0.00440	0.00303	0.00970
32	0.06009	0.01214	0.01509	0.01215	0.01678	0.02966	0.00983	0.03040	0.06748	0.49371	0.14601	0.02867	0.02603	0.00975	0.00725	0.00221	0.00571	0.00802	0.00820	0.01081
33	0.01343	0.00879	0.01063	0.00989	0.01247	0.00828	0.00765	0.01802	0.09205	0.11678	0.30116	0.08249	0.22233	0.01483	0.00823	0.00239	0.00426	0.05118	0.00745	0.00770
34	0.01424	0.06591	0.65381	0.01950	0.02940	0.01657	0.02486	0.02195	0.01495	0.02212	0.01380	0.04640	0.01067	0.00741	0.00677	0.00225	0.01012	0.00585	0.00316	0.01026
35	0.01740	0.01982	0.05889	0.03292	0.21919	0.04981	0.44813	0.02280	0.01674	0.02268	0.01392	0.01835	0.01080	0.00618	0.00789	0.00229	0.01103	0.00756	0.00356	0.01003
36	0.00892	0.00721	0.00779	0.00766	0.00975	0.00623	0.00565	0.01098	0.01680	0.02110	0.21697	0.06361	0.51263	0.06116	0.01008	0.00264	0.00375	0.01424	0.00676	0.00608
37	0.01428	0.03683	0.71286	0.02030	0.03082	0.01654	0.02631	0.02255	0.01503	0.02255	0.01278	0.01503	0.00902	0.00677	0.00677	0.00226	0.01052	0.00526	0.00301	0.01052
38	0.07077	0.64640	0.09037	0.01265	0.01899	0.02642	0.01303	0.02140	0.01436	0.01824	0.01013	0.01173	0.00903	0.00618	0.00474	0.00163	0.00771	0.00393	0.00313	0.00916
39	0.02726	0.01200	0.01554	0.01251	0.01729	0.01102	0.01010	0.05890	0.08385	0.52508	0.03060	0.09208	0.04951	0.01051	0.00740	0.00229	0.00581	0.00875	0.00830	0.01120
40	0.00949	0.00658	0.00817	0.00918	0.00980	0.00625	0.00615	0.01077	0.01345	0.01818	0.05438	0.44673	0.08451	0.18671	0.01501	0.00370	0.00478	0.04750	0.05312	0.00558
41	0.07217	0.01631	0.01699	0.01460	0.01906	0.01865	0.01158	0.19166	0.48844	0.03356	0.02485	0.02329	0.01848	0.00919	0.00703	0.00233	0.00616	0.00738	0.00703	0.01124
42	0.72888	0.04475	0.01142	0.00935	0.01370	0.01604	0.00777	0.02074	0.01235	0.03104	0.01056	0.01229	0.00828	0.00667	0.00444	0.00215	0.00549	0.00399	0.04238	0.00772
43	0.00886	0.00633	0.00848	0.01013	0.01062	0.00594	0.00693	0.01024	0.01382	0.01839	0.03914	0.70074	0.04669	0.02213	0.00914	0.00292	0.00429	0.06276	0.00661	0.00584
44	0.01703	0.01631	0.02782	0.14222	0.61149	0.01676	0.02156	0.02133	0.01593	0.02254	0.01329	0.01782	0.01102	0.00646	0.00706	0.00215	0.00861	0.00634	0.00347	0.01080
45	0.00978	0.00727	0.00911	0.00865	0.01046	0.00659	0.00649	0.01287	0.01946	0.02691	0.59037	0.05590	0.17942	0.01517	0.00840	0.00227	0.00340	0.01326	0.00762	0.00659
46	0.00884	0.00698	0.00798	0.00826	0.01002	0.00611	0.00599	0.01085	0.01645	0.02102	0.20196	0.23092	0.40274	0.01832	0.00858	0.00249	0.00368	0.01583	0.00688	0.00611
47	0.05329	0.16316	0.37802	0.01790	0.04832	0.01755	0.03885	0.02460	0.01593	0.15574	0.01517	0.01621	0.01079	0.00700	0.00639	0.00211	0.00887	0.00543	0.00424	0.01045
48	0.01009	0.00700	0.00797	0.00794	0.00840	0.00687	0.00481	0.01065	0.01178	0.01558	0.07376	0.04894	0.11192	0.58018	0.06053	0.00623	0.00678	0.01098	0.00481	0.00477
49	0.01836	0.38137	0.28104	0.01551	0.02299	0.04667	0.01724	0.02371	0.04812	0.06581	0.01313	0.01438	0.01027	0.00674	0.00574	0.00189	0.00866	0.00480	0.00364	0.00992
50	0.56211	0.06691	0.11925	0.01417	0.07666	0.01695	0.01203	0.02128	0.01307	0.02877	0.01065	0.01260	0.00831	0.00658	0.00500	0.00216	0.00666	0.00428	0.00403	0.00854
51	0.02579	0.03131	0.02034	0.01898	0.05044	0.61353	0.01388	0.08156	0.02111	0.02025	0.03133	0.01454	0.01116	0.00760	0.00656	0.00188	0.01197	0.00505	0.00407	0.00866
52	0.01443	0.00969	0.01075	0.07790	0.01463	0.02560	0.00793	0.08451	0.04711	0.02502	0.02325	0.02891	0.04601	0.10474	0.05524	0.00313	0.00615	0.00748	0.40029	0.00723
53	0.00860	0.00720	0.00738	0.00734	0.00960	0.00609	0.00545	0.01042	0.01623	0.01959	0.10908	0.06665	0.63459	0.04860	0.00959	0.00258	0.00373	0.01470	0.00659	0.00598
54	0.01431	0.01381	0.02139	0.65318	0.06998	0.04637	0.01930	0.01943	0.03754	0.01873	0.01316	0.01893	0.00996	0.00719	0.00709	0.00234	0.00947	0.00631	0.00334	0.00816
55	0.00873	0.00630	0.00827	0.00974	0.01031	0.00584	0.00656	0.01009	0.01406	0.01870	0.07112	0.68069	0.07977	0.02175	0.00902	0.00284	0.00407	0.01965	0.00667	0.00584
56	0.02578	0.01985	0.02397	0.01810	0.02398	0.02157	0.09726	0.59877	0.03138	0.04210	0.01676	0.01736	0.01195	0.00823	0.00728	0.00217	0.00836	0.00666	0.00668	0.01179
57	0.00879	0.00628	0.00840	0.01005	0.01051	0.00589	0.00681	0.01012	0.01375	0.01831	0.03918	0.71714	0.04684	0.02220	0.00912	0.00291	0.00423	0.04704	0.00661	0.00582
58	0.01559	0.01535	0.02478	0.41008	0.06701	0.04967	0.14425	0.04109	0.03942	0.02078	0.01389	0.01898	0.01068	0.00742	0.00833	0.00236	0.05817	0.00671	0.03687	0.00858
59	0.01771	0.01530	0.01610	0.01449	0.01852	0.01771	0.01127	0.03784	0.69247	0.02979	0.02898	0.02657	0.02174	0.00966	0.00725	0.00242	0.00564	0.00805	0.00725	0.01127
60	0.01198	0.00901	0.01232	0.01171	0.01302	0.01059	0.00906	0.05336	0.01286	0.01876	0.01866	0.02795	0.01751	0.11686	0.48290	0.00884	0.08721	0.00763	0.06312	0.00665
61	0.00951	0.00728	0.00802	0.00821	0.01034	0.00628	0.00614	0.01140	0.01614	0.04394	0.09033	0.17294	0.51460	0.01832	0.00855	0.00251	0.00392	0.04858	0.00674	0.00625
62	0.01476	0.01282	0.01574	0.04164	0.01876	0.00998	0.02597	0.01806	0.01480	0.02298	0.01270	0.01506	0.01051	0.00537	0.00543	0.00114	0.00562	0.00441	0.00416	0.74008
63	0.01969	0.05576	0.06781	0.02666	0.27880	0.21060	0.01685	0.04655	0.10440	0.02234	0.01510	0.01779	0.01233	0.01074	0.06155	0.00277	0.01019	0.00600	0.00413	0.00995
64	0.00910	0.00658	0.00853	0.00947	0.01027	0.00619	0.00650	0.01075	0.01469	0.01979	0.16148	0.48852	0.09466	0.07130	0.04420	0.00341	0.00484	0.01725	0.00655	0.00590

[dist]
# distance from previous block
# <min> <max>
0	14

[block]
# block no. 4 follows, 29 sequences, length 40
# corresponding to MSA columns:
# 325-364
name=unknown_E
#
# <colnr> <probs for GDERKNQSTAVLIFYWHMCP>
#	G	D	E	R	K	N	Q	S	T	A	V	L	I	F	Y	W	H	M	C	P
0	0.01511	0.13086	0.50715	0.02052	0.07768	0.01818	0.02285	0.02169	0.01469	0.02130	0.01246	0.01521	0.00953	0.00858	0.03216	0.00251	0.05106	0.00528	0.00308	0.01009
1	0.01670	0.01337	0.01703	0.01449	0.06602	0.01157	0.03689	0.02249	0.11410	0.07873	0.01746	0.02043	0.01411	0.00692	0.00616	0.00157	0.00594	0.03340	0.00505	0.49757
2	0.02374	0.01631	0.01837	0.01436	0.01948	0.01706	0.01170	0.42768	0.02693	0.12032	0.04347	0.05287	0.01648	0.01154	0.04716	0.00257	0.00760	0.00716	0.00679	0.10839
3	0.01404	0.03516	0.67300	0.01965	0.02968	0.01598	0.02520	0.02203	0.01532	0.02289	0.05181	0.01720	0.01232	0.00721	0.00686	0.00225	0.01012	0.00569	0.00328	0.01031
4	0.01259	0.01068	0.01742	0.01625	0.05386	0.01033	0.13925	0.06116	0.01729	0.02348	0.15407	0.31278	0.03874	0.01560	0.00866	0.00262	0.00628	0.08531	0.00612	0.00752
5	0.02200	0.07793	0.01860	0.01551	0.01912	0.49268	0.01187	0.02489	0.05677	0.01843	0.02395	0.02446	0.14614	0.00948	0.00673	0.00196	0.01026	0.00678	0.00440	0.00805
6	0.01528	0.01513	0.02123	0.01829	0.01836	0.02109	0.01520	0.01689	0.01094	0.01710	0.00989	0.01627	0.00982	0.01476	0.06258	0.00358	0.69641	0.00631	0.00316	0.00771
7	0.01428	0.03683	0.71286	0.02030	0.03082	0.01654	0.02631	0.02255	0.01503	0.02255	0.01278	0.01503	0.00902	0.00677	0.00677	0.00226	0.01052	0.00526	0.00301	0.01052
8	0.00868	0.00620	0.00826	0.00991	0.01033	0.00578	0.00661	0.00991	0.01363	0.01818	0.03925	0.74510	0.04710	0.02231	0.00909	0.00289	0.00413	0.02024	0.00661	0.00578
9	0.00895	0.00660	0.00884	0.03477	0.01174	0.00632	0.00709	0.01050	0.01404	0.01866	0.07004	0.61025	0.09123	0.02247	0.03956	0.00318	0.00489	0.01852	0.00643	0.00594
10	0.00866	0.00722	0.00756	0.00747	0.00977	0.00612	0.00560	0.01070	0.01681	0.02062	0.16550	0.06625	0.60822	0.01752	0.00841	0.00238	0.00357	0.01471	0.00679	0.00612
11	0.01408	0.05527	0.60623	0.01918	0.02839	0.01634	0.02394	0.02143	0.01456	0.02165	0.01317	0.01615	0.00985	0.01126	0.07377	0.00311	0.03306	0.00547	0.00309	0.01001
12	0.00973	0.00716	0.00905	0.00946	0.01068	0.00678	0.00669	0.01269	0.04741	0.02290	0.31510	0.35117	0.09585	0.04950	0.00984	0.00274	0.00396	0.01587	0.00705	0.00637
13	0.01266	0.00974	0.01343	0.01576	0.11876	0.00967	0.01039	0.06094	0.01752	0.02388	0.21069	0.10754	0.05908	0.11510	0.01233	0.00318	0.00584	0.17998	0.00618	0.00733
14	0.01932	0.50421	0.17062	0.01453	0.02125	0.09326	0.01517	0.03794	0.01573	0.03535	0.01119	0.01273	0.00939	0.00647	0.00531	0.00173	0.00868	0.00432	0.00333	0.00947
15	0.62605	0.01433	0.01440	0.01533	0.12080	0.01594	0.02786	0.02171	0.01323	0.05952	0.01135	0.01325	0.00877	0.00665	0.00504	0.00219	0.00616	0.00450	0.00444	0.00850
16	0.01773	0.01495	0.01573	0.01405	0.01803	0.01713	0.01096	0.07140	0.60766	0.03012	0.02968	0.02756	0.04569	0.00985	0.00720	0.00237	0.00560	0.00816	0.03516	0.01096
17	0.01299	0.00998	0.01322	0.01519	0.06816	0.01040	0.01156	0.01935	0.14334	0.02305	0.03364	0.11523	0.03451	0.01644	0.00885	0.00292	0.00619	0.40500	0.04225	0.00775
18	0.04423	0.03325	0.59331	0.02307	0.12207	0.01657	0.02500	0.02239	0.01508	0.02300	0.01275	0.01526	0.00928	0.00670	0.00672	0.00223	0.01005	0.00536	0.00313	0.01052
19	0.00865	0.00652	0.00801	0.00912	0.01014	0.00588	0.00628	0.01013	0.01460	0.01885	0.07245	0.52957	0.23237	0.02082	0.00887	0.00273	0.00396	0.01851	0.00666	0.00588
20	0.01748	0.01651	0.02665	0.06508	0.57521	0.01700	0.02015	0.02417	0.12000	0.02407	0.01576	0.01905	0.01282	0.00688	0.00708	0.00217	0.00806	0.00661	0.00408	0.01115
21	0.02321	0.06778	0.02287	0.02171	0.12627	0.38853	0.01516	0.10143	0.01942	0.02144	0.01177	0.01440	0.00986	0.00802	0.00901	0.00209	0.11869	0.00527	0.00393	0.00915
22	0.01705	0.00877	0.01162	0.01011	0.01287	0.00790	0.00777	0.01994	0.01943	0.24563	0.42323	0.06704	0.04819	0.05647	0.00967	0.00253	0.00446	0.01115	0.00790	0.00827
23	0.01463	0.03443	0.62147	0.02162	0.03169	0.01674	0.11529	0.02259	0.01528	0.02259	0.01300	0.01560	0.00926	0.00666	0.00699	0.00227	0.01073	0.00569	0.00309	0.01040
24	0.00950	0.00750	0.00873	0.00912	0.01121	0.00672	0.00730	0.01194	0.01681	0.02109	0.14818	0.06976	0.42936	0.01802	0.00881	0.00263	0.00441	0.19589	0.00676	0.00626
25	0.01076	0.00736	0.00834	0.00831	0.00869	0.00735	0.00497	0.03712	0.01188	0.01575	0.02617	0.12054	0.05697	0.61112	0.03099	0.00609	0.00650	0.01145	0.00477	0.00486
26	0.01477	0.01266	0.01477	0.01055	0.01687	0.00949	0.00844	0.01793	0.01477	0.02320	0.01266	0.01477	0.01055	0.00527	0.00527	0.00105	0.00527	0.00422	0.00422	0.79328
27	0.02656	0.07418	0.02105	0.01741	0.02153	0.57116	0.01342	0.08360	0.02098	0.06809	0.01265	0.01391	0.01001	0.00747	0.00642	0.00187	0.01163	0.00487	0.00428	0.00890
28	0.01904	0.75404	0.03731	0.01218	0.01828	0.02818	0.01218	0.02132	0.01447	0.01675	0.00990	0.01142	0.00914	0.00609	0.00457	0.00152	0.00761	0.00381	0.00305	0.00914
29	0.00976	0.00727	0.00908	0.00863	0.01044	0.00658	0.00647	0.01283	0.01941	0.02678	0.58195	0.05611	0.18792	0.01522	0.00840	0.00227	0.00341	0.01329	0.00761	0.00658
30	0.01210	0.00957	0.01354	0.01277	0.01419	0.01158	0.01013	0.06089	0.01294	0.01863	0.01762	0.02553	0.01626	0.04470	0.57677	0.00966	0.11484	0.00735	0.00396	0.00696
31	0.00856	0.00701	0.00756	0.00787	0.00982	0.00600	0.00573	0.01034	0.01592	0.01955	0.10107	0.20614	0.53231	0.01871	0.00855	0.00249	0.00370	0.01597	0.00668	0.00600
32	0.34123	0.04572	0.01716	0.01383	0.01821	0.14456	0.01123	0.20758	0.03814	0.03134	0.01260	0.01403	0.00975	0.00776	0.00694	0.00216	0.05862	0.00498	0.00497	0.00919
33	0.01740	0.52380	0.23306	0.01452	0.02176	0.02423	0.01620	0.02143	0.01455	0.01843	0.01100	0.01295	0.00935	0.00766	0.02598	0.00202	0.00879	0.00434	0.00306	0.00946
34	0.00909	0.00764	0.00794	0.00785	0.01023	0.00672	0.00589	0.01204	0.05448	0.02060	0.12269	0.08447	0.59078	0.01739	0.00837	0.00241	0.00371	0.01460	0.00675	0.00636
35	0.01069	0.00862	0.00969	0.00931	0.01162	0.00834	0.00700	0.01628	0.13834	0.02438	0.28666	0.09945	0.31180	0.01558	0.00824	0.00238	0.00392	0.01335	0.00716	0.00719
36	0.01893	0.60829	0.12603	0.01369	0.02021	0.07503	0.01417	0.02198	0.01494	0.01757	0.01036	0.01200	0.00912	0.00627	0.00499	0.00164	0.00837	0.00406	0.00308	0.00926
37	0.02754	0.03379	0.01682	0.01296	0.01793	0.01234	0.01062	0.05544	0.12092	0.50992	0.02661	0.02427	0.01782	0.01240	0.06394	0.00295	0.00714	0.00721	0.00796	0.01145
38	0.03039	0.01294	0.01683	0.01308	0.01848	0.01190	0.01075	0.08015	0.07888	0.60549	0.02740	0.02394	0.01759	0.00887	0.00717	0.00222	0.00615	0.00718	0.00856	0.01204
39	0.01846	0.13125	0.02924	0.03631	0.53388	0.06672	0.01952	0.02267	0.03523	0.02205	0.01313	0.01660	0.01110	0.00647	0.00663	0.00201	0.00855	0.00588	0.00357	0.01074

[dist]
# distance from previous block
# <min> <max>
3	24

[block]
# block no. 5 follows, 29 sequences, length 78
# corresponding to MSA columns:
# 391-468
name=unknown_F
#
# <colnr> <probs for GDERKNQSTAVLIFYWHMCP>
#	G	D	E	R	K	N	Q	S	T	A	V	L	I	F	Y	W	H	M	C	P
0	0.01567	0.01536	0.02448	0.47450	0.18560	0.05218	0.07010	0.03992	0.01574	0.02039	0.01300	0.01834	0.01004	0.00692	0.00717	0.00229	0.00958	0.00640	0.00342	0.00890
1	0.02437	0.01803	0.01933	0.01513	0.02027	0.01978	0.01232	0.53655	0.08955	0.04051	0.01851	0.01947	0.01376	0.03632	0.00804	0.00227	0.00726	0.00663	0.04953	0.04238
2	0.02503	0.01857	0.02002	0.01538	0.02083	0.02010	0.01257	0.58434	0.03051	0.04120	0.01698	0.01849	0.01272	0.04863	0.00854	0.00230	0.00755	0.00643	0.00670	0.08311
3	0.00882	0.00631	0.00839	0.00982	0.01036	0.00588	0.00662	0.01027	0.01429	0.01923	0.10616	0.67521	0.04913	0.02153	0.00902	0.00283	0.00405	0.01950	0.00673	0.00588
4	0.07533	0.02831	0.40192	0.02319	0.03197	0.01706	0.27534	0.02253	0.01549	0.02337	0.01318	0.01637	0.00960	0.00646	0.00721	0.00231	0.01071	0.00636	0.00334	0.00996
5	0.01227	0.00622	0.00920	0.00920	0.00920	0.00622	0.00609	0.00933	0.00933	0.01244	0.01289	0.02293	0.01306	0.06203	0.02826	0.75240	0.00622	0.00640	0.00316	0.00316
6	0.00993	0.00677	0.00806	0.00840	0.00867	0.00662	0.00511	0.01056	0.01213	0.01634	0.09506	0.21428	0.03513	0.50155	0.02694	0.00547	0.00588	0.01297	0.00522	0.00491
7	0.00977	0.00725	0.00913	0.00885	0.01060	0.00661	0.00666	0.01276	0.01902	0.02616	0.53536	0.08891	0.17696	0.01572	0.00849	0.00234	0.00356	0.03779	0.00752	0.00655
8	0.08819	0.01417	0.02286	0.33075	0.08636	0.01545	0.11657	0.02374	0.06503	0.14255	0.01662	0.01972	0.01198	0.00733	0.00708	0.00232	0.00856	0.00669	0.00466	0.00939
9	0.03587	0.01642	0.02619	0.20618	0.49316	0.03808	0.02055	0.03850	0.01622	0.02265	0.01316	0.01765	0.01072	0.00662	0.00699	0.00217	0.00875	0.00623	0.00356	0.01032
10	0.00997	0.00724	0.00938	0.00892	0.01059	0.00666	0.00666	0.01319	0.01979	0.02784	0.65471	0.07599	0.09242	0.01495	0.00842	0.00227	0.00339	0.01320	0.00775	0.00666
11	0.01684	0.01905	0.04098	0.02939	0.03647	0.01800	0.65283	0.02341	0.04374	0.02309	0.01499	0.01950	0.01124	0.00615	0.00836	0.00240	0.01175	0.00839	0.00375	0.00967
12	0.01825	0.63532	0.14914	0.01353	0.02035	0.02625	0.01452	0.02153	0.01456	0.01771	0.01038	0.01202	0.00912	0.00620	0.00493	0.00164	0.00810	0.00405	0.00304	0.00937
13	0.01392	0.01314	0.02221	0.65498	0.12302	0.01594	0.02001	0.01861	0.01446	0.01876	0.01274	0.01883	0.00969	0.00703	0.00711	0.00234	0.00938	0.00633	0.00320	0.00829
14	0.00843	0.00716	0.00727	0.00736	0.00966	0.00600	0.00548	0.01020	0.01609	0.01918	0.07035	0.10530	0.66683	0.01827	0.00845	0.00243	0.00364	0.01531	0.00661	0.00600
15	0.01020	0.00749	0.00848	0.00809	0.01041	0.00648	0.00612	0.01258	0.01779	0.05798	0.28614	0.06098	0.44896	0.01637	0.00835	0.00234	0.00365	0.01388	0.00715	0.00657
16	0.01164	0.00883	0.01134	0.01157	0.01316	0.00885	0.02820	0.08406	0.06267	0.02218	0.03687	0.52891	0.07051	0.01914	0.00874	0.00276	0.00497	0.05196	0.00661	0.00700
17	0.02004	0.01404	0.01442	0.01208	0.01580	0.03891	0.00958	0.27417	0.11016	0.06023	0.02338	0.02470	0.04433	0.03136	0.00731	0.00216	0.00590	0.00714	0.27478	0.00951
18	0.01864	0.01622	0.01603	0.01427	0.01829	0.06955	0.01111	0.06808	0.53516	0.05169	0.03021	0.02810	0.07095	0.01003	0.00726	0.00235	0.00615	0.00820	0.00698	0.01072
19	0.00895	0.00640	0.00858	0.01023	0.01077	0.00602	0.00709	0.01040	0.01391	0.01849	0.03909	0.67906	0.04649	0.02205	0.00916	0.00293	0.00437	0.08355	0.00660	0.00586
20	0.01345	0.01266	0.02136	0.73264	0.04904	0.01582	0.01978	0.01819	0.01424	0.01819	0.01266	0.01898	0.00949	0.00712	0.00712	0.00237	0.00949	0.00633	0.00316	0.00791
21	0.01583	0.01499	0.02572	0.43846	0.18309	0.01683	0.10832	0.07076	0.01648	0.02194	0.01339	0.01858	0.01025	0.00692	0.00728	0.00230	0.00949	0.00662	0.00360	0.00917
22	0.01150	0.00854	0.01126	0.01073	0.01190	0.00879	0.03783	0.05743	0.01398	0.01912	0.04557	0.24639	0.05498	0.27881	0.09074	0.00502	0.03224	0.01258	0.03653	0.00607
23	0.01249	0.00773	0.00996	0.00975	0.01175	0.00701	0.00739	0.01503	0.01774	0.11367	0.30400	0.21398	0.15356	0.01658	0.00852	0.00250	0.00421	0.06967	0.00738	0.00709
24	0.01082	0.00747	0.00962	0.00897	0.01086	0.00681	0.00677	0.01404	0.01986	0.05501	0.62617	0.05322	0.11422	0.01460	0.00835	0.00225	0.00349	0.01282	0.00778	0.00688
25	0.01775	0.01821	0.05487	0.03845	0.57321	0.05289	0.02056	0.02308	0.06244	0.02331	0.01511	0.01994	0.01277	0.00708	0.00711	0.00216	0.00851	0.02775	0.00386	0.01094
26	0.04949	0.12296	0.02178	0.01520	0.02015	0.10849	0.01257	0.35647	0.10965	0.03328	0.01892	0.01911	0.04424	0.00867	0.00709	0.00209	0.02701	0.00633	0.00592	0.01057
27	0.02969	0.01467	0.03982	0.01376	0.01940	0.01340	0.01164	0.16729	0.05543	0.51865	0.02539	0.02259	0.01642	0.00873	0.00714	0.00220	0.00655	0.00699	0.00820	0.01202
28	0.02532	0.02977	0.02151	0.02248	0.14147	0.55921	0.01500	0.02762	0.01950	0.05610	0.01235	0.01430	0.01000	0.00724	0.00657	0.00190	0.01171	0.00503	0.00392	0.00899
29	0.01932	0.01889	0.02452	0.07059	0.40672	0.11090	0.01818	0.07548	0.13637	0.02500	0.01605	0.01859	0.01280	0.00727	0.00701	0.00215	0.00856	0.00641	0.00445	0.01076
30	0.02301	0.01579	0.01746	0.01405	0.01871	0.01675	0.01143	0.43841	0.02743	0.11343	0.02853	0.08452	0.11366	0.01138	0.00756	0.00228	0.00670	0.03116	0.00718	0.01056
31	0.01414	0.01303	0.02136	0.69632	0.04768	0.01614	0.01946	0.05183	0.01521	0.01955	0.01288	0.01889	0.00962	0.00719	0.00712	0.00236	0.00941	0.00633	0.00336	0.00812
32	0.01467	0.01424	0.02006	0.01747	0.01769	0.01964	0.01445	0.01639	0.01100	0.01703	0.01099	0.01767	0.01077	0.01936	0.14093	0.00452	0.61587	0.00647	0.00323	0.00755
33	0.02341	0.01755	0.01877	0.01502	0.01979	0.01951	0.01207	0.47760	0.16376	0.03873	0.02010	0.02175	0.01538	0.07147	0.00955	0.00258	0.00719	0.00708	0.02755	0.01114
34	0.00984	0.00677	0.00784	0.00821	0.00848	0.00659	0.00491	0.01025	0.01152	0.01518	0.02979	0.20551	0.07924	0.53336	0.02813	0.00568	0.00604	0.01292	0.00500	0.00477
35	0.01495	0.11988	0.61050	0.02015	0.05252	0.01791	0.02451	0.02238	0.01501	0.02190	0.01246	0.01470	0.00911	0.00667	0.00652	0.00216	0.01011	0.00513	0.00303	0.01039
36	0.01018	0.00760	0.01129	0.01129	0.01251	0.00882	0.00871	0.01262	0.01140	0.01642	0.01921	0.02874	0.01813	0.08199	0.69341	0.01126	0.01857	0.00774	0.00384	0.00627
37	0.00976	0.03084	0.01001	0.00979	0.01097	0.00742	0.00711	0.01175	0.01477	0.02002	0.18351	0.32497	0.09062	0.07594	0.13543	0.00446	0.00691	0.03346	0.00612	0.00614
38	0.01820	0.62831	0.15574	0.01361	0.02047	0.02614	0.01466	0.02154	0.01457	0.01777	0.01040	0.01206	0.00912	0.00621	0.00495	0.00165	0.00812	0.00406	0.00304	0.00938
39	0.01542	0.01483	0.02566	0.39974	0.33162	0.01641	0.05412	0.02001	0.01522	0.02061	0.01306	0.01841	0.01033	0.00673	0.00715	0.00226	0.00917	0.00644	0.00334	0.00945
40	0.01802	0.60057	0.18186	0.01392	0.02096	0.02569	0.01521	0.02158	0.01459	0.01799	0.01052	0.01220	0.00911	0.00624	0.00504	0.00168	0.00824	0.00412	0.00304	0.00943
41	0.01470	0.10032	0.65306	0.01958	0.02971	0.01757	0.02506	0.02244	0.01498	0.02204	0.01252	0.01471	0.00903	0.00671	0.00657	0.00219	0.01027	0.00513	0.00301	0.01040
42	0.01557	0.01300	0.01415	0.01323	0.01661	0.01447	0.01043	0.05360	0.45360	0.02725	0.03571	0.07252	0.11092	0.01271	0.00785	0.00255	0.00553	0.10357	0.00703	0.00970
