[name]
unknown

[dist]
# distance from previous block
# <min> <max>
0	1

[block]
# block no. 0 follows, 30 sequences, length 6
# corresponding to MSA columns:
# 1-6
name=unknown_A
#
# <colnr> <probs for GDERKNQSTAVLIFYWHMCP>
#	G	D	E	R	K	N	Q	S	T	A	V	L	I	F	Y	W	H	M	C	P
0	0.13182	0.00886	0.01109	0.01229	0.01431	0.00919	0.01068	0.01538	0.01543	0.02247	0.03281	0.06847	0.03520	0.01733	0.00883	0.00305	0.00627	0.56381	0.00611	0.00660
1	0.02525	0.06010	0.01642	0.01191	0.01649	0.01202	0.00961	0.07422	0.06036	0.44075	0.02409	0.02547	0.01749	0.12180	0.01110	0.00277	0.00622	0.00714	0.00717	0.04962
2	0.02122	0.01632	0.01663	0.01380	0.01798	0.06429	0.01090	0.30750	0.18429	0.06676	0.02133	0.05709	0.01708	0.05489	0.00858	0.00239	0.00675	0.00742	0.06725	0.03753
3	0.01189	0.03160	0.01408	0.06206	0.11993	0.01043	0.01010	0.03908	0.01417	0.01914	0.05577	0.28433	0.06650	0.14814	0.03825	0.00356	0.04660	0.01241	0.00508	0.00688
4	0.01366	0.01059	0.01359	0.10627	0.01808	0.01135	0.01000	0.14422	0.01834	0.02510	0.17403	0.23178	0.03357	0.04603	0.03452	0.00286	0.04183	0.01155	0.00593	0.04669
5	0.01828	0.01595	0.03929	0.03972	0.12452	0.06094	0.05135	0.23028	0.04296	0.02676	0.01950	0.06223	0.04912	0.03948	0.05980	0.08975	0.00851	0.00765	0.00500	0.00891

[dist]
# distance from previous block
# <min> <max>
15	74

[block]
# block no. 1 follows, 30 sequences, length 10
# corresponding to MSA columns:
# 83-92
name=unknown_B
#
# <colnr> <probs for GDERKNQSTAVLIFYWHMCP>
#	G	D	E	R	K	N	Q	S	T	A	V	L	I	F	Y	W	H	M	C	P
0	0.09394	0.04271	0.12849	0.01625	0.09013	0.04539	0.01330	0.17501	0.01975	0.02777	0.09828	0.05020	0.12692	0.01040	0.00702	0.00220	0.00688	0.03099	0.00539	0.00899
1	0.16681	0.01706	0.01746	0.01381	0.01880	0.01881	0.01134	0.49108	0.02712	0.03889	0.02141	0.02132	0.08785	0.00905	0.00663	0.00214	0.00680	0.00676	0.00644	0.01042
2	0.01318	0.01240	0.02093	0.73798	0.04806	0.01550	0.01938	0.01783	0.01395	0.01783	0.01240	0.01860	0.00930	0.00698	0.00698	0.00233	0.00930	0.00620	0.00310	0.00775
3	0.01727	0.01658	0.02832	0.04283	0.71123	0.01658	0.02142	0.02142	0.01589	0.02280	0.01313	0.01727	0.01105	0.00622	0.00691	0.00207	0.00829	0.00622	0.00345	0.01105
4	0.08173	0.06373	0.53671	0.02166	0.11843	0.01672	0.02304	0.02182	0.01462	0.02272	0.01224	0.01462	0.00903	0.00653	0.00637	0.00216	0.00950	0.00512	0.00313	0.01012
5	0.00872	0.00616	0.00803	0.00944	0.00979	0.00581	0.00618	0.00977	0.01293	0.01725	0.03628	0.65690	0.04340	0.11892	0.01243	0.00335	0.00441	0.01855	0.00618	0.00548
6	0.01515	0.01355	0.02129	0.60828	0.07710	0.01637	0.01867	0.10675	0.01655	0.02154	0.01301	0.01829	0.00973	0.00712	0.00697	0.00228	0.00904	0.00621	0.00363	0.00846
7	0.18263	0.26598	0.02182	0.01225	0.01705	0.09728	0.01055	0.07711	0.08672	0.08337	0.01864	0.01882	0.06586	0.00791	0.00563	0.00193	0.00698	0.00560	0.00483	0.00903
8	0.01751	0.02036	0.10935	0.03706	0.52018	0.07245	0.07773	0.02208	0.01611	0.02223	0.01296	0.01674	0.01059	0.00631	0.00694	0.00209	0.00916	0.00613	0.00341	0.01059
9	0.03819	0.04865	0.38520	0.02250	0.10331	0.01623	0.13249	0.02062	0.01469	0.02164	0.01469	0.07798	0.01253	0.00806	0.00795	0.00230	0.05296	0.00701	0.00345	0.00957

[dist]
# distance from previous block
# <min> <max>
4	15

[block]
# block no. 2 follows, 30 sequences, length 41
# corresponding to MSA columns:
# 109-149
name=unknown_C
#
# <colnr> <probs for GDERKNQSTAVLIFYWHMCP>
#	G	D	E	R	K	N	Q	S	T	A	V	L	I	F	Y	W	H	M	C	P
0	0.02424	0.01813	0.01964	0.01536	0.02057	0.01998	0.01259	0.56324	0.08782	0.04015	0.01768	0.01809	0.01295	0.01097	0.05004	0.00262	0.00805	0.00640	0.00668	0.04481
1	0.04816	0.02798	0.02105	0.02300	0.17665	0.51930	0.01485	0.02567	0.01865	0.01919	0.03505	0.01495	0.01135	0.00719	0.00643	0.00188	0.01107	0.00514	0.00373	0.00869
2	0.01540	0.01314	0.01887	0.40418	0.07351	0.01528	0.01553	0.12971	0.06937	0.02343	0.04830	0.02406	0.03407	0.07468	0.00962	0.00267	0.00803	0.00722	0.00447	0.00846
3	0.00906	0.00695	0.00785	0.00783	0.00940	0.00622	0.00553	0.01085	0.01563	0.02018	0.22787	0.11151	0.35691	0.15759	0.01349	0.00319	0.00413	0.01369	0.00637	0.00574
4	0.02023	0.60662	0.03310	0.01313	0.01868	0.14558	0.01225	0.04881	0.01587	0.01763	0.01017	0.01165	0.00908	0.00627	0.00488	0.00157	0.00834	0.00396	0.00325	0.00893
5	0.01396	0.01186	0.01392	0.01028	0.01599	0.00899	0.00812	0.01690	0.01438	0.02232	0.01464	0.07755	0.01341	0.00660	0.00549	0.00119	0.00507	0.00548	0.00434	0.72954
6	0.02305	0.01737	0.01965	0.10193	0.02369	0.01938	0.01333	0.52572	0.05323	0.03806	0.01852	0.08020	0.01484	0.00941	0.00715	0.00220	0.00748	0.00749	0.00648	0.01081
7	0.01397	0.01396	0.02396	0.53745	0.04276	0.03986	0.14393	0.01856	0.01459	0.01865	0.01418	0.06091	0.01167	0.00764	0.00730	0.00234	0.00957	0.00732	0.00339	0.00796
8	0.01162	0.00803	0.01025	0.00933	0.01134	0.00759	0.00711	0.05310	0.02052	0.05382	0.64283	0.04905	0.06095	0.01372	0.00811	0.00219	0.00364	0.01205	0.00768	0.00708
9	0.01050	0.00791	0.00986	0.00974	0.01149	0.00771	0.00735	0.01519	0.09415	0.02535	0.43067	0.16149	0.09942	0.01554	0.00832	0.00241	0.00392	0.06486	0.00725	0.00688
10	0.01622	0.02056	0.10926	0.02845	0.03584	0.01750	0.61954	0.02233	0.01630	0.02233	0.01396	0.01841	0.01041	0.00596	0.00807	0.00234	0.01162	0.00793	0.00347	0.00950
11	0.00855	0.00632	0.00792	0.00910	0.00992	0.00578	0.00618	0.00991	0.01397	0.01822	0.06701	0.57099	0.17463	0.04459	0.00962	0.00285	0.00401	0.01829	0.00645	0.00570
12	0.02592	0.01909	0.02051	0.01584	0.02125	0.02110	0.01303	0.66505	0.03215	0.04310	0.01749	0.04153	0.01303	0.00883	0.00705	0.00212	0.00756	0.00674	0.00696	0.01166
13	0.01212	0.00606	0.00909	0.00909	0.00909	0.00606	0.00606	0.00909	0.00909	0.01212	0.01212	0.02121	0.01212	0.02424	0.02727	0.79697	0.00606	0.00606	0.00303	0.00303
14	0.01439	0.01487	0.02897	0.41364	0.04180	0.01604	0.29894	0.01943	0.01499	0.01973	0.01408	0.04545	0.01119	0.00706	0.00758	0.00236	0.01014	0.00755	0.00340	0.00837
15	0.01447	0.01240	0.01447	0.01034	0.01654	0.00930	0.00827	0.01757	0.01447	0.02274	0.01240	0.01447	0.01034	0.00517	0.00517	0.00103	0.00517	0.00413	0.00413	0.79742
16	0.01318	0.01240	0.02093	0.73798	0.04806	0.01550	0.01938	0.01783	0.01395	0.01783	0.01240	0.01860	0.00930	0.00698	0.00698	0.00233	0.00930	0.00620	0.00310	0.00775
17	0.01100	0.00735	0.00966	0.00902	0.01082	0.00675	0.00678	0.01418	0.01951	0.06544	0.64297	0.07888	0.06237	0.01426	0.00819	0.00222	0.00347	0.01260	0.00769	0.00684
18	0.01015	0.00677	0.00761	0.00761	0.00761	0.00677	0.00423	0.01015	0.01015	0.01353	0.02199	0.04567	0.02537	0.75476	0.03552	0.00677	0.00677	0.01015	0.00423	0.00423
19	0.00891	0.00668	0.00963	0.01058	0.01132	0.00624	0.03722	0.01040	0.01370	0.01834	0.05855	0.69501	0.04517	0.02090	0.00886	0.00279	0.00437	0.01908	0.00638	0.00587
20	0.01028	0.00793	0.01180	0.01163	0.01280	0.00946	0.00910	0.01271	0.01118	0.01623	0.01814	0.02671	0.01696	0.05001	0.68622	0.01074	0.06068	0.00740	0.00370	0.00631
21	0.01635	0.01667	0.04721	0.33522	0.30839	0.06000	0.04388	0.05050	0.01605	0.02125	0.01285	0.01750	0.01013	0.00670	0.00694	0.00218	0.00915	0.00615	0.00346	0.00942
22	0.67356	0.13735	0.01463	0.00964	0.01423	0.01764	0.00829	0.02058	0.01226	0.02883	0.00971	0.01131	0.00779	0.00639	0.00434	0.00205	0.00574	0.00377	0.00410	0.00779
23	0.01009	0.00674	0.00763	0.00769	0.00770	0.00673	0.00431	0.01013	0.01026	0.01368	0.02258	0.07092	0.02612	0.72848	0.03456	0.00662	0.00667	0.01050	0.00431	0.00428
24	0.00870	0.00622	0.00833	0.00994	0.01044	0.00584	0.00683	0.01006	0.01356	0.01804	0.03835	0.70128	0.04572	0.02167	0.00896	0.00286	0.00422	0.06678	0.00647	0.00572
25	0.02387	0.01792	0.01938	0.01546	0.02047	0.01993	0.01268	0.53460	0.13383	0.03972	0.01953	0.02134	0.01479	0.01051	0.03130	0.00249	0.00766	0.03634	0.00687	0.01131
26	0.01850	0.38186	0.18127	0.01384	0.02004	0.04549	0.01440	0.02214	0.01509	0.11068	0.02878	0.01621	0.01212	0.01135	0.07806	0.00274	0.00911	0.00508	0.00393	0.00929
27	0.01460	0.06435	0.60365	0.02241	0.11453	0.01674	0.02465	0.02196	0.01485	0.02195	0.01248	0.01490	0.00912	0.00655	0.00657	0.00216	0.00994	0.00523	0.00301	0.01035
28	0.01400	0.03610	0.71860	0.01989	0.03020	0.01621	0.02578	0.02210	0.01473	0.02210	0.01252	0.01473	0.00884	0.00663	0.00663	0.00221	0.01031	0.00516	0.00295	0.01031
29	0.01399	0.00802	0.00817	0.00781	0.00987	0.00840	0.00595	0.03931	0.10586	0.02698	0.02333	0.02574	0.01816	0.00831	0.00524	0.00174	0.00369	0.00668	0.66548	0.00727
30	0.01848	0.73189	0.06211	0.01224	0.01837	0.02718	0.01246	0.02094	0.01420	0.01663	0.00981	0.01133	0.00895	0.00599	0.00456	0.00152	0.00757	0.00378	0.00298	0.00901
31	0.01397	0.01341	0.01913	0.06902	0.01918	0.01824	0.01413	0.01586	0.01113	0.01682	0.01223	0.05068	0.01215	0.01862	0.13249	0.00428	0.54105	0.00695	0.00332	0.00733
32	0.00856	0.00612	0.00815	0.00967	0.01014	0.00571	0.00648	0.00987	0.01365	0.01828	0.06901	0.71833	0.04705	0.02152	0.00888	0.00280	0.00401	0.01951	0.00653	0.00571
33	0.00986	0.00788	0.00897	0.00980	0.05657	0.00680	0.00665	0.01187	0.01615	0.04809	0.08734	0.07840	0.59389	0.01652	0.00812	0.00234	0.00395	0.01389	0.00641	0.00650
34	0.02577	0.01877	0.02077	0.01687	0.04957	0.02062	0.01335	0.61605	0.03097	0.06538	0.01704	0.01736	0.01220	0.00973	0.03038	0.00239	0.00800	0.00634	0.00679	0.01165
35	0.00951	0.00798	0.03819	0.03476	0.01260	0.00697	0.00793	0.03249	0.01424	0.01912	0.05450	0.65222	0.04283	0.02009	0.00867	0.00275	0.00458	0.01814	0.00627	0.00615
36	0.19018	0.01133	0.01388	0.09458	0.01870	0.01148	0.00992	0.02460	0.04539	0.30270	0.17731	0.02706	0.02552	0.00930	0.00671	0.00220	0.00559	0.00754	0.00679	0.00923
37	0.01706	0.03756	0.02225	0.04538	0.10001	0.09593	0.04563	0.06895	0.01452	0.01983	0.01214	0.03641	0.01118	0.01293	0.06198	0.00316	0.37661	0.00646	0.00361	0.00837
38	0.40851	0.15910	0.12551	0.03211	0.01843	0.04194	0.01195	0.03973	0.01422	0.05209	0.03378	0.01402	0.01049	0.00683	0.00515	0.00203	0.00692	0.00455	0.00414	0.00852
39	0.07258	0.01709	0.10745	0.03602	0.16408	0.03304	0.03596	0.04826	0.15063	0.13288	0.08855	0.02468	0.01986	0.00863	0.00700	0.00222	0.00710	0.02827	0.00560	0.01007
40	0.01712	0.04271	0.09860	0.17327	0.33555	0.04620	0.01946	0.07376	0.04148	0.02284	0.01332	0.01705	0.01064	0.00708	0.00773	0.00218	0.05130	0.00601	0.00371	0.00999

[dist]
# distance from previous block
# <min> <max>
7	27

[block]
# block no. 3 follows, 30 sequences, length 21
# corresponding to MSA columns:
# 177-197
name=unknown_D
#
# <colnr> <probs for GDERKNQSTAVLIFYWHMCP>
#	G	D	E	R	K	N	Q	S	T	A	V	L	I	F	Y	W	H	M	C	P
0	0.08812	0.01142	0.01455	0.01278	0.01614	0.03239	0.07950	0.02035	0.10316	0.11195	0.10349	0.08015	0.16562	0.01302	0.00778	0.00244	0.00588	0.11684	0.00635	0.00805
1	0.01559	0.09165	0.26084	0.02075	0.15108	0.05926	0.01762	0.02214	0.09130	0.02161	0.01613	0.06643	0.01379	0.01034	0.04733	0.00257	0.00892	0.00653	0.00393	0.07217
2	0.01866	0.75896	0.03657	0.01194	0.01791	0.02761	0.01194	0.02090	0.01418	0.01642	0.00970	0.01119	0.00896	0.00597	0.00448	0.00149	0.00746	0.00373	0.00299	0.00896
3	0.04545	0.27978	0.17508	0.01439	0.04472	0.04144	0.01398	0.02072	0.03599	0.02094	0.04148	0.01527	0.01211	0.00644	0.00550	0.00164	0.00738	0.00477	0.00368	0.20923
4	0.00989	0.00797	0.00894	0.00877	0.01096	0.00747	0.00664	0.01417	0.09460	0.02267	0.24454	0.09734	0.38065	0.01607	0.00821	0.00237	0.00384	0.04132	0.00689	0.00669
5	0.01294	0.00886	0.01088	0.01010	0.01229	0.00863	0.00762	0.08659	0.04738	0.07102	0.38348	0.19328	0.08962	0.01488	0.00812	0.00233	0.00419	0.01304	0.00732	0.00743
6	0.02702	0.01488	0.04645	0.01521	0.05848	0.01358	0.01208	0.15771	0.07747	0.43343	0.02346	0.02146	0.01557	0.00829	0.00692	0.00211	0.00652	0.00670	0.00747	0.04518
7	0.12962	0.01250	0.01869	0.48655	0.08166	0.01492	0.01666	0.01883	0.03934	0.02086	0.01510	0.02372	0.01268	0.00817	0.00685	0.00237	0.00824	0.07154	0.00378	0.00793
8	0.00825	0.00707	0.00707	0.00707	0.00943	0.00589	0.00530	0.01001	0.01591	0.01885	0.07069	0.06716	0.70839	0.01767	0.00825	0.00236	0.00353	0.01473	0.00648	0.00589
9	0.01400	0.03610	0.71860	0.01989	0.03020	0.01621	0.02578	0.02210	0.01473	0.02210	0.01252	0.01473	0.00884	0.00663	0.00663	0.00221	0.01031	0.00516	0.00295	0.01031
10	0.01513	0.05492	0.58987	0.02093	0.05252	0.05933	0.06744	0.02240	0.01517	0.02167	0.01246	0.01485	0.00904	0.00658	0.00666	0.00217	0.01039	0.00531	0.00304	0.01011
11	0.01418	0.01342	0.02273	0.56849	0.20976	0.01577	0.01988	0.01870	0.01443	0.01904	0.01258	0.01828	0.00973	0.00679	0.00696	0.00226	0.00906	0.00621	0.00319	0.00856
12	0.00842	0.00692	0.00741	0.00763	0.00962	0.00591	0.00559	0.01022	0.01581	0.01942	0.11659	0.17512	0.55105	0.01807	0.00835	0.00242	0.00360	0.01538	0.00658	0.00591
13	0.02621	0.01827	0.01996	0.01545	0.02080	0.01992	0.01270	0.59916	0.03081	0.10470	0.01866	0.04836	0.01381	0.00897	0.00707	0.00213	0.00737	0.00692	0.00711	0.01161
14	0.02646	0.01130	0.01486	0.01184	0.01652	0.01014	0.00962	0.03051	0.07270	0.54423	0.10948	0.02960	0.06067	0.00985	0.00723	0.00219	0.00547	0.00816	0.00829	0.01087
15	0.01212	0.00606	0.00909	0.00909	0.00909	0.00606	0.00606	0.00909	0.00909	0.01212	0.01212	0.02121	0.01212	0.02424	0.02727	0.79697	0.00606	0.00606	0.00303	0.00303
16	0.01783	0.01523	0.01605	0.01430	0.01833	0.01758	0.01116	0.07070	0.66423	0.02996	0.02780	0.02556	0.02081	0.00941	0.00709	0.00235	0.00563	0.00781	0.00709	0.01109
17	0.00994	0.00668	0.00767	0.00787	0.00793	0.00663	0.00451	0.01009	0.01055	0.01407	0.02405	0.13382	0.02797	0.66305	0.03219	0.00627	0.00643	0.01136	0.00451	0.00441
18	0.00849	0.00613	0.00804	0.00957	0.01008	0.00568	0.00641	0.00973	0.01350	0.01787	0.04029	0.71154	0.08364	0.02163	0.00887	0.00281	0.00402	0.01955	0.00648	0.00568
19	0.01447	0.01240	0.01447	0.01034	0.01654	0.00930	0.00827	0.01757	0.01447	0.02274	0.01240	0.01447	0.01034	0.00517	0.00517	0.00103	0.00517	0.00413	0.00413	0.79742
20	0.06865	0.01509	0.02473	0.13891	0.52317	0.01565	0.01922	0.02008	0.01518	0.02232	0.01444	0.06474	0.01285	0.00736	0.00688	0.00216	0.00797	0.00694	0.00366	0.00999

[dist]
# distance from previous block
# <min> <max>
0	39

[block]
# block no. 4 follows, 30 sequences, length 17
# corresponding to MSA columns:
# 237-253
name=unknown_E
#
# <colnr> <probs for GDERKNQSTAVLIFYWHMCP>
#	G	D	E	R	K	N	Q	S	T	A	V	L	I	F	Y	W	H	M	C	P
0	0.15765	0.12807	0.49972	0.01689	0.02554	0.01762	0.02064	0.02165	0.01414	0.02301	0.01164	0.01365	0.00862	0.00651	0.00593	0.00211	0.00904	0.00472	0.00320	0.00963
1	0.02416	0.03005	0.01933	0.01766	0.02082	0.61924	0.01348	0.02603	0.01877	0.01731	0.01242	0.01728	0.01111	0.00843	0.00790	0.00200	0.07304	0.04927	0.00374	0.00794
2	0.28021	0.01757	0.01746	0.01381	0.01898	0.01969	0.01140	0.47019	0.02598	0.03985	0.01446	0.01499	0.01046	0.00776	0.00611	0.00212	0.00693	0.00547	0.00611	0.01046
3	0.12159	0.01570	0.08296	0.22190	0.29519	0.01508	0.01803	0.01940	0.01451	0.02203	0.01437	0.02186	0.01237	0.00817	0.00744	0.02794	0.00813	0.06070	0.00366	0.00897
4	0.01722	0.01334	0.01591	0.06050	0.01945	0.01147	0.00984	0.10982	0.01732	0.07475	0.01407	0.01572	0.01097	0.00597	0.00567	0.00135	0.00584	0.00477	0.00477	0.58125
5	0.00864	0.00643	0.00786	0.00884	0.00975	0.00586	0.00600	0.00999	0.01403	0.01820	0.07709	0.48857	0.20964	0.08163	0.01093	0.00301	0.00411	0.01742	0.00635	0.00565
6	0.01646	0.04294	0.05900	0.04516	0.12171	0.05059	0.32924	0.02078	0.01487	0.02042	0.01256	0.01732	0.01027	0.00869	0.02956	0.00264	0.17838	0.00696	0.00337	0.00906
7	0.00950	0.00712	0.00881	0.00839	0.01020	0.00643	0.00629	0.01244	0.01887	0.02589	0.56137	0.05558	0.21332	0.01505	0.00823	0.00223	0.00335	0.01310	0.00741	0.00643
8	0.01201	0.00959	0.01402	0.12488	0.01990	0.01009	0.04595	0.04266	0.05632	0.02176	0.08755	0.22195	0.03523	0.01587	0.00860	0.00276	0.00630	0.25151	0.00594	0.00711
9	0.01745	0.01705	0.02577	0.15944	0.02898	0.05150	0.17213	0.12690	0.01664	0.02268	0.01224	0.01686	0.00995	0.00888	0.01309	0.00254	0.27873	0.00658	0.00383	0.00877
10	0.01281	0.01027	0.01244	0.01165	0.01331	0.03952	0.00888	0.08554	0.03398	0.01928	0.02088	0.02990	0.04875	0.15911	0.41660	0.00805	0.04995	0.00795	0.00435	0.00676
11	0.50607	0.03821	0.05609	0.07318	0.04073	0.01617	0.03718	0.02264	0.08502	0.04897	0.01288	0.01453	0.00979	0.00686	0.00529	0.00218	0.00644	0.00484	0.00446	0.00846
12	0.10524	0.04460	0.01387	0.08620	0.01711	0.01225	0.00948	0.11643	0.01644	0.02393	0.06837	0.21429	0.04070	0.09189	0.01065	0.00279	0.02879	0.02771	0.00536	0.06389
13	0.05740	0.06944	0.64726	0.01892	0.02870	0.01672	0.02412	0.02196	0.01455	0.02233	0.01223	0.01438	0.00878	0.00659	0.00640	0.00217	0.00991	0.00501	0.00302	0.01010
14	0.05625	0.08447	0.34420	0.02363	0.17710	0.10316	0.03753	0.05458	0.01633	0.02273	0.01234	0.01479	0.00948	0.00661	0.00643	0.00207	0.00959	0.00527	0.00342	0.01002
15	0.07651	0.05919	0.01733	0.01324	0.01777	0.07790	0.01070	0.18199	0.08998	0.23084	0.05509	0.08034	0.01909	0.00950	0.00679	0.00212	0.00664	0.00754	0.00668	0.03076
16	0.10253	0.08456	0.14732	0.06934	0.38785	0.01755	0.01937	0.05130	0.01576	0.02373	0.01247	0.01570	0.01004	0.00644	0.00637	0.00207	0.00829	0.00555	0.00356	0.01022

[dist]
# distance from previous block
# <min> <max>
0	3

[block]
# block no. 5 follows, 30 sequences, length 6
# corresponding to MSA columns:
# 257-262
name=unknown_F
#
# <colnr> <probs for GDERKNQSTAVLIFYWHMCP>
#	G	D	E	R	K	N	Q	S	T	A	V	L	I	F	Y	W	H	M	C	P
0	0.18720	0.01776	0.09420	0.11661	0.15686	0.01698	0.19456	0.02060	0.01428	0.02321	0.01209	0.01611	0.00953	0.00694	0.00831	0.00231	0.08381	0.00611	0.00353	0.00901
1	0.02094	0.02356	0.02295	0.02760	0.29715	0.32457	0.01656	0.02532	0.08056	0.02047	0.01324	0.01591	0.01097	0.00738	0.00784	0.00205	0.06396	0.00562	0.00382	0.00952
2	0.01100	0.00832	0.01298	0.01201	0.01370	0.00849	0.07578	0.01325	0.01309	0.04291	0.06425	0.20390	0.05178	0.12240	0.30570	0.00662	0.01116	0.01136	0.00493	0.00638
3	0.08102	0.33740	0.02544	0.01570	0.08703	0.15924	0.01194	0.04583	0.01540	0.01910	0.01227	0.01670	0.01131	0.08532	0.04759	0.00275	0.00893	0.00509	0.00358	0.00837
4	0.01000	0.00735	0.01057	0.01057	0.01159	0.00837	0.00792	0.01205	0.01102	0.01572	0.01928	0.03067	0.01886	0.17782	0.60355	0.01042	0.01656	0.00795	0.00383	0.00587
5	0.09129	0.00762	0.00845	0.00850	0.00917	0.00791	0.00552	0.01177	0.01098	0.01623	0.02206	0.04450	0.02461	0.56570	0.06759	0.00618	0.00724	0.07536	0.00443	0.00490

[dist]
# distance from previous block
# <min> <max>
0	2

[block]
# block no. 6 follows, 30 sequences, length 6
# corresponding to MSA columns:
# 265-270
name=unknown_G
#
# <colnr> <probs for GDERKNQSTAVLIFYWHMCP>
#	G	D	E	R	K	N	Q	S	T	A	V	L	I	F	Y	W	H	M	C	P
0	0.36090	0.10117	0.09212	0.01330	0.01810	0.13798	0.01192	0.04614	0.07738	0.02575	0.01212	0.01364	0.00958	0.00721	0.00626	0.00210	0.04695	0.00463	0.00418	0.00857
1	0.08098	0.02627	0.09342	0.12821	0.02538	0.39941	0.01497	0.02519	0.06814	0.01990	0.01369	0.01778	0.01130	0.00778	0.00650	0.00206	0.01047	0.03625	0.00390	0.00838
2	0.03938	0.10153	0.13654	0.06741	0.19382	0.12437	0.05724	0.08548	0.01773	0.05779	0.01578	0.01795	0.04027	0.00726	0.00660	0.00204	0.00899	0.00599	0.00407	0.00977
3	0.02370	0.06266	0.01990	0.01463	0.01994	0.01908	0.01205	0.40177	0.16121	0.10125	0.01930	0.01873	0.01395	0.00821	0.00671	0.00203	0.00687	0.00634	0.00669	0.07496
4	0.01929	0.01545	0.01616	0.01595	0.07440	0.11532	0.01149	0.10859	0.16134	0.11798	0.08703	0.11643	0.02580	0.01148	0.00750	0.00232	0.00680	0.07094	0.00640	0.00935
5	0.01426	0.01198	0.05013	0.01182	0.01467	0.01117	0.00938	0.17309	0.06929	0.02544	0.05890	0.32170	0.07028	0.04389	0.00966	0.03243	0.00553	0.01267	0.00617	0.04757

[dist]
# distance from previous block
# <min> <max>
1	3

[block]
# block no. 7 follows, 30 sequences, length 27
# corresponding to MSA columns:
# 274-300
name=unknown_H
#
# <colnr> <probs for GDERKNQSTAVLIFYWHMCP>
#	G	D	E	R	K	N	Q	S	T	A	V	L	I	F	Y	W	H	M	C	P
0	0.18453	0.01811	0.01803	0.03418	0.04949	0.10070	0.01237	0.26123	0.07975	0.05502	0.01504	0.01646	0.01146	0.00964	0.03157	0.00250	0.07910	0.00574	0.00536	0.00973
1	0.11655	0.03057	0.54130	0.01948	0.05126	0.01592	0.06033	0.02160	0.01466	0.02352	0.03479	0.01583	0.01070	0.00680	0.00648	0.00221	0.00946	0.00543	0.00333	0.00981
2	0.01672	0.01401	0.01522	0.01144	0.01695	0.03623	0.00912	0.15234	0.01831	0.02625	0.01761	0.01957	0.05988	0.03140	0.00679	0.00155	0.00587	0.00552	0.00486	0.53038
3	0.00895	0.00652	0.00848	0.00994	0.01053	0.00626	0.00671	0.01109	0.04785	0.01839	0.03796	0.71376	0.04490	0.02124	0.00882	0.00281	0.00412	0.01924	0.00651	0.00594
4	0.01086	0.00829	0.01243	0.01295	0.01471	0.00806	0.05696	0.01379	0.01570	0.02063	0.07054	0.21496	0.06292	0.01858	0.00927	0.00299	0.00604	0.42754	0.00630	0.00646
5	0.03131	0.01188	0.01619	0.01242	0.01781	0.01026	0.01026	0.03401	0.01997	0.71606	0.02753	0.02375	0.01727	0.00864	0.00702	0.00216	0.00594	0.00702	0.00864	0.01188
6	0.01697	0.01466	0.01541	0.01390	0.01778	0.01687	0.01080	0.03594	0.66979	0.02875	0.03019	0.02777	0.05032	0.00981	0.00715	0.00237	0.00544	0.00818	0.00707	0.01083
7	0.00958	0.00703	0.00898	0.00869	0.01030	0.00643	0.00644	0.01253	0.01877	0.02611	0.58077	0.11828	0.12943	0.01532	0.00829	0.00227	0.00339	0.01350	0.00745	0.00643
8	0.00891	0.00704	0.00802	0.00790	0.00986	0.00615	0.00588	0.01125	0.01730	0.02243	0.32226	0.09896	0.41615	0.01655	0.00828	0.00232	0.00347	0.01417	0.00696	0.00615
9	0.00869	0.00621	0.00832	0.00994	0.01042	0.00583	0.00681	0.01005	0.01355	0.01803	0.03836	0.70327	0.04573	0.02168	0.00896	0.00286	0.00421	0.06488	0.00647	0.00572
10	0.01026	0.00791	0.01178	0.01161	0.01279	0.00942	0.00908	0.01270	0.01119	0.01623	0.01816	0.02674	0.01699	0.05012	0.68815	0.01076	0.05870	0.00740	0.00370	0.00631
11	0.00860	0.00615	0.00819	0.00965	0.01014	0.00574	0.00649	0.00997	0.01383	0.01857	0.08808	0.69844	0.04761	0.02130	0.00886	0.00279	0.00399	0.01930	0.00657	0.00574
12	0.02653	0.01955	0.02094	0.01606	0.02164	0.02164	0.01326	0.68796	0.03281	0.04398	0.01675	0.01675	0.01187	0.00838	0.00698	0.00209	0.00768	0.00628	0.00698	0.01187
13	0.02508	0.13087	0.02210	0.01708	0.02108	0.60122	0.01326	0.05585	0.01959	0.01817	0.01090	0.01258	0.00911	0.00708	0.00608	0.00177	0.01168	0.00447	0.00366	0.00837
14	0.01325	0.04265	0.01269	0.01043	0.01309	0.01073	0.00816	0.10435	0.10280	0.02920	0.46912	0.04341	0.08702	0.01275	0.00777	0.00218	0.00433	0.01095	0.00725	0.00788
15	0.04397	0.01554	0.01654	0.01413	0.01857	0.01741	0.01119	0.15797	0.48958	0.06251	0.02484	0.02319	0.01841	0.00893	0.00690	0.00224	0.00593	0.00724	0.00692	0.04801
16	0.01596	0.01760	0.06008	0.20762	0.07048	0.01739	0.38963	0.05065	0.01613	0.02187	0.01340	0.01823	0.01019	0.00669	0.00859	0.00236	0.05322	0.00729	0.00352	0.00911
17	0.80405	0.01350	0.01026	0.00918	0.01350	0.01565	0.00756	0.02051	0.01188	0.03131	0.00972	0.01134	0.00756	0.00648	0.00432	0.00216	0.00540	0.00378	0.00432	0.00756
18	0.80405	0.01350	0.01026	0.00918	0.01350	0.01565	0.00756	0.02051	0.01188	0.03131	0.00972	0.01134	0.00756	0.00648	0.00432	0.00216	0.00540	0.00378	0.00432	0.00756
19	0.01518	0.06253	0.40483	0.02312	0.05343	0.01756	0.22894	0.02173	0.01500	0.02156	0.01267	0.01596	0.00948	0.00674	0.00817	0.00228	0.06170	0.00615	0.00315	0.00981
20	0.00850	0.00688	0.00757	0.00800	0.00985	0.00596	0.00589	0.01025	0.01545	0.01902	0.08379	0.22601	0.50214	0.01860	0.00846	0.00250	0.00378	0.04494	0.00652	0.00589
21	0.00916	0.00668	0.00853	0.00961	0.01037	0.00639	0.00654	0.01143	0.04613	0.01930	0.11430	0.57395	0.06929	0.06081	0.01019	0.00294	0.00416	0.01774	0.00652	0.00595
22	0.01015	0.00677	0.00761	0.00761	0.00761	0.00677	0.00423	0.01015	0.01015	0.01353	0.02199	0.04567	0.02537	0.75476	0.03552	0.00677	0.00677	0.01015	0.00423	0.00423
23	0.01441	0.01240	0.01479	0.04644	0.01810	0.00961	0.00882	0.01758	0.01444	0.02250	0.01240	0.01468	0.01028	0.00526	0.00526	0.00110	0.00537	0.00424	0.00408	0.75823
24	0.01660	0.08313	0.41070	0.02140	0.07117	0.11881	0.09136	0.02248	0.01541	0.02071	0.01206	0.01480	0.00921	0.00691	0.00765	0.00216	0.05721	0.00541	0.00314	0.00968
25	0.02611	0.01812	0.01983	0.01538	0.02069	0.01972	0.01263	0.58952	0.03057	0.10926	0.01890	0.05384	0.01410	0.00907	0.00708	0.00214	0.00733	0.00703	0.00712	0.01156
26	0.01421	0.06553	0.47629	0.02130	0.11045	0.01565	0.05302	0.02081	0.01558	0.02267	0.10264	0.01990	0.01659	0.00750	0.00684	0.00216	0.00908	0.00633	0.00365	0.00981

[dist]
# distance from previous block
# <min> <max>
11	21

[block]
# block no. 8 follows, 30 sequences, length 28
# corresponding to MSA columns:
# 327-354
name=unknown_I
#
# <colnr> <probs for GDERKNQSTAVLIFYWHMCP>
#	G	D	E	R	K	N	Q	S	T	A	V	L	I	F	Y	W	H	M	C	P
0	0.02276	0.20588	0.05480	0.04094	0.07324	0.31557	0.01437	0.15116	0.02021	0.02272	0.01196	0.01367	0.00969	0.00702	0.00606	0.00183	0.00988	0.00486	0.00404	0.00933
1	0.04498	0.00906	0.00963	0.00913	0.01171	0.00881	0.00690	0.05272	0.10253	0.04230	0.10234	0.12530	0.39630	0.03620	0.00866	0.00249	0.00429	0.01296	0.00658	0.00710
2	0.00986	0.00748	0.01029	0.01070	0.01193	0.00704	0.03620	0.03984	0.01482	0.01988	0.07419	0.59904	0.07074	0.01952	0.00862	0.00268	0.00451	0.01770	0.00637	0.02860
3	0.01493	0.01461	0.02604	0.42039	0.25737	0.01614	0.11083	0.01959	0.01491	0.02003	0.01287	0.01821	0.01003	0.00659	0.00713	0.00225	0.00932	0.00648	0.00327	0.00903
4	0.01422	0.01214	0.01421	0.01031	0.01627	0.00915	0.00820	0.01725	0.01442	0.02254	0.01348	0.04476	0.01181	0.00586	0.00532	0.00111	0.00512	0.00478	0.00423	0.76482
5	0.01173	0.00902	0.01075	0.01001	0.01229	0.00903	0.00771	0.04595	0.13299	0.02750	0.45980	0.04926	0.12622	0.01384	0.00806	0.00229	0.00404	0.04469	0.00736	0.00747
6	0.01727	0.01658	0.02832	0.04283	0.71123	0.01658	0.02142	0.02142	0.01589	0.02280	0.01313	0.01727	0.01105	0.00622	0.00691	0.00207	0.00829	0.00622	0.00345	0.01105
7	0.80405	0.01350	0.01026	0.00918	0.01350	0.01565	0.00756	0.02051	0.01188	0.03131	0.00972	0.01134	0.00756	0.00648	0.00432	0.00216	0.00540	0.00378	0.00432	0.00756
8	0.02569	0.06989	0.02062	0.01767	0.02139	0.69145	0.01341	0.02751	0.01949	0.01705	0.01073	0.01251	0.00899	0.00713	0.00620	0.00178	0.01233	0.00446	0.00356	0.00813
9	0.03131	0.01188	0.01619	0.01242	0.01781	0.01026	0.01026	0.03401	0.01997	0.71606	0.02753	0.02375	0.01727	0.00864	0.00702	0.00216	0.00594	0.00702	0.00864	0.01188
10	0.00869	0.00709	0.00768	0.00753	0.00970	0.00608	0.00565	0.01087	0.01695	0.02133	0.24357	0.06308	0.53397	0.01675	0.00824	0.00231	0.00347	0.01416	0.00681	0.00608
11	0.00867	0.00621	0.00825	0.00960	0.01016	0.00578	0.00649	0.01015	0.01416	0.01909	0.12229	0.66274	0.04862	0.02091	0.00882	0.00275	0.00395	0.01893	0.00663	0.00578
12	0.01003	0.00678	0.00758	0.00758	0.00772	0.00671	0.00430	0.01014	0.01051	0.01386	0.02502	0.04701	0.06794	0.70882	0.03382	0.00649	0.00656	0.01043	0.00437	0.00433
13	0.01015	0.00677	0.00761	0.00761	0.00761	0.00677	0.00423	0.01015	0.01015	0.01353	0.02199	0.04567	0.02537	0.75476	0.03552	0.00677	0.00677	0.01015	0.00423	0.00423
14	0.02370	0.02408	0.01897	0.01634	0.02061	0.32063	0.01272	0.22029	0.21815	0.02829	0.01755	0.01764	0.01335	0.00818	0.00672	0.00205	0.00915	0.00598	0.00557	0.01002
15	0.01291	0.00879	0.01221	0.14178	0.01849	0.00904	0.00959	0.01680	0.06427	0.09954	0.22110	0.28821	0.04008	0.01467	0.00803	0.00245	0.00510	0.01306	0.00649	0.00738
16	0.01542	0.01567	0.02039	0.04309	0.01903	0.06373	0.01472	0.01705	0.01154	0.01692	0.01130	0.06358	0.01159	0.01235	0.02039	0.00294	0.62253	0.00691	0.00331	0.00754
17	0.01043	0.00811	0.01015	0.00992	0.01219	0.00684	0.00705	0.01225	0.01372	0.01940	0.03006	0.51313	0.03461	0.01648	0.00770	0.00225	0.00441	0.01478	0.00572	0.26079
18	0.02475	0.16441	0.02292	0.01673	0.02091	0.54693	0.01319	0.07573	0.01973	0.01896	0.01103	0.01264	0.00920	0.00706	0.00601	0.00176	0.01129	0.00449	0.00374	0.00853
19	0.06371	0.01218	0.01591	0.01241	0.01765	0.01103	0.01020	0.03366	0.07142	0.63397	0.02683	0.02339	0.01716	0.00861	0.00691	0.00218	0.00588	0.00694	0.00833	0.01163
20	0.02602	0.01894	0.02040	0.01579	0.02125	0.02093	0.01300	0.61751	0.08098	0.06645	0.01798	0.01768	0.01275	0.00847	0.00699	0.00212	0.00746	0.00643	0.00705	0.01181
21	0.01438	0.01116	0.01336	0.01035	0.01539	0.00867	0.00805	0.01710	0.01460	0.06501	0.01831	0.15518	0.01759	0.00856	0.00600	0.00145	0.00500	0.00731	0.00486	0.59765
22	0.01866	0.75896	0.03657	0.01194	0.01791	0.02761	0.01194	0.02090	0.01418	0.01642	0.00970	0.01119	0.00896	0.00597	0.00448	0.00149	0.00746	0.00373	0.00299	0.00896
23	0.06669	0.01743	0.08647	0.10357	0.31457	0.01628	0.05541	0.09202	0.06180	0.02528	0.01539	0.02040	0.01262	0.00739	0.00688	0.00217	0.00812	0.03933	0.00422	0.04397
24	0.02382	0.01823	0.02034	0.06170	0.04751	0.02035	0.01356	0.51264	0.14310	0.03910	0.01831	0.01845	0.01327	0.00840	0.00700	0.00215	0.00744	0.00655	0.00663	0.01144
25	0.02653	0.01955	0.02094	0.01606	0.02164	0.02164	0.01326	0.68796	0.03281	0.04398	0.01675	0.01675	0.01187	0.00838	0.00698	0.00209	0.00768	0.00628	0.00698	0.01187
26	0.01988	0.01533	0.01682	0.01393	0.01790	0.01700	0.01102	0.33325	0.20065	0.03308	0.05060	0.05408	0.01937	0.08139	0.03044	0.00289	0.03024	0.00786	0.00644	0.03783
27	0.01504	0.01494	0.02094	0.01802	0.01807	0.02084	0.01499	0.01661	0.01071	0.01677	0.00956	0.01578	0.00951	0.01391	0.05273	0.00340	0.71135	0.00616	0.00308	0.00757

[dist]
# distance from previous block
# <min> <max>
0	1

[block]
# block no. 9 follows, 30 sequences, length 6
# corresponding to MSA columns:
# 356-361
name=unknown_J
#
# <colnr> <probs for GDERKNQSTAVLIFYWHMCP>
#	G	D	E	R	K	N	Q	S	T	A	V	L	I	F	Y	W	H	M	C	P
0	0.04594	0.01271	0.08334	0.01159	0.01547	0.01027	0.00990	0.05441	0.05983	0.24981	0.03215	0.15180	0.11884	0.09890	0.01070	0.00285	0.00586	0.01032	0.00656	0.00875
1	0.01264	0.01182	0.01942	0.65822	0.04385	0.01445	0.01784	0.01698	0.01417	0.01794	0.01876	0.02390	0.08560	0.00814	0.00712	0.00233	0.00867	0.00713	0.00347	0.00755
2	0.01315	0.08246	0.01019	0.00771	0.00972	0.00894	0.00613	0.01619	0.01411	0.02367	0.02088	0.02472	0.01692	0.01412	0.10622	0.00296	0.00584	0.00636	0.60298	0.00671
3	0.01447	0.01240	0.01447	0.01034	0.01654	0.00930	0.00827	0.01757	0.01447	0.02274	0.01240	0.01447	0.01034	0.00517	0.00517	0.00103	0.00517	0.00413	0.00413	0.79742
4	0.00960	0.00709	0.00878	0.00838	0.01003	0.00647	0.00617	0.01236	0.01833	0.02522	0.53894	0.05442	0.18137	0.07010	0.01027	0.00257	0.00360	0.01282	0.00720	0.00628
5	0.01049	0.00846	0.01110	0.11170	0.01656	0.00818	0.00857	0.01362	0.04347	0.02076	0.14682	0.31372	0.12878	0.01528	0.00788	0.00234	0.00480	0.01351	0.00593	0.10805

[dist]
# distance from previous block
# <min> <max>
0	1

[block]
# block no. 10 follows, 30 sequences, length 18
# corresponding to MSA columns:
# 363-380
name=unknown_K
#
# <colnr> <probs for GDERKNQSTAVLIFYWHMCP>
#	G	D	E	R	K	N	Q	S	T	A	V	L	I	F	Y	W	H	M	C	P
0	0.05878	0.07673	0.35932	0.02584	0.22512	0.05506	0.05932	0.02206	0.01524	0.02216	0.01235	0.01516	0.00952	0.00645	0.00651	0.00211	0.00947	0.00543	0.00324	0.01012
1	0.80405	0.01350	0.01026	0.00918	0.01350	0.01565	0.00756	0.02051	0.01188	0.03131	0.00972	0.01134	0.00756	0.00648	0.00432	0.00216	0.00540	0.00378	0.00432	0.00756
2	0.01542	0.15621	0.56732	0.01846	0.02769	0.05654	0.02281	0.02221	0.01491	0.02088	0.01196	0.01403	0.00887	0.00655	0.00625	0.00207	0.00996	0.00488	0.00299	0.00997
3	0.01035	0.00750	0.01016	0.01162	0.01302	0.00730	0.00963	0.01298	0.01544	0.02001	0.04033	0.22972	0.10168	0.01972	0.00935	0.00305	0.00563	0.45986	0.00644	0.00621
4	0.01149	0.00606	0.00892	0.00920	0.00927	0.00599	0.00613	0.00920	0.00983	0.01311	0.01668	0.14736	0.01801	0.02383	0.02409	0.65955	0.00571	0.00844	0.00363	0.00349
5	0.01409	0.00947	0.01120	0.01007	0.01206	0.01009	0.00766	0.13866	0.01776	0.02597	0.17502	0.03197	0.02780	0.09928	0.11127	0.04980	0.02904	0.00835	0.20336	0.00706
6	0.03131	0.01188	0.01619	0.01242	0.01781	0.01026	0.01026	0.03401	0.01997	0.71606	0.02753	0.02375	0.01727	0.00864	0.00702	0.00216	0.00594	0.00702	0.00864	0.01188
7	0.01424	0.01216	0.01344	0.01315	0.04409	0.01322	0.00973	0.02683	0.41686	0.02591	0.09261	0.04030	0.19330	0.01219	0.00758	0.00238	0.00502	0.04096	0.00681	0.00921
8	0.01727	0.01658	0.02832	0.04283	0.71123	0.01658	0.02142	0.02142	0.01589	0.02280	0.01313	0.01727	0.01105	0.00622	0.00691	0.00207	0.00829	0.00622	0.00345	0.01105
9	0.01097	0.00799	0.01053	0.01008	0.01099	0.00811	0.03831	0.05012	0.01268	0.01708	0.02496	0.21328	0.02804	0.41248	0.10847	0.00585	0.00781	0.01189	0.00485	0.00551
10	0.00969	0.00679	0.00753	0.00762	0.00810	0.00654	0.00456	0.01010	0.01145	0.01480	0.03241	0.08749	0.16033	0.57119	0.02875	0.00569	0.00599	0.01156	0.00479	0.00463
11	0.01117	0.00925	0.01383	0.01279	0.01412	0.01093	0.04070	0.01363	0.01225	0.01777	0.05969	0.06217	0.04593	0.03664	0.44209	0.00778	0.14411	0.00840	0.03011	0.00662
12	0.01698	0.00849	0.01117	0.01021	0.01288	0.00754	0.00774	0.01923	0.01737	0.27157	0.18010	0.26908	0.10886	0.01505	0.00801	0.00241	0.00451	0.01315	0.00751	0.00812
13	0.01518	0.01445	0.02455	0.39776	0.37263	0.01603	0.02038	0.01958	0.01490	0.02026	0.01276	0.01795	0.01016	0.00661	0.00694	0.00220	0.00881	0.00621	0.00327	0.00937
14	0.02260	0.01550	0.05840	0.01816	0.13881	0.01335	0.01304	0.13705	0.01967	0.25854	0.01834	0.01846	0.01296	0.00714	0.00648	0.00184	0.00668	0.00588	0.00594	0.22118
15	0.01342	0.01193	0.01576	0.01298	0.01660	0.05123	0.12470	0.04192	0.04981	0.05421	0.11800	0.07763	0.31568	0.01302	0.00784	0.00224	0.00593	0.01145	0.00596	0.04970
16	0.05547	0.08084	0.04422	0.05427	0.04348	0.08399	0.01261	0.15816	0.21055	0.11238	0.02094	0.02067	0.03601	0.00832	0.00660	0.00210	0.00721	0.00649	0.00589	0.02982
17	0.18801	0.01566	0.06582	0.25822	0.04896	0.07421	0.01394	0.05123	0.01601	0.05583	0.09037	0.02268	0.05504	0.00837	0.00652	0.00220	0.00756	0.00667	0.00453	0.00818

[dist]
# distance from previous block
# <min> <max>
4	16

[block]
# block no. 11 follows, 30 sequences, length 43
# corresponding to MSA columns:
# 397-439
name=unknown_L
#
# <colnr> <probs for GDERKNQSTAVLIFYWHMCP>
#	G	D	E	R	K	N	Q	S	T	A	V	L	I	F	Y	W	H	M	C	P
0	0.20131	0.13612	0.05877	0.04488	0.01975	0.10112	0.01210	0.15658	0.12166	0.02781	0.01562	0.04795	0.01274	0.00802	0.00597	0.00207	0.00742	0.00587	0.00494	0.00931
1	0.09299	0.11595	0.43603	0.01697	0.02488	0.05953	0.01969	0.05154	0.03681	0.02290	0.01283	0.01499	0.00973	0.00922	0.04533	0.00259	0.00982	0.00508	0.00348	0.00962
2	0.01301	0.00650	0.00650	0.00650	0.00813	0.00650	0.00488	0.01626	0.01463	0.02602	0.02276	0.02602	0.01789	0.00813	0.00488	0.00163	0.00325	0.00650	0.79350	0.00650
3	0.05146	0.01553	0.01599	0.01373	0.01791	0.03878	0.01086	0.18288	0.39246	0.05811	0.05639	0.02683	0.06871	0.00978	0.00706	0.00226	0.00601	0.00790	0.00689	0.01048
4	0.01866	0.75896	0.03657	0.01194	0.01791	0.02761	0.01194	0.02090	0.01418	0.01642	0.00970	0.01119	0.00896	0.00597	0.00448	0.00149	0.00746	0.00373	0.00299	0.00896
5	0.01416	0.03494	0.67338	0.02053	0.03062	0.01630	0.06985	0.02212	0.01485	0.02212	0.01263	0.01501	0.00896	0.00658	0.00674	0.00222	0.01041	0.00536	0.00299	0.01025
6	0.01913	0.73076	0.03580	0.01196	0.01791	0.02696	0.01188	0.02139	0.01440	0.04282	0.01037	0.01167	0.00927	0.00607	0.00457	0.00152	0.00741	0.00386	0.00320	0.00907
7	0.01677	0.26941	0.39750	0.01736	0.04758	0.04214	0.01949	0.02223	0.01497	0.04977	0.01220	0.01397	0.00937	0.00646	0.00589	0.00192	0.00903	0.00475	0.00328	0.03593
8	0.02628	0.02699	0.02031	0.01710	0.02160	0.40432	0.01338	0.32971	0.02574	0.02938	0.01352	0.01449	0.01031	0.00773	0.00661	0.00193	0.01034	0.00531	0.00514	0.00982
9	0.01301	0.00650	0.00650	0.00650	0.00813	0.00650	0.00488	0.01626	0.01463	0.02602	0.02276	0.02602	0.01789	0.00813	0.00488	0.00163	0.00325	0.00650	0.79350	0.00650
10	0.04340	0.01384	0.03916	0.06224	0.01964	0.01168	0.01032	0.06043	0.07463	0.08453	0.01526	0.01659	0.01175	0.00625	0.00575	0.00148	0.00588	0.00500	0.00484	0.50734
11	0.01726	0.01616	0.05002	0.30369	0.09610	0.03855	0.21455	0.02189	0.01568	0.10561	0.01465	0.01873	0.01078	0.00700	0.00795	0.00230	0.03918	0.00681	0.00395	0.00913
12	0.01212	0.00606	0.00909	0.00909	0.00909	0.00606	0.00606	0.00909	0.00909	0.01212	0.01212	0.02121	0.01212	0.02424	0.02727	0.79697	0.00606	0.00606	0.00303	0.00303
13	0.03131	0.01188	0.01619	0.01242	0.01781	0.01026	0.01026	0.03401	0.01997	0.71606	0.02753	0.02375	0.01727	0.00864	0.00702	0.00216	0.00594	0.00702	0.00864	0.01188
14	0.02781	0.04834	0.09072	0.01477	0.04301	0.03720	0.01274	0.10118	0.02040	0.49564	0.02301	0.02094	0.01498	0.00816	0.00684	0.00211	0.00694	0.00649	0.00728	0.01143
15	0.01051	0.00843	0.00996	0.01074	0.03477	0.00830	0.00748	0.01533	0.13249	0.02091	0.09388	0.29100	0.24017	0.04972	0.00948	0.00272	0.00443	0.03633	0.00647	0.00687
16	0.80405	0.01350	0.01026	0.00918	0.01350	0.01565	0.00756	0.02051	0.01188	0.03131	0.00972	0.01134	0.00756	0.00648	0.00432	0.00216	0.00540	0.00378	0.00432	0.00756
17	0.01400	0.03610	0.71860	0.01989	0.03020	0.01621	0.02578	0.02210	0.01473	0.02210	0.01252	0.01473	0.00884	0.00663	0.00663	0.00221	0.01031	0.00516	0.00295	0.01031
18	0.01301	0.00650	0.00650	0.00650	0.00813	0.00650	0.00488	0.01626	0.01463	0.02602	0.02276	0.02602	0.01789	0.00813	0.00488	0.00163	0.00325	0.00650	0.79350	0.00650
19	0.01589	0.02345	0.23532	0.02894	0.14990	0.01705	0.38108	0.02212	0.01587	0.02236	0.01349	0.01737	0.01016	0.00616	0.00754	0.00226	0.01075	0.00700	0.00335	0.00995
20	0.01412	0.01336	0.02262	0.57873	0.19999	0.01575	0.01985	0.01865	0.01440	0.01897	0.01257	0.01830	0.00970	0.00680	0.00696	0.00227	0.00907	0.00621	0.00318	0.00851
21	0.02607	0.03326	0.01978	0.01798	0.02157	0.72674	0.01348	0.02787	0.01978	0.01708	0.01079	0.01258	0.00899	0.00719	0.00629	0.00180	0.01258	0.00449	0.00360	0.00809
22	0.01688	0.01286	0.01509	0.01093	0.01702	0.01026	0.00881	0.06651	0.01628	0.08843	0.01411	0.01549	0.01109	0.00572	0.00547	0.00121	0.00542	0.00455	0.00475	0.66912
23	0.00964	0.00712	0.00900	0.00853	0.01028	0.00648	0.00640	0.01271	0.01919	0.02665	0.61459	0.05432	0.15963	0.01476	0.00823	0.00222	0.00333	0.01293	0.00751	0.00648
24	0.01008	0.00703	0.00893	0.00893	0.00938	0.00748	0.00587	0.01099	0.01054	0.01451	0.02078	0.03900	0.02247	0.49808	0.28823	0.00839	0.01112	0.00917	0.00405	0.00496
25	0.01124	0.00803	0.01124	0.01285	0.01446	0.00803	0.01124	0.01446	0.01606	0.02088	0.03695	0.07871	0.04016	0.01928	0.00964	0.00321	0.00643	0.66426	0.00643	0.00643
26	0.00948	0.00754	0.00856	0.00831	0.01040	0.00687	0.00622	0.01295	0.05947	0.02314	0.32445	0.08605	0.37937	0.01596	0.00820	0.00231	0.00358	0.01366	0.00700	0.00648
27	0.80405	0.01350	0.01026	0.00918	0.01350	0.01565	0.00756	0.02051	0.01188	0.03131	0.00972	0.01134	0.00756	0.00648	0.00432	0.00216	0.00540	0.00378	0.00432	0.00756
28	0.02580	0.01918	0.02053	0.01591	0.02136	0.02130	0.01309	0.63616	0.08580	0.04280	0.01768	0.01749	0.01262	0.00846	0.00699	0.00212	0.00751	0.00641	0.00699	0.01180
29	0.01465	0.04465	0.01542	0.01041	0.01660	0.01009	0.00843	0.01771	0.01446	0.02247	0.01229	0.01433	0.01028	0.00520	0.00514	0.00105	0.00527	0.00412	0.00408	0.76336
30	0.01866	0.75896	0.03657	0.01194	0.01791	0.02761	0.01194	0.02090	0.01418	0.01642	0.00970	0.01119	0.00896	0.00597	0.00448	0.00149	0.00746	0.00373	0.00299	0.00896
31	0.00997	0.00748	0.01121	0.01121	0.01246	0.00872	0.00872	0.01246	0.01121	0.01620	0.01869	0.02741	0.01745	0.05234	0.72710	0.01121	0.01869	0.00748	0.00374	0.00623
32	0.00998	0.00743	0.01097	0.01097	0.01213	0.00859	0.00842	0.01230	0.01114	0.01602	0.01892	0.02866	0.01798	0.10011	0.68006	0.01091	0.01788	0.00766	0.00377	0.00609
33	0.80405	0.01350	0.01026	0.00918	0.01350	0.01565	0.00756	0.02051	0.01188	0.03131	0.00972	0.01134	0.00756	0.00648	0.00432	0.00216	0.00540	0.00378	0.00432	0.00756
34	0.01790	0.01487	0.01580	0.01413	0.01813	0.01708	0.01101	0.03696	0.67235	0.05578	0.02837	0.02595	0.02115	0.00944	0.00710	0.00236	0.00554	0.00786	0.00716	0.01108
35	0.01301	0.00650	0.00650	0.00650	0.00813	0.00650	0.00488	0.01626	0.01463	0.02602	0.02276	0.02602	0.01789	0.00813	0.00488	0.00163	0.00325	0.00650	0.79350	0.00650
36	0.01318	0.01240	0.02093	0.73798	0.04806	0.01550	0.01938	0.01783	0.01395	0.01783	0.01240	0.01860	0.00930	0.00698	0.00698	0.00233	0.00930	0.00620	0.00310	0.00775
37	0.01727	0.01658	0.02832	0.04283	0.71123	0.01658	0.02142	0.02142	0.01589	0.02280	0.01313	0.01727	0.01105	0.00622	0.00691	0.00207	0.00829	0.00622	0.00345	0.01105
38	0.02614	0.01935	0.02072	0.01598	0.02149	0.02146	0.01317	0.66016	0.06125	0.04335	0.01725	0.01715	0.01227	0.00842	0.00699	0.00211	0.00759	0.00635	0.00699	0.01183
39	0.01301	0.00650	0.00650	0.00650	0.00813	0.00650	0.00488	0.01626	0.01463	0.02602	0.02276	0.02602	0.01789	0.00813	0.00488	0.00163	0.00325	0.00650	0.79350	0.00650
40	0.02519	0.03180	0.01991	0.01801	0.02131	0.66950	0.01363	0.02697	0.01904	0.01706	0.01065	0.01280	0.00900	0.00760	0.00764	0.00190	0.07177	0.00463	0.00355	0.00805
