[name]
unknown

[dist]
# distance from previous block
# <min> <max>
10	37

[block]
# block no. 0 follows, 28 sequences, length 51
# corresponding to MSA columns:
# 37-87
name=unknown_A
#
# <colnr> <probs for GDERKNQSTAVLIFYWHMCP>
#	G	D	E	R	K	N	Q	S	T	A	V	L	I	F	Y	W	H	M	C	P
0	0.07857	0.47123	0.14215	0.01433	0.02096	0.07194	0.01465	0.07455	0.01663	0.02157	0.01125	0.01283	0.00944	0.00666	0.00535	0.00180	0.00847	0.00440	0.00358	0.00963
1	0.02427	0.05537	0.01897	0.01615	0.01985	0.47670	0.01240	0.02631	0.01962	0.09471	0.04844	0.02263	0.09119	0.00933	0.00746	0.00203	0.03464	0.00657	0.00480	0.00856
2	0.03918	0.00894	0.01077	0.00998	0.01241	0.00847	0.00754	0.04437	0.04705	0.07277	0.36373	0.15446	0.13075	0.01499	0.00823	0.00236	0.00422	0.01302	0.00739	0.03938
3	0.76295	0.01378	0.01064	0.00954	0.01392	0.01591	0.00783	0.02105	0.01271	0.03247	0.03884	0.01359	0.01042	0.00709	0.00467	0.00225	0.00553	0.00432	0.00465	0.00783
4	0.00859	0.00736	0.00736	0.00736	0.00982	0.00614	0.00552	0.01043	0.01657	0.01964	0.07364	0.06996	0.69624	0.01841	0.00859	0.00245	0.00368	0.01534	0.00675	0.00614
5	0.01583	0.01290	0.01515	0.01086	0.01728	0.00973	0.00870	0.01905	0.01532	0.05317	0.01360	0.01549	0.01108	0.00554	0.00547	0.00113	0.00542	0.00444	0.00451	0.75533
6	0.01921	0.71617	0.06888	0.01282	0.01925	0.02822	0.01310	0.02182	0.01480	0.01737	0.01024	0.01183	0.00932	0.00625	0.00477	0.00159	0.00791	0.00396	0.00311	0.00939
7	0.01943	0.74891	0.03809	0.01244	0.01866	0.02876	0.01244	0.02177	0.01477	0.01710	0.01011	0.01166	0.00933	0.00622	0.00466	0.00155	0.00777	0.00389	0.00311	0.00933
8	0.00913	0.00652	0.00875	0.01044	0.01098	0.00614	0.00723	0.01060	0.01419	0.01887	0.03991	0.67609	0.04747	0.02251	0.00935	0.00299	0.00446	0.08164	0.00674	0.00598
9	0.01373	0.01292	0.02180	0.72707	0.05006	0.01615	0.02019	0.01857	0.01453	0.01857	0.01292	0.01938	0.00969	0.00727	0.00727	0.00242	0.00969	0.00646	0.00323	0.00807
10	0.01355	0.00678	0.00678	0.00678	0.00847	0.00678	0.00508	0.01694	0.01524	0.02710	0.02371	0.02710	0.01863	0.00847	0.00508	0.00169	0.00339	0.00678	0.78489	0.00678
11	0.01799	0.01727	0.02950	0.04462	0.69919	0.01727	0.02231	0.02231	0.01655	0.02375	0.01367	0.01799	0.01151	0.00648	0.00720	0.00216	0.00864	0.00648	0.00360	0.01151
12	0.01373	0.01292	0.02180	0.72707	0.05006	0.01615	0.02019	0.01857	0.01453	0.01857	0.01292	0.01938	0.00969	0.00727	0.00727	0.00242	0.00969	0.00646	0.00323	0.00807
13	0.02763	0.02036	0.02182	0.01672	0.02254	0.02254	0.01382	0.67496	0.03418	0.04581	0.01745	0.01745	0.01236	0.00873	0.00727	0.00218	0.00800	0.00654	0.00727	0.01236
14	0.01943	0.74891	0.03809	0.01244	0.01866	0.02876	0.01244	0.02177	0.01477	0.01710	0.01011	0.01166	0.00933	0.00622	0.00466	0.00155	0.00777	0.00389	0.00311	0.00933
15	0.79588	0.01406	0.01068	0.00956	0.01406	0.01631	0.00787	0.02137	0.01237	0.03261	0.01012	0.01181	0.00787	0.00675	0.00450	0.00225	0.00562	0.00394	0.00450	0.00787
16	0.01799	0.01727	0.02950	0.04462	0.69919	0.01727	0.02231	0.02231	0.01655	0.02375	0.01367	0.01799	0.01151	0.00648	0.00720	0.00216	0.00864	0.00648	0.00360	0.01151
17	0.01716	0.01961	0.04289	0.03064	0.03799	0.01838	0.67279	0.02328	0.01716	0.02328	0.01471	0.01961	0.01103	0.00613	0.00858	0.00245	0.01225	0.00858	0.00368	0.00980
18	0.01263	0.00631	0.00947	0.00947	0.00947	0.00631	0.00631	0.00947	0.00947	0.01263	0.01263	0.02210	0.01263	0.02525	0.02841	0.78851	0.00631	0.00631	0.00316	0.00316
19	0.01373	0.01292	0.02180	0.72707	0.05006	0.01615	0.02019	0.01857	0.01453	0.01857	0.01292	0.01938	0.00969	0.00727	0.00727	0.00242	0.00969	0.00646	0.00323	0.00807
20	0.01355	0.00678	0.00678	0.00678	0.00847	0.00678	0.00508	0.01694	0.01524	0.02710	0.02371	0.02710	0.01863	0.00847	0.00508	0.00169	0.00339	0.00678	0.78489	0.00678
21	0.01904	0.01691	0.01692	0.01511	0.01927	0.05792	0.01176	0.06737	0.61823	0.03040	0.02798	0.02588	0.02101	0.00967	0.00734	0.00242	0.00627	0.00794	0.00718	0.01137
22	0.03261	0.01237	0.01687	0.01293	0.01856	0.01068	0.01068	0.03543	0.02081	0.70423	0.02868	0.02474	0.01799	0.00900	0.00731	0.00225	0.00619	0.00731	0.00900	0.01237
23	0.01148	0.00851	0.01220	0.04258	0.04381	0.00856	0.01150	0.01452	0.01608	0.02107	0.03675	0.20769	0.04054	0.01954	0.00966	0.00318	0.00640	0.47270	0.00644	0.00679
24	0.02683	0.01959	0.02096	0.01616	0.02174	0.02165	0.01332	0.63755	0.03310	0.04475	0.01781	0.01800	0.01272	0.00871	0.00715	0.00215	0.00774	0.00656	0.05147	0.01204
25	0.01171	0.00837	0.01171	0.01339	0.01506	0.00837	0.01171	0.01506	0.01673	0.02175	0.03849	0.08199	0.04183	0.02008	0.01004	0.00335	0.00669	0.65027	0.00669	0.00669
26	0.01647	0.01288	0.01522	0.01094	0.01733	0.00977	0.00878	0.01967	0.01553	0.07799	0.01418	0.01584	0.01134	0.00567	0.00554	0.00117	0.00545	0.00455	0.00468	0.72701
27	0.01943	0.74891	0.03809	0.01244	0.01866	0.02876	0.01244	0.02177	0.01477	0.01710	0.01011	0.01166	0.00933	0.00622	0.00466	0.00155	0.00777	0.00389	0.00311	0.00933
28	0.01799	0.01727	0.02950	0.04462	0.69919	0.01727	0.02231	0.02231	0.01655	0.02375	0.01367	0.01799	0.01151	0.00648	0.00720	0.00216	0.00864	0.00648	0.00360	0.01151
29	0.01808	0.01561	0.01644	0.01479	0.01890	0.01808	0.01151	0.03863	0.68606	0.03041	0.02959	0.02712	0.02219	0.00986	0.00740	0.00247	0.00575	0.00822	0.00740	0.01151
30	0.01029	0.00743	0.00972	0.00914	0.01086	0.00686	0.00686	0.01372	0.02058	0.02915	0.69536	0.05430	0.06859	0.01486	0.00857	0.00229	0.00343	0.01315	0.00800	0.00686
31	0.01355	0.00678	0.00678	0.00678	0.00847	0.00678	0.00508	0.01694	0.01524	0.02710	0.02371	0.02710	0.01863	0.00847	0.00508	0.00169	0.00339	0.00678	0.78489	0.00678
32	0.01458	0.03760	0.70688	0.02072	0.03146	0.01688	0.02686	0.02302	0.01535	0.02302	0.01304	0.01535	0.00921	0.00691	0.00691	0.00230	0.01074	0.00537	0.00307	0.01074
33	0.01799	0.01727	0.02950	0.04462	0.69919	0.01727	0.02231	0.02231	0.01655	0.02375	0.01367	0.01799	0.01151	0.00648	0.00720	0.00216	0.00864	0.00648	0.00360	0.01151
34	0.01590	0.01590	0.02226	0.01908	0.01908	0.02226	0.01590	0.01749	0.01113	0.01749	0.00954	0.01590	0.00954	0.01272	0.02385	0.00318	0.73123	0.00636	0.00318	0.00795
35	0.01038	0.00779	0.01168	0.01168	0.01298	0.00909	0.00909	0.01298	0.01168	0.01687	0.01947	0.02856	0.01817	0.05452	0.71573	0.01168	0.01947	0.00779	0.00389	0.00649
36	0.00876	0.00739	0.00770	0.00768	0.01004	0.00633	0.00577	0.01070	0.01644	0.01983	0.09354	0.06702	0.63450	0.02033	0.04879	0.00297	0.00457	0.01483	0.00663	0.00618
37	0.01716	0.01961	0.04289	0.03064	0.03799	0.01838	0.67279	0.02328	0.01716	0.02328	0.01471	0.01961	0.01103	0.00613	0.00858	0.00245	0.01225	0.00858	0.00368	0.00980
38	0.03261	0.01237	0.01687	0.01293	0.01856	0.01068	0.01068	0.03543	0.02081	0.70423	0.02868	0.02474	0.01799	0.00900	0.00731	0.00225	0.00619	0.00731	0.00900	0.01237
39	0.01799	0.01727	0.02950	0.04462	0.69919	0.01727	0.02231	0.02231	0.01655	0.02375	0.01367	0.01799	0.01151	0.00648	0.00720	0.00216	0.00864	0.00648	0.00360	0.01151
40	0.01717	0.01644	0.02803	0.17552	0.57468	0.01706	0.02190	0.02159	0.01616	0.02276	0.01353	0.01826	0.01116	0.00663	0.00721	0.00221	0.00884	0.00647	0.00353	0.01085
41	0.01373	0.01292	0.02180	0.72707	0.05006	0.01615	0.02019	0.01857	0.01453	0.01857	0.01292	0.01938	0.00969	0.00727	0.00727	0.00242	0.00969	0.00646	0.00323	0.00807
42	0.03261	0.01237	0.01687	0.01293	0.01856	0.01068	0.01068	0.03543	0.02081	0.70423	0.02868	0.02474	0.01799	0.00900	0.00731	0.00225	0.00619	0.00731	0.00900	0.01237
43	0.03261	0.01237	0.01687	0.01293	0.01856	0.01068	0.01068	0.03543	0.02081	0.70423	0.02868	0.02474	0.01799	0.00900	0.00731	0.00225	0.00619	0.00731	0.00900	0.01237
44	0.02715	0.03464	0.02060	0.01873	0.02247	0.71536	0.01404	0.02903	0.02060	0.01779	0.01124	0.01311	0.00936	0.00749	0.00655	0.00187	0.01311	0.00468	0.00375	0.00843
45	0.02763	0.02036	0.02182	0.01672	0.02254	0.02254	0.01382	0.67496	0.03418	0.04581	0.01745	0.01745	0.01236	0.00873	0.00727	0.00218	0.00800	0.00654	0.00727	0.01236
46	0.03261	0.01237	0.01687	0.01293	0.01856	0.01068	0.01068	0.03543	0.02081	0.70423	0.02868	0.02474	0.01799	0.00900	0.00731	0.00225	0.00619	0.00731	0.00900	0.01237
47	0.01048	0.00741	0.00992	0.01134	0.01229	0.00726	0.00875	0.01254	0.01474	0.01939	0.03665	0.31878	0.04174	0.13369	0.01395	0.00378	0.00584	0.31907	0.00636	0.00605
48	0.01373	0.01292	0.02180	0.72707	0.05006	0.01615	0.02019	0.01857	0.01453	0.01857	0.01292	0.01938	0.00969	0.00727	0.00727	0.00242	0.00969	0.00646	0.00323	0.00807
49	0.03261	0.01237	0.01687	0.01293	0.01856	0.01068	0.01068	0.03543	0.02081	0.70423	0.02868	0.02474	0.01799	0.00900	0.00731	0.00225	0.00619	0.00731	0.00900	0.01237
50	0.02840	0.02728	0.02231	0.01874	0.02346	0.31768	0.01462	0.35565	0.02801	0.03366	0.01620	0.01804	0.01268	0.00954	0.00838	0.00243	0.03914	0.00631	0.00614	0.01133

[dist]
# distance from previous block
# <min> <max>
4	20

[block]
# block no. 1 follows, 28 sequences, length 11
# corresponding to MSA columns:
# 110-120
name=unknown_B
#
# <colnr> <probs for GDERKNQSTAVLIFYWHMCP>
#	G	D	E	R	K	N	Q	S	T	A	V	L	I	F	Y	W	H	M	C	P
0	0.01716	0.01642	0.02800	0.17754	0.57276	0.01705	0.02190	0.02158	0.01616	0.02274	0.01353	0.01826	0.01116	0.00663	0.00721	0.00221	0.00884	0.00647	0.00353	0.01084
1	0.02403	0.01902	0.01925	0.01559	0.02042	0.08009	0.01273	0.48178	0.02963	0.03876	0.06685	0.02789	0.05646	0.01052	0.00760	0.00227	0.00779	0.06154	0.00693	0.01083
2	0.01943	0.74891	0.03809	0.01244	0.01866	0.02876	0.01244	0.02177	0.01477	0.01710	0.01011	0.01166	0.00933	0.00622	0.00466	0.00155	0.00777	0.00389	0.00311	0.00933
3	0.01943	0.74891	0.03809	0.01244	0.01866	0.02876	0.01244	0.02177	0.01477	0.01710	0.01011	0.01166	0.00933	0.00622	0.00466	0.00155	0.00777	0.00389	0.00311	0.00933
4	0.01133	0.00806	0.01043	0.01181	0.05243	0.00812	0.00767	0.01261	0.01265	0.01687	0.02641	0.05426	0.02933	0.47442	0.05647	0.00594	0.00757	0.18312	0.00495	0.00555
5	0.01823	0.57230	0.20415	0.01449	0.02184	0.02581	0.01602	0.02208	0.01491	0.01857	0.01084	0.01258	0.00930	0.00639	0.00522	0.00174	0.00851	0.00426	0.00310	0.00968
6	0.01321	0.00983	0.03548	0.01135	0.01380	0.00880	0.00919	0.04388	0.05678	0.08249	0.15022	0.23225	0.14341	0.01716	0.00876	0.00270	0.00514	0.14089	0.00707	0.00758
7	0.01534	0.01316	0.01519	0.01112	0.01737	0.01043	0.00887	0.02009	0.07417	0.02428	0.01439	0.01613	0.01177	0.00578	0.00556	0.00120	0.00542	0.00465	0.00458	0.72049
8	0.01463	0.08059	0.01361	0.01045	0.01359	0.00961	0.00815	0.01687	0.01633	0.12678	0.09218	0.26490	0.14219	0.01508	0.00782	0.00232	0.00496	0.03459	0.00650	0.11886
9	0.01759	0.01609	0.12184	0.01377	0.01854	0.01297	0.01260	0.11253	0.12074	0.11426	0.14752	0.06811	0.06426	0.01181	0.00780	0.00237	0.00637	0.07100	0.00672	0.05315
10	0.02612	0.06917	0.02151	0.01661	0.02163	0.27271	0.01328	0.30197	0.06223	0.06671	0.01580	0.01633	0.01185	0.00805	0.00677	0.00200	0.00950	0.00574	0.00570	0.04634

[dist]
# distance from previous block
# <min> <max>
16	73

[block]
# block no. 2 follows, 28 sequences, length 14
# corresponding to MSA columns:
# 215-228
name=unknown_C
#
# <colnr> <probs for GDERKNQSTAVLIFYWHMCP>
#	G	D	E	R	K	N	Q	S	T	A	V	L	I	F	Y	W	H	M	C	P
0	0.06041	0.11097	0.10136	0.01302	0.01775	0.01468	0.01192	0.11023	0.05573	0.06073	0.17296	0.08732	0.02944	0.01109	0.00721	0.00221	0.00633	0.04833	0.00600	0.07231
1	0.01420	0.01820	0.16647	0.04793	0.06463	0.01325	0.15572	0.01912	0.01558	0.02207	0.01991	0.07291	0.01866	0.01352	0.06480	0.00310	0.00962	0.11713	0.00435	0.13882
2	0.01118	0.01059	0.06722	0.01174	0.01346	0.00982	0.00951	0.01339	0.01192	0.01701	0.02060	0.08656	0.02119	0.23153	0.34868	0.00806	0.06187	0.00914	0.00415	0.03237
3	0.01552	0.17487	0.57781	0.01912	0.02899	0.01917	0.02407	0.02278	0.01524	0.02188	0.01248	0.01464	0.00923	0.00677	0.00647	0.00216	0.01017	0.00508	0.00308	0.01047
4	0.01546	0.16726	0.58497	0.01921	0.02913	0.01905	0.02423	0.02279	0.01524	0.02194	0.01251	0.01467	0.00923	0.00678	0.00650	0.00217	0.01020	0.00510	0.00308	0.01048
5	0.06237	0.07641	0.02115	0.01677	0.02129	0.39149	0.01322	0.22956	0.02385	0.02757	0.01354	0.01486	0.01060	0.00779	0.00650	0.00196	0.01041	0.00526	0.03578	0.00963
6	0.01252	0.00842	0.01281	0.14852	0.01829	0.00959	0.00985	0.01227	0.01103	0.01489	0.01476	0.04351	0.01440	0.06680	0.11517	0.41800	0.05356	0.00719	0.00344	0.00499
7	0.01432	0.01264	0.01990	0.45646	0.10191	0.01466	0.01704	0.06226	0.01738	0.02323	0.16262	0.02676	0.02293	0.00895	0.00755	0.00235	0.00810	0.00793	0.00458	0.00843
8	0.11146	0.01893	0.01992	0.01534	0.02108	0.02058	0.01264	0.53763	0.02987	0.04216	0.01619	0.01659	0.01171	0.00818	0.00678	0.00208	0.00748	0.00603	0.00667	0.08868
9	0.01224	0.05480	0.01380	0.01210	0.01383	0.06500	0.00946	0.01465	0.01251	0.01683	0.01842	0.02721	0.01733	0.07968	0.58633	0.01009	0.01770	0.00744	0.00386	0.00672
10	0.06173	0.17514	0.02640	0.25464	0.25649	0.01867	0.01757	0.02018	0.01526	0.02087	0.01620	0.01995	0.05313	0.00744	0.00660	0.00214	0.00830	0.00631	0.00362	0.00937
11	0.02046	0.01782	0.07086	0.01524	0.02027	0.01800	0.01290	0.18007	0.41482	0.07506	0.02746	0.02578	0.04878	0.00970	0.00738	0.00237	0.00658	0.00788	0.00710	0.01145
12	0.01625	0.01412	0.01632	0.04609	0.04934	0.03786	0.01033	0.07386	0.03523	0.02487	0.01583	0.07210	0.01404	0.00735	0.00611	0.00149	0.00616	0.00608	0.00473	0.54183
13	0.01752	0.01285	0.01513	0.01160	0.01709	0.01095	0.00922	0.06477	0.07210	0.10413	0.05939	0.06200	0.01832	0.00798	0.00632	0.00158	0.00549	0.00661	0.00566	0.49128

[dist]
# distance from previous block
# <min> <max>
25	35

[block]
# block no. 3 follows, 28 sequences, length 14
# corresponding to MSA columns:
# 266-279
name=unknown_D
#
# <colnr> <probs for GDERKNQSTAVLIFYWHMCP>
#	G	D	E	R	K	N	Q	S	T	A	V	L	I	F	Y	W	H	M	C	P
0	0.01801	0.29507	0.28121	0.01623	0.02329	0.13505	0.01752	0.02265	0.01651	0.02058	0.07783	0.01740	0.01504	0.00752	0.00619	0.00196	0.00933	0.00547	0.00367	0.00947
1	0.02068	0.01659	0.01653	0.01431	0.01834	0.07724	0.01110	0.14060	0.36349	0.09170	0.02709	0.02786	0.04812	0.08099	0.01022	0.00279	0.00685	0.00808	0.00689	0.01054
2	0.52506	0.01235	0.01090	0.00994	0.01356	0.01374	0.00783	0.04687	0.01451	0.05661	0.08180	0.10518	0.02005	0.04579	0.00728	0.00257	0.00543	0.00739	0.00540	0.00774
3	0.79588	0.01406	0.01068	0.00956	0.01406	0.01631	0.00787	0.02137	0.01237	0.03261	0.01012	0.01181	0.00787	0.00675	0.00450	0.00225	0.00562	0.00394	0.00450	0.00787
4	0.01635	0.02090	0.12619	0.02840	0.07385	0.01766	0.47632	0.02215	0.01637	0.02269	0.01551	0.05770	0.01274	0.00752	0.00918	0.00248	0.05197	0.00856	0.00373	0.00971
5	0.01574	0.01301	0.01445	0.03787	0.01755	0.01382	0.01009	0.02744	0.35795	0.05442	0.03688	0.03529	0.18514	0.01135	0.00800	0.00230	0.03117	0.00929	0.00660	0.11163
6	0.01355	0.00678	0.00678	0.00678	0.00847	0.00678	0.00508	0.01694	0.01524	0.02710	0.02371	0.02710	0.01863	0.00847	0.00508	0.00169	0.00339	0.00678	0.78489	0.00678
7	0.01590	0.01590	0.02226	0.01908	0.01908	0.02226	0.01590	0.01749	0.01113	0.01749	0.00954	0.01590	0.00954	0.01272	0.02385	0.00318	0.73123	0.00636	0.00318	0.00795
8	0.01701	0.01917	0.04047	0.02928	0.03577	0.01884	0.59573	0.02261	0.01645	0.02261	0.01410	0.01917	0.01085	0.00690	0.01037	0.00254	0.09660	0.00832	0.00362	0.00959
9	0.01355	0.00678	0.00678	0.00678	0.00847	0.00678	0.00508	0.01694	0.01524	0.02710	0.02371	0.02710	0.01863	0.00847	0.00508	0.00169	0.00339	0.00678	0.78489	0.00678
10	0.01430	0.01404	0.02535	0.60993	0.04803	0.01653	0.12995	0.01936	0.01498	0.01936	0.01322	0.01942	0.00992	0.00708	0.00749	0.00243	0.01012	0.00682	0.00331	0.00837
11	0.01518	0.01430	0.02436	0.57299	0.08727	0.01683	0.08431	0.05923	0.01611	0.02102	0.01342	0.01920	0.01010	0.00719	0.00739	0.00239	0.00977	0.00668	0.00354	0.00872
12	0.02494	0.02883	0.02221	0.02330	0.15276	0.47319	0.01548	0.09338	0.05718	0.02245	0.01333	0.01525	0.01077	0.00755	0.00680	0.00199	0.01133	0.00541	0.00427	0.00959
13	0.02024	0.46897	0.05965	0.01385	0.01943	0.11141	0.01294	0.09851	0.01804	0.02154	0.05390	0.01597	0.01369	0.00912	0.03335	0.00214	0.00878	0.00509	0.00401	0.00937

[dist]
# distance from previous block
# <min> <max>
1	2

[block]
# block no. 4 follows, 28 sequences, length 40
# corresponding to MSA columns:
# 282-321
name=unknown_E
#
# <colnr> <probs for GDERKNQSTAVLIFYWHMCP>
#	G	D	E	R	K	N	Q	S	T	A	V	L	I	F	Y	W	H	M	C	P
0	0.07135	0.01497	0.05381	0.46889	0.09380	0.01647	0.01830	0.05178	0.07496	0.02258	0.01622	0.02058	0.03071	0.00777	0.00709	0.00238	0.00876	0.00664	0.00400	0.00892
1	0.00993	0.00742	0.00922	0.00877	0.01064	0.00671	0.00658	0.01302	0.01973	0.02714	0.56392	0.05761	0.20128	0.01561	0.00858	0.00232	0.00348	0.01361	0.00774	0.00671
2	0.01218	0.01020	0.01076	0.01005	0.01301	0.01025	0.00770	0.03987	0.21431	0.02477	0.13397	0.05384	0.40109	0.01517	0.00820	0.00243	0.00439	0.01271	0.00711	0.00800
3	0.01584	0.00957	0.01226	0.01118	0.01254	0.01013	0.00806	0.13988	0.05326	0.02007	0.01454	0.02149	0.01313	0.02117	0.02311	0.59108	0.00661	0.00647	0.00420	0.00542
4	0.01355	0.00678	0.00678	0.00678	0.00847	0.00678	0.00508	0.01694	0.01524	0.02710	0.02371	0.02710	0.01863	0.00847	0.00508	0.00169	0.00339	0.00678	0.78489	0.00678
5	0.00965	0.00738	0.01019	0.05600	0.01359	0.00761	0.00817	0.01124	0.01400	0.01884	0.05812	0.62630	0.04392	0.02090	0.01004	0.00291	0.04997	0.01862	0.00634	0.00620
6	0.01628	0.01552	0.02641	0.31887	0.43833	0.01682	0.02146	0.02081	0.01574	0.02167	0.01337	0.01855	0.01078	0.00679	0.00722	0.00226	0.00906	0.00647	0.00345	0.01013
7	0.01355	0.00678	0.00678	0.00678	0.00847	0.00678	0.00508	0.01694	0.01524	0.02710	0.02371	0.02710	0.01863	0.00847	0.00508	0.00169	0.00339	0.00678	0.78489	0.00678
8	0.02075	0.54640	0.08214	0.01425	0.02038	0.13424	0.01379	0.05959	0.01680	0.01924	0.01090	0.01247	0.00950	0.00661	0.00526	0.00169	0.00883	0.00427	0.00344	0.00946
9	0.01512	0.01501	0.02746	0.47361	0.14855	0.01680	0.15848	0.02015	0.01540	0.02037	0.01341	0.01921	0.01026	0.00690	0.00753	0.00239	0.01007	0.00691	0.00338	0.00898
10	0.01373	0.01292	0.02180	0.72707	0.05006	0.01615	0.02019	0.01857	0.01453	0.01857	0.01292	0.01938	0.00969	0.00727	0.00727	0.00242	0.00969	0.00646	0.00323	0.00807
11	0.63424	0.01415	0.01227	0.01048	0.01523	0.01578	0.00864	0.06018	0.01490	0.13770	0.01342	0.01413	0.00970	0.00721	0.00509	0.00225	0.00584	0.00461	0.00535	0.00882
12	0.01044	0.00758	0.01065	0.01065	0.01159	0.00853	0.00780	0.01232	0.01138	0.01611	0.02041	0.03378	0.02044	0.24404	0.52931	0.01041	0.01606	0.00855	0.00403	0.00592
13	0.01355	0.00678	0.00678	0.00678	0.00847	0.00678	0.00508	0.01694	0.01524	0.02710	0.02371	0.02710	0.01863	0.00847	0.00508	0.00169	0.00339	0.00678	0.78489	0.00678
14	0.09019	0.46229	0.13313	0.01434	0.02047	0.04738	0.01457	0.04822	0.01531	0.02063	0.01083	0.01285	0.00932	0.00705	0.00673	0.00190	0.06754	0.00445	0.00343	0.00939
15	0.05600	0.02189	0.02031	0.01662	0.02146	0.15375	0.01335	0.39596	0.13270	0.03625	0.01754	0.01786	0.01304	0.00877	0.00778	0.00221	0.04073	0.00634	0.00633	0.01110
16	0.01355	0.00678	0.00678	0.00678	0.00847	0.00678	0.00508	0.01694	0.01524	0.02710	0.02371	0.02710	0.01863	0.00847	0.00508	0.00169	0.00339	0.00678	0.78489	0.00678
17	0.00861	0.00731	0.00742	0.00751	0.00986	0.00612	0.00559	0.01042	0.01643	0.01958	0.07185	0.10558	0.66177	0.01864	0.00863	0.00248	0.00371	0.01562	0.00675	0.00612
18	0.02676	0.01990	0.02181	0.06112	0.02426	0.02214	0.01421	0.63394	0.03295	0.04411	0.01717	0.01757	0.01219	0.00863	0.00727	0.00220	0.00810	0.00654	0.00702	0.01209
19	0.02057	0.01518	0.01796	0.01619	0.04693	0.01661	0.03586	0.06123	0.47587	0.14316	0.02810	0.04821	0.02107	0.00981	0.00747	0.00242	0.00622	0.00834	0.00735	0.01145
20	0.01309	0.00811	0.01314	0.12203	0.01733	0.00854	0.04576	0.01199	0.01094	0.01479	0.01328	0.02176	0.01235	0.02064	0.02298	0.58746	0.00704	0.00648	0.03784	0.00445
21	0.01038	0.00779	0.01168	0.01168	0.01298	0.00909	0.00909	0.01298	0.01168	0.01687	0.01947	0.02856	0.01817	0.05452	0.71573	0.01168	0.01947	0.00779	0.00389	0.00649
22	0.02585	0.01914	0.02061	0.01616	0.02152	0.02115	0.01320	0.59763	0.06347	0.04315	0.01963	0.06932	0.01537	0.00978	0.00742	0.00225	0.00762	0.00763	0.00724	0.01186
23	0.02062	0.35588	0.19585	0.01639	0.02295	0.23688	0.01645	0.02430	0.01670	0.01876	0.01117	0.01300	0.00931	0.00678	0.00579	0.00183	0.01014	0.00449	0.00330	0.00940
24	0.01002	0.00831	0.00883	0.00886	0.01127	0.00766	0.00681	0.01387	0.08471	0.02072	0.06254	0.06592	0.51778	0.05279	0.01001	0.00278	0.00441	0.08933	0.00670	0.00667
25	0.02074	0.01632	0.01810	0.01358	0.01965	0.01575	0.01104	0.30809	0.05587	0.03374	0.01572	0.01670	0.01202	0.00707	0.00631	0.00163	0.00655	0.00548	0.00576	0.40986
26	0.00978	0.00722	0.00937	0.00999	0.01129	0.00648	0.00696	0.01168	0.01535	0.02118	0.16697	0.52952	0.04830	0.01942	0.00874	0.00263	0.00418	0.01749	0.00674	0.08670
27	0.01536	0.15136	0.59992	0.01939	0.02941	0.01878	0.02455	0.02282	0.01525	0.02207	0.01257	0.01476	0.00923	0.00680	0.00655	0.00218	0.01027	0.00513	0.00308	0.01052
28	0.01555	0.18004	0.57295	0.01906	0.02890	0.01926	0.02397	0.02277	0.01523	0.02184	0.01246	0.01461	0.00923	0.00677	0.00646	0.00215	0.01015	0.00507	0.00308	0.01046
29	0.00926	0.00759	0.00849	0.00837	0.01042	0.00683	0.00627	0.01143	0.01716	0.02176	0.21744	0.11103	0.47880	0.01768	0.00914	0.00247	0.02770	0.01489	0.00693	0.00635
30	0.01594	0.02666	0.31363	0.05942	0.03589	0.01766	0.37768	0.02295	0.01629	0.02295	0.01394	0.01785	0.01022	0.00650	0.00783	0.00239	0.01152	0.00717	0.00341	0.01011
31	0.01753	0.01605	0.02589	0.28649	0.39123	0.01745	0.02061	0.09327	0.01778	0.02433	0.01382	0.01843	0.01095	0.00701	0.00723	0.00226	0.00894	0.00648	0.00387	0.01037
32	0.05357	0.05170	0.01327	0.01050	0.01385	0.01104	0.00834	0.09483	0.04205	0.12063	0.22732	0.07722	0.22008	0.01365	0.00783	0.00231	0.00488	0.01140	0.00718	0.00836
33	0.01355	0.00678	0.00678	0.00678	0.00847	0.00678	0.00508	0.01694	0.01524	0.02710	0.02371	0.02710	0.01863	0.00847	0.00508	0.00169	0.00339	0.00678	0.78489	0.00678
34	0.01507	0.01292	0.01507	0.01077	0.01723	0.00969	0.00861	0.01830	0.01507	0.02369	0.01292	0.01507	0.01077	0.00538	0.00538	0.00108	0.00538	0.00431	0.00431	0.78898
35	0.03133	0.01209	0.01646	0.01271	0.01811	0.01046	0.01046	0.03417	0.02079	0.66530	0.06712	0.02645	0.02091	0.00933	0.00738	0.00225	0.00603	0.00765	0.00894	0.01205
36	0.01355	0.00678	0.00678	0.00678	0.00847	0.00678	0.00508	0.01694	0.01524	0.02710	0.02371	0.02710	0.01863	0.00847	0.00508	0.00169	0.00339	0.00678	0.78489	0.00678
37	0.01445	0.01318	0.02139	0.66076	0.04714	0.01624	0.01938	0.05933	0.01574	0.02027	0.01403	0.04128	0.01103	0.00783	0.00733	0.00242	0.00942	0.00690	0.00359	0.00828
38	0.76107	0.01376	0.01064	0.00954	0.01392	0.01589	0.00783	0.02103	0.01273	0.03246	0.04049	0.01369	0.01056	0.00711	0.00468	0.00225	0.00553	0.00434	0.00465	0.00783
39	0.01696	0.01274	0.01394	0.01233	0.01578	0.01337	0.00956	0.21391	0.14750	0.05417	0.03992	0.18626	0.20444	0.01450	0.00807	0.00247	0.00556	0.01222	0.00711	0.00917

[dist]
# distance from previous block
# <min> <max>
0	5

[block]
# block no. 5 follows, 28 sequences, length 56
# corresponding to MSA columns:
# 327-335,343-389
name=unknown_F
#
# <colnr> <probs for GDERKNQSTAVLIFYWHMCP>
#	G	D	E	R	K	N	Q	S	T	A	V	L	I	F	Y	W	H	M	C	P
0	0.01380	0.00737	0.00807	0.00893	0.04781	0.00737	0.00606	0.01724	0.01532	0.02691	0.02314	0.02658	0.01823	0.00836	0.00520	0.00172	0.00369	0.00676	0.74040	0.00704
1	0.00999	0.00723	0.00941	0.01076	0.01171	0.00692	0.00779	0.03407	0.01526	0.02012	0.04092	0.56200	0.08266	0.02157	0.00930	0.00297	0.00475	0.12954	0.00676	0.00628
2	0.01452	0.01334	0.02180	0.68661	0.04850	0.01651	0.01982	0.05595	0.01565	0.02012	0.01318	0.01927	0.00984	0.00735	0.00727	0.00241	0.00959	0.00646	0.00346	0.00832
3	0.38450	0.01633	0.01566	0.08030	0.02041	0.05755	0.01112	0.18613	0.01960	0.09791	0.03784	0.01673	0.01233	0.00783	0.00598	0.00223	0.00702	0.00551	0.00558	0.00944
4	0.09709	0.59461	0.06918	0.01233	0.01826	0.02564	0.01229	0.02116	0.01432	0.01881	0.01099	0.01392	0.01015	0.04836	0.00661	0.00198	0.00767	0.00435	0.00332	0.00898
5	0.02687	0.03238	0.02048	0.01842	0.02207	0.63836	0.01395	0.02878	0.02011	0.05687	0.01214	0.01392	0.00986	0.00785	0.00752	0.00196	0.05091	0.00492	0.00401	0.00863
6	0.01381	0.05222	0.01369	0.01245	0.01469	0.01167	0.00967	0.10024	0.12076	0.02437	0.03357	0.36890	0.03614	0.01754	0.00862	0.00278	0.00562	0.13863	0.00670	0.00793
7	0.00879	0.00731	0.00768	0.00772	0.00997	0.00620	0.00574	0.01077	0.01685	0.02061	0.13909	0.10670	0.59102	0.01828	0.00863	0.00246	0.00369	0.01541	0.00689	0.00620
8	0.01799	0.01727	0.02950	0.04462	0.69919	0.01727	0.02231	0.02231	0.01655	0.02375	0.01367	0.01799	0.01151	0.00648	0.00720	0.00216	0.00864	0.00648	0.00360	0.01151
9	0.01269	0.00796	0.01053	0.00982	0.01189	0.00731	0.00752	0.01596	0.02011	0.10052	0.56089	0.08213	0.06087	0.01485	0.00855	0.00237	0.00393	0.04673	0.00798	0.00740
10	0.01442	0.01378	0.02377	0.60879	0.13020	0.01640	0.05177	0.01926	0.01491	0.01944	0.01310	0.01922	0.00998	0.00711	0.00732	0.00239	0.00968	0.00656	0.00330	0.00859
11	0.00859	0.00736	0.00736	0.00736	0.00982	0.00614	0.00552	0.01043	0.01657	0.01964	0.07364	0.06996	0.69624	0.01841	0.00859	0.00245	0.00368	0.01534	0.00675	0.00614
12	0.01373	0.01292	0.02180	0.72707	0.05006	0.01615	0.02019	0.01857	0.01453	0.01857	0.01292	0.01938	0.00969	0.00727	0.00727	0.00242	0.00969	0.00646	0.00323	0.00807
13	0.01481	0.07174	0.67478	0.02032	0.03085	0.01745	0.02616	0.02296	0.01532	0.02274	0.01290	0.01517	0.00921	0.00687	0.00680	0.00227	0.01060	0.00530	0.00307	0.01067
14	0.00892	0.00760	0.00770	0.00763	0.01011	0.00650	0.00574	0.01135	0.03601	0.02025	0.09202	0.06823	0.65696	0.01805	0.00856	0.00245	0.00373	0.01507	0.00681	0.00631
15	0.01554	0.01294	0.01495	0.01083	0.01702	0.01010	0.00866	0.04632	0.01590	0.02480	0.01364	0.01576	0.01122	0.00568	0.00545	0.00115	0.00540	0.00452	0.04268	0.71743
16	0.01485	0.00846	0.01107	0.00983	0.01241	0.00762	0.00758	0.01806	0.02039	0.16948	0.52016	0.04904	0.09445	0.01384	0.00831	0.00229	0.00402	0.01206	0.00814	0.00797
17	0.01129	0.00991	0.01686	0.01728	0.08497	0.00935	0.13078	0.01378	0.01487	0.01998	0.03385	0.51244	0.05900	0.01792	0.00892	0.00276	0.00612	0.01684	0.00587	0.00719
18	0.02024	0.60707	0.07443	0.01380	0.01994	0.12475	0.01350	0.02286	0.01562	0.01754	0.01044	0.01208	0.00933	0.00644	0.00506	0.00164	0.00870	0.00408	0.00320	0.00928
19	0.01799	0.01727	0.02950	0.04462	0.69919	0.01727	0.02231	0.02231	0.01655	0.02375	0.01367	0.01799	0.01151	0.00648	0.00720	0.00216	0.00864	0.00648	0.00360	0.01151
20	0.00892	0.00638	0.00850	0.01007	0.01056	0.00595	0.00675	0.01029	0.01424	0.01906	0.07152	0.70689	0.04906	0.02239	0.00924	0.00292	0.00418	0.02030	0.00681	0.00595
21	0.01705	0.02054	0.08076	0.03075	0.07001	0.01824	0.60344	0.02322	0.01702	0.02329	0.01456	0.01928	0.01095	0.00619	0.00841	0.00243	0.01199	0.00829	0.00364	0.00994
22	0.01058	0.00802	0.01182	0.01172	0.01290	0.00941	0.00905	0.01299	0.01160	0.01674	0.01933	0.02922	0.01836	0.09271	0.65356	0.01113	0.04265	0.00790	0.00390	0.00642
23	0.00937	0.00702	0.00944	0.01077	0.01116	0.00709	0.00741	0.01066	0.01372	0.01848	0.03785	0.68729	0.04528	0.02204	0.01034	0.00297	0.05694	0.01963	0.00649	0.00605
24	0.01206	0.01025	0.01490	0.01393	0.01484	0.01309	0.01116	0.01435	0.01152	0.01706	0.01645	0.02471	0.01555	0.04182	0.50547	0.00910	0.23578	0.00735	0.00368	0.00693
25	0.01735	0.01204	0.01438	0.14010	0.02053	0.01321	0.01068	0.21501	0.02137	0.03121	0.09346	0.04394	0.02132	0.00939	0.00662	0.00207	0.00594	0.00770	0.30501	0.00868
26	0.00886	0.00633	0.00843	0.01012	0.01054	0.00590	0.00675	0.01012	0.01392	0.01856	0.04006	0.73979	0.04808	0.02277	0.00928	0.00295	0.00422	0.02066	0.00675	0.00590
27	0.00886	0.00633	0.00843	0.01012	0.01054	0.00590	0.00675	0.01012	0.01392	0.01856	0.04006	0.73979	0.04808	0.02277	0.00928	0.00295	0.00422	0.02066	0.00675	0.00590
28	0.02763	0.02036	0.02182	0.01672	0.02254	0.02254	0.01382	0.67496	0.03418	0.04581	0.01745	0.01745	0.01236	0.00873	0.00727	0.00218	0.00800	0.00654	0.00727	0.01236
29	0.02975	0.01697	0.01972	0.01511	0.02085	0.01751	0.01249	0.40342	0.02850	0.32537	0.02222	0.02055	0.01475	0.00884	0.00729	0.00221	0.00723	0.00687	0.00800	0.01237
30	0.01029	0.00743	0.00972	0.00914	0.01086	0.00686	0.00686	0.01372	0.02058	0.02915	0.69536	0.05430	0.06859	0.01486	0.00857	0.00229	0.00343	0.01315	0.00800	0.00686
31	0.00886	0.00633	0.00843	0.01012	0.01054	0.00590	0.00675	0.01012	0.01392	0.01856	0.04006	0.73979	0.04808	0.02277	0.00928	0.00295	0.00422	0.02066	0.00675	0.00590
32	0.01507	0.01292	0.01507	0.01077	0.01723	0.00969	0.00861	0.01830	0.01507	0.02369	0.01292	0.01507	0.01077	0.00538	0.00538	0.00108	0.00538	0.00431	0.00431	0.78898
33	0.01040	0.00876	0.03968	0.00965	0.01180	0.00729	0.00778	0.01393	0.01996	0.02800	0.60297	0.05455	0.10849	0.01492	0.00855	0.00233	0.00386	0.03245	0.00766	0.00697
34	0.01099	0.00769	0.00931	0.00875	0.01094	0.00683	0.00662	0.01384	0.01920	0.06501	0.44068	0.05802	0.28371	0.01575	0.00851	0.00234	0.00368	0.01357	0.00762	0.00693
35	0.01776	0.01704	0.02910	0.08091	0.66467	0.01721	0.02220	0.02211	0.01644	0.02347	0.01363	0.01806	0.01142	0.00652	0.00720	0.00217	0.00869	0.00648	0.00358	0.01133
36	0.01672	0.01817	0.03647	0.10066	0.10540	0.01859	0.44679	0.02189	0.01598	0.02204	0.01369	0.01889	0.01074	0.00721	0.01045	0.00252	0.11286	0.00783	0.00355	0.00955
37	0.00859	0.00736	0.00736	0.00736	0.00982	0.00614	0.00552	0.01043	0.01657	0.01964	0.07364	0.06996	0.69624	0.01841	0.00859	0.00245	0.00368	0.01534	0.00675	0.00614
38	0.01590	0.01590	0.02226	0.01908	0.01908	0.02226	0.01590	0.01749	0.01113	0.01749	0.00954	0.01590	0.00954	0.01272	0.02385	0.00318	0.73123	0.00636	0.00318	0.00795
39	0.01737	0.01713	0.02367	0.11538	0.02648	0.11447	0.16109	0.04819	0.01634	0.05059	0.03784	0.10864	0.01739	0.01297	0.04885	0.00304	0.15892	0.00874	0.00443	0.00847
40	0.01502	0.03207	0.51692	0.02276	0.03237	0.01690	0.18810	0.02266	0.01584	0.02297	0.01549	0.01825	0.03272	0.00710	0.00738	0.00234	0.01088	0.00651	0.00335	0.01035
41	0.01716	0.01961	0.04289	0.03064	0.03799	0.01838	0.67279	0.02328	0.01716	0.02328	0.01471	0.01961	0.01103	0.00613	0.00858	0.00245	0.01225	0.00858	0.00368	0.00980
42	0.01448	0.00705	0.00727	0.00708	0.00896	0.00697	0.00536	0.01784	0.01552	0.06028	0.02396	0.02698	0.01860	0.00849	0.00519	0.00172	0.00352	0.00680	0.74687	0.00705
43	0.01824	0.01241	0.01380	0.01180	0.01457	0.01312	0.00872	0.22555	0.07239	0.07963	0.02484	0.03672	0.05032	0.34131	0.02083	0.00445	0.00702	0.02993	0.00608	0.00826
44	0.01514	0.03686	0.67738	0.02055	0.03108	0.01713	0.02630	0.05109	0.01616	0.02400	0.01323	0.01544	0.00934	0.00698	0.00692	0.00230	0.01062	0.00542	0.00325	0.01081
45	0.01015	0.00736	0.00946	0.00904	0.01066	0.00679	0.00668	0.01325	0.01965	0.02754	0.60508	0.08440	0.09927	0.04681	0.00983	0.00253	0.00363	0.01348	0.00773	0.00667
46	0.01458	0.03760	0.70688	0.02072	0.03146	0.01688	0.02686	0.02302	0.01535	0.02302	0.01304	0.01535	0.00921	0.00691	0.00691	0.00230	0.01074	0.00537	0.00307	0.01074
47	0.00902	0.00642	0.00846	0.00995	0.01041	0.00601	0.00662	0.01030	0.01401	0.01876	0.06765	0.66974	0.04772	0.06431	0.01086	0.00316	0.00435	0.01975	0.00667	0.00586
48	0.01479	0.06827	0.67804	0.02036	0.03091	0.01739	0.02624	0.02297	0.01532	0.02277	0.01292	0.01519	0.00921	0.00688	0.00681	0.00227	0.01061	0.00531	0.00307	0.01068
49	0.01781	0.01709	0.02919	0.07291	0.67228	0.01722	0.02222	0.02215	0.01647	0.02353	0.01364	0.01805	0.01144	0.00651	0.00720	0.00217	0.00868	0.00648	0.00358	0.01137
50	0.01689	0.01586	0.02644	0.28590	0.43962	0.01710	0.02119	0.04889	0.01659	0.02285	0.01357	0.01846	0.01090	0.00685	0.00722	0.00225	0.00898	0.00647	0.00362	0.01033
51	0.00890	0.00640	0.00837	0.00993	0.01043	0.00595	0.00662	0.01015	0.01392	0.01846	0.04096	0.68770	0.07563	0.04644	0.01016	0.00307	0.00429	0.02010	0.00667	0.00586
52	0.01403	0.01340	0.02237	0.56754	0.04365	0.01667	0.05102	0.01845	0.01447	0.01912	0.04232	0.02045	0.01230	0.00827	0.00959	0.00252	0.10544	0.00684	0.00345	0.00809
53	0.73797	0.01478	0.03385	0.03967	0.01612	0.01632	0.00900	0.02131	0.01256	0.03172	0.01033	0.01224	0.00799	0.00677	0.00469	0.00226	0.00596	0.00409	0.00440	0.00797
54	0.02547	0.05141	0.01854	0.01471	0.01940	0.20709	0.01168	0.07859	0.12480	0.24996	0.06642	0.02228	0.01850	0.00878	0.00698	0.00208	0.00800	0.00676	0.00660	0.05195
55	0.15201	0.17078	0.37103	0.01656	0.02472	0.01944	0.01905	0.08293	0.01662	0.04677	0.01286	0.01450	0.00956	0.00698	0.00610	0.00213	0.00888	0.00500	0.00389	0.01017

[dist]
# distance from previous block
# <min> <max>
0	1

[block]
# block no. 6 follows, 28 sequences, length 53
# corresponding to MSA columns:
# 391-443
name=unknown_G
#
# <colnr> <probs for GDERKNQSTAVLIFYWHMCP>
#	G	D	E	R	K	N	Q	S	T	A	V	L	I	F	Y	W	H	M	C	P
0	0.01864	0.66061	0.03562	0.01378	0.04886	0.02666	0.01255	0.02103	0.01470	0.01745	0.01170	0.03860	0.01115	0.00870	0.03255	0.00203	0.00814	0.00475	0.00329	0.00919
1	0.00886	0.00633	0.00843	0.01012	0.01054	0.00590	0.00675	0.01012	0.01392	0.01856	0.04006	0.73979	0.04808	0.02277	0.00928	0.00295	0.00422	0.02066	0.00675	0.00590
2	0.10364	0.01291	0.07607	0.01119	0.01563	0.01004	0.00968	0.01955	0.01694	0.12866	0.20305	0.08143	0.03055	0.03276	0.00783	0.00217	0.00540	0.00868	0.02807	0.19576
3	0.01373	0.01292	0.02180	0.72707	0.05006	0.01615	0.02019	0.01857	0.01453	0.01857	0.01292	0.01938	0.00969	0.00727	0.00727	0.00242	0.00969	0.00646	0.00323	0.00807
4	0.02213	0.01319	0.01656	0.01390	0.01837	0.01338	0.04038	0.03224	0.28868	0.28375	0.06614	0.03307	0.07309	0.01074	0.00769	0.00242	0.00598	0.03962	0.00778	0.01089
5	0.01719	0.01646	0.02806	0.17234	0.57771	0.01706	0.02191	0.02161	0.01617	0.02278	0.01353	0.01825	0.01117	0.00662	0.00721	0.00221	0.00883	0.00647	0.00353	0.01087
6	0.00907	0.00645	0.00848	0.00990	0.01037	0.00605	0.00658	0.01038	0.01409	0.01889	0.08004	0.64563	0.04777	0.07547	0.01128	0.00321	0.00438	0.01945	0.00665	0.00585
7	0.02589	0.03092	0.02197	0.02223	0.11859	0.55513	0.01520	0.08502	0.02122	0.02111	0.01213	0.01418	0.00993	0.00746	0.00671	0.00194	0.01202	0.00510	0.00404	0.00921
8	0.03130	0.01362	0.01701	0.01333	0.01876	0.04304	0.01090	0.03537	0.06983	0.62358	0.02796	0.02439	0.01791	0.00899	0.00728	0.00225	0.00647	0.00726	0.00864	0.01213
9	0.01943	0.74891	0.03809	0.01244	0.01866	0.02876	0.01244	0.02177	0.01477	0.01710	0.01011	0.01166	0.00933	0.00622	0.00466	0.00155	0.00777	0.00389	0.00311	0.00933
10	0.01458	0.03760	0.70688	0.02072	0.03146	0.01688	0.02686	0.02302	0.01535	0.02302	0.01304	0.01535	0.00921	0.00691	0.00691	0.00230	0.01074	0.00537	0.00307	0.01074
11	0.01716	0.01961	0.04289	0.03064	0.03799	0.01838	0.67279	0.02328	0.01716	0.02328	0.01471	0.01961	0.01103	0.00613	0.00858	0.00245	0.01225	0.00858	0.00368	0.00980
12	0.01171	0.00837	0.01171	0.01339	0.01506	0.00837	0.01171	0.01506	0.01673	0.02175	0.03849	0.08199	0.04183	0.02008	0.01004	0.00335	0.00669	0.65027	0.00669	0.00669
13	0.01355	0.00678	0.00678	0.00678	0.00847	0.00678	0.00508	0.01694	0.01524	0.02710	0.02371	0.02710	0.01863	0.00847	0.00508	0.00169	0.00339	0.00678	0.78489	0.00678
14	0.01355	0.00678	0.00678	0.00678	0.00847	0.00678	0.00508	0.01694	0.01524	0.02710	0.02371	0.02710	0.01863	0.00847	0.00508	0.00169	0.00339	0.00678	0.78489	0.00678
15	0.02615	0.12704	0.02286	0.01791	0.02198	0.62654	0.01384	0.02809	0.01985	0.01770	0.01109	0.01292	0.00936	0.00733	0.00631	0.00183	0.01242	0.00458	0.00366	0.00854
16	0.01010	0.00707	0.00808	0.00819	0.00903	0.00670	0.00527	0.01124	0.01373	0.01840	0.12999	0.13169	0.16088	0.38618	0.02291	0.00478	0.00540	0.01282	0.04217	0.00536
17	0.01355	0.00678	0.00678	0.00678	0.00847	0.00678	0.00508	0.01694	0.01524	0.02710	0.02371	0.02710	0.01863	0.00847	0.00508	0.00169	0.00339	0.00678	0.78489	0.00678
18	0.01373	0.01292	0.02180	0.72707	0.05006	0.01615	0.02019	0.01857	0.01453	0.01857	0.01292	0.01938	0.00969	0.00727	0.00727	0.00242	0.00969	0.00646	0.00323	0.00807
19	0.00964	0.00869	0.00822	0.00808	0.01052	0.04039	0.00606	0.01163	0.01713	0.02042	0.12780	0.06578	0.60541	0.01756	0.00849	0.00241	0.00411	0.01463	0.00672	0.00631
20	0.01507	0.01292	0.01507	0.01077	0.01723	0.00969	0.00861	0.01830	0.01507	0.02369	0.01292	0.01507	0.01077	0.00538	0.00538	0.00108	0.00538	0.00431	0.00431	0.78898
21	0.00883	0.00737	0.00770	0.00762	0.00997	0.00624	0.00571	0.01090	0.01714	0.02099	0.16193	0.06773	0.60710	0.01791	0.00859	0.00243	0.00365	0.01503	0.00693	0.00624
22	0.01048	0.00855	0.00941	0.00899	0.01144	0.00805	0.00680	0.01547	0.11222	0.02424	0.26937	0.05883	0.39738	0.01605	0.00842	0.00240	0.00389	0.01362	0.00725	0.00713
23	0.01943	0.74891	0.03809	0.01244	0.01866	0.02876	0.01244	0.02177	0.01477	0.01710	0.01011	0.01166	0.00933	0.00622	0.00466	0.00155	0.00777	0.00389	0.00311	0.00933
24	0.01038	0.00779	0.01168	0.01168	0.01298	0.00909	0.00909	0.01298	0.01168	0.01687	0.01947	0.02856	0.01817	0.05452	0.71573	0.01168	0.01947	0.00779	0.00389	0.00649
25	0.01512	0.01475	0.02076	0.01803	0.01822	0.02039	0.01494	0.01685	0.01121	0.01741	0.01095	0.01770	0.01077	0.01866	0.12212	0.00439	0.63015	0.00656	0.00328	0.00774
26	0.01364	0.01242	0.02087	0.67268	0.04699	0.01540	0.01914	0.01788	0.01415	0.01812	0.01290	0.01959	0.00991	0.00863	0.00887	0.06200	0.00943	0.00645	0.00322	0.00770
27	0.01560	0.01548	0.02220	0.11886	0.02345	0.02140	0.01651	0.01765	0.01161	0.01765	0.01002	0.01639	0.00956	0.01195	0.02152	0.00307	0.62955	0.00638	0.00319	0.00797
28	0.01355	0.00678	0.00678	0.00678	0.00847	0.00678	0.00508	0.01694	0.01524	0.02710	0.02371	0.02710	0.01863	0.00847	0.00508	0.00169	0.00339	0.00678	0.78489	0.00678
29	0.04949	0.01443	0.01654	0.01301	0.01848	0.01368	0.01063	0.17602	0.07760	0.12436	0.01988	0.02413	0.01591	0.00847	0.00667	0.00187	0.00627	0.06587	0.00615	0.33055
30	0.05846	0.03149	0.02068	0.01913	0.04841	0.58050	0.01409	0.10212	0.02165	0.02183	0.01199	0.01374	0.00973	0.00756	0.00658	0.00193	0.01204	0.00493	0.00417	0.00897
31	0.01355	0.00678	0.00678	0.00678	0.00847	0.00678	0.00508	0.01694	0.01524	0.02710	0.02371	0.02710	0.01863	0.00847	0.00508	0.00169	0.00339	0.00678	0.78489	0.00678
32	0.02616	0.01848	0.02036	0.01583	0.02135	0.01998	0.01307	0.54484	0.03074	0.09266	0.01893	0.02068	0.01401	0.01063	0.03257	0.00251	0.00809	0.03052	0.00711	0.05148
33	0.01039	0.00775	0.01149	0.01149	0.01272	0.00898	0.00885	0.01286	0.01163	0.01673	0.01965	0.02952	0.01859	0.08965	0.68118	0.01145	0.01884	0.00793	0.00392	0.00638
34	0.01943	0.74891	0.03809	0.01244	0.01866	0.02876	0.01244	0.02177	0.01477	0.01710	0.01011	0.01166	0.00933	0.00622	0.00466	0.00155	0.00777	0.00389	0.00311	0.00933
35	0.00930	0.00665	0.00890	0.01031	0.01101	0.00625	0.00723	0.01103	0.01501	0.02017	0.12117	0.59303	0.05003	0.02154	0.00926	0.00291	0.00435	0.07884	0.00690	0.00610
36	0.01355	0.00678	0.00678	0.00678	0.00847	0.00678	0.00508	0.01694	0.01524	0.02710	0.02371	0.02710	0.01863	0.00847	0.00508	0.00169	0.00339	0.00678	0.78489	0.00678
37	0.00886	0.00633	0.00843	0.01012	0.01054	0.00590	0.00675	0.01012	0.01392	0.01856	0.04006	0.73979	0.04808	0.02277	0.00928	0.00295	0.00422	0.02066	0.00675	0.00590
38	0.02131	0.01972	0.01995	0.13902	0.02532	0.15514	0.01432	0.24793	0.05105	0.02855	0.01882	0.02097	0.05751	0.00950	0.00953	0.00232	0.11221	0.00681	0.03044	0.00959
39	0.01355	0.00678	0.00678	0.00678	0.00847	0.00678	0.00508	0.01694	0.01524	0.02710	0.02371	0.02710	0.01863	0.00847	0.00508	0.00169	0.00339	0.00678	0.78489	0.00678
40	0.01355	0.00678	0.00678	0.00678	0.00847	0.00678	0.00508	0.01694	0.01524	0.02710	0.02371	0.02710	0.01863	0.00847	0.00508	0.00169	0.00339	0.00678	0.78489	0.00678
41	0.01616	0.01691	0.03399	0.15363	0.15349	0.01676	0.38831	0.02115	0.01613	0.02189	0.01516	0.04900	0.01247	0.00790	0.00899	0.03620	0.01059	0.00824	0.00369	0.00935
42	0.01943	0.74891	0.03809	0.01244	0.01866	0.02876	0.01244	0.02177	0.01477	0.01710	0.01011	0.01166	0.00933	0.00622	0.00466	0.00155	0.00777	0.00389	0.00311	0.00933
43	0.00884	0.00639	0.00837	0.00996	0.01050	0.00592	0.00667	0.01014	0.01408	0.01862	0.04208	0.69952	0.08704	0.02251	0.00924	0.00292	0.00419	0.02034	0.00675	0.00592
44	0.01373	0.01292	0.02180	0.72707	0.05006	0.01615	0.02019	0.01857	0.01453	0.01857	0.01292	0.01938	0.00969	0.00727	0.00727	0.00242	0.00969	0.00646	0.00323	0.00807
45	0.07434	0.16698	0.42577	0.04154	0.05039	0.01910	0.02114	0.05349	0.01612	0.04928	0.01309	0.01506	0.00971	0.00693	0.00636	0.00215	0.00940	0.00519	0.00363	0.01034
46	0.02891	0.01566	0.11446	0.01390	0.02000	0.01133	0.01279	0.03244	0.01970	0.57443	0.02701	0.05788	0.01820	0.00936	0.00735	0.00229	0.00674	0.00768	0.00805	0.01183
47	0.02345	0.01791	0.01931	0.01570	0.02066	0.01995	0.01277	0.43643	0.21636	0.03963	0.05099	0.02478	0.01893	0.00984	0.00749	0.00232	0.00711	0.03744	0.00731	0.01162
