[name]
unknown

[dist]
# distance from previous block
# <min> <max>
0	8

[block]
# block no. 0 follows, 29 sequences, length 13
# corresponding to MSA columns:
# 8-20
name=unknown_A
#
# <colnr> <probs for GDERKNQSTAVLIFYWHMCP>
#	G	D	E	R	K	N	Q	S	T	A	V	L	I	F	Y	W	H	M	C	P
0	0.00878	0.00694	0.00797	0.00871	0.01033	0.00612	0.00638	0.01051	0.01531	0.01904	0.05730	0.31178	0.40896	0.01971	0.00878	0.00266	0.00406	0.07408	0.00661	0.00598
1	0.00892	0.00637	0.00855	0.01020	0.01072	0.00600	0.00704	0.01035	0.01388	0.01846	0.03911	0.68593	0.04655	0.02207	0.00916	0.00293	0.00435	0.07696	0.00661	0.00585
2	0.00953	0.00681	0.00924	0.01089	0.01168	0.00652	0.00809	0.01139	0.01447	0.01913	0.03878	0.54241	0.04523	0.02150	0.00932	0.00301	0.00487	0.21452	0.00659	0.00602
3	0.01706	0.01851	0.03802	0.03419	0.24093	0.01768	0.47896	0.02252	0.01663	0.02295	0.01410	0.01872	0.01095	0.00611	0.00799	0.00231	0.01092	0.00778	0.00358	0.01011
4	0.02089	0.01577	0.01679	0.01336	0.01808	0.01668	0.01086	0.45060	0.02748	0.03620	0.03370	0.03269	0.22253	0.01131	0.00744	0.00218	0.00644	0.00895	0.00685	0.04118
5	0.01662	0.24064	0.02720	0.01653	0.01979	0.02183	0.06590	0.01896	0.01296	0.01826	0.01035	0.01449	0.00956	0.00907	0.01408	0.00230	0.36128	0.00540	0.00328	0.11148
6	0.26198	0.01732	0.01722	0.01370	0.01877	0.01935	0.01128	0.44285	0.02593	0.03991	0.01525	0.01594	0.01111	0.00794	0.00617	0.00213	0.00687	0.00564	0.05017	0.01046
7	0.01482	0.01501	0.02829	0.46040	0.10069	0.01658	0.22109	0.01991	0.01519	0.02003	0.01325	0.01894	0.01004	0.00671	0.00750	0.00236	0.01017	0.00696	0.00333	0.00871
8	0.01296	0.23489	0.01769	0.01003	0.01220	0.01389	0.00786	0.01429	0.01188	0.01538	0.01778	0.03123	0.01877	0.34960	0.19724	0.00639	0.01015	0.00768	0.00380	0.00629
9	0.00910	0.00653	0.00865	0.00962	0.01042	0.00607	0.00664	0.01099	0.01562	0.02134	0.24119	0.53414	0.05322	0.01995	0.00888	0.00269	0.00390	0.01800	0.00698	0.00607
10	0.00953	0.00681	0.00924	0.01089	0.01168	0.00652	0.00809	0.01139	0.01447	0.01913	0.03878	0.54241	0.04523	0.02150	0.00932	0.00301	0.00487	0.21452	0.00659	0.00602
11	0.01602	0.06476	0.28191	0.02558	0.03391	0.01802	0.41002	0.02264	0.01605	0.02239	0.01358	0.01730	0.01008	0.00628	0.00761	0.00230	0.01124	0.00703	0.00336	0.00991
12	0.01342	0.01060	0.01138	0.01060	0.01366	0.01087	0.00812	0.02254	0.28230	0.06053	0.08644	0.08394	0.32893	0.01428	0.00792	0.00241	0.00455	0.01202	0.00705	0.00843

[dist]
# distance from previous block
# <min> <max>
0	4

[block]
# block no. 1 follows, 29 sequences, length 7
# corresponding to MSA columns:
# 25-31
name=unknown_B
#
# <colnr> <probs for GDERKNQSTAVLIFYWHMCP>
#	G	D	E	R	K	N	Q	S	T	A	V	L	I	F	Y	W	H	M	C	P
0	0.01115	0.00916	0.01396	0.01925	0.20228	0.00886	0.01082	0.01321	0.01435	0.01958	0.03211	0.54418	0.03720	0.01790	0.00853	0.00268	0.00533	0.01640	0.00576	0.00730
1	0.01357	0.01065	0.01244	0.01212	0.01436	0.01156	0.00902	0.08251	0.23608	0.02482	0.06589	0.33237	0.03353	0.01978	0.08310	0.00353	0.00650	0.01328	0.00663	0.00827
2	0.02547	0.02678	0.01998	0.01716	0.02153	0.39625	0.01333	0.23904	0.12091	0.02799	0.01554	0.01617	0.01192	0.00806	0.00676	0.00201	0.01020	0.00567	0.00529	0.00992
3	0.01213	0.01087	0.01774	0.53303	0.03835	0.01305	0.01614	0.01591	0.01407	0.01819	0.02000	0.21953	0.01988	0.01131	0.00766	0.00252	0.00801	0.01017	0.00412	0.00732
4	0.01306	0.00767	0.00973	0.00930	0.01086	0.00711	0.00654	0.01491	0.01600	0.12351	0.25331	0.18784	0.07083	0.21847	0.01605	0.00366	0.00491	0.01291	0.00671	0.00664
5	0.01572	0.01505	0.02840	0.02294	0.07539	0.01533	0.35023	0.02021	0.01540	0.02306	0.01605	0.02060	0.01269	0.00758	0.00950	0.00228	0.11295	0.00745	0.22052	0.00865
6	0.02676	0.02928	0.02057	0.01769	0.02204	0.48864	0.01368	0.24569	0.02460	0.02656	0.01303	0.01426	0.01015	0.00774	0.00665	0.00194	0.01118	0.00519	0.00482	0.00954

[dist]
# distance from previous block
# <min> <max>
0	18

[block]
# block no. 2 follows, 29 sequences, length 92
# corresponding to MSA columns:
# 50-141
name=unknown_C
#
# <colnr> <probs for GDERKNQSTAVLIFYWHMCP>
#	G	D	E	R	K	N	Q	S	T	A	V	L	I	F	Y	W	H	M	C	P
0	0.00869	0.00639	0.00815	0.00947	0.01023	0.00585	0.00643	0.01009	0.01427	0.01872	0.06829	0.61622	0.14839	0.02137	0.00896	0.00279	0.00402	0.01918	0.00665	0.00585
1	0.01557	0.23097	0.53000	0.01810	0.02742	0.01969	0.02249	0.02222	0.01488	0.02098	0.01200	0.01406	0.00905	0.00658	0.00617	0.00206	0.00974	0.00487	0.00302	0.01015
2	0.01762	0.01692	0.02890	0.04371	0.70533	0.01692	0.02185	0.02185	0.01621	0.02326	0.01339	0.01762	0.01128	0.00634	0.00705	0.00211	0.00846	0.00634	0.00352	0.01128
3	0.41820	0.01300	0.01329	0.01091	0.01575	0.01345	0.00899	0.04547	0.01641	0.32767	0.01847	0.01773	0.01250	0.00768	0.00570	0.00218	0.00574	0.00546	0.03169	0.00972
4	0.01025	0.00756	0.00961	0.00905	0.01086	0.00707	0.00680	0.01412	0.04426	0.02801	0.63725	0.05320	0.10587	0.01460	0.00836	0.00226	0.00346	0.01284	0.00774	0.00684
5	0.01428	0.03683	0.71286	0.02030	0.03082	0.01654	0.02631	0.02255	0.01503	0.02255	0.01278	0.01503	0.00902	0.00677	0.00677	0.00226	0.01052	0.00526	0.00301	0.01052
6	0.00953	0.00648	0.00859	0.00986	0.01050	0.00603	0.00666	0.01094	0.01423	0.03957	0.08890	0.64830	0.04706	0.04466	0.00985	0.00295	0.00422	0.01897	0.00670	0.00600
7	0.01904	0.75404	0.03731	0.01218	0.01828	0.02818	0.01218	0.02132	0.01447	0.01675	0.00990	0.01142	0.00914	0.00609	0.00457	0.00152	0.00761	0.00381	0.00305	0.00914
8	0.01289	0.00969	0.01210	0.01144	0.01285	0.03335	0.00900	0.03434	0.01331	0.02043	0.01857	0.02495	0.01626	0.03132	0.36427	0.00676	0.11848	0.00700	0.23610	0.00688
9	0.01642	0.01784	0.03147	0.02409	0.02786	0.04741	0.34853	0.02021	0.01432	0.02003	0.01289	0.04010	0.01125	0.00932	0.01473	0.00270	0.32098	0.00769	0.00349	0.00866
10	0.01237	0.00618	0.00928	0.00928	0.00928	0.00618	0.00618	0.00928	0.00928	0.01237	0.01237	0.02165	0.01237	0.02474	0.02783	0.79283	0.00618	0.00618	0.00309	0.00309
11	0.01129	0.00761	0.00954	0.00887	0.01096	0.00684	0.00672	0.01429	0.01937	0.07488	0.52571	0.05427	0.19310	0.01486	0.00831	0.00227	0.00360	0.01291	0.00766	0.00696
12	0.01428	0.03683	0.71286	0.02030	0.03082	0.01654	0.02631	0.02255	0.01503	0.02255	0.01278	0.01503	0.00902	0.00677	0.00677	0.00226	0.01052	0.00526	0.00301	0.01052
13	0.01036	0.00690	0.00777	0.00777	0.00777	0.00690	0.00431	0.01036	0.01036	0.01381	0.02244	0.04660	0.02589	0.74975	0.03624	0.00690	0.00690	0.01036	0.00431	0.00431
14	0.04535	0.70718	0.03589	0.01228	0.01824	0.04907	0.01208	0.02153	0.01457	0.01728	0.00993	0.01147	0.00909	0.00615	0.00462	0.00156	0.00771	0.00383	0.00311	0.00906
15	0.01904	0.75404	0.03731	0.01218	0.01828	0.02818	0.01218	0.02132	0.01447	0.01675	0.00990	0.01142	0.00914	0.00609	0.00457	0.00152	0.00761	0.00381	0.00305	0.00914
16	0.00983	0.00727	0.00918	0.00870	0.01049	0.00661	0.00652	0.01296	0.01957	0.02717	0.60788	0.05547	0.16175	0.01507	0.00840	0.00226	0.00340	0.01320	0.00766	0.00661
17	0.01345	0.01266	0.02136	0.73264	0.04904	0.01582	0.01978	0.01819	0.01424	0.01819	0.01266	0.01898	0.00949	0.00712	0.00712	0.00237	0.00949	0.00633	0.00316	0.00791
18	0.01018	0.00759	0.01126	0.01126	0.01246	0.00880	0.00867	0.01259	0.01139	0.01639	0.01925	0.02893	0.01822	0.08907	0.68643	0.01121	0.01845	0.00777	0.00384	0.00625
19	0.01614	0.01652	0.02173	0.01868	0.01886	0.05763	0.01549	0.01772	0.01138	0.01715	0.00943	0.01544	0.00934	0.01220	0.02250	0.00305	0.69964	0.00615	0.00314	0.00781
20	0.00925	0.00725	0.00836	0.00808	0.01013	0.00636	0.00606	0.01183	0.01819	0.02389	0.38647	0.06087	0.38520	0.01630	0.00841	0.00232	0.00348	0.01395	0.00722	0.00636
21	0.01681	0.01921	0.04202	0.03001	0.03721	0.01801	0.67947	0.02281	0.01681	0.02281	0.01441	0.01921	0.01080	0.00600	0.00840	0.00240	0.01200	0.00840	0.00360	0.00960
22	0.09046	0.00917	0.01119	0.00994	0.01268	0.00884	0.00771	0.01917	0.05386	0.14965	0.48123	0.04269	0.05035	0.01252	0.00774	0.00224	0.00416	0.01075	0.00765	0.00800
23	0.02436	0.01860	0.01985	0.01584	0.02105	0.02082	0.01288	0.49535	0.22413	0.04051	0.02053	0.01984	0.01489	0.00887	0.00716	0.00222	0.00720	0.00689	0.00716	0.01187
24	0.01105	0.00809	0.01078	0.01173	0.01347	0.00794	0.00984	0.01470	0.03823	0.02285	0.18088	0.09333	0.09613	0.01823	0.00932	0.00295	0.00555	0.43140	0.00686	0.00667
25	0.01762	0.01692	0.02890	0.04371	0.70533	0.01692	0.02185	0.02185	0.01621	0.02326	0.01339	0.01762	0.01128	0.00634	0.00705	0.00211	0.00846	0.00634	0.00352	0.01128
26	0.02517	0.03144	0.01975	0.01794	0.02138	0.63710	0.01355	0.02776	0.04688	0.01789	0.01198	0.01408	0.01002	0.00938	0.03413	0.00227	0.04229	0.00491	0.00380	0.00829
27	0.01477	0.01266	0.01477	0.01055	0.01687	0.00949	0.00844	0.01793	0.01477	0.02320	0.01266	0.01477	0.01055	0.00527	0.00527	0.00105	0.00527	0.00422	0.00422	0.79328
28	0.02002	0.02312	0.02297	0.01956	0.02165	0.29646	0.07388	0.02208	0.01508	0.01776	0.01045	0.01482	0.00941	0.00987	0.01537	0.00255	0.38767	0.00578	0.00338	0.00813
29	0.00963	0.00696	0.00837	0.00880	0.01028	0.00622	0.00624	0.01146	0.01584	0.04160	0.17349	0.33176	0.27728	0.04640	0.00969	0.00273	0.00397	0.01628	0.00682	0.00618
30	0.00900	0.00640	0.00840	0.00961	0.01017	0.00600	0.00644	0.01043	0.01427	0.01926	0.12904	0.59458	0.04818	0.07887	0.01114	0.00312	0.00424	0.01845	0.00660	0.00580
31	0.00898	0.00661	0.00885	0.01030	0.01069	0.00648	0.00700	0.01023	0.01351	0.01813	0.03794	0.71333	0.04545	0.02188	0.00971	0.00290	0.03604	0.01963	0.00646	0.00587
32	0.00868	0.00620	0.00826	0.00991	0.01033	0.00578	0.00661	0.00991	0.01363	0.01818	0.03925	0.74510	0.04710	0.02231	0.00909	0.00289	0.00413	0.02024	0.00661	0.00578
33	0.02707	0.01995	0.02137	0.01638	0.02208	0.02208	0.01353	0.68159	0.03348	0.04488	0.01710	0.01710	0.01211	0.00855	0.00712	0.00214	0.00784	0.00641	0.00712	0.01211
34	0.00980	0.00706	0.00927	0.00915	0.01058	0.00653	0.00670	0.01273	0.01884	0.02647	0.56841	0.19230	0.06315	0.01612	0.00854	0.00237	0.00351	0.01436	0.00759	0.00653
35	0.02707	0.01995	0.02137	0.01638	0.02208	0.02208	0.01353	0.68159	0.03348	0.04488	0.01710	0.01710	0.01211	0.00855	0.00712	0.00214	0.00784	0.00641	0.00712	0.01211
36	0.00874	0.00623	0.00824	0.00983	0.01022	0.00583	0.00652	0.00993	0.01350	0.01800	0.03856	0.71663	0.04623	0.05196	0.01020	0.00306	0.00424	0.01984	0.00652	0.00572
37	0.01477	0.01266	0.01477	0.01055	0.01687	0.00949	0.00844	0.01793	0.01477	0.02320	0.01266	0.01477	0.01055	0.00527	0.00527	0.00105	0.00527	0.00422	0.00422	0.79328
38	0.01691	0.01568	0.01435	0.01317	0.01664	0.12141	0.01018	0.02840	0.36908	0.04550	0.06044	0.03680	0.17200	0.01171	0.00752	0.00235	0.00626	0.03568	0.00660	0.00932
39	0.01477	0.01266	0.01477	0.01055	0.01687	0.00949	0.00844	0.01793	0.01477	0.02320	0.01266	0.01477	0.01055	0.00527	0.00527	0.00105	0.00527	0.00422	0.00422	0.79328
40	0.01730	0.01376	0.01585	0.01152	0.01772	0.01146	0.00930	0.12049	0.01785	0.05246	0.01392	0.01548	0.01105	0.00591	0.00563	0.00126	0.00570	0.00467	0.00484	0.64383
41	0.01703	0.01376	0.01726	0.01277	0.01867	0.01173	0.05458	0.11595	0.01781	0.05358	0.01565	0.05996	0.01329	0.00698	0.00606	0.00146	0.00607	0.00591	0.00493	0.54654
42	0.05472	0.06438	0.64982	0.01941	0.02944	0.01697	0.02479	0.02242	0.01486	0.02280	0.01252	0.01471	0.00896	0.00673	0.00656	0.00222	0.01015	0.00513	0.00308	0.01032
43	0.02161	0.01443	0.01622	0.01399	0.01842	0.01573	0.01105	0.03698	0.50862	0.21593	0.02874	0.02593	0.02061	0.00943	0.00722	0.00236	0.00575	0.00781	0.00767	0.01150
44	0.01045	0.03607	0.04098	0.00997	0.01237	0.00805	0.00841	0.01357	0.01795	0.02400	0.34986	0.05945	0.21982	0.01584	0.00848	0.00247	0.00454	0.14407	0.00688	0.00676
45	0.01265	0.00879	0.00991	0.00940	0.01033	0.00905	0.00606	0.11265	0.01437	0.01920	0.02412	0.14607	0.02694	0.52844	0.02776	0.00558	0.00663	0.01123	0.00508	0.00572
46	0.01257	0.00838	0.00983	0.00931	0.01089	0.00809	0.00644	0.06705	0.01566	0.05632	0.12849	0.17727	0.09267	0.28467	0.01833	0.00401	0.00540	0.01216	0.03737	0.03510
47	0.56013	0.12655	0.01566	0.06376	0.01721	0.01771	0.00942	0.04755	0.01362	0.02892	0.01093	0.01291	0.00865	0.00671	0.00477	0.00209	0.00613	0.00425	0.03495	0.00808
48	0.80005	0.01377	0.01047	0.00936	0.01377	0.01597	0.00771	0.02093	0.01212	0.03195	0.00991	0.01157	0.00771	0.00661	0.00441	0.00220	0.00551	0.00386	0.00441	0.00771
49	0.00868	0.00620	0.00826	0.00991	0.01033	0.00578	0.00661	0.00991	0.01363	0.01818	0.03925	0.74510	0.04710	0.02231	0.00909	0.00289	0.00413	0.02024	0.00661	0.00578
50	0.01477	0.01266	0.01477	0.01055	0.01687	0.00949	0.00844	0.01793	0.01477	0.02320	0.01266	0.01477	0.01055	0.00527	0.00527	0.00105	0.00527	0.00422	0.00422	0.79328
51	0.01356	0.00960	0.01218	0.03501	0.01393	0.00968	0.02765	0.10548	0.01556	0.04886	0.02575	0.24777	0.02783	0.27675	0.05455	0.00449	0.00694	0.01201	0.00549	0.04691
52	0.80005	0.01377	0.01047	0.00936	0.01377	0.01597	0.00771	0.02093	0.01212	0.03195	0.00991	0.01157	0.00771	0.00661	0.00441	0.00220	0.00551	0.00386	0.00441	0.00771
53	0.06326	0.01219	0.01628	0.01253	0.01800	0.01069	0.01035	0.03414	0.02004	0.68261	0.02735	0.02372	0.01722	0.00872	0.00705	0.00220	0.00604	0.00703	0.00863	0.01194
54	0.00853	0.00705	0.00739	0.00764	0.00965	0.00601	0.00554	0.01018	0.01560	0.01885	0.06518	0.16833	0.57686	0.04899	0.00967	0.00266	0.00382	0.01561	0.00652	0.00591
55	0.01428	0.03683	0.71286	0.02030	0.03082	0.01654	0.02631	0.02255	0.01503	0.02255	0.01278	0.01503	0.00902	0.00677	0.00677	0.00226	0.01052	0.00526	0.00301	0.01052
56	0.03195	0.01212	0.01652	0.01267	0.01818	0.01047	0.01047	0.03470	0.02038	0.71026	0.02809	0.02424	0.01763	0.00881	0.00716	0.00220	0.00606	0.00716	0.00881	0.01212
57	0.00856	0.00722	0.00742	0.00737	0.00971	0.00607	0.00552	0.01050	0.01657	0.02005	0.12738	0.06718	0.64669	0.01773	0.00841	0.00239	0.00359	0.01484	0.00672	0.00607
58	0.01762	0.01692	0.02890	0.04371	0.70533	0.01692	0.02185	0.02185	0.01621	0.02326	0.01339	0.01762	0.01128	0.00634	0.00705	0.00211	0.00846	0.00634	0.00352	0.01128
59	0.02769	0.01311	0.01647	0.01313	0.01817	0.01260	0.01067	0.08564	0.15130	0.49098	0.06185	0.02560	0.02052	0.00925	0.00724	0.00224	0.00598	0.00757	0.00833	0.01168
60	0.02943	0.01316	0.01680	0.01321	0.01850	0.01239	0.01081	0.08089	0.12380	0.55947	0.02745	0.02409	0.01786	0.00892	0.00717	0.00223	0.00612	0.00724	0.00845	0.01199
61	0.01017	0.00763	0.01144	0.01144	0.01272	0.00890	0.00890	0.01272	0.01144	0.01653	0.01907	0.02797	0.01780	0.05340	0.72153	0.01144	0.01907	0.00763	0.00381	0.00636
62	0.74628	0.01366	0.01089	0.00960	0.01408	0.01559	0.00790	0.02190	0.01270	0.07943	0.01119	0.01245	0.00841	0.00676	0.00460	0.00220	0.00555	0.00409	0.00472	0.00802
63	0.04750	0.01476	0.01475	0.01267	0.01638	0.09116	0.00993	0.12575	0.15857	0.10468	0.23497	0.03236	0.05894	0.01074	0.00736	0.00218	0.00601	0.00882	0.00696	0.03552
64	0.13034	0.00842	0.00967	0.00933	0.01126	0.00849	0.00704	0.01379	0.01709	0.02589	0.39026	0.15255	0.13147	0.01487	0.00848	0.00239	0.03255	0.01263	0.00679	0.00668
65	0.01328	0.00786	0.01020	0.00940	0.01130	0.00724	0.00690	0.01588	0.01823	0.12704	0.45055	0.09719	0.05208	0.12637	0.01251	0.00299	0.00436	0.01217	0.00736	0.00709
66	0.01680	0.01893	0.04047	0.03022	0.07059	0.01812	0.61690	0.02251	0.01652	0.02259	0.01413	0.01897	0.01077	0.00630	0.00899	0.00242	0.04339	0.00820	0.00358	0.00961
67	0.00842	0.00721	0.00721	0.00721	0.00962	0.00601	0.00541	0.01022	0.01623	0.01924	0.07213	0.06853	0.70244	0.01803	0.00842	0.00240	0.00361	0.01503	0.00661	0.00601
68	0.00866	0.00625	0.00821	0.00978	0.01029	0.00580	0.00655	0.00993	0.01377	0.01823	0.04093	0.71049	0.08063	0.02209	0.00905	0.00287	0.00410	0.01998	0.00661	0.00580
69	0.01904	0.75404	0.03731	0.01218	0.01828	0.02818	0.01218	0.02132	0.01447	0.01675	0.00990	0.01142	0.00914	0.00609	0.00457	0.00152	0.00761	0.00381	0.00305	0.00914
70	0.01477	0.01266	0.01477	0.01055	0.01687	0.00949	0.00844	0.01793	0.01477	0.02320	0.01266	0.01477	0.01055	0.00527	0.00527	0.00105	0.00527	0.00422	0.00422	0.79328
71	0.01477	0.01266	0.01477	0.01055	0.01687	0.00949	0.00844	0.01793	0.01477	0.02320	0.01266	0.01477	0.01055	0.00527	0.00527	0.00105	0.00527	0.00422	0.00422	0.79328
72	0.01417	0.01340	0.02267	0.61310	0.16292	0.01601	0.02014	0.01883	0.01458	0.01907	0.01278	0.01875	0.00980	0.00698	0.00711	0.00233	0.00931	0.00633	0.00323	0.00849
73	0.01904	0.75404	0.03731	0.01218	0.01828	0.02818	0.01218	0.02132	0.01447	0.01675	0.00990	0.01142	0.00914	0.00609	0.00457	0.00152	0.00761	0.00381	0.00305	0.00914
74	0.80005	0.01377	0.01047	0.00936	0.01377	0.01597	0.00771	0.02093	0.01212	0.03195	0.00991	0.01157	0.00771	0.00661	0.00441	0.00220	0.00551	0.00386	0.00441	0.00771
75	0.01035	0.00694	0.00795	0.00795	0.00802	0.00701	0.00455	0.01048	0.01041	0.01395	0.02226	0.04565	0.02547	0.71412	0.07131	0.00714	0.00753	0.01022	0.00429	0.00442
76	0.02667	0.03180	0.02036	0.01805	0.02202	0.61456	0.01372	0.12804	0.02221	0.02161	0.01194	0.01349	0.00962	0.00752	0.00653	0.00188	0.01208	0.00486	0.00420	0.00884
77	0.00868	0.00620	0.00826	0.00991	0.01033	0.00578	0.00661	0.00991	0.01363	0.01818	0.03925	0.74510	0.04710	0.02231	0.00909	0.00289	0.00413	0.02024	0.00661	0.00578
78	0.01771	0.01530	0.01610	0.01449	0.01852	0.01771	0.01127	0.03784	0.69247	0.02979	0.02898	0.02657	0.02174	0.00966	0.00725	0.00242	0.00564	0.00805	0.00725	0.01127
79	0.00881	0.00630	0.00838	0.00982	0.01036	0.00587	0.00662	0.01025	0.01425	0.01916	0.10199	0.67956	0.04900	0.02157	0.00902	0.00283	0.00406	0.01955	0.00673	0.00587
80	0.01724	0.01652	0.02800	0.04219	0.67651	0.01647	0.02117	0.02137	0.01621	0.02310	0.01583	0.01973	0.03992	0.00683	0.00711	0.00213	0.00826	0.00670	0.00365	0.01106
81	0.00865	0.00631	0.00814	0.00961	0.01025	0.00581	0.00647	0.00995	0.01393	0.01830	0.04298	0.66830	0.12149	0.02182	0.00901	0.00284	0.00407	0.01965	0.00661	0.00581
82	0.02660	0.03394	0.02018	0.01834	0.02201	0.72116	0.01376	0.02843	0.02018	0.01743	0.01101	0.01284	0.00917	0.00734	0.00642	0.00183	0.01284	0.00459	0.00367	0.00825
83	0.00917	0.00640	0.00812	0.00929	0.00958	0.00611	0.00594	0.01004	0.01268	0.01690	0.03435	0.54150	0.04091	0.23435	0.01700	0.00406	0.00494	0.01736	0.00594	0.00536
84	0.02727	0.01963	0.02117	0.01623	0.02192	0.02161	0.01341	0.65522	0.03295	0.07200	0.01754	0.01739	0.01233	0.00856	0.00712	0.00214	0.00776	0.00644	0.00719	0.01211
85	0.01762	0.01692	0.02890	0.04371	0.70533	0.01692	0.02185	0.02185	0.01621	0.02326	0.01339	0.01762	0.01128	0.00634	0.00705	0.00211	0.00846	0.00634	0.00352	0.01128
86	0.00894	0.00643	0.00839	0.00958	0.01025	0.00598	0.00650	0.01048	0.01461	0.01964	0.14092	0.58753	0.07504	0.04759	0.00995	0.00292	0.00409	0.01855	0.00671	0.00588
87	0.01519	0.01303	0.01611	0.12096	0.02205	0.01110	0.01043	0.05196	0.01564	0.02355	0.01288	0.01553	0.01047	0.00572	0.00565	0.00131	0.00605	0.00465	0.00421	0.63350
88	0.01779	0.01335	0.01624	0.01216	0.01797	0.01138	0.03085	0.07706	0.06546	0.10328	0.01707	0.04628	0.01375	0.00697	0.00604	0.00149	0.00578	0.00579	0.00528	0.52602
89	0.01972	0.61362	0.03348	0.01301	0.01849	0.13098	0.01218	0.02189	0.01529	0.01692	0.01134	0.04360	0.01080	0.00698	0.00504	0.00163	0.00825	0.00464	0.00329	0.00886
90	0.01457	0.03483	0.63670	0.02140	0.03155	0.01670	0.10046	0.02258	0.01523	0.02258	0.01296	0.01551	0.00922	0.00668	0.00695	0.00227	0.01069	0.00562	0.00307	0.01042
91	0.06615	0.18018	0.48658	0.01747	0.02638	0.01849	0.02125	0.02296	0.01507	0.06533	0.01298	0.01466	0.00950	0.00675	0.00619	0.00210	0.00933	0.00500	0.00347	0.01016

[dist]
# distance from previous block
# <min> <max>
0	4

[block]
# block no. 3 follows, 29 sequences, length 52
# corresponding to MSA columns:
# 230-281
name=unknown_D
#
# <colnr> <probs for GDERKNQSTAVLIFYWHMCP>
#	G	D	E	R	K	N	Q	S	T	A	V	L	I	F	Y	W	H	M	C	P
0	0.00902	0.00637	0.00827	0.00953	0.00997	0.00601	0.00628	0.01021	0.01357	0.01820	0.07966	0.59634	0.04524	0.13004	0.01308	0.00345	0.00449	0.01829	0.00635	0.00563
1	0.00879	0.00628	0.00840	0.01005	0.01051	0.00589	0.00682	0.01012	0.01375	0.01831	0.03918	0.71703	0.04684	0.02220	0.00912	0.00291	0.00423	0.04715	0.00661	0.00582
2	0.01257	0.00999	0.01162	0.01074	0.01325	0.01041	0.00819	0.02153	0.24785	0.02846	0.43913	0.04500	0.08654	0.01309	0.00801	0.00231	0.00414	0.01136	0.00757	0.00822
3	0.01762	0.01692	0.02890	0.04371	0.70533	0.01692	0.02185	0.02185	0.01621	0.02326	0.01339	0.01762	0.01128	0.00634	0.00705	0.00211	0.00846	0.00634	0.00352	0.01128
4	0.00876	0.00703	0.00782	0.00805	0.00993	0.00609	0.00587	0.01072	0.01641	0.02065	0.17527	0.19816	0.46372	0.01826	0.00854	0.00247	0.00367	0.01567	0.00683	0.00609
5	0.03195	0.01212	0.01652	0.01267	0.01818	0.01047	0.01047	0.03470	0.02038	0.71026	0.02809	0.02424	0.01763	0.00881	0.00716	0.00220	0.00606	0.00716	0.00881	0.01212
6	0.02707	0.01995	0.02137	0.01638	0.02208	0.02208	0.01353	0.68159	0.03348	0.04488	0.01710	0.01710	0.01211	0.00855	0.00712	0.00214	0.00784	0.00641	0.00712	0.01211
7	0.00947	0.00725	0.00868	0.00832	0.01027	0.00646	0.00624	0.01227	0.01873	0.02516	0.47243	0.05877	0.29845	0.01582	0.00840	0.00230	0.00345	0.01366	0.00739	0.00646
8	0.01345	0.01266	0.02136	0.73264	0.04904	0.01582	0.01978	0.01819	0.01424	0.01819	0.01266	0.01898	0.00949	0.00712	0.00712	0.00237	0.00949	0.00633	0.00316	0.00791
9	0.01428	0.03683	0.71286	0.02030	0.03082	0.01654	0.02631	0.02255	0.01503	0.02255	0.01278	0.01503	0.00902	0.00677	0.00677	0.00226	0.01052	0.00526	0.00301	0.01052
10	0.01032	0.00761	0.00968	0.00911	0.01092	0.00715	0.00685	0.01431	0.04833	0.02816	0.64279	0.05281	0.09596	0.01452	0.00835	0.00225	0.00347	0.01278	0.00775	0.00688
11	0.01008	0.00728	0.00952	0.00896	0.01064	0.00672	0.00672	0.01344	0.02016	0.02855	0.70158	0.05319	0.06719	0.01456	0.00840	0.00224	0.00336	0.01288	0.00784	0.00672
12	0.01004	0.00749	0.01093	0.01196	0.01311	0.00719	0.03865	0.01222	0.01476	0.01950	0.03758	0.47571	0.04328	0.02063	0.00932	0.00301	0.00535	0.24658	0.00646	0.00623
13	0.80005	0.01377	0.01047	0.00936	0.01377	0.01597	0.00771	0.02093	0.01212	0.03195	0.00991	0.01157	0.00771	0.00661	0.00441	0.00220	0.00551	0.00386	0.00441	0.00771
14	0.03195	0.01212	0.01652	0.01267	0.01818	0.01047	0.01047	0.03470	0.02038	0.71026	0.02809	0.02424	0.01763	0.00881	0.00716	0.00220	0.00606	0.00716	0.00881	0.01212
15	0.01477	0.01266	0.01477	0.01055	0.01687	0.00949	0.00844	0.01793	0.01477	0.02320	0.01266	0.01477	0.01055	0.00527	0.00527	0.00105	0.00527	0.00422	0.00422	0.79328
16	0.00868	0.00620	0.00826	0.00991	0.01033	0.00578	0.00661	0.00991	0.01363	0.01818	0.03925	0.74510	0.04710	0.02231	0.00909	0.00289	0.00413	0.02024	0.00661	0.00578
17	0.01410	0.01333	0.02254	0.62449	0.15207	0.01599	0.02010	0.01877	0.01455	0.01899	0.01277	0.01877	0.00977	0.00700	0.00711	0.00233	0.00933	0.00633	0.00322	0.00844
18	0.07219	0.00865	0.01049	0.00943	0.01214	0.00797	0.00728	0.01743	0.01866	0.15983	0.38055	0.07156	0.16884	0.01376	0.00789	0.00228	0.00412	0.01175	0.00751	0.00768
19	0.01072	0.00753	0.00881	0.00840	0.01065	0.00659	0.00633	0.01317	0.01792	0.07119	0.31140	0.09217	0.37663	0.01625	0.00835	0.00235	0.00371	0.01390	0.00724	0.00670
20	0.00889	0.00629	0.00820	0.00964	0.01000	0.00593	0.00632	0.00997	0.01322	0.01762	0.03710	0.65607	0.04439	0.11504	0.01255	0.00340	0.00448	0.01898	0.00632	0.00560
21	0.01735	0.01854	0.08449	0.04180	0.65051	0.01689	0.02222	0.02191	0.01612	0.02321	0.01334	0.01741	0.01110	0.00638	0.00703	0.00213	0.00863	0.00626	0.00348	0.01122
22	0.01568	0.01613	0.02669	0.05937	0.04875	0.02001	0.17888	0.01862	0.01273	0.01878	0.01119	0.01709	0.01003	0.01160	0.03902	0.00311	0.47390	0.00682	0.00327	0.00832
23	0.00868	0.00620	0.00826	0.00991	0.01033	0.00578	0.00661	0.00991	0.01363	0.01818	0.03925	0.74510	0.04710	0.02231	0.00909	0.00289	0.00413	0.02024	0.00661	0.00578
24	0.09802	0.01192	0.01477	0.01195	0.01650	0.01132	0.00968	0.05517	0.07614	0.43306	0.15532	0.02852	0.02634	0.00977	0.00715	0.00223	0.00552	0.00799	0.00802	0.01060
25	0.02709	0.01813	0.02003	0.01555	0.02106	0.01962	0.01278	0.50790	0.09096	0.16206	0.02013	0.01923	0.01397	0.00870	0.00714	0.00217	0.00732	0.00669	0.00744	0.01203
26	0.01377	0.01299	0.02195	0.67858	0.10053	0.01591	0.01994	0.01848	0.01439	0.01859	0.01271	0.01888	0.00963	0.00706	0.00711	0.00235	0.00941	0.00633	0.00319	0.00817
27	0.05347	0.01532	0.01605	0.01421	0.01831	0.01759	0.01113	0.09230	0.57840	0.03115	0.05303	0.02609	0.02202	0.00962	0.00715	0.00237	0.00573	0.00790	0.00713	0.01101
28	0.01145	0.00753	0.00961	0.00913	0.01107	0.00681	0.00682	0.01428	0.01881	0.08166	0.47488	0.13792	0.15190	0.01554	0.00838	0.00234	0.00371	0.01362	0.00759	0.00694
29	0.02765	0.01282	0.01697	0.01382	0.04906	0.01112	0.01072	0.06203	0.01971	0.51040	0.02383	0.02171	0.01566	0.00798	0.00678	0.00197	0.00610	0.00650	0.00758	0.16759
30	0.01944	0.01543	0.01728	0.01277	0.01886	0.01428	0.01038	0.27029	0.02188	0.03144	0.01434	0.01565	0.01114	0.00652	0.00598	0.00147	0.00625	0.00505	0.00532	0.49623
31	0.01952	0.49721	0.13951	0.01418	0.02050	0.11473	0.01438	0.02274	0.01570	0.04551	0.03131	0.01389	0.01115	0.00671	0.00537	0.00173	0.00856	0.00453	0.00349	0.00929
32	0.01022	0.00800	0.01050	0.01078	0.01247	0.00765	0.03108	0.01377	0.06629	0.02140	0.14015	0.33060	0.17446	0.01842	0.00881	0.00271	0.00468	0.11467	0.00672	0.00663
33	0.19562	0.46806	0.06632	0.01268	0.01836	0.10169	0.01212	0.02209	0.01460	0.02057	0.01018	0.01181	0.00881	0.00638	0.00486	0.00175	0.00788	0.00398	0.00342	0.00879
34	0.04313	0.01544	0.02409	0.27925	0.15930	0.05356	0.12516	0.02000	0.01566	0.02162	0.04882	0.01932	0.01313	0.00690	0.00697	0.00209	0.00880	0.00651	0.00378	0.12646
35	0.00998	0.00761	0.00993	0.04046	0.01303	0.00688	0.00742	0.01167	0.01377	0.01893	0.03303	0.56808	0.03856	0.03859	0.00908	0.00266	0.00463	0.01659	0.00599	0.14309
36	0.00994	0.00717	0.00927	0.00916	0.01059	0.00667	0.00675	0.01275	0.01833	0.02554	0.51501	0.13930	0.08271	0.06704	0.01050	0.00271	0.00388	0.04894	0.00733	0.00640
37	0.03049	0.01305	0.01699	0.01299	0.01856	0.01175	0.01071	0.10827	0.02160	0.59786	0.02602	0.02292	0.01662	0.00860	0.00706	0.00214	0.00622	0.00692	0.00838	0.05286
38	0.00862	0.00640	0.00805	0.00938	0.01019	0.00583	0.00637	0.00998	0.01415	0.01839	0.04580	0.61035	0.17762	0.02146	0.00895	0.00279	0.00403	0.01920	0.00661	0.00583
39	0.01022	0.00737	0.00976	0.00966	0.01127	0.00690	0.00746	0.01346	0.01923	0.02688	0.56282	0.09353	0.06203	0.01576	0.00866	0.00244	0.00390	0.11444	0.00757	0.00664
40	0.01558	0.01558	0.02181	0.01869	0.01869	0.02181	0.01558	0.01714	0.01091	0.01714	0.00935	0.01558	0.00935	0.01246	0.02337	0.00312	0.73672	0.00623	0.00312	0.00779
41	0.01345	0.01266	0.02136	0.73264	0.04904	0.01582	0.01978	0.01819	0.01424	0.01819	0.01266	0.01898	0.00949	0.00712	0.00712	0.00237	0.00949	0.00633	0.00316	0.00791
42	0.01477	0.01266	0.01477	0.01055	0.01687	0.00949	0.00844	0.01793	0.01477	0.02320	0.01266	0.01477	0.01055	0.00527	0.00527	0.00105	0.00527	0.00422	0.00422	0.79328
43	0.02473	0.03040	0.02199	0.02361	0.16402	0.57481	0.01544	0.02707	0.01935	0.01864	0.01150	0.01383	0.00961	0.00713	0.00655	0.00189	0.01193	0.00495	0.00364	0.00888
44	0.01428	0.03683	0.71286	0.02030	0.03082	0.01654	0.02631	0.02255	0.01503	0.02255	0.01278	0.01503	0.00902	0.00677	0.00677	0.00226	0.01052	0.00526	0.00301	0.01052
45	0.02506	0.01870	0.01997	0.01571	0.02098	0.02079	0.01284	0.55457	0.13620	0.04179	0.01920	0.01895	0.01386	0.00871	0.00706	0.00216	0.00731	0.00668	0.03768	0.01176
46	0.01036	0.00690	0.00777	0.00777	0.00777	0.00690	0.00431	0.01036	0.01036	0.01381	0.02244	0.04660	0.02589	0.74975	0.03624	0.00690	0.00690	0.01036	0.00431	0.00431
47	0.01036	0.00690	0.00777	0.00777	0.00777	0.00690	0.00431	0.01036	0.01036	0.01381	0.02244	0.04660	0.02589	0.74975	0.03624	0.00690	0.00690	0.01036	0.00431	0.00431
48	0.00883	0.00638	0.00836	0.00966	0.01033	0.00591	0.00656	0.01035	0.01455	0.01947	0.12019	0.62705	0.08368	0.02116	0.00897	0.00279	0.00401	0.01909	0.00676	0.00591
49	0.00971	0.00719	0.00894	0.00868	0.01027	0.00662	0.00635	0.01235	0.01794	0.02459	0.46610	0.09457	0.18015	0.07677	0.03573	0.00301	0.00429	0.01332	0.00711	0.00632
50	0.01477	0.01266	0.01477	0.01055	0.01687	0.00949	0.00844	0.01793	0.01477	0.02320	0.01266	0.01477	0.01055	0.00527	0.00527	0.00105	0.00527	0.00422	0.00422	0.79328
51	0.01662	0.01885	0.04089	0.06846	0.03786	0.01789	0.64338	0.02256	0.01667	0.02256	0.01431	0.01920	0.01073	0.00606	0.00833	0.00240	0.01187	0.00829	0.00358	0.00951

[dist]
# distance from previous block
# <min> <max>
0	1

[block]
# block no. 4 follows, 29 sequences, length 34
# corresponding to MSA columns:
# 283-316
name=unknown_E
#
# <colnr> <probs for GDERKNQSTAVLIFYWHMCP>
#	G	D	E	R	K	N	Q	S	T	A	V	L	I	F	Y	W	H	M	C	P
0	0.02681	0.01103	0.01479	0.01184	0.01652	0.00960	0.00969	0.02957	0.01985	0.55154	0.10401	0.03333	0.08079	0.01064	0.00751	0.00227	0.00559	0.03538	0.00843	0.01080
1	0.07445	0.37955	0.33670	0.01559	0.02354	0.02208	0.01816	0.02184	0.01455	0.02046	0.01119	0.01304	0.00898	0.00643	0.00554	0.00190	0.00876	0.00446	0.00313	0.00965
2	0.01762	0.01692	0.02890	0.04371	0.70533	0.01692	0.02185	0.02185	0.01621	0.02326	0.01339	0.01762	0.01128	0.00634	0.00705	0.00211	0.00846	0.00634	0.00352	0.01128
3	0.01018	0.00735	0.00966	0.00926	0.01094	0.00683	0.00707	0.01353	0.01988	0.02802	0.65267	0.05519	0.06526	0.01493	0.00850	0.00232	0.00359	0.06036	0.00774	0.00671
4	0.01725	0.01477	0.01576	0.01439	0.01824	0.01701	0.01129	0.03614	0.64266	0.02916	0.02962	0.03053	0.02315	0.01040	0.00744	0.00248	0.00570	0.05589	0.00719	0.01092
5	0.00994	0.00727	0.00932	0.00881	0.01055	0.00666	0.00661	0.01316	0.01982	0.02775	0.64744	0.05451	0.12183	0.01486	0.00840	0.00225	0.00338	0.01306	0.00773	0.00666
6	0.01336	0.00815	0.01009	0.00931	0.01189	0.00723	0.00727	0.01609	0.01860	0.14143	0.32646	0.05538	0.26981	0.01512	0.00830	0.00237	0.00414	0.06010	0.00750	0.00739
7	0.01033	0.00701	0.00830	0.00830	0.00849	0.00719	0.00498	0.01070	0.01051	0.01420	0.02195	0.04389	0.02471	0.64840	0.13598	0.00756	0.00867	0.00996	0.00424	0.00461
8	0.01477	0.01266	0.01477	0.01055	0.01687	0.00949	0.00844	0.01793	0.01477	0.02320	0.01266	0.01477	0.01055	0.00527	0.00527	0.00105	0.00527	0.00422	0.00422	0.79328
9	0.01147	0.00820	0.01147	0.01311	0.01475	0.00820	0.01147	0.01475	0.01639	0.02131	0.03770	0.08032	0.04098	0.01967	0.00984	0.00328	0.00656	0.65741	0.00656	0.00656
10	0.01345	0.01266	0.02136	0.73264	0.04904	0.01582	0.01978	0.01819	0.01424	0.01819	0.01266	0.01898	0.00949	0.00712	0.00712	0.00237	0.00949	0.00633	0.00316	0.00791
11	0.01036	0.00690	0.00777	0.00777	0.00777	0.00690	0.00431	0.01036	0.01036	0.01381	0.02244	0.04660	0.02589	0.74975	0.03624	0.00690	0.00690	0.01036	0.00431	0.00431
12	0.02036	0.02145	0.02632	0.03595	0.49870	0.19929	0.01940	0.05242	0.01799	0.02270	0.01294	0.01636	0.01077	0.00670	0.00689	0.00204	0.00957	0.00589	0.00372	0.01053
13	0.01904	0.75404	0.03731	0.01218	0.01828	0.02818	0.01218	0.02132	0.01447	0.01675	0.00990	0.01142	0.00914	0.00609	0.00457	0.00152	0.00761	0.00381	0.00305	0.00914
14	0.02707	0.01995	0.02137	0.01638	0.02208	0.02208	0.01353	0.68159	0.03348	0.04488	0.01710	0.01710	0.01211	0.00855	0.00712	0.00214	0.00784	0.00641	0.00712	0.01211
15	0.00920	0.00759	0.00813	0.00793	0.01024	0.00669	0.00597	0.01218	0.04738	0.02180	0.21129	0.06321	0.52959	0.01688	0.00836	0.00237	0.00364	0.01423	0.00692	0.00641
16	0.01904	0.75404	0.03731	0.01218	0.01828	0.02818	0.01218	0.02132	0.01447	0.01675	0.00990	0.01142	0.00914	0.00609	0.00457	0.00152	0.00761	0.00381	0.00305	0.00914
17	0.01500	0.01294	0.01351	0.01237	0.01592	0.01430	0.00956	0.02979	0.49554	0.02671	0.04155	0.03879	0.21997	0.01210	0.00759	0.00241	0.00504	0.01008	0.00706	0.00974
18	0.01219	0.00780	0.00988	0.00906	0.01128	0.00700	0.00690	0.01520	0.01948	0.10179	0.51566	0.05274	0.17470	0.01454	0.00827	0.00226	0.00370	0.01263	0.00773	0.00719
19	0.00876	0.00623	0.00824	0.00980	0.01019	0.00584	0.00649	0.00994	0.01346	0.01794	0.03835	0.70795	0.04597	0.06101	0.01053	0.00311	0.00428	0.01972	0.00649	0.00571
20	0.03195	0.01212	0.01652	0.01267	0.01818	0.01047	0.01047	0.03470	0.02038	0.71026	0.02809	0.02424	0.01763	0.00881	0.00716	0.00220	0.00606	0.00716	0.00881	0.01212
21	0.01867	0.01538	0.01635	0.01450	0.01866	0.01762	0.01134	0.06589	0.63786	0.05654	0.02843	0.02606	0.02116	0.00958	0.00724	0.00239	0.00575	0.00794	0.00730	0.01134
22	0.02707	0.01995	0.02137	0.01638	0.02208	0.02208	0.01353	0.68159	0.03348	0.04488	0.01710	0.01710	0.01211	0.00855	0.00712	0.00214	0.00784	0.00641	0.00712	0.01211
23	0.01036	0.00690	0.00777	0.00777	0.00777	0.00690	0.00431	0.01036	0.01036	0.01381	0.02244	0.04660	0.02589	0.74975	0.03624	0.00690	0.00690	0.01036	0.00431	0.00431
24	0.00868	0.00620	0.00826	0.00991	0.01033	0.00578	0.00661	0.00991	0.01363	0.01818	0.03925	0.74510	0.04710	0.02231	0.00909	0.00289	0.00413	0.02024	0.00661	0.00578
25	0.01695	0.01882	0.03978	0.03235	0.15142	0.01782	0.56706	0.02265	0.01671	0.02289	0.01423	0.01894	0.01089	0.00606	0.00817	0.00235	0.01140	0.00805	0.00359	0.00989
26	0.01440	0.03602	0.68211	0.02074	0.03111	0.01660	0.05624	0.02256	0.01511	0.02256	0.01285	0.01522	0.00910	0.00673	0.00684	0.00226	0.01059	0.00541	0.00303	0.01048
27	0.01036	0.00690	0.00777	0.00777	0.00777	0.00690	0.00431	0.01036	0.01036	0.01381	0.02244	0.04660	0.02589	0.74975	0.03624	0.00690	0.00690	0.01036	0.00431	0.00431
28	0.01014	0.00732	0.00961	0.00915	0.01083	0.00679	0.00694	0.01350	0.01998	0.02822	0.67107	0.05444	0.06598	0.01479	0.00846	0.00229	0.00351	0.04249	0.00778	0.00671
29	0.01456	0.06266	0.66003	0.02040	0.03062	0.01703	0.05286	0.02252	0.01509	0.02235	0.01274	0.01507	0.00910	0.00671	0.00675	0.00223	0.01048	0.00534	0.00303	0.01043
30	0.03157	0.01273	0.01690	0.01296	0.01848	0.01137	0.01070	0.08498	0.02140	0.65855	0.02724	0.02368	0.01720	0.00879	0.00716	0.00220	0.00620	0.00710	0.00868	0.01212
31	0.01345	0.01266	0.02136	0.73264	0.04904	0.01582	0.01978	0.01819	0.01424	0.01819	0.01266	0.01898	0.00949	0.00712	0.00712	0.00237	0.00949	0.00633	0.00316	0.00791
32	0.01345	0.01266	0.02136	0.73264	0.04904	0.01582	0.01978	0.01819	0.01424	0.01819	0.01266	0.01898	0.00949	0.00712	0.00712	0.00237	0.00949	0.00633	0.00316	0.00791
33	0.02080	0.01525	0.01622	0.01425	0.01848	0.04741	0.01122	0.03601	0.50294	0.16760	0.02829	0.02727	0.02098	0.00972	0.00728	0.00237	0.00607	0.02932	0.00738	0.01115

[dist]
# distance from previous block
# <min> <max>
0	2

[block]
# block no. 5 follows, 29 sequences, length 36
# corresponding to MSA columns:
# 319-354
name=unknown_F
#
# <colnr> <probs for GDERKNQSTAVLIFYWHMCP>
#	G	D	E	R	K	N	Q	S	T	A	V	L	I	F	Y	W	H	M	C	P
0	0.03195	0.01212	0.01652	0.01267	0.01818	0.01047	0.01047	0.03470	0.02038	0.71026	0.02809	0.02424	0.01763	0.00881	0.00716	0.00220	0.00606	0.00716	0.00881	0.01212
1	0.66972	0.01384	0.01171	0.01009	0.01469	0.01555	0.00831	0.05188	0.01410	0.11742	0.01251	0.01340	0.00915	0.00697	0.00487	0.00220	0.00568	0.00438	0.00508	0.00846
2	0.00868	0.00620	0.00826	0.00991	0.01033	0.00578	0.00661	0.00991	0.01363	0.01818	0.03925	0.74510	0.04710	0.02231	0.00909	0.00289	0.00413	0.02024	0.00661	0.00578
3	0.02563	0.03114	0.02042	0.01822	0.02172	0.60150	0.01391	0.07955	0.02039	0.01959	0.01134	0.01343	0.00942	0.00790	0.00802	0.00198	0.07854	0.00488	0.00389	0.00852
4	0.02559	0.03066	0.01979	0.01774	0.02161	0.58415	0.01345	0.08001	0.10054	0.02101	0.01360	0.01479	0.01088	0.00771	0.00657	0.00193	0.01160	0.00514	0.00436	0.00891
5	0.02932	0.01234	0.01620	0.01276	0.01793	0.01124	0.01042	0.03429	0.10533	0.59830	0.05384	0.02563	0.02003	0.00914	0.00722	0.00223	0.00590	0.00749	0.00858	0.01181
6	0.01477	0.01266	0.01477	0.01055	0.01687	0.00949	0.00844	0.01793	0.01477	0.02320	0.01266	0.01477	0.01055	0.00527	0.00527	0.00105	0.00527	0.00422	0.00422	0.79328
7	0.01921	0.01481	0.01706	0.01300	0.01839	0.01420	0.01054	0.23751	0.02082	0.05721	0.01564	0.03934	0.01269	0.00915	0.03301	0.00200	0.04486	0.00579	0.00537	0.40940
8	0.01327	0.00664	0.00664	0.00664	0.00830	0.00664	0.00498	0.01659	0.01493	0.02655	0.02323	0.02655	0.01825	0.00830	0.00498	0.00166	0.00332	0.00664	0.78928	0.00664
9	0.01642	0.01220	0.01479	0.01340	0.01622	0.01280	0.03143	0.27443	0.02178	0.02910	0.02961	0.37375	0.03162	0.01614	0.00837	0.00262	0.00607	0.07409	0.00671	0.00846
10	0.01237	0.00618	0.00928	0.00928	0.00928	0.00618	0.00618	0.00928	0.00928	0.01237	0.01237	0.02165	0.01237	0.02474	0.02783	0.79283	0.00618	0.00618	0.00309	0.00309
11	0.02707	0.01995	0.02137	0.01638	0.02208	0.02208	0.01353	0.68159	0.03348	0.04488	0.01710	0.01710	0.01211	0.00855	0.00712	0.00214	0.00784	0.00641	0.00712	0.01211
12	0.01693	0.01307	0.01624	0.01264	0.01754	0.01187	0.03337	0.11231	0.01748	0.07424	0.01835	0.12887	0.01686	0.00911	0.00753	0.00175	0.05238	0.00749	0.00524	0.42674
13	0.02273	0.01779	0.01893	0.01551	0.02043	0.02005	0.01248	0.38294	0.33920	0.03788	0.02261	0.02149	0.01658	0.00906	0.00718	0.00227	0.00681	0.00717	0.00718	0.01172
14	0.01813	0.01255	0.01511	0.01096	0.01713	0.00968	0.00883	0.02121	0.01586	0.15772	0.01568	0.01662	0.01193	0.00597	0.00564	0.00128	0.00543	0.00479	0.00512	0.64034
15	0.01477	0.01266	0.01477	0.01055	0.01687	0.00949	0.00844	0.01793	0.01477	0.02320	0.01266	0.01477	0.01055	0.00527	0.00527	0.00105	0.00527	0.00422	0.00422	0.79328
16	0.01408	0.01432	0.04408	0.04302	0.02348	0.04086	0.25638	0.06425	0.01688	0.02230	0.05016	0.29898	0.05290	0.01329	0.00840	0.00254	0.00798	0.01287	0.00524	0.00800
17	0.01428	0.03683	0.71286	0.02030	0.03082	0.01654	0.02631	0.02255	0.01503	0.02255	0.01278	0.01503	0.00902	0.00677	0.00677	0.00226	0.01052	0.00526	0.00301	0.01052
18	0.00865	0.00629	0.00817	0.00967	0.01026	0.00580	0.00650	0.00994	0.01387	0.01827	0.04225	0.68333	0.10693	0.02192	0.00903	0.00285	0.00408	0.01977	0.00661	0.00580
19	0.01738	0.02180	0.16516	0.06539	0.45806	0.06398	0.02155	0.02314	0.05288	0.02286	0.01392	0.01733	0.01117	0.00671	0.00696	0.00215	0.00906	0.00610	0.00362	0.01078
20	0.47906	0.11959	0.18325	0.01354	0.04213	0.01779	0.01326	0.02140	0.01328	0.02734	0.01072	0.01259	0.00834	0.00657	0.00508	0.00212	0.00710	0.00427	0.00386	0.00870
21	0.07764	0.01046	0.01331	0.01105	0.01490	0.00969	0.00883	0.02547	0.04866	0.36360	0.29242	0.03485	0.03664	0.01096	0.00746	0.00223	0.00494	0.00922	0.00805	0.00964
22	0.01598	0.01254	0.01445	0.01093	0.01617	0.01061	0.00851	0.06636	0.05928	0.05350	0.01602	0.02042	0.01377	0.10712	0.00982	0.00206	0.00574	0.00558	0.00483	0.54630
23	0.05527	0.11803	0.07194	0.01907	0.13573	0.01773	0.01416	0.12484	0.15670	0.16178	0.04099	0.02048	0.01592	0.00809	0.00669	0.00213	0.00707	0.00653	0.00592	0.01092
24	0.01563	0.21744	0.48919	0.01853	0.02738	0.01976	0.04607	0.02203	0.01479	0.02087	0.01197	0.01429	0.00913	0.00679	0.00693	0.00211	0.03896	0.00505	0.00304	0.01003
25	0.05304	0.01370	0.01673	0.01336	0.01851	0.01348	0.01088	0.10161	0.17386	0.46550	0.02657	0.02362	0.01767	0.00891	0.00709	0.00224	0.00613	0.00718	0.00814	0.01178
26	0.00868	0.00620	0.00826	0.00991	0.01033	0.00578	0.00661	0.00991	0.01363	0.01818	0.03925	0.74510	0.04710	0.02231	0.00909	0.00289	0.00413	0.02024	0.00661	0.00578
27	0.02634	0.01858	0.02006	0.01549	0.02089	0.02037	0.01276	0.60021	0.03147	0.07835	0.01811	0.01815	0.01284	0.00854	0.00697	0.00211	0.00742	0.00647	0.06315	0.01172
28	0.02959	0.01160	0.01577	0.01227	0.01736	0.01006	0.01006	0.03241	0.02036	0.63677	0.10070	0.02736	0.02297	0.00943	0.00729	0.00221	0.00577	0.00778	0.00871	0.01154
29	0.02660	0.03394	0.02018	0.01834	0.02201	0.72116	0.01376	0.02843	0.02018	0.01743	0.01101	0.01284	0.00917	0.00734	0.00642	0.00183	0.01284	0.00459	0.00367	0.00825
30	0.03195	0.01212	0.01652	0.01267	0.01818	0.01047	0.01047	0.03470	0.02038	0.71026	0.02809	0.02424	0.01763	0.00881	0.00716	0.00220	0.00606	0.00716	0.00881	0.01212
31	0.80005	0.01377	0.01047	0.00936	0.01377	0.01597	0.00771	0.02093	0.01212	0.03195	0.00991	0.01157	0.00771	0.00661	0.00441	0.00220	0.00551	0.00386	0.00441	0.00771
32	0.01036	0.00690	0.00777	0.00777	0.00777	0.00690	0.00431	0.01036	0.01036	0.01381	0.02244	0.04660	0.02589	0.74975	0.03624	0.00690	0.00690	0.01036	0.00431	0.00431
33	0.00996	0.00727	0.00935	0.00883	0.01057	0.00667	0.00663	0.01321	0.01988	0.02789	0.65656	0.05429	0.11262	0.01481	0.00840	0.00225	0.00338	0.01303	0.00775	0.00667
34	0.02131	0.01708	0.01813	0.01522	0.01989	0.01939	0.01214	0.28521	0.43924	0.03559	0.02441	0.02293	0.01804	0.00923	0.00720	0.00231	0.00648	0.00742	0.00720	0.01159
35	0.01036	0.00690	0.00777	0.00777	0.00777	0.00690	0.00431	0.01036	0.01036	0.01381	0.02244	0.04660	0.02589	0.74975	0.03624	0.00690	0.00690	0.01036	0.00431	0.00431

[dist]
# distance from previous block
# <min> <max>
0	28

[block]
# block no. 6 follows, 29 sequences, length 31
# corresponding to MSA columns:
# 383-413
name=unknown_G
#
# <colnr> <probs for GDERKNQSTAVLIFYWHMCP>
#	G	D	E	R	K	N	Q	S	T	A	V	L	I	F	Y	W	H	M	C	P
