[name]
unknown

[dist]
# distance from previous block
# <min> <max>
0	70

[block]
# block no. 0 follows, 28 sequences, length 15
# corresponding to MSA columns:
# 79-93
name=unknown_A
#
# <colnr> <probs for GDERKNQSTAVLIFYWHMCP>
#	G	D	E	R	K	N	Q	S	T	A	V	L	I	F	Y	W	H	M	C	P
0	0.09507	0.01608	0.01771	0.01423	0.01939	0.04506	0.01174	0.27094	0.02433	0.26094	0.02221	0.02567	0.01665	0.00956	0.00719	0.00225	0.00712	0.07210	0.00723	0.05455
1	0.02534	0.01751	0.02156	0.06492	0.12234	0.01855	0.01460	0.37019	0.05524	0.15752	0.01897	0.01929	0.01344	0.00827	0.00720	0.00218	0.00768	0.00665	0.00668	0.04187
2	0.02626	0.01961	0.02025	0.03897	0.02231	0.08520	0.01311	0.42495	0.06273	0.12343	0.01840	0.01834	0.01309	0.00838	0.00706	0.00209	0.00798	0.00637	0.00679	0.07468
3	0.01728	0.01655	0.02822	0.15827	0.59109	0.01708	0.02196	0.02169	0.01622	0.02289	0.01355	0.01822	0.01121	0.00661	0.00721	0.00220	0.00881	0.00647	0.00354	0.01094
4	0.01924	0.01563	0.01667	0.01477	0.01903	0.01786	0.01155	0.06350	0.62440	0.06748	0.02906	0.02661	0.02158	0.00977	0.00739	0.00244	0.00586	0.00810	0.00748	0.01159
5	0.00881	0.00652	0.00823	0.00960	0.01041	0.00595	0.00652	0.01018	0.01442	0.01876	0.04641	0.61321	0.17056	0.02195	0.00915	0.00286	0.00412	0.01966	0.00675	0.00595
6	0.01288	0.01053	0.01353	0.08109	0.04894	0.01119	0.01137	0.02006	0.17721	0.02289	0.03817	0.14591	0.12943	0.01591	0.00870	0.00281	0.00607	0.22889	0.00641	0.00801
7	0.01913	0.70375	0.08056	0.01296	0.01947	0.02801	0.01335	0.02185	0.01481	0.01748	0.01029	0.01189	0.00932	0.00626	0.00481	0.00160	0.00796	0.00398	0.00311	0.00942
8	0.01119	0.00726	0.00869	0.00883	0.00961	0.00696	0.00567	0.01206	0.01296	0.05488	0.05928	0.20395	0.10210	0.41084	0.04979	0.00536	0.00632	0.01316	0.00556	0.00554
9	0.01097	0.00736	0.00857	0.00869	0.00896	0.00736	0.00523	0.03381	0.01193	0.01591	0.02521	0.16494	0.02905	0.56134	0.03077	0.04161	0.00656	0.01198	0.00485	0.00489
10	0.01776	0.06002	0.03643	0.02972	0.15538	0.05389	0.42088	0.02285	0.01690	0.02278	0.01391	0.01811	0.01091	0.00620	0.00770	0.00219	0.01075	0.00733	0.00369	0.08259
11	0.01647	0.01464	0.02327	0.10257	0.02670	0.01280	0.18398	0.02063	0.01589	0.06248	0.01430	0.01734	0.01113	0.00602	0.00656	0.00167	0.00775	0.00586	0.00428	0.44566
12	0.02517	0.01589	0.01706	0.01349	0.01893	0.08942	0.01082	0.07091	0.10912	0.31960	0.02206	0.02080	0.01537	0.00799	0.00673	0.00193	0.00679	0.00631	0.00687	0.21474
13	0.02401	0.04363	0.02077	0.02034	0.16899	0.01514	0.01353	0.15090	0.05618	0.25621	0.02141	0.05741	0.01614	0.00864	0.00707	0.00211	0.00692	0.00726	0.00653	0.09682
14	0.06771	0.01484	0.02116	0.17825	0.18726	0.01530	0.01568	0.11188	0.01940	0.22909	0.01824	0.01973	0.01291	0.00766	0.00700	0.00220	0.00771	0.00647	0.00571	0.05180

[dist]
# distance from previous block
# <min> <max>
8	46

[block]
# block no. 1 follows, 28 sequences, length 36
# corresponding to MSA columns:
# 140-175
name=unknown_B
#
# <colnr> <probs for GDERKNQSTAVLIFYWHMCP>
#	G	D	E	R	K	N	Q	S	T	A	V	L	I	F	Y	W	H	M	C	P
0	0.05002	0.19451	0.02273	0.01464	0.04235	0.01811	0.05085	0.12826	0.11356	0.02734	0.07075	0.05655	0.01910	0.00871	0.00644	0.00197	0.00665	0.00710	0.05486	0.10550
1	0.02130	0.18337	0.07929	0.01441	0.01981	0.01878	0.01299	0.16892	0.07938	0.13146	0.01929	0.07849	0.01586	0.00929	0.00765	0.00212	0.04946	0.00710	0.00573	0.07530
2	0.05841	0.19180	0.02614	0.01858	0.09980	0.02066	0.05200	0.23928	0.05311	0.10251	0.01625	0.01708	0.01222	0.00751	0.00649	0.00200	0.00771	0.00593	0.00553	0.05699
3	0.02147	0.26381	0.02581	0.01512	0.04373	0.07063	0.01251	0.21988	0.06207	0.02815	0.01427	0.01534	0.01139	0.00713	0.00598	0.00175	0.00766	0.00518	0.00492	0.16319
4	0.02111	0.05807	0.01776	0.01334	0.01778	0.01620	0.01076	0.30021	0.07881	0.09843	0.10250	0.06126	0.06588	0.05353	0.00910	0.00247	0.00646	0.00869	0.00691	0.05074
5	0.07311	0.01869	0.01907	0.01536	0.02043	0.05163	0.01243	0.41947	0.16075	0.03901	0.05922	0.02094	0.01719	0.00904	0.00711	0.00220	0.00729	0.00696	0.00692	0.03316
6	0.10317	0.18862	0.02171	0.01381	0.01852	0.10801	0.01153	0.16429	0.06747	0.11081	0.01845	0.05322	0.01551	0.04256	0.00784	0.00233	0.00771	0.02906	0.00561	0.00977
7	0.01203	0.00947	0.01073	0.01143	0.01272	0.04095	0.00812	0.07324	0.04685	0.02157	0.03557	0.55299	0.04085	0.04285	0.00980	0.00296	0.00526	0.04915	0.00661	0.00686
8	0.02119	0.01870	0.01809	0.01564	0.02010	0.09302	0.01229	0.18047	0.46915	0.03253	0.02492	0.02346	0.01862	0.00936	0.00728	0.00234	0.00704	0.00747	0.00698	0.01137
9	0.02304	0.01467	0.05784	0.01298	0.01874	0.01208	0.01110	0.10584	0.04293	0.29194	0.04940	0.05469	0.01817	0.00864	0.00684	0.00193	0.00622	0.00707	0.00679	0.24909
10	0.01678	0.14507	0.44736	0.01922	0.02758	0.01948	0.04875	0.05514	0.01599	0.04305	0.01297	0.01539	0.00976	0.00753	0.00844	0.00228	0.08593	0.00549	0.00350	0.01032
11	0.01716	0.01961	0.04289	0.03064	0.03799	0.01838	0.67279	0.02328	0.01716	0.02328	0.01471	0.01961	0.01103	0.00613	0.00858	0.00245	0.01225	0.00858	0.00368	0.00980
12	0.01600	0.01567	0.02345	0.10041	0.39907	0.06250	0.04082	0.01972	0.01672	0.02225	0.05774	0.06646	0.10903	0.00955	0.00758	0.00227	0.00800	0.00875	0.00440	0.00963
13	0.02579	0.01699	0.01900	0.01502	0.01999	0.01817	0.01215	0.47027	0.02881	0.15177	0.02187	0.09318	0.01756	0.04382	0.00884	0.00249	0.00727	0.00829	0.00738	0.01135
14	0.01373	0.01292	0.02180	0.72707	0.05006	0.01615	0.02019	0.01857	0.01453	0.01857	0.01292	0.01938	0.00969	0.00727	0.00727	0.00242	0.00969	0.00646	0.00323	0.00807
15	0.01260	0.00858	0.01080	0.01105	0.01339	0.00807	0.00917	0.03381	0.01799	0.07418	0.13393	0.06854	0.24252	0.01773	0.00912	0.00282	0.00535	0.30615	0.00707	0.00713
16	0.01490	0.03537	0.62467	0.02195	0.03227	0.01707	0.10683	0.02305	0.01557	0.02305	0.01325	0.01587	0.00943	0.00681	0.00711	0.00232	0.01093	0.00577	0.00314	0.01063
17	0.01082	0.00751	0.00879	0.00881	0.00918	0.00775	0.00540	0.01220	0.04459	0.01548	0.02390	0.08631	0.02663	0.58997	0.10695	0.00707	0.00815	0.01076	0.00464	0.00507
18	0.02624	0.03278	0.02271	0.01977	0.02392	0.62775	0.07530	0.04974	0.02073	0.01922	0.01176	0.01386	0.00962	0.00740	0.00677	0.00194	0.01286	0.00511	0.00385	0.00868
19	0.01704	0.01649	0.02869	0.18770	0.52243	0.01710	0.06109	0.02158	0.01616	0.02263	0.01358	0.01838	0.01110	0.00662	0.00729	0.00223	0.00908	0.00660	0.00353	0.01069
20	0.01678	0.01175	0.01427	0.01351	0.03991	0.01262	0.00975	0.20055	0.01922	0.05766	0.02496	0.23784	0.02545	0.11044	0.03896	0.04264	0.05267	0.01134	0.05158	0.00811
21	0.00972	0.00726	0.01012	0.08033	0.01469	0.00719	0.00833	0.01180	0.01523	0.02049	0.14711	0.52159	0.04744	0.01979	0.00900	0.00281	0.00474	0.04942	0.00661	0.00632
22	0.03261	0.01237	0.01687	0.01293	0.01856	0.01068	0.01068	0.03543	0.02081	0.70423	0.02868	0.02474	0.01799	0.00900	0.00731	0.00225	0.00619	0.00731	0.00900	0.01237
23	0.05688	0.01517	0.02465	0.08851	0.50499	0.01548	0.01895	0.02025	0.01579	0.02294	0.01781	0.05608	0.03553	0.04229	0.00868	0.00250	0.00806	0.03128	0.00401	0.01014
24	0.02924	0.01778	0.02022	0.01550	0.02126	0.01872	0.01281	0.46871	0.02986	0.25815	0.02107	0.01980	0.01418	0.00881	0.00728	0.00220	0.00741	0.00679	0.00783	0.01236
25	0.01716	0.01643	0.02801	0.17732	0.57297	0.01705	0.02190	0.02158	0.01616	0.02274	0.01353	0.01826	0.01116	0.00663	0.00721	0.00221	0.00884	0.00647	0.00353	0.01085
26	0.01358	0.01244	0.02064	0.61124	0.06933	0.01515	0.01886	0.01806	0.01461	0.01882	0.01547	0.02568	0.01312	0.04199	0.00885	0.00270	0.00929	0.05868	0.00358	0.00792
27	0.02715	0.03464	0.02060	0.01873	0.02247	0.71536	0.01404	0.02903	0.02060	0.01779	0.01124	0.01311	0.00936	0.00749	0.00655	0.00187	0.01311	0.00468	0.00375	0.00843
28	0.00911	0.00667	0.00913	0.04744	0.01260	0.00644	0.00745	0.01056	0.01395	0.01856	0.03865	0.70229	0.04608	0.02197	0.00917	0.00292	0.00450	0.01993	0.00656	0.00602
29	0.02137	0.01809	0.02567	0.06644	0.45234	0.08479	0.01897	0.05198	0.03508	0.13008	0.01629	0.01884	0.01253	0.00718	0.00716	0.00217	0.00864	0.00648	0.00468	0.01122
30	0.01019	0.00769	0.00930	0.00955	0.01110	0.00731	0.00697	0.01199	0.01578	0.04450	0.11969	0.31933	0.31550	0.01901	0.00978	0.00267	0.05015	0.01629	0.00673	0.00646
31	0.01355	0.00678	0.00678	0.00678	0.00847	0.00678	0.00508	0.01694	0.01524	0.02710	0.02371	0.02710	0.01863	0.00847	0.00508	0.00169	0.00339	0.00678	0.78489	0.00678
32	0.02445	0.01754	0.01921	0.01533	0.02031	0.01916	0.01243	0.47631	0.10397	0.08088	0.06885	0.06745	0.02004	0.01020	0.00751	0.00227	0.00708	0.00814	0.00741	0.01147
33	0.06431	0.22640	0.20842	0.05753	0.02950	0.04917	0.22248	0.02267	0.01575	0.02159	0.01249	0.01556	0.00976	0.00651	0.00667	0.00213	0.01012	0.00590	0.00339	0.00965
34	0.01533	0.01440	0.02425	0.32410	0.36271	0.01569	0.01991	0.01957	0.01546	0.02109	0.01595	0.08925	0.01434	0.00840	0.00743	0.00235	0.00864	0.00786	0.00375	0.00954
35	0.00992	0.00728	0.00929	0.00907	0.01070	0.00666	0.00669	0.01289	0.01928	0.02674	0.54250	0.14237	0.13703	0.01626	0.00866	0.00239	0.00356	0.01434	0.00770	0.00666

[dist]
# distance from previous block
# <min> <max>
3	12

[block]
# block no. 2 follows, 28 sequences, length 41
# corresponding to MSA columns:
# 198-238
name=unknown_C
#
# <colnr> <probs for GDERKNQSTAVLIFYWHMCP>
#	G	D	E	R	K	N	Q	S	T	A	V	L	I	F	Y	W	H	M	C	P
0	0.46984	0.06703	0.03792	0.03053	0.04232	0.01593	0.00972	0.06406	0.01478	0.02997	0.01407	0.04636	0.01172	0.00778	0.00524	0.00215	0.00597	0.00543	0.11088	0.00829
1	0.11657	0.01016	0.01157	0.01113	0.01304	0.04082	0.00852	0.04282	0.01327	0.02075	0.01849	0.02710	0.01709	0.11398	0.43183	0.00832	0.01427	0.00730	0.06616	0.00681
2	0.01034	0.00746	0.00982	0.00952	0.01117	0.00693	0.00723	0.01367	0.01999	0.02811	0.61579	0.08616	0.06561	0.01561	0.00872	0.00240	0.00372	0.06311	0.00785	0.00680
3	0.01744	0.01759	0.05785	0.03894	0.57641	0.01622	0.02065	0.02179	0.01630	0.02371	0.01354	0.01748	0.01131	0.00635	0.00694	0.00202	0.00829	0.00613	0.00367	0.11739
4	0.00886	0.00633	0.00843	0.01012	0.01054	0.00590	0.00675	0.01012	0.01392	0.01856	0.04006	0.73979	0.04808	0.02277	0.00928	0.00295	0.00422	0.02066	0.00675	0.00590
5	0.01757	0.06190	0.44537	0.02097	0.05346	0.01777	0.08559	0.11202	0.01849	0.05476	0.03484	0.01755	0.01206	0.00736	0.00710	0.00226	0.00990	0.00613	0.00412	0.01079
6	0.01523	0.13305	0.61713	0.01961	0.02974	0.01848	0.02492	0.02285	0.01527	0.02223	0.01265	0.01485	0.00922	0.00681	0.00661	0.00220	0.01034	0.00517	0.00307	0.01055
7	0.00886	0.00633	0.00843	0.01012	0.01054	0.00590	0.00675	0.01012	0.01392	0.01856	0.04006	0.73979	0.04808	0.02277	0.00928	0.00295	0.00422	0.02066	0.00675	0.00590
8	0.00886	0.00633	0.00843	0.01012	0.01054	0.00590	0.00675	0.01012	0.01392	0.01856	0.04006	0.73979	0.04808	0.02277	0.00928	0.00295	0.00422	0.02066	0.00675	0.00590
9	0.01111	0.00761	0.00977	0.00919	0.01111	0.00693	0.00690	0.01426	0.01990	0.05960	0.57435	0.08509	0.12610	0.01528	0.00855	0.00233	0.00362	0.01342	0.00787	0.00701
10	0.01458	0.03760	0.70688	0.02072	0.03146	0.01688	0.02686	0.02302	0.01535	0.02302	0.01304	0.01535	0.00921	0.00691	0.00691	0.00230	0.01074	0.00537	0.00307	0.01074
11	0.01573	0.13759	0.58719	0.01948	0.02932	0.04457	0.02435	0.02307	0.01546	0.02199	0.01256	0.01474	0.00923	0.00683	0.00658	0.00218	0.01041	0.00514	0.00310	0.01046
12	0.02015	0.01664	0.01760	0.01521	0.01969	0.01905	0.01201	0.17629	0.54503	0.03374	0.02696	0.02503	0.02006	0.00962	0.00737	0.00240	0.00624	0.00786	0.00737	0.01169
13	0.01263	0.00631	0.00947	0.00947	0.00947	0.00631	0.00631	0.00947	0.00947	0.01263	0.01263	0.02210	0.01263	0.02525	0.02841	0.78851	0.00631	0.00631	0.00316	0.00316
14	0.00958	0.00685	0.00891	0.01016	0.01083	0.00651	0.00688	0.02996	0.01490	0.02000	0.08830	0.64207	0.04780	0.04750	0.01015	0.00303	0.00437	0.01932	0.00677	0.00611
15	0.04453	0.10446	0.39809	0.02471	0.16030	0.01834	0.07597	0.02332	0.04173	0.02321	0.01354	0.01616	0.01028	0.00680	0.00680	0.00221	0.00976	0.00575	0.00345	0.01060
16	0.02980	0.01222	0.01631	0.01270	0.01788	0.01086	0.01041	0.06606	0.02147	0.59292	0.10435	0.02774	0.02349	0.00965	0.00745	0.00225	0.00596	0.00794	0.00879	0.01174
17	0.00889	0.00645	0.00831	0.00978	0.01038	0.00597	0.00655	0.01017	0.01406	0.01851	0.04274	0.65064	0.11040	0.04735	0.01017	0.00305	0.00426	0.01980	0.00667	0.00587
18	0.01488	0.01281	0.01516	0.01113	0.01706	0.01014	0.00889	0.01796	0.01484	0.02320	0.01378	0.04241	0.01211	0.00638	0.00640	0.00125	0.03958	0.00502	0.00435	0.72263
19	0.67756	0.01627	0.03727	0.01089	0.01568	0.04708	0.00927	0.06990	0.01444	0.03259	0.01082	0.01241	0.00832	0.00693	0.00488	0.00223	0.00631	0.00421	0.00462	0.00833
20	0.01458	0.03760	0.70688	0.02072	0.03146	0.01688	0.02686	0.02302	0.01535	0.02302	0.01304	0.01535	0.00921	0.00691	0.00691	0.00230	0.01074	0.00537	0.00307	0.01074
21	0.00959	0.00664	0.00822	0.00918	0.00942	0.00639	0.00574	0.01031	0.01248	0.01664	0.03270	0.44292	0.03879	0.33231	0.02117	0.00471	0.00543	0.01634	0.00574	0.00526
22	0.01646	0.02260	0.17488	0.02728	0.05938	0.01866	0.40847	0.02225	0.01578	0.02231	0.01349	0.01807	0.01043	0.00737	0.01067	0.00253	0.12867	0.00748	0.00347	0.00976
23	0.01799	0.01727	0.02950	0.04462	0.69919	0.01727	0.02231	0.02231	0.01655	0.02375	0.01367	0.01799	0.01151	0.00648	0.00720	0.00216	0.00864	0.00648	0.00360	0.01151
24	0.01518	0.01302	0.01512	0.01091	0.01729	0.00999	0.00872	0.01902	0.03888	0.02392	0.01351	0.01550	0.01117	0.00554	0.00545	0.00113	0.00540	0.00445	0.00442	0.76139
25	0.01038	0.00779	0.01168	0.01168	0.01298	0.00909	0.00909	0.01298	0.01168	0.01687	0.01947	0.02856	0.01817	0.05452	0.71573	0.01168	0.01947	0.00779	0.00389	0.00649
26	0.03169	0.01215	0.01649	0.01272	0.01811	0.01053	0.01042	0.03438	0.02037	0.67520	0.02843	0.02570	0.01835	0.03994	0.00856	0.00245	0.00622	0.00745	0.00880	0.01204
27	0.09161	0.01535	0.02226	0.05046	0.37490	0.05750	0.04116	0.01981	0.01625	0.02365	0.07400	0.14074	0.02178	0.00999	0.00741	0.00231	0.00762	0.00912	0.00458	0.00948
28	0.02276	0.02544	0.02058	0.05411	0.10585	0.36923	0.01460	0.05272	0.21458	0.02321	0.01719	0.01824	0.01349	0.00809	0.00694	0.00212	0.01007	0.00608	0.00489	0.00982
29	0.00886	0.00633	0.00843	0.01012	0.01054	0.00590	0.00675	0.01012	0.01392	0.01856	0.04006	0.73979	0.04808	0.02277	0.00928	0.00295	0.00422	0.02066	0.00675	0.00590
30	0.01781	0.01102	0.01151	0.00992	0.01283	0.01170	0.00777	0.22161	0.02094	0.03236	0.02173	0.02499	0.01702	0.04073	0.00716	0.00208	0.00498	0.00687	0.50857	0.00841
31	0.01751	0.12072	0.14434	0.12616	0.37106	0.05477	0.02103	0.02220	0.01604	0.02172	0.01285	0.01661	0.01047	0.00667	0.00678	0.00212	0.00925	0.00584	0.00340	0.01047
32	0.01050	0.00706	0.00791	0.00791	0.00799	0.00701	0.00444	0.01057	0.01078	0.01429	0.02470	0.04836	0.05013	0.71885	0.03599	0.00688	0.00693	0.01074	0.00449	0.00447
33	0.00972	0.00704	0.00917	0.00942	0.01071	0.00649	0.00677	0.01232	0.01806	0.02503	0.43929	0.29831	0.08490	0.01780	0.00882	0.00253	0.00372	0.01590	0.00751	0.00649
34	0.05535	0.03434	0.59849	0.02180	0.05920	0.01697	0.06822	0.02292	0.01536	0.02357	0.01303	0.01556	0.00936	0.00683	0.00690	0.00230	0.01049	0.00555	0.00321	0.01056
35	0.02245	0.01855	0.02198	0.15112	0.18119	0.11741	0.01618	0.13819	0.10175	0.13144	0.01808	0.01960	0.01332	0.00795	0.00717	0.00222	0.00863	0.00657	0.00547	0.01072
36	0.01550	0.03557	0.64233	0.02089	0.03123	0.01669	0.05960	0.02358	0.01568	0.05282	0.01381	0.01598	0.00969	0.00696	0.00701	0.00231	0.01062	0.00562	0.00336	0.01077
37	0.01021	0.00812	0.00862	0.00848	0.01102	0.00724	0.00646	0.01353	0.06452	0.04155	0.09447	0.08540	0.55270	0.01756	0.00855	0.00249	0.00404	0.04136	0.00692	0.00676
38	0.01883	0.01381	0.01536	0.01371	0.04808	0.04009	0.03765	0.24020	0.04494	0.03210	0.02558	0.02695	0.08488	0.00939	0.00656	0.00202	0.00604	0.00761	0.31702	0.00917
39	0.26892	0.05190	0.01775	0.01357	0.01863	0.04497	0.01118	0.30210	0.06884	0.08215	0.01639	0.01675	0.01198	0.00802	0.00618	0.00217	0.00698	0.00570	0.03543	0.01039
40	0.34982	0.11691	0.04466	0.01297	0.01832	0.01963	0.01135	0.21905	0.01973	0.05358	0.01310	0.01427	0.00995	0.00746	0.00614	0.00211	0.02811	0.00496	0.00518	0.04267

[dist]
# distance from previous block
# <min> <max>
1	7

[block]
# block no. 3 follows, 28 sequences, length 28
# corresponding to MSA columns:
# 246-273
name=unknown_D
#
# <colnr> <probs for GDERKNQSTAVLIFYWHMCP>
#	G	D	E	R	K	N	Q	S	T	A	V	L	I	F	Y	W	H	M	C	P
0	0.01565	0.04814	0.01596	0.01117	0.01685	0.01129	0.00900	0.07504	0.01726	0.02568	0.08517	0.04628	0.01824	0.00735	0.00599	0.00139	0.00548	0.00601	0.00498	0.57306
1	0.00881	0.00737	0.00767	0.00760	0.00996	0.00623	0.00570	0.01086	0.01709	0.02089	0.15526	0.06790	0.61385	0.01794	0.00859	0.00243	0.00365	0.01505	0.00691	0.00623
2	0.01041	0.00768	0.01114	0.01114	0.01225	0.00879	0.00841	0.01263	0.01152	0.01648	0.01996	0.03129	0.01936	0.15364	0.61823	0.01102	0.01769	0.00819	0.00397	0.00619
3	0.01507	0.01292	0.01507	0.01077	0.01723	0.00969	0.00861	0.01830	0.01507	0.02369	0.01292	0.01507	0.01077	0.00538	0.00538	0.00108	0.00538	0.00431	0.00431	0.78898
4	0.01507	0.01292	0.01507	0.01077	0.01723	0.00969	0.00861	0.01830	0.01507	0.02369	0.01292	0.01507	0.01077	0.00538	0.00538	0.00108	0.00538	0.00431	0.00431	0.78898
5	0.01667	0.01715	0.03266	0.08882	0.03284	0.01679	0.41612	0.05486	0.08543	0.02435	0.01798	0.07444	0.01489	0.00795	0.00810	0.00238	0.01005	0.00886	0.00447	0.06520
6	0.01646	0.01624	0.02304	0.01943	0.01996	0.02213	0.04105	0.04633	0.01237	0.01895	0.01008	0.01611	0.00972	0.01230	0.02255	0.00311	0.67214	0.00645	0.00338	0.00821
7	0.00898	0.00641	0.00857	0.01026	0.01073	0.00601	0.00696	0.01033	0.01404	0.01869	0.04000	0.71208	0.04781	0.02266	0.00931	0.00297	0.00432	0.04719	0.00675	0.00594
8	0.00874	0.00737	0.00758	0.00752	0.00991	0.00620	0.00564	0.01073	0.01693	0.02050	0.12991	0.06854	0.63944	0.01809	0.00859	0.00244	0.00366	0.01514	0.00686	0.00620
9	0.01057	0.00705	0.00793	0.00793	0.00793	0.00705	0.00440	0.01057	0.01057	0.01409	0.02290	0.04757	0.02643	0.74454	0.03700	0.00705	0.00705	0.01057	0.00440	0.00440
10	0.02678	0.06950	0.02145	0.01842	0.02229	0.68185	0.01397	0.02867	0.02031	0.01776	0.01118	0.01304	0.00936	0.00743	0.00646	0.00186	0.01285	0.00464	0.00371	0.00847
11	0.03261	0.01237	0.01687	0.01293	0.01856	0.01068	0.01068	0.03543	0.02081	0.70423	0.02868	0.02474	0.01799	0.00900	0.00731	0.00225	0.00619	0.00731	0.00900	0.01237
12	0.00886	0.00633	0.00843	0.01012	0.01054	0.00590	0.00675	0.01012	0.01392	0.01856	0.04006	0.73979	0.04808	0.02277	0.00928	0.00295	0.00422	0.02066	0.00675	0.00590
13	0.02715	0.03464	0.02060	0.01873	0.02247	0.71536	0.01404	0.02903	0.02060	0.01779	0.01124	0.01311	0.00936	0.00749	0.00655	0.00187	0.01311	0.00468	0.00375	0.00843
14	0.02279	0.01778	0.01891	0.01548	0.02043	0.01992	0.01247	0.38134	0.30139	0.03822	0.02514	0.02395	0.04929	0.00966	0.00739	0.00231	0.00687	0.00766	0.00730	0.01171
15	0.01808	0.01561	0.01644	0.01479	0.01890	0.01808	0.01151	0.03863	0.68606	0.03041	0.02959	0.02712	0.02219	0.00986	0.00740	0.00247	0.00575	0.00822	0.00740	0.01151
16	0.01781	0.01408	0.01622	0.01180	0.01813	0.01177	0.00953	0.12313	0.01835	0.05619	0.01431	0.01586	0.01133	0.00607	0.00576	0.00130	0.00583	0.00479	0.00498	0.63276
17	0.01057	0.00705	0.00793	0.00793	0.00793	0.00705	0.00440	0.01057	0.01057	0.01409	0.02290	0.04757	0.02643	0.74454	0.03700	0.00705	0.00705	0.01057	0.00440	0.00440
18	0.01858	0.57141	0.03426	0.01405	0.01876	0.02719	0.01328	0.02073	0.01389	0.01720	0.00997	0.01269	0.00938	0.00779	0.00931	0.00195	0.18296	0.00449	0.00313	0.00899
19	0.01467	0.01333	0.02116	0.59477	0.06569	0.01619	0.01882	0.05687	0.05106	0.02092	0.01531	0.05230	0.01230	0.00817	0.00736	0.00243	0.00910	0.00720	0.00385	0.00851
20	0.01005	0.00737	0.00941	0.00900	0.01074	0.00674	0.00671	0.01321	0.01986	0.02768	0.60092	0.08702	0.13300	0.01559	0.00861	0.00233	0.00349	0.01372	0.00781	0.00674
21	0.01799	0.01727	0.02950	0.04462	0.69919	0.01727	0.02231	0.02231	0.01655	0.02375	0.01367	0.01799	0.01151	0.00648	0.00720	0.00216	0.00864	0.00648	0.00360	0.01151
22	0.02916	0.01204	0.01605	0.01264	0.01773	0.01076	0.01032	0.03324	0.06597	0.58384	0.10243	0.02817	0.02387	0.00970	0.00746	0.00227	0.00585	0.00802	0.00878	0.01170
23	0.01029	0.00743	0.00972	0.00914	0.01086	0.00686	0.00686	0.01372	0.02058	0.02915	0.69536	0.05430	0.06859	0.01486	0.00857	0.00229	0.00343	0.01315	0.00800	0.00686
24	0.00868	0.00737	0.00749	0.00746	0.00987	0.00617	0.00559	0.01061	0.01678	0.02014	0.10638	0.06913	0.66319	0.01822	0.00859	0.00245	0.00367	0.01523	0.00682	0.00617
25	0.00869	0.00699	0.00775	0.00836	0.01008	0.00605	0.00596	0.01032	0.01561	0.01925	0.06156	0.31091	0.46309	0.01998	0.00884	0.00263	0.00387	0.01726	0.00675	0.00605
26	0.79588	0.01406	0.01068	0.00956	0.01406	0.01631	0.00787	0.02137	0.01237	0.03261	0.01012	0.01181	0.00787	0.00675	0.00450	0.00225	0.00562	0.00394	0.00450	0.00787
27	0.01716	0.01961	0.04289	0.03064	0.03799	0.01838	0.67279	0.02328	0.01716	0.02328	0.01471	0.01961	0.01103	0.00613	0.00858	0.00245	0.01225	0.00858	0.00368	0.00980

[dist]
# distance from previous block
# <min> <max>
0	7

[block]
# block no. 4 follows, 28 sequences, length 56
# corresponding to MSA columns:
# 281-336
name=unknown_E
#
# <colnr> <probs for GDERKNQSTAVLIFYWHMCP>
#	G	D	E	R	K	N	Q	S	T	A	V	L	I	F	Y	W	H	M	C	P
0	0.01943	0.74891	0.03809	0.01244	0.01866	0.02876	0.01244	0.02177	0.01477	0.01710	0.01011	0.01166	0.00933	0.00622	0.00466	0.00155	0.00777	0.00389	0.00311	0.00933
1	0.01507	0.01292	0.01507	0.01077	0.01723	0.00969	0.00861	0.01830	0.01507	0.02369	0.01292	0.01507	0.01077	0.00538	0.00538	0.00108	0.00538	0.00431	0.00431	0.78898
2	0.01038	0.00779	0.01168	0.01168	0.01298	0.00909	0.00909	0.01298	0.01168	0.01687	0.01947	0.02856	0.01817	0.05452	0.71573	0.01168	0.01947	0.00779	0.00389	0.00649
3	0.01590	0.01590	0.02226	0.01908	0.01908	0.02226	0.01590	0.01749	0.01113	0.01749	0.00954	0.01590	0.00954	0.01272	0.02385	0.00318	0.73123	0.00636	0.00318	0.00795
4	0.79588	0.01406	0.01068	0.00956	0.01406	0.01631	0.00787	0.02137	0.01237	0.03261	0.01012	0.01181	0.00787	0.00675	0.00450	0.00225	0.00562	0.00394	0.00450	0.00787
5	0.01485	0.01268	0.01483	0.01074	0.01699	0.00955	0.00855	0.01801	0.01503	0.02350	0.01390	0.04113	0.01211	0.00601	0.00552	0.00114	0.00534	0.00489	0.00439	0.76082
6	0.79588	0.01406	0.01068	0.00956	0.01406	0.01631	0.00787	0.02137	0.01237	0.03261	0.01012	0.01181	0.00787	0.00675	0.00450	0.00225	0.00562	0.00394	0.00450	0.00787
7	0.01716	0.01961	0.04289	0.03064	0.03799	0.01838	0.67279	0.02328	0.01716	0.02328	0.01471	0.01961	0.01103	0.00613	0.00858	0.00245	0.01225	0.00858	0.00368	0.00980
8	0.03261	0.01237	0.01687	0.01293	0.01856	0.01068	0.01068	0.03543	0.02081	0.70423	0.02868	0.02474	0.01799	0.00900	0.00731	0.00225	0.00619	0.00731	0.00900	0.01237
9	0.01171	0.00837	0.01171	0.01339	0.01506	0.00837	0.01171	0.01506	0.01673	0.02175	0.03849	0.08199	0.04183	0.02008	0.01004	0.00335	0.00669	0.65027	0.00669	0.00669
10	0.79588	0.01406	0.01068	0.00956	0.01406	0.01631	0.00787	0.02137	0.01237	0.03261	0.01012	0.01181	0.00787	0.00675	0.00450	0.00225	0.00562	0.00394	0.00450	0.00787
11	0.00886	0.00633	0.00843	0.01012	0.01054	0.00590	0.00675	0.01012	0.01392	0.01856	0.04006	0.73979	0.04808	0.02277	0.00928	0.00295	0.00422	0.02066	0.00675	0.00590
12	0.02786	0.02000	0.02159	0.01655	0.02236	0.02201	0.01367	0.64599	0.03357	0.07564	0.01796	0.01778	0.01262	0.00874	0.00727	0.00218	0.00792	0.00658	0.00735	0.01236
13	0.01057	0.00705	0.00793	0.00793	0.00793	0.00705	0.00440	0.01057	0.01057	0.01409	0.02290	0.04757	0.02643	0.74454	0.03700	0.00705	0.00705	0.01057	0.00440	0.00440
14	0.02763	0.02036	0.02182	0.01672	0.02254	0.02254	0.01382	0.67496	0.03418	0.04581	0.01745	0.01745	0.01236	0.00873	0.00727	0.00218	0.00800	0.00654	0.00727	0.01236
15	0.01029	0.00743	0.00972	0.00914	0.01086	0.00686	0.00686	0.01372	0.02058	0.02915	0.69536	0.05430	0.06859	0.01486	0.00857	0.00229	0.00343	0.01315	0.00800	0.00686
16	0.01507	0.01292	0.01507	0.01077	0.01723	0.00969	0.00861	0.01830	0.01507	0.02369	0.01292	0.01507	0.01077	0.00538	0.00538	0.00108	0.00538	0.00431	0.00431	0.78898
17	0.01562	0.03177	0.52892	0.08843	0.09691	0.01666	0.04717	0.02303	0.01566	0.04933	0.01376	0.01649	0.00988	0.00695	0.00704	0.00230	0.01032	0.00576	0.00339	0.01060
18	0.73927	0.03930	0.01160	0.00964	0.01410	0.01638	0.00799	0.02109	0.01276	0.03194	0.03601	0.01341	0.01022	0.00704	0.00466	0.00223	0.00561	0.00428	0.00458	0.00788
19	0.01069	0.01159	0.09850	0.01037	0.01353	0.00838	0.00924	0.01500	0.04453	0.02591	0.41866	0.05239	0.22453	0.01459	0.00832	0.00234	0.00452	0.01254	0.00702	0.00734
20	0.01799	0.01727	0.02950	0.04462	0.69919	0.01727	0.02231	0.02231	0.01655	0.02375	0.01367	0.01799	0.01151	0.00648	0.00720	0.00216	0.00864	0.00648	0.00360	0.01151
21	0.00959	0.00718	0.00890	0.00894	0.01055	0.00649	0.00653	0.01220	0.01824	0.02472	0.41350	0.20306	0.20871	0.01735	0.00873	0.00247	0.00365	0.01524	0.00745	0.00649
22	0.01507	0.01292	0.01507	0.01077	0.01723	0.00969	0.00861	0.01830	0.01507	0.02369	0.01292	0.01507	0.01077	0.00538	0.00538	0.00108	0.00538	0.00431	0.00431	0.78898
23	0.02763	0.02036	0.02182	0.01672	0.02254	0.02254	0.01382	0.67496	0.03418	0.04581	0.01745	0.01745	0.01236	0.00873	0.00727	0.00218	0.00800	0.00654	0.00727	0.01236
24	0.02763	0.02036	0.02182	0.01672	0.02254	0.02254	0.01382	0.67496	0.03418	0.04581	0.01745	0.01745	0.01236	0.00873	0.00727	0.00218	0.00800	0.00654	0.00727	0.01236
25	0.00886	0.00633	0.00843	0.01012	0.01054	0.00590	0.00675	0.01012	0.01392	0.01856	0.04006	0.73979	0.04808	0.02277	0.00928	0.00295	0.00422	0.02066	0.00675	0.00590
26	0.07600	0.00895	0.01222	0.01140	0.01372	0.00852	0.04418	0.01647	0.01743	0.10773	0.27438	0.26088	0.04624	0.01583	0.00841	0.00256	0.00489	0.05561	0.00713	0.00747
27	0.02715	0.03464	0.02060	0.01873	0.02247	0.71536	0.01404	0.02903	0.02060	0.01779	0.01124	0.01311	0.00936	0.00749	0.00655	0.00187	0.01311	0.00468	0.00375	0.00843
28	0.00873	0.00741	0.00756	0.00763	0.01005	0.00624	0.00580	0.01064	0.01658	0.01973	0.07208	0.07049	0.66729	0.01848	0.00866	0.00249	0.00382	0.04344	0.00675	0.00616
29	0.01051	0.00728	0.00908	0.00908	0.00948	0.00767	0.00584	0.01131	0.01091	0.01495	0.02185	0.04172	0.02389	0.53231	0.24575	0.00847	0.01087	0.00971	0.00425	0.00505
30	0.01799	0.01727	0.02950	0.04462	0.69919	0.01727	0.02231	0.02231	0.01655	0.02375	0.01367	0.01799	0.01151	0.00648	0.00720	0.00216	0.00864	0.00648	0.00360	0.01151
31	0.01458	0.03760	0.70688	0.02072	0.03146	0.01688	0.02686	0.02302	0.01535	0.02302	0.01304	0.01535	0.00921	0.00691	0.00691	0.00230	0.01074	0.00537	0.00307	0.01074
32	0.00883	0.00643	0.00833	0.00985	0.01047	0.00593	0.00663	0.01015	0.01418	0.01866	0.04336	0.67405	0.11170	0.02234	0.00921	0.00290	0.00416	0.02014	0.00675	0.00593
33	0.01794	0.01957	0.05757	0.03383	0.35236	0.06955	0.15402	0.02208	0.01585	0.02195	0.01286	0.01744	0.01077	0.00773	0.01072	0.00241	0.15291	0.00671	0.00352	0.01020
34	0.01741	0.04679	0.04000	0.03278	0.17108	0.01855	0.51609	0.02303	0.01694	0.02314	0.01432	0.01898	0.01106	0.00620	0.00815	0.00236	0.01135	0.00798	0.00364	0.01013
35	0.01943	0.74891	0.03809	0.01244	0.01866	0.02876	0.01244	0.02177	0.01477	0.01710	0.01011	0.01166	0.00933	0.00622	0.00466	0.00155	0.00777	0.00389	0.00311	0.00933
36	0.00915	0.00655	0.00870	0.00992	0.01061	0.00610	0.00677	0.01086	0.01528	0.02073	0.17460	0.59906	0.05229	0.02115	0.00913	0.00282	0.00406	0.01912	0.00701	0.00610
37	0.73271	0.01451	0.01330	0.01127	0.01600	0.01648	0.06181	0.02152	0.01276	0.03186	0.01049	0.01244	0.00813	0.00670	0.00483	0.00227	0.00616	0.00431	0.00443	0.00803
38	0.01355	0.00678	0.00678	0.00678	0.00847	0.00678	0.00508	0.01694	0.01524	0.02710	0.02371	0.02710	0.01863	0.00847	0.00508	0.00169	0.00339	0.00678	0.78489	0.00678
39	0.02524	0.01893	0.02072	0.04693	0.02286	0.02087	0.01348	0.55615	0.07296	0.04179	0.01868	0.04469	0.01412	0.00912	0.00728	0.00220	0.00769	0.00708	0.00697	0.04225
40	0.00867	0.00732	0.00750	0.00755	0.00989	0.00615	0.00563	0.01055	0.01661	0.01996	0.09617	0.09840	0.64392	0.01846	0.00862	0.00247	0.00370	0.01549	0.00680	0.00615
41	0.01507	0.01292	0.01507	0.01077	0.01723	0.00969	0.00861	0.01830	0.01507	0.02369	0.01292	0.01507	0.01077	0.00538	0.00538	0.00108	0.00538	0.00431	0.00431	0.78898
42	0.02095	0.01586	0.01846	0.10569	0.02308	0.01726	0.01274	0.40223	0.02619	0.03525	0.04404	0.15432	0.02055	0.01117	0.00757	0.00229	0.00718	0.00927	0.00649	0.05941
43	0.01633	0.01662	0.02220	0.01907	0.01921	0.04860	0.01583	0.01793	0.01149	0.01750	0.00961	0.01580	0.00954	0.01252	0.02320	0.00313	0.70395	0.00630	0.00320	0.00797
44	0.79588	0.01406	0.01068	0.00956	0.01406	0.01631	0.00787	0.02137	0.01237	0.03261	0.01012	0.01181	0.00787	0.00675	0.00450	0.00225	0.00562	0.00394	0.00450	0.00787
45	0.02715	0.03464	0.02060	0.01873	0.02247	0.71536	0.01404	0.02903	0.02060	0.01779	0.01124	0.01311	0.00936	0.00749	0.00655	0.00187	0.01311	0.00468	0.00375	0.00843
46	0.00886	0.00633	0.00843	0.01012	0.01054	0.00590	0.00675	0.01012	0.01392	0.01856	0.04006	0.73979	0.04808	0.02277	0.00928	0.00295	0.00422	0.02066	0.00675	0.00590
47	0.04494	0.03123	0.48216	0.02286	0.03211	0.01744	0.19645	0.02284	0.01557	0.02327	0.01326	0.01636	0.00965	0.00689	0.00782	0.00237	0.03502	0.00620	0.00329	0.01029
48	0.01686	0.01666	0.02990	0.17732	0.41697	0.01695	0.14391	0.02158	0.01620	0.02262	0.01369	0.01846	0.01103	0.00653	0.00740	0.00222	0.00940	0.00678	0.00357	0.04196
49	0.01263	0.00631	0.00947	0.00947	0.00947	0.00631	0.00631	0.00947	0.00947	0.01263	0.01263	0.02210	0.01263	0.02525	0.02841	0.78851	0.00631	0.00631	0.00316	0.00316
50	0.03139	0.01287	0.01703	0.01312	0.01862	0.01155	0.01081	0.08862	0.02193	0.62442	0.05166	0.02519	0.01933	0.00918	0.00735	0.00224	0.00624	0.00745	0.00882	0.01217
51	0.01041	0.00767	0.00978	0.00944	0.01114	0.00723	0.00700	0.01429	0.04978	0.02759	0.56356	0.13371	0.08948	0.01570	0.00860	0.00238	0.00364	0.01389	0.00778	0.00693
52	0.01716	0.01961	0.04289	0.03064	0.03799	0.01838	0.67279	0.02328	0.01716	0.02328	0.01471	0.01961	0.01103	0.00613	0.00858	0.00245	0.01225	0.00858	0.00368	0.00980
53	0.75284	0.01369	0.01063	0.00954	0.01388	0.01579	0.00782	0.02095	0.01282	0.03242	0.04767	0.01414	0.01120	0.00719	0.00472	0.00225	0.00550	0.00444	0.00469	0.00782
54	0.01021	0.00737	0.00965	0.00920	0.01084	0.00681	0.00685	0.01352	0.02021	0.02857	0.65946	0.09186	0.06746	0.01529	0.00861	0.00232	0.00347	0.01356	0.00793	0.00681
55	0.00886	0.00633	0.00843	0.01012	0.01054	0.00590	0.00675	0.01012	0.01392	0.01856	0.04006	0.73979	0.04808	0.02277	0.00928	0.00295	0.00422	0.02066	0.00675	0.00590

[dist]
# distance from previous block
# <min> <max>
0	12

[block]
# block no. 5 follows, 28 sequences, length 7
# corresponding to MSA columns:
# 349-355
name=unknown_F
#
# <colnr> <probs for GDERKNQSTAVLIFYWHMCP>
#	G	D	E	R	K	N	Q	S	T	A	V	L	I	F	Y	W	H	M	C	P
0	0.00912	0.00651	0.00873	0.01042	0.01096	0.00613	0.00720	0.01057	0.01417	0.01885	0.03992	0.67963	0.04751	0.02253	0.00935	0.00299	0.00444	0.07825	0.00674	0.00598
1	0.00925	0.00649	0.00832	0.00962	0.00995	0.00616	0.00622	0.01022	0.01316	0.01754	0.03617	0.58257	0.04316	0.18671	0.01557	0.00388	0.00486	0.01837	0.00622	0.00556
2	0.02441	0.02971	0.01934	0.01692	0.02128	0.55507	0.01281	0.02659	0.01934	0.01913	0.01162	0.01355	0.00968	0.00701	0.00629	0.00169	0.01135	0.00460	0.00387	0.18572
3	0.02720	0.18074	0.02201	0.01338	0.01894	0.01675	0.01144	0.08233	0.11371	0.40270	0.02372	0.02154	0.01618	0.00847	0.00672	0.00212	0.00663	0.00660	0.00730	0.01156
4	0.01029	0.00743	0.00972	0.00914	0.01086	0.00686	0.00686	0.01372	0.02058	0.02915	0.69536	0.05430	0.06859	0.01486	0.00857	0.00229	0.00343	0.01315	0.00800	0.00686
5	0.00886	0.00633	0.00843	0.01012	0.01054	0.00590	0.00675	0.01012	0.01392	0.01856	0.04006	0.73979	0.04808	0.02277	0.00928	0.00295	0.00422	0.02066	0.00675	0.00590
6	0.02078	0.01696	0.01796	0.01534	0.01993	0.01934	0.01216	0.21856	0.50172	0.03476	0.02615	0.02439	0.01941	0.00954	0.00736	0.00239	0.00639	0.00774	0.00736	0.01175

[dist]
# distance from previous block
# <min> <max>
0	25

[block]
# block no. 6 follows, 28 sequences, length 78
# corresponding to MSA columns:
# 381-458
name=unknown_G
#
# <colnr> <probs for GDERKNQSTAVLIFYWHMCP>
#	G	D	E	R	K	N	Q	S	T	A	V	L	I	F	Y	W	H	M	C	P
0	0.01029	0.00743	0.00972	0.00914	0.01086	0.00686	0.00686	0.01372	0.02058	0.02915	0.69536	0.05430	0.06859	0.01486	0.00857	0.00229	0.00343	0.01315	0.00800	0.00686
1	0.01390	0.01310	0.02211	0.69958	0.07621	0.01620	0.02027	0.01872	0.01462	0.01878	0.01295	0.01932	0.00976	0.00724	0.00726	0.00241	0.00965	0.00646	0.00324	0.00821
2	0.02091	0.04671	0.05289	0.05091	0.16332	0.12325	0.09937	0.17626	0.02024	0.02645	0.01343	0.01670	0.01075	0.00825	0.01014	0.00233	0.13720	0.00634	0.00437	0.01018
3	0.01623	0.01622	0.02396	0.02297	0.11286	0.02145	0.03913	0.01835	0.01208	0.01855	0.01028	0.01632	0.00986	0.01164	0.02105	0.00302	0.60783	0.00645	0.00325	0.00850
4	0.01716	0.01961	0.04289	0.03064	0.03799	0.01838	0.67279	0.02328	0.01716	0.02328	0.01471	0.01961	0.01103	0.00613	0.00858	0.00245	0.01225	0.00858	0.00368	0.00980
5	0.02954	0.01247	0.01655	0.01255	0.01832	0.01051	0.01032	0.03243	0.01980	0.58503	0.02592	0.02305	0.01673	0.00836	0.00697	0.00204	0.00604	0.00678	0.00818	0.14839
6	0.02715	0.03464	0.02060	0.01873	0.02247	0.71536	0.01404	0.02903	0.02060	0.01779	0.01124	0.01311	0.00936	0.00749	0.00655	0.00187	0.01311	0.00468	0.00375	0.00843
7	0.02763	0.02036	0.02182	0.01672	0.02254	0.02254	0.01382	0.67496	0.03418	0.04581	0.01745	0.01745	0.01236	0.00873	0.00727	0.00218	0.00800	0.00654	0.00727	0.01236
8	0.01590	0.01590	0.02226	0.01908	0.01908	0.02226	0.01590	0.01749	0.01113	0.01749	0.00954	0.01590	0.00954	0.01272	0.02385	0.00318	0.73123	0.00636	0.00318	0.00795
9	0.03261	0.01237	0.01687	0.01293	0.01856	0.01068	0.01068	0.03543	0.02081	0.70423	0.02868	0.02474	0.01799	0.00900	0.00731	0.00225	0.00619	0.00731	0.00900	0.01237
10	0.01961	0.02034	0.02793	0.04005	0.57978	0.14045	0.02085	0.02349	0.01727	0.02270	0.01324	0.01713	0.01113	0.00666	0.00708	0.00211	0.00942	0.00616	0.00362	0.01097
11	0.01783	0.01710	0.02921	0.07090	0.67419	0.01723	0.02223	0.02216	0.01647	0.02355	0.01364	0.01804	0.01144	0.00651	0.00720	0.00217	0.00868	0.00648	0.00358	0.01138
12	0.79588	0.01406	0.01068	0.00956	0.01406	0.01631	0.00787	0.02137	0.01237	0.03261	0.01012	0.01181	0.00787	0.00675	0.00450	0.00225	0.00562	0.00394	0.00450	0.00787
13	0.01263	0.00631	0.00947	0.00947	0.00947	0.00631	0.00631	0.00947	0.00947	0.01263	0.01263	0.02210	0.01263	0.02525	0.02841	0.78851	0.00631	0.00631	0.00316	0.00316
14	0.01458	0.03760	0.70688	0.02072	0.03146	0.01688	0.02686	0.02302	0.01535	0.02302	0.01304	0.01535	0.00921	0.00691	0.00691	0.00230	0.01074	0.00537	0.00307	0.01074
15	0.01716	0.01961	0.04289	0.03064	0.03799	0.01838	0.67279	0.02328	0.01716	0.02328	0.01471	0.01961	0.01103	0.00613	0.00858	0.00245	0.01225	0.00858	0.00368	0.00980
16	0.01056	0.00709	0.00813	0.00813	0.00820	0.00716	0.00465	0.01070	0.01063	0.01424	0.02272	0.04656	0.02599	0.70797	0.07297	0.00729	0.00771	0.01042	0.00438	0.00452
17	0.01808	0.01561	0.01644	0.01479	0.01890	0.01808	0.01151	0.03863	0.68606	0.03041	0.02959	0.02712	0.02219	0.00986	0.00740	0.00247	0.00575	0.00822	0.00740	0.01151
18	0.01943	0.74891	0.03809	0.01244	0.01866	0.02876	0.01244	0.02177	0.01477	0.01710	0.01011	0.01166	0.00933	0.00622	0.00466	0.00155	0.00777	0.00389	0.00311	0.00933
19	0.03172	0.01380	0.01775	0.01361	0.01927	0.01280	0.01124	0.14979	0.02320	0.58648	0.02667	0.02344	0.01699	0.00895	0.00730	0.00224	0.00651	0.00717	0.00869	0.01237
20	0.01011	0.00742	0.00947	0.00896	0.01075	0.00678	0.00672	0.01337	0.02015	0.02815	0.62992	0.05595	0.13465	0.01523	0.00858	0.00230	0.00346	0.01338	0.00787	0.00678
21	0.00859	0.00736	0.00736	0.00736	0.00982	0.00614	0.00552	0.01043	0.01657	0.01964	0.07364	0.06996	0.69624	0.01841	0.00859	0.00245	0.00368	0.01534	0.00675	0.00614
22	0.07302	0.01847	0.08823	0.13643	0.38395	0.01718	0.11009	0.02242	0.03750	0.02372	0.01391	0.01803	0.01106	0.00671	0.00718	0.00227	0.00916	0.00654	0.00370	0.01045
23	0.02009	0.01565	0.01688	0.01473	0.01904	0.01766	0.01157	0.12438	0.52068	0.08185	0.02828	0.05420	0.02157	0.01016	0.00745	0.00243	0.00603	0.00842	0.00747	0.01146
24	0.00859	0.00736	0.00736	0.00736	0.00982	0.00614	0.00552	0.01043	0.01657	0.01964	0.07364	0.06996	0.69624	0.01841	0.00859	0.00245	0.00368	0.01534	0.00675	0.00614
25	0.02763	0.02036	0.02182	0.01672	0.02254	0.02254	0.01382	0.67496	0.03418	0.04581	0.01745	0.01745	0.01236	0.00873	0.00727	0.00218	0.00800	0.00654	0.00727	0.01236
26	0.01756	0.07638	0.06516	0.05479	0.12088	0.04274	0.46795	0.02306	0.01685	0.02250	0.01397	0.01839	0.01079	0.00630	0.00792	0.00232	0.01133	0.00762	0.00359	0.00992
27	0.01759	0.01811	0.05420	0.06925	0.55979	0.01737	0.11145	0.02232	0.01651	0.02345	0.01376	0.01818	0.01130	0.00648	0.00738	0.00221	0.00925	0.00673	0.00358	0.01112
28	0.04638	0.01664	0.02822	0.13478	0.56395	0.01712	0.04338	0.02180	0.01614	0.02337	0.01347	0.01800	0.01112	0.00658	0.00715	0.00221	0.00879	0.00645	0.00358	0.01086
29	0.01505	0.03201	0.52797	0.08519	0.10481	0.01697	0.07175	0.02258	0.01553	0.02273	0.01322	0.01628	0.00963	0.00684	0.00709	0.00231	0.01053	0.00581	0.00318	0.01053
30	0.79588	0.01406	0.01068	0.00956	0.01406	0.01631	0.00787	0.02137	0.01237	0.03261	0.01012	0.01181	0.00787	0.00675	0.00450	0.00225	0.00562	0.00394	0.00450	0.00787
31	0.01016	0.00743	0.00954	0.00901	0.01078	0.00681	0.00676	0.01348	0.02028	0.02845	0.64949	0.05545	0.11490	0.01512	0.00857	0.00230	0.00345	0.01331	0.00791	0.00681
32	0.01018	0.00743	0.00956	0.00903	0.01079	0.00681	0.00677	0.01350	0.02032	0.02853	0.65491	0.05532	0.10942	0.01509	0.00857	0.00230	0.00345	0.01329	0.00792	0.00681
33	0.01057	0.00705	0.00793	0.00793	0.00793	0.00705	0.00440	0.01057	0.01057	0.01409	0.02290	0.04757	0.02643	0.74454	0.03700	0.00705	0.00705	0.01057	0.00440	0.00440
34	0.00881	0.00651	0.00825	0.00964	0.01042	0.00594	0.00653	0.01018	0.01438	0.01875	0.04596	0.62215	0.16192	0.02201	0.00916	0.00286	0.00412	0.01973	0.00675	0.00594
35	0.00886	0.00633	0.00843	0.01012	0.01054	0.00590	0.00675	0.01012	0.01392	0.01856	0.04006	0.73979	0.04808	0.02277	0.00928	0.00295	0.00422	0.02066	0.00675	0.00590
36	0.01263	0.00631	0.00947	0.00947	0.00947	0.00631	0.00631	0.00947	0.00947	0.01263	0.01263	0.02210	0.01263	0.02525	0.02841	0.78851	0.00631	0.00631	0.00316	0.00316
37	0.79588	0.01406	0.01068	0.00956	0.01406	0.01631	0.00787	0.02137	0.01237	0.03261	0.01012	0.01181	0.00787	0.00675	0.00450	0.00225	0.00562	0.00394	0.00450	0.00787
38	0.02496	0.03101	0.02110	0.11671	0.05211	0.59293	0.01520	0.02734	0.01961	0.01813	0.01156	0.01415	0.00949	0.00742	0.00668	0.00196	0.01247	0.00499	0.00367	0.00850
39	0.01830	0.01337	0.01579	0.01350	0.01676	0.01492	0.01073	0.31150	0.02189	0.03013	0.01897	0.02484	0.01616	0.08117	0.32026	0.00668	0.01279	0.00739	0.03587	0.00900
40	0.03261	0.01237	0.01687	0.01293	0.01856	0.01068	0.01068	0.03543	0.02081	0.70423	0.02868	0.02474	0.01799	0.00900	0.00731	0.00225	0.00619	0.00731	0.00900	0.01237
41	0.01693	0.01916	0.04148	0.07730	0.03880	0.01823	0.62906	0.02297	0.01698	0.02297	0.01459	0.01959	0.01094	0.00620	0.00849	0.00245	0.01208	0.00844	0.00365	0.00969
42	0.01955	0.02658	0.40562	0.01810	0.02637	0.01432	0.06153	0.02579	0.01749	0.21942	0.07702	0.02171	0.01702	0.00815	0.00727	0.00229	0.00889	0.00681	0.00524	0.01081
43	0.01799	0.01727	0.02950	0.04462	0.69919	0.01727	0.02231	0.02231	0.01655	0.02375	0.01367	0.01799	0.01151	0.00648	0.00720	0.00216	0.00864	0.00648	0.00360	0.01151
44	0.02585	0.01711	0.01935	0.03948	0.02136	0.01832	0.01262	0.46276	0.02891	0.15795	0.02320	0.07628	0.04264	0.01018	0.00748	0.00227	0.00728	0.00810	0.00738	0.01148
45	0.01593	0.01468	0.02396	0.48440	0.22954	0.01693	0.02032	0.06754	0.01653	0.02201	0.01346	0.01885	0.01040	0.00715	0.00725	0.00233	0.00927	0.00647	0.00363	0.00935
46	0.00886	0.00633	0.00843	0.01012	0.01054	0.00590	0.00675	0.01012	0.01392	0.01856	0.04006	0.73979	0.04808	0.02277	0.00928	0.00295	0.00422	0.02066	0.00675	0.00590
47	0.00895	0.00738	0.00786	0.00774	0.01004	0.00629	0.00581	0.01113	0.01742	0.02165	0.20498	0.06665	0.56365	0.01766	0.00859	0.00242	0.00363	0.01488	0.00701	0.00629
48	0.01972	0.72274	0.03745	0.01267	0.01880	0.05392	0.01250	0.02203	0.01498	0.01713	0.01015	0.01171	0.00933	0.00627	0.00473	0.00157	0.00797	0.00392	0.00313	0.00930
49	0.11242	0.05016	0.36444	0.01733	0.02525	0.01532	0.06253	0.02468	0.01659	0.16449	0.06466	0.01980	0.01522	0.00781	0.00685	0.00227	0.00867	0.00632	0.00485	0.01034
50	0.02007	0.01733	0.01899	0.01860	0.09562	0.04426	0.01321	0.14784	0.47288	0.03190	0.02501	0.02390	0.01881	0.00920	0.00732	0.00236	0.00674	0.00760	0.00682	0.01154
