[name]
unknown

[dist]
# distance from previous block
# <min> <max>
14	54

[block]
# block no. 0 follows, 28 sequences, length 24
# corresponding to MSA columns:
# 77-100
name=unknown_A
#
# <colnr> <probs for GDERKNQSTAVLIFYWHMCP>
#	G	D	E	R	K	N	Q	S	T	A	V	L	I	F	Y	W	H	M	C	P
0	0.01954	0.02071	0.01823	0.01543	0.01934	0.26869	0.05634	0.08848	0.01877	0.02214	0.02064	0.09546	0.06506	0.05818	0.00955	0.00233	0.03296	0.00793	0.00476	0.15544
1	0.01630	0.01462	0.01582	0.01591	0.09355	0.08438	0.01058	0.06792	0.10981	0.02337	0.02140	0.14038	0.02084	0.11893	0.01145	0.00275	0.00685	0.00890	0.00523	0.21100
2	0.01598	0.01489	0.01501	0.01469	0.04744	0.12311	0.02862	0.04441	0.16357	0.02172	0.02565	0.15773	0.04350	0.17081	0.01476	0.00343	0.04173	0.01035	0.03464	0.00795
3	0.01647	0.01314	0.01572	0.04305	0.01798	0.04536	0.04700	0.15802	0.01924	0.04871	0.05047	0.21916	0.04918	0.08630	0.01064	0.00273	0.00663	0.01102	0.00589	0.13328
4	0.01480	0.01416	0.01926	0.08581	0.05732	0.07317	0.10988	0.03444	0.03681	0.01955	0.02242	0.08334	0.06749	0.18843	0.03723	0.00383	0.08870	0.00935	0.00445	0.02955
5	0.01755	0.01363	0.01469	0.01272	0.01644	0.01467	0.00974	0.11610	0.33592	0.05113	0.02849	0.03116	0.07061	0.12750	0.01195	0.00301	0.00601	0.00848	0.03375	0.07644
6	0.02120	0.01573	0.02137	0.20222	0.06146	0.01734	0.05490	0.27193	0.02274	0.10000	0.01806	0.04467	0.01401	0.03456	0.00888	0.00247	0.03044	0.00734	0.04051	0.01017
7	0.01718	0.01652	0.05635	0.01713	0.02342	0.01413	0.17831	0.12310	0.01830	0.02635	0.01481	0.01864	0.01202	0.04260	0.03462	0.00234	0.00840	0.00622	0.00455	0.36502
8	0.01042	0.00705	0.00824	0.00837	0.00850	0.00711	0.00493	0.01071	0.01091	0.01464	0.02399	0.09991	0.02751	0.63839	0.08416	0.00707	0.00773	0.01115	0.00455	0.00467
9	0.02763	0.02036	0.02182	0.01672	0.02254	0.02254	0.01382	0.67496	0.03418	0.04581	0.01745	0.01745	0.01236	0.00873	0.00727	0.00218	0.00800	0.00654	0.00727	0.01236
10	0.01808	0.01561	0.01644	0.01479	0.01890	0.01808	0.01151	0.03863	0.68606	0.03041	0.02959	0.02712	0.02219	0.00986	0.00740	0.00247	0.00575	0.00822	0.00740	0.01151
11	0.02763	0.02036	0.02182	0.01672	0.02254	0.02254	0.01382	0.67496	0.03418	0.04581	0.01745	0.01745	0.01236	0.00873	0.00727	0.00218	0.00800	0.00654	0.00727	0.01236
12	0.01057	0.00705	0.00793	0.00793	0.00793	0.00705	0.00440	0.01057	0.01057	0.01409	0.02290	0.04757	0.02643	0.74454	0.03700	0.00705	0.00705	0.01057	0.00440	0.00440
13	0.00886	0.00633	0.00843	0.01012	0.01054	0.00590	0.00675	0.01012	0.01392	0.01856	0.04006	0.73979	0.04808	0.02277	0.00928	0.00295	0.00422	0.02066	0.00675	0.00590
14	0.00953	0.00760	0.00904	0.04190	0.01216	0.00688	0.00681	0.01212	0.01796	0.02337	0.31969	0.09384	0.37969	0.01667	0.00856	0.00241	0.00389	0.01430	0.00709	0.00651
15	0.01808	0.01561	0.01644	0.01479	0.01890	0.01808	0.01151	0.03863	0.68606	0.03041	0.02959	0.02712	0.02219	0.00986	0.00740	0.00247	0.00575	0.00822	0.00740	0.01151
16	0.01799	0.01727	0.02950	0.04462	0.69919	0.01727	0.02231	0.02231	0.01655	0.02375	0.01367	0.01799	0.01151	0.00648	0.00720	0.00216	0.00864	0.00648	0.00360	0.01151
17	0.01558	0.01339	0.01408	0.01294	0.01653	0.01491	0.00997	0.03116	0.50887	0.02751	0.03983	0.06656	0.17328	0.01231	0.00774	0.00248	0.00523	0.01033	0.00723	0.01008
18	0.01507	0.01292	0.01507	0.01077	0.01723	0.00969	0.00861	0.01830	0.01507	0.02369	0.01292	0.01507	0.01077	0.00538	0.00538	0.00108	0.00538	0.00431	0.00431	0.78898
19	0.01867	0.08323	0.02898	0.06767	0.54194	0.04275	0.02045	0.02261	0.01641	0.04486	0.01359	0.01746	0.01131	0.00681	0.00751	0.00214	0.03272	0.00620	0.00371	0.01097
20	0.01859	0.01743	0.02860	0.04137	0.61763	0.01789	0.02139	0.06950	0.01757	0.02505	0.01375	0.01785	0.01148	0.00694	0.00800	0.00221	0.04302	0.00648	0.00385	0.01141
21	0.01170	0.00935	0.01306	0.01185	0.01251	0.01031	0.05537	0.01271	0.01158	0.01598	0.02185	0.11589	0.02448	0.44991	0.07289	0.00594	0.12391	0.01069	0.00438	0.00566
22	0.01671	0.01597	0.02720	0.24911	0.50469	0.01694	0.02167	0.02119	0.01595	0.02220	0.01345	0.01841	0.01097	0.00671	0.00722	0.00224	0.00895	0.00647	0.00349	0.01048
23	0.01774	0.01690	0.02827	0.04172	0.64087	0.01662	0.02114	0.02197	0.01643	0.02374	0.01361	0.01774	0.01145	0.00638	0.00704	0.00207	0.00836	0.00629	0.00366	0.07801

[dist]
# distance from previous block
# <min> <max>
0	1

[block]
# block no. 1 follows, 28 sequences, length 169
# corresponding to MSA columns:
# 102-270
name=unknown_B
#
# <colnr> <probs for GDERKNQSTAVLIFYWHMCP>
#	G	D	E	R	K	N	Q	S	T	A	V	L	I	F	Y	W	H	M	C	P
0	0.01380	0.01302	0.02182	0.70226	0.04898	0.01636	0.02004	0.01853	0.01442	0.01853	0.01280	0.01926	0.00968	0.00746	0.00785	0.00245	0.03497	0.00646	0.00323	0.00807
1	0.01811	0.01698	0.02767	0.03998	0.59925	0.01687	0.02057	0.04620	0.03704	0.02474	0.01422	0.01801	0.01180	0.00657	0.00706	0.00208	0.00826	0.00636	0.00390	0.07431
2	0.01808	0.01691	0.02755	0.03962	0.59351	0.01665	0.02041	0.04989	0.01714	0.02469	0.01375	0.01764	0.01147	0.00645	0.00700	0.00204	0.00824	0.00624	0.00384	0.09890
3	0.01684	0.04277	0.05418	0.02834	0.33843	0.01530	0.04028	0.04236	0.01628	0.02372	0.01444	0.04798	0.01263	0.00716	0.00732	0.00190	0.03499	0.00637	0.00402	0.24469
4	0.01652	0.29950	0.33890	0.01630	0.02432	0.02067	0.01868	0.02171	0.01491	0.02064	0.01177	0.01396	0.00946	0.00672	0.00665	0.00191	0.04167	0.00473	0.00324	0.10774
5	0.02763	0.02036	0.02182	0.01672	0.02254	0.02254	0.01382	0.67496	0.03418	0.04581	0.01745	0.01745	0.01236	0.00873	0.00727	0.00218	0.00800	0.00654	0.00727	0.01236
6	0.01845	0.01281	0.01542	0.01118	0.01748	0.00988	0.00901	0.02160	0.01618	0.15453	0.01595	0.01693	0.01216	0.00608	0.00575	0.00130	0.00554	0.00488	0.00521	0.63966
7	0.01373	0.01292	0.02180	0.72707	0.05006	0.01615	0.02019	0.01857	0.01453	0.01857	0.01292	0.01938	0.00969	0.00727	0.00727	0.00242	0.00969	0.00646	0.00323	0.00807
8	0.01801	0.01543	0.01624	0.01454	0.01864	0.01772	0.01133	0.06024	0.63369	0.03049	0.03106	0.02863	0.05102	0.01019	0.00744	0.00245	0.00574	0.00847	0.00736	0.01130
9	0.01832	0.01839	0.02710	0.11639	0.42571	0.08399	0.06748	0.02464	0.10076	0.02338	0.01543	0.01895	0.01240	0.00706	0.00727	0.00222	0.00909	0.00668	0.00405	0.01070
10	0.01408	0.01138	0.01363	0.01148	0.01540	0.01013	0.00877	0.08010	0.01636	0.02373	0.02312	0.27962	0.02448	0.01238	0.00780	0.00196	0.03701	0.01058	0.00544	0.39255
11	0.00994	0.00742	0.00924	0.00878	0.01065	0.00671	0.00659	0.01305	0.01976	0.02720	0.56823	0.05750	0.19693	0.01559	0.00858	0.00232	0.00348	0.01359	0.00775	0.00671
12	0.01723	0.01929	0.04076	0.02936	0.03645	0.01836	0.61941	0.02452	0.07116	0.02386	0.01591	0.02021	0.01193	0.00643	0.00848	0.00245	0.01173	0.00855	0.00398	0.00994
13	0.01760	0.01537	0.01855	0.01663	0.05280	0.01753	0.01269	0.09245	0.26926	0.02665	0.01922	0.02088	0.01535	0.01166	0.04604	0.00280	0.18057	0.00678	0.00545	0.15172
14	0.01720	0.18828	0.24322	0.02105	0.02905	0.01919	0.24113	0.02281	0.01599	0.04471	0.01346	0.01626	0.01029	0.00642	0.00684	0.00207	0.00994	0.00609	0.00360	0.08240
15	0.02029	0.01590	0.01783	0.01340	0.01932	0.01524	0.01090	0.30331	0.02320	0.03296	0.01522	0.01678	0.01183	0.00930	0.04179	0.00209	0.00723	0.00545	0.00557	0.41238
16	0.02385	0.05490	0.05002	0.01698	0.02151	0.40535	0.01356	0.06236	0.17235	0.04661	0.01646	0.01707	0.01280	0.00797	0.00669	0.00200	0.01024	0.00565	0.00491	0.04870
17	0.01285	0.01162	0.01840	0.36758	0.14694	0.01296	0.01570	0.01641	0.01489	0.01939	0.02632	0.13042	0.11717	0.04750	0.00921	0.00269	0.00772	0.00999	0.00437	0.00789
18	0.01174	0.01181	0.00972	0.00962	0.01203	0.12509	0.00711	0.01351	0.01691	0.01919	0.05888	0.14598	0.49822	0.01714	0.00834	0.00242	0.00533	0.01423	0.00625	0.00649
19	0.01768	0.01453	0.01668	0.03329	0.01933	0.01283	0.01012	0.15028	0.04933	0.02826	0.01458	0.01622	0.01157	0.00631	0.00591	0.00140	0.00605	0.00499	0.00501	0.57563
20	0.01675	0.01640	0.02302	0.01923	0.02054	0.04160	0.07213	0.06787	0.01374	0.02010	0.01153	0.01739	0.01065	0.01543	0.08275	0.00376	0.52849	0.00665	0.00362	0.00833
21	0.01029	0.00693	0.00801	0.00829	0.00836	0.00686	0.00479	0.01050	0.01112	0.01482	0.02571	0.16087	0.02997	0.62641	0.03246	0.00638	0.00658	0.01222	0.00479	0.00465
22	0.01458	0.03760	0.70688	0.02072	0.03146	0.01688	0.02686	0.02302	0.01535	0.02302	0.01304	0.01535	0.00921	0.00691	0.00691	0.00230	0.01074	0.00537	0.00307	0.01074
23	0.02256	0.02132	0.02119	0.15698	0.05674	0.19111	0.01529	0.26563	0.05224	0.02916	0.01564	0.04162	0.01252	0.00883	0.00825	0.00226	0.05691	0.00661	0.00517	0.00997
24	0.00870	0.00694	0.00780	0.00849	0.01012	0.00604	0.00602	0.01030	0.01548	0.01919	0.05989	0.34432	0.43076	0.02020	0.00887	0.00266	0.00390	0.01752	0.00675	0.00604
25	0.01060	0.00713	0.00932	0.00973	0.01103	0.00654	0.00693	0.01285	0.01710	0.05688	0.30751	0.39221	0.08740	0.01866	0.00886	0.00262	0.00397	0.01668	0.00737	0.00662
26	0.01844	0.05175	0.15008	0.01741	0.02244	0.10612	0.08579	0.10067	0.08721	0.05141	0.05654	0.08348	0.01913	0.05031	0.01030	0.00262	0.06361	0.00819	0.00508	0.00943
27	0.01397	0.01313	0.02162	0.67470	0.04777	0.01644	0.01970	0.01929	0.03984	0.01898	0.01343	0.01955	0.01016	0.00756	0.00787	0.00245	0.03543	0.00652	0.00339	0.00820
28	0.01943	0.74891	0.03809	0.01244	0.01866	0.02876	0.01244	0.02177	0.01477	0.01710	0.01011	0.01166	0.00933	0.00622	0.00466	0.00155	0.00777	0.00389	0.00311	0.00933
29	0.02865	0.01705	0.01847	0.01475	0.02003	0.08069	0.01195	0.20507	0.12208	0.36637	0.02420	0.02207	0.01631	0.00891	0.00724	0.00223	0.00725	0.00699	0.00781	0.01187
30	0.01353	0.01214	0.01681	0.03723	0.04302	0.01539	0.01216	0.01601	0.04007	0.01826	0.04151	0.11196	0.02042	0.12884	0.10004	0.00458	0.34731	0.00922	0.00424	0.00725
31	0.01038	0.00703	0.00826	0.00844	0.00858	0.00708	0.00500	0.01070	0.01101	0.01478	0.02446	0.11936	0.02810	0.61634	0.08508	0.00696	0.00768	0.01143	0.00461	0.00472
32	0.01392	0.01312	0.02215	0.69608	0.07954	0.01620	0.02028	0.01874	0.01463	0.01881	0.01295	0.01932	0.00977	0.00723	0.00726	0.00241	0.00964	0.00646	0.00325	0.00823
33	0.01057	0.00705	0.00793	0.00793	0.00793	0.00705	0.00440	0.01057	0.01057	0.01409	0.02290	0.04757	0.02643	0.74454	0.03700	0.00705	0.00705	0.01057	0.00440	0.00440
34	0.00919	0.00657	0.00867	0.00986	0.01052	0.00613	0.00669	0.01084	0.01510	0.02047	0.16725	0.58264	0.05134	0.04573	0.01008	0.00296	0.00416	0.01886	0.00691	0.00604
35	0.01647	0.01420	0.01532	0.01457	0.04163	0.01597	0.01079	0.03306	0.54339	0.02805	0.03489	0.03352	0.11568	0.03874	0.00868	0.00263	0.00562	0.00924	0.00706	0.01049
36	0.01667	0.01592	0.02711	0.25638	0.49777	0.01692	0.02165	0.02115	0.01593	0.02214	0.01344	0.01842	0.01095	0.00672	0.00722	0.00224	0.00896	0.00647	0.00348	0.01045
37	0.02353	0.01832	0.01950	0.01589	0.02098	0.02062	0.01282	0.40139	0.31443	0.03919	0.02267	0.02161	0.01659	0.00921	0.00733	0.00230	0.00703	0.00726	0.00733	0.01199
38	0.01784	0.01712	0.02923	0.06910	0.67590	0.01723	0.02223	0.02217	0.01648	0.02356	0.01365	0.01804	0.01145	0.00651	0.00720	0.00217	0.00867	0.00648	0.00358	0.01139
39	0.01784	0.21379	0.31127	0.02052	0.02882	0.02020	0.18191	0.04708	0.01661	0.05652	0.01365	0.01600	0.01024	0.00671	0.00678	0.00214	0.01003	0.00592	0.00368	0.01029
40	0.01053	0.00720	0.00873	0.00873	0.00900	0.00748	0.00540	0.01108	0.01081	0.01469	0.02217	0.04353	0.02467	0.59783	0.18131	0.00803	0.00969	0.00998	0.00430	0.00485
41	0.00882	0.00648	0.00828	0.00971	0.01044	0.00594	0.00657	0.01017	0.01431	0.01872	0.04505	0.64034	0.14431	0.02213	0.00918	0.00288	0.00414	0.01987	0.00675	0.00594
42	0.02445	0.01816	0.01950	0.01542	0.02044	0.01996	0.01249	0.54210	0.06968	0.04082	0.02221	0.05377	0.04909	0.04675	0.00892	0.00249	0.00744	0.00790	0.00709	0.01132
43	0.01941	0.01768	0.02800	0.03849	0.54059	0.04871	0.04860	0.02408	0.04124	0.07517	0.01519	0.01861	0.01221	0.00703	0.00780	0.00221	0.03297	0.00661	0.00414	0.01125
44	0.01716	0.01961	0.04289	0.03064	0.03799	0.01838	0.67279	0.02328	0.01716	0.02328	0.01471	0.01961	0.01103	0.00613	0.00858	0.00245	0.01225	0.00858	0.00368	0.00980
45	0.01598	0.01357	0.01585	0.01154	0.01768	0.01113	0.00929	0.06395	0.01623	0.02496	0.01309	0.01527	0.01082	0.00593	0.00631	0.00124	0.03699	0.00455	0.00446	0.70113
46	0.01599	0.09738	0.41612	0.02032	0.02777	0.04467	0.07502	0.02193	0.01471	0.02109	0.01207	0.01539	0.00945	0.00807	0.01053	0.00242	0.16836	0.00569	0.00317	0.00984
47	0.01555	0.01574	0.02548	0.20179	0.03006	0.02007	0.12329	0.01871	0.01298	0.01871	0.01124	0.01739	0.00982	0.01026	0.01715	0.00287	0.43059	0.00675	0.00327	0.00828
48	0.00975	0.00741	0.00897	0.00858	0.01053	0.00663	0.00644	0.01268	0.01931	0.02614	0.49889	0.05925	0.26694	0.01598	0.00858	0.00234	0.00351	0.01384	0.00761	0.00663
49	0.00884	0.00637	0.00839	0.01000	0.01051	0.00591	0.00670	0.01013	0.01403	0.01860	0.04151	0.71103	0.07591	0.02259	0.00925	0.00293	0.00419	0.02044	0.00675	0.00591
50	0.01418	0.01356	0.02317	0.59145	0.04574	0.01574	0.08140	0.01900	0.01484	0.01952	0.01309	0.01899	0.00992	0.00698	0.00721	0.00230	0.00952	0.00645	0.00338	0.08358
51	0.00891	0.00635	0.00842	0.01005	0.01045	0.00594	0.00667	0.01014	0.01380	0.01840	0.03948	0.71630	0.04734	0.04727	0.01022	0.00309	0.00431	0.02032	0.00667	0.00585
52	0.01927	0.72503	0.06055	0.01272	0.01909	0.02836	0.01292	0.02181	0.01479	0.01730	0.01020	0.01178	0.00932	0.00624	0.00474	0.00158	0.00787	0.00394	0.00311	0.00938
53	0.01919	0.71328	0.07160	0.01285	0.01930	0.02817	0.01316	0.02183	0.01480	0.01740	0.01025	0.01185	0.00932	0.00625	0.00478	0.00159	0.00792	0.00396	0.00311	0.00940
54	0.03261	0.01237	0.01687	0.01293	0.01856	0.01068	0.01068	0.03543	0.02081	0.70423	0.02868	0.02474	0.01799	0.00900	0.00731	0.00225	0.00619	0.00731	0.00900	0.01237
55	0.79588	0.01406	0.01068	0.00956	0.01406	0.01631	0.00787	0.02137	0.01237	0.03261	0.01012	0.01181	0.00787	0.00675	0.00450	0.00225	0.00562	0.00394	0.00450	0.00787
56	0.01799	0.01727	0.02950	0.04462	0.69919	0.01727	0.02231	0.02231	0.01655	0.02375	0.01367	0.01799	0.01151	0.00648	0.00720	0.00216	0.00864	0.00648	0.00360	0.01151
57	0.00886	0.00633	0.00843	0.01012	0.01054	0.00590	0.00675	0.01012	0.01392	0.01856	0.04006	0.73979	0.04808	0.02277	0.00928	0.00295	0.00422	0.02066	0.00675	0.00590
58	0.01394	0.01305	0.01746	0.01570	0.01633	0.04168	0.01267	0.01585	0.01166	0.01710	0.01405	0.02220	0.01366	0.06472	0.28770	0.00657	0.39786	0.00705	0.00353	0.00724
59	0.01457	0.01437	0.02607	0.56459	0.08036	0.01662	0.14051	0.01963	0.01512	0.01970	0.01329	0.01935	0.01003	0.00702	0.00751	0.00241	0.01011	0.00685	0.00333	0.00857
60	0.01498	0.03404	0.58353	0.02180	0.03189	0.01683	0.12109	0.02288	0.01560	0.02308	0.01328	0.01596	0.00953	0.00673	0.00710	0.00228	0.01077	0.00580	0.00320	0.03961
61	0.00886	0.00633	0.00843	0.01012	0.01054	0.00590	0.00675	0.01012	0.01392	0.01856	0.04006	0.73979	0.04808	0.02277	0.00928	0.00295	0.00422	0.02066	0.00675	0.00590
62	0.79588	0.01406	0.01068	0.00956	0.01406	0.01631	0.00787	0.02137	0.01237	0.03261	0.01012	0.01181	0.00787	0.00675	0.00450	0.00225	0.00562	0.00394	0.00450	0.00787
63	0.01057	0.00705	0.00793	0.00793	0.00793	0.00705	0.00440	0.01057	0.01057	0.01409	0.02290	0.04757	0.02643	0.74454	0.03700	0.00705	0.00705	0.01057	0.00440	0.00440
64	0.01604	0.01349	0.01559	0.01122	0.01764	0.01068	0.00901	0.06878	0.01654	0.02539	0.01327	0.01526	0.01089	0.00564	0.00553	0.00116	0.00558	0.00448	0.00453	0.72928
65	0.01373	0.01292	0.02180	0.72707	0.05006	0.01615	0.02019	0.01857	0.01453	0.01857	0.01292	0.01938	0.00969	0.00727	0.00727	0.00242	0.00969	0.00646	0.00323	0.00807
66	0.79588	0.01406	0.01068	0.00956	0.01406	0.01631	0.00787	0.02137	0.01237	0.03261	0.01012	0.01181	0.00787	0.00675	0.00450	0.00225	0.00562	0.00394	0.00450	0.00787
67	0.01373	0.01292	0.02180	0.72707	0.05006	0.01615	0.02019	0.01857	0.01453	0.01857	0.01292	0.01938	0.00969	0.00727	0.00727	0.00242	0.00969	0.00646	0.00323	0.00807
68	0.01799	0.01727	0.02950	0.04462	0.69919	0.01727	0.02231	0.02231	0.01655	0.02375	0.01367	0.01799	0.01151	0.00648	0.00720	0.00216	0.00864	0.00648	0.00360	0.01151
69	0.01006	0.00742	0.00939	0.00890	0.01072	0.00676	0.00668	0.01327	0.02003	0.02784	0.60998	0.05645	0.15478	0.01535	0.00858	0.00231	0.00346	0.01345	0.00783	0.00676
70	0.01908	0.01342	0.01527	0.01328	0.01703	0.01430	0.01050	0.17154	0.23184	0.10948	0.15071	0.09161	0.05392	0.01227	0.00790	0.00243	0.00573	0.04205	0.00755	0.01007
71	0.01522	0.01444	0.02450	0.48789	0.27756	0.01654	0.02093	0.01988	0.01524	0.02039	0.01318	0.01889	0.01033	0.00699	0.00724	0.00233	0.00932	0.00647	0.00336	0.00928
72	0.01848	0.01327	0.01459	0.01223	0.01501	0.01436	0.00905	0.31902	0.02159	0.02898	0.02017	0.03247	0.01941	0.36239	0.06324	0.00506	0.00822	0.00854	0.00570	0.00822
73	0.00870	0.00692	0.00782	0.00853	0.01013	0.00604	0.00604	0.01030	0.01544	0.01918	0.05939	0.35429	0.42111	0.02026	0.00888	0.00267	0.00391	0.01760	0.00675	0.00604
74	0.01798	0.02012	0.13123	0.02332	0.03056	0.01587	0.36891	0.04871	0.01746	0.08597	0.01652	0.04554	0.01279	0.00711	0.00772	0.00221	0.00999	0.00773	0.00442	0.12581
75	0.01512	0.01468	0.02559	0.47467	0.19547	0.01688	0.08281	0.01983	0.01510	0.02016	0.01312	0.01894	0.01023	0.00721	0.00809	0.00240	0.04068	0.00666	0.00335	0.00902
76	0.01552	0.01534	0.02153	0.01857	0.01866	0.02135	0.01543	0.01718	0.01117	0.01745	0.01023	0.01678	0.01014	0.01561	0.07166	0.00377	0.68205	0.00646	0.00323	0.00785
77	0.01507	0.01292	0.01507	0.01077	0.01723	0.00969	0.00861	0.01830	0.01507	0.02369	0.01292	0.01507	0.01077	0.00538	0.00538	0.00108	0.00538	0.00431	0.00431	0.78898
78	0.01134	0.00825	0.01019	0.01095	0.01209	0.00824	0.00762	0.08501	0.04048	0.02185	0.03655	0.60872	0.04239	0.04676	0.00999	0.00300	0.00480	0.01828	0.00674	0.00677
79	0.00877	0.00698	0.00777	0.00837	0.00999	0.00609	0.00591	0.01033	0.01537	0.01901	0.05950	0.30728	0.43667	0.05140	0.01007	0.00283	0.00402	0.01703	0.00665	0.00598
80	0.01050	0.00704	0.00802	0.00806	0.00815	0.00700	0.00459	0.01068	0.01111	0.01488	0.05142	0.07365	0.02898	0.68738	0.03479	0.00670	0.00679	0.01105	0.00464	0.00456
81	0.01713	0.07647	0.25097	0.02426	0.03229	0.01834	0.34276	0.02477	0.07055	0.04809	0.01556	0.01848	0.01148	0.00679	0.00763	0.00233	0.01071	0.00715	0.00394	0.01030
82	0.01631	0.01334	0.01431	0.01277	0.01656	0.01450	0.00993	0.05528	0.43158	0.04870	0.09314	0.03666	0.15339	0.01167	0.00764	0.00238	0.00525	0.00975	0.00725	0.03958
83	0.01038	0.00779	0.01168	0.01168	0.01298	0.00909	0.00909	0.01298	0.01168	0.01687	0.01947	0.02856	0.01817	0.05452	0.71573	0.01168	0.01947	0.00779	0.00389	0.00649
84	0.01373	0.01292	0.02180	0.72707	0.05006	0.01615	0.02019	0.01857	0.01453	0.01857	0.01292	0.01938	0.00969	0.00727	0.00727	0.00242	0.00969	0.00646	0.00323	0.00807
85	0.01590	0.01590	0.02226	0.01908	0.01908	0.02226	0.01590	0.01749	0.01113	0.01749	0.00954	0.01590	0.00954	0.01272	0.02385	0.00318	0.73123	0.00636	0.00318	0.00795
86	0.02186	0.06548	0.05364	0.01546	0.02042	0.08543	0.01294	0.23566	0.26925	0.05729	0.06913	0.02301	0.01954	0.00922	0.00716	0.00223	0.00739	0.00725	0.00663	0.01101
87	0.02018	0.68154	0.03652	0.01293	0.01902	0.05853	0.01258	0.05444	0.01599	0.01855	0.01052	0.01201	0.00948	0.00640	0.00488	0.00160	0.00802	0.00405	0.00334	0.00944
88	0.46382	0.05423	0.01573	0.01324	0.01752	0.28789	0.01047	0.02435	0.01567	0.02619	0.01055	0.01231	0.00851	0.00701	0.00530	0.00207	0.00862	0.00422	0.00415	0.00815
89	0.01784	0.01711	0.02923	0.06921	0.67580	0.01723	0.02223	0.02217	0.01648	0.02356	0.01365	0.01804	0.01145	0.00651	0.00720	0.00217	0.00867	0.00648	0.00358	0.01139
90	0.01203	0.00895	0.01127	0.01201	0.01415	0.00879	0.01014	0.06384	0.01792	0.02293	0.04578	0.09777	0.20427	0.01890	0.00944	0.00302	0.00595	0.41913	0.00675	0.00696
91	0.01263	0.00631	0.00947	0.00947	0.00947	0.00631	0.00631	0.00947	0.00947	0.01263	0.01263	0.02210	0.01263	0.02525	0.02841	0.78851	0.00631	0.00631	0.00316	0.00316
92	0.00942	0.00681	0.00829	0.00900	0.00981	0.00635	0.00597	0.01073	0.01433	0.01891	0.12192	0.37217	0.15069	0.20266	0.01605	0.00382	0.00474	0.01633	0.00631	0.00568
93	0.79588	0.01406	0.01068	0.00956	0.01406	0.01631	0.00787	0.02137	0.01237	0.03261	0.01012	0.01181	0.00787	0.00675	0.00450	0.00225	0.00562	0.00394	0.00450	0.00787
94	0.01049	0.00705	0.00814	0.00821	0.00829	0.00710	0.00474	0.01067	0.01077	0.01443	0.02347	0.07634	0.02694	0.67897	0.06981	0.00710	0.00755	0.01086	0.00448	0.00457
95	0.01942	0.01628	0.01719	0.01506	0.01941	0.01871	0.01183	0.12790	0.59461	0.03257	0.02788	0.02576	0.02081	0.00970	0.00738	0.00243	0.00607	0.00798	0.00738	0.01163
96	0.04383	0.47924	0.26752	0.01519	0.02291	0.02425	0.01725	0.02218	0.01489	0.01966	0.01112	0.01294	0.00924	0.00647	0.00543	0.00184	0.00872	0.00440	0.00314	0.00977
97	0.00999	0.00680	0.00810	0.00868	0.00882	0.00666	0.00520	0.01042	0.01171	0.01562	0.02876	0.28400	0.03382	0.49802	0.02753	0.00565	0.00608	0.01402	0.00520	0.00492
98	0.01240	0.00848	0.01184	0.01325	0.01506	0.00840	0.01154	0.01573	0.01699	0.04588	0.05722	0.07918	0.04178	0.01954	0.00990	0.00328	0.00658	0.60923	0.00681	0.00690
99	0.01523	0.12098	0.60723	0.02005	0.03015	0.01833	0.04532	0.02288	0.01534	0.02233	0.01275	0.01504	0.00928	0.00680	0.00669	0.00222	0.01044	0.00530	0.00309	0.01055
100	0.01833	0.28497	0.19266	0.04461	0.04618	0.05635	0.14918	0.05609	0.04609	0.02203	0.01320	0.01561	0.01043	0.00675	0.00648	0.00204	0.00965	0.00570	0.00366	0.00998
101	0.00893	0.00636	0.00841	0.01003	0.01043	0.00595	0.00665	0.01014	0.01377	0.01836	0.03931	0.70948	0.04713	0.05439	0.01049	0.00313	0.00434	0.02022	0.00665	0.00584
102	0.00901	0.00654	0.00853	0.00996	0.01066	0.00606	0.00683	0.01051	0.01457	0.01929	0.07563	0.62597	0.10285	0.02192	0.00921	0.00289	0.00422	0.04254	0.00681	0.00600
103	0.01715	0.21461	0.34149	0.01599	0.02334	0.01752	0.01804	0.02221	0.01564	0.10346	0.01835	0.12735	0.01631	0.00943	0.00674	0.00220	0.00841	0.00758	0.00437	0.00983
104	0.01480	0.03613	0.65731	0.02085	0.03123	0.01698	0.04946	0.02361	0.04041	0.02331	0.01372	0.01594	0.00976	0.00699	0.00698	0.00231	0.01061	0.00559	0.00325	0.01074
105	0.01458	0.03760	0.70688	0.02072	0.03146	0.01688	0.02686	0.02302	0.01535	0.02302	0.01304	0.01535	0.00921	0.00691	0.00691	0.00230	0.01074	0.00537	0.00307	0.01074
106	0.05928	0.01483	0.02298	0.21706	0.31389	0.01645	0.01813	0.06176	0.01618	0.02346	0.01506	0.05462	0.01301	0.00960	0.02895	0.00261	0.06350	0.00709	0.03195	0.00958
107	0.08998	0.01688	0.09408	0.04261	0.09109	0.01531	0.01378	0.19202	0.05137	0.11549	0.04459	0.05463	0.01809	0.00944	0.00701	0.00227	0.00702	0.03541	0.08876	0.01018
108	0.00881	0.00714	0.00782	0.00814	0.01008	0.00615	0.00592	0.01066	0.01634	0.02026	0.12272	0.21885	0.49363	0.01907	0.00874	0.00255	0.00378	0.01634	0.00686	0.00615
109	0.01301	0.00841	0.01164	0.01263	0.01441	0.00826	0.01072	0.01586	0.01664	0.06727	0.08148	0.07174	0.03996	0.05060	0.01184	0.04270	0.00643	0.50292	0.00666	0.00681
110	0.05841	0.38056	0.19686	0.01571	0.02241	0.17667	0.01610	0.02366	0.01608	0.01947	0.01108	0.01289	0.00923	0.00669	0.00562	0.00184	0.00957	0.00443	0.00331	0.00940
111	0.02349	0.02018	0.13844	0.04463	0.05802	0.01725	0.05238	0.29317	0.02424	0.16364	0.01937	0.04174	0.01412	0.00858	0.00724	0.00224	0.00811	0.00705	0.04485	0.01126
112	0.01145	0.00822	0.01138	0.01291	0.01456	0.00815	0.01114	0.01468	0.01678	0.02188	0.06683	0.10501	0.06284	0.01991	0.00991	0.00326	0.00638	0.58130	0.00675	0.00665
113	0.01434	0.03641	0.67940	0.02019	0.03061	0.01646	0.02602	0.02253	0.01539	0.02289	0.01542	0.01749	0.03619	0.00736	0.00697	0.00231	0.01047	0.00576	0.00321	0.01056
114	0.04265	0.01546	0.07150	0.07754	0.04967	0.05287	0.01288	0.12592	0.06482	0.05025	0.06437	0.23194	0.02708	0.01335	0.00861	0.00254	0.03864	0.03524	0.00589	0.00878
115	0.01977	0.64333	0.05964	0.01387	0.02010	0.08012	0.03767	0.02242	0.01532	0.01759	0.01046	0.01219	0.00939	0.00634	0.00503	0.00164	0.00845	0.00417	0.00318	0.00933
116	0.01373	0.01292	0.02180	0.72707	0.05006	0.01615	0.02019	0.01857	0.01453	0.01857	0.01292	0.01938	0.00969	0.00727	0.00727	0.00242	0.00969	0.00646	0.00323	0.00807
117	0.01021	0.00743	0.00961	0.00907	0.01081	0.00683	0.00680	0.01357	0.02040	0.02873	0.66813	0.05498	0.09608	0.01502	0.00857	0.00229	0.00344	0.01324	0.00795	0.00683
118	0.02361	0.08844	0.07431	0.04578	0.05700	0.38583	0.01521	0.10172	0.09714	0.02309	0.01427	0.01574	0.01128	0.00769	0.00666	0.00202	0.01071	0.00544	0.00443	0.00962
119	0.01501	0.01325	0.02012	0.13801	0.28184	0.01396	0.01553	0.02150	0.11470	0.02552	0.20964	0.03010	0.02918	0.00953	0.00757	0.00227	0.00676	0.00863	0.02739	0.00951
120	0.01015	0.00742	0.00953	0.00900	0.01078	0.00680	0.00675	0.01345	0.02025	0.02838	0.64517	0.05556	0.11926	0.01515	0.00857	0.00230	0.00345	0.01332	0.00790	0.00680
121	0.01351	0.01238	0.02060	0.66617	0.04663	0.01532	0.01898	0.01814	0.01454	0.01893	0.01454	0.05089	0.01172	0.00799	0.00726	0.00242	0.00919	0.00709	0.03579	0.00793
122	0.01799	0.01727	0.02950	0.04462	0.69919	0.01727	0.02231	0.02231	0.01655	0.02375	0.01367	0.01799	0.01151	0.00648	0.00720	0.00216	0.00864	0.00648	0.00360	0.01151
123	0.00886	0.00633	0.00843	0.01012	0.01054	0.00590	0.00675	0.01012	0.01392	0.01856	0.04006	0.73979	0.04808	0.02277	0.00928	0.00295	0.00422	0.02066	0.00675	0.00590
124	0.00884	0.00637	0.00839	0.01000	0.01051	0.00591	0.00670	0.01013	0.01403	0.01860	0.04151	0.71103	0.07591	0.02259	0.00925	0.00293	0.00419	0.02044	0.00675	0.00591
125	0.01171	0.00837	0.01171	0.01339	0.01506	0.00837	0.01171	0.01506	0.01673	0.02175	0.03849	0.08199	0.04183	0.02008	0.01004	0.00335	0.00669	0.65027	0.00669	0.00669
126	0.01152	0.00830	0.01144	0.01301	0.01474	0.00823	0.01133	0.01477	0.01672	0.02162	0.04067	0.08125	0.08242	0.01998	0.00995	0.00329	0.00651	0.61089	0.00670	0.00666
127	0.02621	0.01966	0.02102	0.01644	0.02200	0.02188	0.01347	0.58048	0.13096	0.04352	0.01925	0.01889	0.01382	0.00889	0.00729	0.00222	0.00767	0.00679	0.00729	0.01223
128	0.02404	0.01547	0.02430	0.03125	0.40933	0.01489	0.01747	0.05084	0.01884	0.29006	0.01966	0.02061	0.01407	0.00754	0.00724	0.00219	0.00766	0.00680	0.00584	0.01188
129	0.02169	0.30360	0.05113	0.07058	0.04574	0.32013	0.01419	0.02419	0.01714	0.01780	0.01161	0.01484	0.01022	0.04040	0.00730	0.00205	0.01030	0.00487	0.00346	0.00875
130	0.01890	0.01911	0.02820	0.04062	0.59420	0.09396	0.02111	0.02283	0.01675	0.02281	0.01322	0.01736	0.01119	0.00687	0.00788	0.00217	0.04193	0.00627	0.00360	0.01101
131	0.01412	0.01332	0.02252	0.66372	0.11032	0.01625	0.02038	0.01892	0.01472	0.01905	0.01299	0.01925	0.00986	0.00719	0.00726	0.00240	0.00959	0.00646	0.00326	0.00839
132	0.00875	0.00741	0.00758	0.00766	0.01008	0.00625	0.00583	0.01066	0.01658	0.01974	0.07190	0.07055	0.66383	0.01849	0.00866	0.00250	0.00383	0.04679	0.00675	0.00616
133	0.04400	0.01192	0.01412	0.01085	0.01626	0.00947	0.00853	0.01899	0.01540	0.09440	0.01850	0.12357	0.01696	0.00839	0.00613	0.00152	0.00530	0.00704	0.00517	0.56349
134	0.00886	0.00633	0.00843	0.01012	0.01054	0.00590	0.00675	0.01012	0.01392	0.01856	0.04006	0.73979	0.04808	0.02277	0.00928	0.00295	0.00422	0.02066	0.00675	0.00590
135	0.02663	0.01956	0.02093	0.01620	0.02177	0.02166	0.01333	0.62099	0.05800	0.04438	0.01820	0.01826	0.01302	0.00876	0.00718	0.00217	0.00770	0.00662	0.04258	0.01208
136	0.01799	0.01727	0.02950	0.04462	0.69919	0.01727	0.02231	0.02231	0.01655	0.02375	0.01367	0.01799	0.01151	0.00648	0.00720	0.00216	0.00864	0.00648	0.00360	0.01151
137	0.00859	0.00736	0.00736	0.00736	0.00982	0.00614	0.00552	0.01043	0.01657	0.01964	0.07364	0.06996	0.69624	0.01841	0.00859	0.00245	0.00368	0.01534	0.00675	0.00614
138	0.01250	0.01090	0.01574	0.01452	0.01532	0.01413	0.01170	0.01471	0.01147	0.01711	0.01567	0.02371	0.01487	0.03851	0.45072	0.00843	0.29210	0.00724	0.00362	0.00705
139	0.01582	0.01579	0.02225	0.04589	0.02026	0.02203	0.01607	0.01753	0.01126	0.01753	0.00967	0.01603	0.00955	0.01252	0.02323	0.00315	0.70392	0.00637	0.00318	0.00796
140	0.01756	0.01505	0.01308	0.01364	0.06885	0.16465	0.00939	0.02324	0.11612	0.02528	0.02104	0.02330	0.01655	0.00830	0.00592	0.00189	0.00629	0.00651	0.43512	0.00822
141	0.01373	0.01292	0.02180	0.72707	0.05006	0.01615	0.02019	0.01857	0.01453	0.01857	0.01292	0.01938	0.00969	0.00727	0.00727	0.00242	0.00969	0.00646	0.00323	0.00807
142	0.04220	0.01087	0.01193	0.01192	0.01389	0.04203	0.00866	0.11238	0.06843	0.04722	0.03317	0.49584	0.03663	0.01799	0.00848	0.00270	0.00541	0.01586	0.00673	0.00769
143	0.00887	0.00651	0.00833	0.00970	0.01045	0.00597	0.00658	0.01030	0.01454	0.01911	0.06958	0.61990	0.13975	0.02186	0.00915	0.00286	0.00411	0.01963	0.00680	0.00597
144	0.01057	0.00705	0.00793	0.00793	0.00793	0.00705	0.00440	0.01057	0.01057	0.01409	0.02290	0.04757	0.02643	0.74454	0.03700	0.00705	0.00705	0.01057	0.00440	0.00440
145	0.79588	0.01406	0.01068	0.00956	0.01406	0.01631	0.00787	0.02137	0.01237	0.03261	0.01012	0.01181	0.00787	0.00675	0.00450	0.00225	0.00562	0.00394	0.00450	0.00787
146	0.00874	0.00737	0.00757	0.00752	0.00991	0.00620	0.00564	0.01071	0.01691	0.02045	0.12703	0.06861	0.64234	0.01810	0.00859	0.00244	0.00366	0.01515	0.00686	0.00620
147	0.01553	0.01319	0.01532	0.01098	0.01742	0.01015	0.00880	0.04197	0.01576	0.02448	0.01308	0.01516	0.01082	0.00550	0.00545	0.00112	0.00548	0.00439	0.00441	0.76099
148	0.01586	0.22545	0.53025	0.01853	0.02808	0.02002	0.02305	0.02269	0.01519	0.02146	0.01227	0.01437	0.00924	0.00672	0.00631	0.00210	0.00996	0.00498	0.00308	0.01037
149	0.01943	0.74891	0.03809	0.01244	0.01866	0.02876	0.01244	0.02177	0.01477	0.01710	0.01011	0.01166	0.00933	0.00622	0.00466	0.00155	0.00777	0.00389	0.00311	0.00933
150	0.01057	0.00705	0.00793	0.00793	0.00793	0.00705	0.00440	0.01057	0.01057	0.01409	0.02290	0.04757	0.02643	0.74454	0.03700	0.00705	0.00705	0.01057	0.00440	0.00440
151	0.01373	0.01292	0.02180	0.72707	0.05006	0.01615	0.02019	0.01857	0.01453	0.01857	0.01292	0.01938	0.00969	0.00727	0.00727	0.00242	0.00969	0.00646	0.00323	0.00807
152	0.01943	0.74891	0.03809	0.01244	0.01866	0.02876	0.01244	0.02177	0.01477	0.01710	0.01011	0.01166	0.00933	0.00622	0.00466	0.00155	0.00777	0.00389	0.00311	0.00933
153	0.01412	0.01315	0.02247	0.61469	0.10008	0.01582	0.04004	0.01857	0.01453	0.01884	0.01302	0.01941	0.01002	0.00806	0.00835	0.04134	0.00952	0.00652	0.00327	0.00816
154	0.00991	0.00738	0.00922	0.00884	0.01065	0.00669	0.00660	0.01296	0.01957	0.02695	0.55261	0.08190	0.18823	0.01583	0.00860	0.00234	0.00351	0.01384	0.00772	0.00669
155	0.17989	0.01397	0.04656	0.10224	0.02107	0.01365	0.01164	0.12109	0.01921	0.20473	0.07685	0.09504	0.04348	0.01034	0.00705	0.00234	0.00649	0.00838	0.00644	0.00954
156	0.01778	0.01705	0.02912	0.07881	0.66667	0.01721	0.02220	0.02212	0.01645	0.02349	0.01364	0.01806	0.01142	0.00652	0.00720	0.00217	0.00869	0.00648	0.00358	0.01134
157	0.01040	0.00773	0.01136	0.01136	0.01255	0.00891	0.00869	0.01278	0.01159	0.01664	0.01976	0.03016	0.01887	0.11287	0.65833	0.01129	0.01842	0.00802	0.00394	0.00631
158	0.03782	0.01597	0.09655	0.01207	0.01888	0.01108	0.01086	0.01979	0.04284	0.02415	0.01354	0.01551	0.01097	0.00579	0.00562	0.00131	0.00604	0.00458	0.00429	0.64231
159	0.01972	0.42387	0.18847	0.01577	0.02237	0.15982	0.01618	0.02335	0.01593	0.01861	0.01099	0.01292	0.00931	0.00682	0.00612	0.00184	0.03081	0.00446	0.00323	0.00944
160	0.01043	0.00761	0.01119	0.01126	0.01237	0.00869	0.00854	0.01254	0.01161	0.01657	0.02030	0.06014	0.01979	0.09974	0.60857	0.04462	0.01738	0.00847	0.00402	0.00618
161	0.01049	0.00706	0.00790	0.00790	0.00801	0.00701	0.00445	0.01056	0.01083	0.01433	0.02510	0.04854	0.05542	0.71310	0.03577	0.00685	0.00690	0.01078	0.00451	0.00448
162	0.01562	0.01521	0.02411	0.48658	0.24809	0.04712	0.02057	0.02018	0.01542	0.02013	0.01308	0.01868	0.01024	0.00703	0.00721	0.00232	0.00952	0.00639	0.00337	0.00915
163	0.01058	0.00829	0.00970	0.00943	0.01150	0.00791	0.00702	0.01539	0.10044	0.02524	0.35250	0.13686	0.24547	0.01623	0.00852	0.00244	0.00388	0.01408	0.00741	0.00710
164	0.01201	0.00931	0.04493	0.00982	0.01236	0.00757	0.00800	0.01547	0.01989	0.07907	0.54246	0.05182	0.13050	0.01441	0.00840	0.00230	0.00403	0.01255	0.00769	0.00739
165	0.01182	0.04540	0.01201	0.01016	0.01251	0.00961	0.00790	0.01761	0.11864	0.02773	0.49061	0.05037	0.10633	0.01415	0.00826	0.00233	0.00413	0.03528	0.00753	0.00761
166	0.16987	0.11926	0.48787	0.01750	0.02646	0.01821	0.02135	0.02254	0.01469	0.02420	0.01211	0.01420	0.00896	0.00679	0.00616	0.00220	0.00937	0.00491	0.00336	0.01000
167	0.12098	0.22004	0.26547	0.01797	0.04459	0.07996	0.05646	0.04424	0.01582	0.02281	0.01183	0.01413	0.00937	0.00702	0.00685	0.00210	0.04213	0.00503	0.00352	0.00968
168	0.04764	0.69011	0.03631	0.01262	0.01866	0.05949	0.01235	0.02208	0.01495	0.01769	0.01016	0.01173	0.00928	0.00630	0.00474	0.00159	0.00794	0.00392	0.00319	0.00924

[dist]
# distance from previous block
# <min> <max>
0	2

[block]
# block no. 2 follows, 28 sequences, length 165
# corresponding to MSA columns:
# 276-440
name=unknown_C
#
# <colnr> <probs for GDERKNQSTAVLIFYWHMCP>
#	G	D	E	R	K	N	Q	S	T	A	V	L	I	F	Y	W	H	M	C	P
0	0.79588	0.01406	0.01068	0.00956	0.01406	0.01631	0.00787	0.02137	0.01237	0.03261	0.01012	0.01181	0.00787	0.00675	0.00450	0.00225	0.00562	0.00394	0.00450	0.00787
1	0.01984	0.02023	0.02733	0.06538	0.52698	0.13775	0.02042	0.05267	0.01796	0.02351	0.01339	0.01718	0.01111	0.00678	0.00709	0.00212	0.00942	0.00617	0.00377	0.01089
2	0.01392	0.01325	0.02250	0.67837	0.04852	0.01645	0.04095	0.01868	0.01449	0.01868	0.01285	0.01926	0.00973	0.00743	0.00793	0.00245	0.03664	0.00652	0.00324	0.00813
3	0.00980	0.00744	0.00904	0.00872	0.01067	0.00668	0.00660	0.01273	0.01919	0.02593	0.47910	0.06011	0.26460	0.01614	0.00863	0.00237	0.00361	0.03444	0.00757	0.00663
4	0.00899	0.00650	0.00850	0.00986	0.01053	0.00601	0.00669	0.01050	0.01475	0.01969	0.10840	0.63022	0.08905	0.02171	0.00917	0.00285	0.00411	0.01958	0.00687	0.00601
5	0.01458	0.03760	0.70688	0.02072	0.03146	0.01688	0.02686	0.02302	0.01535	0.02302	0.01304	0.01535	0.00921	0.00691	0.00691	0.00230	0.01074	0.00537	0.00307	0.01074
6	0.00886	0.00633	0.00843	0.01012	0.01054	0.00590	0.00675	0.01012	0.01392	0.01856	0.04006	0.73979	0.04808	0.02277	0.00928	0.00295	0.00422	0.02066	0.00675	0.00590
7	0.01024	0.00739	0.00967	0.00918	0.01085	0.00683	0.00685	0.01359	0.02034	0.02878	0.67235	0.07837	0.06787	0.01514	0.00860	0.00231	0.00346	0.01341	0.00796	0.00683
8	0.02455	0.05501	0.02347	0.02510	0.19470	0.51372	0.01609	0.02706	0.01937	0.01928	0.01182	0.01430	0.00991	0.00719	0.00665	0.00193	0.01178	0.00511	0.00369	0.00924
9	0.01263	0.00631	0.00947	0.00947	0.00947	0.00631	0.00631	0.00947	0.00947	0.01263	0.01263	0.02210	0.01263	0.02525	0.02841	0.78851	0.00631	0.00631	0.00316	0.00316
10	0.01887	0.66555	0.11647	0.01341	0.02016	0.02737	0.01413	0.02191	0.01484	0.01780	0.01045	0.01209	0.00931	0.00630	0.00493	0.00164	0.00812	0.00406	0.00310	0.00949
11	0.01669	0.01359	0.01568	0.01152	0.01774	0.01118	0.00923	0.06435	0.06404	0.04756	0.01491	0.01640	0.01192	0.00604	0.00571	0.00129	0.00561	0.00483	0.00488	0.65682
12	0.05384	0.01768	0.01699	0.04206	0.07532	0.15790	0.01212	0.14207	0.12748	0.02636	0.02384	0.22580	0.02324	0.01237	0.00759	0.00240	0.00760	0.01037	0.00585	0.00914
13	0.00911	0.00667	0.00893	0.01045	0.01085	0.00649	0.00708	0.01039	0.01382	0.01852	0.03896	0.71366	0.04669	0.02241	0.00980	0.00296	0.03046	0.02015	0.00662	0.00598
14	0.03261	0.01237	0.01687	0.01293	0.01856	0.01068	0.01068	0.03543	0.02081	0.70423	0.02868	0.02474	0.01799	0.00900	0.00731	0.00225	0.00619	0.00731	0.00900	0.01237
15	0.01009	0.00742	0.00944	0.00894	0.01074	0.00678	0.00670	0.01334	0.02011	0.02805	0.62356	0.05611	0.14107	0.01527	0.00858	0.00231	0.00346	0.01340	0.00786	0.00678
16	0.02763	0.02036	0.02182	0.01672	0.02254	0.02254	0.01382	0.67496	0.03418	0.04581	0.01745	0.01745	0.01236	0.00873	0.00727	0.00218	0.00800	0.00654	0.00727	0.01236
17	0.02524	0.02011	0.20943	0.01588	0.02278	0.01362	0.03811	0.07831	0.04166	0.39071	0.05270	0.02280	0.01728	0.00859	0.00730	0.00227	0.00766	0.00705	0.00694	0.01156
18	0.00884	0.00637	0.00838	0.00999	0.01051	0.00592	0.00669	0.01014	0.01404	0.01861	0.04163	0.70850	0.07836	0.02257	0.00925	0.00293	0.00419	0.02042	0.00675	0.00592
19	0.01458	0.03760	0.70688	0.02072	0.03146	0.01688	0.02686	0.02302	0.01535	0.02302	0.01304	0.01535	0.00921	0.00691	0.00691	0.00230	0.01074	0.00537	0.00307	0.01074
20	0.01522	0.01458	0.02517	0.48204	0.25251	0.01660	0.05047	0.01995	0.01528	0.02040	0.01324	0.01896	0.01032	0.00697	0.00730	0.00234	0.00948	0.00656	0.00337	0.00923
21	0.01529	0.08825	0.50730	0.02042	0.02961	0.01768	0.09741	0.02359	0.06194	0.02295	0.01509	0.04149	0.01167	0.00752	0.00704	0.00229	0.01011	0.00635	0.00357	0.01041
22	0.01054	0.00717	0.00853	0.00853	0.00874	0.00738	0.00516	0.01096	0.01075	0.01454	0.02235	0.04450	0.02510	0.63329	0.14642	0.00779	0.00905	0.01012	0.00432	0.00474
23	0.01060	0.00771	0.01029	0.01142	0.01293	0.00740	0.00929	0.01339	0.01681	0.02215	0.15277	0.20451	0.11480	0.01956	0.00950	0.00300	0.00535	0.35507	0.00693	0.00651
24	0.01008	0.00742	0.00943	0.00893	0.01073	0.00677	0.00670	0.01332	0.02010	0.02801	0.62095	0.05617	0.14371	0.01529	0.00858	0.00231	0.00346	0.01341	0.00785	0.00677
25	0.02162	0.54661	0.03314	0.01422	0.01974	0.22323	0.01289	0.02382	0.01642	0.01730	0.01043	0.01207	0.00934	0.00658	0.00520	0.00164	0.00928	0.00411	0.00329	0.00907
26	0.01458	0.03760	0.70688	0.02072	0.03146	0.01688	0.02686	0.02302	0.01535	0.02302	0.01304	0.01535	0.00921	0.00691	0.00691	0.00230	0.01074	0.00537	0.00307	0.01074
27	0.01887	0.66633	0.11574	0.01340	0.02014	0.02738	0.01411	0.02191	0.01484	0.01779	0.01045	0.01209	0.00931	0.00630	0.00492	0.00164	0.00812	0.00406	0.00310	0.00949
28	0.04805	0.01658	0.02691	0.16196	0.51355	0.01738	0.02082	0.06446	0.01719	0.02463	0.01365	0.01796	0.01111	0.00677	0.00711	0.00221	0.00866	0.00638	0.00381	0.01082
29	0.01682	0.00917	0.01200	0.01045	0.01335	0.00843	0.00813	0.02086	0.05085	0.21604	0.48063	0.04488	0.05248	0.01301	0.00817	0.00228	0.00430	0.01131	0.00825	0.00860
30	0.01783	0.01711	0.02922	0.06957	0.67546	0.01723	0.02223	0.02217	0.01648	0.02356	0.01365	0.01804	0.01145	0.00651	0.00720	0.00217	0.00867	0.00648	0.00358	0.01139
31	0.01542	0.01464	0.02485	0.45675	0.30719	0.01659	0.02103	0.02005	0.01533	0.02062	0.01322	0.01883	0.01041	0.00695	0.00724	0.00232	0.00927	0.00647	0.00338	0.00944
32	0.02807	0.01251	0.01751	0.01622	0.08911	0.01133	0.01188	0.03177	0.04512	0.52888	0.05107	0.02980	0.02117	0.00987	0.00757	0.00234	0.00637	0.05968	0.00815	0.01160
33	0.01049	0.00701	0.00795	0.00803	0.00805	0.00700	0.00451	0.01055	0.01072	0.01430	0.02368	0.07869	0.02740	0.71208	0.03575	0.00686	0.00692	0.01102	0.00451	0.00447
34	0.01755	0.01719	0.02817	0.12861	0.53685	0.04395	0.05088	0.02189	0.01649	0.02277	0.01439	0.02026	0.01222	0.00707	0.00734	0.00224	0.00904	0.02872	0.00367	0.01071
35	0.01057	0.00705	0.00793	0.00793	0.00793	0.00705	0.00440	0.01057	0.01057	0.01409	0.02290	0.04757	0.02643	0.74454	0.03700	0.00705	0.00705	0.01057	0.00440	0.00440
36	0.01521	0.01312	0.01573	0.01230	0.04818	0.01003	0.00923	0.01848	0.01514	0.02369	0.01295	0.01521	0.01080	0.00543	0.00547	0.00113	0.00553	0.00441	0.00427	0.75369
37	0.00984	0.00734	0.00914	0.00884	0.01062	0.00664	0.00658	0.01279	0.01929	0.02645	0.52149	0.10504	0.19685	0.01614	0.00863	0.00237	0.00354	0.01412	0.00766	0.00664
38	0.01799	0.01727	0.02950	0.04462	0.69919	0.01727	0.02231	0.02231	0.01655	0.02375	0.01367	0.01799	0.01151	0.00648	0.00720	0.00216	0.00864	0.00648	0.00360	0.01151
39	0.01487	0.01439	0.02029	0.01770	0.01795	0.01981	0.01463	0.01665	0.01123	0.01738	0.01139	0.01826	0.01115	0.02052	0.15292	0.00477	0.59846	0.00663	0.00331	0.00768
40	0.74222	0.01420	0.01128	0.00992	0.01450	0.01630	0.00817	0.04306	0.01339	0.05837	0.01106	0.01248	0.00840	0.00690	0.00469	0.00225	0.00572	0.00415	0.00476	0.00819
41	0.01784	0.01712	0.02924	0.06817	0.67679	0.01723	0.02224	0.02218	0.01648	0.02357	0.01365	0.01804	0.01145	0.00650	0.00720	0.00217	0.00867	0.00648	0.00359	0.01140
42	0.02071	0.36194	0.16530	0.01422	0.02075	0.02055	0.01459	0.05356	0.01694	0.16139	0.01723	0.07302	0.01430	0.00835	0.00614	0.00199	0.00777	0.00634	0.00479	0.01011
43	0.00886	0.00633	0.00843	0.01012	0.01054	0.00590	0.00675	0.01012	0.01392	0.01856	0.04006	0.73979	0.04808	0.02277	0.00928	0.00295	0.00422	0.02066	0.00675	0.00590
44	0.18421	0.38965	0.16934	0.01403	0.02063	0.07718	0.01458	0.02251	0.01483	0.02168	0.01081	0.01257	0.00900	0.00657	0.00524	0.00188	0.00835	0.00427	0.00345	0.00924
45	0.00886	0.00633	0.00843	0.01012	0.01054	0.00590	0.00675	0.01012	0.01392	0.01856	0.04006	0.73979	0.04808	0.02277	0.00928	0.00295	0.00422	0.02066	0.00675	0.00590
46	0.01694	0.38290	0.38222	0.01670	0.02525	0.02265	0.01986	0.02241	0.01507	0.02015	0.01162	0.01356	0.00927	0.00657	0.00582	0.00194	0.00930	0.00465	0.00309	0.01006
