[name]
unknown

[dist]
# distance from previous block
# <min> <max>
6	12

[block]
# block no. 0 follows, 30 sequences, length 20
# corresponding to MSA columns:
# 13-32
name=unknown_A
#
# <colnr> <probs for GDERKNQSTAVLIFYWHMCP>
#	G	D	E	R	K	N	Q	S	T	A	V	L	I	F	Y	W	H	M	C	P
0	0.04964	0.27727	0.43459	0.01670	0.02506	0.04571	0.01992	0.02184	0.01461	0.02041	0.01140	0.01332	0.00883	0.00642	0.00580	0.00195	0.00923	0.00460	0.00304	0.00966
1	0.01587	0.20350	0.51470	0.01792	0.02679	0.06539	0.02177	0.02220	0.01493	0.02045	0.01176	0.01377	0.00888	0.00651	0.00611	0.00202	0.00980	0.00478	0.00300	0.00985
2	0.06805	0.15915	0.55331	0.01780	0.02696	0.01813	0.02217	0.02179	0.01444	0.02174	0.01185	0.01389	0.00877	0.00651	0.00610	0.00208	0.00949	0.00482	0.00305	0.00989
3	0.01450	0.11470	0.64443	0.01903	0.02887	0.01745	0.02428	0.02197	0.01467	0.02148	0.01222	0.01435	0.00885	0.00656	0.00640	0.00213	0.01000	0.00500	0.00295	0.01017
4	0.01024	0.00674	0.00779	0.00791	0.00814	0.00679	0.00473	0.01075	0.01081	0.01501	0.02306	0.09506	0.02581	0.59689	0.07458	0.00634	0.00703	0.01041	0.06727	0.00464
5	0.62673	0.01764	0.14250	0.01130	0.01678	0.01555	0.01106	0.02133	0.01272	0.05625	0.01093	0.01245	0.00817	0.00659	0.00485	0.00217	0.00634	0.00416	0.00423	0.00824
6	0.01004	0.00672	0.00764	0.00775	0.00778	0.00669	0.00438	0.01012	0.01036	0.01381	0.02307	0.09181	0.02673	0.70675	0.03377	0.00651	0.00659	0.01078	0.00438	0.00432
7	0.02686	0.01901	0.02061	0.01580	0.02137	0.02084	0.01305	0.64186	0.03190	0.09136	0.01751	0.01725	0.01225	0.00840	0.00698	0.00210	0.00756	0.00633	0.00710	0.01187
8	0.01318	0.01240	0.02093	0.73798	0.04806	0.01550	0.01938	0.01783	0.01395	0.01783	0.01240	0.01860	0.00930	0.00698	0.00698	0.00233	0.00930	0.00620	0.00310	0.00775
9	0.02607	0.03326	0.01978	0.01798	0.02157	0.72674	0.01348	0.02787	0.01978	0.01708	0.01079	0.01258	0.00899	0.00719	0.00629	0.00180	0.01258	0.00449	0.00360	0.00809
10	0.00997	0.00748	0.01121	0.01121	0.01246	0.00872	0.00872	0.01246	0.01121	0.01620	0.01869	0.02741	0.01745	0.05234	0.72710	0.01121	0.01869	0.00748	0.00374	0.00623
11	0.01015	0.00677	0.00761	0.00761	0.00761	0.00677	0.00423	0.01015	0.01015	0.01353	0.02199	0.04567	0.02537	0.75476	0.03552	0.00677	0.00677	0.01015	0.00423	0.00423
12	0.00848	0.00614	0.00802	0.00953	0.01007	0.00568	0.00639	0.00974	0.01354	0.01789	0.04073	0.70205	0.09284	0.02157	0.00886	0.00280	0.00401	0.01948	0.00648	0.00568
13	0.03131	0.01188	0.01619	0.01242	0.01781	0.01026	0.01026	0.03401	0.01997	0.71606	0.02753	0.02375	0.01727	0.00864	0.00702	0.00216	0.00594	0.00702	0.00864	0.01188
14	0.01727	0.01658	0.02832	0.04283	0.71123	0.01658	0.02142	0.02142	0.01589	0.02280	0.01313	0.01727	0.01105	0.00622	0.00691	0.00207	0.00829	0.00622	0.00345	0.01105
15	0.01425	0.07590	0.68105	0.01945	0.02953	0.01683	0.02502	0.02203	0.01470	0.02179	0.01237	0.01454	0.00885	0.00659	0.00651	0.00217	0.01016	0.00508	0.00295	0.01024
16	0.01200	0.00869	0.01065	0.01092	0.01240	0.00875	0.00789	0.13492	0.01748	0.02345	0.08212	0.54391	0.04106	0.01876	0.00853	0.00266	0.00474	0.03751	0.00665	0.00690
17	0.50657	0.01328	0.01304	0.08890	0.01836	0.01481	0.00960	0.06742	0.01501	0.14971	0.01400	0.01511	0.01006	0.00709	0.00527	0.00216	0.00600	0.00486	0.03017	0.00859
18	0.38999	0.01569	0.01535	0.01330	0.03977	0.01758	0.01045	0.24649	0.09414	0.07274	0.01520	0.01563	0.01114	0.00755	0.00575	0.00216	0.00630	0.00532	0.00572	0.00973
19	0.02679	0.01832	0.02009	0.01549	0.02098	0.01993	0.01277	0.57256	0.05896	0.13395	0.01869	0.01809	0.01299	0.00846	0.00699	0.00211	0.00735	0.00645	0.00721	0.01183

[dist]
# distance from previous block
# <min> <max>
0	1

[block]
# block no. 1 follows, 30 sequences, length 22
# corresponding to MSA columns:
# 34-55
name=unknown_B
#
# <colnr> <probs for GDERKNQSTAVLIFYWHMCP>
#	G	D	E	R	K	N	Q	S	T	A	V	L	I	F	Y	W	H	M	C	P
0	0.30732	0.01442	0.01592	0.14306	0.05827	0.04100	0.01182	0.11886	0.01757	0.14101	0.05587	0.01823	0.01378	0.00767	0.00606	0.00216	0.00680	0.00578	0.00532	0.00906
1	0.01689	0.01610	0.02735	0.04109	0.67529	0.01607	0.02066	0.02099	0.01609	0.02306	0.04873	0.01906	0.01386	0.00663	0.00698	0.00208	0.00803	0.00655	0.00367	0.01082
2	0.01638	0.01567	0.02672	0.19396	0.56706	0.01635	0.02097	0.02064	0.01547	0.02172	0.01297	0.01756	0.01067	0.00638	0.00692	0.00213	0.00851	0.00621	0.00338	0.01034
3	0.02653	0.01955	0.02094	0.01606	0.02164	0.02164	0.01326	0.68796	0.03281	0.04398	0.01675	0.01675	0.01187	0.00838	0.00698	0.00209	0.00768	0.00628	0.00698	0.01187
4	0.06670	0.01358	0.01754	0.01589	0.07977	0.01384	0.01179	0.08516	0.09989	0.39319	0.02399	0.02264	0.03533	0.00898	0.00842	0.00226	0.07613	0.00695	0.00703	0.01090
5	0.05700	0.01387	0.01922	0.27209	0.02817	0.01758	0.01513	0.10530	0.01515	0.02207	0.01321	0.04410	0.01135	0.00967	0.01261	0.00253	0.27640	0.00657	0.04988	0.00809
6	0.01727	0.01658	0.02832	0.04283	0.71123	0.01658	0.02142	0.02142	0.01589	0.02280	0.01313	0.01727	0.01105	0.00622	0.00691	0.00207	0.00829	0.00622	0.00345	0.01105
7	0.00856	0.00621	0.00809	0.00947	0.01009	0.00574	0.00640	0.00994	0.01392	0.01848	0.07984	0.65951	0.09576	0.02111	0.00882	0.00276	0.00397	0.01904	0.00655	0.00574
8	0.02596	0.01874	0.02023	0.01570	0.02113	0.02066	0.01291	0.59544	0.09169	0.07791	0.01836	0.01795	0.01299	0.00849	0.00699	0.00212	0.00739	0.00646	0.00708	0.01179
9	0.01752	0.58188	0.20364	0.01389	0.02092	0.02482	0.01533	0.02119	0.01431	0.01781	0.01039	0.01206	0.00893	0.00613	0.00500	0.00167	0.00816	0.00408	0.00298	0.00929
10	0.00825	0.00707	0.00707	0.00707	0.00943	0.00589	0.00530	0.01001	0.01591	0.01885	0.07069	0.06716	0.70839	0.01767	0.00825	0.00236	0.00353	0.01473	0.00648	0.00589
11	0.06553	0.47372	0.05176	0.01375	0.01885	0.13368	0.01273	0.05937	0.01568	0.01916	0.01031	0.01220	0.00906	0.00689	0.00657	0.00177	0.07249	0.00425	0.00339	0.00883
12	0.00889	0.00664	0.00826	0.00882	0.01006	0.00601	0.00625	0.01090	0.01599	0.02132	0.26136	0.37298	0.20003	0.01848	0.00854	0.00252	0.00369	0.01637	0.00687	0.00601
13	0.00988	0.00713	0.00933	0.00878	0.01043	0.00658	0.00658	0.01317	0.01975	0.02798	0.70754	0.05213	0.06584	0.01427	0.00823	0.00219	0.00329	0.01262	0.00768	0.00658
14	0.01844	0.71944	0.03540	0.01186	0.01784	0.02664	0.01175	0.02072	0.01419	0.01675	0.00984	0.01137	0.00903	0.00593	0.00451	0.00147	0.00734	0.00375	0.00305	0.05068
15	0.01400	0.03610	0.71860	0.01989	0.03020	0.01621	0.02578	0.02210	0.01473	0.02210	0.01252	0.01473	0.00884	0.00663	0.00663	0.00221	0.01031	0.00516	0.00295	0.01031
16	0.01590	0.02283	0.19814	0.02721	0.03502	0.01731	0.53293	0.02229	0.01607	0.02229	0.01375	0.01788	0.01018	0.00606	0.00786	0.00232	0.01143	0.00752	0.00339	0.00962
17	0.01400	0.03610	0.71860	0.01989	0.03020	0.01621	0.02578	0.02210	0.01473	0.02210	0.01252	0.01473	0.00884	0.00663	0.00663	0.00221	0.01031	0.00516	0.00295	0.01031
18	0.00850	0.00607	0.00810	0.00972	0.01012	0.00567	0.00648	0.00972	0.01336	0.01781	0.03846	0.75020	0.04615	0.02186	0.00891	0.00283	0.00405	0.01984	0.00648	0.00567
19	0.01277	0.01186	0.01965	0.66344	0.04417	0.01456	0.01802	0.01722	0.01438	0.01847	0.05550	0.02269	0.04322	0.00787	0.00711	0.00232	0.00870	0.00695	0.00352	0.00760
20	0.02221	0.07091	0.33186	0.01636	0.02405	0.01430	0.04284	0.02741	0.01713	0.33526	0.01918	0.01873	0.01272	0.00747	0.00673	0.00215	0.00821	0.00602	0.00554	0.01090
21	0.02486	0.01231	0.03887	0.01228	0.01696	0.01083	0.01024	0.03032	0.11813	0.46979	0.14872	0.02885	0.02625	0.00970	0.00723	0.00220	0.00555	0.00808	0.00805	0.01076

[dist]
# distance from previous block
# <min> <max>
0	2

[block]
# block no. 2 follows, 30 sequences, length 89
# corresponding to MSA columns:
# 58-146
name=unknown_C
#
# <colnr> <probs for GDERKNQSTAVLIFYWHMCP>
#	G	D	E	R	K	N	Q	S	T	A	V	L	I	F	Y	W	H	M	C	P
0	0.02333	0.09732	0.05424	0.06551	0.06601	0.43363	0.01460	0.08406	0.04091	0.03947	0.01255	0.01433	0.00999	0.00719	0.00632	0.00189	0.01068	0.00500	0.00401	0.00896
1	0.00826	0.00701	0.00713	0.00723	0.00947	0.00588	0.00537	0.01000	0.01575	0.01879	0.06877	0.10791	0.66889	0.01792	0.00829	0.00238	0.00357	0.01503	0.00648	0.00588
2	0.01467	0.03171	0.55472	0.02360	0.10324	0.01644	0.11370	0.02206	0.01509	0.02221	0.01280	0.01555	0.00931	0.00649	0.00687	0.00221	0.01029	0.00568	0.00308	0.01027
3	0.01516	0.01265	0.01470	0.01117	0.01679	0.01050	0.00903	0.06301	0.05746	0.02438	0.01583	0.02099	0.01373	0.00689	0.00580	0.00138	0.00547	0.06271	0.00471	0.62765
4	0.01727	0.01658	0.02832	0.04283	0.71123	0.01658	0.02142	0.02142	0.01589	0.02280	0.01313	0.01727	0.01105	0.00622	0.00691	0.00207	0.00829	0.00622	0.00345	0.01105
5	0.01527	0.01527	0.02137	0.01832	0.01832	0.02137	0.01527	0.01679	0.01069	0.01679	0.00916	0.01527	0.00916	0.01221	0.02290	0.00305	0.74198	0.00611	0.00305	0.00763
6	0.04511	0.03081	0.54512	0.01913	0.02830	0.01576	0.06600	0.04441	0.01592	0.10387	0.01440	0.01599	0.00998	0.00686	0.00671	0.00221	0.00964	0.00556	0.00382	0.01039
7	0.01820	0.08793	0.02798	0.06154	0.54964	0.06970	0.01960	0.04337	0.01649	0.02229	0.01272	0.01638	0.01067	0.00636	0.00664	0.00201	0.00854	0.00586	0.00352	0.01055
8	0.01447	0.10938	0.64945	0.01908	0.02896	0.01736	0.02438	0.02198	0.01468	0.02152	0.01224	0.01437	0.00885	0.00656	0.00641	0.00214	0.01002	0.00501	0.00295	0.01018
9	0.00872	0.00709	0.00772	0.00756	0.00971	0.00609	0.00567	0.01093	0.01702	0.02149	0.25497	0.06281	0.52246	0.01669	0.00824	0.00231	0.00346	0.01412	0.00683	0.00609
10	0.07477	0.07416	0.04578	0.01687	0.10388	0.10838	0.01245	0.10399	0.04086	0.22402	0.06459	0.02310	0.05980	0.00864	0.00667	0.00207	0.00723	0.00682	0.00595	0.00997
11	0.02036	0.15430	0.18259	0.01435	0.02008	0.01603	0.01417	0.11297	0.01813	0.20772	0.02037	0.12768	0.01715	0.00976	0.00727	0.00217	0.03167	0.00779	0.00555	0.00990
12	0.00850	0.00607	0.00810	0.00972	0.01012	0.00567	0.00648	0.00972	0.01336	0.01781	0.03846	0.75020	0.04615	0.02186	0.00891	0.00283	0.00405	0.01984	0.00648	0.00567
13	0.00946	0.00735	0.00925	0.04328	0.01283	0.00692	0.00795	0.01173	0.01550	0.01969	0.09147	0.23030	0.29329	0.01840	0.00873	0.00269	0.00470	0.19396	0.00638	0.00612
14	0.04657	0.20237	0.02448	0.01773	0.07409	0.30905	0.01350	0.18799	0.02111	0.02441	0.01215	0.01360	0.00981	0.00709	0.00602	0.00183	0.00960	0.00486	0.00429	0.00944
15	0.10729	0.10678	0.04301	0.03348	0.02128	0.02139	0.01304	0.50065	0.02735	0.03803	0.01493	0.01551	0.01091	0.00780	0.00639	0.00204	0.00753	0.00568	0.00600	0.01091
16	0.00997	0.00748	0.01121	0.01121	0.01246	0.00872	0.00872	0.01246	0.01121	0.01620	0.01869	0.02741	0.01745	0.05234	0.72710	0.01121	0.01869	0.00748	0.00374	0.00623
17	0.01612	0.01698	0.07221	0.13491	0.52940	0.01602	0.03896	0.02055	0.01556	0.02190	0.01528	0.01929	0.03811	0.00679	0.00699	0.00214	0.00847	0.00654	0.00349	0.01030
18	0.05899	0.01766	0.01846	0.01702	0.08404	0.08140	0.01244	0.29468	0.16930	0.08438	0.01931	0.01940	0.01422	0.00821	0.00665	0.00210	0.00714	0.00642	0.06752	0.01066
19	0.01266	0.00943	0.01231	0.01221	0.01416	0.00951	0.03272	0.12967	0.01782	0.02366	0.05467	0.38323	0.05720	0.01794	0.00870	0.00275	0.00552	0.18223	0.00649	0.00711
20	0.00997	0.00745	0.01110	0.01110	0.01230	0.00866	0.00858	0.01239	0.01118	0.01611	0.01880	0.02800	0.01770	0.07506	0.70473	0.01107	0.01831	0.00756	0.00375	0.00617
21	0.02036	0.01670	0.01913	0.01429	0.02017	0.04050	0.05110	0.31639	0.02293	0.03196	0.01438	0.01568	0.01098	0.00671	0.00620	0.00161	0.00694	0.00535	0.00535	0.37328
22	0.01604	0.04874	0.23905	0.12430	0.33756	0.04038	0.05269	0.02140	0.01538	0.02150	0.01269	0.01637	0.00998	0.00645	0.00679	0.00213	0.00932	0.00584	0.00324	0.01015
23	0.01212	0.00606	0.00909	0.00909	0.00909	0.00606	0.00606	0.00909	0.00909	0.01212	0.01212	0.02121	0.01212	0.02424	0.02727	0.79697	0.00606	0.00606	0.00303	0.00303
24	0.01260	0.00754	0.00993	0.00951	0.01140	0.00685	0.00705	0.01520	0.01794	0.12590	0.40744	0.23655	0.07363	0.01559	0.00824	0.00237	0.00389	0.01381	0.00746	0.00709
25	0.00998	0.00669	0.00766	0.00783	0.00787	0.00665	0.00446	0.01010	0.01048	0.01398	0.02371	0.11930	0.02754	0.67816	0.03274	0.00635	0.00648	0.01116	0.00446	0.00438
26	0.01643	0.07975	0.43650	0.01652	0.02429	0.01496	0.01932	0.04835	0.01678	0.11264	0.10726	0.02258	0.01854	0.00830	0.00684	0.00217	0.00839	0.02594	0.00457	0.00987
27	0.00850	0.00607	0.00810	0.00972	0.01012	0.00567	0.00648	0.00972	0.01336	0.01781	0.03846	0.75020	0.04615	0.02186	0.00891	0.00283	0.00405	0.01984	0.00648	0.00567
28	0.01318	0.01240	0.02093	0.73798	0.04806	0.01550	0.01938	0.01783	0.01395	0.01783	0.01240	0.01860	0.00930	0.00698	0.00698	0.00233	0.00930	0.00620	0.00310	0.00775
29	0.01445	0.00747	0.00787	0.00744	0.00944	0.00755	0.00570	0.05201	0.01571	0.05854	0.02253	0.02548	0.01753	0.00972	0.03046	0.00201	0.00415	0.00655	0.68838	0.00702
30	0.80405	0.01350	0.01026	0.00918	0.01350	0.01565	0.00756	0.02051	0.01188	0.03131	0.00972	0.01134	0.00756	0.00648	0.00432	0.00216	0.00540	0.00378	0.00432	0.00756
31	0.01003	0.00672	0.00764	0.00776	0.00778	0.00669	0.00438	0.01012	0.01037	0.01383	0.02313	0.09446	0.02681	0.70400	0.03368	0.00649	0.00658	0.01082	0.00438	0.00433
32	0.64616	0.01316	0.01147	0.00984	0.01438	0.01455	0.00811	0.02327	0.01353	0.17122	0.01336	0.01387	0.00954	0.00692	0.00487	0.00216	0.00551	0.00444	0.00520	0.00844
33	0.00863	0.00616	0.00824	0.00986	0.01032	0.00578	0.00670	0.00994	0.01349	0.01796	0.03839	0.71908	0.04588	0.02174	0.00894	0.00285	0.00416	0.04971	0.00648	0.00570
34	0.00850	0.00607	0.00810	0.00972	0.01012	0.00567	0.00648	0.00972	0.01336	0.01781	0.03846	0.75020	0.04615	0.02186	0.00891	0.00283	0.00405	0.01984	0.00648	0.00567
35	0.01107	0.00788	0.01093	0.01246	0.01394	0.00786	0.01070	0.01404	0.01566	0.02040	0.03632	0.10826	0.03975	0.05349	0.01080	0.00336	0.00633	0.60412	0.00633	0.00629
36	0.00997	0.00748	0.01121	0.01121	0.01246	0.00872	0.00872	0.01246	0.01121	0.01620	0.01869	0.02741	0.01745	0.05234	0.72710	0.01121	0.01869	0.00748	0.00374	0.00623
37	0.80405	0.01350	0.01026	0.00918	0.01350	0.01565	0.00756	0.02051	0.01188	0.03131	0.00972	0.01134	0.00756	0.00648	0.00432	0.00216	0.00540	0.00378	0.00432	0.00756
38	0.01015	0.00677	0.00761	0.00761	0.00761	0.00677	0.00423	0.01015	0.01015	0.01353	0.02199	0.04567	0.02537	0.75476	0.03552	0.00677	0.00677	0.01015	0.00423	0.00423
39	0.80405	0.01350	0.01026	0.00918	0.01350	0.01565	0.00756	0.02051	0.01188	0.03131	0.00972	0.01134	0.00756	0.00648	0.00432	0.00216	0.00540	0.00378	0.00432	0.00756
40	0.02653	0.01955	0.02094	0.01606	0.02164	0.02164	0.01326	0.68796	0.03281	0.04398	0.01675	0.01675	0.01187	0.00838	0.00698	0.00209	0.00768	0.00628	0.00698	0.01187
41	0.01727	0.01658	0.02832	0.04283	0.71123	0.01658	0.02142	0.02142	0.01589	0.02280	0.01313	0.01727	0.01105	0.00622	0.00691	0.00207	0.00829	0.00622	0.00345	0.01105
42	0.01727	0.01658	0.02832	0.04283	0.71123	0.01658	0.02142	0.02142	0.01589	0.02280	0.01313	0.01727	0.01105	0.00622	0.00691	0.00207	0.00829	0.00622	0.00345	0.01105
43	0.05176	0.01320	0.01635	0.01296	0.01801	0.01277	0.01057	0.12121	0.11224	0.49152	0.02598	0.04470	0.01766	0.00905	0.00700	0.00220	0.00604	0.00732	0.00801	0.01144
44	0.00850	0.00607	0.00810	0.00972	0.01012	0.00567	0.00648	0.00972	0.01336	0.01781	0.03846	0.75020	0.04615	0.02186	0.00891	0.00283	0.00405	0.01984	0.00648	0.00567
45	0.00845	0.00690	0.00749	0.00786	0.00977	0.00594	0.00578	0.01020	0.01550	0.01899	0.08294	0.20876	0.52856	0.01849	0.00843	0.00248	0.00373	0.03733	0.00652	0.00588
46	0.01400	0.03610	0.71860	0.01989	0.03020	0.01621	0.02578	0.02210	0.01473	0.02210	0.01252	0.01473	0.00884	0.00663	0.00663	0.00221	0.01031	0.00516	0.00295	0.01031
47	0.01866	0.75896	0.03657	0.01194	0.01791	0.02761	0.01194	0.02090	0.01418	0.01642	0.00970	0.01119	0.00896	0.00597	0.00448	0.00149	0.00746	0.00373	0.00299	0.00896
48	0.01015	0.00677	0.00761	0.00761	0.00761	0.00677	0.00423	0.01015	0.01015	0.01353	0.02199	0.04567	0.02537	0.75476	0.03552	0.00677	0.00677	0.01015	0.00423	0.00423
49	0.03131	0.01188	0.01619	0.01242	0.01781	0.01026	0.01026	0.03401	0.01997	0.71606	0.02753	0.02375	0.01727	0.00864	0.00702	0.00216	0.00594	0.00702	0.00864	0.01188
50	0.02512	0.01868	0.02005	0.01567	0.02094	0.02071	0.01284	0.60981	0.08698	0.04181	0.01850	0.04402	0.01388	0.00895	0.00706	0.00214	0.00737	0.00690	0.00697	0.01158
51	0.01878	0.01476	0.01864	0.09815	0.08151	0.01638	0.03941	0.05257	0.43601	0.10888	0.02428	0.02362	0.01789	0.00864	0.00710	0.00230	0.00654	0.00742	0.00638	0.01074
52	0.02828	0.01508	0.01798	0.01396	0.01931	0.01523	0.01148	0.28488	0.08301	0.39968	0.02348	0.02127	0.01555	0.00861	0.00701	0.00215	0.00657	0.00681	0.00787	0.01180
53	0.00850	0.00607	0.00810	0.00972	0.01012	0.00567	0.00648	0.00972	0.01336	0.01781	0.03846	0.75020	0.04615	0.02186	0.00891	0.00283	0.00405	0.01984	0.00648	0.00567
54	0.01758	0.01469	0.01602	0.01497	0.04213	0.01674	0.01124	0.03565	0.62975	0.05214	0.04990	0.02650	0.02225	0.00948	0.00713	0.00234	0.00556	0.00796	0.00704	0.01093
55	0.05162	0.18338	0.52423	0.01846	0.04769	0.01854	0.02195	0.02176	0.01452	0.02138	0.01183	0.01392	0.00887	0.00647	0.00609	0.00206	0.00944	0.00483	0.00303	0.00993
56	0.01025	0.00771	0.01139	0.01129	0.01251	0.00907	0.00881	0.01274	0.01132	0.01657	0.01851	0.02695	0.01718	0.04942	0.67786	0.01060	0.04259	0.00740	0.03155	0.00629
57	0.02594	0.01883	0.02037	0.01557	0.02118	0.02046	0.01284	0.62276	0.03120	0.06633	0.01686	0.01686	0.01196	0.00818	0.00687	0.00203	0.00746	0.00617	0.00686	0.06126
58	0.01070	0.00731	0.00959	0.00892	0.01071	0.00672	0.00672	0.01397	0.01976	0.05433	0.68151	0.05104	0.06398	0.01405	0.00818	0.00219	0.00339	0.01241	0.00772	0.00679
59	0.00948	0.00699	0.00880	0.00873	0.01024	0.00640	0.00642	0.01212	0.01778	0.02438	0.46864	0.15355	0.15933	0.04437	0.00942	0.00252	0.00366	0.03376	0.00716	0.00625
60	0.00983	0.00713	0.00926	0.00873	0.01039	0.00656	0.00655	0.01307	0.01964	0.02771	0.68822	0.05258	0.08534	0.01437	0.00823	0.00220	0.00330	0.01268	0.00765	0.00656
61	0.00890	0.00709	0.00797	0.00775	0.00983	0.00617	0.00582	0.01128	0.01745	0.02250	0.32549	0.06114	0.45132	0.01631	0.00824	0.00229	0.00344	0.01388	0.00696	0.00617
62	0.02607	0.03326	0.01978	0.01798	0.02157	0.72674	0.01348	0.02787	0.01978	0.01708	0.01079	0.01258	0.00899	0.00719	0.00629	0.00180	0.01258	0.00449	0.00360	0.00809
63	0.80405	0.01350	0.01026	0.00918	0.01350	0.01565	0.00756	0.02051	0.01188	0.03131	0.00972	0.01134	0.00756	0.00648	0.00432	0.00216	0.00540	0.00378	0.00432	0.00756
64	0.00997	0.00748	0.01121	0.01121	0.01246	0.00872	0.00872	0.01246	0.01121	0.01620	0.01869	0.02741	0.01745	0.05234	0.72710	0.01121	0.01869	0.00748	0.00374	0.00623
65	0.00860	0.00611	0.00807	0.00959	0.00997	0.00573	0.00634	0.00974	0.01317	0.01756	0.03748	0.70817	0.04491	0.06558	0.01049	0.00307	0.00421	0.01926	0.00634	0.00558
66	0.01594	0.01712	0.03411	0.02436	0.03120	0.01544	0.50657	0.02109	0.01594	0.02246	0.01366	0.01767	0.01052	0.00569	0.00742	0.00200	0.01002	0.00715	0.00369	0.21793
67	0.04875	0.01823	0.01945	0.01534	0.02047	0.02024	0.01253	0.56384	0.10497	0.04074	0.01883	0.05156	0.01437	0.00906	0.00700	0.00216	0.00720	0.00701	0.00689	0.01136
68	0.00880	0.00709	0.00783	0.00764	0.00976	0.00612	0.00573	0.01107	0.01720	0.02192	0.28478	0.06210	0.49240	0.01653	0.00824	0.00230	0.00345	0.01402	0.00688	0.00612
69	0.02607	0.03326	0.01978	0.01798	0.02157	0.72674	0.01348	0.02787	0.01978	0.01708	0.01079	0.01258	0.00899	0.00719	0.00629	0.00180	0.01258	0.00449	0.00360	0.00809
70	0.00867	0.00650	0.00793	0.00893	0.00994	0.00591	0.00619	0.01011	0.01418	0.01829	0.06852	0.47148	0.22969	0.06408	0.01031	0.00293	0.00413	0.04014	0.00638	0.00570
71	0.01675	0.01595	0.02712	0.04086	0.66940	0.01593	0.02053	0.02072	0.01574	0.02250	0.01464	0.06100	0.01315	0.00715	0.00703	0.00212	0.00804	0.00703	0.00363	0.01073
72	0.01647	0.01882	0.04118	0.02941	0.03647	0.01765	0.68588	0.02235	0.01647	0.02235	0.01412	0.01882	0.01059	0.00588	0.00824	0.00235	0.01176	0.00824	0.00353	0.00941
73	0.01278	0.00778	0.01026	0.00927	0.01143	0.00708	0.00708	0.01599	0.01978	0.12113	0.61549	0.04829	0.05927	0.01350	0.00807	0.00219	0.00365	0.01186	0.00781	0.00730
74	0.01195	0.00803	0.01017	0.00993	0.01183	0.00759	0.00756	0.05383	0.01830	0.07057	0.33392	0.21540	0.11435	0.01616	0.00838	0.00246	0.00425	0.08118	0.00718	0.00695
75	0.00988	0.00761	0.00847	0.00849	0.01059	0.00691	0.00627	0.01308	0.06621	0.04212	0.13849	0.19438	0.42785	0.01719	0.00825	0.00242	0.00383	0.01472	0.00674	0.00650
76	0.08731	0.01340	0.01596	0.01291	0.01784	0.01342	0.01048	0.08045	0.20496	0.42788	0.02561	0.02291	0.01723	0.00868	0.00683	0.00221	0.00591	0.00695	0.00776	0.01131
77	0.00997	0.00669	0.00857	0.00951	0.01063	0.00610	0.00668	0.01152	0.01452	0.06015	0.06943	0.54263	0.15471	0.01999	0.00868	0.00270	0.00413	0.04058	0.00665	0.00614
78	0.03046	0.01163	0.01575	0.01214	0.01737	0.01008	0.01001	0.03319	0.01973	0.68413	0.02731	0.02386	0.01730	0.00861	0.00692	0.00213	0.00581	0.00699	0.04496	0.01163
79	0.04189	0.05636	0.64180	0.01972	0.02954	0.01660	0.05532	0.02202	0.01470	0.02226	0.01241	0.01470	0.00888	0.00657	0.00656	0.00219	0.01012	0.00521	0.00302	0.01013
80	0.00982	0.00759	0.03171	0.00973	0.01108	0.00642	0.00719	0.01187	0.01543	0.04521	0.20908	0.47903	0.09214	0.01870	0.00855	0.00260	0.00409	0.01674	0.00674	0.00628
81	0.00883	0.00611	0.00813	0.00955	0.00991	0.00576	0.00632	0.00970	0.01290	0.01720	0.03582	0.66233	0.04277	0.06573	0.01165	0.05301	0.00434	0.01839	0.00613	0.00542
82	0.05249	0.00947	0.01179	0.01058	0.01221	0.00996	0.00775	0.15467	0.01483	0.04358	0.01392	0.02008	0.01225	0.01891	0.02036	0.53406	0.00626	0.00605	0.03523	0.00554
83	0.01746	0.51681	0.24416	0.01455	0.02177	0.04494	0.01621	0.02147	0.01451	0.01817	0.01059	0.01232	0.00892	0.00621	0.00519	0.00172	0.00848	0.00419	0.00299	0.00934
84	0.01516	0.01672	0.03573	0.02617	0.03213	0.01567	0.57395	0.02027	0.01596	0.02161	0.01813	0.13932	0.01645	0.00852	0.00835	0.00243	0.01049	0.01015	0.00402	0.00879
85	0.00893	0.00637	0.00831	0.00958	0.01033	0.00594	0.00668	0.01055	0.01431	0.01925	0.10108	0.58024	0.08623	0.02034	0.00873	0.00274	0.00408	0.06046	0.03000	0.00584
86	0.01714	0.01644	0.02808	0.06581	0.68930	0.01654	0.02135	0.02130	0.01583	0.02263	0.01310	0.01732	0.01100	0.00624	0.00691	0.00208	0.00832	0.00622	0.00344	0.01094
87	0.01760	0.01283	0.01383	0.01258	0.01575	0.03800	0.00978	0.12817	0.25092	0.08670	0.02780	0.17134	0.02485	0.01210	0.00731	0.00235	0.00564	0.05318	0.10004	0.00923
88	0.04159	0.01487	0.02545	0.33178	0.33299	0.01633	0.07400	0.01981	0.01483	0.02077	0.01267	0.01770	0.01010	0.00670	0.00746	0.00224	0.03178	0.00629	0.00333	0.00931

[dist]
# distance from previous block
# <min> <max>
9	14

[block]
# block no. 3 follows, 30 sequences, length 16
# corresponding to MSA columns:
# 161-176
name=unknown_D
#
# <colnr> <probs for GDERKNQSTAVLIFYWHMCP>
#	G	D	E	R	K	N	Q	S	T	A	V	L	I	F	Y	W	H	M	C	P
0	0.01103	0.00759	0.00883	0.00869	0.00920	0.00778	0.00543	0.05481	0.01208	0.01622	0.02318	0.11948	0.02612	0.56842	0.08686	0.00639	0.00750	0.01074	0.00462	0.00505
1	0.07449	0.08565	0.01972	0.01512	0.01969	0.33474	0.01197	0.17813	0.02087	0.02503	0.01308	0.03602	0.01088	0.00748	0.00609	0.00179	0.00924	0.00521	0.00454	0.12025
2	0.02427	0.01787	0.01933	0.01519	0.02048	0.01955	0.01240	0.49020	0.16221	0.07238	0.01932	0.01879	0.01390	0.00842	0.00690	0.00209	0.00703	0.00651	0.00692	0.05623
3	0.01414	0.01412	0.02632	0.42645	0.10425	0.01551	0.20271	0.01885	0.01479	0.01954	0.01476	0.06961	0.01239	0.00764	0.00745	0.00234	0.00952	0.00772	0.00349	0.00837
4	0.02653	0.01955	0.02094	0.01606	0.02164	0.02164	0.01326	0.68796	0.03281	0.04398	0.01675	0.01675	0.01187	0.00838	0.00698	0.00209	0.00768	0.00628	0.00698	0.01187
5	0.01048	0.00782	0.01010	0.01105	0.01278	0.00758	0.00914	0.01384	0.04119	0.02125	0.11363	0.13610	0.17206	0.01833	0.00906	0.00287	0.00528	0.38441	0.00660	0.00644
6	0.01849	0.54737	0.16835	0.01389	0.02067	0.02482	0.01477	0.08458	0.01606	0.02015	0.01092	0.01241	0.00921	0.00633	0.00514	0.00169	0.00804	0.00425	0.00336	0.00950
7	0.01762	0.52731	0.19246	0.01395	0.02072	0.02396	0.01508	0.05274	0.01508	0.01904	0.01104	0.01291	0.00940	0.00804	0.03320	0.00207	0.00857	0.00433	0.00320	0.00930
8	0.00853	0.00630	0.00798	0.00921	0.01002	0.00575	0.00628	0.00995	0.01413	0.01852	0.07875	0.59601	0.16155	0.02074	0.00876	0.00272	0.00392	0.01858	0.00654	0.00575
9	0.00859	0.00633	0.00785	0.00902	0.00977	0.00580	0.00606	0.00981	0.01359	0.01765	0.04339	0.55645	0.17442	0.08309	0.01103	0.00307	0.00418	0.01801	0.00629	0.00559
10	0.06450	0.01347	0.01574	0.01298	0.01748	0.01385	0.01042	0.14362	0.19623	0.31034	0.05740	0.07154	0.02104	0.00983	0.00707	0.00225	0.00585	0.00805	0.00755	0.01078
11	0.01003	0.00672	0.00764	0.00776	0.00779	0.00669	0.00439	0.01012	0.01037	0.01383	0.02314	0.09489	0.02682	0.70355	0.03366	0.00649	0.00658	0.01083	0.00439	0.00433
12	0.00865	0.00620	0.00812	0.00960	0.01010	0.00580	0.00646	0.00989	0.01339	0.01774	0.03893	0.66947	0.07175	0.05666	0.01017	0.00301	0.00423	0.03782	0.00637	0.00563
13	0.01898	0.53451	0.03115	0.01346	0.01822	0.13171	0.01234	0.02109	0.01452	0.01654	0.01029	0.01267	0.00943	0.00924	0.04495	0.00221	0.08274	0.00428	0.00312	0.00855
14	0.43153	0.03911	0.07599	0.03982	0.09875	0.01644	0.08592	0.05909	0.01479	0.06308	0.01220	0.01427	0.00922	0.00661	0.00561	0.00216	0.00717	0.00504	0.00431	0.00889
15	0.01968	0.01490	0.03688	0.01248	0.01829	0.01317	0.01041	0.22072	0.02087	0.10535	0.05225	0.01818	0.01446	0.00704	0.00612	0.00157	0.00606	0.00558	0.00564	0.41037

[dist]
# distance from previous block
# <min> <max>
2	4

[block]
# block no. 4 follows, 30 sequences, length 123
# corresponding to MSA columns:
# 181-303
name=unknown_E
#
# <colnr> <probs for GDERKNQSTAVLIFYWHMCP>
#	G	D	E	R	K	N	Q	S	T	A	V	L	I	F	Y	W	H	M	C	P
0	0.01948	0.12102	0.10633	0.02356	0.22300	0.23755	0.01626	0.04884	0.01763	0.02142	0.06260	0.01752	0.01410	0.00727	0.00639	0.00192	0.00920	0.00570	0.03089	0.00932
1	0.01723	0.53823	0.24483	0.01437	0.02166	0.02413	0.01617	0.02126	0.01435	0.01815	0.01056	0.01227	0.00892	0.00617	0.00513	0.00171	0.00833	0.00417	0.00297	0.00937
2	0.01470	0.00879	0.00934	0.00857	0.01063	0.00917	0.00645	0.13042	0.01708	0.02700	0.02220	0.05884	0.01893	0.09369	0.03416	0.00267	0.00498	0.00750	0.50776	0.00712
3	0.01065	0.00710	0.00803	0.00801	0.00829	0.00713	0.00473	0.03194	0.01133	0.01539	0.02325	0.10357	0.02639	0.63756	0.03107	0.00607	0.00642	0.01069	0.03769	0.00469
4	0.00928	0.00711	0.00850	0.00815	0.01006	0.00633	0.00611	0.01201	0.01834	0.02462	0.47291	0.05766	0.30258	0.01552	0.00824	0.00225	0.00338	0.01340	0.00724	0.00633
5	0.01301	0.00650	0.00650	0.00650	0.00813	0.00650	0.00488	0.01626	0.01463	0.02602	0.02276	0.02602	0.01789	0.00813	0.00488	0.00163	0.00325	0.00650	0.79350	0.00650
6	0.00931	0.00704	0.00859	0.00836	0.01012	0.00632	0.00621	0.01202	0.01818	0.02463	0.47674	0.10829	0.24706	0.01580	0.00829	0.00229	0.00342	0.01376	0.00725	0.00632
7	0.01114	0.00731	0.00949	0.00908	0.01086	0.00666	0.00675	0.01395	0.01848	0.07696	0.50582	0.16356	0.10268	0.01530	0.00825	0.00231	0.00363	0.01351	0.00748	0.00678
8	0.00908	0.00710	0.00823	0.00794	0.00994	0.00625	0.00596	0.01163	0.01788	0.02353	0.39676	0.05946	0.37940	0.01593	0.00824	0.00227	0.00341	0.01365	0.00710	0.00625
9	0.01602	0.01651	0.02126	0.01830	0.01855	0.07024	0.01514	0.01756	0.01132	0.01681	0.00927	0.01508	0.00915	0.01187	0.02175	0.00297	0.69145	0.00600	0.00309	0.00767
10	0.02609	0.03268	0.01982	0.01790	0.02158	0.69710	0.01347	0.05561	0.02032	0.01821	0.01104	0.01276	0.00911	0.00724	0.00632	0.00181	0.01238	0.00457	0.00374	0.00825
11	0.00825	0.00707	0.00707	0.00707	0.00943	0.00589	0.00530	0.01001	0.01591	0.01885	0.07069	0.06716	0.70839	0.01767	0.00825	0.00236	0.00353	0.01473	0.00648	0.00589
12	0.01866	0.75896	0.03657	0.01194	0.01791	0.02761	0.01194	0.02090	0.01418	0.01642	0.00970	0.01119	0.00896	0.00597	0.00448	0.00149	0.00746	0.00373	0.00299	0.00896
13	0.80405	0.01350	0.01026	0.00918	0.01350	0.01565	0.00756	0.02051	0.01188	0.03131	0.00972	0.01134	0.00756	0.00648	0.00432	0.00216	0.00540	0.00378	0.00432	0.00756
14	0.01447	0.01240	0.01447	0.01034	0.01654	0.00930	0.00827	0.01757	0.01447	0.02274	0.01240	0.01447	0.01034	0.00517	0.00517	0.00103	0.00517	0.00413	0.00413	0.79742
15	0.65744	0.01319	0.01138	0.00979	0.01431	0.01463	0.00807	0.02307	0.01341	0.16123	0.01310	0.01369	0.00940	0.00689	0.00483	0.00216	0.00550	0.00439	0.00514	0.00838
16	0.00859	0.00614	0.00817	0.00966	0.01014	0.00572	0.00648	0.00993	0.01375	0.01844	0.07940	0.70749	0.04736	0.02140	0.00887	0.00279	0.00400	0.01940	0.00655	0.00572
17	0.01318	0.01240	0.02093	0.73798	0.04806	0.01550	0.01938	0.01783	0.01395	0.01783	0.01240	0.01860	0.00930	0.00698	0.00698	0.00233	0.00930	0.00620	0.00310	0.00775
18	0.05167	0.72762	0.03546	0.01182	0.01772	0.02711	0.01176	0.02088	0.01408	0.01704	0.00970	0.01120	0.00890	0.00599	0.00447	0.00152	0.00738	0.00373	0.00304	0.00890
19	0.02422	0.01777	0.01939	0.01480	0.02043	0.01878	0.01216	0.51607	0.05276	0.06787	0.01684	0.01697	0.01216	0.00785	0.00666	0.00192	0.00707	0.00598	0.00654	0.15378
20	0.01570	0.30070	0.46894	0.01698	0.02570	0.02038	0.02072	0.02166	0.01453	0.02002	0.01149	0.01344	0.00888	0.00639	0.00584	0.00195	0.00927	0.00463	0.00296	0.00982
21	0.02126	0.01716	0.01778	0.01484	0.01931	0.04009	0.01179	0.31589	0.36262	0.03454	0.02259	0.02246	0.01704	0.04026	0.00822	0.00242	0.00672	0.00719	0.00682	0.01102
22	0.01647	0.01882	0.04118	0.02941	0.03647	0.01765	0.68588	0.02235	0.01647	0.02235	0.01412	0.01882	0.01059	0.00588	0.00824	0.00235	0.01176	0.00824	0.00353	0.00941
23	0.01596	0.01858	0.06014	0.02744	0.03379	0.01738	0.58543	0.02139	0.01585	0.02173	0.01472	0.04917	0.01192	0.00706	0.00932	0.00242	0.06649	0.00846	0.00360	0.00915
24	0.01173	0.00848	0.01063	0.01043	0.01203	0.00950	0.00794	0.01666	0.11379	0.02043	0.02452	0.09191	0.04674	0.06003	0.31860	0.00626	0.03636	0.00874	0.17832	0.00691
25	0.00854	0.00611	0.00813	0.00969	0.01013	0.00570	0.00648	0.00982	0.01356	0.01813	0.05894	0.72884	0.04676	0.02163	0.00889	0.00281	0.00403	0.01962	0.00651	0.00570
26	0.05786	0.01279	0.01652	0.01271	0.01809	0.01172	0.01050	0.10672	0.02113	0.61685	0.02570	0.02253	0.01633	0.00853	0.00692	0.00215	0.00611	0.00682	0.00830	0.01172
27	0.01513	0.01402	0.02342	0.56738	0.04358	0.01648	0.10065	0.09586	0.01644	0.02141	0.01312	0.01842	0.00976	0.00700	0.00713	0.00230	0.00942	0.00646	0.00360	0.00843
28	0.00881	0.00673	0.00812	0.00872	0.01012	0.00604	0.00628	0.01074	0.01571	0.02044	0.18980	0.33531	0.28364	0.01869	0.00856	0.00255	0.00381	0.04325	0.00673	0.00597
29	0.03114	0.01215	0.01637	0.01255	0.01795	0.01067	0.01037	0.05775	0.02044	0.69166	0.02714	0.02350	0.01708	0.00863	0.00702	0.00216	0.00600	0.00699	0.00858	0.01188
30	0.02831	0.01532	0.01814	0.01397	0.01927	0.01552	0.01147	0.34246	0.02570	0.37357	0.02224	0.02121	0.01500	0.03467	0.00800	0.00229	0.00679	0.00678	0.00770	0.01160
31	0.01301	0.00650	0.00650	0.00650	0.00813	0.00650	0.00488	0.01626	0.01463	0.02602	0.02276	0.02602	0.01789	0.00813	0.00488	0.00163	0.00325	0.00650	0.79350	0.00650
32	0.02612	0.01857	0.02019	0.01551	0.02106	0.02020	0.01278	0.59422	0.05170	0.09132	0.01772	0.01746	0.01249	0.00830	0.00692	0.00207	0.00739	0.00630	0.00699	0.04271
33	0.01565	0.01582	0.02037	0.06973	0.02017	0.07189	0.01486	0.01751	0.01174	0.01717	0.01030	0.01610	0.00974	0.01276	0.04511	0.00315	0.58508	0.00606	0.02920	0.00759
34	0.00924	0.00744	0.00827	0.00800	0.01017	0.00665	0.00602	0.01235	0.04762	0.02261	0.29857	0.05991	0.44606	0.01608	0.00819	0.00230	0.00354	0.01366	0.00694	0.00637
35	0.01318	0.01240	0.02093	0.73798	0.04806	0.01550	0.01938	0.01783	0.01395	0.01783	0.01240	0.01860	0.00930	0.00698	0.00698	0.00233	0.00930	0.00620	0.00310	0.00775
36	0.00935	0.00734	0.00863	0.00912	0.01111	0.00661	0.00731	0.01170	0.01626	0.02038	0.12445	0.09398	0.41225	0.01797	0.00870	0.00262	0.00442	0.21511	0.00659	0.00612
37	0.00945	0.00712	0.00874	0.00833	0.01016	0.00640	0.00625	0.01235	0.01875	0.02560	0.54160	0.05604	0.23328	0.01515	0.00823	0.00224	0.00336	0.01317	0.00737	0.00640
38	0.03131	0.01188	0.01619	0.01242	0.01781	0.01026	0.01026	0.03401	0.01997	0.71606	0.02753	0.02375	0.01727	0.00864	0.00702	0.00216	0.00594	0.00702	0.00864	0.01188
39	0.02548	0.01903	0.02035	0.01584	0.02124	0.02115	0.01301	0.61387	0.10860	0.04230	0.01808	0.01781	0.01294	0.00850	0.00699	0.00213	0.00743	0.00647	0.00699	0.01177
40	0.00830	0.00707	0.00714	0.00712	0.00946	0.00591	0.00534	0.01012	0.01603	0.01915	0.09123	0.06667	0.68767	0.01756	0.00825	0.00235	0.00353	0.01466	0.00652	0.00591
41	0.01866	0.75896	0.03657	0.01194	0.01791	0.02761	0.01194	0.02090	0.01418	0.01642	0.00970	0.01119	0.00896	0.00597	0.00448	0.00149	0.00746	0.00373	0.00299	0.00896
42	0.01561	0.01584	0.02132	0.01831	0.01842	0.04383	0.01521	0.01715	0.01098	0.01680	0.00921	0.01518	0.00915	0.01205	0.02237	0.00301	0.71877	0.00606	0.00307	0.00765
43	0.00982	0.00713	0.00924	0.00871	0.01039	0.00656	0.00654	0.01305	0.01961	0.02764	0.68363	0.05269	0.08997	0.01439	0.00823	0.00220	0.00330	0.01270	0.00764	0.00656
44	0.02607	0.03326	0.01978	0.01798	0.02157	0.72674	0.01348	0.02787	0.01978	0.01708	0.01079	0.01258	0.00899	0.00719	0.00629	0.00180	0.01258	0.00449	0.00360	0.00809
45	0.03087	0.01258	0.01663	0.01275	0.01817	0.01130	0.01053	0.09417	0.02115	0.65423	0.02654	0.02311	0.01678	0.00861	0.00701	0.00215	0.00610	0.00695	0.00848	0.01188
46	0.01610	0.01266	0.01485	0.01071	0.01683	0.00988	0.00861	0.04648	0.01560	0.07026	0.01360	0.01519	0.01087	0.00553	0.00537	0.00115	0.00532	0.00442	0.00456	0.71200
47	0.00850	0.00607	0.00810	0.00972	0.01012	0.00567	0.00648	0.00972	0.01336	0.01781	0.03846	0.75020	0.04615	0.02186	0.00891	0.00283	0.00405	0.01984	0.00648	0.00567
48	0.00867	0.00614	0.00805	0.00950	0.00986	0.00578	0.00625	0.00976	0.01303	0.01737	0.03676	0.67749	0.04401	0.09750	0.01165	0.00324	0.00433	0.01884	0.00625	0.00552
49	0.01212	0.00606	0.00909	0.00909	0.00909	0.00606	0.00606	0.00909	0.00909	0.01212	0.01212	0.02121	0.01212	0.02424	0.02727	0.79697	0.00606	0.00606	0.00303	0.00303
50	0.01866	0.75896	0.03657	0.01194	0.01791	0.02761	0.01194	0.02090	0.01418	0.01642	0.00970	0.01119	0.00896	0.00597	0.00448	0.00149	0.00746	0.00373	0.00299	0.00896
51	0.01727	0.01658	0.02832	0.04283	0.71123	0.01658	0.02142	0.02142	0.01589	0.02280	0.01313	0.01727	0.01105	0.00622	0.00691	0.00207	0.00829	0.00622	0.00345	0.01105
52	0.01785	0.01768	0.02776	0.04120	0.66594	0.06321	0.02090	0.02184	0.01614	0.02242	0.01297	0.01696	0.01092	0.00628	0.00687	0.00205	0.00857	0.00610	0.00346	0.01086
53	0.01124	0.00803	0.01124	0.01285	0.01446	0.00803	0.01124	0.01446	0.01606	0.02088	0.03695	0.07871	0.04016	0.01928	0.00964	0.00321	0.00643	0.66426	0.00643	0.00643
54	0.01204	0.00762	0.00997	0.00910	0.01116	0.00694	0.00692	0.01522	0.01966	0.09872	0.61823	0.04965	0.08014	0.01379	0.00811	0.00220	0.00357	0.01211	0.00774	0.00711
55	0.01542	0.04830	0.02205	0.01804	0.01830	0.02165	0.01512	0.01698	0.01084	0.01678	0.00918	0.01509	0.00915	0.01194	0.02208	0.00298	0.70936	0.00600	0.00305	0.00769
56	0.01798	0.01461	0.01703	0.01729	0.10163	0.01628	0.01204	0.03389	0.53769	0.07646	0.05731	0.02600	0.02180	0.00923	0.00712	0.00231	0.00579	0.00784	0.00679	0.01090
57	0.01638	0.01953	0.07150	0.02942	0.05817	0.01755	0.63428	0.02231	0.01637	0.02236	0.01401	0.01859	0.01052	0.00593	0.00812	0.00234	0.01159	0.00803	0.00350	0.00951
58	0.01015	0.00677	0.00761	0.00761	0.00761	0.00677	0.00423	0.01015	0.01015	0.01353	0.02199	0.04567	0.02537	0.75476	0.03552	0.00677	0.00677	0.01015	0.00423	0.00423
59	0.02512	0.09522	0.02152	0.01833	0.04543	0.64159	0.01363	0.02704	0.01916	0.01722	0.01078	0.01263	0.00906	0.00705	0.00616	0.00178	0.01199	0.00449	0.00354	0.00827
60	0.01212	0.00606	0.00909	0.00909	0.00909	0.00606	0.00606	0.00909	0.00909	0.01212	0.01212	0.02121	0.01212	0.02424	0.02727	0.79697	0.00606	0.00606	0.00303	0.00303
61	0.01162	0.00760	0.00966	0.00966	0.01101	0.00829	0.00732	0.03886	0.01364	0.02112	0.02332	0.15614	0.02227	0.02771	0.28341	0.00559	0.03538	0.00925	0.29163	0.00649
62	0.01216	0.00608	0.00898	0.00898	0.00905	0.00608	0.00601	0.00939	0.00932	0.01270	0.01256	0.02141	0.01236	0.02357	0.02634	0.76399	0.00594	0.00608	0.03581	0.00317
63	0.01274	0.01036	0.01421	0.01301	0.01396	0.01310	0.01041	0.03350	0.01211	0.01855	0.01603	0.02330	0.01474	0.05467	0.33122	0.00655	0.26778	0.00691	0.12000	0.00685
64	0.01527	0.01527	0.02137	0.01832	0.01832	0.02137	0.01527	0.01679	0.01069	0.01679	0.00916	0.01527	0.00916	0.01221	0.02290	0.00305	0.74198	0.00611	0.00305	0.00763
65	0.01021	0.00748	0.00961	0.00902	0.01077	0.00706	0.00678	0.01423	0.04991	0.02804	0.67738	0.05097	0.06387	0.01405	0.00818	0.00220	0.00339	0.01241	0.00766	0.00678
66	0.01447	0.01240	0.01447	0.01034	0.01654	0.00930	0.00827	0.01757	0.01447	0.02274	0.01240	0.01447	0.01034	0.00517	0.00517	0.00103	0.00517	0.00413	0.00413	0.79742
67	0.01736	0.01499	0.01578	0.01420	0.01815	0.01736	0.01105	0.03708	0.69862	0.02919	0.02840	0.02604	0.02130	0.00947	0.00710	0.00237	0.00552	0.00789	0.00710	0.01105
68	0.01014	0.00679	0.00773	0.00773	0.00777	0.00683	0.00438	0.01023	0.01018	0.01362	0.02188	0.04505	0.02510	0.73120	0.05871	0.00691	0.00717	0.01006	0.00421	0.00430
69	0.02965	0.01330	0.04750	0.01288	0.01840	0.01113	0.01103	0.07389	0.02054	0.62427	0.04481	0.02369	0.01789	0.00869	0.00703	0.00216	0.00617	0.00704	0.00825	0.01166
70	0.01523	0.01238	0.01455	0.01043	0.01660	0.00935	0.00836	0.01832	0.01472	0.05420	0.01309	0.01489	0.01065	0.00533	0.00525	0.00108	0.00520	0.00427	0.00434	0.76177
71	0.00997	0.00748	0.01121	0.01121	0.01246	0.00872	0.00872	0.01246	0.01121	0.01620	0.01869	0.02741	0.01745	0.05234	0.72710	0.01121	0.01869	0.00748	0.00374	0.00623
72	0.01795	0.01798	0.02729	0.06348	0.62592	0.08185	0.02062	0.02189	0.01618	0.02211	0.01289	0.01688	0.01081	0.00633	0.00685	0.00206	0.00872	0.00606	0.00346	0.01067
73	0.01024	0.00727	0.00929	0.00875	0.01058	0.00668	0.00660	0.01327	0.01884	0.04503	0.56959	0.05235	0.15189	0.01628	0.04013	0.00262	0.00408	0.01253	0.00737	0.00662
74	0.01400	0.03610	0.71860	0.01989	0.03020	0.01621	0.02578	0.02210	0.01473	0.02210	0.01252	0.01473	0.00884	0.00663	0.00663	0.00221	0.01031	0.00516	0.00295	0.01031
75	0.61280	0.01361	0.01169	0.01014	0.01453	0.01538	0.00830	0.06198	0.06119	0.09297	0.01338	0.01419	0.00992	0.00703	0.00492	0.00215	0.00553	0.00458	0.02729	0.00841
76	0.01140	0.00879	0.01120	0.01210	0.03231	0.00882	0.00949	0.01660	0.11023	0.02297	0.16907	0.11019	0.12872	0.01658	0.00871	0.00273	0.00521	0.30108	0.00669	0.00709
77	0.01009	0.00674	0.00763	0.00769	0.00771	0.00672	0.00431	0.01013	0.01027	0.01369	0.02261	0.07226	0.02615	0.72710	0.03451	0.00662	0.00666	0.01051	0.00431	0.00428
78	0.01015	0.00722	0.00884	0.00882	0.00915	0.00763	0.00567	0.01079	0.01081	0.01464	0.02398	0.09653	0.05073	0.52257	0.14419	0.00685	0.04173	0.01045	0.00435	0.00488
79	0.01447	0.01240	0.01447	0.01034	0.01654	0.00930	0.00827	0.01757	0.01447	0.02274	0.01240	0.01447	0.01034	0.00517	0.00517	0.00103	0.00517	0.00413	0.00413	0.79742
80	0.00907	0.00639	0.00833	0.00967	0.01012	0.00610	0.00657	0.01028	0.01307	0.01738	0.03541	0.55796	0.04189	0.15028	0.01365	0.00356	0.00477	0.08392	0.00608	0.00549
81	0.00849	0.00708	0.00740	0.00732	0.00957	0.00599	0.00549	0.01048	0.01647	0.02020	0.16475	0.06494	0.61349	0.01717	0.00824	0.00233	0.00350	0.01442	0.00666	0.00599
82	0.00850	0.00607	0.00810	0.00972	0.01012	0.00567	0.00648	0.00972	0.01336	0.01781	0.03846	0.75020	0.04615	0.02186	0.00891	0.00283	0.00405	0.01984	0.00648	0.00567
83	0.03131	0.01188	0.01619	0.01242	0.01781	0.01026	0.01026	0.03401	0.01997	0.71606	0.02753	0.02375	0.01727	0.00864	0.00702	0.00216	0.00594	0.00702	0.00864	0.01188
84	0.01544	0.01579	0.02430	0.01996	0.02100	0.02082	0.11431	0.01761	0.01154	0.01761	0.00989	0.01579	0.00937	0.01128	0.02073	0.00295	0.63414	0.00642	0.00312	0.00790
85	0.69899	0.01431	0.01170	0.01011	0.01460	0.01646	0.00833	0.11070	0.01470	0.03302	0.01067	0.01207	0.00814	0.00673	0.00468	0.00215	0.00571	0.00412	0.00468	0.00814
86	0.32768	0.01944	0.01661	0.01370	0.01847	0.13460	0.01109	0.32145	0.02257	0.03467	0.01305	0.01397	0.00973	0.00745	0.00584	0.00207	0.00760	0.00502	0.00540	0.00958
87	0.05348	0.01563	0.01675	0.01423	0.01870	0.01752	0.01132	0.18239	0.45043	0.10349	0.02492	0.02310	0.01820	0.00901	0.00695	0.00228	0.00605	0.00727	0.00712	0.01117
88	0.02705	0.01476	0.01752	0.01469	0.04348	0.03846	0.01146	0.15076	0.15467	0.41312	0.02469	0.02233	0.01659	0.00862	0.00700	0.00217	0.00648	0.00694	0.00768	0.01155
89	0.01647	0.01882	0.04118	0.02941	0.03647	0.01765	0.68588	0.02235	0.01647	0.02235	0.01412	0.01882	0.01059	0.00588	0.00824	0.00235	0.01176	0.00824	0.00353	0.00941
