[name]
unknown

[dist]
# distance from previous block
# <min> <max>
42	102

[block]
# block no. 0 follows, 29 sequences, length 21
# corresponding to MSA columns:
# 109-129
name=unknown_A
#
# <colnr> <probs for GDERKNQSTAVLIFYWHMCP>
#	G	D	E	R	K	N	Q	S	T	A	V	L	I	F	Y	W	H	M	C	P
0	0.06813	0.01279	0.01360	0.03320	0.03285	0.04595	0.00944	0.09375	0.11947	0.10744	0.04221	0.02416	0.01781	0.00852	0.00619	0.00196	0.00562	0.02115	0.25359	0.08216
1	0.01670	0.01512	0.06259	0.01586	0.02046	0.01381	0.08887	0.18026	0.01995	0.02743	0.02294	0.06880	0.02205	0.01177	0.00835	0.00240	0.02984	0.21239	0.00559	0.15480
2	0.06376	0.03886	0.02130	0.02319	0.23524	0.05177	0.01448	0.26457	0.03807	0.03089	0.04366	0.02358	0.07405	0.03568	0.00806	0.00231	0.00753	0.00723	0.00543	0.01031
3	0.01704	0.01753	0.05101	0.07231	0.12605	0.04200	0.24428	0.06596	0.09352	0.02437	0.01696	0.02228	0.01376	0.00878	0.02792	0.00247	0.00947	0.04157	0.00442	0.09831
4	0.04277	0.01532	0.01987	0.02246	0.23466	0.03843	0.01378	0.12028	0.07378	0.13783	0.03782	0.02318	0.04867	0.03733	0.00804	0.00223	0.00701	0.00699	0.00561	0.10394
5	0.01415	0.01348	0.02196	0.11523	0.36334	0.01341	0.05804	0.01779	0.01602	0.02134	0.03192	0.03397	0.22935	0.01011	0.00758	0.00226	0.00728	0.00922	0.00446	0.00910
6	0.00963	0.00729	0.00894	0.00921	0.01071	0.00680	0.00664	0.01277	0.05081	0.02309	0.30791	0.29485	0.18951	0.01772	0.00858	0.00251	0.00379	0.01563	0.00713	0.00648
7	0.00897	0.00734	0.00855	0.00855	0.01060	0.00692	0.00651	0.01101	0.01472	0.01838	0.05537	0.05572	0.48619	0.02921	0.23367	0.00526	0.00849	0.01269	0.00573	0.00612
8	0.01859	0.52120	0.03466	0.02214	0.23529	0.02462	0.01524	0.02149	0.01502	0.01881	0.01100	0.01338	0.00981	0.00617	0.00535	0.00171	0.00788	0.00461	0.00320	0.00981
9	0.02173	0.01605	0.01823	0.01482	0.01912	0.01792	0.01207	0.47031	0.02652	0.03592	0.01772	0.02053	0.01391	0.02272	0.23278	0.00508	0.01139	0.00680	0.00608	0.01029
10	0.01393	0.01284	0.01737	0.01524	0.01524	0.01710	0.01202	0.01499	0.01073	0.01608	0.01348	0.02538	0.01457	0.24535	0.02743	0.00431	0.50619	0.00753	0.00349	0.00669
11	0.00912	0.00654	0.00866	0.00961	0.01043	0.00608	0.00664	0.01103	0.01569	0.02146	0.24845	0.52655	0.05344	0.01986	0.00887	0.00269	0.00389	0.01792	0.00700	0.00608
12	0.01622	0.01600	0.02405	0.02660	0.23558	0.02027	0.01756	0.01863	0.01258	0.01907	0.01063	0.01622	0.00996	0.01053	0.01821	0.00280	0.50669	0.00627	0.00324	0.00889
13	0.01671	0.00880	0.01135	0.00984	0.01285	0.00779	0.00769	0.01962	0.01958	0.24234	0.38471	0.04658	0.15663	0.01332	0.00801	0.00226	0.00425	0.01143	0.00794	0.00831
14	0.01406	0.00906	0.01143	0.01092	0.01220	0.00983	0.00779	0.01830	0.22507	0.01787	0.01762	0.02320	0.01533	0.01997	0.02133	0.54316	0.00601	0.00677	0.00440	0.00568
15	0.02742	0.01363	0.02043	0.02247	0.23523	0.01250	0.01406	0.03064	0.01906	0.49326	0.02345	0.02215	0.01562	0.00803	0.00713	0.00218	0.00682	0.00690	0.00714	0.01185
16	0.27082	0.01779	0.01769	0.01408	0.01930	0.01996	0.01160	0.44452	0.05579	0.04013	0.01535	0.01577	0.01114	0.00798	0.00627	0.00217	0.00700	0.00568	0.00627	0.01068
17	0.01983	0.01977	0.01691	0.01342	0.01884	0.23503	0.01048	0.05917	0.01773	0.04786	0.01295	0.01464	0.01046	0.00624	0.00581	0.00140	0.00784	0.00457	0.00438	0.47268
18	0.01713	0.02054	0.10182	0.02850	0.03594	0.01760	0.59595	0.02322	0.01678	0.04784	0.01476	0.01901	0.01089	0.00617	0.00821	0.00238	0.01165	0.00807	0.00374	0.00978
19	0.01606	0.26148	0.42740	0.01878	0.02754	0.02037	0.09203	0.02219	0.01505	0.02075	0.01204	0.01434	0.00925	0.00647	0.00625	0.00204	0.00976	0.00514	0.00308	0.00999
20	0.02742	0.01363	0.02043	0.02247	0.23523	0.01250	0.01406	0.03064	0.01906	0.49326	0.02345	0.02215	0.01562	0.00803	0.00713	0.00218	0.00682	0.00690	0.00714	0.01185

[dist]
# distance from previous block
# <min> <max>
0	1

[block]
# block no. 1 follows, 29 sequences, length 8
# corresponding to MSA columns:
# 131-138
name=unknown_B
#
# <colnr> <probs for GDERKNQSTAVLIFYWHMCP>
#	G	D	E	R	K	N	Q	S	T	A	V	L	I	F	Y	W	H	M	C	P
0	0.12057	0.19393	0.13366	0.01410	0.04958	0.01585	0.01260	0.04704	0.01547	0.06615	0.04254	0.21678	0.02203	0.01130	0.00667	0.00223	0.00666	0.00932	0.00492	0.00859
1	0.23233	0.01628	0.05202	0.11487	0.25635	0.03935	0.01579	0.02277	0.09213	0.02541	0.01551	0.02072	0.01291	0.00777	0.00649	0.00228	0.00758	0.04570	0.00431	0.00944
2	0.01026	0.00727	0.00961	0.00961	0.01025	0.00790	0.00661	0.01154	0.01090	0.01517	0.02075	0.03726	0.02184	0.40078	0.37967	0.00918	0.01300	0.00899	0.00406	0.00534
3	0.01309	0.01088	0.01297	0.01037	0.01507	0.00847	0.00793	0.01572	0.01445	0.02182	0.01998	0.21589	0.02061	0.00996	0.00632	0.00156	0.00496	0.00863	0.00488	0.57642
4	0.01020	0.00754	0.01098	0.01098	0.01210	0.00865	0.00833	0.01242	0.01131	0.01619	0.01949	0.03030	0.01881	0.14047	0.63585	0.01088	0.01755	0.00797	0.00388	0.00610
5	0.01106	0.00762	0.00885	0.00896	0.00947	0.00766	0.00559	0.05719	0.01288	0.01718	0.02669	0.23689	0.03076	0.49758	0.02673	0.00547	0.00621	0.01280	0.00514	0.00526
6	0.01309	0.01088	0.01297	0.01037	0.01507	0.00847	0.00793	0.01572	0.01445	0.02182	0.01998	0.21589	0.02061	0.00996	0.00632	0.00156	0.00496	0.00863	0.00488	0.57642
7	0.58853	0.01332	0.01213	0.01027	0.01498	0.01446	0.00847	0.02472	0.01439	0.21874	0.01492	0.01506	0.01044	0.00722	0.00517	0.00220	0.00566	0.00477	0.00562	0.00893

[dist]
# distance from previous block
# <min> <max>
0	3

[block]
# block no. 2 follows, 29 sequences, length 92
# corresponding to MSA columns:
# 142-233
name=unknown_C
#
# <colnr> <probs for GDERKNQSTAVLIFYWHMCP>
#	G	D	E	R	K	N	Q	S	T	A	V	L	I	F	Y	W	H	M	C	P
0	0.01693	0.01929	0.03795	0.02771	0.03403	0.06287	0.57425	0.02223	0.01663	0.02199	0.01542	0.06011	0.01272	0.00725	0.00885	0.00242	0.03758	0.00875	0.00376	0.00923
1	0.01376	0.03315	0.62532	0.01888	0.02831	0.01531	0.02387	0.02142	0.01567	0.02330	0.09851	0.01978	0.01626	0.00773	0.00697	0.00225	0.00963	0.00621	0.00361	0.01005
2	0.01547	0.01307	0.01514	0.01088	0.01717	0.01021	0.00873	0.05582	0.01583	0.02444	0.01291	0.01490	0.01064	0.00546	0.00538	0.00112	0.00542	0.00434	0.00438	0.74868
3	0.02077	0.01659	0.01738	0.01469	0.01932	0.03926	0.01164	0.18519	0.43715	0.07133	0.02457	0.02306	0.01817	0.00900	0.00706	0.00223	0.00637	0.00727	0.00700	0.06194
4	0.00895	0.00637	0.00844	0.01000	0.01047	0.00600	0.00679	0.01025	0.01362	0.01813	0.03819	0.66227	0.04549	0.06367	0.01069	0.00315	0.00445	0.06084	0.00648	0.00575
5	0.01711	0.05611	0.01755	0.01253	0.01824	0.01341	0.02950	0.05220	0.18214	0.05704	0.01746	0.01814	0.01361	0.00672	0.00598	0.00155	0.00584	0.00549	0.00521	0.46416
6	0.70556	0.01498	0.05096	0.01020	0.01503	0.01565	0.00895	0.02191	0.01282	0.07524	0.01125	0.01258	0.00843	0.00676	0.00472	0.00221	0.00583	0.00415	0.00461	0.00816
7	0.01848	0.28681	0.05662	0.01635	0.01957	0.13193	0.01453	0.02063	0.01380	0.01727	0.00995	0.01363	0.00923	0.00912	0.01323	0.00230	0.32985	0.00506	0.00317	0.00847
8	0.01366	0.00956	0.05059	0.01040	0.01297	0.00772	0.00843	0.01680	0.01867	0.13857	0.42635	0.17675	0.05191	0.01463	0.00823	0.00236	0.00436	0.01289	0.00749	0.00765
9	0.01791	0.54221	0.12441	0.01456	0.02091	0.04730	0.06020	0.02117	0.01484	0.01804	0.01230	0.05438	0.01141	0.00714	0.00544	0.00177	0.00828	0.00528	0.00330	0.00913
10	0.01027	0.00702	0.00821	0.00835	0.00865	0.00704	0.00515	0.01075	0.01113	0.01479	0.02583	0.06738	0.05798	0.60752	0.07887	0.00669	0.00748	0.04760	0.00458	0.00470
11	0.00866	0.00625	0.00820	0.00976	0.01029	0.00580	0.00654	0.00993	0.01378	0.01824	0.04112	0.70647	0.08451	0.02206	0.00905	0.00286	0.00410	0.01995	0.00661	0.00580
12	0.00878	0.00627	0.00838	0.01003	0.01049	0.00587	0.00679	0.01009	0.01374	0.01829	0.03919	0.72048	0.04687	0.02221	0.00912	0.00291	0.00422	0.04384	0.00661	0.00581
13	0.01541	0.02197	0.21540	0.02793	0.17244	0.01610	0.28458	0.02115	0.01568	0.02216	0.01548	0.05977	0.01295	0.01027	0.05379	0.00291	0.01087	0.00775	0.00361	0.00977
14	0.01810	0.01467	0.01164	0.01059	0.01322	0.17541	0.00809	0.10223	0.01847	0.02670	0.01961	0.02217	0.01537	0.00810	0.00558	0.00176	0.00610	0.00613	0.50836	0.00770
15	0.01147	0.00820	0.01147	0.01311	0.01475	0.00820	0.01147	0.01475	0.01639	0.02131	0.03770	0.08032	0.04098	0.01967	0.00984	0.00328	0.00656	0.65741	0.00656	0.00656
16	0.04725	0.05549	0.59099	0.04761	0.02966	0.01645	0.02384	0.02306	0.01521	0.06701	0.01356	0.01553	0.00955	0.00688	0.00664	0.00223	0.00990	0.00533	0.00345	0.01037
17	0.01447	0.06578	0.68559	0.01997	0.03031	0.01701	0.02574	0.02250	0.01501	0.02232	0.01266	0.01489	0.00902	0.00674	0.00668	0.00223	0.01041	0.00520	0.00301	0.01047
18	0.06268	0.01218	0.01628	0.01254	0.01800	0.01069	0.01036	0.03415	0.02005	0.68313	0.02737	0.02373	0.01723	0.00873	0.00705	0.00220	0.00604	0.00703	0.00864	0.01194
19	0.56142	0.01401	0.01335	0.12128	0.01993	0.01639	0.01024	0.08212	0.01450	0.03048	0.01140	0.01379	0.00877	0.00708	0.00561	0.00223	0.02598	0.00462	0.02868	0.00812
20	0.01000	0.00728	0.00941	0.00888	0.01059	0.00669	0.00666	0.01329	0.01998	0.02812	0.67255	0.05390	0.09648	0.01472	0.00840	0.00225	0.00337	0.01298	0.00778	0.00669
21	0.01875	0.70193	0.05987	0.01270	0.01872	0.02754	0.01279	0.02121	0.01435	0.01697	0.00998	0.01170	0.00914	0.00635	0.00535	0.00161	0.03491	0.00395	0.00305	0.00914
22	0.80005	0.01377	0.01047	0.00936	0.01377	0.01597	0.00771	0.02093	0.01212	0.03195	0.00991	0.01157	0.00771	0.00661	0.00441	0.00220	0.00551	0.00386	0.00441	0.00771
23	0.03195	0.01212	0.01652	0.01267	0.01818	0.01047	0.01047	0.03470	0.02038	0.71026	0.02809	0.02424	0.01763	0.00881	0.00716	0.00220	0.00606	0.00716	0.00881	0.01212
24	0.00892	0.00635	0.00845	0.01004	0.01052	0.00598	0.00684	0.01024	0.01369	0.01822	0.03852	0.67628	0.04592	0.04908	0.01014	0.00307	0.00439	0.06104	0.00652	0.00578
25	0.00842	0.00721	0.00721	0.00721	0.00962	0.00601	0.00541	0.01022	0.01623	0.01924	0.07213	0.06853	0.70244	0.01803	0.00842	0.00240	0.00361	0.01503	0.00661	0.00601
26	0.01008	0.00728	0.00952	0.00896	0.01064	0.00672	0.00672	0.01344	0.02016	0.02855	0.70158	0.05319	0.06719	0.01456	0.00840	0.00224	0.00336	0.01288	0.00784	0.00672
27	0.01681	0.01921	0.04202	0.03001	0.03721	0.01801	0.67947	0.02281	0.01681	0.02281	0.01441	0.01921	0.01080	0.00600	0.00840	0.00240	0.01200	0.00840	0.00360	0.00960
28	0.01477	0.01266	0.01477	0.01055	0.01687	0.00949	0.00844	0.01793	0.01477	0.02320	0.01266	0.01477	0.01055	0.00527	0.00527	0.00105	0.00527	0.00422	0.00422	0.79328
29	0.00842	0.00721	0.00721	0.00721	0.00962	0.00601	0.00541	0.01022	0.01623	0.01924	0.07213	0.06853	0.70244	0.01803	0.00842	0.00240	0.00361	0.01503	0.00661	0.00601
30	0.02660	0.03394	0.02018	0.01834	0.02201	0.72116	0.01376	0.02843	0.02018	0.01743	0.01101	0.01284	0.00917	0.00734	0.00642	0.00183	0.01284	0.00459	0.00367	0.00825
31	0.01558	0.01558	0.02181	0.01869	0.01869	0.02181	0.01558	0.01714	0.01091	0.01714	0.00935	0.01558	0.00935	0.01246	0.02337	0.00312	0.73672	0.00623	0.00312	0.00779
32	0.01736	0.01655	0.02816	0.04240	0.67591	0.01655	0.02141	0.02155	0.01622	0.02318	0.01443	0.02030	0.01254	0.00691	0.00717	0.00216	0.00838	0.03409	0.00365	0.01108
33	0.01143	0.00775	0.00865	0.00832	0.00869	0.00788	0.00491	0.05372	0.01185	0.01581	0.02209	0.04469	0.02500	0.70187	0.03436	0.00660	0.00696	0.01010	0.00450	0.00482
34	0.01904	0.75404	0.03731	0.01218	0.01828	0.02818	0.01218	0.02132	0.01447	0.01675	0.00990	0.01142	0.00914	0.00609	0.00457	0.00152	0.00761	0.00381	0.00305	0.00914
35	0.01558	0.01558	0.02181	0.01869	0.01869	0.02181	0.01558	0.01714	0.01091	0.01714	0.00935	0.01558	0.00935	0.01246	0.02337	0.00312	0.73672	0.00623	0.00312	0.00779
36	0.02707	0.01995	0.02137	0.01638	0.02208	0.02208	0.01353	0.68159	0.03348	0.04488	0.01710	0.01710	0.01211	0.00855	0.00712	0.00214	0.00784	0.00641	0.00712	0.01211
37	0.00943	0.00687	0.00961	0.01044	0.01120	0.00721	0.00746	0.01116	0.01247	0.01718	0.02939	0.38819	0.03299	0.08283	0.32059	0.00687	0.01081	0.01412	0.00525	0.00594
38	0.01008	0.00728	0.00952	0.00896	0.01064	0.00672	0.00672	0.01344	0.02016	0.02855	0.70158	0.05319	0.06719	0.01456	0.00840	0.00224	0.00336	0.01288	0.00784	0.00672
39	0.01771	0.01530	0.01610	0.01449	0.01852	0.01771	0.01127	0.03784	0.69247	0.02979	0.02898	0.02657	0.02174	0.00966	0.00725	0.00242	0.00564	0.00805	0.00725	0.01127
40	0.02707	0.01995	0.02137	0.01638	0.02208	0.02208	0.01353	0.68159	0.03348	0.04488	0.01710	0.01710	0.01211	0.00855	0.00712	0.00214	0.00784	0.00641	0.00712	0.01211
41	0.01081	0.00745	0.00967	0.00902	0.01087	0.00682	0.00680	0.01408	0.01998	0.05338	0.64761	0.05282	0.09464	0.01450	0.00835	0.00225	0.00347	0.01276	0.00782	0.00689
42	0.00877	0.00631	0.00834	0.00993	0.01047	0.00588	0.00675	0.01011	0.01383	0.01833	0.04043	0.69480	0.07157	0.02205	0.00909	0.00289	0.00420	0.04381	0.00661	0.00582
43	0.01803	0.01805	0.02820	0.08575	0.58565	0.07186	0.04465	0.02216	0.01642	0.02246	0.01320	0.01739	0.01098	0.00646	0.00705	0.00212	0.00900	0.00628	0.00352	0.01077
44	0.01729	0.01658	0.02831	0.09798	0.65363	0.01683	0.02169	0.02156	0.01606	0.02286	0.01334	0.01773	0.01114	0.00641	0.00705	0.00214	0.00854	0.00634	0.00350	0.01101
45	0.01089	0.00844	0.01184	0.01145	0.01226	0.01002	0.00862	0.01269	0.01111	0.01595	0.01868	0.03094	0.01871	0.21660	0.46934	0.00931	0.10513	0.00811	0.00385	0.00604
46	0.01477	0.01266	0.01477	0.01055	0.01687	0.00949	0.00844	0.01793	0.01477	0.02320	0.01266	0.01477	0.01055	0.00527	0.00527	0.00105	0.00527	0.00422	0.00422	0.79328
47	0.02444	0.01886	0.01962	0.01579	0.02091	0.04679	0.01278	0.44728	0.22700	0.05971	0.02071	0.01995	0.01501	0.00884	0.00713	0.00221	0.00732	0.00685	0.00708	0.01172
48	0.01762	0.01692	0.02890	0.04371	0.70533	0.01692	0.02185	0.02185	0.01621	0.02326	0.01339	0.01762	0.01128	0.00634	0.00705	0.00211	0.00846	0.00634	0.00352	0.01128
49	0.01030	0.00688	0.00778	0.00784	0.00786	0.00686	0.00440	0.01034	0.01047	0.01396	0.02303	0.07122	0.02664	0.72411	0.03529	0.00676	0.00681	0.01070	0.00440	0.00437
50	0.01067	0.00777	0.00978	0.00922	0.01099	0.00732	0.00687	0.04371	0.01978	0.02756	0.56438	0.09852	0.10309	0.03748	0.00924	0.00243	0.00374	0.01313	0.00754	0.00679
51	0.80005	0.01377	0.01047	0.00936	0.01377	0.01597	0.00771	0.02093	0.01212	0.03195	0.00991	0.01157	0.00771	0.00661	0.00441	0.00220	0.00551	0.00386	0.00441	0.00771
52	0.01327	0.00664	0.00664	0.00664	0.00830	0.00664	0.00498	0.01659	0.01493	0.02655	0.02323	0.02655	0.01825	0.00830	0.00498	0.00166	0.00332	0.00664	0.78928	0.00664
53	0.01327	0.00664	0.00664	0.00664	0.00830	0.00664	0.00498	0.01659	0.01493	0.02655	0.02323	0.02655	0.01825	0.00830	0.00498	0.00166	0.00332	0.00664	0.78928	0.00664
54	0.00868	0.00620	0.00826	0.00991	0.01033	0.00578	0.00661	0.00991	0.01363	0.01818	0.03925	0.74510	0.04710	0.02231	0.00909	0.00289	0.00413	0.02024	0.00661	0.00578
55	0.03129	0.01197	0.01631	0.01256	0.01795	0.01035	0.01035	0.03406	0.02037	0.68980	0.04831	0.02511	0.01911	0.00899	0.00720	0.00220	0.00598	0.00733	0.00878	0.01196
56	0.02632	0.06080	0.02082	0.01811	0.02187	0.69532	0.01370	0.02817	0.01997	0.01740	0.01097	0.01279	0.00917	0.00729	0.00635	0.00182	0.01265	0.00456	0.00365	0.00829
57	0.01477	0.01266	0.01477	0.01055	0.01687	0.00949	0.00844	0.01793	0.01477	0.02320	0.01266	0.01477	0.01055	0.00527	0.00527	0.00105	0.00527	0.00422	0.00422	0.79328
58	0.02982	0.01393	0.06148	0.01329	0.01902	0.01136	0.01154	0.03413	0.06644	0.61885	0.02716	0.02380	0.01735	0.00874	0.00714	0.00222	0.00632	0.00710	0.00833	0.01196
59	0.01520	0.13682	0.56615	0.02090	0.07946	0.01821	0.02398	0.02232	0.01504	0.02178	0.01242	0.01472	0.00921	0.00664	0.00648	0.00214	0.00996	0.00514	0.00305	0.01038
60	0.01930	0.72938	0.03673	0.01239	0.01840	0.05191	0.01224	0.02157	0.01466	0.01678	0.00994	0.01147	0.00914	0.00613	0.00463	0.00153	0.00779	0.00383	0.00307	0.00911
61	0.74494	0.01332	0.01032	0.00927	0.01352	0.01530	0.00760	0.02029	0.01254	0.03138	0.03556	0.01502	0.03462	0.00729	0.00469	0.00221	0.00537	0.00456	0.00460	0.00762
62	0.07412	0.01830	0.01873	0.01500	0.02004	0.04223	0.01219	0.46693	0.13238	0.03886	0.02249	0.02200	0.06601	0.00928	0.00704	0.00220	0.00718	0.00710	0.00682	0.01111
63	0.80005	0.01377	0.01047	0.00936	0.01377	0.01597	0.00771	0.02093	0.01212	0.03195	0.00991	0.01157	0.00771	0.00661	0.00441	0.00220	0.00551	0.00386	0.00441	0.00771
64	0.00973	0.00723	0.00833	0.00833	0.01031	0.00631	0.00614	0.01188	0.01694	0.04623	0.22772	0.18157	0.39858	0.01755	0.00848	0.00244	0.00372	0.01510	0.00701	0.00637
65	0.01729	0.01863	0.08249	0.03955	0.56261	0.01703	0.08913	0.02253	0.03828	0.02337	0.01396	0.01788	0.01140	0.00645	0.00717	0.00216	0.00889	0.00653	0.00361	0.01105
66	0.01647	0.04059	0.10130	0.02729	0.05389	0.01870	0.47749	0.02184	0.01565	0.02176	0.01332	0.01799	0.01038	0.00708	0.01040	0.00246	0.12289	0.00758	0.00345	0.00945
67	0.00878	0.00624	0.00823	0.00978	0.01016	0.00586	0.00646	0.00994	0.01342	0.01789	0.03816	0.69981	0.04572	0.06948	0.01085	0.00315	0.00431	0.01960	0.00646	0.00569
68	0.01449	0.03549	0.66406	0.02144	0.05274	0.01661	0.05230	0.02254	0.01514	0.02258	0.01286	0.01528	0.00916	0.00672	0.00684	0.00226	0.01052	0.00542	0.00305	0.01051
69	0.01916	0.28100	0.10856	0.03806	0.02341	0.14919	0.08211	0.04869	0.01591	0.01940	0.01115	0.01409	0.00947	0.00768	0.00917	0.00209	0.14325	0.00520	0.00339	0.00902
70	0.00868	0.00620	0.00826	0.00991	0.01033	0.00578	0.00661	0.00991	0.01363	0.01818	0.03925	0.74510	0.04710	0.02231	0.00909	0.00289	0.00413	0.02024	0.00661	0.00578
71	0.00972	0.00726	0.00902	0.00858	0.01042	0.00657	0.00644	0.01275	0.01932	0.02656	0.56671	0.05648	0.20330	0.01530	0.00840	0.00227	0.00341	0.01334	0.00758	0.00657
72	0.01118	0.00831	0.01019	0.01094	0.01218	0.00841	0.00768	0.07061	0.08479	0.02166	0.03629	0.60890	0.04149	0.01983	0.00873	0.00278	0.00460	0.01780	0.00672	0.00689
73	0.01713	0.01965	0.11684	0.03949	0.55879	0.01697	0.08246	0.02203	0.01612	0.02313	0.01341	0.01744	0.01095	0.00637	0.00714	0.00216	0.00904	0.00640	0.00347	0.01103
74	0.02027	0.64128	0.03486	0.01283	0.01886	0.02724	0.01239	0.12273	0.01739	0.02107	0.01100	0.01229	0.00959	0.00647	0.00496	0.00162	0.00765	0.00421	0.00367	0.00959
75	0.61038	0.04409	0.01345	0.01135	0.01566	0.16423	0.00914	0.02252	0.01389	0.02837	0.01014	0.01183	0.00807	0.00674	0.00483	0.00210	0.00712	0.00401	0.00420	0.00788
76	0.01018	0.00760	0.01132	0.01132	0.01255	0.00883	0.00875	0.01264	0.01141	0.01644	0.01919	0.02860	0.01808	0.07698	0.69833	0.01129	0.01866	0.00772	0.00383	0.00629
77	0.01412	0.01283	0.02098	0.64435	0.07264	0.01568	0.01894	0.04328	0.01508	0.01979	0.01334	0.01921	0.01007	0.00720	0.00702	0.00232	0.00910	0.00635	0.03957	0.00815
78	0.03195	0.01212	0.01652	0.01267	0.01818	0.01047	0.01047	0.03470	0.02038	0.71026	0.02809	0.02424	0.01763	0.00881	0.00716	0.00220	0.00606	0.00716	0.00881	0.01212
79	0.01008	0.00728	0.00952	0.00896	0.01064	0.00672	0.00672	0.01344	0.02016	0.02855	0.70158	0.05319	0.06719	0.01456	0.00840	0.00224	0.00336	0.01288	0.00784	0.00672
80	0.01345	0.01266	0.02136	0.73264	0.04904	0.01582	0.01978	0.01819	0.01424	0.01819	0.01266	0.01898	0.00949	0.00712	0.00712	0.00237	0.00949	0.00633	0.00316	0.00791
81	0.01036	0.00690	0.00777	0.00777	0.00777	0.00690	0.00431	0.01036	0.01036	0.01381	0.02244	0.04660	0.02589	0.74975	0.03624	0.00690	0.00690	0.01036	0.00431	0.00431
82	0.02660	0.03394	0.02018	0.01834	0.02201	0.72116	0.01376	0.02843	0.02018	0.01743	0.01101	0.01284	0.00917	0.00734	0.00642	0.00183	0.01284	0.00459	0.00367	0.00825
83	0.01537	0.01264	0.01483	0.01062	0.01692	0.00953	0.00851	0.01852	0.01496	0.04744	0.01320	0.01510	0.01080	0.00540	0.00534	0.00110	0.00530	0.00432	0.00438	0.76572
84	0.01017	0.00763	0.01144	0.01144	0.01272	0.00890	0.00890	0.01272	0.01144	0.01653	0.01907	0.02797	0.01780	0.05340	0.72153	0.01144	0.01907	0.00763	0.00381	0.00636
85	0.00868	0.00620	0.00826	0.00991	0.01033	0.00578	0.00661	0.00991	0.01363	0.01818	0.03925	0.74510	0.04710	0.02231	0.00909	0.00289	0.00413	0.02024	0.00661	0.00578
86	0.01237	0.00618	0.00928	0.00928	0.00928	0.00618	0.00618	0.00928	0.00928	0.01237	0.01237	0.02165	0.01237	0.02474	0.02783	0.79283	0.00618	0.00618	0.00309	0.00309
87	0.01477	0.01266	0.01477	0.01055	0.01687	0.00949	0.00844	0.01793	0.01477	0.02320	0.01266	0.01477	0.01055	0.00527	0.00527	0.00105	0.00527	0.00422	0.00422	0.79328
88	0.02479	0.01849	0.01978	0.01551	0.02069	0.02044	0.01264	0.56690	0.09576	0.04119	0.02042	0.02109	0.03798	0.04057	0.00842	0.00238	0.00743	0.00704	0.00700	0.01148
89	0.76677	0.04531	0.01161	0.00948	0.01396	0.01649	0.00790	0.02095	0.01222	0.03130	0.00991	0.01156	0.00777	0.00659	0.00441	0.00217	0.00560	0.00385	0.00435	0.00777
90	0.01602	0.02469	0.25062	0.02699	0.03523	0.01755	0.47637	0.02273	0.01626	0.02273	0.01390	0.01791	0.01025	0.00624	0.00789	0.00236	0.01154	0.00743	0.00342	0.00989
91	0.01710	0.01697	0.03082	0.03949	0.53797	0.01670	0.15861	0.02158	0.01623	0.02296	0.01464	0.04706	0.01261	0.00691	0.00741	0.00221	0.00903	0.00733	0.00366	0.01071

[dist]
# distance from previous block
# <min> <max>
0	1

[block]
# block no. 3 follows, 29 sequences, length 168
# corresponding to MSA columns:
# 235-402
name=unknown_D
#
# <colnr> <probs for GDERKNQSTAVLIFYWHMCP>
#	G	D	E	R	K	N	Q	S	T	A	V	L	I	F	Y	W	H	M	C	P
0	0.01147	0.00820	0.01147	0.01311	0.01475	0.00820	0.01147	0.01475	0.01639	0.02131	0.03770	0.08032	0.04098	0.01967	0.00984	0.00328	0.00656	0.65741	0.00656	0.00656
1	0.01771	0.01530	0.01610	0.01449	0.01852	0.01771	0.01127	0.03784	0.69247	0.02979	0.02898	0.02657	0.02174	0.00966	0.00725	0.00242	0.00564	0.00805	0.00725	0.01127
2	0.02660	0.03394	0.02018	0.01834	0.02201	0.72116	0.01376	0.02843	0.02018	0.01743	0.01101	0.01284	0.00917	0.00734	0.00642	0.00183	0.01284	0.00459	0.00367	0.00825
3	0.01729	0.10445	0.46036	0.02132	0.09243	0.04376	0.04996	0.02372	0.01585	0.08584	0.01397	0.01586	0.01013	0.00684	0.00666	0.00215	0.00977	0.00550	0.00365	0.01048
4	0.00953	0.00726	0.00875	0.00838	0.01030	0.00648	0.00628	0.01237	0.01885	0.02546	0.49269	0.05828	0.27801	0.01571	0.00840	0.00229	0.00344	0.01359	0.00743	0.00648
5	0.80005	0.01377	0.01047	0.00936	0.01377	0.01597	0.00771	0.02093	0.01212	0.03195	0.00991	0.01157	0.00771	0.00661	0.00441	0.00220	0.00551	0.00386	0.00441	0.00771
6	0.01762	0.01692	0.02890	0.04371	0.70533	0.01692	0.02185	0.02185	0.01621	0.02326	0.01339	0.01762	0.01128	0.00634	0.00705	0.00211	0.00846	0.00634	0.00352	0.01128
7	0.03044	0.01302	0.01746	0.01450	0.05181	0.01185	0.01126	0.08071	0.04279	0.60714	0.02662	0.02348	0.01705	0.00870	0.00716	0.00220	0.00629	0.00710	0.00838	0.01205
8	0.00983	0.00719	0.00949	0.01091	0.01212	0.00684	0.00852	0.01202	0.01516	0.01966	0.04303	0.37038	0.13307	0.02061	0.00932	0.00299	0.00509	0.29105	0.00659	0.00614
9	0.01036	0.00690	0.00777	0.00777	0.00777	0.00690	0.00431	0.01036	0.01036	0.01381	0.02244	0.04660	0.02589	0.74975	0.03624	0.00690	0.00690	0.01036	0.00431	0.00431
10	0.02521	0.01845	0.02170	0.01740	0.04691	0.01997	0.05728	0.53606	0.02979	0.06969	0.01771	0.01827	0.01269	0.00829	0.00705	0.00212	0.00772	0.00659	0.06560	0.01150
11	0.01679	0.01597	0.02671	0.18085	0.53681	0.01674	0.02087	0.02196	0.05165	0.02259	0.01407	0.01837	0.01147	0.00668	0.00707	0.00218	0.00852	0.00643	0.00365	0.01060
12	0.03171	0.01250	0.01676	0.01285	0.01837	0.01103	0.01061	0.06609	0.02102	0.67798	0.02756	0.02389	0.01736	0.00880	0.00716	0.00220	0.00615	0.00712	0.00873	0.01212
13	0.80005	0.01377	0.01047	0.00936	0.01377	0.01597	0.00771	0.02093	0.01212	0.03195	0.00991	0.01157	0.00771	0.00661	0.00441	0.00220	0.00551	0.00386	0.00441	0.00771
14	0.01461	0.05858	0.65514	0.02128	0.06616	0.01693	0.02562	0.02247	0.01508	0.02240	0.01272	0.01506	0.00914	0.00672	0.00671	0.00222	0.01032	0.00527	0.00304	0.01052
15	0.00868	0.00620	0.00826	0.00991	0.01033	0.00578	0.00661	0.00991	0.01363	0.01818	0.03925	0.74510	0.04710	0.02231	0.00909	0.00289	0.00413	0.02024	0.00661	0.00578
16	0.69586	0.01496	0.01141	0.01022	0.01433	0.06273	0.00832	0.02116	0.01270	0.03028	0.01037	0.01226	0.00819	0.00692	0.00525	0.00220	0.03272	0.00408	0.02834	0.00772
17	0.01078	0.00775	0.00959	0.00899	0.01102	0.00717	0.00679	0.01453	0.04770	0.04816	0.53645	0.05399	0.18065	0.01481	0.00831	0.00228	0.00358	0.01289	0.00762	0.00695
18	0.01575	0.01288	0.01504	0.01081	0.01709	0.00994	0.00867	0.04014	0.01557	0.04713	0.01332	0.01516	0.01084	0.00550	0.00540	0.00113	0.00538	0.00439	0.00447	0.74141
19	0.01008	0.00728	0.00952	0.00896	0.01064	0.00672	0.00672	0.01344	0.02016	0.02855	0.70158	0.05319	0.06719	0.01456	0.00840	0.00224	0.00336	0.01288	0.00784	0.00672
20	0.67666	0.01438	0.01129	0.00997	0.01430	0.04145	0.00814	0.05015	0.01373	0.05225	0.01146	0.01296	0.00877	0.00687	0.00471	0.00216	0.00579	0.00423	0.04271	0.00800
21	0.01027	0.00692	0.00774	0.00774	0.00784	0.00687	0.00436	0.01035	0.01060	0.01403	0.02452	0.04752	0.05432	0.71900	0.03507	0.00671	0.00676	0.01055	0.00441	0.00439
22	0.01147	0.00820	0.01147	0.01311	0.01475	0.00820	0.01147	0.01475	0.01639	0.02131	0.03770	0.08032	0.04098	0.01967	0.00984	0.00328	0.00656	0.65741	0.00656	0.00656
23	0.01327	0.00664	0.00664	0.00664	0.00830	0.00664	0.00498	0.01659	0.01493	0.02655	0.02323	0.02655	0.01825	0.00830	0.00498	0.00166	0.00332	0.00664	0.78928	0.00664
24	0.01139	0.00809	0.01118	0.01269	0.01420	0.00809	0.01090	0.01440	0.01591	0.02071	0.03648	0.07763	0.03978	0.07792	0.01194	0.00357	0.00658	0.60578	0.00638	0.00638
25	0.01762	0.01692	0.02890	0.04371	0.70533	0.01692	0.02185	0.02185	0.01621	0.02326	0.01339	0.01762	0.01128	0.00634	0.00705	0.00211	0.00846	0.00634	0.00352	0.01128
26	0.80005	0.01377	0.01047	0.00936	0.01377	0.01597	0.00771	0.02093	0.01212	0.03195	0.00991	0.01157	0.00771	0.00661	0.00441	0.00220	0.00551	0.00386	0.00441	0.00771
27	0.00868	0.00620	0.00826	0.00991	0.01033	0.00578	0.00661	0.00991	0.01363	0.01818	0.03925	0.74510	0.04710	0.02231	0.00909	0.00289	0.00413	0.02024	0.00661	0.00578
28	0.09712	0.32016	0.02533	0.01399	0.01855	0.20288	0.01192	0.09893	0.01774	0.02183	0.01363	0.07811	0.01275	0.00840	0.00633	0.00191	0.03165	0.00586	0.00414	0.00877
29	0.00881	0.00629	0.00842	0.01007	0.01054	0.00590	0.00685	0.01015	0.01377	0.01833	0.03917	0.71285	0.04680	0.02218	0.00912	0.00291	0.00425	0.05116	0.00661	0.00582
30	0.01558	0.01558	0.02181	0.01869	0.01869	0.02181	0.01558	0.01714	0.01091	0.01714	0.00935	0.01558	0.00935	0.01246	0.02337	0.00312	0.73672	0.00623	0.00312	0.00779
31	0.00873	0.00691	0.00774	0.00817	0.00982	0.00605	0.00582	0.01041	0.01552	0.01946	0.11373	0.26302	0.42486	0.05448	0.00996	0.00275	0.00390	0.01614	0.00660	0.00592
32	0.02542	0.01880	0.06074	0.01901	0.04682	0.01821	0.12992	0.35994	0.02599	0.19349	0.01883	0.01903	0.01297	0.00800	0.00733	0.00220	0.00831	0.00687	0.00656	0.01156
33	0.01428	0.03683	0.71286	0.02030	0.03082	0.01654	0.02631	0.02255	0.01503	0.02255	0.01278	0.01503	0.00902	0.00677	0.00677	0.00226	0.01052	0.00526	0.00301	0.01052
34	0.00842	0.00721	0.00721	0.00721	0.00962	0.00601	0.00541	0.01022	0.01623	0.01924	0.07213	0.06853	0.70244	0.01803	0.00842	0.00240	0.00361	0.01503	0.00661	0.00601
35	0.01472	0.03167	0.54740	0.02312	0.11625	0.01628	0.05203	0.02250	0.03768	0.02273	0.01446	0.04340	0.01124	0.00736	0.00697	0.00227	0.00992	0.00619	0.00337	0.01043
36	0.01507	0.03176	0.52920	0.02465	0.11643	0.01680	0.12097	0.02250	0.01544	0.02268	0.01309	0.01597	0.00956	0.00660	0.00704	0.00226	0.01048	0.00586	0.00316	0.01048
37	0.00868	0.00620	0.00826	0.00991	0.01033	0.00578	0.00661	0.00991	0.01363	0.01818	0.03925	0.74510	0.04710	0.02231	0.00909	0.00289	0.00413	0.02024	0.00661	0.00578
38	0.01327	0.00664	0.00664	0.00664	0.00830	0.00664	0.00498	0.01659	0.01493	0.02655	0.02323	0.02655	0.01825	0.00830	0.00498	0.00166	0.00332	0.00664	0.78928	0.00664
39	0.01803	0.01609	0.01716	0.01670	0.06717	0.04343	0.01211	0.03636	0.62006	0.02887	0.02722	0.02543	0.02054	0.00934	0.00720	0.00237	0.00610	0.00780	0.00685	0.01116
40	0.01428	0.03683	0.71286	0.02030	0.03082	0.01654	0.02631	0.02255	0.01503	0.02255	0.01278	0.01503	0.00902	0.00677	0.00677	0.00226	0.01052	0.00526	0.00301	0.01052
41	0.01035	0.00694	0.00794	0.00794	0.00801	0.00700	0.00454	0.01047	0.01041	0.01394	0.02227	0.04569	0.02550	0.71597	0.06949	0.00712	0.00749	0.01022	0.00429	0.00441
42	0.01477	0.01266	0.01477	0.01055	0.01687	0.00949	0.00844	0.01793	0.01477	0.02320	0.01266	0.01477	0.01055	0.00527	0.00527	0.00105	0.00527	0.00422	0.00422	0.79328
43	0.02589	0.01998	0.02226	0.01980	0.10608	0.04190	0.01456	0.58137	0.03097	0.04142	0.01646	0.01704	0.01192	0.00824	0.00709	0.00213	0.00806	0.00635	0.00658	0.01189
44	0.01771	0.01530	0.01610	0.01449	0.01852	0.01771	0.01127	0.03784	0.69247	0.02979	0.02898	0.02657	0.02174	0.00966	0.00725	0.00242	0.00564	0.00805	0.00725	0.01127
45	0.01311	0.00994	0.01177	0.01065	0.01336	0.01003	0.00816	0.02108	0.20764	0.05095	0.43757	0.04342	0.07057	0.01266	0.00788	0.00224	0.00419	0.01099	0.00749	0.04631
46	0.01008	0.00728	0.00952	0.00896	0.01064	0.00672	0.00672	0.01344	0.02016	0.02855	0.70158	0.05319	0.06719	0.01456	0.00840	0.00224	0.00336	0.01288	0.00784	0.00672
47	0.00865	0.00628	0.00817	0.00968	0.01027	0.00580	0.00651	0.00994	0.01386	0.01827	0.04208	0.68675	0.10362	0.02194	0.00903	0.00285	0.00409	0.01979	0.00661	0.00580
48	0.00865	0.00628	0.00817	0.00968	0.01027	0.00580	0.00651	0.00994	0.01386	0.01827	0.04208	0.68682	0.10355	0.02194	0.00903	0.00285	0.00409	0.01979	0.00661	0.00580
49	0.01904	0.75404	0.03731	0.01218	0.01828	0.02818	0.01218	0.02132	0.01447	0.01675	0.00990	0.01142	0.00914	0.00609	0.00457	0.00152	0.00761	0.00381	0.00305	0.00914
50	0.01558	0.01558	0.02181	0.01869	0.01869	0.02181	0.01558	0.01714	0.01091	0.01714	0.00935	0.01558	0.00935	0.01246	0.02337	0.00312	0.73672	0.00623	0.00312	0.00779
51	0.01244	0.00726	0.00975	0.01043	0.01176	0.00667	0.00744	0.01413	0.01518	0.12428	0.07692	0.56193	0.04351	0.01966	0.00879	0.00277	0.00450	0.04873	0.00702	0.00684
52	0.32094	0.01274	0.01425	0.01143	0.01652	0.01254	0.00943	0.02952	0.01727	0.45506	0.02125	0.01947	0.01390	0.00798	0.00612	0.00220	0.00585	0.00592	0.00716	0.01046
53	0.01036	0.00690	0.00777	0.00777	0.00777	0.00690	0.00431	0.01036	0.01036	0.01381	0.02244	0.04660	0.02589	0.74975	0.03624	0.00690	0.00690	0.01036	0.00431	0.00431
54	0.01327	0.00664	0.00664	0.00664	0.00830	0.00664	0.00498	0.01659	0.01493	0.02655	0.02323	0.02655	0.01825	0.00830	0.00498	0.00166	0.00332	0.00664	0.78928	0.00664
55	0.01744	0.01673	0.02857	0.07368	0.67678	0.01687	0.02176	0.02169	0.01613	0.02304	0.01336	0.01768	0.01120	0.00638	0.00705	0.00213	0.00850	0.00634	0.00351	0.01113
56	0.01459	0.01215	0.01425	0.01056	0.01615	0.00962	0.00840	0.04612	0.01640	0.02496	0.11770	0.02072	0.01924	0.00683	0.00583	0.00128	0.00509	0.00563	0.00490	0.63959
57	0.01528	0.01296	0.01504	0.01079	0.01709	0.01002	0.00865	0.04591	0.01555	0.02412	0.01284	0.01486	0.01061	0.00541	0.00535	0.00110	0.00538	0.00431	0.00434	0.76035
58	0.01493	0.01838	0.15843	0.01763	0.10123	0.05197	0.01421	0.04247	0.20431	0.02413	0.05166	0.13469	0.11272	0.01165	0.00754	0.00237	0.00687	0.00992	0.00557	0.00932
59	0.02661	0.03351	0.02022	0.01828	0.02202	0.69976	0.01375	0.04843	0.02059	0.01827	0.01119	0.01297	0.00926	0.00737	0.00644	0.00184	0.01269	0.00464	0.00377	0.00837
60	0.13669	0.50879	0.09622	0.01247	0.01833	0.02356	0.01259	0.02065	0.01391	0.01961	0.01096	0.01320	0.00965	0.01025	0.06563	0.00254	0.00855	0.00428	0.00331	0.00882
61	0.04784	0.11568	0.60816	0.01893	0.02871	0.01781	0.02396	0.02235	0.01485	0.02230	0.01234	0.01449	0.00898	0.00668	0.00642	0.00217	0.00999	0.00504	0.00307	0.01025
62	0.01797	0.10046	0.52117	0.01813	0.02731	0.01653	0.02207	0.02466	0.01596	0.14792	0.01531	0.01638	0.01061	0.00708	0.00663	0.00218	0.00943	0.00547	0.00407	0.01068
63	0.07463	0.01894	0.05132	0.14772	0.19682	0.08756	0.01657	0.18551	0.07815	0.05145	0.01550	0.01772	0.01173	0.00752	0.00684	0.00218	0.00848	0.00614	0.00489	0.01034
64	0.01207	0.03182	0.01599	0.10742	0.04893	0.01057	0.07181	0.03315	0.04330	0.02038	0.02850	0.42616	0.03145	0.01548	0.00813	0.00253	0.00609	0.01417	0.00551	0.06654
65	0.11773	0.01234	0.01461	0.01200	0.01649	0.01215	0.00968	0.06457	0.12327	0.36256	0.12207	0.02865	0.05301	0.00987	0.00707	0.00225	0.00554	0.00800	0.00772	0.01044
66	0.01023	0.00702	0.00856	0.00865	0.00894	0.00726	0.00540	0.01083	0.01076	0.01461	0.02262	0.07972	0.02532	0.56549	0.17820	0.00764	0.00930	0.01031	0.00433	0.00482
67	0.02620	0.01952	0.02088	0.01621	0.02175	0.02168	0.01333	0.62215	0.09432	0.04348	0.01819	0.01797	0.01300	0.00865	0.00713	0.00216	0.00763	0.00656	0.00713	0.01203
68	0.01830	0.05194	0.30446	0.02315	0.08258	0.12392	0.16481	0.02388	0.01639	0.06449	0.01360	0.01631	0.01017	0.00706	0.00793	0.00223	0.04914	0.00605	0.00365	0.00995
69	0.00868	0.00620	0.00826	0.00991	0.01033	0.00578	0.00661	0.00991	0.01363	0.01818	0.03925	0.74510	0.04710	0.02231	0.00909	0.00289	0.00413	0.02024	0.00661	0.00578
70	0.00910	0.00650	0.00875	0.01040	0.01100	0.00615	0.00735	0.01065	0.01405	0.01865	0.03901	0.64393	0.04616	0.02191	0.00920	0.00295	0.00450	0.11722	0.00660	0.00590
71	0.01802	0.02008	0.08365	0.06592	0.52360	0.08961	0.02103	0.02224	0.01622	0.02214	0.01289	0.01689	0.01072	0.00677	0.00766	0.00215	0.04025	0.00607	0.00346	0.01062
72	0.00868	0.00620	0.00826	0.00991	0.01033	0.00578	0.00661	0.00991	0.01363	0.01818	0.03925	0.74510	0.04710	0.02231	0.00909	0.00289	0.00413	0.02024	0.00661	0.00578
73	0.02733	0.01953	0.02111	0.01619	0.02188	0.02147	0.01337	0.64731	0.03279	0.08014	0.01768	0.01747	0.01240	0.00856	0.00713	0.00214	0.00774	0.00645	0.00721	0.01211
74	0.04412	0.01435	0.05001	0.58518	0.06430	0.01630	0.01896	0.05460	0.04478	0.02097	0.01353	0.01873	0.01013	0.00725	0.00701	0.00234	0.00910	0.00627	0.00360	0.00848
75	0.01035	0.00693	0.00791	0.00791	0.00797	0.00698	0.00450	0.01045	0.01040	0.01392	0.02230	0.04585	0.02556	0.72163	0.06391	0.00709	0.00739	0.01025	0.00429	0.00440
76	0.01517	0.01290	0.01498	0.01074	0.01705	0.00991	0.00861	0.03982	0.01538	0.02392	0.01280	0.01484	0.01060	0.00538	0.00533	0.00109	0.00536	0.00429	0.00431	0.76751
77	0.01670	0.01995	0.07030	0.02960	0.03695	0.01795	0.65194	0.02280	0.01673	0.02280	0.01434	0.01903	0.01073	0.00603	0.00833	0.00239	0.01194	0.00827	0.00358	0.00964
78	0.00994	0.00727	0.00932	0.00881	0.01055	0.00666	0.00661	0.01316	0.01982	0.02776	0.64793	0.05450	0.12133	0.01485	0.00840	0.00225	0.00338	0.01306	0.00773	0.00666
79	0.01053	0.00816	0.01213	0.01193	0.01311	0.00976	0.00934	0.01301	0.01141	0.01657	0.01843	0.02715	0.01724	0.05069	0.67517	0.01089	0.06673	0.00754	0.00377	0.00645
80	0.00980	0.00727	0.00914	0.00867	0.01047	0.00660	0.00650	0.01291	0.01951	0.02701	0.59752	0.05573	0.17220	0.01513	0.00840	0.00227	0.00340	0.01323	0.00764	0.00660
81	0.01762	0.01692	0.02890	0.04371	0.70533	0.01692	0.02185	0.02185	0.01621	0.02326	0.01339	0.01762	0.01128	0.00634	0.00705	0.00211	0.00846	0.00634	0.00352	0.01128
82	0.01009	0.00683	0.00781	0.00800	0.00813	0.00674	0.00462	0.01030	0.01093	0.01450	0.02605	0.12936	0.05070	0.64018	0.03214	0.00628	0.00647	0.01167	0.00466	0.00454
83	0.02707	0.01995	0.02137	0.01638	0.02208	0.02208	0.01353	0.68159	0.03348	0.04488	0.01710	0.01710	0.01211	0.00855	0.00712	0.00214	0.00784	0.00641	0.00712	0.01211
84	0.06536	0.01219	0.01626	0.01253	0.01799	0.01071	0.01035	0.03410	0.02002	0.68076	0.02730	0.02369	0.01720	0.00872	0.00704	0.00220	0.00604	0.00702	0.00862	0.01193
85	0.00872	0.00623	0.00830	0.00988	0.01034	0.00581	0.00661	0.01003	0.01384	0.01851	0.06052	0.72288	0.04774	0.02206	0.00907	0.00287	0.00411	0.02001	0.00665	0.00581
86	0.01036	0.00690	0.00777	0.00777	0.00777	0.00690	0.00431	0.01036	0.01036	0.01381	0.02244	0.04660	0.02589	0.74975	0.03624	0.00690	0.00690	0.01036	0.00431	0.00431
87	0.01345	0.01266	0.02136	0.73264	0.04904	0.01582	0.01978	0.01819	0.01424	0.01819	0.01266	0.01898	0.00949	0.00712	0.00712	0.00237	0.00949	0.00633	0.00316	0.00791
88	0.00975	0.00723	0.00909	0.00869	0.01046	0.00657	0.00649	0.01278	0.01929	0.02665	0.57419	0.07778	0.17386	0.01539	0.00842	0.00229	0.00343	0.01347	0.00759	0.00657
89	0.02707	0.01995	0.02137	0.01638	0.02208	0.02208	0.01353	0.68159	0.03348	0.04488	0.01710	0.01710	0.01211	0.00855	0.00712	0.00214	0.00784	0.00641	0.00712	0.01211
90	0.01345	0.01266	0.02136	0.73264	0.04904	0.01582	0.01978	0.01819	0.01424	0.01819	0.01266	0.01898	0.00949	0.00712	0.00712	0.00237	0.00949	0.00633	0.00316	0.00791
91	0.04394	0.01896	0.07325	0.05542	0.07189	0.16732	0.01416	0.05152	0.14513	0.02340	0.02333	0.05743	0.02181	0.01157	0.00768	0.00249	0.00831	0.18824	0.00532	0.00881
92	0.13657	0.01430	0.01792	0.03255	0.02001	0.01299	0.07843	0.09449	0.01691	0.05577	0.01357	0.01551	0.01059	0.00612	0.00580	0.00157	0.00644	0.00502	0.00468	0.45077
93	0.01110	0.00772	0.00950	0.00920	0.01003	0.00808	0.00615	0.03380	0.01176	0.01642	0.02098	0.03829	0.02224	0.46489	0.23967	0.00774	0.01042	0.00908	0.03379	0.02916
94	0.01477	0.01266	0.01477	0.01055	0.01687	0.00949	0.00844	0.01793	0.01477	0.02320	0.01266	0.01477	0.01055	0.00527	0.00527	0.00105	0.00527	0.00422	0.00422	0.79328
95	0.01017	0.00763	0.01144	0.01144	0.01272	0.00890	0.00890	0.01272	0.01144	0.01653	0.01907	0.02797	0.01780	0.05340	0.72153	0.01144	0.01907	0.00763	0.00381	0.00636
96	0.01425	0.04449	0.23717	0.02190	0.02852	0.01507	0.30647	0.01972	0.01547	0.02148	0.01948	0.18435	0.01854	0.00998	0.00795	0.00244	0.00961	0.01003	0.00409	0.00899
97	0.01904	0.75404	0.03731	0.01218	0.01828	0.02818	0.01218	0.02132	0.01447	0.01675	0.00990	0.01142	0.00914	0.00609	0.00457	0.00152	0.00761	0.00381	0.00305	0.00914
98	0.00867	0.00623	0.00823	0.00983	0.01031	0.00579	0.00657	0.00992	0.01371	0.01821	0.04027	0.72399	0.06755	0.02218	0.00907	0.00288	0.00411	0.02008	0.00661	0.00579
99	0.02589	0.01737	0.01932	0.01502	0.02035	0.01857	0.01232	0.47847	0.06484	0.15119	0.06468	0.02109	0.01712	0.00895	0.00717	0.00214	0.00706	0.00699	0.00737	0.03409
100	0.01760	0.07630	0.02303	0.05388	0.02271	0.01565	0.11792	0.07157	0.01628	0.06872	0.01357	0.01635	0.01082	0.00714	0.00883	0.00185	0.11807	0.00563	0.00433	0.32974
101	0.01056	0.00794	0.00992	0.00999	0.01173	0.00733	0.00716	0.03371	0.03734	0.02266	0.20806	0.41792	0.06801	0.01746	0.00835	0.00247	0.00420	0.01559	0.00670	0.09290
102	0.00875	0.00623	0.00824	0.00982	0.01022	0.00583	0.00651	0.00993	0.01349	0.01799	0.03852	0.71472	0.04617	0.05395	0.01027	0.00307	0.00425	0.01981	0.00651	0.00572
103	0.02710	0.01835	0.02026	0.01549	0.02120	0.01962	0.01278	0.54635	0.03044	0.14380	0.01850	0.01804	0.01285	0.00840	0.00702	0.00209	0.00742	0.00640	0.00721	0.05668
104	0.01669	0.02058	0.10597	0.03121	0.14144	0.01769	0.51199	0.02263	0.01654	0.02285	0.01409	0.01855	0.01070	0.00613	0.00803	0.00234	0.01130	0.00777	0.00353	0.00996
105	0.00949	0.00694	0.00891	0.00908	0.01045	0.00636	0.00656	0.01205	0.01778	0.02449	0.43868	0.26635	0.12186	0.01726	0.00861	0.00245	0.00362	0.01534	0.00735	0.00636
106	0.01001	0.00728	0.00943	0.00889	0.01060	0.00669	0.00667	0.01331	0.02000	0.02818	0.67616	0.05381	0.09284	0.01470	0.00840	0.00225	0.00337	0.01296	0.00779	0.00669
107	0.02669	0.01976	0.02116	0.01631	0.02194	0.02191	0.01344	0.65560	0.06009	0.04427	0.01758	0.01748	0.01250	0.00859	0.00713	0.00215	0.00775	0.00648	0.00713	0.01208
108	0.02383	0.01980	0.02134	0.01702	0.02127	0.08710	0.03399	0.43925	0.02643	0.03532	0.01517	0.01687	0.01151	0.00912	0.01022	0.00229	0.15270	0.00627	0.03992	0.01058
109	0.01032	0.00706	0.00856	0.00856	0.00884	0.00734	0.00531	0.01087	0.01059	0.01440	0.02171	0.04255	0.02413	0.59854	0.18506	0.00789	0.00955	0.00976	0.00421	0.00476
110	0.80005	0.01377	0.01047	0.00936	0.01377	0.01597	0.00771	0.02093	0.01212	0.03195	0.00991	0.01157	0.00771	0.00661	0.00441	0.00220	0.00551	0.00386	0.00441	0.00771
111	0.03103	0.01191	0.01623	0.01251	0.01786	0.01031	0.01031	0.03381	0.02037	0.68153	0.05648	0.02546	0.01972	0.00906	0.00721	0.00220	0.00595	0.00740	0.00877	0.01189
112	0.02473	0.05347	0.02093	0.03771	0.02225	0.59922	0.01409	0.02662	0.01876	0.01739	0.01082	0.01328	0.00920	0.00789	0.00835	0.00199	0.09670	0.00480	0.00357	0.00822
113	0.01351	0.01275	0.02137	0.71019	0.04809	0.01601	0.01964	0.01816	0.01413	0.01816	0.01255	0.01888	0.00949	0.00729	0.00763	0.00240	0.03236	0.00633	0.00316	0.00791
114	0.00968	0.00726	0.00896	0.00854	0.01039	0.00655	0.00640	0.01266	0.01921	0.02631	0.54982	0.05689	0.22035	0.01540	0.00840	0.00228	0.00342	0.01340	0.00754	0.00655
115	0.01125	0.00808	0.01119	0.01277	0.01439	0.00802	0.01106	0.01439	0.01627	0.02111	0.03903	0.10673	0.06546	0.01972	0.00975	0.00323	0.00635	0.60814	0.00656	0.00651
116	0.01237	0.00618	0.00928	0.00928	0.00928	0.00618	0.00618	0.00928	0.00928	0.01237	0.01237	0.02165	0.01237	0.02474	0.02783	0.79283	0.00618	0.00618	0.00309	0.00309
117	0.80005	0.01377	0.01047	0.00936	0.01377	0.01597	0.00771	0.02093	0.01212	0.03195	0.00991	0.01157	0.00771	0.00661	0.00441	0.00220	0.00551	0.00386	0.00441	0.00771
