[name]
unknown

[dist]
# distance from previous block
# <min> <max>
0	50

[block]
# block no. 0 follows, 27 sequences, length 21
# corresponding to MSA columns:
# 50-70
name=unknown_A
#
# <colnr> <probs for GDERKNQSTAVLIFYWHMCP>
#	G	D	E	R	K	N	Q	S	T	A	V	L	I	F	Y	W	H	M	C	P
0	0.04724	0.15598	0.02078	0.05145	0.01981	0.04629	0.01181	0.10862	0.05693	0.20118	0.11999	0.03006	0.02468	0.01027	0.00724	0.00226	0.00696	0.06172	0.00665	0.01010
1	0.01765	0.07950	0.04361	0.05485	0.01831	0.01236	0.01077	0.08831	0.01799	0.14399	0.02779	0.31509	0.02801	0.01413	0.00781	0.00240	0.00614	0.01225	0.00638	0.09265
2	0.11591	0.14998	0.10091	0.04124	0.22583	0.07160	0.01728	0.11673	0.04732	0.02705	0.01385	0.01613	0.01103	0.00723	0.00649	0.00212	0.00866	0.00565	0.00435	0.01062
3	0.01602	0.01350	0.02170	0.53741	0.04331	0.01600	0.04474	0.02244	0.08616	0.07506	0.01730	0.04483	0.01330	0.00832	0.00756	0.00248	0.00910	0.00743	0.00436	0.00897
4	0.01879	0.01884	0.02842	0.11648	0.55952	0.08313	0.02175	0.02302	0.01707	0.02310	0.01364	0.01805	0.01135	0.00680	0.00730	0.00221	0.00937	0.00644	0.00365	0.01108
5	0.01645	0.02021	0.11154	0.09947	0.11220	0.01786	0.37685	0.02207	0.01639	0.02268	0.01548	0.05531	0.01279	0.00782	0.00935	0.00252	0.05904	0.00840	0.00375	0.00982
6	0.03548	0.01611	0.01536	0.01596	0.06450	0.16358	0.01133	0.09411	0.01920	0.06167	0.03037	0.26159	0.06841	0.01520	0.00831	0.00259	0.00751	0.09428	0.00612	0.00830
7	0.00938	0.00760	0.00836	0.00832	0.01059	0.00658	0.00633	0.01175	0.01794	0.02257	0.22436	0.06820	0.50044	0.01800	0.00885	0.00252	0.00387	0.05065	0.00721	0.00648
8	0.01583	0.00868	0.01142	0.01033	0.01293	0.00780	0.00788	0.01881	0.01997	0.19222	0.41014	0.13724	0.08705	0.01495	0.00853	0.00242	0.00431	0.01308	0.00819	0.00822
9	0.02596	0.01846	0.02020	0.01598	0.02118	0.02012	0.01298	0.54707	0.03143	0.07816	0.02149	0.11294	0.01776	0.01082	0.00770	0.00234	0.00756	0.00863	0.00745	0.01175
10	0.03081	0.01350	0.01733	0.01350	0.01903	0.01248	0.01108	0.10376	0.06194	0.55822	0.03008	0.02660	0.04695	0.00963	0.00752	0.00231	0.00638	0.00779	0.00880	0.01231
11	0.00909	0.00655	0.00862	0.01018	0.01075	0.00608	0.00684	0.01050	0.01460	0.01943	0.06846	0.67931	0.07661	0.02275	0.00942	0.00297	0.00425	0.02057	0.00694	0.00608
12	0.01701	0.00910	0.00960	0.00866	0.01121	0.00928	0.00673	0.10305	0.01846	0.07510	0.02373	0.02624	0.01815	0.00872	0.00563	0.00183	0.00426	0.00693	0.62826	0.00804
13	0.01837	0.01764	0.03013	0.04557	0.69279	0.01764	0.02278	0.02278	0.01690	0.02425	0.01396	0.01837	0.01176	0.00661	0.00735	0.00220	0.00882	0.00661	0.00367	0.01176
14	0.01569	0.01480	0.02108	0.12809	0.02372	0.01983	0.01581	0.05037	0.01319	0.01941	0.01216	0.01874	0.01119	0.01807	0.11969	0.00433	0.47537	0.00673	0.00357	0.00815
15	0.01022	0.00724	0.00925	0.04560	0.01188	0.00721	0.00680	0.01124	0.01288	0.01711	0.03168	0.36074	0.03700	0.33885	0.02193	0.00486	0.00600	0.04836	0.00565	0.00551
16	0.02814	0.02036	0.02138	0.01664	0.02230	0.05833	0.01365	0.55003	0.03207	0.10899	0.01869	0.01869	0.01322	0.01036	0.02978	0.00253	0.00864	0.00670	0.00730	0.01222
17	0.01115	0.00819	0.01034	0.01120	0.01243	0.00813	0.00804	0.05033	0.06091	0.02274	0.10734	0.52333	0.04698	0.02049	0.00922	0.00290	0.00474	0.06750	0.00710	0.00695
18	0.01808	0.59628	0.03360	0.01273	0.01787	0.02561	0.01205	0.02026	0.01475	0.01770	0.01475	0.11735	0.01530	0.00918	0.00653	0.00189	0.04681	0.00660	0.00372	0.00894
19	0.01943	0.01520	0.01785	0.01343	0.01910	0.01431	0.01093	0.16500	0.01967	0.06888	0.01481	0.01662	0.01166	0.00731	0.00813	0.00166	0.08546	0.00532	0.00524	0.47999
20	0.06213	0.01729	0.06607	0.02554	0.26730	0.06106	0.01588	0.08145	0.01899	0.11404	0.07009	0.12539	0.02197	0.01034	0.00757	0.00234	0.00766	0.00901	0.00557	0.01030

[dist]
# distance from previous block
# <min> <max>
3	8

[block]
# block no. 1 follows, 27 sequences, length 16
# corresponding to MSA columns:
# 79-94
name=unknown_B
#
# <colnr> <probs for GDERKNQSTAVLIFYWHMCP>
#	G	D	E	R	K	N	Q	S	T	A	V	L	I	F	Y	W	H	M	C	P
0	0.08368	0.03110	0.03737	0.03548	0.05464	0.01215	0.01115	0.08552	0.01892	0.20176	0.07996	0.19578	0.02786	0.01270	0.00771	0.00242	0.00615	0.03471	0.00681	0.05411
1	0.11077	0.20118	0.33987	0.01858	0.06313	0.01964	0.03852	0.02295	0.03667	0.02388	0.05004	0.01718	0.01322	0.00736	0.00638	0.00216	0.00895	0.00563	0.00379	0.01009
2	0.07463	0.08944	0.02164	0.05781	0.10932	0.18093	0.01392	0.16651	0.02132	0.02800	0.06531	0.01960	0.01580	0.00844	0.00730	0.00211	0.03340	0.00630	0.06857	0.00967
3	0.01915	0.64433	0.13203	0.01389	0.02089	0.02767	0.01477	0.02241	0.01517	0.01832	0.01074	0.01244	0.00951	0.00645	0.00509	0.00170	0.00837	0.00418	0.00317	0.00973
4	0.00922	0.00735	0.00805	0.00823	0.01012	0.00641	0.00592	0.01108	0.01658	0.02075	0.14955	0.16430	0.45731	0.07804	0.01125	0.00294	0.00409	0.01576	0.00687	0.00619
5	0.01903	0.01656	0.02668	0.11450	0.48966	0.01710	0.02032	0.02537	0.09662	0.07541	0.01699	0.02017	0.01336	0.00731	0.00739	0.00228	0.00840	0.00689	0.00452	0.01143
6	0.02549	0.02000	0.02071	0.01661	0.02199	0.04757	0.01346	0.46958	0.21324	0.04134	0.02102	0.02040	0.01530	0.00919	0.00743	0.00230	0.00773	0.00709	0.00733	0.01223
7	0.01074	0.00771	0.00989	0.01083	0.01172	0.00766	0.00748	0.06032	0.01537	0.02062	0.03630	0.57761	0.04240	0.07146	0.06860	0.00396	0.00606	0.01826	0.00654	0.00648
8	0.01238	0.00834	0.01095	0.01066	0.01236	0.00915	0.00823	0.05161	0.01501	0.02271	0.07648	0.05461	0.02362	0.03640	0.40573	0.00764	0.01309	0.00852	0.20546	0.00706
9	0.05840	0.01181	0.01310	0.01218	0.01499	0.01247	0.00916	0.15678	0.12709	0.04420	0.05459	0.29551	0.09937	0.04346	0.00940	0.00280	0.00554	0.01352	0.00699	0.00863
10	0.02332	0.12496	0.04533	0.04506	0.10735	0.38839	0.01544	0.02861	0.11198	0.02085	0.01439	0.01612	0.01168	0.00766	0.00667	0.00202	0.01083	0.00549	0.00420	0.00963
11	0.00921	0.00754	0.00813	0.00798	0.01030	0.00645	0.00599	0.01151	0.01796	0.02253	0.23139	0.06737	0.53206	0.01788	0.00877	0.00246	0.00369	0.01510	0.00722	0.00645
12	0.01061	0.00815	0.01134	0.04051	0.07242	0.00803	0.00879	0.01301	0.03747	0.02008	0.07263	0.52445	0.04278	0.07925	0.01144	0.00321	0.00516	0.01755	0.00637	0.00674
13	0.02004	0.01965	0.07189	0.03767	0.50928	0.07241	0.02085	0.02433	0.01740	0.08681	0.01536	0.01880	0.01227	0.00860	0.03060	0.00252	0.00946	0.00652	0.00418	0.01136
14	0.02793	0.01863	0.06088	0.01696	0.04715	0.01810	0.01398	0.34508	0.08143	0.25832	0.02221	0.02098	0.01512	0.00890	0.00742	0.00228	0.00756	0.00701	0.00762	0.01242
15	0.02920	0.02005	0.02121	0.01644	0.02221	0.06152	0.01349	0.50504	0.03138	0.17385	0.01971	0.01903	0.01358	0.00889	0.00739	0.00222	0.00811	0.00672	0.00756	0.01239

[dist]
# distance from previous block
# <min> <max>
2	9

[block]
# block no. 2 follows, 27 sequences, length 15
# corresponding to MSA columns:
# 104-118
name=unknown_C
#
# <colnr> <probs for GDERKNQSTAVLIFYWHMCP>
#	G	D	E	R	K	N	Q	S	T	A	V	L	I	F	Y	W	H	M	C	P
0	0.02457	0.12364	0.02563	0.01881	0.02362	0.34778	0.07977	0.13970	0.07842	0.02472	0.01434	0.01595	0.01139	0.00794	0.00742	0.00208	0.03398	0.00577	0.00466	0.00983
1	0.02029	0.40818	0.10736	0.01520	0.02092	0.15802	0.01454	0.04765	0.01729	0.02029	0.05872	0.01613	0.01389	0.00775	0.00681	0.00190	0.04667	0.00520	0.00381	0.00938
2	0.09434	0.17060	0.50459	0.01839	0.02784	0.01950	0.02266	0.02309	0.01525	0.02335	0.01245	0.01459	0.00929	0.00690	0.00637	0.00220	0.00986	0.00505	0.00329	0.01040
3	0.01015	0.00727	0.00946	0.00951	0.01080	0.00677	0.00680	0.01285	0.01856	0.02593	0.47674	0.22833	0.06168	0.06799	0.01097	0.00285	0.00397	0.01520	0.00759	0.00658
4	0.01335	0.01093	0.01222	0.01290	0.01472	0.05835	0.01005	0.05061	0.08149	0.02309	0.06131	0.32238	0.04044	0.01886	0.00923	0.00296	0.00616	0.23672	0.00680	0.00743
5	0.01829	0.01788	0.03151	0.04412	0.62669	0.01775	0.08778	0.02288	0.01697	0.02421	0.01407	0.01854	0.01171	0.00658	0.00749	0.00223	0.00919	0.00683	0.00368	0.01158
6	0.01289	0.00645	0.00967	0.00967	0.00967	0.00645	0.00645	0.00967	0.00967	0.01289	0.01289	0.02257	0.01289	0.02579	0.02901	0.78401	0.00645	0.00645	0.00322	0.00322
7	0.00940	0.00745	0.00849	0.00868	0.01067	0.00654	0.00648	0.01168	0.01756	0.02239	0.21824	0.15877	0.41674	0.01862	0.00894	0.00258	0.00394	0.04920	0.00720	0.00644
8	0.08612	0.13546	0.24618	0.08773	0.02668	0.04046	0.01783	0.08263	0.08323	0.10123	0.01639	0.01758	0.01196	0.00769	0.00664	0.00223	0.00875	0.00583	0.00480	0.01056
9	0.01067	0.00730	0.00883	0.00893	0.00919	0.00752	0.00551	0.01123	0.01119	0.01516	0.02366	0.08094	0.02659	0.57486	0.16086	0.00786	0.00940	0.01081	0.00453	0.00497
10	0.03180	0.01329	0.01742	0.01355	0.01917	0.01211	0.01113	0.06514	0.07828	0.61122	0.02885	0.02514	0.01848	0.00925	0.00747	0.00231	0.00636	0.00751	0.00897	0.01256
11	0.01743	0.14399	0.50870	0.01932	0.02891	0.01987	0.02339	0.10944	0.01815	0.02570	0.01346	0.01538	0.00985	0.00719	0.00675	0.00222	0.01013	0.00541	0.00371	0.01097
12	0.23916	0.04074	0.01868	0.01493	0.02000	0.16000	0.01207	0.26221	0.04738	0.09437	0.01573	0.01619	0.01153	0.00809	0.00643	0.00218	0.00831	0.00562	0.00596	0.01042
13	0.01051	0.00712	0.00838	0.00865	0.00879	0.00712	0.00512	0.01085	0.01139	0.01526	0.02597	0.15554	0.03003	0.59087	0.06825	0.00678	0.00740	0.01227	0.00485	0.00485
14	0.01633	0.01350	0.01561	0.01164	0.01764	0.01108	0.00925	0.09317	0.01755	0.02636	0.01611	0.07729	0.01445	0.00742	0.00606	0.00139	0.00571	0.00609	0.00496	0.62838

[dist]
# distance from previous block
# <min> <max>
0	3

[block]
# block no. 3 follows, 27 sequences, length 88
# corresponding to MSA columns:
# 122-209
name=unknown_D
#
# <colnr> <probs for GDERKNQSTAVLIFYWHMCP>
#	G	D	E	R	K	N	Q	S	T	A	V	L	I	F	Y	W	H	M	C	P
0	0.12138	0.12504	0.13678	0.02793	0.27084	0.01952	0.08310	0.05156	0.05098	0.02564	0.01397	0.01679	0.01112	0.00693	0.00672	0.00220	0.00882	0.00602	0.00401	0.01068
1	0.02882	0.15539	0.02176	0.01359	0.01930	0.01614	0.01158	0.07987	0.08790	0.45069	0.02487	0.02238	0.01668	0.00871	0.00695	0.00218	0.00672	0.00682	0.00773	0.01194
2	0.01607	0.00954	0.01041	0.04762	0.01334	0.01009	0.00751	0.12414	0.01835	0.02938	0.02220	0.02632	0.01762	0.03883	0.00770	0.02491	0.00483	0.00701	0.55640	0.00773
3	0.01295	0.05225	0.01243	0.01046	0.01167	0.01080	0.00732	0.07499	0.01464	0.01958	0.05368	0.16131	0.04986	0.38524	0.04262	0.00519	0.05176	0.01172	0.00526	0.00628
4	0.21989	0.09541	0.14571	0.02297	0.20561	0.04784	0.01686	0.04322	0.01657	0.10052	0.01423	0.01612	0.01080	0.00713	0.00631	0.00219	0.00823	0.00548	0.00449	0.01041
5	0.08376	0.01344	0.01536	0.01252	0.01703	0.05255	0.01007	0.08202	0.02153	0.37251	0.18201	0.03160	0.05182	0.01063	0.00755	0.00228	0.00610	0.00866	0.00806	0.01051
6	0.00911	0.00660	0.00848	0.00995	0.01055	0.00612	0.00664	0.01039	0.01428	0.01881	0.04317	0.63490	0.10784	0.06183	0.01095	0.00320	0.00441	0.02003	0.00676	0.00597
7	0.02211	0.02630	0.11823	0.02598	0.20941	0.23896	0.01825	0.13635	0.02088	0.02562	0.01577	0.01814	0.03565	0.00820	0.00808	0.00220	0.04887	0.00621	0.00439	0.01040
8	0.11337	0.02296	0.24378	0.12529	0.21747	0.01674	0.06936	0.02196	0.01595	0.02467	0.04961	0.01902	0.01337	0.00734	0.00710	0.00233	0.00927	0.00645	0.00381	0.01015
9	0.00903	0.00652	0.00856	0.01019	0.01073	0.00604	0.00682	0.01035	0.01436	0.01901	0.04276	0.69857	0.08360	0.02302	0.00944	0.00299	0.00428	0.02081	0.00689	0.00604
10	0.02741	0.06466	0.02178	0.01886	0.02279	0.68119	0.01428	0.02934	0.02079	0.01814	0.01143	0.01333	0.00956	0.00760	0.00661	0.00190	0.01316	0.00475	0.00380	0.00864
11	0.05292	0.15020	0.34838	0.01913	0.06461	0.01787	0.04758	0.02316	0.03958	0.05989	0.05437	0.05820	0.01620	0.00845	0.00691	0.00225	0.00892	0.00689	0.00425	0.01021
12	0.01610	0.17197	0.44607	0.01846	0.02699	0.01965	0.02177	0.02419	0.08120	0.02258	0.01452	0.01670	0.01113	0.00943	0.03574	0.00264	0.04113	0.00562	0.00362	0.01047
13	0.00904	0.00646	0.00861	0.01034	0.01077	0.00603	0.00689	0.01034	0.01421	0.01895	0.04092	0.73426	0.04910	0.02326	0.00948	0.00301	0.00431	0.02110	0.00689	0.00603
14	0.02684	0.01401	0.01705	0.01359	0.01854	0.01375	0.01102	0.20667	0.05098	0.36365	0.08848	0.06486	0.05461	0.01087	0.00774	0.00234	0.00633	0.00891	0.00832	0.01145
15	0.08550	0.08970	0.08542	0.01927	0.10609	0.04481	0.06195	0.02391	0.15108	0.02475	0.05942	0.11828	0.02147	0.01037	0.00796	0.00236	0.03747	0.00875	0.00517	0.03627
16	0.01792	0.01737	0.02822	0.11120	0.57843	0.03991	0.02165	0.02227	0.01700	0.02374	0.04125	0.01986	0.01387	0.00708	0.00739	0.00223	0.00886	0.00683	0.00382	0.01111
17	0.02765	0.02051	0.02196	0.01696	0.02280	0.02275	0.01397	0.63111	0.07277	0.04586	0.01855	0.01840	0.01321	0.00898	0.00743	0.00224	0.00803	0.00678	0.00743	0.01257
18	0.01094	0.00804	0.01030	0.00965	0.01154	0.00763	0.00726	0.01539	0.05687	0.02984	0.65301	0.05394	0.06747	0.01490	0.00869	0.00234	0.00363	0.01315	0.00814	0.00726
19	0.00905	0.00664	0.00851	0.00993	0.01068	0.00609	0.00673	0.01049	0.01479	0.01944	0.06580	0.62467	0.13511	0.02241	0.00936	0.00293	0.00421	0.02014	0.00693	0.00609
20	0.00939	0.00679	0.00892	0.01022	0.01102	0.00631	0.00711	0.01114	0.01546	0.02069	0.13264	0.56892	0.08656	0.02175	0.00938	0.00291	0.00430	0.05322	0.00707	0.00622
21	0.76015	0.04402	0.01205	0.00988	0.01455	0.01717	0.00823	0.02184	0.01273	0.03266	0.01034	0.01205	0.00810	0.00687	0.00460	0.00227	0.00583	0.00402	0.00454	0.00810
22	0.05642	0.09230	0.02299	0.05331	0.08130	0.53146	0.01497	0.02761	0.01955	0.01928	0.01163	0.01394	0.00970	0.00741	0.00654	0.00195	0.01206	0.00492	0.00376	0.00892
23	0.79154	0.01436	0.01091	0.00976	0.01436	0.01665	0.00804	0.02182	0.01263	0.03331	0.01034	0.01206	0.00804	0.00689	0.00459	0.00230	0.00574	0.00402	0.00459	0.00804
24	0.01026	0.00737	0.00933	0.01017	0.01101	0.00716	0.00693	0.03739	0.01506	0.02018	0.08631	0.48357	0.07418	0.12671	0.05452	0.00403	0.00571	0.01744	0.00649	0.00619
25	0.01809	0.01765	0.05494	0.05495	0.32296	0.01796	0.01775	0.03048	0.32702	0.02721	0.02152	0.02267	0.01669	0.00828	0.00743	0.00237	0.00758	0.00739	0.00545	0.01159
26	0.01493	0.01281	0.01453	0.01109	0.01682	0.01057	0.00878	0.02043	0.10534	0.02457	0.02376	0.02452	0.10300	0.00789	0.00621	0.00148	0.00532	0.00644	0.00516	0.57636
27	0.02822	0.02079	0.02228	0.01708	0.02302	0.02302	0.01411	0.66804	0.03490	0.04679	0.01782	0.01782	0.01262	0.00891	0.00743	0.00223	0.00817	0.00668	0.00743	0.01262
28	0.01991	0.03138	0.51444	0.01899	0.02854	0.01552	0.02293	0.02696	0.01719	0.20726	0.01767	0.01829	0.01185	0.00763	0.00717	0.00234	0.00970	0.00603	0.00478	0.01142
29	0.03141	0.01221	0.01662	0.01289	0.01830	0.01059	0.01059	0.03433	0.02123	0.64235	0.08416	0.02778	0.02267	0.00969	0.00757	0.00230	0.00608	0.00796	0.00910	0.01217
30	0.01985	0.74357	0.03890	0.01270	0.01905	0.02937	0.01270	0.02223	0.01508	0.01747	0.01032	0.01191	0.00953	0.00635	0.00476	0.00159	0.00794	0.00397	0.00318	0.00953
31	0.01110	0.00779	0.00972	0.00912	0.01120	0.00701	0.00688	0.01423	0.02016	0.05568	0.53167	0.05757	0.19877	0.01569	0.00871	0.00237	0.00367	0.01365	0.00794	0.00708
32	0.01358	0.00899	0.01010	0.00922	0.01220	0.00799	0.00710	0.05328	0.01903	0.11750	0.14600	0.08254	0.45166	0.01655	0.00853	0.00246	0.00436	0.01388	0.00742	0.00762
33	0.01045	0.00759	0.00984	0.00928	0.01106	0.00698	0.00696	0.01390	0.02088	0.02945	0.66841	0.05599	0.09071	0.01530	0.00876	0.00234	0.00351	0.01350	0.00813	0.00698
34	0.01077	0.00728	0.00852	0.00852	0.00867	0.00743	0.00503	0.01107	0.01092	0.01471	0.02300	0.04643	0.02606	0.66339	0.11222	0.00772	0.00860	0.01048	0.00444	0.00473
35	0.02851	0.01867	0.02084	0.01593	0.02187	0.01976	0.01314	0.50020	0.03095	0.17910	0.01990	0.01921	0.01371	0.00877	0.00732	0.00218	0.00763	0.00671	0.00761	0.05798
36	0.02109	0.01066	0.01379	0.01167	0.01533	0.00992	0.00920	0.04561	0.06852	0.30920	0.30959	0.07619	0.04209	0.01254	0.00813	0.00237	0.00504	0.01077	0.00846	0.00983
37	0.00972	0.00722	0.00905	0.00930	0.01079	0.00656	0.00671	0.01222	0.01811	0.02454	0.36956	0.26966	0.18248	0.01839	0.00898	0.00258	0.00380	0.01624	0.00753	0.00656
38	0.01612	0.01616	0.02338	0.01980	0.02020	0.02213	0.04639	0.01800	0.01167	0.01812	0.01031	0.01683	0.01010	0.01403	0.04533	0.00349	0.66984	0.00665	0.00330	0.00816
39	0.02536	0.01950	0.02072	0.01579	0.02182	0.03870	0.01294	0.50681	0.03020	0.04100	0.01663	0.01716	0.01218	0.00812	0.00698	0.00197	0.00772	0.00613	0.00666	0.18361
40	0.02289	0.01677	0.01849	0.01492	0.01925	0.01847	0.01188	0.47101	0.02794	0.03758	0.01981	0.05314	0.01687	0.11882	0.09372	0.00410	0.00924	0.00801	0.00659	0.01050
41	0.01037	0.00748	0.00982	0.00962	0.01120	0.00693	0.00717	0.01358	0.01999	0.02809	0.58138	0.14500	0.06635	0.01642	0.00890	0.00246	0.00373	0.03669	0.00796	0.00687
42	0.00913	0.00742	0.00809	0.00817	0.01031	0.00638	0.00603	0.01125	0.01739	0.02176	0.18649	0.14018	0.50431	0.01860	0.00885	0.00253	0.00377	0.01584	0.00713	0.00638
43	0.50409	0.03651	0.01513	0.01219	0.01716	0.05871	0.01002	0.15511	0.01848	0.09261	0.01358	0.01446	0.01000	0.00753	0.00555	0.00224	0.00680	0.00491	0.00549	0.00945
44	0.00927	0.00660	0.00877	0.01042	0.01090	0.00621	0.00706	0.01062	0.01422	0.01893	0.04012	0.67272	0.04787	0.05223	0.01067	0.00321	0.00456	0.05284	0.00679	0.00601
45	0.02649	0.01914	0.02188	0.01657	0.02265	0.02020	0.04011	0.50792	0.03059	0.09303	0.01799	0.01817	0.01280	0.00838	0.00723	0.00210	0.00786	0.00653	0.00701	0.11334
46	0.02358	0.22609	0.02597	0.01809	0.05577	0.36643	0.01401	0.06122	0.04280	0.02076	0.03954	0.01581	0.01274	0.00793	0.00711	0.00195	0.04150	0.00531	0.00412	0.00927
47	0.02498	0.01960	0.04844	0.01631	0.02197	0.02048	0.01369	0.46285	0.14466	0.06368	0.02088	0.04591	0.01572	0.00945	0.00744	0.00227	0.00758	0.00741	0.00721	0.03946
48	0.05189	0.46596	0.19095	0.01530	0.02237	0.10436	0.01615	0.02337	0.01581	0.01963	0.01116	0.01297	0.00944	0.00669	0.00552	0.00183	0.00919	0.00442	0.00330	0.00970
49	0.01625	0.01543	0.02608	0.33346	0.34197	0.01691	0.04462	0.02160	0.04299	0.02217	0.01521	0.02167	0.01245	0.00757	0.00754	0.00239	0.00923	0.02867	0.00378	0.01001
50	0.04779	0.07839	0.28737	0.02375	0.09916	0.13813	0.13555	0.02509	0.01721	0.05938	0.01393	0.01647	0.01046	0.00703	0.00710	0.00223	0.01079	0.00602	0.00381	0.01036
51	0.01892	0.01889	0.03030	0.04312	0.61497	0.06129	0.05727	0.02327	0.01720	0.02384	0.01386	0.01815	0.01159	0.00666	0.00738	0.00220	0.00931	0.00662	0.00369	0.01147
52	0.00945	0.00677	0.00872	0.00997	0.01062	0.00634	0.00675	0.01089	0.01465	0.01951	0.09350	0.54084	0.08556	0.10132	0.01253	0.00341	0.00462	0.04183	0.00673	0.00598
53	0.01607	0.01397	0.01735	0.01257	0.01909	0.01122	0.04770	0.04131	0.04488	0.02521	0.01419	0.01628	0.01157	0.00585	0.00584	0.00128	0.00601	0.00490	0.00460	0.68010
54	0.01712	0.01781	0.02321	0.01976	0.02045	0.08060	0.04398	0.01900	0.01247	0.01813	0.01040	0.01652	0.01004	0.01342	0.04106	0.00334	0.61467	0.00649	0.00334	0.00820
55	0.00992	0.00714	0.00940	0.00974	0.01096	0.00661	0.00696	0.01254	0.01829	0.02543	0.42915	0.32755	0.06165	0.01842	0.00904	0.00261	0.00382	0.01650	0.00766	0.00661
56	0.01030	0.00748	0.00962	0.01077	0.01194	0.00712	0.00818	0.01237	0.01553	0.02026	0.07790	0.29777	0.13477	0.10842	0.01305	0.00356	0.00541	0.23269	0.00665	0.00621
57	0.01402	0.01319	0.02227	0.72126	0.05113	0.01649	0.02062	0.01897	0.01484	0.01897	0.01319	0.01979	0.00990	0.00742	0.00742	0.00247	0.00990	0.00660	0.00330	0.00825
58	0.01289	0.00645	0.00967	0.00967	0.00967	0.00645	0.00645	0.00967	0.00967	0.01289	0.01289	0.02257	0.01289	0.02579	0.02901	0.78401	0.00645	0.00645	0.00322	0.00322
59	0.01384	0.00892	0.01160	0.01192	0.01425	0.00853	0.00992	0.01743	0.03990	0.09933	0.12339	0.06858	0.15151	0.04062	0.01028	0.00309	0.00583	0.34633	0.00723	0.00751
60	0.02060	0.56400	0.07074	0.01420	0.02032	0.12298	0.01367	0.02434	0.05498	0.01869	0.01181	0.01325	0.01030	0.00679	0.00532	0.00173	0.00874	0.00442	0.00352	0.00961
61	0.01083	0.00829	0.01237	0.01224	0.01351	0.00983	0.00956	0.01344	0.01191	0.01726	0.01947	0.02864	0.01820	0.05394	0.68182	0.01158	0.04858	0.00789	0.00395	0.00669
62	0.00886	0.00752	0.00764	0.00761	0.01008	0.00631	0.00571	0.01083	0.01713	0.02056	0.10694	0.07062	0.65773	0.01861	0.00877	0.00250	0.00375	0.01555	0.00696	0.00631
63	0.01745	0.01982	0.04266	0.03065	0.03775	0.01899	0.63046	0.02346	0.01719	0.02346	0.01473	0.01982	0.01118	0.00662	0.00961	0.00254	0.05135	0.00864	0.00373	0.00991
64	0.02349	0.02570	0.02027	0.01773	0.02112	0.35552	0.01385	0.12868	0.08802	0.02409	0.01808	0.01975	0.05427	0.00981	0.01038	0.00231	0.14626	0.00646	0.00486	0.00932
65	0.01927	0.01879	0.02932	0.04301	0.62975	0.05847	0.02198	0.04601	0.01778	0.02469	0.01395	0.01806	0.01166	0.00676	0.00731	0.00219	0.00906	0.00651	0.00382	0.01160
66	0.08721	0.02854	0.40300	0.01945	0.02737	0.04512	0.10057	0.02222	0.01620	0.02479	0.08064	0.02025	0.01595	0.00808	0.00781	0.00236	0.03855	0.00661	0.03549	0.00981
67	0.02122	0.41618	0.14773	0.01544	0.02201	0.14584	0.01538	0.02544	0.04538	0.06462	0.01317	0.01439	0.01067	0.00705	0.00580	0.00186	0.00923	0.00480	0.00387	0.00992
68	0.01009	0.00701	0.00843	0.00894	0.00938	0.00674	0.00560	0.01096	0.01326	0.01774	0.09925	0.27903	0.06973	0.39315	0.02404	0.00509	0.00570	0.01473	0.00578	0.00535
69	0.48216	0.04516	0.01467	0.01258	0.04298	0.01699	0.00975	0.12155	0.03838	0.03383	0.10207	0.01943	0.01763	0.00837	0.00579	0.00226	0.00604	0.00592	0.00550	0.00894
70	0.12065	0.24478	0.19430	0.01617	0.02302	0.06139	0.05117	0.02629	0.10850	0.06582	0.01535	0.01643	0.01178	0.00736	0.00620	0.00211	0.00858	0.00550	0.00441	0.01017
71	0.01232	0.00854	0.01110	0.01209	0.03414	0.00811	0.00840	0.03511	0.04312	0.06286	0.07184	0.48492	0.06969	0.01935	0.00895	0.00278	0.00489	0.05402	0.00693	0.04083
72	0.01150	0.00732	0.00857	0.00866	0.00897	0.00718	0.00514	0.01182	0.01176	0.04464	0.02629	0.15120	0.02996	0.59935	0.03220	0.00635	0.00672	0.01221	0.00506	0.00508
73	0.09148	0.02812	0.35906	0.02176	0.05637	0.04555	0.14683	0.02440	0.01646	0.07906	0.01461	0.01695	0.01055	0.00698	0.00710	0.00228	0.01012	0.00610	0.00400	0.05222
74	0.01719	0.01676	0.04637	0.09998	0.41362	0.01610	0.04942	0.02253	0.06147	0.02370	0.01488	0.01889	0.01217	0.00754	0.00804	0.03365	0.00840	0.00648	0.00397	0.11883
75	0.00879	0.00746	0.00758	0.00767	0.01007	0.00625	0.00571	0.01064	0.01677	0.01999	0.07334	0.10754	0.65489	0.01904	0.00881	0.00253	0.00379	0.01596	0.00689	0.00625
76	0.01480	0.01279	0.05354	0.01283	0.01604	0.01160	0.01029	0.14633	0.07103	0.02685	0.05713	0.36826	0.03393	0.01607	0.00834	0.00256	0.00577	0.03285	0.00661	0.09240
77	0.00944	0.00688	0.00889	0.00979	0.01079	0.00633	0.00681	0.01141	0.01640	0.02214	0.22902	0.47929	0.11426	0.02054	0.00921	0.00277	0.00403	0.01841	0.00726	0.00633
78	0.01645	0.03215	0.46551	0.02547	0.12420	0.04990	0.10438	0.02440	0.04410	0.02371	0.01424	0.01698	0.01052	0.00705	0.00731	0.00234	0.01076	0.00614	0.00350	0.01088
79	0.01715	0.01802	0.06563	0.07274	0.48953	0.05318	0.02027	0.02126	0.01657	0.02287	0.01751	0.11794	0.01662	0.00906	0.00760	0.00232	0.00862	0.00847	0.00408	0.01056
80	0.01787	0.05049	0.01506	0.01099	0.01557	0.01041	0.00884	0.03752	0.01897	0.16241	0.24572	0.03126	0.03273	0.00976	0.00700	0.00184	0.00512	0.00820	0.03337	0.27686
81	0.14399	0.01905	0.14397	0.01910	0.05198	0.01489	0.17427	0.02263	0.05099	0.05578	0.11384	0.02309	0.01990	0.00805	0.00718	0.00222	0.00814	0.00736	0.00494	0.10863
82	0.01069	0.00721	0.00807	0.00807	0.00820	0.00715	0.00456	0.01079	0.01113	0.01470	0.02618	0.04981	0.06268	0.70032	0.03622	0.00694	0.00701	0.01106	0.00463	0.00459
83	0.05060	0.23894	0.32754	0.01917	0.07498	0.04424	0.01973	0.04313	0.01669	0.08071	0.01381	0.01544	0.01043	0.00707	0.00634	0.00209	0.00931	0.00525	0.00392	0.01060
84	0.01366	0.01108	0.01297	0.01024	0.01464	0.00886	0.00758	0.01596	0.01418	0.02132	0.01842	0.09564	0.01865	0.18261	0.01361	0.00275	0.00578	0.00761	0.00467	0.51976
85	0.01514	0.01726	0.11509	0.01566	0.02250	0.01204	0.11804	0.01949	0.01568	0.02359	0.01584	0.07650	0.01401	0.00733	0.00658	0.00166	0.00730	0.00666	0.00433	0.48531
86	0.01319	0.01035	0.03529	0.03500	0.11777	0.00924	0.01064	0.01640	0.01830	0.07385	0.32226	0.20741	0.07077	0.01502	0.00853	0.00248	0.00513	0.01342	0.00692	0.00804
87	0.01997	0.01609	0.04783	0.01690	0.05205	0.01519	0.06301	0.18000	0.07983	0.09846	0.02182	0.12925	0.01900	0.01030	0.00806	0.00221	0.03342	0.00876	0.00611	0.17173

[dist]
# distance from previous block
# <min> <max>
41	74

[block]
# block no. 4 follows, 27 sequences, length 8
# corresponding to MSA columns:
# 304-311
name=unknown_E
#
# <colnr> <probs for GDERKNQSTAVLIFYWHMCP>
#	G	D	E	R	K	N	Q	S	T	A	V	L	I	F	Y	W	H	M	C	P
0	0.01790	0.02509	0.26263	0.03494	0.41278	0.01790	0.02375	0.07154	0.01783	0.02569	0.01403	0.01739	0.01101	0.00694	0.00725	0.00226	0.00952	0.00623	0.00377	0.01155
1	0.02027	0.01717	0.02950	0.04021	0.55353	0.01684	0.07109	0.02462	0.01752	0.11274	0.01606	0.01941	0.01259	0.00693	0.00747	0.00224	0.00878	0.00689	0.00441	0.01174
2	0.01985	0.01714	0.02886	0.04237	0.62621	0.01697	0.02161	0.02411	0.01733	0.09082	0.01548	0.01905	0.01241	0.00687	0.00736	0.00221	0.00857	0.00670	0.00422	0.01185
3	0.02105	0.01301	0.01669	0.01490	0.06989	0.01142	0.01088	0.08062	0.01888	0.22194	0.02297	0.11050	0.01950	0.00984	0.00709	0.00198	0.00615	0.03694	0.00643	0.29932
4	0.02273	0.08562	0.01868	0.01245	0.01841	0.01334	0.01033	0.06983	0.04850	0.25326	0.04304	0.02050	0.01604	0.00760	0.00643	0.00174	0.00614	0.00604	0.00637	0.33295
5	0.13265	0.03373	0.55931	0.02000	0.02981	0.01724	0.06033	0.02327	0.01532	0.02501	0.01297	0.01537	0.00930	0.00698	0.00678	0.00235	0.01027	0.00545	0.00339	0.01047
6	0.01952	0.01632	0.02352	0.03020	0.36224	0.01691	0.01712	0.05089	0.22156	0.07967	0.04452	0.02299	0.01772	0.00823	0.00741	0.00228	0.00739	0.00740	0.00561	0.03851
7	0.01696	0.08590	0.49693	0.01833	0.02736	0.01634	0.02221	0.02389	0.01685	0.10274	0.08651	0.02072	0.01689	0.00811	0.00711	0.00228	0.00940	0.00644	0.00438	0.01064

[dist]
# distance from previous block
# <min> <max>
1	4

[block]
# block no. 5 follows, 27 sequences, length 59
# corresponding to MSA columns:
# 316-374
name=unknown_F
#
# <colnr> <probs for GDERKNQSTAVLIFYWHMCP>
#	G	D	E	R	K	N	Q	S	T	A	V	L	I	F	Y	W	H	M	C	P
0	0.04567	0.20814	0.32077	0.01933	0.06746	0.10797	0.01972	0.04632	0.01717	0.06375	0.01341	0.01516	0.01021	0.00712	0.00641	0.00209	0.00984	0.00520	0.00383	0.01042
1	0.01801	0.01718	0.02890	0.07169	0.62467	0.01712	0.02184	0.02237	0.01673	0.02403	0.01388	0.01825	0.01163	0.00658	0.00724	0.00215	0.00866	0.00648	0.00370	0.05888
2	0.01813	0.46797	0.25532	0.01749	0.06455	0.02468	0.01815	0.02268	0.01539	0.01986	0.01153	0.01354	0.00962	0.00660	0.00567	0.00188	0.00899	0.00463	0.00319	0.01014
3	0.02034	0.06412	0.06646	0.03409	0.43506	0.08600	0.01953	0.02500	0.03997	0.08814	0.03954	0.01962	0.01435	0.00739	0.00718	0.00217	0.00882	0.00659	0.00445	0.01118
4	0.01577	0.16422	0.58257	0.01965	0.02980	0.01941	0.02480	0.02328	0.01557	0.02243	0.01279	0.01500	0.00943	0.00693	0.00664	0.00221	0.01043	0.00522	0.00314	0.01071
5	0.00939	0.00709	0.00867	0.00923	0.01064	0.00638	0.00656	0.01149	0.01696	0.02239	0.23730	0.34531	0.24237	0.01963	0.00906	0.00267	0.00392	0.01731	0.00726	0.00638
6	0.02681	0.07413	0.02310	0.01638	0.02239	0.02269	0.01368	0.58025	0.03224	0.04322	0.01698	0.01723	0.01229	0.00851	0.00711	0.00211	0.00799	0.00634	0.00692	0.05961
7	0.01044	0.00759	0.00983	0.00927	0.01105	0.00698	0.00695	0.01388	0.02086	0.02941	0.66613	0.05605	0.09302	0.01531	0.00876	0.00234	0.00351	0.01351	0.00812	0.00698
8	0.02762	0.02050	0.02194	0.01696	0.02279	0.02274	0.01397	0.62959	0.07432	0.04582	0.01858	0.01843	0.01324	0.00898	0.00743	0.00225	0.00803	0.00679	0.00743	0.01257
9	0.00919	0.00656	0.00878	0.01050	0.01099	0.00615	0.00714	0.01058	0.01435	0.01911	0.04084	0.70267	0.04879	0.02312	0.00951	0.00303	0.00443	0.05130	0.00689	0.00607
10	0.00904	0.00646	0.00861	0.01034	0.01077	0.00603	0.00689	0.01034	0.01421	0.01895	0.04092	0.73426	0.04910	0.02326	0.00948	0.00301	0.00431	0.02110	0.00689	0.00603
11	0.02482	0.02987	0.02386	0.02734	0.23100	0.49447	0.01697	0.02751	0.01975	0.02006	0.01225	0.01494	0.01024	0.00733	0.00690	0.00200	0.01197	0.00535	0.00378	0.00959
12	0.00882	0.00733	0.00772	0.00802	0.01016	0.00622	0.00586	0.01060	0.01644	0.01986	0.06909	0.18971	0.57547	0.01960	0.00890	0.00260	0.00386	0.01664	0.00689	0.00622
13	0.01743	0.01970	0.04258	0.05641	0.06117	0.01865	0.62122	0.02357	0.01741	0.02362	0.01492	0.01996	0.01123	0.00631	0.00867	0.00249	0.01230	0.00861	0.00374	0.01001
14	0.01010	0.00757	0.00935	0.00891	0.01084	0.00683	0.00668	0.01321	0.02004	0.02747	0.54360	0.05924	0.21676	0.01603	0.00876	0.00238	0.00356	0.01396	0.00787	0.00683
15	0.79154	0.01436	0.01091	0.00976	0.01436	0.01665	0.00804	0.02182	0.01263	0.03331	0.01034	0.01206	0.00804	0.00689	0.00459	0.00230	0.00574	0.00402	0.00459	0.00804
16	0.01073	0.00869	0.01203	0.05335	0.01470	0.00970	0.00937	0.01247	0.01428	0.01961	0.08479	0.51100	0.04144	0.01987	0.01196	0.00297	0.13325	0.01705	0.00613	0.00661
17	0.00877	0.00752	0.00752	0.00752	0.01003	0.00627	0.00564	0.01065	0.01692	0.02005	0.07520	0.07144	0.68978	0.01880	0.00877	0.00251	0.00376	0.01567	0.00689	0.00627
18	0.01523	0.01424	0.02179	0.53217	0.12970	0.04875	0.01915	0.01982	0.01548	0.02044	0.01425	0.02004	0.01098	0.00744	0.00717	0.00234	0.00932	0.00654	0.07655	0.00860
19	0.01895	0.01782	0.02967	0.04391	0.65373	0.01795	0.02228	0.06041	0.01795	0.02557	0.01419	0.01834	0.01181	0.00675	0.00735	0.00221	0.00878	0.00662	0.00389	0.01181
20	0.03312	0.01294	0.01742	0.01335	0.01910	0.01136	0.01103	0.05959	0.02175	0.67381	0.02886	0.02499	0.01816	0.00918	0.00746	0.00229	0.00639	0.00744	0.00912	0.01263
21	0.01341	0.00740	0.01094	0.05152	0.01270	0.00773	0.00765	0.03349	0.01095	0.01461	0.01336	0.02249	0.01293	0.02528	0.05335	0.68107	0.00723	0.00652	0.00340	0.00398
22	0.01837	0.01764	0.03013	0.04557	0.69279	0.01764	0.02278	0.02278	0.01690	0.02425	0.01396	0.01837	0.01176	0.00661	0.00735	0.00220	0.00882	0.00661	0.00367	0.01176
23	0.01624	0.01624	0.02274	0.01949	0.01949	0.02274	0.01624	0.01787	0.01137	0.01787	0.00975	0.01624	0.00975	0.01299	0.02436	0.00325	0.72552	0.00650	0.00325	0.00812
24	0.01539	0.01319	0.01539	0.01100	0.01759	0.00990	0.00880	0.01869	0.01539	0.02419	0.01319	0.01539	0.01100	0.00550	0.00550	0.00110	0.00550	0.00440	0.00440	0.78449
25	0.02822	0.02079	0.02228	0.01708	0.02302	0.02302	0.01411	0.66804	0.03490	0.04679	0.01782	0.01782	0.01262	0.00891	0.00743	0.00223	0.00817	0.00668	0.00743	0.01262
26	0.03331	0.01263	0.01723	0.01321	0.01895	0.01091	0.01091	0.03618	0.02125	0.69794	0.02929	0.02527	0.01838	0.00919	0.00747	0.00230	0.00632	0.00747	0.00919	0.01263
27	0.01941	0.68082	0.09778	0.01345	0.02022	0.02829	0.01401	0.02234	0.01514	0.01800	0.01059	0.01224	0.00952	0.00641	0.00497	0.00166	0.00821	0.00410	0.00317	0.00966
28	0.02822	0.02079	0.02228	0.01708	0.02302	0.02302	0.01411	0.66804	0.03490	0.04679	0.01782	0.01782	0.01262	0.00891	0.00743	0.00223	0.00817	0.00668	0.00743	0.01262
29	0.00904	0.00646	0.00861	0.01034	0.01077	0.00603	0.00689	0.01034	0.01421	0.01895	0.04092	0.73426	0.04910	0.02326	0.00948	0.00301	0.00431	0.02110	0.00689	0.00603
30	0.00904	0.00646	0.00861	0.01034	0.01077	0.00603	0.00689	0.01034	0.01421	0.01895	0.04092	0.73426	0.04910	0.02326	0.00948	0.00301	0.00431	0.02110	0.00689	0.00603
31	0.01051	0.00759	0.00992	0.00934	0.01109	0.00700	0.00700	0.01401	0.02101	0.02977	0.68888	0.05545	0.07005	0.01518	0.00876	0.00233	0.00350	0.01343	0.00817	0.00700
32	0.01489	0.03840	0.70064	0.02116	0.03213	0.01724	0.02743	0.02351	0.01567	0.02351	0.01332	0.01567	0.00940	0.00705	0.00705	0.00235	0.01097	0.00549	0.00313	0.01097
33	0.01489	0.03840	0.70064	0.02116	0.03213	0.01724	0.02743	0.02351	0.01567	0.02351	0.01332	0.01567	0.00940	0.00705	0.00705	0.00235	0.01097	0.00549	0.00313	0.01097
34	0.00877	0.00752	0.00752	0.00752	0.01003	0.00627	0.00564	0.01065	0.01692	0.02005	0.07520	0.07144	0.68978	0.01880	0.00877	0.00251	0.00376	0.01567	0.00689	0.00627
35	0.01985	0.74357	0.03890	0.01270	0.01905	0.02937	0.01270	0.02223	0.01508	0.01747	0.01032	0.01191	0.00953	0.00635	0.00476	0.00159	0.00794	0.00397	0.00318	0.00953
36	0.01043	0.00759	0.00982	0.00926	0.01104	0.00697	0.00694	0.01386	0.02083	0.02934	0.66158	0.05616	0.09761	0.01534	0.00876	0.00234	0.00351	0.01353	0.00812	0.00697
37	0.79154	0.01436	0.01091	0.00976	0.01436	0.01665	0.00804	0.02182	0.01263	0.03331	0.01034	0.01206	0.00804	0.00689	0.00459	0.00230	0.00574	0.00402	0.00459	0.00804
38	0.01573	0.15822	0.58819	0.01972	0.02991	0.01930	0.02493	0.02329	0.01557	0.02248	0.01281	0.01503	0.00942	0.00693	0.00666	0.00222	0.01046	0.00523	0.00314	0.01073
39	0.08067	0.06044	0.04294	0.01358	0.01947	0.01406	0.01168	0.09418	0.04376	0.47521	0.02457	0.02219	0.01612	0.00864	0.00701	0.00221	0.00668	0.00678	0.00788	0.04192
40	0.01837	0.01764	0.03013	0.04557	0.69279	0.01764	0.02278	0.02278	0.01690	0.02425	0.01396	0.01837	0.01176	0.00661	0.00735	0.00220	0.00882	0.00661	0.00367	0.01176
41	0.01081	0.00694	0.00857	0.00909	0.01029	0.00658	0.00646	0.01339	0.01674	0.02475	0.24167	0.32709	0.04756	0.01673	0.00808	0.00245	0.00382	0.01481	0.21757	0.00658
42	0.01402	0.01319	0.02227	0.72126	0.05113	0.01649	0.02062	0.01897	0.01484	0.01897	0.01319	0.01979	0.00990	0.00742	0.00742	0.00247	0.00990	0.00660	0.00330	0.00825
43	0.01752	0.02003	0.04380	0.03129	0.03880	0.01877	0.66583	0.02378	0.01752	0.02378	0.01502	0.02003	0.01126	0.00626	0.00876	0.00250	0.01252	0.00876	0.00375	0.01001
44	0.01051	0.00759	0.00992	0.00934	0.01109	0.00700	0.00700	0.01401	0.02101	0.02977	0.68888	0.05545	0.07005	0.01518	0.00876	0.00233	0.00350	0.01343	0.00817	0.00700
45	0.01051	0.00759	0.00992	0.00934	0.01109	0.00700	0.00700	0.01401	0.02101	0.02977	0.68888	0.05545	0.07005	0.01518	0.00876	0.00233	0.00350	0.01343	0.00817	0.00700
46	0.02822	0.02079	0.02228	0.01708	0.02302	0.02302	0.01411	0.66804	0.03490	0.04679	0.01782	0.01782	0.01262	0.00891	0.00743	0.00223	0.00817	0.00668	0.00743	0.01262
47	0.79154	0.01436	0.01091	0.00976	0.01436	0.01665	0.00804	0.02182	0.01263	0.03331	0.01034	0.01206	0.00804	0.00689	0.00459	0.00230	0.00574	0.00402	0.00459	0.00804
48	0.00904	0.00646	0.00861	0.01034	0.01077	0.00603	0.00689	0.01034	0.01421	0.01895	0.04092	0.73426	0.04910	0.02326	0.00948	0.00301	0.00431	0.02110	0.00689	0.00603
49	0.03331	0.01263	0.01723	0.01321	0.01895	0.01091	0.01091	0.03618	0.02125	0.69794	0.02929	0.02527	0.01838	0.00919	0.00747	0.00230	0.00632	0.00747	0.00919	0.01263
50	0.01892	0.01867	0.02960	0.04402	0.65373	0.05798	0.02229	0.02318	0.01714	0.02390	0.01382	0.01808	0.01163	0.00667	0.00731	0.00219	0.00909	0.00651	0.00368	0.01158
51	0.01070	0.00758	0.01002	0.01002	0.01068	0.00824	0.00689	0.01203	0.01136	0.01582	0.02164	0.03886	0.02277	0.39700	0.37412	0.00957	0.01355	0.00937	0.00424	0.00556
52	0.01339	0.00699	0.00726	0.00726	0.00880	0.00705	0.00530	0.01647	0.01493	0.02589	0.02394	0.02982	0.01980	0.08325	0.03976	0.00273	0.00456	0.00735	0.66877	0.00667
53	0.02657	0.02201	0.02121	0.01704	0.02241	0.11677	0.01376	0.47788	0.13784	0.04029	0.01897	0.01882	0.01384	0.00893	0.00735	0.00223	0.00851	0.00670	0.00695	0.01193
54	0.01539	0.01319	0.01539	0.01100	0.01759	0.00990	0.00880	0.01869	0.01539	0.02419	0.01319	0.01539	0.01100	0.00550	0.00550	0.00110	0.00550	0.00440	0.00440	0.78449
55	0.01815	0.37596	0.35016	0.01672	0.02522	0.02277	0.01957	0.02350	0.01566	0.05274	0.01264	0.01432	0.00989	0.00682	0.00597	0.00198	0.00929	0.00485	0.00344	0.01036
56	0.01698	0.23924	0.34611	0.02119	0.02996	0.02115	0.18042	0.02320	0.01596	0.02182	0.01287	0.01565	0.00990	0.00665	0.00681	0.00217	0.01047	0.00585	0.00330	0.01031
57	0.00904	0.00646	0.00861	0.01034	0.01077	0.00603	0.00689	0.01034	0.01421	0.01895	0.04092	0.73426	0.04910	0.02326	0.00948	0.00301	0.00431	0.02110	0.00689	0.00603
58	0.01907	0.01499	0.01636	0.01463	0.01871	0.01686	0.01153	0.06614	0.52272	0.07701	0.07040	0.03218	0.02601	0.01091	0.00778	0.00253	0.00593	0.04732	0.00765	0.01126

[dist]
# distance from previous block
# <min> <max>
0	3

[block]
# block no. 6 follows, 27 sequences, length 109
# corresponding to MSA columns:
# 378-486
name=unknown_G
#
# <colnr> <probs for GDERKNQSTAVLIFYWHMCP>
#	G	D	E	R	K	N	Q	S	T	A	V	L	I	F	Y	W	H	M	C	P
0	0.02732	0.07229	0.02197	0.01879	0.02275	0.67386	0.01426	0.02926	0.02073	0.01813	0.01141	0.01331	0.00956	0.00758	0.00659	0.00190	0.01310	0.00474	0.00379	0.00865
1	0.01402	0.01319	0.02227	0.72126	0.05113	0.01649	0.02062	0.01897	0.01484	0.01897	0.01319	0.01979	0.00990	0.00742	0.00742	0.00247	0.00990	0.00660	0.00330	0.00825
2	0.01196	0.01035	0.01605	0.30736	0.05131	0.01200	0.01382	0.01490	0.01436	0.01906	0.02620	0.36061	0.02867	0.01536	0.00964	0.00278	0.05974	0.01352	0.00502	0.00730
3	0.01051	0.00759	0.00992	0.00934	0.01109	0.00700	0.00700	0.01401	0.02101	0.02977	0.68888	0.05545	0.07005	0.01518	0.00876	0.00233	0.00350	0.01343	0.00817	0.00700
4	0.01668	0.00895	0.01190	0.01039	0.01322	0.00806	0.00806	0.02001	0.02108	0.21056	0.51041	0.04729	0.05607	0.01356	0.00841	0.00232	0.00426	0.01181	0.00845	0.00853
5	0.00904	0.00646	0.00861	0.01034	0.01077	0.00603	0.00689	0.01034	0.01421	0.01895	0.04092	0.73426	0.04910	0.02326	0.00948	0.00301	0.00431	0.02110	0.00689	0.00603
6	0.00907	0.00753	0.00794	0.00783	0.01021	0.00639	0.00588	0.01123	0.01763	0.02173	0.18118	0.06868	0.58276	0.01818	0.00877	0.00248	0.00372	0.01528	0.00711	0.00639
7	0.01814	0.01567	0.01648	0.01486	0.01900	0.01806	0.01155	0.03850	0.65750	0.03069	0.03170	0.02914	0.04470	0.01036	0.00759	0.00252	0.00581	0.00863	0.00753	0.01157
8	0.02773	0.03538	0.02104	0.01913	0.02295	0.70930	0.01434	0.02964	0.02104	0.01817	0.01148	0.01339	0.00956	0.00765	0.00669	0.00191	0.01339	0.00478	0.00383	0.00861
9	0.01076	0.00775	0.01028	0.01009	0.01183	0.00727	0.00786	0.01425	0.02034	0.02847	0.57670	0.06034	0.06533	0.01610	0.00901	0.00252	0.00408	0.12212	0.00794	0.00698
10	0.01837	0.01764	0.03013	0.04557	0.69279	0.01764	0.02278	0.02278	0.01690	0.02425	0.01396	0.01837	0.01176	0.00661	0.00735	0.00220	0.00882	0.00661	0.00367	0.01176
11	0.01539	0.01319	0.01539	0.01100	0.01759	0.00990	0.00880	0.01869	0.01539	0.02419	0.01319	0.01539	0.01100	0.00550	0.00550	0.00110	0.00550	0.00440	0.00440	0.78449
12	0.65972	0.01547	0.01287	0.01103	0.01585	0.01775	0.00909	0.13342	0.01648	0.03564	0.01163	0.01305	0.00883	0.00724	0.00508	0.00229	0.00616	0.00448	0.00508	0.00883
13	0.01837	0.01764	0.03013	0.04557	0.69279	0.01764	0.02278	0.02278	0.01690	0.02425	0.01396	0.01837	0.01176	0.00661	0.00735	0.00220	0.00882	0.00661	0.00367	0.01176
14	0.00904	0.00646	0.00861	0.01034	0.01077	0.00603	0.00689	0.01034	0.01421	0.01895	0.04092	0.73426	0.04910	0.02326	0.00948	0.00301	0.00431	0.02110	0.00689	0.00603
15	0.01402	0.01319	0.02227	0.72126	0.05113	0.01649	0.02062	0.01897	0.01484	0.01897	0.01319	0.01979	0.00990	0.00742	0.00742	0.00247	0.00990	0.00660	0.00330	0.00825
16	0.01959	0.70682	0.07339	0.01314	0.01974	0.02874	0.01347	0.02230	0.01511	0.01778	0.01048	0.01210	0.00952	0.00639	0.00488	0.00163	0.00810	0.00405	0.00317	0.00960
17	0.01053	0.00765	0.00995	0.00954	0.01132	0.00707	0.00726	0.01396	0.02060	0.02890	0.62307	0.05788	0.09353	0.01566	0.00885	0.00241	0.00372	0.05310	0.00804	0.00696
18	0.01453	0.00950	0.01251	0.01291	0.01532	0.00941	0.01089	0.01947	0.07952	0.09652	0.12982	0.06782	0.06761	0.01751	0.00944	0.00303	0.00610	0.40284	0.00734	0.00792
19	0.02822	0.02079	0.02228	0.01708	0.02302	0.02302	0.01411	0.66804	0.03490	0.04679	0.01782	0.01782	0.01262	0.00891	0.00743	0.00223	0.00817	0.00668	0.00743	0.01262
20	0.01533	0.03532	0.59053	0.02286	0.03325	0.01750	0.13445	0.02356	0.01598	0.02356	0.01361	0.01640	0.00972	0.00692	0.00734	0.00238	0.01123	0.00603	0.00324	0.01081
21	0.79154	0.01436	0.01091	0.00976	0.01436	0.01665	0.00804	0.02182	0.01263	0.03331	0.01034	0.01206	0.00804	0.00689	0.00459	0.00230	0.00574	0.00402	0.00459	0.00804
22	0.00955	0.00682	0.00919	0.01091	0.01156	0.00646	0.00777	0.01121	0.01471	0.01951	0.04064	0.62192	0.04800	0.02278	0.00961	0.00308	0.00474	0.12847	0.00688	0.00617
23	0.01051	0.00759	0.00992	0.00934	0.01109	0.00700	0.00700	0.01401	0.02101	0.02977	0.68888	0.05545	0.07005	0.01518	0.00876	0.00233	0.00350	0.01343	0.00817	0.00700
24	0.00904	0.00646	0.00861	0.01034	0.01077	0.00603	0.00689	0.01034	0.01421	0.01895	0.04092	0.73426	0.04910	0.02326	0.00948	0.00301	0.00431	0.02110	0.00689	0.00603
25	0.01384	0.00692	0.00692	0.00692	0.00865	0.00692	0.00519	0.01730	0.01557	0.02768	0.02422	0.02768	0.01903	0.00865	0.00519	0.00173	0.00346	0.00692	0.78031	0.00692
26	0.03331	0.01263	0.01723	0.01321	0.01895	0.01091	0.01091	0.03618	0.02125	0.69794	0.02929	0.02527	0.01838	0.00919	0.00747	0.00230	0.00632	0.00747	0.00919	0.01263
