[name]
unknown

[dist]
# distance from previous block
# <min> <max>
0	0

[block]
# block no. 0 follows, 29 sequences, length 19
# corresponding to MSA columns:
# 0-18
name=unknown_A
#
# <colnr> <probs for GDERKNQSTAVLIFYWHMCP>
#	G	D	E	R	K	N	Q	S	T	A	V	L	I	F	Y	W	H	M	C	P
0	0.01147	0.00820	0.01147	0.01311	0.01475	0.00820	0.01147	0.01475	0.01639	0.02131	0.03770	0.08032	0.04098	0.01967	0.00984	0.00328	0.00656	0.65741	0.00656	0.00656
1	0.01866	0.69675	0.09127	0.01283	0.01928	0.02725	0.01331	0.02142	0.01451	0.01722	0.01013	0.01171	0.00913	0.00615	0.00474	0.00158	0.00785	0.00392	0.00304	0.00925
2	0.03133	0.01311	0.01714	0.01314	0.01867	0.01193	0.01085	0.11635	0.02203	0.62629	0.02670	0.02334	0.01693	0.00878	0.00716	0.00219	0.00628	0.00707	0.00860	0.01212
3	0.00906	0.00636	0.00815	0.00942	0.00973	0.00604	0.00608	0.01002	0.01287	0.01717	0.03535	0.58339	0.04219	0.19072	0.01538	0.00382	0.00477	0.01795	0.00608	0.00544
4	0.01345	0.01266	0.02136	0.73264	0.04904	0.01582	0.01978	0.01819	0.01424	0.01819	0.01266	0.01898	0.00949	0.00712	0.00712	0.00237	0.00949	0.00633	0.00316	0.00791
5	0.01626	0.01553	0.02644	0.26849	0.49120	0.01656	0.02118	0.02066	0.01557	0.02161	0.01315	0.01807	0.01070	0.00660	0.00707	0.00220	0.00880	0.00634	0.00341	0.01018
6	0.01681	0.01921	0.04202	0.03001	0.03721	0.01801	0.67947	0.02281	0.01681	0.02281	0.01441	0.01921	0.01080	0.00600	0.00840	0.00240	0.01200	0.00840	0.00360	0.00960
7	0.03195	0.01212	0.01652	0.01267	0.01818	0.01047	0.01047	0.03470	0.02038	0.71026	0.02809	0.02424	0.01763	0.00881	0.00716	0.00220	0.00606	0.00716	0.00881	0.01212
8	0.02541	0.01878	0.02013	0.01567	0.02087	0.02077	0.01276	0.60197	0.06357	0.04190	0.01806	0.01969	0.01357	0.06225	0.00924	0.00250	0.00766	0.00678	0.00693	0.01150
9	0.01762	0.01692	0.02890	0.04371	0.70533	0.01692	0.02185	0.02185	0.01621	0.02326	0.01339	0.01762	0.01128	0.00634	0.00705	0.00211	0.00846	0.00634	0.00352	0.01128
10	0.00904	0.00635	0.00815	0.00944	0.00976	0.00603	0.00611	0.01001	0.01291	0.01722	0.03555	0.59151	0.04243	0.18227	0.01506	0.00377	0.00474	0.01807	0.00611	0.00546
11	0.01402	0.01324	0.02239	0.63844	0.13877	0.01597	0.02006	0.01869	0.01451	0.01889	0.01276	0.01880	0.00974	0.00701	0.00711	0.00234	0.00935	0.00633	0.00321	0.00837
12	0.01562	0.27310	0.44874	0.01696	0.02551	0.01984	0.02051	0.02162	0.01514	0.02097	0.05098	0.01600	0.01237	0.00698	0.00613	0.00201	0.00915	0.00521	0.00329	0.00985
13	0.01681	0.01921	0.04202	0.03001	0.03721	0.01801	0.67947	0.02281	0.01681	0.02281	0.01441	0.01921	0.01080	0.00600	0.00840	0.00240	0.01200	0.00840	0.00360	0.00960
14	0.01008	0.00728	0.00952	0.00896	0.01064	0.00672	0.00672	0.01344	0.02016	0.02855	0.70158	0.05319	0.06719	0.01456	0.00840	0.00224	0.00336	0.01288	0.00784	0.00672
15	0.03195	0.01212	0.01652	0.01267	0.01818	0.01047	0.01047	0.03470	0.02038	0.71026	0.02809	0.02424	0.01763	0.00881	0.00716	0.00220	0.00606	0.00716	0.00881	0.01212
16	0.01762	0.01692	0.02890	0.04371	0.70533	0.01692	0.02185	0.02185	0.01621	0.02326	0.01339	0.01762	0.01128	0.00634	0.00705	0.00211	0.00846	0.00634	0.00352	0.01128
17	0.01681	0.01921	0.04202	0.03001	0.03721	0.01801	0.67947	0.02281	0.01681	0.02281	0.01441	0.01921	0.01080	0.00600	0.00840	0.00240	0.01200	0.00840	0.00360	0.00960
18	0.01681	0.01921	0.04202	0.03001	0.03721	0.01801	0.67947	0.02281	0.01681	0.02281	0.01441	0.01921	0.01080	0.00600	0.00840	0.00240	0.01200	0.00840	0.00360	0.00960

[dist]
# distance from previous block
# <min> <max>
0	2

[block]
# block no. 1 follows, 29 sequences, length 65
# corresponding to MSA columns:
# 21-85
name=unknown_B
#
# <colnr> <probs for GDERKNQSTAVLIFYWHMCP>
#	G	D	E	R	K	N	Q	S	T	A	V	L	I	F	Y	W	H	M	C	P
0	0.01592	0.01719	0.03594	0.02634	0.03242	0.01624	0.54876	0.04556	0.01694	0.02291	0.01841	0.13312	0.01655	0.00866	0.00846	0.00247	0.01061	0.01019	0.00421	0.00910
1	0.03195	0.01212	0.01652	0.01267	0.01818	0.01047	0.01047	0.03470	0.02038	0.71026	0.02809	0.02424	0.01763	0.00881	0.00716	0.00220	0.00606	0.00716	0.00881	0.01212
2	0.01008	0.00728	0.00952	0.00896	0.01064	0.00672	0.00672	0.01344	0.02016	0.02855	0.70158	0.05319	0.06719	0.01456	0.00840	0.00224	0.00336	0.01288	0.00784	0.00672
3	0.00842	0.00721	0.00721	0.00721	0.00962	0.00601	0.00541	0.01022	0.01623	0.01924	0.07213	0.06853	0.70244	0.01803	0.00842	0.00240	0.00361	0.01503	0.00661	0.00601
4	0.01762	0.01692	0.02890	0.04371	0.70533	0.01692	0.02185	0.02185	0.01621	0.02326	0.01339	0.01762	0.01128	0.00634	0.00705	0.00211	0.00846	0.00634	0.00352	0.01128
5	0.01673	0.01898	0.04073	0.02929	0.03603	0.01825	0.63714	0.02245	0.01643	0.02245	0.01408	0.01898	0.01071	0.00641	0.00936	0.00245	0.05822	0.00826	0.00357	0.00949
6	0.01017	0.00690	0.00775	0.00780	0.00797	0.00681	0.00446	0.01033	0.01084	0.01430	0.02617	0.07166	0.06975	0.67845	0.03355	0.00648	0.00660	0.01099	0.00454	0.00447
7	0.14349	0.01902	0.01973	0.01533	0.02083	0.02116	0.01266	0.58208	0.03026	0.04293	0.01601	0.01626	0.01145	0.00826	0.00671	0.00215	0.00749	0.00603	0.00671	0.01145
8	0.50353	0.01370	0.01304	0.01092	0.01569	0.01481	0.00897	0.06103	0.04730	0.22566	0.01636	0.01617	0.01142	0.00748	0.00547	0.00221	0.00580	0.00513	0.00594	0.00937
9	0.02091	0.01681	0.01792	0.01492	0.01970	0.01877	0.01191	0.26930	0.41102	0.03482	0.02364	0.02239	0.01754	0.00898	0.00708	0.00223	0.00641	0.00721	0.00701	0.06144
10	0.80005	0.01377	0.01047	0.00936	0.01377	0.01597	0.00771	0.02093	0.01212	0.03195	0.00991	0.01157	0.00771	0.00661	0.00441	0.00220	0.00551	0.00386	0.00441	0.00771
11	0.01017	0.00763	0.01144	0.01144	0.01272	0.00890	0.00890	0.01272	0.01144	0.01653	0.01907	0.02797	0.01780	0.05340	0.72153	0.01144	0.01907	0.00763	0.00381	0.00636
12	0.01449	0.06854	0.68299	0.01994	0.03026	0.01705	0.02568	0.02250	0.01501	0.02229	0.01265	0.01487	0.00903	0.00674	0.00667	0.00222	0.01039	0.00520	0.00301	0.01046
13	0.05977	0.01895	0.02090	0.07116	0.02366	0.02132	0.01383	0.57687	0.03022	0.04123	0.01615	0.01694	0.01161	0.00850	0.00760	0.00219	0.03480	0.00628	0.00655	0.01143
14	0.02707	0.01995	0.02137	0.01638	0.02208	0.02208	0.01353	0.68159	0.03348	0.04488	0.01710	0.01710	0.01211	0.00855	0.00712	0.00214	0.00784	0.00641	0.00712	0.01211
15	0.01945	0.68885	0.06471	0.01255	0.01880	0.02685	0.01270	0.02201	0.01477	0.04977	0.01088	0.01218	0.00953	0.00625	0.00478	0.00159	0.00766	0.00403	0.00332	0.00934
16	0.01153	0.00763	0.01005	0.00937	0.01129	0.00702	0.00716	0.01485	0.02001	0.07172	0.63074	0.05248	0.06293	0.01441	0.00838	0.00228	0.00367	0.03959	0.00785	0.00706
17	0.01117	0.00800	0.01105	0.01221	0.01386	0.00788	0.01044	0.01447	0.01721	0.02288	0.18167	0.07444	0.04666	0.01856	0.00952	0.00305	0.00586	0.51764	0.00683	0.00659
18	0.01008	0.00728	0.00952	0.00896	0.01064	0.00672	0.00672	0.01344	0.02016	0.02855	0.70158	0.05319	0.06719	0.01456	0.00840	0.00224	0.00336	0.01288	0.00784	0.00672
19	0.00849	0.00722	0.00732	0.00729	0.00967	0.00604	0.00547	0.01037	0.01641	0.01967	0.10145	0.06781	0.67286	0.01787	0.00841	0.00240	0.00360	0.01493	0.00667	0.00604
20	0.01904	0.75404	0.03731	0.01218	0.01828	0.02818	0.01218	0.02132	0.01447	0.01675	0.00990	0.01142	0.00914	0.00609	0.00457	0.00152	0.00761	0.00381	0.00305	0.00914
21	0.01434	0.03583	0.68021	0.02022	0.03025	0.01679	0.02580	0.02229	0.01484	0.02229	0.01262	0.01506	0.00904	0.00703	0.00755	0.00230	0.04484	0.00531	0.00301	0.01039
22	0.00993	0.00722	0.00943	0.00952	0.01103	0.00671	0.00721	0.01286	0.01844	0.02550	0.47970	0.16606	0.09778	0.01660	0.00868	0.00248	0.00389	0.09304	0.00742	0.00651
23	0.01428	0.03683	0.71286	0.02030	0.03082	0.01654	0.02631	0.02255	0.01503	0.02255	0.01278	0.01503	0.00902	0.00677	0.00677	0.00226	0.01052	0.00526	0.00301	0.01052
24	0.01109	0.00792	0.01104	0.01268	0.01415	0.00787	0.01081	0.01410	0.01602	0.02088	0.03791	0.17067	0.04181	0.02003	0.00973	0.00323	0.00623	0.57081	0.00656	0.00645
25	0.01660	0.01874	0.04016	0.06224	0.03695	0.01807	0.61939	0.02234	0.01643	0.02234	0.01410	0.01904	0.01068	0.00634	0.00901	0.00243	0.04393	0.00821	0.00356	0.00944
26	0.01288	0.01185	0.01969	0.63719	0.04395	0.01454	0.01804	0.01726	0.01446	0.01867	0.04702	0.08260	0.01539	0.00876	0.00735	0.00241	0.00875	0.00782	0.00368	0.00767
27	0.01558	0.01558	0.02181	0.01869	0.01869	0.02181	0.01558	0.01714	0.01091	0.01714	0.00935	0.01558	0.00935	0.01246	0.02337	0.00312	0.73672	0.00623	0.00312	0.00779
28	0.01590	0.01723	0.03348	0.02515	0.02965	0.01843	0.42682	0.02019	0.01474	0.02072	0.01439	0.06435	0.01266	0.00908	0.01317	0.00266	0.24046	0.00847	0.00364	0.00879
29	0.01664	0.01872	0.03927	0.02848	0.03470	0.01852	0.58936	0.02204	0.01601	0.02204	0.01372	0.01872	0.01061	0.00688	0.01043	0.00250	0.11037	0.00811	0.00354	0.00936
30	0.00887	0.00633	0.00848	0.01013	0.01063	0.00595	0.00694	0.01024	0.01382	0.01839	0.03914	0.69980	0.04668	0.02213	0.00914	0.00292	0.00430	0.06367	0.00661	0.00584
31	0.01641	0.35835	0.41002	0.01666	0.02520	0.02175	0.01998	0.02200	0.01478	0.01995	0.01149	0.01341	0.00907	0.00646	0.00578	0.00193	0.00922	0.00461	0.00302	0.00990
32	0.01762	0.01692	0.02890	0.04371	0.70533	0.01692	0.02185	0.02185	0.01621	0.02326	0.01339	0.01762	0.01128	0.00634	0.00705	0.00211	0.00846	0.00634	0.00352	0.01128
33	0.00874	0.00623	0.00824	0.00983	0.01022	0.00583	0.00652	0.00993	0.01350	0.01800	0.03857	0.71680	0.04624	0.05179	0.01019	0.00305	0.00424	0.01984	0.00652	0.00572
34	0.01017	0.00763	0.01144	0.01144	0.01272	0.00890	0.00890	0.01272	0.01144	0.01653	0.01907	0.02797	0.01780	0.05340	0.72153	0.01144	0.01907	0.00763	0.00381	0.00636
35	0.01456	0.01379	0.02336	0.54953	0.22348	0.01611	0.02033	0.01917	0.01476	0.01954	0.01285	0.01862	0.00997	0.00691	0.00710	0.00230	0.00922	0.00633	0.00326	0.00881
36	0.02685	0.01810	0.01999	0.01552	0.02095	0.01958	0.01274	0.53548	0.05515	0.14582	0.01998	0.04321	0.01450	0.00910	0.00720	0.00218	0.00736	0.00706	0.00737	0.01187
37	0.01771	0.01530	0.01610	0.01449	0.01852	0.01771	0.01127	0.03784	0.69247	0.02979	0.02898	0.02657	0.02174	0.00966	0.00725	0.00242	0.00564	0.00805	0.00725	0.01127
38	0.01345	0.01266	0.02136	0.73264	0.04904	0.01582	0.01978	0.01819	0.01424	0.01819	0.01266	0.01898	0.00949	0.00712	0.00712	0.00237	0.00949	0.00633	0.00316	0.00791
39	0.06021	0.01925	0.11053	0.01534	0.02155	0.01715	0.01393	0.34680	0.02568	0.26709	0.01995	0.01901	0.01338	0.00832	0.00697	0.00218	0.00749	0.00640	0.00704	0.01171
40	0.49504	0.01414	0.01462	0.01496	0.10635	0.01534	0.01043	0.04561	0.04409	0.15765	0.01481	0.01555	0.01078	0.00718	0.00548	0.00220	0.00608	0.00506	0.00532	0.00930
41	0.01575	0.01501	0.02552	0.35293	0.41076	0.01643	0.02092	0.02021	0.01533	0.02099	0.01306	0.01823	0.01048	0.00669	0.00708	0.00223	0.00892	0.00634	0.00336	0.00977
42	0.01811	0.61490	0.16837	0.01376	0.02071	0.02592	0.01492	0.02156	0.01458	0.01788	0.01046	0.01212	0.00912	0.00622	0.00500	0.00167	0.00818	0.00409	0.00304	0.00941
43	0.01028	0.00687	0.00779	0.00787	0.00789	0.00685	0.00442	0.01033	0.01051	0.01401	0.02323	0.07960	0.02689	0.71538	0.03496	0.00671	0.00677	0.01082	0.00442	0.00438
44	0.01681	0.01921	0.04202	0.03001	0.03721	0.01801	0.67947	0.02281	0.01681	0.02281	0.01441	0.01921	0.01080	0.00600	0.00840	0.00240	0.01200	0.00840	0.00360	0.00960
45	0.01651	0.01578	0.02690	0.22695	0.53078	0.01663	0.02130	0.02088	0.01569	0.02191	0.01320	0.01799	0.01080	0.00655	0.00707	0.00218	0.00873	0.00634	0.00343	0.01038
46	0.01605	0.30418	0.46104	0.01727	0.02614	0.02088	0.02104	0.02209	0.01482	0.02039	0.01171	0.01369	0.00906	0.00651	0.00595	0.00198	0.00944	0.00472	0.00302	0.01001
47	0.00866	0.00710	0.00764	0.00776	0.00983	0.00608	0.00572	0.01060	0.01644	0.02033	0.15026	0.14591	0.54281	0.01808	0.00849	0.00244	0.00364	0.01536	0.00677	0.00608
48	0.00977	0.00727	0.00909	0.00863	0.01045	0.00659	0.00647	0.01284	0.01942	0.02681	0.58382	0.05606	0.18603	0.01521	0.00840	0.00227	0.00341	0.01328	0.00761	0.00659
49	0.01717	0.01646	0.02808	0.11861	0.63398	0.01680	0.02163	0.02146	0.01600	0.02271	0.01331	0.01777	0.01108	0.00643	0.00706	0.00214	0.00857	0.00634	0.00349	0.01091
50	0.03101	0.01191	0.01622	0.01251	0.01785	0.01030	0.01030	0.03379	0.02037	0.68100	0.05700	0.02548	0.01975	0.00906	0.00721	0.00220	0.00594	0.00741	0.00877	0.01189
51	0.11779	0.01230	0.01585	0.01230	0.01768	0.01108	0.01016	0.03316	0.01946	0.63446	0.02606	0.02282	0.01652	0.00857	0.00685	0.00220	0.00600	0.00679	0.00832	0.01163
52	0.01428	0.03683	0.71286	0.02030	0.03082	0.01654	0.02631	0.02255	0.01503	0.02255	0.01278	0.01503	0.00902	0.00677	0.00677	0.00226	0.01052	0.00526	0.00301	0.01052
53	0.02330	0.01274	0.01541	0.01290	0.01730	0.01286	0.01028	0.03310	0.28963	0.34591	0.11906	0.02907	0.02594	0.00993	0.00736	0.00229	0.00553	0.00829	0.00805	0.01105
54	0.01030	0.00688	0.00778	0.00784	0.00785	0.00687	0.00439	0.01034	0.01046	0.01395	0.02298	0.06913	0.02657	0.72629	0.03537	0.00677	0.00681	0.01067	0.00439	0.00436
55	0.01864	0.01496	0.01599	0.01416	0.01828	0.01696	0.01108	0.06356	0.59452	0.07339	0.03017	0.02772	0.04866	0.00990	0.00728	0.00239	0.00567	0.00821	0.00731	0.01115
56	0.02919	0.01339	0.01693	0.01332	0.01861	0.01276	0.01089	0.09808	0.12958	0.53633	0.02717	0.02392	0.01775	0.00892	0.00717	0.00223	0.00616	0.00723	0.00840	0.01198
57	0.00854	0.00719	0.00741	0.00743	0.00971	0.00605	0.00554	0.01044	0.01643	0.01987	0.11648	0.08920	0.63552	0.01792	0.00844	0.00241	0.00361	0.01504	0.00670	0.00605
58	0.80005	0.01377	0.01047	0.00936	0.01377	0.01597	0.00771	0.02093	0.01212	0.03195	0.00991	0.01157	0.00771	0.00661	0.00441	0.00220	0.00551	0.00386	0.00441	0.00771
59	0.00994	0.00740	0.01094	0.01120	0.01234	0.00841	0.00854	0.01228	0.01179	0.01679	0.02224	0.14059	0.02240	0.04852	0.60965	0.01010	0.01673	0.00961	0.00425	0.00627
60	0.01635	0.01562	0.02660	0.25420	0.50481	0.01658	0.02122	0.02074	0.01561	0.02171	0.01317	0.01804	0.01073	0.00658	0.00707	0.00219	0.00877	0.00634	0.00341	0.01025
61	0.01555	0.01549	0.02255	0.02040	0.06288	0.02089	0.03805	0.01746	0.01146	0.01770	0.01014	0.01630	0.00984	0.01339	0.04797	0.00334	0.63904	0.00636	0.00318	0.00802
62	0.00842	0.00721	0.00721	0.00721	0.00962	0.00601	0.00541	0.01022	0.01623	0.01924	0.07213	0.06853	0.70244	0.01803	0.00842	0.00240	0.00361	0.01503	0.00661	0.00601
63	0.01428	0.03683	0.71286	0.02030	0.03082	0.01654	0.02631	0.02255	0.01503	0.02255	0.01278	0.01503	0.00902	0.00677	0.00677	0.00226	0.01052	0.00526	0.00301	0.01052
64	0.02683	0.01326	0.01637	0.01332	0.01830	0.01307	0.01076	0.03583	0.26199	0.46564	0.02841	0.02507	0.01910	0.00912	0.00719	0.00228	0.00591	0.00748	0.00825	0.01181

[dist]
# distance from previous block
# <min> <max>
0	7

[block]
# block no. 2 follows, 29 sequences, length 15
# corresponding to MSA columns:
# 93-107
name=unknown_C
#
# <colnr> <probs for GDERKNQSTAVLIFYWHMCP>
#	G	D	E	R	K	N	Q	S	T	A	V	L	I	F	Y	W	H	M	C	P
0	0.80005	0.01377	0.01047	0.00936	0.01377	0.01597	0.00771	0.02093	0.01212	0.03195	0.00991	0.01157	0.00771	0.00661	0.00441	0.00220	0.00551	0.00386	0.00441	0.00771
1	0.01864	0.01725	0.01653	0.01489	0.01888	0.09133	0.01153	0.03685	0.62211	0.02849	0.02710	0.02513	0.02042	0.00942	0.00716	0.00235	0.00639	0.00769	0.00687	0.01096
2	0.01762	0.01692	0.02890	0.04371	0.70533	0.01692	0.02185	0.02185	0.01621	0.02326	0.01339	0.01762	0.01128	0.00634	0.00705	0.00211	0.00846	0.00634	0.00352	0.01128
3	0.00886	0.00627	0.00821	0.00968	0.01005	0.00591	0.00636	0.00996	0.01327	0.01770	0.03740	0.66836	0.04477	0.10224	0.01207	0.00333	0.00444	0.01916	0.00636	0.00562
4	0.02750	0.01925	0.02094	0.01605	0.02174	0.02105	0.01326	0.62414	0.03232	0.10397	0.01807	0.01773	0.01260	0.00857	0.00713	0.00214	0.00768	0.00648	0.00727	0.01211
5	0.01428	0.03683	0.71286	0.02030	0.03082	0.01654	0.02631	0.02255	0.01503	0.02255	0.01278	0.01503	0.00902	0.00677	0.00677	0.00226	0.01052	0.00526	0.00301	0.01052
6	0.01808	0.61030	0.17270	0.01381	0.02079	0.02584	0.01501	0.02157	0.01458	0.01791	0.01048	0.01215	0.00911	0.00623	0.00501	0.00167	0.00820	0.00410	0.00304	0.00942
7	0.01327	0.00664	0.00664	0.00664	0.00830	0.00664	0.00498	0.01659	0.01493	0.02655	0.02323	0.02655	0.01825	0.00830	0.00498	0.00166	0.00332	0.00664	0.78928	0.00664
8	0.01639	0.00965	0.00997	0.00884	0.01141	0.01013	0.00691	0.16702	0.01913	0.03069	0.02184	0.02441	0.01686	0.00835	0.00546	0.00177	0.00434	0.00659	0.61235	0.00787
9	0.01667	0.01696	0.02548	0.34414	0.30237	0.09020	0.06133	0.02099	0.01579	0.02039	0.01288	0.01782	0.01024	0.00677	0.00710	0.00222	0.00960	0.00628	0.00339	0.00937
10	0.01018	0.00758	0.01121	0.01121	0.01241	0.00878	0.00861	0.01257	0.01138	0.01636	0.01928	0.02914	0.01831	0.09695	0.67868	0.01116	0.01831	0.00780	0.00385	0.00623
11	0.80005	0.01377	0.01047	0.00936	0.01377	0.01597	0.00771	0.02093	0.01212	0.03195	0.00991	0.01157	0.00771	0.00661	0.00441	0.00220	0.00551	0.00386	0.00441	0.00771
12	0.02380	0.01482	0.01568	0.01316	0.01738	0.09973	0.01041	0.05456	0.16129	0.32228	0.15914	0.02878	0.02705	0.00994	0.00733	0.00221	0.00634	0.00813	0.00759	0.01039
13	0.01557	0.03653	0.64037	0.02009	0.02990	0.09028	0.02500	0.02317	0.01557	0.02201	0.01259	0.01480	0.00904	0.00683	0.00673	0.00221	0.01077	0.00519	0.00308	0.01029
14	0.02660	0.03394	0.02018	0.01834	0.02201	0.72116	0.01376	0.02843	0.02018	0.01743	0.01101	0.01284	0.00917	0.00734	0.00642	0.00183	0.01284	0.00459	0.00367	0.00825

[dist]
# distance from previous block
# <min> <max>
0	3

[block]
# block no. 3 follows, 29 sequences, length 68
# corresponding to MSA columns:
# 111-178
name=unknown_D
#
# <colnr> <probs for GDERKNQSTAVLIFYWHMCP>
#	G	D	E	R	K	N	Q	S	T	A	V	L	I	F	Y	W	H	M	C	P
0	0.01537	0.04857	0.01304	0.01050	0.01418	0.10674	0.00822	0.01868	0.05962	0.09334	0.06504	0.04330	0.34847	0.01271	0.00734	0.00208	0.00566	0.01030	0.00603	0.11080
1	0.06066	0.12054	0.04649	0.01774	0.04176	0.35729	0.01417	0.11463	0.01926	0.02211	0.01154	0.01379	0.00958	0.00799	0.00862	0.00206	0.11378	0.00501	0.00399	0.00897
2	0.01762	0.54039	0.23855	0.01460	0.02201	0.02471	0.01639	0.02169	0.01464	0.01848	0.01076	0.01250	0.00910	0.00629	0.00522	0.00174	0.00848	0.00424	0.00303	0.00955
3	0.02296	0.03366	0.19515	0.02034	0.06476	0.50193	0.01740	0.02656	0.01865	0.01906	0.01159	0.01368	0.00926	0.00713	0.00654	0.00196	0.01200	0.00486	0.00349	0.00901
4	0.00873	0.00723	0.00764	0.00754	0.00981	0.00614	0.00565	0.01082	0.01696	0.02098	0.18976	0.06566	0.58373	0.01738	0.00841	0.00237	0.00356	0.01463	0.00684	0.00614
5	0.00868	0.00620	0.00826	0.00991	0.01033	0.00578	0.00661	0.00991	0.01363	0.01818	0.03925	0.74510	0.04710	0.02231	0.00909	0.00289	0.00413	0.02024	0.00661	0.00578
6	0.03105	0.01279	0.01688	0.01292	0.01847	0.01141	0.01067	0.08855	0.02132	0.63470	0.02673	0.02337	0.01696	0.00869	0.00710	0.00216	0.00619	0.00701	0.00854	0.03449
7	0.01742	0.01672	0.02854	0.07653	0.67407	0.01687	0.02175	0.02168	0.01612	0.02302	0.01336	0.01769	0.01119	0.00638	0.00705	0.00213	0.00851	0.00634	0.00351	0.01112
8	0.11014	0.01244	0.01588	0.01242	0.01774	0.01138	0.01022	0.03344	0.05188	0.60786	0.02627	0.02305	0.01681	0.00863	0.00688	0.00221	0.00598	0.00686	0.00829	0.01162
9	0.03177	0.01241	0.01671	0.01281	0.01832	0.01090	0.01058	0.05891	0.02087	0.68536	0.02768	0.02397	0.01742	0.00880	0.00716	0.00220	0.00613	0.00713	0.00875	0.01212
10	0.06237	0.01683	0.01913	0.01473	0.02030	0.01759	0.01217	0.41768	0.02779	0.28630	0.02078	0.01945	0.01393	0.00856	0.00702	0.00216	0.00709	0.00657	0.00762	0.01192
11	0.00878	0.00719	0.00775	0.00769	0.00986	0.00616	0.00574	0.01090	0.01699	0.02121	0.20715	0.08925	0.54172	0.01743	0.00844	0.00239	0.00357	0.01475	0.00688	0.00616
12	0.01017	0.00763	0.01144	0.01144	0.01272	0.00890	0.00890	0.01272	0.01144	0.01653	0.01907	0.02797	0.01780	0.05340	0.72153	0.01144	0.01907	0.00763	0.00381	0.00636
13	0.80005	0.01377	0.01047	0.00936	0.01377	0.01597	0.00771	0.02093	0.01212	0.03195	0.00991	0.01157	0.00771	0.00661	0.00441	0.00220	0.00551	0.00386	0.00441	0.00771
14	0.01883	0.72293	0.06661	0.01254	0.01882	0.02767	0.01280	0.02138	0.01449	0.01700	0.01002	0.01158	0.00913	0.00612	0.00466	0.00155	0.00774	0.00387	0.00304	0.00920
15	0.11820	0.01317	0.01638	0.01271	0.01811	0.01237	0.01049	0.10481	0.02090	0.55991	0.02482	0.02201	0.01589	0.00853	0.00685	0.00220	0.00619	0.00670	0.00813	0.01162
16	0.01282	0.01104	0.01774	0.54461	0.03872	0.01333	0.01614	0.01693	0.01425	0.01930	0.01743	0.11220	0.01543	0.00920	0.00709	0.00234	0.00799	0.00814	0.10781	0.00747
17	0.01776	0.01733	0.02830	0.07082	0.65508	0.04119	0.02149	0.02193	0.01627	0.02286	0.01328	0.01751	0.01113	0.00641	0.00703	0.00212	0.00865	0.00628	0.00352	0.01104
18	0.01558	0.01558	0.02181	0.01869	0.01869	0.02181	0.01558	0.01714	0.01091	0.01714	0.00935	0.01558	0.00935	0.01246	0.02337	0.00312	0.73672	0.00623	0.00312	0.00779
19	0.01287	0.00791	0.01033	0.00936	0.01158	0.00718	0.00715	0.01608	0.02000	0.11759	0.58319	0.05012	0.09095	0.01397	0.00824	0.00224	0.00373	0.01223	0.00791	0.00739
20	0.01550	0.09275	0.62590	0.01929	0.02922	0.01717	0.02443	0.02303	0.01524	0.05485	0.01328	0.01518	0.00944	0.00681	0.00661	0.00219	0.01008	0.00524	0.00329	0.01049
21	0.01762	0.01692	0.02890	0.04371	0.70533	0.01692	0.02185	0.02185	0.01621	0.02326	0.01339	0.01762	0.01128	0.00634	0.00705	0.00211	0.00846	0.00634	0.00352	0.01128
22	0.01428	0.03683	0.71286	0.02030	0.03082	0.01654	0.02631	0.02255	0.01503	0.02255	0.01278	0.01503	0.00902	0.00677	0.00677	0.00226	0.01052	0.00526	0.00301	0.01052
23	0.01561	0.01676	0.03378	0.02490	0.03035	0.01656	0.47895	0.02116	0.03813	0.02337	0.12612	0.02459	0.02017	0.00819	0.00994	0.00245	0.08672	0.00889	0.00435	0.00900
24	0.01451	0.07136	0.68034	0.01990	0.03022	0.01710	0.02563	0.02249	0.01501	0.02227	0.01264	0.01486	0.00903	0.00673	0.00666	0.00222	0.01038	0.00519	0.00301	0.01046
25	0.01839	0.65578	0.12986	0.01330	0.01999	0.02658	0.01412	0.02149	0.01455	0.01755	0.01029	0.01192	0.00912	0.00618	0.00487	0.00162	0.00801	0.00401	0.00304	0.00933
26	0.00935	0.00654	0.00835	0.00932	0.00967	0.00640	0.00603	0.01028	0.01237	0.01660	0.03208	0.45675	0.03774	0.26581	0.07462	0.00490	0.00624	0.01597	0.00563	0.00534
27	0.02308	0.02851	0.01785	0.01635	0.01976	0.56919	0.01229	0.02552	0.04071	0.01805	0.02080	0.02195	0.11120	0.01059	0.03189	0.00227	0.01148	0.00633	0.00422	0.00796
28	0.04049	0.01635	0.02485	0.24479	0.42099	0.06335	0.01977	0.02079	0.01568	0.02147	0.01374	0.04092	0.01165	0.00716	0.00701	0.00220	0.00883	0.00659	0.00355	0.00979
29	0.00868	0.00620	0.00826	0.00991	0.01033	0.00578	0.00661	0.00991	0.01363	0.01818	0.03925	0.74510	0.04710	0.02231	0.00909	0.00289	0.00413	0.02024	0.00661	0.00578
30	0.00889	0.00633	0.00815	0.00952	0.00996	0.00594	0.00626	0.00999	0.01331	0.01765	0.03838	0.62594	0.07093	0.11761	0.01263	0.00340	0.00447	0.01873	0.00631	0.00560
31	0.02098	0.01444	0.01615	0.01324	0.01690	0.01559	0.01029	0.36454	0.04488	0.08638	0.02061	0.05139	0.01798	0.19932	0.07122	0.00412	0.00815	0.00809	0.00627	0.00945
32	0.02529	0.01935	0.02210	0.01705	0.02265	0.02130	0.05679	0.56239	0.11034	0.04165	0.01833	0.01835	0.01316	0.00851	0.00722	0.00219	0.00785	0.00674	0.00691	0.01185
33	0.01681	0.01921	0.04202	0.03001	0.03721	0.01801	0.67947	0.02281	0.01681	0.02281	0.01441	0.01921	0.01080	0.00600	0.00840	0.00240	0.01200	0.00840	0.00360	0.00960
34	0.00964	0.00726	0.00891	0.00850	0.01037	0.00653	0.00637	0.01258	0.01912	0.02609	0.53485	0.05725	0.23546	0.01548	0.00840	0.00228	0.00342	0.01345	0.00751	0.00653
35	0.00868	0.00620	0.00826	0.00991	0.01033	0.00578	0.00661	0.00991	0.01363	0.01818	0.03925	0.74510	0.04710	0.02231	0.00909	0.00289	0.00413	0.02024	0.00661	0.00578
36	0.01746	0.51649	0.26106	0.01487	0.02243	0.02432	0.01686	0.02173	0.01466	0.01867	0.01085	0.01262	0.00910	0.00631	0.00530	0.00177	0.00858	0.00429	0.00303	0.00960
37	0.01477	0.01266	0.01477	0.01055	0.01687	0.00949	0.00844	0.01793	0.01477	0.02320	0.01266	0.01477	0.01055	0.00527	0.00527	0.00105	0.00527	0.00422	0.00422	0.79328
38	0.00878	0.00627	0.00838	0.01003	0.01049	0.00587	0.00679	0.01009	0.01373	0.01829	0.03919	0.72075	0.04687	0.02221	0.00912	0.00291	0.00422	0.04359	0.00661	0.00581
39	0.01345	0.01266	0.02136	0.73264	0.04904	0.01582	0.01978	0.01819	0.01424	0.01819	0.01266	0.01898	0.00949	0.00712	0.00712	0.00237	0.00949	0.00633	0.00316	0.00791
40	0.02854	0.01379	0.02108	0.01587	0.02162	0.01255	0.12537	0.05907	0.04945	0.53581	0.02534	0.02318	0.01641	0.00836	0.00738	0.00224	0.00713	0.00738	0.00778	0.01165
41	0.01271	0.00913	0.01226	0.01337	0.01533	0.00930	0.01164	0.06767	0.01775	0.02318	0.03607	0.07530	0.03869	0.01879	0.00962	0.00319	0.00666	0.60575	0.00660	0.00700
42	0.01039	0.00812	0.00924	0.00873	0.01096	0.00758	0.00661	0.05695	0.01804	0.02345	0.25607	0.05640	0.38434	0.04259	0.06580	0.00320	0.00515	0.01305	0.00673	0.00662
43	0.08704	0.01815	0.01634	0.01393	0.01833	0.19157	0.01096	0.05124	0.13809	0.28584	0.02461	0.04494	0.04913	0.00927	0.00689	0.00218	0.00753	0.00716	0.00666	0.01015
44	0.73737	0.01328	0.01054	0.00953	0.01369	0.01541	0.00781	0.02028	0.01206	0.03072	0.01064	0.01287	0.00851	0.01032	0.06131	0.00294	0.00658	0.00416	0.00436	0.00760
45	0.03173	0.01765	0.02060	0.01662	0.02224	0.01645	0.01298	0.20309	0.05802	0.38942	0.02739	0.02753	0.01972	0.01151	0.00896	0.00296	0.00803	0.00814	0.00912	0.08786
46	0.07708	0.01274	0.01442	0.01045	0.01663	0.01001	0.00838	0.01817	0.01456	0.02390	0.01244	0.01451	0.01032	0.00538	0.00520	0.00115	0.00529	0.00419	0.00423	0.73094
47	0.00868	0.00620	0.00826	0.00991	0.01033	0.00578	0.00661	0.00991	0.01363	0.01818	0.03925	0.74510	0.04710	0.02231	0.00909	0.00289	0.00413	0.02024	0.00661	0.00578
48	0.01432	0.03491	0.65746	0.01952	0.02971	0.01598	0.02489	0.02218	0.01501	0.02260	0.01277	0.01501	0.00914	0.00665	0.00665	0.00216	0.01011	0.00518	0.00310	0.07264
49	0.01964	0.69689	0.03595	0.01267	0.01857	0.08317	0.01231	0.02189	0.01492	0.01681	0.00999	0.01154	0.00914	0.00619	0.00472	0.00155	0.00803	0.00387	0.00310	0.00907
50	0.03195	0.01212	0.01652	0.01267	0.01818	0.01047	0.01047	0.03470	0.02038	0.71026	0.02809	0.02424	0.01763	0.00881	0.00716	0.00220	0.00606	0.00716	0.00881	0.01212
51	0.01345	0.01266	0.02136	0.73264	0.04904	0.01582	0.01978	0.01819	0.01424	0.01819	0.01266	0.01898	0.00949	0.00712	0.00712	0.00237	0.00949	0.00633	0.00316	0.00791
52	0.01558	0.01558	0.02181	0.01869	0.01869	0.02181	0.01558	0.01714	0.01091	0.01714	0.00935	0.01558	0.00935	0.01246	0.02337	0.00312	0.73672	0.00623	0.00312	0.00779
53	0.00868	0.00620	0.00826	0.00991	0.01033	0.00578	0.00661	0.00991	0.01363	0.01818	0.03925	0.74510	0.04710	0.02231	0.00909	0.00289	0.00413	0.02024	0.00661	0.00578
54	0.06112	0.01218	0.01629	0.01254	0.01801	0.01067	0.01036	0.03418	0.02007	0.68450	0.02740	0.02376	0.01725	0.00873	0.00706	0.00220	0.00604	0.00704	0.00865	0.01195
55	0.01681	0.01921	0.04202	0.03001	0.03721	0.01801	0.67947	0.02281	0.01681	0.02281	0.01441	0.01921	0.01080	0.00600	0.00840	0.00240	0.01200	0.00840	0.00360	0.00960
56	0.01345	0.01266	0.02136	0.73264	0.04904	0.01582	0.01978	0.01819	0.01424	0.01819	0.01266	0.01898	0.00949	0.00712	0.00712	0.00237	0.00949	0.00633	0.00316	0.00791
57	0.01017	0.00763	0.01144	0.01144	0.01272	0.00890	0.00890	0.01272	0.01144	0.01653	0.01907	0.02797	0.01780	0.05340	0.72153	0.01144	0.01907	0.00763	0.00381	0.00636
58	0.02707	0.01995	0.02137	0.01638	0.02208	0.02208	0.01353	0.68159	0.03348	0.04488	0.01710	0.01710	0.01211	0.00855	0.00712	0.00214	0.00784	0.00641	0.00712	0.01211
59	0.01433	0.01356	0.02295	0.58711	0.18768	0.01605	0.02021	0.01897	0.01466	0.01926	0.01281	0.01870	0.00987	0.00696	0.00710	0.00232	0.00927	0.00633	0.00324	0.00862
60	0.01147	0.00820	0.01147	0.01311	0.01475	0.00820	0.01147	0.01475	0.01639	0.02131	0.03770	0.08032	0.04098	0.01967	0.00984	0.00328	0.00656	0.65741	0.00656	0.00656
61	0.01345	0.01266	0.02136	0.73264	0.04904	0.01582	0.01978	0.01819	0.01424	0.01819	0.01266	0.01898	0.00949	0.00712	0.00712	0.00237	0.00949	0.00633	0.00316	0.00791
62	0.01671	0.01891	0.04034	0.02907	0.03568	0.01832	0.62450	0.02234	0.01632	0.02234	0.01399	0.01891	0.01068	0.00654	0.00964	0.00246	0.07202	0.00822	0.00356	0.00945
63	0.01428	0.03683	0.71286	0.02030	0.03082	0.01654	0.02631	0.02255	0.01503	0.02255	0.01278	0.01503	0.00902	0.00677	0.00677	0.00226	0.01052	0.00526	0.00301	0.01052
64	0.03195	0.01212	0.01652	0.01267	0.01818	0.01047	0.01047	0.03470	0.02038	0.71026	0.02809	0.02424	0.01763	0.00881	0.00716	0.00220	0.00606	0.00716	0.00881	0.01212
65	0.01428	0.03683	0.71286	0.02030	0.03082	0.01654	0.02631	0.02255	0.01503	0.02255	0.01278	0.01503	0.00902	0.00677	0.00677	0.00226	0.01052	0.00526	0.00301	0.01052
66	0.01859	0.01302	0.01462	0.01299	0.01686	0.01395	0.01031	0.05511	0.38502	0.14771	0.05713	0.03646	0.11304	0.01153	0.00762	0.00243	0.00552	0.06044	0.00740	0.01023
67	0.01542	0.01667	0.03332	0.02497	0.02981	0.01703	0.45508	0.01989	0.01521	0.02105	0.01691	0.12068	0.01563	0.00956	0.01142	0.00261	0.15245	0.00965	0.00393	0.00871

[dist]
# distance from previous block
# <min> <max>
0	1

[block]
# block no. 4 follows, 29 sequences, length 102
# corresponding to MSA columns:
# 180-281
name=unknown_E
#
# <colnr> <probs for GDERKNQSTAVLIFYWHMCP>
#	G	D	E	R	K	N	Q	S	T	A	V	L	I	F	Y	W	H	M	C	P
0	0.02953	0.01251	0.01780	0.06749	0.07156	0.01134	0.01199	0.03254	0.01962	0.60868	0.02587	0.02336	0.01656	0.00851	0.00715	0.00221	0.00649	0.00704	0.00801	0.01175
1	0.02347	0.01632	0.11847	0.01398	0.01948	0.01315	0.01272	0.05875	0.17744	0.34852	0.09767	0.02622	0.02239	0.00931	0.00725	0.00226	0.00640	0.00767	0.00741	0.01111
2	0.01443	0.05854	0.69241	0.02005	0.03044	0.01689	0.02588	0.02251	0.01502	0.02238	0.01269	0.01492	0.00902	0.00674	0.00670	0.00223	0.01044	0.00522	0.00301	0.01048
3	0.00965	0.00726	0.00893	0.00851	0.01038	0.00654	0.00638	0.01261	0.01915	0.02616	0.53958	0.05714	0.23068	0.01545	0.00840	0.00228	0.00342	0.01343	0.00752	0.00654
4	0.02655	0.01991	0.02068	0.01607	0.02150	0.05742	0.01318	0.59965	0.03182	0.06558	0.04366	0.01852	0.01428	0.00873	0.00714	0.00213	0.00786	0.00659	0.00703	0.01170
5	0.01360	0.01282	0.02164	0.70662	0.07383	0.01586	0.01985	0.01833	0.01431	0.01838	0.01268	0.01893	0.00956	0.00709	0.00712	0.00236	0.00945	0.00633	0.00318	0.00804
6	0.01345	0.01266	0.02136	0.73264	0.04904	0.01582	0.01978	0.01819	0.01424	0.01819	0.01266	0.01898	0.00949	0.00712	0.00712	0.00237	0.00949	0.00633	0.00316	0.00791
7	0.01655	0.01856	0.03976	0.09013	0.06409	0.01778	0.59807	0.02238	0.01657	0.02244	0.01422	0.01913	0.01071	0.00611	0.00824	0.00239	0.01165	0.00815	0.00356	0.00953
8	0.02676	0.01140	0.01583	0.01239	0.01726	0.00992	0.03484	0.02960	0.01980	0.54490	0.09955	0.03151	0.09283	0.01023	0.00746	0.00224	0.00576	0.00859	0.00829	0.01085
9	0.01362	0.01283	0.02166	0.70485	0.07551	0.01586	0.01986	0.01834	0.01432	0.01840	0.01269	0.01893	0.00956	0.00709	0.00712	0.00236	0.00945	0.00633	0.00318	0.00805
10	0.00990	0.00722	0.00930	0.00889	0.01055	0.00662	0.00663	0.01305	0.01957	0.02741	0.62635	0.08850	0.10900	0.01518	0.00843	0.00228	0.00341	0.01339	0.00770	0.00662
11	0.01370	0.01291	0.02182	0.69082	0.08888	0.01589	0.01990	0.01842	0.01436	0.01850	0.01270	0.01890	0.00960	0.00707	0.00711	0.00236	0.00943	0.00633	0.00319	0.00811
12	0.01428	0.03683	0.71286	0.02030	0.03082	0.01654	0.02631	0.02255	0.01503	0.02255	0.01278	0.01503	0.00902	0.00677	0.00677	0.00226	0.01052	0.00526	0.00301	0.01052
13	0.02664	0.01366	0.01662	0.01316	0.01803	0.01341	0.01067	0.20235	0.06454	0.39663	0.05216	0.04696	0.04701	0.03410	0.00826	0.00238	0.00627	0.00803	0.00793	0.01118
14	0.01532	0.01337	0.01697	0.01216	0.01853	0.01053	0.05754	0.04008	0.01553	0.02389	0.01293	0.01517	0.01062	0.00543	0.00556	0.00119	0.00585	0.00460	0.00427	0.71048
15	0.01409	0.01417	0.01183	0.01116	0.01412	0.14426	0.00844	0.02025	0.17833	0.02137	0.04903	0.07308	0.38427	0.01417	0.00778	0.00232	0.00586	0.01158	0.00621	0.00768
16	0.01808	0.01271	0.01547	0.01137	0.01722	0.01032	0.00919	0.02108	0.01563	0.15372	0.01542	0.01661	0.01183	0.00632	0.00657	0.00138	0.04343	0.00488	0.00504	0.60371
17	0.01428	0.03683	0.71286	0.02030	0.03082	0.01654	0.02631	0.02255	0.01503	0.02255	0.01278	0.01503	0.00902	0.00677	0.00677	0.00226	0.01052	0.00526	0.00301	0.01052
18	0.02542	0.03203	0.02113	0.01882	0.02235	0.64321	0.03940	0.02739	0.01937	0.01761	0.01102	0.01328	0.00925	0.00766	0.00773	0.00195	0.06560	0.00485	0.00363	0.00827
19	0.01204	0.00818	0.01048	0.00953	0.01161	0.00770	0.00726	0.04921	0.02086	0.06317	0.63264	0.04988	0.06187	0.01396	0.00827	0.00223	0.00373	0.01226	0.00785	0.00727
20	0.06171	0.01246	0.01624	0.01269	0.01803	0.01131	0.01042	0.03441	0.07745	0.62479	0.02744	0.02392	0.01758	0.00880	0.00706	0.00222	0.00600	0.00710	0.00850	0.01187
21	0.01738	0.01681	0.02914	0.07719	0.64147	0.01692	0.05262	0.02172	0.01614	0.02299	0.01340	0.01777	0.01117	0.00637	0.00712	0.00214	0.00868	0.00644	0.00351	0.01103
22	0.00868	0.00620	0.00826	0.00991	0.01033	0.00578	0.00661	0.00991	0.01363	0.01818	0.03925	0.74510	0.04710	0.02231	0.00909	0.00289	0.00413	0.02024	0.00661	0.00578
23	0.01639	0.01726	0.02605	0.02110	0.02282	0.05564	0.15733	0.01891	0.01263	0.01836	0.01051	0.01622	0.00965	0.01083	0.01933	0.00290	0.54603	0.00661	0.00325	0.00820
24	0.02741	0.01155	0.01525	0.01225	0.01694	0.01030	0.00988	0.06787	0.02004	0.54543	0.03111	0.12170	0.05514	0.01105	0.00748	0.00230	0.00579	0.00924	0.00831	0.01097
25	0.03044	0.01246	0.01653	0.01276	0.01808	0.01115	0.01050	0.08271	0.02136	0.62432	0.06226	0.02520	0.01978	0.00909	0.00722	0.00220	0.00605	0.00740	0.00863	0.01184
26	0.01428	0.03683	0.71286	0.02030	0.03082	0.01654	0.02631	0.02255	0.01503	0.02255	0.01278	0.01503	0.00902	0.00677	0.00677	0.00226	0.01052	0.00526	0.00301	0.01052
27	0.02907	0.01276	0.01644	0.01304	0.01825	0.01193	0.01063	0.03534	0.15642	0.57252	0.02827	0.02471	0.01846	0.00898	0.00718	0.00225	0.00597	0.00734	0.00850	0.01195
28	0.01671	0.01599	0.02725	0.19426	0.56191	0.01668	0.02140	0.02105	0.01578	0.02216	0.01323	0.01792	0.01089	0.00651	0.00706	0.00217	0.00869	0.00634	0.00345	0.01054
29	0.01147	0.00820	0.01147	0.01311	0.01475	0.00820	0.01147	0.01475	0.01639	0.02131	0.03770	0.08032	0.04098	0.01967	0.00984	0.00328	0.00656	0.65741	0.00656	0.00656
30	0.01675	0.01849	0.03800	0.03026	0.11434	0.01834	0.52057	0.02201	0.01602	0.02217	0.01367	0.01858	0.01068	0.00683	0.01006	0.00245	0.09975	0.00789	0.00353	0.00958
31	0.01428	0.03683	0.71286	0.02030	0.03082	0.01654	0.02631	0.02255	0.01503	0.02255	0.01278	0.01503	0.00902	0.00677	0.00677	0.00226	0.01052	0.00526	0.00301	0.01052
32	0.00905	0.00675	0.00964	0.01067	0.01140	0.00630	0.03316	0.01057	0.01402	0.01878	0.06498	0.68857	0.04647	0.02135	0.00903	0.00285	0.00441	0.01948	0.00654	0.00597
33	0.01730	0.01659	0.02832	0.09687	0.65469	0.01683	0.02169	0.02157	0.01606	0.02287	0.01334	0.01773	0.01114	0.00640	0.00705	0.00213	0.00854	0.00634	0.00350	0.01102
34	0.06504	0.01219	0.01626	0.01253	0.01799	0.01070	0.01035	0.03411	0.02002	0.68104	0.02731	0.02369	0.01720	0.00872	0.00704	0.00220	0.00604	0.00702	0.00862	0.01193
35	0.02660	0.03394	0.02018	0.01834	0.02201	0.72116	0.01376	0.02843	0.02018	0.01743	0.01101	0.01284	0.00917	0.00734	0.00642	0.00183	0.01284	0.00459	0.00367	0.00825
36	0.01147	0.00820	0.01147	0.01311	0.01475	0.00820	0.01147	0.01475	0.01639	0.02131	0.03770	0.08032	0.04098	0.01967	0.00984	0.00328	0.00656	0.65741	0.00656	0.00656
37	0.03108	0.01231	0.01650	0.01278	0.01820	0.01091	0.01051	0.03489	0.06120	0.66893	0.02815	0.02438	0.01788	0.00886	0.00717	0.00222	0.00603	0.00721	0.00872	0.01207
38	0.00989	0.00727	0.00926	0.00876	0.01052	0.00664	0.00657	0.01308	0.01972	0.02752	0.63149	0.05490	0.13792	0.01494	0.00840	0.00226	0.00339	0.01312	0.00770	0.00664
39	0.00868	0.00620	0.00826	0.00991	0.01033	0.00578	0.00661	0.00991	0.01363	0.01818	0.03925	0.74510	0.04710	0.02231	0.00909	0.00289	0.00413	0.02024	0.00661	0.00578
40	0.80005	0.01377	0.01047	0.00936	0.01377	0.01597	0.00771	0.02093	0.01212	0.03195	0.00991	0.01157	0.00771	0.00661	0.00441	0.00220	0.00551	0.00386	0.00441	0.00771
41	0.01699	0.01625	0.02740	0.04118	0.65713	0.01616	0.02071	0.02105	0.01621	0.02298	0.01746	0.02115	0.05916	0.00715	0.00714	0.00213	0.00812	0.00695	0.00374	0.01091
42	0.01428	0.03683	0.71286	0.02030	0.03082	0.01654	0.02631	0.02255	0.01503	0.02255	0.01278	0.01503	0.00902	0.00677	0.00677	0.00226	0.01052	0.00526	0.00301	0.01052
43	0.03195	0.01212	0.01652	0.01267	0.01818	0.01047	0.01047	0.03470	0.02038	0.71026	0.02809	0.02424	0.01763	0.00881	0.00716	0.00220	0.00606	0.00716	0.00881	0.01212
44	0.02743	0.01592	0.01846	0.01453	0.01985	0.01655	0.01188	0.30320	0.14346	0.31553	0.02369	0.02169	0.01606	0.00885	0.00716	0.00221	0.00672	0.00701	0.00784	0.01197
45	0.07120	0.01235	0.01619	0.01258	0.01796	0.01109	0.01036	0.03413	0.05150	0.64308	0.02719	0.02369	0.01730	0.00874	0.00702	0.00221	0.00601	0.00703	0.00851	0.01185
46	0.03195	0.01212	0.01652	0.01267	0.01818	0.01047	0.01047	0.03470	0.02038	0.71026	0.02809	0.02424	0.01763	0.00881	0.00716	0.00220	0.00606	0.00716	0.00881	0.01212
47	0.00868	0.00620	0.00826	0.00991	0.01033	0.00578	0.00661	0.00991	0.01363	0.01818	0.03925	0.74510	0.04710	0.02231	0.00909	0.00289	0.00413	0.02024	0.00661	0.00578
48	0.03169	0.01252	0.01678	0.01286	0.01838	0.01107	0.01063	0.06832	0.02106	0.67569	0.02752	0.02387	0.01734	0.00880	0.00716	0.00220	0.00615	0.00712	0.00873	0.01212
49	0.03195	0.01212	0.01652	0.01267	0.01818	0.01047	0.01047	0.03470	0.02038	0.71026	0.02809	0.02424	0.01763	0.00881	0.00716	0.00220	0.00606	0.00716	0.00881	0.01212
50	0.01002	0.00728	0.00943	0.00889	0.01060	0.00669	0.00667	0.01332	0.02001	0.02820	0.67780	0.05377	0.09118	0.01469	0.00840	0.00225	0.00337	0.01296	0.00779	0.00669
51	0.05167	0.11266	0.60745	0.01891	0.02867	0.01776	0.02392	0.02234	0.01484	0.02237	0.01234	0.01448	0.00897	0.00669	0.00642	0.00217	0.00998	0.00504	0.00308	0.01024
52	0.02953	0.01600	0.01893	0.01451	0.02011	0.01623	0.01199	0.35550	0.02688	0.38029	0.02264	0.02070	0.01489	0.00868	0.00714	0.00217	0.00694	0.00679	0.00798	0.01211
53	0.01681	0.01921	0.04202	0.03001	0.03721	0.01801	0.67947	0.02281	0.01681	0.02281	0.01441	0.01921	0.01080	0.00600	0.00840	0.00240	0.01200	0.00840	0.00360	0.00960
54	0.01681	0.01921	0.04202	0.03001	0.03721	0.01801	0.67947	0.02281	0.01681	0.02281	0.01441	0.01921	0.01080	0.00600	0.00840	0.00240	0.01200	0.00840	0.00360	0.00960
55	0.01630	0.02066	0.11740	0.02694	0.03331	0.01848	0.48953	0.02181	0.01559	0.02181	0.01335	0.01810	0.01035	0.00719	0.01076	0.00251	0.13540	0.00766	0.00345	0.00940
56	0.01364	0.01286	0.02171	0.70030	0.07985	0.01587	0.01987	0.01837	0.01433	0.01843	0.01269	0.01892	0.00958	0.00708	0.00712	0.00236	0.00944	0.00633	0.00318	0.00807
57	0.00874	0.00625	0.00832	0.00987	0.01034	0.00583	0.00662	0.01008	0.01394	0.01866	0.07033	0.71263	0.04804	0.02194	0.00906	0.00286	0.00409	0.01990	0.00667	0.00583
58	0.01846	0.01567	0.01652	0.01464	0.01880	0.01806	0.01145	0.08935	0.63974	0.03099	0.02803	0.02581	0.02097	0.00957	0.00724	0.00239	0.00581	0.00792	0.00724	0.01134
59	0.01017	0.00689	0.00811	0.00828	0.00842	0.00695	0.00492	0.01050	0.01077	0.01446	0.02385	0.11510	0.02736	0.62061	0.08886	0.00687	0.00761	0.01113	0.00450	0.00463
60	0.01681	0.01921	0.04202	0.03001	0.03721	0.01801	0.67947	0.02281	0.01681	0.02281	0.01441	0.01921	0.01080	0.00600	0.00840	0.00240	0.01200	0.00840	0.00360	0.00960
61	0.01345	0.01266	0.02136	0.73264	0.04904	0.01582	0.01978	0.01819	0.01424	0.01819	0.01266	0.01898	0.00949	0.00712	0.00712	0.00237	0.00949	0.00633	0.00316	0.00791
62	0.00867	0.00623	0.00823	0.00983	0.01031	0.00579	0.00657	0.00992	0.01371	0.01821	0.04027	0.72405	0.06749	0.02218	0.00907	0.00288	0.00411	0.02008	0.00661	0.00579
63	0.00998	0.00727	0.00938	0.00885	0.01058	0.00668	0.00664	0.01324	0.01992	0.02798	0.66309	0.05413	0.10602	0.01477	0.00840	0.00225	0.00337	0.01301	0.00776	0.00668
64	0.03086	0.04151	0.01791	0.01311	0.01866	0.01257	0.01091	0.11341	0.02176	0.60220	0.02605	0.02287	0.01663	0.00868	0.00706	0.00217	0.00634	0.00694	0.00839	0.01200
65	0.01101	0.00787	0.01095	0.01259	0.01403	0.00780	0.01068	0.01396	0.01594	0.02079	0.03796	0.18957	0.04199	0.02010	0.00971	0.00321	0.00616	0.55270	0.00657	0.00643
66	0.01082	0.00746	0.00968	0.00902	0.01087	0.00683	0.00680	0.01409	0.02000	0.05347	0.64945	0.05278	0.09272	0.01449	0.00835	0.00225	0.00347	0.01276	0.00782	0.00689
67	0.04346	0.03598	0.68678	0.01989	0.03019	0.01652	0.02562	0.02249	0.01493	0.02290	0.01267	0.01490	0.00897	0.00676	0.00668	0.00225	0.01034	0.00521	0.00306	0.01042
68	0.62887	0.01399	0.01217	0.01038	0.01504	0.01561	0.00855	0.07213	0.01493	0.13329	0.01314	0.01385	0.00951	0.00708	0.00502	0.00220	0.00576	0.00453	0.00526	0.00869
69	0.01428	0.03683	0.71286	0.02030	0.03082	0.01654	0.02631	0.02255	0.01503	0.02255	0.01278	0.01503	0.00902	0.00677	0.00677	0.00226	0.01052	0.00526	0.00301	0.01052
