[name]
unknown

[dist]
# distance from previous block
# <min> <max>
7	244

[block]
# block no. 0 follows, 27 sequences, length 88
# corresponding to MSA columns:
# 270-357
name=unknown_A
#
# <colnr> <probs for GDERKNQSTAVLIFYWHMCP>
#	G	D	E	R	K	N	Q	S	T	A	V	L	I	F	Y	W	H	M	C	P
0	0.02919	0.05549	0.02137	0.01685	0.04548	0.13124	0.01325	0.28373	0.02615	0.27166	0.02036	0.01948	0.01399	0.00860	0.00719	0.00217	0.00838	0.00652	0.00712	0.01179
1	0.02498	0.01641	0.01949	0.07424	0.04281	0.06308	0.03397	0.20092	0.04767	0.23765	0.02236	0.05113	0.01682	0.00940	0.00740	0.00225	0.00764	0.02771	0.03602	0.05806
2	0.01721	0.01725	0.05838	0.03793	0.50891	0.01631	0.04674	0.02233	0.04075	0.02414	0.01841	0.02858	0.01673	0.00886	0.00784	0.00242	0.00866	0.10337	0.00427	0.01090
3	0.01678	0.01350	0.01578	0.01137	0.01789	0.01052	0.00913	0.04804	0.01652	0.05627	0.01414	0.01596	0.01141	0.00582	0.00567	0.00120	0.00565	0.00464	0.00475	0.71494
4	0.01418	0.01031	0.01221	0.01102	0.01385	0.01042	0.00846	0.02236	0.19811	0.06240	0.40989	0.04306	0.04911	0.01269	0.00802	0.00229	0.00437	0.01099	0.05184	0.04443
5	0.00904	0.00646	0.00861	0.01034	0.01077	0.00603	0.00689	0.01034	0.01421	0.01895	0.04092	0.73426	0.04910	0.02326	0.00948	0.00301	0.00431	0.02110	0.00689	0.00603
6	0.02237	0.51698	0.03319	0.01476	0.02030	0.24692	0.01323	0.02460	0.01699	0.01769	0.01069	0.01238	0.00954	0.00677	0.00538	0.00169	0.00968	0.00423	0.00338	0.00923
7	0.01593	0.06729	0.46909	0.02382	0.03351	0.01830	0.22032	0.02353	0.01621	0.02330	0.01369	0.01681	0.00997	0.00678	0.00746	0.00236	0.01129	0.00640	0.00332	0.01061
8	0.02772	0.01521	0.01803	0.01416	0.01937	0.01528	0.01144	0.24355	0.08579	0.33903	0.02452	0.02467	0.01735	0.07103	0.00997	0.00267	0.00694	0.00747	0.00789	0.03792
9	0.01663	0.01740	0.03439	0.13990	0.21528	0.01724	0.34778	0.02185	0.01672	0.02284	0.01623	0.06852	0.01378	0.00770	0.00822	0.00245	0.01055	0.00870	0.00388	0.00994
10	0.01079	0.00723	0.00825	0.00825	0.00830	0.00728	0.00469	0.01089	0.01084	0.01451	0.02325	0.04780	0.02665	0.71170	0.06473	0.00739	0.00771	0.01068	0.00448	0.00458
11	0.01760	0.02058	0.06036	0.12090	0.03802	0.06628	0.47682	0.02320	0.01700	0.02241	0.01417	0.01917	0.01082	0.00692	0.00927	0.00250	0.05277	0.00796	0.00365	0.00961
12	0.01637	0.02416	0.23400	0.11563	0.07673	0.11776	0.07656	0.02128	0.01606	0.02128	0.01701	0.09734	0.01534	0.03677	0.00935	0.00257	0.04289	0.00794	0.04181	0.00911
13	0.02947	0.01328	0.01702	0.01345	0.01874	0.01245	0.01097	0.07828	0.10769	0.52103	0.07376	0.02714	0.02208	0.00969	0.00756	0.00232	0.00619	0.00794	0.00879	0.01213
14	0.01004	0.00791	0.01026	0.00967	0.01175	0.00710	0.03133	0.01287	0.01880	0.02516	0.39043	0.13165	0.27178	0.01691	0.00884	0.00247	0.00401	0.01481	0.00744	0.00677
15	0.02760	0.02048	0.02193	0.01695	0.02278	0.02273	0.01396	0.62782	0.07614	0.04578	0.01862	0.01846	0.01327	0.00899	0.00743	0.00225	0.00802	0.00679	0.00743	0.01257
16	0.01729	0.02118	0.10949	0.06097	0.17965	0.01828	0.43371	0.02334	0.01709	0.02366	0.01454	0.01920	0.01112	0.00647	0.00822	0.00242	0.01145	0.00786	0.00365	0.01042
17	0.00903	0.00650	0.00857	0.01023	0.01074	0.00604	0.00684	0.01035	0.01432	0.01899	0.04227	0.70802	0.07447	0.02308	0.00945	0.00299	0.00429	0.02089	0.00689	0.00604
18	0.01382	0.01152	0.01371	0.01083	0.01590	0.00894	0.00832	0.01662	0.01510	0.02289	0.02007	0.19376	0.02045	0.00990	0.00648	0.00157	0.00520	0.00854	0.00502	0.59134
19	0.01719	0.01349	0.01582	0.01142	0.01793	0.01054	0.00918	0.04844	0.01666	0.07166	0.01451	0.01618	0.01158	0.00590	0.00572	0.00123	0.00567	0.00471	0.00486	0.69731
20	0.01402	0.01319	0.02227	0.72126	0.05113	0.01649	0.02062	0.01897	0.01484	0.01897	0.01319	0.01979	0.00990	0.00742	0.00742	0.00247	0.00990	0.00660	0.00330	0.00825
21	0.01080	0.00720	0.00810	0.00810	0.00810	0.00720	0.00450	0.01080	0.01080	0.01439	0.02339	0.04858	0.02699	0.73910	0.03779	0.00720	0.00720	0.01080	0.00450	0.00450
22	0.02026	0.06769	0.01975	0.01668	0.05189	0.05331	0.01266	0.13441	0.45021	0.03131	0.02650	0.02517	0.03802	0.00960	0.00732	0.00236	0.00682	0.00777	0.00685	0.01142
23	0.02185	0.01625	0.01687	0.01303	0.01889	0.09698	0.01038	0.04904	0.06491	0.18527	0.01818	0.01845	0.01346	0.00709	0.00633	0.00162	0.00678	0.00554	0.00580	0.42328
24	0.05961	0.10855	0.59426	0.01965	0.02979	0.01844	0.02483	0.02328	0.01544	0.02345	0.01285	0.01509	0.00934	0.00697	0.00668	0.00227	0.01037	0.00525	0.00322	0.01066
25	0.01547	0.12066	0.62344	0.02017	0.03060	0.01866	0.02571	0.02336	0.01560	0.02280	0.01297	0.01523	0.00942	0.00697	0.00679	0.00226	0.01062	0.00531	0.00314	0.01080
26	0.00904	0.00646	0.00861	0.01034	0.01077	0.00603	0.00689	0.01034	0.01421	0.01895	0.04092	0.73426	0.04910	0.02326	0.00948	0.00301	0.00431	0.02110	0.00689	0.00603
27	0.04651	0.01099	0.01436	0.15674	0.02090	0.01271	0.01118	0.04004	0.01570	0.09091	0.01931	0.02317	0.01499	0.01060	0.03177	0.00254	0.11902	0.00676	0.34364	0.00816
28	0.10206	0.27425	0.06489	0.01595	0.02127	0.31891	0.01387	0.07089	0.01882	0.02179	0.01152	0.01319	0.00960	0.00718	0.00589	0.00189	0.01024	0.00460	0.00390	0.00928
29	0.01333	0.00819	0.01072	0.00982	0.01206	0.00744	0.00745	0.01659	0.02056	0.11571	0.54860	0.08451	0.08623	0.01492	0.00862	0.00237	0.00392	0.01310	0.00819	0.00766
30	0.00959	0.00763	0.00876	0.00940	0.01144	0.00680	0.00736	0.01177	0.01661	0.02044	0.06190	0.16109	0.44693	0.01980	0.00923	0.00280	0.00459	0.17061	0.00688	0.00638
31	0.02272	0.04136	0.01829	0.01504	0.01960	0.08969	0.01192	0.10675	0.36768	0.14601	0.06099	0.02562	0.02151	0.00968	0.00741	0.00234	0.00694	0.00778	0.00732	0.01135
32	0.01517	0.01187	0.01601	0.04864	0.04401	0.01224	0.05633	0.17568	0.01976	0.02635	0.03143	0.36604	0.05695	0.04987	0.01004	0.00291	0.00648	0.03558	0.00640	0.00824
33	0.01698	0.02378	0.17806	0.02922	0.03744	0.01846	0.53534	0.02372	0.01714	0.02372	0.01467	0.01914	0.01088	0.00642	0.00841	0.00247	0.01220	0.00809	0.00363	0.01021
34	0.01727	0.20810	0.31259	0.15850	0.05795	0.08345	0.02103	0.02282	0.01590	0.02064	0.01241	0.01545	0.00964	0.00699	0.00653	0.00214	0.01014	0.00531	0.00326	0.00989
35	0.02091	0.61312	0.03568	0.01389	0.01965	0.13139	0.01307	0.02320	0.01586	0.01758	0.01048	0.01227	0.00954	0.00677	0.00570	0.00169	0.03240	0.00417	0.00328	0.00934
36	0.01755	0.01398	0.01621	0.01174	0.01823	0.01134	0.00946	0.08869	0.01773	0.05621	0.01440	0.01609	0.01149	0.00602	0.00579	0.00127	0.00582	0.00478	0.00493	0.66826
37	0.00958	0.00709	0.00951	0.01165	0.04201	0.00666	0.00739	0.01096	0.01425	0.01894	0.04041	0.61602	0.08232	0.07179	0.01130	0.00324	0.00468	0.01941	0.00658	0.00620
38	0.01030	0.00747	0.00971	0.00937	0.01102	0.00688	0.00694	0.01352	0.02018	0.02833	0.60160	0.12431	0.09025	0.01612	0.00883	0.00241	0.00359	0.01428	0.00800	0.00688
39	0.01384	0.00692	0.00692	0.00692	0.00865	0.00692	0.00519	0.01730	0.01557	0.02768	0.02422	0.02768	0.01903	0.00865	0.00519	0.00173	0.00346	0.00692	0.78031	0.00692
40	0.00973	0.00664	0.00856	0.00975	0.01005	0.00634	0.00628	0.01040	0.01308	0.01744	0.03480	0.52033	0.04132	0.19759	0.01766	0.05573	0.00515	0.01763	0.00607	0.00547
41	0.01528	0.06651	0.58346	0.02057	0.02991	0.01849	0.02533	0.02272	0.01509	0.02251	0.01273	0.01558	0.00945	0.00779	0.00920	0.00243	0.10370	0.00555	0.00315	0.01054
42	0.00901	0.00660	0.00847	0.00997	0.01067	0.00606	0.00673	0.01038	0.01457	0.01910	0.04540	0.64764	0.13283	0.02268	0.00938	0.00295	0.00424	0.02039	0.00689	0.00606
43	0.01079	0.00723	0.00827	0.00827	0.00833	0.00729	0.00472	0.01091	0.01085	0.01453	0.02323	0.04768	0.02660	0.70757	0.06879	0.00742	0.00778	0.01066	0.00447	0.00460
44	0.02649	0.03331	0.02122	0.01916	0.02258	0.63515	0.01455	0.02837	0.01999	0.01814	0.01129	0.01370	0.00958	0.00823	0.00860	0.00206	0.09030	0.00497	0.00376	0.00855
45	0.01282	0.00650	0.00975	0.00975	0.00979	0.00654	0.00654	0.00979	0.00975	0.01304	0.01313	0.02279	0.01308	0.02679	0.05185	0.75811	0.00690	0.00650	0.00325	0.00334
46	0.03331	0.01263	0.01723	0.01321	0.01895	0.01091	0.01091	0.03618	0.02125	0.69794	0.02929	0.02527	0.01838	0.00919	0.00747	0.00230	0.00632	0.00747	0.00919	0.01263
47	0.02725	0.01946	0.02113	0.01642	0.02208	0.02135	0.01349	0.55846	0.08050	0.08803	0.04214	0.02030	0.01567	0.00923	0.00748	0.00226	0.00772	0.00709	0.00758	0.01237
48	0.01741	0.01890	0.03859	0.08151	0.17924	0.01852	0.45890	0.02301	0.01697	0.02333	0.01447	0.01951	0.01122	0.00667	0.00895	0.00247	0.03838	0.00807	0.00369	0.01019
49	0.01752	0.02003	0.04380	0.03129	0.03880	0.01877	0.66583	0.02378	0.01752	0.02378	0.01502	0.02003	0.01126	0.00626	0.00876	0.00250	0.01252	0.00876	0.00375	0.01001
50	0.01532	0.01377	0.01747	0.04608	0.01940	0.01358	0.01131	0.01816	0.01422	0.02201	0.01332	0.04355	0.01207	0.00833	0.01092	0.00183	0.20349	0.00572	0.00413	0.50533
51	0.01402	0.01319	0.02227	0.72126	0.05113	0.01649	0.02062	0.01897	0.01484	0.01897	0.01319	0.01979	0.00990	0.00742	0.00742	0.00247	0.00990	0.00660	0.00330	0.00825
52	0.01080	0.00720	0.00810	0.00810	0.00810	0.00720	0.00450	0.01080	0.01080	0.01439	0.02339	0.04858	0.02699	0.73910	0.03779	0.00720	0.00720	0.01080	0.00450	0.00450
53	0.01571	0.01483	0.02467	0.45832	0.26734	0.01698	0.02093	0.02124	0.04722	0.02134	0.01427	0.01969	0.01114	0.00727	0.00740	0.00238	0.00934	0.00669	0.00363	0.00961
54	0.01624	0.01624	0.02274	0.01949	0.01949	0.02274	0.01624	0.01787	0.01137	0.01787	0.00975	0.01624	0.00975	0.01299	0.02436	0.00325	0.72552	0.00650	0.00325	0.00812
55	0.02090	0.43248	0.12514	0.01529	0.02159	0.15690	0.01495	0.06808	0.01790	0.02092	0.03674	0.01474	0.01198	0.00720	0.00578	0.00183	0.00926	0.00488	0.00377	0.00967
56	0.01588	0.01163	0.01250	0.01126	0.01388	0.07892	0.00859	0.03825	0.04080	0.11479	0.47044	0.07262	0.05337	0.01364	0.00834	0.00232	0.00510	0.01175	0.00777	0.00816
57	0.02375	0.06777	0.01972	0.01460	0.01936	0.04590	0.01195	0.43830	0.02815	0.03835	0.01980	0.06906	0.01597	0.00964	0.00696	0.00214	0.00726	0.00747	0.14306	0.01079
58	0.02054	0.01698	0.01795	0.01553	0.02009	0.01943	0.01225	0.17289	0.54256	0.03439	0.02758	0.02560	0.02053	0.00983	0.00753	0.00246	0.00636	0.00803	0.00753	0.01194
59	0.01064	0.00780	0.01116	0.01116	0.01222	0.00886	0.00832	0.01276	0.01170	0.01666	0.02059	0.03305	0.02025	0.19252	0.57515	0.01098	0.01734	0.00852	0.00408	0.00620
60	0.01619	0.01712	0.04958	0.01956	0.01999	0.02252	0.01668	0.01809	0.01154	0.01809	0.00989	0.01622	0.00973	0.01276	0.02368	0.00321	0.69723	0.00646	0.00324	0.00823
61	0.01033	0.00841	0.00926	0.00896	0.01136	0.00778	0.00674	0.01471	0.08884	0.02406	0.25038	0.08377	0.41460	0.01694	0.00866	0.00247	0.00393	0.01441	0.00734	0.00706
62	0.02124	0.01396	0.01591	0.01392	0.01822	0.01492	0.01104	0.03494	0.41472	0.20525	0.05456	0.03320	0.06205	0.01101	0.00777	0.00250	0.00584	0.03974	0.00793	0.01127
63	0.00934	0.00794	0.00810	0.00799	0.01054	0.00690	0.00601	0.01224	0.04952	0.02111	0.10556	0.06846	0.62430	0.01818	0.00871	0.00250	0.00385	0.01519	0.00699	0.00657
64	0.01740	0.01740	0.03193	0.16305	0.42457	0.01770	0.17330	0.02233	0.01668	0.02320	0.01407	0.01901	0.01131	0.00668	0.00769	0.00232	0.00988	0.00712	0.00363	0.01072
65	0.01778	0.01703	0.02905	0.13828	0.60475	0.01748	0.02249	0.02226	0.01662	0.02353	0.01386	0.01857	0.01150	0.00673	0.00736	0.00224	0.00897	0.00661	0.00362	0.01128
66	0.00904	0.00646	0.00861	0.01034	0.01077	0.00603	0.00689	0.01034	0.01421	0.01895	0.04092	0.73426	0.04910	0.02326	0.00948	0.00301	0.00431	0.02110	0.00689	0.00603
67	0.79154	0.01436	0.01091	0.00976	0.01436	0.01665	0.00804	0.02182	0.01263	0.03331	0.01034	0.01206	0.00804	0.00689	0.00459	0.00230	0.00574	0.00402	0.00459	0.00804
68	0.02184	0.04446	0.15643	0.01402	0.01970	0.01263	0.01346	0.02774	0.08191	0.30145	0.19272	0.03068	0.02971	0.01025	0.00761	0.00231	0.00658	0.00853	0.00731	0.01066
69	0.08477	0.01294	0.01677	0.01308	0.01865	0.01174	0.01076	0.03537	0.05812	0.61412	0.02803	0.02449	0.01791	0.00908	0.00727	0.00231	0.00625	0.00728	0.00878	0.01227
70	0.07256	0.01852	0.02752	0.09324	0.49463	0.07669	0.04368	0.02342	0.01695	0.04310	0.01391	0.01788	0.01134	0.00685	0.00716	0.00222	0.00915	0.00638	0.00388	0.01091
71	0.01180	0.00843	0.01177	0.01348	0.01512	0.00840	0.01167	0.01509	0.01693	0.02203	0.03940	0.12078	0.04309	0.02066	0.01021	0.00339	0.00669	0.60743	0.00684	0.00679
72	0.01049	0.00787	0.01136	0.01136	0.01267	0.00893	0.00869	0.01290	0.01220	0.01723	0.02395	0.03345	0.06546	0.10122	0.61405	0.01095	0.01788	0.00869	0.00421	0.00645
73	0.01685	0.06085	0.28720	0.03008	0.19509	0.01843	0.23759	0.02336	0.01656	0.02349	0.01390	0.01760	0.01060	0.00665	0.00758	0.00233	0.01081	0.00678	0.00347	0.01078
74	0.01489	0.03840	0.70064	0.02116	0.03213	0.01724	0.02743	0.02351	0.01567	0.02351	0.01332	0.01567	0.00940	0.00705	0.00705	0.00235	0.01097	0.00549	0.00313	0.01097
75	0.01196	0.00854	0.01196	0.01367	0.01538	0.00854	0.01196	0.01538	0.01709	0.02222	0.03931	0.08374	0.04272	0.02051	0.01025	0.00342	0.00684	0.64283	0.00684	0.00684
76	0.01921	0.69282	0.03704	0.01265	0.01865	0.02799	0.01247	0.02161	0.01487	0.01745	0.01098	0.01310	0.01015	0.00975	0.05339	0.00230	0.00876	0.00424	0.00323	0.00933
77	0.05613	0.50423	0.03106	0.01290	0.01783	0.02455	0.01201	0.04632	0.01597	0.02075	0.07971	0.05133	0.01752	0.00877	0.00727	0.00194	0.07251	0.00607	0.00410	0.00903
78	0.00976	0.00756	0.00889	0.00855	0.01063	0.00669	0.00642	0.01256	0.01925	0.02558	0.42410	0.06235	0.33744	0.01674	0.00876	0.00241	0.00361	0.01439	0.00762	0.00669
79	0.01051	0.00759	0.00992	0.00934	0.01109	0.00700	0.00700	0.01401	0.02101	0.02977	0.68888	0.05545	0.07005	0.01518	0.00876	0.00233	0.00350	0.01343	0.00817	0.00700
80	0.02719	0.08424	0.02227	0.01868	0.02268	0.66239	0.01423	0.02913	0.02063	0.01812	0.01140	0.01329	0.00956	0.00756	0.00656	0.00189	0.01301	0.00473	0.00378	0.00867
81	0.01740	0.02090	0.07512	0.03081	0.03848	0.01870	0.63540	0.02377	0.01743	0.02377	0.01494	0.01982	0.01118	0.00630	0.00868	0.00250	0.01244	0.00860	0.00373	0.01006
82	0.01390	0.00824	0.01095	0.01032	0.01248	0.00753	0.00784	0.01693	0.01974	0.13202	0.44719	0.16408	0.05718	0.01583	0.00875	0.00249	0.00424	0.04452	0.00805	0.00772
83	0.00903	0.00650	0.00857	0.01023	0.01074	0.00604	0.00684	0.01035	0.01431	0.01899	0.04220	0.70945	0.07307	0.02309	0.00945	0.00300	0.00429	0.02090	0.00689	0.00604
84	0.03236	0.01416	0.01817	0.01393	0.01971	0.01317	0.01151	0.15427	0.02380	0.57624	0.02715	0.02388	0.01730	0.00914	0.00746	0.00228	0.00666	0.00732	0.00886	0.01263
85	0.01058	0.00957	0.04893	0.01027	0.01258	0.00788	0.00829	0.01449	0.05066	0.02521	0.34856	0.17932	0.18780	0.01689	0.00879	0.00255	0.00437	0.03886	0.00731	0.00713
86	0.01604	0.01379	0.01774	0.19789	0.02682	0.01265	0.01231	0.06951	0.01677	0.02459	0.01356	0.01674	0.01083	0.00627	0.00615	0.00155	0.00686	0.00515	0.00435	0.52043
87	0.01981	0.01676	0.01931	0.04722	0.02038	0.05816	0.01342	0.24160	0.04314	0.02872	0.01747	0.07008	0.01550	0.03515	0.06313	0.00340	0.22634	0.00781	0.04319	0.00941

[dist]
# distance from previous block
# <min> <max>
0	1

[block]
# block no. 1 follows, 27 sequences, length 38
# corresponding to MSA columns:
# 359-396
name=unknown_B
#
# <colnr> <probs for GDERKNQSTAVLIFYWHMCP>
#	G	D	E	R	K	N	Q	S	T	A	V	L	I	F	Y	W	H	M	C	P
0	0.00965	0.00748	0.00801	0.00799	0.00998	0.00660	0.00583	0.01160	0.01648	0.02092	0.13881	0.06429	0.46289	0.12002	0.01274	0.00314	0.00430	0.03472	0.04838	0.00616
1	0.70394	0.01382	0.01108	0.00994	0.01438	0.01578	0.00819	0.02208	0.01327	0.06215	0.01262	0.01553	0.01002	0.00750	0.00493	0.00231	0.00572	0.02486	0.03373	0.00816
2	0.02671	0.02376	0.02119	0.01731	0.02248	0.19446	0.01383	0.41874	0.12290	0.03738	0.01799	0.01811	0.01328	0.00876	0.00726	0.00219	0.00915	0.00645	0.00654	0.01149
3	0.04235	0.03755	0.67625	0.02076	0.03150	0.01722	0.02674	0.02345	0.01557	0.02386	0.01322	0.01555	0.00936	0.00705	0.00697	0.00235	0.01079	0.00543	0.00319	0.01087
4	0.02703	0.01912	0.07311	0.01461	0.02052	0.13956	0.01253	0.03091	0.04277	0.37348	0.02185	0.02061	0.01485	0.00810	0.00694	0.00202	0.00783	0.00629	0.00679	0.15108
5	0.00904	0.00646	0.00861	0.01034	0.01077	0.00603	0.00689	0.01034	0.01421	0.01895	0.04092	0.73426	0.04910	0.02326	0.00948	0.00301	0.00431	0.02110	0.00689	0.00603
6	0.01066	0.00772	0.01073	0.01073	0.01164	0.00863	0.00778	0.01248	0.01157	0.01634	0.02099	0.03526	0.02121	0.27021	0.49877	0.01044	0.01590	0.00885	0.00414	0.00596
7	0.02714	0.03414	0.02077	0.01887	0.02272	0.66502	0.01418	0.03027	0.06324	0.01899	0.01268	0.01430	0.01040	0.00781	0.00675	0.00195	0.01291	0.00501	0.00406	0.00881
8	0.02263	0.01784	0.01909	0.01595	0.02083	0.02013	0.01283	0.32466	0.35823	0.03785	0.02495	0.02554	0.01893	0.00998	0.00761	0.00242	0.00696	0.03414	0.00747	0.01194
9	0.01010	0.00788	0.00936	0.00987	0.01200	0.00714	0.00798	0.01272	0.01753	0.02210	0.14527	0.07350	0.38565	0.01890	0.00928	0.00279	0.00478	0.22957	0.00705	0.00656
10	0.00888	0.00748	0.00769	0.00774	0.01012	0.00630	0.00577	0.01082	0.01702	0.02052	0.10618	0.09926	0.62929	0.01880	0.00880	0.00252	0.00377	0.01578	0.00696	0.00630
11	0.01063	0.00785	0.01139	0.01139	0.01253	0.00899	0.00861	0.01291	0.01177	0.01684	0.02038	0.03188	0.01974	0.15143	0.61555	0.01127	0.01811	0.00835	0.00405	0.00633
12	0.01068	0.00765	0.01041	0.01041	0.01122	0.00846	0.00739	0.01228	0.01148	0.01611	0.02127	0.03684	0.02189	0.32592	0.44400	0.01006	0.01487	0.00908	0.00418	0.00579
13	0.01068	0.00715	0.00813	0.00824	0.00827	0.00712	0.00465	0.01077	0.01101	0.01469	0.02451	0.09253	0.02841	0.69322	0.03597	0.00693	0.00701	0.01146	0.00465	0.00460
14	0.01972	0.01567	0.01682	0.01495	0.01927	0.01783	0.01168	0.03917	0.62383	0.08735	0.03014	0.02749	0.02230	0.01000	0.00755	0.00250	0.00591	0.00831	0.00769	0.01182
15	0.01565	0.03189	0.48917	0.06274	0.12022	0.01746	0.11210	0.02321	0.01604	0.02340	0.01363	0.01683	0.00999	0.00691	0.00734	0.00236	0.01084	0.00613	0.00330	0.01080
16	0.03331	0.01263	0.01723	0.01321	0.01895	0.01091	0.01091	0.03618	0.02125	0.69794	0.02929	0.02527	0.01838	0.00919	0.00747	0.00230	0.00632	0.00747	0.00919	0.01263
17	0.15658	0.01341	0.02018	0.59081	0.04439	0.01652	0.01831	0.01949	0.01444	0.02160	0.01267	0.01837	0.00956	0.00732	0.00690	0.00244	0.00913	0.00612	0.00354	0.00821
18	0.01837	0.01764	0.03013	0.04557	0.69279	0.01764	0.02278	0.02278	0.01690	0.02425	0.01396	0.01837	0.01176	0.00661	0.00735	0.00220	0.00882	0.00661	0.00367	0.01176
19	0.00904	0.00646	0.00861	0.01034	0.01077	0.00603	0.00689	0.01034	0.01421	0.01895	0.04092	0.73426	0.04910	0.02326	0.00948	0.00301	0.00431	0.02110	0.00689	0.00603
20	0.01808	0.01546	0.01573	0.01390	0.01791	0.04273	0.01085	0.12203	0.41205	0.03073	0.06513	0.03500	0.14515	0.01164	0.00778	0.00244	0.00600	0.00957	0.00730	0.01054
21	0.01402	0.01319	0.02227	0.72126	0.05113	0.01649	0.02062	0.01897	0.01484	0.01897	0.01319	0.01979	0.00990	0.00742	0.00742	0.00247	0.00990	0.00660	0.00330	0.00825
22	0.03305	0.01304	0.01748	0.01340	0.01915	0.01151	0.01107	0.06754	0.02193	0.66562	0.02872	0.02490	0.01809	0.00917	0.00746	0.00229	0.00641	0.00743	0.00910	0.01263
23	0.01181	0.00791	0.01017	0.00942	0.01150	0.00719	0.00713	0.01512	0.02065	0.07170	0.58975	0.05500	0.12415	0.01513	0.00867	0.00235	0.00371	0.01325	0.00812	0.00730
24	0.02203	0.02518	0.01808	0.01680	0.02002	0.41355	0.01304	0.05354	0.05776	0.02089	0.02183	0.03056	0.05995	0.01347	0.04611	0.00284	0.04117	0.10992	0.00487	0.00840
25	0.00915	0.00754	0.00805	0.00792	0.01026	0.00643	0.00594	0.01139	0.01782	0.02218	0.20943	0.06795	0.55423	0.01801	0.00877	0.00247	0.00370	0.01518	0.00717	0.00643
26	0.01075	0.00738	0.00901	0.00901	0.00932	0.00769	0.00564	0.01138	0.01107	0.01507	0.02256	0.04396	0.02498	0.57658	0.19756	0.00832	0.01021	0.01012	0.00437	0.00500
27	0.01792	0.01760	0.02742	0.16657	0.50706	0.06070	0.02144	0.02223	0.01679	0.02282	0.01463	0.02081	0.01246	0.00736	0.00743	0.00228	0.00923	0.03077	0.00374	0.01073
28	0.01594	0.01580	0.02216	0.01908	0.01915	0.02201	0.01587	0.01762	0.01140	0.01783	0.01029	0.01694	0.01022	0.01529	0.06129	0.00372	0.68749	0.00658	0.00329	0.00804
29	0.01196	0.00854	0.01196	0.01367	0.01538	0.00854	0.01196	0.01538	0.01709	0.02222	0.03931	0.08374	0.04272	0.02051	0.01025	0.00342	0.00684	0.64283	0.00684	0.00684
30	0.01537	0.01300	0.02085	0.22048	0.22479	0.01382	0.03888	0.02018	0.05144	0.05202	0.07901	0.13985	0.02357	0.01067	0.00781	0.00243	0.00755	0.00978	0.03930	0.00919
31	0.02541	0.02699	0.02133	0.05064	0.06227	0.36955	0.01469	0.19060	0.11625	0.02755	0.01592	0.01708	0.01231	0.00824	0.00707	0.00212	0.01061	0.00595	0.00522	0.01022
32	0.08478	0.01934	0.01809	0.01567	0.04267	0.13392	0.01204	0.31551	0.02547	0.07279	0.02257	0.04427	0.06753	0.00968	0.00703	0.00218	0.00785	0.00737	0.08094	0.01030
33	0.01569	0.01553	0.06155	0.39630	0.17296	0.01608	0.01966	0.06121	0.01686	0.02263	0.01647	0.02588	0.01400	0.00867	0.00762	0.00245	0.00914	0.07513	0.00405	0.03812
34	0.02437	0.02812	0.02440	0.02857	0.26525	0.41960	0.01738	0.06392	0.02034	0.02202	0.01274	0.01545	0.01053	0.00735	0.00697	0.00204	0.01143	0.00555	0.00398	0.00998
35	0.00981	0.00713	0.00911	0.01027	0.01103	0.00673	0.00686	0.01169	0.03561	0.01906	0.03745	0.60447	0.04417	0.10210	0.01241	0.00339	0.00473	0.01884	0.00654	0.03860
36	0.01882	0.43790	0.19158	0.01505	0.02196	0.07678	0.01589	0.04700	0.01675	0.02068	0.04195	0.01703	0.03588	0.00752	0.00586	0.00188	0.00876	0.00530	0.00372	0.00970
37	0.01434	0.00753	0.00771	0.00749	0.00939	0.00766	0.00568	0.04429	0.01626	0.02816	0.02382	0.02731	0.01875	0.01008	0.02656	0.00206	0.00415	0.00694	0.72466	0.00715

[dist]
# distance from previous block
# <min> <max>
0	2

[block]
# block no. 2 follows, 27 sequences, length 40
# corresponding to MSA columns:
# 399-438
name=unknown_C
#
# <colnr> <probs for GDERKNQSTAVLIFYWHMCP>
#	G	D	E	R	K	N	Q	S	T	A	V	L	I	F	Y	W	H	M	C	P
0	0.01430	0.01348	0.02277	0.67801	0.09220	0.01657	0.02076	0.01921	0.01498	0.01931	0.01324	0.01970	0.01002	0.00737	0.00742	0.00246	0.00983	0.00660	0.00332	0.00847
1	0.01539	0.01319	0.01539	0.01100	0.01759	0.00990	0.00880	0.01869	0.01539	0.02419	0.01319	0.01539	0.01100	0.00550	0.00550	0.00110	0.00550	0.00440	0.00440	0.78449
2	0.02663	0.02000	0.02138	0.01676	0.02241	0.02228	0.01372	0.56542	0.14011	0.04422	0.01985	0.01944	0.01426	0.00910	0.00745	0.00228	0.00779	0.00696	0.00745	0.01248
3	0.00888	0.00752	0.00767	0.00763	0.01009	0.00631	0.00573	0.01086	0.01718	0.02066	0.11346	0.07045	0.65115	0.01858	0.00877	0.00250	0.00374	0.01553	0.00697	0.00631
4	0.01429	0.01344	0.02231	0.55070	0.15242	0.01582	0.01971	0.01889	0.01536	0.01992	0.01855	0.02392	0.06759	0.00825	0.00752	0.00243	0.00920	0.00737	0.00366	0.00865
5	0.02032	0.01634	0.01744	0.01524	0.01971	0.01861	0.01198	0.11155	0.57261	0.06598	0.02874	0.02644	0.02129	0.00989	0.00753	0.00247	0.00616	0.00815	0.00762	0.01189
6	0.01061	0.00795	0.01193	0.01193	0.01326	0.00928	0.00928	0.01326	0.01193	0.01723	0.01988	0.02916	0.01856	0.05568	0.70968	0.01193	0.01988	0.00795	0.00398	0.00663
7	0.02586	0.03226	0.02132	0.01918	0.02239	0.59722	0.01465	0.02772	0.01946	0.01812	0.01119	0.01385	0.00959	0.00852	0.00958	0.00213	0.12964	0.00506	0.00373	0.00853
8	0.00962	0.00764	0.00849	0.00893	0.01080	0.00683	0.00643	0.03588	0.01662	0.02068	0.06035	0.31376	0.42746	0.02006	0.00898	0.00268	0.00413	0.01733	0.00691	0.00642
9	0.00904	0.00646	0.00861	0.01034	0.01077	0.00603	0.00689	0.01034	0.01421	0.01895	0.04092	0.73426	0.04910	0.02326	0.00948	0.00301	0.00431	0.02110	0.00689	0.00603
10	0.01080	0.00720	0.00810	0.00810	0.00810	0.00720	0.00450	0.01080	0.01080	0.01439	0.02339	0.04858	0.02699	0.73910	0.03779	0.00720	0.00720	0.01080	0.00450	0.00450
11	0.09078	0.01451	0.01868	0.01872	0.12866	0.01457	0.01284	0.03368	0.20110	0.34816	0.02544	0.02370	0.01760	0.00882	0.00723	0.00234	0.00656	0.00729	0.00745	0.01186
12	0.03298	0.01316	0.01755	0.01346	0.01921	0.01169	0.01112	0.07662	0.02212	0.65626	0.02855	0.02479	0.01801	0.00917	0.00746	0.00229	0.00644	0.00742	0.00908	0.01263
13	0.01009	0.00700	0.00881	0.00985	0.01026	0.00680	0.00655	0.01113	0.01320	0.01753	0.03375	0.38318	0.03954	0.30762	0.02083	0.00473	0.00576	0.09191	0.00593	0.00552
14	0.00917	0.00655	0.00872	0.01025	0.01079	0.00611	0.00690	0.01064	0.01478	0.01986	0.09512	0.67747	0.05085	0.02258	0.00942	0.00296	0.00424	0.02046	0.00700	0.00611
15	0.22256	0.01859	0.01875	0.01480	0.02023	0.02074	0.01220	0.47662	0.02843	0.04257	0.01617	0.01675	0.01171	0.00839	0.00661	0.00223	0.00736	0.00601	0.03806	0.01122
16	0.01433	0.01362	0.02317	0.66502	0.04953	0.01667	0.05238	0.01984	0.03566	0.01958	0.01382	0.02005	0.01036	0.00745	0.00749	0.00248	0.00990	0.00676	0.00345	0.00844
17	0.45982	0.01597	0.07250	0.25482	0.02846	0.01665	0.01398	0.02098	0.01365	0.02757	0.01157	0.01501	0.00879	0.00709	0.00577	0.00236	0.00761	0.00503	0.00403	0.00836
18	0.08651	0.02151	0.02074	0.17895	0.10549	0.22451	0.01550	0.15323	0.02084	0.02678	0.01427	0.01725	0.01108	0.00774	0.00680	0.00216	0.00965	0.00588	0.06161	0.00953
19	0.02639	0.15626	0.02409	0.01803	0.02228	0.59324	0.01406	0.02838	0.02002	0.01805	0.01128	0.01314	0.00956	0.00743	0.00636	0.00186	0.01246	0.00464	0.00371	0.00876
20	0.02671	0.02004	0.02143	0.01677	0.02245	0.02232	0.01374	0.57063	0.13478	0.04435	0.01974	0.01935	0.01418	0.00909	0.00745	0.00227	0.00781	0.00695	0.00745	0.01249
21	0.01061	0.00795	0.01193	0.01193	0.01326	0.00928	0.00928	0.01326	0.01193	0.01723	0.01988	0.02916	0.01856	0.05568	0.70968	0.01193	0.01988	0.00795	0.00398	0.00663
22	0.01059	0.00891	0.00935	0.00900	0.01168	0.00836	0.00682	0.01580	0.12561	0.02314	0.14902	0.06219	0.49891	0.01690	0.00857	0.00249	0.00407	0.01418	0.00717	0.00726
23	0.02785	0.03177	0.02135	0.01862	0.02297	0.53934	0.01429	0.18775	0.02447	0.02526	0.01305	0.01449	0.01032	0.00796	0.00688	0.00199	0.01210	0.00525	0.00472	0.00960
24	0.01608	0.01611	0.02170	0.01882	0.01900	0.04252	0.01554	0.01774	0.01180	0.01789	0.01145	0.04574	0.01167	0.01489	0.04963	0.00353	0.64734	0.00709	0.00344	0.00799
25	0.01133	0.00795	0.01084	0.01186	0.01337	0.00773	0.00974	0.01394	0.01698	0.02252	0.16659	0.12675	0.08265	0.02004	0.01139	0.06901	0.00576	0.37827	0.00680	0.00646
26	0.01061	0.00795	0.01193	0.01193	0.01326	0.00928	0.00928	0.01326	0.01193	0.01723	0.01988	0.02916	0.01856	0.05568	0.70968	0.01193	0.01988	0.00795	0.00398	0.00663
27	0.01196	0.00854	0.01196	0.01367	0.01538	0.00854	0.01196	0.01538	0.01709	0.02222	0.03931	0.08374	0.04272	0.02051	0.01025	0.00342	0.00684	0.64283	0.00684	0.00684
28	0.08237	0.19428	0.41562	0.01887	0.02780	0.01988	0.07533	0.02350	0.01561	0.04417	0.01303	0.01518	0.00975	0.00688	0.00648	0.00218	0.00982	0.00535	0.00351	0.01037
29	0.02052	0.01608	0.01728	0.01511	0.01959	0.01821	0.01188	0.09176	0.57045	0.08812	0.02910	0.02667	0.02146	0.00990	0.00754	0.00248	0.00610	0.00817	0.00768	0.01190
30	0.00938	0.00763	0.00840	0.00868	0.01093	0.00665	0.00673	0.01159	0.01714	0.02104	0.11330	0.09896	0.52254	0.01897	0.00902	0.00265	0.00422	0.10880	0.00698	0.00640
31	0.01558	0.01612	0.07953	0.58856	0.04659	0.01724	0.02051	0.08719	0.01701	0.02226	0.01369	0.01924	0.01014	0.00755	0.00739	0.00244	0.00981	0.00651	0.00372	0.00893
32	0.12127	0.01254	0.01279	0.01105	0.01453	0.01357	0.00891	0.23025	0.02159	0.03431	0.02126	0.02598	0.01700	0.00926	0.00617	0.00208	0.00552	0.04716	0.37586	0.00893
33	0.00904	0.00646	0.00861	0.01034	0.01077	0.00603	0.00689	0.01034	0.01421	0.01895	0.04092	0.73426	0.04910	0.02326	0.00948	0.00301	0.00431	0.02110	0.00689	0.00603
34	0.01080	0.00720	0.00810	0.00810	0.00810	0.00720	0.00450	0.01080	0.01080	0.01439	0.02339	0.04858	0.02699	0.73910	0.03779	0.00720	0.00720	0.01080	0.00450	0.00450
35	0.01628	0.01550	0.02634	0.37109	0.38366	0.01709	0.02174	0.02094	0.01591	0.02171	0.01359	0.01906	0.01086	0.00700	0.00738	0.00233	0.00934	0.00661	0.00349	0.01007
36	0.01681	0.01889	0.04086	0.02954	0.03645	0.01771	0.61071	0.02266	0.01725	0.02338	0.01719	0.07977	0.01443	0.00768	0.00882	0.00255	0.01183	0.00979	0.00402	0.00968
37	0.01181	0.00850	0.01175	0.01337	0.01512	0.00843	0.01166	0.01515	0.01708	0.02211	0.04105	0.08314	0.07417	0.02042	0.01018	0.00337	0.00669	0.61234	0.00684	0.00681
38	0.01036	0.00758	0.00972	0.00919	0.01100	0.00694	0.00689	0.01373	0.02067	0.02895	0.63708	0.05680	0.12236	0.01548	0.00876	0.00235	0.00352	0.01361	0.00806	0.00694
39	0.02374	0.32256	0.02917	0.01863	0.07790	0.33972	0.01437	0.05706	0.01893	0.01979	0.01152	0.01342	0.00988	0.00709	0.00600	0.00182	0.01052	0.00470	0.00372	0.00944

[dist]
# distance from previous block
# <min> <max>
0	1

[block]
# block no. 3 follows, 27 sequences, length 128
# corresponding to MSA columns:
# 440-567
name=unknown_D
#
# <colnr> <probs for GDERKNQSTAVLIFYWHMCP>
#	G	D	E	R	K	N	Q	S	T	A	V	L	I	F	Y	W	H	M	C	P
0	0.02249	0.50948	0.03317	0.01460	0.02034	0.18077	0.01322	0.09153	0.01849	0.02069	0.01136	0.01286	0.00986	0.00691	0.00547	0.00173	0.00918	0.00444	0.00377	0.00965
1	0.79154	0.01436	0.01091	0.00976	0.01436	0.01665	0.00804	0.02182	0.01263	0.03331	0.01034	0.01206	0.00804	0.00689	0.00459	0.00230	0.00574	0.00402	0.00459	0.00804
2	0.00898	0.00753	0.00780	0.00773	0.01015	0.00635	0.00580	0.01104	0.01740	0.02118	0.14660	0.06958	0.61768	0.01838	0.00877	0.00249	0.00373	0.01541	0.00704	0.00635
3	0.01568	0.11610	0.58090	0.02187	0.07550	0.01863	0.02546	0.02332	0.01569	0.02288	0.01303	0.01543	0.00958	0.00694	0.00682	0.00226	0.01049	0.00539	0.00318	0.01086
4	0.01539	0.01319	0.01539	0.01100	0.01759	0.00990	0.00880	0.01869	0.01539	0.02419	0.01319	0.01539	0.01100	0.00550	0.00550	0.00110	0.00550	0.00440	0.00440	0.78449
5	0.01985	0.74357	0.03890	0.01270	0.01905	0.02937	0.01270	0.02223	0.01508	0.01747	0.01032	0.01191	0.00953	0.00635	0.00476	0.00159	0.00794	0.00397	0.00318	0.00953
6	0.00920	0.00754	0.00811	0.00797	0.01029	0.00645	0.00598	0.01148	0.01793	0.02244	0.22608	0.06751	0.53742	0.01791	0.00877	0.00246	0.00370	0.01512	0.00721	0.00645
7	0.01064	0.00732	0.00857	0.00855	0.00893	0.00738	0.00522	0.01118	0.01167	0.01561	0.04890	0.04799	0.06952	0.58860	0.11378	0.00729	0.00834	0.01086	0.00471	0.00495
8	0.02787	0.01755	0.01971	0.01543	0.02095	0.01868	0.01264	0.40673	0.10135	0.21427	0.02245	0.02126	0.01550	0.00910	0.00736	0.00226	0.00724	0.00709	0.04027	0.01229
9	0.00915	0.00654	0.00874	0.01046	0.01094	0.00612	0.00708	0.01053	0.01432	0.01907	0.04086	0.70983	0.04886	0.02315	0.00950	0.00303	0.00440	0.04445	0.00689	0.00606
10	0.02773	0.03538	0.02104	0.01913	0.02295	0.70930	0.01434	0.02964	0.02104	0.01817	0.01148	0.01339	0.00956	0.00765	0.00669	0.00191	0.01339	0.00478	0.00383	0.00861
11	0.02276	0.01659	0.01759	0.01437	0.01897	0.01839	0.01158	0.37723	0.18069	0.03888	0.02213	0.02231	0.01638	0.00912	0.00696	0.00218	0.00659	0.00713	0.17901	0.01115
12	0.01136	0.00812	0.01128	0.01299	0.01443	0.00803	0.01092	0.01435	0.01650	0.02155	0.03964	0.21719	0.04403	0.02107	0.01009	0.00334	0.00632	0.51528	0.00685	0.00667
13	0.00902	0.00753	0.00786	0.00778	0.01018	0.00637	0.00583	0.01113	0.01750	0.02143	0.16216	0.06918	0.60197	0.01829	0.00877	0.00248	0.00372	0.01535	0.00707	0.00637
14	0.01819	0.01859	0.05687	0.04374	0.62671	0.01769	0.06286	0.02287	0.01689	0.02420	0.01400	0.01837	0.01164	0.00661	0.00743	0.00223	0.00913	0.00670	0.00366	0.01162
15	0.79154	0.01436	0.01091	0.00976	0.01436	0.01665	0.00804	0.02182	0.01263	0.03331	0.01034	0.01206	0.00804	0.00689	0.00459	0.00230	0.00574	0.00402	0.00459	0.00804
16	0.01061	0.00795	0.01193	0.01193	0.01326	0.00928	0.00928	0.01326	0.01193	0.01723	0.01988	0.02916	0.01856	0.05568	0.70968	0.01193	0.01988	0.00795	0.00398	0.00663
17	0.01142	0.00782	0.01007	0.00938	0.01137	0.00713	0.00708	0.01477	0.02070	0.05985	0.61028	0.05531	0.11629	0.01518	0.00870	0.00235	0.00365	0.01333	0.00812	0.00721
18	0.00904	0.00646	0.00861	0.01034	0.01077	0.00603	0.00689	0.01034	0.01421	0.01895	0.04092	0.73426	0.04910	0.02326	0.00948	0.00301	0.00431	0.02110	0.00689	0.00603
19	0.02822	0.02079	0.02228	0.01708	0.02302	0.02302	0.01411	0.66804	0.03490	0.04679	0.01782	0.01782	0.01262	0.00891	0.00743	0.00223	0.00817	0.00668	0.00743	0.01262
20	0.01167	0.01052	0.01036	0.01157	0.01248	0.10484	0.00794	0.01305	0.01517	0.01884	0.03678	0.63297	0.04354	0.02106	0.00908	0.00286	0.00558	0.01881	0.00646	0.00639
21	0.01624	0.01624	0.02274	0.01949	0.01949	0.02274	0.01624	0.01787	0.01137	0.01787	0.00975	0.01624	0.00975	0.01299	0.02436	0.00325	0.72552	0.00650	0.00325	0.00812
22	0.01033	0.00753	0.00971	0.00927	0.01101	0.00691	0.00691	0.01363	0.02045	0.02867	0.62089	0.08778	0.10753	0.01577	0.00879	0.00238	0.00356	0.01392	0.00803	0.00691
23	0.02773	0.03538	0.02104	0.01913	0.02295	0.70930	0.01434	0.02964	0.02104	0.01817	0.01148	0.01339	0.00956	0.00765	0.00669	0.00191	0.01339	0.00478	0.00383	0.00861
24	0.01962	0.71101	0.06945	0.01309	0.01966	0.02881	0.01338	0.02229	0.01511	0.01774	0.01046	0.01208	0.00952	0.00638	0.00487	0.00162	0.00808	0.00404	0.00317	0.00959
25	0.03331	0.01263	0.01723	0.01321	0.01895	0.01091	0.01091	0.03618	0.02125	0.69794	0.02929	0.02527	0.01838	0.00919	0.00747	0.00230	0.00632	0.00747	0.00919	0.01263
26	0.00904	0.00646	0.00861	0.01034	0.01077	0.00603	0.00689	0.01034	0.01421	0.01895	0.04092	0.73426	0.04910	0.02326	0.00948	0.00301	0.00431	0.02110	0.00689	0.00603
27	0.01402	0.01319	0.02227	0.72126	0.05113	0.01649	0.02062	0.01897	0.01484	0.01897	0.01319	0.01979	0.00990	0.00742	0.00742	0.00247	0.00990	0.00660	0.00330	0.00825
28	0.00927	0.00754	0.00824	0.00834	0.01057	0.00652	0.00632	0.01148	0.01746	0.02172	0.17153	0.10283	0.51625	0.01854	0.00890	0.00256	0.00394	0.05448	0.00710	0.00641
29	0.01079	0.00724	0.00829	0.00829	0.00836	0.00730	0.00474	0.01092	0.01085	0.01454	0.02321	0.04761	0.02657	0.70484	0.07147	0.00743	0.00783	0.01065	0.00447	0.00461
30	0.01624	0.01624	0.02274	0.01949	0.01949	0.02274	0.01624	0.01787	0.01137	0.01787	0.00975	0.01624	0.00975	0.01299	0.02436	0.00325	0.72552	0.00650	0.00325	0.00812
31	0.01752	0.02003	0.04380	0.03129	0.03880	0.01877	0.66583	0.02378	0.01752	0.02378	0.01502	0.02003	0.01126	0.00626	0.00876	0.00250	0.01252	0.00876	0.00375	0.01001
32	0.01196	0.00854	0.01196	0.01367	0.01538	0.00854	0.01196	0.01538	0.01709	0.02222	0.03931	0.08374	0.04272	0.02051	0.01025	0.00342	0.00684	0.64283	0.00684	0.00684
33	0.61623	0.04200	0.07380	0.01164	0.01700	0.01781	0.01055	0.09024	0.01534	0.03333	0.01139	0.01298	0.00869	0.00710	0.00512	0.00227	0.00653	0.00443	0.00472	0.00883
34	0.01106	0.00819	0.01045	0.00967	0.01172	0.00764	0.00729	0.01536	0.05130	0.02962	0.63299	0.05266	0.06563	0.01458	0.00858	0.00230	0.00369	0.01285	0.00800	0.03642
35	0.01051	0.00759	0.00992	0.00934	0.01109	0.00700	0.00700	0.01401	0.02101	0.02977	0.68888	0.05545	0.07005	0.01518	0.00876	0.00233	0.00350	0.01343	0.00817	0.00700
36	0.01061	0.00795	0.01193	0.01193	0.01326	0.00928	0.00928	0.01326	0.01193	0.01723	0.01988	0.02916	0.01856	0.05568	0.70968	0.01193	0.01988	0.00795	0.00398	0.00663
37	0.02329	0.13486	0.05178	0.02357	0.12049	0.28374	0.11518	0.11580	0.02078	0.02397	0.01315	0.01559	0.01055	0.00725	0.00693	0.00205	0.01097	0.00582	0.00418	0.01005
38	0.01384	0.00692	0.00692	0.00692	0.00865	0.00692	0.00519	0.01730	0.01557	0.02768	0.02422	0.02768	0.01903	0.00865	0.00519	0.00173	0.00346	0.00692	0.78031	0.00692
39	0.01471	0.01586	0.09291	0.02050	0.04609	0.01285	0.25819	0.01912	0.01684	0.05431	0.09839	0.22768	0.02882	0.01231	0.00854	0.00253	0.00827	0.01215	0.00536	0.04457
40	0.01539	0.01319	0.01539	0.01100	0.01759	0.00990	0.00880	0.01869	0.01539	0.02419	0.01319	0.01539	0.01100	0.00550	0.00550	0.00110	0.00550	0.00440	0.00440	0.78449
41	0.02773	0.03538	0.02104	0.01913	0.02295	0.70930	0.01434	0.02964	0.02104	0.01817	0.01148	0.01339	0.00956	0.00765	0.00669	0.00191	0.01339	0.00478	0.00383	0.00861
42	0.02884	0.01905	0.02111	0.01626	0.02210	0.02053	0.01341	0.52358	0.05607	0.17116	0.02048	0.01962	0.01410	0.00901	0.00744	0.00225	0.00773	0.00690	0.00777	0.01259
43	0.01069	0.00757	0.00909	0.00913	0.00948	0.00785	0.00577	0.01128	0.01166	0.01564	0.02746	0.11521	0.06875	0.52176	0.10448	0.00684	0.03578	0.01166	0.00478	0.00513
44	0.02477	0.01908	0.02034	0.01638	0.02171	0.02141	0.01328	0.44563	0.26293	0.04122	0.02221	0.02132	0.01618	0.00932	0.00747	0.00233	0.00736	0.00729	0.00747	0.01232
45	0.01061	0.00792	0.01174	0.01174	0.01300	0.00918	0.00904	0.01313	0.01187	0.01709	0.02006	0.03014	0.01898	0.08994	0.67600	0.01169	0.01925	0.00810	0.00400	0.00652
46	0.02049	0.68608	0.03745	0.01322	0.01937	0.08457	0.01284	0.02283	0.01557	0.01752	0.01041	0.01203	0.00953	0.00646	0.00492	0.00161	0.00838	0.00404	0.00323	0.00945
47	0.01179	0.00960	0.01220	0.01208	0.01353	0.05256	0.00930	0.01434	0.01259	0.01757	0.01963	0.02875	0.01829	0.07283	0.61999	0.01080	0.01850	0.00781	0.03116	0.00669
48	0.00904	0.00646	0.00861	0.01034	0.01077	0.00603	0.00689	0.01034	0.01421	0.01895	0.04092	0.73426	0.04910	0.02326	0.00948	0.00301	0.00431	0.02110	0.00689	0.00603
49	0.00891	0.00753	0.00771	0.00766	0.01011	0.00632	0.00575	0.01091	0.01724	0.02080	0.12239	0.07021	0.64213	0.01852	0.00877	0.00249	0.00374	0.01550	0.00699	0.00632
50	0.01548	0.01513	0.02128	0.01847	0.01865	0.02093	0.01530	0.01725	0.01144	0.01778	0.01111	0.01798	0.01093	0.01874	0.11663	0.00442	0.63051	0.00669	0.00335	0.00792
51	0.79154	0.01436	0.01091	0.00976	0.01436	0.01665	0.00804	0.02182	0.01263	0.03331	0.01034	0.01206	0.00804	0.00689	0.00459	0.00230	0.00574	0.00402	0.00459	0.00804
52	0.00904	0.00646	0.00861	0.01034	0.01077	0.00603	0.00689	0.01034	0.01421	0.01895	0.04092	0.73426	0.04910	0.02326	0.00948	0.00301	0.00431	0.02110	0.00689	0.00603
53	0.01443	0.00749	0.00755	0.00734	0.00924	0.00758	0.00555	0.04396	0.01636	0.02846	0.02396	0.02727	0.01877	0.00866	0.00528	0.00175	0.00365	0.00691	0.74865	0.00715
54	0.07818	0.01273	0.01648	0.01286	0.01821	0.01155	0.01057	0.06511	0.02138	0.56801	0.08286	0.02661	0.02178	0.00953	0.00739	0.00230	0.00614	0.00771	0.00873	0.01188
55	0.01752	0.02003	0.04380	0.03129	0.03880	0.01877	0.66583	0.02378	0.01752	0.02378	0.01502	0.02003	0.01126	0.00626	0.00876	0.00250	0.01252	0.00876	0.00375	0.01001
56	0.68364	0.04233	0.01264	0.01023	0.01501	0.01655	0.00852	0.02332	0.01362	0.10116	0.01229	0.01341	0.00916	0.00711	0.00490	0.00227	0.00589	0.00437	0.00501	0.00857
57	0.01402	0.01319	0.02227	0.72126	0.05113	0.01649	0.02062	0.01897	0.01484	0.01897	0.01319	0.01979	0.00990	0.00742	0.00742	0.00247	0.00990	0.00660	0.00330	0.00825
58	0.01846	0.01595	0.01679	0.01511	0.01930	0.01846	0.01175	0.03945	0.67938	0.03105	0.03022	0.02770	0.02266	0.01007	0.00755	0.00252	0.00588	0.00839	0.00755	0.01175
59	0.01965	0.05277	0.07292	0.02464	0.20967	0.24202	0.04603	0.02382	0.04268	0.02208	0.04507	0.02423	0.08683	0.00881	0.00718	0.00213	0.00949	0.00723	0.04326	0.00949
60	0.02773	0.03538	0.02104	0.01913	0.02295	0.70930	0.01434	0.02964	0.02104	0.01817	0.01148	0.01339	0.00956	0.00765	0.00669	0.00191	0.01339	0.00478	0.00383	0.00861
61	0.06123	0.01270	0.01700	0.01308	0.01878	0.01112	0.01081	0.03565	0.02093	0.67346	0.02859	0.02478	0.01800	0.00910	0.00736	0.00230	0.00630	0.00734	0.00902	0.01246
62	0.01557	0.01476	0.02486	0.42091	0.30810	0.01655	0.02090	0.02018	0.01576	0.02114	0.01594	0.02125	0.03736	0.00754	0.00745	0.00237	0.00922	0.00696	0.00359	0.00958
63	0.01539	0.03519	0.59222	0.02408	0.09126	0.01739	0.07456	0.02347	0.01592	0.02360	0.01351	0.01624	0.00975	0.00695	0.00721	0.00235	0.01090	0.00583	0.00323	0.01097
64	0.00910	0.00679	0.00849	0.00980	0.01077	0.00618	0.00679	0.01061	0.01497	0.01934	0.04897	0.55172	0.20058	0.02209	0.00934	0.00291	0.00428	0.04425	0.00689	0.00612
65	0.01203	0.00716	0.00859	0.00882	0.01009	0.00746	0.00642	0.01463	0.01392	0.02236	0.02515	0.12213	0.02366	0.10090	0.19597	0.00518	0.00832	0.00945	0.39127	0.00647
66	0.07827	0.41774	0.02986	0.01457	0.01975	0.19866	0.01286	0.06368	0.01741	0.02062	0.01139	0.01340	0.00994	0.00882	0.03071	0.00218	0.03260	0.00457	0.00374	0.00923
67	0.01592	0.06473	0.46429	0.05505	0.13769	0.01800	0.09481	0.02317	0.01601	0.02319	0.01346	0.01657	0.01000	0.00688	0.00719	0.00231	0.01061	0.00600	0.00330	0.01081
68	0.01196	0.00854	0.01196	0.01367	0.01538	0.00854	0.01196	0.01538	0.01709	0.02222	0.03931	0.08374	0.04272	0.02051	0.01025	0.00342	0.00684	0.64283	0.00684	0.00684
69	0.01819	0.01867	0.06161	0.04400	0.64207	0.01766	0.04279	0.02285	0.01687	0.02420	0.01397	0.01830	0.01163	0.00662	0.00738	0.00222	0.00903	0.00663	0.00365	0.01167
70	0.18577	0.01816	0.14501	0.08790	0.10298	0.01534	0.01503	0.02488	0.12495	0.06100	0.01805	0.01999	0.01360	0.00786	0.00640	0.00226	0.00720	0.00622	0.12767	0.00973
71	0.01883	0.01898	0.02816	0.12801	0.53984	0.09181	0.02160	0.02304	0.01709	0.02293	0.01360	0.01802	0.01129	0.00683	0.00729	0.00221	0.00945	0.00642	0.00364	0.01098
72	0.69600	0.01418	0.01202	0.05512	0.01697	0.01629	0.00901	0.02252	0.01330	0.07289	0.01167	0.01336	0.00879	0.00706	0.00495	0.00231	0.00604	0.00439	0.00479	0.00833
