[name]
unknown

[dist]
# distance from previous block
# <min> <max>
0	57

[block]
# block no. 0 follows, 29 sequences, length 33
# corresponding to MSA columns:
# 62-94
name=unknown_A
#
# <colnr> <probs for GDERKNQSTAVLIFYWHMCP>
#	G	D	E	R	K	N	Q	S	T	A	V	L	I	F	Y	W	H	M	C	P
0	0.01802	0.04976	0.01594	0.04922	0.01778	0.01296	0.01018	0.19012	0.02022	0.10317	0.06915	0.19535	0.02553	0.03476	0.00824	0.00232	0.00605	0.03032	0.00626	0.13467
1	0.06051	0.01449	0.08579	0.10528	0.02044	0.03424	0.01170	0.06612	0.04500	0.06797	0.04820	0.10452	0.13054	0.05451	0.00928	0.00250	0.02531	0.00922	0.00532	0.09906
2	0.01425	0.02067	0.24783	0.09275	0.26036	0.01425	0.01974	0.01922	0.01508	0.02139	0.01854	0.12951	0.01774	0.03368	0.00836	0.00252	0.00844	0.04230	0.00397	0.00942
3	0.05025	0.01620	0.02458	0.20847	0.41813	0.04814	0.01921	0.02155	0.03979	0.02235	0.01347	0.01764	0.01092	0.00665	0.00683	0.00212	0.00850	0.00609	0.00365	0.05548
4	0.02036	0.01654	0.02226	0.14926	0.24081	0.03851	0.01654	0.15681	0.14923	0.08993	0.01824	0.01992	0.01365	0.00781	0.00710	0.00222	0.00789	0.00670	0.00537	0.01084
5	0.06936	0.01725	0.05016	0.03440	0.49590	0.01651	0.01883	0.08317	0.01736	0.02582	0.01341	0.01677	0.01096	0.00647	0.00668	0.00201	0.00793	0.00591	0.00398	0.09712
6	0.01642	0.01284	0.01504	0.01102	0.01694	0.01035	0.00884	0.07093	0.01693	0.06509	0.06027	0.01808	0.01489	0.00636	0.00574	0.00129	0.00539	0.00514	0.00496	0.63347
7	0.01534	0.01263	0.01507	0.04123	0.01820	0.01001	0.00905	0.03579	0.01537	0.04341	0.01406	0.03825	0.01190	0.00608	0.00558	0.00123	0.00551	0.00496	0.00446	0.69188
8	0.02613	0.01938	0.02043	0.01602	0.02144	0.04165	0.01310	0.54919	0.11497	0.07553	0.01896	0.01851	0.01350	0.00866	0.00712	0.00217	0.00762	0.00660	0.00712	0.01189
9	0.00868	0.00620	0.00826	0.00991	0.01033	0.00578	0.00661	0.00991	0.01363	0.01818	0.03925	0.74510	0.04710	0.02231	0.00909	0.00289	0.00413	0.02024	0.00661	0.00578
10	0.01023	0.00843	0.03165	0.01020	0.01215	0.00728	0.03131	0.01351	0.01890	0.02660	0.55617	0.15545	0.06039	0.01519	0.00845	0.00234	0.00400	0.01360	0.00736	0.00679
11	0.02636	0.02187	0.02082	0.01657	0.02183	0.13375	0.01342	0.53365	0.07570	0.03946	0.01692	0.01705	0.01229	0.00843	0.00702	0.00211	0.00849	0.00623	0.00658	0.01144
12	0.00946	0.00678	0.00882	0.01019	0.01083	0.00648	0.00691	0.03855	0.01448	0.01932	0.03830	0.71407	0.04560	0.02172	0.00900	0.00286	0.00429	0.01965	0.00663	0.00605
13	0.01402	0.00736	0.00744	0.00717	0.00905	0.00748	0.00544	0.05274	0.01594	0.02754	0.02290	0.02603	0.01792	0.00831	0.00509	0.00169	0.00356	0.00662	0.74676	0.00693
14	0.00890	0.00654	0.00835	0.00936	0.01029	0.00599	0.00646	0.01062	0.01521	0.02027	0.16771	0.52187	0.14171	0.02027	0.00887	0.00270	0.00391	0.01814	0.00684	0.00599
15	0.70558	0.01405	0.01292	0.01093	0.01559	0.01581	0.05307	0.02181	0.01288	0.06821	0.01121	0.01277	0.00846	0.00669	0.00483	0.00222	0.00598	0.00434	0.00459	0.00808
16	0.00991	0.00721	0.00920	0.00881	0.01040	0.00663	0.00649	0.01289	0.01909	0.02666	0.59155	0.08324	0.11242	0.05232	0.00984	0.00252	0.00359	0.01322	0.00752	0.00650
17	0.00908	0.00724	0.00813	0.00791	0.01003	0.00629	0.00593	0.01150	0.01780	0.02296	0.32358	0.06240	0.44868	0.01664	0.00841	0.00234	0.00351	0.01417	0.00710	0.00629
18	0.80005	0.01377	0.01047	0.00936	0.01377	0.01597	0.00771	0.02093	0.01212	0.03195	0.00991	0.01157	0.00771	0.00661	0.00441	0.00220	0.00551	0.00386	0.00441	0.00771
19	0.01776	0.01594	0.02501	0.27894	0.36211	0.01740	0.01973	0.13139	0.01843	0.02513	0.01376	0.01801	0.01080	0.00698	0.00709	0.00221	0.00871	0.00635	0.00400	0.01025
20	0.01661	0.01729	0.02166	0.01866	0.01900	0.08703	0.01541	0.01819	0.01177	0.01716	0.00950	0.01532	0.00933	0.01199	0.02179	0.00300	0.66921	0.00608	0.00317	0.00783
21	0.00897	0.00632	0.00818	0.00954	0.00988	0.00598	0.00621	0.00999	0.01306	0.01742	0.03633	0.62387	0.04341	0.14857	0.01380	0.00359	0.00461	0.01853	0.00621	0.00553
22	0.01450	0.06935	0.68223	0.01993	0.03025	0.01706	0.02567	0.02249	0.01501	0.02229	0.01265	0.01487	0.00903	0.00673	0.00667	0.00222	0.01039	0.00520	0.00301	0.01046
23	0.01828	0.63929	0.14539	0.01348	0.02028	0.02631	0.01444	0.02152	0.01456	0.01768	0.01036	0.01200	0.00912	0.00620	0.00492	0.00164	0.00808	0.00404	0.00304	0.00936
24	0.00881	0.00716	0.00788	0.00834	0.01033	0.00623	0.00631	0.01069	0.01583	0.01930	0.06279	0.18009	0.51911	0.01892	0.00869	0.00259	0.00403	0.09026	0.00661	0.00604
25	0.00859	0.00722	0.00746	0.00740	0.00973	0.00609	0.00555	0.01056	0.01664	0.02022	0.13855	0.06691	0.63542	0.01767	0.00841	0.00239	0.00358	0.01480	0.00674	0.00609
26	0.05992	0.12411	0.21848	0.04532	0.02306	0.01513	0.04848	0.02096	0.01533	0.06462	0.04573	0.01699	0.01283	0.00666	0.00605	0.00178	0.00759	0.00533	0.00409	0.25754
27	0.01739	0.51457	0.08843	0.01225	0.01756	0.02291	0.01228	0.02033	0.01439	0.01905	0.01253	0.01471	0.01079	0.00692	0.00592	0.00170	0.04934	0.00459	0.14563	0.00872
28	0.00868	0.00620	0.00826	0.00991	0.01033	0.00578	0.00661	0.00991	0.01363	0.01818	0.03925	0.74510	0.04710	0.02231	0.00909	0.00289	0.00413	0.02024	0.00661	0.00578
29	0.08980	0.14639	0.03775	0.01313	0.01877	0.04215	0.01133	0.13683	0.06036	0.23894	0.01838	0.01787	0.01309	0.00755	0.00617	0.00191	0.00681	0.00566	0.00607	0.12103
30	0.01504	0.19581	0.44312	0.01801	0.02635	0.01825	0.06508	0.02119	0.01521	0.02133	0.04838	0.05302	0.01402	0.00773	0.00657	0.00213	0.00928	0.00628	0.00348	0.00972
31	0.00850	0.00722	0.00733	0.00730	0.00967	0.00605	0.00548	0.01038	0.01643	0.01970	0.10369	0.06776	0.67060	0.01786	0.00841	0.00240	0.00359	0.01492	0.00667	0.00605
32	0.03096	0.01370	0.01750	0.01342	0.01897	0.01281	0.01108	0.16522	0.02302	0.57602	0.02587	0.02280	0.01651	0.00876	0.00715	0.00219	0.00642	0.00701	0.00847	0.01212

[dist]
# distance from previous block
# <min> <max>
0	1

[block]
# block no. 1 follows, 29 sequences, length 111
# corresponding to MSA columns:
# 96-155,162-212
name=unknown_B
#
# <colnr> <probs for GDERKNQSTAVLIFYWHMCP>
#	G	D	E	R	K	N	Q	S	T	A	V	L	I	F	Y	W	H	M	C	P
0	0.02206	0.05408	0.01803	0.01587	0.05676	0.26615	0.01172	0.08989	0.08709	0.11698	0.04946	0.02616	0.11312	0.00959	0.00693	0.00206	0.00829	0.00737	0.02914	0.00924
1	0.00985	0.00675	0.00785	0.00824	0.00848	0.00659	0.00492	0.01024	0.01146	0.01515	0.02924	0.21259	0.06954	0.53639	0.02825	0.00570	0.00606	0.01295	0.00499	0.00476
2	0.01477	0.01266	0.01477	0.01055	0.01687	0.00949	0.00844	0.01793	0.01477	0.02320	0.01266	0.01477	0.01055	0.00527	0.00527	0.00105	0.00527	0.00422	0.00422	0.79328
3	0.04978	0.01470	0.01743	0.01335	0.01886	0.01427	0.01096	0.25054	0.02372	0.33094	0.04988	0.02122	0.01647	0.00836	0.00683	0.00201	0.00641	0.00660	0.00737	0.13029
4	0.01848	0.47758	0.08683	0.01426	0.01958	0.06329	0.01373	0.02325	0.09466	0.01885	0.01239	0.01410	0.01065	0.00742	0.00749	0.00190	0.09790	0.00477	0.00358	0.00929
5	0.00942	0.00763	0.00848	0.00857	0.01080	0.00682	0.00668	0.01229	0.03914	0.02139	0.16778	0.06634	0.48328	0.01743	0.00858	0.00250	0.00405	0.10562	0.00682	0.00638
6	0.01762	0.01692	0.02890	0.04371	0.70533	0.01692	0.02185	0.02185	0.01621	0.02326	0.01339	0.01762	0.01128	0.00634	0.00705	0.00211	0.00846	0.00634	0.00352	0.01128
7	0.01095	0.00856	0.01207	0.04513	0.01586	0.00834	0.03852	0.01398	0.01617	0.02062	0.04400	0.09572	0.19935	0.01821	0.00928	0.00297	0.00612	0.42127	0.00629	0.00659
8	0.02551	0.01344	0.01639	0.01309	0.01793	0.01321	0.01061	0.15155	0.12614	0.37380	0.11320	0.02676	0.02347	0.00954	0.00727	0.00219	0.00595	0.00782	0.00800	0.03411
9	0.00899	0.00692	0.00827	0.00898	0.01046	0.00620	0.00656	0.01090	0.01575	0.02019	0.13602	0.32603	0.31482	0.01937	0.00879	0.00265	0.00403	0.07226	0.00676	0.00606
10	0.02468	0.01078	0.01437	0.01162	0.01590	0.00964	0.00936	0.02836	0.04912	0.47351	0.23321	0.03315	0.03289	0.01060	0.00754	0.00222	0.00522	0.00894	0.00845	0.01044
11	0.03174	0.01245	0.01673	0.01283	0.01834	0.01096	0.01060	0.06199	0.02093	0.68219	0.02763	0.02394	0.01739	0.00880	0.00716	0.00220	0.00613	0.00713	0.00874	0.01212
12	0.00856	0.00722	0.00742	0.00737	0.00971	0.00607	0.00553	0.01050	0.01658	0.02006	0.12766	0.06718	0.64640	0.01773	0.00841	0.00239	0.00358	0.01484	0.00672	0.00607
13	0.03174	0.01245	0.01673	0.01283	0.01834	0.01096	0.01060	0.06245	0.02094	0.68173	0.02762	0.02393	0.01739	0.00880	0.00716	0.00220	0.00614	0.00713	0.00874	0.01212
14	0.01378	0.01300	0.02196	0.67720	0.10185	0.01591	0.01994	0.01849	0.01440	0.01860	0.01272	0.01887	0.00964	0.00706	0.00711	0.00235	0.00941	0.00633	0.00319	0.00818
15	0.01345	0.01266	0.02136	0.73264	0.04904	0.01582	0.01978	0.01819	0.01424	0.01819	0.01266	0.01898	0.00949	0.00712	0.00712	0.00237	0.00949	0.00633	0.00316	0.00791
16	0.01369	0.01291	0.02180	0.69213	0.08763	0.01588	0.01990	0.01841	0.01435	0.01849	0.01270	0.01890	0.00960	0.00707	0.00712	0.00236	0.00943	0.00633	0.00319	0.00811
17	0.01631	0.01666	0.05625	0.23195	0.47406	0.01664	0.04311	0.02091	0.01564	0.02182	0.01320	0.01794	0.01068	0.00656	0.00710	0.00220	0.00895	0.00636	0.00341	0.01026
18	0.00868	0.00620	0.00826	0.00991	0.01033	0.00578	0.00661	0.00991	0.01363	0.01818	0.03925	0.74510	0.04710	0.02231	0.00909	0.00289	0.00413	0.02024	0.00661	0.00578
19	0.00868	0.00620	0.00826	0.00991	0.01033	0.00578	0.00661	0.00991	0.01363	0.01818	0.03925	0.74510	0.04710	0.02231	0.00909	0.00289	0.00413	0.02024	0.00661	0.00578
20	0.02435	0.23060	0.02522	0.01745	0.05201	0.43002	0.01354	0.06138	0.01914	0.04821	0.01186	0.01338	0.00977	0.00707	0.00601	0.00179	0.01064	0.00466	0.00389	0.00901
21	0.01904	0.75404	0.03731	0.01218	0.01828	0.02818	0.01218	0.02132	0.01447	0.01675	0.00990	0.01142	0.00914	0.00609	0.00457	0.00152	0.00761	0.00381	0.00305	0.00914
22	0.01980	0.57666	0.09526	0.01388	0.01999	0.13588	0.01370	0.02255	0.01542	0.01738	0.01033	0.01197	0.00913	0.00635	0.00506	0.00164	0.00870	0.00406	0.00314	0.00912
23	0.01070	0.00735	0.00958	0.00906	0.01070	0.00680	0.00670	0.01375	0.01929	0.04838	0.60930	0.08853	0.06238	0.05413	0.00989	0.00252	0.00367	0.01295	0.00762	0.00671
24	0.00875	0.00709	0.00780	0.00815	0.01011	0.00614	0.00606	0.01065	0.01605	0.01982	0.10879	0.18968	0.50264	0.01865	0.00862	0.00253	0.00385	0.05188	0.00670	0.00605
25	0.00959	0.00757	0.00873	0.00864	0.01075	0.00683	0.00665	0.01264	0.03774	0.02311	0.29393	0.06292	0.38863	0.01670	0.00851	0.00243	0.00387	0.07722	0.00707	0.00648
26	0.02853	0.01533	0.01823	0.01398	0.01950	0.01527	0.01152	0.30986	0.02556	0.37452	0.02254	0.02082	0.01496	0.00852	0.00699	0.00211	0.00670	0.00669	0.03059	0.04776
27	0.00868	0.00620	0.00826	0.00991	0.01033	0.00578	0.00661	0.00991	0.01363	0.01818	0.03925	0.74510	0.04710	0.02231	0.00909	0.00289	0.00413	0.02024	0.00661	0.00578
28	0.03102	0.01191	0.01623	0.01251	0.01786	0.01031	0.01031	0.03380	0.02037	0.68137	0.05664	0.02546	0.01973	0.00906	0.00721	0.00220	0.00594	0.00740	0.00877	0.01189
29	0.01841	0.65942	0.12643	0.01325	0.01993	0.02664	0.01405	0.02148	0.01454	0.01752	0.01028	0.01190	0.00912	0.00618	0.00486	0.00162	0.00800	0.00400	0.00304	0.00932
30	0.08860	0.04555	0.05201	0.01563	0.02112	0.02080	0.01336	0.47619	0.08738	0.05952	0.01719	0.01735	0.01243	0.00845	0.00732	0.00218	0.03084	0.00622	0.00650	0.01136
31	0.02643	0.01963	0.02101	0.01625	0.02184	0.02178	0.01338	0.63765	0.07846	0.04385	0.01791	0.01774	0.01277	0.00862	0.00713	0.00216	0.00769	0.00652	0.00713	0.01205
32	0.01237	0.00618	0.00928	0.00928	0.00928	0.00618	0.00618	0.00928	0.00928	0.01237	0.01237	0.02165	0.01237	0.02474	0.02783	0.79283	0.00618	0.00618	0.00309	0.00309
33	0.01522	0.10699	0.54229	0.02215	0.09006	0.01785	0.06424	0.02238	0.01519	0.02204	0.01264	0.01515	0.00934	0.00661	0.00667	0.00218	0.01013	0.00540	0.00309	0.01039
34	0.00889	0.00756	0.00770	0.00760	0.01004	0.00654	0.00572	0.01154	0.04507	0.02011	0.09904	0.06605	0.64459	0.01752	0.00837	0.00240	0.00368	0.01463	0.00670	0.00627
35	0.00868	0.00620	0.00826	0.00991	0.01033	0.00578	0.00661	0.00991	0.01363	0.01818	0.03925	0.74510	0.04710	0.02231	0.00909	0.00289	0.00413	0.02024	0.00661	0.00578
36	0.01904	0.75404	0.03731	0.01218	0.01828	0.02818	0.01218	0.02132	0.01447	0.01675	0.00990	0.01142	0.00914	0.00609	0.00457	0.00152	0.00761	0.00381	0.00305	0.00914
37	0.00913	0.00684	0.00847	0.00891	0.01027	0.00618	0.00636	0.01128	0.01666	0.02225	0.29064	0.32745	0.21268	0.01843	0.00867	0.00253	0.00372	0.01628	0.00706	0.00618
38	0.02707	0.01995	0.02137	0.01638	0.02208	0.02208	0.01353	0.68159	0.03348	0.04488	0.01710	0.01710	0.01211	0.00855	0.00712	0.00214	0.00784	0.00641	0.00712	0.01211
39	0.58812	0.10975	0.01419	0.00981	0.01435	0.01654	0.00833	0.02177	0.01325	0.08229	0.01218	0.01349	0.00934	0.00682	0.00468	0.00208	0.00569	0.00428	0.05486	0.00817
40	0.02707	0.01995	0.02137	0.01638	0.02208	0.02208	0.01353	0.68159	0.03348	0.04488	0.01710	0.01710	0.01211	0.00855	0.00712	0.00214	0.00784	0.00641	0.00712	0.01211
41	0.01809	0.52580	0.22042	0.01467	0.02186	0.05677	0.01610	0.02198	0.01488	0.01836	0.01073	0.01247	0.00911	0.00633	0.00525	0.00174	0.00865	0.00424	0.00306	0.00947
42	0.00997	0.00724	0.00940	0.00892	0.01059	0.00666	0.00667	0.01321	0.01981	0.02790	0.65834	0.07508	0.08960	0.01492	0.00842	0.00227	0.00339	0.01318	0.00776	0.00666
43	0.02540	0.01912	0.02043	0.01605	0.02145	0.02130	0.01313	0.56678	0.15101	0.04219	0.01922	0.01878	0.01383	0.00875	0.00715	0.00219	0.00744	0.00670	0.00715	0.01196
44	0.02039	0.62477	0.03424	0.01329	0.01895	0.15257	0.01247	0.02260	0.01549	0.01687	0.01010	0.01168	0.00914	0.00632	0.00490	0.00158	0.00855	0.00395	0.00316	0.00898
45	0.01524	0.01087	0.01210	0.01065	0.01275	0.01146	0.00766	0.21314	0.01854	0.02496	0.05605	0.06979	0.07143	0.34679	0.06054	0.00485	0.00724	0.00980	0.02898	0.00714
46	0.80005	0.01377	0.01047	0.00936	0.01377	0.01597	0.00771	0.02093	0.01212	0.03195	0.00991	0.01157	0.00771	0.00661	0.00441	0.00220	0.00551	0.00386	0.00441	0.00771
47	0.00865	0.00631	0.00815	0.00962	0.01025	0.00581	0.00648	0.00995	0.01392	0.01829	0.04285	0.67092	0.11896	0.02184	0.00901	0.00284	0.00407	0.01967	0.00661	0.00581
48	0.02135	0.01125	0.01378	0.01160	0.01543	0.01072	0.00928	0.13771	0.02095	0.29183	0.10672	0.10523	0.11940	0.01241	0.00765	0.00231	0.00543	0.03786	0.04956	0.00954
49	0.01678	0.01762	0.05911	0.03663	0.46444	0.01681	0.15527	0.02135	0.01622	0.02311	0.05200	0.01973	0.01412	0.00708	0.00826	0.00224	0.04795	0.00708	0.00374	0.01046
50	0.01331	0.00795	0.01042	0.00954	0.01175	0.00720	0.00724	0.01635	0.01952	0.13372	0.51890	0.10251	0.08484	0.01440	0.00826	0.00229	0.00385	0.01264	0.00784	0.00746
51	0.05865	0.01213	0.01518	0.01213	0.01677	0.01142	0.00986	0.10219	0.04521	0.43472	0.14476	0.02990	0.05468	0.01011	0.00731	0.00222	0.00565	0.00830	0.00812	0.01070
52	0.04950	0.02935	0.42744	0.04762	0.17697	0.05438	0.07080	0.02253	0.01554	0.02272	0.01281	0.01575	0.00961	0.00665	0.00684	0.00221	0.01006	0.00566	0.00326	0.01030
53	0.01215	0.01001	0.01200	0.07522	0.01669	0.01048	0.00971	0.01948	0.19148	0.02351	0.12749	0.05394	0.23830	0.01482	0.00831	0.00258	0.00528	0.15419	0.00661	0.00775
54	0.01311	0.00665	0.00670	0.00670	0.00827	0.00665	0.00494	0.01624	0.01468	0.02583	0.02318	0.02767	0.01868	0.04993	0.00673	0.00195	0.00352	0.00685	0.74521	0.00651
55	0.05325	0.01669	0.02608	0.15616	0.43253	0.03763	0.05478	0.05071	0.05921	0.02393	0.01423	0.01807	0.01142	0.00680	0.00701	0.00219	0.00862	0.00640	0.00390	0.01039
56	0.01975	0.01639	0.01796	0.01480	0.01793	0.07979	0.03969	0.28575	0.02157	0.02886	0.03933	0.02455	0.01649	0.15881	0.03763	0.00348	0.11167	0.00736	0.04937	0.00882
57	0.00863	0.00636	0.00810	0.00949	0.01022	0.00582	0.00642	0.00996	0.01404	0.01834	0.04442	0.63873	0.15014	0.02164	0.00898	0.00282	0.00405	0.01942	0.00661	0.00582
58	0.04008	0.01458	0.02582	0.42397	0.18348	0.01621	0.13382	0.01981	0.01505	0.02071	0.01329	0.01869	0.01026	0.00678	0.00719	0.00230	0.00943	0.00662	0.02305	0.00888
59	0.03195	0.01212	0.01652	0.01267	0.01818	0.01047	0.01047	0.03470	0.02038	0.71026	0.02809	0.02424	0.01763	0.00881	0.00716	0.00220	0.00606	0.00716	0.00881	0.01212
60	0.01119	0.00745	0.00984	0.00947	0.01120	0.00687	0.00712	0.01424	0.01918	0.06521	0.55173	0.14004	0.06075	0.01543	0.00848	0.00236	0.00375	0.04111	0.00768	0.00690
61	0.01904	0.75404	0.03731	0.01218	0.01828	0.02818	0.01218	0.02132	0.01447	0.01675	0.00990	0.01142	0.00914	0.00609	0.00457	0.00152	0.00761	0.00381	0.00305	0.00914
62	0.00881	0.00756	0.00759	0.00753	0.01000	0.00651	0.00566	0.01140	0.04523	0.01969	0.07028	0.06673	0.67325	0.01767	0.00837	0.00240	0.00369	0.01473	0.00664	0.00624
63	0.02707	0.01995	0.02137	0.01638	0.02208	0.02208	0.01353	0.68159	0.03348	0.04488	0.01710	0.01710	0.01211	0.00855	0.00712	0.00214	0.00784	0.00641	0.00712	0.01211
64	0.01337	0.01250	0.02165	0.57351	0.04295	0.01481	0.08215	0.01788	0.01447	0.01899	0.01549	0.07984	0.01312	0.00833	0.00732	0.00239	0.00903	0.00770	0.03666	0.00784
65	0.01327	0.00664	0.00664	0.00664	0.00830	0.00664	0.00498	0.01659	0.01493	0.02655	0.02323	0.02655	0.01825	0.00830	0.00498	0.00166	0.00332	0.00664	0.78928	0.00664
66	0.02320	0.11160	0.05419	0.05550	0.04296	0.21999	0.01431	0.25083	0.10820	0.02873	0.01546	0.01643	0.01183	0.00783	0.00661	0.00203	0.00918	0.00573	0.00516	0.01023
67	0.01792	0.01804	0.02609	0.11443	0.51402	0.10137	0.02009	0.02187	0.01649	0.02190	0.01433	0.02055	0.01242	0.00726	0.00713	0.00217	0.00900	0.04097	0.00366	0.01029
68	0.00858	0.00704	0.00755	0.00780	0.00981	0.00602	0.00571	0.01039	0.01605	0.01970	0.10996	0.18475	0.54490	0.01853	0.00853	0.00248	0.00368	0.01578	0.00670	0.00602
69	0.01879	0.01583	0.01671	0.01471	0.01893	0.01821	0.01153	0.11184	0.61672	0.03152	0.02762	0.02548	0.02063	0.00953	0.00723	0.00238	0.00589	0.00786	0.00723	0.01137
70	0.02635	0.01498	0.01800	0.03983	0.02029	0.01495	0.01160	0.27227	0.04599	0.31840	0.05285	0.02188	0.01700	0.00860	0.00702	0.00208	0.00663	0.00686	0.00744	0.08697
71	0.02139	0.01386	0.01454	0.01265	0.01633	0.09625	0.01004	0.08613	0.06412	0.25277	0.09846	0.05921	0.09493	0.04357	0.00893	0.00253	0.00653	0.08138	0.00710	0.00928
72	0.70853	0.01450	0.01176	0.01020	0.01475	0.01670	0.00840	0.09915	0.01465	0.03348	0.01077	0.01222	0.00823	0.00684	0.00473	0.00220	0.00578	0.00416	0.00473	0.00823
73	0.00987	0.00727	0.00923	0.00874	0.01051	0.00663	0.00655	0.01303	0.01966	0.02738	0.62215	0.05513	0.14735	0.01500	0.00840	0.00226	0.00339	0.01315	0.00768	0.00663
74	0.02553	0.01842	0.01996	0.01558	0.02075	0.02022	0.01270	0.59790	0.03107	0.06261	0.01893	0.06119	0.01484	0.03623	0.00830	0.00236	0.00753	0.00739	0.00704	0.01146
75	0.05071	0.03308	0.58209	0.02194	0.06672	0.01667	0.08557	0.02246	0.01513	0.02304	0.01283	0.01540	0.00925	0.00667	0.00682	0.00226	0.01032	0.00555	0.00315	0.01035
76	0.00880	0.00633	0.00824	0.00963	0.01019	0.00589	0.00645	0.01011	0.01394	0.01853	0.07074	0.64594	0.08392	0.05240	0.01016	0.00300	0.00418	0.01920	0.00657	0.00578
77	0.00953	0.00683	0.00894	0.00929	0.01039	0.00635	0.00657	0.01189	0.01711	0.02375	0.40629	0.33096	0.05734	0.04920	0.00987	0.00270	0.00382	0.01573	0.00719	0.00624
78	0.01590	0.01749	0.05532	0.07092	0.14702	0.01658	0.40955	0.02077	0.01576	0.02168	0.01551	0.06920	0.01326	0.00820	0.00942	0.02842	0.04355	0.00849	0.00371	0.00925
79	0.01696	0.01795	0.02189	0.02054	0.07862	0.13013	0.04355	0.01896	0.01331	0.01804	0.01270	0.07716	0.01274	0.01168	0.01744	0.00278	0.46666	0.00726	0.00355	0.00807
80	0.01327	0.00664	0.00664	0.00664	0.00830	0.00664	0.00498	0.01659	0.01493	0.02655	0.02323	0.02655	0.01825	0.00830	0.00498	0.00166	0.00332	0.00664	0.78928	0.00664
81	0.01469	0.05535	0.02261	0.22088	0.05714	0.01752	0.07274	0.01781	0.01333	0.01891	0.01398	0.07379	0.01295	0.01005	0.01306	0.00254	0.27682	0.00733	0.03683	0.04167
82	0.02479	0.01811	0.01954	0.01537	0.02041	0.01993	0.01253	0.59152	0.03087	0.04164	0.01939	0.08423	0.01558	0.00980	0.00721	0.00219	0.00730	0.00769	0.04060	0.01130
83	0.00866	0.00625	0.00821	0.00977	0.01029	0.00580	0.00655	0.00993	0.01377	0.01823	0.04101	0.70890	0.08216	0.02208	0.00905	0.00287	0.00410	0.01996	0.00661	0.00580
84	0.01453	0.03509	0.64642	0.02126	0.03145	0.01668	0.09099	0.02258	0.01521	0.02258	0.01294	0.01545	0.00920	0.00669	0.00693	0.00227	0.01067	0.00557	0.00307	0.01043
85	0.01435	0.01237	0.01288	0.01186	0.01529	0.01347	0.00915	0.02784	0.44759	0.02597	0.04461	0.04176	0.26824	0.01269	0.00767	0.00241	0.00490	0.01058	0.00702	0.00937
86	0.00876	0.00626	0.00836	0.01001	0.01046	0.00585	0.00675	0.01006	0.01371	0.01827	0.03920	0.72568	0.04692	0.02223	0.00911	0.00290	0.00420	0.03886	0.00661	0.00581
87	0.01345	0.01266	0.02136	0.73264	0.04904	0.01582	0.01978	0.01819	0.01424	0.01819	0.01266	0.01898	0.00949	0.00712	0.00712	0.00237	0.00949	0.00633	0.00316	0.00791
88	0.01298	0.00649	0.00750	0.00750	0.00862	0.00649	0.00537	0.01421	0.01309	0.02193	0.01969	0.02495	0.01633	0.01365	0.01242	0.25948	0.00425	0.00649	0.53308	0.00548
89	0.80005	0.01377	0.01047	0.00936	0.01377	0.01597	0.00771	0.02093	0.01212	0.03195	0.00991	0.01157	0.00771	0.00661	0.00441	0.00220	0.00551	0.00386	0.00441	0.00771
90	0.80005	0.01377	0.01047	0.00936	0.01377	0.01597	0.00771	0.02093	0.01212	0.03195	0.00991	0.01157	0.00771	0.00661	0.00441	0.00220	0.00551	0.00386	0.00441	0.00771
91	0.01493	0.00823	0.00840	0.00780	0.00995	0.00849	0.00600	0.09628	0.01716	0.02874	0.02249	0.02541	0.01752	0.00833	0.00523	0.00172	0.00386	0.00661	0.69555	0.00729
92	0.01467	0.01251	0.01520	0.07674	0.01961	0.01024	0.00952	0.03736	0.01521	0.02311	0.01428	0.05623	0.01255	0.00650	0.00571	0.00131	0.00567	0.00538	0.00434	0.65385
93	0.01685	0.01487	0.02118	0.55898	0.04241	0.04896	0.01820	0.13300	0.01797	0.04008	0.01373	0.01851	0.01013	0.00742	0.00709	0.00230	0.00927	0.00628	0.00401	0.00875
94	0.02707	0.01995	0.02137	0.01638	0.02208	0.02208	0.01353	0.68159	0.03348	0.04488	0.01710	0.01710	0.01211	0.00855	0.00712	0.00214	0.00784	0.00641	0.00712	0.01211
95	0.01713	0.38717	0.35353	0.01625	0.02432	0.05195	0.01888	0.02220	0.01497	0.01950	0.01130	0.01318	0.00908	0.00646	0.00568	0.00188	0.00920	0.00452	0.00305	0.00975
96	0.02004	0.01913	0.01843	0.04869	0.02008	0.20541	0.01297	0.15053	0.01864	0.05205	0.01568	0.05884	0.01383	0.01778	0.13800	0.00398	0.16582	0.00691	0.00462	0.00859
97	0.01773	0.01458	0.01563	0.01412	0.01805	0.01660	0.01106	0.03578	0.61187	0.05778	0.03070	0.03025	0.04384	0.01035	0.00740	0.00245	0.00563	0.03799	0.00726	0.01093
98	0.03122	0.01197	0.01624	0.01250	0.01791	0.01033	0.01031	0.03395	0.02025	0.68896	0.02945	0.02560	0.03874	0.00910	0.00720	0.00221	0.00598	0.00740	0.00875	0.01193
99	0.01345	0.01266	0.02136	0.73264	0.04904	0.01582	0.01978	0.01819	0.01424	0.01819	0.01266	0.01898	0.00949	0.00712	0.00712	0.00237	0.00949	0.00633	0.00316	0.00791
100	0.01467	0.01408	0.02043	0.57423	0.04218	0.07544	0.03946	0.01906	0.01490	0.01913	0.01365	0.01924	0.01040	0.00722	0.00688	0.00225	0.00923	0.00628	0.08339	0.00787
101	0.01642	0.00967	0.00999	0.00886	0.01144	0.01015	0.00693	0.16806	0.01916	0.03072	0.02183	0.02439	0.01685	0.00835	0.00547	0.00177	0.00435	0.00659	0.61113	0.00788
102	0.00947	0.00675	0.00869	0.00996	0.01053	0.00646	0.00666	0.03386	0.01406	0.01876	0.03703	0.65997	0.04405	0.08350	0.01132	0.00321	0.00450	0.01891	0.00643	0.00588
103	0.32613	0.10451	0.01788	0.05333	0.01895	0.04326	0.01077	0.19853	0.01919	0.06905	0.01369	0.01494	0.01030	0.00727	0.00558	0.00204	0.00680	0.00501	0.03877	0.03398
104	0.00889	0.00701	0.00785	0.00830	0.00996	0.00619	0.00600	0.01056	0.01530	0.01906	0.08694	0.22437	0.42450	0.08250	0.01107	0.00295	0.00417	0.05203	0.00647	0.00587
105	0.00944	0.00652	0.00804	0.00893	0.00916	0.00630	0.00556	0.01012	0.01213	0.01618	0.03155	0.42526	0.03738	0.35541	0.02152	0.00473	0.00540	0.01572	0.00556	0.00511
106	0.01762	0.01692	0.02890	0.04371	0.70533	0.01692	0.02185	0.02185	0.01621	0.02326	0.01339	0.01762	0.01128	0.00634	0.00705	0.00211	0.00846	0.00634	0.00352	0.01128
107	0.01477	0.01266	0.01477	0.01055	0.01687	0.00949	0.00844	0.01793	0.01477	0.02320	0.01266	0.01477	0.01055	0.00527	0.00527	0.00105	0.00527	0.00422	0.00422	0.79328
108	0.01783	0.03883	0.05369	0.14515	0.24229	0.09763	0.01685	0.06008	0.16271	0.02386	0.01978	0.02182	0.05236	0.00810	0.00703	0.00220	0.00829	0.00689	0.00461	0.01001
109	0.00876	0.00629	0.00818	0.00964	0.01013	0.00586	0.00641	0.00996	0.01357	0.01797	0.03999	0.66656	0.08088	0.06618	0.01070	0.00311	0.00427	0.01936	0.00647	0.00571
110	0.02153	0.14554	0.18900	0.05138	0.05408	0.28036	0.01710	0.11823	0.01949	0.02274	0.01230	0.01423	0.00965	0.00712	0.00637	0.00197	0.01040	0.00504	0.00387	0.00960

[dist]
# distance from previous block
# <min> <max>
0	1

[block]
# block no. 2 follows, 29 sequences, length 51
# corresponding to MSA columns:
# 214-264
name=unknown_C
#
# <colnr> <probs for GDERKNQSTAVLIFYWHMCP>
#	G	D	E	R	K	N	Q	S	T	A	V	L	I	F	Y	W	H	M	C	P
0	0.01976	0.28043	0.02495	0.01502	0.01866	0.26549	0.01259	0.02186	0.01582	0.01748	0.03872	0.01616	0.01253	0.01349	0.09499	0.00309	0.11197	0.00524	0.00356	0.00821
1	0.03683	0.00760	0.00963	0.00929	0.01111	0.00708	0.00697	0.01406	0.01870	0.05822	0.50257	0.14227	0.09856	0.01541	0.00834	0.00236	0.00377	0.03290	0.00750	0.00683
2	0.03619	0.06770	0.66379	0.01964	0.02980	0.01703	0.02517	0.02245	0.01493	0.02256	0.01257	0.01478	0.00899	0.00673	0.00660	0.00222	0.01026	0.00516	0.00305	0.01039
3	0.67356	0.01748	0.12354	0.01112	0.01652	0.01606	0.01071	0.02119	0.01259	0.03044	0.01038	0.01213	0.00792	0.00663	0.00479	0.00221	0.00632	0.00408	0.00418	0.00816
4	0.01757	0.53240	0.24607	0.01469	0.02215	0.02458	0.01655	0.02170	0.01464	0.01854	0.01079	0.01254	0.00910	0.00630	0.00525	0.00175	0.00851	0.00426	0.00303	0.00957
5	0.02572	0.01928	0.02061	0.01611	0.02157	0.02145	0.01321	0.58883	0.12844	0.04270	0.01881	0.01846	0.01350	0.00871	0.00714	0.00218	0.00752	0.00665	0.00714	0.01199
6	0.01237	0.00618	0.00928	0.00928	0.00928	0.00618	0.00618	0.00928	0.00928	0.01237	0.01237	0.02165	0.01237	0.02474	0.02783	0.79283	0.00618	0.00618	0.00309	0.00309
7	0.01428	0.03683	0.71286	0.02030	0.03082	0.01654	0.02631	0.02255	0.01503	0.02255	0.01278	0.01503	0.00902	0.00677	0.00677	0.00226	0.01052	0.00526	0.00301	0.01052
8	0.01428	0.03683	0.71286	0.02030	0.03082	0.01654	0.02631	0.02255	0.01503	0.02255	0.01278	0.01503	0.00902	0.00677	0.00677	0.00226	0.01052	0.00526	0.00301	0.01052
9	0.00866	0.00626	0.00820	0.00975	0.01028	0.00580	0.00654	0.00993	0.01379	0.01824	0.04128	0.70322	0.08767	0.02204	0.00905	0.00286	0.00410	0.01992	0.00661	0.00580
10	0.01829	0.60116	0.03335	0.01440	0.06858	0.04813	0.01241	0.02081	0.01535	0.01843	0.07911	0.01609	0.01508	0.00700	0.00520	0.00165	0.00743	0.00493	0.00358	0.00903
11	0.01891	0.01550	0.01601	0.01389	0.01825	0.05572	0.01085	0.03381	0.48885	0.08975	0.04560	0.02488	0.02058	0.00905	0.00698	0.00219	0.00597	0.00744	0.00682	0.10894
12	0.02030	0.01692	0.09248	0.01814	0.10278	0.01545	0.01401	0.16333	0.18188	0.13953	0.05514	0.07181	0.02121	0.01015	0.00744	0.00234	0.00688	0.04301	0.00652	0.01069
13	0.01455	0.07764	0.67442	0.01983	0.03011	0.01720	0.02551	0.02248	0.01500	0.02222	0.01261	0.01483	0.00903	0.00673	0.00664	0.00221	0.01036	0.00518	0.00301	0.01044
14	0.00845	0.00709	0.00734	0.00754	0.00970	0.00598	0.00555	0.01018	0.01592	0.01911	0.06817	0.15015	0.62338	0.01855	0.00850	0.00246	0.00367	0.01566	0.00661	0.00598
15	0.33738	0.01308	0.01359	0.01129	0.01600	0.01357	0.00921	0.05341	0.08616	0.29333	0.02351	0.02219	0.06161	0.00865	0.00615	0.00224	0.00569	0.00644	0.00666	0.00983
16	0.01870	0.05167	0.02304	0.01862	0.02034	0.14018	0.04331	0.08020	0.01494	0.01995	0.01058	0.01523	0.00962	0.01068	0.01755	0.00271	0.48473	0.00596	0.00359	0.00840
17	0.74148	0.01329	0.01040	0.00933	0.01354	0.01529	0.00764	0.02038	0.01271	0.03170	0.06120	0.01465	0.01212	0.00720	0.00470	0.00221	0.00535	0.00452	0.00466	0.00764
18	0.18562	0.01245	0.01531	0.01201	0.01730	0.01157	0.00991	0.03195	0.01873	0.57455	0.02446	0.02170	0.01564	0.00837	0.00661	0.00220	0.00595	0.00650	0.00793	0.01124
19	0.01656	0.07321	0.07398	0.02349	0.02926	0.01863	0.37907	0.02422	0.13076	0.02267	0.01613	0.01963	0.01258	0.00938	0.03987	0.00279	0.08654	0.00755	0.00410	0.00958
20	0.02637	0.01960	0.02098	0.01624	0.02182	0.02176	0.01337	0.63386	0.08234	0.04376	0.01798	0.01780	0.01282	0.00863	0.00713	0.00216	0.00767	0.00653	0.00713	0.01205
21	0.00868	0.00620	0.00826	0.00991	0.01033	0.00578	0.00661	0.00991	0.01363	0.01818	0.03925	0.74510	0.04710	0.02231	0.00909	0.00289	0.00413	0.02024	0.00661	0.00578
22	0.01345	0.01266	0.02136	0.73264	0.04904	0.01582	0.01978	0.01819	0.01424	0.01819	0.01266	0.01898	0.00949	0.00712	0.00712	0.00237	0.00949	0.00633	0.00316	0.00791
23	0.01237	0.00618	0.00928	0.00928	0.00928	0.00618	0.00618	0.00928	0.00928	0.01237	0.01237	0.02165	0.01237	0.02474	0.02783	0.79283	0.00618	0.00618	0.00309	0.00309
24	0.00877	0.00624	0.00823	0.00979	0.01018	0.00585	0.00648	0.00994	0.01345	0.01793	0.03829	0.70537	0.04589	0.06369	0.01063	0.00312	0.00429	0.01968	0.00648	0.00570
25	0.00982	0.00712	0.00926	0.00904	0.01056	0.00656	0.00666	0.01282	0.01908	0.02674	0.58437	0.15432	0.08534	0.01580	0.00850	0.00234	0.00348	0.01402	0.00762	0.00656
26	0.01237	0.00618	0.00928	0.00928	0.00928	0.00618	0.00618	0.00928	0.00928	0.01237	0.01237	0.02165	0.01237	0.02474	0.02783	0.79283	0.00618	0.00618	0.00309	0.00309
27	0.01477	0.01266	0.01477	0.01055	0.01687	0.00949	0.00844	0.01793	0.01477	0.02320	0.01266	0.01477	0.01055	0.00527	0.00527	0.00105	0.00527	0.00422	0.00422	0.79328
28	0.01802	0.05988	0.02693	0.19790	0.34235	0.12389	0.06809	0.02244	0.03376	0.02096	0.01314	0.01722	0.01066	0.00672	0.00694	0.00213	0.00951	0.00613	0.00354	0.00979
29	0.00852	0.00722	0.00736	0.00732	0.00968	0.00606	0.00549	0.01042	0.01648	0.01983	0.11223	0.06755	0.66197	0.01781	0.00841	0.00239	0.00359	0.01489	0.00669	0.00606
30	0.01823	0.63188	0.15237	0.01357	0.02041	0.02619	0.01459	0.02153	0.01456	0.01774	0.01039	0.01204	0.00912	0.00621	0.00494	0.00165	0.00811	0.00406	0.00304	0.00937
31	0.01818	0.01873	0.04525	0.03896	0.58775	0.07974	0.02049	0.02224	0.01646	0.02272	0.01312	0.01697	0.01099	0.00638	0.00689	0.00203	0.00873	0.00604	0.00356	0.05476
32	0.01863	0.46637	0.12557	0.01375	0.01970	0.10901	0.01373	0.02169	0.01539	0.03741	0.01516	0.01668	0.05215	0.00922	0.03690	0.00217	0.00888	0.00505	0.00353	0.00899
33	0.02447	0.01940	0.02441	0.01853	0.02434	0.02099	0.12675	0.51118	0.09023	0.03975	0.01771	0.01831	0.01276	0.00821	0.00735	0.00221	0.00835	0.00690	0.00653	0.01161
34	0.00904	0.00686	0.00977	0.01070	0.01154	0.00636	0.03783	0.01053	0.01393	0.01845	0.03996	0.67286	0.08269	0.02131	0.00902	0.00284	0.00447	0.01940	0.00647	0.00597
35	0.01449	0.06748	0.68399	0.01995	0.03028	0.01703	0.02571	0.02250	0.01501	0.02230	0.01266	0.01488	0.00903	0.00674	0.00667	0.00222	0.01040	0.00520	0.00301	0.01046
36	0.04175	0.13534	0.01773	0.06580	0.01846	0.05436	0.01122	0.10864	0.06762	0.02386	0.03254	0.04335	0.16242	0.01279	0.00754	0.00240	0.00676	0.17358	0.00563	0.00820
37	0.00942	0.00662	0.00854	0.00960	0.01003	0.00647	0.00641	0.01052	0.01270	0.01700	0.03291	0.45670	0.03858	0.23005	0.06963	0.00468	0.00616	0.05276	0.00575	0.00546
38	0.02722	0.01893	0.02065	0.01591	0.02153	0.02067	0.01312	0.58730	0.05819	0.11503	0.01874	0.01823	0.01308	0.00862	0.00713	0.00216	0.00756	0.00656	0.00731	0.01208
39	0.02069	0.07289	0.08405	0.01460	0.01951	0.03782	0.01277	0.15011	0.23421	0.13796	0.02443	0.08193	0.01988	0.01029	0.00723	0.00232	0.00688	0.04534	0.00656	0.01053
40	0.01428	0.03683	0.71286	0.02030	0.03082	0.01654	0.02631	0.02255	0.01503	0.02255	0.01278	0.01503	0.00902	0.00677	0.00677	0.00226	0.01052	0.00526	0.00301	0.01052
41	0.01327	0.00664	0.00664	0.00664	0.00830	0.00664	0.00498	0.01659	0.01493	0.02655	0.02323	0.02655	0.01825	0.00830	0.00498	0.00166	0.00332	0.00664	0.78928	0.00664
42	0.01477	0.01266	0.01477	0.01055	0.01687	0.00949	0.00844	0.01793	0.01477	0.02320	0.01266	0.01477	0.01055	0.00527	0.00527	0.00105	0.00527	0.00422	0.00422	0.79328
43	0.01370	0.01314	0.02289	0.68054	0.04817	0.01598	0.06869	0.01854	0.01443	0.01854	0.01279	0.01900	0.00959	0.00704	0.00721	0.00238	0.00968	0.00648	0.00320	0.00804
44	0.00872	0.00723	0.00763	0.00753	0.00980	0.00614	0.00565	0.01080	0.01694	0.02092	0.18596	0.06575	0.58756	0.01741	0.00841	0.00237	0.00356	0.01464	0.00683	0.00614
45	0.01002	0.00838	0.00964	0.01021	0.04947	0.00767	0.00708	0.01371	0.06839	0.02243	0.21178	0.05894	0.46462	0.01594	0.00825	0.00235	0.00397	0.01351	0.00677	0.00687
46	0.00998	0.00724	0.00941	0.00893	0.01060	0.00667	0.00667	0.01323	0.01983	0.02793	0.66091	0.07521	0.08680	0.01491	0.00842	0.00227	0.00339	0.01318	0.00776	0.00667
47	0.02660	0.03394	0.02018	0.01834	0.02201	0.72116	0.01376	0.02843	0.02018	0.01743	0.01101	0.01284	0.00917	0.00734	0.00642	0.00183	0.01284	0.00459	0.00367	0.00825
48	0.01477	0.01266	0.01477	0.01055	0.01687	0.00949	0.00844	0.01793	0.01477	0.02320	0.01266	0.01477	0.01055	0.00527	0.00527	0.00105	0.00527	0.00422	0.00422	0.79328
49	0.01823	0.01828	0.02900	0.04110	0.61825	0.06818	0.05808	0.02239	0.01654	0.02281	0.01328	0.01736	0.01110	0.00640	0.00708	0.00211	0.00898	0.00633	0.00354	0.01097
50	0.01579	0.01313	0.01527	0.01120	0.01718	0.01077	0.00899	0.08659	0.01652	0.02508	0.01348	0.01575	0.01112	0.00831	0.04556	0.00175	0.00631	0.00464	0.00450	0.66807

[dist]
# distance from previous block
# <min> <max>
0	1

[block]
# block no. 3 follows, 29 sequences, length 38
# corresponding to MSA columns:
# 266-303
name=unknown_D
#
# <colnr> <probs for GDERKNQSTAVLIFYWHMCP>
#	G	D	E	R	K	N	Q	S	T	A	V	L	I	F	Y	W	H	M	C	P
0	0.02707	0.01995	0.02137	0.01638	0.02208	0.02208	0.01353	0.68159	0.03348	0.04488	0.01710	0.01710	0.01211	0.00855	0.00712	0.00214	0.00784	0.00641	0.00712	0.01211
1	0.01263	0.01030	0.01230	0.01014	0.01423	0.00820	0.00757	0.01498	0.01408	0.02098	0.02123	0.23146	0.02249	0.06957	0.00886	0.00206	0.00507	0.00941	0.00493	0.49951
2	0.00987	0.00675	0.00808	0.00847	0.00876	0.00658	0.00518	0.01056	0.01226	0.01652	0.09752	0.23594	0.03591	0.47691	0.02602	0.00534	0.00579	0.01329	0.00530	0.00496
3	0.55989	0.01389	0.01223	0.01058	0.01504	0.01563	0.00863	0.06903	0.08206	0.10131	0.01468	0.01532	0.01084	0.00734	0.00518	0.00220	0.00565	0.00489	0.03685	0.00877
4	0.01039	0.00757	0.01008	0.01006	0.01066	0.00839	0.00704	0.01168	0.01111	0.01550	0.02159	0.08855	0.02310	0.35180	0.33958	0.00846	0.04508	0.00968	0.00421	0.00549
5	0.01526	0.01354	0.02135	0.46523	0.14470	0.01572	0.01846	0.08656	0.01678	0.02210	0.01623	0.02592	0.01381	0.00865	0.00743	0.00242	0.00881	0.08428	0.00403	0.00871
6	0.63303	0.01294	0.01088	0.00980	0.01388	0.01461	0.00791	0.02142	0.04058	0.07377	0.04033	0.06695	0.01399	0.00830	0.00518	0.00226	0.00537	0.00575	0.00509	0.00796
7	0.01457	0.08887	0.01555	0.01287	0.04169	0.03939	0.00958	0.02207	0.21721	0.04236	0.12904	0.11729	0.13727	0.04447	0.00929	0.00253	0.03069	0.01063	0.00622	0.00842
8	0.01662	0.14933	0.34843	0.02027	0.04422	0.04486	0.14362	0.02245	0.01548	0.05280	0.01371	0.01655	0.01047	0.00999	0.05843	0.00280	0.01077	0.00587	0.00349	0.00982
9	0.01061	0.00745	0.00940	0.00881	0.01075	0.00674	0.00664	0.01369	0.01951	0.05216	0.57257	0.05466	0.17048	0.01492	0.00836	0.00227	0.00350	0.01302	0.00767	0.00680
10	0.01477	0.01266	0.01477	0.01055	0.01687	0.00949	0.00844	0.01793	0.01477	0.02320	0.01266	0.01477	0.01055	0.00527	0.00527	0.00105	0.00527	0.00422	0.00422	0.79328
11	0.06855	0.01239	0.01942	0.42950	0.09743	0.01440	0.04280	0.01870	0.04012	0.02067	0.03142	0.02167	0.01312	0.04991	0.00916	0.02737	0.00823	0.00671	0.06051	0.00793
12	0.06856	0.03428	0.63320	0.01947	0.02910	0.01674	0.02454	0.02219	0.01465	0.02295	0.01243	0.01482	0.00894	0.00701	0.00735	0.00229	0.04296	0.00521	0.00311	0.01021
13	0.03195	0.01212	0.01652	0.01267	0.01818	0.01047	0.01047	0.03470	0.02038	0.71026	0.02809	0.02424	0.01763	0.00881	0.00716	0.00220	0.00606	0.00716	0.00881	0.01212
14	0.01055	0.00780	0.01076	0.12001	0.01624	0.00810	0.00852	0.03455	0.01400	0.01863	0.06106	0.43764	0.03610	0.12097	0.01357	0.04920	0.00555	0.01510	0.00563	0.00601
15	0.01443	0.01208	0.01705	0.01324	0.01832	0.00992	0.09572	0.01763	0.01517	0.04843	0.01975	0.14300	0.01919	0.00940	0.00672	0.00174	0.00608	0.05482	0.00488	0.47241
16	0.11257	0.45572	0.03015	0.01419	0.01954	0.19704	0.04282	0.02310	0.01571	0.01898	0.01038	0.01215	0.00906	0.00646	0.00518	0.00172	0.00886	0.00422	0.00338	0.00877
17	0.01030	0.00816	0.00939	0.00901	0.01118	0.00772	0.00677	0.01498	0.09812	0.02478	0.35858	0.08761	0.29572	0.01562	0.00830	0.00235	0.00376	0.01344	0.00726	0.00695
18	0.02133	0.04071	0.01695	0.01282	0.01740	0.01236	0.05194	0.12436	0.04979	0.26851	0.11262	0.03409	0.15451	0.01086	0.00746	0.00219	0.00592	0.00912	0.00722	0.03984
19	0.00873	0.00624	0.00831	0.00988	0.01034	0.00582	0.00661	0.01005	0.01388	0.01857	0.06445	0.71877	0.04786	0.02201	0.00906	0.00287	0.00410	0.01996	0.00666	0.00582
20	0.01904	0.75404	0.03731	0.01218	0.01828	0.02818	0.01218	0.02132	0.01447	0.01675	0.00990	0.01142	0.00914	0.00609	0.00457	0.00152	0.00761	0.00381	0.00305	0.00914
21	0.04998	0.40880	0.21662	0.01498	0.02177	0.09463	0.01591	0.03835	0.01547	0.01970	0.01132	0.01333	0.00946	0.00829	0.03282	0.00218	0.00930	0.00449	0.00328	0.00933
22	0.01588	0.01433	0.05918	0.01214	0.01723	0.01191	0.01022	0.08504	0.01615	0.04299	0.03425	0.02020	0.01414	0.09416	0.01088	0.00217	0.06860	0.00573	0.00459	0.46023
23	0.00974	0.00752	0.00844	0.00832	0.00999	0.00701	0.00595	0.01219	0.04195	0.02004	0.17421	0.05742	0.34077	0.19857	0.04248	0.00386	0.00514	0.03423	0.00620	0.00597
24	0.00986	0.00720	0.00927	0.00891	0.01055	0.00660	0.00662	0.01297	0.01942	0.02718	0.61130	0.10428	0.10848	0.01535	0.00845	0.00230	0.00343	0.01356	0.00767	0.00660
25	0.01645	0.02182	0.20000	0.03376	0.44576	0.04620	0.02133	0.02143	0.01612	0.02281	0.04140	0.05171	0.01447	0.00755	0.00710	0.00218	0.00877	0.00689	0.00371	0.01052
26	0.01904	0.75404	0.03731	0.01218	0.01828	0.02818	0.01218	0.02132	0.01447	0.01675	0.00990	0.01142	0.00914	0.00609	0.00457	0.00152	0.00761	0.00381	0.00305	0.00914
27	0.00842	0.00718	0.00725	0.00730	0.00964	0.00600	0.00545	0.01021	0.01615	0.01920	0.07108	0.09017	0.68148	0.01817	0.00844	0.00242	0.00362	0.01519	0.00661	0.00600
28	0.01891	0.70182	0.03575	0.01234	0.01817	0.04879	0.01210	0.02120	0.01452	0.01676	0.01030	0.01213	0.00949	0.00803	0.03343	0.00193	0.00824	0.00399	0.00310	0.00900
29	0.01601	0.01262	0.01489	0.01070	0.01697	0.00956	0.00858	0.01914	0.01517	0.07291	0.01377	0.01545	0.01106	0.00553	0.00541	0.00114	0.00533	0.00443	0.00455	0.73676
30	0.11000	0.01747	0.07007	0.12867	0.44187	0.01689	0.04013	0.04971	0.01615	0.02448	0.01303	0.01695	0.01049	0.00659	0.00677	0.00218	0.00846	0.00604	0.00370	0.01034
31	0.01802	0.01489	0.01582	0.01417	0.01821	0.01701	0.01104	0.03679	0.64111	0.05871	0.03038	0.02786	0.04415	0.00990	0.00728	0.00241	0.00559	0.00824	0.00729	0.01113
32	0.01237	0.00618	0.00928	0.00928	0.00928	0.00618	0.00618	0.00928	0.00928	0.01237	0.01237	0.02165	0.01237	0.02474	0.02783	0.79283	0.00618	0.00618	0.00309	0.00309
33	0.02377	0.01227	0.01529	0.01234	0.01683	0.01172	0.00993	0.10210	0.10200	0.36222	0.18428	0.03007	0.02880	0.01007	0.00737	0.00218	0.00554	0.00839	0.00799	0.04685
34	0.01113	0.00816	0.01028	0.00979	0.01167	0.00786	0.00750	0.04489	0.04090	0.02756	0.52159	0.07461	0.08449	0.03553	0.00924	0.00250	0.00407	0.07377	0.00748	0.00697
35	0.04875	0.01415	0.01742	0.11156	0.07085	0.01603	0.01264	0.18331	0.12374	0.02859	0.01777	0.02040	0.01387	0.01069	0.03599	0.02737	0.07246	0.00651	0.12483	0.04306
36	0.48989	0.01401	0.04173	0.18953	0.02308	0.01543	0.01155	0.01942	0.01302	0.02675	0.01519	0.01780	0.05853	0.00776	0.00609	0.00229	0.03061	0.00541	0.00416	0.00775
37	0.01394	0.00943	0.01105	0.03334	0.01283	0.00928	0.00718	0.09679	0.01657	0.07160	0.12279	0.06947	0.12079	0.31598	0.01945	0.00414	0.00592	0.01058	0.00584	0.04305

[dist]
# distance from previous block
# <min> <max>
6	13

[block]
# block no. 4 follows, 29 sequences, length 43
# corresponding to MSA columns:
# 317-359
name=unknown_E
#
# <colnr> <probs for GDERKNQSTAVLIFYWHMCP>
#	G	D	E	R	K	N	Q	S	T	A	V	L	I	F	Y	W	H	M	C	P
0	0.04857	0.06233	0.02000	0.03832	0.02089	0.09947	0.01249	0.40915	0.04485	0.03467	0.01812	0.09413	0.01531	0.00953	0.00694	0.00212	0.00781	0.00740	0.00611	0.04178
1	0.02160	0.01634	0.01805	0.01411	0.01938	0.01702	0.01145	0.32816	0.13989	0.06126	0.01836	0.01865	0.01368	0.00799	0.00706	0.00191	0.02797	0.00614	0.03184	0.21913
2	0.02137	0.02623	0.15349	0.01859	0.06254	0.26475	0.01570	0.09551	0.17135	0.05043	0.01870	0.01923	0.03426	0.00820	0.00687	0.00213	0.00946	0.00621	0.00497	0.01002
3	0.01575	0.11051	0.60377	0.01903	0.02881	0.01742	0.02396	0.02309	0.01527	0.05988	0.01332	0.01516	0.00951	0.00681	0.00656	0.00218	0.00997	0.00521	0.00333	0.01047
