[name]
unknown

[dist]
# distance from previous block
# <min> <max>
91	279

[block]
# block no. 0 follows, 30 sequences, length 44
# corresponding to MSA columns:
# 375-418
name=unknown_A
#
# <colnr> <probs for GDERKNQSTAVLIFYWHMCP>
#	G	D	E	R	K	N	Q	S	T	A	V	L	I	F	Y	W	H	M	C	P
0	0.12847	0.04096	0.02004	0.06018	0.18953	0.11979	0.01395	0.17269	0.05843	0.02813	0.06956	0.02003	0.03292	0.00802	0.00655	0.00208	0.00774	0.00638	0.00497	0.00960
1	0.14120	0.08993	0.05579	0.01275	0.04347	0.05299	0.01033	0.05101	0.07040	0.08584	0.27741	0.02970	0.03213	0.00991	0.00673	0.00210	0.00577	0.00804	0.00601	0.00849
2	0.14647	0.14089	0.04710	0.05037	0.02018	0.09619	0.05428	0.15754	0.04047	0.02712	0.09738	0.02186	0.05537	0.00848	0.00634	0.00204	0.00745	0.00659	0.00500	0.00887
3	0.01757	0.01693	0.02623	0.06142	0.58386	0.05480	0.01974	0.04810	0.01694	0.02347	0.05285	0.01903	0.01405	0.00684	0.00696	0.00207	0.00825	0.00649	0.00383	0.01056
4	0.01677	0.01887	0.11391	0.03888	0.60306	0.01629	0.02152	0.02137	0.01570	0.02271	0.01303	0.01686	0.01075	0.00623	0.00682	0.00205	0.00844	0.00602	0.00341	0.03730
5	0.23344	0.11036	0.21532	0.04415	0.20057	0.01756	0.04361	0.02122	0.01422	0.02402	0.01162	0.01430	0.00915	0.00638	0.00588	0.00208	0.00812	0.00503	0.00349	0.00947
6	0.04309	0.07389	0.25219	0.06169	0.34645	0.01721	0.06456	0.02147	0.01521	0.02218	0.01261	0.01599	0.00997	0.00635	0.00665	0.00211	0.00906	0.00575	0.00328	0.01030
7	0.00891	0.00646	0.00855	0.00991	0.01064	0.00596	0.00682	0.01032	0.01356	0.01820	0.03724	0.68148	0.04426	0.02099	0.00878	0.00278	0.00423	0.05420	0.00637	0.04037
8	0.02186	0.01661	0.02031	0.02060	0.16490	0.01790	0.01387	0.32727	0.16107	0.07942	0.04674	0.04251	0.01709	0.00879	0.00710	0.00217	0.00698	0.00729	0.00638	0.01114
9	0.00903	0.00710	0.00816	0.00789	0.00991	0.00622	0.00592	0.01153	0.01776	0.02324	0.37706	0.05993	0.39929	0.01603	0.00824	0.00228	0.00342	0.01371	0.00706	0.00622
10	0.02653	0.01955	0.02094	0.01606	0.02164	0.02164	0.01326	0.68796	0.03281	0.04398	0.01675	0.01675	0.01187	0.00838	0.00698	0.00209	0.00768	0.00628	0.00698	0.01187
11	0.02555	0.01981	0.02091	0.06092	0.04852	0.07927	0.01382	0.53906	0.02939	0.06879	0.01633	0.01684	0.01168	0.00812	0.00692	0.00209	0.00813	0.00616	0.00641	0.01127
12	0.00983	0.00787	0.00870	0.00886	0.01114	0.00714	0.00701	0.04585	0.01671	0.02053	0.05951	0.09458	0.50511	0.01770	0.00850	0.00254	0.00438	0.15122	0.00649	0.00630
13	0.01866	0.75896	0.03657	0.01194	0.01791	0.02761	0.01194	0.02090	0.01418	0.01642	0.00970	0.01119	0.00896	0.00597	0.00448	0.00149	0.00746	0.00373	0.00299	0.00896
14	0.01015	0.00677	0.00761	0.00761	0.00761	0.00677	0.00423	0.01015	0.01015	0.01353	0.02199	0.04567	0.02537	0.75476	0.03552	0.00677	0.00677	0.01015	0.00423	0.00423
15	0.01002	0.00731	0.00953	0.00947	0.01118	0.00682	0.00744	0.01316	0.01865	0.02571	0.51224	0.05897	0.11699	0.01561	0.00852	0.00242	0.00396	0.14820	0.00732	0.00649
16	0.80405	0.01350	0.01026	0.00918	0.01350	0.01565	0.00756	0.02051	0.01188	0.03131	0.00972	0.01134	0.00756	0.00648	0.00432	0.00216	0.00540	0.00378	0.00432	0.00756
17	0.00850	0.00607	0.00810	0.00972	0.01012	0.00567	0.00648	0.00972	0.01336	0.01781	0.03846	0.75020	0.04615	0.02186	0.00891	0.00283	0.00405	0.01984	0.00648	0.00567
18	0.40941	0.10291	0.08058	0.01314	0.01796	0.23358	0.01150	0.02294	0.01479	0.02451	0.01030	0.01201	0.00826	0.00665	0.00515	0.00198	0.00826	0.00412	0.00383	0.00812
19	0.01015	0.00677	0.00761	0.00761	0.00761	0.00677	0.00423	0.01015	0.01015	0.01353	0.02199	0.04567	0.02537	0.75476	0.03552	0.00677	0.00677	0.01015	0.00423	0.00423
20	0.02949	0.05520	0.01843	0.01324	0.01871	0.01387	0.01105	0.18559	0.02264	0.52062	0.02403	0.02142	0.01555	0.00843	0.00687	0.00211	0.00643	0.00666	0.00794	0.01171
21	0.01866	0.75896	0.03657	0.01194	0.01791	0.02761	0.01194	0.02090	0.01418	0.01642	0.00970	0.01119	0.00896	0.00597	0.00448	0.00149	0.00746	0.00373	0.00299	0.00896
22	0.01798	0.01793	0.02764	0.04083	0.65561	0.07385	0.02078	0.02194	0.01620	0.02234	0.01294	0.01689	0.01089	0.00630	0.00686	0.00205	0.00864	0.00608	0.00347	0.01081
23	0.01692	0.01622	0.02768	0.10309	0.65374	0.01649	0.02124	0.02111	0.01572	0.02237	0.01306	0.01739	0.01090	0.00628	0.00691	0.00209	0.00838	0.00622	0.00342	0.01077
24	0.01869	0.02070	0.13692	0.05541	0.26739	0.03973	0.07993	0.16045	0.10138	0.02739	0.01560	0.01786	0.01192	0.00715	0.00701	0.00216	0.00865	0.00639	0.00453	0.01073
25	0.30265	0.01598	0.01552	0.01302	0.01764	0.01818	0.01054	0.24857	0.22982	0.03489	0.01781	0.01766	0.01322	0.00803	0.00606	0.00220	0.00620	0.00588	0.00606	0.01007
26	0.01347	0.01270	0.02146	0.68778	0.09596	0.01558	0.01953	0.01809	0.01409	0.01819	0.01246	0.01851	0.00943	0.00692	0.00697	0.00231	0.00923	0.00620	0.00313	0.00799
27	0.72458	0.01368	0.01108	0.00967	0.01411	0.01562	0.00797	0.05155	0.01329	0.07106	0.01105	0.01229	0.00831	0.00669	0.00459	0.00216	0.00553	0.00408	0.00469	0.00800
28	0.00858	0.00613	0.00817	0.00966	0.01014	0.00572	0.00648	0.00991	0.01373	0.01840	0.07674	0.71026	0.04728	0.02143	0.00887	0.00280	0.00401	0.01943	0.00655	0.00572
29	0.01447	0.01240	0.01447	0.01034	0.01654	0.00930	0.00827	0.01757	0.01447	0.02274	0.01240	0.01447	0.01034	0.00517	0.00517	0.00103	0.00517	0.00413	0.00413	0.79742
30	0.02606	0.01204	0.01566	0.01177	0.01742	0.00996	0.00964	0.02889	0.01826	0.50007	0.02282	0.02086	0.01511	0.00756	0.00644	0.00181	0.00570	0.00612	0.00723	0.25659
31	0.80405	0.01350	0.01026	0.00918	0.01350	0.01565	0.00756	0.02051	0.01188	0.03131	0.00972	0.01134	0.00756	0.00648	0.00432	0.00216	0.00540	0.00378	0.00432	0.00756
32	0.00850	0.00607	0.00810	0.00972	0.01012	0.00567	0.00648	0.00972	0.01336	0.01781	0.03846	0.75020	0.04615	0.02186	0.00891	0.00283	0.00405	0.01984	0.00648	0.00567
33	0.01218	0.00768	0.00985	0.00899	0.01116	0.00693	0.00685	0.01521	0.01930	0.10712	0.54969	0.05067	0.13941	0.01403	0.00809	0.00221	0.00363	0.01223	0.00765	0.00712
34	0.01447	0.01240	0.01447	0.01034	0.01654	0.00930	0.00827	0.01757	0.01447	0.02274	0.01240	0.01447	0.01034	0.00517	0.00517	0.00103	0.00517	0.00413	0.00413	0.79742
35	0.00964	0.00750	0.00858	0.00825	0.01015	0.00690	0.00606	0.01286	0.05411	0.02282	0.33876	0.05622	0.32315	0.09135	0.01097	0.00274	0.00387	0.01297	0.00680	0.00630
36	0.01937	0.01411	0.03668	0.01276	0.01686	0.01413	0.01051	0.28307	0.08669	0.10506	0.24504	0.03261	0.07094	0.01089	0.00746	0.00218	0.00572	0.00901	0.00724	0.00969
37	0.01907	0.71861	0.03563	0.01228	0.01811	0.06648	0.01203	0.02128	0.01449	0.01645	0.00976	0.01127	0.00896	0.00604	0.00458	0.00151	0.00775	0.00377	0.00302	0.00891
38	0.01637	0.05573	0.01649	0.01171	0.01696	0.01271	0.00955	0.15010	0.01756	0.02553	0.01414	0.01685	0.01172	0.01356	0.12353	0.00294	0.00801	0.00508	0.00457	0.46689
39	0.01001	0.00674	0.00781	0.00794	0.00802	0.00677	0.00460	0.01022	0.01044	0.01398	0.02310	0.09878	0.02660	0.66679	0.06484	0.00667	0.00710	0.01077	0.00438	0.00443
40	0.01903	0.01348	0.01552	0.01194	0.01705	0.01242	0.00948	0.18842	0.04232	0.11199	0.01800	0.05966	0.01498	0.05991	0.00825	0.00198	0.00596	0.00645	0.00564	0.37751
41	0.14371	0.13764	0.35980	0.01606	0.02341	0.01717	0.04805	0.04980	0.01528	0.02391	0.06264	0.01711	0.01333	0.00883	0.03343	0.00243	0.00884	0.00553	0.00375	0.00926
42	0.58476	0.11664	0.07691	0.01077	0.01583	0.01742	0.00996	0.02161	0.04979	0.02836	0.01098	0.01242	0.00861	0.00658	0.00470	0.00208	0.00612	0.00412	0.00417	0.00818
43	0.01967	0.63115	0.05931	0.01290	0.01876	0.10225	0.01257	0.02209	0.01498	0.03793	0.01046	0.01186	0.00921	0.00621	0.00483	0.00157	0.00808	0.00397	0.00322	0.00900

[dist]
# distance from previous block
# <min> <max>
0	3

[block]
# block no. 1 follows, 30 sequences, length 16
# corresponding to MSA columns:
# 422-437
name=unknown_B
#
# <colnr> <probs for GDERKNQSTAVLIFYWHMCP>
#	G	D	E	R	K	N	Q	S	T	A	V	L	I	F	Y	W	H	M	C	P
0	0.04837	0.29499	0.40828	0.01603	0.02411	0.01984	0.01909	0.02117	0.01466	0.02071	0.04505	0.01512	0.01159	0.00675	0.00583	0.00195	0.00874	0.00495	0.00325	0.00953
1	0.00988	0.00713	0.00933	0.00878	0.01043	0.00658	0.00658	0.01317	0.01975	0.02798	0.70754	0.05213	0.06584	0.01427	0.00823	0.00219	0.00329	0.01262	0.00768	0.00658
2	0.01400	0.03610	0.71860	0.01989	0.03020	0.01621	0.02578	0.02210	0.01473	0.02210	0.01252	0.01473	0.00884	0.00663	0.00663	0.00221	0.01031	0.00516	0.00295	0.01031
3	0.00863	0.00691	0.00727	0.00744	0.00915	0.00604	0.00522	0.01001	0.01456	0.01774	0.05821	0.13125	0.51237	0.15829	0.01350	0.00324	0.00420	0.01437	0.00605	0.00555
4	0.00832	0.00680	0.00735	0.00780	0.00962	0.00583	0.00562	0.00993	0.01521	0.01857	0.06184	0.25472	0.52654	0.01882	0.00843	0.00249	0.00368	0.01613	0.00648	0.00583
5	0.00980	0.00708	0.00926	0.00883	0.01041	0.00653	0.00658	0.01298	0.01941	0.02743	0.67116	0.09008	0.06477	0.01468	0.00827	0.00223	0.00333	0.01301	0.00762	0.00653
6	0.80405	0.01350	0.01026	0.00918	0.01350	0.01565	0.00756	0.02051	0.01188	0.03131	0.00972	0.01134	0.00756	0.00648	0.00432	0.00216	0.00540	0.00378	0.00432	0.00756
7	0.01913	0.71279	0.03550	0.01232	0.01814	0.07209	0.01204	0.02134	0.01454	0.01646	0.00977	0.01128	0.00896	0.00605	0.00459	0.00151	0.00779	0.00378	0.00302	0.00890
8	0.01977	0.01505	0.01803	0.01837	0.12696	0.01635	0.01258	0.11393	0.39282	0.11404	0.02645	0.02517	0.05051	0.00911	0.00710	0.00226	0.00618	0.00764	0.00667	0.01101
9	0.02365	0.04728	0.02006	0.04862	0.02170	0.04611	0.01283	0.42061	0.18785	0.06974	0.01934	0.01900	0.01403	0.00845	0.00689	0.00214	0.00733	0.00653	0.00663	0.01123
10	0.01847	0.01986	0.02487	0.20381	0.35224	0.19516	0.04386	0.02221	0.01642	0.02014	0.01240	0.01647	0.01009	0.00663	0.00682	0.00207	0.00975	0.00586	0.00341	0.00945
11	0.01015	0.00677	0.00761	0.00761	0.00761	0.00677	0.00423	0.01015	0.01015	0.01353	0.02199	0.04567	0.02537	0.75476	0.03552	0.00677	0.00677	0.01015	0.00423	0.00423
12	0.21827	0.20752	0.12028	0.01434	0.06886	0.01695	0.01259	0.02201	0.01535	0.12708	0.09902	0.01910	0.01699	0.00763	0.00576	0.00199	0.00667	0.00572	0.00477	0.00909
13	0.04261	0.40226	0.20682	0.01659	0.07538	0.04995	0.01600	0.02260	0.01509	0.07725	0.01222	0.01368	0.00974	0.00644	0.00550	0.00181	0.00827	0.00460	0.00355	0.00963
14	0.02107	0.01370	0.01725	0.04344	0.09643	0.01417	0.01194	0.08776	0.25131	0.22283	0.09242	0.02548	0.02178	0.00899	0.00708	0.00218	0.00604	0.00758	0.00691	0.04163
15	0.01701	0.04282	0.13961	0.01575	0.05197	0.03561	0.01358	0.02861	0.33538	0.08489	0.06871	0.07202	0.02259	0.00998	0.00716	0.00231	0.00659	0.02930	0.00607	0.01005

[dist]
# distance from previous block
# <min> <max>
4	9

[block]
# block no. 2 follows, 30 sequences, length 28
# corresponding to MSA columns:
# 447-474
name=unknown_C
#
# <colnr> <probs for GDERKNQSTAVLIFYWHMCP>
#	G	D	E	R	K	N	Q	S	T	A	V	L	I	F	Y	W	H	M	C	P
0	0.01665	0.01700	0.06792	0.14908	0.03162	0.01544	0.29033	0.07108	0.03734	0.04952	0.01449	0.01788	0.01087	0.00637	0.00710	0.00204	0.00914	0.00663	0.00410	0.17542
1	0.01724	0.01762	0.13729	0.01443	0.04143	0.05427	0.01266	0.06203	0.18488	0.10927	0.02992	0.06033	0.13968	0.01020	0.00706	0.00216	0.00658	0.00838	0.00584	0.07873
2	0.13013	0.06250	0.10226	0.02221	0.05159	0.06215	0.34002	0.02205	0.04061	0.02326	0.04025	0.04325	0.01349	0.00715	0.00710	0.00223	0.00956	0.00725	0.00394	0.00901
3	0.08108	0.20322	0.45940	0.01703	0.02544	0.06059	0.02031	0.02203	0.01466	0.02124	0.01153	0.01350	0.00877	0.00650	0.00592	0.00201	0.00937	0.00467	0.00311	0.00964
4	0.06382	0.48116	0.22046	0.01426	0.02102	0.02348	0.01562	0.02100	0.01402	0.01887	0.01045	0.01237	0.00885	0.00648	0.00595	0.00180	0.04390	0.00424	0.00306	0.00918
5	0.02180	0.33775	0.09609	0.01541	0.02089	0.28476	0.01403	0.09663	0.01835	0.02024	0.01115	0.01267	0.00928	0.00675	0.00564	0.00174	0.00967	0.00443	0.00364	0.00909
6	0.02129	0.08517	0.02059	0.03991	0.02075	0.01831	0.03749	0.36046	0.09199	0.05785	0.02007	0.06664	0.01682	0.00964	0.00704	0.00216	0.00714	0.05900	0.00619	0.05149
7	0.01876	0.42339	0.19017	0.01583	0.02244	0.14688	0.05437	0.02248	0.01542	0.01818	0.01079	0.01269	0.00903	0.00633	0.00551	0.00176	0.00926	0.00445	0.00311	0.00914
8	0.01047	0.00797	0.00966	0.01009	0.01143	0.00802	0.00713	0.01536	0.13677	0.02175	0.17792	0.40404	0.06873	0.06458	0.01011	0.00285	0.00431	0.01538	0.00670	0.00674
9	0.00997	0.00748	0.01121	0.01121	0.01246	0.00872	0.00872	0.01246	0.01121	0.01620	0.01869	0.02741	0.01745	0.05234	0.72710	0.01121	0.01869	0.00748	0.00374	0.00623
10	0.01727	0.01658	0.02832	0.04283	0.71123	0.01658	0.02142	0.02142	0.01589	0.02280	0.01313	0.01727	0.01105	0.00622	0.00691	0.00207	0.00829	0.00622	0.00345	0.01105
11	0.01447	0.01240	0.01447	0.01034	0.01654	0.00930	0.00827	0.01757	0.01447	0.02274	0.01240	0.01447	0.01034	0.00517	0.00517	0.00103	0.00517	0.00413	0.00413	0.79742
12	0.01706	0.01636	0.02794	0.07913	0.67660	0.01652	0.02131	0.02123	0.01579	0.02254	0.01309	0.01734	0.01096	0.00626	0.00691	0.00209	0.00834	0.00622	0.00344	0.01088
13	0.00980	0.00713	0.00923	0.00870	0.01038	0.00655	0.00653	0.01303	0.01958	0.02758	0.67926	0.05279	0.09438	0.01442	0.00823	0.00220	0.00330	0.01271	0.00763	0.00655
14	0.02653	0.01955	0.02094	0.01606	0.02164	0.02164	0.01326	0.68796	0.03281	0.04398	0.01675	0.01675	0.01187	0.00838	0.00698	0.00209	0.00768	0.00628	0.00698	0.01187
15	0.01924	0.01592	0.01684	0.01458	0.01886	0.01823	0.01150	0.17049	0.56215	0.03222	0.02601	0.02413	0.01937	0.00924	0.00708	0.00231	0.00596	0.00756	0.00708	0.01121
16	0.01212	0.00606	0.00909	0.00909	0.00909	0.00606	0.00606	0.00909	0.00909	0.01212	0.01212	0.02121	0.01212	0.02424	0.02727	0.79697	0.00606	0.00606	0.00303	0.00303
17	0.80405	0.01350	0.01026	0.00918	0.01350	0.01565	0.00756	0.02051	0.01188	0.03131	0.00972	0.01134	0.00756	0.00648	0.00432	0.00216	0.00540	0.00378	0.00432	0.00756
18	0.00986	0.00711	0.00934	0.00901	0.01058	0.00659	0.00678	0.01303	0.01922	0.02708	0.63937	0.09368	0.06358	0.01493	0.00833	0.00228	0.00347	0.04167	0.00756	0.00652
19	0.01015	0.00677	0.00761	0.00761	0.00761	0.00677	0.00423	0.01015	0.01015	0.01353	0.02199	0.04567	0.02537	0.75476	0.03552	0.00677	0.00677	0.01015	0.00423	0.00423
20	0.01447	0.01240	0.01447	0.01034	0.01654	0.00930	0.00827	0.01757	0.01447	0.02274	0.01240	0.01447	0.01034	0.00517	0.00517	0.00103	0.00517	0.00413	0.00413	0.79742
21	0.01318	0.01240	0.02093	0.73798	0.04806	0.01550	0.01938	0.01783	0.01395	0.01783	0.01240	0.01860	0.00930	0.00698	0.00698	0.00233	0.00930	0.00620	0.00310	0.00775
22	0.01447	0.01240	0.01447	0.01034	0.01654	0.00930	0.00827	0.01757	0.01447	0.02274	0.01240	0.01447	0.01034	0.00517	0.00517	0.00103	0.00517	0.00413	0.00413	0.79742
23	0.25319	0.02349	0.01696	0.01467	0.01896	0.34044	0.01149	0.14623	0.01986	0.07575	0.01275	0.01377	0.00968	0.00730	0.00589	0.00198	0.00913	0.00479	0.00478	0.00889
24	0.02318	0.31636	0.02633	0.01562	0.02014	0.45401	0.01288	0.02515	0.01759	0.01682	0.01036	0.01204	0.00898	0.00671	0.00558	0.00168	0.01059	0.00420	0.00336	0.00843
25	0.00825	0.00707	0.00707	0.00707	0.00943	0.00589	0.00530	0.01001	0.01591	0.01885	0.07069	0.06716	0.70839	0.01767	0.00825	0.00236	0.00353	0.01473	0.00648	0.00589
26	0.02653	0.01955	0.02094	0.01606	0.02164	0.02164	0.01326	0.68796	0.03281	0.04398	0.01675	0.01675	0.01187	0.00838	0.00698	0.00209	0.00768	0.00628	0.00698	0.01187
27	0.01694	0.01714	0.05490	0.07580	0.65235	0.01651	0.02149	0.02127	0.01575	0.02253	0.01307	0.01724	0.01088	0.00627	0.00690	0.00209	0.00842	0.00618	0.00342	0.01086

[dist]
# distance from previous block
# <min> <max>
0	3

[block]
# block no. 3 follows, 30 sequences, length 103
# corresponding to MSA columns:
# 478-580
name=unknown_D
#
# <colnr> <probs for GDERKNQSTAVLIFYWHMCP>
#	G	D	E	R	K	N	Q	S	T	A	V	L	I	F	Y	W	H	M	C	P
0	0.01843	0.01488	0.01668	0.01458	0.01874	0.01681	0.03397	0.03634	0.62184	0.08315	0.02785	0.02561	0.02062	0.00928	0.00713	0.00235	0.00577	0.00783	0.00710	0.01106
1	0.01012	0.00688	0.00822	0.00822	0.00842	0.00709	0.00498	0.01054	0.01033	0.01398	0.02143	0.04260	0.02404	0.63693	0.15153	0.00751	0.00877	0.00970	0.00415	0.00456
2	0.80405	0.01350	0.01026	0.00918	0.01350	0.01565	0.00756	0.02051	0.01188	0.03131	0.00972	0.01134	0.00756	0.00648	0.00432	0.00216	0.00540	0.00378	0.00432	0.00756
3	0.80405	0.01350	0.01026	0.00918	0.01350	0.01565	0.00756	0.02051	0.01188	0.03131	0.00972	0.01134	0.00756	0.00648	0.00432	0.00216	0.00540	0.00378	0.00432	0.00756
4	0.77491	0.01433	0.03638	0.00957	0.01411	0.01567	0.00823	0.02057	0.01198	0.03097	0.00982	0.01146	0.00760	0.00648	0.00440	0.00216	0.00558	0.00383	0.00427	0.00766
5	0.01369	0.01292	0.02185	0.65114	0.13091	0.01564	0.01963	0.01828	0.01420	0.01845	0.01249	0.01844	0.00952	0.00688	0.00697	0.00229	0.00918	0.00620	0.00314	0.00816
6	0.01507	0.01259	0.01381	0.01254	0.01579	0.01406	0.00968	0.02977	0.49106	0.02882	0.23605	0.03401	0.03492	0.01093	0.00745	0.00231	0.00484	0.00934	0.00728	0.00968
7	0.00832	0.00679	0.00736	0.00782	0.00962	0.00583	0.00563	0.00993	0.01519	0.01856	0.06161	0.25964	0.52177	0.01885	0.00843	0.00249	0.00368	0.01617	0.00648	0.00583
8	0.01409	0.01402	0.02355	0.61812	0.04555	0.04220	0.10676	0.01880	0.01450	0.01840	0.01257	0.01841	0.00946	0.00684	0.00712	0.00231	0.00975	0.00641	0.00318	0.00798
9	0.01504	0.01239	0.01453	0.01041	0.01658	0.00933	0.00834	0.01813	0.01466	0.04636	0.01292	0.01479	0.01057	0.00529	0.00523	0.00107	0.00519	0.00423	0.00429	0.77066
10	0.80405	0.01350	0.01026	0.00918	0.01350	0.01565	0.00756	0.02051	0.01188	0.03131	0.00972	0.01134	0.00756	0.00648	0.00432	0.00216	0.00540	0.00378	0.00432	0.00756
11	0.01631	0.37463	0.36513	0.01662	0.02474	0.02163	0.05169	0.02155	0.01456	0.01944	0.01128	0.01327	0.00898	0.00628	0.00570	0.00188	0.00905	0.00464	0.00299	0.00963
12	0.01689	0.01001	0.01248	0.01054	0.01372	0.00946	0.00829	0.10756	0.02121	0.18039	0.41807	0.04041	0.06989	0.01205	0.00769	0.00214	0.00453	0.01032	0.00763	0.03672
13	0.00873	0.00625	0.00830	0.00956	0.01017	0.00582	0.00650	0.01030	0.01444	0.01953	0.15143	0.63234	0.04948	0.02058	0.00879	0.00273	0.00392	0.01862	0.00668	0.00582
14	0.01400	0.03610	0.71860	0.01989	0.03020	0.01621	0.02578	0.02210	0.01473	0.02210	0.01252	0.01473	0.00884	0.00663	0.00663	0.00221	0.01031	0.00516	0.00295	0.01031
15	0.01924	0.01593	0.01684	0.01458	0.01886	0.01824	0.01150	0.17075	0.56188	0.03223	0.02601	0.02413	0.01936	0.00924	0.00708	0.00231	0.00597	0.00756	0.00708	0.01121
16	0.02743	0.04313	0.15612	0.01388	0.02027	0.01205	0.01339	0.03118	0.01873	0.55376	0.02392	0.02152	0.01531	0.00814	0.00685	0.00215	0.00686	0.00653	0.00731	0.01146
17	0.01425	0.05946	0.66892	0.02000	0.03004	0.01664	0.05162	0.02207	0.01478	0.02192	0.01249	0.01478	0.00891	0.00658	0.00662	0.00219	0.01028	0.00523	0.00297	0.01023
18	0.01599	0.18567	0.52618	0.01786	0.02692	0.01868	0.02192	0.05218	0.01557	0.04020	0.01252	0.01432	0.00922	0.00662	0.00621	0.00205	0.00948	0.00496	0.00329	0.01014
19	0.01557	0.01485	0.02526	0.33109	0.43623	0.01613	0.02057	0.01993	0.01509	0.02074	0.01283	0.01782	0.01033	0.00653	0.00694	0.00218	0.00871	0.00621	0.00331	0.00968
20	0.02738	0.01248	0.04314	0.01213	0.01733	0.01032	0.01032	0.05375	0.01968	0.57159	0.03229	0.02892	0.10870	0.00975	0.00716	0.00219	0.00585	0.00794	0.00806	0.01102
21	0.02823	0.01206	0.01624	0.01340	0.04304	0.01085	0.01048	0.07426	0.02064	0.57406	0.09760	0.02603	0.02178	0.00912	0.00714	0.00216	0.00586	0.00753	0.00824	0.01129
22	0.01658	0.01588	0.02708	0.16021	0.59925	0.01640	0.02107	0.02081	0.01556	0.02196	0.01300	0.01750	0.01076	0.00635	0.00692	0.00212	0.00846	0.00621	0.00339	0.01050
23	0.01607	0.13006	0.51828	0.01911	0.02804	0.06779	0.06413	0.02267	0.01526	0.03881	0.01251	0.01460	0.00919	0.00659	0.00643	0.00209	0.01007	0.00516	0.00318	0.00996
24	0.02560	0.04502	0.23097	0.01468	0.02159	0.01267	0.01505	0.02993	0.01818	0.48043	0.02234	0.02057	0.01442	0.00793	0.00681	0.00215	0.00732	0.00634	0.00671	0.01130
25	0.01345	0.01278	0.02191	0.68680	0.07354	0.01562	0.04209	0.01812	0.01411	0.01818	0.01249	0.01856	0.00941	0.00691	0.00702	0.00232	0.00935	0.00627	0.00313	0.00794
26	0.01769	0.01516	0.01597	0.01427	0.01827	0.01751	0.01113	0.06096	0.67419	0.02973	0.02798	0.02569	0.02096	0.00943	0.00710	0.00236	0.00560	0.00783	0.00710	0.01108
27	0.01505	0.01431	0.02430	0.42083	0.35062	0.01599	0.02031	0.01947	0.01484	0.02010	0.01273	0.01800	0.01010	0.00663	0.00695	0.00221	0.00884	0.00621	0.00326	0.00926
28	0.01597	0.02297	0.21813	0.02948	0.16483	0.01706	0.38300	0.02211	0.01590	0.02237	0.01350	0.01744	0.01021	0.00614	0.00755	0.00226	0.01071	0.00703	0.00336	0.00997
29	0.00873	0.00623	0.00836	0.00997	0.01048	0.00586	0.00687	0.01011	0.01358	0.01807	0.03834	0.69499	0.04566	0.02165	0.00897	0.00287	0.00424	0.07282	0.00647	0.00573
30	0.00859	0.00633	0.00805	0.00921	0.01004	0.00579	0.00630	0.01009	0.01436	0.01892	0.10580	0.57594	0.15404	0.02049	0.00874	0.00270	0.00390	0.01835	0.00659	0.00579
31	0.02786	0.01192	0.01548	0.01225	0.01724	0.01084	0.00999	0.03265	0.10558	0.57823	0.03079	0.02721	0.06822	0.00940	0.00712	0.00220	0.00571	0.00769	0.00829	0.01133
32	0.03069	0.04855	0.01719	0.01239	0.01782	0.01111	0.01034	0.03336	0.01969	0.68171	0.02666	0.02314	0.01687	0.00851	0.00689	0.00213	0.00601	0.00686	0.00836	0.01173
33	0.00997	0.00748	0.01121	0.01121	0.01246	0.00872	0.00872	0.01246	0.01121	0.01620	0.01869	0.02741	0.01745	0.05234	0.72710	0.01121	0.01869	0.00748	0.00374	0.00623
34	0.01702	0.01632	0.02786	0.08606	0.66998	0.01651	0.02129	0.02119	0.01577	0.02249	0.01308	0.01735	0.01094	0.00626	0.00691	0.00209	0.00835	0.00622	0.00343	0.01085
35	0.01749	0.01963	0.14223	0.13915	0.36977	0.01714	0.02028	0.12117	0.04065	0.02531	0.01397	0.01726	0.01088	0.00683	0.00689	0.00215	0.00860	0.00610	0.00396	0.01055
36	0.01829	0.01663	0.02672	0.15783	0.40137	0.01747	0.07798	0.15099	0.01891	0.02603	0.01380	0.01754	0.01087	0.00674	0.00705	0.00215	0.00865	0.00641	0.00409	0.01049
37	0.01077	0.00764	0.00961	0.00965	0.01136	0.00734	0.00743	0.01371	0.03628	0.04535	0.25067	0.08313	0.17319	0.09986	0.06967	0.00369	0.00577	0.14202	0.00647	0.00641
38	0.80405	0.01350	0.01026	0.00918	0.01350	0.01565	0.00756	0.02051	0.01188	0.03131	0.00972	0.01134	0.00756	0.00648	0.00432	0.00216	0.00540	0.00378	0.00432	0.00756
39	0.00860	0.00614	0.00821	0.00983	0.01028	0.00575	0.00665	0.00989	0.01346	0.01792	0.03841	0.72632	0.04594	0.02177	0.00893	0.00285	0.00413	0.04276	0.00648	0.00569
40	0.02488	0.02877	0.01974	0.01801	0.04150	0.52664	0.01341	0.12106	0.09857	0.02239	0.01369	0.01483	0.01085	0.00759	0.00650	0.00191	0.01097	0.00518	0.00446	0.00904
41	0.00856	0.00711	0.00750	0.00749	0.00973	0.00606	0.00568	0.01057	0.01639	0.02006	0.14883	0.06571	0.60379	0.01731	0.00830	0.00237	0.00361	0.03830	0.00663	0.00600
42	0.01866	0.75896	0.03657	0.01194	0.01791	0.02761	0.01194	0.02090	0.01418	0.01642	0.00970	0.01119	0.00896	0.00597	0.00448	0.00149	0.00746	0.00373	0.00299	0.00896
43	0.01628	0.01256	0.01552	0.01117	0.01732	0.00967	0.03059	0.01943	0.01511	0.09465	0.01403	0.01558	0.01106	0.00555	0.00546	0.00119	0.00546	0.00457	0.00458	0.69021
44	0.01881	0.01949	0.02683	0.03849	0.59078	0.14061	0.02003	0.02254	0.01657	0.02180	0.01272	0.01645	0.01069	0.00639	0.00680	0.00202	0.00904	0.00592	0.00348	0.01054
45	0.00853	0.00617	0.00807	0.00952	0.01009	0.00571	0.00641	0.00985	0.01373	0.01821	0.06237	0.68351	0.08937	0.02135	0.00884	0.00278	0.00399	0.01927	0.00652	0.00571
46	0.01671	0.01600	0.02730	0.13885	0.61962	0.01643	0.02113	0.02092	0.01562	0.02211	0.01303	0.01746	0.01081	0.00632	0.00692	0.00211	0.00843	0.00622	0.00341	0.01060
47	0.01888	0.01287	0.01470	0.01272	0.01592	0.01356	0.00977	0.32730	0.02270	0.08675	0.02619	0.29498	0.02623	0.07127	0.00992	0.00274	0.00610	0.01173	0.00671	0.00895
48	0.01415	0.05924	0.69677	0.01964	0.02981	0.01657	0.02534	0.02206	0.01472	0.02192	0.01243	0.01462	0.00884	0.00661	0.00656	0.00219	0.01022	0.00511	0.00295	0.01027
49	0.01301	0.00650	0.00650	0.00650	0.00813	0.00650	0.00488	0.01626	0.01463	0.02602	0.02276	0.02602	0.01789	0.00813	0.00488	0.00163	0.00325	0.00650	0.79350	0.00650
50	0.01432	0.05900	0.65098	0.02026	0.03021	0.01668	0.06910	0.02208	0.01483	0.02193	0.01253	0.01489	0.00896	0.00656	0.00666	0.00220	0.01031	0.00531	0.00299	0.01021
51	0.01634	0.02008	0.15908	0.03645	0.51569	0.01622	0.06291	0.02131	0.01584	0.02282	0.03766	0.01812	0.01255	0.00656	0.00698	0.00212	0.00871	0.00637	0.00351	0.01065
52	0.02669	0.04501	0.01596	0.01193	0.01671	0.01086	0.00979	0.03032	0.05909	0.54330	0.07918	0.05032	0.04919	0.00976	0.00711	0.00217	0.00563	0.00805	0.00807	0.01087
53	0.00848	0.00618	0.00799	0.00944	0.01005	0.00569	0.00635	0.00975	0.01363	0.01792	0.04183	0.67872	0.11546	0.02142	0.00884	0.00278	0.00399	0.01930	0.00648	0.00569
54	0.01777	0.05183	0.16964	0.03309	0.42513	0.11005	0.04945	0.02242	0.01612	0.02164	0.01260	0.01597	0.01023	0.00641	0.00673	0.00205	0.00938	0.00576	0.00335	0.01036
55	0.01858	0.55411	0.10842	0.01622	0.08599	0.07862	0.01447	0.02161	0.01483	0.01770	0.01042	0.01227	0.00915	0.00616	0.00508	0.00165	0.00824	0.00418	0.00307	0.00924
56	0.80405	0.01350	0.01026	0.00918	0.01350	0.01565	0.00756	0.02051	0.01188	0.03131	0.00972	0.01134	0.00756	0.00648	0.00432	0.00216	0.00540	0.00378	0.00432	0.00756
57	0.01991	0.63642	0.03373	0.01296	0.01853	0.14566	0.01220	0.02207	0.01512	0.01653	0.00988	0.01143	0.00896	0.00618	0.00478	0.00154	0.00833	0.00386	0.00309	0.00881
58	0.02405	0.01722	0.01882	0.01497	0.01980	0.01881	0.01214	0.54285	0.05328	0.07298	0.02057	0.11460	0.01701	0.01022	0.00724	0.00221	0.00704	0.00817	0.00700	0.01102
59	0.00885	0.00625	0.00815	0.00941	0.00978	0.00599	0.00618	0.00991	0.01271	0.01700	0.03473	0.59610	0.04129	0.15117	0.04441	0.00388	0.00515	0.01761	0.00597	0.00544
60	0.01124	0.00803	0.01124	0.01285	0.01446	0.00803	0.01124	0.01446	0.01606	0.02088	0.03695	0.07871	0.04016	0.01928	0.00964	0.00321	0.00643	0.66426	0.00643	0.00643
61	0.05141	0.53284	0.06248	0.01355	0.01912	0.18445	0.01274	0.02251	0.01538	0.01742	0.01007	0.01167	0.00890	0.00630	0.00498	0.00162	0.00867	0.00397	0.00317	0.00877
62	0.01701	0.03678	0.03398	0.06576	0.01824	0.01360	0.01069	0.26395	0.02195	0.05491	0.11488	0.21111	0.08189	0.01306	0.00764	0.00232	0.00599	0.01110	0.00645	0.00871
63	0.80405	0.01350	0.01026	0.00918	0.01350	0.01565	0.00756	0.02051	0.01188	0.03131	0.00972	0.01134	0.00756	0.00648	0.00432	0.00216	0.00540	0.00378	0.00432	0.00756
64	0.01673	0.01809	0.08535	0.08945	0.56000	0.03655	0.02104	0.02114	0.01577	0.02214	0.01383	0.01928	0.01175	0.00682	0.00697	0.00214	0.00859	0.03034	0.00350	0.01050
65	0.00850	0.00607	0.00810	0.00972	0.01012	0.00567	0.00648	0.00972	0.01336	0.01781	0.03846	0.75020	0.04615	0.02186	0.00891	0.00283	0.00405	0.01984	0.00648	0.00567
66	0.01751	0.01931	0.08224	0.08226	0.55601	0.07768	0.02095	0.02180	0.01601	0.02194	0.01283	0.01675	0.01059	0.00638	0.00684	0.00208	0.00888	0.00598	0.00340	0.01053
67	0.01451	0.06689	0.62430	0.02164	0.09234	0.01675	0.02476	0.02198	0.01481	0.02191	0.01245	0.01481	0.00905	0.00656	0.00656	0.00216	0.01000	0.00519	0.00300	0.01032
68	0.03131	0.01188	0.01619	0.01242	0.01781	0.01026	0.01026	0.03401	0.01997	0.71606	0.02753	0.02375	0.01727	0.00864	0.00702	0.00216	0.00594	0.00702	0.00864	0.01188
69	0.00911	0.00658	0.00850	0.00977	0.01047	0.00622	0.00664	0.03148	0.01432	0.01905	0.06230	0.67194	0.07560	0.02098	0.00879	0.00277	0.00412	0.01893	0.00654	0.00591
70	0.01633	0.01303	0.01503	0.01097	0.01693	0.01066	0.00883	0.09632	0.01688	0.05271	0.01559	0.01698	0.03562	0.00613	0.00556	0.00125	0.00543	0.00488	0.00473	0.64614
71	0.01014	0.00713	0.00966	0.00974	0.01058	0.00783	0.00699	0.01185	0.01121	0.01607	0.02093	0.06844	0.02133	0.26466	0.43338	0.00883	0.01333	0.00885	0.05347	0.00560
72	0.00997	0.00748	0.01121	0.01121	0.01246	0.00872	0.00872	0.01246	0.01121	0.01620	0.01869	0.02741	0.01745	0.05234	0.72710	0.01121	0.01869	0.00748	0.00374	0.00623
73	0.01434	0.03381	0.63129	0.02151	0.05087	0.01636	0.09092	0.02210	0.01494	0.02215	0.01270	0.01521	0.00908	0.00654	0.00680	0.00222	0.01040	0.00549	0.00302	0.01025
74	0.01623	0.01949	0.14888	0.10985	0.41965	0.01652	0.04447	0.02290	0.09008	0.02282	0.01465	0.01798	0.01158	0.00672	0.00693	0.00217	0.00858	0.00628	0.00373	0.01051
75	0.00971	0.00713	0.00910	0.00861	0.01032	0.00651	0.00646	0.01285	0.01937	0.02706	0.64347	0.05364	0.13049	0.01461	0.00823	0.00221	0.00332	0.01283	0.00756	0.00651
76	0.01101	0.00796	0.01092	0.01240	0.01407	0.00787	0.01078	0.01411	0.01605	0.02073	0.03956	0.07782	0.09192	0.01915	0.00953	0.00315	0.00620	0.61395	0.00643	0.00638
77	0.01883	0.28141	0.29819	0.01667	0.02369	0.21147	0.01776	0.02324	0.01590	0.01881	0.01109	0.01295	0.00892	0.00656	0.00581	0.00185	0.00995	0.00449	0.00313	0.00925
78	0.01707	0.01780	0.07143	0.04140	0.66870	0.01656	0.02169	0.02146	0.01582	0.02275	0.01309	0.01711	0.01092	0.00624	0.00689	0.00208	0.00842	0.00615	0.00342	0.01101
79	0.00877	0.00647	0.00827	0.00954	0.01044	0.00597	0.00675	0.01035	0.01428	0.01865	0.06745	0.54507	0.15809	0.02064	0.00884	0.00277	0.00417	0.08118	0.00652	0.00581
80	0.01526	0.01215	0.01362	0.01079	0.01550	0.03507	0.00848	0.02029	0.09909	0.07331	0.15961	0.02605	0.04844	0.00831	0.00631	0.00159	0.00509	0.00692	0.00560	0.42852
81	0.01007	0.00679	0.00790	0.00796	0.00807	0.00687	0.00465	0.01031	0.01035	0.01389	0.02235	0.07045	0.02554	0.67430	0.08695	0.00696	0.00757	0.01031	0.00427	0.00443
82	0.01660	0.01906	0.07638	0.03346	0.26747	0.01720	0.41944	0.02202	0.01617	0.02249	0.01368	0.01805	0.01065	0.00604	0.00769	0.00225	0.01049	0.00736	0.00347	0.01003
83	0.02425	0.01842	0.01966	0.01560	0.02077	0.02058	0.01271	0.52640	0.19808	0.04031	0.01965	0.01906	0.01421	0.00865	0.00701	0.00216	0.00714	0.00668	0.00701	0.01166
84	0.01443	0.05725	0.61898	0.02073	0.03053	0.01674	0.10114	0.02209	0.01491	0.02195	0.01262	0.01509	0.00904	0.00652	0.00675	0.00220	0.01039	0.00546	0.00301	0.01017
85	0.00849	0.00612	0.00805	0.00959	0.01009	0.00568	0.00642	0.00973	0.01349	0.01786	0.04004	0.71667	0.07867	0.02166	0.00887	0.00281	0.00402	0.01959	0.00648	0.00568
86	0.01504	0.01493	0.02094	0.01802	0.01807	0.02083	0.01499	0.01661	0.01071	0.01677	0.00957	0.01579	0.00952	0.01394	0.05316	0.00340	0.71091	0.00617	0.00308	0.00757
87	0.80405	0.01350	0.01026	0.00918	0.01350	0.01565	0.00756	0.02051	0.01188	0.03131	0.00972	0.01134	0.00756	0.00648	0.00432	0.00216	0.00540	0.00378	0.00432	0.00756
88	0.00950	0.00702	0.00964	0.01047	0.01130	0.00669	0.02817	0.03454	0.01431	0.01917	0.06307	0.65134	0.04395	0.04308	0.00961	0.00289	0.00448	0.01840	0.00638	0.00600
89	0.03131	0.01188	0.01619	0.01242	0.01781	0.01026	0.01026	0.03401	0.01997	0.71606	0.02753	0.02375	0.01727	0.00864	0.00702	0.00216	0.00594	0.00702	0.00864	0.01188
90	0.03131	0.01188	0.01619	0.01242	0.01781	0.01026	0.01026	0.03401	0.01997	0.71606	0.02753	0.02375	0.01727	0.00864	0.00702	0.00216	0.00594	0.00702	0.00864	0.01188
91	0.00850	0.00607	0.00810	0.00972	0.01012	0.00567	0.00648	0.00972	0.01336	0.01781	0.03846	0.75020	0.04615	0.02186	0.00891	0.00283	0.00405	0.01984	0.00648	0.00567
92	0.01647	0.01882	0.04118	0.02941	0.03647	0.01765	0.68588	0.02235	0.01647	0.02235	0.01412	0.01882	0.01059	0.00588	0.00824	0.00235	0.01176	0.00824	0.00353	0.00941
93	0.01212	0.00606	0.00909	0.00909	0.00909	0.00606	0.00606	0.00909	0.00909	0.01212	0.01212	0.02121	0.01212	0.02424	0.02727	0.79697	0.00606	0.00606	0.00303	0.00303
94	0.02653	0.01955	0.02094	0.01606	0.02164	0.02164	0.01326	0.68796	0.03281	0.04398	0.01675	0.01675	0.01187	0.00838	0.00698	0.00209	0.00768	0.00628	0.00698	0.01187
95	0.00825	0.00707	0.00707	0.00707	0.00943	0.00589	0.00530	0.01001	0.01591	0.01885	0.07069	0.06716	0.70839	0.01767	0.00825	0.00236	0.00353	0.01473	0.00648	0.00589
96	0.01301	0.00650	0.00650	0.00650	0.00813	0.00650	0.00488	0.01626	0.01463	0.02602	0.02276	0.02602	0.01789	0.00813	0.00488	0.00163	0.00325	0.00650	0.79350	0.00650
97	0.01563	0.01747	0.03767	0.02732	0.03368	0.01638	0.61382	0.02101	0.01614	0.02187	0.01670	0.09640	0.01436	0.00758	0.00831	0.00240	0.01095	0.00947	0.00384	0.00901
98	0.01866	0.75896	0.03657	0.01194	0.01791	0.02761	0.01194	0.02090	0.01418	0.01642	0.00970	0.01119	0.00896	0.00597	0.00448	0.00149	0.00746	0.00373	0.00299	0.00896
99	0.02653	0.01955	0.02094	0.01606	0.02164	0.02164	0.01326	0.68796	0.03281	0.04398	0.01675	0.01675	0.01187	0.00838	0.00698	0.00209	0.00768	0.00628	0.00698	0.01187
100	0.00873	0.00638	0.00873	0.04547	0.01198	0.00615	0.00711	0.01011	0.01339	0.01781	0.03718	0.71429	0.04434	0.02113	0.00881	0.00281	0.00431	0.01917	0.00631	0.00577
101	0.02027	0.01798	0.02030	0.28632	0.03109	0.10485	0.01541	0.27464	0.08945	0.02873	0.01535	0.01782	0.01142	0.00792	0.00733	0.00220	0.02804	0.00619	0.00502	0.00967
102	0.01421	0.01376	0.02185	0.61964	0.13313	0.04339	0.01941	0.01869	0.01443	0.01845	0.01243	0.01820	0.00952	0.00689	0.00694	0.00227	0.00930	0.00614	0.00317	0.00819

[dist]
# distance from previous block
# <min> <max>
0	23

[block]
# block no. 4 follows, 30 sequences, length 42
# corresponding to MSA columns:
# 604-645
name=unknown_E
#
# <colnr> <probs for GDERKNQSTAVLIFYWHMCP>
#	G	D	E	R	K	N	Q	S	T	A	V	L	I	F	Y	W	H	M	C	P
0	0.02034	0.01610	0.03841	0.01413	0.01947	0.01573	0.03031	0.27668	0.09568	0.07739	0.05119	0.01923	0.01523	0.00789	0.00719	0.00187	0.03636	0.00620	0.00592	0.24469
1	0.02221	0.27833	0.04908	0.01810	0.07077	0.36387	0.03757	0.04909	0.01780	0.01861	0.01098	0.01289	0.00928	0.00669	0.00582	0.00176	0.01025	0.00458	0.00348	0.00885
2	0.01452	0.03300	0.60906	0.02353	0.13827	0.01627	0.02509	0.02199	0.01492	0.02221	0.01262	0.01514	0.00919	0.00656	0.00667	0.00219	0.00999	0.00532	0.00303	0.01043
3	0.03131	0.01188	0.01619	0.01242	0.01781	0.01026	0.01026	0.03401	0.01997	0.71606	0.02753	0.02375	0.01727	0.00864	0.00702	0.00216	0.00594	0.00702	0.00864	0.01188
4	0.01367	0.01321	0.02325	0.64006	0.07259	0.01576	0.08624	0.01842	0.01428	0.01848	0.01260	0.01857	0.00950	0.00684	0.00710	0.00232	0.00951	0.00641	0.00316	0.00805
5	0.09151	0.01322	0.03265	0.05755	0.01710	0.04374	0.00992	0.17579	0.02079	0.07325	0.21541	0.05465	0.14333	0.01156	0.00730	0.00220	0.00575	0.00949	0.00642	0.00837
6	0.01124	0.00803	0.01124	0.01285	0.01446	0.00803	0.01124	0.01446	0.01606	0.02088	0.03695	0.07871	0.04016	0.01928	0.00964	0.00321	0.00643	0.66426	0.00643	0.00643
7	0.00997	0.00748	0.01121	0.01121	0.01246	0.00872	0.00872	0.01246	0.01121	0.01620	0.01869	0.02741	0.01745	0.05234	0.72710	0.01121	0.01869	0.00748	0.00374	0.00623
8	0.01400	0.03610	0.71860	0.01989	0.03020	0.01621	0.02578	0.02210	0.01473	0.02210	0.01252	0.01473	0.00884	0.00663	0.00663	0.00221	0.01031	0.00516	0.00295	0.01031
9	0.01683	0.01613	0.02753	0.11753	0.63996	0.01646	0.02120	0.02103	0.01568	0.02226	0.01305	0.01741	0.01087	0.00630	0.00692	0.00210	0.00840	0.00622	0.00342	0.01070
10	0.00850	0.00607	0.00810	0.00972	0.01012	0.00567	0.00648	0.00972	0.01336	0.01781	0.03846	0.75020	0.04615	0.02186	0.00891	0.00283	0.00405	0.01984	0.00648	0.00567
11	0.01456	0.01581	0.03300	0.05008	0.03096	0.01491	0.51036	0.01939	0.01585	0.02124	0.02154	0.13873	0.06055	0.00922	0.00830	0.00243	0.00992	0.01043	0.00417	0.00853
12	0.02595	0.01926	0.02062	0.01594	0.02142	0.02137	0.01312	0.64676	0.07496	0.04304	0.01749	0.01734	0.01246	0.00845	0.00699	0.00211	0.00754	0.00638	0.00699	0.01182
13	0.01527	0.01527	0.02137	0.01832	0.01832	0.02137	0.01527	0.01679	0.01069	0.01679	0.00916	0.01527	0.00916	0.01221	0.02290	0.00305	0.74198	0.00611	0.00305	0.00763
14	0.01447	0.01240	0.01447	0.01034	0.01654	0.00930	0.00827	0.01757	0.01447	0.02274	0.01240	0.01447	0.01034	0.00517	0.00517	0.00103	0.00517	0.00413	0.00413	0.79742
15	0.02541	0.03076	0.01955	0.01753	0.02131	0.61672	0.01327	0.07890	0.07464	0.02009	0.01264	0.01397	0.01019	0.00746	0.00641	0.00187	0.01165	0.00490	0.00413	0.00861
16	0.06086	0.01200	0.01462	0.01109	0.01644	0.01014	0.00897	0.04612	0.01749	0.27945	0.08440	0.02140	0.01810	0.00749	0.00616	0.00165	0.00537	0.00606	0.00624	0.36594
17	0.10960	0.01650	0.08610	0.16874	0.28267	0.01548	0.08764	0.03768	0.01521	0.02284	0.01503	0.08354	0.01326	0.00788	0.00691	0.00224	0.00829	0.00728	0.00382	0.00928
18	0.00988	0.00713	0.00933	0.00878	0.01043	0.00658	0.00658	0.01317	0.01975	0.02798	0.70754	0.05213	0.06584	0.01427	0.00823	0.00219	0.00329	0.01262	0.00768	0.00658
19	0.09100	0.01904	0.02006	0.01549	0.02097	0.02114	0.01279	0.63262	0.03107	0.04293	0.01617	0.01630	0.01151	0.00822	0.00676	0.00210	0.00749	0.00608	0.00676	0.01151
20	0.01727	0.01658	0.02832	0.04283	0.71123	0.01658	0.02142	0.02142	0.01589	0.02280	0.01313	0.01727	0.01105	0.00622	0.00691	0.00207	0.00829	0.00622	0.00345	0.01105
21	0.01679	0.01624	0.02817	0.11664	0.60670	0.01652	0.05416	0.02108	0.01571	0.02224	0.01310	0.01749	0.01084	0.00628	0.00698	0.00211	0.00857	0.00632	0.00342	0.01062
22	0.03131	0.01188	0.01619	0.01242	0.01781	0.01026	0.01026	0.03401	0.01997	0.71606	0.02753	0.02375	0.01727	0.00864	0.00702	0.00216	0.00594	0.00702	0.00864	0.01188
23	0.01360	0.01249	0.02052	0.68019	0.04565	0.01542	0.01881	0.04285	0.01475	0.01894	0.01361	0.02108	0.01070	0.00755	0.00709	0.00235	0.00912	0.03406	0.00339	0.00785
24	0.01695	0.01954	0.04011	0.02884	0.03573	0.05282	0.65253	0.02263	0.01663	0.02209	0.01395	0.01851	0.01051	0.00595	0.00814	0.00233	0.01181	0.00805	0.00353	0.00935
25	0.00998	0.00670	0.00766	0.00782	0.00786	0.00666	0.00445	0.01010	0.01047	0.01396	0.02364	0.11632	0.02745	0.68126	0.03285	0.00637	0.00649	0.01112	0.00445	0.00437
26	0.01095	0.00801	0.01069	0.01156	0.01331	0.00789	0.00974	0.01470	0.04221	0.02277	0.20011	0.06964	0.08794	0.01761	0.00912	0.00288	0.00546	0.44205	0.00676	0.00660
27	0.01012	0.00687	0.00812	0.00812	0.00830	0.00704	0.00486	0.01047	0.01030	0.01391	0.02152	0.04309	0.02425	0.65546	0.13329	0.00739	0.00845	0.00977	0.00416	0.00451
28	0.13828	0.01868	0.01941	0.01507	0.02047	0.02078	0.01244	0.59203	0.02980	0.04216	0.01574	0.01598	0.01125	0.00810	0.00660	0.00210	0.00735	0.00592	0.00660	0.01125
29	0.01015	0.00677	0.00761	0.00761	0.00761	0.00677	0.00423	0.01015	0.01015	0.01353	0.02199	0.04567	0.02537	0.75476	0.03552	0.00677	0.00677	0.01015	0.00423	0.00423
30	0.01653	0.01866	0.04022	0.03041	0.08679	0.01757	0.63633	0.02228	0.01643	0.02239	0.01404	0.01871	0.01062	0.00591	0.00814	0.00233	0.01151	0.00808	0.00352	0.00953
31	0.03131	0.01188	0.01619	0.01242	0.01781	0.01026	0.01026	0.03401	0.01997	0.71606	0.02753	0.02375	0.01727	0.00864	0.00702	0.00216	0.00594	0.00702	0.00864	0.01188
32	0.01120	0.00800	0.01118	0.01271	0.01432	0.00798	0.01109	0.01441	0.01619	0.02112	0.05966	0.07781	0.04103	0.01911	0.00959	0.00318	0.00632	0.64218	0.00647	0.00643
33	0.01417	0.06231	0.69387	0.01960	0.02976	0.01662	0.02528	0.02206	0.01471	0.02189	0.01242	0.01460	0.00884	0.00661	0.00655	0.00218	0.01021	0.00510	0.00295	0.01026
34	0.01124	0.00803	0.01124	0.01285	0.01446	0.00803	0.01124	0.01446	0.01606	0.02088	0.03695	0.07871	0.04016	0.01928	0.00964	0.00321	0.00643	0.66426	0.00643	0.00643
35	0.01041	0.00743	0.01028	0.01190	0.01314	0.00731	0.00979	0.01301	0.01524	0.01995	0.03741	0.28354	0.04199	0.02007	0.00942	0.00310	0.00570	0.46769	0.00644	0.00619
36	0.01727	0.01658	0.02832	0.04283	0.71123	0.01658	0.02142	0.02142	0.01589	0.02280	0.01313	0.01727	0.01105	0.00622	0.00691	0.00207	0.00829	0.00622	0.00345	0.01105
37	0.00978	0.00704	0.00918	0.00882	0.01031	0.00652	0.00650	0.01280	0.01894	0.02672	0.63280	0.10732	0.06300	0.03826	0.00915	0.00239	0.00346	0.01311	0.00748	0.00644
38	0.01751	0.01576	0.01999	0.17642	0.10895	0.03977	0.04052	0.08944	0.35873	0.02664	0.02091	0.02181	0.01579	0.00822	0.00706	0.00228	0.00734	0.00708	0.00553	0.01025
39	0.38330	0.01527	0.01593	0.01576	0.10370	0.01693	0.01116	0.16619	0.11003	0.07689	0.01532	0.01602	0.01140	0.00739	0.00576	0.00216	0.00630	0.00538	0.00543	0.00967
40	0.05627	0.01805	0.02118	0.06157	0.02338	0.01976	0.05565	0.52690	0.02858	0.06933	0.01717	0.03970	0.01275	0.00848	0.00701	0.00215	0.00776	0.00675	0.00647	0.01109
41	0.02215	0.01967	0.01868	0.01658	0.04904	0.14632	0.01255	0.30192	0.22883	0.03212	0.02040	0.06524	0.01632	0.00925	0.00701	0.00217	0.00771	0.00730	0.00623	0.01051

[dist]
# distance from previous block
# <min> <max>
0	3

[block]
# block no. 5 follows, 30 sequences, length 15
# corresponding to MSA columns:
# 649-663
name=unknown_F
#
# <colnr> <probs for GDERKNQSTAVLIFYWHMCP>
#	G	D	E	R	K	N	Q	S	T	A	V	L	I	F	Y	W	H	M	C	P
0	0.01853	0.07064	0.05342	0.05559	0.05501	0.01572	0.06226	0.24050	0.02035	0.04789	0.01758	0.11067	0.01560	0.01032	0.00849	0.06500	0.00724	0.00764	0.00515	0.11241
1	0.07236	0.01720	0.05464	0.08756	0.26838	0.11977	0.01569	0.02062	0.05081	0.02165	0.02135	0.06683	0.06748	0.00970	0.00713	0.00226	0.00799	0.07533	0.00437	0.00888
2	0.02514	0.08747	0.02179	0.01831	0.05524	0.48434	0.01370	0.16890	0.02194	0.02309	0.01210	0.01360	0.00971	0.00730	0.00633	0.00185	0.01091	0.00490	0.00427	0.00912
