[name]
unknown

[dist]
# distance from previous block
# <min> <max>
0	55

[block]
# block no. 0 follows, 28 sequences, length 99
# corresponding to MSA columns:
# 58-156
name=unknown_A
#
# <colnr> <probs for GDERKNQSTAVLIFYWHMCP>
#	G	D	E	R	K	N	Q	S	T	A	V	L	I	F	Y	W	H	M	C	P
0	0.01166	0.00830	0.01152	0.01311	0.01470	0.00830	0.01135	0.01483	0.01642	0.02137	0.03770	0.08026	0.04106	0.05657	0.01140	0.00353	0.00671	0.61805	0.00658	0.00658
1	0.01047	0.00703	0.00804	0.00810	0.00820	0.00698	0.00464	0.01070	0.01123	0.01505	0.05641	0.08276	0.02956	0.67276	0.03422	0.00661	0.00673	0.01120	0.00470	0.00460
2	0.00894	0.00663	0.00814	0.00929	0.01015	0.00606	0.00626	0.01023	0.01425	0.01842	0.04643	0.52285	0.19791	0.08448	0.01153	0.00319	0.00434	0.01854	0.00654	0.00583
3	0.01101	0.00750	0.01019	0.01171	0.04574	0.00695	0.00773	0.01295	0.01583	0.06229	0.16121	0.49988	0.08038	0.01944	0.00889	0.00272	0.00439	0.01748	0.00696	0.00677
4	0.01791	0.01749	0.03078	0.04329	0.63623	0.01738	0.08425	0.02240	0.01661	0.02370	0.01377	0.01814	0.01147	0.00644	0.00733	0.00219	0.00898	0.00668	0.00361	0.01135
5	0.02020	0.01471	0.01666	0.01544	0.04891	0.01615	0.01155	0.03596	0.50526	0.14938	0.03085	0.02837	0.05369	0.00997	0.00743	0.00241	0.00586	0.00832	0.00748	0.01140
6	0.01202	0.00632	0.00930	0.00957	0.00964	0.00625	0.00638	0.00957	0.01019	0.01358	0.01704	0.13753	0.01833	0.02485	0.02533	0.66216	0.00598	0.00862	0.00373	0.00360
7	0.01388	0.01307	0.02207	0.70297	0.07298	0.01619	0.02026	0.01870	0.01461	0.01876	0.01295	0.01933	0.00975	0.00724	0.00726	0.00241	0.00965	0.00646	0.00324	0.00820
8	0.02573	0.01682	0.02287	0.01812	0.04537	0.01710	0.11253	0.32054	0.02592	0.22719	0.05127	0.04587	0.01746	0.00908	0.00760	0.00227	0.00782	0.00784	0.00711	0.01148
9	0.02031	0.01548	0.01677	0.01444	0.01881	0.01726	0.01140	0.14606	0.46098	0.09189	0.05702	0.02805	0.04836	0.01013	0.00746	0.00239	0.00600	0.00833	0.00752	0.01133
10	0.02883	0.01153	0.01566	0.01229	0.01725	0.01003	0.01003	0.03174	0.02077	0.58967	0.14181	0.02976	0.02658	0.00999	0.00752	0.00226	0.00572	0.00830	0.00883	0.01144
11	0.01057	0.00705	0.00793	0.00793	0.00793	0.00705	0.00440	0.01057	0.01057	0.01409	0.02290	0.04757	0.02643	0.74454	0.03700	0.00705	0.00705	0.01057	0.00440	0.00440
12	0.75859	0.01436	0.01122	0.00991	0.01447	0.01661	0.00816	0.05310	0.01343	0.03325	0.01048	0.01208	0.00809	0.00684	0.00463	0.00225	0.00574	0.00406	0.00463	0.00809
13	0.00982	0.00742	0.00910	0.00916	0.01081	0.00683	0.00668	0.01294	0.03947	0.02457	0.38092	0.21822	0.20248	0.01735	0.00871	0.00249	0.00375	0.01525	0.00741	0.00662
14	0.01062	0.00803	0.01172	0.01160	0.01272	0.00940	0.00889	0.01292	0.01155	0.01662	0.01942	0.02994	0.01865	0.12114	0.62160	0.01089	0.04601	0.00801	0.00392	0.00634
15	0.79588	0.01406	0.01068	0.00956	0.01406	0.01631	0.00787	0.02137	0.01237	0.03261	0.01012	0.01181	0.00787	0.00675	0.00450	0.00225	0.00562	0.00394	0.00450	0.00787
16	0.01038	0.00779	0.01168	0.01168	0.01298	0.00909	0.00909	0.01298	0.01168	0.01687	0.01947	0.02856	0.01817	0.05452	0.71573	0.01168	0.01947	0.00779	0.00389	0.00649
17	0.01051	0.00786	0.01119	0.01395	0.06770	0.00761	0.00959	0.01268	0.01503	0.02000	0.03743	0.47143	0.04313	0.02060	0.00935	0.00301	0.00537	0.22048	0.00648	0.00661
18	0.02676	0.03399	0.02066	0.01874	0.02235	0.69112	0.01411	0.02862	0.02027	0.01778	0.01118	0.01321	0.00937	0.00767	0.00716	0.00192	0.03822	0.00474	0.00373	0.00841
19	0.01124	0.00757	0.00847	0.00827	0.00850	0.00765	0.00477	0.03649	0.01149	0.01533	0.02269	0.04639	0.02588	0.71583	0.03584	0.00686	0.00708	0.01041	0.00452	0.00471
20	0.01808	0.01561	0.01644	0.01479	0.01890	0.01808	0.01151	0.03863	0.68606	0.03041	0.02959	0.02712	0.02219	0.00986	0.00740	0.00247	0.00575	0.00822	0.00740	0.01151
21	0.01743	0.01683	0.02911	0.12830	0.59135	0.01718	0.04929	0.02189	0.01633	0.02309	0.01362	0.01823	0.01127	0.00656	0.00726	0.00220	0.00892	0.00656	0.00356	0.01102
22	0.02619	0.02214	0.01967	0.01597	0.02113	0.21535	0.01271	0.28648	0.07017	0.12795	0.01761	0.01765	0.01280	0.00812	0.00688	0.00200	0.00875	0.00599	0.00620	0.09626
23	0.60456	0.01391	0.01240	0.01053	0.01532	0.01530	0.00868	0.04671	0.01494	0.17834	0.01439	0.01480	0.01021	0.00730	0.00520	0.00225	0.00583	0.00475	0.00557	0.00900
24	0.01056	0.00708	0.00809	0.00809	0.00815	0.00714	0.00461	0.01067	0.01062	0.01421	0.02276	0.04675	0.02607	0.71477	0.06628	0.00725	0.00758	0.01045	0.00438	0.00449
25	0.01388	0.00967	0.01349	0.01453	0.07327	0.00925	0.03289	0.05820	0.01725	0.08967	0.07127	0.34062	0.11897	0.01725	0.00872	0.00270	0.00550	0.08844	0.00668	0.00776
26	0.01547	0.14184	0.57431	0.02068	0.06269	0.01866	0.02450	0.02280	0.01532	0.02218	0.01264	0.01493	0.00934	0.00678	0.00659	0.00218	0.01020	0.00521	0.00310	0.01057
27	0.01646	0.01683	0.02218	0.01907	0.01925	0.05665	0.01581	0.01807	0.01160	0.01751	0.00963	0.01576	0.00953	0.01246	0.02300	0.00312	0.69561	0.00628	0.00321	0.00798
28	0.02862	0.01877	0.02083	0.01597	0.02175	0.02018	0.01319	0.54763	0.03151	0.17690	0.01969	0.01890	0.01348	0.00878	0.00728	0.00219	0.00764	0.00670	0.00762	0.01236
29	0.01782	0.01828	0.06311	0.04343	0.66607	0.01725	0.02253	0.02234	0.01649	0.02371	0.01364	0.01786	0.01140	0.00650	0.00718	0.00217	0.00874	0.00642	0.00357	0.01148
30	0.02170	0.02410	0.02527	0.03107	0.34185	0.29823	0.03806	0.04641	0.01864	0.02183	0.01357	0.01816	0.01163	0.00758	0.00755	0.00212	0.03085	0.02752	0.00387	0.00998
31	0.01057	0.00705	0.00793	0.00793	0.00793	0.00705	0.00440	0.01057	0.01057	0.01409	0.02290	0.04757	0.02643	0.74454	0.03700	0.00705	0.00705	0.01057	0.00440	0.00440
32	0.01778	0.01718	0.02970	0.07267	0.64663	0.01727	0.04718	0.02219	0.01649	0.02351	0.01368	0.01811	0.01142	0.00650	0.00725	0.00218	0.00882	0.00656	0.00359	0.01130
33	0.01829	0.01401	0.01624	0.01184	0.01814	0.01172	0.00956	0.11972	0.01841	0.07773	0.01478	0.01616	0.01155	0.00616	0.00581	0.00133	0.00584	0.00487	0.00511	0.61272
34	0.01458	0.03760	0.70688	0.02072	0.03146	0.01688	0.02686	0.02302	0.01535	0.02302	0.01304	0.01535	0.00921	0.00691	0.00691	0.00230	0.01074	0.00537	0.00307	0.01074
35	0.01890	0.67018	0.11211	0.01335	0.02007	0.02745	0.01403	0.02190	0.01483	0.01776	0.01043	0.01207	0.00932	0.00629	0.00491	0.00164	0.00810	0.00405	0.00311	0.00948
36	0.01196	0.00876	0.01182	0.01323	0.01508	0.00885	0.01145	0.01627	0.05638	0.02218	0.03938	0.07826	0.06707	0.01941	0.00983	0.00326	0.00652	0.58662	0.00674	0.00696
37	0.01693	0.02466	0.23768	0.02711	0.03540	0.01768	0.45979	0.02362	0.01675	0.04650	0.01469	0.01853	0.01073	0.00646	0.00804	0.00240	0.01160	0.00759	0.00368	0.01017
38	0.01574	0.01090	0.01250	0.01143	0.01457	0.01105	0.00885	0.05039	0.21092	0.11672	0.14794	0.11358	0.19293	0.01421	0.00814	0.00248	0.00492	0.03639	0.00746	0.00889
39	0.01645	0.01712	0.03147	0.32693	0.09132	0.04099	0.30270	0.04312	0.01668	0.02188	0.01384	0.01910	0.01048	0.00677	0.00781	0.00239	0.01078	0.00732	0.00360	0.00923
40	0.00939	0.00758	0.00851	0.00899	0.01118	0.00670	0.00714	0.01160	0.01652	0.02014	0.06358	0.09534	0.50819	0.01898	0.00898	0.00270	0.00447	0.17701	0.00674	0.00627
41	0.01587	0.11254	0.51709	0.01913	0.02854	0.05277	0.04299	0.02277	0.01558	0.02218	0.01267	0.01494	0.00942	0.00670	0.00656	0.00209	0.01011	0.00518	0.00324	0.07961
42	0.79588	0.01406	0.01068	0.00956	0.01406	0.01631	0.00787	0.02137	0.01237	0.03261	0.01012	0.01181	0.00787	0.00675	0.00450	0.00225	0.00562	0.00394	0.00450	0.00787
43	0.01799	0.01727	0.02950	0.04462	0.69919	0.01727	0.02231	0.02231	0.01655	0.02375	0.01367	0.01799	0.01151	0.00648	0.00720	0.00216	0.00864	0.00648	0.00360	0.01151
44	0.02715	0.03464	0.02060	0.01873	0.02247	0.71536	0.01404	0.02903	0.02060	0.01779	0.01124	0.01311	0.00936	0.00749	0.00655	0.00187	0.01311	0.00468	0.00375	0.00843
45	0.01355	0.00678	0.00678	0.00678	0.00847	0.00678	0.00508	0.01694	0.01524	0.02710	0.02371	0.02710	0.01863	0.00847	0.00508	0.00169	0.00339	0.00678	0.78489	0.00678
46	0.00908	0.00738	0.00804	0.00787	0.01012	0.00634	0.00590	0.01137	0.01771	0.02236	0.25132	0.06548	0.51687	0.01740	0.00859	0.00241	0.00361	0.01471	0.00711	0.00634
47	0.01029	0.00743	0.00972	0.00914	0.01086	0.00686	0.00686	0.01372	0.02058	0.02915	0.69536	0.05430	0.06859	0.01486	0.00857	0.00229	0.00343	0.01315	0.00800	0.00686
48	0.01808	0.01561	0.01644	0.01479	0.01890	0.01808	0.01151	0.03863	0.68606	0.03041	0.02959	0.02712	0.02219	0.00986	0.00740	0.00247	0.00575	0.00822	0.00740	0.01151
49	0.79588	0.01406	0.01068	0.00956	0.01406	0.01631	0.00787	0.02137	0.01237	0.03261	0.01012	0.01181	0.00787	0.00675	0.00450	0.00225	0.00562	0.00394	0.00450	0.00787
50	0.03261	0.01237	0.01687	0.01293	0.01856	0.01068	0.01068	0.03543	0.02081	0.70423	0.02868	0.02474	0.01799	0.00900	0.00731	0.00225	0.00619	0.00731	0.00900	0.01237
51	0.02715	0.03464	0.02060	0.01873	0.02247	0.71536	0.01404	0.02903	0.02060	0.01779	0.01124	0.01311	0.00936	0.00749	0.00655	0.00187	0.01311	0.00468	0.00375	0.00843
52	0.02786	0.02000	0.02159	0.01655	0.02236	0.02201	0.01368	0.64627	0.03358	0.07535	0.01796	0.01778	0.01261	0.00874	0.00727	0.00218	0.00792	0.00658	0.00735	0.01236
53	0.79588	0.01406	0.01068	0.00956	0.01406	0.01631	0.00787	0.02137	0.01237	0.03261	0.01012	0.01181	0.00787	0.00675	0.00450	0.00225	0.00562	0.00394	0.00450	0.00787
54	0.00860	0.00732	0.00740	0.00747	0.00985	0.00613	0.00557	0.01042	0.01647	0.01960	0.07235	0.09558	0.67145	0.01858	0.00862	0.00247	0.00370	0.01554	0.00675	0.00613
55	0.79588	0.01406	0.01068	0.00956	0.01406	0.01631	0.00787	0.02137	0.01237	0.03261	0.01012	0.01181	0.00787	0.00675	0.00450	0.00225	0.00562	0.00394	0.00450	0.00787
56	0.01045	0.00751	0.01030	0.01030	0.01112	0.00833	0.00736	0.01209	0.01127	0.01585	0.02074	0.03557	0.02122	0.30891	0.46550	0.00997	0.01489	0.00881	0.00408	0.00572
57	0.03261	0.01237	0.01687	0.01293	0.01856	0.01068	0.01068	0.03543	0.02081	0.70423	0.02868	0.02474	0.01799	0.00900	0.00731	0.00225	0.00619	0.00731	0.00900	0.01237
58	0.02077	0.01501	0.01652	0.01445	0.01884	0.01671	0.01135	0.03803	0.56305	0.15500	0.02942	0.02668	0.02141	0.00970	0.00738	0.00243	0.00583	0.00805	0.00769	0.01167
59	0.03261	0.01237	0.01687	0.01293	0.01856	0.01068	0.01068	0.03543	0.02081	0.70423	0.02868	0.02474	0.01799	0.00900	0.00731	0.00225	0.00619	0.00731	0.00900	0.01237
60	0.01458	0.03760	0.70688	0.02072	0.03146	0.01688	0.02686	0.02302	0.01535	0.02302	0.01304	0.01535	0.00921	0.00691	0.00691	0.00230	0.01074	0.00537	0.00307	0.01074
61	0.73530	0.04570	0.01209	0.00980	0.01442	0.01664	0.00817	0.02188	0.01277	0.05578	0.01078	0.01226	0.00829	0.00680	0.00461	0.00222	0.00574	0.00405	0.00460	0.00809
62	0.00886	0.00633	0.00843	0.01012	0.01054	0.00590	0.00675	0.01012	0.01392	0.01856	0.04006	0.73979	0.04808	0.02277	0.00928	0.00295	0.00422	0.02066	0.00675	0.00590
63	0.03261	0.01237	0.01687	0.01293	0.01856	0.01068	0.01068	0.03543	0.02081	0.70423	0.02868	0.02474	0.01799	0.00900	0.00731	0.00225	0.00619	0.00731	0.00900	0.01237
64	0.02669	0.02003	0.02221	0.01817	0.05525	0.02228	0.01431	0.61676	0.03239	0.04360	0.01695	0.01742	0.01221	0.00878	0.00794	0.00222	0.03720	0.00653	0.00693	0.01214
65	0.01383	0.01285	0.02129	0.66638	0.04705	0.01612	0.01944	0.01846	0.01439	0.01882	0.01314	0.01948	0.01000	0.00758	0.00801	0.00243	0.04526	0.00647	0.03097	0.00802
66	0.79588	0.01406	0.01068	0.00956	0.01406	0.01631	0.00787	0.02137	0.01237	0.03261	0.01012	0.01181	0.00787	0.00675	0.00450	0.00225	0.00562	0.00394	0.00450	0.00787
67	0.06190	0.01244	0.01663	0.01280	0.01838	0.01090	0.01058	0.03489	0.02048	0.67846	0.02797	0.02425	0.01761	0.00891	0.00720	0.00225	0.00616	0.00718	0.00882	0.01220
68	0.02067	0.02038	0.01767	0.01582	0.01992	0.18551	0.01221	0.06378	0.49833	0.02805	0.02466	0.02334	0.01869	0.00924	0.00719	0.00231	0.00761	0.00730	0.00652	0.01080
69	0.01029	0.00743	0.00972	0.00914	0.01086	0.00686	0.00686	0.01372	0.02058	0.02915	0.69536	0.05430	0.06859	0.01486	0.00857	0.00229	0.00343	0.01315	0.00800	0.00686
70	0.01039	0.00775	0.01149	0.01149	0.01273	0.00898	0.00885	0.01286	0.01163	0.01673	0.01964	0.02951	0.01859	0.08927	0.68154	0.01145	0.01884	0.00793	0.00392	0.00639
71	0.01123	0.00802	0.01115	0.01283	0.01429	0.00795	0.01087	0.01422	0.01625	0.02121	0.03876	0.19408	0.04290	0.02054	0.00991	0.00328	0.00627	0.54299	0.00670	0.00656
72	0.00986	0.00725	0.00924	0.00908	0.01069	0.00662	0.00668	0.01277	0.01907	0.02637	0.51954	0.16173	0.14107	0.01651	0.00868	0.00241	0.00358	0.01457	0.00766	0.00662
73	0.01355	0.00678	0.00678	0.00678	0.00847	0.00678	0.00508	0.01694	0.01524	0.02710	0.02371	0.02710	0.01863	0.00847	0.00508	0.00169	0.00339	0.00678	0.78489	0.00678
74	0.01373	0.01292	0.02180	0.72707	0.05006	0.01615	0.02019	0.01857	0.01453	0.01857	0.01292	0.01938	0.00969	0.00727	0.00727	0.00242	0.00969	0.00646	0.00323	0.00807
75	0.02723	0.03242	0.02079	0.01841	0.02248	0.60739	0.01401	0.12968	0.02272	0.02216	0.01220	0.01379	0.00983	0.00768	0.00667	0.00192	0.01231	0.00497	0.00429	0.00904
76	0.01784	0.01712	0.02924	0.06796	0.67699	0.01723	0.02224	0.02218	0.01648	0.02357	0.01365	0.01804	0.01145	0.00650	0.00720	0.00217	0.00867	0.00648	0.00359	0.01140
77	0.01458	0.03760	0.70688	0.02072	0.03146	0.01688	0.02686	0.02302	0.01535	0.02302	0.01304	0.01535	0.00921	0.00691	0.00691	0.00230	0.01074	0.00537	0.00307	0.01074
78	0.01449	0.01370	0.02318	0.60525	0.16594	0.01635	0.02057	0.01924	0.01489	0.01950	0.01305	0.01913	0.01002	0.00713	0.00725	0.00238	0.00950	0.00646	0.00330	0.00869
79	0.79588	0.01406	0.01068	0.00956	0.01406	0.01631	0.00787	0.02137	0.01237	0.03261	0.01012	0.01181	0.00787	0.00675	0.00450	0.00225	0.00562	0.00394	0.00450	0.00787
80	0.01487	0.03558	0.63245	0.02183	0.03219	0.01705	0.09925	0.02305	0.01555	0.02305	0.01323	0.01582	0.00941	0.00682	0.00709	0.00232	0.01091	0.00573	0.00314	0.01064
81	0.02826	0.01638	0.11550	0.01427	0.02044	0.01247	0.01310	0.03404	0.10134	0.52444	0.02655	0.02369	0.01725	0.00880	0.00726	0.00228	0.00678	0.00714	0.00795	0.01203
82	0.03261	0.01237	0.01687	0.01293	0.01856	0.01068	0.01068	0.03543	0.02081	0.70423	0.02868	0.02474	0.01799	0.00900	0.00731	0.00225	0.00619	0.00731	0.00900	0.01237
83	0.00944	0.00720	0.01065	0.01137	0.01228	0.00673	0.04850	0.01110	0.01440	0.01930	0.06592	0.66594	0.04661	0.02140	0.00920	0.00289	0.00469	0.01959	0.00661	0.00619
84	0.02490	0.01877	0.02014	0.01603	0.02126	0.02088	0.01303	0.52201	0.15606	0.04156	0.02086	0.05511	0.01599	0.00964	0.00739	0.00227	0.00739	0.00756	0.00727	0.01188
85	0.01835	0.02218	0.16157	0.03445	0.42779	0.07441	0.04764	0.02317	0.01676	0.05342	0.01507	0.04505	0.01255	0.00737	0.00723	0.00221	0.00929	0.00677	0.00387	0.01086
86	0.00859	0.00736	0.00736	0.00736	0.00982	0.00614	0.00552	0.01043	0.01657	0.01964	0.07364	0.06996	0.69624	0.01841	0.00859	0.00245	0.00368	0.01534	0.00675	0.00614
87	0.01672	0.01823	0.03636	0.08028	0.08277	0.01890	0.45017	0.02174	0.01575	0.02184	0.01349	0.01875	0.01068	0.00752	0.01136	0.00257	0.15204	0.00784	0.00354	0.00944
88	0.02529	0.01949	0.02037	0.01622	0.02149	0.04262	0.01318	0.52023	0.14786	0.04130	0.02017	0.04367	0.01522	0.00937	0.00734	0.00225	0.00763	0.00726	0.00717	0.01187
89	0.02111	0.01768	0.02071	0.05677	0.19118	0.08369	0.01474	0.16768	0.16027	0.08620	0.02454	0.02492	0.07974	0.00916	0.00734	0.00225	0.00770	0.00760	0.00594	0.01079
90	0.01808	0.01561	0.01644	0.01479	0.01890	0.01808	0.01151	0.03863	0.68606	0.03041	0.02959	0.02712	0.02219	0.00986	0.00740	0.00247	0.00575	0.00822	0.00740	0.01151
91	0.79588	0.01406	0.01068	0.00956	0.01406	0.01631	0.00787	0.02137	0.01237	0.03261	0.01012	0.01181	0.00787	0.00675	0.00450	0.00225	0.00562	0.00394	0.00450	0.00787
92	0.02715	0.03464	0.02060	0.01873	0.02247	0.71536	0.01404	0.02903	0.02060	0.01779	0.01124	0.01311	0.00936	0.00749	0.00655	0.00187	0.01311	0.00468	0.00375	0.00843
93	0.01810	0.01913	0.06368	0.03061	0.21897	0.01772	0.32099	0.08116	0.05195	0.02579	0.01520	0.01882	0.01174	0.00662	0.00771	0.00224	0.00996	0.00733	0.00418	0.06810
94	0.02715	0.03464	0.02060	0.01873	0.02247	0.71536	0.01404	0.02903	0.02060	0.01779	0.01124	0.01311	0.00936	0.00749	0.00655	0.00187	0.01311	0.00468	0.00375	0.00843
95	0.01029	0.00743	0.00972	0.00914	0.01086	0.00686	0.00686	0.01372	0.02058	0.02915	0.69536	0.05430	0.06859	0.01486	0.00857	0.00229	0.00343	0.01315	0.00800	0.00686
96	0.01335	0.01214	0.01736	0.01565	0.01626	0.01616	0.01274	0.01540	0.01139	0.01721	0.01414	0.02177	0.01354	0.03209	0.34443	0.00712	0.40144	0.00702	0.00351	0.00727
97	0.00886	0.00633	0.00843	0.01012	0.01054	0.00590	0.00675	0.01012	0.01392	0.01856	0.04006	0.73979	0.04808	0.02277	0.00928	0.00295	0.00422	0.02066	0.00675	0.00590
98	0.01458	0.03760	0.70688	0.02072	0.03146	0.01688	0.02686	0.02302	0.01535	0.02302	0.01304	0.01535	0.00921	0.00691	0.00691	0.00230	0.01074	0.00537	0.00307	0.01074

[dist]
# distance from previous block
# <min> <max>
0	1

[block]
# block no. 1 follows, 28 sequences, length 27
# corresponding to MSA columns:
# 158-184
name=unknown_B
#
# <colnr> <probs for GDERKNQSTAVLIFYWHMCP>
#	G	D	E	R	K	N	Q	S	T	A	V	L	I	F	Y	W	H	M	C	P
0	0.00998	0.00736	0.00932	0.00895	0.01070	0.00671	0.00667	0.01307	0.01966	0.02726	0.57368	0.09354	0.15455	0.01578	0.00861	0.00235	0.00351	0.01386	0.00776	0.00671
1	0.01355	0.00678	0.00678	0.00678	0.00847	0.00678	0.00508	0.01694	0.01524	0.02710	0.02371	0.02710	0.01863	0.00847	0.00508	0.00169	0.00339	0.00678	0.78489	0.00678
2	0.01943	0.74891	0.03809	0.01244	0.01866	0.02876	0.01244	0.02177	0.01477	0.01710	0.01011	0.01166	0.00933	0.00622	0.00466	0.00155	0.00777	0.00389	0.00311	0.00933
3	0.00881	0.00651	0.00825	0.00964	0.01042	0.00594	0.00653	0.01018	0.01438	0.01875	0.04594	0.62260	0.16148	0.02201	0.00916	0.00287	0.00412	0.01973	0.00675	0.00594
4	0.02763	0.02036	0.02182	0.01672	0.02254	0.02254	0.01382	0.67496	0.03418	0.04581	0.01745	0.01745	0.01236	0.00873	0.00727	0.00218	0.00800	0.00654	0.00727	0.01236
5	0.02605	0.01884	0.02013	0.01561	0.02096	0.02077	0.01284	0.60115	0.03205	0.04371	0.01815	0.01853	0.01307	0.00870	0.00703	0.00213	0.00748	0.00657	0.09449	0.01174
6	0.00968	0.00733	0.00892	0.00869	0.01053	0.00657	0.00645	0.01247	0.01888	0.02552	0.46094	0.11079	0.25367	0.01651	0.00863	0.00239	0.00356	0.01437	0.00753	0.00657
7	0.02420	0.02364	0.02045	0.10368	0.02521	0.27017	0.01437	0.27534	0.08637	0.02995	0.01669	0.01979	0.01313	0.00870	0.00714	0.00218	0.00978	0.03363	0.00550	0.01010
8	0.04469	0.35647	0.38140	0.01660	0.02508	0.02220	0.01970	0.02240	0.01498	0.02070	0.01162	0.01356	0.00921	0.00659	0.00581	0.00196	0.00923	0.00465	0.00314	0.01000
9	0.00902	0.00738	0.00796	0.00782	0.01008	0.00632	0.00586	0.01127	0.01759	0.02207	0.23236	0.06596	0.53601	0.01750	0.00859	0.00241	0.00362	0.01478	0.00707	0.00632
10	0.01852	0.01827	0.02899	0.04313	0.66029	0.05741	0.02183	0.02269	0.01678	0.02341	0.01353	0.01771	0.01139	0.00653	0.00716	0.00214	0.00889	0.00637	0.00361	0.01134
11	0.02838	0.01917	0.02108	0.01616	0.02195	0.02077	0.01335	0.57937	0.03218	0.14422	0.01913	0.01854	0.01320	0.00877	0.00728	0.00219	0.00773	0.00666	0.00753	0.01236
12	0.01024	0.00691	0.00803	0.00835	0.00843	0.00683	0.00486	0.01048	0.01121	0.01495	0.02620	0.18073	0.03059	0.60570	0.03167	0.00626	0.00650	0.01251	0.00486	0.00469
13	0.08769	0.01340	0.01656	0.01316	0.01846	0.01288	0.01075	0.06446	0.13089	0.51148	0.02691	0.02382	0.01766	0.00896	0.00711	0.00228	0.00616	0.00717	0.00831	0.01189
14	0.02769	0.02040	0.02122	0.01650	0.02214	0.05900	0.01353	0.57381	0.05191	0.09246	0.01831	0.01804	0.01291	0.00871	0.00724	0.00218	0.00807	0.00655	0.00721	0.01212
15	0.01709	0.01595	0.02374	0.43280	0.17479	0.04958	0.03760	0.09897	0.03641	0.02330	0.01405	0.01880	0.01075	0.00733	0.00726	0.00232	0.00940	0.00650	0.00394	0.00944
16	0.01034	0.00695	0.00800	0.00822	0.00828	0.00690	0.00472	0.01051	0.01102	0.01469	0.02519	0.13971	0.02931	0.64847	0.03331	0.00650	0.00667	0.01191	0.00472	0.00460
17	0.02609	0.01654	0.01881	0.01541	0.04274	0.01742	0.01216	0.41578	0.02793	0.18589	0.02301	0.02246	0.04582	0.00913	0.00712	0.00216	0.00696	0.00714	0.08596	0.01148
18	0.02302	0.01985	0.09596	0.01926	0.09614	0.01881	0.01518	0.41075	0.04476	0.06816	0.01993	0.09847	0.01643	0.00989	0.00745	0.00229	0.00780	0.00806	0.00643	0.01135
19	0.01853	0.01845	0.02852	0.06901	0.62175	0.07122	0.02159	0.02268	0.01679	0.02309	0.01346	0.01767	0.01128	0.00659	0.00715	0.00215	0.00902	0.00634	0.00360	0.01114
20	0.07792	0.48638	0.06078	0.01482	0.02069	0.15823	0.05097	0.02327	0.01587	0.01898	0.01071	0.01256	0.00932	0.00652	0.00533	0.00175	0.00902	0.00437	0.00336	0.00913
21	0.01218	0.00829	0.01110	0.01124	0.04856	0.00762	0.00787	0.01542	0.01986	0.07765	0.54109	0.07347	0.10856	0.01450	0.00843	0.00231	0.00396	0.01276	0.00770	0.00743
22	0.01507	0.01292	0.01507	0.01077	0.01723	0.00969	0.00861	0.01830	0.01507	0.02369	0.01292	0.01507	0.01077	0.00538	0.00538	0.00108	0.00538	0.00431	0.00431	0.78898
23	0.01003	0.00731	0.00943	0.00914	0.01076	0.00671	0.00676	0.01313	0.01962	0.02743	0.58689	0.12804	0.10569	0.01592	0.00865	0.00237	0.00353	0.01408	0.00779	0.00671
24	0.01643	0.01678	0.02219	0.01907	0.01924	0.05460	0.01582	0.01803	0.01157	0.01751	0.00962	0.01577	0.00953	0.01248	0.02305	0.00312	0.69773	0.00628	0.00321	0.00797
25	0.00998	0.00737	0.00932	0.00892	0.01069	0.00671	0.00666	0.01308	0.01971	0.02731	0.57648	0.08509	0.16026	0.01571	0.00861	0.00234	0.00350	0.01378	0.00777	0.00671
26	0.00886	0.00633	0.00843	0.01012	0.01054	0.00590	0.00675	0.01012	0.01392	0.01856	0.04006	0.73979	0.04808	0.02277	0.00928	0.00295	0.00422	0.02066	0.00675	0.00590

[dist]
# distance from previous block
# <min> <max>
0	1

[block]
# block no. 2 follows, 28 sequences, length 17
# corresponding to MSA columns:
# 186-202
name=unknown_C
#
# <colnr> <probs for GDERKNQSTAVLIFYWHMCP>
#	G	D	E	R	K	N	Q	S	T	A	V	L	I	F	Y	W	H	M	C	P
0	0.01017	0.00743	0.00955	0.00902	0.01079	0.00681	0.00676	0.01348	0.02029	0.02847	0.65096	0.05542	0.11341	0.01511	0.00857	0.00230	0.00345	0.01330	0.00791	0.00681
1	0.02715	0.03464	0.02060	0.01873	0.02247	0.71536	0.01404	0.02903	0.02060	0.01779	0.01124	0.01311	0.00936	0.00749	0.00655	0.00187	0.01311	0.00468	0.00375	0.00843
2	0.02715	0.03464	0.02060	0.01873	0.02247	0.71536	0.01404	0.02903	0.02060	0.01779	0.01124	0.01311	0.00936	0.00749	0.00655	0.00187	0.01311	0.00468	0.00375	0.00843
3	0.03052	0.01191	0.01620	0.01258	0.01783	0.01032	0.01032	0.03339	0.02078	0.64084	0.09128	0.02752	0.02274	0.00955	0.00743	0.00225	0.00593	0.00786	0.00890	0.01185
4	0.79588	0.01406	0.01068	0.00956	0.01406	0.01631	0.00787	0.02137	0.01237	0.03261	0.01012	0.01181	0.00787	0.00675	0.00450	0.00225	0.00562	0.00394	0.00450	0.00787
5	0.00935	0.00686	0.00880	0.00965	0.01074	0.00631	0.00685	0.01138	0.01623	0.02179	0.22676	0.43481	0.13541	0.01990	0.00903	0.00272	0.00404	0.04605	0.00709	0.00623
6	0.00897	0.00649	0.00851	0.01008	0.01070	0.00603	0.00689	0.01036	0.01422	0.01877	0.04223	0.66578	0.09092	0.02236	0.00927	0.00294	0.00429	0.04850	0.00675	0.00595
7	0.01458	0.03760	0.70688	0.02072	0.03146	0.01688	0.02686	0.02302	0.01535	0.02302	0.01304	0.01535	0.00921	0.00691	0.00691	0.00230	0.01074	0.00537	0.00307	0.01074
8	0.02290	0.04583	0.02468	0.02029	0.04562	0.27248	0.12612	0.08741	0.06020	0.08198	0.01515	0.01746	0.01184	0.00977	0.03222	0.00255	0.10296	0.00631	0.00465	0.00957
9	0.02272	0.08158	0.02532	0.02796	0.28345	0.32109	0.01700	0.06920	0.04369	0.02236	0.01317	0.01568	0.01086	0.00717	0.00673	0.00200	0.01036	0.00557	0.00401	0.01006
10	0.01393	0.01320	0.02185	0.66059	0.04716	0.01672	0.01979	0.01847	0.01422	0.01847	0.01260	0.01905	0.00968	0.00778	0.00882	0.00249	0.07744	0.00645	0.00323	0.00806
11	0.01152	0.01070	0.05679	0.01060	0.01336	0.00919	0.00874	0.01772	0.12641	0.02714	0.42652	0.07621	0.14821	0.01435	0.00830	0.00237	0.00436	0.01245	0.00734	0.00772
12	0.01573	0.01357	0.01419	0.01295	0.01665	0.01512	0.01002	0.03163	0.52000	0.02774	0.04051	0.03775	0.18939	0.01198	0.00769	0.00246	0.00524	0.00999	0.00724	0.01017
13	0.01808	0.01561	0.01644	0.01479	0.01890	0.01808	0.01151	0.03863	0.68606	0.03041	0.02959	0.02712	0.02219	0.00986	0.00740	0.00247	0.00575	0.00822	0.00740	0.01151
14	0.02210	0.01715	0.01883	0.01429	0.02023	0.01726	0.01164	0.37606	0.07335	0.03617	0.01657	0.01722	0.01245	0.00752	0.00655	0.00178	0.00683	0.00580	0.00614	0.31206
15	0.01458	0.03760	0.70688	0.02072	0.03146	0.01688	0.02686	0.02302	0.01535	0.02302	0.01304	0.01535	0.00921	0.00691	0.00691	0.00230	0.01074	0.00537	0.00307	0.01074
16	0.79588	0.01406	0.01068	0.00956	0.01406	0.01631	0.00787	0.02137	0.01237	0.03261	0.01012	0.01181	0.00787	0.00675	0.00450	0.00225	0.00562	0.00394	0.00450	0.00787

[dist]
# distance from previous block
# <min> <max>
1	28

[block]
# block no. 3 follows, 28 sequences, length 51
# corresponding to MSA columns:
# 231-281
name=unknown_D
#
# <colnr> <probs for GDERKNQSTAVLIFYWHMCP>
#	G	D	E	R	K	N	Q	S	T	A	V	L	I	F	Y	W	H	M	C	P
0	0.01458	0.03760	0.70688	0.02072	0.03146	0.01688	0.02686	0.02302	0.01535	0.02302	0.01304	0.01535	0.00921	0.00691	0.00691	0.00230	0.01074	0.00537	0.00307	0.01074
1	0.00925	0.00658	0.00876	0.01037	0.01090	0.00622	0.00717	0.01067	0.01406	0.01869	0.03907	0.63603	0.04637	0.05697	0.01068	0.00319	0.00462	0.08784	0.00663	0.00592
2	0.02686	0.03133	0.02064	0.01821	0.02234	0.56390	0.01390	0.14369	0.05058	0.02327	0.01310	0.01446	0.01043	0.00781	0.00672	0.00195	0.01190	0.00516	0.00452	0.00925
3	0.01057	0.00705	0.00793	0.00793	0.00793	0.00705	0.00440	0.01057	0.01057	0.01409	0.02290	0.04757	0.02643	0.74454	0.03700	0.00705	0.00705	0.01057	0.00440	0.00440
4	0.03226	0.01293	0.01722	0.01320	0.01884	0.01152	0.01090	0.08026	0.02174	0.65807	0.02789	0.02423	0.01760	0.00898	0.00731	0.00224	0.00631	0.00726	0.00888	0.01237
5	0.01149	0.00869	0.01075	0.01002	0.01210	0.00859	0.00757	0.01755	0.12310	0.02934	0.59279	0.05011	0.06144	0.01409	0.00839	0.00231	0.00379	0.01239	0.00791	0.00757
6	0.02715	0.03464	0.02060	0.01873	0.02247	0.71536	0.01404	0.02903	0.02060	0.01779	0.01124	0.01311	0.00936	0.00749	0.00655	0.00187	0.01311	0.00468	0.00375	0.00843
7	0.01029	0.00743	0.00972	0.00914	0.01086	0.00686	0.00686	0.01372	0.02058	0.02915	0.69536	0.05430	0.06859	0.01486	0.00857	0.00229	0.00343	0.01315	0.00800	0.00686
8	0.00892	0.00638	0.00850	0.01007	0.01056	0.00595	0.00675	0.01029	0.01424	0.01906	0.07138	0.70704	0.04906	0.02240	0.00924	0.00292	0.00418	0.02031	0.00681	0.00595
9	0.79588	0.01406	0.01068	0.00956	0.01406	0.01631	0.00787	0.02137	0.01237	0.03261	0.01012	0.01181	0.00787	0.00675	0.00450	0.00225	0.00562	0.00394	0.00450	0.00787
10	0.01846	0.01642	0.01661	0.01496	0.01905	0.04743	0.01161	0.03822	0.65805	0.02988	0.02881	0.02653	0.02165	0.00976	0.00736	0.00244	0.00606	0.00807	0.00724	0.01138
11	0.01040	0.00771	0.01127	0.01127	0.01243	0.00886	0.00857	0.01272	0.01156	0.01657	0.01985	0.03064	0.01908	0.13002	0.64147	0.01118	0.01811	0.00809	0.00395	0.00626
12	0.06917	0.01409	0.01591	0.01356	0.01816	0.01497	0.01078	0.03544	0.39081	0.26329	0.02975	0.02697	0.04491	0.00969	0.00724	0.00238	0.00582	0.00791	0.00775	0.01139
13	0.01106	0.00838	0.01049	0.01145	0.01326	0.00824	0.00930	0.01504	0.07026	0.02123	0.04547	0.16747	0.19051	0.04611	0.01038	0.00315	0.00559	0.33916	0.00669	0.00676
14	0.01808	0.01561	0.01644	0.01479	0.01890	0.01808	0.01151	0.03863	0.68606	0.03041	0.02959	0.02712	0.02219	0.00986	0.00740	0.00247	0.00575	0.00822	0.00740	0.01151
15	0.01470	0.03687	0.68267	0.02157	0.05532	0.01690	0.02669	0.02299	0.01539	0.02305	0.01307	0.01544	0.00929	0.00689	0.00692	0.00230	0.01067	0.00541	0.00309	0.01077
16	0.01363	0.00933	0.01143	0.01153	0.01325	0.00936	0.00830	0.14011	0.01817	0.05660	0.03514	0.56571	0.03972	0.01939	0.00880	0.00277	0.00504	0.01729	0.00696	0.00746
17	0.01130	0.00807	0.01124	0.01292	0.01441	0.00801	0.01100	0.01435	0.01633	0.02129	0.03871	0.17650	0.04273	0.02047	0.00993	0.00329	0.00634	0.55982	0.00670	0.00658
18	0.00920	0.00659	0.00875	0.00988	0.01062	0.00614	0.00677	0.01100	0.01554	0.02113	0.19943	0.57308	0.05307	0.02085	0.00911	0.00279	0.00403	0.01884	0.00705	0.00614
19	0.01507	0.01292	0.01507	0.01077	0.01723	0.00969	0.00861	0.01830	0.01507	0.02369	0.01292	0.01507	0.01077	0.00538	0.00538	0.00108	0.00538	0.00431	0.00431	0.78898
20	0.00886	0.00633	0.00843	0.01012	0.01054	0.00590	0.00675	0.01012	0.01392	0.01856	0.04006	0.73979	0.04808	0.02277	0.00928	0.00295	0.00422	0.02066	0.00675	0.00590
21	0.00886	0.00633	0.00843	0.01012	0.01054	0.00590	0.00675	0.01012	0.01392	0.01856	0.04006	0.73979	0.04808	0.02277	0.00928	0.00295	0.00422	0.02066	0.00675	0.00590
22	0.01458	0.03760	0.70688	0.02072	0.03146	0.01688	0.02686	0.02302	0.01535	0.02302	0.01304	0.01535	0.00921	0.00691	0.00691	0.00230	0.01074	0.00537	0.00307	0.01074
23	0.01763	0.01689	0.02864	0.04317	0.67239	0.01684	0.02166	0.02185	0.01655	0.02359	0.01600	0.02001	0.03813	0.00694	0.00725	0.00217	0.00844	0.00682	0.00372	0.01131
24	0.05914	0.01224	0.01602	0.01252	0.01780	0.01098	0.01028	0.03394	0.04888	0.60984	0.02773	0.02451	0.01784	0.00892	0.00708	0.00223	0.00598	0.00719	0.05506	0.01183
25	0.02918	0.01582	0.05902	0.01435	0.02018	0.01417	0.01237	0.16643	0.08431	0.46637	0.02552	0.02290	0.01670	0.00890	0.00729	0.00226	0.00679	0.00712	0.00814	0.01219
26	0.06167	0.01299	0.01481	0.01069	0.01704	0.01008	0.00857	0.01849	0.01491	0.02422	0.01275	0.01488	0.01059	0.00546	0.00533	0.00115	0.00540	0.00428	0.00432	0.74236
27	0.01884	0.68949	0.05941	0.01268	0.01882	0.02742	0.01276	0.02139	0.01464	0.01729	0.01065	0.01259	0.00975	0.00855	0.03871	0.00206	0.00843	0.00412	0.00315	0.00924
28	0.03221	0.01302	0.01727	0.01324	0.01888	0.01165	0.01094	0.08775	0.02190	0.65036	0.02776	0.02414	0.01753	0.00897	0.00731	0.00224	0.00633	0.00725	0.00886	0.01237
29	0.01454	0.01375	0.02328	0.59649	0.17427	0.01636	0.02059	0.01929	0.01492	0.01956	0.01306	0.01911	0.01004	0.00712	0.00725	0.00237	0.00949	0.00646	0.00330	0.00873
30	0.01029	0.00743	0.00972	0.00914	0.01086	0.00686	0.00686	0.01372	0.02058	0.02915	0.69536	0.05430	0.06859	0.01486	0.00857	0.00229	0.00343	0.01315	0.00800	0.00686
31	0.00859	0.00736	0.00736	0.00736	0.00982	0.00614	0.00552	0.01043	0.01657	0.01964	0.07364	0.06996	0.69624	0.01841	0.00859	0.00245	0.00368	0.01534	0.00675	0.00614
32	0.01808	0.01561	0.01644	0.01479	0.01890	0.01808	0.01151	0.03863	0.68606	0.03041	0.02959	0.02712	0.02219	0.00986	0.00740	0.00247	0.00575	0.00822	0.00740	0.01151
33	0.01029	0.00743	0.00972	0.00914	0.01086	0.00686	0.00686	0.01372	0.02058	0.02915	0.69536	0.05430	0.06859	0.01486	0.00857	0.00229	0.00343	0.01315	0.00800	0.00686
34	0.02851	0.01896	0.02095	0.01606	0.02184	0.02046	0.01327	0.56247	0.03182	0.16162	0.01943	0.01873	0.01335	0.00877	0.00728	0.00219	0.00768	0.00668	0.00758	0.01236
35	0.02763	0.02036	0.02182	0.01672	0.02254	0.02254	0.01382	0.67496	0.03418	0.04581	0.01745	0.01745	0.01236	0.00873	0.00727	0.00218	0.00800	0.00654	0.00727	0.01236
36	0.79588	0.01406	0.01068	0.00956	0.01406	0.01631	0.00787	0.02137	0.01237	0.03261	0.01012	0.01181	0.00787	0.00675	0.00450	0.00225	0.00562	0.00394	0.00450	0.00787
37	0.79588	0.01406	0.01068	0.00956	0.01406	0.01631	0.00787	0.02137	0.01237	0.03261	0.01012	0.01181	0.00787	0.00675	0.00450	0.00225	0.00562	0.00394	0.00450	0.00787
38	0.01171	0.00837	0.01171	0.01339	0.01506	0.00837	0.01171	0.01506	0.01673	0.02175	0.03849	0.08199	0.04183	0.02008	0.01004	0.00335	0.00669	0.65027	0.00669	0.00669
39	0.01038	0.00779	0.01168	0.01168	0.01298	0.00909	0.00909	0.01298	0.01168	0.01687	0.01947	0.02856	0.01817	0.05452	0.71573	0.01168	0.01947	0.00779	0.00389	0.00649
40	0.02012	0.01609	0.01719	0.01496	0.01938	0.01831	0.01178	0.12501	0.56347	0.06687	0.02789	0.02568	0.02064	0.00966	0.00738	0.00242	0.00608	0.00794	0.00746	0.01167
41	0.02462	0.01532	0.01766	0.01410	0.01890	0.01601	0.01144	0.31442	0.09889	0.21257	0.14966	0.02736	0.02551	0.01008	0.00754	0.00225	0.00642	0.00817	0.00787	0.01123
42	0.01511	0.01305	0.01538	0.01112	0.01731	0.01023	0.00892	0.01827	0.01491	0.02342	0.01278	0.01511	0.01071	0.00570	0.00617	0.00117	0.03632	0.00439	0.00426	0.75569
43	0.00886	0.00633	0.00843	0.01012	0.01054	0.00590	0.00675	0.01012	0.01392	0.01856	0.04006	0.73979	0.04808	0.02277	0.00928	0.00295	0.00422	0.02066	0.00675	0.00590
44	0.01776	0.01511	0.01604	0.01449	0.01848	0.01729	0.01135	0.06265	0.59817	0.03017	0.03141	0.03119	0.05182	0.01067	0.00757	0.00250	0.00580	0.03913	0.00733	0.01108
45	0.01967	0.07486	0.05392	0.05014	0.10981	0.10218	0.01458	0.08400	0.35525	0.02742	0.02137	0.02142	0.01635	0.00852	0.00702	0.00225	0.00775	0.00690	0.00575	0.01086
46	0.01943	0.74891	0.03809	0.01244	0.01866	0.02876	0.01244	0.02177	0.01477	0.01710	0.01011	0.01166	0.00933	0.00622	0.00466	0.00155	0.00777	0.00389	0.00311	0.00933
47	0.00900	0.00643	0.00860	0.01029	0.01077	0.00603	0.00700	0.01037	0.01406	0.01872	0.03998	0.70624	0.04776	0.02264	0.00932	0.00297	0.00434	0.05278	0.00674	0.00594
48	0.01695	0.02104	0.09565	0.02985	0.03747	0.01826	0.62147	0.02326	0.01701	0.02326	0.01457	0.01927	0.01088	0.00619	0.00845	0.00244	0.01213	0.00832	0.00363	0.00988
49	0.01060	0.00717	0.00842	0.00847	0.00870	0.00724	0.00514	0.01105	0.01128	0.01517	0.04808	0.04789	0.02803	0.63733	0.08383	0.00705	0.00780	0.03739	0.00460	0.00474
50	0.02652	0.02221	0.02182	0.01861	0.06274	0.13149	0.01425	0.50354	0.06213	0.03933	0.01682	0.01726	0.01231	0.00845	0.00716	0.00214	0.00874	0.00633	0.00650	0.01165

[dist]
# distance from previous block
# <min> <max>
0	1

[block]
# block no. 4 follows, 28 sequences, length 73
# corresponding to MSA columns:
# 283-355
name=unknown_E
#
# <colnr> <probs for GDERKNQSTAVLIFYWHMCP>
#	G	D	E	R	K	N	Q	S	T	A	V	L	I	F	Y	W	H	M	C	P
0	0.32967	0.25209	0.14338	0.01287	0.01887	0.02016	0.01300	0.04691	0.01447	0.02548	0.01152	0.01368	0.00941	0.00974	0.05057	0.00264	0.00819	0.00452	0.00387	0.00893
1	0.24349	0.15963	0.19876	0.01512	0.02168	0.09500	0.01525	0.12780	0.01798	0.02778	0.01217	0.01374	0.00937	0.00709	0.00582	0.00208	0.00853	0.00480	0.00424	0.00967
2	0.02117	0.02173	0.05321	0.03213	0.37784	0.17203	0.04476	0.05148	0.06558	0.06723	0.01538	0.01792	0.01213	0.00719	0.00712	0.00214	0.00947	0.00630	0.00437	0.01082
3	0.01166	0.00790	0.00882	0.00849	0.00886	0.00804	0.00501	0.05306	0.01208	0.01612	0.02255	0.04564	0.02553	0.69749	0.03510	0.00674	0.00711	0.01031	0.00459	0.00491
4	0.02089	0.48083	0.03071	0.01378	0.01900	0.16293	0.01230	0.06673	0.04458	0.01951	0.01244	0.01527	0.01116	0.05400	0.00739	0.00205	0.00872	0.00483	0.00377	0.00913
5	0.79588	0.01406	0.01068	0.00956	0.01406	0.01631	0.00787	0.02137	0.01237	0.03261	0.01012	0.01181	0.00787	0.00675	0.00450	0.00225	0.00562	0.00394	0.00450	0.00787
6	0.06256	0.00873	0.01073	0.01007	0.01231	0.00852	0.00770	0.01726	0.06706	0.07445	0.48477	0.09876	0.05538	0.01437	0.00825	0.00238	0.00411	0.03737	0.00766	0.00756
7	0.01453	0.02771	0.45724	0.01786	0.02578	0.01433	0.04279	0.02184	0.04758	0.05405	0.08689	0.06736	0.04704	0.00978	0.00749	0.00239	0.00882	0.03215	0.00454	0.00982
8	0.01716	0.01961	0.04289	0.03064	0.03799	0.01838	0.67279	0.02328	0.01716	0.02328	0.01471	0.01961	0.01103	0.00613	0.00858	0.00245	0.01225	0.00858	0.00368	0.00980
9	0.01038	0.00779	0.01168	0.01168	0.01298	0.00909	0.00909	0.01298	0.01168	0.01687	0.01947	0.02856	0.01817	0.05452	0.71573	0.01168	0.01947	0.00779	0.00389	0.00649
10	0.03224	0.01297	0.01724	0.01322	0.01886	0.01157	0.01092	0.08347	0.02181	0.65476	0.02783	0.02419	0.01757	0.00898	0.00731	0.00224	0.00632	0.00725	0.00887	0.01237
11	0.06355	0.01273	0.02056	0.65259	0.04619	0.01575	0.01886	0.01841	0.01437	0.01947	0.01382	0.04763	0.01110	0.00785	0.00717	0.00243	0.00921	0.00687	0.00345	0.00798
12	0.02630	0.03286	0.02021	0.01836	0.02214	0.65006	0.01381	0.02993	0.08292	0.01897	0.01295	0.01442	0.01056	0.00771	0.00663	0.00193	0.01242	0.00501	0.00409	0.00872
13	0.01799	0.01727	0.02950	0.04462	0.69919	0.01727	0.02231	0.02231	0.01655	0.02375	0.01367	0.01799	0.01151	0.00648	0.00720	0.00216	0.00864	0.00648	0.00360	0.01151
14	0.01373	0.01292	0.02180	0.72707	0.05006	0.01615	0.02019	0.01857	0.01453	0.01857	0.01292	0.01938	0.00969	0.00727	0.00727	0.00242	0.00969	0.00646	0.00323	0.00807
15	0.00987	0.00741	0.00913	0.00870	0.01060	0.00668	0.00653	0.01290	0.01958	0.02678	0.54046	0.05820	0.22496	0.01574	0.00858	0.00233	0.00349	0.01369	0.00769	0.00668
16	0.01694	0.01918	0.04154	0.07517	0.03876	0.01824	0.63106	0.02298	0.01699	0.02298	0.01459	0.01959	0.01094	0.00620	0.00849	0.00245	0.01209	0.00844	0.00365	0.00969
17	0.01048	0.00773	0.00982	0.00925	0.01110	0.00724	0.00695	0.01445	0.04531	0.02861	0.63233	0.05424	0.10525	0.01489	0.00853	0.00230	0.00353	0.01310	0.00790	0.00699
18	0.03261	0.01237	0.01687	0.01293	0.01856	0.01068	0.01068	0.03543	0.02081	0.70423	0.02868	0.02474	0.01799	0.00900	0.00731	0.00225	0.00619	0.00731	0.00900	0.01237
19	0.00886	0.00633	0.00843	0.01012	0.01054	0.00590	0.00675	0.01012	0.01392	0.01856	0.04006	0.73979	0.04808	0.02277	0.00928	0.00295	0.00422	0.02066	0.00675	0.00590
20	0.01875	0.01547	0.01646	0.01471	0.01889	0.01774	0.01147	0.03848	0.65538	0.06148	0.02954	0.02701	0.02200	0.00982	0.00739	0.00246	0.00577	0.00818	0.00747	0.01155
21	0.01458	0.03760	0.70688	0.02072	0.03146	0.01688	0.02686	0.02302	0.01535	0.02302	0.01304	0.01535	0.00921	0.00691	0.00691	0.00230	0.01074	0.00537	0.00307	0.01074
22	0.01799	0.01727	0.02950	0.04462	0.69919	0.01727	0.02231	0.02231	0.01655	0.02375	0.01367	0.01799	0.01151	0.00648	0.00720	0.00216	0.00864	0.00648	0.00360	0.01151
23	0.01263	0.00631	0.00947	0.00947	0.00947	0.00631	0.00631	0.00947	0.00947	0.01263	0.01263	0.02210	0.01263	0.02525	0.02841	0.78851	0.00631	0.00631	0.00316	0.00316
24	0.03160	0.01303	0.01720	0.01316	0.01883	0.01160	0.01086	0.08626	0.02168	0.62768	0.02723	0.02382	0.01729	0.00885	0.00724	0.00220	0.00630	0.00714	0.00870	0.03931
25	0.01537	0.15735	0.56932	0.04421	0.02995	0.01887	0.02418	0.02265	0.01522	0.02186	0.01254	0.01486	0.00925	0.00680	0.00654	0.00218	0.01020	0.00516	0.00308	0.01041
26	0.01328	0.01111	0.01649	0.02173	0.22207	0.01098	0.01367	0.01730	0.04049	0.02281	0.07803	0.05699	0.13403	0.01500	0.00877	0.00275	0.00658	0.29381	0.00587	0.00825
27	0.01199	0.01025	0.01321	0.01277	0.01405	0.05394	0.00996	0.01436	0.01214	0.01691	0.01805	0.02685	0.01698	0.06710	0.58179	0.01007	0.09152	0.00753	0.00383	0.00670
28	0.08175	0.01838	0.05127	0.03903	0.57241	0.03863	0.02071	0.04849	0.01700	0.02514	0.01344	0.01723	0.01111	0.00663	0.00695	0.00216	0.00858	0.00618	0.00380	0.01113
29	0.02224	0.25701	0.12140	0.01856	0.05014	0.34848	0.04273	0.02543	0.01775	0.01876	0.01137	0.01342	0.00949	0.00692	0.00612	0.00187	0.01090	0.00476	0.00345	0.00921
30	0.01759	0.01686	0.02878	0.10880	0.63814	0.01717	0.02211	0.02196	0.01636	0.02326	0.01360	0.01812	0.01134	0.00655	0.00720	0.00218	0.00873	0.00648	0.00356	0.01119
31	0.76922	0.01428	0.01107	0.00981	0.01435	0.01652	0.00808	0.04405	0.01313	0.03307	0.01038	0.01200	0.00803	0.00682	0.00459	0.00225	0.00571	0.00403	0.00459	0.00803
32	0.00887	0.00737	0.00774	0.00765	0.00999	0.00625	0.00574	0.01096	0.01722	0.02117	0.17407	0.06743	0.59485	0.01784	0.00859	0.00243	0.00364	0.01499	0.00695	0.00625
33	0.68195	0.01625	0.04388	0.01087	0.01572	0.03979	0.00936	0.06642	0.01427	0.03259	0.01079	0.01240	0.00829	0.00691	0.00487	0.00223	0.00627	0.00421	0.00460	0.00833
34	0.01056	0.00707	0.00806	0.00806	0.00810	0.00712	0.00456	0.01065	0.01061	0.01419	0.02279	0.04693	0.02615	0.72118	0.05997	0.00720	0.00747	0.01048	0.00439	0.00448
35	0.01038	0.00779	0.01168	0.01168	0.01298	0.00909	0.00909	0.01298	0.01168	0.01687	0.01947	0.02856	0.01817	0.05452	0.71573	0.01168	0.01947	0.00779	0.00389	0.00649
36	0.02781	0.01915	0.02095	0.01616	0.02188	0.02086	0.01332	0.56583	0.06257	0.12724	0.01941	0.01881	0.01352	0.00881	0.00728	0.00220	0.00767	0.00672	0.00749	0.01232
37	0.01171	0.00837	0.01171	0.01339	0.01506	0.00837	0.01171	0.01506	0.01673	0.02175	0.03849	0.08199	0.04183	0.02008	0.01004	0.00335	0.00669	0.65027	0.00669	0.00669
38	0.01590	0.01590	0.02226	0.01908	0.01908	0.02226	0.01590	0.01749	0.01113	0.01749	0.00954	0.01590	0.00954	0.01272	0.02385	0.00318	0.73123	0.00636	0.00318	0.00795
39	0.01507	0.01292	0.01507	0.01077	0.01723	0.00969	0.00861	0.01830	0.01507	0.02369	0.01292	0.01507	0.01077	0.00538	0.00538	0.00108	0.00538	0.00431	0.00431	0.78898
40	0.79588	0.01406	0.01068	0.00956	0.01406	0.01631	0.00787	0.02137	0.01237	0.03261	0.01012	0.01181	0.00787	0.00675	0.00450	0.00225	0.00562	0.00394	0.00450	0.00787
41	0.01263	0.00631	0.00947	0.00947	0.00947	0.00631	0.00631	0.00947	0.00947	0.01263	0.01263	0.02210	0.01263	0.02525	0.02841	0.78851	0.00631	0.00631	0.00316	0.00316
42	0.03261	0.01237	0.01687	0.01293	0.01856	0.01068	0.01068	0.03543	0.02081	0.70423	0.02868	0.02474	0.01799	0.00900	0.00731	0.00225	0.00619	0.00731	0.00900	0.01237
