[name]
unknown

[dist]
# distance from previous block
# <min> <max>
26	281

[block]
# block no. 0 follows, 28 sequences, length 20
# corresponding to MSA columns:
# 299-318
name=unknown_A
#
# <colnr> <probs for GDERKNQSTAVLIFYWHMCP>
#	G	D	E	R	K	N	Q	S	T	A	V	L	I	F	Y	W	H	M	C	P
0	0.01846	0.03887	0.04536	0.05055	0.01878	0.01418	0.01098	0.21750	0.03658	0.06251	0.04749	0.06460	0.04138	0.06041	0.03911	0.00275	0.00707	0.00782	0.08501	0.13058
1	0.01809	0.01254	0.01440	0.07246	0.01788	0.04780	0.00992	0.13840	0.03750	0.12448	0.06494	0.14979	0.02563	0.16610	0.03832	0.00365	0.00727	0.01020	0.00615	0.03448
2	0.08399	0.02273	0.18669	0.04096	0.15207	0.09963	0.06412	0.06394	0.04070	0.04568	0.03583	0.05257	0.01456	0.00811	0.00695	0.00220	0.00886	0.00684	0.03044	0.03313
3	0.04226	0.09520	0.06886	0.03810	0.01968	0.01792	0.01253	0.24554	0.07745	0.02948	0.01934	0.09431	0.01736	0.07972	0.01090	0.00271	0.05555	0.00798	0.02916	0.03596
4	0.07290	0.01553	0.01611	0.04081	0.01883	0.05127	0.01083	0.24401	0.10090	0.08663	0.02439	0.04452	0.07054	0.00952	0.00682	0.00212	0.00655	0.00750	0.09925	0.07097
5	0.01825	0.14791	0.02195	0.08617	0.10515	0.11831	0.01330	0.06913	0.09326	0.02439	0.12192	0.02326	0.02113	0.00870	0.00709	0.00204	0.02383	0.00692	0.04499	0.04228
6	0.03948	0.01023	0.01204	0.04458	0.01474	0.01025	0.00823	0.08685	0.03806	0.02243	0.02660	0.14091	0.07953	0.18378	0.09547	0.00435	0.00750	0.01013	0.03454	0.13031
7	0.01478	0.07445	0.01846	0.21623	0.02570	0.01424	0.01269	0.06070	0.01589	0.02214	0.04414	0.06485	0.04346	0.01184	0.05227	0.00262	0.05693	0.00725	0.03048	0.21089
8	0.05635	0.08166	0.04004	0.07621	0.05015	0.09209	0.06742	0.07188	0.01726	0.02271	0.05761	0.02914	0.15075	0.01280	0.04756	0.00278	0.07829	0.00815	0.00471	0.03244
9	0.02747	0.04329	0.01671	0.01251	0.01751	0.01172	0.01028	0.05002	0.06823	0.50699	0.10057	0.02923	0.05212	0.00996	0.00739	0.00225	0.00587	0.00817	0.00838	0.01133
10	0.01533	0.05270	0.02479	0.01915	0.02159	0.01861	0.14476	0.01806	0.01307	0.01914	0.01375	0.06575	0.01323	0.01469	0.07584	0.00349	0.38396	0.00759	0.00366	0.07084
11	0.01883	0.08688	0.02809	0.02053	0.02463	0.14472	0.19507	0.04931	0.01615	0.02081	0.01228	0.01647	0.01042	0.01003	0.03648	0.00267	0.22178	0.00633	0.00371	0.07481
12	0.01075	0.00812	0.01034	0.01058	0.01241	0.00747	0.00779	0.01389	0.04782	0.02240	0.17403	0.39127	0.04544	0.01784	0.00860	0.00258	0.00455	0.08494	0.00671	0.11249
13	0.01039	0.00697	0.00798	0.00816	0.00820	0.00693	0.00465	0.01052	0.01092	0.01457	0.02472	0.12067	0.02871	0.66832	0.03407	0.00661	0.00675	0.01164	0.00465	0.00456
14	0.08466	0.62970	0.08947	0.01286	0.01930	0.02676	0.01321	0.02183	0.01461	0.01889	0.01034	0.01197	0.00920	0.00632	0.00483	0.00167	0.00783	0.00401	0.00322	0.00932
15	0.06763	0.02158	0.21908	0.10556	0.29508	0.01604	0.05740	0.02103	0.01562	0.02313	0.01693	0.05358	0.03998	0.00795	0.00717	0.00230	0.00894	0.00714	0.00375	0.01010
16	0.02042	0.01627	0.01780	0.01628	0.05969	0.03817	0.01230	0.31692	0.15396	0.03384	0.02945	0.06862	0.10419	0.01172	0.00778	0.00240	0.00691	0.06603	0.00682	0.01041
17	0.01685	0.01409	0.01600	0.01194	0.01803	0.01217	0.00956	0.09407	0.10120	0.02700	0.01551	0.01685	0.01237	0.00632	0.00585	0.00137	0.00572	0.00505	0.00502	0.60505
18	0.04852	0.05667	0.03380	0.07240	0.05698	0.01738	0.41866	0.02081	0.01601	0.02216	0.01879	0.06975	0.05149	0.00846	0.00904	0.00246	0.05459	0.00896	0.00400	0.00906
19	0.01487	0.01442	0.02496	0.41221	0.13993	0.01559	0.11953	0.01956	0.01537	0.02069	0.01533	0.02040	0.03319	0.00713	0.00729	0.00224	0.00924	0.00684	0.00359	0.09760

[dist]
# distance from previous block
# <min> <max>
1	4

[block]
# block no. 1 follows, 28 sequences, length 83
# corresponding to MSA columns:
# 323-405
name=unknown_B
#
# <colnr> <probs for GDERKNQSTAVLIFYWHMCP>
#	G	D	E	R	K	N	Q	S	T	A	V	L	I	F	Y	W	H	M	C	P
0	0.02055	0.01741	0.08773	0.01986	0.14041	0.01596	0.01447	0.24360	0.05816	0.09979	0.10065	0.06994	0.02261	0.04486	0.00893	0.00250	0.00726	0.00845	0.00630	0.01056
1	0.09218	0.02009	0.17249	0.06913	0.04666	0.04457	0.12552	0.08483	0.01711	0.02477	0.03842	0.10825	0.04009	0.01202	0.04173	0.00286	0.03714	0.00855	0.00454	0.00904
2	0.01471	0.01359	0.01478	0.01376	0.01527	0.11464	0.01083	0.01767	0.03492	0.01897	0.01700	0.02329	0.01519	0.03078	0.34086	0.00673	0.17225	0.00690	0.11057	0.00729
3	0.02504	0.02999	0.01984	0.01783	0.02151	0.54449	0.01356	0.06309	0.09798	0.02078	0.01556	0.01686	0.03245	0.00841	0.00753	0.00203	0.04413	0.00560	0.00442	0.00890
4	0.06067	0.01564	0.02350	0.17051	0.02797	0.01913	0.09975	0.08501	0.01552	0.05831	0.01307	0.01791	0.01067	0.01110	0.03651	0.00299	0.31220	0.00664	0.00406	0.00884
5	0.01000	0.00718	0.00911	0.01020	0.01098	0.00690	0.00693	0.04532	0.01505	0.02006	0.05973	0.61158	0.06575	0.07080	0.01102	0.00315	0.00457	0.01882	0.00666	0.00618
6	0.00895	0.00641	0.00836	0.00989	0.01036	0.00598	0.00656	0.01016	0.01381	0.01832	0.04022	0.67285	0.07022	0.06713	0.01096	0.00319	0.00437	0.01985	0.00660	0.00582
7	0.01136	0.00770	0.00869	0.00853	0.00886	0.00779	0.00505	0.04557	0.01202	0.01604	0.02367	0.08867	0.02702	0.66124	0.03372	0.00654	0.00692	0.01098	0.00470	0.00492
8	0.15707	0.10470	0.36723	0.10888	0.04971	0.01822	0.02035	0.02173	0.01448	0.02332	0.01204	0.01493	0.00913	0.00711	0.00709	0.00227	0.04358	0.00517	0.00338	0.00962
9	0.01319	0.00989	0.01306	0.01217	0.01386	0.01135	0.00935	0.10926	0.01476	0.02068	0.01925	0.02937	0.01823	0.15575	0.47156	0.00916	0.04963	0.00798	0.00443	0.00708
10	0.02457	0.01695	0.01849	0.01461	0.01933	0.01840	0.01171	0.46574	0.05985	0.09696	0.02006	0.02322	0.01558	0.11227	0.01136	0.00286	0.00739	0.00727	0.04242	0.01095
11	0.01451	0.01329	0.02139	0.64739	0.04666	0.01607	0.01916	0.05136	0.01555	0.02025	0.01315	0.01902	0.00989	0.00722	0.00715	0.00233	0.00934	0.00633	0.00350	0.05645
12	0.02358	0.17554	0.04859	0.01677	0.02126	0.42967	0.01373	0.05640	0.06979	0.02002	0.01318	0.01497	0.01092	0.00993	0.04366	0.00240	0.01149	0.00506	0.00404	0.00900
13	0.18562	0.09641	0.09633	0.01544	0.02061	0.26668	0.01351	0.13701	0.01978	0.02675	0.01283	0.01443	0.01004	0.00741	0.00602	0.00201	0.00936	0.00496	0.04555	0.00925
14	0.01599	0.01554	0.02254	0.20583	0.05973	0.08260	0.14498	0.06862	0.01661	0.02125	0.01880	0.11364	0.01809	0.10139	0.01213	0.00304	0.03709	0.02959	0.00439	0.00816
15	0.02403	0.05516	0.02092	0.01765	0.02133	0.41131	0.01376	0.10105	0.13118	0.02295	0.01473	0.01620	0.01185	0.00861	0.00881	0.00215	0.09865	0.00565	0.00465	0.00935
16	0.01640	0.01834	0.10238	0.05165	0.12313	0.03616	0.21215	0.02097	0.01633	0.05093	0.07919	0.04735	0.01880	0.00931	0.01008	0.00246	0.10705	0.03703	0.00440	0.03589
17	0.05654	0.09201	0.53090	0.02157	0.07110	0.01794	0.06614	0.02280	0.01533	0.02310	0.01280	0.01530	0.00941	0.00676	0.00672	0.00224	0.01020	0.00545	0.00322	0.01046
18	0.02998	0.01202	0.01623	0.01253	0.01790	0.01034	0.01028	0.03286	0.02049	0.61680	0.07876	0.02649	0.02148	0.00925	0.00730	0.00219	0.00593	0.00760	0.00867	0.05289
19	0.00992	0.00753	0.00960	0.01106	0.03245	0.00723	0.00735	0.01278	0.06069	0.02029	0.09159	0.51835	0.11631	0.04644	0.00996	0.00294	0.00444	0.01785	0.00670	0.00651
20	0.02143	0.09070	0.02459	0.12407	0.10134	0.30946	0.04344	0.05489	0.01784	0.02002	0.01184	0.01532	0.00988	0.00801	0.00923	0.00219	0.11754	0.00557	0.00368	0.00898
21	0.00968	0.00732	0.00982	0.01086	0.01129	0.00759	0.00755	0.01102	0.01364	0.01853	0.05639	0.59624	0.04320	0.05690	0.03451	0.00343	0.07147	0.01823	0.00626	0.00607
22	0.01056	0.00708	0.00811	0.00811	0.00817	0.00714	0.00463	0.01069	0.01062	0.01423	0.02274	0.04667	0.02603	0.71176	0.06924	0.00727	0.00764	0.01044	0.00438	0.00450
23	0.01236	0.00792	0.01069	0.01116	0.03795	0.00734	0.00769	0.01490	0.01780	0.09243	0.35643	0.27500	0.05267	0.04951	0.00991	0.00271	0.00433	0.01466	0.00736	0.00717
24	0.34363	0.07878	0.04006	0.01259	0.01735	0.08675	0.01062	0.14068	0.01849	0.09118	0.04651	0.01803	0.01372	0.04460	0.00737	0.00238	0.00717	0.00560	0.00533	0.00914
25	0.01004	0.00734	0.00846	0.00882	0.01074	0.00642	0.00649	0.01191	0.01619	0.05248	0.09259	0.26887	0.40650	0.01916	0.00880	0.00263	0.00408	0.04512	0.00692	0.00643
26	0.01596	0.01479	0.01972	0.11629	0.02225	0.05098	0.03501	0.04889	0.01384	0.02006	0.01382	0.04505	0.01274	0.03359	0.01734	0.02564	0.38830	0.00706	0.09087	0.00781
27	0.06338	0.01391	0.02174	0.53776	0.04247	0.01681	0.04779	0.08041	0.01616	0.02212	0.01337	0.01894	0.01017	0.00910	0.03181	0.00273	0.03264	0.00645	0.00373	0.00849
28	0.02048	0.01530	0.01599	0.01373	0.01708	0.06655	0.01053	0.31092	0.04157	0.06273	0.02304	0.18500	0.02204	0.07723	0.01215	0.07307	0.00714	0.01003	0.00636	0.00907
29	0.64750	0.04682	0.01346	0.01086	0.01552	0.05240	0.00897	0.08737	0.01507	0.03254	0.01091	0.01243	0.00846	0.00696	0.00489	0.00219	0.00633	0.00423	0.00468	0.00841
30	0.01044	0.00743	0.00946	0.01044	0.01128	0.00724	0.00730	0.04609	0.01512	0.02020	0.06744	0.50683	0.04352	0.12207	0.01308	0.00349	0.00502	0.08090	0.00650	0.00616
31	0.04696	0.01541	0.06077	0.01503	0.04403	0.01352	0.05031	0.16169	0.04369	0.02840	0.05007	0.14339	0.02043	0.00994	0.00700	0.00199	0.00655	0.00855	0.00552	0.26677
32	0.01271	0.01032	0.01136	0.01037	0.01340	0.04012	0.00806	0.01660	0.06009	0.04378	0.23542	0.08064	0.19987	0.01410	0.00799	0.00224	0.00486	0.07508	0.00665	0.14633
33	0.02014	0.57166	0.05846	0.01347	0.01926	0.10825	0.01285	0.05167	0.01617	0.01856	0.01126	0.01386	0.01024	0.04012	0.00656	0.00190	0.00849	0.00446	0.00343	0.00919
34	0.55658	0.01595	0.09212	0.05493	0.01788	0.01525	0.01064	0.02136	0.01338	0.04966	0.01253	0.01459	0.00951	0.00704	0.00509	0.00221	0.00626	0.00464	0.08216	0.00824
35	0.02205	0.01516	0.01677	0.01367	0.01794	0.01607	0.01088	0.39384	0.02605	0.08036	0.02264	0.14062	0.01984	0.03929	0.00843	0.00240	0.00659	0.00903	0.09107	0.04733
36	0.02024	0.01578	0.01703	0.01431	0.01866	0.01739	0.01148	0.30209	0.25719	0.03550	0.09560	0.03170	0.08538	0.01104	0.00767	0.00236	0.00631	0.03222	0.00732	0.01073
37	0.00960	0.00680	0.00884	0.01013	0.01075	0.00649	0.00705	0.01103	0.01401	0.01859	0.05639	0.49100	0.05892	0.14512	0.01408	0.00368	0.00503	0.11034	0.00638	0.00580
38	0.02606	0.01884	0.02014	0.01561	0.02097	0.02078	0.01284	0.60149	0.03206	0.04372	0.01815	0.01853	0.01306	0.00870	0.00703	0.00213	0.00748	0.00657	0.09409	0.01174
39	0.01632	0.00990	0.01066	0.00953	0.01209	0.01053	0.00747	0.16241	0.01904	0.03011	0.02185	0.02512	0.01719	0.01367	0.08491	0.00292	0.00621	0.00684	0.52526	0.00798
40	0.01180	0.00783	0.00983	0.00909	0.01129	0.00703	0.00690	0.01485	0.01976	0.08371	0.51015	0.05508	0.19496	0.01511	0.00847	0.00232	0.00371	0.01311	0.00782	0.00717
41	0.01008	0.00675	0.00871	0.00988	0.01069	0.00623	0.00668	0.01138	0.01425	0.05098	0.04118	0.60506	0.09890	0.06893	0.01094	0.00315	0.00445	0.01893	0.00670	0.00613
42	0.01863	0.09987	0.02999	0.03966	0.58754	0.05535	0.02077	0.02260	0.01657	0.02269	0.01315	0.01703	0.01116	0.00650	0.00688	0.00208	0.00878	0.00609	0.00355	0.01111
43	0.01326	0.00838	0.01095	0.01015	0.01235	0.00800	0.00773	0.01708	0.04930	0.11041	0.43758	0.09263	0.07939	0.01901	0.08736	0.00339	0.00573	0.01219	0.00750	0.00762
44	0.01730	0.01039	0.01078	0.00943	0.01222	0.01097	0.00741	0.19219	0.02029	0.03208	0.02205	0.02453	0.01696	0.00854	0.00566	0.00182	0.00462	0.00671	0.57778	0.00826
45	0.37606	0.01313	0.01409	0.01141	0.01653	0.01321	0.00942	0.02910	0.01701	0.40202	0.02033	0.01892	0.01344	0.00798	0.00604	0.00225	0.00593	0.00579	0.00697	0.01035
46	0.10427	0.01190	0.01152	0.01027	0.01331	0.04840	0.00802	0.09929	0.08520	0.06219	0.09935	0.02654	0.02230	0.00916	0.00610	0.00200	0.00507	0.00723	0.35949	0.00840
47	0.01422	0.01031	0.01223	0.01192	0.01388	0.01064	0.00875	0.19376	0.01961	0.02624	0.04893	0.47591	0.03764	0.04873	0.00989	0.00291	0.00543	0.03452	0.00682	0.00767
48	0.01548	0.01136	0.01214	0.04457	0.01416	0.04275	0.00805	0.15282	0.01741	0.02402	0.04235	0.05404	0.02217	0.32411	0.05327	0.00464	0.00744	0.00888	0.13329	0.00704
49	0.02055	0.59136	0.03368	0.01331	0.01890	0.14909	0.01241	0.02284	0.01582	0.01765	0.01088	0.01257	0.00973	0.00654	0.00502	0.00162	0.00853	0.00415	0.03631	0.00906
50	0.15388	0.01888	0.13722	0.06991	0.05650	0.01591	0.24682	0.02047	0.01537	0.02414	0.04925	0.09205	0.01662	0.00888	0.00820	0.00245	0.04198	0.00835	0.00419	0.00894
51	0.01529	0.01381	0.01353	0.01395	0.06383	0.11737	0.00962	0.02076	0.13486	0.05523	0.14417	0.11110	0.19580	0.04681	0.00927	0.00257	0.00612	0.01141	0.00638	0.00813
52	0.01251	0.00805	0.00984	0.00947	0.01090	0.00776	0.00660	0.01523	0.05101	0.07890	0.24221	0.12130	0.06958	0.28365	0.01898	0.00415	0.00531	0.03150	0.00651	0.00653
53	0.79588	0.01406	0.01068	0.00956	0.01406	0.01631	0.00787	0.02137	0.01237	0.03261	0.01012	0.01181	0.00787	0.00675	0.00450	0.00225	0.00562	0.00394	0.00450	0.00787
54	0.01532	0.01738	0.09969	0.35656	0.24652	0.03970	0.02047	0.02013	0.01562	0.02081	0.01655	0.02256	0.04034	0.00790	0.00733	0.00234	0.00924	0.02859	0.00361	0.00933
55	0.01716	0.01961	0.04289	0.03064	0.03799	0.01838	0.67279	0.02328	0.01716	0.02328	0.01471	0.01961	0.01103	0.00613	0.00858	0.00245	0.01225	0.00858	0.00368	0.00980
56	0.00989	0.00723	0.00928	0.00916	0.01071	0.00663	0.00672	0.01280	0.01906	0.02646	0.52600	0.17484	0.12101	0.01655	0.00870	0.00242	0.00359	0.01465	0.00767	0.00663
57	0.01590	0.01590	0.02226	0.01908	0.01908	0.02226	0.01590	0.01749	0.01113	0.01749	0.00954	0.01590	0.00954	0.01272	0.02385	0.00318	0.73123	0.00636	0.00318	0.00795
58	0.04229	0.04030	0.00993	0.00841	0.01085	0.03315	0.00655	0.02022	0.06149	0.06469	0.02293	0.02532	0.01776	0.00841	0.00538	0.00180	0.00430	0.00661	0.60202	0.00761
59	0.01525	0.04753	0.06308	0.02428	0.05174	0.01636	0.38850	0.01990	0.01565	0.02139	0.01938	0.11058	0.03747	0.01284	0.06356	0.00322	0.06664	0.00965	0.00408	0.00889
60	0.01409	0.00730	0.00736	0.00716	0.00901	0.00738	0.00542	0.04232	0.01597	0.02782	0.02347	0.02673	0.01839	0.00848	0.00517	0.00171	0.00357	0.00677	0.75489	0.00699
61	0.00971	0.00727	0.00900	0.00886	0.01058	0.00657	0.00653	0.01249	0.01878	0.02556	0.46559	0.14717	0.21176	0.01672	0.00867	0.00241	0.00359	0.01463	0.00755	0.00657
62	0.01787	0.01715	0.02929	0.06335	0.68137	0.01724	0.02225	0.02221	0.01650	0.02361	0.01365	0.01803	0.01146	0.00650	0.00720	0.00217	0.00866	0.00648	0.00359	0.01142
63	0.02044	0.01617	0.01549	0.01319	0.01654	0.09921	0.01011	0.30882	0.02338	0.03120	0.02106	0.10157	0.01921	0.13218	0.01198	0.00296	0.00731	0.00855	0.13167	0.00897
64	0.79588	0.01406	0.01068	0.00956	0.01406	0.01631	0.00787	0.02137	0.01237	0.03261	0.01012	0.01181	0.00787	0.00675	0.00450	0.00225	0.00562	0.00394	0.00450	0.00787
65	0.01020	0.00695	0.00849	0.00891	0.00923	0.00701	0.00559	0.01094	0.01168	0.01594	0.02680	0.21815	0.03060	0.45644	0.11354	0.00644	0.00778	0.01265	0.02755	0.00511
66	0.05025	0.00866	0.01042	0.01019	0.01181	0.00854	0.00721	0.06748	0.01668	0.07377	0.16639	0.31039	0.04075	0.16686	0.01430	0.00351	0.00516	0.01411	0.00662	0.00689
67	0.03907	0.24651	0.29907	0.04899	0.02473	0.04564	0.01851	0.02127	0.01489	0.02059	0.04262	0.01645	0.01222	0.00917	0.02946	0.00244	0.09010	0.00544	0.00341	0.00941
68	0.01996	0.48591	0.03208	0.01479	0.01936	0.13782	0.01340	0.02207	0.01497	0.01729	0.01017	0.01275	0.00938	0.00774	0.00885	0.00193	0.15489	0.00451	0.00323	0.00891
69	0.01022	0.00743	0.00962	0.00907	0.01082	0.00683	0.00680	0.01358	0.02041	0.02875	0.66905	0.05496	0.09515	0.01501	0.00857	0.00229	0.00344	0.01324	0.00795	0.00683
70	0.02763	0.02036	0.02182	0.01672	0.02254	0.02254	0.01382	0.67496	0.03418	0.04581	0.01745	0.01745	0.01236	0.00873	0.00727	0.00218	0.00800	0.00654	0.00727	0.01236
71	0.01029	0.00743	0.00972	0.00914	0.01086	0.00686	0.00686	0.01372	0.02058	0.02915	0.69536	0.05430	0.06859	0.01486	0.00857	0.00229	0.00343	0.01315	0.00800	0.00686
72	0.76091	0.01434	0.01119	0.00989	0.01444	0.01659	0.00814	0.05112	0.01336	0.03321	0.01046	0.01207	0.00808	0.00684	0.00462	0.00225	0.00573	0.00405	0.00462	0.00808
73	0.01955	0.01797	0.01716	0.01532	0.01947	0.09614	0.01190	0.06783	0.58075	0.02973	0.02696	0.02510	0.02029	0.00954	0.00730	0.00239	0.00668	0.00774	0.00698	0.01120
74	0.02693	0.01925	0.02072	0.01598	0.02154	0.02117	0.01317	0.61259	0.03255	0.06708	0.01822	0.01830	0.01294	0.00872	0.00714	0.00215	0.00765	0.00658	0.05529	0.01202
75	0.00883	0.00644	0.00831	0.00981	0.01046	0.00593	0.00661	0.01016	0.01421	0.01868	0.04381	0.66501	0.12044	0.02229	0.00920	0.00290	0.00416	0.02007	0.00675	0.00593
76	0.01013	0.00740	0.00951	0.00904	0.01077	0.00678	0.00676	0.01338	0.02011	0.02817	0.63234	0.07344	0.11430	0.01533	0.00859	0.00232	0.00347	0.01350	0.00788	0.00678
77	0.01943	0.74891	0.03809	0.01244	0.01866	0.02876	0.01244	0.02177	0.01477	0.01710	0.01011	0.01166	0.00933	0.00622	0.00466	0.00155	0.00777	0.00389	0.00311	0.00933
78	0.01266	0.00885	0.01193	0.01314	0.01508	0.00889	0.01126	0.01693	0.05889	0.04714	0.03864	0.10604	0.05869	0.01911	0.00970	0.00321	0.00642	0.53946	0.00683	0.00715
79	0.01038	0.00779	0.01168	0.01168	0.01298	0.00909	0.00909	0.01298	0.01168	0.01687	0.01947	0.02856	0.01817	0.05452	0.71573	0.01168	0.01947	0.00779	0.00389	0.00649
80	0.01187	0.00858	0.01169	0.01306	0.01478	0.00866	0.01123	0.01583	0.04462	0.02221	0.06879	0.07722	0.04176	0.04408	0.01078	0.00339	0.00651	0.57145	0.00671	0.00682
81	0.01780	0.01707	0.02915	0.07568	0.66964	0.01722	0.02221	0.02214	0.01646	0.02351	0.01364	0.01805	0.01143	0.00651	0.00720	0.00217	0.00868	0.00648	0.00358	0.01136
82	0.09806	0.01820	0.01702	0.01503	0.01924	0.10957	0.01195	0.15884	0.33873	0.03118	0.02369	0.02710	0.01902	0.00999	0.00723	0.00239	0.00724	0.06852	0.00654	0.01045

[dist]
# distance from previous block
# <min> <max>
0	1

[block]
# block no. 2 follows, 28 sequences, length 15
# corresponding to MSA columns:
# 407-421
name=unknown_C
#
# <colnr> <probs for GDERKNQSTAVLIFYWHMCP>
#	G	D	E	R	K	N	Q	S	T	A	V	L	I	F	Y	W	H	M	C	P
0	0.12304	0.03270	0.48526	0.01867	0.02744	0.08999	0.02189	0.07635	0.01702	0.02563	0.01282	0.01480	0.00930	0.00709	0.00657	0.00224	0.01007	0.00520	0.00367	0.01024
1	0.09150	0.02797	0.01978	0.01714	0.02144	0.43843	0.01328	0.20716	0.02335	0.02679	0.01317	0.01477	0.01039	0.00948	0.03229	0.00235	0.01129	0.00525	0.00479	0.00940
2	0.01007	0.00730	0.00929	0.00929	0.01066	0.00687	0.00676	0.01258	0.01744	0.02399	0.39944	0.14307	0.11526	0.11503	0.04148	0.00346	0.00488	0.04982	0.00700	0.00632
3	0.04247	0.18180	0.19838	0.06704	0.13619	0.05890	0.01802	0.09666	0.01825	0.07275	0.03488	0.01711	0.01242	0.00734	0.00652	0.00208	0.00881	0.00573	0.00430	0.01035
4	0.01750	0.50208	0.20284	0.01460	0.02152	0.02389	0.01598	0.02145	0.01510	0.01902	0.01348	0.01913	0.01233	0.00768	0.00573	0.00191	0.00842	0.06448	0.00343	0.00944
5	0.72477	0.01390	0.01126	0.00987	0.01448	0.01578	0.00813	0.02268	0.01316	0.09518	0.01185	0.01301	0.00882	0.00696	0.00476	0.00225	0.00568	0.00425	0.00492	0.00829
6	0.01520	0.01835	0.13057	0.39119	0.20377	0.01673	0.07971	0.02058	0.01538	0.02093	0.01328	0.01844	0.01018	0.00692	0.00731	0.00234	0.00982	0.00649	0.00333	0.00947
7	0.05666	0.01609	0.02447	0.37948	0.19363	0.05645	0.06566	0.04161	0.01586	0.02161	0.01294	0.01807	0.01017	0.00734	0.00810	0.00236	0.05041	0.00638	0.00357	0.00914
8	0.01117	0.00765	0.00987	0.00938	0.01116	0.00707	0.00707	0.01425	0.01945	0.05332	0.55080	0.05519	0.09448	0.06550	0.01058	0.00269	0.00400	0.05187	0.00765	0.00686
9	0.01057	0.00705	0.00793	0.00793	0.00793	0.00705	0.00440	0.01057	0.01057	0.01409	0.02290	0.04757	0.02643	0.74454	0.03700	0.00705	0.00705	0.01057	0.00440	0.00440
10	0.01933	0.69688	0.03748	0.01473	0.06705	0.02795	0.01314	0.02180	0.01490	0.01757	0.01036	0.01211	0.00948	0.00624	0.00484	0.00160	0.00783	0.00407	0.00314	0.00948
11	0.01498	0.06961	0.61479	0.02065	0.03052	0.01777	0.05194	0.02270	0.01519	0.02248	0.01280	0.01537	0.00930	0.00712	0.00769	0.00232	0.04569	0.00548	0.00310	0.01050
12	0.01153	0.00831	0.01146	0.01304	0.01476	0.00824	0.01136	0.01479	0.01672	0.02163	0.04052	0.08130	0.07964	0.01998	0.00996	0.00330	0.00652	0.61359	0.00670	0.00666
13	0.26965	0.02022	0.15704	0.07737	0.11704	0.04891	0.01540	0.04678	0.01542	0.02661	0.01224	0.01483	0.00952	0.00667	0.00594	0.00205	0.00783	0.00499	0.00402	0.13750
14	0.01540	0.25830	0.35350	0.01606	0.02351	0.01923	0.01853	0.02073	0.01563	0.02141	0.08980	0.02128	0.05123	0.00839	0.00716	0.00211	0.03813	0.00631	0.00382	0.00952

[dist]
# distance from previous block
# <min> <max>
0	1

[block]
# block no. 3 follows, 28 sequences, length 50
# corresponding to MSA columns:
# 423-472
name=unknown_D
#
# <colnr> <probs for GDERKNQSTAVLIFYWHMCP>
#	G	D	E	R	K	N	Q	S	T	A	V	L	I	F	Y	W	H	M	C	P
0	0.01553	0.01459	0.02441	0.47732	0.26930	0.01670	0.02074	0.03694	0.01573	0.02104	0.01329	0.01886	0.01038	0.00704	0.00724	0.00233	0.00929	0.00647	0.00346	0.00935
1	0.02672	0.03374	0.02040	0.01854	0.02230	0.68206	0.01392	0.02948	0.05237	0.01839	0.01211	0.01378	0.00998	0.00760	0.00659	0.00190	0.01276	0.00485	0.00392	0.00857
2	0.01029	0.00743	0.00972	0.00914	0.01086	0.00686	0.00686	0.01372	0.02058	0.02915	0.69536	0.05430	0.06859	0.01486	0.00857	0.00229	0.00343	0.01315	0.00800	0.00686
3	0.01026	0.00747	0.00968	0.00924	0.01099	0.00689	0.00700	0.01360	0.02020	0.02833	0.63431	0.05632	0.10028	0.01527	0.00864	0.00234	0.00358	0.04090	0.00788	0.00681
4	0.02495	0.01903	0.02031	0.01618	0.02152	0.02129	0.01317	0.49658	0.21691	0.04149	0.02085	0.02016	0.01512	0.00904	0.00731	0.00226	0.00737	0.00701	0.00731	0.01212
5	0.01263	0.00631	0.00947	0.00947	0.00947	0.00631	0.00631	0.00947	0.00947	0.01263	0.01263	0.02210	0.01263	0.02525	0.02841	0.78851	0.00631	0.00631	0.00316	0.00316
6	0.01891	0.01736	0.01682	0.01515	0.01923	0.08208	0.01174	0.03774	0.62498	0.02925	0.02790	0.02583	0.02101	0.00964	0.00732	0.00241	0.00643	0.00789	0.00706	0.01122
7	0.02631	0.01970	0.02107	0.01646	0.02204	0.02192	0.01350	0.58694	0.12435	0.04368	0.01913	0.01879	0.01372	0.00888	0.00729	0.00222	0.00769	0.00678	0.00729	0.01224
8	0.00896	0.00640	0.00855	0.01024	0.01070	0.00599	0.00693	0.01030	0.01402	0.01867	0.04001	0.71628	0.04785	0.02268	0.00931	0.00297	0.00431	0.04317	0.00675	0.00593
9	0.00886	0.00660	0.00816	0.00938	0.01027	0.00601	0.00636	0.01021	0.01440	0.01863	0.04724	0.55418	0.19937	0.05130	0.01025	0.00300	0.00421	0.01900	0.00665	0.00590
10	0.07045	0.01658	0.01850	0.01469	0.01994	0.01768	0.01199	0.33413	0.13941	0.21821	0.04709	0.02208	0.01735	0.00910	0.00719	0.00226	0.00683	0.00713	0.00762	0.01176
11	0.79588	0.01406	0.01068	0.00956	0.01406	0.01631	0.00787	0.02137	0.01237	0.03261	0.01012	0.01181	0.00787	0.00675	0.00450	0.00225	0.00562	0.00394	0.00450	0.00787
12	0.01110	0.00831	0.01210	0.01189	0.01338	0.00965	0.00928	0.04054	0.01262	0.01808	0.01939	0.02809	0.01793	0.05261	0.68624	0.01129	0.01899	0.00774	0.00403	0.00673
13	0.02797	0.01600	0.01895	0.03694	0.02102	0.01650	0.01228	0.33408	0.05181	0.31310	0.05785	0.02279	0.01790	0.00915	0.00736	0.00223	0.00699	0.00726	0.00789	0.01191
14	0.01368	0.01151	0.02014	0.23067	0.02805	0.01241	0.15024	0.01658	0.01408	0.01969	0.01815	0.11279	0.01669	0.01260	0.01187	0.14304	0.03461	0.00873	0.11739	0.00709
15	0.02512	0.03124	0.02086	0.02031	0.07446	0.59680	0.01445	0.02717	0.01963	0.01831	0.01380	0.01588	0.03661	0.00812	0.00759	0.00199	0.04998	0.00533	0.00382	0.00855
16	0.56236	0.01597	0.01532	0.01658	0.13261	0.04326	0.01113	0.08252	0.01542	0.03176	0.01145	0.01344	0.00897	0.00691	0.00530	0.00221	0.00664	0.00464	0.00457	0.00893
17	0.01040	0.00727	0.00954	0.01076	0.01156	0.00708	0.00774	0.03343	0.01464	0.01941	0.03608	0.48529	0.04191	0.08813	0.01284	0.04165	0.00520	0.14468	0.00636	0.00601
18	0.02116	0.02464	0.01703	0.01553	0.01847	0.43907	0.01169	0.04050	0.01961	0.02065	0.15011	0.02603	0.05118	0.04255	0.04270	0.00272	0.03639	0.00731	0.00482	0.00785
19	0.08002	0.36698	0.22744	0.04471	0.02291	0.04011	0.01633	0.02150	0.01526	0.02095	0.04705	0.01788	0.01341	0.00749	0.00586	0.00198	0.00843	0.02876	0.00361	0.00932
20	0.01518	0.02288	0.25177	0.17291	0.06379	0.01644	0.23788	0.02144	0.01567	0.02214	0.01437	0.01882	0.01083	0.00873	0.03649	0.00273	0.01094	0.00688	0.04058	0.00954
21	0.02208	0.01004	0.01349	0.01115	0.01492	0.00888	0.00888	0.02518	0.02070	0.38568	0.34326	0.03869	0.04187	0.01176	0.00791	0.00227	0.00488	0.01006	0.00853	0.00977
22	0.00968	0.00656	0.00868	0.00963	0.01032	0.00612	0.00657	0.01047	0.01417	0.01887	0.11768	0.46421	0.10522	0.02185	0.01258	0.14449	0.00445	0.01666	0.00625	0.00555
23	0.01626	0.11935	0.42483	0.02099	0.06949	0.03751	0.05533	0.02411	0.07762	0.02256	0.01408	0.01634	0.01069	0.00740	0.00780	0.00227	0.05368	0.00573	0.00356	0.01041
24	0.00942	0.00666	0.00849	0.00948	0.01041	0.00617	0.00656	0.01129	0.01554	0.02128	0.17140	0.50291	0.10451	0.01993	0.00881	0.00270	0.00396	0.01785	0.05644	0.00617
25	0.01050	0.00706	0.00791	0.00791	0.00799	0.00702	0.00444	0.01057	0.01078	0.01428	0.02464	0.04833	0.04933	0.71971	0.03603	0.00689	0.00693	0.01073	0.00448	0.00446
26	0.01528	0.01187	0.01388	0.07345	0.04782	0.03616	0.01027	0.09771	0.08485	0.02495	0.04575	0.10422	0.04600	0.10656	0.01197	0.00296	0.04417	0.04731	0.16685	0.00795
27	0.04532	0.01768	0.11787	0.16801	0.03248	0.01519	0.26279	0.02046	0.03688	0.02303	0.08124	0.05704	0.03719	0.00917	0.00799	0.00247	0.00939	0.04254	0.00442	0.00885
28	0.01171	0.00837	0.01171	0.01339	0.01506	0.00837	0.01171	0.01506	0.01673	0.02175	0.03849	0.08199	0.04183	0.02008	0.01004	0.00335	0.00669	0.65027	0.00669	0.00669
29	0.01564	0.01691	0.03521	0.09796	0.06302	0.01630	0.48328	0.02086	0.01640	0.02214	0.01817	0.12422	0.01630	0.00868	0.00849	0.00251	0.01068	0.01004	0.00407	0.00914
30	0.01449	0.03394	0.06332	0.01183	0.01470	0.03162	0.00988	0.01951	0.09403	0.08243	0.24457	0.09635	0.05885	0.07886	0.01122	0.00283	0.03577	0.04935	0.03846	0.00798
31	0.10224	0.03225	0.53631	0.01944	0.02888	0.01691	0.05430	0.05512	0.01625	0.05356	0.01367	0.01565	0.00967	0.00703	0.00676	0.00230	0.00993	0.00550	0.00371	0.01053
32	0.73035	0.01368	0.01087	0.00966	0.01407	0.01565	0.00793	0.02152	0.01307	0.05721	0.04343	0.01431	0.01114	0.00722	0.00480	0.00225	0.00554	0.00450	0.00483	0.00799
33	0.01211	0.01010	0.01055	0.00990	0.01240	0.04240	0.00756	0.04769	0.08037	0.02444	0.22420	0.05094	0.30856	0.01857	0.07308	0.00319	0.00590	0.01211	0.03863	0.00730
34	0.01698	0.01829	0.07247	0.13267	0.33487	0.06887	0.07987	0.03818	0.01662	0.02227	0.01626	0.05186	0.01459	0.04319	0.00891	0.00254	0.00924	0.03859	0.00394	0.00979
35	0.05233	0.01292	0.01506	0.01093	0.01722	0.01009	0.00879	0.02017	0.01553	0.09287	0.01439	0.01590	0.01137	0.00581	0.00554	0.00125	0.00548	0.00459	0.00479	0.67499
36	0.02664	0.03379	0.02067	0.01874	0.02232	0.68386	0.01413	0.02850	0.02017	0.01778	0.01116	0.01324	0.00937	0.00773	0.00734	0.00193	0.04575	0.00476	0.00372	0.00841
37	0.06620	0.01436	0.01906	0.01439	0.02010	0.01326	0.08475	0.12722	0.01899	0.15563	0.01726	0.01884	0.01293	0.01128	0.07156	0.00267	0.00804	0.00601	0.00557	0.31188
38	0.01079	0.00762	0.00935	0.00920	0.00945	0.00817	0.00587	0.01137	0.01082	0.01480	0.02159	0.04232	0.02400	0.57413	0.16962	0.00777	0.04407	0.00982	0.00425	0.00498
39	0.01879	0.01546	0.01646	0.01470	0.01889	0.01772	0.01147	0.03847	0.65366	0.06323	0.02954	0.02700	0.02198	0.00982	0.00739	0.00245	0.00577	0.00817	0.00747	0.01155
40	0.01085	0.00752	0.00912	0.00895	0.00959	0.00764	0.00580	0.02757	0.01320	0.01810	0.14409	0.06669	0.03321	0.47733	0.12433	0.00659	0.00805	0.01086	0.00512	0.00538
41	0.02869	0.01398	0.01738	0.01357	0.01881	0.01351	0.01112	0.19065	0.04901	0.45201	0.09026	0.02589	0.02165	0.00953	0.00743	0.00224	0.00635	0.00772	0.00842	0.01180
42	0.02418	0.01527	0.01681	0.01426	0.01894	0.04895	0.01131	0.03692	0.39487	0.29211	0.02834	0.02552	0.01994	0.00941	0.00732	0.00235	0.00628	0.00769	0.00784	0.01169
43	0.01228	0.00789	0.01027	0.00941	0.01152	0.00718	0.00715	0.01557	0.02040	0.09139	0.60335	0.05231	0.09427	0.01449	0.00846	0.00229	0.00370	0.01271	0.00803	0.00734
44	0.00888	0.00657	0.00831	0.00957	0.01043	0.00600	0.00653	0.01037	0.01474	0.01931	0.08042	0.58311	0.16604	0.02157	0.00912	0.00283	0.00408	0.01931	0.00681	0.00600
45	0.61568	0.01374	0.01222	0.04753	0.01663	0.01519	0.00883	0.02218	0.01348	0.09053	0.01217	0.01365	0.00913	0.00685	0.00497	0.00215	0.00586	0.00440	0.00481	0.07998
46	0.04845	0.01064	0.01410	0.01146	0.01564	0.00948	0.00922	0.02715	0.02046	0.43966	0.26861	0.03500	0.03593	0.01104	0.00768	0.00226	0.00517	0.00931	0.00850	0.01024
47	0.00891	0.00637	0.00849	0.01008	0.01056	0.00594	0.00675	0.01026	0.01418	0.01897	0.06589	0.71278	0.04889	0.02246	0.00925	0.00293	0.00419	0.02037	0.00680	0.00594
48	0.09024	0.01227	0.01605	0.01249	0.01784	0.01093	0.01029	0.03331	0.02015	0.62045	0.05899	0.02515	0.01962	0.00910	0.00715	0.00225	0.00601	0.00733	0.00860	0.01176
49	0.02063	0.38285	0.09351	0.01840	0.11050	0.11197	0.01504	0.04068	0.01666	0.07368	0.01308	0.01498	0.01078	0.00896	0.03805	0.00228	0.00926	0.00499	0.00386	0.00982

[dist]
# distance from previous block
# <min> <max>
0	1

[block]
# block no. 4 follows, 28 sequences, length 284
# corresponding to MSA columns:
# 474-757
name=unknown_E
#
# <colnr> <probs for GDERKNQSTAVLIFYWHMCP>
#	G	D	E	R	K	N	Q	S	T	A	V	L	I	F	Y	W	H	M	C	P
0	0.01702	0.14117	0.30239	0.02282	0.16073	0.08623	0.01994	0.03844	0.01622	0.02172	0.01469	0.06228	0.01271	0.01012	0.04085	0.00260	0.01001	0.00642	0.00363	0.00997
1	0.51044	0.04914	0.01329	0.01045	0.01490	0.01606	0.00865	0.10259	0.01612	0.07798	0.01404	0.01536	0.01058	0.00734	0.00511	0.00214	0.00577	0.00485	0.10653	0.00866
2	0.06647	0.01079	0.04176	0.01145	0.01470	0.00944	0.00965	0.04532	0.01831	0.16496	0.15211	0.11492	0.14677	0.01497	0.00830	0.00259	0.00545	0.14668	0.00713	0.00821
3	0.05872	0.03271	0.01089	0.00943	0.01170	0.00831	0.00718	0.01547	0.01863	0.08169	0.43763	0.10201	0.12343	0.03933	0.00912	0.00249	0.00414	0.01254	0.00736	0.00722
4	0.14129	0.13263	0.35710	0.01613	0.02397	0.01762	0.01837	0.05476	0.01654	0.09641	0.04994	0.01738	0.01321	0.00751	0.00635	0.00217	0.00850	0.00560	0.00438	0.01013
5	0.06323	0.01571	0.04016	0.11752	0.38590	0.03251	0.01780	0.02165	0.04358	0.05309	0.06218	0.04889	0.04960	0.00857	0.00726	0.00226	0.00780	0.00772	0.00453	0.01006
6	0.76498	0.01399	0.01093	0.00970	0.01424	0.01608	0.00799	0.02194	0.01271	0.05981	0.01087	0.01233	0.00828	0.00684	0.00461	0.00225	0.00565	0.00407	0.00468	0.00805
7	0.01319	0.01002	0.03912	0.01087	0.01355	0.00873	0.00892	0.06650	0.01917	0.07726	0.24984	0.14338	0.18504	0.01616	0.00862	0.00255	0.00493	0.10738	0.00720	0.00757
8	0.01688	0.02017	0.07390	0.06162	0.03822	0.01821	0.61223	0.02306	0.01695	0.02306	0.01455	0.01939	0.01088	0.00622	0.00844	0.00244	0.01207	0.00833	0.00363	0.00977
9	0.01141	0.00805	0.01018	0.00958	0.01148	0.00764	0.00715	0.01565	0.06251	0.05028	0.55536	0.08507	0.08232	0.03957	0.00945	0.00250	0.00384	0.01299	0.00777	0.00719
10	0.01590	0.01590	0.02226	0.01908	0.01908	0.02226	0.01590	0.01749	0.01113	0.01749	0.00954	0.01590	0.00954	0.01272	0.02385	0.00318	0.73123	0.00636	0.00318	0.00795
11	0.07529	0.01512	0.01686	0.01398	0.01880	0.01619	0.01123	0.15476	0.29755	0.23499	0.02556	0.02359	0.01803	0.00914	0.00708	0.00231	0.00621	0.00730	0.03449	0.01152
12	0.01144	0.00949	0.04467	0.01303	0.01502	0.00840	0.01151	0.01484	0.01675	0.02219	0.09816	0.14052	0.04335	0.01923	0.00968	0.00316	0.00634	0.49878	0.00665	0.00683
13	0.01086	0.00760	0.00968	0.00906	0.01100	0.00690	0.00683	0.01407	0.02009	0.05166	0.59468	0.05521	0.14483	0.01510	0.00853	0.00231	0.00356	0.01321	0.00788	0.00696
14	0.00920	0.00739	0.00821	0.00800	0.01019	0.00640	0.00600	0.01161	0.01801	0.02305	0.29666	0.06434	0.47109	0.01714	0.00858	0.00239	0.00359	0.01455	0.00720	0.00640
15	0.01799	0.01727	0.02950	0.04462	0.69919	0.01727	0.02231	0.02231	0.01655	0.02375	0.01367	0.01799	0.01151	0.00648	0.00720	0.00216	0.00864	0.00648	0.00360	0.01151
16	0.02054	0.05584	0.01741	0.01456	0.01753	0.26951	0.01120	0.13294	0.01948	0.02348	0.01785	0.09093	0.01664	0.07246	0.03528	0.00286	0.05955	0.00753	0.10618	0.00825
17	0.79588	0.01406	0.01068	0.00956	0.01406	0.01631	0.00787	0.02137	0.01237	0.03261	0.01012	0.01181	0.00787	0.00675	0.00450	0.00225	0.00562	0.00394	0.00450	0.00787
18	0.04229	0.00726	0.00820	0.00837	0.00874	0.00735	0.00507	0.01136	0.01134	0.01615	0.02447	0.13243	0.02772	0.55942	0.05816	0.00626	0.00696	0.01129	0.04225	0.00493
19	0.01688	0.25218	0.41708	0.01816	0.04912	0.01982	0.02069	0.02284	0.01569	0.05448	0.04061	0.01635	0.01216	0.00710	0.00632	0.00207	0.00924	0.00536	0.00359	0.01026
20	0.04597	0.04075	0.01883	0.01779	0.11652	0.01550	0.01231	0.18073	0.11114	0.17997	0.08326	0.05781	0.02210	0.05341	0.00908	0.00254	0.00667	0.00823	0.00677	0.01062
21	0.01694	0.01471	0.08173	0.01304	0.01735	0.01328	0.01124	0.04918	0.28247	0.11448	0.10229	0.03646	0.15570	0.01374	0.04177	0.00284	0.00640	0.00962	0.00694	0.00982
22	0.01554	0.01308	0.01485	0.04522	0.06124	0.01420	0.01079	0.02831	0.39648	0.04704	0.04079	0.03874	0.21931	0.01202	0.00773	0.00243	0.00551	0.01010	0.00683	0.00980
23	0.01446	0.01081	0.01265	0.01102	0.01362	0.01094	0.00809	0.12707	0.04888	0.02358	0.07073	0.05622	0.02373	0.26830	0.13796	0.00533	0.00863	0.00881	0.00528	0.13386
24	0.01132	0.00763	0.01002	0.00936	0.01122	0.00701	0.00704	0.01464	0.02035	0.06148	0.64007	0.07693	0.06542	0.01485	0.00854	0.00231	0.00359	0.01313	0.00801	0.00709
25	0.24476	0.01090	0.01031	0.00915	0.01237	0.01175	0.00728	0.10268	0.01708	0.06368	0.01919	0.02130	0.01466	0.00802	0.00530	0.00194	0.00476	0.00594	0.42086	0.00807
26	0.02715	0.03464	0.02060	0.01873	0.02247	0.71536	0.01404	0.02903	0.02060	0.01779	0.01124	0.01311	0.00936	0.00749	0.00655	0.00187	0.01311	0.00468	0.00375	0.00843
27	0.02846	0.01903	0.02099	0.01609	0.02188	0.02057	0.01329	0.56836	0.03195	0.15556	0.01932	0.01867	0.01330	0.00877	0.00728	0.00219	0.00770	0.00667	0.00756	0.01236
28	0.00896	0.00640	0.00855	0.01023	0.01070	0.00599	0.00692	0.01029	0.01401	0.01867	0.04001	0.71694	0.04786	0.02268	0.00930	0.00297	0.00430	0.04254	0.00675	0.00593
29	0.00903	0.00745	0.00797	0.00803	0.01034	0.00639	0.00615	0.01117	0.01706	0.02092	0.14464	0.06901	0.57216	0.01812	0.00870	0.00250	0.00388	0.06330	0.00689	0.00626
30	0.02651	0.02813	0.02019	0.01734	0.02166	0.43783	0.01343	0.24777	0.02489	0.02786	0.01409	0.01542	0.01093	0.00797	0.00671	0.00197	0.01079	0.00544	0.05140	0.00967
31	0.01123	0.00802	0.01116	0.01283	0.01429	0.00795	0.01087	0.01422	0.01626	0.02121	0.03875	0.19352	0.04289	0.02054	0.00991	0.00328	0.00627	0.54353	0.00670	0.00656
32	0.01029	0.00769	0.01147	0.01158	0.01282	0.00888	0.00894	0.01280	0.01183	0.01698	0.02079	0.07422	0.02009	0.05248	0.67038	0.01112	0.01849	0.00861	0.00408	0.00645
33	0.01791	0.01248	0.01433	0.01280	0.01567	0.01312	0.00966	0.28641	0.02234	0.06245	0.02869	0.34720	0.03000	0.07819	0.01073	0.00295	0.00612	0.01332	0.00687	0.00876
34	0.01769	0.01697	0.02896	0.09255	0.65360	0.01719	0.02216	0.02205	0.01641	0.02338	0.01362	0.01809	0.01139	0.00653	0.00720	0.00218	0.00871	0.00648	0.00357	0.01127
35	0.02392	0.01675	0.01823	0.01447	0.01921	0.01824	0.01178	0.48832	0.02912	0.06424	0.05238	0.04561	0.01752	0.01063	0.02499	0.00239	0.00723	0.00743	0.11660	0.01094
36	0.69058	0.01532	0.05277	0.01166	0.04271	0.01602	0.00955	0.02111	0.01277	0.03120	0.01148	0.03757	0.00950	0.00730	0.00492	0.00227	0.00600	0.00471	0.00446	0.00812
37	0.01292	0.01067	0.01226	0.01355	0.01538	0.07357	0.01152	0.01599	0.01696	0.02118	0.03710	0.10498	0.05879	0.01899	0.00964	0.00317	0.00708	0.54303	0.00642	0.00680
38	0.03890	0.03063	0.01081	0.00960	0.01182	0.00833	0.00728	0.01563	0.04739	0.06630	0.40410	0.14262	0.14856	0.01533	0.00829	0.00238	0.00404	0.01331	0.00742	0.00726
39	0.06301	0.01615	0.04295	0.45637	0.13455	0.04863	0.01898	0.09235	0.01716	0.02324	0.01329	0.01812	0.01010	0.00729	0.00705	0.00232	0.00930	0.00621	0.00382	0.00912
40	0.04227	0.38412	0.19941	0.01883	0.11696	0.04543	0.01692	0.02213	0.01531	0.02054	0.01209	0.01433	0.01005	0.00660	0.00565	0.00186	0.00851	0.00480	0.04441	0.00978
41	0.03261	0.01237	0.01687	0.01293	0.01856	0.01068	0.01068	0.03543	0.02081	0.70423	0.02868	0.02474	0.01799	0.00900	0.00731	0.00225	0.00619	0.00731	0.00900	0.01237
42	0.01494	0.01533	0.06270	0.43085	0.16734	0.01623	0.01923	0.02181	0.10235	0.02141	0.01786	0.02206	0.04128	0.00791	0.00731	0.00237	0.00878	0.00701	0.00398	0.00925
43	0.06215	0.04043	0.07571	0.01290	0.01815	0.01215	0.01141	0.05955	0.03613	0.40611	0.04592	0.05230	0.08129	0.01207	0.03785	0.00268	0.00689	0.00821	0.00740	0.01069
44	0.00997	0.00732	0.00933	0.00904	0.01071	0.00669	0.00670	0.01302	0.01951	0.02710	0.56492	0.11945	0.13719	0.01599	0.00864	0.00237	0.00353	0.01409	0.00775	0.00669
45	0.01057	0.00705	0.00793	0.00793	0.00793	0.00705	0.00440	0.01057	0.01057	0.01409	0.02290	0.04757	0.02643	0.74454	0.03700	0.00705	0.00705	0.01057	0.00440	0.00440
46	0.01849	0.50586	0.10343	0.01406	0.02005	0.08917	0.03025	0.02151	0.01532	0.01805	0.01429	0.01627	0.04299	0.01010	0.05101	0.00238	0.00925	0.00504	0.00340	0.00907
47	0.26214	0.01630	0.01716	0.04048	0.10607	0.06258	0.01212	0.18922	0.02018	0.06469	0.06471	0.01948	0.01546	0.01056	0.04370	0.00268	0.00778	0.00619	0.02892	0.00958
48	0.01244	0.00930	0.01216	0.01331	0.01534	0.00958	0.01141	0.01805	0.10752	0.02283	0.03887	0.07401	0.06873	0.01862	0.00962	0.00319	0.00643	0.53449	0.00679	0.00732
49	0.11634	0.05099	0.40595	0.07365	0.02678	0.01545	0.01973	0.02151	0.01572	0.04802	0.09958	0.02034	0.01695	0.00793	0.00673	0.00224	0.00865	0.00624	0.00414	0.03308
50	0.01993	0.15900	0.02004	0.01396	0.01773	0.25577	0.01117	0.05586	0.10723	0.02377	0.15476	0.02449	0.02408	0.00921	0.00663	0.00197	0.00809	0.00699	0.07057	0.00873
51	0.01538	0.01461	0.02479	0.46249	0.30172	0.01658	0.02101	0.02002	0.01532	0.02058	0.01321	0.01884	0.01040	0.00696	0.00724	0.00232	0.00928	0.00647	0.00337	0.00941
52	0.02217	0.46006	0.03099	0.01460	0.02003	0.20876	0.01295	0.08484	0.04842	0.02054	0.01196	0.01328	0.01020	0.00695	0.00553	0.00174	0.00911	0.00454	0.00386	0.00947
53	0.02113	0.04280	0.15737	0.01421	0.01969	0.01388	0.01355	0.15842	0.02142	0.20796	0.16866	0.02721	0.02554	0.01085	0.00888	0.05697	0.00695	0.00786	0.00660	0.01007
54	0.01016	0.00743	0.00954	0.00901	0.01078	0.00681	0.00676	0.01348	0.02028	0.02845	0.64957	0.05545	0.11481	0.01512	0.00857	0.00230	0.00345	0.01331	0.00791	0.00681
55	0.02370	0.01841	0.01960	0.01593	0.02104	0.02071	0.01287	0.41314	0.30239	0.03947	0.02244	0.02143	0.01641	0.00919	0.00732	0.00230	0.00707	0.00723	0.00732	0.01201
56	0.01263	0.00631	0.00947	0.00947	0.00947	0.00631	0.00631	0.00947	0.00947	0.01263	0.01263	0.02210	0.01263	0.02525	0.02841	0.78851	0.00631	0.00631	0.00316	0.00316
57	0.02715	0.03464	0.02060	0.01873	0.02247	0.71536	0.01404	0.02903	0.02060	0.01779	0.01124	0.01311	0.00936	0.00749	0.00655	0.00187	0.01311	0.00468	0.00375	0.00843
58	0.28746	0.01558	0.01509	0.01247	0.01706	0.01736	0.01015	0.29158	0.07228	0.03652	0.01988	0.02042	0.05292	0.00868	0.00617	0.00219	0.00625	0.00632	0.09184	0.00977
59	0.01151	0.00822	0.01148	0.01316	0.01474	0.00819	0.01136	0.01471	0.01653	0.02153	0.03860	0.12847	0.04228	0.02027	0.00999	0.00332	0.00652	0.60579	0.00670	0.00664
60	0.00889	0.00738	0.00778	0.00768	0.01000	0.00626	0.00576	0.01101	0.01728	0.02132	0.18333	0.06719	0.58550	0.01778	0.00859	0.00242	0.00364	0.01495	0.00697	0.00626
61	0.07650	0.01488	0.01799	0.01388	0.01949	0.01459	0.01146	0.22741	0.02434	0.46577	0.02419	0.02177	0.01569	0.00878	0.00713	0.00223	0.00670	0.00688	0.00821	0.01210
62	0.79588	0.01406	0.01068	0.00956	0.01406	0.01631	0.00787	0.02137	0.01237	0.03261	0.01012	0.01181	0.00787	0.00675	0.00450	0.00225	0.00562	0.00394	0.00450	0.00787
63	0.01050	0.00809	0.01135	0.01154	0.01228	0.00923	0.00854	0.01229	0.01218	0.01713	0.02513	0.24655	0.02736	0.11950	0.35148	0.00762	0.08636	0.01189	0.00475	0.00622
64	0.01350	0.00814	0.01058	0.00961	0.01194	0.00735	0.00733	0.01664	0.02007	0.13062	0.52341	0.07404	0.10934	0.01451	0.00841	0.00232	0.00389	0.01268	0.00801	0.00761
65	0.07973	0.01385	0.01614	0.04022	0.05453	0.01475	0.01133	0.03224	0.33687	0.20689	0.03059	0.02861	0.08253	0.00993	0.00725	0.00237	0.00595	0.00817	0.00719	0.01083
66	0.02605	0.03302	0.01981	0.01805	0.02172	0.67318	0.01354	0.02792	0.02036	0.01790	0.01495	0.01649	0.05021	0.00814	0.00668	0.00191	0.01255	0.00532	0.00392	0.00829
67	0.72280	0.01460	0.03875	0.01004	0.01458	0.01578	0.00858	0.02084	0.01257	0.03148	0.01182	0.05029	0.01004	0.00760	0.00485	0.00229	0.00576	0.00488	0.00456	0.00788
68	0.01084	0.00934	0.01546	0.01416	0.01590	0.00910	0.13122	0.01297	0.01428	0.01916	0.03396	0.50679	0.05976	0.06196	0.01148	0.00310	0.04108	0.01694	0.00586	0.00665
