[name]
unknown

[dist]
# distance from previous block
# <min> <max>
0	19

[block]
# block no. 0 follows, 29 sequences, length 11
# corresponding to MSA columns:
# 19-29
name=unknown_A
#
# <colnr> <probs for GDERKNQSTAVLIFYWHMCP>
#	G	D	E	R	K	N	Q	S	T	A	V	L	I	F	Y	W	H	M	C	P
0	0.01725	0.02085	0.28706	0.01612	0.04834	0.01256	0.01635	0.02343	0.06186	0.17240	0.12419	0.03189	0.06846	0.01023	0.00747	0.00233	0.00735	0.05628	0.00578	0.00980
1	0.05680	0.07987	0.35363	0.01625	0.02362	0.01599	0.01802	0.07181	0.07112	0.12285	0.04750	0.05871	0.01604	0.00855	0.00680	0.00223	0.00818	0.00681	0.00495	0.01026
2	0.05816	0.08409	0.25837	0.01928	0.07370	0.01573	0.09548	0.02521	0.04758	0.18409	0.01843	0.05801	0.01404	0.00805	0.00692	0.00223	0.00843	0.00692	0.00494	0.01036
3	0.01548	0.15681	0.44514	0.01908	0.02761	0.01841	0.08620	0.02314	0.06578	0.02205	0.01480	0.01869	0.01164	0.00739	0.00672	0.00220	0.00962	0.03563	0.00355	0.01007
4	0.03711	0.09979	0.21035	0.01663	0.04818	0.04246	0.05799	0.06993	0.04078	0.06258	0.10837	0.13149	0.02374	0.01037	0.00720	0.00225	0.00765	0.00884	0.00509	0.00920
5	0.01408	0.01259	0.06050	0.03708	0.05126	0.01125	0.04732	0.04121	0.13132	0.06817	0.17951	0.07177	0.18081	0.01294	0.00799	0.00240	0.00573	0.04914	0.00647	0.00847
6	0.01237	0.00618	0.00928	0.00928	0.00928	0.00618	0.00618	0.00928	0.00928	0.01237	0.01237	0.02165	0.01237	0.02474	0.02783	0.79283	0.00618	0.00618	0.00309	0.00309
7	0.02179	0.02096	0.01934	0.20413	0.02760	0.23966	0.01428	0.22620	0.02214	0.02713	0.01469	0.01731	0.01118	0.00776	0.00666	0.00205	0.00935	0.00584	0.09276	0.00917
8	0.01462	0.01385	0.02348	0.53892	0.23358	0.01613	0.02036	0.01922	0.01479	0.01962	0.01286	0.01860	0.00999	0.00690	0.00710	0.00230	0.00920	0.00633	0.00327	0.00886
9	0.01476	0.08314	0.63452	0.02092	0.06332	0.01732	0.02516	0.02244	0.01505	0.02220	0.01262	0.01492	0.00914	0.00670	0.00663	0.00220	0.01023	0.00522	0.00303	0.01047
10	0.01639	0.01415	0.01484	0.01346	0.01725	0.01605	0.01044	0.03392	0.59648	0.02829	0.03511	0.03252	0.11836	0.01085	0.00741	0.00241	0.00535	0.00904	0.00716	0.01052

[dist]
# distance from previous block
# <min> <max>
0	1

[block]
# block no. 1 follows, 29 sequences, length 11
# corresponding to MSA columns:
# 31-41
name=unknown_B
#
# <colnr> <probs for GDERKNQSTAVLIFYWHMCP>
#	G	D	E	R	K	N	Q	S	T	A	V	L	I	F	Y	W	H	M	C	P
0	0.00972	0.00726	0.00906	0.00891	0.01067	0.00660	0.00674	0.01259	0.01863	0.02535	0.47603	0.10153	0.20525	0.01616	0.00854	0.00239	0.00368	0.05701	0.00740	0.00649
1	0.01523	0.01307	0.01498	0.01117	0.01713	0.01079	0.00889	0.02108	0.12189	0.02424	0.01524	0.01663	0.01232	0.00597	0.00559	0.00127	0.00533	0.00482	0.00470	0.66966
2	0.01820	0.01786	0.06862	0.15399	0.42085	0.01755	0.02011	0.12610	0.04114	0.02599	0.01434	0.01791	0.01132	0.00696	0.00706	0.00218	0.00857	0.00634	0.00412	0.01079
3	0.01008	0.00728	0.00952	0.00896	0.01064	0.00672	0.00672	0.01344	0.02016	0.02855	0.70158	0.05319	0.06719	0.01456	0.00840	0.00224	0.00336	0.01288	0.00784	0.00672
4	0.01069	0.00759	0.01009	0.01137	0.01253	0.00748	0.00911	0.01297	0.01482	0.01933	0.03652	0.18112	0.06604	0.15538	0.01455	0.00385	0.00611	0.40829	0.00615	0.00599
5	0.01660	0.01576	0.02616	0.21079	0.49652	0.01670	0.02061	0.02207	0.06271	0.02247	0.01430	0.01858	0.01157	0.00677	0.00708	0.00220	0.00852	0.00646	0.00369	0.01045
6	0.00849	0.00694	0.00749	0.00794	0.00981	0.00595	0.00573	0.01014	0.01554	0.01895	0.06334	0.24939	0.52725	0.01918	0.00860	0.00253	0.00375	0.01642	0.00661	0.00595
7	0.01141	0.00759	0.00983	0.00909	0.01107	0.00692	0.00688	0.01463	0.01991	0.07300	0.61486	0.05230	0.10649	0.01441	0.00832	0.00225	0.00355	0.01264	0.00782	0.00703
8	0.05887	0.01563	0.01640	0.01317	0.01758	0.01717	0.01070	0.43211	0.05500	0.03836	0.01903	0.01996	0.01408	0.00843	0.00638	0.00201	0.00633	0.00643	0.23207	0.01029
9	0.02047	0.01490	0.01609	0.01377	0.01800	0.01658	0.01091	0.16365	0.41550	0.09952	0.02585	0.02444	0.01900	0.00920	0.00695	0.00225	0.00585	0.00747	0.09862	0.01098
10	0.01557	0.01405	0.02150	0.51182	0.11109	0.01670	0.01842	0.07805	0.09893	0.02243	0.01511	0.01961	0.01140	0.00747	0.00713	0.00233	0.00877	0.00655	0.00404	0.00903

[dist]
# distance from previous block
# <min> <max>
0	6

[block]
# block no. 2 follows, 29 sequences, length 48
# corresponding to MSA columns:
# 48-95
name=unknown_C
#
# <colnr> <probs for GDERKNQSTAVLIFYWHMCP>
#	G	D	E	R	K	N	Q	S	T	A	V	L	I	F	Y	W	H	M	C	P
0	0.00866	0.00624	0.00822	0.00979	0.01030	0.00579	0.00656	0.00993	0.01375	0.01822	0.04071	0.71505	0.07621	0.02212	0.00906	0.00287	0.00411	0.02001	0.00661	0.00579
1	0.02035	0.01604	0.01807	0.01348	0.01947	0.04334	0.03147	0.23175	0.02140	0.07386	0.01505	0.01618	0.01145	0.00666	0.00613	0.00155	0.00667	0.00525	0.00540	0.43642
2	0.01718	0.01953	0.03821	0.02791	0.03399	0.05651	0.55717	0.02238	0.01622	0.02178	0.01356	0.01839	0.01053	0.00691	0.01024	0.00246	0.10628	0.00791	0.00354	0.00930
3	0.01524	0.01389	0.02109	0.43464	0.14815	0.01619	0.01777	0.05005	0.13335	0.02221	0.01828	0.02206	0.04089	0.00795	0.00718	0.00233	0.00834	0.00700	0.00424	0.00914
4	0.01868	0.70050	0.08774	0.01279	0.01921	0.02731	0.01324	0.02141	0.01451	0.01719	0.01011	0.01169	0.00913	0.00614	0.00473	0.00158	0.00783	0.00392	0.00304	0.00924
5	0.00880	0.00629	0.00837	0.00983	0.01035	0.00586	0.00662	0.01022	0.01420	0.01908	0.09680	0.68498	0.04884	0.02163	0.00903	0.00284	0.00406	0.01960	0.00672	0.00586
6	0.00887	0.00723	0.00785	0.00769	0.00990	0.00621	0.00577	0.01111	0.01731	0.02180	0.24552	0.06430	0.52745	0.01708	0.00841	0.00236	0.00354	0.01444	0.00695	0.00621
7	0.02446	0.01840	0.01975	0.01571	0.02083	0.02045	0.01277	0.53408	0.14625	0.04083	0.02035	0.05808	0.01566	0.00948	0.00725	0.00223	0.00726	0.00744	0.00712	0.01162
8	0.00874	0.00624	0.00832	0.00987	0.01034	0.00582	0.00661	0.01006	0.01391	0.01862	0.06738	0.71572	0.04795	0.02198	0.00906	0.00286	0.00410	0.01993	0.00666	0.00582
9	0.00868	0.00620	0.00826	0.00991	0.01033	0.00578	0.00661	0.00991	0.01363	0.01818	0.03925	0.74510	0.04710	0.02231	0.00909	0.00289	0.00413	0.02024	0.00661	0.00578
10	0.00952	0.00676	0.00867	0.00989	0.01044	0.00649	0.00659	0.03360	0.01395	0.01861	0.03652	0.63841	0.04340	0.10627	0.01217	0.00333	0.00458	0.01861	0.00636	0.00584
11	0.00997	0.00724	0.00939	0.00892	0.01059	0.00666	0.00666	0.01320	0.01980	0.02787	0.65650	0.07484	0.09173	0.01493	0.00842	0.00227	0.00339	0.01319	0.00775	0.00666
12	0.02707	0.01995	0.02137	0.01638	0.02208	0.02208	0.01353	0.68159	0.03348	0.04488	0.01710	0.01710	0.01211	0.00855	0.00712	0.00214	0.00784	0.00641	0.00712	0.01211
13	0.01534	0.01300	0.01508	0.01082	0.01712	0.01008	0.00868	0.04918	0.01565	0.02422	0.01287	0.01488	0.01062	0.00543	0.00536	0.00111	0.00539	0.00432	0.00436	0.75650
14	0.01621	0.01001	0.01245	0.01109	0.01265	0.01060	0.00803	0.19329	0.01599	0.02139	0.01454	0.02258	0.01348	0.08366	0.02290	0.50786	0.00670	0.00661	0.00430	0.00567
15	0.00868	0.00652	0.00805	0.00915	0.01016	0.00589	0.00630	0.01019	0.01467	0.01902	0.08370	0.52968	0.22062	0.02076	0.00887	0.00273	0.00395	0.01847	0.00668	0.00589
16	0.01434	0.01392	0.01817	0.04653	0.01814	0.06041	0.01337	0.01633	0.01187	0.01705	0.01346	0.04309	0.01309	0.02441	0.22863	0.00547	0.42392	0.00701	0.00347	0.00733
17	0.03642	0.01290	0.02092	0.63132	0.04460	0.01612	0.01879	0.01874	0.01412	0.04175	0.01283	0.01868	0.00970	0.00759	0.00834	0.00242	0.06705	0.00628	0.00339	0.00804
18	0.01994	0.01687	0.01732	0.01501	0.01937	0.04161	0.01182	0.17071	0.53415	0.03250	0.02594	0.02416	0.01933	0.00935	0.00719	0.00234	0.00633	0.00760	0.00710	0.01135
19	0.00868	0.00620	0.00826	0.00991	0.01033	0.00578	0.00661	0.00991	0.01363	0.01818	0.03925	0.74510	0.04710	0.02231	0.00909	0.00289	0.00413	0.02024	0.00661	0.00578
20	0.01097	0.00883	0.01006	0.01000	0.01157	0.03779	0.00739	0.01301	0.01634	0.04269	0.21542	0.26659	0.23310	0.01731	0.00961	0.00254	0.05889	0.01474	0.00661	0.00654
21	0.02707	0.01995	0.02137	0.01638	0.02208	0.02208	0.01353	0.68159	0.03348	0.04488	0.01710	0.01710	0.01211	0.00855	0.00712	0.00214	0.00784	0.00641	0.00712	0.01211
22	0.01529	0.01194	0.01540	0.01363	0.01555	0.01442	0.01099	0.15127	0.01624	0.02365	0.01683	0.02262	0.01467	0.02917	0.32480	0.00641	0.18648	0.00693	0.09583	0.00791
23	0.01663	0.01415	0.02011	0.01460	0.02083	0.01187	0.13169	0.06563	0.01667	0.05684	0.01479	0.03756	0.01211	0.00630	0.00618	0.00148	0.00669	0.00575	0.00459	0.53554
24	0.02446	0.01840	0.01997	0.01514	0.02098	0.01941	0.01245	0.54067	0.02951	0.04027	0.01615	0.01660	0.01178	0.00785	0.00673	0.00191	0.00729	0.00595	0.00651	0.17799
25	0.00863	0.00637	0.00808	0.00944	0.01020	0.00582	0.00640	0.00997	0.01409	0.01836	0.04499	0.62698	0.16152	0.02156	0.00897	0.00281	0.00404	0.01933	0.00661	0.00582
26	0.01241	0.00621	0.00916	0.00916	0.00923	0.00621	0.00613	0.00961	0.00954	0.01302	0.01287	0.02187	0.01264	0.02398	0.02678	0.75648	0.00605	0.00621	0.03921	0.00325
27	0.01035	0.01144	0.09954	0.01299	0.01552	0.00835	0.06794	0.01296	0.01413	0.01934	0.03264	0.55945	0.03762	0.01822	0.00858	0.00269	0.00567	0.01666	0.00580	0.04013
28	0.01697	0.01326	0.01321	0.01180	0.01451	0.11199	0.00895	0.09927	0.03885	0.10099	0.32266	0.11021	0.04123	0.05257	0.00937	0.00249	0.00589	0.01077	0.00692	0.00808
29	0.00859	0.00653	0.00792	0.00902	0.01009	0.00586	0.00621	0.01002	0.01449	0.01853	0.05012	0.52137	0.26381	0.02089	0.00887	0.00273	0.00396	0.01852	0.00661	0.00586
30	0.02017	0.60189	0.03378	0.01349	0.01892	0.14473	0.01259	0.02235	0.01528	0.01688	0.01006	0.01183	0.00915	0.00657	0.00566	0.00164	0.03886	0.00404	0.00315	0.00893
31	0.00960	0.00658	0.00799	0.00874	0.00892	0.00640	0.00535	0.01016	0.01184	0.01578	0.03004	0.36251	0.03548	0.42075	0.02396	0.00509	0.00565	0.01483	0.00535	0.00498
32	0.01466	0.01381	0.02149	0.49905	0.03927	0.01779	0.01831	0.04791	0.01417	0.01910	0.01192	0.01794	0.00957	0.00869	0.01170	0.00257	0.21434	0.00630	0.00333	0.00807
33	0.01428	0.03683	0.71286	0.02030	0.03082	0.01654	0.02631	0.02255	0.01503	0.02255	0.01278	0.01503	0.00902	0.00677	0.00677	0.00226	0.01052	0.00526	0.00301	0.01052
34	0.01110	0.00807	0.01114	0.03105	0.01459	0.00820	0.01042	0.01435	0.03382	0.02039	0.03566	0.19119	0.03911	0.05122	0.04086	0.00366	0.00672	0.45568	0.00629	0.00648
35	0.05901	0.02369	0.02066	0.02039	0.11867	0.28022	0.01418	0.21131	0.13096	0.02858	0.01589	0.01686	0.01225	0.00787	0.00675	0.00207	0.00933	0.00587	0.00522	0.01022
36	0.02546	0.07949	0.02192	0.01978	0.07129	0.62510	0.01424	0.02749	0.01952	0.01781	0.01111	0.01310	0.00932	0.00718	0.00635	0.00183	0.01218	0.00466	0.00362	0.00853
37	0.03195	0.01212	0.01652	0.01267	0.01818	0.01047	0.01047	0.03470	0.02038	0.71026	0.02809	0.02424	0.01763	0.00881	0.00716	0.00220	0.00606	0.00716	0.00881	0.01212
38	0.80005	0.01377	0.01047	0.00936	0.01377	0.01597	0.00771	0.02093	0.01212	0.03195	0.00991	0.01157	0.00771	0.00661	0.00441	0.00220	0.00551	0.00386	0.00441	0.00771
39	0.02301	0.37530	0.02830	0.01542	0.02024	0.39265	0.01301	0.02506	0.01747	0.01711	0.01048	0.01217	0.00916	0.00675	0.00554	0.00169	0.01036	0.00422	0.00337	0.00867
40	0.01345	0.01266	0.02136	0.73264	0.04904	0.01582	0.01978	0.01819	0.01424	0.01819	0.01266	0.01898	0.00949	0.00712	0.00712	0.00237	0.00949	0.00633	0.00316	0.00791
41	0.00874	0.00625	0.00832	0.00987	0.01034	0.00583	0.00661	0.01007	0.01393	0.01865	0.06921	0.71380	0.04800	0.02196	0.00906	0.00286	0.00410	0.01991	0.00667	0.00583
42	0.00941	0.00717	0.00859	0.00881	0.01036	0.00656	0.00634	0.01206	0.03566	0.02235	0.28331	0.25018	0.25105	0.04350	0.00954	0.00264	0.00384	0.01536	0.00698	0.00629
43	0.05491	0.01387	0.01739	0.01337	0.01889	0.01316	0.01105	0.17476	0.02297	0.54454	0.02514	0.02229	0.01612	0.00869	0.00707	0.00219	0.00643	0.00689	0.00831	0.01198
44	0.03195	0.01212	0.01652	0.01267	0.01818	0.01047	0.01047	0.03470	0.02038	0.71026	0.02809	0.02424	0.01763	0.00881	0.00716	0.00220	0.00606	0.00716	0.00881	0.01212
45	0.00880	0.00629	0.00839	0.00998	0.01047	0.00588	0.00676	0.01016	0.01390	0.01857	0.05826	0.70561	0.04749	0.02201	0.00909	0.00288	0.00418	0.03880	0.00664	0.00583
46	0.02730	0.01958	0.02114	0.01621	0.02190	0.02154	0.01339	0.65113	0.03286	0.07620	0.01761	0.01743	0.01237	0.00856	0.00713	0.00214	0.00775	0.00645	0.00720	0.01211
47	0.00867	0.00623	0.00823	0.00983	0.01031	0.00579	0.00657	0.00992	0.01371	0.01821	0.04026	0.72418	0.06736	0.02218	0.00907	0.00288	0.00411	0.02008	0.00661	0.00579

[dist]
# distance from previous block
# <min> <max>
0	16

[block]
# block no. 3 follows, 29 sequences, length 234
# corresponding to MSA columns:
# 112-345
name=unknown_D
#
# <colnr> <probs for GDERKNQSTAVLIFYWHMCP>
#	G	D	E	R	K	N	Q	S	T	A	V	L	I	F	Y	W	H	M	C	P
0	0.01678	0.01334	0.01539	0.01134	0.01729	0.01112	0.00906	0.08637	0.04796	0.05567	0.01479	0.01680	0.01194	0.02558	0.00645	0.00143	0.00563	0.00491	0.00486	0.62330
1	0.01345	0.01266	0.02136	0.73264	0.04904	0.01582	0.01978	0.01819	0.01424	0.01819	0.01266	0.01898	0.00949	0.00712	0.00712	0.00237	0.00949	0.00633	0.00316	0.00791
2	0.01017	0.00763	0.01144	0.01144	0.01272	0.00890	0.00890	0.01272	0.01144	0.01653	0.01907	0.02797	0.01780	0.05340	0.72153	0.01144	0.01907	0.00763	0.00381	0.00636
3	0.01523	0.01485	0.02654	0.40976	0.07014	0.01683	0.18919	0.04704	0.01556	0.02094	0.01345	0.01891	0.01032	0.00731	0.00863	0.00239	0.06604	0.00687	0.03139	0.00862
4	0.01907	0.02128	0.02499	0.02052	0.02320	0.21580	0.14686	0.04207	0.01539	0.01919	0.01141	0.01602	0.00998	0.01108	0.03997	0.00288	0.34216	0.00626	0.00352	0.00836
5	0.01008	0.00728	0.00952	0.00896	0.01064	0.00672	0.00672	0.01344	0.02016	0.02855	0.70158	0.05319	0.06719	0.01456	0.00840	0.00224	0.00336	0.01288	0.00784	0.00672
6	0.01789	0.01754	0.02829	0.06330	0.65554	0.04786	0.02143	0.02203	0.01633	0.02285	0.01327	0.01745	0.01113	0.00641	0.00702	0.00211	0.00868	0.00627	0.00352	0.01104
7	0.01593	0.01983	0.11586	0.05522	0.03061	0.01904	0.34447	0.02064	0.01446	0.02064	0.01240	0.01745	0.01003	0.00835	0.01327	0.00263	0.25962	0.00719	0.00334	0.00902
8	0.00842	0.00721	0.00721	0.00721	0.00962	0.00601	0.00541	0.01022	0.01623	0.01924	0.07213	0.06853	0.70244	0.01803	0.00842	0.00240	0.00361	0.01503	0.00661	0.00601
9	0.02602	0.06245	0.02139	0.01871	0.04615	0.57162	0.01395	0.11635	0.02159	0.02132	0.01187	0.01353	0.00964	0.00741	0.00646	0.00187	0.01178	0.00486	0.00410	0.00892
10	0.00868	0.00620	0.00826	0.00991	0.01033	0.00578	0.00661	0.00991	0.01363	0.01818	0.03925	0.74510	0.04710	0.02231	0.00909	0.00289	0.00413	0.02024	0.00661	0.00578
11	0.01428	0.03683	0.71286	0.02030	0.03082	0.01654	0.02631	0.02255	0.01503	0.02255	0.01278	0.01503	0.00902	0.00677	0.00677	0.00226	0.01052	0.00526	0.00301	0.01052
12	0.01036	0.00690	0.00777	0.00777	0.00777	0.00690	0.00431	0.01036	0.01036	0.01381	0.02244	0.04660	0.02589	0.74975	0.03624	0.00690	0.00690	0.01036	0.00431	0.00431
13	0.03162	0.01264	0.01685	0.01292	0.01844	0.01124	0.01067	0.07793	0.02126	0.66580	0.02736	0.02376	0.01726	0.00880	0.00716	0.00220	0.00618	0.00711	0.00870	0.01212
14	0.01672	0.01801	0.03701	0.16204	0.03864	0.01781	0.51921	0.05718	0.01721	0.02312	0.01422	0.01905	0.01063	0.00635	0.00809	0.00238	0.01131	0.00790	0.00371	0.00942
15	0.17515	0.60607	0.03195	0.01162	0.01738	0.02574	0.01129	0.02124	0.01400	0.01979	0.00990	0.01145	0.00885	0.00620	0.00454	0.00166	0.00719	0.00382	0.00332	0.00885
16	0.00889	0.00723	0.00787	0.00771	0.00991	0.00621	0.00578	0.01114	0.01735	0.02190	0.25189	0.06415	0.52103	0.01704	0.00841	0.00236	0.00354	0.01441	0.00696	0.00621
17	0.01445	0.10402	0.55473	0.01880	0.02793	0.01682	0.04799	0.02158	0.01553	0.02255	0.07720	0.01842	0.01456	0.00740	0.00676	0.00219	0.00962	0.00595	0.00349	0.00999
18	0.01904	0.75404	0.03731	0.01218	0.01828	0.02818	0.01218	0.02132	0.01447	0.01675	0.00990	0.01142	0.00914	0.00609	0.00457	0.00152	0.00761	0.00381	0.00305	0.00914
19	0.04317	0.04018	0.02416	0.11490	0.30870	0.04912	0.03731	0.10522	0.15568	0.02640	0.01663	0.01900	0.01300	0.00742	0.00696	0.00219	0.00812	0.00653	0.00470	0.01060
20	0.01576	0.01610	0.02473	0.02033	0.02137	0.02126	0.11136	0.01796	0.01176	0.01796	0.01008	0.01610	0.00956	0.01153	0.02121	0.00301	0.63216	0.00654	0.00319	0.00805
21	0.00880	0.00628	0.00840	0.01006	0.01052	0.00589	0.00682	0.01013	0.01375	0.01832	0.03918	0.71586	0.04683	0.02219	0.00912	0.00291	0.00424	0.04827	0.00661	0.00582
22	0.01524	0.08102	0.39354	0.02090	0.08721	0.06449	0.08740	0.02119	0.01579	0.02143	0.02058	0.02241	0.10184	0.00814	0.00699	0.00220	0.00952	0.00683	0.00364	0.00964
23	0.01113	0.00941	0.01055	0.01138	0.03283	0.04995	0.00788	0.04096	0.01601	0.02060	0.10403	0.41608	0.17907	0.01837	0.00909	0.00262	0.03111	0.01601	0.00635	0.00658
24	0.00904	0.00680	0.00838	0.00891	0.01024	0.00613	0.00633	0.01109	0.01635	0.02169	0.25431	0.35196	0.22527	0.01877	0.00870	0.00256	0.00375	0.01658	0.00699	0.00613
25	0.01724	0.01773	0.05885	0.07235	0.60511	0.01692	0.06340	0.02178	0.01611	0.02298	0.01340	0.01767	0.01107	0.00638	0.00713	0.00215	0.00882	0.00643	0.00349	0.01099
26	0.02305	0.13619	0.05018	0.01745	0.05167	0.14739	0.04916	0.25001	0.08439	0.06962	0.01809	0.01861	0.03663	0.00810	0.00671	0.00204	0.00861	0.00623	0.00545	0.01042
27	0.01695	0.01869	0.09953	0.08207	0.57182	0.01698	0.02198	0.02154	0.01579	0.02267	0.01315	0.01737	0.01087	0.00664	0.00758	0.00218	0.03365	0.00623	0.00343	0.01088
28	0.01318	0.00696	0.00765	0.00752	0.00906	0.00705	0.00553	0.01600	0.01416	0.04638	0.02282	0.02904	0.01910	0.10250	0.09043	0.00342	0.00563	0.00721	0.57984	0.00651
29	0.13598	0.01219	0.03386	0.01114	0.01401	0.04196	0.00862	0.06644	0.01502	0.05408	0.02340	0.20298	0.04319	0.13901	0.04409	0.00345	0.03161	0.01006	0.00524	0.10365
30	0.10430	0.44565	0.05915	0.01359	0.01922	0.07091	0.01278	0.12914	0.01756	0.02327	0.01125	0.01279	0.00947	0.00693	0.00597	0.00181	0.03844	0.00445	0.00390	0.00941
31	0.02805	0.01836	0.02039	0.01563	0.02129	0.01974	0.01291	0.55098	0.03083	0.17922	0.01932	0.01854	0.01322	0.00860	0.00713	0.00215	0.00748	0.00656	0.00746	0.01211
32	0.00886	0.00635	0.00832	0.00966	0.01023	0.00592	0.00649	0.01025	0.01415	0.01894	0.09796	0.63519	0.06694	0.05197	0.01015	0.00299	0.00416	0.01903	0.00662	0.00581
33	0.01464	0.01472	0.02859	0.05164	0.10490	0.01418	0.34788	0.04117	0.01643	0.02232	0.04215	0.22314	0.02272	0.01099	0.00835	0.00249	0.00890	0.01147	0.00467	0.00866
34	0.04876	0.15907	0.04184	0.01620	0.02118	0.23437	0.01360	0.29409	0.02377	0.02914	0.01324	0.01447	0.01033	0.00780	0.00709	0.00198	0.04284	0.00526	0.00495	0.01002
35	0.00866	0.00624	0.00822	0.00980	0.01030	0.00579	0.00656	0.00993	0.01374	0.01822	0.04062	0.71676	0.07455	0.02213	0.00906	0.00287	0.00411	0.02002	0.00661	0.00579
36	0.01452	0.03536	0.66397	0.02084	0.05235	0.01659	0.02559	0.02311	0.04091	0.02285	0.01342	0.01556	0.00958	0.00686	0.00679	0.00226	0.01027	0.00540	0.00319	0.01058
37	0.01768	0.01308	0.01457	0.01225	0.01550	0.01428	0.00980	0.27102	0.05147	0.03122	0.10116	0.03252	0.14928	0.01190	0.00936	0.02964	0.07131	0.00881	0.12635	0.00881
38	0.00868	0.00620	0.00826	0.00991	0.01033	0.00578	0.00661	0.00991	0.01363	0.01818	0.03925	0.74510	0.04710	0.02231	0.00909	0.00289	0.00413	0.02024	0.00661	0.00578
39	0.02660	0.03394	0.02018	0.01834	0.02201	0.72116	0.01376	0.02843	0.02018	0.01743	0.01101	0.01284	0.00917	0.00734	0.00642	0.00183	0.01284	0.00459	0.00367	0.00825
40	0.00868	0.00620	0.00826	0.00991	0.01033	0.00578	0.00661	0.00991	0.01363	0.01818	0.03925	0.74510	0.04710	0.02231	0.00909	0.00289	0.00413	0.02024	0.00661	0.00578
41	0.02660	0.03394	0.02018	0.01834	0.02201	0.72116	0.01376	0.02843	0.02018	0.01743	0.01101	0.01284	0.00917	0.00734	0.00642	0.00183	0.01284	0.00459	0.00367	0.00825
42	0.62880	0.01296	0.01085	0.00960	0.01371	0.01463	0.00782	0.04312	0.01415	0.06008	0.08542	0.01728	0.01502	0.00768	0.00506	0.00219	0.00530	0.00515	0.03329	0.00790
43	0.01327	0.00664	0.00664	0.00664	0.00830	0.00664	0.00498	0.01659	0.01493	0.02655	0.02323	0.02655	0.01825	0.00830	0.00498	0.00166	0.00332	0.00664	0.78928	0.00664
44	0.01681	0.01921	0.04202	0.03001	0.03721	0.01801	0.67947	0.02281	0.01681	0.02281	0.01441	0.01921	0.01080	0.00600	0.00840	0.00240	0.01200	0.00840	0.00360	0.00960
45	0.01702	0.01630	0.02781	0.14311	0.61064	0.01676	0.02155	0.02133	0.01593	0.02253	0.01329	0.01782	0.01102	0.00646	0.00706	0.00215	0.00861	0.00634	0.00347	0.01079
46	0.00842	0.00721	0.00721	0.00721	0.00962	0.00601	0.00541	0.01022	0.01623	0.01924	0.07213	0.06853	0.70244	0.01803	0.00842	0.00240	0.00361	0.01503	0.00661	0.00601
47	0.02666	0.01974	0.02114	0.01630	0.02193	0.02189	0.01343	0.65327	0.06247	0.04421	0.01762	0.01751	0.01253	0.00860	0.00713	0.00215	0.00774	0.00648	0.00713	0.01207
48	0.01904	0.75404	0.03731	0.01218	0.01828	0.02818	0.01218	0.02132	0.01447	0.01675	0.00990	0.01142	0.00914	0.00609	0.00457	0.00152	0.00761	0.00381	0.00305	0.00914
49	0.01866	0.01746	0.02448	0.05132	0.43616	0.06020	0.01809	0.08697	0.13267	0.02614	0.04505	0.02032	0.01529	0.00754	0.00711	0.00216	0.00800	0.00681	0.00468	0.01089
50	0.77915	0.01373	0.01063	0.00945	0.01389	0.01582	0.00779	0.02131	0.01234	0.05040	0.01041	0.01191	0.00798	0.00667	0.00448	0.00220	0.00552	0.00395	0.00453	0.00783
51	0.00871	0.00722	0.00762	0.00752	0.00980	0.00614	0.00564	0.01079	0.01692	0.02088	0.18332	0.06582	0.59023	0.01742	0.00841	0.00238	0.00356	0.01465	0.00683	0.00614
52	0.01538	0.06487	0.61869	0.02015	0.03009	0.01684	0.05998	0.02304	0.01534	0.05194	0.01340	0.01550	0.00949	0.00678	0.00678	0.00223	0.01029	0.00545	0.00329	0.01048
53	0.02643	0.06075	0.01642	0.01200	0.01672	0.01104	0.00985	0.02952	0.03707	0.51626	0.08728	0.07938	0.04417	0.01040	0.00727	0.00222	0.00571	0.00864	0.00808	0.01079
54	0.00873	0.00723	0.00765	0.00754	0.00981	0.00614	0.00566	0.01082	0.01697	0.02098	0.19006	0.06565	0.58343	0.01738	0.00841	0.00237	0.00356	0.01463	0.00684	0.00614
55	0.01833	0.01560	0.01645	0.01462	0.01875	0.01800	0.01142	0.08035	0.64895	0.03078	0.02820	0.02594	0.02110	0.00959	0.00724	0.00240	0.00578	0.00794	0.00724	0.01133
56	0.02619	0.05269	0.02132	0.01601	0.02134	0.08756	0.01316	0.53283	0.02986	0.07046	0.01679	0.01723	0.01219	0.01022	0.03687	0.00247	0.00869	0.00621	0.00656	0.01137
57	0.01902	0.01118	0.01210	0.01060	0.01401	0.03979	0.00830	0.02530	0.15484	0.21591	0.06407	0.03310	0.12732	0.01048	0.00680	0.00211	0.00500	0.00858	0.22239	0.00908
58	0.01348	0.00704	0.00707	0.00700	0.00877	0.00715	0.00527	0.01757	0.04610	0.02670	0.02349	0.02655	0.01841	0.00836	0.00508	0.00169	0.00342	0.00670	0.75331	0.00685
59	0.01525	0.01296	0.01512	0.01118	0.01701	0.01060	0.00893	0.04773	0.03859	0.02404	0.01414	0.03811	0.01210	0.00633	0.00611	0.00127	0.02824	0.00501	0.00449	0.68280
60	0.01896	0.02025	0.04647	0.13296	0.32605	0.14753	0.07146	0.05423	0.06983	0.02289	0.01429	0.01765	0.01137	0.00698	0.00706	0.00215	0.00952	0.00628	0.00394	0.01011
61	0.00868	0.00620	0.00826	0.00991	0.01033	0.00578	0.00661	0.00991	0.01363	0.01818	0.03925	0.74510	0.04710	0.02231	0.00909	0.00289	0.00413	0.02024	0.00661	0.00578
62	0.01744	0.01673	0.02857	0.07422	0.67627	0.01687	0.02176	0.02169	0.01613	0.02304	0.01336	0.01768	0.01120	0.00638	0.00705	0.00213	0.00851	0.00634	0.00351	0.01113
63	0.01265	0.00953	0.01123	0.01012	0.01255	0.00951	0.00774	0.09645	0.08263	0.02910	0.46110	0.04802	0.13179	0.03507	0.00895	0.00240	0.00424	0.01184	0.00745	0.00764
64	0.01029	0.00691	0.00775	0.00775	0.00783	0.00687	0.00435	0.01035	0.01056	0.01399	0.02414	0.04735	0.04903	0.72472	0.03529	0.00675	0.00679	0.01051	0.00439	0.00437
65	0.02641	0.01945	0.02090	0.01615	0.02166	0.02150	0.01329	0.65742	0.03277	0.04392	0.01789	0.04329	0.01337	0.00904	0.00719	0.00216	0.00770	0.00691	0.00710	0.01188
66	0.00857	0.00722	0.00742	0.00737	0.00971	0.00608	0.00553	0.01051	0.01659	0.02009	0.12981	0.06712	0.64423	0.01772	0.00841	0.00239	0.00358	0.01483	0.00672	0.00608
67	0.01017	0.00763	0.01144	0.01144	0.01272	0.00890	0.00890	0.01272	0.01144	0.01653	0.01907	0.02797	0.01780	0.05340	0.72153	0.01144	0.01907	0.00763	0.00381	0.00636
68	0.01237	0.00618	0.00928	0.00928	0.00928	0.00618	0.00618	0.00928	0.00928	0.01237	0.01237	0.02165	0.01237	0.02474	0.02783	0.79283	0.00618	0.00618	0.00309	0.00309
69	0.02660	0.03394	0.02018	0.01834	0.02201	0.72116	0.01376	0.02843	0.02018	0.01743	0.01101	0.01284	0.00917	0.00734	0.00642	0.00183	0.01284	0.00459	0.00367	0.00825
70	0.00996	0.00724	0.00938	0.00892	0.01058	0.00666	0.00666	0.01318	0.01976	0.02779	0.65153	0.07872	0.09292	0.01498	0.00842	0.00227	0.00340	0.01323	0.00774	0.00666
71	0.01345	0.01266	0.02136	0.73264	0.04904	0.01582	0.01978	0.01819	0.01424	0.01819	0.01266	0.01898	0.00949	0.00712	0.00712	0.00237	0.00949	0.00633	0.00316	0.00791
72	0.01139	0.00758	0.00987	0.00913	0.01107	0.00693	0.00691	0.01465	0.02003	0.07084	0.63710	0.05193	0.08667	0.01432	0.00832	0.00224	0.00354	0.01260	0.00786	0.00703
73	0.01935	0.01579	0.01679	0.01468	0.01896	0.01804	0.01153	0.11984	0.58744	0.05296	0.02744	0.02529	0.02038	0.00949	0.00723	0.00237	0.00593	0.00781	0.00728	0.01140
74	0.01904	0.75404	0.03731	0.01218	0.01828	0.02818	0.01218	0.02132	0.01447	0.01675	0.00990	0.01142	0.00914	0.00609	0.00457	0.00152	0.00761	0.00381	0.00305	0.00914
75	0.01403	0.03566	0.03419	0.03667	0.01495	0.01004	0.00904	0.01951	0.12195	0.10738	0.21731	0.12587	0.17419	0.01409	0.00798	0.00239	0.00488	0.03485	0.00695	0.00807
76	0.71677	0.01398	0.01113	0.00978	0.01419	0.01610	0.00804	0.06895	0.01377	0.03271	0.01089	0.01248	0.00839	0.00681	0.00462	0.00218	0.00560	0.00414	0.03145	0.00800
77	0.00884	0.00716	0.00790	0.00817	0.01018	0.00621	0.00613	0.01084	0.01632	0.02024	0.13263	0.15643	0.50214	0.01834	0.00860	0.00251	0.00386	0.06067	0.00674	0.00610
78	0.01689	0.01517	0.02385	0.14284	0.20829	0.01612	0.11669	0.05502	0.18491	0.04562	0.02029	0.08716	0.01703	0.00889	0.00751	0.00235	0.00797	0.00838	0.00501	0.01003
79	0.01581	0.01614	0.02109	0.01816	0.01883	0.07366	0.03648	0.01765	0.01187	0.01727	0.01082	0.01700	0.01041	0.01684	0.10648	0.00401	0.57017	0.00635	0.00326	0.00771
80	0.00948	0.00711	0.00890	0.01012	0.01102	0.00689	0.00694	0.01250	0.07604	0.01932	0.04086	0.62674	0.09564	0.02082	0.00887	0.00281	0.00423	0.01872	0.00667	0.00630
81	0.01008	0.00728	0.00952	0.00896	0.01064	0.00672	0.00672	0.01344	0.02016	0.02855	0.70158	0.05319	0.06719	0.01456	0.00840	0.00224	0.00336	0.01288	0.00784	0.00672
82	0.01764	0.01879	0.07953	0.03872	0.57609	0.03733	0.02106	0.02345	0.07357	0.02359	0.01460	0.01805	0.01193	0.00669	0.00703	0.00214	0.00850	0.00636	0.00380	0.01113
83	0.02660	0.03394	0.02018	0.01834	0.02201	0.72116	0.01376	0.02843	0.02018	0.01743	0.01101	0.01284	0.00917	0.00734	0.00642	0.00183	0.01284	0.00459	0.00367	0.00825
84	0.01327	0.00664	0.00664	0.00664	0.00830	0.00664	0.00498	0.01659	0.01493	0.02655	0.02323	0.02655	0.01825	0.00830	0.00498	0.00166	0.00332	0.00664	0.78928	0.00664
85	0.01632	0.01559	0.02655	0.25860	0.50062	0.01658	0.02121	0.02071	0.01560	0.02168	0.01316	0.01805	0.01072	0.00659	0.00707	0.00220	0.00878	0.00634	0.00341	0.01023
86	0.01711	0.01664	0.01968	0.01709	0.01832	0.09442	0.01391	0.09476	0.01471	0.02036	0.01293	0.04762	0.01232	0.01715	0.10907	0.00393	0.45120	0.00684	0.00388	0.00807
87	0.00892	0.00719	0.00794	0.00785	0.00995	0.00621	0.00585	0.01116	0.01728	0.02195	0.25711	0.09312	0.48611	0.01719	0.00844	0.00238	0.00356	0.01462	0.00698	0.00621
88	0.01055	0.00852	0.00959	0.00917	0.01121	0.02715	0.00687	0.01452	0.06598	0.02529	0.43151	0.08625	0.23620	0.01533	0.00830	0.00232	0.00389	0.01324	0.00729	0.00684
89	0.04158	0.64224	0.09087	0.01304	0.01933	0.05757	0.01328	0.02173	0.01470	0.01770	0.01018	0.01178	0.00909	0.00622	0.00483	0.00162	0.00802	0.00396	0.00311	0.00917
90	0.00868	0.00620	0.00826	0.00991	0.01033	0.00578	0.00661	0.00991	0.01363	0.01818	0.03925	0.74510	0.04710	0.02231	0.00909	0.00289	0.00413	0.02024	0.00661	0.00578
91	0.02660	0.03394	0.02018	0.01834	0.02201	0.72116	0.01376	0.02843	0.02018	0.01743	0.01101	0.01284	0.00917	0.00734	0.00642	0.00183	0.01284	0.00459	0.00367	0.00825
92	0.00873	0.00645	0.00802	0.00923	0.01002	0.00590	0.00622	0.01000	0.01396	0.01812	0.04490	0.56419	0.17910	0.06651	0.01063	0.00304	0.00420	0.01857	0.00647	0.00574
93	0.02707	0.01995	0.02137	0.01638	0.02208	0.02208	0.01353	0.68159	0.03348	0.04488	0.01710	0.01710	0.01211	0.00855	0.00712	0.00214	0.00784	0.00641	0.00712	0.01211
94	0.80005	0.01377	0.01047	0.00936	0.01377	0.01597	0.00771	0.02093	0.01212	0.03195	0.00991	0.01157	0.00771	0.00661	0.00441	0.00220	0.00551	0.00386	0.00441	0.00771
95	0.01327	0.00664	0.00664	0.00664	0.00830	0.00664	0.00498	0.01659	0.01493	0.02655	0.02323	0.02655	0.01825	0.00830	0.00498	0.00166	0.00332	0.00664	0.78928	0.00664
96	0.01762	0.01692	0.02890	0.04371	0.70533	0.01692	0.02185	0.02185	0.01621	0.02326	0.01339	0.01762	0.01128	0.00634	0.00705	0.00211	0.00846	0.00634	0.00352	0.01128
97	0.06191	0.03025	0.01997	0.01764	0.02154	0.55789	0.01350	0.12956	0.02159	0.02237	0.01185	0.01353	0.00957	0.00765	0.00697	0.00194	0.03433	0.00489	0.00422	0.00882
98	0.00862	0.00697	0.00767	0.00804	0.00988	0.00602	0.00582	0.01042	0.01592	0.01978	0.11819	0.23574	0.48445	0.01880	0.00858	0.00251	0.00372	0.01614	0.00672	0.00602
99	0.02178	0.01704	0.01823	0.01515	0.01979	0.01916	0.01211	0.35251	0.32861	0.03652	0.02375	0.06430	0.01850	0.00986	0.00729	0.00231	0.00663	0.00796	0.00715	0.01136
100	0.01889	0.73160	0.05844	0.01244	0.01867	0.02781	0.01263	0.02136	0.01449	0.01693	0.00999	0.01154	0.00913	0.00611	0.00464	0.00155	0.00771	0.00385	0.00304	0.00918
101	0.01681	0.01801	0.07824	0.12564	0.52423	0.01684	0.07297	0.02153	0.01593	0.02255	0.01334	0.01773	0.01086	0.00644	0.00714	0.00218	0.00901	0.00642	0.00345	0.01068
102	0.18435	0.01869	0.01915	0.01496	0.02039	0.02084	0.01235	0.54717	0.02913	0.04225	0.01563	0.01597	0.01121	0.00815	0.00657	0.00215	0.00736	0.00589	0.00657	0.01121
103	0.01129	0.00753	0.00990	0.01072	0.01197	0.00720	0.00788	0.04054	0.01601	0.05801	0.11416	0.49230	0.04543	0.01970	0.00894	0.00281	0.00468	0.11744	0.00688	0.00662
104	0.01625	0.02148	0.14854	0.02736	0.06148	0.01827	0.44905	0.02191	0.01564	0.02197	0.01337	0.01793	0.01032	0.00707	0.01024	0.00247	0.11617	0.00749	0.00343	0.00956
105	0.00887	0.00634	0.00847	0.01002	0.01055	0.00594	0.00684	0.01029	0.01405	0.01878	0.06851	0.68388	0.04770	0.02184	0.00909	0.00288	0.00421	0.04923	0.00666	0.00586
106	0.00972	0.00726	0.00903	0.00859	0.01042	0.00657	0.00644	0.01275	0.01932	0.02657	0.56758	0.05646	0.20242	0.01530	0.00840	0.00227	0.00341	0.01334	0.00758	0.00657
107	0.06728	0.01219	0.01625	0.01252	0.01797	0.01072	0.01034	0.03407	0.02000	0.67906	0.02726	0.02365	0.01717	0.00871	0.00703	0.00220	0.00603	0.00701	0.00861	0.01192
108	0.01774	0.44656	0.25121	0.01610	0.02365	0.02356	0.06003	0.05085	0.01564	0.02022	0.01142	0.01332	0.00934	0.00641	0.00563	0.00184	0.00883	0.00468	0.00325	0.00974
109	0.02510	0.02717	0.01988	0.01801	0.04253	0.44912	0.01348	0.14497	0.06790	0.05406	0.01503	0.03938	0.01225	0.00840	0.00727	0.00203	0.03337	0.00589	0.00483	0.00932
110	0.01018	0.00761	0.01134	0.01134	0.01258	0.00885	0.00878	0.01265	0.01141	0.01646	0.01917	0.02848	0.01802	0.07249	0.70275	0.01132	0.01874	0.00770	0.00383	0.00630
111	0.01684	0.01746	0.03031	0.02186	0.02853	0.04530	0.37999	0.04467	0.01679	0.02351	0.01371	0.01722	0.01069	0.00588	0.00712	0.00187	0.00941	0.00663	0.00396	0.29827
112	0.07068	0.18536	0.36840	0.01927	0.08519	0.04568	0.01974	0.02153	0.01476	0.02138	0.01295	0.04630	0.01085	0.00754	0.00701	0.00213	0.04258	0.00562	0.00335	0.00968
113	0.00882	0.00634	0.00840	0.01000	0.01055	0.00592	0.00684	0.01019	0.01387	0.01838	0.04024	0.68653	0.06833	0.02202	0.00911	0.00290	0.00425	0.05487	0.00661	0.00583
114	0.01468	0.03409	0.60840	0.02181	0.03181	0.01677	0.12801	0.02259	0.01531	0.02259	0.01303	0.01568	0.00930	0.00665	0.00702	0.00228	0.01075	0.00575	0.00310	0.01038
115	0.02302	0.01670	0.01857	0.01499	0.01940	0.01835	0.01209	0.49358	0.02823	0.06134	0.04433	0.14339	0.02007	0.01129	0.00819	0.00231	0.03752	0.00902	0.00695	0.01066
116	0.00868	0.00620	0.00826	0.00991	0.01033	0.00578	0.00661	0.00991	0.01363	0.01818	0.03925	0.74510	0.04710	0.02231	0.00909	0.00289	0.00413	0.02024	0.00661	0.00578
117	0.02558	0.13072	0.02248	0.01752	0.02151	0.62803	0.01355	0.02748	0.01941	0.01734	0.01086	0.01265	0.00917	0.00717	0.00617	0.00179	0.01214	0.00448	0.00359	0.00837
118	0.00862	0.00660	0.00792	0.00891	0.01008	0.00589	0.00618	0.01013	0.01477	0.01887	0.07121	0.48046	0.28369	0.02053	0.00883	0.00270	0.00392	0.01814	0.00665	0.00589
119	0.01771	0.01530	0.01610	0.01449	0.01852	0.01771	0.01127	0.03784	0.69247	0.02979	0.02898	0.02657	0.02174	0.00966	0.00725	0.00242	0.00564	0.00805	0.00725	0.01127
120	0.01345	0.01266	0.02136	0.73264	0.04904	0.01582	0.01978	0.01819	0.01424	0.01819	0.01266	0.01898	0.00949	0.00712	0.00712	0.00237	0.00949	0.00633	0.00316	0.00791
121	0.01327	0.00664	0.00664	0.00664	0.00830	0.00664	0.00498	0.01659	0.01493	0.02655	0.02323	0.02655	0.01825	0.00830	0.00498	0.00166	0.00332	0.00664	0.78928	0.00664
122	0.00974	0.00754	0.00891	0.00852	0.01055	0.00685	0.00640	0.01313	0.04262	0.02520	0.44831	0.05783	0.29705	0.01565	0.00836	0.00231	0.00353	0.01349	0.00737	0.00662
123	0.01762	0.01692	0.02890	0.04371	0.70533	0.01692	0.02185	0.02185	0.01621	0.02326	0.01339	0.01762	0.01128	0.00634	0.00705	0.00211	0.00846	0.00634	0.00352	0.01128
124	0.00891	0.00665	0.00835	0.00955	0.01057	0.00608	0.00677	0.01053	0.01468	0.01902	0.06669	0.50636	0.19999	0.02084	0.00898	0.00279	0.00421	0.07646	0.00664	0.00593
125	0.01885	0.01553	0.01650	0.01457	0.01876	0.01779	0.01141	0.08417	0.62301	0.05307	0.02810	0.02581	0.02091	0.00955	0.00723	0.00239	0.00581	0.00790	0.00729	0.01136
126	0.01904	0.75404	0.03731	0.01218	0.01828	0.02818	0.01218	0.02132	0.01447	0.01675	0.00990	0.01142	0.00914	0.00609	0.00457	0.00152	0.00761	0.00381	0.00305	0.00914
127	0.15715	0.18291	0.07645	0.01442	0.04693	0.01926	0.01236	0.20672	0.01956	0.02871	0.05275	0.02061	0.04381	0.05393	0.00853	0.00236	0.03304	0.00623	0.00495	0.00932
128	0.76786	0.01403	0.01092	0.00966	0.01412	0.01623	0.00795	0.04845	0.01301	0.03249	0.01021	0.01180	0.00789	0.00669	0.00452	0.00220	0.00561	0.00396	0.00452	0.00789
129	0.00868	0.00620	0.00826	0.00991	0.01033	0.00578	0.00661	0.00991	0.01363	0.01818	0.03925	0.74510	0.04710	0.02231	0.00909	0.00289	0.00413	0.02024	0.00661	0.00578
130	0.01528	0.01615	0.03292	0.05818	0.11786	0.01546	0.43442	0.02014	0.01611	0.02188	0.01904	0.13471	0.01772	0.00921	0.00834	0.00248	0.00999	0.03693	0.00416	0.00902
131	0.01635	0.01714	0.05348	0.12719	0.05314	0.01696	0.36095	0.07180	0.01699	0.02338	0.01596	0.04242	0.01320	0.00806	0.00915	0.00244	0.06845	0.03506	0.03876	0.00912
132	0.00877	0.00705	0.00782	0.00800	0.00993	0.00611	0.00586	0.01077	0.01653	0.02080	0.18436	0.18018	0.47264	0.01811	0.00853	0.00246	0.00365	0.01551	0.00684	0.00611
133	0.00886	0.00631	0.00839	0.00999	0.01045	0.00593	0.00676	0.01015	0.01366	0.01818	0.03865	0.69271	0.04615	0.04491	0.00997	0.00303	0.00433	0.04925	0.00654	0.00577
134	0.01458	0.01270	0.01966	0.01612	0.01947	0.03606	0.18009	0.03983	0.04442	0.05359	0.06768	0.17653	0.06699	0.04601	0.04175	0.00303	0.05041	0.03063	0.03986	0.04059
135	0.01866	0.04106	0.02789	0.06108	0.57908	0.08056	0.02048	0.04485	0.01704	0.02312	0.01318	0.01703	0.01100	0.00653	0.00692	0.00208	0.00884	0.00611	0.00363	0.01087
136	0.01327	0.00664	0.00664	0.00664	0.00830	0.00664	0.00498	0.01659	0.01493	0.02655	0.02323	0.02655	0.01825	0.00830	0.00498	0.00166	0.00332	0.00664	0.78928	0.00664
137	0.02239	0.01636	0.01783	0.01438	0.01883	0.01773	0.01151	0.49499	0.02793	0.03781	0.02116	0.14169	0.01873	0.03646	0.00831	0.00238	0.00690	0.00883	0.04125	0.03453
138	0.05954	0.01666	0.01786	0.01411	0.01864	0.01820	0.01128	0.48674	0.02737	0.06764	0.01836	0.02253	0.01471	0.13608	0.01195	0.00295	0.00735	0.00701	0.03062	0.01040
139	0.00867	0.00623	0.00823	0.00983	0.01031	0.00579	0.00657	0.00992	0.01371	0.01821	0.04024	0.72473	0.06683	0.02218	0.00907	0.00288	0.00412	0.02009	0.00661	0.00579
140	0.01638	0.01869	0.06258	0.10465	0.11940	0.01782	0.46366	0.02185	0.01604	0.02202	0.01373	0.01861	0.01057	0.00658	0.00895	0.00240	0.05534	0.00768	0.00349	0.00956
141	0.02394	0.01886	0.02015	0.04593	0.02227	0.04271	0.01336	0.46292	0.18160	0.03847	0.01915	0.01914	0.01400	0.00884	0.00771	0.00224	0.03378	0.00672	0.00673	0.01147
142	0.00868	0.00620	0.00826	0.00991	0.01033	0.00578	0.00661	0.00991	0.01363	0.01818	0.03925	0.74510	0.04710	0.02231	0.00909	0.00289	0.00413	0.02024	0.00661	0.00578
143	0.02660	0.03394	0.02018	0.01834	0.02201	0.72116	0.01376	0.02843	0.02018	0.01743	0.01101	0.01284	0.00917	0.00734	0.00642	0.00183	0.01284	0.00459	0.00367	0.00825
144	0.00868	0.00620	0.00826	0.00991	0.01033	0.00578	0.00661	0.00991	0.01363	0.01818	0.03925	0.74510	0.04710	0.02231	0.00909	0.00289	0.00413	0.02024	0.00661	0.00578
145	0.01017	0.00763	0.01144	0.01144	0.01272	0.00890	0.00890	0.01272	0.01144	0.01653	0.01907	0.02797	0.01780	0.05340	0.72153	0.01144	0.01907	0.00763	0.00381	0.00636
146	0.03195	0.01212	0.01652	0.01267	0.01818	0.01047	0.01047	0.03470	0.02038	0.71026	0.02809	0.02424	0.01763	0.00881	0.00716	0.00220	0.00606	0.00716	0.00881	0.01212
147	0.00925	0.03922	0.00962	0.00985	0.01068	0.00686	0.00683	0.01075	0.01435	0.01910	0.09964	0.62905	0.06700	0.02076	0.00881	0.00276	0.00420	0.01869	0.00657	0.00602
148	0.02707	0.01995	0.02137	0.01638	0.02208	0.02208	0.01353	0.68159	0.03348	0.04488	0.01710	0.01710	0.01211	0.00855	0.00712	0.00214	0.00784	0.00641	0.00712	0.01211
149	0.19607	0.01737	0.01759	0.01422	0.01923	0.01947	0.01160	0.40096	0.14499	0.03857	0.01927	0.01910	0.03363	0.00860	0.00658	0.00221	0.00680	0.00639	0.00653	0.01080
150	0.00999	0.00675	0.00788	0.00824	0.00833	0.00666	0.00482	0.01026	0.01108	0.01477	0.02613	0.20024	0.03055	0.58974	0.03027	0.00602	0.00629	0.01253	0.00482	0.00464
151	0.01771	0.01530	0.01610	0.01449	0.01852	0.01771	0.01127	0.03784	0.69247	0.02979	0.02898	0.02657	0.02174	0.00966	0.00725	0.00242	0.00564	0.00805	0.00725	0.01127
152	0.01904	0.75404	0.03731	0.01218	0.01828	0.02818	0.01218	0.02132	0.01447	0.01675	0.00990	0.01142	0.00914	0.00609	0.00457	0.00152	0.00761	0.00381	0.00305	0.00914
153	0.01565	0.02769	0.41875	0.02360	0.17508	0.04546	0.02170	0.02179	0.01596	0.05110	0.04720	0.04576	0.04284	0.00815	0.00705	0.00223	0.00915	0.00683	0.00388	0.01013
154	0.03053	0.01200	0.01620	0.01256	0.01785	0.01053	0.01032	0.03386	0.04139	0.65879	0.05795	0.02559	0.01995	0.00909	0.00722	0.00221	0.00593	0.00744	0.00872	0.01185
155	0.01017	0.00763	0.01144	0.01144	0.01272	0.00890	0.00890	0.01272	0.01144	0.01653	0.01907	0.02797	0.01780	0.05340	0.72153	0.01144	0.01907	0.00763	0.00381	0.00636
156	0.01722	0.01670	0.02639	0.13578	0.53495	0.04682	0.02045	0.02199	0.04191	0.02249	0.01463	0.02012	0.01237	0.00708	0.00714	0.00219	0.00862	0.02890	0.00373	0.01052
157	0.01910	0.01960	0.02539	0.08061	0.46230	0.15588	0.01921	0.04595	0.01749	0.02243	0.01445	0.02046	0.01254	0.00746	0.00710	0.00215	0.00926	0.04460	0.00384	0.01021
158	0.00866	0.00715	0.00752	0.00774	0.00983	0.00613	0.00574	0.01040	0.01575	0.01900	0.06554	0.12739	0.58595	0.05067	0.00976	0.00268	0.00393	0.04373	0.00651	0.00594
159	0.05803	0.01850	0.01960	0.01522	0.02050	0.02045	0.01253	0.59458	0.03093	0.04270	0.01735	0.01771	0.01248	0.00844	0.00682	0.00210	0.00733	0.00632	0.07699	0.01144
160	0.01118	0.00927	0.01101	0.08552	0.01560	0.05267	0.00873	0.04109	0.01537	0.01993	0.07516	0.54914	0.04056	0.01871	0.00859	0.00270	0.00535	0.01676	0.00617	0.00649
161	0.00868	0.00620	0.00826	0.00991	0.01033	0.00578	0.00661	0.00991	0.01363	0.01818	0.03925	0.74510	0.04710	0.02231	0.00909	0.00289	0.00413	0.02024	0.00661	0.00578
162	0.02376	0.01407	0.01657	0.01304	0.01821	0.01372	0.01057	0.17827	0.12542	0.27733	0.05455	0.02447	0.04665	0.00892	0.00695	0.00203	0.00604	0.00720	0.00727	0.14495
163	0.05106	0.12656	0.04777	0.13859	0.02487	0.07357	0.03927	0.01934	0.01310	0.01832	0.01044	0.01527	0.00930	0.00955	0.01463	0.00256	0.36868	0.00571	0.00323	0.00820
164	0.00868	0.00620	0.00826	0.00991	0.01033	0.00578	0.00661	0.00991	0.01363	0.01818	0.03925	0.74510	0.04710	0.02231	0.00909	0.00289	0.00413	0.02024	0.00661	0.00578
165	0.01497	0.01522	0.05051	0.36234	0.24805	0.01591	0.06694	0.02045	0.05146	0.02095	0.01714	0.02154	0.04862	0.00752	0.00725	0.00229	0.00886	0.00701	0.00371	0.00926
166	0.01028	0.00694	0.00791	0.00791	0.00804	0.00696	0.00455	0.01045	0.01060	0.01410	0.02393	0.04652	0.04781	0.69568	0.06484	0.00695	0.00732	0.01039	0.00437	0.00446
167	0.00873	0.00624	0.00831	0.00988	0.01034	0.00582	0.00661	0.01005	0.01388	0.01857	0.06451	0.71871	0.04786	0.02201	0.00906	0.00287	0.00410	0.01996	0.00666	0.00582
