[name]
unknown

[dist]
# distance from previous block
# <min> <max>
10	13

[block]
# block no. 0 follows, 28 sequences, length 57
# corresponding to MSA columns:
# 13-69
name=unknown_A
#
# <colnr> <probs for GDERKNQSTAVLIFYWHMCP>
#	G	D	E	R	K	N	Q	S	T	A	V	L	I	F	Y	W	H	M	C	P
0	0.02361	0.01696	0.01867	0.01503	0.01991	0.01857	0.01220	0.40977	0.15049	0.08987	0.06418	0.02433	0.03968	0.01224	0.04774	0.00279	0.00768	0.00766	0.00726	0.01134
1	0.01756	0.13548	0.03732	0.07175	0.07417	0.04298	0.40343	0.02233	0.01613	0.02131	0.01320	0.01767	0.01051	0.00689	0.00913	0.00234	0.07754	0.00723	0.00351	0.00951
2	0.00906	0.00672	0.00822	0.00918	0.01014	0.00614	0.00623	0.01050	0.01471	0.01915	0.09355	0.46254	0.20327	0.09100	0.01174	0.00318	0.00431	0.01787	0.00661	0.00588
3	0.03122	0.01208	0.01632	0.01261	0.01805	0.01042	0.01038	0.03398	0.02056	0.66453	0.03128	0.02736	0.05732	0.00954	0.00738	0.00226	0.00604	0.00778	0.00887	0.01201
4	0.00972	0.00700	0.00918	0.01054	0.01130	0.00674	0.00747	0.01190	0.03424	0.01971	0.07583	0.54537	0.04633	0.06341	0.01090	0.00319	0.00474	0.10959	0.00669	0.00615
5	0.02917	0.01789	0.02029	0.01555	0.02131	0.01888	0.01285	0.47725	0.03004	0.24936	0.02092	0.01971	0.01410	0.00881	0.00728	0.00220	0.00744	0.00678	0.00780	0.01236
6	0.04342	0.00869	0.01053	0.00956	0.01130	0.00826	0.00646	0.01773	0.01375	0.20481	0.02561	0.10302	0.02544	0.45144	0.02520	0.00519	0.00650	0.01036	0.00588	0.00685
7	0.01943	0.74891	0.03809	0.01244	0.01866	0.02876	0.01244	0.02177	0.01477	0.01710	0.01011	0.01166	0.00933	0.00622	0.00466	0.00155	0.00777	0.00389	0.00311	0.00933
8	0.79588	0.01406	0.01068	0.00956	0.01406	0.01631	0.00787	0.02137	0.01237	0.03261	0.01012	0.01181	0.00787	0.00675	0.00450	0.00225	0.00562	0.00394	0.00450	0.00787
9	0.03261	0.01237	0.01687	0.01293	0.01856	0.01068	0.01068	0.03543	0.02081	0.70423	0.02868	0.02474	0.01799	0.00900	0.00731	0.00225	0.00619	0.00731	0.00900	0.01237
10	0.00978	0.00722	0.00874	0.00866	0.01011	0.00661	0.00615	0.01204	0.01727	0.02331	0.36814	0.13702	0.20335	0.13375	0.01322	0.00317	0.00416	0.01412	0.00699	0.00619
11	0.00901	0.00655	0.00837	0.00963	0.01033	0.00606	0.00648	0.01040	0.01443	0.01907	0.08318	0.58296	0.12013	0.06365	0.01077	0.00309	0.00427	0.01902	0.00669	0.00590
12	0.79588	0.01406	0.01068	0.00956	0.01406	0.01631	0.00787	0.02137	0.01237	0.03261	0.01012	0.01181	0.00787	0.00675	0.00450	0.00225	0.00562	0.00394	0.00450	0.00787
13	0.01241	0.00795	0.01023	0.01016	0.01181	0.00753	0.00734	0.01575	0.05609	0.09110	0.30262	0.31459	0.05078	0.05476	0.01012	0.00280	0.00433	0.01506	0.00739	0.00718
14	0.06913	0.01284	0.01559	0.01277	0.01760	0.01253	0.01030	0.03322	0.19445	0.42521	0.05544	0.02837	0.05975	0.00986	0.00730	0.00232	0.00579	0.00804	0.00816	0.01133
15	0.00913	0.00654	0.00868	0.00994	0.01060	0.00609	0.00677	0.01081	0.01519	0.02058	0.16516	0.60894	0.05199	0.02126	0.00914	0.00282	0.00407	0.01923	0.00699	0.00609
16	0.03261	0.01237	0.01687	0.01293	0.01856	0.01068	0.01068	0.03543	0.02081	0.70423	0.02868	0.02474	0.01799	0.00900	0.00731	0.00225	0.00619	0.00731	0.00900	0.01237
17	0.01030	0.00757	0.01072	0.01081	0.01208	0.00840	0.00820	0.01267	0.01252	0.01783	0.04807	0.08175	0.06345	0.08696	0.53234	0.00953	0.01555	0.00944	0.03546	0.00633
18	0.07174	0.01181	0.01410	0.01170	0.01586	0.01144	0.00937	0.08775	0.08370	0.29806	0.17765	0.03580	0.11706	0.01142	0.00758	0.00230	0.00535	0.00943	0.00788	0.00998
19	0.03168	0.01258	0.01684	0.01305	0.01858	0.01116	0.01074	0.03563	0.06342	0.66106	0.02874	0.02489	0.01826	0.00905	0.00732	0.00226	0.00616	0.00737	0.00889	0.01232
20	0.01005	0.00736	0.00929	0.00890	0.01056	0.00675	0.00656	0.01303	0.01931	0.02681	0.56103	0.07966	0.14024	0.05624	0.01018	0.00259	0.00369	0.01353	0.00761	0.00660
21	0.11130	0.01370	0.02043	0.57771	0.04327	0.01672	0.01812	0.07524	0.01595	0.02264	0.01296	0.01828	0.00970	0.00733	0.00693	0.00238	0.00904	0.00616	0.00373	0.00842
22	0.02467	0.01819	0.01951	0.01558	0.02074	0.02020	0.01267	0.46274	0.19214	0.06149	0.02112	0.02058	0.01529	0.00900	0.00718	0.00223	0.00714	0.00699	0.05071	0.01184
23	0.01317	0.00793	0.00942	0.00899	0.01090	0.00715	0.00635	0.01473	0.01559	0.12804	0.10793	0.15450	0.24684	0.21677	0.01629	0.00374	0.00506	0.01333	0.00658	0.00669
24	0.01040	0.00795	0.01072	0.11964	0.01633	0.00823	0.00843	0.01282	0.03706	0.01899	0.09119	0.36764	0.06583	0.17369	0.01475	0.00365	0.00562	0.01501	0.00584	0.00620
25	0.01707	0.05764	0.02702	0.13808	0.48473	0.01726	0.02016	0.02224	0.05499	0.02288	0.01581	0.02231	0.01361	0.00761	0.00725	0.00225	0.00845	0.04610	0.00393	0.01059
26	0.01022	0.00715	0.00915	0.00944	0.00991	0.00747	0.00623	0.01122	0.01148	0.01571	0.02481	0.16089	0.02765	0.41100	0.23817	0.00775	0.01033	0.01146	0.00465	0.00530
27	0.02285	0.01603	0.02118	0.08736	0.20402	0.03915	0.01515	0.13099	0.12549	0.19915	0.02078	0.02219	0.01532	0.03743	0.00844	0.00244	0.00764	0.00707	0.00615	0.01117
28	0.02810	0.01592	0.01876	0.01469	0.02005	0.01643	0.01206	0.32148	0.07243	0.32277	0.02318	0.02185	0.01577	0.01153	0.04762	0.00277	0.00773	0.00706	0.00782	0.01197
29	0.02159	0.01945	0.01862	0.01665	0.04205	0.12326	0.01266	0.19632	0.37834	0.03215	0.04528	0.02319	0.01898	0.00928	0.00727	0.00229	0.00744	0.00737	0.00672	0.01111
30	0.02668	0.02085	0.02074	0.01628	0.02163	0.08754	0.01328	0.57126	0.03167	0.04194	0.01726	0.01766	0.01248	0.00859	0.00706	0.00212	0.00819	0.00638	0.05675	0.01163
31	0.02762	0.01867	0.02067	0.01758	0.06534	0.05838	0.01345	0.39517	0.07001	0.20698	0.02043	0.01968	0.01417	0.00865	0.00724	0.00220	0.00773	0.00673	0.00727	0.01203
32	0.03245	0.01263	0.01703	0.01306	0.01869	0.01107	0.01079	0.05650	0.02125	0.68253	0.02831	0.02450	0.01781	0.00899	0.00731	0.00225	0.00625	0.00728	0.00894	0.01237
33	0.00885	0.00637	0.00839	0.01001	0.01051	0.00591	0.00670	0.01013	0.01402	0.01860	0.04140	0.71318	0.07383	0.02260	0.00925	0.00293	0.00420	0.02045	0.00675	0.00591
34	0.06145	0.01741	0.02156	0.38463	0.07952	0.12603	0.01771	0.04211	0.01554	0.02030	0.01211	0.01721	0.00972	0.00822	0.00990	0.00243	0.13614	0.00603	0.00353	0.00846
35	0.01774	0.01867	0.07346	0.04250	0.62851	0.01729	0.05005	0.02240	0.01650	0.02368	0.01368	0.01789	0.01135	0.00649	0.00724	0.00218	0.00892	0.00649	0.00357	0.01139
36	0.00879	0.00718	0.00776	0.00802	0.01004	0.00616	0.00586	0.01066	0.01643	0.02026	0.12135	0.19018	0.52427	0.01889	0.00871	0.00253	0.00376	0.01612	0.00686	0.00616
37	0.01833	0.04935	0.02510	0.33035	0.16308	0.12737	0.05969	0.07606	0.01757	0.02190	0.01306	0.01755	0.01027	0.00734	0.00766	0.00226	0.03383	0.00621	0.00374	0.00930
38	0.04576	0.27072	0.05181	0.11084	0.13111	0.10985	0.11824	0.02241	0.01623	0.02042	0.03131	0.01635	0.01160	0.00682	0.00641	0.00200	0.00942	0.00575	0.00355	0.00939
39	0.03198	0.01338	0.01749	0.01341	0.01906	0.01218	0.01108	0.11613	0.02249	0.62114	0.02726	0.02382	0.01728	0.00896	0.00731	0.00224	0.00641	0.00721	0.00878	0.01237
40	0.01570	0.01251	0.01480	0.01085	0.01692	0.00953	0.00862	0.01879	0.01533	0.06134	0.01534	0.05686	0.01329	0.00657	0.00571	0.00125	0.00536	0.00541	0.00471	0.70110
41	0.02148	0.02055	0.13085	0.01759	0.02350	0.01849	0.07491	0.35072	0.06829	0.05469	0.01847	0.03836	0.01420	0.01438	0.09609	0.00346	0.00996	0.00720	0.00590	0.01091
42	0.00975	0.00697	0.00908	0.00943	0.01051	0.00650	0.00663	0.01208	0.01722	0.02388	0.38908	0.31999	0.05737	0.07414	0.01104	0.00291	0.00401	0.01587	0.00724	0.00630
43	0.06297	0.01877	0.02433	0.18448	0.11619	0.07978	0.09705	0.22852	0.06472	0.02983	0.01543	0.01816	0.01160	0.00764	0.00722	0.00226	0.00917	0.00657	0.00498	0.01031
44	0.01050	0.00773	0.00993	0.00917	0.01118	0.00699	0.00691	0.01386	0.02013	0.02851	0.63564	0.05266	0.08723	0.01446	0.00840	0.00222	0.00355	0.01273	0.00775	0.05044
45	0.02782	0.01912	0.02097	0.01605	0.02187	0.02064	0.01325	0.57354	0.03187	0.12637	0.01868	0.01827	0.01300	0.00865	0.00721	0.00215	0.00769	0.00656	0.00738	0.03891
46	0.01943	0.74891	0.03809	0.01244	0.01866	0.02876	0.01244	0.02177	0.01477	0.01710	0.01011	0.01166	0.00933	0.00622	0.00466	0.00155	0.00777	0.00389	0.00311	0.00933
47	0.00901	0.00658	0.00884	0.03372	0.01182	0.00625	0.00715	0.01041	0.01404	0.01860	0.04042	0.69091	0.07106	0.02210	0.00919	0.00292	0.00438	0.02000	0.00663	0.00598
48	0.01373	0.01292	0.02180	0.72707	0.05006	0.01615	0.02019	0.01857	0.01453	0.01857	0.01292	0.01938	0.00969	0.00727	0.00727	0.00242	0.00969	0.00646	0.00323	0.00807
49	0.02658	0.06127	0.02260	0.01650	0.02196	0.02247	0.01376	0.57380	0.03114	0.06487	0.01691	0.01727	0.01220	0.00885	0.00819	0.00221	0.05425	0.00641	0.00683	0.01191
50	0.00914	0.00686	0.00847	0.00917	0.01043	0.00620	0.00646	0.01108	0.01623	0.02143	0.20924	0.39916	0.22023	0.01971	0.00893	0.00266	0.00389	0.01745	0.00706	0.00620
51	0.00904	0.00682	0.00869	0.03112	0.01160	0.00633	0.00689	0.01067	0.01494	0.01947	0.08854	0.52802	0.18959	0.02085	0.00902	0.00278	0.00422	0.01859	0.00672	0.00608
52	0.02248	0.11144	0.09069	0.01518	0.02147	0.06664	0.01360	0.28722	0.04558	0.06674	0.01566	0.01640	0.01173	0.00747	0.00646	0.00187	0.00786	0.00558	0.00554	0.18039
53	0.01893	0.18648	0.15535	0.01463	0.02047	0.01708	0.03341	0.11764	0.01900	0.11296	0.08658	0.08820	0.02087	0.01111	0.03110	0.00244	0.00784	0.00780	0.00540	0.04270
54	0.07264	0.15761	0.06975	0.01703	0.05989	0.07286	0.01413	0.31183	0.05847	0.03268	0.01501	0.01594	0.01144	0.00766	0.00642	0.00200	0.00814	0.00562	0.00540	0.05550
55	0.04535	0.22810	0.11647	0.04241	0.02502	0.06609	0.11172	0.14780	0.04213	0.02568	0.01353	0.01562	0.01063	0.00721	0.00700	0.00204	0.03293	0.00567	0.00429	0.05033
56	0.04723	0.30095	0.11590	0.01533	0.02168	0.04396	0.01470	0.26275	0.02199	0.02917	0.01329	0.01454	0.01043	0.00746	0.00656	0.00195	0.03012	0.00517	0.00474	0.03207

[dist]
# distance from previous block
# <min> <max>
1	18

[block]
# block no. 1 follows, 28 sequences, length 19
# corresponding to MSA columns:
# 88-106
name=unknown_B
#
# <colnr> <probs for GDERKNQSTAVLIFYWHMCP>
#	G	D	E	R	K	N	Q	S	T	A	V	L	I	F	Y	W	H	M	C	P
0	0.04500	0.31480	0.06269	0.01606	0.02138	0.04799	0.08836	0.11230	0.04330	0.02338	0.01746	0.01919	0.06383	0.00844	0.00811	0.00209	0.08563	0.00622	0.00427	0.00948
1	0.09522	0.23878	0.11478	0.03920	0.02226	0.03941	0.07496	0.07370	0.03275	0.07952	0.01480	0.01681	0.01151	0.00880	0.02851	0.00235	0.03335	0.00562	0.05811	0.00957
2	0.27299	0.02070	0.18662	0.04408	0.07737	0.01623	0.12434	0.04170	0.01595	0.09532	0.03114	0.01722	0.01172	0.00716	0.00652	0.00229	0.00840	0.00598	0.00452	0.00973
3	0.01644	0.04003	0.05353	0.19026	0.31634	0.01558	0.01811	0.03485	0.03618	0.04281	0.06806	0.04203	0.01688	0.00793	0.00715	0.00216	0.00798	0.00717	0.00431	0.07220
4	0.00889	0.00694	0.00807	0.00871	0.01023	0.00612	0.00618	0.01066	0.01590	0.02022	0.12711	0.34810	0.35732	0.01985	0.00888	0.00264	0.00388	0.01733	0.00688	0.00612
5	0.01020	0.00743	0.00960	0.00906	0.01081	0.00682	0.00679	0.01355	0.02037	0.02867	0.66413	0.05508	0.10012	0.01504	0.00857	0.00229	0.00344	0.01326	0.00794	0.00682
6	0.00971	0.00738	0.00876	0.00843	0.01029	0.00662	0.00622	0.01234	0.01848	0.02476	0.43015	0.05935	0.28666	0.06638	0.01054	0.00267	0.00377	0.01374	0.00731	0.00644
7	0.00993	0.00733	0.00927	0.00897	0.01068	0.00668	0.00666	0.01295	0.01945	0.02691	0.55201	0.11267	0.15747	0.01602	0.00863	0.00237	0.00353	0.01408	0.00772	0.00668
8	0.01505	0.01408	0.02346	0.59290	0.04587	0.01703	0.07032	0.06411	0.01594	0.02077	0.01322	0.01911	0.00997	0.00752	0.00810	0.00244	0.04143	0.00663	0.00354	0.00850
9	0.79588	0.01406	0.01068	0.00956	0.01406	0.01631	0.00787	0.02137	0.01237	0.03261	0.01012	0.01181	0.00787	0.00675	0.00450	0.00225	0.00562	0.00394	0.00450	0.00787
10	0.01773	0.01403	0.01734	0.07280	0.02089	0.03456	0.05750	0.10343	0.24075	0.08224	0.11767	0.10896	0.05719	0.01160	0.00784	0.00242	0.00647	0.01008	0.00678	0.00971
11	0.01029	0.00743	0.00972	0.00914	0.01086	0.00686	0.00686	0.01372	0.02058	0.02915	0.69536	0.05430	0.06859	0.01486	0.00857	0.00229	0.00343	0.01315	0.00800	0.00686
12	0.01613	0.10568	0.43738	0.05036	0.13015	0.03870	0.07694	0.02282	0.01574	0.02222	0.01291	0.01579	0.00973	0.00674	0.00686	0.00221	0.01028	0.00566	0.00323	0.01047
13	0.02567	0.01323	0.01641	0.01290	0.01818	0.01231	0.01046	0.08141	0.12192	0.39519	0.07135	0.02502	0.02052	0.00893	0.00710	0.00209	0.00594	0.00731	0.00780	0.13626
14	0.01750	0.01677	0.02862	0.12296	0.62468	0.01714	0.02207	0.02188	0.01632	0.02315	0.01359	0.01815	0.01130	0.00657	0.00720	0.00219	0.00876	0.00647	0.00356	0.01112
15	0.02335	0.01734	0.01888	0.01477	0.01978	0.01864	0.01197	0.49823	0.02898	0.03916	0.05279	0.02334	0.04115	0.05882	0.03353	0.00275	0.00773	0.00731	0.00674	0.07471
16	0.09111	0.01369	0.01653	0.01312	0.01822	0.01341	0.01072	0.13827	0.07959	0.42499	0.08221	0.02520	0.02091	0.00934	0.00719	0.00226	0.00617	0.00748	0.00812	0.01146
17	0.18799	0.00958	0.01064	0.00980	0.01249	0.00967	0.00755	0.01790	0.04588	0.08423	0.39659	0.08893	0.06579	0.01301	0.00756	0.00233	0.00430	0.01099	0.00715	0.00764
18	0.05668	0.48917	0.16880	0.01667	0.07405	0.04893	0.01591	0.02229	0.01511	0.01958	0.01101	0.01295	0.00940	0.00645	0.00537	0.00180	0.00851	0.00441	0.00323	0.00968

[dist]
# distance from previous block
# <min> <max>
10	17

[block]
# block no. 2 follows, 28 sequences, length 28
# corresponding to MSA columns:
# 125-138,146-159
name=unknown_C
#
# <colnr> <probs for GDERKNQSTAVLIFYWHMCP>
#	G	D	E	R	K	N	Q	S	T	A	V	L	I	F	Y	W	H	M	C	P
0	0.01705	0.01886	0.08961	0.07096	0.02853	0.01839	0.22768	0.08323	0.01645	0.02351	0.01299	0.01732	0.01044	0.00829	0.01209	0.00243	0.21409	0.00673	0.00388	0.11747
1	0.06627	0.09890	0.49022	0.01895	0.02741	0.06833	0.02242	0.02273	0.01510	0.02222	0.01214	0.01467	0.00917	0.00740	0.00805	0.00228	0.07531	0.00518	0.00322	0.01001
2	0.02382	0.01828	0.01947	0.01575	0.02084	0.02050	0.01274	0.42900	0.26655	0.03978	0.02196	0.02118	0.01605	0.00912	0.00725	0.00227	0.00707	0.00715	0.02931	0.01190
3	0.56494	0.01400	0.01297	0.01263	0.05875	0.03220	0.00940	0.02254	0.01379	0.11051	0.01344	0.01529	0.01028	0.01133	0.06923	0.00309	0.00732	0.00487	0.00491	0.00853
4	0.01707	0.47521	0.22977	0.01464	0.02165	0.02325	0.01611	0.02108	0.01486	0.01895	0.01366	0.07842	0.01279	0.00791	0.00573	0.00190	0.00832	0.00583	0.00343	0.00943
5	0.01730	0.08253	0.02921	0.16958	0.49711	0.01813	0.03940	0.02159	0.01603	0.02216	0.01324	0.01773	0.01096	0.00659	0.00702	0.00216	0.00886	0.00630	0.00349	0.01062
6	0.26846	0.01289	0.01496	0.01189	0.01717	0.01242	0.00982	0.03108	0.01820	0.49670	0.02294	0.02075	0.01487	0.00830	0.00644	0.00225	0.00601	0.00627	0.00761	0.01098
7	0.01000	0.00721	0.00946	0.00934	0.01080	0.00667	0.00684	0.01299	0.01923	0.02700	0.56248	0.19330	0.06443	0.01647	0.00872	0.00242	0.00359	0.01467	0.00775	0.00667
8	0.00881	0.00737	0.00766	0.00759	0.00995	0.00623	0.00569	0.01085	0.01708	0.02085	0.15314	0.06795	0.61599	0.01796	0.00859	0.00243	0.00365	0.01506	0.00691	0.00623
9	0.00894	0.00691	0.00817	0.00884	0.01029	0.00613	0.00625	0.01075	0.01594	0.02046	0.14423	0.36669	0.32063	0.01987	0.00890	0.00265	0.00389	0.01741	0.00692	0.00613
10	0.01657	0.02072	0.10456	0.02844	0.03553	0.01802	0.55655	0.02254	0.01658	0.02282	0.01513	0.04279	0.01200	0.00707	0.00919	0.00249	0.04706	0.00856	0.00370	0.00967
11	0.01421	0.01378	0.02386	0.60954	0.04669	0.01680	0.08260	0.01895	0.01454	0.01895	0.01285	0.01915	0.00981	0.00755	0.00858	0.00248	0.06150	0.00666	0.00327	0.00823
12	0.01883	0.01574	0.01740	0.08318	0.02204	0.01803	0.01242	0.14757	0.46956	0.03140	0.02826	0.02702	0.05630	0.00988	0.00743	0.00241	0.00641	0.00815	0.00694	0.01103
13	0.01724	0.01938	0.04161	0.03198	0.10154	0.01828	0.61028	0.02319	0.01710	0.02333	0.01461	0.01945	0.01108	0.00616	0.00845	0.00242	0.01191	0.00838	0.00367	0.00997
14	0.01875	0.01477	0.01717	0.07975	0.04683	0.01669	0.01242	0.03484	0.50821	0.09379	0.05565	0.02700	0.02223	0.00963	0.00742	0.00242	0.00616	0.00812	0.00706	0.01108
15	0.01206	0.00701	0.00825	0.00840	0.00972	0.00729	0.00616	0.01473	0.01380	0.02255	0.02406	0.09373	0.02192	0.09187	0.18400	0.00479	0.00779	0.00864	0.44683	0.00640
16	0.00947	0.00758	0.00852	0.00863	0.01062	0.00683	0.00633	0.01245	0.04924	0.02204	0.20131	0.18927	0.40561	0.01803	0.00866	0.00251	0.00383	0.01551	0.00705	0.00651
17	0.01039	0.00776	0.01152	0.01152	0.01277	0.00900	0.00889	0.01288	0.01164	0.01676	0.01962	0.02936	0.01852	0.08380	0.68693	0.01149	0.01894	0.00791	0.00392	0.00640
18	0.02607	0.09493	0.02253	0.01771	0.02199	0.46122	0.01393	0.17852	0.02282	0.02425	0.01251	0.01411	0.01007	0.00790	0.00731	0.00197	0.04314	0.00512	0.00449	0.00941
19	0.17301	0.03283	0.56571	0.01846	0.02793	0.01676	0.02301	0.02269	0.01474	0.02497	0.01245	0.01463	0.00894	0.00687	0.00642	0.00229	0.00970	0.00508	0.00336	0.01016
20	0.01263	0.00631	0.00947	0.00947	0.00947	0.00631	0.00631	0.00947	0.00947	0.01263	0.01263	0.02210	0.01263	0.02525	0.02841	0.78851	0.00631	0.00631	0.00316	0.00316
21	0.01614	0.01538	0.02616	0.34115	0.41714	0.01678	0.02139	0.02069	0.01568	0.02150	0.01335	0.01859	0.01072	0.00682	0.00723	0.00227	0.00909	0.00647	0.00344	0.01002
22	0.56308	0.08471	0.01505	0.08609	0.01877	0.01766	0.00996	0.02279	0.07831	0.02943	0.01231	0.01408	0.00960	0.00705	0.00509	0.00222	0.00627	0.00461	0.00451	0.00839
23	0.00961	0.00669	0.00823	0.00909	0.00943	0.00642	0.00573	0.01043	0.01280	0.01704	0.05391	0.40768	0.05936	0.32555	0.02088	0.00464	0.00537	0.01603	0.00580	0.00531
24	0.01055	0.00707	0.00804	0.00801	0.00812	0.00704	0.00456	0.01077	0.01121	0.01506	0.06613	0.04800	0.02914	0.69763	0.03517	0.00674	0.00681	0.01074	0.00464	0.00456
25	0.55886	0.01560	0.01835	0.03656	0.02063	0.01717	0.14351	0.06838	0.01497	0.03123	0.01166	0.01403	0.00889	0.00678	0.00561	0.00229	0.00726	0.00514	0.00449	0.00859
26	0.01384	0.00780	0.01067	0.01030	0.01095	0.00799	0.00715	0.07979	0.01251	0.01671	0.01580	0.09137	0.01604	0.02327	0.02432	0.62914	0.00629	0.00773	0.00394	0.00440
27	0.01929	0.01524	0.01657	0.01442	0.01880	0.01698	0.01133	0.07968	0.52551	0.07868	0.02724	0.02557	0.02033	0.01111	0.03379	0.00269	0.00643	0.00777	0.00717	0.06142

[dist]
# distance from previous block
# <min> <max>
0	1

[block]
# block no. 3 follows, 28 sequences, length 6
# corresponding to MSA columns:
# 161-166
name=unknown_D
#
# <colnr> <probs for GDERKNQSTAVLIFYWHMCP>
#	G	D	E	R	K	N	Q	S	T	A	V	L	I	F	Y	W	H	M	C	P
0	0.17412	0.54408	0.03090	0.01205	0.01776	0.02543	0.01145	0.02303	0.06768	0.02125	0.01166	0.01292	0.01006	0.00661	0.00485	0.00177	0.00718	0.00424	0.00373	0.00921
1	0.01060	0.00873	0.01150	0.01155	0.01232	0.00975	0.00857	0.01221	0.01391	0.01897	0.08521	0.35759	0.13430	0.05389	0.06045	0.00364	0.15963	0.01497	0.00579	0.00642
2	0.07606	0.01257	0.02005	0.60854	0.04402	0.01556	0.01825	0.01832	0.01412	0.01955	0.01326	0.01956	0.01027	0.01126	0.06754	0.00320	0.01020	0.00637	0.00339	0.00792
3	0.02431	0.01320	0.01567	0.01265	0.01667	0.01325	0.00981	0.19897	0.05971	0.29774	0.02413	0.02930	0.01909	0.21412	0.01558	0.00358	0.00688	0.00807	0.00716	0.01010
4	0.01026	0.00804	0.01056	0.01254	0.06271	0.00749	0.00872	0.01260	0.01616	0.02093	0.10329	0.26526	0.24543	0.01891	0.00903	0.00278	0.00490	0.16713	0.00661	0.00666
5	0.00978	0.00683	0.00823	0.00881	0.00927	0.00655	0.00555	0.01066	0.01305	0.01738	0.08924	0.30676	0.08154	0.36774	0.02246	0.00483	0.00547	0.01485	0.00573	0.00528

[dist]
# distance from previous block
# <min> <max>
3	5

[block]
# block no. 4 follows, 28 sequences, length 21
# corresponding to MSA columns:
# 176-196
name=unknown_E
#
# <colnr> <probs for GDERKNQSTAVLIFYWHMCP>
#	G	D	E	R	K	N	Q	S	T	A	V	L	I	F	Y	W	H	M	C	P
0	0.01214	0.00763	0.01073	0.05440	0.01347	0.00791	0.00824	0.01284	0.05532	0.01655	0.02280	0.16500	0.02422	0.05104	0.02003	0.40427	0.00618	0.09754	0.00464	0.00504
1	0.01592	0.01539	0.02308	0.38373	0.23765	0.05343	0.01885	0.02022	0.01554	0.02080	0.01305	0.01802	0.01037	0.00678	0.00694	0.00212	0.00895	0.00606	0.00352	0.11957
2	0.01638	0.09245	0.34104	0.05003	0.24151	0.01819	0.05982	0.02329	0.04729	0.02294	0.01385	0.01677	0.01068	0.00681	0.00692	0.00221	0.00963	0.00594	0.00348	0.01076
3	0.01785	0.01935	0.03532	0.11181	0.08569	0.06353	0.42090	0.05321	0.01734	0.02300	0.01391	0.01864	0.01074	0.00702	0.00935	0.00243	0.06889	0.00765	0.00375	0.00961
4	0.16627	0.07211	0.42388	0.01904	0.05076	0.01719	0.06075	0.02342	0.01525	0.06852	0.01344	0.01541	0.00972	0.00691	0.00645	0.00225	0.00931	0.00537	0.00378	0.01018
5	0.02730	0.01843	0.02038	0.01571	0.02143	0.01974	0.01293	0.50279	0.06897	0.15128	0.01977	0.01909	0.01378	0.00868	0.00720	0.00216	0.00745	0.00666	0.00742	0.04883
6	0.02207	0.13654	0.02293	0.07248	0.05740	0.02073	0.01364	0.25105	0.22773	0.07138	0.02008	0.02008	0.01495	0.00845	0.00688	0.00219	0.00733	0.00666	0.00623	0.01122
7	0.02139	0.01580	0.01721	0.01411	0.01811	0.01725	0.01106	0.41837	0.07891	0.03594	0.05623	0.09488	0.02176	0.13051	0.01239	0.00308	0.00707	0.00904	0.00680	0.01009
8	0.01130	0.00848	0.01035	0.01106	0.01259	0.00848	0.00831	0.03989	0.08181	0.02128	0.04058	0.33207	0.12520	0.08588	0.01165	0.00328	0.00530	0.16909	0.00660	0.00679
9	0.01493	0.01466	0.02233	0.62770	0.09931	0.06137	0.01996	0.01954	0.01508	0.01893	0.01287	0.01887	0.00981	0.00722	0.00722	0.00237	0.00983	0.00635	0.00329	0.00837
10	0.01765	0.01361	0.01728	0.01894	0.12377	0.01461	0.01328	0.05328	0.30185	0.08031	0.02926	0.04174	0.02576	0.01231	0.00815	0.00266	0.00661	0.20206	0.00671	0.01015
11	0.01029	0.00743	0.00972	0.00914	0.01086	0.00686	0.00686	0.01372	0.02058	0.02915	0.69536	0.05430	0.06859	0.01486	0.00857	0.00229	0.00343	0.01315	0.00800	0.00686
12	0.01507	0.01292	0.01507	0.01077	0.01723	0.00969	0.00861	0.01830	0.01507	0.02369	0.01292	0.01507	0.01077	0.00538	0.00538	0.00108	0.00538	0.00431	0.00431	0.78898
13	0.01057	0.00705	0.00793	0.00793	0.00793	0.00705	0.00440	0.01057	0.01057	0.01409	0.02290	0.04757	0.02643	0.74454	0.03700	0.00705	0.00705	0.01057	0.00440	0.00440
14	0.00978	0.00741	0.00901	0.00861	0.01055	0.00664	0.00646	0.01273	0.01937	0.02628	0.50763	0.05903	0.25810	0.01593	0.00858	0.00234	0.00351	0.01381	0.00762	0.00664
15	0.00888	0.00662	0.00827	0.00945	0.01040	0.00601	0.00648	0.01040	0.01490	0.01943	0.08663	0.55067	0.19269	0.02134	0.00908	0.00280	0.00405	0.01904	0.00682	0.00601
16	0.07292	0.00819	0.00980	0.00910	0.01134	0.00769	0.00693	0.01492	0.01932	0.06255	0.51133	0.05186	0.15814	0.01447	0.00819	0.00231	0.00378	0.01246	0.00758	0.00711
17	0.10942	0.23514	0.43521	0.01705	0.02577	0.02016	0.02052	0.02247	0.01483	0.02250	0.01187	0.01389	0.00908	0.00669	0.00599	0.00209	0.00929	0.00478	0.00325	0.01000
18	0.32135	0.01688	0.06115	0.01809	0.13844	0.04613	0.01281	0.07511	0.05823	0.09642	0.07501	0.01959	0.01625	0.00803	0.00625	0.00223	0.00687	0.00612	0.00536	0.00966
19	0.48423	0.13788	0.01729	0.03217	0.01704	0.05932	0.01008	0.04549	0.04332	0.02808	0.01161	0.01359	0.00940	0.00852	0.02593	0.00243	0.03633	0.00453	0.00434	0.00844
20	0.03785	0.01541	0.02837	0.25238	0.11520	0.01610	0.25234	0.04652	0.01690	0.02325	0.08245	0.02261	0.01647	0.00814	0.00845	0.02707	0.00957	0.00782	0.00411	0.00899

[dist]
# distance from previous block
# <min> <max>
1	5

[block]
# block no. 5 follows, 28 sequences, length 29
# corresponding to MSA columns:
# 202-230
name=unknown_F
#
# <colnr> <probs for GDERKNQSTAVLIFYWHMCP>
#	G	D	E	R	K	N	Q	S	T	A	V	L	I	F	Y	W	H	M	C	P
0	0.01937	0.45441	0.17154	0.01606	0.04919	0.02469	0.01592	0.10544	0.04246	0.02271	0.01251	0.01398	0.01026	0.00682	0.00566	0.00185	0.00837	0.00479	0.00381	0.01017
1	0.01078	0.00783	0.01059	0.01045	0.01121	0.00883	0.00750	0.01238	0.01134	0.01614	0.02045	0.03514	0.02093	0.31199	0.40949	0.00928	0.04540	0.00875	0.02575	0.00577
2	0.00995	0.00727	0.00934	0.00914	0.01073	0.00666	0.00673	0.01294	0.01931	0.02687	0.55154	0.15226	0.11760	0.01627	0.00867	0.00239	0.00356	0.01439	0.00772	0.00666
3	0.01382	0.03889	0.01214	0.01060	0.01308	0.09469	0.00805	0.01705	0.04376	0.06534	0.31484	0.12098	0.18960	0.01471	0.00814	0.00232	0.00517	0.01250	0.00693	0.00739
4	0.01082	0.00804	0.01032	0.00933	0.01157	0.00718	0.00706	0.01423	0.01996	0.02854	0.61896	0.04991	0.06211	0.01380	0.00822	0.00215	0.00365	0.01216	0.00759	0.09442
5	0.02661	0.08651	0.02195	0.01817	0.02219	0.63134	0.01392	0.05972	0.02083	0.01909	0.01145	0.01321	0.00951	0.00746	0.00645	0.00186	0.01247	0.00471	0.00387	0.00868
6	0.01116	0.00795	0.01076	0.01212	0.01351	0.00785	0.01005	0.01387	0.01588	0.02074	0.05884	0.14195	0.06301	0.10123	0.01289	0.00366	0.00629	0.47540	0.00649	0.00635
7	0.01935	0.67175	0.08645	0.01326	0.01973	0.05199	0.01355	0.02211	0.01502	0.01756	0.01036	0.01198	0.00932	0.00631	0.00489	0.00162	0.00818	0.00402	0.00313	0.00940
8	0.79588	0.01406	0.01068	0.00956	0.01406	0.01631	0.00787	0.02137	0.01237	0.03261	0.01012	0.01181	0.00787	0.00675	0.00450	0.00225	0.00562	0.00394	0.00450	0.00787
9	0.02799	0.01979	0.02146	0.01646	0.02226	0.02170	0.01359	0.62953	0.03323	0.09258	0.01825	0.01797	0.01276	0.00875	0.00727	0.00219	0.00787	0.00660	0.00739	0.01236
10	0.01685	0.01716	0.02254	0.44064	0.15819	0.12103	0.01892	0.02248	0.07216	0.02036	0.01420	0.01885	0.01101	0.00738	0.00716	0.00230	0.00968	0.00634	0.00372	0.00902
11	0.01621	0.01682	0.02735	0.02193	0.02375	0.02131	0.17796	0.01892	0.01262	0.01892	0.01082	0.01682	0.00991	0.01110	0.02009	0.00300	0.55386	0.00691	0.00330	0.00841
12	0.01753	0.01392	0.01608	0.01183	0.01785	0.01191	0.00955	0.11877	0.01807	0.04929	0.01438	0.01615	0.01146	0.00630	0.00620	0.00136	0.02453	0.00488	0.02958	0.60034
13	0.00901	0.00648	0.00854	0.00992	0.01055	0.00602	0.00672	0.01053	0.01475	0.01978	0.11454	0.64092	0.07179	0.02174	0.00918	0.00286	0.00411	0.01965	0.00689	0.00602
14	0.01507	0.01292	0.01507	0.01077	0.01723	0.00969	0.00861	0.01830	0.01507	0.02369	0.01292	0.01507	0.01077	0.00538	0.00538	0.00108	0.00538	0.00431	0.00431	0.78898
15	0.00886	0.00633	0.00843	0.01012	0.01054	0.00590	0.00675	0.01012	0.01392	0.01856	0.04006	0.73979	0.04808	0.02277	0.00928	0.00295	0.00422	0.02066	0.00675	0.00590
16	0.01581	0.01342	0.01438	0.01308	0.01664	0.01500	0.01011	0.03160	0.50776	0.02901	0.13791	0.03614	0.10486	0.01160	0.00771	0.00244	0.00516	0.00978	0.00742	0.01018
17	0.01808	0.01561	0.01644	0.01479	0.01890	0.01808	0.01151	0.03863	0.68606	0.03041	0.02959	0.02712	0.02219	0.00986	0.00740	0.00247	0.00575	0.00822	0.00740	0.01151
18	0.01213	0.00784	0.01031	0.00946	0.01150	0.00718	0.00718	0.01551	0.02060	0.08497	0.64023	0.05185	0.06440	0.01438	0.00847	0.00228	0.00366	0.01266	0.00808	0.00731
19	0.01038	0.00779	0.01168	0.01168	0.01298	0.00909	0.00909	0.01298	0.01168	0.01687	0.01947	0.02856	0.01817	0.05452	0.71573	0.01168	0.01947	0.00779	0.00389	0.00649
20	0.01805	0.01986	0.02691	0.02178	0.02414	0.13502	0.17213	0.02077	0.01412	0.01892	0.01105	0.01633	0.00987	0.01029	0.01738	0.00279	0.44212	0.00661	0.00339	0.00847
21	0.01687	0.01805	0.02998	0.20008	0.09399	0.07257	0.25031	0.02113	0.01532	0.02039	0.01270	0.01804	0.01027	0.00808	0.01153	0.00254	0.17865	0.00705	0.00345	0.00899
22	0.01013	0.00773	0.01108	0.01427	0.08804	0.00739	0.00893	0.01192	0.01446	0.01942	0.03697	0.60096	0.04343	0.02071	0.00911	0.00290	0.00493	0.07461	0.00639	0.00660
23	0.01674	0.02060	0.09563	0.05384	0.03658	0.01845	0.55092	0.02270	0.01650	0.02270	0.01415	0.01899	0.01073	0.00669	0.00944	0.00249	0.06152	0.00809	0.00358	0.00969
24	0.01386	0.01164	0.01378	0.01064	0.01593	0.00895	0.00825	0.01671	0.01485	0.02269	0.01820	0.15614	0.01803	0.00877	0.00614	0.00144	0.00516	0.00749	0.00478	0.63655
25	0.01111	0.00768	0.00870	0.00840	0.01056	0.00672	0.00615	0.01306	0.01674	0.07718	0.16891	0.11186	0.40773	0.09864	0.01171	0.00296	0.00426	0.01417	0.00689	0.00657
26	0.02323	0.08025	0.02232	0.01890	0.05116	0.40596	0.04004	0.05237	0.11598	0.02135	0.01453	0.01629	0.01178	0.00811	0.00794	0.00208	0.06546	0.00563	0.02742	0.00919
27	0.02655	0.01338	0.01674	0.01282	0.01832	0.01212	0.01048	0.13520	0.02187	0.40837	0.07891	0.02411	0.01985	0.00874	0.00703	0.00201	0.00610	0.00708	0.00772	0.16260
28	0.02516	0.02070	0.02033	0.01629	0.02159	0.09864	0.01315	0.45022	0.15536	0.03868	0.01884	0.01868	0.01381	0.00864	0.00712	0.00215	0.00802	0.00655	0.00676	0.04931

[dist]
# distance from previous block
# <min> <max>
0	3

[block]
# block no. 6 follows, 28 sequences, length 111
# corresponding to MSA columns:
# 234-344
name=unknown_G
#
# <colnr> <probs for GDERKNQSTAVLIFYWHMCP>
#	G	D	E	R	K	N	Q	S	T	A	V	L	I	F	Y	W	H	M	C	P
0	0.01056	0.00707	0.00801	0.00799	0.00807	0.00704	0.00452	0.01072	0.01105	0.01482	0.05528	0.04789	0.02846	0.70940	0.03563	0.00682	0.00687	0.01069	0.00458	0.00452
1	0.00893	0.00640	0.00837	0.00992	0.01039	0.00597	0.00659	0.01015	0.01384	0.01838	0.04036	0.68399	0.06878	0.05738	0.01059	0.00313	0.00434	0.02000	0.00663	0.00584
2	0.01706	0.02031	0.06872	0.03025	0.03774	0.01832	0.64767	0.02327	0.01709	0.02327	0.01464	0.01944	0.01096	0.00616	0.00851	0.00245	0.01220	0.00845	0.00365	0.00984
3	0.03038	0.01242	0.01731	0.01484	0.06377	0.01091	0.01125	0.03333	0.02051	0.62067	0.06513	0.02595	0.02040	0.00916	0.00737	0.00225	0.00619	0.00758	0.00858	0.01200
4	0.00937	0.00668	0.00848	0.00963	0.01023	0.00630	0.00646	0.01063	0.01389	0.01841	0.06843	0.49900	0.08801	0.16045	0.01456	0.00369	0.00481	0.04890	0.00635	0.00571
5	0.01030	0.00696	0.00809	0.00832	0.00846	0.00687	0.00487	0.01066	0.01155	0.01549	0.05785	0.15155	0.03170	0.60133	0.03148	0.00620	0.00645	0.01221	0.00493	0.00475
6	0.62970	0.01260	0.01024	0.00936	0.01295	0.01442	0.00731	0.01917	0.01203	0.02880	0.01270	0.01866	0.01149	0.13691	0.03691	0.00344	0.00639	0.00524	0.00446	0.00722
7	0.01485	0.01405	0.01903	0.01619	0.01765	0.01755	0.01323	0.01679	0.01226	0.01889	0.01357	0.08652	0.01385	0.01362	0.04297	0.00301	0.48184	0.00737	0.00379	0.17297
8	0.01563	0.15256	0.46221	0.04741	0.06138	0.01884	0.02245	0.02206	0.01502	0.02160	0.01237	0.01503	0.00945	0.00705	0.00747	0.00217	0.05187	0.00523	0.00317	0.04703
9	0.01054	0.00774	0.01144	0.01144	0.01276	0.00897	0.00889	0.01317	0.01186	0.01738	0.01968	0.02849	0.01819	0.05226	0.68089	0.01119	0.01868	0.00774	0.04218	0.00650
10	0.01507	0.01292	0.01507	0.01077	0.01723	0.00969	0.00861	0.01830	0.01507	0.02369	0.01292	0.01507	0.01077	0.00538	0.00538	0.00108	0.00538	0.00431	0.00431	0.78898
11	0.01009	0.00742	0.00944	0.00894	0.01074	0.00677	0.00670	0.01334	0.02011	0.02805	0.62319	0.05612	0.14145	0.01527	0.00858	0.00231	0.00346	0.01340	0.00786	0.00677
12	0.79588	0.01406	0.01068	0.00956	0.01406	0.01631	0.00787	0.02137	0.01237	0.03261	0.01012	0.01181	0.00787	0.00675	0.00450	0.00225	0.00562	0.00394	0.00450	0.00787
13	0.00929	0.00666	0.00885	0.01000	0.01077	0.00621	0.00695	0.01114	0.01559	0.02117	0.19470	0.55521	0.05270	0.02081	0.00914	0.00281	0.00412	0.04068	0.00704	0.00616
14	0.00945	0.00730	0.01075	0.01135	0.01236	0.00679	0.05136	0.01115	0.01449	0.01931	0.06369	0.63825	0.07367	0.02118	0.00918	0.00287	0.00470	0.01936	0.00659	0.00621
15	0.01964	0.67712	0.03578	0.01243	0.01838	0.02693	0.01219	0.02201	0.01492	0.05078	0.01147	0.01312	0.01018	0.00868	0.03903	0.00208	0.00826	0.00424	0.00344	0.00934
16	0.01355	0.03121	0.55918	0.01814	0.02703	0.01471	0.02253	0.02082	0.01617	0.02364	0.11327	0.02470	0.06636	0.00884	0.00726	0.00231	0.00921	0.00717	0.00402	0.00987
17	0.01443	0.03656	0.68275	0.02032	0.03075	0.01653	0.02616	0.02270	0.01553	0.02323	0.03666	0.01669	0.01126	0.00718	0.00696	0.00230	0.01049	0.00564	0.00324	0.01061
18	0.01851	0.01825	0.02900	0.04316	0.66117	0.05649	0.02184	0.02269	0.01678	0.02341	0.01354	0.01772	0.01139	0.00653	0.00716	0.00214	0.00889	0.00638	0.00361	0.01134
19	0.00860	0.00733	0.00740	0.00745	0.00984	0.00613	0.00556	0.01042	0.01649	0.01960	0.07264	0.08984	0.67700	0.01854	0.00861	0.00247	0.00370	0.01550	0.00675	0.00613
20	0.00886	0.00633	0.00843	0.01012	0.01054	0.00590	0.00675	0.01012	0.01392	0.01856	0.04006	0.73979	0.04808	0.02277	0.00928	0.00295	0.00422	0.02066	0.00675	0.00590
21	0.01507	0.01292	0.01507	0.01077	0.01723	0.00969	0.00861	0.01830	0.01507	0.02369	0.01292	0.01507	0.01077	0.00538	0.00538	0.00108	0.00538	0.00431	0.00431	0.78898
22	0.01040	0.00794	0.01002	0.01001	0.01199	0.00687	0.00712	0.01247	0.01536	0.02146	0.14550	0.45036	0.06382	0.01763	0.00831	0.00243	0.00431	0.01577	0.00644	0.17178
23	0.79588	0.01406	0.01068	0.00956	0.01406	0.01631	0.00787	0.02137	0.01237	0.03261	0.01012	0.01181	0.00787	0.00675	0.00450	0.00225	0.00562	0.00394	0.00450	0.00787
24	0.01705	0.01618	0.02742	0.10936	0.58919	0.01646	0.02106	0.02136	0.01662	0.02360	0.05931	0.02056	0.01516	0.00712	0.00730	0.00219	0.00839	0.00692	0.00386	0.01086
25	0.01802	0.45862	0.28002	0.01573	0.02348	0.05535	0.01774	0.02255	0.01524	0.01928	0.01122	0.01306	0.00929	0.00653	0.00556	0.00184	0.00909	0.00446	0.00312	0.00980
26	0.00889	0.00727	0.00784	0.00792	0.01006	0.00623	0.00586	0.01093	0.01695	0.02105	0.16965	0.13334	0.53223	0.01827	0.00866	0.00248	0.00369	0.01551	0.00695	0.00623
27	0.02171	0.01870	0.01839	0.01571	0.02029	0.08105	0.01241	0.22592	0.43449	0.03385	0.02438	0.02302	0.01815	0.00932	0.00729	0.00233	0.00707	0.00741	0.00704	0.01149
28	0.03261	0.01237	0.01687	0.01293	0.01856	0.01068	0.01068	0.03543	0.02081	0.70423	0.02868	0.02474	0.01799	0.00900	0.00731	0.00225	0.00619	0.00731	0.00900	0.01237
29	0.01023	0.00743	0.00964	0.00909	0.01082	0.00683	0.00681	0.01361	0.02044	0.02883	0.67450	0.05482	0.08965	0.01498	0.00857	0.00229	0.00344	0.01322	0.00796	0.00683
30	0.79588	0.01406	0.01068	0.00956	0.01406	0.01631	0.00787	0.02137	0.01237	0.03261	0.01012	0.01181	0.00787	0.00675	0.00450	0.00225	0.00562	0.00394	0.00450	0.00787
31	0.01027	0.00820	0.00926	0.00940	0.01134	0.00782	0.00683	0.01467	0.10608	0.02216	0.15780	0.23826	0.31159	0.04084	0.00951	0.00271	0.00417	0.01529	0.00696	0.00686
32	0.03341	0.00725	0.00757	0.00735	0.00927	0.00727	0.00559	0.01762	0.01541	0.05618	0.04025	0.02736	0.01957	0.01034	0.03199	0.00212	0.00417	0.00693	0.68331	0.00704
33	0.07868	0.02138	0.01992	0.01597	0.02096	0.13485	0.01281	0.47946	0.02887	0.03817	0.01630	0.01839	0.01252	0.05816	0.00898	0.00246	0.00861	0.00633	0.00631	0.01087
34	0.01333	0.00950	0.01096	0.01045	0.01195	0.00972	0.00724	0.14272	0.01726	0.02311	0.07836	0.26457	0.05488	0.29039	0.01922	0.00427	0.00596	0.01334	0.00606	0.00670
35	0.01980	0.02215	0.05747	0.12209	0.35406	0.18870	0.06356	0.04493	0.01785	0.02229	0.01314	0.01694	0.01065	0.00690	0.00713	0.00215	0.01018	0.00613	0.00369	0.01020
36	0.02604	0.13782	0.02313	0.01782	0.02192	0.61617	0.01381	0.02798	0.01976	0.01769	0.01107	0.01290	0.00936	0.00731	0.00628	0.00183	0.01234	0.00457	0.00365	0.00856
37	0.79588	0.01406	0.01068	0.00956	0.01406	0.01631	0.00787	0.02137	0.01237	0.03261	0.01012	0.01181	0.00787	0.00675	0.00450	0.00225	0.00562	0.00394	0.00450	0.00787
38	0.00991	0.00785	0.00896	0.00861	0.01080	0.00713	0.00648	0.01352	0.05512	0.02469	0.36278	0.06027	0.36499	0.01628	0.00852	0.00238	0.00368	0.01392	0.00737	0.00677
39	0.01497	0.01116	0.01339	0.01059	0.01532	0.00885	0.00808	0.01754	0.01495	0.07736	0.02006	0.15275	0.01957	0.07077	0.00891	0.00202	0.00537	0.00810	0.00515	0.51508
40	0.01439	0.03624	0.67551	0.02020	0.03053	0.01643	0.02596	0.02260	0.01558	0.02330	0.04375	0.01710	0.01188	0.00726	0.00698	0.00230	0.01041	0.00572	0.00329	0.01057
41	0.00872	0.00737	0.00754	0.00750	0.00990	0.00619	0.00562	0.01068	0.01687	0.02036	0.12086	0.06877	0.64857	0.01814	0.00859	0.00244	0.00366	0.01517	0.00685	0.00619
42	0.01772	0.01683	0.02827	0.04221	0.64558	0.01691	0.02147	0.02257	0.04021	0.02390	0.01531	0.02108	0.01320	0.00718	0.00733	0.00222	0.00845	0.03438	0.00387	0.01131
43	0.02801	0.01975	0.02144	0.01644	0.02224	0.02164	0.01358	0.62638	0.03316	0.09582	0.01830	0.01801	0.01279	0.00875	0.00727	0.00219	0.00786	0.00660	0.00740	0.01236
44	0.01414	0.00735	0.00741	0.00720	0.00906	0.00744	0.00545	0.04472	0.01604	0.02789	0.02345	0.02669	0.01837	0.00848	0.00517	0.00171	0.00358	0.00677	0.75206	0.00701
45	0.01867	0.02067	0.10304	0.06006	0.36714	0.04022	0.15915	0.09580	0.01858	0.02567	0.01414	0.01789	0.01113	0.00676	0.00745	0.00224	0.00974	0.00675	0.00396	0.01094
46	0.01915	0.70684	0.07764	0.01293	0.01941	0.02806	0.01329	0.02184	0.01480	0.01745	0.01028	0.01188	0.00932	0.00626	0.00480	0.00160	0.00795	0.00397	0.00311	0.00941
47	0.00900	0.00639	0.00839	0.00994	0.01032	0.00600	0.00655	0.01016	0.01364	0.01818	0.03862	0.68172	0.04626	0.08333	0.01160	0.00330	0.00445	0.01982	0.00655	0.00578
48	0.01507	0.01292	0.01507	0.01077	0.01723	0.00969	0.00861	0.01830	0.01507	0.02369	0.01292	0.01507	0.01077	0.00538	0.00538	0.00108	0.00538	0.00431	0.00431	0.78898
49	0.01066	0.00805	0.01165	0.01151	0.01257	0.00940	0.00876	0.01286	0.01151	0.01653	0.01949	0.03055	0.01890	0.14562	0.59314	0.01068	0.04982	0.00810	0.00393	0.00627
50	0.01057	0.00705	0.00793	0.00793	0.00793	0.00705	0.00440	0.01057	0.01057	0.01409	0.02290	0.04757	0.02643	0.74454	0.03700	0.00705	0.00705	0.01057	0.00440	0.00440
51	0.00914	0.00653	0.00875	0.01044	0.01098	0.00614	0.00723	0.01060	0.01419	0.01887	0.03991	0.67560	0.04747	0.02251	0.00935	0.00299	0.00446	0.08210	0.00674	0.00598
52	0.02585	0.01902	0.02035	0.01588	0.02121	0.02106	0.01298	0.58366	0.07421	0.04298	0.01868	0.01946	0.01372	0.03209	0.00812	0.00233	0.00762	0.00679	0.04218	0.01180
53	0.01639	0.31822	0.32937	0.01597	0.02351	0.05058	0.01816	0.02131	0.01531	0.01997	0.01652	0.06499	0.04495	0.00827	0.00624	0.00204	0.00888	0.00625	0.00354	0.00953
54	0.01125	0.00837	0.01197	0.01459	0.06514	0.00822	0.01081	0.01403	0.01596	0.02114	0.05791	0.28133	0.04234	0.01973	0.00954	0.00310	0.00596	0.38526	0.00652	0.00682
55	0.02035	0.06587	0.01912	0.01508	0.01972	0.01982	0.01210	0.18297	0.49202	0.03304	0.02551	0.02387	0.01908	0.00936	0.00718	0.00234	0.00640	0.00755	0.00708	0.01156
56	0.01799	0.01727	0.02950	0.04462	0.69919	0.01727	0.02231	0.02231	0.01655	0.02375	0.01367	0.01799	0.01151	0.00648	0.00720	0.00216	0.00864	0.00648	0.00360	0.01151
57	0.01863	0.63174	0.14826	0.01380	0.02077	0.02681	0.01481	0.02197	0.01486	0.01808	0.01059	0.01227	0.00931	0.00633	0.00503	0.00168	0.00826	0.00413	0.00310	0.00956
58	0.01716	0.02032	0.08458	0.03293	0.17747	0.01805	0.49183	0.02306	0.01691	0.02336	0.01438	0.01898	0.01101	0.00625	0.00817	0.00238	0.01139	0.00792	0.00362	0.01023
59	0.01143	0.00817	0.01139	0.01306	0.01461	0.00812	0.01122	0.01457	0.01646	0.02144	0.03864	0.14694	0.04245	0.02035	0.00996	0.00331	0.00645	0.58811	0.00670	0.00662
60	0.00929	0.00719	0.00848	0.00859	0.01036	0.00637	0.00627	0.01163	0.01759	0.02308	0.30580	0.19471	0.32871	0.01790	0.00872	0.00249	0.00369	0.01554	0.00723	0.00637
61	0.01170	0.04281	0.08970	0.01095	0.01373	0.00879	0.00943	0.01486	0.01747	0.05661	0.31682	0.25426	0.09313	0.01593	0.00837	0.00247	0.00483	0.01400	0.00682	0.00733
62	0.01857	0.62195	0.15747	0.01392	0.02094	0.02664	0.01501	0.02199	0.01487	0.01816	0.01063	0.01232	0.00931	0.00634	0.00506	0.00169	0.00830	0.00415	0.00310	0.00958
63	0.00886	0.00633	0.00843	0.01012	0.01054	0.00590	0.00675	0.01012	0.01392	0.01856	0.04006	0.73979	0.04808	0.02277	0.00928	0.00295	0.00422	0.02066	0.00675	0.00590
64	0.02301	0.04603	0.06292	0.01349	0.01834	0.01318	0.01184	0.13401	0.04755	0.29403	0.11062	0.03528	0.05419	0.01126	0.00772	0.00237	0.00646	0.08980	0.00749	0.01043
65	0.01368	0.06882	0.07026	0.01228	0.01464	0.04637	0.05317	0.04040	0.01345	0.01753	0.02158	0.03688	0.05364	0.43841	0.02545	0.00506	0.04860	0.00907	0.00428	0.00644
66	0.01694	0.01638	0.02798	0.19533	0.40975	0.01722	0.09444	0.02317	0.08201	0.02317	0.01518	0.01939	0.01209	0.00695	0.00739	0.00228	0.00900	0.00688	0.00390	0.01054
67	0.01942	0.01615	0.01715	0.01506	0.01937	0.01849	0.01189	0.14063	0.55951	0.03262	0.02791	0.02730	0.02123	0.01000	0.00746	0.00245	0.00615	0.02837	0.00735	0.01149
68	0.01985	0.01921	0.02723	0.07696	0.51217	0.09090	0.02032	0.09969	0.01894	0.02543	0.01382	0.01749	0.01129	0.00689	0.00714	0.00215	0.00909	0.00630	0.00403	0.01110
69	0.01131	0.00822	0.01040	0.01099	0.05660	0.00754	0.00730	0.01379	0.01764	0.05228	0.34113	0.05407	0.23570	0.12635	0.01277	0.00305	0.00452	0.01269	0.00684	0.00682
70	0.00933	0.00701	0.00872	0.00996	0.01090	0.00662	0.00682	0.01177	0.05209	0.01939	0.04469	0.59564	0.14736	0.02137	0.00907	0.00285	0.00422	0.01914	0.00678	0.00625
71	0.01014	0.00692	0.00830	0.00888	0.00910	0.00679	0.00551	0.01070	0.01190	0.01583	0.02878	0.24978	0.03359	0.49354	0.02741	0.00565	0.00621	0.05080	0.00522	0.00497
72	0.01233	0.00637	0.00931	0.00938	0.00939	0.00635	0.00619	0.00958	0.00972	0.01296	0.01444	0.05102	0.01500	0.07956	0.02834	0.69985	0.00629	0.00718	0.00339	0.00335
73	0.23357	0.01769	0.01823	0.01434	0.01978	0.01941	0.01184	0.42146	0.02670	0.12343	0.01688	0.01684	0.01186	0.00823	0.00654	0.00221	0.00714	0.00594	0.00674	0.01116
